Barcode,Topic 1,Topic 2,Topic 3,Topic 4,Topic 5,Topic 6,Topic 7,Topic 8,Topic 9
AAACAACGAATAGTTC-1,0.001049,0.001049,0.001049,0.001049,0.001049,0.001049,0.001049,0.001049,0.991608
AAACAAGTATCTCCCA-1,0.092163,0.032893,0.026049,0.01397,0.20365,0.260293,0.107269,0.201901,0.061813
AAACAATCTACTAGCA-1,0.140811,0.102655,0.11559,0.145219,0.327477,0.017952,0.063983,0.068029,0.018283
AAACACCAATAACTGC-1,0.116341,0.150315,0.231782,0.215568,0.049281,0.055315,0.047894,0.103319,0.030184
AAACAGAGCGACTCCT-1,0.165056,0.033396,0.155441,0.085897,0.155841,0.278525,0.107012,0.003212,0.015621
AAACAGCTTTCAGAAG-1,0.070953,0.117818,0.046462,0.141506,0.16501,0.034206,0.222686,0.155226,0.046133
AAACAGGGTCTATATT-1,0.439441,0.071917,0.01632,0.266008,0.025975,0.006725,0.090224,0.006666,0.076725
AAACATGGTGAGAGGA-1,0.161502,0.163147,0.178747,0.227041,0.019687,0.045879,0.104875,0.059089,0.040034
AAACATTTCCCGGATT-1,0.066933,0.119519,0.071298,0.021903,0.230457,0.093017,0.053445,0.299578,0.04385
AAACCCGAACGAAATC-1,0.002224,0.002224,0.002224,0.002224,0.002224,0.002224,0.002224,0.002224,0.982209
AAACCGGAAATGTTAA-1,0.00016,0.312274,0.00016,0.00016,0.00016,0.00016,0.00016,0.00016,0.68661
AAACCGGGTAGGTACC-1,0.240025,0.036875,0.094886,0.352573,0.112076,0.023044,0.103512,0.021113,0.015894
AAACCGTTCGTCCAGG-1,0.056717,0.492202,0.177991,0.186628,0.001623,0.008938,0.007687,0.033893,0.034322
AAACCTAAGCAGCCGG-1,0.066847,0.035851,0.112035,0.059193,0.293711,0.122021,0.046763,0.246268,0.017311
AAACCTCATGAAGTTG-1,0.171487,0.053693,0.079623,0.577277,0.01887,0.004974,0.057729,0.033432,0.002915
AAACGAAGAACATACC-1,0.000034,0.000034,0.000034,0.000034,0.000034,0.000034,0.000034,0.007382,0.99238
AAACGAAGATGGAGTA-1,0.008151,0.003448,0.000809,0.000017,0.312349,0.522299,0.043038,0.045822,0.064066
AAACGAGACGGTTGAT-1,0.000097,0.13715,0.009078,0.034498,0.000097,0.306492,0.003384,0.00372,0.505484
AAACGCTGGGCACGAC-1,0.00006,0.246248,0.014031,0.058177,0.00006,0.00006,0.00006,0.00006,0.681247
AAACGGGCGTACGGGT-1,0.140222,0.006409,0.012778,0.011825,0.20958,0.297831,0.221118,0.028477,0.071761
AAACGGGTTGGTATCC-1,0.34695,0.098717,0.014148,0.35621,0.005745,0.000049,0.06449,0.00569,0.108
AAACGGTTGCGAACTG-1,0.065486,0.065749,0.444479,0.172762,0.030659,0.081691,0.074175,0.031254,0.033745
AAACGTGTTCGCCCTA-1,0.128229,0.092768,0.209609,0.053043,0.072509,0.179813,0.09294,0.083288,0.0878
AAACTAACGTGGCGAC-1,0.110747,0.079034,0.320132,0.23119,0.053024,0.084737,0.044906,0.058992,0.017239
AAACTCGGTTCGCAAT-1,0.099061,0.187149,0.358322,0.119326,0.010125,0.035008,0.012505,0.165192,0.013313
AAACTCGTGATATAAG-1,0.061609,0.193501,0.018088,0.156073,0.152726,0.03345,0.050836,0.065578,0.268138
AAACTGCTGGCTCCAA-1,0.031486,0.322637,0.092721,0.06784,0.010274,0.032846,0.032685,0.133451,0.276059
AAACTTAATTGCACGC-1,0.085865,0.071594,0.109713,0.105947,0.236088,0.167467,0.068628,0.126781,0.027918
AAACTTGCAAACGTAT-1,0.125068,0.035004,0.066051,0.108146,0.241654,0.104336,0.232954,0.020265,0.066521
AAAGAATGACCTTAGA-1,0.067677,0.101829,0.088854,0.406019,0.000018,0.001529,0.010875,0.321933,0.001267
AAAGAATGTGGACTAA-1,0.177698,0.090067,0.104293,0.096029,0.10568,0.14782,0.191737,0.082536,0.00414
AAAGACCCAAGTCGCG-1,0.035775,0.497526,0.305993,0.131657,0.000033,0.000033,0.001552,0.008542,0.018889
AAAGACTGGGCGCTTT-1,0.174223,0.01182,0.049216,0.281731,0.083704,0.031465,0.358613,0.005424,0.003803
AAAGCTTGCCTACATA-1,0.193272,0.143916,0.150939,0.387677,0.001525,0.004813,0.055035,0.010318,0.052506
AAAGGCCCTATAATAC-1,0.092185,0.070357,0.093667,0.14184,0.062045,0.304536,0.055145,0.137834,0.04239
AAAGGCTACGGACCAT-1,0.041702,0.122836,0.098664,0.055484,0.269151,0.132431,0.064479,0.173793,0.04146
AAAGGCTCTCGCGCCG-1,0.089166,0.022971,0.157388,0.131329,0.113553,0.295959,0.155878,0.015364,0.018392
AAAGGGATGTAGCAAG-1,0.072419,0.099326,0.156865,0.140688,0.114857,0.147135,0.116861,0.073269,0.07858
AAAGGGCAGCTTGAAT-1,0.212878,0.035698,0.075154,0.049515,0.129987,0.023084,0.268282,0.021536,0.183867
AAAGGTAAGCTGTACC-1,0.154091,0.029697,0.234751,0.162405,0.049315,0.13594,0.156551,0.032707,0.044543
AAAGTAGCATTGCTCA-1,0.029344,0.23108,0.029018,0.207101,0.006643,0.006403,0.015515,0.032313,0.442583
AAAGTCACTGATGTAA-1,0.128545,0.177129,0.084955,0.075663,0.09847,0.111927,0.076826,0.069074,0.17741
AAAGTCGACCCTCAGT-1,0.242251,0.021575,0.08256,0.531397,0.010585,0.000365,0.110483,0.000761,0.000024
AAAGTGCCATCAATTA-1,0.009594,0.522663,0.031815,0.056094,0.000048,0.000048,0.000048,0.046711,0.332979
AAAGTGTGATTTATCT-1,0.025582,0.415005,0.085187,0.073695,0.106951,0.170997,0.021532,0.042368,0.058683
AAAGTTGACTCCCGTA-1,0.000125,0.336721,0.002688,0.266169,0.000125,0.000125,0.000125,0.000125,0.3938
AAATAACCATACGGGA-1,0.035649,0.063635,0.058183,0.046663,0.04862,0.027722,0.086431,0.067134,0.565963
AAATAAGGTAGTGCCC-1,0.069742,0.066178,0.070808,0.121269,0.031518,0.073985,0.272249,0.066396,0.227854
AAATACCTATAAGCAT-1,0.047185,0.105738,0.07021,0.165685,0.272333,0.024013,0.076887,0.061767,0.17618
AAATAGCTTAGACTTT-1,0.004276,0.004277,0.004276,0.004276,0.004276,0.004276,0.004276,0.004276,0.96579
AAATAGGGTGCTATTG-1,0.150615,0.066314,0.403424,0.335386,0.002124,0.015208,0.023643,0.002221,0.001065
AAATCCGATACACGCC-1,0.047445,0.03953,0.063219,0.024677,0.135632,0.493225,0.117192,0.04599,0.03309
AAATCGCGGAAGGAGT-1,0.136845,0.054382,0.077057,0.120865,0.310096,0.045409,0.091864,0.098385,0.065096
AAATCGTGTACCACAA-1,0.115224,0.120654,0.253815,0.435574,0.000033,0.008384,0.014986,0.004492,0.046838
AAATCTAGCCCTGCTA-1,0.027018,0.270408,0.133455,0.042987,0.026555,0.093761,0.046144,0.263368,0.096303
AAATGATTCGATCAGC-1,0.000579,0.413536,0.000579,0.000579,0.000579,0.000579,0.000579,0.000579,0.58241
AAATGCTCGTTACGTT-1,0.350934,0.041662,0.045845,0.287953,0.022314,0.012202,0.161796,0.002723,0.074569
AAATGGCATGTCTTGT-1,0.285599,0.03869,0.070815,0.120164,0.128661,0.088364,0.067787,0.025974,0.173945
AAATGGCCCGTGCCCT-1,0.415126,0.034227,0.00166,0.023204,0.087315,0.014674,0.126347,0.183124,0.114323
AAATGGTCAATGTGCC-1,0.027103,0.008376,0.034203,0.019786,0.382322,0.224574,0.058619,0.021659,0.223359
AAATGTATCTTATCCC-1,0.000756,0.000756,0.000756,0.123265,0.000756,0.000756,0.000756,0.000756,0.87144
AAATGTGGGTGCTCCT-1,0.198753,0.024847,0.057418,0.079348,0.132645,0.184637,0.200515,0.045348,0.076488
AAATTAACGGGTAGCT-1,0.076687,0.148027,0.301467,0.182804,0.064751,0.118755,0.070249,0.02673,0.010531
AAATTAATAAGCGCGA-1,0.301268,0.031244,0.117366,0.347762,0.021718,0.005454,0.170725,0.002904,0.001559
AAATTACACGACTCTG-1,0.016256,0.063994,0.035524,0.023996,0.342353,0.052672,0.047667,0.102093,0.315446
AAATTACCTATCGATG-1,0.00039,0.146307,0.00039,0.043982,0.00039,0.00039,0.00039,0.00039,0.80737
AAATTCCAGGTCCAAA-1,0.000662,0.055734,0.000662,0.583161,0.000662,0.000662,0.000662,0.000662,0.357134
AAATTGATAGTCCTTT-1,0.013449,0.419889,0.120824,0.231523,0.000729,0.000019,0.005039,0.193918,0.014611
AAATTGCGGCGGTTCT-1,0.000934,0.000934,0.000934,0.2114,0.000934,0.000934,0.000934,0.000934,0.782059
AAATTGGTGAGAAGCA-1,0.035524,0.131867,0.079219,0.020796,0.125072,0.45082,0.053293,0.076664,0.026745
AAATTTACCGAAATCC-1,0.113741,0.074126,0.114707,0.026096,0.086226,0.126592,0.104083,0.028055,0.326373
AAATTTGCGGGTGTGG-1,0.135601,0.165161,0.077047,0.166578,0.117823,0.07991,0.165631,0.048514,0.043736
AACAACTGGTAGTTGC-1,0.018627,0.23803,0.092274,0.038929,0.137394,0.145547,0.216828,0.048326,0.064045
AACAATACATTGTCGA-1,0.088363,0.076126,0.077869,0.080516,0.054006,0.126433,0.032918,0.248966,0.214804
AACAATTACTCTACGC-1,0.16003,0.013915,0.030574,0.793632,0.000026,0.000026,0.001743,0.000026,0.000026
AACACACGCTCGCCGC-1,0.061855,0.0764,0.147194,0.044711,0.065575,0.319755,0.213398,0.030648,0.040465
AACACGACTGTACTGA-1,0.136546,0.09789,0.20488,0.264663,0.043384,0.082759,0.120587,0.011785,0.037506
AACACGAGACGCGGCC-1,0.243559,0.021144,0.02089,0.143532,0.167145,0.04552,0.258545,0.021036,0.078631
AACACGCGGCCGCGAA-1,0.166828,0.316644,0.110822,0.328877,0.000029,0.000029,0.006961,0.019954,0.049856
AACAGCTGTGTGGCAA-1,0.104304,0.033171,0.070426,0.069836,0.265114,0.215951,0.180863,0.035817,0.024518
AACAGGAAATCGAATA-1,0.066887,0.180515,0.291142,0.352467,0.0033,0.020545,0.017984,0.020635,0.046525
AACAGGATGGGCCGCG-1,0.231455,0.011564,0.048168,0.582183,0.003399,0.001398,0.098016,0.000035,0.023783
AACAGGTAGTATGGAT-1,0.002586,0.002586,0.002586,0.002586,0.002586,0.002586,0.002586,0.002586,0.979315
AACATATCAACTGGTG-1,0.00005,0.211214,0.065118,0.022882,0.066618,0.132489,0.005764,0.229307,0.266558
AACATCGATACGTCTA-1,0.095152,0.023324,0.082571,0.047142,0.185406,0.400033,0.049519,0.075306,0.041548
AACATTGAAGTTGATC-1,0.040984,0.03593,0.033805,0.032188,0.117796,0.335541,0.069243,0.313377,0.021136
AACATTGGTCAGCCGT-1,0.000604,0.000604,0.000604,0.000604,0.000604,0.000604,0.000604,0.000604,0.995166
AACATTGTGACTCGAG-1,0.025587,0.356689,0.315027,0.109461,0.005607,0.029216,0.011814,0.080572,0.066027
AACCAAGACTTCTCTG-1,0.515693,0.035164,0.018729,0.059506,0.079049,0.038275,0.099121,0.081437,0.073025
AACCAGTATCACTCTT-1,0.107935,0.216054,0.314454,0.151911,0.020723,0.041206,0.080804,0.006588,0.060325
AACCATAGGGTTGAAC-1,0.079279,0.151087,0.058972,0.058103,0.18196,0.066138,0.090134,0.257354,0.056973
AACCATGGGATCGCTA-1,0.235186,0.056562,0.135139,0.330332,0.028483,0.016515,0.087296,0.019541,0.090947
AACCCAGAGACGGAGA-1,0.074983,0.188389,0.230389,0.165662,0.034422,0.057083,0.110449,0.116909,0.021714
AACCCATCCCATGATC-1,0.036082,0.251501,0.081667,0.098144,0.086925,0.128767,0.18044,0.09913,0.037344
AACCCGACAACCCGTG-1,0.095952,0.111398,0.103965,0.087638,0.079526,0.105087,0.050524,0.337898,0.02801
AACCCGAGCAGAATCG-1,0.091549,0.135298,0.050238,0.028686,0.236373,0.044933,0.082186,0.192472,0.138265
AACCCGATAGGGCTTC-1,0.10002,0.21814,0.049979,0.342134,0.123877,0.000192,0.011904,0.110364,0.043391
AACCCTACTGTCAATA-1,0.000312,0.161356,0.000312,0.257542,0.000312,0.000312,0.000312,0.000312,0.579228
AACCCTGGTGGAACCA-1,0.090983,0.12282,0.246958,0.501588,0.00002,0.000256,0.026174,0.009051,0.00215
AACCGAGCTTGGTCAT-1,0.020521,0.097613,0.018306,0.054632,0.16822,0.090158,0.054612,0.178597,0.317342
AACCGCTAAGGGATGC-1,0.077079,0.428435,0.202851,0.16136,0.002681,0.016395,0.028063,0.036535,0.046601
AACCGTTGTGTTTGCT-1,0.083406,0.027639,0.066482,0.125947,0.162876,0.117206,0.208705,0.012626,0.195112
AACCTCGCTTTAGCCC-1,0.139794,0.01763,0.035274,0.014142,0.250532,0.351837,0.126071,0.041161,0.02356
AACCTGTCACGGAATT-1,0.026034,0.305469,0.091463,0.156231,0.000274,0.0213,0.081335,0.006616,0.311279
AACCTTTAAATACGGT-1,0.008621,0.08358,0.034617,0.01468,0.073791,0.527407,0.047782,0.179061,0.03046
AACCTTTACGACGTCT-1,0.050301,0.047398,0.030725,0.015659,0.145186,0.203509,0.189872,0.19325,0.1241
AACGAAAGTCGTCCCA-1,0.131934,0.108454,0.073105,0.089684,0.099917,0.120254,0.131856,0.094317,0.150481
AACGACCTCCTAGCCG-1,0.11488,0.398391,0.282605,0.119351,0.003173,0.01629,0.016538,0.00161,0.047163
AACGATAATGCCGTAG-1,0.249496,0.19712,0.189206,0.187065,0.008044,0.074449,0.037399,0.010392,0.046829
AACGATAGAAGGGCCG-1,0.042645,0.260588,0.331106,0.164202,0.006418,0.012852,0.026007,0.060305,0.095878
AACGATATGTCAACTG-1,0.016823,0.034712,0.028098,0.012151,0.130936,0.618727,0.071713,0.041351,0.045488
AACGCATGATCTGGGT-1,0.088258,0.037009,0.100787,0.051947,0.174907,0.305372,0.074047,0.117563,0.05011
AACGCGAACGGCAACA-1,0.305631,0.129601,0.036231,0.103393,0.0624,0.031804,0.10144,0.002288,0.227211
AACGCGACCTTGGGCG-1,0.088209,0.066513,0.170474,0.172751,0.073531,0.169794,0.087984,0.131505,0.039239
AACGCGGTCTCCAGCC-1,0.14016,0.143772,0.341604,0.145238,0.010533,0.06293,0.031645,0.022215,0.101902
AACGCTGTTGCTGAAA-1,0.03565,0.070667,0.248207,0.048794,0.190258,0.176894,0.081506,0.092155,0.05587
AACGGACGTACGTATA-1,0.046041,0.126246,0.054137,0.06408,0.189534,0.233465,0.137137,0.056633,0.092727
AACGGCCATCTCCGGT-1,0.057557,0.121537,0.107245,0.468436,0.072444,0.043496,0.070494,0.028378,0.030414
AACGTACTGTGGGTAC-1,0.100989,0.03825,0.03299,0.030289,0.282245,0.289141,0.16814,0.014345,0.043611
AACGTAGTCTACCCAT-1,0.085077,0.082426,0.05345,0.113444,0.265824,0.004229,0.027087,0.351927,0.016535
AACGTCAGACTAGTGG-1,0.124316,0.100874,0.164869,0.501897,0.005805,0.00852,0.050181,0.020982,0.022555
AACGTCGCTGCACTTC-1,0.273487,0.086043,0.196917,0.376558,0.000046,0.001972,0.053148,0.000046,0.011782
AACGTGATGAAGGACA-1,0.069135,0.097991,0.241915,0.085245,0.163813,0.084139,0.194608,0.033825,0.02933
AACGTGCGAAAGTCTC-1,0.054975,0.194286,0.13742,0.129092,0.074983,0.211377,0.14681,0.024309,0.026749
AACGTTATCAGCACCT-1,0.001356,0.001356,0.001356,0.001356,0.001356,0.001356,0.001356,0.001356,0.989152
AACGTTCTACCATTGT-1,0.026334,0.114937,0.114365,0.059546,0.16987,0.088549,0.026966,0.07196,0.327473
AACTACCCGTTTGTCA-1,0.003089,0.97529,0.003089,0.003089,0.003088,0.003089,0.003089,0.003089,0.003089
AACTAGCGTATCGCAC-1,0.143291,0.109008,0.049302,0.068532,0.148338,0.102282,0.250773,0.053153,0.075322
AACTAGGCTTGGGTGT-1,0.10396,0.132511,0.168078,0.117996,0.042089,0.17802,0.018307,0.171064,0.067976
AACTCAAGTTAATTGC-1,0.046583,0.405232,0.029363,0.253846,0.029533,0.000767,0.042546,0.000047,0.192083
AACTCCAGAGCGTGTT-1,0.269549,0.019457,0.077325,0.052337,0.185354,0.240753,0.09236,0.022669,0.040196
AACTCCTAATCCCATG-1,0.083019,0.104257,0.173425,0.084095,0.150335,0.15994,0.157108,0.05807,0.029751
AACTCGATAAACACGT-1,0.001503,0.001503,0.001503,0.001503,0.001503,0.001502,0.001503,0.001503,0.987979
AACTCGATGGCGCAGT-1,0.165959,0.053235,0.112291,0.155474,0.088704,0.0634,0.326811,0.005248,0.028877
AACTCTCAATAGAGCG-1,0.003706,0.003706,0.003706,0.003706,0.003706,0.003706,0.003706,0.003706,0.970353
AACTCTCAGTGTGCTC-1,0.023547,0.344265,0.160118,0.110884,0.093602,0.101292,0.022446,0.095696,0.04815
AACTGAGGTCAGCGTC-1,0.028857,0.388066,0.321993,0.068127,0.005717,0.069221,0.03939,0.031445,0.047186
AACTGAGTTATACTGA-1,0.000122,0.249752,0.000122,0.199878,0.000122,0.000122,0.000122,0.000122,0.549639
AACTGATATTAGGCCT-1,0.075281,0.070485,0.156681,0.10194,0.189699,0.144291,0.204194,0.021478,0.035952
AACTGGGTCCCGACGT-1,0.043529,0.06469,0.350113,0.476955,0.000044,0.000044,0.00447,0.000044,0.06011
AACTGGGTTCGAGCCG-1,0.128006,0.051151,0.32052,0.114843,0.071179,0.252964,0.053075,0.005505,0.002757
AACTGGTGTGGGCCTT-1,0.090952,0.088687,0.231899,0.251015,0.044545,0.091688,0.124475,0.022298,0.054442
AACTTCTGCGTCTATC-1,0.194928,0.034697,0.064583,0.390669,0.122087,0.011404,0.175228,0.001607,0.004798
AACTTGCCCGTATGCA-1,0.266293,0.034564,0.139169,0.429112,0.001752,0.000073,0.110184,0.000041,0.018813
AACTTGCGTTCTCGCG-1,0.190108,0.064918,0.019785,0.157985,0.097071,0.021821,0.347456,0.004169,0.096686
AACTTTACGGGAGCTT-1,0.126857,0.02301,0.043778,0.308379,0.146867,0.004679,0.341384,0.003018,0.002029
AACTTTAGCTGCTGAG-1,0.464213,0.026456,0.028173,0.071417,0.035652,0.120537,0.129472,0.021966,0.102112
AACTTTCTCGATCATG-1,0.073901,0.100166,0.16746,0.58457,0.002502,0.00703,0.028742,0.031244,0.004386
AAGAAATCACCAGATT-1,0.119184,0.171972,0.138525,0.161472,0.052359,0.056486,0.120074,0.016646,0.163282
AAGAAGGATCAGTTAG-1,0.289051,0.04543,0.06645,0.133691,0.069757,0.016625,0.245337,0.010441,0.123217
AAGACATACGTGGTTT-1,0.182697,0.121772,0.108612,0.131621,0.049486,0.011882,0.054252,0.183348,0.156329
AAGACCAAATAACTCA-1,0.191468,0.09013,0.05163,0.093606,0.210991,0.07793,0.18339,0.041464,0.05939
AAGACCCAACTGAACA-1,0.040206,0.007612,0.015958,0.018096,0.554719,0.261465,0.056302,0.031697,0.013945
AAGACTAACCCGTTGT-1,0.056867,0.05224,0.065049,0.053236,0.155835,0.212185,0.298608,0.018283,0.087698
AAGACTGCAAGCTACT-1,0.000026,0.000026,0.000026,0.000026,0.213865,0.696403,0.001225,0.067131,0.021271
AAGAGATGAATCGGTA-1,0.175031,0.161516,0.068151,0.488591,0.002562,0.013694,0.050345,0.001571,0.038537
AAGAGCTCTTTATCGG-1,0.040766,0.102548,0.101188,0.062375,0.106335,0.187153,0.037021,0.205728,0.156887
AAGAGGATGTACGCGA-1,0.111,0.033052,0.033999,0.065434,0.118225,0.041684,0.458951,0.117322,0.020334
AAGAGGCATGGATCGC-1,0.000062,0.292584,0.009555,0.378172,0.000062,0.000062,0.000062,0.000062,0.319379
AAGAGGCCCTTTGGAA-1,0.062426,0.000364,0.008577,0.01311,0.260948,0.239976,0.321541,0.036715,0.056344
AAGATGGCACCGGACC-1,0.041403,0.104527,0.249093,0.071038,0.033325,0.169595,0.029811,0.292291,0.008916
AAGATTGGCGGAACGT-1,0.082168,0.136557,0.058096,0.251601,0.180339,0.036689,0.05879,0.052736,0.143023
AAGCACCCTGCGTATC-1,0.048009,0.093518,0.105235,0.047633,0.159411,0.361318,0.069599,0.08836,0.026916
AAGCATACTCTCCTGA-1,0.106395,0.06484,0.137638,0.060337,0.068852,0.216834,0.101428,0.153448,0.090229
AAGCCGAAGCGGTTTA-1,0.001249,0.030308,0.001249,0.001249,0.001249,0.001249,0.001249,0.001249,0.960947
AAGCCGCCGTGAAATC-1,0.059275,0.074339,0.086622,0.041505,0.145845,0.348548,0.080881,0.10718,0.055805
AAGCCGCTTTACCTTG-1,0.152839,0.181909,0.213602,0.318059,0.009823,0.002907,0.013521,0.039526,0.067813
AAGCCGGAGAGCAGGA-1,0.000212,0.000212,0.000212,0.000212,0.000212,0.000212,0.000212,0.000212,0.998306
AAGCGCAGGGCTTTGA-1,0.045367,0.073098,0.063192,0.020111,0.269301,0.200274,0.041089,0.142393,0.145173
AAGCGGAGTGCGCGCA-1,0.113582,0.144877,0.222927,0.221593,0.089005,0.016237,0.022603,0.128874,0.040303
AAGCGGCGTCATGGGT-1,0.087404,0.136698,0.18335,0.089647,0.187156,0.127061,0.095326,0.056204,0.037156
AAGCGTCCCTCATCGA-1,0.0343,0.181037,0.088192,0.070813,0.141836,0.085208,0.073284,0.192074,0.133256
AAGCTAGATCGAGTAA-1,0.045554,0.042822,0.094033,0.017161,0.218095,0.372412,0.051946,0.047754,0.110223
AAGCTCGTGCCAAGTC-1,0.171957,0.014233,0.022211,0.065546,0.048805,0.286613,0.144204,0.118874,0.127555
AAGCTCTTTCATGGTG-1,0.034671,0.037668,0.050818,0.02395,0.167502,0.433896,0.120174,0.111542,0.01978
AAGGAGAACTTATAAG-1,0.114323,0.162872,0.060572,0.237709,0.123702,0.025807,0.085135,0.021904,0.167975
AAGGAGCGGTTGGTGC-1,0.068876,0.156737,0.294717,0.322204,0.044507,0.022208,0.057109,0.029191,0.004451
AAGGATCGATCGCTTG-1,0.00327,0.00327,0.00327,0.00327,0.00327,0.003271,0.003271,0.003271,0.973837
AAGGATGAGGGACCTC-1,0.042318,0.154324,0.180975,0.177656,0.039838,0.26113,0.043567,0.05962,0.040571
AAGGCAGGCTGTCTCC-1,0.000778,0.253383,0.000778,0.000778,0.000778,0.000778,0.000778,0.000778,0.741174
AAGGCGCGTAAAGCTT-1,0.251071,0.031945,0.241549,0.403557,0.014834,0.010222,0.042639,0.000882,0.003301
AAGGCTGTGCTCATCG-1,0.099145,0.037788,0.186269,0.122601,0.158228,0.134311,0.208432,0.034845,0.01838
AAGGGAACGACTGGCT-1,0.001159,0.000007,0.000131,0.000007,0.431204,0.54535,0.007199,0.012716,0.002227
AAGGGACAGATTCTGT-1,0.035982,0.074511,0.071729,0.308036,0.000093,0.000093,0.000093,0.000093,0.509373
AAGGGACTATGCATTC-1,0.003675,0.254455,0.01851,0.04705,0.008407,0.00983,0.010455,0.320976,0.326641
AAGGGTTAGCCATGCG-1,0.255834,0.265271,0.034793,0.174554,0.010971,0.000072,0.000344,0.071772,0.18639
AAGGGTTTGATTTCAG-1,0.166078,0.042,0.037472,0.040457,0.134652,0.19875,0.268879,0.012794,0.098919
AAGGTATCCTAATATA-1,0.036866,0.296172,0.144913,0.029215,0.096693,0.170778,0.092661,0.048089,0.084612
AAGGTGATAAACCAGC-1,0.064348,0.120264,0.167759,0.130889,0.027313,0.127337,0.026637,0.074646,0.260806
AAGTAGAAGACCGGGT-1,0.125974,0.080633,0.264211,0.082991,0.058533,0.244011,0.06695,0.038025,0.038673
AAGTAGTGACGCGAGG-1,0.075408,0.013129,0.009101,0.16433,0.03166,0.000064,0.041061,0.65502,0.010226
AAGTCAATTGTCGTCA-1,0.000132,0.300161,0.000132,0.000132,0.000132,0.000132,0.000132,0.089791,0.609255
AAGTCTAGTAGCTGCC-1,0.187105,0.10859,0.153081,0.173752,0.031292,0.029411,0.111475,0.034781,0.170513
AAGTCTTCTGTGGCCT-1,0.074663,0.045053,0.034966,0.079173,0.135027,0.042927,0.504092,0.011829,0.072269
AAGTGACGACCGAATT-1,0.260664,0.052288,0.064704,0.41495,0.046453,0.028511,0.110756,0.00404,0.017634
AAGTGAGTCGGGTTTA-1,0.027874,0.210338,0.252593,0.114647,0.027866,0.207484,0.041436,0.082203,0.035558
AAGTGCAAAGGTAGAC-1,0.121651,0.073186,0.152322,0.638022,0.000032,0.000032,0.014389,0.000032,0.000333
AAGTGCCTTGACTGTA-1,0.002586,0.002586,0.002586,0.002586,0.002586,0.002586,0.002586,0.002586,0.979313
AAGTGCGTTAGAATCT-1,0.179789,0.071555,0.276158,0.255115,0.032709,0.110884,0.046818,0.007868,0.019104
AAGTGCTTCTCTATTG-1,0.050104,0.116083,0.466326,0.10166,0.019954,0.119721,0.022792,0.065329,0.038031
AAGTGTTTGGAGACGG-1,0.046188,0.053915,0.021932,0.036609,0.355442,0.023288,0.015165,0.286847,0.160613
AAGTTCACTCCAAGCT-1,0.229487,0.145408,0.106655,0.081936,0.084851,0.129875,0.051165,0.114245,0.056377
AAGTTCAGTCTGCGTA-1,0.000083,0.000083,0.000083,0.000083,0.447431,0.323337,0.000083,0.000083,0.228735
AAGTTCGGCCAACAGG-1,0.111467,0.279235,0.06467,0.160902,0.135767,0.035783,0.063521,0.030528,0.118127
AAGTTGTGATGTTATA-1,0.107654,0.05276,0.036058,0.00887,0.134029,0.340411,0.110725,0.046724,0.162769
AAGTTTACTAATGGCA-1,0.030335,0.108938,0.079721,0.773182,0.000028,0.000028,0.000028,0.000028,0.007711
AAGTTTATGGGCCCAA-1,0.043052,0.045296,0.101785,0.039898,0.121441,0.420956,0.038715,0.148142,0.040715
AATAACAACGCTCGGC-1,0.075778,0.030016,0.041961,0.065537,0.300166,0.114126,0.287782,0.040362,0.044271
AATAACACTAGAACAA-1,0.088182,0.133416,0.185749,0.151975,0.150123,0.106981,0.078594,0.049299,0.055682
AATAAGTCCTCGAGAC-1,0.135703,0.050779,0.143343,0.59298,0.000029,0.000029,0.04595,0.008963,0.022223
AATAATCTTCGTATCG-1,0.000875,0.158715,0.000875,0.000875,0.000876,0.000875,0.000875,0.000876,0.835156
AATACAATGTTTCAGG-1,0.076452,0.046883,0.02365,0.851603,0.000044,0.000044,0.000163,0.000044,0.001116
AATACCGGAGGGCTGT-1,0.087161,0.127831,0.186377,0.132029,0.055234,0.172301,0.032408,0.149033,0.057626
AATAGAACAGAGTGGC-1,0.163126,0.067099,0.128908,0.180756,0.143008,0.175993,0.069451,0.062337,0.009322
AATAGAATCTGTTTCA-1,0.256481,0.087365,0.154211,0.144058,0.032517,0.227051,0.042749,0.037111,0.018459
AATAGCAAGCCTCCTG-1,0.132625,0.063085,0.197769,0.125736,0.099398,0.12312,0.092671,0.123876,0.041719
AATAGCTACCGCGTGC-1,0.06113,0.265595,0.190725,0.107674,0.088346,0.193854,0.037244,0.031174,0.024259
AATAGTCCGTCCCGAC-1,0.054701,0.051491,0.084771,0.025922,0.106014,0.455945,0.106329,0.054595,0.060233
AATAGTCGCGAGTCGG-1,0.131939,0.045842,0.003364,0.721847,0.034701,0.000055,0.041885,0.003279,0.017088
AATATCAAGGTCGGAT-1,0.054563,0.031169,0.053867,0.014697,0.206992,0.26393,0.218116,0.018231,0.138434
AATATCCTAGCAAACT-1,0.448711,0.014892,0.014714,0.394948,0.004206,0.00565,0.084561,0.000024,0.032294
AATATCGAATCAATGC-1,0.002138,0.002138,0.002138,0.528001,0.002138,0.002138,0.002138,0.002138,0.457031
AATATCGAGGGTTCTC-1,0.001483,0.001483,0.001483,0.001483,0.001482,0.001482,0.001482,0.001483,0.98814
AATATTGGAGTATTGA-1,0.081014,0.12004,0.064996,0.430361,0.064982,0.012486,0.121302,0.06549,0.039328
AATCAGACTGCAGGAC-1,0.177639,0.066484,0.066752,0.438344,0.034885,0.014228,0.103937,0.011226,0.086506
AATCAGGTTTCATTTA-1,0.038746,0.079576,0.094553,0.064236,0.059341,0.392307,0.04014,0.181801,0.0493
AATCATGTAAAGACTC-1,0.045259,0.121612,0.261399,0.083783,0.062168,0.22624,0.146764,0.030487,0.022288
AATCCAAGGGCCTGAG-1,0.031248,0.022119,0.031701,0.022047,0.388591,0.257138,0.042551,0.089302,0.115304
AATCCATGCAAGGGTG-1,0.136249,0.012653,0.000293,0.019446,0.1889,0.024967,0.241624,0.000076,0.375793
AATCGCCTCAGCGCCA-1,0.064501,0.037055,0.119629,0.057345,0.300786,0.228812,0.132092,0.033765,0.026017
AATCGCGCAGAGGACT-1,0.003005,0.003005,0.003005,0.003005,0.003004,0.003004,0.003005,0.003005,0.975962
AATCGGGACACTACGA-1,0.000477,0.025804,0.000858,0.000016,0.387278,0.428847,0.043483,0.025325,0.087912
AATCGGTATAGCCCTC-1,0.019185,0.028198,0.001179,0.000036,0.274686,0.288782,0.048953,0.044294,0.294686
AATCGTGAGCCGAGCA-1,0.288997,0.051112,0.042897,0.048227,0.175577,0.163169,0.066088,0.046148,0.117785
AATCTAGGTTTACTTG-1,0.479392,0.010266,0.011079,0.089705,0.082952,0.066337,0.201535,0.034557,0.024178
AATCTATGCCGGAGCC-1,0.037552,0.033069,0.000301,0.017116,0.382475,0.037942,0.183113,0.039404,0.269028
AATCTCTACTGTGGTT-1,0.104916,0.143606,0.068224,0.128706,0.027783,0.038999,0.444154,0.01168,0.03193
AATCTGCGTTGGGACG-1,0.006541,0.006541,0.00654,0.00654,0.006542,0.006541,0.006541,0.006541,0.947672
AATCTGGCTTTCTAGT-1,0.469747,0.046921,0.035705,0.111317,0.03411,0.075851,0.105343,0.024565,0.09644
AATCTGGGTAGACCCT-1,0.220831,0.098934,0.255896,0.26232,0.006498,0.024505,0.038801,0.022159,0.070056
AATGACAGCAATGTCT-1,0.077362,0.265185,0.06504,0.396674,0.005093,0.001026,0.024167,0.046245,0.119207
AATGACGTAGGATGTC-1,0.102519,0.029672,0.045078,0.030875,0.371777,0.278114,0.082235,0.014107,0.045623
AATGACTGTCAGCCGG-1,0.102622,0.064676,0.182631,0.133149,0.059721,0.163188,0.18622,0.06772,0.040072
AATGAGTTCGCATATG-1,0.127446,0.026191,0.016084,0.158847,0.10939,0.03182,0.473309,0.002822,0.054091
AATGATGATACGCTAT-1,0.036036,0.169228,0.044079,0.04251,0.233418,0.1535,0.064845,0.182158,0.074226
AATGATGCGACTCCTG-1,0.005178,0.308766,0.175411,0.248512,0.000051,0.003813,0.000051,0.13,0.12822
AATGCAACCGGGTACC-1,0.183147,0.068351,0.338728,0.188865,0.025484,0.141483,0.03148,0.011444,0.011019
AATGCACCAAGCAATG-1,0.041855,0.204866,0.264247,0.150652,0.02544,0.037381,0.094377,0.045755,0.135427
AATGGTCCACCGTTCA-1,0.10246,0.011755,0.018718,0.723633,0.084595,0.000025,0.058764,0.000025,0.000025
AATGGTTCTCACAAGC-1,0.016246,0.247681,0.070826,0.569715,0.000036,0.000036,0.000036,0.000036,0.095389
AATGTATGGCACTGTA-1,0.113092,0.235624,0.129486,0.321784,0.040552,0.018679,0.047758,0.075638,0.017388
AATGTGCCCGAGGTGT-1,0.031466,0.116173,0.02678,0.016619,0.212712,0.166949,0.131892,0.120232,0.177177
AATGTGCTAATCTGAG-1,0.013571,0.031474,0.020998,0.004269,0.319806,0.418776,0.040316,0.127993,0.022797
AATGTTGTCGTGAGAC-1,0.154947,0.134778,0.432022,0.078496,0.033485,0.017703,0.088088,0.01107,0.049409
AATTAAAGGTCGGCGT-1,0.132581,0.186596,0.07842,0.146453,0.110846,0.043587,0.045619,0.018875,0.237022
AATTAACGGATTTCCA-1,0.011055,0.139284,0.097603,0.017175,0.153736,0.355023,0.041945,0.137497,0.046682
AATTACGAGACCCATC-1,0.084904,0.304772,0.101282,0.058365,0.008829,0.052924,0.042413,0.283002,0.063509
AATTACTCGTACGCTC-1,0.001049,0.001049,0.001049,0.001049,0.001049,0.001049,0.001049,0.001049,0.991608
AATTAGCGCTGCAGCG-1,0.024842,0.345653,0.346678,0.186842,0.023924,0.008773,0.006877,0.048482,0.007928
AATTCATAAGGGATCT-1,0.0055,0.123608,0.036617,0.036672,0.233725,0.175685,0.050652,0.119762,0.217779
AATTCATTGTCATGCA-1,0.117031,0.149188,0.214376,0.199865,0.053803,0.07173,0.058521,0.113738,0.021747
AATTCCAACTTGGTGA-1,0.000458,0.000458,0.000458,0.000458,0.000458,0.000458,0.000458,0.000458,0.996339
AATTCCAAGCATGTAC-1,0.095237,0.120664,0.262408,0.186828,0.077367,0.081537,0.104355,0.042072,0.029532
AATTCGATTCGAGGAT-1,0.037806,0.189721,0.227225,0.229559,0.028267,0.111773,0.030018,0.071072,0.074559
AATTCTAGAGTTAGGC-1,0.036151,0.200874,0.277959,0.176377,0.055354,0.085308,0.032977,0.074974,0.060026
AATTGAACGCTCTGGT-1,0.222206,0.004435,0.071114,0.027444,0.167105,0.259189,0.221468,0.021951,0.005089
AATTGCAGCAATCGAC-1,0.056981,0.171479,0.179208,0.108177,0.153797,0.123796,0.065875,0.050114,0.090573
AATTGCGTGGATTACA-1,0.103302,0.086431,0.282189,0.311545,0.017837,0.059786,0.066,0.059696,0.013213
AATTGTGGTTGCCAAA-1,0.000244,0.517938,0.000244,0.020075,0.000244,0.000244,0.000244,0.000244,0.460521
AATTTGGGACATAGTA-1,0.156208,0.193759,0.171007,0.147663,0.044408,0.02626,0.036562,0.192525,0.031608
AATTTGGTTCCAAAGA-1,0.140971,0.054226,0.217334,0.569427,0.000028,0.000028,0.016937,0.000028,0.001022
ACAAACCATGCGTCCT-1,0.153269,0.087401,0.19867,0.096107,0.083673,0.177775,0.092902,0.077096,0.033106
ACAAAGCATGACCTAG-1,0.18327,0.060669,0.296535,0.386179,0.01739,0.015773,0.02867,0.007846,0.003669
ACAAATCGCACCGAAT-1,0.12729,0.187953,0.196771,0.267629,0.024024,0.041567,0.079502,0.025026,0.050237
ACAAATGGTAGTGTTT-1,0.145436,0.07471,0.195453,0.194914,0.066309,0.130448,0.162851,0.010099,0.019779
ACAAATTCAGATCTGA-1,0.079353,0.113177,0.214292,0.088049,0.074891,0.158671,0.177611,0.051623,0.042332
ACAACAGCATGAGCTA-1,0.042628,0.039526,0.053161,0.026987,0.178997,0.256764,0.029328,0.356459,0.016149
ACAACGGTCCCTGCGA-1,0.267176,0.074321,0.102311,0.362556,0.027952,0.020813,0.058199,0.005126,0.081546
ACAAGCAGTGCCTAGC-1,0.134313,0.016818,0.025928,0.100864,0.26181,0.061404,0.369177,0.0029,0.026786
ACAAGCTATATGGAAG-1,0.202606,0.040564,0.065931,0.433599,0.032113,0.012179,0.155975,0.008275,0.048759
ACAAGGAAATCCGCCC-1,0.17042,0.174414,0.073588,0.11139,0.181005,0.060796,0.136856,0.029908,0.061622
ACAAGGACAAGAGGTT-1,0.004734,0.000012,0.001047,0.000012,0.533784,0.341894,0.088882,0.001159,0.028477
ACAAGGATGCTTTAGG-1,0.455233,0.007946,0.069305,0.013345,0.088666,0.197233,0.12872,0.017989,0.021564
ACAAGGGCAGGCTCTG-1,0.066716,0.019012,0.057489,0.052411,0.195616,0.221394,0.335869,0.005532,0.045962
ACAATAGTCGTACGTT-1,0.237563,0.099113,0.088659,0.37112,0.044463,0.011515,0.099588,0.016461,0.031518
ACAATCCATTTAAACC-1,0.07533,0.218483,0.138594,0.440159,0.011334,0.005079,0.071744,0.023565,0.015712
ACAATCGATCTTTATA-1,0.008566,0.206988,0.000057,0.084472,0.023757,0.000057,0.000057,0.157087,0.518958
ACAATGAATACGGAGA-1,0.030512,0.079162,0.090433,0.072479,0.214984,0.234251,0.07247,0.116532,0.089177
ACAATGATTCTTCTAC-1,0.020097,0.390719,0.175688,0.069856,0.006995,0.109713,0.04896,0.128762,0.04921
ACAATTGTGTCTCTTT-1,0.020568,0.184863,0.115529,0.019777,0.102506,0.183645,0.062109,0.226629,0.084374
ACAATTTAGGAGGCTC-1,0.268921,0.018076,0.02382,0.372803,0.112665,0.01928,0.154134,0.000255,0.030046
ACAATTTGAGCAGTGG-1,0.054608,0.105124,0.008015,0.000965,0.323184,0.103352,0.042704,0.20649,0.155558
ACAATTTGGCCATATT-1,0.001737,0.291331,0.001737,0.001737,0.001737,0.001737,0.001737,0.001737,0.696508
ACACAAAGACGGGTGG-1,0.084645,0.018573,0.190514,0.250339,0.090027,0.202588,0.09073,0.05563,0.016954
ACACAAATATTCCTAG-1,0.016313,0.172808,0.183279,0.464698,0.000027,0.000027,0.000366,0.007111,0.155369
ACACACCAGGACCAGT-1,0.032069,0.43994,0.037668,0.202624,0.000052,0.000052,0.000052,0.042751,0.24479
ACACACTTTCTACACG-1,0.129566,0.114787,0.115718,0.14593,0.139891,0.0584,0.133632,0.019368,0.142708
ACACATGATCAAATCT-1,0.071477,0.021722,0.104562,0.025598,0.207893,0.366831,0.121275,0.027488,0.053154
ACACATTGACGCAACA-1,0.001146,0.242783,0.001146,0.001146,0.001146,0.001146,0.001146,0.001146,0.749193
ACACCACATAATTAGC-1,0.382174,0.113398,0.113198,0.103194,0.010984,0.009989,0.022482,0.067573,0.177008
ACACCCAGCATGCAGC-1,0.114366,0.0324,0.174701,0.088757,0.114777,0.218727,0.188099,0.008064,0.060109
ACACCCGAGAAATCCG-1,0.105734,0.036213,0.037347,0.033872,0.161786,0.327832,0.205656,0.024758,0.066801
ACACCGAGCGCTCTTT-1,0.003587,0.003587,0.003587,0.003587,0.003587,0.003587,0.003587,0.003587,0.971305
ACACCGGTCTGACCGC-1,0.098869,0.039318,0.034954,0.051095,0.297491,0.181224,0.158158,0.114028,0.024863
ACACCTTAAGTAGGGC-1,0.264453,0.098951,0.205911,0.159851,0.097957,0.022885,0.064635,0.034639,0.05072
ACACCTTACTACTTGC-1,0.003587,0.003587,0.003587,0.003588,0.003586,0.003587,0.003587,0.003587,0.971305
ACACGAGACTCCTTCT-1,0.019803,0.07911,0.157874,0.021853,0.095191,0.455077,0.040688,0.095789,0.034615
ACACGGCACTATGCAT-1,0.133642,0.088838,0.105952,0.102265,0.241736,0.01486,0.019405,0.207946,0.085355
ACACGGGAACTTAGGG-1,0.009941,0.032192,0.030988,0.004227,0.328376,0.42444,0.052153,0.106945,0.010738
ACACGTAGGCCACAAG-1,0.083705,0.132869,0.102034,0.066301,0.141337,0.166303,0.135503,0.109579,0.062369
ACACTCCAATGTCACT-1,0.027392,0.001245,0.002345,0.004831,0.438446,0.066384,0.450629,0.000015,0.008714
ACACTGATCAAGGTGT-1,0.058739,0.16401,0.214976,0.24619,0.026633,0.021793,0.064134,0.157757,0.045768
ACACTGGGACAGTCGT-1,0.149486,0.025477,0.014899,0.02506,0.055954,0.032663,0.083312,0.103846,0.509304
ACAGAACTGAGAACAA-1,0.158327,0.110537,0.160098,0.533189,0.00207,0.000657,0.010022,0.008526,0.016572
ACAGATTAGGTTAGTG-1,0.058426,0.160145,0.268676,0.244765,0.026764,0.043313,0.081525,0.010105,0.106281
ACAGCATAGAGCCAGT-1,0.09977,0.029814,0.143275,0.032541,0.104406,0.192222,0.023921,0.047923,0.326128
ACAGCGACATTCTCAT-1,0.022226,0.059555,0.023312,0.005833,0.188572,0.461885,0.084125,0.057533,0.096959
ACAGCGCACCCGCAGC-1,0.094115,0.051723,0.120663,0.094254,0.296412,0.05254,0.02148,0.170098,0.098716
ACAGGAGGCGCAGCCG-1,0.002851,0.002851,0.002851,0.002851,0.002851,0.002851,0.002851,0.002851,0.977193
ACAGGCACGGATCCTT-1,0.096471,0.12941,0.130876,0.081786,0.022912,0.201996,0.078894,0.105019,0.152636
ACAGGCTTGCCCGACT-1,0.072913,0.066794,0.402801,0.104069,0.049336,0.125502,0.033355,0.067096,0.078133
ACAGGTGGAGGTGAGG-1,0.044543,0.232586,0.07521,0.080325,0.148141,0.099896,0.192914,0.092321,0.034064
ACAGGTGTGTTGTTGC-1,0.14909,0.005166,0.031524,0.216003,0.084069,0.015316,0.492091,0.001951,0.004789
ACAGTAATACAACTTG-1,0.170921,0.018336,0.091452,0.706053,0.000025,0.000025,0.01314,0.000025,0.000025
ACAGTATACCGTGGGA-1,0.13777,0.076565,0.101369,0.060119,0.097361,0.11344,0.052133,0.298913,0.062331
ACATAAGTCGTGGTGA-1,0.109568,0.143286,0.12614,0.072164,0.109544,0.160926,0.161662,0.084865,0.031844
ACATAATAAGGCGGTG-1,0.069795,0.098205,0.195157,0.391748,0.096358,0.075243,0.041783,0.011005,0.020705
ACATCAGCTGGGACGC-1,0.124875,0.003165,0.016246,0.106733,0.228662,0.02831,0.478048,0.000246,0.013715
ACATCCCGGCCATACG-1,0.058876,0.292839,0.166276,0.056635,0.03582,0.043548,0.019602,0.239224,0.087182
ACATCCTGGTAACTGT-1,0.000875,0.000876,0.000876,0.000876,0.000875,0.000875,0.000875,0.000876,0.992996
ACATCGATCGTTTACC-1,0.030685,0.113529,0.021023,0.186935,0.012435,0.011862,0.001147,0.577902,0.044482
ACATCGGTCAGCCGCG-1,0.107436,0.083115,0.224005,0.550054,0.001173,0.007953,0.015123,0.007991,0.003149
ACATCGTATGCAATGG-1,0.143111,0.139587,0.150994,0.120824,0.104005,0.117395,0.140803,0.074823,0.008458
ACATCGTTAACCTAGT-1,0.331257,0.087487,0.194096,0.054943,0.011358,0.038082,0.091137,0.023635,0.168005
ACATCTCAACGCGTAA-1,0.273984,0.018199,0.076093,0.088318,0.047492,0.11113,0.199009,0.006501,0.179274
ACATGGCGCCAAAGTA-1,0.002138,0.713327,0.002138,0.002138,0.002138,0.002138,0.002138,0.002138,0.271706
ACATGGCTCAATTTAG-1,0.000167,0.079076,0.000167,0.015508,0.000167,0.000167,0.000167,0.000167,0.904411
ACATTAGTTTATATCC-1,0.072167,0.115772,0.347552,0.077615,0.053699,0.163563,0.018372,0.043473,0.107786
ACATTTGAAACCTAAC-1,0.005341,0.085179,0.028869,0.001414,0.075506,0.270384,0.01279,0.320809,0.199709
ACCAAACACCCAGCGA-1,0.054819,0.155369,0.196747,0.168412,0.063536,0.146443,0.048691,0.051174,0.114809
ACCAAACTAGAAATCC-1,0.349487,0.169558,0.106703,0.218192,0.014004,0.003581,0.022745,0.008195,0.107536
ACCAACACCACACACT-1,0.044573,0.06321,0.034701,0.071523,0.23577,0.279372,0.103374,0.073579,0.093897
ACCAACCGCACTCCAC-1,0.133779,0.092445,0.284291,0.0712,0.146169,0.095878,0.035144,0.097606,0.043486
ACCAACGCTTATTTAT-1,0.000015,0.000015,0.000015,0.000015,0.003256,0.000015,0.000015,0.996636,0.000015
ACCAAGAACGCGTGTC-1,0.047177,0.134335,0.312851,0.237246,0.062399,0.056526,0.043274,0.062538,0.043654
ACCAAGTCATCGGCAG-1,0.340761,0.098683,0.078653,0.173266,0.01016,0.035232,0.119575,0.050249,0.093421
ACCAATATGCAAGTTA-1,0.06148,0.071755,0.25223,0.150305,0.055885,0.288618,0.060489,0.033841,0.025398
ACCACAACTCAGAACA-1,0.106383,0.073334,0.072268,0.033611,0.296953,0.102655,0.208912,0.053597,0.052288
ACCACAAGTTTCTATC-1,0.047296,0.094519,0.369476,0.266219,0.065709,0.051104,0.059475,0.005808,0.040395
ACCACCAATGTAACAA-1,0.004118,0.004118,0.004118,0.004118,0.004118,0.004118,0.004118,0.004119,0.967055
ACCACCCTCTCTTCTA-1,0.13151,0.023023,0.048496,0.06702,0.216473,0.227394,0.182566,0.023658,0.079861
ACCACGTGCAGCTATA-1,0.019123,0.400212,0.162661,0.187945,0.000052,0.000611,0.001363,0.074599,0.153434
ACCACTGTTCAAGAAG-1,0.002471,0.002471,0.002471,0.002471,0.002471,0.002471,0.002471,0.002471,0.980234
ACCAGACCATAACAAC-1,0.146382,0.032818,0.041015,0.072563,0.183582,0.108643,0.303143,0.026691,0.085163
ACCAGCCCGGTCTTTG-1,0.146713,0.046386,0.102022,0.087012,0.063801,0.210231,0.290109,0.03946,0.014266
ACCAGGAGTGTGATCT-1,0.135106,0.063476,0.151741,0.193586,0.115531,0.157206,0.149718,0.015844,0.017792
ACCAGTGCCCGGTCAA-1,0.223948,0.09067,0.141907,0.093463,0.023694,0.202633,0.089514,0.027509,0.106661
ACCAGTGCGGGAGACG-1,0.015163,0.29516,0.10887,0.212347,0.000069,0.004975,0.001963,0.006716,0.354737
ACCATATCCGCAATAA-1,0.14517,0.209792,0.093062,0.120397,0.111105,0.040375,0.070777,0.099041,0.110281
ACCATCCGCCAACTAG-1,0.15668,0.094936,0.061957,0.379166,0.016114,0.013454,0.066573,0.036602,0.17452
ACCATCGTATATGGTA-1,0.096551,0.267796,0.050279,0.186836,0.07858,0.037074,0.161887,0.035858,0.08514
ACCATTAAGGGTGTCA-1,0.002366,0.472825,0.002366,0.002366,0.002365,0.002365,0.002365,0.002365,0.510616
ACCCAACGCCCGTGGC-1,0.007623,0.32824,0.086653,0.056311,0.060589,0.080766,0.011383,0.114889,0.253546
ACCCACCTACATGCTC-1,0.347046,0.066486,0.043544,0.34424,0.008345,0.000039,0.150597,0.000069,0.039635
ACCCATCTTGAGGGTA-1,0.031431,0.0179,0.008939,0.032037,0.307131,0.243241,0.204854,0.080238,0.07423
ACCCATTTGTCCCTCT-1,0.021263,0.116938,0.24851,0.237245,0.038015,0.043481,0.069086,0.064747,0.160716
ACCCGAGCGAAATTAC-1,0.052363,0.244631,0.100017,0.299568,0.024995,0.048858,0.026947,0.112687,0.089933
ACCCGATTGGTTCCGA-1,0.050258,0.019546,0.110746,0.039725,0.192816,0.452892,0.040436,0.072074,0.021509
ACCCGGAAACTCCCAG-1,0.129989,0.086058,0.049081,0.078897,0.130046,0.250955,0.150402,0.080336,0.044237
ACCCGGAGCACCACAA-1,0.000307,0.000307,0.000307,0.000307,0.000307,0.000307,0.000307,0.000307,0.997543
ACCCGGATGACGCATC-1,0.003369,0.00337,0.003369,0.003369,0.003369,0.003369,0.003369,0.003369,0.973045
ACCCGGTTACACTTCC-1,0.078576,0.163476,0.057207,0.189864,0.099755,0.088715,0.212372,0.048349,0.061685
ACCCGTAGTCTAGTTG-1,0.008818,0.3907,0.105269,0.181619,0.000055,0.000055,0.000055,0.007364,0.306065
ACCCGTGTCATCAGTA-1,0.120459,0.057707,0.13492,0.11688,0.11563,0.279015,0.097978,0.03575,0.041662
ACCCTATAGGACTGAG-1,0.166179,0.040307,0.05523,0.641298,0.000035,0.005259,0.050974,0.000035,0.040684
ACCCTATGCCATATCG-1,0.065522,0.043221,0.146605,0.075313,0.156854,0.342464,0.099594,0.047447,0.022981
ACCCTCCCGTCAGGGC-1,0.103201,0.144526,0.141515,0.079865,0.093218,0.21226,0.088358,0.070211,0.066846
ACCCTCCCTTGCTATT-1,0.123136,0.106934,0.260868,0.243792,0.016008,0.136626,0.037315,0.017748,0.057574
ACCCTGGTAACGCCCT-1,0.150992,0.104381,0.015009,0.098997,0.165323,0.156476,0.095043,0.012472,0.201307
ACCCTTCATCTGCGAA-1,0.054177,0.073205,0.282943,0.105209,0.116683,0.082903,0.190695,0.039453,0.054733
ACCCTTGCCTGGGTCG-1,0.095365,0.213097,0.273809,0.208032,0.000057,0.000057,0.009504,0.082179,0.1179
ACCCTTTAGTTCTCCA-1,0.214684,0.064669,0.28744,0.076924,0.045324,0.067921,0.09881,0.033357,0.110872
ACCGAAAGGGCCCTGC-1,0.061079,0.063785,0.111507,0.107309,0.124153,0.226239,0.131878,0.029905,0.144144
ACCGAAGAGTCTGGTT-1,0.057407,0.070457,0.047727,0.043263,0.373368,0.11286,0.135187,0.118519,0.041211
ACCGACACATCTCCCA-1,0.023558,0.057024,0.094348,0.01735,0.138838,0.453078,0.056663,0.114246,0.044894
ACCGACTGAGTCCCAC-1,0.019154,0.014415,0.025587,0.00189,0.229421,0.498627,0.027316,0.161556,0.022035
ACCGAGTCTCCTTATT-1,0.156467,0.169437,0.421295,0.092947,0.026347,0.049169,0.01001,0.048217,0.026112
ACCGATAGGCATAACC-1,0.102531,0.255243,0.024694,0.076016,0.037477,0.003138,0.034672,0.237239,0.228989
ACCGATATTTAATCAT-1,0.000628,0.000628,0.000628,0.000628,0.000628,0.000628,0.000628,0.000628,0.994975
ACCGATGGTAGCATCG-1,0.004835,0.004836,0.004835,0.004834,0.004834,0.004834,0.004834,0.004834,0.961325
ACCGCAATAACTGCCT-1,0.229092,0.05983,0.128496,0.187898,0.036096,0.081978,0.177234,0.030673,0.068703
ACCGCGGTGGAAGTCG-1,0.003475,0.003476,0.003475,0.003475,0.003474,0.003475,0.003475,0.003475,0.972201
ACCGGGCCTTTGTTGA-1,0.023344,0.544701,0.181258,0.13838,0.000555,0.026857,0.000042,0.027504,0.057357
ACCGGTCAGGTACACC-1,0.106428,0.181013,0.270116,0.333204,0.007304,0.021348,0.036327,0.030453,0.013807
ACCGGTCTGAGTACGG-1,0.079626,0.095062,0.123033,0.071971,0.216814,0.189189,0.11387,0.046903,0.063532
ACCGTCCACTGGGCCC-1,0.080369,0.002374,0.007093,0.011302,0.335275,0.317336,0.232129,0.007144,0.006978
ACCGTGACCACGTGGG-1,0.060602,0.129041,0.113242,0.187965,0.029898,0.118608,0.036531,0.297947,0.026165
ACCGTTCCCGCTCTGA-1,0.074281,0.123846,0.007163,0.076397,0.000099,0.000029,0.012623,0.005376,0.700186
