Barcode,Topic 1,Topic 2,Topic 3to4,Topic 5to6,Topic 7,Topic 8to10
AAACAAGTATCTCCCA-1,0.999191,0.00009,0.00018,0.00018,0.00009,0.00027
AAACACCAATAACTGC-1,0.063992,0.256916,0.294615,0.069833,0.254572,0.060073
AAACAGAGCGACTCCT-1,0.01807,0.041153,0.12268,0.194759,0.021308,0.602029
AAACAGCTTTCAGAAG-1,0.583509,0.111316,0.138939,0.095688,0.015868,0.054681
AAACAGGGTCTATATT-1,0.150606,0.203825,0.586564,0.047887,0.005255,0.005863
AAACAGTGTTCCTGGG-1,0.28656,0.004539,0.001201,0.079797,0.085805,0.542099
AAACATGGTGAGAGGA-1,0.076185,0.240983,0.523454,0.069121,0.079803,0.010454
AAACATTTCCCGGATT-1,0.218596,0.018941,0.38041,0.175238,0.032589,0.174226
AAACCCGAACGAAATC-1,0.271201,0.141184,0.005946,0.045959,0.055925,0.479785
AAACCGGAAATGTTAA-1,0.192248,0.07222,0.335927,0.201517,0.043617,0.154472
AAACCGGGTAGGTACC-1,0.011075,0.087472,0.211792,0.184635,0.121047,0.38398
AAACCGTTCGTCCAGG-1,0.998815,0.000132,0.000263,0.000263,0.000132,0.000395
AAACCTAAGCAGCCGG-1,0.460297,0.031177,0.10086,0.168009,0.01067,0.228987
AAACCTCATGAAGTTG-1,0.075364,0.152931,0.252481,0.165338,0.026662,0.327223
AAACGAAGAACATACC-1,0.009656,0.004496,0.005855,0.048432,0.011883,0.919678
AAACGAAGATGGAGTA-1,0.137633,0.024093,0.099449,0.118727,0.112035,0.508064
AAACGAGACGGTTGAT-1,0.741844,0.000068,0.000136,0.005842,0.076807,0.175302
AAACGCCCGAGATCGG-1,0.000028,0.000028,0.000055,0.013004,0.000028,0.986857
AAACGGGCGTACGGGT-1,0.118176,0.049138,0.515946,0.142283,0.038056,0.136401
AAACGGTTGCGAACTG-1,0.299064,0.553751,0.035945,0.04045,0.029871,0.04092
AAACGTGTTCGCCCTA-1,0.044064,0.184708,0.422277,0.209765,0.02272,0.116467
AAACTAACGTGGCGAC-1,0.019597,0.008962,0.140926,0.361222,0.014225,0.455069
AAACTCGGTTCGCAAT-1,0.066154,0.01024,0.017968,0.138228,0.036235,0.731174
AAACTCGTGATATAAG-1,0.071065,0.076778,0.197498,0.164563,0.008136,0.48196
AAACTGCTGGCTCCAA-1,0.048694,0.209986,0.352721,0.139946,0.029009,0.219644
AAACTTAATTGCACGC-1,0.998968,0.000115,0.000229,0.000229,0.000115,0.000344
AAACTTGCAAACGTAT-1,0.042382,0.111913,0.210748,0.215395,0.199632,0.219929
AAAGAATGACCTTAGA-1,0.843052,0.075255,0.047145,0.015604,0.01644,0.002503
AAAGAATGTGGACTAA-1,0.16279,0.013963,0.062051,0.124572,0.045248,0.591377
AAAGACCCAAGTCGCG-1,0.002496,0.043723,0.113171,0.304812,0.009668,0.52613
AAAGACTGGGCGCTTT-1,0.145836,0.047407,0.17444,0.351319,0.046926,0.234073
AAAGCTTGCCTACATA-1,0.970959,0.003227,0.006453,0.006453,0.003227,0.00968
AAAGGCCCTATAATAC-1,0.124047,0.372024,0.144222,0.063845,0.050027,0.245835
AAAGGCTACGGACCAT-1,0.998785,0.000135,0.00027,0.00027,0.000135,0.000405
AAAGGCTCTCGCGCCG-1,0.033231,0.433766,0.033387,0.075453,0.04827,0.375894
AAAGGGATGTAGCAAG-1,0.027365,0.091681,0.810006,0.066986,0.001842,0.002119
AAAGGGCAGCTTGAAT-1,0.020349,0.105722,0.114127,0.420713,0.017995,0.321093
AAAGGTAAGCTGTACC-1,0.122999,0.042615,0.449389,0.128787,0.006337,0.249873
AAAGTAGCATTGCTCA-1,0.036425,0.089672,0.572766,0.120427,0.089668,0.091042
AAAGTCACTGATGTAA-1,0.00002,0.028389,0.149095,0.293677,0.047736,0.481082
AAAGTCGACCCTCAGT-1,0.004695,0.128823,0.142576,0.163983,0.174308,0.385615
AAAGTGTGATTTATCT-1,0.175406,0.076746,0.266646,0.070984,0.238883,0.171334
AAAGTTGACTCCCGTA-1,0.392431,0.0199,0.174585,0.156258,0.058434,0.198391
AAATAACCATACGGGA-1,0.000011,0.130397,0.717243,0.119539,0.004148,0.028662
AAATAAGGTAGTGCCC-1,0.196126,0.001472,0.087524,0.030827,0.08018,0.60387
AAATACCTATAAGCAT-1,0.504282,0.197974,0.000093,0.000093,0.297418,0.000139
AAATAGCTTAGACTTT-1,0.087712,0.10375,0.397213,0.305621,0.044983,0.06072
AAATAGGGTGCTATTG-1,0.00002,0.052283,0.247909,0.259096,0.015079,0.425613
AAATCCGATACACGCC-1,0.529051,0.009192,0.039484,0.089656,0.013159,0.319458
AAATCGCGGAAGGAGT-1,0.004284,0.157962,0.469499,0.22828,0.037019,0.102957
AAATCGTGTACCACAA-1,0.048947,0.045063,0.174845,0.171886,0.165494,0.393766
AAATCTAGCCCTGCTA-1,0.709371,0.000027,0.000054,0.046698,0.010522,0.233328
AAATCTGCCCGCGTCC-1,0.491494,0.10232,0.175187,0.029041,0.130295,0.071663
AAATGATTCGATCAGC-1,0.153057,0.053783,0.657712,0.108667,0.001793,0.024989
AAATGCTCGTTACGTT-1,0.000018,0.144435,0.528103,0.190648,0.028298,0.108498
AAATGGCATGTCTTGT-1,0.013142,0.017226,0.314248,0.292004,0.012132,0.351249
AAATGGCCCGTGCCCT-1,0.056756,0.935096,0.00002,0.00002,0.005503,0.002604
AAATGGTCAATGTGCC-1,0.050469,0.08194,0.527242,0.141225,0.081489,0.117636
AAATGTATCTTATCCC-1,0.021199,0.052484,0.080481,0.389577,0.023462,0.432797
AAATTAACGGGTAGCT-1,0.004961,0.035077,0.626873,0.239098,0.030755,0.063237
AAATTAATAAGCGCGA-1,0.327632,0.107756,0.366147,0.108737,0.010687,0.079041
AAATTACACGACTCTG-1,0.039605,0.04138,0.72925,0.164815,0.006301,0.018649
AAATTACCTATCGATG-1,0.223055,0.020711,0.036647,0.309922,0.134868,0.274797
AAATTCCAGGTCCAAA-1,0.068683,0.054348,0.25128,0.292012,0.046471,0.287207
AAATTGATAGTCCTTT-1,0.495103,0.017821,0.138641,0.070953,0.086692,0.190791
AAATTGCGGCGGTTCT-1,0.101337,0.000026,0.001109,0.051607,0.215823,0.630099
AAATTGGTGAGAAGCA-1,0.052843,0.113759,0.418816,0.10076,0.052641,0.261181
AAATTTACCGAAATCC-1,0.180368,0.019977,0.121398,0.142525,0.016491,0.519241
AAATTTGCGGGTGTGG-1,0.010074,0.151651,0.23027,0.178574,0.264102,0.165329
AACAACTGGTAGTTGC-1,0.000019,0.174469,0.37904,0.297225,0.002868,0.146378
AACAATACATTGTCGA-1,0.756623,0.091402,0.092533,0.013485,0.045383,0.000573
AACAATTACTCTACGC-1,0.000014,0.104943,0.378318,0.331844,0.010294,0.174587
AACACACGCTCGCCGC-1,0.998971,0.000114,0.000229,0.000229,0.000114,0.000343
AACACGACTGTACTGA-1,0.000836,0.028895,0.214871,0.195157,0.004469,0.555771
AACACGAGACGCGGCC-1,0.006441,0.083355,0.787529,0.086564,0.023465,0.012646
AACACGCGGCCGCGAA-1,0.024177,0.111438,0.046906,0.139741,0.056744,0.620994
AACAGCTGTGTGGCAA-1,0.438915,0.037345,0.035825,0.094044,0.03901,0.354861
AACAGGAAATCGAATA-1,0.080118,0.447692,0.406913,0.035896,0.024579,0.004802
AACAGGATGGGCCGCG-1,0.045394,0.134041,0.642511,0.14199,0.012417,0.023648
AACAGGTAGTATGGAT-1,0.466232,0.000057,0.000114,0.149883,0.000057,0.383657
AACATATCAACTGGTG-1,0.058604,0.063131,0.404946,0.091833,0.02069,0.360797
AACATCGATACGTCTA-1,0.101551,0.072077,0.433328,0.120975,0.025854,0.246215
AACATTGAAGTTGATC-1,0.052379,0.095474,0.381688,0.078018,0.270219,0.122221
AACATTGTGACTCGAG-1,0.189962,0.118464,0.268556,0.282882,0.015917,0.124219
AACCAAGACTTCTCTG-1,0.112969,0.112185,0.421833,0.183031,0.117703,0.052278
AACCAGTATCACTCTT-1,0.772193,0.004879,0.068123,0.02089,0.068497,0.065418
AACCATAGGGTTGAAC-1,0.270904,0.289956,0.249029,0.073684,0.029823,0.086604
AACCATGGGATCGCTA-1,0.007014,0.096782,0.51274,0.24403,0.051525,0.087909
AACCCAGAGACGGAGA-1,0.047575,0.108479,0.750333,0.073364,0.003659,0.01659
AACCCATCCCATGATC-1,0.077559,0.052474,0.383974,0.106048,0.081842,0.298101
AACCCGACAACCCGTG-1,0.049628,0.12664,0.433027,0.232669,0.020876,0.137159
AACCCGAGCAGAATCG-1,0.999172,0.000092,0.000184,0.000184,0.000092,0.000276
AACCCGATAGGGCTTC-1,0.288687,0.000073,0.000146,0.000146,0.000973,0.709975
AACCCTACTGTCAATA-1,0.046459,0.057999,0.459586,0.215461,0.034004,0.186491
AACCCTGGTGGAACCA-1,0.014746,0.06607,0.511353,0.169755,0.017443,0.220633
AACCGAGCTTGGTCAT-1,0.037393,0.094854,0.397213,0.196545,0.013474,0.260521
AACCGCTAAGGGATGC-1,0.771515,0.000048,0.000096,0.000096,0.204825,0.023419
AACCGTTGTGTTTGCT-1,0.018508,0.038679,0.380837,0.249186,0.038192,0.274598
AACCTCGCTTTAGCCC-1,0.188389,0.001035,0.106682,0.143413,0.011356,0.549125
AACCTGTCACGGAATT-1,0.056898,0.057047,0.224375,0.380081,0.042991,0.238609
AACCTTTAAATACGGT-1,0.099766,0.070742,0.491034,0.143478,0.034088,0.160892
AACCTTTACGACGTCT-1,0.022187,0.025397,0.040503,0.029328,0.167434,0.715151
AACGAAAGTCGTCCCA-1,0.026615,0.066384,0.312767,0.102186,0.286673,0.205375
AACGATAATGCCGTAG-1,0.086143,0.046093,0.416771,0.285755,0.012679,0.152559
AACGATAGAAGGGCCG-1,0.01824,0.119535,0.294275,0.206436,0.124114,0.2374
AACGATATGTCAACTG-1,0.02474,0.028432,0.309233,0.217579,0.012698,0.407318
AACGCATGATCTGGGT-1,0.428439,0.000035,0.001564,0.062109,0.08488,0.422974
AACGCGAACGGCAACA-1,0.02259,0.446018,0.061572,0.070726,0.023589,0.375505
AACGCGACCTTGGGCG-1,0.10761,0.023814,0.403856,0.343357,0.015141,0.106221
AACGCGGTCTCCAGCC-1,0.010861,0.055447,0.160629,0.19502,0.060183,0.51786
AACGCTGTTGCTGAAA-1,0.998725,0.000142,0.000283,0.000283,0.000142,0.000425
AACGGACGTACGTATA-1,0.999314,0.000076,0.000152,0.000152,0.000076,0.000229
AACGGCCATCTCCGGT-1,0.00546,0.102381,0.194493,0.207035,0.055241,0.435391
AACGTACTGTGGGTAC-1,0.00477,0.248658,0.563625,0.145828,0.013027,0.024092
AACGTCAGACTAGTGG-1,0.000015,0.08906,0.519681,0.195304,0.014492,0.181448
AACGTCGCTGCACTTC-1,0.999524,0.000053,0.000106,0.000106,0.000053,0.000159
AACGTGATGAAGGACA-1,0.005731,0.021664,0.159951,0.255253,0.001992,0.555409
AACGTGCGAAAGTCTC-1,0.064152,0.129419,0.181375,0.214518,0.049754,0.360781
AACGTTATCAGCACCT-1,0.000468,0.030224,0.113637,0.186344,0.509656,0.159672
AACTACCCGTTTGTCA-1,0.183803,0.008986,0.263071,0.189098,0.047146,0.307896
AACTAGCGTATCGCAC-1,0.0414,0.011175,0.125575,0.304435,0.118698,0.398716
AACTAGGCTTGGGTGT-1,0.133198,0.224005,0.27464,0.223747,0.017614,0.126795
AACTCAAGTTAATTGC-1,0.0108,0.140752,0.640927,0.132599,0.004576,0.070346
AACTCCAGAGCGTGTT-1,0.17935,0.024576,0.479088,0.249624,0.005485,0.061877
AACTCCTAATCCCATG-1,0.007939,0.08384,0.793195,0.101484,0.004027,0.009514
AACTCGATAAACACGT-1,0.000028,0.105161,0.076116,0.193103,0.019792,0.6058
AACTCGATGGCGCAGT-1,0.030801,0.042492,0.393783,0.24359,0.066438,0.222896
AACTCTCAATAGAGCG-1,0.097315,0.000037,0.008329,0.10107,0.014652,0.778598
AACTCTCAGTGTGCTC-1,0.787678,0.125019,0.086449,0.000285,0.000142,0.000427
AACTGAGGTCAGCGTC-1,0.000023,0.009338,0.194489,0.123106,0.014119,0.658925
AACTGATATTAGGCCT-1,0.000018,0.106834,0.468093,0.261073,0.005852,0.15813
AACTGGGTCCCGACGT-1,0.007383,0.047978,0.376292,0.126888,0.025339,0.416121
AACTGGTGTGGGCCTT-1,0.014955,0.331977,0.556059,0.08403,0.007229,0.00575
AACTTCTGCGTCTATC-1,0.000015,0.162576,0.640746,0.165111,0.001623,0.029929
AACTTGCCCGTATGCA-1,0.000014,0.006541,0.01112,0.007025,0.975258,0.000042
AACTTGCGTTCTCGCG-1,0.116651,0.019975,0.357408,0.28423,0.036637,0.185099
AACTTTACGGGAGCTT-1,0.006113,0.341055,0.451232,0.112057,0.010077,0.079466
AACTTTAGCTGCTGAG-1,0.037455,0.039649,0.602182,0.161428,0.018876,0.140411
AACTTTCTCGATCATG-1,0.770327,0.000245,0.00049,0.00049,0.227712,0.000735
AAGAAGGATCAGTTAG-1,0.057299,0.159618,0.460714,0.21775,0.009403,0.095216
AAGACATACGTGGTTT-1,0.192215,0.000059,0.035326,0.193744,0.013081,0.565574
AAGACCAAATAACTCA-1,0.018149,0.449152,0.127127,0.09281,0.074254,0.238509
AAGACCCAACTGAACA-1,0.998423,0.000175,0.00035,0.00035,0.000175,0.000526
AAGACTAACCCGTTGT-1,0.057155,0.076407,0.146601,0.13536,0.027769,0.556709
AAGACTGCAAGCTACT-1,0.018205,0.098693,0.210852,0.201019,0.200528,0.270703
AAGAGATGAATCGGTA-1,0.000022,0.066011,0.349762,0.345247,0.003706,0.235253
AAGAGCTCTTTATCGG-1,0.246261,0.030562,0.263306,0.089157,0.148122,0.222591
AAGAGGATGTACGCGA-1,0.000012,0.140494,0.702391,0.107351,0.03132,0.01843
AAGAGGCATGGATCGC-1,0.527158,0.000043,0.120777,0.09366,0.011726,0.246636
AAGAGGCCCTTTGGAA-1,0.146665,0.090397,0.025679,0.090651,0.045664,0.600944
AAGATGGCACCGGACC-1,0.595573,0.08938,0.295209,0.000195,0.019349,0.000293
AAGATTGGCGGAACGT-1,0.753571,0.020785,0.000078,0.031357,0.02327,0.170939
AAGCACCCTGCGTATC-1,0.079821,0.108806,0.187014,0.293961,0.014188,0.31621
AAGCATACTCTCCTGA-1,0.05098,0.084859,0.447945,0.282143,0.002357,0.131717
AAGCCACTTGCAGGTA-1,0.099297,0.081814,0.130406,0.393274,0.102517,0.192692
AAGCCGAAGCGGTTTA-1,0.1951,0.073976,0.156753,0.165004,0.090537,0.31863
AAGCCGCCGTGAAATC-1,0.227762,0.194075,0.08424,0.037407,0.103775,0.352741
AAGCGCAGGGCTTTGA-1,0.068238,0.077247,0.587311,0.22223,0.001069,0.043905
AAGCGGCGTCATGGGT-1,0.005807,0.008221,0.125421,0.174583,0.023644,0.662323
AAGCGTCCCTCATCGA-1,0.241471,0.053316,0.205426,0.072784,0.271461,0.155542
AAGCTAGATCGAGTAA-1,0.159214,0.246448,0.083935,0.046392,0.076999,0.387012
AAGCTCGTGCCAAGTC-1,0.032298,0.03753,0.081698,0.159282,0.097244,0.591948
AAGCTCTTTCATGGTG-1,0.041664,0.013106,0.028179,0.13659,0.014557,0.765905
AAGGAGCGGTTGGTGC-1,0.011839,0.932676,0.026177,0.006928,0.021029,0.001351
AAGGATCGATCGCTTG-1,0.10733,0.501804,0.017168,0.025963,0.101859,0.245876
AAGGATGAGGGACCTC-1,0.199517,0.020598,0.257095,0.216931,0.047378,0.258481
AAGGCAGGCTGTCTCC-1,0.88072,0.000052,0.000105,0.021322,0.01453,0.083272
AAGGCGCGTAAAGCTT-1,0.124653,0.050125,0.303878,0.27668,0.122053,0.12261
AAGGCTGTGCTCATCG-1,0.000023,0.039855,0.057776,0.091899,0.047287,0.763161
AAGGGAACGACTGGCT-1,0.098903,0.152072,0.117846,0.158198,0.045558,0.427423
AAGGGACAGATTCTGT-1,0.199614,0.373604,0.214367,0.092363,0.027674,0.092379
AAGGGACTATGCATTC-1,0.204097,0.398633,0.053722,0.028048,0.070674,0.244825
AAGGGTTTGATTTCAG-1,0.403444,0.019362,0.002754,0.072674,0.098355,0.403411
AAGGTATCCTAATATA-1,0.027296,0.076183,0.369837,0.186122,0.01895,0.321613
AAGGTGATAAACCAGC-1,0.578203,0.000049,0.000097,0.000098,0.053816,0.367738
AAGTAGAAGACCGGGT-1,0.000696,0.047898,0.336051,0.313439,0.014798,0.287118
AAGTAGTGACGCGAGG-1,0.000014,0.14338,0.424298,0.30967,0.011066,0.111572
AAGTCAATTGTCGTCA-1,0.420326,0.014539,0.363783,0.09776,0.036436,0.067157
AAGTCTAGTAGCTGCC-1,0.496345,0.000273,0.000547,0.353565,0.000273,0.148996
AAGTCTTCTGTGGCCT-1,0.002706,0.073423,0.097406,0.151783,0.095452,0.57923
AAGTGACGACCGAATT-1,0.193724,0.056598,0.0343,0.195385,0.081354,0.43864
AAGTGAGTCGGGTTTA-1,0.081612,0.468256,0.023332,0.053583,0.166355,0.206863
AAGTGCAAAGGTAGAC-1,0.245058,0.002739,0.007732,0.100684,0.140602,0.503185
AAGTGCCTTGACTGTA-1,0.059575,0.024957,0.326651,0.382522,0.01259,0.193704
AAGTGCGTTAGAATCT-1,0.104384,0.049665,0.32136,0.222342,0.07951,0.222739
AAGTGCTTCTCTATTG-1,0.15838,0.294101,0.297221,0.14539,0.032141,0.072767
AAGTGTTTGGAGACGG-1,0.033663,0.07275,0.720027,0.088605,0.038494,0.046461
AAGTTCACTCCAAGCT-1,0.063789,0.046738,0.319087,0.282506,0.021273,0.266607
AAGTTCAGTCTGCGTA-1,0.391823,0.000042,0.086461,0.027286,0.032772,0.461615
AAGTTCGGCCAACAGG-1,0.078942,0.138522,0.386734,0.173613,0.044539,0.17765
AAGTTGTGATGTTATA-1,0.185216,0.005988,0.135676,0.223966,0.044778,0.404376
AAGTTTACTAATGGCA-1,0.012367,0.070521,0.391222,0.221575,0.06135,0.242965
AAGTTTATGGGCCCAA-1,0.654813,0.025058,0.197858,0.058872,0.01435,0.049048
AATAACAACGCTCGGC-1,0.000009,0.111058,0.603365,0.195081,0.016626,0.073862
AATAACACTAGAACAA-1,0.160488,0.094095,0.327492,0.166321,0.05201,0.199594
AATAAGTCCTCGAGAC-1,0.098426,0.050346,0.766144,0.075719,0.00151,0.007855
AATAATCTTCGTATCG-1,0.520638,0.000083,0.016019,0.117866,0.001474,0.34392
AATACAATGTTTCAGG-1,0.000032,0.030705,0.135709,0.218059,0.182658,0.432837
AATACCGGAGGGCTGT-1,0.285771,0.21237,0.357634,0.133917,0.002538,0.00777
AATACCTGATGTGAAC-1,0.060746,0.009551,0.175311,0.282305,0.014255,0.457832
AATAGAACAGAGTGGC-1,0.199085,0.068106,0.102171,0.098307,0.051458,0.480873
AATAGAATCTGTTTCA-1,0.99899,0.000112,0.000225,0.000225,0.000112,0.000337
AATAGCAAGCCTCCTG-1,0.003668,0.015309,0.288287,0.269199,0.000685,0.422851
AATAGCTACCGCGTGC-1,0.070375,0.090625,0.714729,0.078192,0.006001,0.040077
AATAGTCCGTCCCGAC-1,0.078589,0.102692,0.348723,0.287857,0.016064,0.166076
AATAGTCGCGAGTCGG-1,0.118906,0.148299,0.176579,0.288153,0.017562,0.250501
AATATCAAGGTCGGAT-1,0.022453,0.047746,0.124736,0.30282,0.078027,0.424218
AATATCCTAGCAAACT-1,0.071939,0.162844,0.094442,0.097848,0.112447,0.460481
AATATCGAATCAATGC-1,0.408287,0.03575,0.085855,0.123339,0.053441,0.293329
AATATCGAGGGTTCTC-1,0.136192,0.003093,0.058558,0.080522,0.126704,0.594931
AATATTGGAGTATTGA-1,0.014246,0.051373,0.35025,0.270606,0.091352,0.222172
AATCAGACTGCAGGAC-1,0.071642,0.000022,0.001814,0.018278,0.414584,0.49366
AATCAGGTTTCATTTA-1,0.062296,0.228141,0.383686,0.143879,0.144279,0.037719
AATCATGTAAAGACTC-1,0.999722,0.000031,0.000062,0.000062,0.000031,0.000093
AATCCAAGGGCCTGAG-1,0.000017,0.02586,0.301415,0.09052,0.552198,0.029989
AATCCATGCAAGGGTG-1,0.056632,0.210532,0.642295,0.067907,0.004555,0.018079
AATCGCCTCAGCGCCA-1,0.337251,0.133212,0.025451,0.10692,0.026487,0.37068
AATCGCGCAGAGGACT-1,0.998935,0.000118,0.000237,0.000237,0.000118,0.000355
AATCGGGACACTACGA-1,0.000016,0.304835,0.326596,0.104784,0.01111,0.252659
AATCGGTATAGCCCTC-1,0.999541,0.000051,0.000102,0.000102,0.000051,0.000153
AATCGTGAGCCGAGCA-1,0.117526,0.144182,0.566237,0.111312,0.014695,0.046048
AATCTAGGTTTACTTG-1,0.03037,0.146704,0.191548,0.063315,0.106671,0.461393
AATCTATGCCGGAGCC-1,0.273817,0.005491,0.240583,0.14508,0.000079,0.334951
AATCTCTACTGTGGTT-1,0.000012,0.275305,0.457442,0.178573,0.022797,0.065872
AATCTGCGTTGGGACG-1,0.012955,0.080789,0.699732,0.117149,0.018225,0.07115
AATCTGGCTTTCTAGT-1,0.034422,0.059318,0.094075,0.113071,0.088002,0.611113
AATCTGGGTAGACCCT-1,0.100961,0.000036,0.000071,0.009392,0.019642,0.869898
AATGACAGCAATGTCT-1,0.093539,0.166072,0.338121,0.084926,0.254132,0.063211
AATGACGTAGGATGTC-1,0.696718,0.069925,0.07942,0.040262,0.075183,0.038492
AATGACTGTCAGCCGG-1,0.000402,0.090659,0.319007,0.278005,0.007063,0.304864
AATGAGTTCGCATATG-1,0.061356,0.226746,0.635504,0.069783,0.002298,0.004313
AATGATGATACGCTAT-1,0.293486,0.114674,0.031496,0.091487,0.000153,0.468704
AATGATGCGACTCCTG-1,0.144482,0.219999,0.537747,0.082495,0.009659,0.005617
AATGCAACCGGGTACC-1,0.000014,0.077139,0.518297,0.269247,0.032647,0.102656
AATGCACCAAGCAATG-1,0.067166,0.000388,0.097863,0.187478,0.04392,0.603185
AATGGCCGCCAATGCG-1,0.102856,0.000077,0.000154,0.271029,0.00311,0.622773
AATGGTCCACCGTTCA-1,0.021302,0.123587,0.409695,0.313021,0.061483,0.070912
AATGGTTCTCACAAGC-1,0.001413,0.037344,0.295511,0.351283,0.020475,0.293973
AATGTATGGCACTGTA-1,0.176453,0.203715,0.264208,0.166155,0.082134,0.107334
AATGTGCCCGAGGTGT-1,0.235649,0.123476,0.093633,0.085961,0.153846,0.307435
AATGTGCTAATCTGAG-1,0.173043,0.184658,0.080746,0.120336,0.148247,0.29297
AATGTTGTCGTGAGAC-1,0.237511,0.088764,0.024524,0.080617,0.017466,0.551118
AATTAAAGGTCGGCGT-1,0.094673,0.564987,0.014338,0.024497,0.216404,0.085102
AATTAACGGATTTCCA-1,0.051344,0.046486,0.028438,0.24598,0.033431,0.594321
AATTACGAGACCCATC-1,0.365971,0.110308,0.392752,0.06465,0.050189,0.01613
AATTACTCGTACGCTC-1,0.018147,0.035773,0.047976,0.136891,0.082679,0.678533
AATTAGCGCTGCAGCG-1,0.017232,0.04806,0.185146,0.120863,0.448919,0.17978
AATTCATAAGGGATCT-1,0.838811,0.064339,0.029931,0.015949,0.026832,0.024137
AATTCATTGTCATGCA-1,0.116942,0.112294,0.119534,0.123316,0.122258,0.405655
AATTCCAAGCATGTAC-1,0.470302,0.029297,0.024058,0.140878,0.051632,0.283834
AATTCGATTCGAGGAT-1,0.9994,0.000067,0.000133,0.000133,0.000067,0.0002
AATTCTAGAGTTAGGC-1,0.025,0.13033,0.81468,0.026126,0.00382,0.000043
AATTGAACGCTCTGGT-1,0.999236,0.000085,0.00017,0.00017,0.000085,0.000255
AATTGCAGCAATCGAC-1,0.337645,0.021039,0.059546,0.146447,0.046896,0.388427
AATTGCGTGGATTACA-1,0.165709,0.203546,0.330244,0.047793,0.132584,0.120124
AATTGTGGTTGCCAAA-1,0.090557,0.036384,0.128143,0.397467,0.017929,0.32952
AATTTGGGACATAGTA-1,0.028712,0.015299,0.219278,0.054706,0.055252,0.626753
AATTTGGTTCCAAAGA-1,0.083774,0.009319,0.183605,0.148932,0.023784,0.550586
ACAAACCATGCGTCCT-1,0.449133,0.215533,0.008906,0.040942,0.097676,0.187812
ACAAAGAAGGTAGGCC-1,0.281771,0.261949,0.27761,0.108287,0.031352,0.039031
ACAAAGCATGACCTAG-1,0.999517,0.000054,0.000107,0.000107,0.000054,0.000161
ACAAATCGCACCGAAT-1,0.106458,0.267128,0.078163,0.104469,0.037823,0.405959
ACAAATGGTAGTGTTT-1,0.999252,0.000083,0.000166,0.000166,0.000083,0.000249
ACAAATTCAGATCTGA-1,0.136427,0.04681,0.184841,0.266277,0.054697,0.310949
ACAACAGCATGAGCTA-1,0.176903,0.016306,0.060449,0.192886,0.195006,0.35845
ACAACGGTCCCTGCGA-1,0.000018,0.106449,0.31193,0.223589,0.0202,0.337814
ACAAGCAGTGCCTAGC-1,0.006793,0.117314,0.091986,0.225488,0.145155,0.413264
ACAAGCTATATGGAAG-1,0.000021,0.201769,0.219401,0.202525,0.130946,0.245338
ACAAGGAAATCCGCCC-1,0.023754,0.040425,0.191398,0.287235,0.009729,0.447459
ACAAGGACAAGAGGTT-1,0.000388,0.152324,0.413492,0.262572,0.01889,0.152334
ACAAGGATGCTTTAGG-1,0.099212,0.018006,0.409492,0.276512,0.047288,0.149489
ACAAGGCCTACCAGCC-1,0.00008,0.014383,0.055084,0.27046,0.00008,0.659913
ACAAGGGCAGGCTCTG-1,0.074508,0.192922,0.416054,0.232669,0.031172,0.052674
ACAATAGTCGTACGTT-1,0.142732,0.098652,0.018336,0.048615,0.1541,0.537565
ACAATCCATTTAAACC-1,0.000013,0.076948,0.353485,0.337361,0.07032,0.161873
ACAATGAATACGGAGA-1,0.691268,0.000087,0.052922,0.019813,0.067558,0.168351
ACAATGATTCTTCTAC-1,0.028078,0.011418,0.125317,0.179536,0.00119,0.654462
ACAATTGTGTCTCTTT-1,0.848421,0.011644,0.024902,0.004325,0.097514,0.013193
ACAATTTAGGAGGCTC-1,0.03815,0.082291,0.496808,0.263541,0.022181,0.097028
ACAATTTGAGCAGTGG-1,0.035756,0.136528,0.757435,0.069124,0.000013,0.001144
ACACAAAGACGGGTGG-1,0.00002,0.041512,0.189448,0.30415,0.075532,0.389339
ACACAAATATTCCTAG-1,0.013602,0.024322,0.205431,0.169117,0.009981,0.577548
ACACACCAGGACCAGT-1,0.99782,0.000242,0.000484,0.000484,0.000242,0.000727
ACACACTTTCTACACG-1,0.000023,0.034482,0.449289,0.248742,0.000361,0.267103
ACACATGATCAAATCT-1,0.05269,0.094377,0.580714,0.092995,0.093756,0.085468
ACACATTGACGCAACA-1,0.00037,0.025108,0.086058,0.438962,0.00004,0.449463
ACACATTTCCGTAGAC-1,0.497098,0.003018,0.000077,0.010479,0.036078,0.453251
ACACCACATAATTAGC-1,0.388325,0.000071,0.000888,0.017409,0.386787,0.20652
ACACCCAGCATGCAGC-1,0.018899,0.019801,0.258693,0.331775,0.009427,0.361405
ACACCCGAGAAATCCG-1,0.019324,0.051466,0.187283,0.186189,0.264803,0.290934
ACACCGAGCGCTCTTT-1,0.005014,0.079907,0.312797,0.334187,0.029845,0.238249
ACACCGGTCTGACCGC-1,0.542276,0.022026,0.031379,0.043395,0.024875,0.336048
ACACCTTAAGTAGGGC-1,0.083026,0.067098,0.328933,0.285237,0.047624,0.188082
ACACCTTACTACTTGC-1,0.1924,0.07259,0.377871,0.155537,0.02074,0.180861
ACACGAGACTCCTTCT-1,0.163827,0.023664,0.201748,0.26742,0.067208,0.276133
ACACGGCACTATGCAT-1,0.008096,0.033934,0.228798,0.303669,0.033688,0.391815
ACACGGGAACTTAGGG-1,0.166358,0.052609,0.169848,0.080505,0.108056,0.422623
ACACGTAGGCCACAAG-1,0.078724,0.069795,0.571591,0.130781,0.116271,0.032839
ACACTCCAATGTCACT-1,0.004591,0.176871,0.734671,0.052341,0.026058,0.005469
ACACTGATCAAGGTGT-1,0.237229,0.07444,0.167239,0.165324,0.021017,0.334751
ACACTGGGACAGTCGT-1,0.998611,0.000154,0.000309,0.000309,0.000154,0.000463
ACAGAACTGAGAACAA-1,0.312962,0.092765,0.446939,0.083244,0.037149,0.026942
ACAGATTAGGTTAGTG-1,0.00002,0.454582,0.196195,0.092615,0.001669,0.254919
ACAGCATAGAGCCAGT-1,0.009267,0.13209,0.523326,0.133948,0.013506,0.187862
ACAGCGACATTCTCAT-1,0.99926,0.000082,0.000165,0.000165,0.000082,0.000247
ACAGCGCACCCGCAGC-1,0.141714,0.151033,0.507667,0.078593,0.031354,0.08964
ACAGGCACGGATCCTT-1,0.065136,0.072965,0.407404,0.20601,0.023625,0.22486
ACAGGCTTGCCCGACT-1,0.845304,0.000037,0.046102,0.056905,0.029909,0.021744
ACAGGTGGAGGTGAGG-1,0.098455,0.109242,0.167072,0.087733,0.325952,0.211547
ACAGGTGTGTTGTTGC-1,0.059675,0.116702,0.531471,0.206783,0.007898,0.077471
ACAGTAATACAACTTG-1,0.158085,0.069298,0.227156,0.234444,0.03722,0.273796
ACAGTATACCGTGGGA-1,0.068865,0.071265,0.625322,0.163346,0.013835,0.057369
ACATAAGTCGTGGTGA-1,0.058005,0.237629,0.501445,0.115393,0.031953,0.055575
ACATAATAAGGCGGTG-1,0.000722,0.03641,0.432471,0.233789,0.01536,0.281248
ACATCAGCTGGGACGC-1,0.020761,0.197561,0.113912,0.226267,0.022743,0.418756
ACATCCCGGCCATACG-1,0.10584,0.056265,0.165978,0.342928,0.02142,0.307569
ACATCCTGGTAACTGT-1,0.051631,0.016499,0.063517,0.214537,0.071506,0.582309
ACATCGATCGTTTACC-1,0.021138,0.091664,0.244148,0.0567,0.245255,0.341095
ACATCGGTCAGCCGCG-1,0.003296,0.15938,0.679332,0.103518,0.025041,0.029433
ACATCGTATGCAATGG-1,0.577248,0.055357,0.083601,0.056953,0.022826,0.204016
ACATCGTTAACCTAGT-1,0.000016,0.195148,0.438379,0.129524,0.054607,0.182327
ACATCTCAACGCGTAA-1,0.000028,0.040758,0.009866,0.07559,0.009633,0.864125
ACATGGCGCCAAAGTA-1,0.286612,0.010163,0.064559,0.167674,0.004086,0.466907
ACATGGCTCAATTTAG-1,0.034744,0.088114,0.254368,0.158577,0.022287,0.44191
ACATTAGTTTATATCC-1,0.058239,0.15728,0.22659,0.203778,0.023164,0.330949
ACATTCGCGCGGAATA-1,0.06953,0.164885,0.129672,0.223708,0.015238,0.396967
ACATTTGAAACCTAAC-1,0.019749,0.026593,0.384328,0.350993,0.009072,0.209265
ACCAAACACCCAGCGA-1,0.084855,0.10876,0.273624,0.179199,0.162009,0.191553
ACCAACACCACACACT-1,0.343335,0.000026,0.018212,0.038667,0.06246,0.5373
ACCAACCGCACTCCAC-1,0.263896,0.022962,0.486029,0.153973,0.029837,0.043304
ACCAACGCTTATTTAT-1,0.188463,0.083218,0.338976,0.11941,0.01277,0.257163
ACCAAGAACGCGTGTC-1,0.000019,0.037003,0.093021,0.253761,0.284644,0.331551
ACCAAGTCATCGGCAG-1,0.134189,0.008398,0.305712,0.234768,0.081052,0.23588
ACCAATATGCAAGTTA-1,0.055734,0.000029,0.002263,0.136325,0.012558,0.793091
ACCACAACTCAGAACA-1,0.055845,0.025845,0.052682,0.257299,0.000028,0.608302
ACCACAAGTTTCTATC-1,0.126467,0.056102,0.084251,0.241141,0.059651,0.432388
ACCACCAATGTAACAA-1,0.195449,0.014306,0.133728,0.173521,0.049,0.433996
ACCACCCTCTCTTCTA-1,0.421617,0.189692,0.000087,0.011316,0.020864,0.356424
ACCACGTGCAGCTATA-1,0.019702,0.063375,0.211928,0.226268,0.050073,0.428654
ACCACTGTTCAAGAAG-1,0.015109,0.314713,0.015147,0.113795,0.025377,0.515859
ACCAGACCATAACAAC-1,0.047792,0.1021,0.434141,0.165644,0.016031,0.234292
ACCAGCCCGGTCTTTG-1,0.000019,0.041799,0.238843,0.259593,0.000019,0.459727
ACCAGTGCCCGGTCAA-1,0.001045,0.049132,0.478681,0.228734,0.035774,0.206634
ACCAGTGCGGGAGACG-1,0.768569,0.230763,0.000167,0.000167,0.000083,0.00025
ACCATATCCGCAATAA-1,0.015973,0.0782,0.140758,0.168172,0.040083,0.556815
ACCATCCGCCAACTAG-1,0.00311,0.070644,0.556012,0.243459,0.042282,0.084493
ACCATCGTATATGGTA-1,0.033837,0.464963,0.010928,0.170071,0.06088,0.259322
ACCATTAAGGGTGTCA-1,0.00224,0.134815,0.236815,0.346096,0.000043,0.279992
ACCCAACGCCCGTGGC-1,0.011691,0.027039,0.607963,0.239865,0.000039,0.113402
ACCCACCTACATGCTC-1,0.001625,0.105187,0.317519,0.282729,0.030364,0.262575
ACCCATCTTGAGGGTA-1,0.00002,0.210243,0.289015,0.210192,0.13685,0.15368
ACCCATTTGTCCCTCT-1,0.999387,0.000068,0.000136,0.000136,0.000068,0.000204
ACCCGAGCGAAATTAC-1,0.123604,0.142002,0.098564,0.074642,0.091291,0.469896
ACCCGATTGGTTCCGA-1,0.026475,0.088003,0.296677,0.266695,0.079512,0.242639
ACCCGGAAACTCCCAG-1,0.134642,0.014379,0.169586,0.29799,0.15513,0.228273
ACCCGGAGCACCACAA-1,0.330326,0.153737,0.269767,0.11649,0.061256,0.068424
ACCCGGATGACGCATC-1,0.144357,0.034658,0.559789,0.174728,0.044035,0.042434
ACCCGGTTACACTTCC-1,0.024901,0.074166,0.092932,0.109864,0.232928,0.465209
ACCCGTAGCAGAGAAT-1,0.198695,0.711517,0.027522,0.016953,0.026476,0.018838
ACCCGTAGTCTAGTTG-1,0.056186,0.002491,0.178207,0.243556,0.056566,0.462994
ACCCGTGTCATCAGTA-1,0.15563,0.093903,0.21819,0.241692,0.005004,0.285581
ACCCTATAGGACTGAG-1,0.000025,0.026194,0.154453,0.160992,0.404609,0.253727
ACCCTATGCCATATCG-1,0.226437,0.05491,0.036246,0.041564,0.051782,0.589061
ACCCTCCCGTCAGGGC-1,0.882465,0.008926,0.000067,0.004857,0.000033,0.103652
ACCCTCCCTTGCTATT-1,0.998838,0.000129,0.000258,0.000258,0.000129,0.000387
ACCCTGGTAACGCCCT-1,0.160764,0.04198,0.194829,0.127278,0.029255,0.445894
ACCCTTCATCTGCGAA-1,0.000022,0.058643,0.559582,0.226239,0.000256,0.155258
ACCCTTTAGTTCTCCA-1,0.099587,0.004048,0.008472,0.043623,0.02914,0.81513
ACCGAAAGGGCCCTGC-1,0.02667,0.068165,0.231276,0.142653,0.102907,0.428328
ACCGAAGAGTCTGGTT-1,0.358557,0.062194,0.299332,0.118984,0.077731,0.083202
ACCGACACATCTCCCA-1,0.007296,0.43818,0.255951,0.152378,0.028339,0.117857
ACCGACTGAGTCCCAC-1,0.020944,0.126236,0.749808,0.065481,0.014499,0.023031
ACCGAGTCTCCTTATT-1,0.453022,0.031685,0.059801,0.184,0.005472,0.26602
ACCGATAGGCATAACC-1,0.998585,0.000157,0.000315,0.000315,0.000157,0.000472
ACCGATATTTAATCAT-1,0.338924,0.034925,0.008866,0.064551,0.014335,0.538398
ACCGATGGTAGCATCG-1,0.250526,0.023048,0.112394,0.28893,0.026763,0.298339
ACCGCAATAACTGCCT-1,0.006679,0.044083,0.269616,0.166851,0.005606,0.507165
ACCGCGGTGGAAGTCG-1,0.007287,0.250548,0.314943,0.253729,0.011384,0.16211
ACCGCTAGTCATTGGT-1,0.147762,0.203559,0.242747,0.305529,0.00082,0.099583
ACCGGGCCTTTGTTGA-1,0.549187,0.000047,0.011452,0.000095,0.101542,0.337677
ACCGGTCAGGTACACC-1,0.060166,0.087294,0.391353,0.106623,0.163046,0.191519
ACCGGTCTGAGTACGG-1,0.012564,0.004576,0.035957,0.1706,0.011178,0.765124
ACCGTCCACTGGGCCC-1,0.328206,0.139298,0.203709,0.214017,0.079156,0.035613
ACCGTGACCACGTGGG-1,0.998777,0.000136,0.000272,0.000272,0.000136,0.000408
ACCGTTCCCGCTCTGA-1,0.056603,0.000038,0.000075,0.083291,0.000038,0.859956
ACCTAAGTACCTTTCA-1,0.578381,0.060009,0.259932,0.013106,0.088379,0.000194
ACCTAATCGACTTCCT-1,0.025318,0.092542,0.355706,0.137555,0.025714,0.363166
ACCTACAGTATGTGGT-1,0.437867,0.000038,0.043198,0.065567,0.039671,0.41366
ACCTACTATAAATCTA-1,0.54296,0.000061,0.009391,0.003581,0.138122,0.305885
ACCTCCGCCCTCGCTG-1,0.155983,0.344619,0.10691,0.120985,0.049074,0.222428
ACCTCCGTTATTCACC-1,0.10769,0.07318,0.216844,0.304462,0.037559,0.260264
ACCTCGAACTTATGCT-1,0.559814,0.063163,0.076823,0.070235,0.054763,0.175202
ACCTGCGTGTCATGTT-1,0.074518,0.051923,0.223241,0.117692,0.131187,0.401439
ACGAAATGGGCGGCAC-1,0.001804,0.09478,0.206978,0.237909,0.041002,0.417528
ACGACTCTAGGGCCGA-1,0.002936,0.029327,0.780864,0.178417,0.000012,0.008444
ACGACTGGTCATACTC-1,0.471036,0.150932,0.14555,0.106816,0.057232,0.068433
ACGAGAACCCATCACG-1,0.109628,0.112192,0.421007,0.151429,0.029551,0.176192
ACGAGATATTTGCTTA-1,0.037052,0.019868,0.29421,0.243706,0.078752,0.326412
ACGAGGATACCACTCT-1,0.117405,0.271609,0.110434,0.068354,0.199824,0.232374
ACGAGGTTTACAACGT-1,0.352874,0.065939,0.195903,0.160461,0.07628,0.148543
ACGAGTACGGATGCCC-1,0.297765,0.024189,0.081404,0.158123,0.010547,0.427972
ACGAGTCGCCGGCGTT-1,0.00002,0.047579,0.264943,0.253155,0.008009,0.426294
ACGATACATAGAACTA-1,0.000016,0.114075,0.385227,0.290964,0.0294,0.180318
ACGATACCTATCCTGA-1,0.000017,0.457505,0.109691,0.174441,0.004626,0.25372
ACGATCATACATAGAG-1,0.059997,0.073344,0.192999,0.248823,0.005303,0.419534
ACGATCATCTTGTAAA-1,0.998887,0.000124,0.000247,0.000247,0.000124,0.000371
ACGATGCATATGTTAT-1,0.047185,0.137988,0.508756,0.104388,0.109169,0.092513
ACGATGGATCCGATGC-1,0.001735,0.047262,0.383537,0.245746,0.069171,0.25255
ACGCAAACTAATAGAT-1,0.083224,0.246837,0.141415,0.158985,0.028718,0.34082
ACGCAATCACTACAGC-1,0.097609,0.085905,0.311706,0.115707,0.031667,0.357406
ACGCATAAATGACATG-1,0.006978,0.035974,0.309037,0.147251,0.002533,0.498227
ACGCATACGTTTACTA-1,0.854671,0.000049,0.000098,0.000098,0.072626,0.072457
ACGCATTCGTGAGTAC-1,0.147395,0.089589,0.258557,0.221071,0.006444,0.276944
ACGCCAGATGATTTCT-1,0.029376,0.07957,0.643395,0.095023,0.028992,0.123644
ACGCCAGTGCGTTTGC-1,0.080234,0.112523,0.186425,0.137682,0.050134,0.433001
ACGCCCAGCTGTCGAT-1,0.011772,0.112594,0.175621,0.331866,0.009114,0.359034
ACGCCGCTAGACGACC-1,0.431117,0.024654,0.027357,0.022534,0.177258,0.317079
ACGCGAAGTCAGACGA-1,0.064159,0.129749,0.127384,0.251917,0.033967,0.392823
ACGCGCTACACAGGGT-1,0.011406,0.152743,0.39363,0.201317,0.051664,0.18924
ACGCGGGCCAAGGACA-1,0.089173,0.030377,0.4207,0.172797,0.025923,0.26103
ACGCGTTTCTTAAGAG-1,0.027529,0.107716,0.34317,0.297225,0.036746,0.187613
ACGCTAGTGATACACT-1,0.103998,0.077962,0.571873,0.131477,0.062947,0.051743
ACGCTGTGAGGCGTAG-1,0.000009,0.278098,0.657438,0.058269,0.001132,0.005054
ACGGAACACGAGTGCC-1,0.003243,0.072647,0.255327,0.238819,0.027632,0.402333
ACGGAATTTAGCAAAT-1,0.015583,0.043825,0.120127,0.238474,0.080794,0.501197
ACGGACGCAGCGACAA-1,0.209713,0.024746,0.046186,0.015627,0.078079,0.625649
ACGGACTCTCAAAGCG-1,0.881371,0.000062,0.000125,0.000125,0.014848,0.10347
ACGGAGCGCAAATTAC-1,0.999383,0.000069,0.000137,0.000137,0.000069,0.000206
ACGGATGGTGCGGATA-1,0.026871,0.00461,0.136665,0.265492,0.004746,0.561616
ACGGCACTTGCTTGGG-1,0.000018,0.089555,0.54901,0.18442,0.059837,0.117159
ACGGCCAACATGGACT-1,0.016135,0.179922,0.579654,0.108247,0.070818,0.045224
ACGGCGACGATGGGAA-1,0.038714,0.130307,0.657995,0.138227,0.013335,0.021422
ACGGCGGGTTGCCCTG-1,0.028216,0.174976,0.485554,0.165953,0.018343,0.126957
ACGGCTGGATGTAGAA-1,0.074902,0.28276,0.489829,0.115241,0.01319,0.024077
ACGGGAGTGTCGGCCC-1,0.039525,0.080054,0.276657,0.15899,0.13895,0.305823
ACGGGCGTATGCGACA-1,0.226326,0.051621,0.063202,0.188219,0.025922,0.44471
ACGGGTCATGTGACTT-1,0.045817,0.030097,0.256556,0.238343,0.017553,0.411634
ACGGGTTGTGACCTGT-1,0.534002,0.070198,0.042122,0.000141,0.353325,0.000211
ACGGTACAGTTCAATG-1,0.047472,0.014708,0.587154,0.19112,0.000019,0.159527
ACGGTCACCGAGAACA-1,0.168379,0.075215,0.083508,0.136111,0.152507,0.38428
ACGTACAGATTTCTCT-1,0.020403,0.135947,0.39663,0.285104,0.01163,0.150287
ACGTACTTTGGCACGG-1,0.032386,0.385346,0.163491,0.202885,0.033718,0.182173
ACGTAGATTGCTGATG-1,0.005043,0.053838,0.287189,0.100456,0.073931,0.479543
ACGTAGGAGAGTCGCT-1,0.399612,0.041713,0.143595,0.161988,0.093856,0.159236
ACGTATTACTCCGATC-1,0.10404,0.072959,0.257537,0.366179,0.010244,0.189041
ACGTCGGGCAACTCGG-1,0.311189,0.126239,0.417365,0.075359,0.031123,0.038724
ACGTCTCGTTCCGGGA-1,0.002954,0.118501,0.499713,0.264522,0.023057,0.091253
ACGTGACAAAGTAAGT-1,0.065352,0.072453,0.518091,0.159315,0.100481,0.084307
ACGTGCGCCTCGTGCA-1,0.000029,0.061556,0.19466,0.1105,0.027672,0.605583
ACGTTAATGTCGAAGA-1,0.088461,0.092476,0.556511,0.132986,0.037782,0.091785
ACGTTAGATTTGCCCG-1,0.000016,0.212255,0.517222,0.209448,0.001862,0.059197
ACGTTATTGGTCACTC-1,0.000041,0.073219,0.280004,0.206769,0.041357,0.39861
ACGTTCACTATGCCGC-1,0.259509,0.019991,0.000672,0.085646,0.065002,0.56918
ACGTTCCGCGCTCCGT-1,0.004581,0.207109,0.717513,0.06543,0.002846,0.00252
ACGTTCGCAATCAATT-1,0.105776,0.019386,0.025395,0.056451,0.053037,0.739956
ACGTTCGTTCAGGAAA-1,0.224082,0.020934,0.045583,0.052584,0.265258,0.39156
ACGTTCTGTACAAGTC-1,0.245146,0.108256,0.142889,0.219473,0.009799,0.274437
ACGTTTAGTTGTGATC-1,0.000032,0.065693,0.395402,0.38286,0.013897,0.142115
ACTAATACGTCAGGCG-1,0.000015,0.035082,0.402778,0.185906,0.012267,0.363952
ACTACAAAGAGAGGTG-1,0.089766,0.089767,0.412272,0.350956,0.004789,0.05245
ACTACATCCCGACAAG-1,0.320377,0.48864,0.005939,0.004404,0.083366,0.097274
ACTACCAGCTCTCTGG-1,0.024848,0.044125,0.495282,0.217625,0.050294,0.167826
ACTACCATCCGAGGGC-1,0.148566,0.01554,0.005834,0.096843,0.028507,0.704709
ACTACGCGTTAGAATT-1,0.815864,0.000073,0.000146,0.043188,0.000073,0.140656
ACTAGTTGCGATCGTC-1,0.323481,0.047503,0.18935,0.156688,0.058276,0.224703
ACTATATGCTGTGTTC-1,0.015814,0.027439,0.170264,0.073707,0.125286,0.587491
ACTATCCAGGGCATGG-1,0.152666,0.412239,0.126721,0.052358,0.031026,0.22499
ACTATCGCCGGCTAAA-1,0.00001,0.18581,0.643111,0.121823,0.00516,0.044086
ACTATCTGCCCGCGTA-1,0.182598,0.065399,0.229765,0.20772,0.076363,0.238156
ACTATGTCCAGCTGCC-1,0.164735,0.06499,0.085445,0.087568,0.138026,0.459237
ACTATTCGTCCGTGGT-1,0.061715,0.031376,0.386916,0.11541,0.020102,0.38448
ACTATTTCCGGGCCCA-1,0.999049,0.000106,0.000211,0.000211,0.000106,0.000317
ACTCAACGAATGTATT-1,0.04522,0.0565,0.309014,0.268657,0.076488,0.244121
ACTCAAGTGCAAGGCT-1,0.059907,0.01093,0.291716,0.427281,0.02068,0.189486
ACTCAATAAAGGCACG-1,0.037741,0.081564,0.677298,0.095221,0.026826,0.081351
ACTCAGACCTGCTTCT-1,0.029232,0.154856,0.756463,0.048339,0.003843,0.007267
ACTCATGGCAGCCTTC-1,0.162383,0.127313,0.28287,0.105802,0.057162,0.264471
ACTCCAATATCATCAT-1,0.206061,0.141723,0.401513,0.151048,0.027625,0.07203
ACTCCCATTCCTAAAG-1,0.046283,0.014511,0.078776,0.139261,0.312338,0.40883
ACTCCCGAATTCGTTT-1,0.188168,0.08031,0.382892,0.166043,0.026297,0.156289
ACTCCCGTAGACTAGG-1,0.997921,0.000231,0.000462,0.000462,0.000231,0.000693
ACTCCCTAATGCTAAA-1,0.018183,0.060453,0.540472,0.284489,0.013579,0.082823
ACTCCCTAGAATAGTA-1,0.998804,0.000133,0.000266,0.000266,0.000133,0.000399
ACTCGATGTATTTCAT-1,0.005864,0.029879,0.09715,0.453934,0.041098,0.372074
ACTCGCCGTTCGATAA-1,0.333515,0.015103,0.356376,0.262311,0.000034,0.032662
ACTCGTAACCCGTCCT-1,0.11021,0.09988,0.147482,0.121955,0.108731,0.411742
ACTCGTCAGTAATCCC-1,0.137457,0.24237,0.118824,0.159508,0.070933,0.270907
ACTCTAAACCTGGGAT-1,0.011347,0.044004,0.099397,0.14704,0.043369,0.654844
ACTCTCTGACTTAGGT-1,0.65924,0.240176,0.000136,0.000136,0.038889,0.061423
ACTCTCTTATACACGA-1,0.01982,0.056055,0.433357,0.079509,0.031756,0.379502
ACTCTGACCTAATAGA-1,0.211403,0.042837,0.127777,0.262021,0.011127,0.344835
ACTCTTGTATAGTAAC-1,0.148647,0.009076,0.036941,0.050759,0.090173,0.664404
ACTGAAACGCCGTTAG-1,0.569647,0.00003,0.000059,0.01016,0.062883,0.357221
ACTGAATGGCGAAAGT-1,0.99907,0.000103,0.000207,0.000207,0.000103,0.00031
ACTGATTTAGTGATTC-1,0.000054,0.000054,0.000109,0.004186,0.000639,0.994958
ACTGCCCGCCATTCTC-1,0.163723,0.109465,0.05889,0.099572,0.09665,0.4717
ACTGCCGTCGTAACTC-1,0.001396,0.126286,0.666851,0.163718,0.004504,0.037246
ACTGCGGACACACCGT-1,0.034197,0.018841,0.079943,0.092839,0.025522,0.748659
ACTGCTCGGAAGGATG-1,0.086045,0.056151,0.206926,0.17058,0.083862,0.396434
ACTGGGATGCCAGTGC-1,0.525912,0.059265,0.174463,0.180957,0.014534,0.04487
ACTGTACGATACACAT-1,0.098163,0.059327,0.193343,0.105959,0.162723,0.380485
ACTGTAGCACTTTGGA-1,0.000022,0.074717,0.32069,0.317123,0.002346,0.285102
ACTGTATACGCGAGCA-1,0.243104,0.048382,0.142124,0.205239,0.111042,0.25011
ACTGTCCAGGATTATA-1,0.075654,0.046216,0.184451,0.279092,0.037367,0.377221
ACTGTCTTCTTTAGAA-1,0.061549,0.043547,0.091545,0.108106,0.082945,0.612309
ACTGTGCTAGTAGATC-1,0.000011,0.52046,0.458719,0.018319,0.002456,0.000034
ACTTACCGGGCGCGCA-1,0.000023,0.032144,0.10768,0.189972,0.007715,0.662466
ACTTACGCATCCACGC-1,0.252272,0.011888,0.015079,0.155164,0.014641,0.550955
ACTTAGTACGACAAGA-1,0.009432,0.050524,0.329168,0.259257,0.009679,0.34194
ACTTATACTTACCCGG-1,0.014329,0.043606,0.312789,0.243665,0.011918,0.373693
ACTTATTAGGATCGGT-1,0.044329,0.051142,0.484484,0.209776,0.02758,0.182689
ACTTATTTATGTGCCA-1,0.99858,0.000158,0.000316,0.000316,0.000158,0.000473
ACTTCAGGCTGATCCC-1,0.050973,0.323912,0.534302,0.077082,0.008971,0.004762
ACTTCCAGTGGAAGCT-1,0.000019,0.133706,0.220361,0.230506,0.007859,0.407548
ACTTCCATGCGGGACA-1,0.057961,0.041915,0.455703,0.246923,0.023312,0.174186
ACTTCGCCATACGCAC-1,0.097005,0.096246,0.333811,0.342272,0.006941,0.123724
ACTTGACTCCCTCTTT-1,0.250668,0.002766,0.015402,0.072669,0.31737,0.341125
ACTTGCCATATTGTAC-1,0.000016,0.042682,0.467205,0.101788,0.001928,0.386382
ACTTGCTCTATCTACC-1,0.284246,0.00926,0.000104,0.10886,0.155188,0.442341
ACTTGGGACCCGGTGG-1,0.083066,0.453365,0.080886,0.088781,0.046143,0.247758
ACTTGTAGTCCCTTCA-1,0.07854,0.156202,0.656571,0.096853,0.002358,0.009477
ACTTGTGGATGGAACG-1,0.331933,0.023153,0.35775,0.108954,0.10099,0.077219
ACTTTACCCTCATGAA-1,0.142383,0.008128,0.091825,0.090698,0.042666,0.6243
ACTTTATACACCACTT-1,0.119059,0.196543,0.035596,0.041554,0.342464,0.264785
ACTTTCCTATAGCTTC-1,0.100075,0.039554,0.157154,0.092377,0.055113,0.555727
ACTTTGACTGCATCCT-1,0.000015,0.369861,0.206999,0.202537,0.038457,0.182132
ACTTTGGTCGTGCTCC-1,0.755204,0.066393,0.000146,0.021202,0.021443,0.135611
ACTTTGTCGACGCACT-1,0.22213,0.397714,0.01141,0.038966,0.041391,0.288389
AGAAATTATGACTCGC-1,0.197826,0.106952,0.187474,0.193257,0.093985,0.220506
AGAACCCTCAATTGGG-1,0.118812,0.089891,0.174343,0.102106,0.223892,0.290956
AGAACGTGGTACATTC-1,0.283606,0.056748,0.421266,0.110184,0.061039,0.067156
AGAACTGTACTTTGTA-1,0.004855,0.000167,0.065088,0.134936,0.01096,0.783995
AGAAGAGCGCCGTTCC-1,0.090203,0.000327,0.000654,0.000654,0.413966,0.494197
AGAAGGTACACTTCAC-1,0.09231,0.039877,0.195571,0.116032,0.119779,0.436431
AGAAGGTTGCCGAATT-1,0.017025,0.05155,0.100545,0.270018,0.02896,0.531903
AGAAGGTTGTAGGTCG-1,0.33477,0.083791,0.50331,0.072101,0.001186,0.004842
AGAAGTGATTCGTGAT-1,0.458157,0.166295,0.264995,0.053958,0.04156,0.015035
AGAATAAATCTTCAGG-1,0.000009,0.236023,0.627629,0.112203,0.006082,0.018054
AGAATGCGGGTTCGGA-1,0.08964,0.03419,0.599502,0.181134,0.004502,0.091033
AGAATTATGGATTCGA-1,0.63825,0.038013,0.250644,0.039011,0.010743,0.023339
AGAATTGTTTGACATA-1,0.000013,0.044132,0.695684,0.184672,0.006119,0.06938
AGACAGCTCAGAATCC-1,0.000015,0.107087,0.73454,0.11447,0.026158,0.01773
AGACAGGCATCTCAGC-1,0.08111,0.040105,0.616301,0.197639,0.002908,0.061937
AGACATAGATCCTTCC-1,0.000029,0.121957,0.225282,0.129773,0.041488,0.481471
