Barcode,Topic 1,Topic 2,Topic 3to5,Topic 6to8
AAACAAGTATCTCCCA-1,0.002278,0.01484,0.644186,0.338696
AAACACCAATAACTGC-1,0.000499,0.936389,0.001497,0.061615
AAACAGAGCGACTCCT-1,0.019201,0.017228,0.426777,0.536794
AAACAGCTTTCAGAAG-1,0.000103,0.262835,0.129527,0.607535
AAACAGGGTCTATATT-1,0.000083,0.326704,0.191231,0.481982
AAACATGGTGAGAGGA-1,0.132711,0.695263,0.017108,0.154918
AAACATTTCCCGGATT-1,0.022045,0.004931,0.538238,0.434785
AAACCCGAACGAAATC-1,0.000036,0.020602,0.609928,0.369434
AAACCGGAAATGTTAA-1,0.151915,0.002487,0.103808,0.74179
AAACCGGGTAGGTACC-1,0.389962,0.539326,0.070337,0.000376
AAACCGTTCGTCCAGG-1,0.009659,0.088557,0.570384,0.3314
AAACCTAAGCAGCCGG-1,0.029724,0.093983,0.540416,0.335877
AAACCTCATGAAGTTG-1,0.28329,0.643602,0.000142,0.072966
AAACGAAGATGGAGTA-1,0.000804,0.104738,0.709286,0.185172
AAACGAGACGGTTGAT-1,0.05873,0.001012,0.468367,0.471891
AAACGCTGGGCACGAC-1,0.080154,0.039894,0.661932,0.21802
AAACGGGCGTACGGGT-1,0.000065,0.000065,0.257498,0.742372
AAACGGTTGCGAACTG-1,0.000067,0.000067,0.423778,0.576088
AAACGTGTTCGCCCTA-1,0.097014,0.084448,0.002353,0.816185
AAACTAACGTGGCGAC-1,0.020559,0.043728,0.000212,0.935501
AAACTCGGTTCGCAAT-1,0.000081,0.000081,0.37284,0.626998
AAACTCGTGATATAAG-1,0.151645,0.066253,0.66653,0.115572
AAACTGCTGGCTCCAA-1,0.000102,0.026552,0.070252,0.903094
AAACTTAATTGCACGC-1,0.00014,0.792813,0.00042,0.206627
AAACTTGCAAACGTAT-1,0.000098,0.775265,0.000295,0.224342
AAAGAATGACCTTAGA-1,0.015677,0.412014,0.113633,0.458676
AAAGAATGTGGACTAA-1,0.020472,0.028243,0.438829,0.512456
AAAGACCCAAGTCGCG-1,0.000058,0.000058,0.017274,0.982611
AAAGACTGGGCGCTTT-1,0.00005,0.019736,0.54808,0.432134
AAAGCTTGCCTACATA-1,0.000074,0.086259,0.142514,0.771152
AAAGGCCCTATAATAC-1,0.004884,0.178023,0.009188,0.807905
AAAGGCTACGGACCAT-1,0.000056,0.000056,0.092754,0.907135
AAAGGCTCTCGCGCCG-1,0.000101,0.051864,0.129066,0.818969
AAAGGGATGTAGCAAG-1,0.000585,0.655248,0.172453,0.171714
AAAGGGCAGCTTGAAT-1,0.000114,0.20732,0.000343,0.792223
AAAGGTAAGCTGTACC-1,0.125766,0.258043,0.128765,0.487426
AAAGTAGCATTGCTCA-1,0.000131,0.759607,0.000393,0.239868
AAAGTCACTGATGTAA-1,0.000052,0.004849,0.498727,0.496372
AAAGTCGACCCTCAGT-1,0.060326,0.939464,0.000105,0.000105
AAAGTGCCATCAATTA-1,0.000029,0.000029,0.732519,0.267423
AAAGTGTGATTTATCT-1,0.000083,0.038913,0.410485,0.550519
AAAGTTGACTCCCGTA-1,0.058031,0.007898,0.169077,0.764994
AAATAACCATACGGGA-1,0.321246,0.263083,0.000481,0.41519
AAATAAGGTAGTGCCC-1,0.004546,0.071044,0.040377,0.884032
AAATACCTATAAGCAT-1,0.016104,0.000136,0.12671,0.85705
AAATAGCTTAGACTTT-1,0.070113,0.174446,0.398054,0.357387
AAATAGGGTGCTATTG-1,0.000088,0.011866,0.25154,0.736506
AAATCCGATACACGCC-1,0.000037,0.000037,0.774561,0.225365
AAATCGCGGAAGGAGT-1,0.000099,0.188267,0.263434,0.5482
AAATCGTGTACCACAA-1,0.00014,0.00014,0.000421,0.999299
AAATCTAGCCCTGCTA-1,0.664037,0.3355,0.000232,0.000232
AAATGATTCGATCAGC-1,0.000106,0.04444,0.000317,0.955137
AAATGCTCGTTACGTT-1,0.039963,0.082935,0.121662,0.75544
AAATGGCATGTCTTGT-1,0.000099,0.000099,0.000298,0.999503
AAATGGCCCGTGCCCT-1,0.000038,0.115812,0.602283,0.281867
AAATGGTCAATGTGCC-1,0.000118,0.040036,0.102177,0.857669
AAATGTATCTTATCCC-1,0.212053,0.474213,0.311901,0.001833
AAATTAACGGGTAGCT-1,0.042555,0.053945,0.120965,0.782535
AAATTAATAAGCGCGA-1,0.434945,0.564506,0.000275,0.000275
AAATTACACGACTCTG-1,0.003909,0.059345,0.780334,0.156412
AAATTACCTATCGATG-1,0.000076,0.067296,0.194026,0.738601
AAATTCCAGGTCCAAA-1,0.054251,0.218273,0.585532,0.141944
AAATTGATAGTCCTTT-1,0.00022,0.87719,0.000659,0.121931
AAATTGGTGAGAAGCA-1,0.174508,0.277323,0.037723,0.510446
AAATTTGCGGGTGTGG-1,0.000225,0.998426,0.000674,0.000674
AACAACTGGTAGTTGC-1,0.000098,0.046299,0.277627,0.675977
AACAATACATTGTCGA-1,0.000324,0.826905,0.000971,0.171801
AACAATTACTCTACGC-1,0.00012,0.048865,0.00036,0.950655
AACACACGCTCGCCGC-1,0.00004,0.00004,0.732738,0.267182
AACACGACTGTACTGA-1,0.044237,0.110639,0.188784,0.65634
AACACGAGACGCGGCC-1,0.000066,0.926429,0.000197,0.073308
AACAGCTGTGTGGCAA-1,0.000455,0.754046,0.16404,0.081458
AACAGGAAATCGAATA-1,0.00432,0.047385,0.276136,0.672159
AACAGGATGGGCCGCG-1,0.000133,0.194277,0.001173,0.804417
AACAGGTAGTATGGAT-1,0.000076,0.016943,0.005836,0.977145
AACATATCAACTGGTG-1,0.04841,0.003416,0.498494,0.44968
AACATCGATACGTCTA-1,0.107494,0.891218,0.000644,0.000644
AACATTGAAGTTGATC-1,0.000033,0.009104,0.983601,0.007262
AACATTGTGACTCGAG-1,0.000064,0.000064,0.135012,0.86486
AACCAAGACTTCTCTG-1,0.000053,0.035975,0.674426,0.289546
AACCATAGGGTTGAAC-1,0.000114,0.702759,0.000341,0.296787
AACCATGGGATCGCTA-1,0.135587,0.110611,0.163905,0.589897
AACCCAGAGACGGAGA-1,0.071559,0.137402,0.187213,0.603827
AACCCATCCCATGATC-1,0.000237,0.821043,0.178008,0.000712
AACCCGACAACCCGTG-1,0.003587,0.013983,0.569431,0.412998
AACCCGAGCAGAATCG-1,0.041637,0.048566,0.495262,0.414534
AACCCTACTGTCAATA-1,0.000063,0.006799,0.31153,0.681608
AACCCTGGTGGAACCA-1,0.000294,0.502935,0.06216,0.434611
AACCGAGCTTGGTCAT-1,0.075795,0.240442,0.060077,0.623686
AACCGCTAAGGGATGC-1,0.000065,0.047356,0.2569,0.695678
AACCGTTGTGTTTGCT-1,0.065625,0.100433,0.007183,0.826759
AACCTCGCTTTAGCCC-1,0.128661,0.376854,0.012725,0.481759
AACCTGTCACGGAATT-1,0.019574,0.030707,0.729852,0.219867
AACCTTTAAATACGGT-1,0.000052,0.000052,0.770388,0.229508
AACCTTTACGACGTCT-1,0.000033,0.000033,0.891598,0.108337
AACGAAAGTCGTCCCA-1,0.000224,0.414937,0.280658,0.304181
AACGACCTCCTAGCCG-1,0.043407,0.047436,0.784023,0.125135
AACGATAATGCCGTAG-1,0.000088,0.000088,0.144576,0.855249
AACGATAGAAGGGCCG-1,0.055353,0.004679,0.481933,0.458034
AACGATATGTCAACTG-1,0.003432,0.027941,0.549419,0.419208
AACGCATGATCTGGGT-1,0.00006,0.00006,0.540617,0.459263
AACGCGAACGGCAACA-1,0.60021,0.373965,0.025501,0.000324
AACGCGACCTTGGGCG-1,0.000034,0.000034,0.896727,0.103204
AACGCGGTCTCCAGCC-1,0.033768,0.193744,0.10106,0.671428
AACGCTGTTGCTGAAA-1,0.020384,0.000077,0.242817,0.736722
AACGGACGTACGTATA-1,0.018486,0.011507,0.746193,0.223814
AACGGCCATCTCCGGT-1,0.033195,0.03053,0.527188,0.409087
AACGTACTGTGGGTAC-1,0.025393,0.078165,0.052655,0.843788
AACGTCAGACTAGTGG-1,0.08076,0.067067,0.015376,0.836797
AACGTGATGAAGGACA-1,0.402776,0.399746,0.135583,0.061895
AACGTGCGAAAGTCTC-1,0.20326,0.139816,0.139394,0.517529
AACGTTATCAGCACCT-1,0.00124,0.054273,0.15068,0.793806
AACTACCCGTTTGTCA-1,0.009663,0.008292,0.871452,0.110593
AACTAGGCTTGGGTGT-1,0.071261,0.000112,0.083407,0.84522
AACTCAAGTTAATTGC-1,0.000165,0.404053,0.305077,0.290705
AACTCCAGAGCGTGTT-1,0.11583,0.045629,0.730136,0.108405
AACTCCTAATCCCATG-1,0.034895,0.124441,0.003366,0.837299
AACTCGATGGCGCAGT-1,0.009945,0.000064,0.377772,0.612218
AACTCTCAATAGAGCG-1,0.005703,0.006511,0.425127,0.56266
AACTCTCAGTGTGCTC-1,0.000096,0.172678,0.22344,0.603787
AACTGAGGTCAGCGTC-1,0.000087,0.044713,0.000261,0.954939
AACTGAGTTATACTGA-1,0.005647,0.025722,0.370791,0.59784
AACTGATATTAGGCCT-1,0.000059,0.000059,0.55117,0.448712
AACTGGGTCCCGACGT-1,0.00009,0.00009,0.011315,0.988506
AACTGGTGTGGGCCTT-1,0.000229,0.140672,0.004392,0.854706
AACTTCTGCGTCTATC-1,0.000074,0.001572,0.123269,0.875085
AACTTGCCCGTATGCA-1,0.000066,0.000297,0.655326,0.344312
AACTTGCGTTCTCGCG-1,0.505332,0.493997,0.000336,0.000336
AACTTTACGGGAGCTT-1,0.353936,0.645483,0.00029,0.00029
AACTTTCTCGATCATG-1,0.000081,0.000081,0.177737,0.8221
AAGAAATCACCAGATT-1,0.000049,0.000049,0.022227,0.977675
AAGAAGGATCAGTTAG-1,0.042449,0.000047,0.518809,0.438694
AAGACATACGTGGTTT-1,0.076256,0.00004,0.401703,0.522001
AAGACCAAATAACTCA-1,0.00012,0.543854,0.000361,0.455666
AAGACCCAACTGAACA-1,0.000021,0.000021,0.893426,0.106531
AAGACTGCAAGCTACT-1,0.000272,0.355626,0.097265,0.546837
AAGAGATGAATCGGTA-1,0.000113,0.000113,0.000339,0.999435
AAGAGCTCTTTATCGG-1,0.0001,0.036704,0.085002,0.878194
AAGAGGATGTACGCGA-1,0.061186,0.055663,0.542373,0.340778
AAGAGGCATGGATCGC-1,0.048131,0.010366,0.674719,0.266784
AAGAGGCCCTTTGGAA-1,0.000038,0.000038,0.549712,0.450212
AAGATGGCACCGGACC-1,0.000199,0.498928,0.158764,0.342109
AAGATTGGCGGAACGT-1,0.000081,0.048007,0.191822,0.76009
AAGCACCCTGCGTATC-1,0.116655,0.042454,0.265753,0.575138
AAGCATACTCTCCTGA-1,0.000056,0.000056,0.594069,0.405819
AAGCCGAAGCGGTTTA-1,0.000036,0.000036,0.954026,0.045902
AAGCCGCCGTGAAATC-1,0.000157,0.998901,0.000471,0.000471
AAGCCGCTTTACCTTG-1,0.000076,0.087267,0.000578,0.912079
AAGCCGGAGAGCAGGA-1,0.000045,0.000045,0.12954,0.870369
AAGCGCAGGGCTTTGA-1,0.036723,0.000128,0.124995,0.838153
AAGCGGAGTGCGCGCA-1,0.754876,0.244557,0.000284,0.000284
AAGCGGCGTCATGGGT-1,0.277731,0.720446,0.000912,0.000912
AAGCGTCCCTCATCGA-1,0.214138,0.785283,0.000289,0.000289
AAGCTAGATCGAGTAA-1,0.000065,0.000065,0.353975,0.645895
AAGCTCGTGCCAAGTC-1,0.065592,0.270996,0.000543,0.662869
AAGCTCTTTCATGGTG-1,0.000104,0.00655,0.241834,0.751512
AAGGAGCGGTTGGTGC-1,0.000114,0.000114,0.208247,0.791526
AAGGATCGATCGCTTG-1,0.000083,0.081238,0.008112,0.910567
AAGGATGAGGGACCTC-1,0.000295,0.9335,0.000886,0.065319
AAGGCAGGCTGTCTCC-1,0.000066,0.000066,0.362749,0.637119
AAGGCGCGTAAAGCTT-1,0.087447,0.056853,0.059467,0.796232
AAGGCTGTGCTCATCG-1,0.387512,0.547925,0.00072,0.063844
AAGGGAACGACTGGCT-1,0.000203,0.875602,0.000608,0.123588
AAGGGACAGATTCTGT-1,0.000083,0.11889,0.115062,0.765965
AAGGGACTATGCATTC-1,0.052248,0.876836,0.069727,0.001189
AAGGGTTTGATTTCAG-1,0.34544,0.247039,0.145304,0.262217
AAGGTATCCTAATATA-1,0.0007,0.791941,0.002098,0.205261
AAGGTGATAAACCAGC-1,0.053963,0.139463,0.21393,0.592644
AAGTAGAAGACCGGGT-1,0.013153,0.008254,0.606776,0.371816
AAGTAGTGACGCGAGG-1,0.119697,0.300028,0.000573,0.579702
AAGTCAATTGTCGTCA-1,0.000067,0.076228,0.228885,0.694821
AAGTCTAGTAGCTGCC-1,0.000066,0.022114,0.148275,0.829545
AAGTCTTCTGTGGCCT-1,0.594195,0.294407,0.111097,0.000301
AAGTGACGACCGAATT-1,0.000112,0.869049,0.000335,0.130505
AAGTGAGTCGGGTTTA-1,0.000044,0.000044,0.748912,0.251
AAGTGCAAAGGTAGAC-1,0.118195,0.098807,0.182166,0.600832
AAGTGCCTTGACTGTA-1,0.000068,0.000068,0.699792,0.300073
AAGTGCGTTAGAATCT-1,0.000123,0.877757,0.000368,0.121753
AAGTGCTTCTCTATTG-1,0.000023,0.000023,0.874744,0.125211
AAGTGTTTGGAGACGG-1,0.006319,0.000066,0.342809,0.650806
AAGTTCACTCCAAGCT-1,0.043245,0.000054,0.762313,0.194387
AAGTTCAGTCTGCGTA-1,0.218691,0.78008,0.000615,0.000615
AAGTTCGGCCAACAGG-1,0.017853,0.191488,0.053215,0.737443
AAGTTGTGATGTTATA-1,0.00006,0.00417,0.489059,0.506711
AAGTTTATGGGCCCAA-1,0.000077,0.008112,0.276764,0.715046
AATAACAACGCTCGGC-1,0.000132,0.11999,0.211137,0.668741
AATAACACTAGAACAA-1,0.000084,0.169377,0.36641,0.464129
AATAATCTTCGTATCG-1,0.392522,0.221798,0.024672,0.361008
AATACAATGTTTCAGG-1,0.010987,0.091194,0.407992,0.489826
AATACCGGAGGGCTGT-1,0.000034,0.000034,0.5174,0.482532
AATAGAACAGAGTGGC-1,0.070774,0.112963,0.557145,0.259118
AATAGAATCTGTTTCA-1,0.024284,0.035428,0.445979,0.494309
AATAGCAAGCCTCCTG-1,0.000223,0.29918,0.160853,0.539744
AATAGCTACCGCGTGC-1,0.000079,0.045907,0.000236,0.953778
AATAGTCCGTCCCGAC-1,0.065882,0.004226,0.637027,0.292865
AATAGTCGCGAGTCGG-1,0.025715,0.039034,0.266871,0.668381
AATATCAAGGTCGGAT-1,0.686534,0.312303,0.000582,0.000582
AATATCCTAGCAAACT-1,0.370102,0.510015,0.119671,0.000213
AATATCGAATCAATGC-1,0.00006,0.01317,0.653834,0.332937
AATATCGAGGGTTCTC-1,0.166296,0.021539,0.020973,0.791192
AATATTGGAGTATTGA-1,0.149924,0.156753,0.002572,0.690751
AATCAGGTTTCATTTA-1,0.000051,0.000051,0.562102,0.437795
AATCATGTAAAGACTC-1,0.000036,0.000036,0.722067,0.277861
AATCCAAGGGCCTGAG-1,0.461627,0.221889,0.032553,0.283931
AATCCATGCAAGGGTG-1,0.067423,0.002475,0.502028,0.428074
AATCGCCTCAGCGCCA-1,0.139653,0.028461,0.051405,0.780481
AATCGCGCAGAGGACT-1,0.000076,0.018077,0.428444,0.553403
AATCGGGACACTACGA-1,0.561217,0.433775,0.002504,0.002504
AATCGGTATAGCCCTC-1,0.071151,0.002848,0.176445,0.749556
AATCGTGAGCCGAGCA-1,0.346445,0.052714,0.173884,0.426957
AATCTAGGTTTACTTG-1,0.000104,0.213425,0.57448,0.211991
AATCTATGCCGGAGCC-1,0.129211,0.166337,0.432675,0.271777
AATCTCTACTGTGGTT-1,0.089202,0.773039,0.000275,0.137484
AATCTGCGTTGGGACG-1,0.112687,0.886107,0.000603,0.000603
AATCTGGCTTTCTAGT-1,0.000142,0.226873,0.700928,0.072057
AATGACAGCAATGTCT-1,0.000124,0.87873,0.000373,0.120773
AATGACGTAGGATGTC-1,0.491681,0.215074,0.124004,0.169241
AATGACTGTCAGCCGG-1,0.000075,0.068695,0.257202,0.674028
AATGAGTTCGCATATG-1,0.296522,0.670087,0.032793,0.000597
AATGATGATACGCTAT-1,0.003866,0.013684,0.408461,0.573989
AATGATGCGACTCCTG-1,0.374961,0.559743,0.000603,0.064693
AATGCAACCGGGTACC-1,0.030129,0.112214,0.014328,0.843329
AATGCACCAAGCAATG-1,0.000073,0.005177,0.399243,0.595507
AATGGTCCACCGTTCA-1,0.000963,0.040103,0.588733,0.370202
AATGGTTCTCACAAGC-1,0.101847,0.080078,0.022954,0.795121
AATGTATGGCACTGTA-1,0.310206,0.381697,0.148785,0.159312
AATGTGCCCGAGGTGT-1,0.000249,0.652422,0.000747,0.346583
AATGTGCTAATCTGAG-1,0.001408,0.050197,0.894046,0.054349
AATGTTGTCGTGAGAC-1,0.00004,0.00004,0.915227,0.084694
AATTAAAGGTCGGCGT-1,0.000097,0.000097,0.167965,0.83184
AATTAACGGATTTCCA-1,0.00004,0.00004,0.856904,0.143016
AATTACGAGACCCATC-1,0.000114,0.341931,0.092655,0.565299
AATTACTCGTACGCTC-1,0.058315,0.018557,0.106337,0.81679
AATTAGCGCTGCAGCG-1,0.000036,0.000036,0.929243,0.070684
AATTCATAAGGGATCT-1,0.000086,0.025482,0.394963,0.579469
AATTCATTGTCATGCA-1,0.000296,0.74323,0.000293,0.256181
AATTCCAAGCATGTAC-1,0.026877,0.097837,0.588537,0.286749
AATTCGATTCGAGGAT-1,0.000229,0.152501,0.327874,0.519396
AATTCTAGAGTTAGGC-1,0.000082,0.000082,0.464028,0.535808
AATTGAACGCTCTGGT-1,0.01915,0.015154,0.511986,0.45371
AATTGCAGCAATCGAC-1,0.011739,0.041131,0.650913,0.296217
AATTGCGTGGATTACA-1,0.002913,0.000028,0.996976,0.000083
AATTGTGGTTGCCAAA-1,0.058232,0.006857,0.601693,0.333219
AATTTGGGACATAGTA-1,0.015444,0.089395,0.003026,0.892135
AATTTGGTTCCAAAGA-1,0.000217,0.423559,0.000623,0.575601
ACAAACCATGCGTCCT-1,0.07326,0.033659,0.695908,0.197173
ACAAAGAAGGTAGGCC-1,0.037383,0.21239,0.345659,0.404568
ACAAAGCATGACCTAG-1,0.009399,0.000032,0.60134,0.389229
ACAAATCGCACCGAAT-1,0.000878,0.025619,0.163553,0.80995
ACAAATGGTAGTGTTT-1,0.206962,0.791706,0.000666,0.000666
ACAAATTCAGATCTGA-1,0.000208,0.434562,0.093233,0.471998
ACAACAGCATGAGCTA-1,0.091146,0.907009,0.000923,0.000923
ACAACGGTCCCTGCGA-1,0.130222,0.360278,0.073162,0.436338
ACAAGCAGTGCCTAGC-1,0.015963,0.063013,0.099573,0.821451
ACAAGCTATATGGAAG-1,0.274507,0.011297,0.673397,0.040799
ACAAGGAAATCCGCCC-1,0.000072,0.000072,0.469856,0.53
ACAAGGACAAGAGGTT-1,0.009009,0.122252,0.644259,0.22448
ACAAGGATGCTTTAGG-1,0.496314,0.08549,0.11429,0.303906
ACAAGGGCAGGCTCTG-1,0.439366,0.286067,0.00634,0.268226
ACAATAGTCGTACGTT-1,0.000091,0.876562,0.023972,0.099375
ACAATCCATTTAAACC-1,0.000093,0.050939,0.004905,0.944063
ACAATGAATACGGAGA-1,0.019108,0.731602,0.047814,0.201476
ACAATGATTCTTCTAC-1,0.015341,0.069761,0.041431,0.873467
ACAATTGTGTCTCTTT-1,0.002014,0.000071,0.353199,0.644716
ACAATTTAGGAGGCTC-1,0.182144,0.667418,0.04607,0.104368
ACAATTTGAGCAGTGG-1,0.138049,0.680808,0.000921,0.180222
ACAATTTGGCCATATT-1,0.000048,0.052232,0.764987,0.182733
ACACAAAGACGGGTGG-1,0.000089,0.026445,0.000266,0.973201
ACACAAATATTCCTAG-1,0.57918,0.368644,0.050854,0.001322
ACACACCAGGACCAGT-1,0.005696,0.033169,0.111006,0.850128
ACACACTTTCTACACG-1,0.005882,0.069397,0.187413,0.737308
ACACATGATCAAATCT-1,0.000273,0.845353,0.000819,0.153556
ACACATTGACGCAACA-1,0.118424,0.001674,0.691644,0.188257
ACACCACATAATTAGC-1,0.001835,0.021635,0.679745,0.296785
ACACCCAGCATGCAGC-1,0.072432,0.166434,0.026679,0.734455
ACACCCGAGAAATCCG-1,0.123912,0.874228,0.00093,0.00093
ACACCGAGCGCTCTTT-1,0.043786,0.003675,0.499221,0.453317
ACACCGGTCTGACCGC-1,0.000027,0.026051,0.414851,0.55907
ACACCTTAAGTAGGGC-1,0.446833,0.301477,0.251333,0.000357
ACACCTTACTACTTGC-1,0.048948,0.314092,0.116367,0.520593
ACACGAGACTCCTTCT-1,0.000347,0.997571,0.001041,0.001041
ACACGGCACTATGCAT-1,0.000288,0.29277,0.000864,0.706078
ACACGGGAACTTAGGG-1,0.586104,0.355788,0.056266,0.001842
ACACGTAGGCCACAAG-1,0.000045,0.000045,0.466942,0.532968
ACACTCCAATGTCACT-1,0.000116,0.000043,0.52733,0.472512
ACACTGATCAAGGTGT-1,0.13959,0.67412,0.10859,0.077699
ACACTGGGACAGTCGT-1,0.000042,0.000042,0.50628,0.493636
ACAGAACTGAGAACAA-1,0.000131,0.834298,0.000392,0.165179
ACAGATTAGGTTAGTG-1,0.000257,0.66178,0.00077,0.337193
ACAGCATAGAGCCAGT-1,0.217551,0.150705,0.000492,0.631251
ACAGCGACATTCTCAT-1,0.027324,0.01995,0.679325,0.2734
ACAGCGCACCCGCAGC-1,0.369092,0.629714,0.000597,0.000597
ACAGGCACGGATCCTT-1,0.016441,0.000069,0.281176,0.702314
ACAGGCTTGCCCGACT-1,0.020346,0.092507,0.297968,0.589179
ACAGGTGGAGGTGAGG-1,0.000079,0.053198,0.134755,0.811968
ACAGGTGTGTTGTTGC-1,0.019536,0.112828,0.803758,0.063878
ACAGTAATACAACTTG-1,0.000062,0.297256,0.06807,0.634612
ACAGTATACCGTGGGA-1,0.104035,0.8951,0.000432,0.000432
ACATAAGTCGTGGTGA-1,0.016615,0.481825,0.228838,0.272722
ACATAATAAGGCGGTG-1,0.030218,0.033089,0.35291,0.583783
ACATCAGCTGGGACGC-1,0.153521,0.846001,0.000239,0.000239
ACATCCCGGCCATACG-1,0.020591,0.000067,0.584083,0.395259
ACATCCTGGTAACTGT-1,0.0001,0.0001,0.106359,0.893441
ACATCGATCGTTTACC-1,0.000139,0.000139,0.246091,0.75363
ACATCGGTCAGCCGCG-1,0.000083,0.072395,0.302741,0.624781
ACATCGTATGCAATGG-1,0.000084,0.086095,0.302071,0.61175
ACATCGTTAACCTAGT-1,0.000102,0.004732,0.000306,0.99486
ACATGGCGCCAAAGTA-1,0.000091,0.155137,0.096172,0.748599
ACATGGCTCAATTTAG-1,0.136497,0.0401,0.236692,0.586711
ACATTAGTTTATATCC-1,0.000095,0.000095,0.313961,0.685849
ACCAAACACCCAGCGA-1,0.191816,0.479135,0.000533,0.328516
ACCAACACCACACACT-1,0.008283,0.109019,0.269276,0.613423
ACCAACCGCACTCCAC-1,0.025038,0.075371,0.399811,0.49978
ACCAACGCTTATTTAT-1,0.108374,0.74701,0.000742,0.143873
ACCAAGAACGCGTGTC-1,0.688439,0.30983,0.000865,0.000866
ACCAAGTCATCGGCAG-1,0.063296,0.045979,0.659431,0.231294
ACCAATATGCAAGTTA-1,0.000086,0.000086,0.069024,0.930804
ACCACAAGTTTCTATC-1,0.526865,0.284189,0.002511,0.186435
ACCACCAATGTAACAA-1,0.000063,0.094849,0.111376,0.793712
ACCACCCTCTCTTCTA-1,0.00008,0.020681,0.021882,0.957357
ACCACGTGCAGCTATA-1,0.03969,0.000079,0.371214,0.589016
ACCACTGTTCAAGAAG-1,0.128933,0.002437,0.246883,0.621747
ACCAGACCATAACAAC-1,0.07354,0.144557,0.473954,0.30795
ACCAGTGCCCGGTCAA-1,0.109939,0.887832,0.001115,0.001115
ACCAGTGCGGGAGACG-1,0.012998,0.004041,0.277071,0.705889
ACCATATCCGCAATAA-1,0.000035,0.000035,0.999824,0.000106
ACCATCCGCCAACTAG-1,0.004751,0.197017,0.092228,0.706003
ACCATCGTATATGGTA-1,0.234869,0.085161,0.66302,0.01695
ACCATTAAGGGTGTCA-1,0.000041,0.000041,0.383621,0.616297
ACCCAACGCCCGTGGC-1,0.263653,0.260994,0.011535,0.463818
ACCCACCTACATGCTC-1,0.000086,0.013641,0.139774,0.846498
ACCCATCTTGAGGGTA-1,0.013665,0.258975,0.132353,0.595007
ACCCATTTGTCCCTCT-1,0.062177,0.020352,0.470219,0.447252
ACCCGAGCGAAATTAC-1,0.014835,0.174496,0.136761,0.673907
ACCCGATTGGTTCCGA-1,0.000033,0.000033,0.732478,0.267456
ACCCGGAAACTCCCAG-1,0.000057,0.000057,0.843879,0.156007
ACCCGGAGCACCACAA-1,0.027864,0.14671,0.144233,0.681193
ACCCGGATGACGCATC-1,0.035875,0.005968,0.841253,0.116903
ACCCGGTTACACTTCC-1,0.019491,0.04855,0.000456,0.931503
ACCCGTAGTCTAGTTG-1,0.010389,0.001147,0.530614,0.45785
ACCCGTGTCATCAGTA-1,0.000057,0.000042,0.882175,0.117726
ACCCTATAGGACTGAG-1,0.690134,0.30892,0.000473,0.000473
ACCCTATGCCATATCG-1,0.000148,0.171782,0.302723,0.525348
ACCCTCCCGTCAGGGC-1,0.000038,0.000038,0.758493,0.241431
ACCCTCCCTTGCTATT-1,0.30254,0.501295,0.000446,0.195719
ACCCTGGTAACGCCCT-1,0.021633,0.152932,0.09934,0.726096
ACCCTTCATCTGCGAA-1,0.003104,0.007972,0.194175,0.794749
ACCCTTGCCTGGGTCG-1,0.001766,0.010686,0.725542,0.262006
ACCGAAAGGGCCCTGC-1,0.45534,0.542537,0.001061,0.001061
ACCGAAGAGTCTGGTT-1,0.000229,0.6242,0.150029,0.225541
ACCGACACATCTCCCA-1,0.000027,0.000027,0.952711,0.047235
ACCGACTGAGTCCCAC-1,0.342793,0.656237,0.000485,0.000485
ACCGAGTCTCCTTATT-1,0.268476,0.00842,0.000347,0.722757
ACCGATAGGCATAACC-1,0.00003,0.024635,0.628501,0.346835
ACCGATATTTAATCAT-1,0.000071,0.051707,0.243327,0.704895
ACCGATGGTAGCATCG-1,0.000095,0.092259,0.184708,0.722938
ACCGCAATAACTGCCT-1,0.000076,0.000076,0.250998,0.748851
ACCGCGGTGGAAGTCG-1,0.008081,0.006776,0.344947,0.640196
ACCGGGCCTTTGTTGA-1,0.197483,0.269262,0.170812,0.362443
ACCGGTCAGGTACACC-1,0.000469,0.718826,0.001407,0.279298
ACCGTCCACTGGGCCC-1,0.065401,0.791672,0.11876,0.024168
ACCGTGACCACGTGGG-1,0.208485,0.741385,0.037797,0.012333
ACCTAAGTACCTTTCA-1,0.000124,0.942869,0.000371,0.056636
ACCTAATCGACTTCCT-1,0.099805,0.315203,0.41678,0.168212
ACCTACAGTATGTGGT-1,0.052251,0.07653,0.266449,0.604771
ACCTACTATAAATCTA-1,0.083103,0.000075,0.146277,0.770545
ACCTCCGCCCTCGCTG-1,0.000076,0.013511,0.352898,0.633515
ACCTCCGTTATTCACC-1,0.005985,0.200568,0.11338,0.680067
ACCTCGAACTTATGCT-1,0.021364,0.666445,0.025604,0.286587
ACCTGCGTGTCATGTT-1,0.000088,0.955252,0.000264,0.044396
ACGAAATGGGCGGCAC-1,0.000081,0.056333,0.209332,0.734254
ACGACCCATGAGTTGC-1,0.067945,0.021082,0.45278,0.458193
ACGACTCTAGGGCCGA-1,0.082103,0.005454,0.708818,0.203625
ACGACTGGTCATACTC-1,0.000062,0.078118,0.236816,0.685004
ACGAGAACCCATCACG-1,0.024069,0.132952,0.481845,0.361134
ACGAGATATTTGCTTA-1,0.43423,0.563179,0.001295,0.001295
ACGAGGATACCACTCT-1,0.000047,0.156749,0.606067,0.237136
ACGAGGTTTACAACGT-1,0.000339,0.701512,0.153391,0.144758
ACGAGTACGGATGCCC-1,0.007199,0.000069,0.699268,0.293464
ACGATACATAGAACTA-1,0.000401,0.496773,0.001204,0.501622
ACGATACCTATCCTGA-1,0.31552,0.095561,0.498553,0.090366
ACGATCATACATAGAG-1,0.058479,0.47698,0.463587,0.000953
ACGATCATCTTGTAAA-1,0.308703,0.33094,0.017741,0.342616
ACGATGCATATGTTAT-1,0.176491,0.002521,0.710459,0.11053
ACGATGGATCCGATGC-1,0.000076,0.044289,0.085702,0.869933
ACGCAAACTAATAGAT-1,0.003298,0.012141,0.211569,0.772991
ACGCAATCACTACAGC-1,0.000082,0.082445,0.189308,0.728165
ACGCATACGTTTACTA-1,0.012485,0.001045,0.310709,0.675761
ACGCATTCGTGAGTAC-1,0.000446,0.457783,0.244438,0.297333
ACGCCAGATGATTTCT-1,0.000093,0.000093,0.076204,0.923611
ACGCCAGTGCGTTTGC-1,0.010212,0.000035,0.619793,0.36996
ACGCCGCTAGACGACC-1,0.001361,0.066755,0.007974,0.92391
ACGCGAAGTCAGACGA-1,0.000105,0.013942,0.159016,0.826937
ACGCGCTACACAGGGT-1,0.000115,0.102515,0.000344,0.897026
ACGCGGGCCAAGGACA-1,0.124724,0.377089,0.265984,0.232204
ACGCGTTTCTTAAGAG-1,0.067397,0.089357,0.485246,0.358
ACGCTAGTGATACACT-1,0.250297,0.048003,0.193165,0.508535
ACGCTGTGAGGCGTAG-1,0.000091,0.998518,0.000274,0.001117
ACGGAATTTAGCAAAT-1,0.186399,0.006472,0.285095,0.522034
ACGGACTCTCAAAGCG-1,0.059777,0.000026,0.94012,0.000078
ACGGAGCGCAAATTAC-1,0.000074,0.016167,0.032097,0.951662
ACGGATGGTGCGGATA-1,0.000088,0.000088,0.192559,0.807264
ACGGCACTTGCTTGGG-1,0.000085,0.000085,0.517904,0.481926
ACGGCCAACATGGACT-1,0.00008,0.00008,0.002386,0.997455
ACGGCGACGATGGGAA-1,0.000065,0.008407,0.401532,0.589996
ACGGCTGGATGTAGAA-1,0.003727,0.196864,0.24889,0.550519
ACGGGAGTGTCGGCCC-1,0.000062,0.945479,0.000186,0.054273
ACGGGCGTATGCGACA-1,0.000051,0.006881,0.686623,0.306444
ACGGGTCATGTGACTT-1,0.140385,0.021915,0.13221,0.705489
ACGGTACAGTTCAATG-1,0.000045,0.001246,0.57231,0.4264
ACGTACAGATTTCTCT-1,0.000269,0.239196,0.000808,0.759726
ACGTACTTTGGCACGG-1,0.000607,0.000051,0.422608,0.576734
ACGTAGATTGCTGATG-1,0.254755,0.743667,0.000789,0.000789
ACGTAGGAGAGTCGCT-1,0.84424,0.155184,0.000288,0.000288
ACGTATTACTCCGATC-1,0.000093,0.006525,0.275143,0.71824
ACGTCGGGCAACTCGG-1,0.030305,0.700474,0.026448,0.242773
ACGTCTCGTTCCGGGA-1,0.147155,0.852419,0.000213,0.000213
ACGTGACAAAGTAAGT-1,0.000086,0.566998,0.003029,0.429888
ACGTGCGCCTCGTGCA-1,0.000074,0.000074,0.349986,0.649866
ACGTTAATGTCGAAGA-1,0.108982,0.536976,0.000453,0.353589
ACGTTAGATTTGCCCG-1,0.016906,0.129185,0.017094,0.836815
ACGTTATTGGTCACTC-1,0.375405,0.072495,0.000333,0.551767
ACGTTCCGCGCTCCGT-1,0.498867,0.339373,0.00154,0.16022
ACGTTCGCAATCAATT-1,0.000072,0.026158,0.469672,0.504098
ACGTTCGTTCAGGAAA-1,0.005957,0.067996,0.713557,0.21249
ACGTTCTGTACAAGTC-1,0.146646,0.063485,0.386001,0.403869
ACGTTTAGTTGTGATC-1,0.076426,0.001171,0.176316,0.746087
ACTAAGGACGCACACC-1,0.060572,0.071642,0.67517,0.192617
ACTAATACGTCAGGCG-1,0.017988,0.978732,0.00164,0.00164
ACTACAAAGAGAGGTG-1,0.037026,0.004702,0.231828,0.726444
ACTACATCCCGACAAG-1,0.010142,0.2989,0.242897,0.448061
ACTACCAGCTCTCTGG-1,0.079604,0.12401,0.040898,0.755488
ACTACGCGTTAGAATT-1,0.000074,0.000562,0.24663,0.752733
ACTAGTTGCGATCGTC-1,0.000053,0.000053,0.683943,0.31595
ACTATATGCTGTGTTC-1,0.16589,0.832589,0.00076,0.00076
ACTATCCAGGGCATGG-1,0.000079,0.145792,0.025968,0.828161
ACTATCGCCGGCTAAA-1,0.042049,0.000015,0.786579,0.171357
ACTATCTGCCCGCGTA-1,0.488454,0.511017,0.000264,0.000264
ACTATGTCCAGCTGCC-1,0.056103,0.885474,0.000546,0.057877
ACTATTCGTCCGTGGT-1,0.004683,0.012633,0.330429,0.652255
ACTATTTCCGGGCCCA-1,0.033798,0.1061,0.502551,0.357551
ACTCAACGAATGTATT-1,0.02941,0.125024,0.508737,0.336828
ACTCAAGTGCAAGGCT-1,0.124907,0.034783,0.735037,0.105274
ACTCAATAAAGGCACG-1,0.031689,0.094223,0.711371,0.162717
ACTCAGACCTGCTTCT-1,0.000118,0.290562,0.214138,0.495181
ACTCATGGCAGCCTTC-1,0.000061,0.09895,0.738975,0.162014
ACTCCAATATCATCAT-1,0.000513,0.343157,0.361889,0.29444
ACTCCCATTCCTAAAG-1,0.000066,0.739096,0.000197,0.260641
ACTCCCGAATTCGTTT-1,0.014466,0.083082,0.000269,0.902184
ACTCCCGTAGACTAGG-1,0.018984,0.035127,0.107363,0.838526
ACTCCCTAATGCTAAA-1,0.007343,0.042481,0.335567,0.614609
ACTCCCTAGAATAGTA-1,0.000111,0.00126,0.387698,0.610931
ACTCCGGCCGACCACT-1,0.000024,0.000024,0.988381,0.01157
ACTCGATGTATTTCAT-1,0.000129,0.082285,0.02185,0.895737
ACTCGCCGTTCGATAA-1,0.00902,0.049582,0.33382,0.607578
ACTCGCGATCTGACGC-1,0.012096,0.008798,0.396701,0.582405
ACTCGTAACCCGTCCT-1,0.01191,0.966802,0.000277,0.021012
ACTCGTCAGTAATCCC-1,0.000068,0.045649,0.710372,0.243911
ACTCTAAACCTGGGAT-1,0.470478,0.181331,0.347762,0.000429
ACTCTCTGACTTAGGT-1,0.319459,0.137255,0.343532,0.199755
ACTCTCTTATACACGA-1,0.030532,0.142448,0.284409,0.542611
ACTCTGACCTAATAGA-1,0.000723,0.000055,0.252399,0.746823
ACTCTTCAGCTCCCGC-1,0.432841,0.136703,0.030007,0.400448
ACTCTTGTATAGTAAC-1,0.000375,0.934076,0.001125,0.064424
ACTGAAACGCCGTTAG-1,0.012716,0.047159,0.733405,0.20672
ACTGAATGGCGAAAGT-1,0.552814,0.298863,0.000416,0.147907
ACTGCCCGCCATTCTC-1,0.05738,0.046734,0.838251,0.057636
ACTGCCGTCGTAACTC-1,0.000079,0.000079,0.007026,0.992816
ACTGCGGACACACCGT-1,0.130413,0.062523,0.17238,0.634684
ACTGCTCGGAAGGATG-1,0.000163,0.622554,0.000488,0.376796
ACTGGCGAACCTGCGT-1,0.000052,0.017381,0.177835,0.804732
ACTGTACGATACACAT-1,0.000083,0.027534,0.113049,0.859333
ACTGTAGCACTTTGGA-1,0.000118,0.074351,0.020922,0.904608
ACTGTATACGCGAGCA-1,0.035536,0.052722,0.264745,0.646997
ACTGTCCAGGATTATA-1,0.000059,0.021185,0.912996,0.06576
ACTGTCTTCTTTAGAA-1,0.025404,0.031748,0.537156,0.405693
ACTGTGCTAGTAGATC-1,0.031161,0.024329,0.367366,0.577144
ACTTACCGGGCGCGCA-1,0.162346,0.065636,0.046597,0.725422
ACTTACGCATCCACGC-1,0.000067,0.000067,0.573012,0.426854
ACTTAGTACGACAAGA-1,0.074151,0.086473,0.2704,0.568975
ACTTATACTTACCCGG-1,0.077088,0.078073,0.139888,0.704951
ACTTATTAGGATCGGT-1,0.000079,0.000052,0.733506,0.266363
ACTTATTTATGTGCCA-1,0.169728,0.083139,0.052736,0.694397
ACTTCAGGCTGATCCC-1,0.000078,0.000078,0.344537,0.655308
ACTTCCAGTGGAAGCT-1,0.001728,0.06673,0.571537,0.360005
ACTTCCATGCGGGACA-1,0.183316,0.000067,0.354405,0.462211
ACTTCGCCATACGCAC-1,0.049652,0.15125,0.128184,0.670914
ACTTCGCTAGCGAGTG-1,0.000222,0.097618,0.048506,0.853654
ACTTGACTCCCTCTTT-1,0.032071,0.008926,0.784065,0.174938
ACTTGCTCTATCTACC-1,0.044735,0.810336,0.064289,0.080639
ACTTGGGACCCGGTGG-1,0.000104,0.052129,0.196169,0.751598
ACTTGTAGTCCCTTCA-1,0.000123,0.160715,0.000369,0.838793
ACTTGTGGATGGAACG-1,0.000061,0.004282,0.572125,0.423531
ACTTTACCCTCATGAA-1,0.002927,0.215727,0.262285,0.519061
ACTTTCCTATAGCTTC-1,0.000153,0.049291,0.000459,0.950096
ACTTTGACTGCATCCT-1,0.039616,0.938855,0.021138,0.000391
ACTTTGGTCGTGCTCC-1,0.000145,0.382322,0.28159,0.335943
ACTTTGTCGACGCACT-1,0.000061,0.016468,0.545146,0.438325
AGAAATTATGACTCGC-1,0.040043,0.06263,0.446661,0.450666
AGAACCCAGCGTGACA-1,0.029373,0.034827,0.471057,0.464743
AGAACCCTCAATTGGG-1,0.000129,0.428484,0.119179,0.452207
AGAACGTGGTACATTC-1,0.020822,0.109378,0.064389,0.805411
AGAAGAGCGCCGTTCC-1,0.301665,0.001138,0.003415,0.693781
AGAAGGTACACTTCAC-1,0.00013,0.388288,0.142961,0.468621
AGAAGGTTGCCGAATT-1,0.000144,0.124975,0.006512,0.868369
AGAAGGTTGTAGGTCG-1,0.445644,0.476913,0.076848,0.000594
AGAAGTGATTCGTGAT-1,0.000188,0.881153,0.000563,0.118096
AGAATAAATCTTCAGG-1,0.083804,0.895789,0.000272,0.020135
AGAATGCGGGTTCGGA-1,0.001855,0.024593,0.474213,0.499339
AGAATTATGGATTCGA-1,0.03082,0.319959,0.015866,0.633355
AGAATTGTTTGACATA-1,0.01417,0.216088,0.384307,0.385435
AGACAGCTCAGAATCC-1,0.000085,0.070317,0.013693,0.915906
AGACAGGCATCTCAGC-1,0.053993,0.013212,0.461923,0.470872
AGACATAGATCCTTCC-1,0.000184,0.000184,0.21993,0.779701
AGACCAAACCACACCT-1,0.000073,0.823678,0.000219,0.17603
AGACCATGGGATACAA-1,0.540401,0.458389,0.000605,0.000605
AGACCCACCGCTGATC-1,0.000068,0.000068,0.254982,0.744882
AGACCCGCCCTCCTCG-1,0.000089,0.000089,0.223938,0.775884
AGACCGCTCCGCGGTT-1,0.172063,0.00786,0.512235,0.307843
AGACCGGGAAACCCTG-1,0.000053,0.984561,0.00016,0.015226
AGACGAAGTGCCGGTC-1,0.00686,0.043519,0.630064,0.319557
AGACGACGATGCCGCT-1,0.000153,0.841097,0.00046,0.158289
AGACGCCCACTTCGCC-1,0.000048,0.003321,0.264094,0.732537
AGACGGGCCGATTTAA-1,0.446851,0.550702,0.001224,0.001224
AGACTAGCCTTCCAGA-1,0.06048,0.111633,0.070516,0.757371
AGACTGTTACCGGGTC-1,0.020222,0.047875,0.500278,0.431625
AGAGAAACACCAGAAA-1,0.006243,0.007226,0.328473,0.658057
AGAGAACCGTCTAGGA-1,0.055927,0.388952,0.233631,0.32149
AGAGAAGGAGTACAAT-1,0.000226,0.862422,0.000679,0.136672
AGAGATCTCTAAAGCG-1,0.008243,0.888785,0.000198,0.102774
AGAGCAGTTATGAGAC-1,0.00361,0.205844,0.167551,0.622994
AGAGCCGCCGAGATTT-1,0.010997,0.06239,0.218346,0.708267
AGAGCGCTTGTAACGG-1,0.000056,0.047932,0.009924,0.942088
AGAGCGGGCTAATCAT-1,0.000036,0.000036,0.779382,0.220547
AGAGCGTACAAGCTCG-1,0.154258,0.84413,0.000806,0.000806
AGAGCTACGAAAGCAT-1,0.122211,0.089114,0.164621,0.624053
AGAGGCTTCGGAAACC-1,0.000037,0.000037,0.633612,0.366313
AGAGGGACAATTGTCC-1,0.014229,0.192124,0.206249,0.587398
AGAGTAAACTTCACTA-1,0.107001,0.008547,0.135101,0.749351
AGAGTATAGTGTTACG-1,0.000311,0.51584,0.000932,0.482917
AGAGTTGCAGGCCTCC-1,0.017783,0.022646,0.111645,0.847927
AGATAACTTCAGGGCC-1,0.151373,0.194129,0.08425,0.570248
AGATACCAATAGAACC-1,0.389239,0.610259,0.000251,0.000251
AGATACCAGCACTTCA-1,0.009171,0.111599,0.041511,0.83772
AGATACCGGTGTTCAC-1,0.010424,0.061883,0.836019,0.091675
AGATACGACTTCATAT-1,0.474288,0.112131,0.115131,0.298449
AGATACTCAAGATCGA-1,0.027909,0.172573,0.000265,0.799253
AGATATAATACGACTA-1,0.000109,0.000109,0.185544,0.814237
AGATCGTGCATAAGAT-1,0.049102,0.052682,0.696909,0.201307
AGATCTCAGGTGTGAT-1,0.169382,0.000107,0.13493,0.69558
AGATGACTCGCCCACG-1,0.000071,0.000071,0.392582,0.607276
AGATGAGGGTTGCGAT-1,0.140301,0.16479,0.098386,0.596523
AGATGATGGAGTCTGG-1,0.000109,0.067101,0.000326,0.932464
AGATGCATCCTGTGTC-1,0.000076,0.744217,0.000229,0.255478
AGATGCTATAACGAGC-1,0.001481,0.051235,0.482321,0.464963
AGATTATAGGACGTTT-1,0.068666,0.000076,0.538897,0.392361
AGATTCACAACCGATA-1,0.000152,0.727851,0.000456,0.271541
AGCAAAGGCCGCTAGT-1,0.000047,0.000047,0.56422,0.435686
AGCAACATATCTTATT-1,0.03408,0.021208,0.499411,0.445301
AGCAACCGAAAGTAAT-1,0.000221,0.437765,0.159955,0.40206
AGCACACGTTTAGACT-1,0.005708,0.040297,0.730513,0.223482
AGCACCAGTACTCACG-1,0.21687,0.781804,0.000663,0.000663
AGCACTACCGGCCTGT-1,0.000112,0.128859,0.277827,0.593203
AGCACTACCTCACCAG-1,0.043916,0.002637,0.438833,0.514615
AGCACTTAAGGACGCC-1,0.000072,0.063947,0.224525,0.711456
AGCAGAAGGAGAAAGA-1,0.165404,0.010303,0.118473,0.70582
AGCAGCCAGATGAATA-1,0.000082,0.026062,0.213113,0.760743
AGCATATCAATATGCT-1,0.002809,0.000069,0.086198,0.910925
AGCATCATTTCGAAAG-1,0.064917,0.513666,0.177011,0.244406
AGCATCGTCGATAATT-1,0.000056,0.000056,0.773356,0.226532
AGCATTACGAGGCAAG-1,0.00004,0.012137,0.823242,0.164581
AGCCAAGCTTTGTGTC-1,0.003031,0.000047,0.78742,0.209502
AGCCACAGGTTACCCG-1,0.041032,0.000051,0.914358,0.044559
AGCCACTCCCGTGCTT-1,0.303227,0.695182,0.000796,0.000796
AGCCATATAGTATGTG-1,0.058959,0.000063,0.627553,0.313425
AGCCCATACATGTAAG-1,0.00243,0.856419,0.01557,0.125581
AGCCCGCAACAAGCAG-1,0.000057,0.013466,0.34631,0.640166
AGCCCGGCATTAGAGG-1,0.000064,0.35287,0.000191,0.646875
AGCCCGGTAGCCTGTA-1,0.000032,0.000032,0.874616,0.125321
AGCCCTAAGCGAAGTT-1,0.021771,0.050231,0.552231,0.375768
AGCCCTCCCTGGTGGC-1,0.000053,0.053613,0.368788,0.577547
AGCCCTGTCGCACCGT-1,0.000069,0.037137,0.461838,0.500956
AGCCCTTCTAATCCGA-1,0.277963,0.720396,0.00082,0.00082
AGCCCTTGGACATCCC-1,0.240314,0.164416,0.282966,0.312304
AGCCGCAAATTCAAAT-1,0.117856,0.097227,0.556003,0.228914
AGCCGCTTGATTAGCG-1,0.186903,0.000024,0.574865,0.238207
AGCCGTGGCTAAATGT-1,0.000107,0.713882,0.000321,0.285691
AGCCTAATACCCACGT-1,0.000035,0.129467,0.870392,0.000106
AGCCTTAAAGCGGAAG-1,0.000061,0.017856,0.25853,0.723553
AGCGACAGGAACGGTC-1,0.00016,0.223583,0.105802,0.670455
AGCGACATCCCATTCA-1,0.000075,0.000075,0.260203,0.739647
AGCGACCAACGATATT-1,0.000103,0.000103,0.000309,0.999484
AGCGAGACGTGAAGGC-1,0.000032,0.015828,0.803587,0.180552
AGCGATGCGCCTAATA-1,0.324796,0.261537,0.005484,0.408182
AGCGCATAATGAATCG-1,0.017682,0.003694,0.805351,0.173273
AGCGCGGGTGCCAATG-1,0.015331,0.024307,0.552632,0.407731
AGCGCTAGAGCGATGT-1,0.027436,0.074913,0.397994,0.499657
AGCGCTTATGGGCAAG-1,0.290318,0.706747,0.001467,0.001467
AGCGGACACTTCGTAG-1,0.000092,0.000092,0.503438,0.496377
AGCGGCGGTTAGCGGT-1,0.000084,0.290808,0.184782,0.524326
AGCGGGAAGGGTCCAT-1,0.250637,0.203785,0.016794,0.528784
AGCGGGTCTGACACTC-1,0.015461,0.00007,0.2344,0.750069
AGCGGTTGCCGCTCTG-1,0.00034,0.77287,0.001021,0.225769
AGCGTACGAGAGCTAG-1,0.035005,0.001794,0.065665,0.897536
AGCGTGGTATTCTACT-1,0.029643,0.023493,0.709048,0.237816
AGCTAACAAGCAATGT-1,0.000191,0.514282,0.014475,0.471052
AGCTAAGTACGCAGGC-1,0.004681,0.030809,0.294769,0.669741
AGCTAGAAGCAGAAGT-1,0.00004,0.00004,0.830392,0.169528
AGCTATTTAATCCAAC-1,0.000074,0.000074,0.194757,0.805096
AGCTCCATATATGTTC-1,0.05468,0.001107,0.84297,0.101243
AGCTCCTTCGCACATC-1,0.032191,0.643739,0.163741,0.16033
AGCTCGTTGATGGAAA-1,0.094974,0.007023,0.426772,0.471231
AGCTCTAGACGTTCCA-1,0.000104,0.099145,0.502319,0.398432
AGCTCTTCCCAGTGCA-1,0.000068,0.000068,0.278472,0.721392
AGCTCTTCGTAACCTT-1,0.00008,0.050228,0.344265,0.605427
AGCTCTTTACTCAGTT-1,0.027299,0.067062,0.673767,0.231873
AGCTGAAGTAAACCAA-1,0.068845,0.017446,0.451227,0.462482
AGCTGTAACCTCAATC-1,0.000218,0.73156,0.105452,0.16277
AGCTTCTTCTCGAGCA-1,0.087566,0.02771,0.276014,0.60871
AGCTTGATCTTAACTT-1,0.00012,0.869957,0.000361,0.129561
AGGAACGAACGACTTC-1,0.047792,0.037343,0.237903,0.676961
AGGAAGCTGTCCGCCG-1,0.002685,0.027041,0.577979,0.392295
AGGACAGTCGAATCCC-1,0.00013,0.20539,0.380544,0.413936
AGGACATCGCACGTCG-1,0.648605,0.349026,0.001185,0.001185
AGGACATCGGCACACT-1,0.000025,0.000025,0.98785,0.0121
AGGACGACCCATTAGA-1,0.000151,0.104671,0.000453,0.894725
AGGACGCTCGATGTTG-1,0.044716,0.014241,0.271415,0.669628
AGGACTTATAGGAGAA-1,0.048488,0.001921,0.494212,0.455379
AGGAGACATCCACAGT-1,0.000079,0.000079,0.309466,0.690376
AGGAGAGTCTGGCTAC-1,0.042111,0.075304,0.031856,0.850729
AGGAGGCCTTCGCGCG-1,0.009259,0.000038,0.857118,0.133585
AGGATAAAGTCGGGAT-1,0.080191,0.009153,0.219716,0.690939
AGGATATAGGGATTTA-1,0.095258,0.351685,0.007301,0.545756
AGGATATCCGACTGCA-1,0.027354,0.087243,0.412176,0.473227
AGGATCACGCGATCTG-1,0.002984,0.159409,0.627638,0.209968
AGGATTGCTTACGACA-1,0.000096,0.115819,0.239271,0.644815
AGGCACGTGACTGTCC-1,0.000019,0.000019,0.9991,0.000863
AGGCAGATGCGTAAAC-1,0.175465,0.82349,0.000523,0.000523
AGGCAGGGAGCGTACT-1,0.000069,0.000069,0.215419,0.784443
AGGCATTGTCGTAGGG-1,0.100834,0.000758,0.693001,0.205407
AGGCCACATTGGTTAC-1,0.000082,0.103724,0.170641,0.725554
AGGCCACCCGTTATGA-1,0.054691,0.068517,0.161414,0.715378
AGGCCCAGTGACTGGT-1,0.02915,0.010274,0.348891,0.611685
AGGCCCATTGTACAGG-1,0.030575,0.000061,0.442032,0.527333
AGGCCCTAGAACGCCA-1,0.000089,0.899935,0.000267,0.09971
AGGCCTATCATACCAA-1,0.000185,0.000185,0.591453,0.408176
AGGCCTGAGAATCTCG-1,0.044479,0.073871,0.491657,0.389992
AGGCGATAACTGGCGT-1,0.000057,0.044933,0.130251,0.824759
AGGCGGTTTGTCCCGC-1,0.000626,0.561383,0.001878,0.436113
AGGCGTCTATGGACGG-1,0.004153,0.031917,0.152108,0.811822
AGGCTATGGTTAGCTT-1,0.002966,0.100296,0.000364,0.896374
AGGCTTCCCGAAGAAG-1,0.029474,0.020751,0.759744,0.190031
AGGCTTGCTAGACACC-1,0.000104,0.029924,0.189178,0.780794
AGGGAAACGAGGTACT-1,0.348579,0.650391,0.000515,0.000515
AGGGACCGGCTGCGTT-1,0.033708,0.042564,0.050069,0.873659
AGGGACTCTACGCGAC-1,0.076691,0.010538,0.451781,0.460991
AGGGAGACATACTTCG-1,0.051284,0.046066,0.339568,0.563082
AGGGCAGCGGCGTGGT-1,0.717928,0.279525,0.001274,0.001273
AGGGCCCTAATGTTCT-1,0.036706,0.031898,0.050964,0.880432
AGGGCGAGCAGCTGAT-1,0.000091,0.658529,0.000272,0.341108
AGGGCGTGATCGGCTA-1,0.124099,0.3314,0.000754,0.543747
AGGGCTGCAGTTACAG-1,0.032101,0.142442,0.220671,0.604786
AGGGTCAGAGCACTCG-1,0.000026,0.000026,0.99464,0.005309
AGGGTCAGTAACCCTA-1,0.222623,0.000836,0.091055,0.685486
AGGGTCGATGCGAACT-1,0.029324,0.020707,0.125441,0.824528
AGGGTCTGGACGCAGT-1,0.031479,0.002599,0.531276,0.434647
AGGGTGCCGTTCTTTA-1,0.000051,0.000051,0.005819,0.99408
AGGGTGCTCTCGAGGG-1,0.126015,0.008931,0.864935,0.000119
AGGGTGGATAGTGCAT-1,0.092193,0.015563,0.1802,0.712044
AGGGTTCAGACGGTCC-1,0.000074,0.040152,0.418015,0.541759
AGGGTTCCCTTTGGTT-1,0.000495,0.901577,0.001485,0.096443
AGGGTTTAGTTCGGGA-1,0.179496,0.12475,0.12536,0.570394
AGGTAACCTCCTATTC-1,0.186882,0.324093,0.148631,0.340394
AGGTACGATATTGCCA-1,0.030923,0.006603,0.307255,0.655218
AGGTAGATCGAGATAT-1,0.03947,0.146315,0.000145,0.81407
AGGTAGGTACAAAGCT-1,0.00009,0.062412,0.398616,0.538882
AGGTATAATTGATAGT-1,0.012755,0.023024,0.481642,0.482579
AGGTATGCGGACATTA-1,0.00784,0.0527,0.030413,0.909046
AGGTCAGGTGAGAGTG-1,0.000073,0.853883,0.000218,0.145825
AGGTCGCCTCCCAACA-1,0.000036,0.000036,0.669508,0.330419
AGGTCGCGGAGTTACT-1,0.129425,0.085595,0.070983,0.713997
AGGTGCACGTCCACAT-1,0.000053,0.037505,0.372158,0.590283
AGGTGGTGACCTTCGC-1,0.000068,0.000068,0.438524,0.56134
AGGTGTATCGCCATGA-1,0.000062,0.999565,0.000186,0.000186
AGGTGTTGCCGACCAC-1,0.044062,0.004405,0.135338,0.816194
AGGTTACACCATGCCG-1,0.000075,0.017558,0.297148,0.685219
AGGTTCTCCTTTCCGG-1,0.000117,0.159999,0.279128,0.560757
AGGTTGAGGCACGCTT-1,0.000085,0.009598,0.300668,0.689649
AGGTTTCACACACCTT-1,0.000062,0.089976,0.883658,0.026304
AGTAACTATAGCAGCC-1,0.427731,0.155259,0.19002,0.226991
AGTAATGTCTTGCCGC-1,0.000095,0.000095,0.000285,0.999524
AGTAATTTGCAAGCGT-1,0.000122,0.141667,0.264015,0.594196
AGTACAGAAGCTTATA-1,0.000087,0.000087,0.145732,0.854093
AGTACATCATTTATCA-1,0.00008,0.00008,0.480471,0.519369
AGTACCTTCGAGTGCT-1,0.000111,0.222025,0.005811,0.772053
AGTACGGCCCGTATCG-1,0.089473,0.910274,0.000126,0.000126
AGTACGGGCACCTGGC-1,0.434864,0.562832,0.001152,0.001152
AGTACTCTTATGCCCA-1,0.000067,0.000067,0.572212,0.427654
AGTAGAAGGCGCCTCA-1,0.000054,0.000054,0.644568,0.355324
AGTAGGAAGGAAGTTG-1,0.085123,0.112412,0.199648,0.602817
AGTAGGTAACATACAT-1,0.00004,0.00004,0.837002,0.162917
AGTATAATACTAGGCA-1,0.000069,0.087563,0.291561,0.620807
AGTATACACAGCGACA-1,0.000039,0.000039,0.734683,0.26524
AGTATGCTGGAGACCA-1,0.00016,0.603141,0.000481,0.396218
AGTATTTGGCACGACC-1,0.000051,0.000051,0.807513,0.192386
AGTCAAATGATGTGAT-1,0.000062,0.000062,0.013576,0.9863
AGTCAACACCACCATC-1,0.064251,0.436949,0.022014,0.476786
AGTCAAGATGACACTT-1,0.685193,0.268152,0.000565,0.04609
AGTCACTAGCTCTCGA-1,0.034822,0.029564,0.278441,0.657172
AGTCAGCCACCGCCTG-1,0.025597,0.034438,0.444919,0.495045
AGTCCATTGGCTGATG-1,0.000083,0.000083,0.598071,0.401763
AGTCCCGCCTTTAATT-1,0.612814,0.259947,0.057126,0.070112
AGTCCCTCGCAGAAAG-1,0.109508,0.000048,0.411289,0.479155
AGTCGAAACGATTCAG-1,0.099876,0.40668,0.051473,0.441971
AGTCGACGGTCTCAAG-1,0.17598,0.014685,0.328321,0.481013
AGTCGGCCCAAACGAC-1,0.028178,0.124665,0.068909,0.778247
AGTCGGCTCAACTTTA-1,0.033099,0.92314,0.039848,0.003913
AGTCGGTTGCGTGAGA-1,0.211726,0.149047,0.228433,0.410794
AGTCGTATAAAGCAGA-1,0.508884,0.438663,0.01657,0.035882
