Barcode,Topic 1,Topic 2to3,Topic 4to7
AAACAACGAATAGTTC-1,0.089417,0.190456,0.720127
AAACAAGTATCTCCCA-1,0.088838,0.011288,0.899874
AAACAATCTACTAGCA-1,0.027249,0.112984,0.859767
AAACACCAATAACTGC-1,0.000049,0.003004,0.996947
AAACAGAGCGACTCCT-1,0.216528,0.382232,0.40124
AAACAGCTTTCAGAAG-1,0.042325,0.6332,0.324474
AAACAGGGTCTATATT-1,0.000597,0.529681,0.469722
AAACATTTCCCGGATT-1,0.09836,0.208427,0.693213
AAACCACTACACAGAT-1,0.499251,0.032943,0.467806
AAACCCGAACGAAATC-1,0.853826,0.030447,0.115727
AAACCGGAAATGTTAA-1,0.037115,0.528839,0.434046
AAACCGGGTAGGTACC-1,0.059979,0.406142,0.533879
AAACCGTTCGTCCAGG-1,0.000023,0.795908,0.204069
AAACCTAAGCAGCCGG-1,0.000021,0.29201,0.707969
AAACCTCATGAAGTTG-1,0.077256,0.130424,0.79232
AAACGAAGAACATACC-1,0.005299,0.086812,0.907889
AAACGACAGTCTTGCC-1,0.917715,0.000242,0.082042
AAACGAGACGGTTGAT-1,0.7545,0.000336,0.245164
AAACGCCCGAGATCGG-1,0.035783,0.016903,0.947314
AAACGCTGGGCACGAC-1,0.047614,0.498121,0.454265
AAACGGGCGTACGGGT-1,0.018663,0.317367,0.66397
AAACGGGTTGGTATCC-1,0.053779,0.145221,0.801
AAACGGTTGCGAACTG-1,0.107765,0.161031,0.731205
AAACGTGTTCGCCCTA-1,0.117677,0.320444,0.561878
AAACTAACGTGGCGAC-1,0.21946,0.385721,0.394819
AAACTCGGTTCGCAAT-1,0.000909,0.092323,0.906768
AAACTCGTGATATAAG-1,0.076103,0.119118,0.804779
AAACTGCTGGCTCCAA-1,0.085926,0.026737,0.887337
AAACTTGCAAACGTAT-1,0.019523,0.124551,0.855927
AAAGAATGTGGACTAA-1,0.153998,0.000054,0.845948
AAAGACATGAAGTTTA-1,0.172083,0.013589,0.814328
AAAGACCCAAGTCGCG-1,0.101706,0.498345,0.399948
AAAGACTGGGCGCTTT-1,0.483292,0.08157,0.435137
AAAGCTTGCCTACATA-1,0.029264,0.841223,0.129514
AAAGGCCCTATAATAC-1,0.154006,0.013551,0.832443
AAAGGCTACGGACCAT-1,0.010227,0.777303,0.212469
AAAGGCTCTCGCGCCG-1,0.013375,0.542199,0.444426
AAAGGGATGTAGCAAG-1,0.79077,0.000234,0.208996
AAAGGGCAGCTTGAAT-1,0.107864,0.411806,0.480331
AAAGGTAAGCTGTACC-1,0.017553,0.079038,0.903409
AAAGGTCAACGACATG-1,0.016159,0.437616,0.546225
AAAGTAGCATTGCTCA-1,0.005873,0.413101,0.581026
AAAGTCACTGATGTAA-1,0.4153,0.008288,0.576412
AAAGTCGACCCTCAGT-1,0.088372,0.141555,0.770072
AAAGTGCCATCAATTA-1,0.042814,0.399843,0.557343
AAAGTGTGATTTATCT-1,0.039597,0.193665,0.766738
AAAGTTGACTCCCGTA-1,0.06496,0.819736,0.115303
AAATAACCATACGGGA-1,0.244834,0.207821,0.547345
AAATAAGGTAGTGCCC-1,0.121012,0.059327,0.819661
AAATACCTATAAGCAT-1,0.000722,0.006294,0.992984
AAATAGGGTGCTATTG-1,0.000045,0.489546,0.510409
AAATCCGATACACGCC-1,0.012917,0.033912,0.953171
AAATCGTGTACCACAA-1,0.022392,0.081545,0.896063
AAATCTAGCCCTGCTA-1,0.026202,0.165729,0.808069
AAATGCTCGTTACGTT-1,0.234947,0.064504,0.700549
AAATGGCATGTCTTGT-1,0.002069,0.390814,0.607117
AAATGGCCCGTGCCCT-1,0.004669,0.045391,0.949941
AAATGGTCAATGTGCC-1,0.000046,0.000091,0.999863
AAATGTATCTTATCCC-1,0.119458,0.150171,0.730371
AAATGTGGGTGCTCCT-1,0.231591,0.046191,0.722218
AAATTAACGGGTAGCT-1,0.143873,0.108359,0.747768
AAATTAATAAGCGCGA-1,0.144333,0.125723,0.729944
AAATTACACGACTCTG-1,0.046899,0.512432,0.440669
AAATTACCTATCGATG-1,0.050396,0.125721,0.823883
AAATTCCAGGTCCAAA-1,0.085213,0.23706,0.677727
AAATTGATAGTCCTTT-1,0.184603,0.00927,0.806127
AAATTGCGGCGGTTCT-1,0.398983,0.00016,0.600856
AAATTGGTGAGAAGCA-1,0.125775,0.228568,0.645657
AAATTTACCGAAATCC-1,0.841883,0.000632,0.157485
AAATTTGCGGGTGTGG-1,0.000024,0.700849,0.299128
AACAACTGGTAGTTGC-1,0.068461,0.691509,0.24003
AACAATACATTGTCGA-1,0.000041,0.151264,0.848695
AACAATTACTCTACGC-1,0.032859,0.211509,0.755632
AACACACGCTCGCCGC-1,0.026447,0.220147,0.753406
AACACGACTGTACTGA-1,0.058874,0.308942,0.632184
AACACGAGACGCGGCC-1,0.000038,0.07309,0.926873
AACACGCGGCCGCGAA-1,0.0593,0.001402,0.939297
AACAGCTGTGTGGCAA-1,0.002242,0.092691,0.905067
AACAGGAAATCGAATA-1,0.168041,0.132962,0.698997
AACAGGATGGGCCGCG-1,0.297802,0.327624,0.374574
AACAGGTAGTATGGAT-1,0.378328,0.084885,0.536787
AACATATCAACTGGTG-1,0.093717,0.247897,0.658386
AACATCGATACGTCTA-1,0.201834,0.158341,0.639826
AACATTGAAGTTGATC-1,0.242087,0.025172,0.73274
AACATTGGTCAGCCGT-1,0.156463,0.017423,0.826114
AACATTGTGACTCGAG-1,0.000024,0.508582,0.491393
AACCAAGACTTCTCTG-1,0.131938,0.091805,0.776257
AACCAGTATCACTCTT-1,0.252641,0.297177,0.450182
AACCATGGGATCGCTA-1,0.005388,0.65764,0.336972
AACCCAGAGACGGAGA-1,0.462424,0.000148,0.537428
AACCCATCCCATGATC-1,0.000034,0.001007,0.998959
AACCCGACAACCCGTG-1,0.038709,0.273465,0.687827
AACCCGAGCAGAATCG-1,0.109238,0.235998,0.654764
AACCCTACTGTCAATA-1,0.099476,0.005646,0.894877
AACCCTGGTGGAACCA-1,0.913685,0.000217,0.086098
AACCGAGCTTGGTCAT-1,0.03572,0.473299,0.490981
AACCGCTAAGGGATGC-1,0.035523,0.134216,0.830262
AACCGTTGTGTTTGCT-1,0.734197,0.000168,0.265635
AACCTAAAGCCGTCCG-1,0.071047,0.000081,0.928873
AACCTCGCTTTAGCCC-1,0.043447,0.327899,0.628653
AACCTGTCACGGAATT-1,0.107208,0.331442,0.56135
AACCTTTAAATACGGT-1,0.031275,0.184852,0.783873
AACCTTTACGACGTCT-1,0.000042,0.018213,0.981745
AACGACCTCCTAGCCG-1,0.044574,0.32706,0.628366
AACGATAATGCCGTAG-1,0.032068,0.736365,0.231567
AACGATAGAAGGGCCG-1,0.006499,0.961938,0.031564
AACGATATGTCAACTG-1,0.06375,0.226056,0.710193
AACGCATGATCTGGGT-1,0.275265,0.056614,0.668121
AACGCGAACGGCAACA-1,0.095234,0.153952,0.750814
AACGCGACCTTGGGCG-1,0.013464,0.629953,0.356583
AACGCGGTCTCCAGCC-1,0.414286,0.012371,0.573343
AACGCTGTTGCTGAAA-1,0.017589,0.22909,0.753321
AACGGACGTACGTATA-1,0.013853,0.113795,0.872352
AACGGCCATCTCCGGT-1,0.000032,0.33769,0.662278
AACGTACTGTGGGTAC-1,0.000038,0.33082,0.669143
AACGTAGTCTACCCAT-1,0.03184,0.061191,0.906969
AACGTCAGACTAGTGG-1,0.079125,0.403654,0.51722
AACGTCGCTGCACTTC-1,0.000052,0.006451,0.993497
AACGTGATGAAGGACA-1,0.041398,0.320733,0.637869
AACGTGCGAAAGTCTC-1,0.056243,0.000089,0.943668
AACGTTATCAGCACCT-1,0.175491,0.208202,0.616307
AACTACCCGTTTGTCA-1,0.128745,0.790475,0.08078
AACTAGCGTATCGCAC-1,0.573125,0.040664,0.386211
AACTAGGCTTGGGTGT-1,0.000054,0.013851,0.986095
AACTCAAGTTAATTGC-1,0.004798,0.709955,0.285247
AACTCCAGAGCGTGTT-1,0.000039,0.103118,0.896843
AACTCCTAATCCCATG-1,0.952015,0.000209,0.047776
AACTCGATAAACACGT-1,0.016502,0.374483,0.609015
AACTCGATGGCGCAGT-1,0.004531,0.968452,0.027017
AACTCTCAATAGAGCG-1,0.045143,0.580653,0.374204
AACTCTCAGTGTGCTC-1,0.00052,0.217811,0.781669
AACTGAGGTCAGCGTC-1,0.295316,0.000145,0.704539
AACTGAGTTATACTGA-1,0.019875,0.344621,0.635504
AACTGATATTAGGCCT-1,0.005173,0.166973,0.827854
AACTGGGTCCCGACGT-1,0.042827,0.025972,0.931201
AACTGGGTTCGAGCCG-1,0.040277,0.810055,0.149668
AACTGGTGTGGGCCTT-1,0.22919,0.284494,0.486316
AACTTCTGCGTCTATC-1,0.227639,0.000191,0.77217
AACTTGCCCGTATGCA-1,0.110421,0.000092,0.889487
AACTTGCGTTCTCGCG-1,0.078333,0.051204,0.870463
AACTTTACGGGAGCTT-1,0.190776,0.197956,0.611267
AACTTTAGCTGCTGAG-1,0.831789,0.047486,0.120725
AACTTTCTCGATCATG-1,0.080722,0.553852,0.365426
AAGAAATCACCAGATT-1,0.114395,0.107841,0.777764
AAGAAGGATCAGTTAG-1,0.198071,0.209893,0.592036
AAGACATACGTGGTTT-1,0.016567,0.038175,0.945258
AAGACCCAACTGAACA-1,0.002401,0.582731,0.414868
AAGACTAACCCGTTGT-1,0.054409,0.062988,0.882603
AAGACTCACGCCCACT-1,0.17147,0.473972,0.354558
AAGACTGCAAGCTACT-1,0.16186,0.202994,0.635145
AAGAGATGAATCGGTA-1,0.189267,0.03752,0.773213
AAGAGCTCTTTATCGG-1,0.319031,0.319361,0.361608
AAGAGGATGTACGCGA-1,0.078075,0.167886,0.754039
AAGAGGCATGGATCGC-1,0.997865,0.000712,0.001424
AAGAGGCCCTTTGGAA-1,0.070538,0.164242,0.76522
AAGATGGCACCGGACC-1,0.003347,0.0513,0.945353
AAGATTGGCGGAACGT-1,0.017109,0.904996,0.077895
AAGCACCCTGCGTATC-1,0.006456,0.118726,0.874818
AAGCATACTCTCCTGA-1,0.011419,0.372637,0.615943
AAGCCGAAGCGGTTTA-1,0.075707,0.64234,0.281953
AAGCCGCCGTGAAATC-1,0.000041,0.107237,0.892722
AAGCCGCTTTACCTTG-1,0.14268,0.160806,0.696513
AAGCCGGAGAGCAGGA-1,0.126071,0.416555,0.457374
AAGCGCAGGGCTTTGA-1,0.015764,0.405245,0.578991
AAGCGGAGTGCGCGCA-1,0.097053,0.162828,0.740119
AAGCGGCGTCATGGGT-1,0.250477,0.029333,0.72019
AAGCGTCCCTCATCGA-1,0.143557,0.007627,0.848815
AAGCTAGATCGAGTAA-1,0.000033,0.170893,0.829073
AAGCTCGTGCCAAGTC-1,0.341414,0.000618,0.657968
AAGCTCTTTCATGGTG-1,0.000944,0.203834,0.795223
AAGGAGAACTTATAAG-1,0.285123,0.043824,0.671053
AAGGAGCGGTTGGTGC-1,0.005157,0.000113,0.99473
AAGGATCGATCGCTTG-1,0.167318,0.196109,0.636574
AAGGATGAGGGACCTC-1,0.01167,0.0298,0.95853
AAGGCAGGCTGTCTCC-1,0.500877,0.175434,0.323689
AAGGCGCGTAAAGCTT-1,0.937142,0.000132,0.062725
AAGGCTGTGCTCATCG-1,0.091698,0.807506,0.100796
AAGGGAACGACTGGCT-1,0.000018,0.778275,0.221707
AAGGGACAGATTCTGT-1,0.024406,0.532577,0.443018
AAGGGACTATGCATTC-1,0.003007,0.313443,0.68355
AAGGTATCCTAATATA-1,0.033634,0.161151,0.805215
AAGGTGATAAACCAGC-1,0.025374,0.16834,0.806287
AAGTAAGCTTCCAAAC-1,0.090765,0.528243,0.380992
AAGTAGAAGACCGGGT-1,0.00175,0.000086,0.998165
AAGTAGTGACGCGAGG-1,0.016404,0.15976,0.823835
AAGTCAATTGTCGTCA-1,0.819089,0.180555,0.000356
AAGTCTAGTAGCTGCC-1,0.12682,0.105397,0.767783
AAGTCTTCTGTGGCCT-1,0.003008,0.560378,0.436614
AAGTGACGACCGAATT-1,0.165408,0.000105,0.834487
AAGTGAGTCGGGTTTA-1,0.002171,0.37702,0.62081
AAGTGCAAAGGTAGAC-1,0.399823,0.000196,0.599981
AAGTGCCTTGACTGTA-1,0.715567,0.126956,0.157477
AAGTGCGTTAGAATCT-1,0.002099,0.801578,0.196323
AAGTGCTTCTCTATTG-1,0.145467,0.009599,0.844934
AAGTGTTTGGAGACGG-1,0.015068,0.084443,0.900489
AAGTTCACTCCAAGCT-1,0.000036,0.035035,0.964928
AAGTTCAGTCTGCGTA-1,0.015171,0.567186,0.417643
AAGTTCGGCCAACAGG-1,0.00478,0.425844,0.569377
AAGTTGTGATGTTATA-1,0.000339,0.621401,0.37826
AAGTTTACTAATGGCA-1,0.031816,0.121874,0.84631
AAGTTTATGGGCCCAA-1,0.000604,0.41308,0.586315
AATAACAACGCTCGGC-1,0.000022,0.757484,0.242494
AATAACACTAGAACAA-1,0.008185,0.472399,0.519416
AATAAGTCCTCGAGAC-1,0.050521,0.343903,0.605575
AATAATCTTCGTATCG-1,0.097193,0.669364,0.233444
AATACAATGTTTCAGG-1,0.232418,0.044645,0.722936
AATACCGGAGGGCTGT-1,0.050187,0.002692,0.94712
AATACCTGATGTGAAC-1,0.000129,0.267329,0.732542
AATAGAACAGAGTGGC-1,0.04671,0.328015,0.625275
AATAGAATCTGTTTCA-1,0.030353,0.076383,0.893264
AATAGCAAGCCTCCTG-1,0.803017,0.000244,0.196739
AATAGCTACCGCGTGC-1,0.036522,0.098099,0.865379
AATAGTCCGTCCCGAC-1,0.048604,0.88186,0.069536
AATAGTCGCGAGTCGG-1,0.286774,0.002716,0.71051
AATATCAAGGTCGGAT-1,0.063863,0.325511,0.610626
AATATCCTAGCAAACT-1,0.006342,0.428258,0.5654
AATATCGAATCAATGC-1,0.114769,0.02793,0.8573
AATATCGAGGGTTCTC-1,0.111106,0.080374,0.80852
AATATTGGAGTATTGA-1,0.10832,0.092619,0.79906
AATCAGGTTTCATTTA-1,0.728963,0.016067,0.25497
AATCATGTAAAGACTC-1,0.012361,0.34051,0.647129
AATCCAAGGGCCTGAG-1,0.240014,0.078517,0.681469
AATCCATGCAAGGGTG-1,0.015948,0.146732,0.83732
AATCGCCTCAGCGCCA-1,0.004247,0.737971,0.257781
AATCGCGCAGAGGACT-1,0.11138,0.038299,0.85032
AATCGGGACACTACGA-1,0.047016,0.786191,0.166793
AATCGGTATAGCCCTC-1,0.001797,0.229296,0.768907
AATCGTGAGCCGAGCA-1,0.100795,0.113836,0.78537
AATCTAGGTTTACTTG-1,0.000075,0.063778,0.936146
AATCTATGCCGGAGCC-1,0.11506,0.000119,0.884821
AATCTCTACTGTGGTT-1,0.005131,0.052207,0.942662
AATCTGCGTTGGGACG-1,0.034002,0.000134,0.965864
AATCTGGCTTTCTAGT-1,0.000031,0.679203,0.320765
AATCTGGGTAGACCCT-1,0.290366,0.094413,0.61522
AATGACAGCAATGTCT-1,0.000038,0.371983,0.627979
AATGACGTAGGATGTC-1,0.00054,0.60338,0.39608
AATGACTGTCAGCCGG-1,0.030312,0.009309,0.96038
AATGAGTTCGCATATG-1,0.190853,0.377148,0.431999
AATGATGATACGCTAT-1,0.015326,0.447938,0.536736
AATGATGCGACTCCTG-1,0.000034,0.062961,0.937005
AATGCAACCGGGTACC-1,0.136752,0.081841,0.781407
AATGCACCAAGCAATG-1,0.000047,0.002817,0.997136
AATGGCCGCCAATGCG-1,0.771931,0.00044,0.227629
AATGGTCCACCGTTCA-1,0.662071,0.001305,0.336625
AATGGTTCTCACAAGC-1,0.229672,0.039691,0.730637
AATGTGCCCGAGGTGT-1,0.000039,0.614586,0.385376
AATGTTGTCGTGAGAC-1,0.01371,0.001556,0.984734
AATTAAAGGTCGGCGT-1,0.39511,0.000136,0.604754
AATTAACGGATTTCCA-1,0.01889,0.469249,0.511861
AATTACTCGTACGCTC-1,0.00004,0.148475,0.851485
AATTAGCGCTGCAGCG-1,0.032118,0.274861,0.693022
AATTCATAAGGGATCT-1,0.00006,0.101579,0.898362
AATTCCAACTTGGTGA-1,0.044859,0.158289,0.796852
AATTCCAAGCATGTAC-1,0.194157,0.318387,0.487456
AATTCGATTCGAGGAT-1,0.035783,0.62851,0.335706
AATTCTAGAGTTAGGC-1,0.002663,0.211334,0.786003
AATTGAACGCTCTGGT-1,0.004961,0.023539,0.971501
AATTGCAGCAATCGAC-1,0.020174,0.071243,0.908583
AATTGTGGTTGCCAAA-1,0.022555,0.848041,0.129403
AATTTGGGACATAGTA-1,0.48545,0.000141,0.514409
AATTTGGTTCCAAAGA-1,0.091123,0.000094,0.908783
ACAAAGAAGGTAGGCC-1,0.006918,0.213206,0.779875
ACAAAGCATGACCTAG-1,0.037455,0.177184,0.785361
ACAAATCGCACCGAAT-1,0.002883,0.014858,0.982259
ACAAATGGTAGTGTTT-1,0.07821,0.154009,0.76778
ACAAATTCAGATCTGA-1,0.100939,0.548587,0.350474
ACAACAGCATGAGCTA-1,0.91063,0.00035,0.08902
ACAACGGTCCCTGCGA-1,0.000461,0.283441,0.716098
ACAAGCAGTGCCTAGC-1,0.045079,0.063797,0.891124
ACAAGCTATATGGAAG-1,0.00541,0.388805,0.605785
ACAAGGAAATCCGCCC-1,0.398365,0.0278,0.573835
ACAAGGACAAGAGGTT-1,0.140642,0.242059,0.617299
ACAAGGATGCTTTAGG-1,0.000049,0.598682,0.401269
ACAAGGCCTACCAGCC-1,0.031402,0.198352,0.770246
ACAAGGGCAGGCTCTG-1,0.00005,0.000681,0.999269
ACAATAGTCGTACGTT-1,0.059446,0.793366,0.147188
ACAATCCATTTAAACC-1,0.001632,0.520364,0.478004
ACAATCGATCTTTATA-1,0.025551,0.46344,0.511009
ACAATGAATACGGAGA-1,0.00311,0.951771,0.045119
ACAATGATTCTTCTAC-1,0.686292,0.000244,0.313465
ACAATTGTGTCTCTTT-1,0.003551,0.123793,0.872655
ACAATTTAGGAGGCTC-1,0.147051,0.849385,0.003564
ACAATTTGAGCAGTGG-1,0.115545,0.370495,0.51396
ACAATTTGGCCATATT-1,0.208854,0.373452,0.417694
ACACAAAGACGGGTGG-1,0.211804,0.630749,0.157446
ACACAAATATTCCTAG-1,0.137426,0.09928,0.763294
ACACACCAGGACCAGT-1,0.017593,0.266908,0.715499
ACACACTTTCTACACG-1,0.26054,0.25459,0.484869
ACACATGATCAAATCT-1,0.030021,0.000195,0.969784
ACACATTGACGCAACA-1,0.07375,0.168588,0.757662
ACACATTTCCGTAGAC-1,0.131907,0.03312,0.834973
ACACCACATAATTAGC-1,0.055622,0.010696,0.933682
ACACCCAGCATGCAGC-1,0.02307,0.096227,0.880703
ACACCCGAGAAATCCG-1,0.187349,0.554404,0.258247
ACACCGAGCGCTCTTT-1,0.085788,0.12225,0.791962
ACACCGGTCTGACCGC-1,0.000096,0.203624,0.79628
ACACCTTAAGTAGGGC-1,0.000041,0.176905,0.823054
ACACCTTACTACTTGC-1,0.063772,0.106592,0.829636
ACACGAGACTCCTTCT-1,0.328723,0.000166,0.671111
ACACGGCACTATGCAT-1,0.157493,0.138615,0.703891
ACACGGGAACTTAGGG-1,0.860688,0.000244,0.139067
ACACTCCAATGTCACT-1,0.283201,0.002401,0.714398
ACACTGATCAAGGTGT-1,0.058716,0.443791,0.497493
ACACTGGGACAGTCGT-1,0.046497,0.53076,0.422743
ACAGAACTGAGAACAA-1,0.000057,0.013921,0.986023
ACAGATTAGGTTAGTG-1,0.130961,0.283007,0.586031
ACAGCATAGAGCCAGT-1,0.000049,0.000098,0.999853
ACAGCGACATTCTCAT-1,0.052153,0.352005,0.595841
ACAGCGCACCCGCAGC-1,0.020866,0.099175,0.879959
ACAGGAGGCGCAGCCG-1,0.062552,0.198161,0.739286
ACAGGCACGGATCCTT-1,0.024968,0.213489,0.761543
ACAGGCTTGCCCGACT-1,0.003036,0.143987,0.852977
ACAGGTGGAGGTGAGG-1,0.042942,0.140155,0.816903
ACAGGTGTGTTGTTGC-1,0.01438,0.200365,0.785256
ACAGTAATACAACTTG-1,0.000026,0.171272,0.828702
ACAGTATACCGTGGGA-1,0.322764,0.115573,0.561663
ACAGTGCAGCGCATTT-1,0.012634,0.067826,0.91954
ACATAAGTCGTGGTGA-1,0.000156,0.000311,0.999533
ACATAATAAGGCGGTG-1,0.163726,0.289712,0.546562
ACATCAGCTGGGACGC-1,0.0944,0.030927,0.874673
ACATCCCGGCCATACG-1,0.000032,0.467498,0.53247
ACATCCTGGTAACTGT-1,0.027238,0.392825,0.579937
ACATCGATCGTTTACC-1,0.005611,0.00476,0.989629
ACATCGGTCAGCCGCG-1,0.060261,0.234384,0.705355
ACATCGTATGCAATGG-1,0.037514,0.021919,0.940568
ACATCGTTAACCTAGT-1,0.080135,0.33576,0.584105
ACATCTCAACGCGTAA-1,0.999372,0.000209,0.000419
ACATGGCGCCAAAGTA-1,0.077073,0.241617,0.68131
ACATGGCTCAATTTAG-1,0.451383,0.000202,0.548415
ACATTAGTTTATATCC-1,0.015056,0.040025,0.944919
ACATTTGAAACCTAAC-1,0.000069,0.190578,0.809353
ACCAAACACCCAGCGA-1,0.205434,0.000071,0.794495
ACCAAACTAGAAATCC-1,0.069427,0.25214,0.678433
ACCAACCGCACTCCAC-1,0.058054,0.233591,0.708355
ACCAACGCTTATTTAT-1,0.029396,0.968441,0.002163
ACCAAGAACGCGTGTC-1,0.057237,0.03354,0.909224
ACCAAGTCATCGGCAG-1,0.011332,0.13145,0.857218
ACCAATATGCAAGTTA-1,0.041709,0.131347,0.826945
ACCACAACTCAGAACA-1,0.052683,0.220151,0.727166
ACCACAAGTTTCTATC-1,0.063079,0.000111,0.93681
ACCACCAATGTAACAA-1,0.036414,0.288243,0.675343
ACCACCCTCTCTTCTA-1,0.287553,0.344566,0.367881
ACCACGTGCAGCTATA-1,0.203849,0.604067,0.192084
ACCACTGTTCAAGAAG-1,0.013569,0.013943,0.972488
ACCAGACCATAACAAC-1,0.001206,0.006527,0.992267
ACCAGCCCGGTCTTTG-1,0.01559,0.310849,0.673561
ACCAGGAGTGTGATCT-1,0.443418,0.278199,0.278383
ACCAGTGCCCGGTCAA-1,0.037346,0.251964,0.71069
ACCAGTGCGGGAGACG-1,0.049356,0.352996,0.597648
ACCATATCCGCAATAA-1,0.110026,0.826951,0.063023
ACCATCCGCCAACTAG-1,0.13799,0.197529,0.664481
ACCATCGTATATGGTA-1,0.037083,0.936213,0.026704
ACCATTAAGGGTGTCA-1,0.05207,0.207304,0.740626
ACCCAACGCCCGTGGC-1,0.401789,0.109606,0.488605
ACCCACCTACATGCTC-1,0.117064,0.104084,0.778852
ACCCATCTTGAGGGTA-1,0.000059,0.07532,0.924621
ACCCATTTGTCCCTCT-1,0.112812,0.142632,0.744556
ACCCGAGCGAAATTAC-1,0.021577,0.249749,0.728674
ACCCGATTGGTTCCGA-1,0.425023,0.080829,0.494148
ACCCGGAAACTCCCAG-1,0.019515,0.463373,0.517112
ACCCGGAGCACCACAA-1,0.901502,0.097893,0.000605
ACCCGGATGACGCATC-1,0.162935,0.05676,0.780305
ACCCGGTTACACTTCC-1,0.01654,0.928613,0.054848
ACCCGTAGTCTAGTTG-1,0.000012,0.799143,0.200845
ACCCGTGTCATCAGTA-1,0.000024,0.735303,0.264673
ACCCTATAGGACTGAG-1,0.079084,0.005829,0.915087
ACCCTATGCCATATCG-1,0.020749,0.00997,0.969281
ACCCTCCCGTCAGGGC-1,0.12066,0.017323,0.862017
ACCCTCCCTTGCTATT-1,0.016166,0.000094,0.98374
ACCCTGGTAACGCCCT-1,0.091904,0.183421,0.724675
ACCCTTCATCTGCGAA-1,0.494032,0.000191,0.505777
ACCCTTGCCTGGGTCG-1,0.123436,0.154871,0.721692
ACCCTTTAGTTCTCCA-1,0.027821,0.047304,0.924875
ACCGAAAGGGCCCTGC-1,0.110437,0.160001,0.729562
ACCGACACATCTCCCA-1,0.000028,0.035896,0.964076
ACCGACTGAGTCCCAC-1,0.088242,0.750967,0.16079
ACCGAGTCTCCTTATT-1,0.000028,0.172743,0.827229
ACCGATAGGCATAACC-1,0.053547,0.108225,0.838228
ACCGATATTTAATCAT-1,0.048062,0.038524,0.913414
ACCGATGGTAGCATCG-1,0.064848,0.150767,0.784384
ACCGCAATAACTGCCT-1,0.000074,0.053141,0.946785
ACCGCGGTGGAAGTCG-1,0.225073,0.259479,0.515447
ACCGGGCCTTTGTTGA-1,0.059078,0.00109,0.939832
ACCGGTCAGGTACACC-1,0.000063,0.150821,0.849117
ACCGGTCTGAGTACGG-1,0.194763,0.281679,0.523557
ACCGTGACCACGTGGG-1,0.004973,0.017922,0.977105
ACCGTTCCCGCTCTGA-1,0.01241,0.690067,0.297522
ACCTAAGTACCTTTCA-1,0.000042,0.138561,0.861398
ACCTAATCGACTTCCT-1,0.023001,0.325025,0.651975
ACCTACAGTATGTGGT-1,0.019672,0.123668,0.85666
ACCTACTATAAATCTA-1,0.018701,0.976092,0.005207
ACCTCCGCCCTCGCTG-1,0.226983,0.043314,0.729703
ACCTCCGTTATTCACC-1,0.054702,0.56954,0.375757
ACCTGCGTGTCATGTT-1,0.057102,0.000126,0.942772
ACCTTTCCTTTAGAAG-1,0.215264,0.125322,0.659414
ACGAAATGGGCGGCAC-1,0.008503,0.124426,0.867071
ACGACCCATGAGTTGC-1,0.692096,0.00578,0.302124
ACGACTCTAGGGCCGA-1,0.000022,0.103169,0.896809
ACGACTGGTCATACTC-1,0.000029,0.392494,0.607476
ACGAGAACCCATCACG-1,0.084929,0.000073,0.914998
ACGAGATATTTGCTTA-1,0.241997,0.035333,0.722669
ACGAGGATACCACTCT-1,0.167134,0.15144,0.681426
ACGAGGTTTACAACGT-1,0.000029,0.329246,0.670725
ACGAGTACGGATGCCC-1,0.259293,0.237727,0.50298
ACGAGTCGCCGGCGTT-1,0.105512,0.117354,0.777134
ACGATACATAGAACTA-1,0.003277,0.281476,0.715247
ACGATACCTATCCTGA-1,0.053903,0.79856,0.147537
ACGATCATACATAGAG-1,0.415564,0.001693,0.582743
ACGATCATCTTGTAAA-1,0.030771,0.012952,0.956277
ACGATGCATATGTTAT-1,0.000037,0.284489,0.715474
ACGATGGATCCGATGC-1,0.07008,0.658808,0.271113
ACGCAAACTAATAGAT-1,0.011695,0.365627,0.622678
ACGCAATCACTACAGC-1,0.170567,0.028729,0.800704
ACGCATAAATGACATG-1,0.10778,0.323252,0.568968
ACGCATACGTTTACTA-1,0.026278,0.274581,0.699141
ACGCATTCGTGAGTAC-1,0.327796,0.046803,0.625401
ACGCCAGATGATTTCT-1,0.08989,0.651237,0.258873
ACGCCAGTGCGTTTGC-1,0.062103,0.787026,0.15087
ACGCCCAGCTGTCGAT-1,0.031335,0.891459,0.077206
ACGCCGCTAGACGACC-1,0.113861,0.513525,0.372614
ACGCCTGACACGCGCT-1,0.046437,0.468922,0.484642
ACGCGAAGTCAGACGA-1,0.000028,0.586512,0.41346
ACGCGCTACACAGGGT-1,0.007926,0.269013,0.723061
ACGCGGGCCAAGGACA-1,0.065962,0.73002,0.204018
ACGCGTTTCTTAAGAG-1,0.062509,0.654848,0.282643
ACGCTACTGAATGGGC-1,0.000183,0.169564,0.830253
ACGCTAGTGATACACT-1,0.042904,0.125549,0.831547
ACGCTGTGAGGCGTAG-1,0.015839,0.293839,0.690322
ACGCTTAGTGTCTCTC-1,0.062404,0.189179,0.748418
ACGGAACACGAGTGCC-1,0.004409,0.324399,0.671192
ACGGAATTTAGCAAAT-1,0.063654,0.04619,0.890156
ACGGACTCTCAAAGCG-1,0.010977,0.234741,0.754282
ACGGAGCGCAAATTAC-1,0.312466,0.188601,0.498933
ACGGATGGTGCGGATA-1,0.000966,0.208342,0.790692
ACGGCACTTGCTTGGG-1,0.039962,0.253007,0.707031
ACGGCCAACATGGACT-1,0.021914,0.729498,0.248587
ACGGCGACGATGGGAA-1,0.059029,0.119441,0.82153
ACGGCGGGTTGCCCTG-1,0.070541,0.403203,0.526256
ACGGGAGTGTCGGCCC-1,0.000055,0.091834,0.90811
ACGGGCGTATGCGACA-1,0.879047,0.000643,0.12031
ACGGGTCATGTGACTT-1,0.000038,0.367267,0.632695
ACGGTACAGTTCAATG-1,0.000028,0.353085,0.646887
ACGTACAGATTTCTCT-1,0.046173,0.037333,0.916494
ACGTACTTTGGCACGG-1,0.638875,0.056148,0.304977
ACGTAGATTGCTGATG-1,0.209043,0.221239,0.569718
ACGTAGGAGAGTCGCT-1,0.007257,0.078909,0.913833
ACGTATTACTCCGATC-1,0.521714,0.032962,0.445323
ACGTCCTAAACGAGAT-1,0.091822,0.067355,0.840823
ACGTCTCGTTCCGGGA-1,0.024375,0.537381,0.438244
ACGTGCGCCTCGTGCA-1,0.308714,0.027717,0.663569
ACGTGGTCGAATGTGC-1,0.000152,0.137085,0.862763
ACGTTAATGTCGAAGA-1,0.113958,0.047098,0.838944
ACGTTAGATTTGCCCG-1,0.00003,0.574809,0.425161
ACGTTCCGCGCTCCGT-1,0.107381,0.355422,0.537197
ACGTTCGCAATCAATT-1,0.157614,0.347876,0.49451
ACGTTCGTTCAGGAAA-1,0.003578,0.28062,0.715802
ACGTTCTGTACAAGTC-1,0.073075,0.755862,0.171063
ACGTTTAGTTGTGATC-1,0.00374,0.456424,0.539837
ACGTTTCGGTGCACTT-1,0.02816,0.085518,0.886323
ACTAATACGTCAGGCG-1,0.12043,0.076141,0.803429
ACTACAAAGAGAGGTG-1,0.998897,0.001032,0.000071
ACTACATCCCGACAAG-1,0.015864,0.149043,0.835093
ACTACCAGCTCTCTGG-1,0.04669,0.246052,0.707258
ACTACGCGTTAGAATT-1,0.000769,0.595376,0.403855
ACTAGTTGCGATCGTC-1,0.030751,0.015264,0.953985
ACTATATGCTGTGTTC-1,0.000034,0.138962,0.861004
ACTATCCAGGGCATGG-1,0.076434,0.475264,0.448303
ACTATCGCCGGCTAAA-1,0.106171,0.301954,0.591875
ACTATCTGCCCGCGTA-1,0.134366,0.486245,0.379389
ACTATGTCCAGCTGCC-1,0.000059,0.117804,0.882137
ACTATTCGTCCGTGGT-1,0.07825,0.013684,0.908066
ACTATTTCCGGGCCCA-1,0.054907,0.733645,0.211448
ACTCAACGAATGTATT-1,0.022262,0.569276,0.408462
ACTCAAGTGCAAGGCT-1,0.00025,0.077296,0.922454
ACTCAATAAAGGCACG-1,0.043341,0.807434,0.149226
ACTCAGACCTGCTTCT-1,0.101235,0.010789,0.887976
ACTCATGGCAGCCTTC-1,0.142558,0.30375,0.553691
ACTCCAATATCATCAT-1,0.008628,0.007107,0.984265
ACTCCCATTCCTAAAG-1,0.02703,0.000075,0.972895
ACTCCCGAATTCGTTT-1,0.392917,0.530489,0.076593
ACTCCCGTAGACTAGG-1,0.093622,0.125051,0.781327
ACTCCCTAATGCTAAA-1,0.183903,0.125257,0.69084
ACTCCCTAGAATAGTA-1,0.00373,0.602765,0.393505
ACTCCGGCCGACCACT-1,0.000017,0.604996,0.394986
ACTCGATGTATTTCAT-1,0.001274,0.161254,0.837472
ACTCGCCGTTCGATAA-1,0.014227,0.698557,0.287216
ACTCGCGATCTGACGC-1,0.125486,0.268175,0.606339
ACTCGTAACCCGTCCT-1,0.000053,0.014493,0.985454
ACTCGTCAGTAATCCC-1,0.920227,0.000396,0.079377
ACTCTAAACCTGGGAT-1,0.136532,0.066194,0.797274
ACTCTCTGACTTAGGT-1,0.02743,0.350851,0.621719
ACTCTCTTATACACGA-1,0.191112,0.333311,0.475577
ACTCTGACCTAATAGA-1,0.008195,0.114471,0.877334
ACTCTTCAGCTCCCGC-1,0.145121,0.02876,0.826119
ACTCTTGTATAGTAAC-1,0.188093,0.447307,0.3646
ACTGAAACGCCGTTAG-1,0.025107,0.068481,0.906412
ACTGAATGGCGAAAGT-1,0.001014,0.026343,0.972643
ACTGATTTAGTGATTC-1,0.022786,0.056489,0.920726
ACTGCCCGCCATTCTC-1,0.199704,0.326929,0.473367
ACTGCCGTCGTAACTC-1,0.000073,0.109037,0.89089
ACTGCGGACACACCGT-1,0.130295,0.0175,0.852205
ACTGCTCGGAAGGATG-1,0.000032,0.240839,0.75913
ACTGGCGAACCTGCGT-1,0.071463,0.169204,0.759333
ACTGTACGATACACAT-1,0.407299,0.00011,0.592591
ACTGTAGCACTTTGGA-1,0.388317,0.000175,0.611508
ACTGTATACGCGAGCA-1,0.108744,0.157659,0.733597
ACTGTCCAGGATTATA-1,0.01072,0.165704,0.823576
ACTGTCTTCTTTAGAA-1,0.084062,0.257924,0.658014
ACTGTGCTAGTAGATC-1,0.00387,0.503929,0.492201
ACTGTTTAGTGTAGGC-1,0.068474,0.074116,0.85741
ACTTACCGGGCGCGCA-1,0.17191,0.06066,0.76743
ACTTACGCATCCACGC-1,0.015711,0.21488,0.769409
ACTTAGTACGACAAGA-1,0.004834,0.349421,0.645745
ACTTATACTTACCCGG-1,0.065277,0.015021,0.919702
ACTTATCTGATCTATA-1,0.056828,0.272314,0.670858
ACTTATTAGGATCGGT-1,0.577538,0.076193,0.34627
ACTTATTTATGTGCCA-1,0.0096,0.157986,0.832413
ACTTCAGGCTGATCCC-1,0.003391,0.366309,0.6303
ACTTCCATGCGGGACA-1,0.003409,0.241124,0.755468
ACTTCCTGTCGTGCGA-1,0.001951,0.088186,0.909863
ACTTCGCCATACGCAC-1,0.024571,0.462804,0.512625
ACTTCGCTAGCGAGTG-1,0.172586,0.051419,0.775995
ACTTGACTCCCTCTTT-1,0.814705,0.000153,0.185142
ACTTGCCATATTGTAC-1,0.255917,0.003758,0.740325
ACTTGGGACCCGGTGG-1,0.020582,0.188302,0.791116
ACTTGTAGTCCCTTCA-1,0.002296,0.534126,0.463578
ACTTGTGGATGGAACG-1,0.068606,0.419029,0.512365
ACTTTACCCTCATGAA-1,0.803124,0.00079,0.196085
ACTTTCCTATAGCTTC-1,0.15202,0.211921,0.636059
ACTTTGACTGCATCCT-1,0.035208,0.002986,0.961807
ACTTTGTCGACGCACT-1,0.036657,0.340216,0.623127
AGAAATTATGACTCGC-1,0.084476,0.337311,0.578213
AGAACCCAGCGTGACA-1,0.081792,0.237031,0.681176
AGAACGTGGTACATTC-1,0.050128,0.7041,0.245772
AGAAGAGCGCCGTTCC-1,0.107922,0.001075,0.891003
AGAAGGTACACTTCAC-1,0.000039,0.047797,0.952164
AGAAGGTTGCCGAATT-1,0.000063,0.104197,0.89574
AGAAGGTTGTAGGTCG-1,0.000169,0.056822,0.943009
AGAAGTGATTCGTGAT-1,0.000035,0.331642,0.668324
AGAATAAATCTTCAGG-1,0.069042,0.28204,0.648918
AGAATGCGGGTTCGGA-1,0.00004,0.202062,0.797898
AGAATTATGGATTCGA-1,0.05646,0.00009,0.94345
AGAATTGTTTGACATA-1,0.529882,0.010277,0.459842
AGACAGCTCAGAATCC-1,0.119919,0.222472,0.65761
AGACAGGCATCTCAGC-1,0.044296,0.48798,0.467724
AGACATAGATCCTTCC-1,0.274817,0.249537,0.475646
AGACCAAACCACACCT-1,0.021093,0.767959,0.210948
AGACCATGGGATACAA-1,0.040616,0.423036,0.536348
AGACCCACCGCTGATC-1,0.004057,0.288085,0.707858
AGACCCGCCCTCCTCG-1,0.100081,0.169531,0.730388
AGACCGCTCCGCGGTT-1,0.196677,0.296939,0.506384
AGACCGGGAAACCCTG-1,0.061881,0.488903,0.449216
AGACGAAGTGCCGGTC-1,0.031272,0.168698,0.80003
AGACGACGATGCCGCT-1,0.000062,0.06203,0.937909
AGACGCCCACTTCGCC-1,0.162439,0.05644,0.781122
AGACGGGATTGGTATA-1,0.000041,0.005518,0.994441
AGACGGGCCGATTTAA-1,0.153566,0.761948,0.084486
AGACTAGCCTTCCAGA-1,0.097234,0.434487,0.46828
AGACTGTTACCGGGTC-1,0.015078,0.402754,0.582168
AGAGAAACACCAGAAA-1,0.240687,0.122939,0.636375
AGAGAACCGTCTAGGA-1,0.006023,0.17851,0.815466
AGAGAAGGAGTACAAT-1,0.124245,0.000744,0.875011
AGAGATCTCTAAAGCG-1,0.000827,0.058977,0.940196
AGAGCAGTTATGAGAC-1,0.17262,0.602989,0.224391
AGAGCCGCCGAGATTT-1,0.079376,0.076197,0.844427
AGAGCGCTTGTAACGG-1,0.13184,0.049585,0.818575
AGAGCGGGCTAATCAT-1,0.116984,0.667685,0.215331
AGAGCGTACAAGCTCG-1,0.106071,0.555042,0.338886
AGAGCTACGAAAGCAT-1,0.11251,0.013139,0.874351
AGAGGCTTCGGAAACC-1,0.072323,0.086629,0.841049
AGAGGGACAATTGTCC-1,0.782168,0.00254,0.215291
AGAGGTATCTCGGTCC-1,0.158197,0.117846,0.723958
AGAGTAAACTTCACTA-1,0.086467,0.120906,0.792628
AGAGTATAGTGTTACG-1,0.286125,0.435668,0.278206
AGAGTTAGAGACCGAT-1,0.424552,0.001307,0.574142
AGAGTTGCAGGCCTCC-1,0.10623,0.150014,0.743756
AGATAACTTCAGGGCC-1,0.08945,0.115945,0.794605
AGATACCAATAGAACC-1,0.029722,0.443117,0.52716
AGATACCAGCACTTCA-1,0.638895,0.235224,0.125881
AGATACCGGTGTTCAC-1,0.000092,0.470555,0.529353
AGATACGACTTCATAT-1,0.062704,0.217052,0.720245
AGATACTCAAGATCGA-1,0.033339,0.031841,0.93482
AGATATAATACGACTA-1,0.00006,0.710443,0.289497
AGATCGTGCATAAGAT-1,0.07167,0.164959,0.763372
AGATCTCAGGTGTGAT-1,0.153277,0.329932,0.516791
AGATGACTCGCCCACG-1,0.087977,0.561795,0.350228
AGATGAGGGTTGCGAT-1,0.010291,0.093971,0.895738
AGATGATGGAGTCTGG-1,0.021867,0.328746,0.649388
AGATGCAAGACGTGCA-1,0.11352,0.696411,0.190069
AGATGCATCCTGTGTC-1,0.019192,0.332486,0.648322
AGATGCTATAACGAGC-1,0.067508,0.116448,0.816043
AGATTATAGGACGTTT-1,0.078291,0.042991,0.878718
AGATTCAAGCGGGTCG-1,0.00004,0.085656,0.914305
AGATTCACAACCGATA-1,0.000037,0.025934,0.974029
AGCAAAGGCCGCTAGT-1,0.091742,0.184868,0.72339
AGCAACATATCTTATT-1,0.000439,0.791795,0.207766
AGCAACCGAAAGTAAT-1,0.46141,0.116128,0.422462
AGCACACGTTTAGACT-1,0.530967,0.041751,0.427283
AGCACCAGTACTCACG-1,0.062571,0.490923,0.446506
AGCACTACCGGCCTGT-1,0.041435,0.095897,0.862669
AGCACTACCTCACCAG-1,0.000368,0.676653,0.322979
AGCACTTAAGGACGCC-1,0.42932,0.035012,0.535668
AGCAGAAGGAGAAAGA-1,0.006824,0.365486,0.62769
AGCAGCCAGATGAATA-1,0.00003,0.401795,0.598175
AGCATATCAATATGCT-1,0.000028,0.227785,0.772187
AGCATCATTTCGAAAG-1,0.000049,0.004528,0.995423
AGCATCGTCGATAATT-1,0.012247,0.417825,0.569928
AGCATTACGAGGCAAG-1,0.002792,0.743886,0.253322
AGCCAAGCTTTGTGTC-1,0.053723,0.101263,0.845014
AGCCACAGGTTACCCG-1,0.097256,0.868195,0.034549
AGCCACTCCCGTGCTT-1,0.016843,0.243279,0.739878
AGCCATATAGTATGTG-1,0.024422,0.256319,0.719258
AGCCCATACATGTAAG-1,0.338582,0.650304,0.011114
AGCCCGCAACAAGCAG-1,0.089443,0.414964,0.495593
AGCCCGCACTACAATG-1,0.000032,0.237789,0.762178
AGCCCGGCATTAGAGG-1,0.003915,0.376742,0.619344
AGCCCGGTAGCCTGTA-1,0.033678,0.34398,0.622342
AGCCCTAAGCGAAGTT-1,0.099628,0.321081,0.579291
AGCCCTCCCTGGTGGC-1,0.14878,0.195803,0.655417
AGCCCTGTCGCACCGT-1,0.532549,0.023336,0.444114
AGCCCTTCTAATCCGA-1,0.052208,0.01147,0.936322
AGCCCTTGGACATCCC-1,0.041179,0.278708,0.680113
AGCCGCAAATTCAAAT-1,0.014106,0.059062,0.926832
AGCCGCTTGATTAGCG-1,0.010993,0.023256,0.965751
AGCCGTGGCTAAATGT-1,0.016703,0.14099,0.842307
AGCCTAATACCCACGT-1,0.007894,0.939313,0.052794
AGCCTTAAAGCGGAAG-1,0.340924,0.000168,0.658908
AGCGACAGGAACGGTC-1,0.017367,0.055022,0.927611
AGCGACATCCCATTCA-1,0.133264,0.287053,0.579683
AGCGACCAACGATATT-1,0.023003,0.361546,0.615451
AGCGAGACGTGAAGGC-1,0.95147,0.008311,0.040218
AGCGATGCGCCTAATA-1,0.063942,0.252352,0.683707
AGCGCATAATGAATCG-1,0.000034,0.128417,0.871549
AGCGCGGGTGCCAATG-1,0.000047,0.000095,0.999858
AGCGCTAGAGCGATGT-1,0.483618,0.141585,0.374796
AGCGCTTATGGGCAAG-1,0.209933,0.193416,0.59665
AGCGGACACTTCGTAG-1,0.009725,0.185131,0.805144
AGCGGCGGTTAGCGGT-1,0.092487,0.155759,0.751754
AGCGGGAAGGGTCCAT-1,0.094061,0.080294,0.825645
AGCGGGTCTGACACTC-1,0.239968,0.155991,0.604041
AGCGGTTGAGATGTAC-1,0.232575,0.000066,0.767359
AGCGGTTGCCGCTCTG-1,0.851988,0.14624,0.001772
AGCGTACGAGAGCTAG-1,0.031753,0.405258,0.562989
AGCGTAGCGCTAGACC-1,0.043558,0.174025,0.782417
AGCGTCTGAACCCGCA-1,0.031816,0.00011,0.968074
AGCGTGGTATTCTACT-1,0.035743,0.407597,0.55666
AGCGTTCCGATTTAAA-1,0.112378,0.002354,0.885268
AGCTAACAAGCAATGT-1,0.004809,0.076877,0.918315
AGCTAAGTACGCAGGC-1,0.000034,0.104134,0.895833
AGCTAGAAGCAGAAGT-1,0.021563,0.081621,0.896816
AGCTATTTAATCCAAC-1,0.148613,0.203183,0.648204
AGCTCCATATATGTTC-1,0.664546,0.115967,0.219487
AGCTCCTTCGCACATC-1,0.0333,0.081079,0.885622
AGCTCGTTGATGGAAA-1,0.199841,0.027178,0.77298
AGCTCTAGACGTTCCA-1,0.052124,0.376617,0.571259
AGCTCTTCCCAGTGCA-1,0.009142,0.244274,0.746583
AGCTCTTCGTAACCTT-1,0.553567,0.000132,0.446301
AGCTCTTTACTCAGTT-1,0.000033,0.708331,0.291636
AGCTGAAGTAAACCAA-1,0.024061,0.033114,0.942825
AGCTGCATTTGAGGTG-1,0.165951,0.00025,0.8338
AGCTGCTGTGCCGAAT-1,0.03518,0.288352,0.676468
AGCTGTAACCTCAATC-1,0.001026,0.63255,0.366424
AGCTTATAGAGACCTG-1,0.533822,0.000132,0.466046
AGCTTCAATACTTTGA-1,0.040108,0.755483,0.204408
AGCTTCTTCTCGAGCA-1,0.007789,0.111974,0.880237
AGCTTGATCTTAACTT-1,0.034682,0.330354,0.634964
AGGAAAGCCTCTGATG-1,0.010644,0.651908,0.337448
AGGAACGAACGACTTC-1,0.00361,0.552155,0.444234
AGGAAGCTGTCCGCCG-1,0.001285,0.228065,0.77065
AGGACAGTCGAATCCC-1,0.015758,0.046322,0.93792
AGGACATCGCACGTCG-1,0.247906,0.000123,0.75197
AGGACATCGGCACACT-1,0.065611,0.776496,0.157893
AGGACGACCCATTAGA-1,0.002284,0.650465,0.347251
AGGACGCTCGATGTTG-1,0.004767,0.000373,0.994859
AGGACTTATAGGAGAA-1,0.013248,0.004745,0.982007
AGGAGACATCCACAGT-1,0.065545,0.000074,0.934381
AGGAGAGTCTGGCTAC-1,0.161518,0.095739,0.742743
AGGAGGCCTTCGCGCG-1,0.000078,0.145506,0.854415
AGGATAAAGTCGGGAT-1,0.000034,0.245449,0.754517
AGGATATAGGGATTTA-1,0.06303,0.232056,0.704914
AGGATATCCGACTGCA-1,0.016613,0.185297,0.79809
AGGATCACGCGATCTG-1,0.02747,0.507735,0.464794
AGGCAAAGAGGAATCA-1,0.138599,0.415345,0.446056
AGGCAATACGGAGGAC-1,0.040128,0.426586,0.533286
AGGCACGTGACTGTCC-1,0.0361,0.153769,0.810131
AGGCAGATGCGTAAAC-1,0.000025,0.406627,0.593348
AGGCAGGGAGCGTACT-1,0.000036,0.30698,0.692984
AGGCATTGTCGTAGGG-1,0.244999,0.015386,0.739615
AGGCCACATTGGTTAC-1,0.021534,0.023492,0.954974
AGGCCACCCGTTATGA-1,0.092366,0.370918,0.536716
AGGCCCAGTGACTGGT-1,0.205471,0.091206,0.703323
AGGCCCATTGTACAGG-1,0.018742,0.296011,0.685247
AGGCCCTAGAACGCCA-1,0.053699,0.170007,0.776294
AGGCCTATCATACCAA-1,0.999922,0.000026,0.000052
AGGCCTGAGAATCTCG-1,0.075969,0.510147,0.413884
AGGCGATAACTGGCGT-1,0.053074,0.791729,0.155197
AGGCGGTTTGTCCCGC-1,0.004411,0.000104,0.995485
AGGCGTCTATGGACGG-1,0.237721,0.006087,0.756192
AGGCTATGGTTAGCTT-1,0.25587,0.000157,0.743974
AGGCTTCCCGAAGAAG-1,0.000065,0.113488,0.886447
AGGCTTGCTAGACACC-1,0.201183,0.021238,0.777579
AGGGAAACGAGGTACT-1,0.318999,0.07928,0.60172
AGGGACAGCACGGCGG-1,0.192314,0.587897,0.219789
AGGGACCGGCTGCGTT-1,0.103208,0.000122,0.896671
AGGGACTCTACGCGAC-1,0.120876,0.155805,0.723319
AGGGAGACATACTTCG-1,0.170848,0.026359,0.802794
AGGGCAGCGGCGTGGT-1,0.079123,0.09811,0.822767
AGGGCCCTAATGTTCT-1,0.044201,0.708382,0.247417
AGGGCGAGCAGCTGAT-1,0.038593,0.151103,0.810304
AGGGCGTGATCGGCTA-1,0.113964,0.000133,0.885903
AGGGCTGCAGTTACAG-1,0.306517,0.22472,0.468763
AGGGTCAGAGCACTCG-1,0.030848,0.560998,0.408154
AGGGTCAGTAACCCTA-1,0.181356,0.00485,0.813794
AGGGTCGATGCGAACT-1,0.022978,0.150988,0.826034
AGGGTCTGGACGCAGT-1,0.016735,0.366456,0.616809
AGGGTGCCGTTCTTTA-1,0.000046,0.089675,0.910278
AGGGTGCTCTCGAGGG-1,0.082681,0.000116,0.917202
AGGGTGGATAGTGCAT-1,0.247903,0.086518,0.665579
AGGGTGTGCTACACGC-1,0.994299,0.0019,0.003802
AGGGTTCAGACGGTCC-1,0.212411,0.125016,0.662574
AGGGTTCCCTTTGGTT-1,0.202324,0.000137,0.79754
AGGGTTTAGTTCGGGA-1,0.26397,0.516107,0.219923
AGGTAACCTCCTATTC-1,0.15586,0.000105,0.844035
AGGTACGATATTGCCA-1,0.030431,0.039302,0.930268
AGGTAGATCGAGATAT-1,0.000046,0.094222,0.905732
AGGTAGGTACAAAGCT-1,0.07742,0.395654,0.526926
AGGTATAATTGATAGT-1,0.180581,0.03521,0.784209
AGGTATGCGGACATTA-1,0.566315,0.000083,0.433602
AGGTCAGGTGAGAGTG-1,0.000068,0.001534,0.998398
AGGTCGCCACTTCGGT-1,0.000053,0.017983,0.981965
AGGTCGCCTCCCAACA-1,0.024616,0.686397,0.288987
AGGTCGCGGAGTTACT-1,0.223928,0.000127,0.775945
AGGTGCACGTCCACAT-1,0.000125,0.207092,0.792783
AGGTGGTGACCTTCGC-1,0.000049,0.060984,0.938967
AGGTGTATCGCCATGA-1,0.041823,0.142583,0.815594
AGGTGTTGCCGACCAC-1,0.010251,0.448672,0.541077
AGGTTACACCATGCCG-1,0.266152,0.043664,0.690184
AGGTTGAGGCACGCTT-1,0.022773,0.11994,0.857287
AGGTTTCACACACCTT-1,0.027204,0.217877,0.754919
AGTAACGTTCATCCTG-1,0.12582,0.323495,0.550685
AGTAACTATAGCAGCC-1,0.005074,0.045816,0.94911
AGTAATGTCTTGCCGC-1,0.148844,0.089557,0.761599
AGTACAGAAGCTTATA-1,0.000019,0.591491,0.40849
AGTACATCATTTATCA-1,0.041762,0.003911,0.954327
AGTACCTTCGAGTGCT-1,0.05145,0.272253,0.676297
AGTACGGCCCGTATCG-1,0.110114,0.03628,0.853607
AGTACGGGCACCTGGC-1,0.052621,0.320003,0.627376
AGTACGTGGCCTGTCT-1,0.061003,0.892168,0.046829
AGTACTCTTATGCCCA-1,0.065868,0.161267,0.772865
AGTAGAAGGCGCCTCA-1,0.188492,0.323954,0.487554
AGTAGCGTGAACGAAC-1,0.221245,0.015774,0.762981
AGTAGCTAGACGCCGA-1,0.445396,0.054342,0.500262
AGTAGGAAGGAAGTTG-1,0.081315,0.221202,0.697482
AGTAGGTAACATACAT-1,0.000387,0.106382,0.893231
AGTATAATACTAGGCA-1,0.25612,0.453333,0.290547
AGTATACACAGCGACA-1,0.000022,0.516872,0.483106
AGTATCCATAATAACG-1,0.034144,0.387609,0.578247
AGTATGCTGGAGACCA-1,0.059311,0.121157,0.819532
AGTATTTGGCACGACC-1,0.001263,0.338657,0.66008
AGTCAAATGATGTGAT-1,0.049554,0.377381,0.573065
AGTCAACACCACCATC-1,0.313712,0.514025,0.172264
AGTCAAGATGACACTT-1,0.045444,0.732743,0.221813
AGTCACTAGCTCTCGA-1,0.040454,0.347493,0.612053
AGTCACTCCGCCTCAT-1,0.000029,0.557428,0.442543
AGTCAGCCACCGCCTG-1,0.141506,0.014112,0.844382
AGTCCAGCGGGTACGT-1,0.029611,0.108384,0.862005
AGTCCATTGGCTGATG-1,0.184806,0.391637,0.423557
AGTCCCGCCTTTAATT-1,0.031778,0.029456,0.938767
AGTCCCTCGCAGAAAG-1,0.292878,0.30892,0.398202
AGTCGACGGTCTCAAG-1,0.054406,0.304035,0.641559
AGTCGGCCCAAACGAC-1,0.115836,0.701389,0.182775
AGTCGGCTCAACTTTA-1,0.014467,0.076865,0.908667
AGTCGGTTGCGTGAGA-1,0.044383,0.040585,0.915032
AGTCGTATAAAGCAGA-1,0.000014,0.917266,0.08272
AGTCGTCGACCACCAA-1,0.000021,0.400011,0.599968
AGTCGTGGGCATTACG-1,0.000061,0.070398,0.929541
AGTCTAAAGTATACTC-1,0.140464,0.095645,0.763891
AGTCTCACAAGACTAC-1,0.048853,0.232574,0.718573
AGTCTGGACATCCTTG-1,0.227387,0.242083,0.530529
AGTCTTCTCCTCAAAT-1,0.301075,0.066101,0.632824
AGTCTTTAAAGTGTCC-1,0.000136,0.445235,0.554628
AGTGAACAAACTTCTC-1,0.999469,0.000177,0.000354
AGTGAAGATGGTGTCC-1,0.109669,0.476649,0.413682
AGTGACCTACTTTACG-1,0.022251,0.680308,0.297441
AGTGACTGTGACACAA-1,0.036881,0.142793,0.820326
AGTGAGACTTCCAGTA-1,0.149618,0.023313,0.827069
AGTGAGCCTCGCCGCC-1,0.071564,0.267881,0.660555
AGTGAGGGTTTCTGAC-1,0.794953,0.000387,0.20466
AGTGAGTCGAATTAAC-1,0.08452,0.249806,0.665673
AGTGATAACCTGCGCG-1,0.00004,0.18338,0.81658
AGTGATATGAGTAGTT-1,0.008357,0.215342,0.776301
AGTGATTCAAGCAGGA-1,0.262661,0.000154,0.737185
AGTGCACGCTTAAGAA-1,0.01371,0.096228,0.890062
AGTGCGTAGCTCGTAA-1,0.024919,0.714364,0.260717
AGTGCTAAACACAGCA-1,0.001568,0.619277,0.379155
AGTGCTTGCACGAATA-1,0.064948,0.007403,0.927648
AGTGGCCCGCAAATGG-1,0.000091,0.10591,0.894
AGTGGCGGCAATTTGA-1,0.00003,0.351738,0.648233
AGTGGCGTCTGAAGGT-1,0.009746,0.179874,0.81038
AGTGGCTCCGTCGGCC-1,0.021875,0.328118,0.650007
AGTGGGAGTATACACG-1,0.000035,0.38391,0.616055
AGTGGTGTTACCCGTG-1,0.044661,0.173004,0.782335
AGTGGTTGCGTATAGG-1,0.030193,0.00018,0.969627
AGTGTATTGCGCATTG-1,0.038284,0.527039,0.434677
AGTGTGCTAAGATCGC-1,0.071217,0.610185,0.318598
AGTGTGGTCTATTGTG-1,0.123293,0.8736,0.003107
AGTTAAACACTTGCGA-1,0.000181,0.041263,0.958556
AGTTAAGCGGTCCCGG-1,0.045143,0.520479,0.434378
AGTTAAGTCAACCGCT-1,0.024766,0.046575,0.928659
AGTTACCCTTAAGACT-1,0.03776,0.763709,0.198531
AGTTACCGCACATGGT-1,0.292212,0.571707,0.136081
AGTTACTCTATCGTGG-1,0.676171,0.000178,0.323651
AGTTATTGAAAGGTAA-1,0.999296,0.000235,0.000469
AGTTCACCGGTTGGAC-1,0.076881,0.096118,0.827002
AGTTCCTACAGAATTA-1,0.015182,0.253143,0.731675
AGTTCCTATTTATGTT-1,0.006877,0.594373,0.398751
AGTTCTGCGTTGTATC-1,0.222959,0.036139,0.740901
AGTTGACATCGGCTGG-1,0.097497,0.240772,0.661731
AGTTGACGGTCCTTGC-1,0.071386,0.581753,0.346862
AGTTGCTGACTGATAT-1,0.314204,0.000199,0.685597
AGTTGGCAAGGCTAGA-1,0.037709,0.014662,0.947629
AGTTTATGTAAAGACA-1,0.264113,0.423002,0.312885
AGTTTCGCAGGTCGGA-1,0.107996,0.355123,0.536881
AGTTTGCACCTGCCTC-1,0.000037,0.370316,0.629647
AGTTTGGCACGGGTTG-1,0.004855,0.316285,0.67886
AGTTTGGCCAGACCTA-1,0.020116,0.434007,0.545877
ATAAACCATTGGACGG-1,0.029808,0.02015,0.950043
ATAAACGGACCCGTAA-1,0.105388,0.05402,0.840592
ATAAACGTTGCACCAC-1,0.101925,0.221613,0.676462
ATAAAGGCTCGGTCGT-1,0.01019,0.504526,0.485284
ATAAAGGTCAAGTACG-1,0.051723,0.127043,0.821234
ATAAATATTAGCAGCT-1,0.033786,0.772952,0.193262
ATAACGCCGGAGGGTC-1,0.250823,0.112128,0.637049
ATAACGGAGTCCAACG-1,0.057278,0.682688,0.260034
ATAACGTTACCTCCAC-1,0.057185,0.299485,0.64333
ATAAGCAAACACCGAG-1,0.125629,0.167257,0.707113
ATAAGGTGGAGAACAT-1,0.08969,0.30192,0.60839
ATAAGTACCCGATTGT-1,0.146759,0.530595,0.322646
ATAAGTAGGATTCAGA-1,0.562626,0.000099,0.437275
ATAAGTAGGGCGACTC-1,0.040451,0.000092,0.959457
ATAAGTTACCGCGACG-1,0.000044,0.128294,0.871662
ATAATAGCTGTTGAAT-1,0.132361,0.061472,0.806167
ATAATAGTGTAGGGAC-1,0.025711,0.316723,0.657566
ATAATCTTGGAGAACC-1,0.004179,0.845023,0.150797
ATAATTAGCTAAGTAG-1,0.011313,0.3776,0.611087
ATACAGGCCCTCCAAT-1,0.000034,0.198406,0.80156
ATACCACGGGCAACTT-1,0.000047,0.038359,0.961595
ATACCAGCAAATTGCT-1,0.067837,0.062535,0.869628
ATACCAGGCTAATAGA-1,0.218759,0.608556,0.172685
ATACCAGGTGAGCGAT-1,0.350678,0.07415,0.575171
ATACCCTGGCTCAAAT-1,0.09966,0.149322,0.751018
ATACCGTCATCCATAA-1,0.175344,0.02194,0.802717
ATACCTAACCAAGAAA-1,0.01328,0.080406,0.906314
ATACGAAGGCTTTCCA-1,0.199028,0.252734,0.548238
ATACGACAGATGGGTA-1,0.309996,0.000112,0.689891
ATACGCCGATCTACCG-1,0.03123,0.128525,0.840245
