Barcode,Topic 1to2,Topic 3to5,Topic 6to10
AAACAACGAATAGTTC-1,0.111172,0.224302,0.664526
AAACAAGTATCTCCCA-1,0.715882,0.082082,0.202036
AAACAATCTACTAGCA-1,0.541796,0.015182,0.443021
AAACACCAATAACTGC-1,0.052921,0.352173,0.594906
AAACAGAGCGACTCCT-1,0.128373,0.36469,0.506936
AAACAGCTTTCAGAAG-1,0.284319,0.189312,0.526369
AAACAGGGTCTATATT-1,0.558277,0.002875,0.438848
AAACAGTGTTCCTGGG-1,0.519303,0.01822,0.462477
AAACATGGTGAGAGGA-1,0.204865,0.18367,0.611465
AAACATTTCCCGGATT-1,0.404461,0.071504,0.524035
AAACCACTACACAGAT-1,0.462768,0.20326,0.333972
AAACCCGAACGAAATC-1,0.300509,0.167162,0.532329
AAACCGGAAATGTTAA-1,0.935679,0.001155,0.063166
AAACCGGGTAGGTACC-1,0.533528,0.026442,0.440031
AAACCGTTCGTCCAGG-1,0.002252,0.107705,0.890044
AAACCTAAGCAGCCGG-1,0.239874,0.021122,0.739004
AAACCTCATGAAGTTG-1,0.540032,0.028265,0.431703
AAACGAAGAACATACC-1,0.760962,0.015933,0.223105
AAACGAAGATGGAGTA-1,0.286066,0.148681,0.565253
AAACGACAGTCTTGCC-1,0.5095,0.183446,0.307055
AAACGAGACGGTTGAT-1,0.307775,0.542917,0.149308
AAACGCCCGAGATCGG-1,0.5427,0.106663,0.350637
AAACGCTGGGCACGAC-1,0.984611,0.010729,0.004659
AAACGGGCGTACGGGT-1,0.294485,0.081484,0.624031
AAACGGGTTGGTATCC-1,0.188744,0.804691,0.006566
AAACGGTTGCGAACTG-1,0.015795,0.327952,0.656253
AAACGTGTTCGCCCTA-1,0.119044,0.344068,0.536889
AAACTAACGTGGCGAC-1,0.075586,0.215759,0.708655
AAACTCGGTTCGCAAT-1,0.972233,0.027542,0.000225
AAACTCGTGATATAAG-1,0.175144,0.260885,0.563971
AAACTGCTGGCTCCAA-1,0.396706,0.227054,0.37624
AAACTTAATTGCACGC-1,0.227533,0.052921,0.719546
AAACTTGCAAACGTAT-1,0.149448,0.075142,0.77541
AAAGAATGACCTTAGA-1,0.325079,0.06215,0.612771
AAAGAATGTGGACTAA-1,0.153605,0.737556,0.10884
AAAGACATGAAGTTTA-1,0.288664,0.082478,0.628858
AAAGACCCAAGTCGCG-1,0.460497,0.144646,0.394857
AAAGACTGGGCGCTTT-1,0.515871,0.058054,0.426075
AAAGCTTGCCTACATA-1,0.686117,0.068795,0.245088
AAAGGCCCTATAATAC-1,0.241219,0.003408,0.755373
AAAGGCTACGGACCAT-1,0.102568,0.209939,0.687493
AAAGGCTCTCGCGCCG-1,0.277391,0.240231,0.482378
AAAGGGATGTAGCAAG-1,0.378198,0.282731,0.339071
AAAGGGCAGCTTGAAT-1,0.24546,0.134042,0.620498
AAAGGTAAGCTGTACC-1,0.394629,0.110942,0.494429
AAAGGTCAACGACATG-1,0.366125,0.18305,0.450825
AAAGTAGCATTGCTCA-1,0.638367,0.127938,0.233695
AAAGTCACTGATGTAA-1,0.463299,0.125363,0.411338
AAAGTCGACCCTCAGT-1,0.212224,0.108533,0.679242
AAAGTGCCATCAATTA-1,0.679787,0.023771,0.296441
AAAGTGTGATTTATCT-1,0.213212,0.266775,0.520013
AAAGTTGACTCCCGTA-1,0.486455,0.09838,0.415165
AAATAACCATACGGGA-1,0.24277,0.214555,0.542675
AAATAAGGTAGTGCCC-1,0.233806,0.140885,0.625309
AAATACCTATAAGCAT-1,0.317057,0.422059,0.260885
AAATAGCTTAGACTTT-1,0.107789,0.133785,0.758427
AAATAGGGTGCTATTG-1,0.651785,0.08933,0.258886
AAATCACTCCTAAACG-1,0.431304,0.286756,0.28194
AAATCCGATACACGCC-1,0.564206,0.028022,0.407772
AAATCGCGGAAGGAGT-1,0.602341,0.115203,0.282456
AAATCGTGTACCACAA-1,0.464819,0.20895,0.326231
AAATCTAGCCCTGCTA-1,0.32197,0.047835,0.630195
AAATCTGCCCGCGTCC-1,0.733415,0.131311,0.135274
AAATGACTGATCAAAC-1,0.757789,0.145461,0.09675
AAATGATTCGATCAGC-1,0.348592,0.119856,0.531552
AAATGCTCGTTACGTT-1,0.085904,0.46898,0.445117
AAATGGCATGTCTTGT-1,0.372235,0.314745,0.31302
AAATGGCCCGTGCCCT-1,0.285463,0.310736,0.403801
AAATGGTCAATGTGCC-1,0.060186,0.365559,0.574255
AAATGTATCTTATCCC-1,0.18294,0.222751,0.594308
AAATGTGGGTGCTCCT-1,0.214741,0.087847,0.697412
AAATTAACGGGTAGCT-1,0.093144,0.208525,0.698331
AAATTAATAAGCGCGA-1,0.314277,0.364926,0.320797
AAATTACACGACTCTG-1,0.274692,0.445519,0.279789
AAATTACCTATCGATG-1,0.016906,0.242763,0.740331
AAATTCCAGGTCCAAA-1,0.598281,0.037349,0.36437
AAATTGATAGTCCTTT-1,0.647628,0.095025,0.257347
AAATTGCGGCGGTTCT-1,0.406655,0.103224,0.490121
AAATTGGTGAGAAGCA-1,0.100263,0.389039,0.510699
AAATTTACCGAAATCC-1,0.300935,0.103475,0.59559
AAATTTGCGGGTGTGG-1,0.095653,0.082606,0.821741
AACAACTGGTAGTTGC-1,0.210959,0.416874,0.372167
AACAATACATTGTCGA-1,0.664958,0.028959,0.306083
AACAATTACTCTACGC-1,0.202529,0.302488,0.494982
AACACACGCTCGCCGC-1,0.505965,0.0528,0.441235
AACACGACTGTACTGA-1,0.609036,0.228546,0.162418
AACACGAGACGCGGCC-1,0.28348,0.131014,0.585506
AACACGCGGCCGCGAA-1,0.252329,0.129463,0.618209
AACAGCTGTGTGGCAA-1,0.335003,0.137491,0.527507
AACAGGAAATCGAATA-1,0.552456,0.144032,0.303512
AACAGGATGGGCCGCG-1,0.267883,0.194527,0.53759
AACAGGTAGTATGGAT-1,0.396302,0.096988,0.50671
AACATAGCGTGTATCG-1,0.269832,0.044888,0.68528
AACATATCAACTGGTG-1,0.031567,0.369763,0.59867
AACATCGATACGTCTA-1,0.122928,0.148652,0.72842
AACATTGAAGTTGATC-1,0.520584,0.048823,0.430593
AACATTGGTCAGCCGT-1,0.990367,0.000247,0.009386
AACATTGTGACTCGAG-1,0.140549,0.113383,0.746068
AACCAAGACTTCTCTG-1,0.152571,0.088295,0.759134
AACCAGTATCACTCTT-1,0.078343,0.244258,0.677399
AACCATAGGGTTGAAC-1,0.092971,0.135057,0.771972
AACCATGGGATCGCTA-1,0.654992,0.152049,0.192959
AACCCAGAGACGGAGA-1,0.392456,0.202891,0.404653
AACCCATCCCATGATC-1,0.80681,0.039498,0.153692
AACCCGACAACCCGTG-1,0.435659,0.011059,0.553282
AACCCGAGCAGAATCG-1,0.001373,0.997487,0.00114
AACCCGATAGGGCTTC-1,0.374887,0.149836,0.475277
AACCCGCTGTATTCCA-1,0.608119,0.160575,0.231306
AACCCTACTGTCAATA-1,0.332803,0.233515,0.433682
AACCCTGGTGGAACCA-1,0.418851,0.094997,0.486152
AACCGAGCTTGGTCAT-1,0.474256,0.203372,0.322372
AACCGCTAAGGGATGC-1,0.73383,0.145292,0.120878
AACCGTTGTGTTTGCT-1,0.30304,0.303244,0.393716
AACCTAAAGCCGTCCG-1,0.224805,0.040872,0.734323
AACCTCGCTTTAGCCC-1,0.125049,0.041252,0.833699
AACCTGTCACGGAATT-1,0.752133,0.030525,0.217342
AACCTTTAAATACGGT-1,0.003515,0.103147,0.893338
AACCTTTACGACGTCT-1,0.185576,0.535392,0.279033
AACGAAAGTCGTCCCA-1,0.738049,0.04464,0.217311
AACGACCTCCTAGCCG-1,0.431238,0.176646,0.392116
AACGATAATGCCGTAG-1,0.452818,0.101195,0.445987
AACGATAGAAGGGCCG-1,0.403189,0.079933,0.516878
AACGATATGTCAACTG-1,0.205507,0.627048,0.167445
AACGCATGATCTGGGT-1,0.246376,0.1315,0.622123
AACGCGAACGGCAACA-1,0.935634,0.038182,0.026184
AACGCGACCTTGGGCG-1,0.174678,0.132616,0.692706
AACGCGGTCTCCAGCC-1,0.157101,0.235054,0.607845
AACGCTGTTGCTGAAA-1,0.385309,0.055836,0.558856
AACGGACGTACGTATA-1,0.519012,0.138662,0.342325
AACGGCCATCTCCGGT-1,0.197363,0.145746,0.656892
AACGTACTGTGGGTAC-1,0.672362,0.01276,0.314879
AACGTAGTCTACCCAT-1,0.377468,0.001555,0.620978
AACGTCAGACTAGTGG-1,0.086638,0.297145,0.616217
AACGTCATCCGGCTTG-1,0.701792,0.169239,0.128969
AACGTCGCTGCACTTC-1,0.612688,0.000186,0.387127
AACGTGATGAAGGACA-1,0.021733,0.968438,0.009829
AACGTGCGAAAGTCTC-1,0.317696,0.369224,0.313079
AACGTTATCAGCACCT-1,0.530077,0.104348,0.365575
AACGTTCTACCATTGT-1,0.480171,0.043287,0.476542
AACTACCCGTTTGTCA-1,0.127368,0.586877,0.285755
AACTAGCGTATCGCAC-1,0.174756,0.071411,0.753833
AACTAGGCTTGGGTGT-1,0.163135,0.174831,0.662034
AACTCAAGTTAATTGC-1,0.770044,0.103974,0.125981
AACTCCAGAGCGTGTT-1,0.551715,0.006327,0.441958
AACTCCTAATCCCATG-1,0.154438,0.180883,0.66468
AACTCGATAAACACGT-1,0.870637,0.129113,0.00025
AACTCGATGGCGCAGT-1,0.346232,0.634723,0.019045
AACTCTCAATAGAGCG-1,0.445953,0.289424,0.264623
AACTCTCAGTGTGCTC-1,0.309501,0.193164,0.497335
AACTGAGGTCAGCGTC-1,0.609788,0.265674,0.124538
AACTGAGTTATACTGA-1,0.431413,0.029137,0.53945
AACTGATATTAGGCCT-1,0.285002,0.254223,0.460775
AACTGGGTCCCGACGT-1,0.263406,0.189328,0.547265
AACTGGGTTCGAGCCG-1,0.302933,0.221359,0.475708
AACTGGTGTGGGCCTT-1,0.567209,0.052218,0.380573
AACTTCTGCGTCTATC-1,0.260375,0.107049,0.632576
AACTTGCCCGTATGCA-1,0.107395,0.892359,0.000246
AACTTGCGTTCTCGCG-1,0.402122,0.437355,0.160523
AACTTTACGGGAGCTT-1,0.562984,0.199722,0.237294
AACTTTAGCTGCTGAG-1,0.10876,0.071981,0.819258
AACTTTCTCGATCATG-1,0.397144,0.249952,0.352905
AAGAAAGTTTGATGGG-1,0.539919,0.261532,0.198548
AAGAAATCACCAGATT-1,0.279276,0.557358,0.163367
AAGAAGGATCAGTTAG-1,0.425782,0.196324,0.377893
AAGACATACGTGGTTT-1,0.365503,0.054956,0.57954
AAGACCAAATAACTCA-1,0.071309,0.050447,0.878245
AAGACCCAACTGAACA-1,0.354926,0.074722,0.570352
AAGACTAACCCGTTGT-1,0.889153,0.047294,0.063553
AAGACTCACGCCCACT-1,0.432656,0.041415,0.525929
AAGACTGCAAGCTACT-1,0.040322,0.242333,0.717345
AAGAGATGAATCGGTA-1,0.506806,0.287415,0.205779
AAGAGCTCTTTATCGG-1,0.669754,0.258105,0.072141
AAGAGGATGTACGCGA-1,0.578804,0.234308,0.186888
AAGAGGCATGGATCGC-1,0.024156,0.18701,0.788833
AAGAGGCCCTTTGGAA-1,0.362021,0.129673,0.508306
AAGATGGCACCGGACC-1,0.297585,0.111796,0.590619
AAGATTGGCGGAACGT-1,0.580061,0.208391,0.211548
AAGCACCCTGCGTATC-1,0.513205,0.294232,0.192562
AAGCATACTCTCCTGA-1,0.625231,0.210089,0.164681
AAGCCACTTGCAGGTA-1,0.229203,0.087679,0.683118
AAGCCGAAGCGGTTTA-1,0.098126,0.117921,0.783952
AAGCCGCCGTGAAATC-1,0.170933,0.072991,0.756076
AAGCCGCTTTACCTTG-1,0.220557,0.381409,0.398034
AAGCCGGAGAGCAGGA-1,0.896252,0.000102,0.103646
AAGCGCAGGGCTTTGA-1,0.635766,0.082716,0.281518
AAGCGGAGTGCGCGCA-1,0.041467,0.493275,0.465258
AAGCGGCGTCATGGGT-1,0.118795,0.372875,0.50833
AAGCGTCCCTCATCGA-1,0.107983,0.890835,0.001182
AAGCTAGATCGAGTAA-1,0.160893,0.343029,0.496078
AAGCTATGGATTGACC-1,0.042771,0.157941,0.799288
AAGCTCGTGCCAAGTC-1,0.169461,0.088478,0.742061
AAGCTCTTTCATGGTG-1,0.530575,0.07031,0.399115
AAGGAGAACTTATAAG-1,0.431256,0.011277,0.557467
AAGGAGCGGTTGGTGC-1,0.417807,0.16083,0.421363
AAGGATCGATCGCTTG-1,0.113093,0.215886,0.671021
AAGGATGAGGGACCTC-1,0.034992,0.359719,0.605289
AAGGCAGGCTGTCTCC-1,0.612669,0.20447,0.182862
AAGGCGCGTAAAGCTT-1,0.333123,0.550973,0.115903
AAGGCTGTGCTCATCG-1,0.197101,0.492373,0.310526
AAGGGAACGACTGGCT-1,0.328788,0.096528,0.574684
AAGGGACAGATTCTGT-1,0.000027,0.995925,0.004048
AAGGGACTATGCATTC-1,0.002133,0.063282,0.934585
AAGGGTTAGCCATGCG-1,0.784518,0.016491,0.198991
AAGGGTTTGATTTCAG-1,0.483508,0.421951,0.094541
AAGGTATCCTAATATA-1,0.022293,0.893393,0.084315
AAGGTGATAAACCAGC-1,0.371913,0.490897,0.13719
AAGTAAGCTTCCAAAC-1,0.312933,0.124862,0.562205
AAGTAGAAGACCGGGT-1,0.388439,0.206566,0.404995
AAGTAGTGACGCGAGG-1,0.177154,0.6442,0.178646
AAGTCAATTGTCGTCA-1,0.740568,0.002864,0.256568
AAGTCTAGTAGCTGCC-1,0.163411,0.472903,0.363685
AAGTCTTCTGTGGCCT-1,0.340644,0.122578,0.536777
AAGTGACGACCGAATT-1,0.495003,0.146871,0.358126
AAGTGAGTCGGGTTTA-1,0.098722,0.090121,0.811156
AAGTGCAAAGGTAGAC-1,0.897157,0.087902,0.014941
AAGTGCCTTGACTGTA-1,0.808892,0.096879,0.09423
AAGTGCGTTAGAATCT-1,0.556708,0.04252,0.400772
AAGTGCTTCTCTATTG-1,0.377872,0.052871,0.569257
AAGTGTTTGGAGACGG-1,0.252674,0.372154,0.375172
AAGTTCACTCCAAGCT-1,0.122371,0.066024,0.811605
AAGTTCAGTCTGCGTA-1,0.431414,0.114839,0.453748
AAGTTCGGCCAACAGG-1,0.524806,0.050911,0.424284
AAGTTGTGATGTTATA-1,0.385227,0.061165,0.553608
AAGTTTACTAATGGCA-1,0.323394,0.144009,0.532597
AAGTTTATGGGCCCAA-1,0.675874,0.152439,0.171687
AATAACAACGCTCGGC-1,0.74326,0.148229,0.108511
AATAACACTAGAACAA-1,0.259057,0.563698,0.177245
AATAACGTCGCGCCCA-1,0.838771,0.059711,0.101518
AATAAGTCCTCGAGAC-1,0.419638,0.313243,0.26712
AATAATCTTCGTATCG-1,0.683398,0.037005,0.279597
AATACAATGTTTCAGG-1,0.470313,0.009571,0.520116
AATACCGGAGGGCTGT-1,0.458513,0.106431,0.435057
AATACCTGATGTGAAC-1,0.566498,0.025079,0.408423
AATAGAACAGAGTGGC-1,0.482751,0.12923,0.38802
AATAGAATCTGTTTCA-1,0.164508,0.369803,0.465689
AATAGCAAGCCTCCTG-1,0.096,0.134964,0.769036
AATAGCTACCGCGTGC-1,0.287309,0.078119,0.634572
AATAGGCACGACCCTT-1,0.183808,0.566664,0.249528
AATAGTCCGTCCCGAC-1,0.122683,0.105732,0.771585
AATAGTCGCGAGTCGG-1,0.363836,0.054208,0.581956
AATATCAAGGTCGGAT-1,0.063058,0.289203,0.647739
AATATCCTAGCAAACT-1,0.358725,0.221017,0.420258
AATATCGAATCAATGC-1,0.398194,0.034254,0.567552
AATATCGAGGGTTCTC-1,0.329499,0.328228,0.342273
AATATTGGAGTATTGA-1,0.360388,0.104856,0.534756
AATCAGACTGCAGGAC-1,0.354296,0.303838,0.341866
AATCAGGTTTCATTTA-1,0.226986,0.087045,0.685969
AATCATGTAAAGACTC-1,0.138645,0.372981,0.488374
AATCCAAGGGCCTGAG-1,0.568472,0.135858,0.295671
AATCCATGCAAGGGTG-1,0.507866,0.011167,0.480967
AATCCCGCTCAGAGCC-1,0.591968,0.273198,0.134834
AATCGAGGTCTCAAGG-1,0.479142,0.115082,0.405776
AATCGCCTCAGCGCCA-1,0.316857,0.306463,0.37668
AATCGCGCAGAGGACT-1,0.472967,0.063576,0.463458
AATCGGGACACTACGA-1,0.447255,0.105889,0.446856
AATCGGTATAGCCCTC-1,0.096647,0.269922,0.633431
AATCGTGAGCCGAGCA-1,0.162118,0.379447,0.458435
AATCTAGGTTTACTTG-1,0.998548,0.001235,0.000217
AATCTATGCCGGAGCC-1,0.02665,0.66514,0.30821
AATCTCTACTGTGGTT-1,0.301548,0.096147,0.602305
AATCTGCGTTGGGACG-1,0.085586,0.293737,0.620677
AATCTGGCTTTCTAGT-1,0.00268,0.188384,0.808935
AATCTGGGTAGACCCT-1,0.129492,0.465799,0.404709
AATGACAGCAATGTCT-1,0.347493,0.03114,0.621367
AATGACGTAGGATGTC-1,0.48814,0.127348,0.384512
AATGACTGTCAGCCGG-1,0.491734,0.06975,0.438516
AATGAGTTCGCATATG-1,0.746618,0.064968,0.188414
AATGATGATACGCTAT-1,0.608487,0.141256,0.250257
AATGATGCGACTCCTG-1,0.113161,0.546188,0.340651
AATGCAACCGGGTACC-1,0.052072,0.504535,0.443393
AATGCACCAAGCAATG-1,0.213982,0.087662,0.698356
AATGGCCGCCAATGCG-1,0.585577,0.011376,0.403047
AATGGTCCACCGTTCA-1,0.028472,0.168985,0.802543
AATGGTTCTCACAAGC-1,0.074854,0.098907,0.826239
AATGTATGGCACTGTA-1,0.028555,0.067292,0.904153
AATGTGCCCGAGGTGT-1,0.341701,0.090322,0.567977
AATGTGCTAATCTGAG-1,0.407935,0.039576,0.552489
AATGTTAAGACCCTGA-1,0.992217,0.007542,0.000241
AATGTTGTCGTGAGAC-1,0.131799,0.12813,0.740071
AATTAAAGGTCGGCGT-1,0.399823,0.234871,0.365305
AATTAACGGATTTCCA-1,0.43102,0.134091,0.434889
AATTACGAGACCCATC-1,0.385963,0.067443,0.546594
AATTACTCGTACGCTC-1,0.584848,0.199814,0.215338
AATTAGCGCTGCAGCG-1,0.459059,0.259293,0.281648
AATTATACCCAGCAAG-1,0.7516,0.037071,0.211329
AATTCATAAGGGATCT-1,0.308894,0.195438,0.495668
AATTCATTGTCATGCA-1,0.158963,0.341433,0.499604
AATTCCAACTTGGTGA-1,0.863061,0.136645,0.000294
AATTCCAAGCATGTAC-1,0.130884,0.241962,0.627154
AATTCGATTCGAGGAT-1,0.279092,0.09601,0.624898
AATTCTAGAGTTAGGC-1,0.106973,0.278124,0.614903
AATTGAACGCTCTGGT-1,0.12901,0.118435,0.752556
AATTGCAGCAATCGAC-1,0.484429,0.010184,0.505387
AATTGCGTGGATTACA-1,0.18581,0.067495,0.746695
AATTGTGGTTGCCAAA-1,0.750967,0.011337,0.237696
AATTTGGGACATAGTA-1,0.05713,0.507707,0.435163
AATTTGGTTCCAAAGA-1,0.490584,0.206662,0.302754
ACAAACCATGCGTCCT-1,0.534625,0.03409,0.431285
ACAAACCGACAAGGCG-1,0.315459,0.053649,0.630892
ACAAACTCCATCAGAG-1,0.10102,0.235068,0.663912
ACAAAGAAGGTAGGCC-1,0.005331,0.022578,0.972092
ACAAAGCATGACCTAG-1,0.400498,0.043791,0.555711
ACAAATCGCACCGAAT-1,0.222121,0.173825,0.604053
ACAAATGGTAGTGTTT-1,0.023592,0.202581,0.773827
ACAAATTCAGATCTGA-1,0.323075,0.122401,0.554524
ACAACAGCATGAGCTA-1,0.605559,0.243205,0.151237
ACAACGGTCCCTGCGA-1,0.54205,0.042005,0.415945
ACAAGCAGTGCCTAGC-1,0.14684,0.214952,0.638208
ACAAGCTATATGGAAG-1,0.318097,0.145456,0.536447
ACAAGGAAATCCGCCC-1,0.186319,0.100592,0.713088
ACAAGGACAAGAGGTT-1,0.414595,0.185631,0.399774
ACAAGGATGCTTTAGG-1,0.434301,0.062458,0.503241
ACAAGGCCTACCAGCC-1,0.139776,0.164076,0.696149
ACAAGGGCAGGCTCTG-1,0.283158,0.225746,0.491096
ACAAGTAATTGTAAGG-1,0.213149,0.213072,0.573779
ACAATAGTCGTACGTT-1,0.935222,0.020141,0.044637
ACAATCCATTTAAACC-1,0.192434,0.080195,0.727371
ACAATCGATCTTTATA-1,0.460573,0.080785,0.458642
ACAATGAATACGGAGA-1,0.01928,0.066306,0.914414
ACAATGATTCTTCTAC-1,0.290283,0.124028,0.585689
ACAATTGTGTCTCTTT-1,0.691452,0.068203,0.240345
ACAATTTAGGAGGCTC-1,0.279552,0.111478,0.60897
ACAATTTGAGCAGTGG-1,0.280035,0.304167,0.415798
ACAATTTGGCCATATT-1,0.4554,0.06761,0.47699
ACACAAAGACGGGTGG-1,0.098945,0.122941,0.778114
ACACAAATATTCCTAG-1,0.254676,0.3831,0.362224
ACACACCAGGACCAGT-1,0.651996,0.031507,0.316497
ACACACTTTCTACACG-1,0.728554,0.087137,0.184309
ACACATGATCAAATCT-1,0.505774,0.00947,0.484756
ACACATTGACGCAACA-1,0.982309,0.017406,0.000285
ACACATTTCCGTAGAC-1,0.914136,0.085616,0.000248
ACACCACATAATTAGC-1,0.659423,0.004056,0.336521
ACACCCAGCATGCAGC-1,0.344576,0.34923,0.306195
ACACCCGAGAAATCCG-1,0.718884,0.046786,0.234329
ACACCCGTAAATCTGT-1,0.488801,0.133391,0.377808
ACACCGAGCGCTCTTT-1,0.637056,0.045871,0.317074
ACACCGGTCTGACCGC-1,0.778286,0.01456,0.207155
ACACCTTAAGTAGGGC-1,0.679854,0.30542,0.014725
ACACCTTACTACTTGC-1,0.532388,0.078708,0.388903
ACACGAGACTCCTTCT-1,0.185075,0.46992,0.345005
ACACGGCACTATGCAT-1,0.565647,0.037105,0.397247
ACACGGGAACTTAGGG-1,0.051041,0.19644,0.752519
ACACGTAGGCCACAAG-1,0.043456,0.049431,0.907113
ACACTCCAATGTCACT-1,0.174802,0.061484,0.763714
ACACTGATCAAGGTGT-1,0.184446,0.149906,0.665648
ACACTGGGACAGTCGT-1,0.170157,0.130936,0.698907
ACAGAACTGAGAACAA-1,0.278448,0.239562,0.48199
ACAGATTAGGTTAGTG-1,0.353105,0.14603,0.500865
ACAGCATAGAGCCAGT-1,0.166956,0.242181,0.590863
ACAGCGACATTCTCAT-1,0.108291,0.07028,0.821428
ACAGCGCACCCGCAGC-1,0.49331,0.009939,0.496751
ACAGGAGGCGCAGCCG-1,0.50878,0.342557,0.148663
ACAGGCACGGATCCTT-1,0.125413,0.233328,0.641259
ACAGGCTTGCCCGACT-1,0.000019,0.999691,0.00029
ACAGGTGGAGGTGAGG-1,0.644902,0.138501,0.216597
ACAGGTGTGTTGTTGC-1,0.321986,0.235711,0.442303
ACAGTAATACAACTTG-1,0.55875,0.060684,0.380566
ACAGTATACCGTGGGA-1,0.598973,0.100623,0.300404
ACAGTGCAGCGCATTT-1,0.509823,0.095799,0.394378
ACATAAGTCGTGGTGA-1,0.055797,0.153316,0.790887
ACATAATAAGGCGGTG-1,0.257443,0.128657,0.6139
ACATACAATCAAGCGG-1,0.34177,0.086836,0.571394
ACATCAGCTGGGACGC-1,0.194455,0.20701,0.598535
ACATCCCGGCCATACG-1,0.043161,0.198479,0.75836
ACATCCTGGTAACTGT-1,0.226401,0.167808,0.605792
ACATCGATCGTTTACC-1,0.01195,0.095941,0.892109
ACATCGCAATATTCGG-1,0.036559,0.189603,0.773838
ACATCGGTCAGCCGCG-1,0.360669,0.107435,0.531896
ACATCGTATGCAATGG-1,0.181558,0.046449,0.771993
ACATCGTTAACCTAGT-1,0.376755,0.159976,0.463269
ACATCTCAACGCGTAA-1,0.139236,0.146031,0.714734
ACATGCTTACGGCAGC-1,0.520434,0.219198,0.260368
ACATGGCGCCAAAGTA-1,0.220718,0.348209,0.431074
ACATGGCTCAATTTAG-1,0.01135,0.530967,0.457684
ACATTAGTTTATATCC-1,0.589314,0.216908,0.193778
ACATTCGCGCGGAATA-1,0.685069,0.009993,0.304938
ACATTTGAAACCTAAC-1,0.08047,0.353101,0.566429
ACCAAACACCCAGCGA-1,0.227887,0.395065,0.377048
ACCAAACTAGAAATCC-1,0.24182,0.097137,0.661042
ACCAACACCACACACT-1,0.25199,0.138689,0.609321
ACCAACCGCACTCCAC-1,0.431808,0.020744,0.547448
ACCAACGCTTATTTAT-1,0.127018,0.068267,0.804715
ACCAAGAACGCGTGTC-1,0.436354,0.158704,0.404942
ACCAAGTCATCGGCAG-1,0.999519,0.00018,0.0003
ACCAATATGCAAGTTA-1,0.892819,0.07376,0.03342
ACCACAACTCAGAACA-1,0.150807,0.110031,0.739162
ACCACAAGTTTCTATC-1,0.119819,0.132902,0.747278
ACCACACGGTTGATGG-1,0.997118,0.002661,0.00022
ACCACCAATGTAACAA-1,0.451896,0.116778,0.431326
ACCACCCTCTCTTCTA-1,0.203469,0.192688,0.603842
ACCACGTGCAGCTATA-1,0.162093,0.080563,0.757343
ACCACTGTTCAAGAAG-1,0.253151,0.744042,0.002807
ACCAGACCATAACAAC-1,0.444113,0.140427,0.415459
ACCAGCCCGGTCTTTG-1,0.231719,0.156696,0.611585
ACCAGGAGTGTGATCT-1,0.169403,0.01075,0.819846
ACCAGTGCCCGGTCAA-1,0.011008,0.413941,0.575051
ACCAGTGCGGGAGACG-1,0.329734,0.111175,0.559092
ACCATATCCGCAATAA-1,0.401777,0.172869,0.425354
ACCATCCGCCAACTAG-1,0.224185,0.746443,0.029371
ACCATCGTATATGGTA-1,0.023446,0.08014,0.896413
ACCATTAAGGGTGTCA-1,0.700993,0.169766,0.129241
ACCCAACGCCCGTGGC-1,0.040436,0.191207,0.768357
ACCCACCTACATGCTC-1,0.718857,0.106657,0.174486
ACCCATCTTGAGGGTA-1,0.773238,0.110017,0.116745
ACCCATTTGTCCCTCT-1,0.263707,0.024739,0.711554
ACCCGAGCGAAATTAC-1,0.003359,0.055665,0.940976
ACCCGATTGGTTCCGA-1,0.268353,0.153267,0.57838
ACCCGGAAACTCCCAG-1,0.005797,0.918205,0.075998
ACCCGGAGCACCACAA-1,0.176276,0.282051,0.541673
ACCCGGATGACGCATC-1,0.283758,0.204682,0.511559
ACCCGGTTACACTTCC-1,0.116566,0.285214,0.59822
ACCCGTAGCAGAGAAT-1,0.73627,0.05135,0.21238
ACCCGTAGTCTAGTTG-1,0.3206,0.062697,0.616704
ACCCGTGTCATCAGTA-1,0.542665,0.00641,0.450925
ACCCTATAGGACTGAG-1,0.952776,0.000177,0.047046
ACCCTATGCCATATCG-1,0.414759,0.009513,0.575728
ACCCTCCCGTCAGGGC-1,0.632237,0.031516,0.336247
ACCCTCCCTTGCTATT-1,0.045794,0.191429,0.762778
ACCCTGGTAACGCCCT-1,0.321628,0.191417,0.486955
ACCCTTCATCTGCGAA-1,0.583646,0.122903,0.29345
ACCCTTGCCTGGGTCG-1,0.31261,0.320343,0.367047
ACCCTTTAGTTCTCCA-1,0.051627,0.102029,0.846344
ACCGAAAGGGCCCTGC-1,0.561569,0.272015,0.166416
ACCGAAGAGTCTGGTT-1,0.638703,0.003285,0.358012
ACCGACACATCTCCCA-1,0.091253,0.070596,0.838151
ACCGACTGAGTCCCAC-1,0.1288,0.360483,0.510717
ACCGAGTCTCCTTATT-1,0.655611,0.011954,0.332435
ACCGATAGGCATAACC-1,0.564696,0.006438,0.428866
ACCGATATTTAATCAT-1,0.322815,0.182829,0.494356
ACCGATGGTAGCATCG-1,0.395494,0.308862,0.295645
ACCGCAATAACTGCCT-1,0.146965,0.399912,0.453122
ACCGCGGTGGAAGTCG-1,0.251701,0.234454,0.513845
ACCGCTAGTCATTGGT-1,0.462836,0.143512,0.393652
ACCGGGCCTTTGTTGA-1,0.852345,0.038487,0.109167
ACCGGTCAGGTACACC-1,0.036478,0.068903,0.89462
ACCGGTCTGAGTACGG-1,0.294277,0.270775,0.434948
ACCGTCCACTGGGCCC-1,0.28461,0.159399,0.555991
ACCGTGACCACGTGGG-1,0.132675,0.036559,0.830766
ACCGTTCCCGCTCTGA-1,0.414567,0.097099,0.488335
ACCTAAGTACCTTTCA-1,0.021502,0.309592,0.668905
ACCTAATCGACTTCCT-1,0.063141,0.189141,0.747718
ACCTACAGTATGTGGT-1,0.505536,0.008691,0.485773
ACCTACTATAAATCTA-1,0.240586,0.149977,0.609437
ACCTCAGCGAGGCGCA-1,0.502379,0.091513,0.406107
ACCTCCGCCCTCGCTG-1,0.161376,0.043028,0.795596
ACCTCCGTTATTCACC-1,0.325002,0.136237,0.538761
ACCTCGAACTTATGCT-1,0.019681,0.133433,0.846886
ACCTGCGTGTCATGTT-1,0.56946,0.03,0.400541
ACCTTTCCTTTAGAAG-1,0.317596,0.099857,0.582547
ACGAAATGGGCGGCAC-1,0.01923,0.17674,0.80403
ACGACCCATGAGTTGC-1,0.358567,0.147361,0.494072
ACGACTCTAGGGCCGA-1,0.43016,0.035344,0.534495
ACGACTGGTCATACTC-1,0.005071,0.131732,0.863197
ACGAGAACCCATCACG-1,0.456502,0.293967,0.249531
ACGAGATATTTGCTTA-1,0.292365,0.075911,0.631724
ACGAGGATACCACTCT-1,0.209319,0.093502,0.69718
ACGAGGTTTACAACGT-1,0.429169,0.087415,0.483416
ACGAGTACGGATGCCC-1,0.24143,0.158074,0.600496
ACGAGTCGCCGGCGTT-1,0.431071,0.568472,0.000457
ACGATACATAGAACTA-1,0.205123,0.589022,0.205855
ACGATACCTATCCTGA-1,0.284691,0.276145,0.439165
ACGATCATACATAGAG-1,0.300334,0.270931,0.428736
ACGATCATCTTGTAAA-1,0.349827,0.225379,0.424793
ACGATGCATATGTTAT-1,0.030313,0.256591,0.713096
ACGATGGATCCGATGC-1,0.195942,0.179684,0.624374
ACGCAAACTAATAGAT-1,0.584416,0.007088,0.408496
ACGCAATCACTACAGC-1,0.177306,0.368664,0.454031
ACGCATAAATGACATG-1,0.479029,0.129119,0.391853
ACGCATACGTTTACTA-1,0.259636,0.016824,0.72354
ACGCATTCGTGAGTAC-1,0.490266,0.163321,0.346413
ACGCCACTCGAAACAG-1,0.000325,0.065236,0.93444
ACGCCAGATGATTTCT-1,0.162017,0.312727,0.525256
ACGCCAGTGCGTTTGC-1,0.69744,0.000154,0.302405
ACGCCCAGCTGTCGAT-1,0.885907,0.06311,0.050983
ACGCCGCTAGACGACC-1,0.163399,0.207717,0.628884
ACGCCTGACACGCGCT-1,0.834299,0.095278,0.070424
ACGCGAAGTCAGACGA-1,0.223334,0.118054,0.658612
ACGCGCTACACAGGGT-1,0.511943,0.13222,0.355837
ACGCGGGCCAAGGACA-1,0.307697,0.654128,0.038176
ACGCGTTTCTTAAGAG-1,0.482494,0.030957,0.486549
ACGCTACTGAATGGGC-1,0.97965,0.000107,0.020243
ACGCTAGTATCAGTGC-1,0.721359,0.078491,0.20015
ACGCTAGTGATACACT-1,0.072413,0.268353,0.659234
ACGCTGTGAGGCGTAG-1,0.282048,0.058575,0.659377
ACGCTTAGTGTCTCTC-1,0.305259,0.265213,0.429528
ACGGAACACGAGTGCC-1,0.432103,0.009926,0.557971
ACGGAATTTAGCAAAT-1,0.264917,0.197231,0.537851
ACGGACGCAGCGACAA-1,0.769316,0.004214,0.22647
ACGGACTCTCAAAGCG-1,0.512367,0.04087,0.446763
ACGGAGCGCAAATTAC-1,0.056898,0.2898,0.653302
ACGGATGGTGCGGATA-1,0.370301,0.163604,0.466094
ACGGCACTTGCTTGGG-1,0.153305,0.387929,0.458766
ACGGCCAACATGGACT-1,0.931975,0.036533,0.031491
ACGGCGACGATGGGAA-1,0.286253,0.122841,0.590906
ACGGCGGGTTGCCCTG-1,0.389039,0.226828,0.384133
ACGGCTGGATGTAGAA-1,0.483972,0.033461,0.482567
ACGGGAGTGTCGGCCC-1,0.307568,0.130697,0.561736
ACGGGCGTATGCGACA-1,0.204429,0.162519,0.633051
ACGGGTCATGTGACTT-1,0.527834,0.036745,0.435421
ACGGGTTGTGACCTGT-1,0.042433,0.557754,0.399813
ACGGTACAGTTCAATG-1,0.972692,0.027087,0.000222
ACGGTCACCGAGAACA-1,0.489521,0.011791,0.498688
ACGTACAGATTTCTCT-1,0.447554,0.380577,0.171869
ACGTACTTTGGCACGG-1,0.645254,0.00494,0.349806
ACGTAGATTGCTGATG-1,0.25382,0.262556,0.483624
ACGTAGGAGAGTCGCT-1,0.442497,0.123013,0.434489
ACGTATTACTCCGATC-1,0.031743,0.575917,0.39234
ACGTCCTAAACGAGAT-1,0.667336,0.062754,0.26991
ACGTCGGGCAACTCGG-1,0.216697,0.782945,0.000358
ACGTCTCGTTCCGGGA-1,0.115981,0.313432,0.570588
ACGTGACAAAGTAAGT-1,0.267681,0.326086,0.406234
ACGTGCGCCTCGTGCA-1,0.122765,0.234684,0.642551
ACGTGGTCGAATGTGC-1,0.351481,0.07109,0.577429
ACGTTAATGTCGAAGA-1,0.520759,0.149116,0.330125
ACGTTAGATTTGCCCG-1,0.601817,0.207754,0.190429
ACGTTATTGGTCACTC-1,0.062817,0.165476,0.771706
ACGTTCACTATGCCGC-1,0.048491,0.0895,0.862009
ACGTTCCGCGCTCCGT-1,0.366922,0.092298,0.54078
ACGTTCGCAATCAATT-1,0.609456,0.18304,0.207504
ACGTTCGTTCAGGAAA-1,0.149235,0.124999,0.725765
ACGTTCTGTACAAGTC-1,0.630531,0.000107,0.369362
ACGTTGTCGTTGAAAG-1,0.569027,0.169585,0.261388
ACGTTTAGTTGTGATC-1,0.684623,0.237855,0.077522
ACGTTTCGGTGCACTT-1,0.436013,0.067428,0.496559
ACTAAGGACGCACACC-1,0.5675,0.085082,0.347418
ACTAATACGTCAGGCG-1,0.118002,0.252797,0.629201
ACTACAAAGAGAGGTG-1,0.485658,0.063353,0.450989
ACTACATCCCGACAAG-1,0.00652,0.149705,0.843774
ACTACCAGCTCTCTGG-1,0.488955,0.330889,0.180156
ACTACCATCCGAGGGC-1,0.69866,0.049298,0.252042
ACTACGCGTTAGAATT-1,0.425368,0.071817,0.502815
ACTAGTTGCGATCGTC-1,0.339665,0.364555,0.29578
ACTATATGCTGTGTTC-1,0.330926,0.145072,0.524002
ACTATCCAGGGCATGG-1,0.28813,0.200652,0.511217
ACTATCGCCGGCTAAA-1,0.910902,0.048852,0.040246
ACTATCTGCCCGCGTA-1,0.058665,0.046788,0.894547
ACTATGTCCAGCTGCC-1,0.40887,0.187834,0.403296
ACTATTCGTCCGTGGT-1,0.220025,0.073223,0.706752
ACTATTTCCGGGCCCA-1,0.258787,0.050869,0.690344
ACTCAACGAATGTATT-1,0.34165,0.160578,0.497771
ACTCAAGTGCAAGGCT-1,0.40575,0.004771,0.589479
ACTCAATAAAGGCACG-1,0.239013,0.261643,0.499344
ACTCAGACCTGCTTCT-1,0.065668,0.247566,0.686766
ACTCATGGCAGCCTTC-1,0.179525,0.055874,0.764601
ACTCCAATATCATCAT-1,0.200422,0.03742,0.762158
ACTCCCATTCCTAAAG-1,0.553289,0.007818,0.438894
ACTCCCGAATTCGTTT-1,0.482907,0.163625,0.353468
ACTCCCGTAGACTAGG-1,0.83696,0.0377,0.12534
ACTCCCTAATGCTAAA-1,0.195197,0.207448,0.597355
ACTCCCTAGAATAGTA-1,0.161225,0.609904,0.228871
ACTCCGGCCGACCACT-1,0.590832,0.146441,0.262727
ACTCGATGTATTTCAT-1,0.00705,0.262246,0.730704
ACTCGCCGTTCGATAA-1,0.440283,0.026923,0.532793
ACTCGCGATCTGACGC-1,0.203557,0.176932,0.619511
ACTCGTAACCCGTCCT-1,0.126404,0.203255,0.670341
ACTCGTCAGTAATCCC-1,0.13541,0.172497,0.692094
ACTCTAAACCTGGGAT-1,0.376406,0.301049,0.322544
ACTCTCTGACTTAGGT-1,0.2875,0.149126,0.563373
ACTCTCTTATACACGA-1,0.083817,0.373317,0.542866
ACTCTGACCTAATAGA-1,0.149989,0.045414,0.804597
ACTCTTCAGCTCCCGC-1,0.257482,0.117049,0.62547
ACTCTTGTATAGTAAC-1,0.146541,0.490198,0.363261
ACTGAAACGCCGTTAG-1,0.535326,0.003253,0.461421
ACTGAATGGCGAAAGT-1,0.007538,0.072568,0.919894
ACTGATTTAGTGATTC-1,0.286757,0.162167,0.551076
ACTGCCCGCCATTCTC-1,0.130733,0.114181,0.755086
ACTGCCGTCGTAACTC-1,0.107911,0.858703,0.033386
ACTGCGGACACACCGT-1,0.218925,0.158988,0.622087
ACTGCTCGGAAGGATG-1,0.581068,0.027723,0.391208
ACTGGCGAACCTGCGT-1,0.450482,0.036522,0.512995
ACTGGGATGCCAGTGC-1,0.298396,0.05897,0.642633
ACTGTACGATACACAT-1,0.412034,0.230878,0.357088
ACTGTAGCACTTTGGA-1,0.029416,0.332254,0.63833
ACTGTATACGCGAGCA-1,0.529004,0.365148,0.105848
ACTGTCCAGGATTATA-1,0.012114,0.897792,0.090094
ACTGTCTTCTTTAGAA-1,0.173902,0.366817,0.459281
ACTGTGCTAGTAGATC-1,0.613,0.317022,0.069977
ACTGTTTAGTGTAGGC-1,0.344639,0.089611,0.56575
ACTTACCGGGCGCGCA-1,0.220198,0.19598,0.583822
ACTTACGCATCCACGC-1,0.485789,0.021508,0.492703
ACTTAGTACGACAAGA-1,0.729286,0.16183,0.108884
ACTTATACTTACCCGG-1,0.149329,0.699281,0.15139
ACTTATCTGATCTATA-1,0.368667,0.210209,0.421124
ACTTATTAGGATCGGT-1,0.194452,0.205653,0.599895
ACTTATTTATGTGCCA-1,0.205104,0.147187,0.647709
ACTTCAGGCTGATCCC-1,0.304216,0.189372,0.506412
ACTTCCAGTGGAAGCT-1,0.62398,0.046241,0.329778
ACTTCCATGCGGGACA-1,0.456627,0.052833,0.49054
ACTTCCTGTCGTGCGA-1,0.58363,0.170511,0.245859
ACTTCGCCATACGCAC-1,0.200349,0.418752,0.380899
ACTTCGCTAGCGAGTG-1,0.013422,0.380388,0.606191
ACTTGACTCCCTCTTT-1,0.340006,0.132651,0.527343
ACTTGCCATATTGTAC-1,0.366754,0.0095,0.623746
ACTTGCTCTATCTACC-1,0.705449,0.035685,0.258866
ACTTGGGACCCGGTGG-1,0.098887,0.189844,0.711269
ACTTGGGCTTTCGCCA-1,0.476766,0.186628,0.336605
ACTTGTAGTCCCTTCA-1,0.488664,0.035706,0.47563
ACTTGTGGATGGAACG-1,0.287931,0.050465,0.661604
ACTTGTTACCGGATCA-1,0.344455,0.180931,0.474615
ACTTTACCCTCATGAA-1,0.007095,0.992842,0.000063
ACTTTATACACCACTT-1,0.391733,0.221749,0.386518
ACTTTCCTATAGCTTC-1,0.005704,0.961368,0.032928
ACTTTGACTGCATCCT-1,0.134577,0.220603,0.644819
ACTTTGGTCGTGCTCC-1,0.29343,0.033985,0.672585
ACTTTGTCGACGCACT-1,0.951084,0.000145,0.048771
AGAAATTATGACTCGC-1,0.169902,0.078377,0.751721
AGAACACGGCGATGGT-1,0.306695,0.257503,0.435801
AGAACCCAGCGTGACA-1,0.411946,0.068705,0.519348
AGAACCCTCAATTGGG-1,0.161954,0.108362,0.729685
AGAACGTGGTACATTC-1,0.124462,0.230449,0.645089
AGAACTGTACTTTGTA-1,0.063059,0.057668,0.879273
AGAAGAGCGCCGTTCC-1,0.991302,0.003262,0.005436
AGAAGGTACACTTCAC-1,0.543397,0.047826,0.408777
AGAAGGTTGCCGAATT-1,0.148961,0.099284,0.751755
AGAAGGTTGTAGGTCG-1,0.362421,0.073341,0.564238
AGAAGTGATTCGTGAT-1,0.389784,0.022366,0.58785
AGAATAAATCTTCAGG-1,0.190362,0.164863,0.644775
AGAATACAGGCTATCC-1,0.428528,0.083998,0.487475
AGAATGCGGGTTCGGA-1,0.107864,0.228546,0.663589
AGAATTATGGATTCGA-1,0.277883,0.149027,0.573091
AGAATTGTTTGACATA-1,0.168039,0.294408,0.537554
AGACAGCTCAGAATCC-1,0.141407,0.177514,0.681079
AGACAGGCATCTCAGC-1,0.090213,0.03566,0.874126
AGACATAGATCCTTCC-1,0.327016,0.060704,0.61228
AGACCAAACCACACCT-1,0.490134,0.00477,0.505096
AGACCATGGGATACAA-1,0.520983,0.088868,0.390149
AGACCCACCGCTGATC-1,0.298616,0.139336,0.562048
AGACCCGCCCTCCTCG-1,0.018037,0.210412,0.771551
AGACCGCTCCGCGGTT-1,0.083638,0.052843,0.863519
AGACCGGGAAACCCTG-1,0.153712,0.308683,0.537605
AGACGAAGTGCCGGTC-1,0.241042,0.06621,0.692749
AGACGACGATGCCGCT-1,0.001808,0.130365,0.867827
AGACGCCCACTTCGCC-1,0.241249,0.013678,0.745072
AGACGGGATTGGTATA-1,0.444256,0.076198,0.479546
AGACGGGCCGATTTAA-1,0.123564,0.118432,0.758003
AGACTAGCCTTCCAGA-1,0.426412,0.266665,0.306923
AGACTGTTACCGGGTC-1,0.483242,0.049487,0.467271
AGAGAAACACCAGAAA-1,0.521389,0.102294,0.376317
AGAGAACCGTCTAGGA-1,0.604398,0.225915,0.169687
AGAGAAGGAGTACAAT-1,0.359891,0.076074,0.564035
AGAGATCTCTAAAGCG-1,0.393324,0.200048,0.406628
AGAGCAGTTATGAGAC-1,0.251943,0.119105,0.628952
AGAGCCGCCGAGATTT-1,0.05132,0.339465,0.609216
AGAGCGCTTGTAACGG-1,0.228678,0.041227,0.730095
AGAGCGGGCTAATCAT-1,0.185084,0.122802,0.692113
AGAGCGTACAAGCTCG-1,0.252259,0.288323,0.459418
AGAGCTACGAAAGCAT-1,0.143724,0.163226,0.69305
AGAGGCTTCGGAAACC-1,0.535229,0.055511,0.40926
AGAGGGACAATTGTCC-1,0.222632,0.308979,0.468389
AGAGGTATCTCGGTCC-1,0.178279,0.148516,0.673205
AGAGTAAACTTCACTA-1,0.39496,0.045746,0.559294
AGAGTATAGTGTTACG-1,0.267539,0.120182,0.612279
AGAGTCTTAATGAAAG-1,0.223921,0.019609,0.756471
AGAGTGAACAGACACC-1,0.729244,0.053108,0.217648
AGAGTTAGAGACCGAT-1,0.05021,0.232067,0.717723
AGAGTTGCAGGCCTCC-1,0.303752,0.118428,0.57782
AGATAACTTCAGGGCC-1,0.334287,0.359726,0.305987
AGATAATCACACCTAT-1,0.081632,0.238256,0.680111
AGATACCAATAGAACC-1,0.660607,0.010993,0.3284
AGATACCAGCACTTCA-1,0.02851,0.753314,0.218176
AGATACCGGTGTTCAC-1,0.240938,0.182716,0.576346
AGATACGACTTCATAT-1,0.33917,0.133236,0.527594
AGATACTCAAGATCGA-1,0.085936,0.112726,0.801338
AGATATAATACGACTA-1,0.843024,0.119001,0.037975
AGATCGTGCATAAGAT-1,0.441142,0.070321,0.488537
AGATCTCAGGTGTGAT-1,0.095914,0.137869,0.766217
AGATCTGGAGAGGATA-1,0.630598,0.225348,0.144055
AGATGACTCGCCCACG-1,0.283141,0.303037,0.413822
AGATGAGGGTTGCGAT-1,0.291955,0.247391,0.460654
AGATGATGGAGTCTGG-1,0.360321,0.589466,0.050213
AGATGCAAGACGTGCA-1,0.432221,0.113252,0.454528
AGATGCATCCTGTGTC-1,0.597256,0.286366,0.116378
AGATGCTATAACGAGC-1,0.381129,0.582022,0.036849
AGATTATAGGACGTTT-1,0.36541,0.246195,0.388395
AGATTCAAGCGGGTCG-1,0.58632,0.085505,0.328175
AGATTCACAACCGATA-1,0.397479,0.074695,0.527825
AGCAAAGGCCGCTAGT-1,0.839147,0.051486,0.109367
AGCAACATATCTTATT-1,0.12208,0.334868,0.543052
AGCAACCGAAAGTAAT-1,0.654498,0.096017,0.249485
AGCACACGTTTAGACT-1,0.257523,0.116353,0.626125
AGCACCAGTACTCACG-1,0.192872,0.333253,0.473876
AGCACTACCGGCCTGT-1,0.318147,0.094997,0.586855
AGCACTACCTCACCAG-1,0.649393,0.259432,0.091175
AGCACTTAAGGACGCC-1,0.528065,0.152191,0.319744
AGCAGAAGGAGAAAGA-1,0.38236,0.595139,0.022502
AGCAGCCAGATGAATA-1,0.362484,0.196062,0.441454
AGCAGTCGAAGCATGC-1,0.739635,0.051136,0.20923
AGCATATCAATATGCT-1,0.706157,0.139695,0.154148
AGCATCATTTCGAAAG-1,0.640203,0.020829,0.338968
AGCATCGTCGATAATT-1,0.119375,0.342409,0.538216
AGCATTACGAGGCAAG-1,0.245691,0.074078,0.680231
AGCCAAGCTTTGTGTC-1,0.030168,0.247227,0.722605
AGCCACAGGTTACCCG-1,0.587886,0.115392,0.296723
AGCCACTCCCGTGCTT-1,0.034875,0.474616,0.490509
AGCCATATAGTATGTG-1,0.205515,0.649807,0.144678
AGCCCATACATGTAAG-1,0.017597,0.079407,0.902997
AGCCCGCAACAAGCAG-1,0.381797,0.11512,0.503083
AGCCCGCACTACAATG-1,0.798618,0.003161,0.198221
AGCCCGGCATTAGAGG-1,0.274289,0.046592,0.679119
AGCCCGGTAGCCTGTA-1,0.300045,0.0207,0.679255
AGCCCTAAGCGAAGTT-1,0.295211,0.266658,0.43813
AGCCCTCCCTGGTGGC-1,0.145238,0.106325,0.748437
AGCCCTGTCGCACCGT-1,0.238513,0.07288,0.688607
AGCCCTTCTAATCCGA-1,0.017319,0.295619,0.687063
AGCCCTTGGACATCCC-1,0.431034,0.072242,0.496725
AGCCGCAAATTCAAAT-1,0.18186,0.076765,0.741375
AGCCGCTTGATTAGCG-1,0.860889,0.077333,0.061778
AGCCGTGGCTAAATGT-1,0.503379,0.104541,0.392081
AGCCTAATACCCACGT-1,0.122186,0.03581,0.842005
AGCCTTAAAGCGGAAG-1,0.796721,0.030239,0.17304
AGCCTTGTCACTGATA-1,0.630331,0.164653,0.205016
AGCGACAGGAACGGTC-1,0.833592,0.050192,0.116216
AGCGACATCCCATTCA-1,0.160789,0.182508,0.656703
AGCGACCAACGATATT-1,0.127879,0.173939,0.698182
AGCGACTTTGAAGACA-1,0.40325,0.425225,0.171525
AGCGAGACGTGAAGGC-1,0.110632,0.091345,0.798023
AGCGATGCGCCTAATA-1,0.089941,0.213508,0.696551
AGCGCATAATGAATCG-1,0.23957,0.088874,0.671556
AGCGCGGGTGCCAATG-1,0.543087,0.300928,0.155985
AGCGCTAGAGCGATGT-1,0.667287,0.038342,0.294371
AGCGCTTATGGGCAAG-1,0.112683,0.435823,0.451493
AGCGGACACTTCGTAG-1,0.180974,0.197421,0.621605
AGCGGCGGTTAGCGGT-1,0.335137,0.188657,0.476206
AGCGGGAAGGGTCCAT-1,0.214753,0.551904,0.233343
AGCGGGTCTGACACTC-1,0.304881,0.156475,0.538644
AGCGGTTGAGATGTAC-1,0.653268,0.048131,0.298601
AGCGGTTGCCGCTCTG-1,0.110695,0.348192,0.541113
AGCGTACGAGAGCTAG-1,0.696204,0.05019,0.253606
AGCGTAGCGCTAGACC-1,0.233231,0.215948,0.550821
AGCGTCTGAACCCGCA-1,0.306844,0.193429,0.499727
AGCGTGGTATTCTACT-1,0.165451,0.23894,0.595609
AGCGTTCCGATTTAAA-1,0.259198,0.374445,0.366356
AGCTAACAAGCAATGT-1,0.400368,0.019585,0.580047
AGCTAAGCTCCGTCCG-1,0.04845,0.732357,0.219194
AGCTAAGTACGCAGGC-1,0.514947,0.104424,0.380629
AGCTACGAATGGTGGT-1,0.214106,0.184103,0.601791
AGCTAGAAGCAGAAGT-1,0.24675,0.432326,0.320924
AGCTATTTAATCCAAC-1,0.046146,0.524281,0.429574
AGCTCCATATATGTTC-1,0.355886,0.060279,0.583835
AGCTCCTTCGCACATC-1,0.192209,0.266071,0.54172
AGCTCGTTGATGGAAA-1,0.283429,0.241423,0.475148
AGCTCTAGACGTTCCA-1,0.006276,0.179883,0.813842
AGCTCTTCCCAGTGCA-1,0.053067,0.175053,0.771879
AGCTCTTCGTAACCTT-1,0.541796,0.125898,0.332305
AGCTCTTTACTCAGTT-1,0.005847,0.236545,0.757608
AGCTGAAGTAAACCAA-1,0.394398,0.178313,0.427289
AGCTGCATTTGAGGTG-1,0.101613,0.173336,0.725051
AGCTGCTGTGCCGAAT-1,0.72111,0.025075,0.253815
AGCTGTAACCTCAATC-1,0.080186,0.158149,0.761665
AGCTTATAGAGACCTG-1,0.086889,0.058569,0.854542
AGCTTCAATACTTTGA-1,0.326306,0.100322,0.573372
AGCTTCTTCTCGAGCA-1,0.996338,0.003455,0.000208
AGCTTGATCAGGGTAG-1,0.521151,0.072757,0.406092
AGCTTGATCTTAACTT-1,0.603767,0.086055,0.310178
AGGAAAGCCTCTGATG-1,0.999498,0.000188,0.000314
AGGAACGAACGACTTC-1,0.193453,0.052435,0.754112
AGGAAGCTGTCCGCCG-1,0.558751,0.088812,0.352437
AGGACAGTCGAATCCC-1,0.011938,0.920689,0.067373
AGGACATCGCACGTCG-1,0.366554,0.348694,0.284752
AGGACATCGGCACACT-1,0.370635,0.004576,0.624788
AGGACGACCCATTAGA-1,0.517843,0.037014,0.445143
AGGACGCTCGATGTTG-1,0.026239,0.053279,0.920482
AGGACTTATAGGAGAA-1,0.595218,0.328279,0.076502
AGGAGACATCCACAGT-1,0.600718,0.084679,0.314603
AGGAGAGTCTGGCTAC-1,0.439935,0.075616,0.484449
AGGAGCGTTTATTATC-1,0.623599,0.107937,0.268464
AGGAGGCCTTCGCGCG-1,0.084828,0.392711,0.522461
AGGATAAAGTCGGGAT-1,0.082299,0.248611,0.66909
AGGATATAGGGATTTA-1,0.195255,0.086474,0.718271
AGGATATCCGACTGCA-1,0.476546,0.084947,0.438507
AGGATCACGCGATCTG-1,0.669459,0.019568,0.310973
AGGATTGCTTACGACA-1,0.45706,0.046698,0.496242
AGGCAAAGAGGAATCA-1,0.886475,0.042567,0.070958
AGGCAATACGGAGGAC-1,0.352848,0.402952,0.2442
AGGCACGTGACTGTCC-1,0.413167,0.105214,0.481618
AGGCAGATGCGTAAAC-1,0.383769,0.5323,0.08393
AGGCAGGGAGCGTACT-1,0.093201,0.073434,0.833366
AGGCATTGTCGTAGGG-1,0.68897,0.004554,0.306476
AGGCCACATTGGTTAC-1,0.007739,0.188188,0.804072
AGGCCACCCGTTATGA-1,0.42596,0.243481,0.330559
AGGCCCAGTGACTGGT-1,0.320413,0.232491,0.447096
AGGCCCATTGTACAGG-1,0.110126,0.311859,0.578016
AGGCCCTAGAACGCCA-1,0.667823,0.011135,0.321042
AGGCCTATCATACCAA-1,0.09039,0.197986,0.711623
AGGCCTGAGAATCTCG-1,0.219007,0.53923,0.241763
AGGCGATAACTGGCGT-1,0.15842,0.017705,0.823875
AGGCGGTTTGTCCCGC-1,0.469181,0.020141,0.510677
AGGCGTCTATGGACGG-1,0.252726,0.218879,0.528394
AGGCTATGGTTAGCTT-1,0.702723,0.15689,0.140388
AGGCTTAAGTTGCACA-1,0.967191,0.032505,0.000304
AGGCTTCCCGAAGAAG-1,0.010906,0.809347,0.179746
AGGCTTGCTAGACACC-1,0.097634,0.07427,0.828096
AGGGAAACGAGGTACT-1,0.197721,0.330259,0.47202
AGGGACAGCACGGCGG-1,0.143842,0.076037,0.780122
AGGGACCGGCTGCGTT-1,0.148924,0.31251,0.538567
AGGGACTCTACGCGAC-1,0.554955,0.421815,0.023229
AGGGAGACATACTTCG-1,0.191343,0.185332,0.623325
AGGGCAGCGGCGTGGT-1,0.66038,0.159358,0.180261
AGGGCCCTAATGTTCT-1,0.150417,0.841364,0.008219
AGGGCGAGCAGCTGAT-1,0.211103,0.108291,0.680606
AGGGCGTGATCGGCTA-1,0.150929,0.264669,0.584401
AGGGCTGCAGTTACAG-1,0.062775,0.390451,0.546774
AGGGTCAGAGCACTCG-1,0.223678,0.052382,0.72394
AGGGTCAGTAACCCTA-1,0.731451,0.131008,0.137541
AGGGTCGATGCGAACT-1,0.070077,0.250796,0.679127
AGGGTCTGGACGCAGT-1,0.400143,0.035419,0.564438
AGGGTGCCGTTCTTTA-1,0.419913,0.243638,0.336449
AGGGTGCTCTCGAGGG-1,0.405134,0.289629,0.305237
AGGGTGGATAGTGCAT-1,0.078193,0.041356,0.880451
AGGGTGTGCTACACGC-1,0.267041,0.170223,0.562736
AGGGTTCAGACGGTCC-1,0.272127,0.185621,0.542252
AGGGTTCCCTTTGGTT-1,0.007498,0.359176,0.633326
AGGGTTTAGTTCGGGA-1,0.475706,0.040365,0.48393
AGGTAACCTCCTATTC-1,0.514712,0.166616,0.318672
AGGTACGATATTGCCA-1,0.299582,0.246111,0.454307
AGGTAGATCGAGATAT-1,0.14383,0.01492,0.84125
AGGTAGGTACAAAGCT-1,0.00002,0.236711,0.763269
AGGTATAATTGATAGT-1,0.484382,0.07113,0.444488
AGGTATGCGGACATTA-1,0.454357,0.087908,0.457735
AGGTCAGGTGAGAGTG-1,0.575059,0.04435,0.380591
AGGTCGCCACTTCGGT-1,0.470511,0.079083,0.450406
AGGTCGCCTCCCAACA-1,0.495895,0.000099,0.504006
AGGTCGCGGAGTTACT-1,0.018476,0.227789,0.753735
AGGTGCACGTCCACAT-1,0.309957,0.004814,0.685229
AGGTGGTGACCTTCGC-1,0.213577,0.117813,0.66861
AGGTGTATCGCCATGA-1,0.597414,0.12398,0.278605
AGGTGTTGCCGACCAC-1,0.131044,0.435595,0.433361
AGGTTACACCATGCCG-1,0.330898,0.026101,0.643001
AGGTTCTCCTTTCCGG-1,0.515198,0.091615,0.393187
AGGTTGAGGCACGCTT-1,0.061273,0.155399,0.783329
AGGTTTCACACACCTT-1,0.203462,0.234849,0.561689
AGTAACGTTCATCCTG-1,0.404575,0.087306,0.508119
AGTAACTATAGCAGCC-1,0.611608,0.028916,0.359477
AGTAAGGGACAGAATC-1,0.466928,0.182553,0.350519
AGTAATCTAAGGGTGG-1,0.881318,0.013671,0.105011
AGTAATGTCTTGCCGC-1,0.246097,0.282703,0.4712
AGTAATTTGCAAGCGT-1,0.033921,0.018871,0.947208
AGTACAGAAGCTTATA-1,0.723382,0.017054,0.259564
AGTACATCATTTATCA-1,0.724,0.189696,0.086304
AGTACCTTCGAGTGCT-1,0.095911,0.121455,0.782634
AGTACGGCCCGTATCG-1,0.438578,0.130338,0.431085
AGTACGGGCACCTGGC-1,0.207358,0.476679,0.315963
AGTACGTGGCCTGTCT-1,0.170471,0.263554,0.565975
AGTACTCTTATGCCCA-1,0.149382,0.061298,0.789319
AGTAGAAGGCGCCTCA-1,0.299415,0.318509,0.382076
AGTAGCGTGAACGAAC-1,0.452728,0.074111,0.473161
AGTAGCTAGACGCCGA-1,0.47961,0.144897,0.375493
AGTAGGAAGGAAGTTG-1,0.112594,0.308786,0.57862
AGTAGGTAACATACAT-1,0.190024,0.152734,0.657242
AGTATAATACTAGGCA-1,0.327262,0.15049,0.522248
AGTATACACAGCGACA-1,0.266962,0.03798,0.695058
AGTATCCATAATAACG-1,0.319563,0.429625,0.250812
AGTATGCTGGAGACCA-1,0.705259,0.043085,0.251655
AGTATTTGGCACGACC-1,0.016844,0.046972,0.936184
AGTCAAATGATGTGAT-1,0.303308,0.050148,0.646545
AGTCAACACCACCATC-1,0.07878,0.051756,0.869463
