Barcode,Topic 1,Topic 2to4,Topic 5to8
AAACAAGTATCTCCCA-1,0.363887,0.416285,0.219828
AAACACCAATAACTGC-1,0.149808,0.195029,0.655163
AAACAGAGCGACTCCT-1,0.124297,0.158513,0.717189
AAACAGCTTTCAGAAG-1,0.996549,0.001479,0.001972
AAACAGGGTCTATATT-1,0.999028,0.000416,0.000555
AAACATGGTGAGAGGA-1,0.999416,0.00025,0.000334
AAACATTTCCCGGATT-1,0.046451,0.494193,0.459356
AAACCACTACACAGAT-1,0.049621,0.275962,0.674417
AAACCCGAACGAAATC-1,0.030654,0.482866,0.48648
AAACCGGAAATGTTAA-1,0.999231,0.000329,0.000439
AAACCGGGTAGGTACC-1,0.16779,0.176299,0.655911
AAACCGTTCGTCCAGG-1,0.06713,0.191005,0.741865
AAACCTAAGCAGCCGG-1,0.163694,0.243799,0.592508
AAACCTCATGAAGTTG-1,0.735343,0.264085,0.000572
AAACGAAGAACATACC-1,0.014962,0.161521,0.823517
AAACGAAGATGGAGTA-1,0.998875,0.000482,0.000643
AAACGAGACGGTTGAT-1,0.000277,0.733131,0.266592
AAACGCCCGAGATCGG-1,0.020253,0.004389,0.975358
AAACGCTGGGCACGAC-1,0.066647,0.274883,0.65847
AAACGGGCGTACGGGT-1,0.147012,0.386507,0.466482
AAACGGTTGCGAACTG-1,0.090378,0.364236,0.545387
AAACGTGTTCGCCCTA-1,0.044042,0.011466,0.944493
AAACTAACGTGGCGAC-1,0.118808,0.188887,0.692305
AAACTCGGTTCGCAAT-1,0.008913,0.596971,0.394115
AAACTCGTGATATAAG-1,0.038939,0.366358,0.594702
AAACTGCTGGCTCCAA-1,0.103425,0.803465,0.09311
AAACTTAATTGCACGC-1,0.892652,0.022273,0.085075
AAACTTGCAAACGTAT-1,0.998999,0.000429,0.000572
AAAGAATGACCTTAGA-1,0.99946,0.000231,0.000309
AAAGACCCAAGTCGCG-1,0.218385,0.06896,0.712656
AAAGACTGGGCGCTTT-1,0.973561,0.025826,0.000614
AAAGCTTGCCTACATA-1,0.034078,0.129045,0.836877
AAAGGCCCTATAATAC-1,0.082434,0.399699,0.517867
AAAGGCTACGGACCAT-1,0.007467,0.543891,0.448642
AAAGGCTCTCGCGCCG-1,0.089927,0.387156,0.522917
AAAGGGATGTAGCAAG-1,0.04225,0.520603,0.437147
AAAGGGCAGCTTGAAT-1,0.350511,0.155462,0.494027
AAAGGTAAGCTGTACC-1,0.092808,0.005572,0.90162
AAAGTAGCATTGCTCA-1,0.089098,0.479163,0.431738
AAAGTCACTGATGTAA-1,0.019381,0.087496,0.893123
AAAGTCGACCCTCAGT-1,0.998151,0.000793,0.001057
AAAGTGCCATCAATTA-1,0.053861,0.352886,0.593253
AAAGTGTGATTTATCT-1,0.09793,0.816461,0.085609
AAAGTTGACTCCCGTA-1,0.061679,0.728917,0.209403
AAATAACCATACGGGA-1,0.003468,0.322216,0.674316
AAATAAGGTAGTGCCC-1,0.018582,0.761961,0.219457
AAATACCTATAAGCAT-1,0.069626,0.780227,0.150146
AAATAGCTTAGACTTT-1,0.000057,0.385948,0.613996
AAATAGGGTGCTATTG-1,0.067193,0.422865,0.509943
AAATCCGATACACGCC-1,0.258763,0.169832,0.571405
AAATCGCGGAAGGAGT-1,0.999436,0.000242,0.000322
AAATCGTGTACCACAA-1,0.027867,0.267022,0.705111
AAATCTAGCCCTGCTA-1,0.007709,0.651376,0.340915
AAATCTGCCCGCGTCC-1,0.999352,0.000278,0.00037
AAATGATTCGATCAGC-1,0.062451,0.553559,0.38399
AAATGCTCGTTACGTT-1,0.473676,0.390565,0.135759
AAATGGCATGTCTTGT-1,0.002652,0.635436,0.361913
AAATGGCCCGTGCCCT-1,0.999652,0.000149,0.000199
AAATGGTCAATGTGCC-1,0.100565,0.241868,0.657567
AAATGTATCTTATCCC-1,0.995236,0.002041,0.002723
AAATTAACGGGTAGCT-1,0.041996,0.417492,0.540513
AAATTAATAAGCGCGA-1,0.997352,0.001135,0.001513
AAATTACACGACTCTG-1,0.000016,0.322947,0.677037
AAATTACCTATCGATG-1,0.006747,0.639437,0.353816
AAATTCCAGGTCCAAA-1,0.000014,0.638544,0.361441
AAATTGATAGTCCTTT-1,0.020123,0.469856,0.51002
AAATTGCGGCGGTTCT-1,0.997877,0.00091,0.001213
AAATTGGTGAGAAGCA-1,0.025606,0.350183,0.624211
AAATTTACCGAAATCC-1,0.039077,0.329995,0.630928
AAATTTGCGGGTGTGG-1,0.014775,0.572663,0.412562
AACAACTGGTAGTTGC-1,0.035515,0.174511,0.789974
AACAATACATTGTCGA-1,0.084127,0.270919,0.644953
AACAATTACTCTACGC-1,0.226286,0.133196,0.640518
AACACACGCTCGCCGC-1,0.108372,0.151803,0.739824
AACACGACTGTACTGA-1,0.005413,0.753636,0.240951
AACACGAGACGCGGCC-1,0.255925,0.038542,0.705533
AACACGCGGCCGCGAA-1,0.002108,0.465575,0.532317
AACAGCTGTGTGGCAA-1,0.029844,0.464961,0.505195
AACAGGAAATCGAATA-1,0.017065,0.618388,0.364546
AACAGGATGGGCCGCG-1,0.200518,0.31058,0.488902
AACAGGTAGTATGGAT-1,0.150288,0.053505,0.796207
AACATATCAACTGGTG-1,0.027123,0.516903,0.455974
AACATCGATACGTCTA-1,0.038751,0.138375,0.822873
AACATTGAAGTTGATC-1,0.051569,0.371767,0.576664
AACATTGTGACTCGAG-1,0.083059,0.317737,0.599204
AACCAAGACTTCTCTG-1,0.224418,0.042896,0.732687
AACCAGTATCACTCTT-1,0.00086,0.280959,0.718181
AACCATAGGGTTGAAC-1,0.999532,0.000201,0.000267
AACCATGGGATCGCTA-1,0.055132,0.162798,0.78207
AACCCAGAGACGGAGA-1,0.029998,0.379411,0.590591
AACCCATCCCATGATC-1,0.999191,0.000347,0.000462
AACCCGACAACCCGTG-1,0.041177,0.409958,0.548865
AACCCGAGCAGAATCG-1,0.938747,0.03809,0.023164
AACCCGATAGGGCTTC-1,0.006313,0.251075,0.742612
AACCCTACTGTCAATA-1,0.256801,0.222685,0.520514
AACCCTGGTGGAACCA-1,0.000009,0.455166,0.544825
AACCGAGCTTGGTCAT-1,0.045741,0.677132,0.277127
AACCGCTAAGGGATGC-1,0.084732,0.821034,0.094233
AACCGTTGTGTTTGCT-1,0.001158,0.598321,0.40052
AACCTCGCTTTAGCCC-1,0.11258,0.575464,0.311955
AACCTGTCACGGAATT-1,0.104808,0.191552,0.703641
AACCTTTAAATACGGT-1,0.000016,0.628478,0.371506
AACCTTTACGACGTCT-1,0.003573,0.601732,0.394695
AACGAAAGTCGTCCCA-1,0.997524,0.001061,0.001415
AACGATAATGCCGTAG-1,0.014914,0.818534,0.166552
AACGATAGAAGGGCCG-1,0.021357,0.379702,0.598941
AACGATATGTCAACTG-1,0.028778,0.442027,0.529195
AACGCATGATCTGGGT-1,0.007108,0.83399,0.158902
AACGCGAACGGCAACA-1,0.689582,0.000233,0.310184
AACGCGACCTTGGGCG-1,0.010347,0.684377,0.305276
AACGCGGTCTCCAGCC-1,0.000019,0.711264,0.288717
AACGCTGTTGCTGAAA-1,0.192301,0.01981,0.787889
AACGGACGTACGTATA-1,0.131433,0.531866,0.336701
AACGGCCATCTCCGGT-1,0.056502,0.865818,0.07768
AACGTACTGTGGGTAC-1,0.000453,0.907494,0.092052
AACGTCAGACTAGTGG-1,0.223716,0.262575,0.513709
AACGTGATGAAGGACA-1,0.000018,0.035551,0.964431
AACGTGCGAAAGTCTC-1,0.025474,0.419648,0.554879
AACGTTATCAGCACCT-1,0.999535,0.000199,0.000265
AACTACCCGTTTGTCA-1,0.159932,0.449447,0.390621
AACTAGCGTATCGCAC-1,0.029688,0.63963,0.330683
AACTAGGCTTGGGTGT-1,0.000026,0.887633,0.112342
AACTCAAGTTAATTGC-1,0.041898,0.579831,0.378271
AACTCCAGAGCGTGTT-1,0.173163,0.566321,0.260516
AACTCCTAATCCCATG-1,0.002629,0.185322,0.812049
AACTCGATAAACACGT-1,0.999298,0.000301,0.000401
AACTCGATGGCGCAGT-1,0.027154,0.385234,0.587612
AACTCTCAATAGAGCG-1,0.043368,0.602295,0.354338
AACTCTCAGTGTGCTC-1,0.061588,0.370964,0.567447
AACTGAGGTCAGCGTC-1,0.057617,0.119965,0.822418
AACTGAGTTATACTGA-1,0.059131,0.799886,0.140983
AACTGATATTAGGCCT-1,0.000016,0.34356,0.656424
AACTGGGTCCCGACGT-1,0.014909,0.640969,0.344122
AACTGGTGTGGGCCTT-1,0.060772,0.155585,0.783643
AACTTCTGCGTCTATC-1,0.728882,0.00736,0.263759
AACTTGCCCGTATGCA-1,0.110202,0.088312,0.801486
AACTTGCGTTCTCGCG-1,0.723189,0.27648,0.000331
AACTTTACGGGAGCTT-1,0.99807,0.000827,0.001103
AACTTTAGCTGCTGAG-1,0.012535,0.197074,0.790391
AACTTTCTCGATCATG-1,0.018418,0.564114,0.417468
AAGAAATCACCAGATT-1,0.027244,0.168064,0.804693
AAGAAGGATCAGTTAG-1,0.205808,0.261584,0.532608
AAGACATACGTGGTTT-1,0.047278,0.06416,0.888562
AAGACCAAATAACTCA-1,0.999364,0.000273,0.000363
AAGACCCAACTGAACA-1,0.020708,0.478874,0.500417
AAGACTAACCCGTTGT-1,0.090722,0.212838,0.69644
AAGACTGCAAGCTACT-1,0.023281,0.209566,0.767153
AAGAGATGAATCGGTA-1,0.196554,0.121838,0.681609
AAGAGCTCTTTATCGG-1,0.078333,0.424436,0.497231
AAGAGGATGTACGCGA-1,0.159843,0.717849,0.122308
AAGAGGCATGGATCGC-1,0.021023,0.769846,0.209131
AAGAGGCCCTTTGGAA-1,0.250143,0.194339,0.555518
AAGATGGCACCGGACC-1,0.046758,0.428927,0.524316
AAGATTGGCGGAACGT-1,0.009824,0.335423,0.654753
AAGCACCCTGCGTATC-1,0.00182,0.975309,0.022872
AAGCATACTCTCCTGA-1,0.005864,0.5634,0.430736
AAGCCGAAGCGGTTTA-1,0.095587,0.193973,0.71044
AAGCCGCCGTGAAATC-1,0.065636,0.496,0.438365
AAGCCGCTTTACCTTG-1,0.069442,0.061923,0.868635
AAGCCGGAGAGCAGGA-1,0.143927,0.035709,0.820364
AAGCGCAGGGCTTTGA-1,0.088289,0.466668,0.445043
AAGCGGAGTGCGCGCA-1,0.06912,0.771917,0.158963
AAGCGGCGTCATGGGT-1,0.004976,0.681251,0.313773
AAGCGTCCCTCATCGA-1,0.067006,0.638379,0.294615
AAGCTAGATCGAGTAA-1,0.000015,0.747707,0.252278
AAGCTCGTGCCAAGTC-1,0.076848,0.499952,0.4232
AAGCTCTTTCATGGTG-1,0.324882,0.652876,0.022241
AAGGAGCGGTTGGTGC-1,0.018191,0.981524,0.000285
AAGGATCGATCGCTTG-1,0.020189,0.711595,0.268216
AAGGATGAGGGACCTC-1,0.000018,0.786429,0.213552
AAGGCAGGCTGTCTCC-1,0.015297,0.431124,0.553579
AAGGCGCGTAAAGCTT-1,0.112986,0.2085,0.678515
AAGGCTGTGCTCATCG-1,0.025504,0.278344,0.696152
AAGGGAACGACTGGCT-1,0.222177,0.591352,0.186471
AAGGGACAGATTCTGT-1,0.000017,0.435596,0.564387
AAGGGACTATGCATTC-1,0.16303,0.425053,0.411917
AAGGGTTTGATTTCAG-1,0.998507,0.00064,0.000853
AAGGTATCCTAATATA-1,0.153691,0.409407,0.436903
AAGGTGATAAACCAGC-1,0.064209,0.614028,0.321763
AAGTAGAAGACCGGGT-1,0.063778,0.336664,0.599559
AAGTAGTGACGCGAGG-1,0.125888,0.533359,0.340753
AAGTCAATTGTCGTCA-1,0.104793,0.223395,0.671811
AAGTCTAGTAGCTGCC-1,0.000819,0.321057,0.678125
AAGTCTTCTGTGGCCT-1,0.998499,0.000643,0.000857
AAGTGACGACCGAATT-1,0.141323,0.149469,0.709208
AAGTGAGTCGGGTTTA-1,0.00002,0.744288,0.255692
AAGTGCAAAGGTAGAC-1,0.996254,0.001605,0.002141
AAGTGCCTTGACTGTA-1,0.196347,0.663094,0.140559
AAGTGCGTTAGAATCT-1,0.069414,0.657101,0.273485
AAGTGCTTCTCTATTG-1,0.026411,0.382555,0.591034
AAGTGTTTGGAGACGG-1,0.103688,0.268791,0.627522
AAGTTCACTCCAAGCT-1,0.089755,0.787403,0.122843
AAGTTCAGTCTGCGTA-1,0.009641,0.103758,0.886601
AAGTTCGGCCAACAGG-1,0.111534,0.54506,0.343406
AAGTTGTGATGTTATA-1,0.008716,0.91634,0.074944
AAGTTTACTAATGGCA-1,0.069783,0.003749,0.926467
AAGTTTATGGGCCCAA-1,0.006152,0.422864,0.570983
AATAACAACGCTCGGC-1,0.122192,0.065798,0.812009
AATAACACTAGAACAA-1,0.019454,0.634352,0.346194
AATAAGTCCTCGAGAC-1,0.000012,0.022343,0.977645
AATAATCTTCGTATCG-1,0.998709,0.000553,0.000738
AATACAATGTTTCAGG-1,0.999621,0.000162,0.000216
AATACCGGAGGGCTGT-1,0.047306,0.036049,0.916645
AATAGAACAGAGTGGC-1,0.018772,0.844009,0.137219
AATAGAATCTGTTTCA-1,0.117294,0.373054,0.509652
AATAGCAAGCCTCCTG-1,0.01079,0.683829,0.305381
AATAGCTACCGCGTGC-1,0.016234,0.112464,0.871302
AATAGTCCGTCCCGAC-1,0.084809,0.831832,0.083359
AATAGTCGCGAGTCGG-1,0.997933,0.000886,0.001181
AATATCAAGGTCGGAT-1,0.008926,0.574159,0.416915
AATATCCTAGCAAACT-1,0.998159,0.000789,0.001052
AATATCGAATCAATGC-1,0.07648,0.460281,0.463238
AATATCGAGGGTTCTC-1,0.029896,0.270792,0.699313
AATATTGGAGTATTGA-1,0.207859,0.643033,0.149108
AATCAGACTGCAGGAC-1,0.394925,0.000181,0.604894
AATCAGGTTTCATTTA-1,0.15655,0.666375,0.177074
AATCATGTAAAGACTC-1,0.058596,0.208068,0.733335
AATCCAAGGGCCTGAG-1,0.070808,0.663718,0.265475
AATCCATGCAAGGGTG-1,0.044954,0.157712,0.797335
AATCGCCTCAGCGCCA-1,0.013676,0.581514,0.40481
AATCGCGCAGAGGACT-1,0.015137,0.619168,0.365695
AATCGGGACACTACGA-1,0.02909,0.461036,0.509874
AATCGTGAGCCGAGCA-1,0.999608,0.000168,0.000224
AATCTAGGTTTACTTG-1,0.957639,0.000389,0.041972
AATCTATGCCGGAGCC-1,0.00003,0.229719,0.770252
AATCTCTACTGTGGTT-1,0.997399,0.001115,0.001486
AATCTGCGTTGGGACG-1,0.064895,0.546741,0.388364
AATCTGGCTTTCTAGT-1,0.867775,0.000438,0.131787
AATCTGGGTAGACCCT-1,0.06744,0.000055,0.932505
AATGACAGCAATGTCT-1,0.1367,0.422471,0.440829
AATGACGTAGGATGTC-1,0.228077,0.272748,0.499175
AATGACTGTCAGCCGG-1,0.046643,0.223459,0.729898
AATGAGTTCGCATATG-1,0.303728,0.696048,0.000224
AATGATGATACGCTAT-1,0.007021,0.500648,0.492331
AATGATGCGACTCCTG-1,0.000027,0.106279,0.893694
AATGCAACCGGGTACC-1,0.132466,0.077426,0.790108
AATGCACCAAGCAATG-1,0.004419,0.753536,0.242045
AATGGCCGCCAATGCG-1,0.000711,0.89876,0.100529
AATGGTCCACCGTTCA-1,0.997741,0.000968,0.001291
AATGGTTCTCACAAGC-1,0.121893,0.207696,0.670411
AATGTATGGCACTGTA-1,0.9992,0.000343,0.000457
AATGTGCCCGAGGTGT-1,0.11044,0.374576,0.514984
AATGTGCTAATCTGAG-1,0.281592,0.244139,0.474269
AATGTTGTCGTGAGAC-1,0.444448,0.206765,0.348787
AATTAAAGGTCGGCGT-1,0.067274,0.634973,0.297753
AATTAACGGATTTCCA-1,0.000144,0.842975,0.156881
AATTACGAGACCCATC-1,0.99943,0.000244,0.000326
AATTACTCGTACGCTC-1,0.770135,0.229016,0.000849
AATTAGCGCTGCAGCG-1,0.004874,0.779656,0.21547
AATTCATAAGGGATCT-1,0.000014,0.551881,0.448106
AATTCATTGTCATGCA-1,0.997586,0.001035,0.00138
AATTCCAAGCATGTAC-1,0.548733,0.21767,0.233597
AATTCGATTCGAGGAT-1,0.192212,0.616894,0.190894
AATTCTAGAGTTAGGC-1,0.009411,0.862185,0.128405
AATTGAACGCTCTGGT-1,0.169332,0.29305,0.537618
AATTGCAGCAATCGAC-1,0.128893,0.099109,0.771998
AATTGCGTGGATTACA-1,0.929648,0.003882,0.066471
AATTGTGGTTGCCAAA-1,0.061092,0.027193,0.911715
AATTTGGGACATAGTA-1,0.003352,0.06461,0.932038
AATTTGGTTCCAAAGA-1,0.000016,0.272857,0.727127
ACAAACCATGCGTCCT-1,0.925894,0.000396,0.07371
ACAAAGAAGGTAGGCC-1,0.998836,0.000499,0.000665
ACAAAGCATGACCTAG-1,0.194501,0.184354,0.621144
ACAAATCGCACCGAAT-1,0.04381,0.580102,0.376087
ACAAATGGTAGTGTTT-1,0.056932,0.776607,0.166461
ACAAATTCAGATCTGA-1,0.0444,0.004357,0.951242
ACAACAGCATGAGCTA-1,0.054905,0.318693,0.626402
ACAACGGTCCCTGCGA-1,0.118882,0.665107,0.21601
ACAAGCAGTGCCTAGC-1,0.125936,0.498348,0.375716
ACAAGCTATATGGAAG-1,0.828979,0.170179,0.000842
ACAAGGAAATCCGCCC-1,0.066141,0.887546,0.046313
ACAAGGACAAGAGGTT-1,0.127031,0.093148,0.779821
ACAAGGATGCTTTAGG-1,0.38436,0.007206,0.608434
ACAAGGCCTACCAGCC-1,0.025385,0.050682,0.923932
ACAAGGGCAGGCTCTG-1,0.086895,0.391785,0.52132
ACAATAGTCGTACGTT-1,0.774555,0.001397,0.224049
ACAATCCATTTAAACC-1,0.085369,0.424694,0.489937
ACAATGAATACGGAGA-1,0.077663,0.568647,0.35369
ACAATGATTCTTCTAC-1,0.247203,0.096277,0.65652
ACAATTGTGTCTCTTT-1,0.125451,0.453442,0.421107
ACAATTTAGGAGGCTC-1,0.995681,0.001851,0.002468
ACAATTTGAGCAGTGG-1,0.106278,0.736318,0.157404
ACAATTTGGCCATATT-1,0.014204,0.761217,0.224579
ACACAAAGACGGGTGG-1,0.07848,0.101586,0.819934
ACACACCAGGACCAGT-1,0.105133,0.415166,0.479701
ACACACTTTCTACACG-1,0.137968,0.491363,0.370668
ACACATGATCAAATCT-1,0.999612,0.000166,0.000222
ACACATTGACGCAACA-1,0.903147,0.001111,0.095742
ACACCACATAATTAGC-1,0.057748,0.248122,0.69413
ACACCCAGCATGCAGC-1,0.04355,0.414041,0.542409
ACACCCGAGAAATCCG-1,0.0357,0.297736,0.666564
ACACCGAGCGCTCTTT-1,0.996988,0.001291,0.001721
ACACCGGTCTGACCGC-1,0.643052,0.109555,0.247393
ACACCTTAAGTAGGGC-1,0.025633,0.218047,0.75632
ACACCTTACTACTTGC-1,0.001162,0.714539,0.284299
ACACGAGACTCCTTCT-1,0.052174,0.530139,0.417687
ACACGGCACTATGCAT-1,0.000012,0.477311,0.522677
ACACGGGAACTTAGGG-1,0.004882,0.945093,0.050025
ACACGTAGGCCACAAG-1,0.598043,0.027102,0.374855
ACACTCCAATGTCACT-1,0.631978,0.346209,0.021812
ACACTGATCAAGGTGT-1,0.055958,0.782335,0.161707
ACACTGGGACAGTCGT-1,0.232636,0.246844,0.52052
ACAGAACTGAGAACAA-1,0.119784,0.58363,0.296586
ACAGATTAGGTTAGTG-1,0.026546,0.478968,0.494486
ACAGCATAGAGCCAGT-1,0.032425,0.188092,0.779484
ACAGCGACATTCTCAT-1,0.136539,0.653995,0.209466
ACAGCGCACCCGCAGC-1,0.000016,0.806323,0.193661
ACAGGCACGGATCCTT-1,0.282165,0.156865,0.56097
ACAGGCTTGCCCGACT-1,0.070896,0.832112,0.096992
ACAGGTGGAGGTGAGG-1,0.021199,0.381986,0.596815
ACAGGTGTGTTGTTGC-1,0.998801,0.000514,0.000685
ACAGTAATACAACTTG-1,0.998981,0.000437,0.000582
ACAGTATACCGTGGGA-1,0.137865,0.054899,0.807236
ACATAAGTCGTGGTGA-1,0.996717,0.001407,0.001876
ACATAATAAGGCGGTG-1,0.003624,0.449869,0.546507
ACATCAGCTGGGACGC-1,0.999207,0.00034,0.000453
ACATCCCGGCCATACG-1,0.002144,0.911752,0.086104
ACATCCTGGTAACTGT-1,0.031228,0.657059,0.311713
ACATCGATCGTTTACC-1,0.000014,0.959204,0.040782
ACATCGGTCAGCCGCG-1,0.090796,0.748974,0.160229
ACATCGTATGCAATGG-1,0.041784,0.146202,0.812014
ACATCGTTAACCTAGT-1,0.007694,0.258972,0.733335
ACATCTCAACGCGTAA-1,0.007513,0.062406,0.930081
ACATGGCGCCAAAGTA-1,0.017584,0.186893,0.795523
ACATGGCTCAATTTAG-1,0.998922,0.000462,0.000616
ACATTAGTTTATATCC-1,0.006506,0.789416,0.204078
ACATTCGCGCGGAATA-1,0.135165,0.330146,0.534689
ACCAAACACCCAGCGA-1,0.033804,0.288319,0.677877
ACCAACACCACACACT-1,0.077024,0.406205,0.516771
ACCAACCGCACTCCAC-1,0.046273,0.13566,0.818067
ACCAACGCTTATTTAT-1,0.087652,0.345359,0.566989
ACCAAGAACGCGTGTC-1,0.038832,0.561258,0.399909
ACCAAGTCATCGGCAG-1,0.037501,0.220775,0.741724
ACCAATATGCAAGTTA-1,0.04527,0.538304,0.416426
ACCACAACTCAGAACA-1,0.003543,0.691412,0.305045
ACCACAAGTTTCTATC-1,0.010743,0.554188,0.435069
ACCACCAATGTAACAA-1,0.001065,0.676228,0.322707
ACCACCCTCTCTTCTA-1,0.010394,0.201063,0.788543
ACCACGTGCAGCTATA-1,0.074924,0.629652,0.295424
ACCACTGTTCAAGAAG-1,0.997303,0.001156,0.001542
ACCAGACCATAACAAC-1,0.998476,0.000653,0.000871
ACCAGCCCGGTCTTTG-1,0.001712,0.239166,0.759121
ACCAGTGCCCGGTCAA-1,0.047596,0.458903,0.493501
ACCAGTGCGGGAGACG-1,0.070429,0.804712,0.124859
ACCATATCCGCAATAA-1,0.014353,0.94259,0.043057
ACCATCCGCCAACTAG-1,0.997938,0.000884,0.001179
ACCATCGTATATGGTA-1,0.066627,0.258389,0.674984
ACCATTAAGGGTGTCA-1,0.998753,0.000534,0.000712
ACCCAACGCCCGTGGC-1,0.146065,0.377028,0.476906
ACCCACCTACATGCTC-1,0.406236,0.312145,0.28162
ACCCATCTTGAGGGTA-1,0.060838,0.090682,0.84848
ACCCATTTGTCCCTCT-1,0.271416,0.324821,0.403763
ACCCGAGCGAAATTAC-1,0.291078,0.280691,0.428231
ACCCGATTGGTTCCGA-1,0.147487,0.094016,0.758497
ACCCGGAAACTCCCAG-1,0.045273,0.48718,0.467546
ACCCGGAGCACCACAA-1,0.110894,0.035352,0.853754
ACCCGGATGACGCATC-1,0.025449,0.709789,0.264762
ACCCGGTTACACTTCC-1,0.020161,0.393049,0.58679
ACCCGTAGCAGAGAAT-1,0.631744,0.074003,0.294253
ACCCGTAGTCTAGTTG-1,0.601388,0.001478,0.397134
ACCCGTGTCATCAGTA-1,0.035066,0.618266,0.346667
ACCCTATAGGACTGAG-1,0.781041,0.065527,0.153432
ACCCTATGCCATATCG-1,0.053886,0.619666,0.326448
ACCCTCCCGTCAGGGC-1,0.082661,0.19461,0.722729
ACCCTCCCTTGCTATT-1,0.053828,0.579994,0.366178
ACCCTGGTAACGCCCT-1,0.033463,0.108233,0.858304
ACCCTTCATCTGCGAA-1,0.00194,0.946666,0.051394
ACCCTTGCCTGGGTCG-1,0.020221,0.555685,0.424094
ACCCTTTAGTTCTCCA-1,0.007761,0.138598,0.853642
ACCGAAAGGGCCCTGC-1,0.011094,0.270882,0.718024
ACCGAAGAGTCTGGTT-1,0.999086,0.000392,0.000522
ACCGACACATCTCCCA-1,0.105076,0.20129,0.693635
ACCGACTGAGTCCCAC-1,0.024769,0.623052,0.352178
ACCGAGTCTCCTTATT-1,0.105216,0.385008,0.509776
ACCGATAGGCATAACC-1,0.106304,0.643891,0.249806
ACCGATATTTAATCAT-1,0.240066,0.551548,0.208387
ACCGATGGTAGCATCG-1,0.06245,0.194183,0.743367
ACCGCAATAACTGCCT-1,0.187685,0.636292,0.176024
ACCGCGGTGGAAGTCG-1,0.027056,0.7516,0.221344
ACCGGGCCTTTGTTGA-1,0.16089,0.566738,0.272372
ACCGGTCAGGTACACC-1,0.999716,0.000122,0.000162
ACCGGTCTGAGTACGG-1,0.04033,0.02602,0.933651
ACCGTCCACTGGGCCC-1,0.999091,0.00039,0.00052
ACCGTGACCACGTGGG-1,0.072317,0.645441,0.282242
ACCGTTCCCGCTCTGA-1,0.02912,0.187492,0.783388
ACCTAAGTACCTTTCA-1,0.0953,0.727829,0.176871
ACCTAATCGACTTCCT-1,0.053506,0.909433,0.037061
ACCTACAGTATGTGGT-1,0.047921,0.551174,0.400906
ACCTACTATAAATCTA-1,0.071116,0.248779,0.680105
ACCTCCGCCCTCGCTG-1,0.985176,0.000313,0.014511
ACCTCCGTTATTCACC-1,0.000017,0.686054,0.31393
ACCTCGAACTTATGCT-1,0.9984,0.000685,0.000914
ACCTGCGTGTCATGTT-1,0.999366,0.000272,0.000362
ACGAAATGGGCGGCAC-1,0.170037,0.090416,0.739547
ACGACCCATGAGTTGC-1,0.064877,0.343534,0.591588
ACGACTCTAGGGCCGA-1,0.18853,0.259001,0.55247
ACGACTGGTCATACTC-1,0.405645,0.026016,0.56834
ACGAGAACCCATCACG-1,0.06103,0.235471,0.703499
ACGAGATATTTGCTTA-1,0.042723,0.413948,0.543329
ACGAGGATACCACTCT-1,0.999127,0.000374,0.000499
ACGAGGTTTACAACGT-1,0.999242,0.000325,0.000433
ACGAGTACGGATGCCC-1,0.000022,0.246658,0.753319
ACGAGTCGCCGGCGTT-1,0.999399,0.000258,0.000344
ACGATACATAGAACTA-1,0.023853,0.090415,0.885732
ACGATACCTATCCTGA-1,0.998204,0.00077,0.001026
ACGATCATACATAGAG-1,0.096116,0.52474,0.379144
ACGATCATCTTGTAAA-1,0.023338,0.267288,0.709374
ACGATGCATATGTTAT-1,0.02825,0.26505,0.7067
ACGATGGATCCGATGC-1,0.000018,0.137424,0.862558
ACGCAAACTAATAGAT-1,0.075298,0.704754,0.219947
ACGCAATCACTACAGC-1,0.000032,0.189086,0.810883
ACGCATAAATGACATG-1,0.134889,0.070119,0.794992
ACGCATACGTTTACTA-1,0.081921,0.043346,0.874733
ACGCATTCGTGAGTAC-1,0.043632,0.598983,0.357385
ACGCCAGATGATTTCT-1,0.012843,0.67639,0.310767
ACGCCGCTAGACGACC-1,0.168763,0.233585,0.597652
ACGCGAAGTCAGACGA-1,0.003703,0.702884,0.293413
ACGCGCTACACAGGGT-1,0.140823,0.235565,0.623612
ACGCGGGCCAAGGACA-1,0.138882,0.33248,0.528639
ACGCGTTTCTTAAGAG-1,0.994962,0.002159,0.002879
ACGCTAGTGATACACT-1,0.006424,0.505333,0.488243
ACGCTGTGAGGCGTAG-1,0.998389,0.00069,0.000921
ACGGAATTTAGCAAAT-1,0.081899,0.177668,0.740432
ACGGACTCTCAAAGCG-1,0.036191,0.867227,0.096583
ACGGAGCGCAAATTAC-1,0.030178,0.345714,0.624107
ACGGATGGTGCGGATA-1,0.244986,0.197437,0.557578
ACGGCACTTGCTTGGG-1,0.038216,0.854183,0.1076
ACGGCCAACATGGACT-1,0.04604,0.700177,0.253783
ACGGCGACGATGGGAA-1,0.081319,0.822132,0.09655
ACGGCGGGTTGCCCTG-1,0.000543,0.747358,0.252099
ACGGCTGGATGTAGAA-1,0.990499,0.000505,0.008996
ACGGGAGTGTCGGCCC-1,0.100144,0.326879,0.572977
ACGGGCGTATGCGACA-1,0.001738,0.56086,0.437402
ACGGGTCATGTGACTT-1,0.997227,0.001188,0.001585
ACGGGTTGTGACCTGT-1,0.957825,0.000235,0.04194
ACGGTCACCGAGAACA-1,0.133655,0.345677,0.520667
ACGTACAGATTTCTCT-1,0.055964,0.739667,0.204369
ACGTACTTTGGCACGG-1,0.21011,0.31668,0.47321
ACGTAGATTGCTGATG-1,0.005957,0.440827,0.553216
ACGTAGGAGAGTCGCT-1,0.215883,0.011793,0.772324
ACGTATTACTCCGATC-1,0.152042,0.501658,0.3463
ACGTCGGGCAACTCGG-1,0.998848,0.000494,0.000658
ACGTCTCGTTCCGGGA-1,0.998182,0.000779,0.001039
ACGTGACAAAGTAAGT-1,0.998922,0.000462,0.000616
ACGTGCGCCTCGTGCA-1,0.000021,0.571722,0.428257
ACGTTAATGTCGAAGA-1,0.622467,0.19663,0.180903
ACGTTAGATTTGCCCG-1,0.074178,0.584002,0.34182
ACGTTATTGGTCACTC-1,0.780364,0.219037,0.000599
ACGTTCCGCGCTCCGT-1,0.000262,0.28985,0.709889
ACGTTCGCAATCAATT-1,0.000019,0.309027,0.690954
ACGTTCGTTCAGGAAA-1,0.009295,0.421985,0.56872
ACGTTCTGTACAAGTC-1,0.105233,0.311712,0.583055
ACGTTTAGTTGTGATC-1,0.010546,0.14982,0.839634
ACTAAGGACGCACACC-1,0.048831,0.465282,0.485888
ACTAATACGTCAGGCG-1,0.004422,0.135073,0.860505
ACTACAAAGAGAGGTG-1,0.020824,0.688968,0.290207
ACTACATCCCGACAAG-1,0.919352,0.065903,0.014746
ACTACCAGCTCTCTGG-1,0.009058,0.450668,0.540273
ACTACGCGTTAGAATT-1,0.018014,0.643152,0.338833
ACTAGTTGCGATCGTC-1,0.185982,0.119009,0.695009
ACTATATGCTGTGTTC-1,0.000026,0.09924,0.900734
ACTATCCAGGGCATGG-1,0.00499,0.612381,0.382629
ACTATCGCCGGCTAAA-1,0.997972,0.000869,0.001159
ACTATCTGCCCGCGTA-1,0.147707,0.20216,0.650133
ACTATGTCCAGCTGCC-1,0.05116,0.741361,0.207479
ACTATTCGTCCGTGGT-1,0.000022,0.230545,0.769433
ACTATTTCCGGGCCCA-1,0.076624,0.868128,0.055248
ACTCAACGAATGTATT-1,0.03083,0.406096,0.563074
ACTCAAGTGCAAGGCT-1,0.144927,0.533736,0.321337
ACTCAATAAAGGCACG-1,0.001386,0.726208,0.272406
ACTCAGACCTGCTTCT-1,0.027067,0.501685,0.471248
ACTCATGGCAGCCTTC-1,0.127554,0.491523,0.380923
ACTCCAATATCATCAT-1,0.429551,0.223473,0.346976
ACTCCCATTCCTAAAG-1,0.9998,0.000086,0.000114
ACTCCCGAATTCGTTT-1,0.004415,0.378843,0.616741
ACTCCCGTAGACTAGG-1,0.014109,0.252745,0.733147
ACTCCCTAATGCTAAA-1,0.016962,0.747814,0.235224
ACTCCCTAGAATAGTA-1,0.069011,0.518952,0.412037
ACTCCGGCCGACCACT-1,0.051089,0.255471,0.69344
ACTCGATGTATTTCAT-1,0.998103,0.000813,0.001084
ACTCGCCGTTCGATAA-1,0.048313,0.283931,0.667756
ACTCGCGATCTGACGC-1,0.441053,0.41348,0.145467
ACTCGTAACCCGTCCT-1,0.130398,0.400799,0.468803
ACTCGTCAGTAATCCC-1,0.14092,0.523366,0.335714
ACTCTAAACCTGGGAT-1,0.997155,0.001219,0.001626
ACTCTCTGACTTAGGT-1,0.036403,0.396304,0.567293
ACTCTCTTATACACGA-1,0.000014,0.38231,0.617676
ACTCTGACCTAATAGA-1,0.345039,0.075878,0.579083
ACTCTTCAGCTCCCGC-1,0.029549,0.476772,0.49368
ACTCTTGTATAGTAAC-1,0.239659,0.49912,0.261221
ACTGAAACGCCGTTAG-1,0.064012,0.225824,0.710164
ACTGAATGGCGAAAGT-1,0.190869,0.377676,0.431454
ACTGATTTAGTGATTC-1,0.000064,0.27141,0.728527
ACTGCCCGCCATTCTC-1,0.358894,0.110597,0.53051
ACTGCCGTCGTAACTC-1,0.19222,0.303443,0.504336
ACTGCGGACACACCGT-1,0.434224,0.036292,0.529484
ACTGCTCGGAAGGATG-1,0.998773,0.000526,0.000701
ACTGGCGAACCTGCGT-1,0.026174,0.229686,0.744139
ACTGTACGATACACAT-1,0.150139,0.63757,0.212292
ACTGTAGCACTTTGGA-1,0.059311,0.216401,0.724287
ACTGTATACGCGAGCA-1,0.037154,0.038723,0.924123
ACTGTCCAGGATTATA-1,0.041143,0.637832,0.321025
ACTGTCTTCTTTAGAA-1,0.006864,0.323858,0.669279
ACTGTGCTAGTAGATC-1,0.007143,0.349278,0.643579
ACTTACCGGGCGCGCA-1,0.024782,0.920482,0.054735
ACTTACGCATCCACGC-1,0.06748,0.767953,0.164567
ACTTAGTACGACAAGA-1,0.043926,0.117176,0.838898
ACTTATACTTACCCGG-1,0.20529,0.371724,0.422986
ACTTATTAGGATCGGT-1,0.194789,0.661331,0.143881
ACTTATTTATGTGCCA-1,0.184536,0.120633,0.694831
ACTTCAGGCTGATCCC-1,0.085083,0.487845,0.427073
ACTTCCAGTGGAAGCT-1,0.902495,0.014767,0.082738
ACTTCCATGCGGGACA-1,0.127446,0.179332,0.693221
ACTTCGCCATACGCAC-1,0.000173,0.201174,0.798652
ACTTCGCTAGCGAGTG-1,0.08002,0.652821,0.267159
ACTTGACTCCCTCTTT-1,0.124342,0.515926,0.359732
ACTTGCCATATTGTAC-1,0.044067,0.278267,0.677665
ACTTGCTCTATCTACC-1,0.999501,0.000214,0.000285
ACTTGGGACCCGGTGG-1,0.014882,0.256205,0.728914
ACTTGTAGTCCCTTCA-1,0.99777,0.000956,0.001274
ACTTGTGGATGGAACG-1,0.224754,0.068482,0.706764
ACTTTACCCTCATGAA-1,0.031432,0.685354,0.283213
ACTTTCCTATAGCTTC-1,0.000669,0.752352,0.246979
ACTTTGACTGCATCCT-1,0.926688,0.000801,0.072511
ACTTTGGTCGTGCTCC-1,0.799855,0.007936,0.19221
ACTTTGTCGACGCACT-1,0.139896,0.070069,0.790035
AGAAATTATGACTCGC-1,0.134223,0.034903,0.830874
AGAACCCAGCGTGACA-1,0.054072,0.460903,0.485025
AGAACCCTCAATTGGG-1,0.998139,0.000798,0.001063
AGAACGTGGTACATTC-1,0.000011,0.816656,0.183333
AGAAGAGCGCCGTTCC-1,0.000247,0.200476,0.799276
AGAAGGTACACTTCAC-1,0.957239,0.000512,0.042249
AGAAGGTTGCCGAATT-1,0.078479,0.529018,0.392504
AGAAGGTTGTAGGTCG-1,0.080455,0.525042,0.394503
AGAAGTGATTCGTGAT-1,0.065708,0.452476,0.481816
AGAATAAATCTTCAGG-1,0.997117,0.001235,0.001648
AGAATGCGGGTTCGGA-1,0.000009,0.606768,0.393223
AGAATTATGGATTCGA-1,0.007454,0.418807,0.573739
AGAATTGTTTGACATA-1,0.678504,0.039166,0.28233
AGACAGCTCAGAATCC-1,0.904616,0.000401,0.094982
AGACAGGCATCTCAGC-1,0.510118,0.019626,0.470256
AGACATAGATCCTTCC-1,0.092544,0.644194,0.263262
AGACCAAACCACACCT-1,0.999031,0.000415,0.000553
AGACCATGGGATACAA-1,0.337006,0.000232,0.662762
AGACCCACCGCTGATC-1,0.030161,0.461868,0.507971
AGACCCGCCCTCCTCG-1,0.023676,0.418267,0.558057
AGACCGCTCCGCGGTT-1,0.1606,0.005701,0.833699
AGACCGGGAAACCCTG-1,0.949756,0.000373,0.049871
AGACGAAGTGCCGGTC-1,0.077178,0.720533,0.202289
AGACGACGATGCCGCT-1,0.094638,0.703048,0.202314
AGACGCCCACTTCGCC-1,0.049886,0.093966,0.856148
AGACGGGCCGATTTAA-1,0.007304,0.004687,0.988009
AGACTAGCCTTCCAGA-1,0.052326,0.134545,0.813129
AGACTGTTACCGGGTC-1,0.036763,0.793152,0.170085
AGAGAAACACCAGAAA-1,0.160156,0.108226,0.731617
AGAGAACCGTCTAGGA-1,0.003207,0.691995,0.304798
AGAGAAGGAGTACAAT-1,0.046508,0.631409,0.322083
AGAGATCTCTAAAGCG-1,0.962642,0.000822,0.036535
AGAGCAGTTATGAGAC-1,0.997878,0.000909,0.001213
AGAGCCGCCGAGATTT-1,0.97528,0.014697,0.010023
AGAGCGCTTGTAACGG-1,0.030287,0.260852,0.708862
AGAGCGGGCTAATCAT-1,0.072152,0.458185,0.469662
AGAGCGTACAAGCTCG-1,0.192734,0.236509,0.570757
AGAGCTACGAAAGCAT-1,0.472308,0.390709,0.136982
AGAGGCTTCGGAAACC-1,0.186654,0.31333,0.500016
AGAGGGACAATTGTCC-1,0.127522,0.126292,0.746186
AGAGTAAACTTCACTA-1,0.143129,0.102386,0.754485
AGAGTATAGTGTTACG-1,0.098644,0.12615,0.775207
AGAGTTAGAGACCGAT-1,0.027682,0.913874,0.058444
AGAGTTGCAGGCCTCC-1,0.253018,0.273131,0.473851
AGATAACTTCAGGGCC-1,0.025034,0.096388,0.878578
AGATACCAATAGAACC-1,0.039486,0.239055,0.721459
AGATACCAGCACTTCA-1,0.001339,0.043784,0.954877
AGATACCGGTGTTCAC-1,0.376121,0.298694,0.325185
AGATACGACTTCATAT-1,0.014069,0.459153,0.526779
AGATACTCAAGATCGA-1,0.106801,0.402916,0.490283
AGATATAATACGACTA-1,0.027845,0.683131,0.289023
AGATCGTGCATAAGAT-1,0.022818,0.268577,0.708606
AGATCTCAGGTGTGAT-1,0.129004,0.28805,0.582946
AGATGACTCGCCCACG-1,0.030575,0.672106,0.297319
AGATGAGGGTTGCGAT-1,0.000651,0.607483,0.391866
AGATGATGGAGTCTGG-1,0.000026,0.239344,0.760629
AGATGCAAGACGTGCA-1,0.096128,0.140551,0.763321
AGATGCATCCTGTGTC-1,0.99824,0.000754,0.001006
AGATGCTATAACGAGC-1,0.928549,0.070623,0.000828
AGATTATAGGACGTTT-1,0.115893,0.287119,0.596988
AGATTCAAGCGGGTCG-1,0.002805,0.002418,0.994777
AGATTCACAACCGATA-1,0.999065,0.0004,0.000534
AGCAAAGGCCGCTAGT-1,0.026574,0.594949,0.378477
AGCAACATATCTTATT-1,0.175392,0.158626,0.665983
AGCAACCGAAAGTAAT-1,0.503703,0.000286,0.496011
AGCACACGTTTAGACT-1,0.048264,0.136861,0.814875
AGCACCAGTACTCACG-1,0.000459,0.714721,0.28482
AGCACTACCGGCCTGT-1,0.837503,0.002122,0.160374
AGCACTACCTCACCAG-1,0.07644,0.411315,0.512246
AGCACTTAAGGACGCC-1,0.064139,0.73294,0.202921
AGCAGAAGGAGAAAGA-1,0.009922,0.730012,0.260066
AGCAGCCAGATGAATA-1,0.002326,0.571629,0.426045
AGCATATCAATATGCT-1,0.05889,0.282464,0.658646
AGCATCATTTCGAAAG-1,0.837542,0.000612,0.161846
AGCATCGTCGATAATT-1,0.233664,0.3529,0.413437
AGCATTACGAGGCAAG-1,0.029957,0.10443,0.865613
AGCCAAGCTTTGTGTC-1,0.160751,0.595166,0.244083
AGCCACAGGTTACCCG-1,0.713704,0.205473,0.080823
AGCCACTCCCGTGCTT-1,0.064348,0.453181,0.482471
AGCCATATAGTATGTG-1,0.838189,0.0151,0.146711
AGCCCATACATGTAAG-1,0.028301,0.928557,0.043142
AGCCCGCAACAAGCAG-1,0.09108,0.703187,0.205732
AGCCCGGCATTAGAGG-1,0.131406,0.400484,0.468109
AGCCCGGTAGCCTGTA-1,0.000012,0.894051,0.105938
AGCCCTAAGCGAAGTT-1,0.046248,0.348343,0.60541
AGCCCTCCCTGGTGGC-1,0.119958,0.0642,0.815841
AGCCCTGTCGCACCGT-1,0.013604,0.630124,0.356271
AGCCCTTCTAATCCGA-1,0.000145,0.405259,0.594597
AGCCCTTGGACATCCC-1,0.824762,0.001788,0.17345
AGCCGCAAATTCAAAT-1,0.998584,0.000607,0.000809
AGCCGCTTGATTAGCG-1,0.997098,0.001244,0.001659
AGCCGTGGCTAAATGT-1,0.161061,0.575048,0.26389
AGCCTAATACCCACGT-1,0.972217,0.000303,0.02748
AGCCTTAAAGCGGAAG-1,0.705423,0.269618,0.024958
AGCCTTGTCACTGATA-1,0.999136,0.00037,0.000494
AGCGACAGGAACGGTC-1,0.019822,0.390089,0.590088
AGCGACATCCCATTCA-1,0.008199,0.157012,0.834789
AGCGACCAACGATATT-1,0.046206,0.065773,0.888022
AGCGAGACGTGAAGGC-1,0.063939,0.644184,0.291877
AGCGATGCGCCTAATA-1,0.027868,0.519219,0.452913
AGCGCATAATGAATCG-1,0.076807,0.742371,0.180821
AGCGCGGGTGCCAATG-1,0.00001,0.708573,0.291418
AGCGCTAGAGCGATGT-1,0.126649,0.681724,0.191627
AGCGCTTATGGGCAAG-1,0.134315,0.206422,0.659263
AGCGGACACTTCGTAG-1,0.008331,0.933429,0.058241
AGCGGCGGTTAGCGGT-1,0.998204,0.00077,0.001026
AGCGGGAAGGGTCCAT-1,0.007946,0.415907,0.576147
AGCGGGTCTGACACTC-1,0.011248,0.49908,0.489672
AGCGGTTGCCGCTCTG-1,0.167389,0.043504,0.789107
AGCGTACGAGAGCTAG-1,0.221801,0.071649,0.70655
AGCGTCTGAACCCGCA-1,0.005612,0.33203,0.662358
AGCGTGGTATTCTACT-1,0.117182,0.695013,0.187806
AGCTAACAAGCAATGT-1,0.078852,0.635764,0.285384
AGCTAAGTACGCAGGC-1,0.087785,0.543715,0.3685
AGCTAGAAGCAGAAGT-1,0.009307,0.518762,0.47193
AGCTATTTAATCCAAC-1,0.112221,0.129784,0.757995
AGCTCCATATATGTTC-1,0.335028,0.067049,0.597922
AGCTCCTTCGCACATC-1,0.023549,0.683523,0.292928
AGCTCGTTGATGGAAA-1,0.01167,0.345685,0.642645
AGCTCTAGACGTTCCA-1,0.041022,0.857102,0.101876
AGCTCTTCCCAGTGCA-1,0.009102,0.257462,0.733436
AGCTCTTCGTAACCTT-1,0.000793,0.563714,0.435493
AGCTCTTTACTCAGTT-1,0.013256,0.874384,0.11236
AGCTGAAGTAAACCAA-1,0.035129,0.616436,0.348435
AGCTGTAACCTCAATC-1,0.046703,0.22796,0.725337
AGCTTATAGAGACCTG-1,0.031709,0.33199,0.636301
AGCTTCTTCTCGAGCA-1,0.036971,0.481848,0.481181
AGCTTGATCAGGGTAG-1,0.543106,0.375732,0.081162
AGCTTGATCTTAACTT-1,0.283276,0.122851,0.593873
AGGAAAGCCTCTGATG-1,0.999006,0.000426,0.000568
AGGAACGAACGACTTC-1,0.039153,0.034333,0.926514
AGGAAGCTGTCCGCCG-1,0.029043,0.603746,0.367211
AGGACAGTCGAATCCC-1,0.005834,0.54092,0.453246
AGGACATCGCACGTCG-1,0.038009,0.013075,0.948916
AGGACATCGGCACACT-1,0.027627,0.210834,0.76154
AGGACGACCCATTAGA-1,0.02055,0.545484,0.433966
AGGACGCTCGATGTTG-1,0.000023,0.36806,0.631917
AGGACTTATAGGAGAA-1,0.997295,0.001159,0.001546
AGGAGACATCCACAGT-1,0.067703,0.602712,0.329586
AGGAGAGTCTGGCTAC-1,0.039494,0.398975,0.561531
AGGAGGCCTTCGCGCG-1,0.075173,0.291994,0.632833
AGGATAAAGTCGGGAT-1,0.00001,0.968259,0.031731
AGGATATAGGGATTTA-1,0.086866,0.346099,0.567034
AGGATATCCGACTGCA-1,0.159602,0.306946,0.533452
AGGATCACGCGATCTG-1,0.999781,0.000094,0.000125
AGGATTGCTTACGACA-1,0.166611,0.150193,0.683196
AGGCACGTGACTGTCC-1,0.801277,0.198518,0.000205
AGGCAGATGCGTAAAC-1,0.016052,0.422127,0.561821
AGGCAGGGAGCGTACT-1,0.016043,0.692688,0.291269
AGGCATTGTCGTAGGG-1,0.163725,0.742481,0.093794
AGGCCACATTGGTTAC-1,0.126749,0.176125,0.697126
AGGCCACCCGTTATGA-1,0.049698,0.486494,0.463808
AGGCCCAGTGACTGGT-1,0.999454,0.000234,0.000312
AGGCCCATTGTACAGG-1,0.03885,0.731356,0.229794
AGGCCCTAGAACGCCA-1,0.199583,0.074241,0.726176
AGGCCTATCATACCAA-1,0.008295,0.368011,0.623694
AGGCCTGAGAATCTCG-1,0.999324,0.00029,0.000386
AGGCGATAACTGGCGT-1,0.153349,0.01998,0.826671
AGGCGGTTTGTCCCGC-1,0.860451,0.000339,0.13921
AGGCGTCTATGGACGG-1,0.000019,0.037666,0.962315
AGGCTATGGTTAGCTT-1,0.162154,0.229612,0.608235
AGGCTTCCCGAAGAAG-1,0.057948,0.355152,0.5869
AGGCTTGCTAGACACC-1,0.999225,0.000332,0.000443
AGGGAAACGAGGTACT-1,0.046429,0.186959,0.766612
AGGGACAGCACGGCGG-1,0.010062,0.244785,0.745153
AGGGACCGGCTGCGTT-1,0.000011,0.855227,0.144762
AGGGACTCTACGCGAC-1,0.006201,0.730386,0.263413
AGGGAGACATACTTCG-1,0.013131,0.662325,0.324544
AGGGCAGCGGCGTGGT-1,0.00204,0.587871,0.410089
AGGGCCCTAATGTTCT-1,0.05202,0.270348,0.677632
AGGGCGAGCAGCTGAT-1,0.853912,0.145514,0.000574
AGGGCGTGATCGGCTA-1,0.001436,0.110738,0.887826
AGGGCTGCAGTTACAG-1,0.041596,0.83926,0.119144
AGGGTCAGAGCACTCG-1,0.036848,0.569265,0.393887
AGGGTCAGTAACCCTA-1,0.000029,0.227913,0.772058
AGGGTCGATGCGAACT-1,0.007157,0.739744,0.2531
AGGGTCTGGACGCAGT-1,0.116602,0.010542,0.872857
AGGGTGCCGTTCTTTA-1,0.52162,0.055653,0.422727
AGGGTGCTCTCGAGGG-1,0.027302,0.831844,0.140854
AGGGTGGATAGTGCAT-1,0.825016,0.001282,0.173702
AGGGTGTGCTACACGC-1,0.036411,0.157096,0.806492
AGGGTTCAGACGGTCC-1,0.026271,0.767232,0.206497
AGGGTTCCCTTTGGTT-1,0.134992,0.37689,0.488118
AGGGTTTAGTTCGGGA-1,0.037358,0.352362,0.61028
AGGTAACCTCCTATTC-1,0.050335,0.285196,0.66447
AGGTACGATATTGCCA-1,0.009962,0.682284,0.307754
AGGTAGATCGAGATAT-1,0.290055,0.171857,0.538088
AGGTAGGTACAAAGCT-1,0.107144,0.618057,0.274799
AGGTATAATTGATAGT-1,0.000013,0.671295,0.328692
AGGTATGCGGACATTA-1,0.201942,0.564807,0.233251
AGGTCAGGTGAGAGTG-1,0.547033,0.184898,0.268069
AGGTCGCCTCCCAACA-1,0.087845,0.12879,0.783365
AGGTCGCGGAGTTACT-1,0.003864,0.682975,0.313161
AGGTGCACGTCCACAT-1,0.04704,0.163635,0.789325
AGGTGGTGACCTTCGC-1,0.157942,0.204304,0.637754
AGGTGTATCGCCATGA-1,0.981805,0.017268,0.000928
AGGTGTTGCCGACCAC-1,0.03512,0.009596,0.955284
AGGTTACACCATGCCG-1,0.022651,0.937077,0.040272
AGGTTCTCCTTTCCGG-1,0.999287,0.000306,0.000408
AGGTTGAGGCACGCTT-1,0.010598,0.56878,0.420622
AGGTTTCACACACCTT-1,0.068441,0.748828,0.182731
AGTAACGTTCATCCTG-1,0.000397,0.011455,0.988149
AGTAATGTCTTGCCGC-1,0.001975,0.376535,0.62149
AGTAATTTGCAAGCGT-1,0.947436,0.000407,0.052157
AGTACAGAAGCTTATA-1,0.115667,0.441856,0.442476
AGTACATCATTTATCA-1,0.000035,0.238166,0.761799
AGTACCTTCGAGTGCT-1,0.227765,0.40568,0.366555
AGTACGGCCCGTATCG-1,0.998825,0.000504,0.000671
AGTACGGGCACCTGGC-1,0.452183,0.228395,0.319422
AGTACGTGGCCTGTCT-1,0.000011,0.607713,0.392276
AGTACTCTTATGCCCA-1,0.260439,0.278743,0.460818
AGTAGAAGGCGCCTCA-1,0.934547,0.000388,0.065065
AGTAGCTAGACGCCGA-1,0.017072,0.286995,0.695933
AGTAGGAAGGAAGTTG-1,0.014182,0.240379,0.745439
AGTAGGTAACATACAT-1,0.015193,0.159864,0.824943
AGTATAATACTAGGCA-1,0.112416,0.634878,0.252706
AGTATACACAGCGACA-1,0.010408,0.707116,0.282476
AGTATCCATAATAACG-1,0.114826,0.24735,0.637825
AGTATGCTGGAGACCA-1,0.048087,0.382154,0.56976
AGTATTTGGCACGACC-1,0.028812,0.514946,0.456242
AGTCAAATGATGTGAT-1,0.32199,0.060444,0.617567
AGTCAACACCACCATC-1,0.03577,0.540678,0.423552
AGTCAAGATGACACTT-1,0.075167,0.57927,0.345563
AGTCACTAGCTCTCGA-1,0.033128,0.756165,0.210707
AGTCACTCCGCCTCAT-1,0.001886,0.403965,0.594149
AGTCAGCCACCGCCTG-1,0.070463,0.365033,0.564504
AGTCCAGCGGGTACGT-1,0.595267,0.146037,0.258696
AGTCCATTGGCTGATG-1,0.145096,0.093074,0.76183
AGTCCCGCCTTTAATT-1,0.003718,0.504829,0.491453
AGTCCCTCGCAGAAAG-1,0.645271,0.006412,0.348317
AGTCGAAACGATTCAG-1,0.999345,0.000281,0.000374
AGTCGACGGTCTCAAG-1,0.035497,0.730962,0.233541
AGTCGGCCCAAACGAC-1,0.019462,0.709795,0.270743
AGTCGGCTCAACTTTA-1,0.119565,0.365164,0.515271
AGTCGGTTGCGTGAGA-1,0.001944,0.699722,0.298333
AGTCGTATAAAGCAGA-1,0.169877,0.518606,0.311517
AGTCGTCGACCACCAA-1,0.052625,0.580822,0.366552
AGTCGTGGGCATTACG-1,0.057783,0.817044,0.125173
AGTCTAAAGTATACTC-1,0.002809,0.241649,0.755543
AGTCTCACAAGACTAC-1,0.087201,0.384281,0.528518
AGTCTGGACATCCTTG-1,0.534876,0.464675,0.000448
AGTCTTCTCCTCAAAT-1,0.003415,0.33069,0.665895
AGTCTTTAAAGTGTCC-1,0.10318,0.612819,0.284001
AGTGAACAAACTTCTC-1,0.341806,0.263061,0.395132
AGTGAAGATGGTGTCC-1,0.000014,0.85195,0.148036
AGTGACCTACTTTACG-1,0.035482,0.503149,0.461369
AGTGACTGTGACACAA-1,0.082802,0.52056,0.396639
AGTGAGACTTCCAGTA-1,0.053326,0.64314,0.303535
AGTGAGCCTCGCCGCC-1,0.000188,0.299224,0.700587
AGTGAGGGTTTCTGAC-1,0.027312,0.232692,0.739996
AGTGAGTCGAATTAAC-1,0.059521,0.190139,0.750341
AGTGATAACCTGCGCG-1,0.9994,0.000257,0.000343
AGTGATATGAGTAGTT-1,0.000054,0.668906,0.331041
AGTGATTCAAGCAGGA-1,0.016527,0.733638,0.249836
AGTGCACGCTTAAGAA-1,0.006357,0.677582,0.316061
AGTGCGTAGCTCGTAA-1,0.085474,0.555738,0.358787
AGTGCTAAACACAGCA-1,0.201582,0.128087,0.670331
AGTGCTTGCACGAATA-1,0.071204,0.581045,0.347751
AGTGGCGGCAATTTGA-1,0.000594,0.775208,0.224199
AGTGGCGTCTGAAGGT-1,0.122757,0.209148,0.668095
AGTGGCTCCGTCGGCC-1,0.998174,0.000783,0.001043
AGTGGGAGTATACACG-1,0.994688,0.002276,0.003035
AGTGGTGTTACCCGTG-1,0.998963,0.000445,0.000593
AGTGGTTGCGTATAGG-1,0.998956,0.000448,0.000597
AGTGTATTGCGCATTG-1,0.035114,0.210306,0.75458
AGTGTGCTAAGATCGC-1,0.997572,0.001041,0.001387
AGTGTGGTCTATTGTG-1,0.225669,0.651877,0.122454
AGTTAAACACTTGCGA-1,0.027126,0.255805,0.71707
AGTTAAGCGGTCCCGG-1,0.04595,0.203524,0.750526
AGTTAAGTCAACCGCT-1,0.088309,0.476495,0.435196
AGTTACCCTTAAGACT-1,0.997437,0.001098,0.001464
AGTTACCGCACATGGT-1,0.965909,0.000249,0.033843
AGTTACTCTATCGTGG-1,0.036815,0.232396,0.730789
AGTTCACCGGTTGGAC-1,0.999185,0.000349,0.000466
AGTTCCTACAGAATTA-1,0.036177,0.278127,0.685696
AGTTCCTATTTATGTT-1,0.016769,0.930528,0.052703
AGTTCTGCGTTGTATC-1,0.888196,0.028504,0.0833
AGTTGACATCGGCTGG-1,0.182063,0.036915,0.781022
AGTTGACGGTCCTTGC-1,0.01354,0.402249,0.584211
AGTTGCGGTCCTCAAC-1,0.920215,0.000264,0.07952
AGTTGCTGACTGATAT-1,0.865664,0.133866,0.000471
AGTTGGCAAGGCTAGA-1,0.033506,0.361398,0.605097
AGTTTATGTAAAGACA-1,0.118638,0.602607,0.278755
AGTTTCGCAGGTCGGA-1,0.163271,0.649346,0.187382
AGTTTGCACCTGCCTC-1,0.038403,0.717189,0.244407
AGTTTGGCACGGGTTG-1,0.083573,0.575586,0.340842
AGTTTGGCCAGACCTA-1,0.070234,0.753587,0.176179
ATAAACGGACCCGTAA-1,0.000018,0.675918,0.324064
ATAAACGTTGCACCAC-1,0.13481,0.289691,0.575499
ATAAAGGCTCGGTCGT-1,0.241056,0.086011,0.672933
ATAAAGGTCAAGTACG-1,0.008873,0.300186,0.690942
ATAAATATTAGCAGCT-1,0.124741,0.469942,0.405317
ATAACGCCGGAGGGTC-1,0.000015,0.663607,0.336378
ATAACGGAGTCCAACG-1,0.128653,0.493053,0.378295
ATAACGTTACCTCCAC-1,0.008652,0.942653,0.048695
ATAAGCAAACACCGAG-1,0.028672,0.14872,0.822608
ATAAGGTGGAGAACAT-1,0.048612,0.523773,0.427616
ATAAGTACCCGATTGT-1,0.009852,0.876299,0.113849
ATAAGTAGGATTCAGA-1,0.001792,0.166232,0.831976
ATAAGTAGGGCGACTC-1,0.000019,0.197325,0.802656
ATAAGTTACCGCGACG-1,0.011725,0.750577,0.237699
ATAATACCGTTAGCCG-1,0.620399,0.37643,0.003171
ATAATAGCTGTTGAAT-1,0.000025,0.464893,0.535083
ATAATAGTGTAGGGAC-1,0.022333,0.472347,0.50532
ATAATCTTGGAGAACC-1,0.34995,0.271806,0.378244
ATAATTAGCTAAGTAG-1,0.00002,0.671577,0.328402
ATACAGGCCCTCCAAT-1,0.016875,0.721106,0.262019
ATACCACGGGCAACTT-1,0.102849,0.403107,0.494044
ATACCAGCAAATTGCT-1,0.059742,0.117883,0.822375
ATACCAGGCTAATAGA-1,0.000009,0.767332,0.232659
ATACCGTCATCCATAA-1,0.003918,0.621134,0.374948
ATACCTAACCAAGAAA-1,0.017908,0.658639,0.323453
ATACGAAGGCTTTCCA-1,0.150965,0.181213,0.667822
ATACGCCGGCGAAACC-1,0.053759,0.704536,0.241704
ATACGGAACGTCGTTT-1,0.189169,0.176595,0.634236
ATACGGGTTTCGATTG-1,0.052845,0.665122,0.282032
ATACGGTGAAGATGCA-1,0.9984,0.000686,0.000914
ATACGTACTTAGCCAC-1,0.01525,0.90518,0.07957
ATACGTCCACTCCTGT-1,0.017307,0.861291,0.121402
ATACGTTATGCACGGA-1,0.003637,0.285596,0.710767
ATACTACCCGTACCAC-1,0.523773,0.038915,0.437313
ATACTAGCATGACCCT-1,0.006448,0.728157,0.265395
ATACTCTCGCCACTCT-1,0.358714,0.048296,0.59299
ATACTGCCTTACACCG-1,0.152999,0.622455,0.224547
ATACTTGTTCTCGAGC-1,0.993151,0.002935,0.003914
ATAGACAACGGGACCT-1,0.078976,0.642215,0.278809
ATAGACGAAGAGAAAG-1,0.063552,0.105609,0.830839
ATAGAGTACTGGGACA-1,0.009046,0.228082,0.762872
ATAGAGTTATCAACTT-1,0.013223,0.433211,0.553566
