Barcode,Topic 1to4,Topic 5,Topic 6to7
AAACAACGAATAGTTC-1,0.066542,0.78752,0.145938
AAACAAGTATCTCCCA-1,0.92717,0.00003,0.0728
AAACAATCTACTAGCA-1,0.002474,0.65549,0.342036
AAACACCAATAACTGC-1,0.061042,0.657792,0.281167
AAACAGAGCGACTCCT-1,0.919136,0.000034,0.08083
AAACAGCTTTCAGAAG-1,0.00077,0.847516,0.151713
AAACAGGGTCTATATT-1,0.001112,0.621911,0.376978
AAACAGTGTTCCTGGG-1,0.001783,0.784368,0.213849
AAACATGGTGAGAGGA-1,0.000437,0.645969,0.353594
AAACATTTCCCGGATT-1,0.003542,0.393775,0.602683
AAACCACTACACAGAT-1,0.496568,0.000029,0.503404
AAACCCGAACGAAATC-1,0.887447,0.017745,0.094808
AAACCGGAAATGTTAA-1,0.823563,0.000026,0.176411
AAACCGGGTAGGTACC-1,0.077395,0.702627,0.219978
AAACCGTTCGTCCAGG-1,0.001776,0.736301,0.261923
AAACCTAAGCAGCCGG-1,0.088189,0.731639,0.180172
AAACCTCATGAAGTTG-1,0.001188,0.632658,0.366153
AAACGAAGAACATACC-1,0.001914,0.000049,0.998036
AAACGAAGATGGAGTA-1,0.00036,0.795212,0.204428
AAACGACAGTCTTGCC-1,0.945695,0.000018,0.054287
AAACGAGACGGTTGAT-1,0.284626,0.000112,0.715262
AAACGCCCGAGATCGG-1,0.188688,0.000046,0.811266
AAACGCTGGGCACGAC-1,0.04476,0.954669,0.000571
AAACGGGCGTACGGGT-1,0.182273,0.81672,0.001007
AAACGGGTTGGTATCC-1,0.036884,0.962497,0.000619
AAACGGTTGCGAACTG-1,0.081216,0.768438,0.150346
AAACGTGTTCGCCCTA-1,0.829969,0.00005,0.169981
AAACTAACGTGGCGAC-1,0.364759,0.087273,0.547968
AAACTCGGTTCGCAAT-1,0.002944,0.675959,0.321097
AAACTCGTGATATAAG-1,0.452424,0.000051,0.547525
AAACTGCTGGCTCCAA-1,0.493303,0.071889,0.434808
AAACTTAATTGCACGC-1,0.000625,0.394428,0.604947
AAACTTGCAAACGTAT-1,0.001223,0.556891,0.441886
AAAGAATGACCTTAGA-1,0.166697,0.695934,0.137368
AAAGAATGTGGACTAA-1,0.001206,0.998191,0.000603
AAAGACATGAAGTTTA-1,0.609342,0.00045,0.390208
AAAGACCCAAGTCGCG-1,0.000297,0.000074,0.999629
AAAGACTGGGCGCTTT-1,0.089656,0.519068,0.391275
AAAGCTTGCCTACATA-1,0.599949,0.000038,0.400013
AAAGGCCCTATAATAC-1,0.000519,0.835878,0.163603
AAAGGCTACGGACCAT-1,0.001659,0.953498,0.044843
AAAGGCTCTCGCGCCG-1,0.004249,0.821722,0.174028
AAAGGGATGTAGCAAG-1,0.273882,0.000086,0.726033
AAAGGGCAGCTTGAAT-1,0.001051,0.731574,0.267375
AAAGGTAAGCTGTACC-1,0.428779,0.000052,0.571169
AAAGGTCAACGACATG-1,0.544127,0.000026,0.455848
AAAGTAGCATTGCTCA-1,0.001972,0.618059,0.379969
AAAGTCACTGATGTAA-1,0.92084,0.000036,0.079124
AAAGTCGACCCTCAGT-1,0.001221,0.61506,0.38372
AAAGTGCCATCAATTA-1,0.30803,0.691255,0.000716
AAAGTGTGATTTATCT-1,0.3124,0.043411,0.644189
AAAGTTGACTCCCGTA-1,0.500425,0.015025,0.48455
AAATAACCATACGGGA-1,0.415183,0.000052,0.584765
AAATAAGGTAGTGCCC-1,0.361383,0.000043,0.638574
AAATACCTATAAGCAT-1,0.436583,0.004023,0.559394
AAATAGCTTAGACTTT-1,0.624049,0.013431,0.36252
AAATAGGGTGCTATTG-1,0.703216,0.068339,0.228445
AAATCACTCCTAAACG-1,0.509464,0.000025,0.49051
AAATCCGATACACGCC-1,0.002898,0.867454,0.129647
AAATCGCGGAAGGAGT-1,0.114292,0.63422,0.251488
AAATCGTGTACCACAA-1,0.689476,0.036764,0.273761
AAATCTAGCCCTGCTA-1,0.913699,0.037432,0.048869
AAATCTGCCCGCGTCC-1,0.013689,0.80803,0.178281
AAATGACTGATCAAAC-1,0.282529,0.717291,0.000181
AAATGATTCGATCAGC-1,0.487249,0.000062,0.512689
AAATGCTCGTTACGTT-1,0.001097,0.88807,0.110833
AAATGGCATGTCTTGT-1,0.585864,0.000065,0.414071
AAATGGCCCGTGCCCT-1,0.001435,0.435787,0.562778
AAATGGTCAATGTGCC-1,0.558454,0.000094,0.441453
AAATGTATCTTATCCC-1,0.654305,0.345575,0.00012
AAATGTGGGTGCTCCT-1,0.000387,0.118416,0.881197
AAATTAACGGGTAGCT-1,0.614813,0.076857,0.30833
AAATTAATAAGCGCGA-1,0.150833,0.65949,0.189677
AAATTACACGACTCTG-1,0.074648,0.00007,0.925282
AAATTACCTATCGATG-1,0.869818,0.000037,0.130146
AAATTCCAGGTCCAAA-1,0.307123,0.000045,0.692832
AAATTGATAGTCCTTT-1,0.001766,0.780934,0.2173
AAATTGCGGCGGTTCT-1,0.001176,0.842308,0.156516
AAATTGGTGAGAAGCA-1,0.694242,0.000052,0.305706
AAATTTACCGAAATCC-1,0.457013,0.000045,0.542942
AAATTTGCGGGTGTGG-1,0.001273,0.753037,0.24569
AACAACTGGTAGTTGC-1,0.002645,0.423917,0.573438
AACAATACATTGTCGA-1,0.107434,0.868214,0.024352
AACAATTACTCTACGC-1,0.040401,0.719712,0.239888
AACACACGCTCGCCGC-1,0.840766,0.059686,0.099547
AACACGACTGTACTGA-1,0.76507,0.197716,0.037214
AACACGAGACGCGGCC-1,0.162855,0.812589,0.024556
AACACGCGGCCGCGAA-1,0.074661,0.650915,0.274424
AACAGCTGTGTGGCAA-1,0.001083,0.804521,0.194396
AACAGGAAATCGAATA-1,0.069313,0.009015,0.921672
AACAGGATGGGCCGCG-1,0.001506,0.794292,0.204202
AACAGGTAGTATGGAT-1,0.858939,0.000026,0.141035
AACATAGCGTGTATCG-1,0.224123,0.77558,0.000297
AACATATCAACTGGTG-1,0.995297,0.000031,0.004672
AACATCGATACGTCTA-1,0.79078,0.000049,0.209171
AACATTGAAGTTGATC-1,0.086456,0.629205,0.284339
AACATTGGTCAGCCGT-1,0.092147,0.907415,0.000437
AACATTGTGACTCGAG-1,0.001713,0.878047,0.12024
AACCAAGACTTCTCTG-1,0.001266,0.743967,0.254766
AACCAGTATCACTCTT-1,0.767137,0.000053,0.23281
AACCATAGGGTTGAAC-1,0.000746,0.47816,0.521094
AACCATGGGATCGCTA-1,0.181812,0.809263,0.008925
AACCCAGAGACGGAGA-1,0.001284,0.347407,0.651308
AACCCATCCCATGATC-1,0.00083,0.500521,0.498648
AACCCGACAACCCGTG-1,0.049117,0.947979,0.002904
AACCCGAGCAGAATCG-1,0.68898,0.091858,0.219163
AACCCGATAGGGCTTC-1,0.314465,0.003857,0.681678
AACCCGCTGTATTCCA-1,0.07652,0.717629,0.205851
AACCCTACTGTCAATA-1,0.61519,0.109527,0.275283
AACCCTGGTGGAACCA-1,0.8641,0.000027,0.135874
AACCGAGCTTGGTCAT-1,0.999927,0.000024,0.000049
AACCGCTAAGGGATGC-1,0.385533,0.075748,0.538719
AACCGTTGTGTTTGCT-1,0.713805,0.063498,0.222698
AACCTAAAGCCGTCCG-1,0.516657,0.000033,0.483309
AACCTCGCTTTAGCCC-1,0.240266,0.623837,0.135897
AACCTGTCACGGAATT-1,0.754641,0.000035,0.245324
AACCTTTAAATACGGT-1,0.081433,0.917455,0.001113
AACCTTTACGACGTCT-1,0.262441,0.000093,0.737465
AACGAAAGTCGTCCCA-1,0.000435,0.717222,0.282344
AACGACCTCCTAGCCG-1,0.131735,0.867836,0.00043
AACGATAATGCCGTAG-1,0.496923,0.19295,0.310127
AACGATAGAAGGGCCG-1,0.018494,0.055782,0.925724
AACGATATGTCAACTG-1,0.944161,0.036091,0.019748
AACGCATGATCTGGGT-1,0.26892,0.009768,0.721312
AACGCGAACGGCAACA-1,0.001403,0.843013,0.155584
AACGCGACCTTGGGCG-1,0.111053,0.808077,0.08087
AACGCGGTCTCCAGCC-1,0.503401,0.011462,0.485136
AACGCTGTTGCTGAAA-1,0.681048,0.053146,0.265806
AACGGACGTACGTATA-1,0.890847,0.079209,0.029943
AACGGCCATCTCCGGT-1,0.089937,0.909175,0.000888
AACGTACTGTGGGTAC-1,0.01492,0.854954,0.130126
AACGTAGTCTACCCAT-1,0.003006,0.694901,0.302093
AACGTCAGACTAGTGG-1,0.00146,0.600045,0.398495
AACGTCATCCGGCTTG-1,0.64954,0.227493,0.122967
AACGTCGCTGCACTTC-1,0.10084,0.871123,0.028037
AACGTGATGAAGGACA-1,0.344757,0.499319,0.155924
AACGTGCGAAAGTCTC-1,0.679978,0.000078,0.319944
AACGTTATCAGCACCT-1,0.000876,0.680103,0.319021
AACGTTCTACCATTGT-1,0.16882,0.830742,0.000437
AACTACCCGTTTGTCA-1,0.836723,0.00176,0.161517
AACTAGCGTATCGCAC-1,0.041251,0.000081,0.958669
AACTAGGCTTGGGTGT-1,0.002883,0.74088,0.256236
AACTCAAGTTAATTGC-1,0.068702,0.930656,0.000642
AACTCCAGAGCGTGTT-1,0.004905,0.8029,0.192195
AACTCCTAATCCCATG-1,0.762862,0.000034,0.237104
AACTCGATAAACACGT-1,0.001059,0.730342,0.268599
AACTCGATGGCGCAGT-1,0.001196,0.944582,0.054222
AACTCTCAATAGAGCG-1,0.235572,0.000064,0.764364
AACTCTCAGTGTGCTC-1,0.086764,0.562965,0.35027
AACTGAGGTCAGCGTC-1,0.352344,0.010016,0.637641
AACTGAGTTATACTGA-1,0.647095,0.000026,0.352879
AACTGATATTAGGCCT-1,0.615642,0.010005,0.374353
AACTGGGTCCCGACGT-1,0.877112,0.000039,0.122849
AACTGGGTTCGAGCCG-1,0.612691,0.05118,0.336129
AACTGGTGTGGGCCTT-1,0.026394,0.000082,0.973524
AACTTCTGCGTCTATC-1,0.661567,0.312723,0.02571
AACTTGCCCGTATGCA-1,0.001457,0.825281,0.173262
AACTTGCGTTCTCGCG-1,0.001173,0.77529,0.223536
AACTTTACGGGAGCTT-1,0.000612,0.689679,0.309709
AACTTTAGCTGCTGAG-1,0.006517,0.011146,0.982338
AACTTTCTCGATCATG-1,0.763417,0.000051,0.236533
AAGAAAGTTTGATGGG-1,0.043219,0.691566,0.265216
AAGAAATCACCAGATT-1,0.641888,0.000039,0.358073
AAGAAGGATCAGTTAG-1,0.000789,0.998817,0.000394
AAGACATACGTGGTTT-1,0.002695,0.828833,0.168472
AAGACCAAATAACTCA-1,0.206212,0.662987,0.130802
AAGACCCAACTGAACA-1,0.002234,0.783063,0.214703
AAGACTAACCCGTTGT-1,0.001745,0.896707,0.101548
AAGACTCACGCCCACT-1,0.795337,0.002447,0.202216
AAGACTGCAAGCTACT-1,0.592268,0.000111,0.407621
AAGAGATGAATCGGTA-1,0.017741,0.724822,0.257437
AAGAGCTCTTTATCGG-1,0.226645,0.000127,0.773229
AAGAGGATGTACGCGA-1,0.001483,0.856012,0.142506
AAGAGGCATGGATCGC-1,0.329606,0.000081,0.670313
AAGAGGCCCTTTGGAA-1,0.326646,0.406092,0.267263
AAGATGGCACCGGACC-1,0.538018,0.461698,0.000284
AAGATTGGCGGAACGT-1,0.677109,0.00005,0.322841
AAGCACCCTGCGTATC-1,0.168593,0.830192,0.001216
AAGCATACTCTCCTGA-1,0.193897,0.310073,0.496031
AAGCCACTTGCAGGTA-1,0.035662,0.846826,0.117512
AAGCCGAAGCGGTTTA-1,0.699114,0.000047,0.300839
AAGCCGCCGTGAAATC-1,0.137971,0.764805,0.097224
AAGCCGCTTTACCTTG-1,0.450624,0.000063,0.549313
AAGCCGGAGAGCAGGA-1,0.579482,0.175923,0.244595
AAGCGCAGGGCTTTGA-1,0.17018,0.828392,0.001428
AAGCGGAGTGCGCGCA-1,0.763019,0.000032,0.236949
AAGCGGCGTCATGGGT-1,0.250433,0.000077,0.74949
AAGCGTCCCTCATCGA-1,0.02464,0.757704,0.217656
AAGCTAGATCGAGTAA-1,0.395008,0.152737,0.452255
AAGCTATGGATTGACC-1,0.0822,0.764784,0.153016
AAGCTCGTGCCAAGTC-1,0.607557,0.000097,0.392346
AAGCTCTTTCATGGTG-1,0.290744,0.708293,0.000963
AAGGAGAACTTATAAG-1,0.155561,0.40109,0.443348
AAGGAGCGGTTGGTGC-1,0.551939,0.000076,0.447985
AAGGATCGATCGCTTG-1,0.880632,0.001168,0.1182
AAGGATGAGGGACCTC-1,0.749047,0.025306,0.225647
AAGGCAGGCTGTCTCC-1,0.74975,0.001149,0.249101
AAGGCGCGTAAAGCTT-1,0.049572,0.749149,0.201279
AAGGCTGTGCTCATCG-1,0.301955,0.110735,0.58731
AAGGGAACGACTGGCT-1,0.000641,0.98461,0.014749
AAGGGACAGATTCTGT-1,0.764186,0.012008,0.223807
AAGGGACTATGCATTC-1,0.095288,0.534131,0.370581
AAGGGTTAGCCATGCG-1,0.199415,0.800032,0.000553
AAGGGTTTGATTTCAG-1,0.194712,0.692771,0.112517
AAGGTATCCTAATATA-1,0.807386,0.000053,0.19256
AAGGTGATAAACCAGC-1,0.735875,0.009753,0.254372
AAGTAAGCTTCCAAAC-1,0.003279,0.555701,0.44102
AAGTAGAAGACCGGGT-1,0.219629,0.052443,0.727928
AAGTAGTGACGCGAGG-1,0.00151,0.751036,0.247454
AAGTCAATTGTCGTCA-1,0.64252,0.007376,0.350105
AAGTCTAGTAGCTGCC-1,0.32961,0.000064,0.670326
AAGTCTTCTGTGGCCT-1,0.083709,0.894927,0.021364
AAGTGACGACCGAATT-1,0.000953,0.705585,0.293463
AAGTGAGTCGGGTTTA-1,0.249671,0.693233,0.057096
AAGTGCAAAGGTAGAC-1,0.669346,0.330101,0.000553
AAGTGCCTTGACTGTA-1,0.7854,0.000054,0.214546
AAGTGCGTTAGAATCT-1,0.002026,0.766077,0.231897
AAGTGCTTCTCTATTG-1,0.093864,0.804976,0.10116
AAGTGTTTGGAGACGG-1,0.425578,0.08752,0.486902
AAGTTCACTCCAAGCT-1,0.377251,0.572665,0.050084
AAGTTCAGTCTGCGTA-1,0.330227,0.000067,0.669706
AAGTTCGGCCAACAGG-1,0.140775,0.822792,0.036433
AAGTTGTGATGTTATA-1,0.002102,0.846941,0.150957
AAGTTTACTAATGGCA-1,0.153313,0.010709,0.835977
AAGTTTATGGGCCCAA-1,0.142624,0.826029,0.031348
AATAACAACGCTCGGC-1,0.001068,0.870987,0.127945
AATAACACTAGAACAA-1,0.000963,0.719751,0.279287
AATAACGTCGCGCCCA-1,0.252447,0.730647,0.016906
AATAAGTCCTCGAGAC-1,0.714228,0.001719,0.284054
AATAATCTTCGTATCG-1,0.622068,0.010634,0.367298
AATACAATGTTTCAGG-1,0.001099,0.882234,0.116667
AATACCGGAGGGCTGT-1,0.232609,0.708461,0.058929
AATACCTGATGTGAAC-1,0.129765,0.858037,0.012198
AATAGAACAGAGTGGC-1,0.002371,0.686488,0.311141
AATAGAATCTGTTTCA-1,0.893025,0.000061,0.106914
AATAGCAAGCCTCCTG-1,0.293527,0.012816,0.693657
AATAGCTACCGCGTGC-1,0.463989,0.000081,0.53593
AATAGGCACGACCCTT-1,0.17808,0.703848,0.118072
AATAGTCCGTCCCGAC-1,0.003135,0.79647,0.200395
AATAGTCGCGAGTCGG-1,0.014142,0.535772,0.450086
AATATCAAGGTCGGAT-1,0.020392,0.000081,0.979527
AATATCCTAGCAAACT-1,0.167917,0.831635,0.000447
AATATCGAATCAATGC-1,0.942818,0.000029,0.057152
AATATCGAGGGTTCTC-1,0.59964,0.000062,0.400298
AATATTGGAGTATTGA-1,0.001195,0.998207,0.000598
AATCAGACTGCAGGAC-1,0.002174,0.970757,0.027069
AATCAGGTTTCATTTA-1,0.001023,0.790983,0.207993
AATCATGTAAAGACTC-1,0.96644,0.002738,0.030822
AATCCAAGGGCCTGAG-1,0.059915,0.000091,0.939994
AATCCATGCAAGGGTG-1,0.001568,0.842778,0.155654
AATCCCGCTCAGAGCC-1,0.494846,0.504991,0.000164
AATCGAGGTCTCAAGG-1,0.235362,0.663425,0.101214
AATCGCCTCAGCGCCA-1,0.960828,0.012517,0.026655
AATCGCGCAGAGGACT-1,0.610215,0.000042,0.389743
AATCGGGACACTACGA-1,0.821175,0.006323,0.172502
AATCGGTATAGCCCTC-1,0.126734,0.872618,0.000648
AATCGTGAGCCGAGCA-1,0.08221,0.917126,0.000664
AATCTAGGTTTACTTG-1,0.001275,0.628688,0.370036
AATCTATGCCGGAGCC-1,0.303575,0.00006,0.696365
AATCTCTACTGTGGTT-1,0.00093,0.82285,0.17622
AATCTGCGTTGGGACG-1,0.854354,0.007244,0.138402
AATCTGGCTTTCTAGT-1,0.137294,0.818882,0.043824
AATCTGGGTAGACCCT-1,0.933243,0.000023,0.066733
AATGACAGCAATGTCT-1,0.00175,0.655687,0.342563
AATGACGTAGGATGTC-1,0.613941,0.051337,0.334722
AATGACTGTCAGCCGG-1,0.222346,0.011099,0.766555
AATGAGTTCGCATATG-1,0.166505,0.80065,0.032845
AATGATGATACGCTAT-1,0.243511,0.052945,0.703544
AATGATGCGACTCCTG-1,0.854997,0.000051,0.144952
AATGCAACCGGGTACC-1,0.567543,0.002739,0.429719
AATGCACCAAGCAATG-1,0.650301,0.000069,0.34963
AATGGCCGCCAATGCG-1,0.308039,0.0005,0.691461
AATGGTCCACCGTTCA-1,0.101578,0.876337,0.022084
AATGGTTCTCACAAGC-1,0.001101,0.751424,0.247475
AATGTATGGCACTGTA-1,0.085282,0.914546,0.000172
AATGTGCCCGAGGTGT-1,0.00111,0.872061,0.126829
AATGTGCTAATCTGAG-1,0.03408,0.861514,0.104406
AATGTTAAGACCCTGA-1,0.242652,0.667779,0.089569
AATGTTGTCGTGAGAC-1,0.375448,0.624075,0.000477
AATTAAAGGTCGGCGT-1,0.083344,0.199415,0.717241
AATTAACGGATTTCCA-1,0.201439,0.797478,0.001083
AATTACGAGACCCATC-1,0.0004,0.548508,0.451092
AATTACTCGTACGCTC-1,0.682304,0.317537,0.00016
AATTAGCGCTGCAGCG-1,0.246981,0.623505,0.129514
AATTATACCCAGCAAG-1,0.107053,0.710387,0.182561
AATTCATAAGGGATCT-1,0.629775,0.000063,0.370162
AATTCATTGTCATGCA-1,0.013764,0.853347,0.132889
AATTCCAACTTGGTGA-1,0.114401,0.885221,0.000379
AATTCCAAGCATGTAC-1,0.100884,0.898447,0.000669
AATTCGATTCGAGGAT-1,0.239748,0.758726,0.001527
AATTCTAGAGTTAGGC-1,0.456332,0.188005,0.355664
AATTGAACGCTCTGGT-1,0.41393,0.024088,0.561983
AATTGCAGCAATCGAC-1,0.055133,0.722549,0.222318
AATTGCGTGGATTACA-1,0.272362,0.715149,0.012489
AATTGTGGTTGCCAAA-1,0.16606,0.833393,0.000547
AATTTGGGACATAGTA-1,0.723928,0.000054,0.276017
AATTTGGTTCCAAAGA-1,0.082387,0.072193,0.845421
ACAAACCATGCGTCCT-1,0.000432,0.673712,0.325856
ACAAACCGACAAGGCG-1,0.388943,0.044716,0.566341
ACAAACTCCATCAGAG-1,0.07378,0.752875,0.173345
ACAAAGAAGGTAGGCC-1,0.060913,0.755173,0.183914
ACAAAGCATGACCTAG-1,0.111787,0.887227,0.000986
ACAAATCGCACCGAAT-1,0.489333,0.154919,0.355749
ACAAATGGTAGTGTTT-1,0.428704,0.000093,0.571203
ACAAATTCAGATCTGA-1,0.095403,0.000063,0.904534
ACAACAGCATGAGCTA-1,0.564896,0.00009,0.435014
ACAACGGTCCCTGCGA-1,0.001075,0.557889,0.441036
ACAAGCAGTGCCTAGC-1,0.001518,0.678109,0.320373
ACAAGCTATATGGAAG-1,0.411262,0.588406,0.000332
ACAAGGAAATCCGCCC-1,0.220854,0.006254,0.772892
ACAAGGACAAGAGGTT-1,0.001403,0.691306,0.307291
ACAAGGATGCTTTAGG-1,0.203919,0.664883,0.131198
ACAAGGCCTACCAGCC-1,0.700714,0.000038,0.299247
ACAAGGGCAGGCTCTG-1,0.990795,0.009111,0.000094
ACAAGTAATTGTAAGG-1,0.10987,0.824944,0.065186
ACAATAGTCGTACGTT-1,0.129289,0.870404,0.000307
ACAATCCATTTAAACC-1,0.001316,0.805209,0.193474
ACAATCGATCTTTATA-1,0.395915,0.058879,0.545207
ACAATGAATACGGAGA-1,0.033315,0.795103,0.171583
ACAATGATTCTTCTAC-1,0.724804,0.025368,0.249828
ACAATTGTGTCTCTTT-1,0.465968,0.005176,0.528856
ACAATTTAGGAGGCTC-1,0.185664,0.660256,0.15408
ACAATTTGAGCAGTGG-1,0.234329,0.000092,0.765578
ACAATTTGGCCATATT-1,0.526794,0.000045,0.473161
ACACAAAGACGGGTGG-1,0.742367,0.021449,0.236184
ACACAAATATTCCTAG-1,0.956634,0.000029,0.043337
ACACACCAGGACCAGT-1,0.353347,0.001203,0.64545
ACACACTTTCTACACG-1,0.273419,0.000096,0.726485
ACACATGATCAAATCT-1,0.000668,0.638752,0.36058
ACACATTGACGCAACA-1,0.178232,0.680626,0.141143
ACACATTTCCGTAGAC-1,0.174639,0.630465,0.194896
ACACCACATAATTAGC-1,0.611352,0.000042,0.388607
ACACCCAGCATGCAGC-1,0.469653,0.072743,0.457604
ACACCCGAGAAATCCG-1,0.137955,0.861537,0.000508
ACACCCGTAAATCTGT-1,0.359653,0.000029,0.640317
ACACCGAGCGCTCTTT-1,0.122349,0.481591,0.396059
ACACCGGTCTGACCGC-1,0.000479,0.670792,0.328728
ACACCTTAAGTAGGGC-1,0.088144,0.703246,0.20861
ACACCTTACTACTTGC-1,0.555876,0.032079,0.412045
ACACGAGACTCCTTCT-1,0.736947,0.176095,0.086958
ACACGGCACTATGCAT-1,0.172882,0.00006,0.827058
ACACGGGAACTTAGGG-1,0.558845,0.00008,0.441075
ACACGTAGGCCACAAG-1,0.639519,0.165576,0.194905
ACACTCCAATGTCACT-1,0.001027,0.743243,0.25573
ACACTGATCAAGGTGT-1,0.309056,0.689304,0.00164
ACACTGGGACAGTCGT-1,0.66559,0.138385,0.196025
ACAGAACTGAGAACAA-1,0.001216,0.675983,0.3228
ACAGATTAGGTTAGTG-1,0.324812,0.000111,0.675076
ACAGCATAGAGCCAGT-1,0.000406,0.000102,0.999492
ACAGCGACATTCTCAT-1,0.163016,0.644168,0.192815
ACAGCGCACCCGCAGC-1,0.571681,0.000046,0.428274
ACAGGAGGCGCAGCCG-1,0.889886,0.032952,0.077162
ACAGGCACGGATCCTT-1,0.074318,0.743523,0.182159
ACAGGCTTGCCCGACT-1,0.401567,0.000086,0.598347
ACAGGTGGAGGTGAGG-1,0.000793,0.998811,0.000396
ACAGGTGTGTTGTTGC-1,0.470521,0.528932,0.000547
ACAGTAATACAACTTG-1,0.001017,0.612995,0.385988
ACAGTATACCGTGGGA-1,0.321064,0.000054,0.678881
ACAGTGCAGCGCATTT-1,0.629061,0.301736,0.069203
ACATAAGTCGTGGTGA-1,0.00052,0.842845,0.156634
ACATAATAAGGCGGTG-1,0.181487,0.000095,0.818419
ACATACAATCAAGCGG-1,0.250509,0.728719,0.020772
ACATCAGCTGGGACGC-1,0.111295,0.888456,0.000249
ACATCCCGGCCATACG-1,0.004745,0.001186,0.994069
ACATCCTGGTAACTGT-1,0.681415,0.000052,0.318533
ACATCGATCGTTTACC-1,0.923018,0.076807,0.000175
ACATCGCAATATTCGG-1,0.208079,0.676947,0.114974
ACATCGGTCAGCCGCG-1,0.162167,0.762302,0.075531
ACATCGTATGCAATGG-1,0.62126,0.000106,0.378634
ACATCGTTAACCTAGT-1,0.172287,0.000067,0.827646
ACATCTCAACGCGTAA-1,0.075854,0.000052,0.924094
ACATGCTTACGGCAGC-1,0.056813,0.503358,0.439829
ACATGGCGCCAAAGTA-1,0.523751,0.050585,0.425663
ACATGGCTCAATTTAG-1,0.274146,0.725303,0.000551
ACATTAGTTTATATCC-1,0.147014,0.242898,0.610088
ACATTCGCGCGGAATA-1,0.00058,0.881328,0.118092
ACATTTGAAACCTAAC-1,0.131149,0.868548,0.000303
ACCAAACACCCAGCGA-1,0.259809,0.000053,0.740138
ACCAAACTAGAAATCC-1,0.190217,0.000039,0.809744
ACCAACACCACACACT-1,0.161086,0.000057,0.838857
ACCAACCGCACTCCAC-1,0.00255,0.848734,0.148716
ACCAACGCTTATTTAT-1,0.003299,0.771633,0.225068
ACCAAGAACGCGTGTC-1,0.982007,0.000034,0.017959
ACCAAGTCATCGGCAG-1,0.349893,0.649414,0.000693
ACCAATATGCAAGTTA-1,0.130885,0.572479,0.296637
ACCACAACTCAGAACA-1,0.282979,0.174012,0.543009
ACCACAAGTTTCTATC-1,0.000563,0.015425,0.984013
ACCACACGGTTGATGG-1,0.271549,0.688948,0.039503
ACCACCAATGTAACAA-1,0.763697,0.011165,0.225138
ACCACCCTCTCTTCTA-1,0.349777,0.000073,0.65015
ACCACGTGCAGCTATA-1,0.912172,0.024881,0.062948
ACCACTGTTCAAGAAG-1,0.309747,0.251091,0.439163
ACCAGACCATAACAAC-1,0.09761,0.633317,0.269073
ACCAGCCCGGTCTTTG-1,0.782564,0.0135,0.203937
ACCAGGAGTGTGATCT-1,0.134464,0.399696,0.46584
ACCAGTGCCCGGTCAA-1,0.518482,0.000048,0.48147
ACCAGTGCGGGAGACG-1,0.453698,0.024366,0.521936
ACCATATCCGCAATAA-1,0.71621,0.032134,0.251656
ACCATCCGCCAACTAG-1,0.000879,0.773769,0.225352
ACCATCGTATATGGTA-1,0.165712,0.625001,0.209287
ACCATTAAGGGTGTCA-1,0.264559,0.352582,0.382859
ACCCAACGCCCGTGGC-1,0.821745,0.00004,0.178215
ACCCACCTACATGCTC-1,0.120935,0.757169,0.121896
ACCCATCTTGAGGGTA-1,0.196289,0.480747,0.322964
ACCCATTTGTCCCTCT-1,0.11426,0.883425,0.002315
ACCCGAGCGAAATTAC-1,0.150209,0.844055,0.005735
ACCCGATTGGTTCCGA-1,0.019332,0.807844,0.172824
ACCCGGAAACTCCCAG-1,0.003985,0.541958,0.454057
ACCCGGAGCACCACAA-1,0.61404,0.092283,0.293677
ACCCGGATGACGCATC-1,0.516333,0.020159,0.463508
ACCCGGTTACACTTCC-1,0.097157,0.605634,0.29721
ACCCGTAGCAGAGAAT-1,0.048297,0.911097,0.040606
ACCCGTAGTCTAGTTG-1,0.001137,0.998295,0.000568
ACCCGTGTCATCAGTA-1,0.003069,0.665939,0.330992
ACCCTATAGGACTGAG-1,0.097579,0.636485,0.265937
ACCCTATGCCATATCG-1,0.158477,0.70003,0.141494
ACCCTCCCGTCAGGGC-1,0.152801,0.716472,0.130727
ACCCTCCCTTGCTATT-1,0.314635,0.070159,0.615207
ACCCTGGTAACGCCCT-1,0.812148,0.000051,0.1878
ACCCTTCATCTGCGAA-1,0.698778,0.092533,0.208689
ACCCTTGCCTGGGTCG-1,0.16709,0.00006,0.83285
ACCCTTTAGTTCTCCA-1,0.498996,0.01205,0.488954
ACCGAAAGGGCCCTGC-1,0.792727,0.005941,0.201331
ACCGAAGAGTCTGGTT-1,0.000899,0.525504,0.473597
ACCGACACATCTCCCA-1,0.002474,0.560355,0.437171
ACCGACTGAGTCCCAC-1,0.18633,0.003206,0.810464
ACCGAGTCTCCTTATT-1,0.002495,0.700331,0.297173
ACCGATAGGCATAACC-1,0.205376,0.379791,0.414832
ACCGATATTTAATCAT-1,0.57281,0.000039,0.42715
ACCGATGGTAGCATCG-1,0.771687,0.00005,0.228263
ACCGCAATAACTGCCT-1,0.425809,0.110628,0.463562
ACCGCGGTGGAAGTCG-1,0.758638,0.000042,0.241321
ACCGCTAGTCATTGGT-1,0.000991,0.666135,0.332874
ACCGGGCCTTTGTTGA-1,0.338447,0.009633,0.65192
ACCGGTCAGGTACACC-1,0.0006,0.702937,0.296463
ACCGGTCTGAGTACGG-1,0.603222,0.01143,0.385348
ACCGTCCACTGGGCCC-1,0.104299,0.889068,0.006633
ACCGTGACCACGTGGG-1,0.00141,0.850968,0.147622
ACCGTTCCCGCTCTGA-1,0.689237,0.006575,0.304188
ACCTAAGTACCTTTCA-1,0.00163,0.757035,0.241335
ACCTAATCGACTTCCT-1,0.08651,0.912971,0.000519
ACCTACAGTATGTGGT-1,0.762505,0.00005,0.237446
ACCTACTATAAATCTA-1,0.001387,0.997919,0.000693
ACCTCAGCGAGGCGCA-1,0.187381,0.812428,0.000191
ACCTCCGCCCTCGCTG-1,0.643457,0.016561,0.339982
ACCTCCGTTATTCACC-1,0.842624,0.000041,0.157335
ACCTCGAACTTATGCT-1,0.000694,0.452643,0.546664
ACCTGCGTGTCATGTT-1,0.000981,0.547707,0.451312
ACCTTTCCTTTAGAAG-1,0.665723,0.012894,0.321383
ACGAAATGGGCGGCAC-1,0.042798,0.663725,0.293477
ACGACCCATGAGTTGC-1,0.743532,0.024534,0.231933
ACGACTCTAGGGCCGA-1,0.073831,0.925791,0.000378
ACGACTGGTCATACTC-1,0.043537,0.720438,0.236026
ACGAGAACCCATCACG-1,0.024299,0.635202,0.340499
ACGAGATATTTGCTTA-1,0.387306,0.003885,0.608809
ACGAGGATACCACTCT-1,0.040656,0.660266,0.299078
ACGAGGTTTACAACGT-1,0.001286,0.411812,0.586902
ACGAGTACGGATGCCC-1,0.382941,0.001093,0.615965
ACGAGTCGCCGGCGTT-1,0.031765,0.644681,0.323554
ACGATACATAGAACTA-1,0.588998,0.026697,0.384305
ACGATACCTATCCTGA-1,0.459206,0.540638,0.000156
ACGATCATACATAGAG-1,0.96931,0.004835,0.025855
ACGATCATCTTGTAAA-1,0.481983,0.000069,0.517948
ACGATGCATATGTTAT-1,0.003119,0.573501,0.42338
ACGATGGATCCGATGC-1,0.757189,0.000043,0.242769
ACGCAAACTAATAGAT-1,0.002707,0.787066,0.210227
ACGCAATCACTACAGC-1,0.767727,0.000048,0.232225
ACGCATAAATGACATG-1,0.503795,0.23655,0.259654
ACGCATACGTTTACTA-1,0.971554,0.019611,0.008835
ACGCATTCGTGAGTAC-1,0.968759,0.000747,0.030494
ACGCCACTCGAAACAG-1,0.182427,0.817262,0.000312
ACGCCAGATGATTTCT-1,0.114485,0.002215,0.883299
ACGCCAGTGCGTTTGC-1,0.104667,0.71883,0.176503
ACGCCCAGCTGTCGAT-1,0.684813,0.00004,0.315147
ACGCCGCTAGACGACC-1,0.68725,0.024231,0.288519
ACGCCTGACACGCGCT-1,0.858119,0.098367,0.043513
ACGCGAAGTCAGACGA-1,0.259568,0.338717,0.401716
ACGCGCTACACAGGGT-1,0.001794,0.867372,0.130835
ACGCGGGCCAAGGACA-1,0.302609,0.081228,0.616163
ACGCGTTTCTTAAGAG-1,0.000501,0.647666,0.351832
ACGCTACTGAATGGGC-1,0.224894,0.774674,0.000432
ACGCTAGTATCAGTGC-1,0.350944,0.000045,0.649012
ACGCTAGTGATACACT-1,0.710315,0.028163,0.261522
ACGCTGTGAGGCGTAG-1,0.256835,0.313262,0.429903
ACGCTTAGTGTCTCTC-1,0.890407,0.000032,0.109561
ACGGAACACGAGTGCC-1,0.345968,0.653755,0.000278
ACGGAATTTAGCAAAT-1,0.000748,0.962612,0.036639
ACGGACGCAGCGACAA-1,0.082477,0.592691,0.324833
ACGGACTCTCAAAGCG-1,0.208624,0.790453,0.000923
ACGGAGCGCAAATTAC-1,0.953251,0.00003,0.04672
ACGGATGGTGCGGATA-1,0.115939,0.691791,0.19227
ACGGCACTTGCTTGGG-1,0.096976,0.461493,0.441531
ACGGCCAACATGGACT-1,0.002788,0.995818,0.001394
ACGGCGACGATGGGAA-1,0.611218,0.054939,0.333843
ACGGCGGGTTGCCCTG-1,0.112293,0.886979,0.000728
ACGGCTGGATGTAGAA-1,0.000813,0.699431,0.299757
ACGGGAGTGTCGGCCC-1,0.001057,0.895274,0.103669
ACGGGCGTATGCGACA-1,0.608743,0.001505,0.389752
ACGGGTCATGTGACTT-1,0.63457,0.233473,0.131957
ACGGGTTGTGACCTGT-1,0.000455,0.802114,0.197431
ACGGTACAGTTCAATG-1,0.110282,0.810578,0.07914
ACGGTCACCGAGAACA-1,0.159269,0.597356,0.243376
ACGTACAGATTTCTCT-1,0.740673,0.179347,0.079981
ACGTACTTTGGCACGG-1,0.081811,0.573906,0.344283
ACGTAGATTGCTGATG-1,0.900236,0.034743,0.065021
ACGTAGGAGAGTCGCT-1,0.146797,0.792105,0.061098
ACGTATTACTCCGATC-1,0.832312,0.033259,0.134429
ACGTCCTAAACGAGAT-1,0.411585,0.083572,0.504844
ACGTCGGGCAACTCGG-1,0.000459,0.783085,0.216456
ACGTCTCGTTCCGGGA-1,0.000615,0.555173,0.444212
ACGTGACAAAGTAAGT-1,0.000549,0.578703,0.420748
ACGTGCGCCTCGTGCA-1,0.011895,0.000101,0.988004
ACGTGGTCGAATGTGC-1,0.842497,0.000027,0.157477
ACGTTAATGTCGAAGA-1,0.362577,0.031589,0.605834
ACGTTAGATTTGCCCG-1,0.001446,0.721867,0.276687
ACGTTATTGGTCACTC-1,0.00125,0.66052,0.33823
ACGTTCACTATGCCGC-1,0.135709,0.863904,0.000387
ACGTTCCGCGCTCCGT-1,0.4024,0.000059,0.597541
ACGTTCGCAATCAATT-1,0.766297,0.000043,0.233661
ACGTTCGTTCAGGAAA-1,0.002072,0.994261,0.003667
ACGTTCTGTACAAGTC-1,0.002314,0.853357,0.144329
ACGTTGTCGTTGAAAG-1,0.176554,0.804875,0.018571
ACGTTTAGTTGTGATC-1,0.24952,0.035699,0.714781
ACGTTTCGGTGCACTT-1,0.22296,0.776363,0.000677
ACTAAGGACGCACACC-1,0.155419,0.000047,0.844534
ACTAATACGTCAGGCG-1,0.273139,0.006777,0.720084
ACTACAAAGAGAGGTG-1,0.157911,0.841616,0.000473
ACTACATCCCGACAAG-1,0.041622,0.753072,0.205305
ACTACCAGCTCTCTGG-1,0.002315,0.422251,0.575435
ACTACCATCCGAGGGC-1,0.148389,0.749318,0.102292
ACTACGCGTTAGAATT-1,0.172265,0.82683,0.000905
ACTAGTTGCGATCGTC-1,0.92189,0.000044,0.078066
ACTATATGCTGTGTTC-1,0.821479,0.02988,0.148641
ACTATCCAGGGCATGG-1,0.972983,0.00003,0.026987
ACTATCGCCGGCTAAA-1,0.875619,0.049749,0.074632
ACTATCTGCCCGCGTA-1,0.691673,0.000037,0.30829
ACTATGTCCAGCTGCC-1,0.14018,0.657516,0.202304
ACTATTCGTCCGTGGT-1,0.32961,0.000073,0.670317
ACTATTTCCGGGCCCA-1,0.069775,0.704979,0.225246
ACTCAACGAATGTATT-1,0.001464,0.740414,0.258122
ACTCAAGTGCAAGGCT-1,0.105791,0.893256,0.000953
ACTCAATAAAGGCACG-1,0.430116,0.037967,0.531917
ACTCAGACCTGCTTCT-1,0.373664,0.060297,0.566039
ACTCATGGCAGCCTTC-1,0.000732,0.507933,0.491336
ACTCCAATATCATCAT-1,0.170358,0.553637,0.276005
ACTCCCATTCCTAAAG-1,0.000925,0.815107,0.183967
ACTCCCGAATTCGTTT-1,0.8557,0.053038,0.091262
ACTCCCGTAGACTAGG-1,0.828963,0.000043,0.170993
ACTCCCTAATGCTAAA-1,0.124008,0.875083,0.000908
ACTCCCTAGAATAGTA-1,0.683232,0.044464,0.272304
ACTCCGGCCGACCACT-1,0.072871,0.771618,0.155511
ACTCGATGTATTTCAT-1,0.134256,0.653608,0.212136
ACTCGCCGTTCGATAA-1,0.270079,0.7289,0.001021
ACTCGCGATCTGACGC-1,0.402689,0.02777,0.569541
ACTCGTAACCCGTCCT-1,0.175089,0.824511,0.0004
ACTCGTCAGTAATCCC-1,0.478897,0.072094,0.449008
ACTCTAAACCTGGGAT-1,0.468451,0.53144,0.00011
ACTCTCTGACTTAGGT-1,0.837981,0.000329,0.16169
ACTCTCTTATACACGA-1,0.51184,0.001384,0.486776
ACTCTGACCTAATAGA-1,0.036908,0.962666,0.000426
ACTCTTCAGCTCCCGC-1,0.285088,0.000059,0.714853
ACTCTTGTATAGTAAC-1,0.463743,0.000122,0.536135
ACTGAAACGCCGTTAG-1,0.453871,0.236616,0.309512
ACTGAATGGCGAAAGT-1,0.511324,0.000092,0.488583
ACTGATTTAGTGATTC-1,0.892969,0.013103,0.093928
ACTGCCCGCCATTCTC-1,0.151721,0.678712,0.169567
ACTGCCGTCGTAACTC-1,0.338421,0.018104,0.643475
ACTGCGGACACACCGT-1,0.489381,0.028661,0.481957
ACTGCTCGGAAGGATG-1,0.001152,0.748781,0.250067
ACTGGCGAACCTGCGT-1,0.331192,0.000055,0.668753
ACTGGGATGCCAGTGC-1,0.048692,0.824635,0.126673
ACTGTACGATACACAT-1,0.975386,0.024519,0.000096
ACTGTAGCACTTTGGA-1,0.001749,0.365134,0.633116
ACTGTATACGCGAGCA-1,0.029254,0.740042,0.230704
ACTGTCCAGGATTATA-1,0.915679,0.037379,0.046942
ACTGTCTTCTTTAGAA-1,0.494419,0.000097,0.505484
ACTGTGCTAGTAGATC-1,0.00192,0.599115,0.398965
ACTGTTTAGTGTAGGC-1,0.857048,0.024928,0.118024
ACTTACCGGGCGCGCA-1,0.749428,0.000038,0.250534
ACTTACGCATCCACGC-1,0.139789,0.859403,0.000808
ACTTAGTACGACAAGA-1,0.084017,0.873923,0.04206
ACTTATACTTACCCGG-1,0.691801,0.000064,0.308135
ACTTATCTGATCTATA-1,0.002413,0.631082,0.366505
ACTTATTAGGATCGGT-1,0.748576,0.032433,0.218991
ACTTATTTATGTGCCA-1,0.141423,0.070891,0.787686
ACTTCAGGCTGATCCC-1,0.372198,0.093491,0.534311
ACTTCCAGTGGAAGCT-1,0.000561,0.554629,0.44481
ACTTCCATGCGGGACA-1,0.003726,0.816738,0.179536
ACTTCCTGTCGTGCGA-1,0.890786,0.013547,0.095667
ACTTCGCCATACGCAC-1,0.437139,0.000107,0.562753
ACTTCGCTAGCGAGTG-1,0.680837,0.000031,0.319131
ACTTGACTCCCTCTTT-1,0.167608,0.013371,0.81902
ACTTGCCATATTGTAC-1,0.330242,0.31699,0.352768
ACTTGCTCTATCTACC-1,0.066996,0.793448,0.139556
ACTTGGGACCCGGTGG-1,0.195883,0.087083,0.717034
ACTTGGGCTTTCGCCA-1,0.512738,0.483492,0.003769
ACTTGTAGTCCCTTCA-1,0.000966,0.779167,0.219867
ACTTGTGGATGGAACG-1,0.675869,0.008087,0.316044
ACTTGTTACCGGATCA-1,0.170167,0.829289,0.000544
ACTTTACCCTCATGAA-1,0.610217,0.000643,0.38914
ACTTTATACACCACTT-1,0.077634,0.705493,0.216873
ACTTTCCTATAGCTTC-1,0.979553,0.018603,0.001844
ACTTTGACTGCATCCT-1,0.071139,0.700513,0.228347
ACTTTGGTCGTGCTCC-1,0.000692,0.523297,0.47601
ACTTTGTCGACGCACT-1,0.803804,0.000037,0.196159
AGAAATTATGACTCGC-1,0.984292,0.000013,0.015695
AGAACACGGCGATGGT-1,0.003829,0.789889,0.206282
AGAACCCAGCGTGACA-1,0.911617,0.00002,0.088363
AGAACCCTCAATTGGG-1,0.074725,0.696816,0.228459
AGAACGTGGTACATTC-1,0.735027,0.000069,0.264904
AGAACTGTACTTTGTA-1,0.115875,0.878901,0.005225
AGAAGAGCGCCGTTCC-1,0.351208,0.00067,0.648122
AGAAGGTACACTTCAC-1,0.001019,0.474875,0.524106
AGAAGGTTGCCGAATT-1,0.002562,0.43148,0.565957
AGAAGGTTGTAGGTCG-1,0.274822,0.723757,0.001421
AGAAGTGATTCGTGAT-1,0.001718,0.910144,0.088138
AGAATAAATCTTCAGG-1,0.000676,0.521626,0.477698
AGAATACAGGCTATCC-1,0.16626,0.83336,0.00038
AGAATGCGGGTTCGGA-1,0.509186,0.000214,0.490599
AGAATTATGGATTCGA-1,0.766045,0.032314,0.201641
AGAATTGTTTGACATA-1,0.072408,0.91595,0.011642
AGACAGCTCAGAATCC-1,0.001047,0.763606,0.235346
AGACAGGCATCTCAGC-1,0.633379,0.044677,0.321945
AGACATAGATCCTTCC-1,0.014436,0.0001,0.985465
AGACCAAACCACACCT-1,0.000898,0.629767,0.369335
AGACCATGGGATACAA-1,0.000853,0.738221,0.260927
AGACCCACCGCTGATC-1,0.572725,0.067642,0.359632
AGACCCGCCCTCCTCG-1,0.291015,0.000081,0.708905
AGACCGCTCCGCGGTT-1,0.726221,0.020326,0.253453
AGACCGGGAAACCCTG-1,0.000824,0.812843,0.186332
AGACGAAGTGCCGGTC-1,0.420261,0.039682,0.540057
AGACGACGATGCCGCT-1,0.001338,0.900022,0.09864
AGACGCCCACTTCGCC-1,0.195474,0.377744,0.426782
AGACGGGATTGGTATA-1,0.550101,0.000029,0.44987
AGACGGGCCGATTTAA-1,0.026467,0.000056,0.973476
AGACTAGCCTTCCAGA-1,0.188101,0.037393,0.774506
AGACTGTTACCGGGTC-1,0.002352,0.730928,0.266721
AGAGAAACACCAGAAA-1,0.076897,0.846427,0.076676
AGAGAACCGTCTAGGA-1,0.582569,0.000067,0.417364
AGAGAAGGAGTACAAT-1,0.001794,0.863071,0.135136
AGAGATCTCTAAAGCG-1,0.033602,0.706382,0.260016
AGAGCAGTTATGAGAC-1,0.001595,0.597942,0.400463
AGAGCCGCCGAGATTT-1,0.459719,0.084792,0.455488
AGAGCGCTTGTAACGG-1,0.628638,0.000039,0.371322
AGAGCGGGCTAATCAT-1,0.532835,0.000064,0.467101
AGAGCGTACAAGCTCG-1,0.093736,0.732841,0.173423
AGAGCTACGAAAGCAT-1,0.072615,0.927078,0.000307
AGAGGCTTCGGAAACC-1,0.478752,0.031521,0.489727
AGAGGGACAATTGTCC-1,0.559706,0.006178,0.434117
AGAGGTATCTCGGTCC-1,0.275608,0.024258,0.700134
AGAGTAAACTTCACTA-1,0.717621,0.00004,0.282339
AGAGTATAGTGTTACG-1,0.33172,0.001802,0.666478
AGAGTCTTAATGAAAG-1,0.185555,0.768543,0.045902
AGAGTGAACAGACACC-1,0.329222,0.007139,0.663638
AGAGTTAGAGACCGAT-1,0.132149,0.000058,0.867793
AGAGTTGCAGGCCTCC-1,0.721966,0.000036,0.277997
AGATAACTTCAGGGCC-1,0.17198,0.125879,0.702141
AGATAATCACACCTAT-1,0.036855,0.698954,0.264191
AGATACCAATAGAACC-1,0.276516,0.663558,0.059926
AGATACCAGCACTTCA-1,0.575738,0.000051,0.424211
AGATACCGGTGTTCAC-1,0.001621,0.653011,0.345368
AGATACGACTTCATAT-1,0.105082,0.572884,0.322033
AGATACTCAAGATCGA-1,0.563014,0.155976,0.28101
AGATATAATACGACTA-1,0.089303,0.792972,0.117725
AGATCGTGCATAAGAT-1,0.849287,0.000029,0.150684
AGATCTCAGGTGTGAT-1,0.276941,0.011652,0.711408
AGATCTGGAGAGGATA-1,0.085397,0.631969,0.282634
AGATGACTCGCCCACG-1,0.000536,0.130972,0.868492
AGATGAGGGTTGCGAT-1,0.197036,0.000089,0.802875
AGATGATGGAGTCTGG-1,0.934066,0.000048,0.065886
AGATGCAAGACGTGCA-1,0.078726,0.773633,0.147641
AGATGCATCCTGTGTC-1,0.060826,0.658884,0.280289
AGATGCTATAACGAGC-1,0.007496,0.631062,0.361442
AGATTATAGGACGTTT-1,0.15396,0.000171,0.845869
AGATTCAAGCGGGTCG-1,0.711807,0.000032,0.288161
AGATTCACAACCGATA-1,0.000864,0.697057,0.302079
AGCAAAGGCCGCTAGT-1,0.177241,0.8212,0.00156
AGCAACATATCTTATT-1,0.719301,0.000055,0.280644
AGCAACCGAAAGTAAT-1,0.04778,0.580173,0.372047
AGCACACGTTTAGACT-1,0.000875,0.80036,0.198765
AGCACCAGTACTCACG-1,0.351894,0.000122,0.647983
AGCACTACCGGCCTGT-1,0.001164,0.810984,0.187851
AGCACTACCTCACCAG-1,0.651537,0.110345,0.238118
AGCACTTAAGGACGCC-1,0.001165,0.779239,0.219596
AGCAGAAGGAGAAAGA-1,0.130978,0.868495,0.000527
AGCAGCCAGATGAATA-1,0.133263,0.865808,0.000929
AGCAGTCGAAGCATGC-1,0.251358,0.748263,0.000379
AGCATATCAATATGCT-1,0.891739,0.000042,0.108219
AGCATCATTTCGAAAG-1,0.188228,0.811558,0.000214
AGCATCGTCGATAATT-1,0.000566,0.000141,0.999292
AGCATTACGAGGCAAG-1,0.053247,0.945412,0.001341
AGCCAAGCTTTGTGTC-1,0.003905,0.574603,0.421492
AGCCACAGGTTACCCG-1,0.210975,0.61128,0.177745
AGCCACTCCCGTGCTT-1,0.299625,0.000121,0.700254
AGCCATATAGTATGTG-1,0.066852,0.807369,0.125779
AGCCCATACATGTAAG-1,0.023491,0.925717,0.050792
AGCCCGCAACAAGCAG-1,0.094256,0.90503,0.000714
AGCCCGCACTACAATG-1,0.001164,0.68911,0.309726
AGCCCGGCATTAGAGG-1,0.085474,0.572146,0.34238
AGCCCGGTAGCCTGTA-1,0.12849,0.757127,0.114383
AGCCCTAAGCGAAGTT-1,0.737086,0.000038,0.262876
AGCCCTCCCTGGTGGC-1,0.001021,0.792446,0.206533
AGCCCTGTCGCACCGT-1,0.376487,0.000048,0.623465
AGCCCTTCTAATCCGA-1,0.359805,0.133378,0.506817
AGCCCTTGGACATCCC-1,0.669682,0.022538,0.30778
AGCCGCAAATTCAAAT-1,0.254604,0.74447,0.000927
AGCCGCTTGATTAGCG-1,0.962603,0.017987,0.019409
AGCCGTGGCTAAATGT-1,0.091489,0.652629,0.255882
AGCCTAATACCCACGT-1,0.001208,0.589443,0.40935
AGCCTTAAAGCGGAAG-1,0.001245,0.659494,0.339261
AGCCTTGTCACTGATA-1,0.109382,0.890493,0.000125
AGCGACAGGAACGGTC-1,0.104245,0.711876,0.183879
AGCGACATCCCATTCA-1,0.630489,0.000081,0.369429
AGCGACCAACGATATT-1,0.645839,0.03851,0.315651
AGCGACTTTGAAGACA-1,0.255031,0.728941,0.016029
AGCGAGACGTGAAGGC-1,0.000607,0.831368,0.168025
AGCGATGCGCCTAATA-1,0.091958,0.907299,0.000743
AGCGCATAATGAATCG-1,0.002134,0.689055,0.308811
AGCGCGGGTGCCAATG-1,0.62185,0.006152,0.371998
AGCGCTAGAGCGATGT-1,0.490578,0.045659,0.463763
AGCGCTTATGGGCAAG-1,0.51114,0.002407,0.486452
AGCGGACACTTCGTAG-1,0.002988,0.584309,0.412703
AGCGGCGGTTAGCGGT-1,0.00177,0.47289,0.525341
AGCGGGAAGGGTCCAT-1,0.116124,0.461794,0.422082
AGCGGGTCTGACACTC-1,0.002597,0.583952,0.413451
AGCGGTTGAGATGTAC-1,0.786756,0.00003,0.213214
AGCGGTTGCCGCTCTG-1,0.804893,0.007956,0.187151
AGCGTACGAGAGCTAG-1,0.001128,0.998308,0.000564
AGCGTAGCGCTAGACC-1,0.001238,0.998144,0.000619
AGCGTCTGAACCCGCA-1,0.002786,0.611189,0.386025
AGCGTGGTATTCTACT-1,0.331275,0.031319,0.637406
AGCGTTCCGATTTAAA-1,0.929636,0.032257,0.038107
AGCTAACAAGCAATGT-1,0.000818,0.870637,0.128545
AGCTAAGCTCCGTCCG-1,0.448955,0.544713,0.006332
AGCTAAGTACGCAGGC-1,0.003172,0.74021,0.256618
AGCTACGAATGGTGGT-1,0.157354,0.778103,0.064543
AGCTAGAAGCAGAAGT-1,0.83699,0.000055,0.162955
AGCTATTTAATCCAAC-1,0.361603,0.000068,0.638329
AGCTCCATATATGTTC-1,0.38814,0.072853,0.539007
AGCTCCTTCGCACATC-1,0.856263,0.031852,0.111885
AGCTCGTTGATGGAAA-1,0.291619,0.000065,0.708316
AGCTCTAGACGTTCCA-1,0.506528,0.000092,0.493381
AGCTCTTCCCAGTGCA-1,0.379318,0.033167,0.587516
AGCTCTTCGTAACCTT-1,0.71319,0.025663,0.261147
AGCTCTTTACTCAGTT-1,0.001534,0.686681,0.311784
AGCTGAAGTAAACCAA-1,0.202574,0.028164,0.769262
AGCTGCATTTGAGGTG-1,0.555953,0.076273,0.367774
AGCTGCTGTGCCGAAT-1,0.434238,0.00004,0.565722
AGCTGTAACCTCAATC-1,0.001404,0.656537,0.342059
AGCTTATAGAGACCTG-1,0.009694,0.03604,0.954266
AGCTTCAATACTTTGA-1,0.997075,0.000026,0.0029
AGCTTCTTCTCGAGCA-1,0.013441,0.986033,0.000526
AGCTTGATCAGGGTAG-1,0.00051,0.865069,0.13442
AGCTTGATCTTAACTT-1,0.001514,0.71806,0.280426
AGGAAAGCCTCTGATG-1,0.245426,0.754206,0.000368
AGGAACGAACGACTTC-1,0.138014,0.860727,0.001259
AGGAAGCTGTCCGCCG-1,0.003172,0.851141,0.145687
AGGACAGTCGAATCCC-1,0.714044,0.087983,0.197973
AGGACATCGCACGTCG-1,0.133133,0.866194,0.000674
AGGACATCGGCACACT-1,0.080959,0.620856,0.298186
AGGACGACCCATTAGA-1,0.203907,0.772467,0.023626
AGGACGCTCGATGTTG-1,0.300973,0.063896,0.63513
AGGACTTATAGGAGAA-1,0.314782,0.079311,0.605907
AGGAGACATCCACAGT-1,0.821796,0.000047,0.178157
AGGAGAGTCTGGCTAC-1,0.967456,0.000027,0.032518
AGGAGCGTTTATTATC-1,0.187256,0.798623,0.014121
AGGAGGCCTTCGCGCG-1,0.550348,0.008072,0.44158
AGGATAAAGTCGGGAT-1,0.320732,0.678708,0.000561
AGGATATAGGGATTTA-1,0.90927,0.073698,0.017031
AGGATATCCGACTGCA-1,0.047045,0.916281,0.036675
AGGATCACGCGATCTG-1,0.001838,0.58239,0.415772
AGGATTGCTTACGACA-1,0.791921,0.000042,0.208038
AGGCAAAGAGGAATCA-1,0.003749,0.685915,0.310336
AGGCAATACGGAGGAC-1,0.597946,0.054175,0.34788
AGGCACGTGACTGTCC-1,0.509776,0.197859,0.292365
AGGCAGATGCGTAAAC-1,0.880266,0.000046,0.119688
AGGCAGGGAGCGTACT-1,0.001577,0.932819,0.065604
AGGCATTGTCGTAGGG-1,0.538431,0.015352,0.446217
AGGCCACATTGGTTAC-1,0.737503,0.000028,0.262469
AGGCCACCCGTTATGA-1,0.001626,0.681983,0.316391
AGGCCCAGTGACTGGT-1,0.001559,0.819187,0.179254
AGGCCCATTGTACAGG-1,0.001286,0.000103,0.99861
AGGCCCTAGAACGCCA-1,0.00146,0.750168,0.248372
AGGCCTATCATACCAA-1,0.001626,0.725408,0.272967
AGGCCTGAGAATCTCG-1,0.171024,0.82841,0.000566
AGGCGATAACTGGCGT-1,0.746666,0.031791,0.221542
AGGCGGTTTGTCCCGC-1,0.068038,0.806423,0.125539
AGGCGTCTATGGACGG-1,0.583668,0.039037,0.377295
AGGCTATGGTTAGCTT-1,0.080135,0.818047,0.101818
AGGCTTAAGTTGCACA-1,0.45598,0.471715,0.072305
AGGCTTCCCGAAGAAG-1,0.002057,0.724519,0.273423
AGGCTTGCTAGACACC-1,0.001061,0.757846,0.241093
AGGGAAACGAGGTACT-1,0.253547,0.000081,0.746372
AGGGACAGCACGGCGG-1,0.000668,0.057076,0.942257
AGGGACCGGCTGCGTT-1,0.596828,0.006797,0.396374
AGGGACTCTACGCGAC-1,0.002183,0.996725,0.001092
AGGGAGACATACTTCG-1,0.951383,0.000042,0.048576
AGGGCAGCGGCGTGGT-1,0.409387,0.000061,0.590552
AGGGCCCTAATGTTCT-1,0.199812,0.744112,0.056076
AGGGCGAGCAGCTGAT-1,0.001045,0.505755,0.4932
AGGGCGTGATCGGCTA-1,0.145041,0.667875,0.187084
AGGGCTGCAGTTACAG-1,0.418472,0.000113,0.581415
AGGGTCAGAGCACTCG-1,0.033068,0.613551,0.353381
AGGGTCAGTAACCCTA-1,0.62236,0.000054,0.377586
AGGGTCGATGCGAACT-1,0.723844,0.007956,0.2682
AGGGTCTGGACGCAGT-1,0.199362,0.799988,0.000651
AGGGTGCCGTTCTTTA-1,0.088731,0.845593,0.065676
AGGGTGCTCTCGAGGG-1,0.598068,0.000064,0.401868
AGGGTGGATAGTGCAT-1,0.000884,0.67115,0.327965
AGGGTGTGCTACACGC-1,0.61394,0.000032,0.386029
AGGGTTCAGACGGTCC-1,0.044232,0.789107,0.16666
AGGGTTCCCTTTGGTT-1,0.423976,0.136452,0.439572
AGGGTTTAGTTCGGGA-1,0.469987,0.052499,0.477514
AGGTAACCTCCTATTC-1,0.305396,0.340386,0.354218
AGGTACGATATTGCCA-1,0.660874,0.000059,0.339067
AGGTAGATCGAGATAT-1,0.056794,0.915833,0.027373
AGGTAGGTACAAAGCT-1,0.001799,0.788053,0.210148
AGGTATAATTGATAGT-1,0.55665,0.000068,0.443282
AGGTATGCGGACATTA-1,0.327181,0.000041,0.672778
AGGTCAGGTGAGAGTG-1,0.001423,0.704744,0.293833
AGGTCGCCACTTCGGT-1,0.034155,0.96523,0.000616
AGGTCGCCTCCCAACA-1,0.38895,0.397841,0.213209
AGGTCGCGGAGTTACT-1,0.090093,0.00008,0.909828
AGGTGCACGTCCACAT-1,0.181543,0.817704,0.000753
AGGTGGTGACCTTCGC-1,0.00299,0.732859,0.264151
AGGTGTATCGCCATGA-1,0.050471,0.492594,0.456934
AGGTGTTGCCGACCAC-1,0.141667,0.857185,0.001148
AGGTTACACCATGCCG-1,0.764668,0.000043,0.235289
AGGTTCTCCTTTCCGG-1,0.00061,0.761952,0.237438
AGGTTGAGGCACGCTT-1,0.89556,0.018145,0.086295
AGGTTTCACACACCTT-1,0.085794,0.009076,0.90513
AGTAACGTTCATCCTG-1,0.460956,0.000051,0.538993
AGTAACTATAGCAGCC-1,0.135284,0.864232,0.000484
AGTAAGGGACAGAATC-1,0.242167,0.757639,0.000194
AGTAATCTAAGGGTGG-1,0.01031,0.852598,0.137092
AGTAATGTCTTGCCGC-1,0.498879,0.000084,0.501037
AGTAATTTGCAAGCGT-1,0.001635,0.691307,0.307059
AGTACAGAAGCTTATA-1,0.102887,0.896492,0.000621
AGTACATCATTTATCA-1,0.619888,0.000058,0.380054
AGTACCTTCGAGTGCT-1,0.996732,0.000769,0.002499
AGTACGGCCCGTATCG-1,0.000925,0.547684,0.451391
AGTACGGGCACCTGGC-1,0.087237,0.011616,0.901147
AGTACGTGGCCTGTCT-1,0.730396,0.000053,0.269551
AGTACTCTTATGCCCA-1,0.601097,0.1061,0.292803
AGTAGAAGGCGCCTCA-1,0.068958,0.783745,0.147296
AGTAGCGTGAACGAAC-1,0.843811,0.000024,0.156165
AGTAGCTAGACGCCGA-1,0.192616,0.012993,0.794392
AGTAGGAAGGAAGTTG-1,0.218132,0.00007,0.781798
AGTAGGTAACATACAT-1,0.00045,0.016261,0.983289
AGTATAATACTAGGCA-1,0.001445,0.694936,0.30362
AGTATACACAGCGACA-1,0.002088,0.958877,0.039034
AGTATCCATAATAACG-1,0.048821,0.949989,0.001191
AGTATGCTGGAGACCA-1,0.193264,0.725457,0.081279
AGTATTTGGCACGACC-1,0.003984,0.994023,0.001993
AGTCAAATGATGTGAT-1,0.001307,0.718496,0.280197
AGTCAACACCACCATC-1,0.585693,0.336208,0.078099
