Barcode,Topic 1,Topic 2,Topic 3to4,Topic 5,Topic 6,Topic 7to8,Topic 9,Topic 10
AAACAACGAATAGTTC-1,0.001467,0.000033,0.056104,0.000033,0.000033,0.000065,0.217366,0.724899
AAACAAGTATCTCCCA-1,0.538568,0.000051,0.448244,0.000051,0.000051,0.000102,0.009569,0.003364
AAACAATCTACTAGCA-1,0.000037,0.000037,0.411249,0.000037,0.000037,0.000363,0.582001,0.006237
AAACACCAATAACTGC-1,0.01394,0.011429,0.56225,0.000029,0.141514,0.201268,0.010304,0.059265
AAACAGAGCGACTCCT-1,0.097809,0.000048,0.172269,0.000048,0.000048,0.000095,0.178361,0.551323
AAACAGCTTTCAGAAG-1,0.000105,0.078855,0.743663,0.000105,0.047547,0.000209,0.112627,0.01689
AAACAGGGTCTATATT-1,0.011847,0.000049,0.446331,0.000049,0.000049,0.155356,0.134738,0.251581
AAACAGTGTTCCTGGG-1,0.000017,0.000017,0.55938,0.004116,0.354232,0.077036,0.002107,0.003097
AAACATGGTGAGAGGA-1,0.000033,0.000033,0.953807,0.000033,0.027398,0.018632,0.000033,0.000033
AAACATTTCCCGGATT-1,0.019592,0.008992,0.427049,0.000026,0.180234,0.194976,0.02477,0.144361
AAACCACTACACAGAT-1,0.012842,0.00816,0.574549,0.000024,0.210895,0.104996,0.083762,0.004772
AAACCCGAACGAAATC-1,0.009857,0.013107,0.918958,0.000033,0.000033,0.006193,0.050304,0.001515
AAACCGGAAATGTTAA-1,0.100405,0.002849,0.302788,0.000023,0.309747,0.160608,0.027508,0.096072
AAACCGGGTAGGTACC-1,0.000019,0.404807,0.13194,0.000019,0.215846,0.221377,0.019781,0.006211
AAACCGTTCGTCCAGG-1,0.000031,0.000031,0.470975,0.000031,0.06735,0.075023,0.107823,0.278735
AAACCTAAGCAGCCGG-1,0.147624,0.00076,0.641436,0.000026,0.058452,0.042764,0.049596,0.059342
AAACCTCATGAAGTTG-1,0.000052,0.000052,0.547541,0.000052,0.124075,0.129799,0.182943,0.015486
AAACGAAGAACATACC-1,0.000019,0.018216,0.062475,0.000019,0.559804,0.263092,0.061938,0.034438
AAACGAAGATGGAGTA-1,0.00305,0.000086,0.483271,0.000086,0.315084,0.013344,0.045961,0.139117
AAACGACAGTCTTGCC-1,0.000032,0.08746,0.733308,0.000032,0.103759,0.065734,0.009643,0.000032
AAACGAGACGGTTGAT-1,0.992033,0.000885,0.001771,0.000885,0.000885,0.00177,0.000885,0.000885
AAACGCCCGAGATCGG-1,0.079096,0.018661,0.428565,0.000044,0.013581,0.15442,0.183574,0.122057
AAACGCTGGGCACGAC-1,0.064303,0.007846,0.514027,0.000017,0.049114,0.076368,0.132025,0.1563
AAACGGGCGTACGGGT-1,0.087877,0.000035,0.726186,0.000035,0.017267,0.043204,0.040075,0.085322
AAACGGGTTGGTATCC-1,0.000058,0.000058,0.649247,0.000058,0.035509,0.080393,0.23462,0.000058
AAACGGTTGCGAACTG-1,0.031653,0.000038,0.564799,0.000028,0.23231,0.1186,0.028284,0.024288
AAACGTGTTCGCCCTA-1,0.258382,0.000062,0.579945,0.009375,0.000062,0.000123,0.102395,0.049657
AAACTAACGTGGCGAC-1,0.008343,0.000048,0.958127,0.000048,0.000048,0.014988,0.016672,0.001725
AAACTCGGTTCGCAAT-1,0.012734,0.027259,0.311488,0.000032,0.181631,0.153253,0.067791,0.245813
AAACTCGTGATATAAG-1,0.274481,0.000071,0.725021,0.000071,0.000071,0.000142,0.000071,0.000071
AAACTGCTGGCTCCAA-1,0.138377,0.041976,0.194948,0.000025,0.099361,0.263755,0.110098,0.15146
AAACTTAATTGCACGC-1,0.100062,0.025166,0.491452,0.000025,0.163267,0.194186,0.007289,0.018553
AAACTTGCAAACGTAT-1,0.000025,0.048414,0.409834,0.000025,0.461894,0.07479,0.004992,0.000025
AAAGAATGACCTTAGA-1,0.02694,0.000046,0.215021,0.001252,0.238155,0.187087,0.143697,0.187802
AAAGAATGTGGACTAA-1,0.004539,0.000342,0.701686,0.000019,0.20481,0.056231,0.016657,0.015715
AAAGACATGAAGTTTA-1,0.0669,0.02525,0.120565,0.007384,0.481023,0.217006,0.066386,0.015487
AAAGACCCAAGTCGCG-1,0.040361,0.013885,0.165097,0.004198,0.000049,0.000098,0.488496,0.287816
AAAGACTGGGCGCTTT-1,0.079945,0.000105,0.544448,0.000105,0.106746,0.006997,0.261549,0.000105
AAAGCTTGCCTACATA-1,0.928464,0.00022,0.069997,0.00022,0.00022,0.00044,0.00022,0.00022
AAAGGCCCTATAATAC-1,0.024157,0.001983,0.23247,0.002102,0.428567,0.149629,0.027127,0.133965
AAAGGCTACGGACCAT-1,0.025273,0.047212,0.166255,0.00216,0.364084,0.293097,0.035979,0.06594
AAAGGCTCTCGCGCCG-1,0.164207,0.000472,0.549722,0.000041,0.010999,0.061485,0.025957,0.187116
AAAGGGATGTAGCAAG-1,0.000048,0.000048,0.462853,0.04277,0.139315,0.307825,0.047094,0.000048
AAAGGGCAGCTTGAAT-1,0.033247,0.027079,0.16311,0.02663,0.470557,0.145437,0.127598,0.006343
AAAGGTAAGCTGTACC-1,0.051126,0.018039,0.4188,0.000032,0.229983,0.2014,0.044949,0.035672
AAAGGTCAACGACATG-1,0.075413,0.000045,0.791731,0.000045,0.028483,0.084435,0.009385,0.010461
AAAGTAGCATTGCTCA-1,0.060522,0.000049,0.910581,0.000049,0.000049,0.004899,0.018713,0.005137
AAAGTCACTGATGTAA-1,0.013314,0.000062,0.949892,0.000062,0.000062,0.000125,0.033097,0.003385
AAAGTCGACCCTCAGT-1,0.006627,0.00239,0.204256,0.000053,0.074465,0.49759,0.164615,0.050005
AAAGTGCCATCAATTA-1,0.000019,0.000019,0.885767,0.000019,0.00351,0.014962,0.02904,0.066662
AAAGTGTGATTTATCT-1,0.024572,0.004678,0.745451,0.000028,0.082327,0.107594,0.035107,0.000242
AAAGTTGACTCCCGTA-1,0.017604,0.010181,0.182266,0.001386,0.301328,0.202152,0.088206,0.196876
AAATAACCATACGGGA-1,0.027537,0.00003,0.516705,0.00003,0.109105,0.09405,0.130984,0.121558
AAATAAGGTAGTGCCC-1,0.157884,0.000052,0.491616,0.000052,0.000052,0.081926,0.126778,0.141639
AAATACCTATAAGCAT-1,0.022339,0.026222,0.352327,0.000018,0.406688,0.142256,0.030118,0.020031
AAATAGCTTAGACTTT-1,0.005122,0.003928,0.506573,0.000032,0.131708,0.235534,0.006851,0.110253
AAATAGGGTGCTATTG-1,0.028621,0.050216,0.545882,0.00004,0.124916,0.077504,0.070322,0.102499
AAATCACTCCTAAACG-1,0.07983,0.021199,0.672253,0.000028,0.061271,0.145957,0.014997,0.004465
AAATCCGATACACGCC-1,0.00601,0.010178,0.670706,0.000026,0.108359,0.09198,0.059192,0.053549
AAATCGCGGAAGGAGT-1,0.000085,0.000085,0.35221,0.000085,0.0617,0.327024,0.17737,0.08144
AAATCGTGTACCACAA-1,0.000041,0.000041,0.934711,0.007853,0.000041,0.006359,0.037518,0.013437
AAATCTAGCCCTGCTA-1,0.000031,0.000031,0.92017,0.000031,0.03846,0.033192,0.001798,0.006287
AAATCTGCCCGCGTCC-1,0.000032,0.000032,0.977813,0.000032,0.000032,0.012895,0.006295,0.002869
AAATGATTCGATCAGC-1,0.359582,0.00009,0.639786,0.00009,0.00009,0.000181,0.00009,0.00009
AAATGCTCGTTACGTT-1,0.011201,0.062968,0.502437,0.000059,0.026666,0.370157,0.026453,0.000059
AAATGGCATGTCTTGT-1,0.000049,0.01273,0.414256,0.000049,0.152053,0.244121,0.119862,0.056881
AAATGGCCCGTGCCCT-1,0.080388,0.00024,0.393745,0.000031,0.197506,0.242676,0.056931,0.028483
AAATGGTCAATGTGCC-1,0.000036,0.000496,0.213386,0.001788,0.221508,0.195026,0.176143,0.191616
AAATGTATCTTATCCC-1,0.000046,0.087566,0.243391,0.024279,0.243603,0.18824,0.049766,0.163107
AAATGTGGGTGCTCCT-1,0.004742,0.023061,0.120644,0.00002,0.365625,0.253871,0.216126,0.015912
AAATTAACGGGTAGCT-1,0.049006,0.05553,0.109059,0.000038,0.11189,0.426825,0.040104,0.207548
AAATTAATAAGCGCGA-1,0.000056,0.000056,0.506713,0.000056,0.070337,0.252746,0.053391,0.116646
AAATTACACGACTCTG-1,0.074991,0.000042,0.740412,0.000042,0.062316,0.038726,0.061844,0.021627
AAATTACCTATCGATG-1,0.893394,0.000568,0.087262,0.015934,0.000568,0.001137,0.000568,0.000568
AAATTCCAGGTCCAAA-1,0.207161,0.000062,0.792406,0.000062,0.000062,0.000124,0.000062,0.000062
AAATTGATAGTCCTTT-1,0.055944,0.010975,0.232516,0.000022,0.250849,0.21914,0.000711,0.229843
AAATTGCGGCGGTTCT-1,0.000055,0.069929,0.702218,0.000055,0.092835,0.082691,0.052163,0.000055
AAATTGGTGAGAAGCA-1,0.353756,0.000137,0.626143,0.017766,0.000137,0.000275,0.001648,0.000137
AAATTTACCGAAATCC-1,0.113774,0.000039,0.495465,0.006247,0.069569,0.144985,0.164473,0.005449
AAATTTGCGGGTGTGG-1,0.000072,0.000072,0.858994,0.000072,0.000072,0.000153,0.140491,0.000072
AACAACTGGTAGTTGC-1,0.000053,0.002293,0.422666,0.000053,0.04219,0.259776,0.185451,0.087517
AACAATACATTGTCGA-1,0.000023,0.00146,0.480528,0.000023,0.238534,0.133653,0.02204,0.123739
AACAATTACTCTACGC-1,0.000027,0.080025,0.179933,0.000027,0.228558,0.330344,0.170979,0.010107
AACACACGCTCGCCGC-1,0.022017,0.000038,0.64669,0.000038,0.039772,0.015243,0.111178,0.165024
AACACGACTGTACTGA-1,0.006219,0.005551,0.499278,0.000028,0.179007,0.122059,0.15283,0.035028
AACACGAGACGCGGCC-1,0.002394,0.053421,0.518759,0.000033,0.060757,0.262067,0.045212,0.057357
AACACGCGGCCGCGAA-1,0.080533,0.000052,0.550431,0.000052,0.002757,0.073925,0.292199,0.000052
AACAGCTGTGTGGCAA-1,0.000018,0.019087,0.412057,0.000018,0.294075,0.160486,0.006811,0.107448
AACAGGAAATCGAATA-1,0.024161,0.000045,0.449205,0.000045,0.162132,0.09006,0.114061,0.16029
AACAGGATGGGCCGCG-1,0.000055,0.044243,0.467397,0.007668,0.072239,0.264516,0.132564,0.011317
AACAGGTAGTATGGAT-1,0.25519,0.000041,0.675692,0.000041,0.000963,0.030631,0.032777,0.004665
AACATATCAACTGGTG-1,0.190963,0.000054,0.55071,0.000054,0.199565,0.051589,0.000054,0.00701
AACATCGATACGTCTA-1,0.791063,0.000195,0.192958,0.000195,0.000195,0.000391,0.014807,0.000195
AACATTGAAGTTGATC-1,0.004094,0.000036,0.97104,0.000036,0.000036,0.003741,0.011276,0.00974
AACATTGGTCAGCCGT-1,0.000053,0.004395,0.773144,0.000053,0.000053,0.143737,0.075972,0.002594
AACATTGTGACTCGAG-1,0.041546,0.040889,0.740071,0.000031,0.048068,0.052341,0.037395,0.039659
AACCAAGACTTCTCTG-1,0.039611,0.000075,0.176315,0.00481,0.029207,0.142301,0.567684,0.039998
AACCAGTATCACTCTT-1,0.003502,0.155408,0.208296,0.005272,0.023357,0.218571,0.232685,0.15291
AACCATAGGGTTGAAC-1,0.036523,0.000043,0.916658,0.000043,0.000043,0.003717,0.009384,0.033588
AACCATGGGATCGCTA-1,0.011326,0.037427,0.313922,0.000037,0.282806,0.203012,0.151433,0.000037
AACCCAGAGACGGAGA-1,0.02228,0.000033,0.188346,0.000033,0.327791,0.345847,0.034847,0.080822
AACCCATCCCATGATC-1,0.001446,0.000032,0.559255,0.008818,0.037337,0.157779,0.0309,0.204433
AACCCGACAACCCGTG-1,0.000029,0.028438,0.713871,0.000029,0.041671,0.18218,0.029898,0.003884
AACCCGAGCAGAATCG-1,0.006797,0.003138,0.737869,0.000034,0.051527,0.035492,0.022925,0.142218
AACCCGATAGGGCTTC-1,0.000031,0.000031,0.977207,0.000031,0.010663,0.006667,0.005339,0.000031
AACCCTACTGTCAATA-1,0.038692,0.007063,0.643886,0.077058,0.108787,0.05696,0.054671,0.012883
AACCCTGGTGGAACCA-1,0.027541,0.007327,0.346371,0.000029,0.186142,0.214065,0.192966,0.025559
AACCGAGCTTGGTCAT-1,0.000037,0.036214,0.280758,0.000037,0.347064,0.224747,0.075939,0.035204
AACCGCTAAGGGATGC-1,0.013727,0.021585,0.337609,0.000025,0.475329,0.121459,0.027975,0.00229
AACCGTTGTGTTTGCT-1,0.02764,0.000063,0.808392,0.000063,0.000063,0.035668,0.127937,0.000172
AACCTAAAGCCGTCCG-1,0.000025,0.022169,0.38222,0.005506,0.217442,0.245082,0.118548,0.009009
AACCTCGCTTTAGCCC-1,0.109305,0.057522,0.594001,0.000036,0.0277,0.093004,0.053192,0.065238
AACCTGTCACGGAATT-1,0.906376,0.000807,0.087977,0.000807,0.000807,0.001613,0.000807,0.000807
AACCTTTAAATACGGT-1,0.016057,0.009072,0.330127,0.000024,0.303626,0.239166,0.067875,0.034054
AACCTTTACGACGTCT-1,0.000054,0.000054,0.999463,0.000054,0.000054,0.000108,0.000159,0.000054
AACGAAAGTCGTCCCA-1,0.000043,0.000043,0.999657,0.000043,0.000043,0.000086,0.000043,0.000043
AACGACCTCCTAGCCG-1,0.009108,0.042913,0.686178,0.000019,0.074493,0.123977,0.030876,0.032435
AACGATAATGCCGTAG-1,0.000025,0.001726,0.384721,0.000025,0.199276,0.294094,0.105563,0.014571
AACGATAGAAGGGCCG-1,0.080227,0.000061,0.905164,0.000061,0.000061,0.000121,0.014245,0.000061
AACGATATGTCAACTG-1,0.000975,0.000047,0.358681,0.006241,0.203216,0.112095,0.149561,0.169182
AACGCATGATCTGGGT-1,0.596907,0.001493,0.392643,0.001493,0.001493,0.002986,0.001493,0.001493
AACGCGAACGGCAACA-1,0.040072,0.001579,0.365709,0.008014,0.000051,0.12951,0.380951,0.074114
AACGCGACCTTGGGCG-1,0.000021,0.001172,0.337158,0.000021,0.386543,0.248728,0.013417,0.012939
AACGCGGTCTCCAGCC-1,0.000036,0.000036,0.450846,0.000036,0.000448,0.06787,0.278224,0.202504
AACGCTGTTGCTGAAA-1,0.000021,0.000021,0.482771,0.000021,0.212113,0.226612,0.014153,0.064287
AACGGACGTACGTATA-1,0.000028,0.003112,0.48754,0.002423,0.131182,0.079086,0.101542,0.195086
AACGGCCATCTCCGGT-1,0.000038,0.017959,0.429353,0.000038,0.137398,0.096458,0.146874,0.171882
AACGTACTGTGGGTAC-1,0.051106,0.00006,0.583065,0.00006,0.081653,0.140282,0.027331,0.116443
AACGTAGTCTACCCAT-1,0.000035,0.000035,0.491254,0.000035,0.001422,0.084184,0.331083,0.091953
AACGTCAGACTAGTGG-1,0.093618,0.000071,0.593875,0.000071,0.000678,0.228521,0.024816,0.058351
AACGTCGCTGCACTTC-1,0.000019,0.001184,0.768553,0.071135,0.080023,0.034876,0.025009,0.019201
AACGTGATGAAGGACA-1,0.065851,0.005452,0.453059,0.000035,0.131362,0.238013,0.089592,0.016636
AACGTGCGAAAGTCTC-1,0.087848,0.000045,0.583884,0.000045,0.034756,0.260645,0.02,0.012776
AACGTTATCAGCACCT-1,0.046176,0.000041,0.270288,0.000041,0.133383,0.376861,0.065278,0.107931
AACTACCCGTTTGTCA-1,0.044134,0.000033,0.832274,0.000033,0.046485,0.033639,0.017296,0.026106
AACTAGCGTATCGCAC-1,0.000033,0.020334,0.662922,0.005,0.043452,0.16803,0.100196,0.000033
AACTAGGCTTGGGTGT-1,0.176471,0.000041,0.660458,0.005651,0.000041,0.000083,0.055144,0.10211
AACTCAAGTTAATTGC-1,0.000084,0.000084,0.901856,0.000084,0.000084,0.012656,0.047999,0.037154
AACTCCAGAGCGTGTT-1,0.028249,0.062231,0.149685,0.753414,0.000022,0.003587,0.00279,0.000022
AACTCCTAATCCCATG-1,0.04101,0.000036,0.740272,0.000036,0.036083,0.045613,0.063635,0.073314
AACTCGATAAACACGT-1,0.000029,0.006833,0.028549,0.001994,0.18414,0.366448,0.336517,0.075491
AACTCGATGGCGCAGT-1,0.879556,0.000376,0.000752,0.000376,0.000376,0.000752,0.000376,0.117436
AACTCTCAATAGAGCG-1,0.060344,0.000038,0.716637,0.000038,0.165878,0.056989,0.000038,0.000038
AACTCTCAGTGTGCTC-1,0.012849,0.051933,0.429176,0.000033,0.229288,0.169048,0.000601,0.107073
AACTGAGGTCAGCGTC-1,0.000053,0.000053,0.692857,0.000053,0.020848,0.075075,0.183204,0.027856
AACTGAGTTATACTGA-1,0.852298,0.000116,0.144881,0.000116,0.000116,0.000231,0.002128,0.000116
AACTGATATTAGGCCT-1,0.000032,0.000372,0.465297,0.002911,0.222758,0.180023,0.078255,0.050353
AACTGGGTCCCGACGT-1,0.000037,0.003952,0.509888,0.003244,0.117115,0.201023,0.144087,0.020654
AACTGGGTTCGAGCCG-1,0.352183,0.000053,0.288664,0.052732,0.025814,0.12903,0.098753,0.05277
AACTGGTGTGGGCCTT-1,0.000048,0.000048,0.602954,0.000048,0.016773,0.103217,0.260763,0.016148
AACTTCTGCGTCTATC-1,0.029804,0.000058,0.047226,0.000058,0.465487,0.343209,0.045082,0.069076
AACTTGCCCGTATGCA-1,0.000033,0.181141,0.128115,0.003982,0.083442,0.429679,0.17348,0.000127
AACTTGCGTTCTCGCG-1,0.0419,0.017296,0.228374,0.000044,0.31327,0.368633,0.018495,0.011988
AACTTTACGGGAGCTT-1,0.000046,0.005753,0.354275,0.000046,0.533761,0.060527,0.019124,0.026467
AACTTTAGCTGCTGAG-1,0.000037,0.000037,0.464919,0.000037,0.065181,0.152351,0.317403,0.000037
AACTTTCTCGATCATG-1,0.099523,0.000075,0.899951,0.000075,0.000075,0.00015,0.000075,0.000075
AAGAAATCACCAGATT-1,0.144032,0.000042,0.854765,0.000042,0.000042,0.000084,0.000952,0.000042
AAGAAGGATCAGTTAG-1,0.023215,0.033702,0.121251,0.003396,0.304678,0.120593,0.352595,0.04057
AAGACATACGTGGTTT-1,0.000258,0.000028,0.674117,0.000028,0.005075,0.036194,0.118037,0.166263
AAGACCAAATAACTCA-1,0.00005,0.00005,0.988099,0.00005,0.00005,0.002295,0.009357,0.00005
AAGACCCAACTGAACA-1,0.018688,0.005858,0.253114,0.000019,0.520886,0.15287,0.021698,0.026867
AAGACTAACCCGTTGT-1,0.059924,0.062502,0.151728,0.000031,0.154742,0.389307,0.160802,0.020964
AAGACTCACGCCCACT-1,0.103221,0.043299,0.170757,0.001132,0.13847,0.361167,0.124607,0.057346
AAGACTGCAAGCTACT-1,0.013055,0.000036,0.126647,0.000036,0.056311,0.392282,0.050563,0.36107
AAGAGATGAATCGGTA-1,0.088952,0.000068,0.572849,0.002903,0.01696,0.239993,0.055733,0.022541
AAGAGCTCTTTATCGG-1,0.833773,0.000263,0.031594,0.000263,0.000263,0.000525,0.133058,0.000263
AAGAGGATGTACGCGA-1,0.000042,0.067097,0.263442,0.000042,0.265645,0.28021,0.123481,0.000042
AAGAGGCATGGATCGC-1,0.995945,0.000451,0.000901,0.000451,0.000451,0.000901,0.000451,0.000451
AAGAGGCCCTTTGGAA-1,0.005055,0.000044,0.9887,0.000044,0.000044,0.000088,0.005556,0.000468
AAGATGGCACCGGACC-1,0.000018,0.001394,0.12953,0.000018,0.574158,0.174157,0.009154,0.111573
AAGATTGGCGGAACGT-1,0.979065,0.002326,0.004652,0.002326,0.002326,0.004652,0.002326,0.002326
AAGCACCCTGCGTATC-1,0.000023,0.007618,0.368077,0.002727,0.343689,0.158502,0.045168,0.074198
AAGCATACTCTCCTGA-1,0.000024,0.017797,0.210249,0.00143,0.24706,0.382068,0.088448,0.052924
AAGCCGAAGCGGTTTA-1,0.879087,0.038985,0.000102,0.000051,0.000051,0.013165,0.000064,0.068496
AAGCCGCCGTGAAATC-1,0.013985,0.005909,0.534111,0.000026,0.116376,0.100962,0.084975,0.143657
AAGCCGCTTTACCTTG-1,0.527063,0.000112,0.472151,0.000112,0.000112,0.000225,0.000112,0.000112
AAGCCGGAGAGCAGGA-1,0.000024,0.000024,0.668866,0.000024,0.284949,0.040052,0.004656,0.001404
AAGCGCAGGGCTTTGA-1,0.006039,0.014343,0.098087,0.000028,0.428811,0.211834,0.016192,0.224665
AAGCGGAGTGCGCGCA-1,0.102204,0.000049,0.896576,0.000049,0.000049,0.000097,0.000929,0.000049
AAGCGGCGTCATGGGT-1,0.000039,0.000039,0.735608,0.000039,0.192329,0.016204,0.055702,0.000039
AAGCGTCCCTCATCGA-1,0.000023,0.007328,0.399087,0.000023,0.342935,0.220771,0.0021,0.027734
AAGCTAGATCGAGTAA-1,0.050555,0.040402,0.032686,0.00557,0.447199,0.256772,0.053858,0.112958
AAGCTCGTGCCAAGTC-1,0.430758,0.000118,0.000236,0.000118,0.000118,0.219293,0.000118,0.349241
AAGCTCTTTCATGGTG-1,0.056095,0.010233,0.504243,0.000038,0.0543,0.243571,0.114161,0.01736
AAGGAGAACTTATAAG-1,0.074697,0.041663,0.345528,0.000039,0.000039,0.075178,0.439801,0.023056
AAGGAGCGGTTGGTGC-1,0.043493,0.038692,0.314349,0.000057,0.299283,0.176223,0.025011,0.102892
AAGGATCGATCGCTTG-1,0.048129,0.000039,0.713396,0.000038,0.016648,0.08025,0.08685,0.05465
AAGGATGAGGGACCTC-1,0.991889,0.000901,0.001802,0.000901,0.000901,0.001802,0.000901,0.000901
AAGGCAGGCTGTCTCC-1,0.268845,0.000047,0.730825,0.000047,0.000047,0.000094,0.000047,0.000047
AAGGCGCGTAAAGCTT-1,0.022672,0.008251,0.648134,0.024728,0.070447,0.132674,0.05841,0.034685
AAGGCTGTGCTCATCG-1,0.019585,0.000095,0.784833,0.143979,0.000095,0.00019,0.050073,0.00115
AAGGGAACGACTGGCT-1,0.051336,0.013024,0.45087,0.000026,0.276706,0.1439,0.014289,0.04985
AAGGGACAGATTCTGT-1,0.996169,0.000426,0.000851,0.000426,0.000426,0.000851,0.000426,0.000426
AAGGGACTATGCATTC-1,0.000023,0.002225,0.311424,0.000023,0.112384,0.382233,0.070294,0.121393
AAGGGTTTGATTTCAG-1,0.001631,0.000051,0.688227,0.000051,0.023402,0.011302,0.032751,0.242586
AAGGTATCCTAATATA-1,0.683648,0.000781,0.310882,0.000781,0.000781,0.001563,0.000781,0.000781
AAGGTGATAAACCAGC-1,0.002996,0.000034,0.888782,0.000034,0.00153,0.035505,0.043397,0.027722
AAGTAAGCTTCCAAAC-1,0.000016,0.00123,0.268372,0.003637,0.651577,0.060026,0.015125,0.000016
AAGTAGAAGACCGGGT-1,0.012729,0.000047,0.266019,0.011854,0.166492,0.407841,0.07468,0.060337
AAGTAGTGACGCGAGG-1,0.000048,0.007872,0.354188,0.000048,0.046304,0.238282,0.315616,0.037642
AAGTCAATTGTCGTCA-1,0.024559,0.00003,0.437049,0.00003,0.246042,0.174827,0.06599,0.051474
AAGTCTAGTAGCTGCC-1,0.068618,0.000057,0.930981,0.000057,0.000057,0.000115,0.000057,0.000057
AAGTCTTCTGTGGCCT-1,0.050623,0.000062,0.531442,0.000062,0.124042,0.248135,0.032214,0.013419
AAGTGACGACCGAATT-1,0.000059,0.000059,0.916195,0.000059,0.000059,0.057963,0.025548,0.000059
AAGTGAGTCGGGTTTA-1,0.019759,0.002449,0.215386,0.000019,0.355244,0.284776,0.02673,0.095638
AAGTGCAAAGGTAGAC-1,0.002945,0.612915,0.368362,0.00003,0.000032,0.009445,0.006242,0.00003
AAGTGCCTTGACTGTA-1,0.283339,0.013587,0.439295,0.000041,0.118308,0.110651,0.024198,0.010581
AAGTGCGTTAGAATCT-1,0.020774,0.000058,0.904789,0.000058,0.000058,0.000204,0.042637,0.031422
AAGTGCTTCTCTATTG-1,0.033312,0.000028,0.368644,0.000028,0.252246,0.200012,0.040683,0.105049
AAGTGTTTGGAGACGG-1,0.049465,0.000037,0.530287,0.00387,0.227132,0.147215,0.033645,0.008349
AAGTTCACTCCAAGCT-1,0.050448,0.000037,0.68661,0.000037,0.055748,0.1928,0.009994,0.004326
AAGTTCAGTCTGCGTA-1,0.768002,0.001137,0.224042,0.001137,0.001137,0.002273,0.001137,0.001137
AAGTTCGGCCAACAGG-1,0.000055,0.000055,0.949844,0.000055,0.000055,0.021345,0.028526,0.000066
AAGTTGTGATGTTATA-1,0.043067,0.000038,0.589424,0.000038,0.085374,0.04944,0.056073,0.176547
AAGTTTACTAATGGCA-1,0.000038,0.009121,0.695533,0.017712,0.048802,0.127232,0.063945,0.037616
AAGTTTATGGGCCCAA-1,0.220708,0.0151,0.370852,0.007362,0.243725,0.069794,0.046052,0.026407
AATAACAACGCTCGGC-1,0.000029,0.050258,0.188035,0.000029,0.292794,0.386961,0.078991,0.002903
AATAACACTAGAACAA-1,0.033149,0.008088,0.35089,0.00002,0.260963,0.314095,0.007056,0.025739
AATAAGTCCTCGAGAC-1,0.000031,0.000031,0.476653,0.000031,0.057707,0.052569,0.315955,0.097023
AATAATCTTCGTATCG-1,0.059767,0.001901,0.70703,0.000034,0.104423,0.036543,0.031786,0.058515
AATACAATGTTTCAGG-1,0.069867,0.000565,0.329674,0.016546,0.081828,0.342086,0.128852,0.030583
AATACCGGAGGGCTGT-1,0.007928,0.000038,0.807396,0.000038,0.036511,0.038773,0.073923,0.035393
AATACCTGATGTGAAC-1,0.067072,0.000042,0.673737,0.000042,0.035862,0.030036,0.142845,0.050364
AATAGAACAGAGTGGC-1,0.031264,0.000027,0.382613,0.000027,0.156512,0.247286,0.053242,0.12903
AATAGAATCTGTTTCA-1,0.000031,0.000031,0.391714,0.000652,0.265066,0.258084,0.060784,0.023638
AATAGCAAGCCTCCTG-1,0.000044,0.022577,0.697843,0.000044,0.131804,0.04574,0.095279,0.006669
AATAGCTACCGCGTGC-1,0.992798,0.0008,0.0016,0.0008,0.0008,0.0016,0.0008,0.0008
AATAGTCCGTCCCGAC-1,0.265828,0.011434,0.644583,0.012724,0.000048,0.009616,0.026401,0.029367
AATAGTCGCGAGTCGG-1,0.025872,0.000678,0.284427,0.000046,0.341936,0.242561,0.036832,0.067648
AATATCAAGGTCGGAT-1,0.00005,0.00005,0.809961,0.099255,0.00005,0.00586,0.084723,0.00005
AATATCCTAGCAAACT-1,0.000046,0.000046,0.999629,0.000046,0.000046,0.000093,0.000046,0.000046
AATATCGAATCAATGC-1,0.083784,0.000045,0.906597,0.009337,0.000045,0.00009,0.000057,0.000045
AATATCGAGGGTTCTC-1,0.109536,0.00005,0.758155,0.00005,0.120895,0.008087,0.001419,0.001808
AATATTGGAGTATTGA-1,0.000054,0.000054,0.270742,0.001831,0.105839,0.300438,0.318789,0.002252
AATCAGACTGCAGGAC-1,0.000027,0.124632,0.368133,0.000027,0.103858,0.32016,0.083137,0.000027
AATCAGGTTTCATTTA-1,0.031144,0.081444,0.261798,0.002379,0.363388,0.144243,0.049877,0.065727
AATCATGTAAAGACTC-1,0.010851,0.000027,0.57146,0.000027,0.043536,0.10109,0.112836,0.160174
AATCCAAGGGCCTGAG-1,0.025216,0.314425,0.554679,0.000046,0.000046,0.034666,0.070878,0.000046
AATCCATGCAAGGGTG-1,0.107871,0.002349,0.370461,0.007805,0.00007,0.093065,0.382003,0.036376
AATCGCCTCAGCGCCA-1,0.266416,0.072453,0.160991,0.000056,0.153027,0.07816,0.125142,0.143756
AATCGCGCAGAGGACT-1,0.595599,0.000123,0.403542,0.000123,0.000123,0.000245,0.000123,0.000123
AATCGGGACACTACGA-1,0.118487,0.031351,0.287879,0.000093,0.029482,0.472247,0.058958,0.001504
AATCGGTATAGCCCTC-1,0.010418,0.000041,0.918543,0.000041,0.000041,0.000083,0.038055,0.032778
AATCGTGAGCCGAGCA-1,0.000024,0.001179,0.326428,0.000024,0.352076,0.135799,0.020563,0.163906
AATCTAGGTTTACTTG-1,0.000045,0.000045,0.536055,0.001026,0.047789,0.307776,0.009362,0.097903
AATCTATGCCGGAGCC-1,0.053619,0.000057,0.744876,0.000057,0.133594,0.065818,0.001848,0.000132
AATCTCTACTGTGGTT-1,0.00016,0.00016,0.524226,0.00016,0.005862,0.206379,0.262892,0.00016
AATCTGCGTTGGGACG-1,0.067381,0.000047,0.862832,0.000047,0.050656,0.018944,0.000047,0.000047
AATCTGGCTTTCTAGT-1,0.000057,0.000057,0.759237,0.000057,0.192202,0.047691,0.00064,0.000057
AATCTGGGTAGACCCT-1,0.020059,0.046022,0.14612,0.000029,0.339253,0.294368,0.122147,0.032001
AATGACAGCAATGTCT-1,0.000034,0.002911,0.141022,0.000034,0.273087,0.452144,0.112803,0.017964
AATGACGTAGGATGTC-1,0.014219,0.00004,0.840503,0.00004,0.1238,0.02005,0.00004,0.001309
AATGACTGTCAGCCGG-1,0.000044,0.059017,0.580185,0.000044,0.004609,0.028913,0.301578,0.025611
AATGAGTTCGCATATG-1,0.145253,0.000095,0.619333,0.000095,0.000095,0.012786,0.222249,0.000095
AATGATGATACGCTAT-1,0.994673,0.000592,0.001184,0.000592,0.000592,0.001184,0.000592,0.000592
AATGATGCGACTCCTG-1,0.469855,0.00014,0.455141,0.00014,0.00014,0.000281,0.074161,0.00014
AATGCAACCGGGTACC-1,0.025618,0.030424,0.505979,0.000035,0.084844,0.091057,0.145324,0.11672
AATGCACCAAGCAATG-1,0.942556,0.053502,0.000985,0.000493,0.000493,0.000985,0.000493,0.000493
AATGGCCGCCAATGCG-1,0.000037,0.000037,0.992117,0.000037,0.000037,0.00083,0.006869,0.000037
AATGGTCCACCGTTCA-1,0.041135,0.000103,0.055264,0.00717,0.076935,0.691055,0.069158,0.05918
AATGGTTCTCACAAGC-1,0.059168,0.038124,0.694541,0.000049,0.000049,0.121005,0.006827,0.080237
AATGTATGGCACTGTA-1,0.027827,0.000035,0.523776,0.000035,0.26637,0.137672,0.032367,0.011917
AATGTGCCCGAGGTGT-1,0.003048,0.004507,0.633741,0.000036,0.031414,0.119008,0.095754,0.112492
AATGTGCTAATCTGAG-1,0.007669,0.021391,0.528474,0.000038,0.019655,0.038393,0.257623,0.126758
AATGTTGTCGTGAGAC-1,0.000023,0.02571,0.528284,0.000023,0.279206,0.156583,0.006295,0.003876
AATTAAAGGTCGGCGT-1,0.000059,0.000059,0.786568,0.000059,0.012094,0.036249,0.046677,0.118235
AATTAACGGATTTCCA-1,0.00003,0.00003,0.49784,0.005559,0.173364,0.138534,0.095324,0.089317
AATTACGAGACCCATC-1,0.000058,0.000058,0.890893,0.000058,0.045388,0.062323,0.001162,0.000058
AATTACTCGTACGCTC-1,0.091702,0.107981,0.12783,0.000047,0.366019,0.15759,0.12579,0.023041
AATTAGCGCTGCAGCG-1,0.177478,0.064837,0.293583,0.003456,0.090403,0.199577,0.11808,0.052586
AATTCATAAGGGATCT-1,0.899225,0.000461,0.097548,0.000461,0.000461,0.000922,0.000461,0.000461
AATTCATTGTCATGCA-1,0.011186,0.00004,0.624669,0.00004,0.252819,0.083287,0.021597,0.006363
AATTCCAACTTGGTGA-1,0.000027,0.021407,0.353575,0.000027,0.182078,0.192582,0.121689,0.128615
AATTCCAAGCATGTAC-1,0.053106,0.000043,0.797689,0.000043,0.006929,0.037948,0.02299,0.081252
AATTCGATTCGAGGAT-1,0.000026,0.030245,0.15615,0.000026,0.518907,0.195459,0.042258,0.056929
AATTCTAGAGTTAGGC-1,0.050415,0.000054,0.543234,0.000881,0.010504,0.047072,0.144046,0.203794
AATTGAACGCTCTGGT-1,0.026467,0.016441,0.833018,0.000043,0.040653,0.042043,0.017109,0.024227
AATTGCAGCAATCGAC-1,0.19511,0.000027,0.212169,0.000027,0.000027,0.000055,0.120001,0.472582
AATTGCGTGGATTACA-1,0.000047,0.014369,0.692346,0.000047,0.207224,0.085445,0.000047,0.000476
AATTGTGGTTGCCAAA-1,0.000025,0.000025,0.9998,0.000025,0.000025,0.00005,0.000025,0.000025
AATTTGGGACATAGTA-1,0.004258,0.000045,0.481697,0.003202,0.000045,0.160568,0.177671,0.172513
AATTTGGTTCCAAAGA-1,0.000046,0.000046,0.713959,0.000046,0.033423,0.06877,0.178434,0.005278
ACAAACCATGCGTCCT-1,0.016192,0.000023,0.441386,0.000023,0.262379,0.145541,0.02227,0.112185
ACAAACCGACAAGGCG-1,0.000017,0.060538,0.252222,0.000017,0.435735,0.14677,0.097577,0.007123
ACAAAGAAGGTAGGCC-1,0.000048,0.000048,0.777392,0.000048,0.078049,0.032963,0.091671,0.01978
ACAAAGCATGACCTAG-1,0.024843,0.011096,0.479617,0.000027,0.087271,0.132374,0.157143,0.107629
ACAAATCGCACCGAAT-1,0.000906,0.000326,0.770797,0.017029,0.069957,0.090017,0.012832,0.038136
ACAAATGGTAGTGTTT-1,0.00003,0.038746,0.723523,0.00003,0.140219,0.069167,0.012808,0.015475
ACAAATTCAGATCTGA-1,0.054066,0.017065,0.386662,0.000031,0.123206,0.049842,0.186683,0.182445
ACAACAGCATGAGCTA-1,0.35223,0.211083,0.000333,0.435519,0.000167,0.000333,0.000167,0.000167
ACAACGGTCCCTGCGA-1,0.234737,0.035199,0.340183,0.000052,0.000052,0.170811,0.128091,0.090876
ACAAGCAGTGCCTAGC-1,0.000034,0.047228,0.294976,0.000034,0.067632,0.510506,0.078498,0.001091
ACAAGCTATATGGAAG-1,0.0282,0.000041,0.135335,0.000041,0.078508,0.349396,0.215181,0.193297
ACAAGGAAATCCGCCC-1,0.150909,0.008283,0.401146,0.000044,0.000044,0.051565,0.06516,0.32285
ACAAGGACAAGAGGTT-1,0.014032,0.028646,0.277502,0.000047,0.092548,0.251294,0.180694,0.155238
ACAAGGATGCTTTAGG-1,0.004144,0.075152,0.295845,0.000028,0.165003,0.090582,0.097197,0.272049
ACAAGGCCTACCAGCC-1,0.000027,0.012337,0.478499,0.000027,0.2394,0.225879,0.016434,0.027397
ACAAGGGCAGGCTCTG-1,0.070978,0.000037,0.74471,0.000037,0.023452,0.056935,0.05027,0.05358
ACAATAGTCGTACGTT-1,0.031178,0.000048,0.507588,0.000048,0.130246,0.133029,0.188885,0.008978
ACAATCCATTTAAACC-1,0.001417,0.007564,0.286239,0.000039,0.043701,0.432779,0.225354,0.002907
ACAATCGATCTTTATA-1,0.008729,0.005543,0.219614,0.000028,0.132566,0.403083,0.218313,0.012124
ACAATGAATACGGAGA-1,0.000019,0.055375,0.493938,0.000623,0.02608,0.164993,0.031017,0.227954
ACAATGATTCTTCTAC-1,0.000046,0.000046,0.946239,0.000046,0.004074,0.031469,0.006657,0.011423
ACAATTGTGTCTCTTT-1,0.000042,0.000042,0.698762,0.000042,0.005742,0.015169,0.043734,0.236467
ACAATTTAGGAGGCTC-1,0.00004,0.009171,0.219004,0.00004,0.400266,0.280656,0.088698,0.002126
ACAATTTGAGCAGTGG-1,0.990719,0.001031,0.002062,0.001031,0.001031,0.002062,0.001031,0.001031
ACAATTTGGCCATATT-1,0.282568,0.000047,0.610376,0.000047,0.042984,0.009279,0.026018,0.028679
ACACAAAGACGGGTGG-1,0.031798,0.00336,0.347042,0.000035,0.239302,0.350549,0.019939,0.007976
ACACAAATATTCCTAG-1,0.10922,0.082797,0.423098,0.000039,0.183478,0.053083,0.064412,0.083873
ACACACCAGGACCAGT-1,0.162532,0.000032,0.772923,0.000032,0.00781,0.041206,0.006315,0.00915
ACACACTTTCTACACG-1,0.000031,0.007173,0.274421,0.005671,0.06522,0.538566,0.05535,0.053568
ACACATGATCAAATCT-1,0.00003,0.003466,0.60827,0.00003,0.041755,0.121798,0.041404,0.183247
ACACATTGACGCAACA-1,0.000025,0.01216,0.149356,0.00538,0.48077,0.24387,0.092038,0.016401
ACACATTTCCGTAGAC-1,0.000021,0.004716,0.480331,0.000021,0.074246,0.202344,0.149655,0.088665
ACACCACATAATTAGC-1,0.332362,0.000151,0.666582,0.000151,0.000151,0.000302,0.000151,0.000151
ACACCCAGCATGCAGC-1,0.015271,0.002632,0.103221,0.000033,0.550078,0.185927,0.026578,0.116259
ACACCCGAGAAATCCG-1,0.278121,0.000063,0.447602,0.000063,0.000063,0.000126,0.158767,0.115195
ACACCCGTAAATCTGT-1,0.02752,0.00003,0.968652,0.00003,0.00003,0.002358,0.001351,0.00003
ACACCGAGCGCTCTTT-1,0.000046,0.000046,0.559103,0.000046,0.111477,0.114133,0.177252,0.037895
ACACCGGTCTGACCGC-1,0.001541,0.029692,0.241539,0.000022,0.46566,0.098508,0.028533,0.134505
ACACCTTAAGTAGGGC-1,0.004619,0.047628,0.317136,0.000051,0.168633,0.160669,0.04697,0.254294
ACACCTTACTACTTGC-1,0.195606,0.319912,0.381848,0.000037,0.0057,0.058277,0.029764,0.008856
ACACGAGACTCCTTCT-1,0.194368,0.00007,0.300781,0.00226,0.236215,0.026263,0.039766,0.200278
ACACGGCACTATGCAT-1,0.011875,0.014908,0.000584,0.00109,0.555003,0.272309,0.073898,0.070332
ACACGGGAACTTAGGG-1,0.997554,0.000272,0.000544,0.000272,0.000272,0.000544,0.000272,0.000272
ACACGTAGGCCACAAG-1,0.042435,0.011296,0.347646,0.000023,0.225836,0.095275,0.032314,0.245175
ACACTCCAATGTCACT-1,0.035905,0.000056,0.287113,0.000056,0.237746,0.35021,0.031934,0.056981
ACACTGATCAAGGTGT-1,0.033333,0.000051,0.785781,0.016109,0.000051,0.000102,0.041339,0.123235
ACACTGGGACAGTCGT-1,0.000028,0.005585,0.589446,0.000028,0.287742,0.086051,0.020718,0.010401
ACAGAACTGAGAACAA-1,0.05969,0.003541,0.246608,0.00003,0.03847,0.188466,0.029796,0.433399
ACAGATTAGGTTAGTG-1,0.071747,0.034714,0.016972,0.000028,0.474304,0.383492,0.002459,0.016284
ACAGCATAGAGCCAGT-1,0.000051,0.00335,0.608289,0.000051,0.01389,0.089793,0.124941,0.159634
ACAGCGACATTCTCAT-1,0.000032,0.014246,0.50163,0.000032,0.2052,0.220279,0.034284,0.024297
ACAGCGCACCCGCAGC-1,0.020289,0.041276,0.281938,0.004651,0.352869,0.143131,0.122865,0.032981
ACAGGAGGCGCAGCCG-1,0.00044,0.049732,0.234495,0.00003,0.105307,0.469223,0.123333,0.017439
ACAGGCACGGATCCTT-1,0.073926,0.000594,0.085422,0.000016,0.642834,0.150908,0.003402,0.042897
ACAGGCTTGCCCGACT-1,0.201733,0.000063,0.797824,0.000063,0.000063,0.000127,0.000063,0.000063
ACAGGTGGAGGTGAGG-1,0.000043,0.044905,0.478026,0.000043,0.180787,0.258733,0.01382,0.023644
ACAGGTGTGTTGTTGC-1,0.000041,0.000041,0.317312,0.657419,0.023297,0.001808,0.000041,0.000041
ACAGTAATACAACTTG-1,0.000064,0.000064,0.782168,0.000064,0.039744,0.141447,0.03008,0.006369
ACAGTATACCGTGGGA-1,0.711199,0.000926,0.001852,0.000926,0.000926,0.001852,0.000926,0.281391
ACAGTGCAGCGCATTT-1,0.30092,0.052989,0.515013,0.000087,0.000087,0.000174,0.070442,0.060289
ACATAAGTCGTGGTGA-1,0.000034,0.010433,0.738988,0.002207,0.146935,0.092932,0.008437,0.000034
ACATAATAAGGCGGTG-1,0.030131,0.058634,0.650915,0.000047,0.05368,0.076203,0.105499,0.024892
ACATCAGCTGGGACGC-1,0.000115,0.000115,0.157892,0.000115,0.512632,0.063083,0.086512,0.179536
ACATCCCGGCCATACG-1,0.360278,0.00005,0.367353,0.00005,0.113051,0.104944,0.042191,0.012084
ACATCCTGGTAACTGT-1,0.023576,0.000038,0.558032,0.000038,0.063826,0.082554,0.169809,0.102127
ACATCGATCGTTTACC-1,0.291249,0.013843,0.294713,0.000054,0.040296,0.347946,0.000097,0.011801
ACATCGGTCAGCCGCG-1,0.067679,0.00006,0.448959,0.00006,0.00006,0.00012,0.336428,0.146636
ACATCGTATGCAATGG-1,0.000034,0.018366,0.491515,0.000819,0.258481,0.198557,0.021181,0.011048
ACATCGTTAACCTAGT-1,0.000039,0.011704,0.506733,0.000039,0.142663,0.133907,0.172382,0.032532
ACATCTCAACGCGTAA-1,0.000029,0.023882,0.666735,0.000029,0.055544,0.118257,0.11912,0.016403
ACATGGCGCCAAAGTA-1,0.028475,0.000023,0.39363,0.000023,0.442328,0.101134,0.020576,0.013811
ACATGGCTCAATTTAG-1,0.190106,0.00008,0.526178,0.00008,0.00008,0.00016,0.283095,0.000222
ACATTAGTTTATATCC-1,0.114382,0.003406,0.189223,0.001129,0.101134,0.148942,0.105064,0.336721
ACATTCGCGCGGAATA-1,0.017236,0.00002,0.603545,0.00002,0.220333,0.120731,0.01858,0.019536
ACATTTGAAACCTAAC-1,0.000115,0.000021,0.909119,0.000021,0.000021,0.000047,0.05139,0.039267
ACCAAACACCCAGCGA-1,0.992798,0.0008,0.001601,0.0008,0.0008,0.0016,0.0008,0.0008
ACCAAACTAGAAATCC-1,0.000026,0.000026,0.749973,0.000026,0.040806,0.12378,0.077916,0.007446
ACCAACACCACACACT-1,0.832763,0.000603,0.001205,0.000603,0.000603,0.127906,0.000603,0.035716
ACCAACCGCACTCCAC-1,0.072764,0.00003,0.763997,0.00003,0.058092,0.019458,0.019566,0.066064
ACCAACGCTTATTTAT-1,0.000038,0.000044,0.278619,0.000038,0.454648,0.067941,0.003734,0.194939
ACCAAGAACGCGTGTC-1,0.025543,0.000038,0.539274,0.000038,0.02492,0.109572,0.264367,0.03625
ACCAAGTCATCGGCAG-1,0.000032,0.000032,0.93353,0.000032,0.00372,0.022659,0.037203,0.002794
ACCAATATGCAAGTTA-1,0.000021,0.003142,0.507451,0.000021,0.273502,0.145865,0.019171,0.050827
ACCACAACTCAGAACA-1,0.033978,0.963584,0.000018,0.000009,0.002347,0.000046,0.000009,0.000009
ACCACAAGTTTCTATC-1,0.000015,0.038661,0.004686,0.000015,0.849233,0.102157,0.005215,0.000016
ACCACCAATGTAACAA-1,0.061923,0.001444,0.620386,0.00003,0.125059,0.096931,0.051052,0.043175
ACCACCCTCTCTTCTA-1,0.146503,0.000116,0.852682,0.000116,0.000116,0.000233,0.000116,0.000116
ACCACGTGCAGCTATA-1,0.024661,0.074234,0.057349,0.000025,0.499249,0.225983,0.012613,0.105885
ACCACTGTTCAAGAAG-1,0.058825,0.072877,0.098263,0.003033,0.196431,0.33781,0.113271,0.119489
ACCAGACCATAACAAC-1,0.040692,0.006846,0.088513,0.000023,0.776066,0.038719,0.02608,0.023061
ACCAGCCCGGTCTTTG-1,0.000028,0.022085,0.345448,0.001248,0.2045,0.271652,0.135946,0.019093
ACCAGGAGTGTGATCT-1,0.000031,0.008749,0.248843,0.015284,0.150135,0.421978,0.135302,0.019677
ACCAGTGCCCGGTCAA-1,0.00004,0.03043,0.625602,0.001197,0.094293,0.202116,0.016767,0.029556
ACCAGTGCGGGAGACG-1,0.000025,0.086392,0.2386,0.000025,0.290894,0.298392,0.06566,0.020013
ACCATATCCGCAATAA-1,0.000034,0.029498,0.27172,0.000034,0.253468,0.386104,0.022146,0.036996
ACCATCCGCCAACTAG-1,0.000073,0.000073,0.641651,0.000073,0.105766,0.094782,0.098177,0.059403
ACCATCGTATATGGTA-1,0.035973,0.007776,0.226559,0.000045,0.250436,0.40979,0.020076,0.049344
ACCATTAAGGGTGTCA-1,0.019669,0.004563,0.083429,0.000038,0.395957,0.482114,0.006767,0.007464
ACCCAACGCCCGTGGC-1,0.995963,0.000449,0.000897,0.000449,0.000449,0.000897,0.000449,0.000449
ACCCACCTACATGCTC-1,0.02423,0.046382,0.054822,0.01492,0.220475,0.542641,0.090346,0.006185
ACCCATCTTGAGGGTA-1,0.043508,0.033291,0.36182,0.002404,0.09432,0.222531,0.192903,0.049223
ACCCATTTGTCCCTCT-1,0.019412,0.008045,0.749709,0.000031,0.086292,0.040669,0.008818,0.087023
ACCCGAGCGAAATTAC-1,0.004093,0.017621,0.775885,0.000028,0.023462,0.094086,0.047022,0.037803
ACCCGATTGGTTCCGA-1,0.000023,0.015517,0.221429,0.316378,0.227435,0.136803,0.023592,0.058823
ACCCGGAAACTCCCAG-1,0.000021,0.009923,0.176926,0.000021,0.12709,0.382484,0.16488,0.138656
ACCCGGAGCACCACAA-1,0.053025,0.000023,0.580501,0.000023,0.296942,0.035344,0.019841,0.014301
ACCCGGATGACGCATC-1,0.045937,0.000035,0.708459,0.000035,0.166089,0.041866,0.012708,0.024871
ACCCGGTTACACTTCC-1,0.000033,0.09708,0.172788,0.000033,0.50321,0.114934,0.03238,0.079542
ACCCGTAGCAGAGAAT-1,0.000055,0.000055,0.956007,0.000055,0.004235,0.023245,0.016294,0.000055
ACCCGTAGTCTAGTTG-1,0.04996,0.000025,0.808772,0.000025,0.071657,0.045935,0.003719,0.019909
ACCCGTGTCATCAGTA-1,0.097482,0.014068,0.179808,0.000027,0.483244,0.185832,0.0088,0.030739
ACCCTATAGGACTGAG-1,0.467825,0.000219,0.227623,0.303239,0.000219,0.000438,0.000219,0.000219
ACCCTATGCCATATCG-1,0.03351,0.018693,0.673553,0.007018,0.022851,0.134451,0.019317,0.090608
ACCCTCCCGTCAGGGC-1,0.06032,0.055103,0.875675,0.000042,0.000042,0.000084,0.008692,0.000042
ACCCTCCCTTGCTATT-1,0.030968,0.000041,0.594067,0.000041,0.05012,0.087504,0.036417,0.200842
ACCCTGGTAACGCCCT-1,0.940153,0.000457,0.05665,0.000457,0.000457,0.000913,0.000457,0.000457
ACCCTTCATCTGCGAA-1,0.000033,0.017082,0.31545,0.000033,0.334722,0.18521,0.080424,0.067047
ACCCTTGCCTGGGTCG-1,0.791595,0.000431,0.205387,0.000431,0.000431,0.000862,0.000431,0.000431
ACCCTTTAGTTCTCCA-1,0.008554,0.027769,0.539015,0.000038,0.099926,0.085699,0.18056,0.05844
ACCGAAAGGGCCCTGC-1,0.020469,0.02175,0.332455,0.001919,0.008938,0.152355,0.33811,0.124003
ACCGAAGAGTCTGGTT-1,0.011638,0.031236,0.552257,0.021735,0.152249,0.208722,0.015758,0.006405
ACCGACACATCTCCCA-1,0.000024,0.000024,0.652634,0.000024,0.26532,0.073593,0.004709,0.003673
ACCGACTGAGTCCCAC-1,0.001042,0.001257,0.123451,0.003488,0.336938,0.332431,0.078013,0.123379
ACCGAGTCTCCTTATT-1,0.000022,0.005226,0.403639,0.000022,0.003841,0.104352,0.244944,0.237954
ACCGATAGGCATAACC-1,0.000032,0.000032,0.797922,0.000032,0.051725,0.12041,0.002384,0.027465
ACCGATATTTAATCAT-1,0.000964,0.000025,0.574856,0.000025,0.3017,0.08176,0.007417,0.033253
ACCGATGGTAGCATCG-1,0.134398,0.000093,0.864952,0.000093,0.000093,0.000186,0.000093,0.000093
ACCGCAATAACTGCCT-1,0.113679,0.024948,0.598778,0.000031,0.081638,0.114346,0.037002,0.029579
ACCGCGGTGGAAGTCG-1,0.054359,0.047561,0.299319,0.000027,0.173759,0.196887,0.059597,0.168492
ACCGGGCCTTTGTTGA-1,0.000045,0.000045,0.91648,0.000045,0.000045,0.033465,0.049831,0.000045
ACCGGTCAGGTACACC-1,0.077531,0.056356,0.830432,0.000058,0.000037,0.018562,0.016787,0.000237
ACCGGTCTGAGTACGG-1,0.007374,0.000929,0.31668,0.000033,0.314855,0.172374,0.095668,0.092088
ACCGTCCACTGGGCCC-1,0.110446,0.000038,0.504372,0.013371,0.2779,0.068199,0.003775,0.0219
ACCGTGACCACGTGGG-1,0.000012,0.211855,0.030861,0.000012,0.552099,0.1561,0.010225,0.038834
ACCGTTCCCGCTCTGA-1,0.000015,0.003438,0.00003,0.000015,0.780931,0.184443,0.017714,0.013413
ACCTAAGTACCTTTCA-1,0.149429,0.000053,0.409942,0.000053,0.000053,0.000106,0.135849,0.304515
ACCTAATCGACTTCCT-1,0.000041,0.05582,0.307107,0.00924,0.082805,0.463976,0.08097,0.000041
ACCTACAGTATGTGGT-1,0.999524,0.000053,0.000106,0.000053,0.000053,0.000106,0.000053,0.000053
ACCTACTATAAATCTA-1,0.016138,0.297424,0.17977,0.007664,0.138302,0.186751,0.07335,0.100601
ACCTCCGCCCTCGCTG-1,0.000029,0.008204,0.149859,0.000029,0.315376,0.056302,0.063751,0.40645
ACCTCCGTTATTCACC-1,0.063419,0.000034,0.829201,0.000945,0.071718,0.015335,0.001252,0.018097
ACCTCGAACTTATGCT-1,0.00575,0.198548,0.663919,0.00003,0.064211,0.043795,0.008397,0.015351
ACCTGCGTGTCATGTT-1,0.018178,0.000036,0.577243,0.000036,0.165572,0.088203,0.099181,0.05155
ACCTTTCCTTTAGAAG-1,0.000022,0.057776,0.355421,0.000022,0.122164,0.371976,0.08836,0.004259
ACGAAATGGGCGGCAC-1,0.003175,0.121725,0.288261,0.000033,0.103986,0.401521,0.079093,0.002205
ACGACCCATGAGTTGC-1,0.027277,0.000028,0.775116,0.000028,0.025573,0.040322,0.010921,0.120735
ACGACTCTAGGGCCGA-1,0.032004,0.000026,0.833217,0.000026,0.016177,0.022824,0.05019,0.045537
ACGACTGGTCATACTC-1,0.000025,0.003901,0.560545,0.000025,0.269938,0.086922,0.016612,0.06203
ACGAGAACCCATCACG-1,0.194057,0.056772,0.32124,0.00004,0.072315,0.26098,0.080734,0.013863
ACGAGATATTTGCTTA-1,0.031006,0.037844,0.274185,0.000026,0.236955,0.178168,0.233337,0.00848
ACGAGGATACCACTCT-1,0.015602,0.00006,0.299944,0.00006,0.00006,0.00012,0.05622,0.627933
ACGAGGTTTACAACGT-1,0.000036,0.032628,0.6988,0.238965,0.000036,0.011196,0.010241,0.008097
ACGAGTACGGATGCCC-1,0.075314,0.000071,0.924188,0.000071,0.000071,0.000142,0.000071,0.000071
ACGAGTCGCCGGCGTT-1,0.032056,0.006869,0.226978,0.000039,0.083927,0.421205,0.168686,0.060241
ACGATACATAGAACTA-1,0.391268,0.011539,0.382938,0.000064,0.066559,0.134629,0.000064,0.012939
ACGATACCTATCCTGA-1,0.000047,0.093784,0.599531,0.005346,0.029923,0.056546,0.155744,0.059078
