Barcode,Topic 1to2,Topic 3,Topic 4,Topic 5,Topic 6,Topic 7
AAACAACGAATAGTTC-1,0.000755,0.065409,0.000378,0.78752,0.000378,0.145561
AAACAAGTATCTCCCA-1,0.918896,0.007102,0.001172,0.00003,0.00003,0.072771
AAACAATCTACTAGCA-1,0.001237,0.000618,0.000618,0.65549,0.040911,0.301126
AAACACCAATAACTGC-1,0.00031,0.000155,0.060577,0.657792,0.281011,0.000155
AAACAGAGCGACTCCT-1,0.83747,0.069577,0.012089,0.000034,0.00322,0.077611
AAACAGCTTTCAGAAG-1,0.000385,0.000193,0.000193,0.847516,0.010865,0.140849
AAACAGGGTCTATATT-1,0.000556,0.000278,0.000278,0.621911,0.041239,0.335739
AAACAGTGTTCCTGGG-1,0.000891,0.000446,0.000445,0.784368,0.110611,0.103238
AAACATGGTGAGAGGA-1,0.000219,0.000109,0.000109,0.645969,0.340447,0.013147
AAACATTTCCCGGATT-1,0.001772,0.000885,0.000885,0.393775,0.601797,0.000886
AAACCACTACACAGAT-1,0.452098,0.011022,0.033447,0.000029,0.083128,0.420275
AAACCCGAACGAAATC-1,0.742506,0.016615,0.128326,0.017745,0.019211,0.075597
AAACCGGAAATGTTAA-1,0.448898,0.00654,0.368125,0.000026,0.078168,0.098243
AAACCGGGTAGGTACC-1,0.00043,0.000215,0.07675,0.702627,0.219763,0.000215
AAACCGTTCGTCCAGG-1,0.000888,0.000444,0.000444,0.736301,0.261478,0.000444
AAACCTAAGCAGCCGG-1,0.000747,0.000374,0.087068,0.731639,0.13849,0.041682
AAACCTCATGAAGTTG-1,0.000594,0.000297,0.000297,0.632658,0.198062,0.168091
AAACGAAGAACATACC-1,0.001816,0.000049,0.000049,0.000049,0.046178,0.951858
AAACGAAGATGGAGTA-1,0.00018,0.00009,0.00009,0.795212,0.107584,0.096844
AAACGACAGTCTTGCC-1,0.909291,0.009026,0.027378,0.000018,0.002836,0.05145
AAACGAGACGGTTGAT-1,0.284402,0.000112,0.000112,0.000112,0.106289,0.608973
AAACGCCCGAGATCGG-1,0.185154,0.000046,0.003488,0.000046,0.06823,0.743036
AAACGCTGGGCACGAC-1,0.000571,0.029864,0.014326,0.954669,0.000285,0.000285
AAACGGGCGTACGGGT-1,0.174294,0.000504,0.007475,0.81672,0.000503,0.000503
AAACGGGTTGGTATCC-1,0.000619,0.000309,0.035957,0.962497,0.000309,0.000309
AAACGGTTGCGAACTG-1,0.063259,0.017236,0.000721,0.768438,0.010659,0.139687
AAACGTGTTCGCCCTA-1,0.829869,0.00005,0.00005,0.00005,0.00005,0.169931
AAACTAACGTGGCGAC-1,0.302374,0.003187,0.059198,0.087273,0.024084,0.523884
AAACTCGGTTCGCAAT-1,0.001472,0.000736,0.000736,0.675959,0.000736,0.320361
AAACTCGTGATATAAG-1,0.452321,0.000051,0.000051,0.000051,0.000131,0.547394
AAACTGCTGGCTCCAA-1,0.331586,0.000091,0.161626,0.071889,0.168624,0.266184
AAACTTAATTGCACGC-1,0.000313,0.000156,0.000156,0.394428,0.505082,0.099865
AAACTTGCAAACGTAT-1,0.000611,0.000306,0.000306,0.556891,0.44158,0.000306
AAAGAATGACCTTAGA-1,0.010826,0.001203,0.154669,0.695934,0.114941,0.022427
AAAGAATGTGGACTAA-1,0.000603,0.000302,0.000302,0.998191,0.000302,0.000302
AAAGACATGAAGTTTA-1,0.503782,0.001176,0.104385,0.00045,0.026394,0.363814
AAAGACCCAAGTCGCG-1,0.000148,0.000074,0.000074,0.000074,0.028049,0.97158
AAAGACTGGGCGCTTT-1,0.000429,0.000215,0.089013,0.519068,0.391061,0.000214
AAAGCTTGCCTACATA-1,0.322531,0.104144,0.173274,0.000038,0.00643,0.393583
AAAGGCCCTATAATAC-1,0.00026,0.00013,0.00013,0.835878,0.163473,0.00013
AAAGGCTACGGACCAT-1,0.000829,0.000415,0.000415,0.953498,0.044429,0.000415
AAAGGCTCTCGCGCCG-1,0.002126,0.001062,0.001062,0.821722,0.001063,0.172965
AAAGGGATGTAGCAAG-1,0.227769,0.00022,0.045892,0.000086,0.23225,0.493783
AAAGGGCAGCTTGAAT-1,0.000526,0.000263,0.000263,0.731574,0.000263,0.267112
AAAGGTAAGCTGTACC-1,0.402263,0.025469,0.001047,0.000052,0.00055,0.57062
AAAGGTCAACGACATG-1,0.536975,0.004057,0.003095,0.000026,0.022101,0.433747
AAAGTAGCATTGCTCA-1,0.000986,0.000493,0.000493,0.618059,0.102296,0.277673
AAAGTCACTGATGTAA-1,0.888368,0.03135,0.001122,0.000036,0.000036,0.079088
AAAGTCGACCCTCAGT-1,0.00061,0.000305,0.000305,0.61506,0.07909,0.30463
AAAGTGCCATCAATTA-1,0.114249,0.022455,0.171326,0.691255,0.000358,0.000358
AAAGTGTGATTTATCT-1,0.260862,0.05146,0.000078,0.043411,0.103993,0.540196
AAAGTTGACTCCCGTA-1,0.406925,0.00006,0.09344,0.015025,0.024762,0.459787
AAATAACCATACGGGA-1,0.086031,0.185652,0.1435,0.000052,0.009966,0.574799
AAATAAGGTAGTGCCC-1,0.342462,0.008687,0.010234,0.000043,0.044589,0.593985
AAATACCTATAAGCAT-1,0.387392,0.021971,0.02722,0.004023,0.238559,0.320834
AAATAGCTTAGACTTT-1,0.536095,0.006083,0.081872,0.013431,0.209449,0.153071
AAATAGGGTGCTATTG-1,0.50157,0.01966,0.181987,0.068339,0.058702,0.169743
AAATCACTCCTAAACG-1,0.482785,0.020818,0.005861,0.000025,0.043162,0.447349
AAATCCGATACACGCC-1,0.001449,0.000725,0.000725,0.867454,0.000725,0.128923
AAATCGCGGAAGGAGT-1,0.000183,0.000091,0.114018,0.63422,0.20103,0.050458
AAATCGTGTACCACAA-1,0.66444,0.000707,0.024329,0.036764,0.082637,0.191123
AAATCTAGCCCTGCTA-1,0.789887,0.015644,0.108168,0.037432,0.014493,0.034376
AAATCTGCCCGCGTCC-1,0.013446,0.000121,0.000122,0.80803,0.004829,0.173453
AAATGACTGATCAAAC-1,0.000181,0.00009,0.282257,0.717291,0.00009,0.00009
AAATGATTCGATCAGC-1,0.383303,0.000857,0.103088,0.000062,0.096116,0.416574
AAATGCTCGTTACGTT-1,0.000549,0.000274,0.000274,0.88807,0.067102,0.043731
AAATGGCATGTCTTGT-1,0.450541,0.04062,0.094703,0.000065,0.054193,0.359878
AAATGGCCCGTGCCCT-1,0.000717,0.000359,0.000359,0.435787,0.404814,0.157964
AAATGGTCAATGTGCC-1,0.356243,0.037353,0.164857,0.000094,0.288913,0.15254
AAATGTATCTTATCCC-1,0.00012,0.394959,0.259226,0.345575,0.00006,0.00006
AAATGTGGGTGCTCCT-1,0.000194,0.000097,0.000097,0.118416,0.079581,0.801616
AAATTAACGGGTAGCT-1,0.565954,0.000133,0.048726,0.076857,0.043923,0.264407
AAATTAATAAGCGCGA-1,0.000215,0.15051,0.000108,0.65949,0.067238,0.122439
AAATTACACGACTCTG-1,0.074508,0.00007,0.00007,0.00007,0.000949,0.924334
AAATTACCTATCGATG-1,0.862521,0.000037,0.007259,0.000037,0.001651,0.128494
AAATTCCAGGTCCAAA-1,0.299605,0.005163,0.002355,0.000045,0.034043,0.65879
AAATTGATAGTCCTTT-1,0.000883,0.000441,0.000441,0.780934,0.028709,0.188591
AAATTGCGGCGGTTCT-1,0.000588,0.000294,0.000294,0.842308,0.156222,0.000294
AAATTGGTGAGAAGCA-1,0.687289,0.0069,0.000052,0.000052,0.021968,0.283738
AAATTTACCGAAATCC-1,0.456164,0.000045,0.000804,0.000045,0.02621,0.516731
AAATTTGCGGGTGTGG-1,0.000636,0.000318,0.000318,0.753037,0.080181,0.165509
AACAACTGGTAGTTGC-1,0.001322,0.000661,0.000661,0.423917,0.000661,0.572777
AACAATACATTGTCGA-1,0.00044,0.106775,0.00022,0.868214,0.024132,0.00022
AACAATTACTCTACGC-1,0.039796,0.000302,0.000302,0.719712,0.064693,0.175194
AACACACGCTCGCCGC-1,0.667926,0.091974,0.080867,0.059686,0.035894,0.063653
AACACGACTGTACTGA-1,0.701299,0.018402,0.045369,0.197716,0.006354,0.030859
AACACGAGACGCGGCC-1,0.000373,0.000187,0.162295,0.812589,0.02437,0.000187
AACACGCGGCCGCGAA-1,0.073629,0.000516,0.000516,0.650915,0.000516,0.273908
AACAGCTGTGTGGCAA-1,0.000541,0.000271,0.000271,0.804521,0.130106,0.06429
AACAGGAAATCGAATA-1,0.06917,0.000071,0.000071,0.009015,0.132684,0.788987
AACAGGATGGGCCGCG-1,0.000753,0.000376,0.000377,0.794292,0.038466,0.165736
AACAGGTAGTATGGAT-1,0.743787,0.032673,0.082479,0.000026,0.010054,0.130981
AACATAGCGTGTATCG-1,0.056305,0.020328,0.14749,0.77558,0.000148,0.000148
AACATATCAACTGGTG-1,0.950479,0.032707,0.012112,0.000031,0.000031,0.004641
AACATCGATACGTCTA-1,0.765972,0.000049,0.024758,0.000049,0.005948,0.203223
AACATTGAAGTTGATC-1,0.085921,0.000267,0.000267,0.629205,0.161853,0.122486
AACATTGGTCAGCCGT-1,0.000438,0.000219,0.091491,0.907415,0.000219,0.000219
AACATTGTGACTCGAG-1,0.000857,0.000428,0.000428,0.878047,0.032863,0.087377
AACCAAGACTTCTCTG-1,0.000633,0.000317,0.000317,0.743967,0.112069,0.142697
AACCAGTATCACTCTT-1,0.75974,0.000053,0.007345,0.000053,0.033846,0.198963
AACCATAGGGTTGAAC-1,0.000373,0.000187,0.000187,0.47816,0.399322,0.121772
AACCATGGGATCGCTA-1,0.000308,0.000154,0.18135,0.809263,0.008771,0.000154
AACCCAGAGACGGAGA-1,0.000642,0.000321,0.000321,0.347407,0.033836,0.617472
AACCCATCCCATGATC-1,0.000415,0.000208,0.000208,0.500521,0.480744,0.017904
AACCCGACAACCCGTG-1,0.000834,0.047865,0.000417,0.947979,0.002487,0.000417
AACCCGAGCAGAATCG-1,0.576066,0.002467,0.110446,0.091858,0.057106,0.162056
AACCCGATAGGGCTTC-1,0.310815,0.000036,0.003614,0.003857,0.03819,0.643488
AACCCGCTGTATTCCA-1,0.076081,0.000219,0.000219,0.717629,0.152749,0.053102
AACCCTACTGTCAATA-1,0.444436,0.000053,0.170701,0.109527,0.070676,0.204607
AACCCTGGTGGAACCA-1,0.846275,0.010844,0.006981,0.000027,0.010334,0.12554
AACCGAGCTTGGTCAT-1,0.968615,0.018131,0.013181,0.000024,0.000024,0.000024
AACCGCTAAGGGATGC-1,0.367647,0.000078,0.017809,0.075748,0.117979,0.420739
AACCGTTGTGTTTGCT-1,0.713656,0.000074,0.000074,0.063498,0.000183,0.222514
AACCTAAAGCCGTCCG-1,0.513613,0.001359,0.001685,0.000033,0.059684,0.423626
AACCTCGCTTTAGCCC-1,0.00062,0.00031,0.239336,0.623837,0.030422,0.105475
AACCTGTCACGGAATT-1,0.7217,0.008657,0.024284,0.000035,0.044036,0.201288
AACCTTTAAATACGGT-1,0.001112,0.000556,0.079764,0.917455,0.000556,0.000556
AACCTTTACGACGTCT-1,0.197046,0.065302,0.000093,0.000093,0.003749,0.733716
AACGAAAGTCGTCCCA-1,0.000217,0.000109,0.000109,0.717222,0.154443,0.127901
AACGACCTCCTAGCCG-1,0.00043,0.000215,0.13109,0.867836,0.000215,0.000215
AACGATAATGCCGTAG-1,0.367643,0.099851,0.029428,0.19295,0.11425,0.195878
AACGATAGAAGGGCCG-1,0.018292,0.000101,0.000101,0.055782,0.006494,0.919229
AACGATATGTCAACTG-1,0.920735,0.021317,0.002109,0.036091,0.00005,0.019698
AACGCATGATCTGGGT-1,0.265958,0.000093,0.002869,0.009768,0.053479,0.667832
AACGCGAACGGCAACA-1,0.000701,0.000351,0.000351,0.843013,0.031832,0.123752
AACGCGACCTTGGGCG-1,0.000677,0.000338,0.110038,0.808077,0.080531,0.000338
AACGCGGTCTCCAGCC-1,0.404997,0.000102,0.098302,0.011462,0.013312,0.471824
AACGCTGTTGCTGAAA-1,0.518487,0.000091,0.16247,0.053146,0.069234,0.196572
AACGGACGTACGTATA-1,0.74453,0.02017,0.126148,0.079209,0.000042,0.029901
AACGGCCATCTCCGGT-1,0.089048,0.000444,0.000444,0.909175,0.000444,0.000444
AACGTACTGTGGGTAC-1,0.01409,0.000415,0.000415,0.854954,0.000415,0.129711
AACGTAGTCTACCCAT-1,0.001503,0.000751,0.000751,0.694901,0.27538,0.026712
AACGTCAGACTAGTGG-1,0.00073,0.000365,0.000365,0.600045,0.032065,0.36643
AACGTCATCCGGCTTG-1,0.345184,0.011412,0.292945,0.227493,0.077893,0.045073
AACGTCGCTGCACTTC-1,0.000482,0.000241,0.100118,0.871123,0.027796,0.000241
AACGTGATGAAGGACA-1,0.344291,0.000233,0.000233,0.499319,0.000233,0.15569
AACGTGCGAAAGTCTC-1,0.670304,0.009596,0.000078,0.000078,0.035863,0.284081
AACGTTATCAGCACCT-1,0.000438,0.000219,0.000219,0.680103,0.125054,0.193967
AACGTTCTACCATTGT-1,0.007966,0.000219,0.160635,0.830742,0.000219,0.000219
AACTACCCGTTTGTCA-1,0.765141,0.0109,0.060681,0.00176,0.017536,0.143981
AACTAGCGTATCGCAC-1,0.013773,0.000081,0.027397,0.000081,0.350899,0.60777
AACTAGGCTTGGGTGT-1,0.001442,0.000721,0.000721,0.74088,0.000721,0.255515
AACTCAAGTTAATTGC-1,0.040524,0.000321,0.027857,0.930656,0.000321,0.000321
AACTCCAGAGCGTGTT-1,0.002453,0.001226,0.001226,0.8029,0.001226,0.190969
AACTCCTAATCCCATG-1,0.750397,0.012425,0.00004,0.000034,0.01116,0.225943
AACTCGATAAACACGT-1,0.00053,0.000265,0.000265,0.730342,0.01161,0.256989
AACTCGATGGCGCAGT-1,0.000598,0.000299,0.000299,0.944582,0.011939,0.042283
AACTCTCAATAGAGCG-1,0.219492,0.000064,0.016015,0.000064,0.133681,0.630683
AACTCTCAGTGTGCTC-1,0.081355,0.000285,0.005124,0.562965,0.349986,0.000285
AACTGAGGTCAGCGTC-1,0.237289,0.065465,0.049589,0.010016,0.019838,0.617803
AACTGAGTTATACTGA-1,0.403339,0.01114,0.232616,0.000026,0.077411,0.275468
AACTGATATTAGGCCT-1,0.594481,0.018373,0.002787,0.010005,0.01449,0.359863
AACTGGGTCCCGACGT-1,0.686281,0.162732,0.028099,0.000039,0.000039,0.12281
AACTGGGTTCGAGCCG-1,0.247217,0.114584,0.250891,0.05118,0.013941,0.322188
AACTGGTGTGGGCCTT-1,0.002389,0.023923,0.000082,0.000082,0.037207,0.936317
AACTTCTGCGTCTATC-1,0.084655,0.576779,0.000132,0.312723,0.023718,0.001992
AACTTGCCCGTATGCA-1,0.000755,0.000351,0.000351,0.825281,0.000351,0.172912
AACTTGCGTTCTCGCG-1,0.000587,0.000293,0.000293,0.77529,0.049842,0.173694
AACTTTACGGGAGCTT-1,0.000306,0.000153,0.000153,0.689679,0.013565,0.296144
AACTTTAGCTGCTGAG-1,0.006334,0.000091,0.000091,0.011146,0.097061,0.885277
AACTTTCTCGATCATG-1,0.754078,0.009288,0.000051,0.000051,0.000051,0.236482
AAGAAAGTTTGATGGG-1,0.000235,0.042866,0.000118,0.691566,0.215444,0.049772
AAGAAATCACCAGATT-1,0.632446,0.005044,0.004399,0.000039,0.00418,0.353893
AAGAAGGATCAGTTAG-1,0.000394,0.000197,0.000197,0.998817,0.000197,0.000197
AAGACATACGTGGTTT-1,0.001347,0.000674,0.000674,0.828833,0.000674,0.167799
AAGACCAAATAACTCA-1,0.000096,0.000048,0.206068,0.662987,0.130754,0.000048
AAGACCCAACTGAACA-1,0.001117,0.000559,0.000558,0.783063,0.000558,0.214144
AAGACTAACCCGTTGT-1,0.000873,0.000436,0.000436,0.896707,0.000436,0.101112
AAGACTCACGCCCACT-1,0.771165,0.012957,0.011215,0.002447,0.018998,0.183218
AAGACTGCAAGCTACT-1,0.372305,0.000111,0.219852,0.000111,0.263657,0.143964
AAGAGATGAATCGGTA-1,0.016869,0.000436,0.000436,0.724822,0.048067,0.20937
AAGAGCTCTTTATCGG-1,0.226391,0.000127,0.000127,0.000127,0.189087,0.584141
AAGAGGATGTACGCGA-1,0.000741,0.00037,0.000371,0.856012,0.142135,0.000371
AAGAGGCATGGATCGC-1,0.183616,0.000081,0.145909,0.000081,0.121946,0.548367
AAGAGGCCCTTTGGAA-1,0.109991,0.000168,0.216487,0.406092,0.229029,0.038233
AAGATGGCACCGGACC-1,0.037224,0.500652,0.000142,0.461698,0.000142,0.000142
AAGATTGGCGGAACGT-1,0.645822,0.003321,0.027967,0.00005,0.025077,0.297764
AAGCACCCTGCGTATC-1,0.001216,0.000608,0.166768,0.830192,0.000608,0.000608
AAGCATACTCTCCTGA-1,0.000857,0.068788,0.124251,0.310073,0.495602,0.000428
AAGCCACTTGCAGGTA-1,0.000383,0.000191,0.035088,0.846826,0.045984,0.071528
AAGCCGAAGCGGTTTA-1,0.622516,0.017941,0.058656,0.000047,0.052968,0.247871
AAGCCGCCGTGAAATC-1,0.000207,0.000103,0.13766,0.764805,0.09712,0.000103
AAGCCGCTTTACCTTG-1,0.450499,0.000063,0.000063,0.000063,0.000072,0.549241
AAGCCGGAGAGCAGGA-1,0.074869,0.000125,0.504488,0.175923,0.244469,0.000125
AAGCGCAGGGCTTTGA-1,0.001428,0.09214,0.076612,0.828392,0.000714,0.000714
AAGCGGAGTGCGCGCA-1,0.720879,0.025084,0.017056,0.000032,0.000032,0.236917
AAGCGGCGTCATGGGT-1,0.250279,0.000077,0.000077,0.000077,0.049217,0.700273
AAGCGTCCCTCATCGA-1,0.000705,0.023583,0.000353,0.757704,0.000353,0.217303
AAGCTAGATCGAGTAA-1,0.310543,0.022717,0.061748,0.152737,0.053555,0.3987
AAGCTATGGATTGACC-1,0.000209,0.000105,0.081887,0.764784,0.151517,0.001499
AAGCTCGTGCCAAGTC-1,0.515657,0.007132,0.084769,0.000097,0.006486,0.38586
AAGCTCTTTCATGGTG-1,0.260085,0.000481,0.030178,0.708293,0.000482,0.000482
AAGGAGAACTTATAAG-1,0.155265,0.000148,0.000148,0.40109,0.138788,0.30456
AAGGAGCGGTTGGTGC-1,0.023485,0.218505,0.309949,0.000076,0.030561,0.417424
AAGGATCGATCGCTTG-1,0.561855,0.017295,0.301482,0.001168,0.07915,0.03905
AAGGATGAGGGACCTC-1,0.724233,0.00246,0.022355,0.025306,0.032838,0.192808
AAGGCAGGCTGTCTCC-1,0.498089,0.000041,0.251621,0.001149,0.147501,0.1016
AAGGCGCGTAAAGCTT-1,0.048955,0.000309,0.000309,0.749149,0.035123,0.166156
AAGGCTGTGCTCATCG-1,0.170472,0.079852,0.051631,0.110735,0.242113,0.345197
AAGGGAACGACTGGCT-1,0.00032,0.00016,0.00016,0.98461,0.014589,0.00016
AAGGGACAGATTCTGT-1,0.745809,0.005319,0.013058,0.012008,0.011609,0.212197
AAGGGACTATGCATTC-1,0.000459,0.00023,0.094599,0.534131,0.335825,0.034756
AAGGGTTAGCCATGCG-1,0.101473,0.000277,0.097666,0.800032,0.000276,0.000277
AAGGGTTTGATTTCAG-1,0.000163,0.005881,0.188668,0.692771,0.112436,0.000081
AAGGTATCCTAATATA-1,0.749963,0.005937,0.051486,0.000053,0.059529,0.133031
AAGGTGATAAACCAGC-1,0.664706,0.028609,0.042559,0.009753,0.061876,0.192497
AAGTAAGCTTCCAAAC-1,0.001639,0.00082,0.000819,0.555701,0.00082,0.4402
AAGTAGAAGACCGGGT-1,0.21087,0.008596,0.000163,0.052443,0.254174,0.473754
AAGTAGTGACGCGAGG-1,0.000755,0.000377,0.000377,0.751036,0.191858,0.055596
AAGTCAATTGTCGTCA-1,0.589356,0.004212,0.048952,0.007376,0.011614,0.338491
AAGTCTAGTAGCTGCC-1,0.292977,0.000064,0.036569,0.000064,0.026485,0.643841
AAGTCTTCTGTGGCCT-1,0.000321,0.046431,0.036957,0.894927,0.021203,0.000161
AAGTGACGACCGAATT-1,0.000472,0.000236,0.000245,0.705585,0.260391,0.033072
AAGTGAGTCGGGTTTA-1,0.000654,0.000327,0.24869,0.693233,0.056769,0.000327
AAGTGCAAAGGTAGAC-1,0.004484,0.574463,0.090399,0.330101,0.000491,0.000062
AAGTGCCTTGACTGTA-1,0.699644,0.007797,0.077959,0.000054,0.04754,0.167006
AAGTGCGTTAGAATCT-1,0.001013,0.000506,0.000506,0.766077,0.06068,0.171216
AAGTGCTTCTCTATTG-1,0.09344,0.000212,0.000212,0.804976,0.100947,0.000212
AAGTGTTTGGAGACGG-1,0.383721,0.013104,0.028752,0.08752,0.128017,0.358885
AAGTTCACTCCAAGCT-1,0.082148,0.000446,0.294658,0.572665,0.049639,0.000446
AAGTTCAGTCTGCGTA-1,0.116117,0.000067,0.214042,0.000067,0.077084,0.592622
AAGTTCGGCCAACAGG-1,0.000488,0.000244,0.140043,0.822792,0.036189,0.000244
AAGTTGTGATGTTATA-1,0.001051,0.000525,0.000525,0.846941,0.000526,0.150431
AAGTTTACTAATGGCA-1,0.153171,0.000072,0.00007,0.010709,0.108222,0.727755
AAGTTTATGGGCCCAA-1,0.141595,0.000515,0.000514,0.826029,0.000514,0.030833
AATAACAACGCTCGGC-1,0.000534,0.000267,0.000267,0.870987,0.000267,0.127678
AATAACACTAGAACAA-1,0.000481,0.000241,0.000241,0.719751,0.279046,0.000241
AATAACGTCGCGCCCA-1,0.000301,0.00015,0.251996,0.730647,0.016755,0.00015
AATAAGTCCTCGAGAC-1,0.687293,0.007042,0.019892,0.001719,0.029693,0.254361
AATAATCTTCGTATCG-1,0.485006,0.003524,0.133539,0.010634,0.10959,0.257709
AATACAATGTTTCAGG-1,0.00055,0.000275,0.000275,0.882234,0.000275,0.116392
AATACCGGAGGGCTGT-1,0.000337,0.000169,0.232104,0.708461,0.058761,0.000169
AATACCTGATGTGAAC-1,0.075332,0.000178,0.054254,0.858037,0.012019,0.000178
AATAGAACAGAGTGGC-1,0.001185,0.000592,0.000593,0.686488,0.014916,0.296226
AATAGAATCTGTTTCA-1,0.844159,0.024767,0.0241,0.000061,0.015104,0.09181
AATAGCAAGCCTCCTG-1,0.284337,0.009129,0.000061,0.012816,0.081736,0.611921
AATAGCTACCGCGTGC-1,0.295578,0.000081,0.16833,0.000081,0.252859,0.283071
AATAGGCACGACCCTT-1,0.000277,0.000138,0.177664,0.703848,0.117934,0.000139
AATAGTCCGTCCCGAC-1,0.001568,0.000783,0.000784,0.79647,0.000784,0.199611
AATAGTCGCGAGTCGG-1,0.000284,0.013717,0.000142,0.535772,0.238176,0.21191
AATATCAAGGTCGGAT-1,0.020229,0.000081,0.000081,0.000081,0.148864,0.830663
AATATCCTAGCAAACT-1,0.000182,0.000091,0.167645,0.831635,0.000357,0.000091
AATATCGAATCAATGC-1,0.818281,0.082778,0.041759,0.000029,0.000029,0.057123
AATATCGAGGGTTCTC-1,0.502566,0.0041,0.092974,0.000062,0.08491,0.315388
AATATTGGAGTATTGA-1,0.000598,0.000299,0.000299,0.998207,0.000299,0.000299
AATCAGACTGCAGGAC-1,0.001087,0.000543,0.000543,0.970757,0.000544,0.026525
AATCAGGTTTCATTTA-1,0.000512,0.000256,0.000256,0.790983,0.207738,0.000256
AATCATGTAAAGACTC-1,0.853665,0.044488,0.068288,0.002738,0.013785,0.017037
AATCCAAGGGCCTGAG-1,0.036586,0.000091,0.023238,0.000091,0.163399,0.776595
AATCCATGCAAGGGTG-1,0.000784,0.000392,0.000392,0.842778,0.000467,0.155187
AATCCCGCTCAGAGCC-1,0.057639,0.15206,0.285146,0.504991,0.000082,0.000082
AATCGAGGTCTCAAGG-1,0.01425,0.129362,0.09175,0.663425,0.076332,0.024882
AATCGCCTCAGCGCCA-1,0.785999,0.006034,0.168795,0.012517,0.009662,0.016993
AATCGCGCAGAGGACT-1,0.450804,0.017068,0.142343,0.000042,0.120548,0.269196
AATCGGGACACTACGA-1,0.776303,0.02934,0.015532,0.006323,0.008427,0.164075
AATCGGTATAGCCCTC-1,0.000648,0.000324,0.125763,0.872618,0.000324,0.000324
AATCGTGAGCCGAGCA-1,0.000665,0.000332,0.081213,0.917126,0.000332,0.000332
AATCTAGGTTTACTTG-1,0.000638,0.000319,0.000319,0.628688,0.369718,0.000319
AATCTATGCCGGAGCC-1,0.281803,0.00006,0.021713,0.00006,0.047152,0.649213
AATCTCTACTGTGGTT-1,0.000465,0.000233,0.000232,0.82285,0.024553,0.151667
AATCTGCGTTGGGACG-1,0.359065,0.326762,0.168527,0.007244,0.004272,0.13413
AATCTGGCTTTCTAGT-1,0.00041,0.000205,0.136679,0.818882,0.043619,0.000205
AATCTGGGTAGACCCT-1,0.93137,0.00185,0.000023,0.000023,0.000023,0.06671
AATGACAGCAATGTCT-1,0.000875,0.000438,0.000438,0.655687,0.151064,0.191499
AATGACGTAGGATGTC-1,0.484442,0.000089,0.12941,0.051337,0.218839,0.115882
AATGACTGTCAGCCGG-1,0.148546,0.00012,0.073679,0.011099,0.352736,0.413819
AATGAGTTCGCATATG-1,0.020959,0.000171,0.145376,0.80065,0.032674,0.000171
AATGATGATACGCTAT-1,0.243292,0.00011,0.00011,0.052945,0.064106,0.639438
AATGATGCGACTCCTG-1,0.827607,0.000051,0.027339,0.000051,0.004246,0.140705
AATGCAACCGGGTACC-1,0.543031,0.024456,0.000056,0.002739,0.035166,0.394553
AATGCACCAAGCAATG-1,0.267435,0.000069,0.382797,0.000069,0.093397,0.256234
AATGGCCGCCAATGCG-1,0.287464,0.020541,0.000033,0.0005,0.06081,0.630652
AATGGTCCACCGTTCA-1,0.101149,0.000215,0.000215,0.876337,0.019238,0.002846
AATGGTTCTCACAAGC-1,0.000551,0.000275,0.000275,0.751424,0.000275,0.2472
AATGTATGGCACTGTA-1,0.001332,0.000086,0.083864,0.914546,0.000086,0.000086
AATGTGCCCGAGGTGT-1,0.000555,0.000278,0.000278,0.872061,0.126551,0.000278
AATGTGCTAATCTGAG-1,0.033642,0.000219,0.000219,0.861514,0.085465,0.01894
AATGTTAAGACCCTGA-1,0.024862,0.1362,0.08159,0.667779,0.089432,0.000137
AATGTTGTCGTGAGAC-1,0.000477,0.000239,0.374732,0.624075,0.000239,0.000239
AATTAAAGGTCGGCGT-1,0.082639,0.000353,0.000353,0.199415,0.058701,0.65854
AATTAACGGATTTCCA-1,0.001083,0.000541,0.199814,0.797478,0.000541,0.000542
AATTACGAGACCCATC-1,0.0002,0.0001,0.0001,0.548508,0.365206,0.085886
AATTACTCGTACGCTC-1,0.115289,0.462807,0.104208,0.317537,0.00008,0.00008
AATTAGCGCTGCAGCG-1,0.000714,0.000357,0.24591,0.623505,0.129157,0.000357
AATTATACCCAGCAAG-1,0.006742,0.000136,0.100175,0.710387,0.182425,0.000136
AATTCATAAGGGATCT-1,0.6181,0.000446,0.011229,0.000063,0.033006,0.337156
AATTCATTGTCATGCA-1,0.000213,0.000107,0.013444,0.853347,0.017613,0.115276
AATTCCAACTTGGTGA-1,0.019824,0.000189,0.094387,0.885221,0.000189,0.000189
AATTCCAAGCATGTAC-1,0.000669,0.000335,0.09988,0.898447,0.000334,0.000334
AATTCGATTCGAGGAT-1,0.237804,0.000763,0.001181,0.758726,0.000763,0.000763
AATTCTAGAGTTAGGC-1,0.447425,0.008752,0.000155,0.188005,0.019022,0.336642
AATTGAACGCTCTGGT-1,0.390885,0.022946,0.000099,0.024088,0.088008,0.473975
AATTGCAGCAATCGAC-1,0.053394,0.000869,0.00087,0.722549,0.000869,0.221448
AATTGCGTGGATTACA-1,0.129201,0.017162,0.125998,0.715149,0.001026,0.011464
AATTGTGGTTGCCAAA-1,0.000548,0.000274,0.165238,0.833393,0.000274,0.000274
AATTTGGGACATAGTA-1,0.646152,0.013156,0.06462,0.000054,0.09832,0.177697
AATTTGGTTCCAAAGA-1,0.078755,0.003564,0.000068,0.072193,0.007564,0.837857
ACAAACCATGCGTCCT-1,0.000216,0.000108,0.000108,0.673712,0.296539,0.029316
ACAAACCGACAAGGCG-1,0.348996,0.004736,0.035211,0.044716,0.282299,0.284043
ACAAACTCCATCAGAG-1,0.000497,0.000248,0.073035,0.752875,0.173097,0.000248
ACAAAGAAGGTAGGCC-1,0.000183,0.000091,0.060639,0.755173,0.145506,0.038408
ACAAAGCATGACCTAG-1,0.110801,0.000493,0.000493,0.887227,0.000493,0.000493
ACAAATCGCACCGAAT-1,0.396666,0.000081,0.092586,0.154919,0.151421,0.204328
ACAAATGGTAGTGTTT-1,0.414462,0.007114,0.007127,0.000093,0.066094,0.505109
ACAAATTCAGATCTGA-1,0.095277,0.000063,0.000063,0.000063,0.011994,0.89254
ACAACAGCATGAGCTA-1,0.517565,0.041892,0.005439,0.00009,0.113427,0.321587
ACAACGGTCCCTGCGA-1,0.000537,0.000269,0.000269,0.557889,0.061269,0.379767
ACAAGCAGTGCCTAGC-1,0.000759,0.00038,0.000379,0.678109,0.003063,0.31731
ACAAGCTATATGGAAG-1,0.000332,0.020779,0.390152,0.588406,0.000166,0.000166
ACAAGGAAATCCGCCC-1,0.168439,0.052293,0.000122,0.006254,0.248568,0.524324
ACAAGGACAAGAGGTT-1,0.000702,0.000351,0.000351,0.691306,0.287479,0.019812
ACAAGGATGCTTTAGG-1,0.148185,0.000652,0.055082,0.664883,0.084901,0.046297
ACAAGGCCTACCAGCC-1,0.660721,0.002139,0.037855,0.000038,0.005881,0.293367
ACAAGGGCAGGCTCTG-1,0.884042,0.026673,0.08008,0.009111,0.000047,0.000047
ACAAGTAATTGTAAGG-1,0.000205,0.000103,0.109562,0.824944,0.065084,0.000103
ACAATAGTCGTACGTT-1,0.019251,0.000154,0.109884,0.870404,0.000154,0.000154
ACAATCCATTTAAACC-1,0.000658,0.000329,0.000329,0.805209,0.026666,0.166809
ACAATCGATCTTTATA-1,0.206758,0.000106,0.189051,0.058879,0.033421,0.511785
ACAATGAATACGGAGA-1,0.03245,0.000432,0.000432,0.795103,0.000432,0.171151
ACAATGATTCTTCTAC-1,0.691109,0.003036,0.030659,0.025368,0.016347,0.233481
ACAATTGTGTCTCTTT-1,0.374066,0.051039,0.040863,0.005176,0.069384,0.459471
ACAATTTAGGAGGCTC-1,0.000188,0.000094,0.185382,0.660256,0.153986,0.000094
ACAATTTGAGCAGTGG-1,0.161814,0.000092,0.072423,0.000092,0.061132,0.704446
ACAATTTGGCCATATT-1,0.482219,0.009578,0.034996,0.000045,0.044776,0.428385
ACACAAAGACGGGTGG-1,0.74224,0.000063,0.000063,0.021449,0.019653,0.216531
ACACAAATATTCCTAG-1,0.939599,0.000372,0.016663,0.000029,0.000029,0.043308
ACACACCAGGACCAGT-1,0.222038,0.000086,0.131223,0.001203,0.141735,0.503714
ACACACTTTCTACACG-1,0.273226,0.000096,0.000096,0.000096,0.030417,0.696068
ACACATGATCAAATCT-1,0.000334,0.000167,0.000167,0.638752,0.266562,0.094017
ACACATTGACGCAACA-1,0.000513,0.013566,0.164153,0.680626,0.000257,0.140886
ACACATTTCCGTAGAC-1,0.000532,0.000266,0.173842,0.630465,0.19463,0.000266
ACACCACATAATTAGC-1,0.579189,0.021373,0.01079,0.000042,0.016295,0.372312
ACACCCAGCATGCAGC-1,0.367331,0.013391,0.088931,0.072743,0.254325,0.20328
ACACCCGAGAAATCCG-1,0.137447,0.000254,0.000254,0.861537,0.000254,0.000254
ACACCCGTAAATCTGT-1,0.347383,0.001604,0.010666,0.000029,0.085469,0.554848
ACACCGAGCGCTCTTT-1,0.000409,0.121736,0.000204,0.481591,0.094139,0.30192
ACACCGGTCTGACCGC-1,0.00024,0.00012,0.00012,0.670792,0.222807,0.105921
ACACCTTAAGTAGGGC-1,0.087454,0.000345,0.000345,0.703246,0.136532,0.072079
ACACCTTACTACTTGC-1,0.43023,0.026936,0.09871,0.032079,0.037129,0.374916
ACACGAGACTCCTTCT-1,0.58394,0.066731,0.086275,0.176095,0.019884,0.067074
ACACGGCACTATGCAT-1,0.172762,0.00006,0.00006,0.00006,0.070949,0.756109
ACACGGGAACTTAGGG-1,0.520914,0.00008,0.037851,0.00008,0.079017,0.362058
ACACGTAGGCCACAAG-1,0.170395,0.046605,0.42252,0.165576,0.058991,0.135913
ACACTCCAATGTCACT-1,0.000513,0.000257,0.000257,0.743243,0.02422,0.23151
ACACTGATCAAGGTGT-1,0.00164,0.00082,0.306597,0.689304,0.00082,0.00082
ACACTGGGACAGTCGT-1,0.000132,0.000066,0.665392,0.138385,0.195959,0.000066
ACAGAACTGAGAACAA-1,0.000608,0.000304,0.000304,0.675983,0.031407,0.291393
ACAGATTAGGTTAGTG-1,0.2799,0.044802,0.000111,0.000111,0.000111,0.674965
ACAGCATAGAGCCAGT-1,0.000203,0.000102,0.000102,0.000102,0.019232,0.98026
ACAGCGACATTCTCAT-1,0.161447,0.000784,0.000785,0.644168,0.000784,0.192031
ACAGCGCACCCGCAGC-1,0.512815,0.045547,0.013318,0.000046,0.035137,0.393137
ACAGGAGGCGCAGCCG-1,0.070444,0.751081,0.068361,0.032952,0.039422,0.03774
ACAGGCACGGATCCTT-1,0.000635,0.073366,0.000317,0.743523,0.121214,0.060945
ACAGGCTTGCCCGACT-1,0.189383,0.000427,0.211757,0.000086,0.312051,0.286296
ACAGGTGGAGGTGAGG-1,0.000396,0.000198,0.000198,0.998811,0.000198,0.000198
ACAGGTGTGTTGTTGC-1,0.000548,0.000274,0.4697,0.528932,0.000274,0.000274
ACAGTAATACAACTTG-1,0.000509,0.000254,0.000254,0.612995,0.245588,0.140399
ACAGTATACCGTGGGA-1,0.319891,0.000264,0.000909,0.000054,0.002267,0.676614
ACAGTGCAGCGCATTT-1,0.302971,0.038507,0.287583,0.301736,0.015188,0.054014
ACATAAGTCGTGGTGA-1,0.00026,0.00013,0.00013,0.842845,0.094597,0.062037
ACATAATAAGGCGGTG-1,0.179379,0.002013,0.000095,0.000095,0.159903,0.658516
ACATACAATCAAGCGG-1,0.000219,0.098584,0.151706,0.728719,0.020662,0.000109
ACATCAGCTGGGACGC-1,0.078993,0.000124,0.032178,0.888456,0.000124,0.000124
ACATCCCGGCCATACG-1,0.002372,0.001187,0.001186,0.001186,0.992883,0.001186
ACATCCTGGTAACTGT-1,0.603372,0.049134,0.028909,0.000052,0.03987,0.278663
ACATCGATCGTTTACC-1,0.871582,0.000087,0.051349,0.076807,0.000087,0.000087
ACATCGCAATATTCGG-1,0.084787,0.000154,0.123138,0.676947,0.076003,0.038972
ACATCGGTCAGCCGCG-1,0.13986,0.021778,0.000529,0.762302,0.075001,0.00053
ACATCGTATGCAATGG-1,0.562973,0.014568,0.043719,0.000106,0.209081,0.169553
ACATCGTTAACCTAGT-1,0.151032,0.009485,0.011771,0.000067,0.092287,0.73536
ACATCTCAACGCGTAA-1,0.07575,0.000052,0.000052,0.000052,0.011505,0.91259
ACATGCTTACGGCAGC-1,0.00029,0.056378,0.000145,0.503358,0.439684,0.000145
ACATGGCGCCAAAGTA-1,0.343472,0.030487,0.149792,0.050585,0.131505,0.294158
ACATGGCTCAATTTAG-1,0.121655,0.070789,0.081702,0.725303,0.000275,0.000275
ACATTAGTTTATATCC-1,0.145793,0.000611,0.000611,0.242898,0.426967,0.183122
ACATTCGCGCGGAATA-1,0.00029,0.000145,0.000145,0.881328,0.026578,0.091514
ACATTTGAAACCTAAC-1,0.000303,0.000151,0.130695,0.868548,0.000151,0.000151
ACCAAACACCCAGCGA-1,0.120118,0.000053,0.139638,0.000053,0.035403,0.704735
ACCAAACTAGAAATCC-1,0.150358,0.039819,0.000039,0.000039,0.014451,0.795293
ACCAACACCACACACT-1,0.1549,0.000057,0.006129,0.000057,0.025849,0.813008
ACCAACCGCACTCCAC-1,0.001275,0.000637,0.000637,0.848734,0.000638,0.148079
ACCAACGCTTATTTAT-1,0.001649,0.000825,0.000825,0.771633,0.000825,0.224244
ACCAAGAACGCGTGTC-1,0.902484,0.028188,0.051335,0.000034,0.000034,0.017926
ACCAAGTCATCGGCAG-1,0.000693,0.000346,0.348854,0.649414,0.000347,0.000346
ACCAATATGCAAGTTA-1,0.001264,0.000632,0.128988,0.572479,0.228872,0.067765
ACCACAACTCAGAACA-1,0.280304,0.000099,0.002576,0.174012,0.057976,0.485033
ACCACAAGTTTCTATC-1,0.000281,0.000141,0.000141,0.015425,0.194342,0.789671
ACCACACGGTTGATGG-1,0.000375,0.02565,0.245524,0.688948,0.039315,0.000187
ACCACCAATGTAACAA-1,0.613114,0.041369,0.109214,0.011165,0.034726,0.190412
ACCACCCTCTCTTCTA-1,0.320482,0.000073,0.029222,0.000073,0.110679,0.539471
ACCACGTGCAGCTATA-1,0.873877,0.005279,0.033016,0.024881,0.038098,0.02485
ACCACTGTTCAAGAAG-1,0.039031,0.213586,0.05713,0.251091,0.35458,0.084583
ACCAGACCATAACAAC-1,0.028957,0.044008,0.024645,0.633317,0.159947,0.109126
ACCAGCCCGGTCTTTG-1,0.763144,0.000038,0.019382,0.0135,0.010095,0.193842
ACCAGGAGTGTGATCT-1,0.070044,0.064137,0.000283,0.399696,0.000271,0.465569
ACCAGTGCCCGGTCAA-1,0.518387,0.000048,0.000048,0.000048,0.000048,0.481422
ACCAGTGCGGGAGACG-1,0.321978,0.000092,0.131627,0.024366,0.169662,0.352274
ACCATATCCGCAATAA-1,0.560967,0.002642,0.1526,0.032134,0.098875,0.152781
ACCATCCGCCAACTAG-1,0.00044,0.00022,0.00022,0.773769,0.00022,0.225132
ACCATCGTATATGGTA-1,0.164894,0.000409,0.000409,0.625001,0.194229,0.015058
ACCATTAAGGGTGTCA-1,0.000282,0.264137,0.000141,0.352582,0.140769,0.24209
ACCCAACGCCCGTGGC-1,0.744918,0.076788,0.00004,0.00004,0.00004,0.178175
ACCCACCTACATGCTC-1,0.120514,0.000211,0.000211,0.757169,0.007495,0.114401
ACCCATCTTGAGGGTA-1,0.000697,0.000348,0.195244,0.480747,0.322616,0.000348
ACCCATTTGTCCCTCT-1,0.002315,0.001157,0.110788,0.883425,0.001157,0.001158
ACCCGAGCGAAATTAC-1,0.000376,0.000188,0.149646,0.844055,0.005547,0.000188
ACCCGATTGGTTCCGA-1,0.000674,0.018321,0.000337,0.807844,0.000337,0.172487
ACCCGGAAACTCCCAG-1,0.001993,0.000996,0.000996,0.541958,0.000996,0.453061
ACCCGGAGCACCACAA-1,0.24938,0.000042,0.364618,0.092283,0.059335,0.234342
ACCCGGATGACGCATC-1,0.382198,0.023589,0.110546,0.020159,0.085338,0.37817
ACCCGGTTACACTTCC-1,0.096117,0.00052,0.00052,0.605634,0.024933,0.272277
ACCCGTAGCAGAGAAT-1,0.04014,0.000086,0.008072,0.911097,0.002904,0.037702
ACCCGTAGTCTAGTTG-1,0.000568,0.000284,0.000284,0.998295,0.000284,0.000284
ACCCGTGTCATCAGTA-1,0.001567,0.000751,0.000751,0.665939,0.000751,0.330241
ACCCTATAGGACTGAG-1,0.05346,0.043794,0.000325,0.636485,0.182851,0.083086
ACCCTATGCCATATCG-1,0.000568,0.157625,0.000284,0.70003,0.053192,0.088302
ACCCTCCCGTCAGGGC-1,0.001,0.050158,0.101642,0.716472,0.017898,0.112828
ACCCTCCCTTGCTATT-1,0.262158,0.052353,0.000123,0.070159,0.033134,0.582073
ACCCTGGTAACGCCCT-1,0.802311,0.000051,0.009786,0.000051,0.016914,0.170886
ACCCTTCATCTGCGAA-1,0.637641,0.00008,0.061057,0.092533,0.147598,0.061091
ACCCTTGCCTGGGTCG-1,0.16697,0.00006,0.00006,0.00006,0.00006,0.83279
ACCCTTTAGTTCTCCA-1,0.490155,0.000063,0.008778,0.01205,0.00572,0.483234
ACCGAAAGGGCCCTGC-1,0.788312,0.003901,0.000515,0.005941,0.00667,0.194661
ACCGAAGAGTCTGGTT-1,0.00045,0.000225,0.000225,0.525504,0.148794,0.324803
ACCGACACATCTCCCA-1,0.001237,0.000618,0.000618,0.560355,0.044057,0.393114
ACCGACTGAGTCCCAC-1,0.164695,0.009828,0.011807,0.003206,0.121118,0.689346
ACCGAGTCTCCTTATT-1,0.001248,0.000624,0.000624,0.700331,0.000624,0.296549
ACCGATAGGCATAACC-1,0.127323,0.00021,0.077843,0.379791,0.173324,0.241508
ACCGATATTTAATCAT-1,0.449011,0.009123,0.114676,0.000039,0.13197,0.29518
ACCGATGGTAGCATCG-1,0.384727,0.033206,0.353753,0.00005,0.004725,0.223538
ACCGCAATAACTGCCT-1,0.262555,0.000124,0.16313,0.110628,0.035114,0.428449
ACCGCGGTGGAAGTCG-1,0.678332,0.007389,0.072916,0.000042,0.032895,0.208426
ACCGCTAGTCATTGGT-1,0.000496,0.000248,0.000248,0.666135,0.150653,0.182221
ACCGGGCCTTTGTTGA-1,0.288834,0.000059,0.049555,0.009633,0.046019,0.6059
ACCGGTCAGGTACACC-1,0.0003,0.00015,0.00015,0.702937,0.232264,0.064199
ACCGGTCTGAGTACGG-1,0.568232,0.005872,0.029118,0.01143,0.010022,0.375326
ACCGTCCACTGGGCCC-1,0.000108,0.008147,0.096044,0.889068,0.00658,0.000054
ACCGTGACCACGTGGG-1,0.000705,0.000353,0.000352,0.850968,0.000353,0.14727
ACCGTTCCCGCTCTGA-1,0.642152,0.044413,0.002672,0.006575,0.06886,0.235328
ACCTAAGTACCTTTCA-1,0.000815,0.000408,0.000408,0.757035,0.000408,0.240927
ACCTAATCGACTTCCT-1,0.000519,0.085732,0.00026,0.912971,0.000259,0.00026
ACCTACAGTATGTGGT-1,0.647426,0.022659,0.09242,0.00005,0.036748,0.200698
ACCTACTATAAATCTA-1,0.000694,0.000347,0.000347,0.997919,0.000347,0.000347
ACCTCAGCGAGGCGCA-1,0.000191,0.056087,0.131103,0.812428,0.000095,0.000095
ACCTCCGCCCTCGCTG-1,0.521179,0.004126,0.118152,0.016561,0.167087,0.172895
ACCTCCGTTATTCACC-1,0.796091,0.007197,0.039336,0.000041,0.050086,0.107249
ACCTCGAACTTATGCT-1,0.000347,0.000173,0.000173,0.452643,0.541105,0.005558
ACCTGCGTGTCATGTT-1,0.000491,0.000245,0.000245,0.547707,0.421274,0.030037
ACCTTTCCTTTAGAAG-1,0.60141,0.000056,0.064257,0.012894,0.043867,0.277516
ACGAAATGGGCGGCAC-1,0.041488,0.000334,0.000976,0.663725,0.184782,0.108695
ACGACCCATGAGTTGC-1,0.533387,0.000028,0.210118,0.024534,0.083776,0.148158
ACGACTCTAGGGCCGA-1,0.000378,0.048229,0.025224,0.925791,0.000189,0.000189
ACGACTGGTCATACTC-1,0.000427,0.000213,0.042897,0.720438,0.235812,0.000213
ACGAGAACCCATCACG-1,0.023519,0.00039,0.00039,0.635202,0.166265,0.174234
ACGAGATATTTGCTTA-1,0.371004,0.016233,0.000068,0.003885,0.006147,0.602662
ACGAGGATACCACTCT-1,0.04002,0.000318,0.000318,0.660266,0.004563,0.294515
ACGAGGTTTACAACGT-1,0.000643,0.000322,0.000321,0.411812,0.142816,0.444085
ACGAGTACGGATGCCC-1,0.317137,0.006301,0.059503,0.001093,0.040606,0.575359
ACGAGTCGCCGGCGTT-1,0.000446,0.031097,0.000223,0.644681,0.165455,0.158099
ACGATACATAGAACTA-1,0.586322,0.002617,0.000059,0.026697,0.023108,0.361197
ACGATACCTATCCTGA-1,0.00076,0.24628,0.212166,0.540638,0.000078,0.000078
ACGATCATACATAGAG-1,0.900184,0.021191,0.047935,0.004835,0.01087,0.014985
ACGATCATCTTGTAAA-1,0.387073,0.013859,0.081052,0.000069,0.082429,0.435519
ACGATGCATATGTTAT-1,0.00156,0.00078,0.00078,0.573501,0.00078,0.422601
ACGATGGATCCGATGC-1,0.735926,0.004301,0.016962,0.000043,0.008448,0.23432
ACGCAAACTAATAGAT-1,0.001354,0.000677,0.000676,0.787066,0.000677,0.209551
ACGCAATCACTACAGC-1,0.735172,0.017071,0.015484,0.000048,0.011336,0.220889
ACGCATAAATGACATG-1,0.379255,0.000054,0.124486,0.23655,0.198323,0.061331
ACGCATACGTTTACTA-1,0.92142,0.014392,0.035742,0.019611,0.000036,0.008799
ACGCATTCGTGAGTAC-1,0.892104,0.039102,0.037553,0.000747,0.000066,0.030428
ACGCCACTCGAAACAG-1,0.00712,0.175151,0.000156,0.817262,0.000156,0.000156
ACGCCAGATGATTTCT-1,0.114303,0.000086,0.000097,0.002215,0.055644,0.827655
ACGCCAGTGCGTTTGC-1,0.000501,0.00025,0.103915,0.71883,0.176253,0.00025
ACGCCCAGCTGTCGAT-1,0.580318,0.015522,0.088973,0.00004,0.039528,0.275619
ACGCCGCTAGACGACC-1,0.637966,0.012633,0.036651,0.024231,0.092136,0.196384
ACGCCTGACACGCGCT-1,0.063748,0.713051,0.08132,0.098367,0.019566,0.023947
ACGCGAAGTCAGACGA-1,0.119705,0.000536,0.139327,0.338717,0.40118,0.000535
ACGCGCTACACAGGGT-1,0.000897,0.000448,0.000448,0.867372,0.000448,0.130386
ACGCGGGCCAAGGACA-1,0.302378,0.000115,0.000115,0.081228,0.064509,0.551655
ACGCGTTTCTTAAGAG-1,0.000251,0.000125,0.000125,0.647666,0.262642,0.089191
ACGCTACTGAATGGGC-1,0.035391,0.000216,0.189287,0.774674,0.000216,0.000216
ACGCTAGTATCAGTGC-1,0.210825,0.000045,0.140074,0.000045,0.073334,0.575678
ACGCTAGTGATACACT-1,0.594027,0.017219,0.099068,0.028163,0.023104,0.238419
ACGCTGTGAGGCGTAG-1,0.000352,0.000176,0.256307,0.313262,0.429727,0.000176
ACGCTTAGTGTCTCTC-1,0.875381,0.008107,0.00692,0.000032,0.000613,0.108948
ACGGAACACGAGTGCC-1,0.000278,0.000139,0.345551,0.653755,0.000139,0.000139
ACGGAATTTAGCAAAT-1,0.000374,0.000187,0.000187,0.962612,0.000187,0.036452
ACGGACGCAGCGACAA-1,0.000244,0.023174,0.059058,0.592691,0.324711,0.000122
ACGGACTCTCAAAGCG-1,0.000923,0.000461,0.20724,0.790453,0.000461,0.000461
ACGGAGCGCAAATTAC-1,0.943242,0.005063,0.004946,0.00003,0.00003,0.04669
ACGGATGGTGCGGATA-1,0.002541,0.00127,0.112128,0.691791,0.191,0.00127
ACGGCACTTGCTTGGG-1,0.095076,0.00095,0.000951,0.461493,0.00095,0.44058
ACGGCCAACATGGACT-1,0.001394,0.000697,0.000697,0.995818,0.000697,0.000697
ACGGCGACGATGGGAA-1,0.516124,0.050721,0.044372,0.054939,0.086321,0.247523
ACGGCGGGTTGCCCTG-1,0.000729,0.026498,0.085066,0.886979,0.000364,0.000364
ACGGCTGGATGTAGAA-1,0.000406,0.000203,0.000203,0.699431,0.164485,0.135272
ACGGGAGTGTCGGCCC-1,0.000529,0.000264,0.000264,0.895274,0.103404,0.000264
ACGGGCGTATGCGACA-1,0.466848,0.000057,0.141838,0.001505,0.030697,0.359055
ACGGGTCATGTGACTT-1,0.015006,0.619456,0.000109,0.233473,0.086742,0.045215
ACGGGTTGTGACCTGT-1,0.000228,0.000114,0.000114,0.802114,0.197317,0.000114
ACGGTACAGTTCAATG-1,0.109593,0.000283,0.000406,0.810578,0.042588,0.036553
ACGGTCACCGAGAACA-1,0.068857,0.015055,0.075357,0.597356,0.231255,0.01212
ACGTACAGATTTCTCT-1,0.345991,0.181152,0.21353,0.179347,0.000685,0.079296
ACGTACTTTGGCACGG-1,0.000614,0.081039,0.000158,0.573906,0.320478,0.023805
ACGTAGATTGCTGATG-1,0.880751,0.006763,0.012722,0.034743,0.000062,0.064959
ACGTAGGAGAGTCGCT-1,0.065876,0.000463,0.080458,0.792105,0.06015,0.000948
ACGTATTACTCCGATC-1,0.704525,0.048759,0.079028,0.033259,0.015777,0.118652
ACGTCCTAAACGAGAT-1,0.379112,0.012168,0.020305,0.083572,0.021112,0.483732
ACGTCGGGCAACTCGG-1,0.000229,0.000115,0.000115,0.783085,0.144224,0.072232
ACGTCTCGTTCCGGGA-1,0.000308,0.000154,0.000154,0.555173,0.39037,0.053842
ACGTGACAAAGTAAGT-1,0.000274,0.000137,0.000137,0.578703,0.246227,0.17452
ACGTGCGCCTCGTGCA-1,0.011694,0.000101,0.000101,0.000101,0.000101,0.987904
ACGTGGTCGAATGTGC-1,0.827532,0.004971,0.009993,0.000027,0.00149,0.155987
ACGTTAATGTCGAAGA-1,0.221825,0.001996,0.138756,0.031589,0.183849,0.421985
ACGTTAGATTTGCCCG-1,0.000723,0.000362,0.000361,0.721867,0.203258,0.07343
ACGTTATTGGTCACTC-1,0.000625,0.000312,0.000312,0.66052,0.075293,0.262937
ACGTTCACTATGCCGC-1,0.057892,0.05021,0.027607,0.863904,0.000193,0.000193
ACGTTCCGCGCTCCGT-1,0.38103,0.021311,0.000059,0.000059,0.0043,0.593241
ACGTTCGCAATCAATT-1,0.754581,0.011673,0.000043,0.000043,0.01125,0.222411
ACGTTCGTTCAGGAAA-1,0.001036,0.000518,0.000518,0.994261,0.003149,0.000518
ACGTTCTGTACAAGTC-1,0.001157,0.000579,0.000578,0.853357,0.000579,0.14375
ACGTTGTCGTTGAAAG-1,0.003149,0.041702,0.131703,0.804875,0.018455,0.000116
ACGTTTAGTTGTGATC-1,0.244899,0.004529,0.000093,0.035699,0.000093,0.714688
ACGTTTCGGTGCACTT-1,0.103012,0.000339,0.11961,0.776363,0.000338,0.000338
ACTAAGGACGCACACC-1,0.155324,0.000047,0.000047,0.000047,0.016928,0.827606
ACTAATACGTCAGGCG-1,0.266055,0.000064,0.007021,0.006777,0.038117,0.681967
ACTACAAAGAGAGGTG-1,0.000473,0.000236,0.157202,0.841616,0.000236,0.000236
ACTACATCCCGACAAG-1,0.000185,0.000093,0.041344,0.753072,0.205213,0.000093
ACTACCAGCTCTCTGG-1,0.001157,0.000579,0.000579,0.422251,0.114546,0.460888
ACTACCATCCGAGGGC-1,0.00026,0.00013,0.147999,0.749318,0.102162,0.00013
ACTACGCGTTAGAATT-1,0.000906,0.074264,0.097095,0.82683,0.000453,0.000453
ACTAGTTGCGATCGTC-1,0.858693,0.050534,0.012664,0.000044,0.000044,0.078022
ACTATATGCTGTGTTC-1,0.804993,0.01047,0.006016,0.02988,0.000061,0.14858
ACTATCCAGGGCATGG-1,0.853155,0.004772,0.115055,0.00003,0.004225,0.022762
ACTATCGCCGGCTAAA-1,0.02777,0.620022,0.227828,0.049749,0.074586,0.000046
ACTATCTGCCCGCGTA-1,0.495518,0.037972,0.158183,0.000037,0.040493,0.267797
ACTATGTCCAGCTGCC-1,0.000356,0.000178,0.139646,0.657516,0.202126,0.000178
ACTATTCGTCCGTGGT-1,0.304624,0.015796,0.00919,0.000073,0.036918,0.633399
ACTATTTCCGGGCCCA-1,0.068866,0.000454,0.000454,0.704979,0.052483,0.172763
ACTCAACGAATGTATT-1,0.000732,0.000366,0.000366,0.740414,0.000366,0.257756
ACTCAAGTGCAAGGCT-1,0.104837,0.000477,0.000477,0.893256,0.000477,0.000477
ACTCAATAAAGGCACG-1,0.370302,0.034717,0.025097,0.037967,0.022835,0.509082
ACTCAGACCTGCTTCT-1,0.370223,0.00007,0.003371,0.060297,0.044598,0.521441
ACTCATGGCAGCCTTC-1,0.000366,0.000183,0.000183,0.507933,0.441651,0.049685
