Barcode,Topic 1,Topic 2,Topic 3,Topic 4,Topic 5,Topic 6,Topic 7,Topic 8,Topic 9,Topic 10
AAACAACGAATAGTTC-1,0.001467,0.000033,0.004873,0.051231,0.000033,0.000033,0.000033,0.000033,0.217366,0.724899
AAACAAGTATCTCCCA-1,0.538568,0.000051,0.04413,0.404114,0.000051,0.000051,0.000051,0.000051,0.009569,0.003364
AAACAATCTACTAGCA-1,0.000037,0.000037,0.042469,0.36878,0.000037,0.000037,0.000037,0.000326,0.582001,0.006237
AAACACCAATAACTGC-1,0.01394,0.011429,0.273369,0.288881,0.000029,0.141514,0.168733,0.032535,0.010304,0.059265
AAACAGAGCGACTCCT-1,0.097809,0.000048,0.00008,0.172189,0.000048,0.000048,0.000048,0.000048,0.178361,0.551323
AAACAGCTTTCAGAAG-1,0.000105,0.078855,0.255569,0.488094,0.000105,0.047547,0.000105,0.000105,0.112627,0.01689
AAACAGGGTCTATATT-1,0.011847,0.000049,0.038984,0.407347,0.000049,0.000049,0.078307,0.077048,0.134738,0.251581
AAACAGTGTTCCTGGG-1,0.000017,0.000017,0.375867,0.183512,0.004116,0.354232,0.062456,0.01458,0.002107,0.003097
AAACATGGTGAGAGGA-1,0.000033,0.000033,0.589965,0.363842,0.000033,0.027398,0.0186,0.000033,0.000033,0.000033
AAACATTTCCCGGATT-1,0.019592,0.008992,0.265646,0.161402,0.000026,0.180234,0.138761,0.056215,0.02477,0.144361
AAACCACTACACAGAT-1,0.012842,0.00816,0.400214,0.174335,0.000024,0.210895,0.076685,0.028311,0.083762,0.004772
AAACCCGAACGAAATC-1,0.009857,0.013107,0.084197,0.834761,0.000033,0.000033,0.006161,0.000033,0.050304,0.001515
AAACCGGAAATGTTAA-1,0.100405,0.002849,0.226499,0.076289,0.000023,0.309747,0.083617,0.076991,0.027508,0.096072
AAACCGGGTAGGTACC-1,0.000019,0.404807,0.100051,0.031889,0.000019,0.215846,0.060502,0.160875,0.019781,0.006211
AAACCGTTCGTCCAGG-1,0.000031,0.000031,0.194156,0.276819,0.000031,0.06735,0.031204,0.043819,0.107823,0.278735
AAACCTAAGCAGCCGG-1,0.147624,0.00076,0.183364,0.458072,0.000026,0.058452,0.033312,0.009452,0.049596,0.059342
AAACCTCATGAAGTTG-1,0.000052,0.000052,0.310867,0.236674,0.000052,0.124075,0.053545,0.076254,0.182943,0.015486
AAACGAAGAACATACC-1,0.000019,0.018216,0.039078,0.023397,0.000019,0.559804,0.10222,0.160871,0.061938,0.034438
AAACGAAGATGGAGTA-1,0.00305,0.000086,0.02996,0.453311,0.000086,0.315084,0.012897,0.000447,0.045961,0.139117
AAACGACAGTCTTGCC-1,0.000032,0.08746,0.309146,0.424162,0.000032,0.103759,0.038033,0.027701,0.009643,0.000032
AAACGAGACGGTTGAT-1,0.992033,0.000885,0.000885,0.000885,0.000885,0.000885,0.000885,0.000885,0.000885,0.000885
AAACGCCCGAGATCGG-1,0.079096,0.018661,0.065521,0.363044,0.000044,0.013581,0.026503,0.127918,0.183574,0.122057
AAACGCTGGGCACGAC-1,0.064303,0.007846,0.214572,0.299455,0.000017,0.049114,0.033649,0.042719,0.132025,0.1563
AAACGGGCGTACGGGT-1,0.087877,0.000035,0.218453,0.507733,0.000035,0.017267,0.037452,0.005752,0.040075,0.085322
AAACGGGTTGGTATCC-1,0.000058,0.000058,0.125396,0.523851,0.000058,0.035509,0.048076,0.032317,0.23462,0.000058
AAACGGTTGCGAACTG-1,0.031653,0.000038,0.348626,0.216172,0.000028,0.23231,0.053099,0.065501,0.028284,0.024288
AAACGTGTTCGCCCTA-1,0.258382,0.000062,0.025129,0.554816,0.009375,0.000062,0.000062,0.000062,0.102395,0.049657
AAACTAACGTGGCGAC-1,0.008343,0.000048,0.177848,0.78028,0.000048,0.000048,0.014939,0.000048,0.016672,0.001725
AAACTCGGTTCGCAAT-1,0.012734,0.027259,0.133418,0.17807,0.000032,0.181631,0.116976,0.036277,0.067791,0.245813
AAACTCGTGATATAAG-1,0.274481,0.000071,0.069815,0.655205,0.000071,0.000071,0.000071,0.000071,0.000071,0.000071
AAACTGCTGGCTCCAA-1,0.138377,0.041976,0.079897,0.115051,0.000025,0.099361,0.139137,0.124618,0.110098,0.15146
AAACTTAATTGCACGC-1,0.100062,0.025166,0.163608,0.327844,0.000025,0.163267,0.156567,0.037619,0.007289,0.018553
AAACTTGCAAACGTAT-1,0.000025,0.048414,0.295533,0.114302,0.000025,0.461894,0.04707,0.02772,0.004992,0.000025
AAAGAATGACCTTAGA-1,0.02694,0.000046,0.169838,0.045183,0.001252,0.238155,0.12311,0.063978,0.143697,0.187802
AAAGAATGTGGACTAA-1,0.004539,0.000342,0.48932,0.212367,0.000019,0.20481,0.035076,0.021155,0.016657,0.015715
AAAGACATGAAGTTTA-1,0.0669,0.02525,0.105081,0.015483,0.007384,0.481023,0.06582,0.151186,0.066386,0.015487
AAAGACCCAAGTCGCG-1,0.040361,0.013885,0.013851,0.151246,0.004198,0.000049,0.000049,0.000049,0.488496,0.287816
AAAGACTGGGCGCTTT-1,0.079945,0.000105,0.268411,0.276037,0.000105,0.106746,0.006892,0.000105,0.261549,0.000105
AAAGCTTGCCTACATA-1,0.928464,0.00022,0.038631,0.031366,0.00022,0.00022,0.00022,0.00022,0.00022,0.00022
AAAGGCCCTATAATAC-1,0.024157,0.001983,0.137245,0.095225,0.002102,0.428567,0.09705,0.052579,0.027127,0.133965
AAAGGCTACGGACCAT-1,0.025273,0.047212,0.119997,0.046257,0.00216,0.364084,0.056084,0.237013,0.035979,0.06594
AAAGGCTCTCGCGCCG-1,0.164207,0.000472,0.093492,0.45623,0.000041,0.010999,0.051707,0.009778,0.025957,0.187116
AAAGGGATGTAGCAAG-1,0.000048,0.000048,0.077069,0.385784,0.04277,0.139315,0.300538,0.007287,0.047094,0.000048
AAAGGGCAGCTTGAAT-1,0.033247,0.027079,0.115175,0.047935,0.02663,0.470557,0.062843,0.082595,0.127598,0.006343
AAAGGTAAGCTGTACC-1,0.051126,0.018039,0.172206,0.246593,0.000032,0.229983,0.084189,0.117211,0.044949,0.035672
AAAGGTCAACGACATG-1,0.075413,0.000045,0.53066,0.261071,0.000045,0.028483,0.079218,0.005218,0.009385,0.010461
AAAGTAGCATTGCTCA-1,0.060522,0.000049,0.208492,0.702089,0.000049,0.000049,0.00485,0.000049,0.018713,0.005137
AAAGTCACTGATGTAA-1,0.013314,0.000062,0.096286,0.853606,0.000062,0.000062,0.000062,0.000062,0.033097,0.003385
AAAGTCGACCCTCAGT-1,0.006627,0.00239,0.047007,0.157249,0.000053,0.074465,0.243332,0.254259,0.164615,0.050005
AAAGTGCCATCAATTA-1,0.000019,0.000019,0.176517,0.70925,0.000019,0.00351,0.009442,0.00552,0.02904,0.066662
AAAGTGTGATTTATCT-1,0.024572,0.004678,0.267384,0.478067,0.000028,0.082327,0.088887,0.018707,0.035107,0.000242
AAAGTTGACTCCCGTA-1,0.017604,0.010181,0.140655,0.041611,0.001386,0.301328,0.133868,0.068285,0.088206,0.196876
AAATAACCATACGGGA-1,0.027537,0.00003,0.130876,0.385828,0.00003,0.109105,0.029122,0.064928,0.130984,0.121558
AAATAAGGTAGTGCCC-1,0.157884,0.000052,0.12601,0.365607,0.000052,0.000052,0.068639,0.013287,0.126778,0.141639
AAATACCTATAAGCAT-1,0.022339,0.026222,0.268749,0.083578,0.000018,0.406688,0.109724,0.032533,0.030118,0.020031
AAATAGCTTAGACTTT-1,0.005122,0.003928,0.195708,0.310865,0.000032,0.131708,0.130414,0.105119,0.006851,0.110253
AAATAGGGTGCTATTG-1,0.028621,0.050216,0.170211,0.375671,0.00004,0.124916,0.05096,0.026544,0.070322,0.102499
AAATCACTCCTAAACG-1,0.07983,0.021199,0.25593,0.416323,0.000028,0.061271,0.09955,0.046407,0.014997,0.004465
AAATCCGATACACGCC-1,0.00601,0.010178,0.226695,0.44401,0.000026,0.108359,0.070876,0.021104,0.059192,0.053549
AAATCGCGGAAGGAGT-1,0.000085,0.000085,0.232559,0.11965,0.000085,0.0617,0.326759,0.000265,0.17737,0.08144
AAATCGTGTACCACAA-1,0.000041,0.000041,0.135858,0.798853,0.007853,0.000041,0.003524,0.002836,0.037518,0.013437
AAATCTAGCCCTGCTA-1,0.000031,0.000031,0.263337,0.656833,0.000031,0.03846,0.030251,0.002941,0.001798,0.006287
AAATCTGCCCGCGTCC-1,0.000032,0.000032,0.329527,0.648286,0.000032,0.000032,0.012863,0.000032,0.006295,0.002869
AAATGATTCGATCAGC-1,0.359582,0.00009,0.00009,0.639695,0.00009,0.00009,0.00009,0.00009,0.00009,0.00009
AAATGCTCGTTACGTT-1,0.011201,0.062968,0.199391,0.303045,0.000059,0.026666,0.336456,0.033701,0.026453,0.000059
AAATGGCATGTCTTGT-1,0.000049,0.01273,0.132961,0.281295,0.000049,0.152053,0.206721,0.0374,0.119862,0.056881
AAATGGCCCGTGCCCT-1,0.080388,0.00024,0.16105,0.232694,0.000031,0.197506,0.224007,0.018669,0.056931,0.028483
AAATGGTCAATGTGCC-1,0.000036,0.000496,0.107347,0.106039,0.001788,0.221508,0.052592,0.142435,0.176143,0.191616
AAATGTATCTTATCCC-1,0.000046,0.087566,0.1699,0.073491,0.024279,0.243603,0.098443,0.089797,0.049766,0.163107
AAATGTGGGTGCTCCT-1,0.004742,0.023061,0.05594,0.064704,0.00002,0.365625,0.072541,0.181329,0.216126,0.015912
AAATTAACGGGTAGCT-1,0.049006,0.05553,0.05632,0.052739,0.000038,0.11189,0.146961,0.279865,0.040104,0.207548
AAATTAATAAGCGCGA-1,0.000056,0.000056,0.21633,0.290384,0.000056,0.070337,0.234929,0.017817,0.053391,0.116646
AAATTACACGACTCTG-1,0.074991,0.000042,0.165778,0.574634,0.000042,0.062316,0.02618,0.012546,0.061844,0.021627
AAATTACCTATCGATG-1,0.893394,0.000568,0.000568,0.086694,0.015934,0.000568,0.000568,0.000568,0.000568,0.000568
AAATTCCAGGTCCAAA-1,0.207161,0.000062,0.036032,0.756373,0.000062,0.000062,0.000062,0.000062,0.000062,0.000062
AAATTGATAGTCCTTT-1,0.055944,0.010975,0.156418,0.076098,0.000022,0.250849,0.189453,0.029687,0.000711,0.229843
AAATTGCGGCGGTTCT-1,0.000055,0.069929,0.409597,0.292621,0.000055,0.092835,0.068277,0.014415,0.052163,0.000055
AAATTGGTGAGAAGCA-1,0.353756,0.000137,0.049787,0.576356,0.017766,0.000137,0.000137,0.000137,0.001648,0.000137
AAATTTACCGAAATCC-1,0.113774,0.000039,0.201088,0.294377,0.006247,0.069569,0.114016,0.030969,0.164473,0.005449
AAATTTGCGGGTGTGG-1,0.000072,0.000072,0.08812,0.770874,0.000072,0.000072,0.000081,0.000072,0.140491,0.000072
AACAACTGGTAGTTGC-1,0.000053,0.002293,0.198507,0.224159,0.000053,0.04219,0.166911,0.092865,0.185451,0.087517
AACAATACATTGTCGA-1,0.000023,0.00146,0.222748,0.25778,0.000023,0.238534,0.069343,0.06431,0.02204,0.123739
AACAATTACTCTACGC-1,0.000027,0.080025,0.094553,0.08538,0.000027,0.228558,0.180385,0.149959,0.170979,0.010107
AACACACGCTCGCCGC-1,0.022017,0.000038,0.213679,0.433011,0.000038,0.039772,0.009712,0.005532,0.111178,0.165024
AACACGACTGTACTGA-1,0.006219,0.005551,0.289707,0.209571,0.000028,0.179007,0.057269,0.06479,0.15283,0.035028
AACACGAGACGCGGCC-1,0.002394,0.053421,0.246565,0.272194,0.000033,0.060757,0.149638,0.112429,0.045212,0.057357
AACACGCGGCCGCGAA-1,0.080533,0.000052,0.06958,0.480851,0.000052,0.002757,0.067467,0.006458,0.292199,0.000052
AACAGCTGTGTGGCAA-1,0.000018,0.019087,0.253002,0.159055,0.000018,0.294075,0.091684,0.068802,0.006811,0.107448
AACAGGAAATCGAATA-1,0.024161,0.000045,0.267009,0.182196,0.000045,0.162132,0.057856,0.032204,0.114061,0.16029
AACAGGATGGGCCGCG-1,0.000055,0.044243,0.118476,0.348921,0.007668,0.072239,0.169246,0.095271,0.132564,0.011317
AACAGGTAGTATGGAT-1,0.25519,0.000041,0.179381,0.496311,0.000041,0.000963,0.017626,0.013004,0.032777,0.004665
AACATATCAACTGGTG-1,0.190963,0.000054,0.289076,0.261635,0.000054,0.199565,0.051534,0.000054,0.000054,0.00701
AACATCGATACGTCTA-1,0.791063,0.000195,0.000195,0.192763,0.000195,0.000195,0.000195,0.000195,0.014807,0.000195
AACATTGAAGTTGATC-1,0.004094,0.000036,0.315158,0.655883,0.000036,0.000036,0.003705,0.000036,0.011276,0.00974
AACATTGGTCAGCCGT-1,0.000053,0.004395,0.231994,0.54115,0.000053,0.000053,0.053549,0.090187,0.075972,0.002594
AACATTGTGACTCGAG-1,0.041546,0.040889,0.256113,0.483958,0.000031,0.048068,0.028162,0.024179,0.037395,0.039659
AACCAAGACTTCTCTG-1,0.039611,0.000075,0.124742,0.051572,0.00481,0.029207,0.12499,0.017311,0.567684,0.039998
AACCAGTATCACTCTT-1,0.003502,0.155408,0.054003,0.154293,0.005272,0.023357,0.056934,0.161638,0.232685,0.15291
AACCATAGGGTTGAAC-1,0.036523,0.000043,0.06552,0.851138,0.000043,0.000043,0.003674,0.000043,0.009384,0.033588
AACCATGGGATCGCTA-1,0.011326,0.037427,0.176855,0.137066,0.000037,0.282806,0.07724,0.125773,0.151433,0.000037
AACCCAGAGACGGAGA-1,0.02228,0.000033,0.120718,0.067628,0.000033,0.327791,0.042145,0.303702,0.034847,0.080822
AACCCATCCCATGATC-1,0.001446,0.000032,0.109311,0.449944,0.008818,0.037337,0.12014,0.03764,0.0309,0.204433
AACCCGACAACCCGTG-1,0.000029,0.028438,0.202618,0.511252,0.000029,0.041671,0.170301,0.011879,0.029898,0.003884
AACCCGAGCAGAATCG-1,0.006797,0.003138,0.253598,0.484271,0.000034,0.051527,0.011429,0.024063,0.022925,0.142218
AACCCGATAGGGCTTC-1,0.000031,0.000031,0.464848,0.512359,0.000031,0.010663,0.006636,0.000031,0.005339,0.000031
AACCCTACTGTCAATA-1,0.038692,0.007063,0.23904,0.404846,0.077058,0.108787,0.03825,0.01871,0.054671,0.012883
AACCCTGGTGGAACCA-1,0.027541,0.007327,0.231764,0.114607,0.000029,0.186142,0.04085,0.173215,0.192966,0.025559
AACCGAGCTTGGTCAT-1,0.000037,0.036214,0.11345,0.167308,0.000037,0.347064,0.208864,0.015883,0.075939,0.035204
AACCGCTAAGGGATGC-1,0.013727,0.021585,0.21538,0.122229,0.000025,0.475329,0.087557,0.033902,0.027975,0.00229
AACCGTTGTGTTTGCT-1,0.02764,0.000063,0.143813,0.664579,0.000063,0.000063,0.035605,0.000063,0.127937,0.000172
AACCTAAAGCCGTCCG-1,0.000025,0.022169,0.22686,0.155359,0.005506,0.217442,0.14328,0.101802,0.118548,0.009009
AACCTCGCTTTAGCCC-1,0.109305,0.057522,0.222,0.372002,0.000036,0.0277,0.08366,0.009345,0.053192,0.065238
AACCTGTCACGGAATT-1,0.906376,0.000807,0.000807,0.087171,0.000807,0.000807,0.000807,0.000807,0.000807,0.000807
AACCTTTAAATACGGT-1,0.016057,0.009072,0.217085,0.113042,0.000024,0.303626,0.178188,0.060978,0.067875,0.034054
AACCTTTACGACGTCT-1,0.000054,0.000054,0.129194,0.870269,0.000054,0.000054,0.000054,0.000054,0.000159,0.000054
AACGAAAGTCGTCCCA-1,0.000043,0.000043,0.073117,0.92654,0.000043,0.000043,0.000043,0.000043,0.000043,0.000043
AACGACCTCCTAGCCG-1,0.009108,0.042913,0.285619,0.400559,0.000019,0.074493,0.091087,0.03289,0.030876,0.032435
AACGATAATGCCGTAG-1,0.000025,0.001726,0.219992,0.16473,0.000025,0.199276,0.096752,0.197342,0.105563,0.014571
AACGATAGAAGGGCCG-1,0.080227,0.000061,0.05807,0.847094,0.000061,0.000061,0.000061,0.000061,0.014245,0.000061
AACGATATGTCAACTG-1,0.000975,0.000047,0.067937,0.290745,0.006241,0.203216,0.066483,0.045612,0.149561,0.169182
AACGCATGATCTGGGT-1,0.596907,0.001493,0.001493,0.39115,0.001493,0.001493,0.001493,0.001493,0.001493,0.001493
AACGCGAACGGCAACA-1,0.040072,0.001579,0.06382,0.30189,0.008014,0.000051,0.047468,0.082041,0.380951,0.074114
AACGCGACCTTGGGCG-1,0.000021,0.001172,0.276752,0.060406,0.000021,0.386543,0.141167,0.10756,0.013417,0.012939
AACGCGGTCTCCAGCC-1,0.000036,0.000036,0.025378,0.425467,0.000036,0.000448,0.026242,0.041629,0.278224,0.202504
AACGCTGTTGCTGAAA-1,0.000021,0.000021,0.10169,0.381082,0.000021,0.212113,0.187383,0.039229,0.014153,0.064287
AACGGACGTACGTATA-1,0.000028,0.003112,0.102587,0.384953,0.002423,0.131182,0.055548,0.023538,0.101542,0.195086
AACGGCCATCTCCGGT-1,0.000038,0.017959,0.177699,0.251654,0.000038,0.137398,0.032391,0.064067,0.146874,0.171882
AACGTACTGTGGGTAC-1,0.051106,0.00006,0.211877,0.371188,0.00006,0.081653,0.086363,0.053919,0.027331,0.116443
AACGTAGTCTACCCAT-1,0.000035,0.000035,0.081148,0.410106,0.000035,0.001422,0.015974,0.06821,0.331083,0.091953
AACGTCAGACTAGTGG-1,0.093618,0.000071,0.042334,0.551541,0.000071,0.000678,0.227856,0.000665,0.024816,0.058351
AACGTCGCTGCACTTC-1,0.000019,0.001184,0.371481,0.397072,0.071135,0.080023,0.026807,0.00807,0.025009,0.019201
AACGTGATGAAGGACA-1,0.065851,0.005452,0.223281,0.229778,0.000035,0.131362,0.109463,0.12855,0.089592,0.016636
AACGTGCGAAAGTCTC-1,0.087848,0.000045,0.180618,0.403266,0.000045,0.034756,0.238556,0.022089,0.02,0.012776
AACGTTATCAGCACCT-1,0.046176,0.000041,0.176337,0.093951,0.000041,0.133383,0.086847,0.290014,0.065278,0.107931
AACTACCCGTTTGTCA-1,0.044134,0.000033,0.450943,0.38133,0.000033,0.046485,0.029116,0.004524,0.017296,0.026106
AACTAGCGTATCGCAC-1,0.000033,0.020334,0.346339,0.316583,0.005,0.043452,0.102862,0.065168,0.100196,0.000033
AACTAGGCTTGGGTGT-1,0.176471,0.000041,0.049113,0.611344,0.005651,0.000041,0.000041,0.000041,0.055144,0.10211
AACTCAAGTTAATTGC-1,0.000084,0.000084,0.024467,0.877389,0.000084,0.000084,0.012572,0.000084,0.047999,0.037154
AACTCCAGAGCGTGTT-1,0.028249,0.062231,0.039406,0.110279,0.753414,0.000022,0.002617,0.00097,0.00279,0.000022
AACTCCTAATCCCATG-1,0.04101,0.000036,0.289737,0.450535,0.000036,0.036083,0.015247,0.030365,0.063635,0.073314
AACTCGATAAACACGT-1,0.000029,0.006833,0.016593,0.011956,0.001994,0.18414,0.074271,0.292176,0.336517,0.075491
AACTCGATGGCGCAGT-1,0.879556,0.000376,0.000376,0.000376,0.000376,0.000376,0.000376,0.000376,0.000376,0.117436
AACTCTCAATAGAGCG-1,0.060344,0.000038,0.338763,0.377874,0.000038,0.165878,0.056951,0.000038,0.000038,0.000038
AACTCTCAGTGTGCTC-1,0.012849,0.051933,0.105792,0.323384,0.000033,0.229288,0.160433,0.008615,0.000601,0.107073
AACTGAGGTCAGCGTC-1,0.000053,0.000053,0.323974,0.368883,0.000053,0.020848,0.042085,0.03299,0.183204,0.027856
AACTGAGTTATACTGA-1,0.852298,0.000116,0.117899,0.026982,0.000116,0.000116,0.000116,0.000116,0.002128,0.000116
AACTGATATTAGGCCT-1,0.000032,0.000372,0.187028,0.278269,0.002911,0.222758,0.05001,0.130013,0.078255,0.050353
AACTGGGTCCCGACGT-1,0.000037,0.003952,0.195835,0.314052,0.003244,0.117115,0.197265,0.003759,0.144087,0.020654
AACTGGGTTCGAGCCG-1,0.352183,0.000053,0.029933,0.258731,0.052732,0.025814,0.050326,0.078704,0.098753,0.05277
AACTGGTGTGGGCCTT-1,0.000048,0.000048,0.154695,0.448259,0.000048,0.016773,0.080511,0.022706,0.260763,0.016148
AACTTCTGCGTCTATC-1,0.029804,0.000058,0.034694,0.012533,0.000058,0.465487,0.338609,0.0046,0.045082,0.069076
AACTTGCCCGTATGCA-1,0.000033,0.181141,0.070655,0.057459,0.003982,0.083442,0.223928,0.205752,0.17348,0.000127
AACTTGCGTTCTCGCG-1,0.0419,0.017296,0.111531,0.116843,0.000044,0.31327,0.300687,0.067945,0.018495,0.011988
AACTTTACGGGAGCTT-1,0.000046,0.005753,0.170469,0.183806,0.000046,0.533761,0.054315,0.006213,0.019124,0.026467
AACTTTAGCTGCTGAG-1,0.000037,0.000037,0.231444,0.233475,0.000037,0.065181,0.141483,0.010868,0.317403,0.000037
AACTTTCTCGATCATG-1,0.099523,0.000075,0.000075,0.899876,0.000075,0.000075,0.000075,0.000075,0.000075,0.000075
AAGAAATCACCAGATT-1,0.144032,0.000042,0.211084,0.643681,0.000042,0.000042,0.000042,0.000042,0.000952,0.000042
AAGAAGGATCAGTTAG-1,0.023215,0.033702,0.084332,0.036918,0.003396,0.304678,0.065391,0.055202,0.352595,0.04057
AAGACATACGTGGTTT-1,0.000258,0.000028,0.072443,0.601675,0.000028,0.005075,0.014643,0.021551,0.118037,0.166263
AAGACCAAATAACTCA-1,0.00005,0.00005,0.271978,0.716121,0.00005,0.00005,0.002245,0.00005,0.009357,0.00005
AAGACCCAACTGAACA-1,0.018688,0.005858,0.136482,0.116632,0.000019,0.520886,0.068426,0.084445,0.021698,0.026867
AAGACTAACCCGTTGT-1,0.059924,0.062502,0.112385,0.039343,0.000031,0.154742,0.287685,0.101622,0.160802,0.020964
AAGACTCACGCCCACT-1,0.103221,0.043299,0.089192,0.081565,0.001132,0.13847,0.157898,0.203269,0.124607,0.057346
AAGACTGCAAGCTACT-1,0.013055,0.000036,0.052047,0.0746,0.000036,0.056311,0.347244,0.045038,0.050563,0.36107
AAGAGATGAATCGGTA-1,0.088952,0.000068,0.094227,0.478622,0.002903,0.01696,0.177535,0.062458,0.055733,0.022541
AAGAGCTCTTTATCGG-1,0.833773,0.000263,0.000263,0.031331,0.000263,0.000263,0.000263,0.000263,0.133058,0.000263
AAGAGGATGTACGCGA-1,0.000042,0.067097,0.198374,0.065068,0.000042,0.265645,0.078426,0.201784,0.123481,0.000042
AAGAGGCATGGATCGC-1,0.995945,0.000451,0.000451,0.000451,0.000451,0.000451,0.000451,0.000451,0.000451,0.000451
AAGAGGCCCTTTGGAA-1,0.005055,0.000044,0.109291,0.879409,0.000044,0.000044,0.000044,0.000044,0.005556,0.000468
AAGATGGCACCGGACC-1,0.000018,0.001394,0.078872,0.050657,0.000018,0.574158,0.090101,0.084056,0.009154,0.111573
AAGATTGGCGGAACGT-1,0.979065,0.002326,0.002326,0.002326,0.002326,0.002326,0.002326,0.002326,0.002326,0.002326
AAGCACCCTGCGTATC-1,0.000023,0.007618,0.185655,0.182421,0.002727,0.343689,0.103909,0.054593,0.045168,0.074198
AAGCATACTCTCCTGA-1,0.000024,0.017797,0.138729,0.07152,0.00143,0.24706,0.103781,0.278287,0.088448,0.052924
AAGCCGAAGCGGTTTA-1,0.879087,0.038985,0.000051,0.000051,0.000051,0.000051,0.01129,0.001876,0.000064,0.068496
AAGCCGCCGTGAAATC-1,0.013985,0.005909,0.304949,0.229162,0.000026,0.116376,0.064476,0.036485,0.084975,0.143657
AAGCCGCTTTACCTTG-1,0.527063,0.000112,0.017385,0.454766,0.000112,0.000112,0.000112,0.000112,0.000112,0.000112
AAGCCGGAGAGCAGGA-1,0.000024,0.000024,0.250472,0.418394,0.000024,0.284949,0.029581,0.010471,0.004656,0.001404
AAGCGCAGGGCTTTGA-1,0.006039,0.014343,0.055889,0.042199,0.000028,0.428811,0.147236,0.064599,0.016192,0.224665
AAGCGGAGTGCGCGCA-1,0.102204,0.000049,0.056554,0.840022,0.000049,0.000049,0.000049,0.000049,0.000929,0.000049
AAGCGGCGTCATGGGT-1,0.000039,0.000039,0.266838,0.46877,0.000039,0.192329,0.013211,0.002993,0.055702,0.000039
AAGCGTCCCTCATCGA-1,0.000023,0.007328,0.265758,0.133328,0.000023,0.342935,0.178563,0.042207,0.0021,0.027734
AAGCTAGATCGAGTAA-1,0.050555,0.040402,0.02557,0.007116,0.00557,0.447199,0.060596,0.196177,0.053858,0.112958
AAGCTCGTGCCAAGTC-1,0.430758,0.000118,0.000118,0.000118,0.000118,0.000118,0.000118,0.219175,0.000118,0.349241
AAGCTCTTTCATGGTG-1,0.056095,0.010233,0.134725,0.369518,0.000038,0.0543,0.223382,0.020189,0.114161,0.01736
AAGGAGAACTTATAAG-1,0.074697,0.041663,0.08587,0.259658,0.000039,0.000039,0.029981,0.045197,0.439801,0.023056
AAGGAGCGGTTGGTGC-1,0.043493,0.038692,0.265807,0.048543,0.000057,0.299283,0.141846,0.034377,0.025011,0.102892
AAGGATCGATCGCTTG-1,0.048129,0.000039,0.297023,0.416373,0.000038,0.016648,0.022769,0.057481,0.08685,0.05465
AAGGATGAGGGACCTC-1,0.991889,0.000901,0.000901,0.000901,0.000901,0.000901,0.000901,0.000901,0.000901,0.000901
AAGGCAGGCTGTCTCC-1,0.268845,0.000047,0.051473,0.679352,0.000047,0.000047,0.000047,0.000047,0.000047,0.000047
AAGGCGCGTAAAGCTT-1,0.022672,0.008251,0.160367,0.487767,0.024728,0.070447,0.113939,0.018735,0.05841,0.034685
AAGGCTGTGCTCATCG-1,0.019585,0.000095,0.075642,0.709191,0.143979,0.000095,0.000095,0.000095,0.050073,0.00115
AAGGGAACGACTGGCT-1,0.051336,0.013024,0.265316,0.185554,0.000026,0.276706,0.098217,0.045683,0.014289,0.04985
AAGGGACAGATTCTGT-1,0.996169,0.000426,0.000426,0.000426,0.000426,0.000426,0.000426,0.000426,0.000426,0.000426
AAGGGACTATGCATTC-1,0.000023,0.002225,0.136707,0.174717,0.000023,0.112384,0.127367,0.254866,0.070294,0.121393
AAGGGTTTGATTTCAG-1,0.001631,0.000051,0.051864,0.636363,0.000051,0.023402,0.005817,0.005485,0.032751,0.242586
AAGGTATCCTAATATA-1,0.683648,0.000781,0.000781,0.3101,0.000781,0.000781,0.000781,0.000781,0.000781,0.000781
AAGGTGATAAACCAGC-1,0.002996,0.000034,0.25278,0.636002,0.000034,0.00153,0.027946,0.007559,0.043397,0.027722
AAGTAAGCTTCCAAAC-1,0.000016,0.00123,0.21378,0.054591,0.003637,0.651577,0.038355,0.021671,0.015125,0.000016
AAGTAGAAGACCGGGT-1,0.012729,0.000047,0.129799,0.136221,0.011854,0.166492,0.125778,0.282063,0.07468,0.060337
AAGTAGTGACGCGAGG-1,0.000048,0.007872,0.165626,0.188562,0.000048,0.046304,0.212876,0.025406,0.315616,0.037642
AAGTCAATTGTCGTCA-1,0.024559,0.00003,0.306189,0.13086,0.00003,0.246042,0.155016,0.019811,0.06599,0.051474
AAGTCTAGTAGCTGCC-1,0.068618,0.000057,0.015225,0.915756,0.000057,0.000057,0.000057,0.000057,0.000057,0.000057
AAGTCTTCTGTGGCCT-1,0.050623,0.000062,0.44789,0.083552,0.000062,0.124042,0.131854,0.116281,0.032214,0.013419
AAGTGACGACCGAATT-1,0.000059,0.000059,0.422933,0.493262,0.000059,0.000059,0.041835,0.016128,0.025548,0.000059
AAGTGAGTCGGGTTTA-1,0.019759,0.002449,0.153726,0.06166,0.000019,0.355244,0.192598,0.092178,0.02673,0.095638
AAGTGCAAAGGTAGAC-1,0.002945,0.612915,0.067404,0.300958,0.00003,0.000032,0.009415,0.00003,0.006242,0.00003
AAGTGCCTTGACTGTA-1,0.283339,0.013587,0.253317,0.185978,0.000041,0.118308,0.061333,0.049319,0.024198,0.010581
AAGTGCGTTAGAATCT-1,0.020774,0.000058,0.076256,0.828533,0.000058,0.000058,0.000146,0.000058,0.042637,0.031422
AAGTGCTTCTCTATTG-1,0.033312,0.000028,0.223437,0.145207,0.000028,0.252246,0.11117,0.088842,0.040683,0.105049
AAGTGTTTGGAGACGG-1,0.049465,0.000037,0.296441,0.233846,0.00387,0.227132,0.101873,0.045342,0.033645,0.008349
AAGTTCACTCCAAGCT-1,0.050448,0.000037,0.29349,0.39312,0.000037,0.055748,0.191213,0.001587,0.009994,0.004326
AAGTTCAGTCTGCGTA-1,0.768002,0.001137,0.001137,0.222905,0.001137,0.001137,0.001137,0.001137,0.001137,0.001137
AAGTTCGGCCAACAGG-1,0.000055,0.000055,0.348886,0.600959,0.000055,0.000055,0.013924,0.007421,0.028526,0.000066
AAGTTGTGATGTTATA-1,0.043067,0.000038,0.187304,0.40212,0.000038,0.085374,0.033855,0.015584,0.056073,0.176547
AAGTTTACTAATGGCA-1,0.000038,0.009121,0.304269,0.391263,0.017712,0.048802,0.039536,0.087697,0.063945,0.037616
AAGTTTATGGGCCCAA-1,0.220708,0.0151,0.206484,0.164368,0.007362,0.243725,0.04299,0.026804,0.046052,0.026407
AATAACAACGCTCGGC-1,0.000029,0.050258,0.104661,0.083374,0.000029,0.292794,0.24969,0.137271,0.078991,0.002903
AATAACACTAGAACAA-1,0.033149,0.008088,0.204486,0.146404,0.00002,0.260963,0.264707,0.049388,0.007056,0.025739
AATAAGTCCTCGAGAC-1,0.000031,0.000031,0.134382,0.342271,0.000031,0.057707,0.035733,0.016836,0.315955,0.097023
AATAATCTTCGTATCG-1,0.059767,0.001901,0.280138,0.426893,0.000034,0.104423,0.018064,0.018479,0.031786,0.058515
AATACAATGTTTCAGG-1,0.069867,0.000565,0.204693,0.124981,0.016546,0.081828,0.21327,0.128816,0.128852,0.030583
AATACCGGAGGGCTGT-1,0.007928,0.000038,0.265465,0.541931,0.000038,0.036511,0.025438,0.013335,0.073923,0.035393
AATACCTGATGTGAAC-1,0.067072,0.000042,0.188571,0.485166,0.000042,0.035862,0.028271,0.001765,0.142845,0.050364
AATAGAACAGAGTGGC-1,0.031264,0.000027,0.237113,0.1455,0.000027,0.156512,0.198348,0.048938,0.053242,0.12903
AATAGAATCTGTTTCA-1,0.000031,0.000031,0.137637,0.254077,0.000652,0.265066,0.218197,0.039887,0.060784,0.023638
AATAGCAAGCCTCCTG-1,0.000044,0.022577,0.266388,0.431454,0.000044,0.131804,0.016727,0.029013,0.095279,0.006669
AATAGCTACCGCGTGC-1,0.992798,0.0008,0.0008,0.0008,0.0008,0.0008,0.0008,0.0008,0.0008,0.0008
AATAGTCCGTCCCGAC-1,0.265828,0.011434,0.208904,0.435678,0.012724,0.000048,0.009567,0.000048,0.026401,0.029367
AATAGTCGCGAGTCGG-1,0.025872,0.000678,0.17154,0.112887,0.000046,0.341936,0.126448,0.116113,0.036832,0.067648
AATATCAAGGTCGGAT-1,0.00005,0.00005,0.073669,0.736292,0.099255,0.00005,0.00581,0.00005,0.084723,0.00005
AATATCCTAGCAAACT-1,0.000046,0.000046,0.176928,0.822701,0.000046,0.000046,0.000046,0.000046,0.000046,0.000046
AATATCGAATCAATGC-1,0.083784,0.000045,0.066742,0.839855,0.009337,0.000045,0.000045,0.000045,0.000057,0.000045
AATATCGAGGGTTCTC-1,0.109536,0.00005,0.503136,0.255019,0.00005,0.120895,0.008037,0.00005,0.001419,0.001808
AATATTGGAGTATTGA-1,0.000054,0.000054,0.05764,0.213102,0.001831,0.105839,0.2352,0.065238,0.318789,0.002252
AATCAGACTGCAGGAC-1,0.000027,0.124632,0.175277,0.192856,0.000027,0.103858,0.254712,0.065448,0.083137,0.000027
AATCAGGTTTCATTTA-1,0.031144,0.081444,0.174276,0.087522,0.002379,0.363388,0.074511,0.069732,0.049877,0.065727
AATCATGTAAAGACTC-1,0.010851,0.000027,0.185089,0.386371,0.000027,0.043536,0.087407,0.013682,0.112836,0.160174
AATCCAAGGGCCTGAG-1,0.025216,0.314425,0.084873,0.469806,0.000046,0.000046,0.02004,0.014626,0.070878,0.000046
AATCCATGCAAGGGTG-1,0.107871,0.002349,0.075786,0.294675,0.007805,0.00007,0.069528,0.023537,0.382003,0.036376
AATCGCCTCAGCGCCA-1,0.266416,0.072453,0.089951,0.07104,0.000056,0.153027,0.070972,0.007188,0.125142,0.143756
AATCGCGCAGAGGACT-1,0.595599,0.000123,0.000123,0.403419,0.000123,0.000123,0.000123,0.000123,0.000123,0.000123
AATCGGGACACTACGA-1,0.118487,0.031351,0.108778,0.179101,0.000093,0.029482,0.461156,0.011091,0.058958,0.001504
AATCGGTATAGCCCTC-1,0.010418,0.000041,0.148111,0.770432,0.000041,0.000041,0.000041,0.000041,0.038055,0.032778
AATCGTGAGCCGAGCA-1,0.000024,0.001179,0.285997,0.040431,0.000024,0.352076,0.096387,0.039413,0.020563,0.163906
AATCTAGGTTTACTTG-1,0.000045,0.000045,0.061275,0.47478,0.001026,0.047789,0.272706,0.03507,0.009362,0.097903
AATCTATGCCGGAGCC-1,0.053619,0.000057,0.199772,0.545105,0.000057,0.133594,0.045013,0.020805,0.001848,0.000132
AATCTCTACTGTGGTT-1,0.00016,0.00016,0.269664,0.254562,0.00016,0.005862,0.206218,0.00016,0.262892,0.00016
AATCTGCGTTGGGACG-1,0.067381,0.000047,0.493095,0.369737,0.000047,0.050656,0.018897,0.000047,0.000047,0.000047
AATCTGGCTTTCTAGT-1,0.000057,0.000057,0.25065,0.508588,0.000057,0.192202,0.046086,0.001606,0.00064,0.000057
AATCTGGGTAGACCCT-1,0.020059,0.046022,0.11085,0.03527,0.000029,0.339253,0.084798,0.20957,0.122147,0.032001
AATGACAGCAATGTCT-1,0.000034,0.002911,0.090127,0.050895,0.000034,0.273087,0.420236,0.031908,0.112803,0.017964
AATGACGTAGGATGTC-1,0.014219,0.00004,0.474915,0.365588,0.00004,0.1238,0.017381,0.002669,0.00004,0.001309
AATGACTGTCAGCCGG-1,0.000044,0.059017,0.097852,0.482333,0.000044,0.004609,0.020804,0.008109,0.301578,0.025611
AATGAGTTCGCATATG-1,0.145253,0.000095,0.271867,0.347466,0.000095,0.000095,0.012691,0.000095,0.222249,0.000095
AATGATGATACGCTAT-1,0.994673,0.000592,0.000592,0.000592,0.000592,0.000592,0.000592,0.000592,0.000592,0.000592
AATGATGCGACTCCTG-1,0.469855,0.00014,0.015447,0.439695,0.00014,0.00014,0.00014,0.00014,0.074161,0.00014
AATGCAACCGGGTACC-1,0.025618,0.030424,0.366466,0.139513,0.000035,0.084844,0.077529,0.013528,0.145324,0.11672
AATGCACCAAGCAATG-1,0.942556,0.053502,0.000493,0.000493,0.000493,0.000493,0.000493,0.000493,0.000493,0.000493
AATGGCCGCCAATGCG-1,0.000037,0.000037,0.22477,0.767347,0.000037,0.000037,0.000793,0.000037,0.006869,0.000037
AATGGTCCACCGTTCA-1,0.041135,0.000103,0.00404,0.051223,0.00717,0.076935,0.431706,0.259349,0.069158,0.05918
AATGGTTCTCACAAGC-1,0.059168,0.038124,0.131743,0.562799,0.000049,0.000049,0.091505,0.0295,0.006827,0.080237
AATGTATGGCACTGTA-1,0.027827,0.000035,0.296405,0.22737,0.000035,0.26637,0.116553,0.021119,0.032367,0.011917
AATGTGCCCGAGGTGT-1,0.003048,0.004507,0.0702,0.563541,0.000036,0.031414,0.106788,0.01222,0.095754,0.112492
AATGTGCTAATCTGAG-1,0.007669,0.021391,0.125492,0.402982,0.000038,0.019655,0.024043,0.01435,0.257623,0.126758
AATGTTGTCGTGAGAC-1,0.000023,0.02571,0.307945,0.22034,0.000023,0.279206,0.129728,0.026855,0.006295,0.003876
AATTAAAGGTCGGCGT-1,0.000059,0.000059,0.214241,0.572327,0.000059,0.012094,0.033725,0.002524,0.046677,0.118235
AATTAACGGATTTCCA-1,0.00003,0.00003,0.171219,0.326621,0.005559,0.173364,0.11171,0.026824,0.095324,0.089317
AATTACGAGACCCATC-1,0.000058,0.000058,0.242011,0.648882,0.000058,0.045388,0.052208,0.010116,0.001162,0.000058
AATTACTCGTACGCTC-1,0.091702,0.107981,0.105719,0.022111,0.000047,0.366019,0.135583,0.022007,0.12579,0.023041
AATTAGCGCTGCAGCG-1,0.177478,0.064837,0.157818,0.135766,0.003456,0.090403,0.125622,0.073955,0.11808,0.052586
AATTCATAAGGGATCT-1,0.899225,0.000461,0.000461,0.097087,0.000461,0.000461,0.000461,0.000461,0.000461,0.000461
AATTCATTGTCATGCA-1,0.011186,0.00004,0.284748,0.339921,0.00004,0.252819,0.035536,0.04775,0.021597,0.006363
AATTCCAACTTGGTGA-1,0.000027,0.021407,0.206755,0.14682,0.000027,0.182078,0.086955,0.105627,0.121689,0.128615
AATTCCAAGCATGTAC-1,0.053106,0.000043,0.141254,0.656435,0.000043,0.006929,0.030136,0.007812,0.02299,0.081252
AATTCGATTCGAGGAT-1,0.000026,0.030245,0.105246,0.050904,0.000026,0.518907,0.134799,0.06066,0.042258,0.056929
AATTCTAGAGTTAGGC-1,0.050415,0.000054,0.155087,0.388147,0.000881,0.010504,0.043938,0.003134,0.144046,0.203794
AATTGAACGCTCTGGT-1,0.026467,0.016441,0.477276,0.355742,0.000043,0.040653,0.03616,0.005883,0.017109,0.024227
AATTGCAGCAATCGAC-1,0.19511,0.000027,0.002565,0.209604,0.000027,0.000027,0.000027,0.000027,0.120001,0.472582
AATTGCGTGGATTACA-1,0.000047,0.014369,0.462835,0.229511,0.000047,0.207224,0.060605,0.02484,0.000047,0.000476
AATTGTGGTTGCCAAA-1,0.000025,0.000025,0.156376,0.843424,0.000025,0.000025,0.000025,0.000025,0.000025,0.000025
AATTTGGGACATAGTA-1,0.004258,0.000045,0.010527,0.471171,0.003202,0.000045,0.019238,0.14133,0.177671,0.172513
AATTTGGTTCCAAAGA-1,0.000046,0.000046,0.275054,0.438904,0.000046,0.033423,0.053706,0.015064,0.178434,0.005278
ACAAACCATGCGTCCT-1,0.016192,0.000023,0.232039,0.209347,0.000023,0.262379,0.069713,0.075828,0.02227,0.112185
ACAAACCGACAAGGCG-1,0.000017,0.060538,0.144956,0.107266,0.000017,0.435735,0.088673,0.058097,0.097577,0.007123
ACAAAGAAGGTAGGCC-1,0.000048,0.000048,0.209029,0.568363,0.000048,0.078049,0.02618,0.006783,0.091671,0.01978
ACAAAGCATGACCTAG-1,0.024843,0.011096,0.13155,0.348067,0.000027,0.087271,0.110867,0.021506,0.157143,0.107629
ACAAATCGCACCGAAT-1,0.000906,0.000326,0.297722,0.473074,0.017029,0.069957,0.068297,0.02172,0.012832,0.038136
ACAAATGGTAGTGTTT-1,0.00003,0.038746,0.261176,0.462347,0.00003,0.140219,0.049654,0.019513,0.012808,0.015475
ACAAATTCAGATCTGA-1,0.054066,0.017065,0.142615,0.244047,0.000031,0.123206,0.022547,0.027295,0.186683,0.182445
ACAACAGCATGAGCTA-1,0.35223,0.211083,0.000167,0.000167,0.435519,0.000167,0.000167,0.000167,0.000167,0.000167
ACAACGGTCCCTGCGA-1,0.234737,0.035199,0.062041,0.278142,0.000052,0.000052,0.103613,0.067198,0.128091,0.090876
ACAAGCAGTGCCTAGC-1,0.000034,0.047228,0.197585,0.097391,0.000034,0.067632,0.307558,0.202948,0.078498,0.001091
ACAAGCTATATGGAAG-1,0.0282,0.000041,0.065624,0.069711,0.000041,0.078508,0.290976,0.058419,0.215181,0.193297
ACAAGGAAATCCGCCC-1,0.150909,0.008283,0.045354,0.355792,0.000044,0.000044,0.051521,0.000044,0.06516,0.32285
ACAAGGACAAGAGGTT-1,0.014032,0.028646,0.174904,0.102597,0.000047,0.092548,0.153712,0.097581,0.180694,0.155238
ACAAGGATGCTTTAGG-1,0.004144,0.075152,0.134414,0.161431,0.000028,0.165003,0.069634,0.020948,0.097197,0.272049
ACAAGGCCTACCAGCC-1,0.000027,0.012337,0.303842,0.174657,0.000027,0.2394,0.15054,0.075339,0.016434,0.027397
ACAAGGGCAGGCTCTG-1,0.070978,0.000037,0.137906,0.606804,0.000037,0.023452,0.056898,0.000037,0.05027,0.05358
ACAATAGTCGTACGTT-1,0.031178,0.000048,0.343796,0.163792,0.000048,0.130246,0.130376,0.002653,0.188885,0.008978
ACAATCCATTTAAACC-1,0.001417,0.007564,0.098654,0.187584,0.000039,0.043701,0.39724,0.03554,0.225354,0.002907
ACAATCGATCTTTATA-1,0.008729,0.005543,0.088382,0.131232,0.000028,0.132566,0.045274,0.35781,0.218313,0.012124
ACAATGAATACGGAGA-1,0.000019,0.055375,0.118753,0.375185,0.000623,0.02608,0.037742,0.127252,0.031017,0.227954
ACAATGATTCTTCTAC-1,0.000046,0.000046,0.32526,0.620978,0.000046,0.004074,0.031423,0.000046,0.006657,0.011423
ACAATTGTGTCTCTTT-1,0.000042,0.000042,0.078654,0.620108,0.000042,0.005742,0.013682,0.001487,0.043734,0.236467
ACAATTTAGGAGGCTC-1,0.00004,0.009171,0.146736,0.072269,0.00004,0.400266,0.050027,0.230628,0.088698,0.002126
ACAATTTGAGCAGTGG-1,0.990719,0.001031,0.001031,0.001031,0.001031,0.001031,0.001031,0.001031,0.001031,0.001031
ACAATTTGGCCATATT-1,0.282568,0.000047,0.164571,0.445805,0.000047,0.042984,0.009232,0.000047,0.026018,0.028679
ACACAAAGACGGGTGG-1,0.031798,0.00336,0.10227,0.244771,0.000035,0.239302,0.278624,0.071926,0.019939,0.007976
ACACAAATATTCCTAG-1,0.10922,0.082797,0.142614,0.280484,0.000039,0.183478,0.027848,0.025236,0.064412,0.083873
ACACACCAGGACCAGT-1,0.162532,0.000032,0.283576,0.489347,0.000032,0.00781,0.041173,0.000032,0.006315,0.00915
ACACACTTTCTACACG-1,0.000031,0.007173,0.083679,0.190743,0.005671,0.06522,0.063192,0.475374,0.05535,0.053568
ACACATGATCAAATCT-1,0.00003,0.003466,0.170097,0.438173,0.00003,0.041755,0.079599,0.042199,0.041404,0.183247
ACACATTGACGCAACA-1,0.000025,0.01216,0.109917,0.03944,0.00538,0.48077,0.143361,0.100509,0.092038,0.016401
ACACATTTCCGTAGAC-1,0.000021,0.004716,0.190551,0.28978,0.000021,0.074246,0.066897,0.135447,0.149655,0.088665
ACACCACATAATTAGC-1,0.332362,0.000151,0.049493,0.617088,0.000151,0.000151,0.000151,0.000151,0.000151,0.000151
ACACCCAGCATGCAGC-1,0.015271,0.002632,0.074941,0.028281,0.000033,0.550078,0.126261,0.059667,0.026578,0.116259
ACACCCGAGAAATCCG-1,0.278121,0.000063,0.145154,0.302448,0.000063,0.000063,0.000063,0.000063,0.158767,0.115195
ACACCCGTAAATCTGT-1,0.02752,0.00003,0.179662,0.78899,0.00003,0.00003,0.002328,0.00003,0.001351,0.00003
ACACCGAGCGCTCTTT-1,0.000046,0.000046,0.182511,0.376592,0.000046,0.111477,0.049985,0.064148,0.177252,0.037895
ACACCGGTCTGACCGC-1,0.001541,0.029692,0.15095,0.090589,0.000022,0.46566,0.043741,0.054767,0.028533,0.134505
ACACCTTAAGTAGGGC-1,0.004619,0.047628,0.114064,0.203071,0.000051,0.168633,0.107387,0.053282,0.04697,0.254294
ACACCTTACTACTTGC-1,0.195606,0.319912,0.112509,0.269339,0.000037,0.0057,0.027555,0.030723,0.029764,0.008856
ACACGAGACTCCTTCT-1,0.194368,0.00007,0.168608,0.132172,0.00226,0.236215,0.016657,0.009605,0.039766,0.200278
ACACGGCACTATGCAT-1,0.011875,0.014908,0.000565,0.00002,0.00109,0.555003,0.03328,0.239029,0.073898,0.070332
ACACGGGAACTTAGGG-1,0.997554,0.000272,0.000272,0.000272,0.000272,0.000272,0.000272,0.000272,0.000272,0.000272
ACACGTAGGCCACAAG-1,0.042435,0.011296,0.145056,0.20259,0.000023,0.225836,0.072261,0.023015,0.032314,0.245175
ACACTCCAATGTCACT-1,0.035905,0.000056,0.134642,0.152471,0.000056,0.237746,0.109018,0.241192,0.031934,0.056981
ACACTGATCAAGGTGT-1,0.033333,0.000051,0.02358,0.762201,0.016109,0.000051,0.000051,0.000051,0.041339,0.123235
ACACTGGGACAGTCGT-1,0.000028,0.005585,0.317992,0.271455,0.000028,0.287742,0.073629,0.012422,0.020718,0.010401
ACAGAACTGAGAACAA-1,0.05969,0.003541,0.072952,0.173656,0.00003,0.03847,0.087834,0.100631,0.029796,0.433399
ACAGATTAGGTTAGTG-1,0.071747,0.034714,0.016945,0.000028,0.000028,0.474304,0.030812,0.35268,0.002459,0.016284
ACAGCATAGAGCCAGT-1,0.000051,0.00335,0.15352,0.454769,0.000051,0.01389,0.070799,0.018995,0.124941,0.159634
ACAGCGACATTCTCAT-1,0.000032,0.014246,0.190989,0.310641,0.000032,0.2052,0.098956,0.121323,0.034284,0.024297
ACAGCGCACCCGCAGC-1,0.020289,0.041276,0.113486,0.168453,0.004651,0.352869,0.037767,0.105364,0.122865,0.032981
ACAGGAGGCGCAGCCG-1,0.00044,0.049732,0.126559,0.107936,0.00003,0.105307,0.028853,0.44037,0.123333,0.017439
ACAGGCACGGATCCTT-1,0.073926,0.000594,0.071505,0.013916,0.000016,0.642834,0.03198,0.118928,0.003402,0.042897
ACAGGCTTGCCCGACT-1,0.201733,0.000063,0.080212,0.717611,0.000063,0.000063,0.000063,0.000063,0.000063,0.000063
ACAGGTGGAGGTGAGG-1,0.000043,0.044905,0.217658,0.260368,0.000043,0.180787,0.205797,0.052936,0.01382,0.023644
ACAGGTGTGTTGTTGC-1,0.000041,0.000041,0.206167,0.111145,0.657419,0.023297,0.001767,0.000041,0.000041,0.000041
ACAGTAATACAACTTG-1,0.000064,0.000064,0.160795,0.621373,0.000064,0.039744,0.096367,0.04508,0.03008,0.006369
ACAGTATACCGTGGGA-1,0.711199,0.000926,0.000926,0.000926,0.000926,0.000926,0.000926,0.000926,0.000926,0.281391
ACAGTGCAGCGCATTT-1,0.30092,0.052989,0.174894,0.340119,0.000087,0.000087,0.000087,0.000087,0.070442,0.060289
ACATAAGTCGTGGTGA-1,0.000034,0.010433,0.496164,0.242824,0.002207,0.146935,0.081427,0.011505,0.008437,0.000034
ACATAATAAGGCGGTG-1,0.030131,0.058634,0.205046,0.445869,0.000047,0.05368,0.062914,0.013289,0.105499,0.024892
ACATCAGCTGGGACGC-1,0.000115,0.000115,0.013022,0.144871,0.000115,0.512632,0.018917,0.044166,0.086512,0.179536
ACATCCCGGCCATACG-1,0.360278,0.00005,0.064134,0.303219,0.00005,0.113051,0.056925,0.04802,0.042191,0.012084
ACATCCTGGTAACTGT-1,0.023576,0.000038,0.14382,0.414213,0.000038,0.063826,0.035116,0.047438,0.169809,0.102127
ACATCGATCGTTTACC-1,0.291249,0.013843,0.043,0.251713,0.000054,0.040296,0.308794,0.039153,0.000097,0.011801
ACATCGGTCAGCCGCG-1,0.067679,0.00006,0.033101,0.415858,0.00006,0.00006,0.00006,0.00006,0.336428,0.146636
ACATCGTATGCAATGG-1,0.000034,0.018366,0.220783,0.270732,0.000819,0.258481,0.115083,0.083473,0.021181,0.011048
ACATCGTTAACCTAGT-1,0.000039,0.011704,0.222298,0.284435,0.000039,0.142663,0.043094,0.090814,0.172382,0.032532
ACATCTCAACGCGTAA-1,0.000029,0.023882,0.236855,0.429879,0.000029,0.055544,0.048981,0.069276,0.11912,0.016403
ACATGGCGCCAAAGTA-1,0.028475,0.000023,0.284242,0.109388,0.000023,0.442328,0.087199,0.013935,0.020576,0.013811
ACATGGCTCAATTTAG-1,0.190106,0.00008,0.123794,0.402384,0.00008,0.00008,0.00008,0.00008,0.283095,0.000222
ACATTAGTTTATATCC-1,0.114382,0.003406,0.077004,0.112219,0.001129,0.101134,0.076472,0.07247,0.105064,0.336721
ACATTCGCGCGGAATA-1,0.017236,0.00002,0.329475,0.27407,0.00002,0.220333,0.075955,0.044776,0.01858,0.019536
ACATTTGAAACCTAAC-1,0.000115,0.000021,0.033235,0.875883,0.000021,0.000021,0.000026,0.000021,0.05139,0.039267
ACCAAACACCCAGCGA-1,0.992798,0.0008,0.0008,0.0008,0.0008,0.0008,0.0008,0.0008,0.0008,0.0008
ACCAAACTAGAAATCC-1,0.000026,0.000026,0.313815,0.436158,0.000026,0.040806,0.09704,0.02674,0.077916,0.007446
ACCAACACCACACACT-1,0.832763,0.000603,0.000603,0.000603,0.000603,0.000603,0.000603,0.127303,0.000603,0.035716
ACCAACCGCACTCCAC-1,0.072764,0.00003,0.273425,0.490572,0.00003,0.058092,0.019428,0.00003,0.019566,0.066064
ACCAACGCTTATTTAT-1,0.000038,0.000044,0.176388,0.102231,0.000038,0.454648,0.049225,0.018716,0.003734,0.194939
ACCAAGAACGCGTGTC-1,0.025543,0.000038,0.093396,0.445878,0.000038,0.02492,0.054059,0.055513,0.264367,0.03625
ACCAAGTCATCGGCAG-1,0.000032,0.000032,0.068647,0.864882,0.000032,0.00372,0.008663,0.013996,0.037203,0.002794
ACCAATATGCAAGTTA-1,0.000021,0.003142,0.394971,0.11248,0.000021,0.273502,0.105808,0.040057,0.019171,0.050827
ACCACAACTCAGAACA-1,0.033978,0.963584,0.000009,0.000009,0.000009,0.002347,0.000009,0.000037,0.000009,0.000009
