Barcode,Topic 1,Topic 2to4,Topic 5,Topic 6
AAACAAGTATCTCCCA-1,0.021175,0.466965,0.370664,0.141196
AAACAATCTACTAGCA-1,0.999394,0.000363,0.000121,0.000121
AAACACCAATAACTGC-1,0.020947,0.278806,0.539791,0.160456
AAACAGAGCGACTCCT-1,0.018478,0.574724,0.30569,0.101108
AAACAGCTTTCAGAAG-1,0.076436,0.385948,0.179951,0.357665
AAACAGGGTCTATATT-1,0.000023,0.971303,0.021732,0.006941
AAACATGGTGAGAGGA-1,0.025059,0.911113,0.032425,0.031403
AAACATTTCCCGGATT-1,0.216796,0.414194,0.217166,0.151844
AAACCACTACACAGAT-1,0.999265,0.000441,0.000147,0.000147
AAACCCGAACGAAATC-1,0.000859,0.74734,0.215811,0.03599
AAACCGGAAATGTTAA-1,0.042651,0.403351,0.21184,0.342159
AAACCGGGTAGGTACC-1,0.039428,0.275661,0.516846,0.168065
AAACCGTTCGTCCAGG-1,0.04185,0.026226,0.428847,0.503076
AAACCTAAGCAGCCGG-1,0.025751,0.593355,0.263779,0.117115
AAACCTCATGAAGTTG-1,0.039087,0.367155,0.272317,0.321441
AAACGAAGAACATACC-1,0.99392,0.000311,0.000104,0.005665
AAACGAAGATGGAGTA-1,0.018016,0.55869,0.266758,0.156536
AAACGACAGTCTTGCC-1,0.997366,0.00158,0.000527,0.000526
AAACGAGACGGTTGAT-1,0.010181,0.195105,0.427836,0.366878
AAACGCCCGAGATCGG-1,0.998475,0.000915,0.000305,0.000305
AAACGCTGGGCACGAC-1,0.970671,0.018742,0.009008,0.001579
AAACGGGCGTACGGGT-1,0.068016,0.636213,0.174916,0.120854
AAACGGTTGCGAACTG-1,0.093035,0.74434,0.113936,0.048689
AAACGTGTTCGCCCTA-1,0.010389,0.467786,0.079658,0.442167
AAACTAACGTGGCGAC-1,0.097571,0.000132,0.000044,0.902254
AAACTCGGTTCGCAAT-1,0.021444,0.054793,0.718601,0.205162
AAACTCGTGATATAAG-1,0.023673,0.475307,0.161111,0.339909
AAACTGCTGGCTCCAA-1,0.665866,0.266806,0.038325,0.029004
AAACTTAATTGCACGC-1,0.008818,0.46183,0.167229,0.362123
AAACTTGCAAACGTAT-1,0.00136,0.762692,0.212826,0.023122
AAAGAATGACCTTAGA-1,0.000653,0.396922,0.226874,0.375551
AAAGAATGTGGACTAA-1,0.232323,0.467277,0.223527,0.076873
AAAGACATGAAGTTTA-1,0.999477,0.000314,0.000105,0.000105
AAAGACCCAAGTCGCG-1,0.015486,0.178998,0.478356,0.32716
AAAGACTGGGCGCTTT-1,0.000036,0.953085,0.043573,0.003307
AAAGCTTGCCTACATA-1,0.030041,0.679616,0.191192,0.099152
AAAGGCCCTATAATAC-1,0.097335,0.201391,0.408462,0.292812
AAAGGCTACGGACCAT-1,0.097011,0.129255,0.523731,0.250004
AAAGGCTCTCGCGCCG-1,0.022206,0.159012,0.43159,0.387191
AAAGGGATGTAGCAAG-1,0.008186,0.57746,0.244864,0.16949
AAAGGGCAGCTTGAAT-1,0.004256,0.595776,0.371871,0.028097
AAAGGTAAGCTGTACC-1,0.073037,0.264305,0.189457,0.473201
AAAGGTCAACGACATG-1,0.998453,0.000928,0.000309,0.00031
AAAGTAGCATTGCTCA-1,0.006303,0.591304,0.301809,0.100584
AAAGTCACTGATGTAA-1,0.096717,0.881078,0.009996,0.012208
AAAGTCGACCCTCAGT-1,0.000012,0.997244,0.002713,0.00003
AAAGTGCCATCAATTA-1,0.008573,0.839686,0.104463,0.047277
AAAGTGTGATTTATCT-1,0.091912,0.240781,0.160004,0.507304
AAAGTTGACTCCCGTA-1,0.018177,0.821896,0.109398,0.050529
AAATAACCATACGGGA-1,0.045891,0.346285,0.280686,0.327138
AAATAAGGTAGTGCCC-1,0.100968,0.50666,0.272831,0.119541
AAATACCTATAAGCAT-1,0.010078,0.080485,0.436338,0.473099
AAATAGCTTAGACTTT-1,0.058627,0.647282,0.213806,0.080285
AAATAGGGTGCTATTG-1,0.122544,0.213226,0.400517,0.263713
AAATCACTCCTAAACG-1,0.997917,0.00125,0.000417,0.000417
AAATCCGATACACGCC-1,0.038893,0.805198,0.088687,0.067222
AAATCGCGGAAGGAGT-1,0.001727,0.950291,0.032393,0.015589
AAATCGTGTACCACAA-1,0.01807,0.207838,0.31914,0.454952
AAATCTAGCCCTGCTA-1,0.049702,0.342254,0.540511,0.067533
AAATGATTCGATCAGC-1,0.043147,0.648699,0.128111,0.180044
AAATGCTCGTTACGTT-1,0.000038,0.861466,0.045166,0.09333
AAATGGCATGTCTTGT-1,0.077269,0.182254,0.036584,0.703892
AAATGGCCCGTGCCCT-1,0.023781,0.174452,0.456416,0.345351
AAATGGTCAATGTGCC-1,0.018667,0.205168,0.245695,0.53047
AAATGTATCTTATCCC-1,0.000182,0.80984,0.009813,0.180165
AAATGTGGGTGCTCCT-1,0.999132,0.000521,0.000174,0.000174
AAATTAACGGGTAGCT-1,0.102769,0.344761,0.219891,0.332579
AAATTAATAAGCGCGA-1,0.009733,0.573317,0.333951,0.082998
AAATTACACGACTCTG-1,0.021017,0.838336,0.117517,0.023129
AAATTACCTATCGATG-1,0.009755,0.460403,0.246606,0.283236
AAATTCCAGGTCCAAA-1,0.061802,0.618771,0.235678,0.08375
AAATTGATAGTCCTTT-1,0.01878,0.453978,0.414426,0.112815
AAATTGGTGAGAAGCA-1,0.049986,0.143105,0.362717,0.444192
AAATTTACCGAAATCC-1,0.603882,0.100396,0.024218,0.271504
AAATTTGCGGGTGTGG-1,0.000053,0.33776,0.577523,0.084663
AACAACTGGTAGTTGC-1,0.013798,0.152868,0.493596,0.339737
AACAATACATTGTCGA-1,0.751342,0.031841,0.139542,0.077275
AACAATTACTCTACGC-1,0.002338,0.43913,0.426086,0.132446
AACACACGCTCGCCGC-1,0.037496,0.66258,0.279896,0.020028
AACACGACTGTACTGA-1,0.335021,0.101281,0.118497,0.445201
AACACGAGACGCGGCC-1,0.000041,0.897098,0.079654,0.023206
AACACGCGGCCGCGAA-1,0.409219,0.001162,0.196603,0.393017
AACAGCTGTGTGGCAA-1,0.121109,0.234264,0.291596,0.353031
AACAGGAAATCGAATA-1,0.058438,0.66491,0.16674,0.109913
AACAGGATGGGCCGCG-1,0.011044,0.575611,0.235252,0.178093
AACAGGTAGTATGGAT-1,0.03712,0.748675,0.173653,0.040551
AACATATCAACTGGTG-1,0.015059,0.964762,0.014121,0.006059
AACATCGATACGTCTA-1,0.027458,0.254763,0.421186,0.296593
AACATTGAAGTTGATC-1,0.05882,0.700995,0.154103,0.086082
AACATTGTGACTCGAG-1,0.041044,0.305113,0.299626,0.354217
AACCAAGACTTCTCTG-1,0.00002,0.962311,0.034844,0.002825
AACCAGTATCACTCTT-1,0.669413,0.00061,0.133045,0.196932
AACCATAGGGTTGAAC-1,0.000055,0.332211,0.37366,0.294074
AACCATGGGATCGCTA-1,0.001949,0.787468,0.195402,0.015181
AACCCAGAGACGGAGA-1,0.029042,0.792851,0.144265,0.033842
AACCCATCCCATGATC-1,0.063317,0.673544,0.176095,0.087044
AACCCGACAACCCGTG-1,0.035303,0.571611,0.244792,0.148294
AACCCGAGCAGAATCG-1,0.05465,0.48195,0.445648,0.017752
AACCCGATAGGGCTTC-1,0.997152,0.001708,0.00057,0.00057
AACCCTACTGTCAATA-1,0.095345,0.342524,0.470149,0.091983
AACCCTGGTGGAACCA-1,0.31518,0.001402,0.000029,0.683389
AACCGAGCTTGGTCAT-1,0.058681,0.132699,0.358146,0.450473
AACCGCTAAGGGATGC-1,0.999638,0.000217,0.000072,0.000072
AACCGTTGTGTTTGCT-1,0.073573,0.085795,0.293718,0.546915
AACCTAAAGCCGTCCG-1,0.998672,0.000797,0.000266,0.000266
AACCTCGCTTTAGCCC-1,0.081066,0.483106,0.244991,0.190837
AACCTGTCACGGAATT-1,0.145133,0.366177,0.364853,0.123838
AACCTTTAAATACGGT-1,0.08576,0.366295,0.50775,0.040195
AACCTTTACGACGTCT-1,0.027167,0.139045,0.302179,0.531609
AACGAAAGTCGTCCCA-1,0.067756,0.401468,0.342889,0.187886
AACGACCTCCTAGCCG-1,0.055458,0.599894,0.182512,0.162137
AACGATAATGCCGTAG-1,0.052687,0.287175,0.552066,0.108072
AACGATAGAAGGGCCG-1,0.001853,0.542951,0.306687,0.148509
AACGATATGTCAACTG-1,0.074037,0.305317,0.289548,0.331097
AACGCATGATCTGGGT-1,0.006183,0.189819,0.313255,0.490743
AACGCGACCTTGGGCG-1,0.199202,0.25601,0.359344,0.185444
AACGCGGTCTCCAGCC-1,0.079564,0.123374,0.447782,0.34928
AACGCTGTTGCTGAAA-1,0.058861,0.160684,0.462575,0.317879
AACGGACGTACGTATA-1,0.082754,0.692522,0.160544,0.06418
AACGGCCATCTCCGGT-1,0.024078,0.513944,0.334083,0.127895
AACGTACTGTGGGTAC-1,0.05916,0.539641,0.140725,0.260474
AACGTAGTCTACCCAT-1,0.886472,0.000375,0.000125,0.113028
AACGTCAGACTAGTGG-1,0.001796,0.047199,0.597519,0.353487
AACGTGATGAAGGACA-1,0.148885,0.57132,0.097946,0.181849
AACGTGCGAAAGTCTC-1,0.009156,0.65783,0.226495,0.106519
AACGTTATCAGCACCT-1,0.00006,0.399817,0.450994,0.149129
AACTACCCGTTTGTCA-1,0.047581,0.416897,0.478883,0.056639
AACTAGCGTATCGCAC-1,0.999324,0.000405,0.000135,0.000135
AACTAGGCTTGGGTGT-1,0.06511,0.146615,0.12982,0.658455
AACTCAAGTTAATTGC-1,0.01372,0.062215,0.703555,0.22051
AACTCCAGAGCGTGTT-1,0.14589,0.256459,0.185531,0.41212
AACTCCTAATCCCATG-1,0.026766,0.037552,0.444173,0.491509
AACTCGATGGCGCAGT-1,0.018592,0.683049,0.056473,0.241886
AACTCTCAATAGAGCG-1,0.04261,0.317291,0.539301,0.100797
AACTCTCAGTGTGCTC-1,0.197667,0.06503,0.373499,0.363804
AACTGAGGTCAGCGTC-1,0.011718,0.35653,0.000046,0.631706
AACTGAGTTATACTGA-1,0.055492,0.716637,0.175596,0.052275
AACTGATATTAGGCCT-1,0.057089,0.891226,0.034727,0.016957
AACTGGGTCCCGACGT-1,0.042111,0.048072,0.166363,0.743454
AACTGGGTTCGAGCCG-1,0.998898,0.000662,0.00022,0.00022
AACTGGTGTGGGCCTT-1,0.366146,0.003549,0.000068,0.630238
AACTTCTGCGTCTATC-1,0.002335,0.214509,0.253972,0.529184
AACTTGCCCGTATGCA-1,0.003799,0.76016,0.158877,0.077164
AACTTGCGTTCTCGCG-1,0.017446,0.035772,0.617935,0.328848
AACTTTACGGGAGCTT-1,0.018116,0.113202,0.687587,0.181095
AACTTTAGCTGCTGAG-1,0.742741,0.000287,0.000095,0.256877
AACTTTCTCGATCATG-1,0.027405,0.673529,0.194213,0.104854
AAGAAATCACCAGATT-1,0.03238,0.892398,0.028716,0.046506
AAGAAGGATCAGTTAG-1,0.000049,0.660995,0.310648,0.028307
AAGACATACGTGGTTT-1,0.197564,0.227656,0.247645,0.327135
AAGACCAAATAACTCA-1,0.003328,0.386615,0.166324,0.443733
AAGACCCAACTGAACA-1,0.093795,0.313332,0.417902,0.174971
AAGACTCACGCCCACT-1,0.999227,0.000464,0.000154,0.000155
AAGACTGCAAGCTACT-1,0.000093,0.168804,0.57896,0.252144
AAGAGATGAATCGGTA-1,0.000068,0.31402,0.276339,0.409573
AAGAGCTCTTTATCGG-1,0.039395,0.580209,0.204428,0.175968
AAGAGGATGTACGCGA-1,0.000063,0.721364,0.140674,0.137899
AAGAGGCATGGATCGC-1,0.070056,0.768484,0.105898,0.055562
AAGAGGCCCTTTGGAA-1,0.133499,0.176205,0.249857,0.440438
AAGATGGCACCGGACC-1,0.053258,0.21029,0.630399,0.106053
AAGATTGGCGGAACGT-1,0.009265,0.27966,0.540753,0.170323
AAGCACCCTGCGTATC-1,0.191045,0.16448,0.37998,0.264495
AAGCATACTCTCCTGA-1,0.000042,0.748091,0.140411,0.111455
AAGCCGAAGCGGTTTA-1,0.086478,0.15422,0.376173,0.383129
AAGCCGCCGTGAAATC-1,0.019124,0.393645,0.375338,0.211893
AAGCCGCTTTACCTTG-1,0.039106,0.67049,0.188817,0.101586
AAGCCGGAGAGCAGGA-1,0.026411,0.647669,0.258971,0.066948
AAGCGCAGGGCTTTGA-1,0.020328,0.530531,0.403087,0.046054
AAGCGGAGTGCGCGCA-1,0.137358,0.475827,0.057519,0.329295
AAGCGGCGTCATGGGT-1,0.040398,0.748406,0.134431,0.076765
AAGCGTCCCTCATCGA-1,0.013953,0.540593,0.361422,0.084032
AAGCTAGATCGAGTAA-1,0.137922,0.268434,0.461094,0.13255
AAGCTCGTGCCAAGTC-1,0.057935,0.66478,0.164809,0.112476
AAGCTCTTTCATGGTG-1,0.193671,0.429984,0.238402,0.137943
AAGGAGAACTTATAAG-1,0.999121,0.000528,0.000176,0.000176
AAGGAGCGGTTGGTGC-1,0.012515,0.447288,0.347771,0.192427
AAGGATCGATCGCTTG-1,0.157958,0.637236,0.056889,0.147917
AAGGATGAGGGACCTC-1,0.001723,0.819717,0.144531,0.034029
AAGGCAGGCTGTCTCC-1,0.139142,0.229158,0.451598,0.180102
AAGGCGCGTAAAGCTT-1,0.029428,0.284187,0.287923,0.398462
AAGGCTGTGCTCATCG-1,0.000081,0.049229,0.602275,0.348415
AAGGGAACGACTGGCT-1,0.059515,0.323677,0.320695,0.296114
AAGGGACAGATTCTGT-1,0.005342,0.313711,0.184498,0.49645
AAGGGACTATGCATTC-1,0.091328,0.329009,0.430259,0.149404
AAGGGTTTGATTTCAG-1,0.001894,0.905918,0.035547,0.05664
AAGGTATCCTAATATA-1,0.002821,0.939363,0.051219,0.006596
AAGGTGATAAACCAGC-1,0.041363,0.582823,0.32257,0.053244
AAGTAGAAGACCGGGT-1,0.015385,0.914327,0.054651,0.015637
AAGTAGTGACGCGAGG-1,0.000095,0.181144,0.703057,0.115703
AAGTCAATTGTCGTCA-1,0.043057,0.773174,0.105856,0.077913
AAGTCTAGTAGCTGCC-1,0.016496,0.86053,0.095931,0.027043
AAGTCTTCTGTGGCCT-1,0.04301,0.344348,0.465631,0.147011
AAGTGACGACCGAATT-1,0.371246,0.233455,0.010585,0.384713
AAGTGAGTCGGGTTTA-1,0.031271,0.575419,0.266989,0.126321
AAGTGCAAAGGTAGAC-1,0.000116,0.192456,0.393082,0.414345
AAGTGCCTTGACTGTA-1,0.011287,0.513916,0.072719,0.402078
AAGTGCGTTAGAATCT-1,0.007961,0.43094,0.455301,0.105798
AAGTGCTTCTCTATTG-1,0.017541,0.167936,0.450114,0.364409
AAGTGTTTGGAGACGG-1,0.175949,0.231032,0.082934,0.510086
AAGTTCACTCCAAGCT-1,0.085802,0.878768,0.012189,0.02324
AAGTTCAGTCTGCGTA-1,0.007622,0.244838,0.092992,0.654549
AAGTTCGGCCAACAGG-1,0.047161,0.054997,0.724309,0.173532
AAGTTGTGATGTTATA-1,0.116109,0.385546,0.214794,0.283552
AAGTTTACTAATGGCA-1,0.999197,0.000482,0.000161,0.000161
AAGTTTATGGGCCCAA-1,0.125674,0.542273,0.106597,0.225456
AATAACAACGCTCGGC-1,0.002953,0.065772,0.568631,0.362644
AATAACACTAGAACAA-1,0.04676,0.198388,0.388746,0.366106
AATAAGTCCTCGAGAC-1,0.998956,0.000626,0.000209,0.000209
AATAATCTTCGTATCG-1,0.07845,0.393899,0.494253,0.033398
AATACAATGTTTCAGG-1,0.000091,0.375889,0.463918,0.160102
AATACCGGAGGGCTGT-1,0.066921,0.256989,0.339737,0.336353
AATAGAACAGAGTGGC-1,0.010668,0.292482,0.393861,0.302989
AATAGAATCTGTTTCA-1,0.275882,0.200583,0.368968,0.154566
AATAGCAAGCCTCCTG-1,0.619709,0.0026,0.000122,0.377569
AATAGCTACCGCGTGC-1,0.040847,0.592072,0.142719,0.224362
AATAGTCCGTCCCGAC-1,0.066869,0.463292,0.094926,0.374913
AATAGTCGCGAGTCGG-1,0.010879,0.450089,0.202384,0.336648
AATATCAAGGTCGGAT-1,0.273217,0.501187,0.193199,0.032397
AATATCCTAGCAAACT-1,0.017607,0.837136,0.114597,0.03066
AATATCGAATCAATGC-1,0.068619,0.134881,0.425858,0.370642
AATATCGAGGGTTCTC-1,0.029658,0.473172,0.355924,0.141246
AATATTGGAGTATTGA-1,0.00011,0.26936,0.463106,0.267424
AATCAGGTTTCATTTA-1,0.040893,0.389952,0.338694,0.230461
AATCATGTAAAGACTC-1,0.064595,0.134366,0.429394,0.371646
AATCCAAGGGCCTGAG-1,0.014345,0.166051,0.527084,0.292519
AATCGCCTCAGCGCCA-1,0.018565,0.479217,0.197304,0.304914
AATCGCGCAGAGGACT-1,0.108113,0.609167,0.048248,0.234472
AATCGGGACACTACGA-1,0.178468,0.574677,0.006405,0.240449
AATCGGTATAGCCCTC-1,0.100528,0.751634,0.06919,0.078647
AATCGTGAGCCGAGCA-1,0.042028,0.340945,0.479731,0.137295
AATCTAGGTTTACTTG-1,0.004514,0.349387,0.393524,0.252575
AATCTATGCCGGAGCC-1,0.036384,0.936523,0.023381,0.003712
AATCTCTACTGTGGTT-1,0.005178,0.257304,0.260506,0.477012
AATCTGCGTTGGGACG-1,0.004359,0.866936,0.082984,0.04572
AATCTGGCTTTCTAGT-1,0.018645,0.608347,0.261249,0.111759
AATCTGGGTAGACCCT-1,0.852435,0.064238,0.011128,0.072199
AATGACAGCAATGTCT-1,0.000056,0.324967,0.21717,0.457806
AATGACGTAGGATGTC-1,0.000105,0.845511,0.138976,0.015408
AATGACTGTCAGCCGG-1,0.000055,0.139992,0.530631,0.329321
AATGAGTTCGCATATG-1,0.006301,0.67921,0.195771,0.118718
AATGATGATACGCTAT-1,0.040675,0.475455,0.301686,0.182185
AATGATGCGACTCCTG-1,0.124099,0.475773,0.228517,0.17161
AATGCAACCGGGTACC-1,0.003464,0.838585,0.074294,0.083656
AATGCACCAAGCAATG-1,0.003126,0.844176,0.077104,0.075593
AATGGCCGCCAATGCG-1,0.997953,0.001228,0.000409,0.000409
AATGGTCCACCGTTCA-1,0.012071,0.410699,0.357769,0.219461
AATGGTTCTCACAAGC-1,0.004871,0.073551,0.444239,0.47734
AATGTATGGCACTGTA-1,0.067733,0.382629,0.449125,0.100513
AATGTGCCCGAGGTGT-1,0.106962,0.615494,0.150024,0.12752
AATGTGCTAATCTGAG-1,0.131701,0.48745,0.187826,0.193024
AATGTTGTCGTGAGAC-1,0.09068,0.197247,0.472632,0.239441
AATTAAAGGTCGGCGT-1,0.000074,0.175271,0.537807,0.286849
AATTAACGGATTTCCA-1,0.095955,0.205398,0.507402,0.191246
AATTACGAGACCCATC-1,0.029747,0.397917,0.430913,0.141423
AATTAGCGCTGCAGCG-1,0.059671,0.068745,0.674356,0.197228
AATTCATAAGGGATCT-1,0.037484,0.116357,0.454183,0.391976
AATTCATTGTCATGCA-1,0.041973,0.489843,0.203288,0.264895
AATTCCAAGCATGTAC-1,0.092551,0.346519,0.363886,0.197044
AATTCGATTCGAGGAT-1,0.067527,0.174618,0.25921,0.498645
AATTCTAGAGTTAGGC-1,0.091658,0.492636,0.278588,0.137118
AATTGAACGCTCTGGT-1,0.016034,0.093564,0.554701,0.335701
AATTGCAGCAATCGAC-1,0.067842,0.50447,0.281837,0.145851
AATTGCGTGGATTACA-1,0.575632,0.192326,0.157302,0.07474
AATTGTGGTTGCCAAA-1,0.028837,0.64445,0.267969,0.058744
AATTTGGGACATAGTA-1,0.020662,0.117695,0.224869,0.636773
AATTTGGTTCCAAAGA-1,0.099724,0.596397,0.134133,0.169747
ACAAACCATGCGTCCT-1,0.017089,0.230551,0.508957,0.243403
ACAAACCGACAAGGCG-1,0.998911,0.000654,0.000218,0.000218
ACAAAGAAGGTAGGCC-1,0.052203,0.295747,0.470971,0.181079
ACAAAGCATGACCTAG-1,0.143576,0.163157,0.268687,0.42458
ACAAATCGCACCGAAT-1,0.160471,0.38118,0.335358,0.122991
ACAAATGGTAGTGTTT-1,0.087792,0.516191,0.310472,0.085545
ACAAATTCAGATCTGA-1,0.451541,0.073467,0.000074,0.474918
ACAACAGCATGAGCTA-1,0.002029,0.851855,0.095548,0.050568
ACAACGGTCCCTGCGA-1,0.001298,0.431333,0.556392,0.010976
ACAAGCAGTGCCTAGC-1,0.000057,0.075015,0.392345,0.532583
ACAAGCTATATGGAAG-1,0.050461,0.661891,0.099734,0.187913
ACAAGGAAATCCGCCC-1,0.18539,0.349855,0.248375,0.216381
ACAAGGACAAGAGGTT-1,0.018196,0.57436,0.261825,0.14562
ACAAGGATGCTTTAGG-1,0.057181,0.433661,0.40751,0.101648
ACAAGGCCTACCAGCC-1,0.998475,0.000915,0.000305,0.000305
ACAAGGGCAGGCTCTG-1,0.020104,0.169956,0.304721,0.505219
ACAATAGTCGTACGTT-1,0.03856,0.562587,0.166134,0.232719
ACAATCCATTTAAACC-1,0.000043,0.455288,0.107482,0.437187
ACAATCGATCTTTATA-1,0.998738,0.000757,0.000252,0.000252
ACAATGAATACGGAGA-1,0.000035,0.829585,0.146179,0.024201
ACAATGATTCTTCTAC-1,0.168444,0.008846,0.000077,0.822633
ACAATTGTGTCTCTTT-1,0.019132,0.429183,0.377121,0.174564
ACAATTTAGGAGGCTC-1,0.026685,0.112927,0.457528,0.40286
ACAATTTGAGCAGTGG-1,0.028997,0.479618,0.303405,0.187979
ACAATTTGGCCATATT-1,0.070338,0.757288,0.046082,0.126293
ACACAAAGACGGGTGG-1,0.017703,0.386135,0.488961,0.1072
ACACAAATATTCCTAG-1,0.032555,0.629039,0.118048,0.220358
ACACACCAGGACCAGT-1,0.039172,0.169404,0.407724,0.3837
ACACACTTTCTACACG-1,0.058137,0.715083,0.112585,0.114195
ACACATGATCAAATCT-1,0.000013,0.998421,0.001553,0.000013
ACACCACATAATTAGC-1,0.034046,0.301207,0.38854,0.276206
ACACCCAGCATGCAGC-1,0.000023,0.964775,0.005909,0.029293
ACACCCGAGAAATCCG-1,0.010398,0.503868,0.331811,0.153923
ACACCCGTAAATCTGT-1,0.998221,0.001067,0.000356,0.000356
ACACCGAGCGCTCTTT-1,0.189231,0.275952,0.354556,0.180261
ACACCGGTCTGACCGC-1,0.054224,0.485219,0.270743,0.189815
ACACCTTAAGTAGGGC-1,0.049158,0.032663,0.630097,0.288082
ACACCTTACTACTTGC-1,0.082999,0.817763,0.061689,0.037549
ACACGAGACTCCTTCT-1,0.085418,0.448393,0.380976,0.085213
ACACGGCACTATGCAT-1,0.509075,0.000234,0.000078,0.490613
ACACGGGAACTTAGGG-1,0.095953,0.386766,0.423763,0.093519
ACACGTAGGCCACAAG-1,0.105095,0.439774,0.289449,0.165681
ACACTCCAATGTCACT-1,0.03952,0.451098,0.441917,0.067465
ACACTGATCAAGGTGT-1,0.098173,0.677204,0.140618,0.084005
ACACTGGGACAGTCGT-1,0.045671,0.631341,0.26593,0.057058
ACAGAACTGAGAACAA-1,0.010406,0.460684,0.281281,0.24763
ACAGATTAGGTTAGTG-1,0.487085,0.020295,0.000052,0.492567
ACAGCATAGAGCCAGT-1,0.131163,0.214369,0.291861,0.362608
ACAGCGACATTCTCAT-1,0.055051,0.09587,0.574893,0.274186
ACAGCGCACCCGCAGC-1,0.174707,0.353345,0.0926,0.379348
ACAGGCACGGATCCTT-1,0.00003,0.997883,0.002056,0.00003
ACAGGCTTGCCCGACT-1,0.058098,0.266148,0.282307,0.393447
ACAGGTGGAGGTGAGG-1,0.033389,0.361677,0.453764,0.151171
ACAGGTGTGTTGTTGC-1,0.041701,0.746781,0.064378,0.14714
ACAGTAATACAACTTG-1,0.087635,0.252096,0.359209,0.301059
ACAGTATACCGTGGGA-1,0.000338,0.750503,0.05026,0.198899
ACAGTGCAGCGCATTT-1,0.997931,0.001241,0.000414,0.000414
ACATAAGTCGTGGTGA-1,0.215768,0.259175,0.269846,0.255212
ACATAATAAGGCGGTG-1,0.067562,0.845015,0.025466,0.061957
ACATCAGCTGGGACGC-1,0.028656,0.835014,0.088648,0.047682
ACATCCCGGCCATACG-1,0.046949,0.583982,0.240038,0.129031
ACATCCTGGTAACTGT-1,0.075245,0.56143,0.08969,0.273635
ACATCGATCGTTTACC-1,0.109984,0.577347,0.165605,0.147063
ACATCGGTCAGCCGCG-1,0.070636,0.051966,0.594017,0.283382
ACATCGTATGCAATGG-1,0.060812,0.576987,0.173244,0.188956
ACATCGTTAACCTAGT-1,0.427361,0.33803,0.010003,0.224606
ACATCTCAACGCGTAA-1,0.999281,0.000431,0.000144,0.000144
ACATGGCGCCAAAGTA-1,0.051273,0.425038,0.260701,0.262988
ACATTAGTTTATATCC-1,0.104869,0.20947,0.501919,0.183742
ACCAAACACCCAGCGA-1,0.000382,0.57335,0.04287,0.383398
ACCAAACTAGAAATCC-1,0.999211,0.000474,0.000158,0.000158
ACCAACACCACACACT-1,0.055457,0.453637,0.12746,0.363446
ACCAACCGCACTCCAC-1,0.051391,0.889651,0.050845,0.008114
ACCAACGCTTATTTAT-1,0.062605,0.632068,0.192532,0.112795
ACCAAGAACGCGTGTC-1,0.037361,0.184043,0.691833,0.086764
ACCAAGTCATCGGCAG-1,0.167937,0.463885,0.164319,0.203859
ACCAATATGCAAGTTA-1,0.055746,0.718319,0.123561,0.102374
ACCACAACTCAGAACA-1,0.382209,0.000125,0.000042,0.617625
ACCACAAGTTTCTATC-1,0.002207,0.804088,0.128009,0.065696
ACCACCAATGTAACAA-1,0.199031,0.467965,0.169788,0.163216
ACCACCCTCTCTTCTA-1,0.0094,0.935175,0.024176,0.031248
ACCACGTGCAGCTATA-1,0.095012,0.469267,0.354559,0.081162
ACCAGACCATAACAAC-1,0.006651,0.489023,0.34074,0.163585
ACCAGCCCGGTCTTTG-1,0.998907,0.000656,0.000218,0.000219
ACCAGGAGTGTGATCT-1,0.998669,0.000799,0.000266,0.000266
ACCAGTGCCCGGTCAA-1,0.072319,0.108654,0.015066,0.803962
ACCAGTGCGGGAGACG-1,0.145516,0.504304,0.209978,0.140203
ACCATATCCGCAATAA-1,0.002286,0.775601,0.069814,0.152299
ACCATCCGCCAACTAG-1,0.000051,0.870718,0.129177,0.000053
ACCATCGTATATGGTA-1,0.065302,0.342263,0.522415,0.070021
ACCCAACGCCCGTGGC-1,0.037841,0.920039,0.026515,0.015606
ACCCACCTACATGCTC-1,0.00003,0.714869,0.257623,0.027477
ACCCATCTTGAGGGTA-1,0.000516,0.543206,0.369687,0.086591
ACCCATTTGTCCCTCT-1,0.086877,0.220416,0.335267,0.357439
ACCCGAGCGAAATTAC-1,0.032281,0.582812,0.274111,0.110795
ACCCGATTGGTTCCGA-1,0.053234,0.835565,0.07461,0.03659
ACCCGGAAACTCCCAG-1,0.037813,0.782349,0.158909,0.020928
ACCCGGAGCACCACAA-1,0.064971,0.654903,0.153529,0.126597
ACCCGGATGACGCATC-1,0.017781,0.563335,0.094428,0.324456
ACCCGGTTACACTTCC-1,0.068311,0.127917,0.20454,0.599231
ACCCGTAGTCTAGTTG-1,0.138616,0.746386,0.060756,0.054242
ACCCGTGTCATCAGTA-1,0.088887,0.593025,0.067661,0.250427
ACCCTATAGGACTGAG-1,0.070731,0.657676,0.199521,0.072072
ACCCTATGCCATATCG-1,0.000029,0.945203,0.047372,0.007396
ACCCTCCCGTCAGGGC-1,0.049458,0.649109,0.201316,0.100117
ACCCTCCCTTGCTATT-1,0.025134,0.162978,0.206255,0.605633
ACCCTGGTAACGCCCT-1,0.0673,0.288399,0.162222,0.482079
ACCCTTCATCTGCGAA-1,0.123081,0.033761,0.059638,0.783521
ACCCTTGCCTGGGTCG-1,0.017904,0.838375,0.075238,0.068483
ACCCTTTAGTTCTCCA-1,0.927588,0.001046,0.00012,0.071246
ACCGAAAGGGCCCTGC-1,0.082059,0.201392,0.083908,0.63264
ACCGAAGAGTCTGGTT-1,0.037219,0.306904,0.257438,0.39844
ACCGACACATCTCCCA-1,0.020909,0.302804,0.219209,0.457077
ACCGACTGAGTCCCAC-1,0.005654,0.565952,0.089232,0.339162
ACCGAGTCTCCTTATT-1,0.135848,0.214782,0.430621,0.218749
ACCGATAGGCATAACC-1,0.015681,0.873181,0.100627,0.010512
ACCGATATTTAATCAT-1,0.000043,0.881317,0.107884,0.010756
ACCGATGGTAGCATCG-1,0.091348,0.640224,0.172159,0.096268
ACCGCAATAACTGCCT-1,0.221199,0.258934,0.049804,0.470063
ACCGCGGTGGAAGTCG-1,0.004549,0.808912,0.135401,0.051138
ACCGGGCCTTTGTTGA-1,0.015858,0.488627,0.298637,0.196878
ACCGGTCAGGTACACC-1,0.017129,0.182312,0.20566,0.594899
ACCGGTCTGAGTACGG-1,0.998648,0.000812,0.00027,0.00027
ACCGTCCACTGGGCCC-1,0.039689,0.451805,0.385243,0.123262
ACCGTGACCACGTGGG-1,0.064057,0.475175,0.425327,0.035442
ACCGTTCCCGCTCTGA-1,0.999232,0.000461,0.000153,0.000154
ACCTAAGTACCTTTCA-1,0.018193,0.314997,0.400823,0.265987
ACCTAATCGACTTCCT-1,0.000257,0.32844,0.253747,0.417556
ACCTACAGTATGTGGT-1,0.020977,0.375755,0.226294,0.376974
ACCTACTATAAATCTA-1,0.086606,0.106946,0.488692,0.317756
ACCTCCGCCCTCGCTG-1,0.046068,0.643669,0.209852,0.100411
ACCTCCGTTATTCACC-1,0.101791,0.682896,0.19013,0.025183
ACCTCGAACTTATGCT-1,0.028864,0.35864,0.385274,0.227222
ACCTGCGTGTCATGTT-1,0.000021,0.998392,0.001566,0.000021
ACCTTTCCTTTAGAAG-1,0.997417,0.00155,0.000516,0.000517
ACGAAATGGGCGGCAC-1,0.002467,0.737671,0.205787,0.054075
ACGACCCATGAGTTGC-1,0.067851,0.795872,0.102575,0.033702
ACGACTCTAGGGCCGA-1,0.026953,0.811082,0.102672,0.059293
ACGACTGGTCATACTC-1,0.079703,0.502521,0.029578,0.388198
ACGAGAACCCATCACG-1,0.062539,0.772575,0.158549,0.006337
ACGAGATATTTGCTTA-1,0.3374,0.142394,0.001858,0.518348
ACGAGGATACCACTCT-1,0.033126,0.585789,0.259046,0.122039
ACGAGGTTTACAACGT-1,0.071045,0.183436,0.418643,0.326876
ACGAGTACGGATGCCC-1,0.084605,0.383018,0.302957,0.22942
ACGATACATAGAACTA-1,0.05879,0.687738,0.02683,0.226643
ACGATACCTATCCTGA-1,0.02788,0.728614,0.121408,0.122098
ACGATCATACATAGAG-1,0.000992,0.889088,0.072148,0.037771
ACGATCATCTTGTAAA-1,0.072378,0.682866,0.160262,0.084494
ACGATGCATATGTTAT-1,0.008387,0.110512,0.552108,0.328993
ACGATGGATCCGATGC-1,0.20163,0.239647,0.10447,0.454253
ACGCAAACTAATAGAT-1,0.080064,0.161775,0.605173,0.152988
ACGCAATCACTACAGC-1,0.028217,0.547923,0.265596,0.158264
ACGCATAAATGACATG-1,0.997736,0.001358,0.000453,0.000453
ACGCATACGTTTACTA-1,0.036338,0.567469,0.317332,0.078861
ACGCATTCGTGAGTAC-1,0.095123,0.424447,0.202953,0.277477
ACGCCAGATGATTTCT-1,0.054544,0.652977,0.163234,0.129245
ACGCCAGTGCGTTTGC-1,0.186999,0.581623,0.16227,0.069109
ACGCCCAGCTGTCGAT-1,0.998568,0.000859,0.000286,0.000287
ACGCCGCTAGACGACC-1,0.045316,0.915899,0.03685,0.001935
ACGCGAAGTCAGACGA-1,0.017147,0.173201,0.25282,0.556832
ACGCGCTACACAGGGT-1,0.002515,0.280741,0.467219,0.249525
ACGCGGGCCAAGGACA-1,0.061989,0.353083,0.220931,0.363997
ACGCGTTTCTTAAGAG-1,0.010662,0.381828,0.478862,0.128648
ACGCTAGTATCAGTGC-1,0.998073,0.001156,0.000385,0.000385
ACGCTAGTGATACACT-1,0.000849,0.741071,0.078698,0.179383
ACGCTGTGAGGCGTAG-1,0.000109,0.054675,0.030295,0.914921
ACGCTTAGTGTCTCTC-1,0.998856,0.000686,0.000229,0.000229
ACGGAATTTAGCAAAT-1,0.000101,0.04351,0.522244,0.434146
ACGGACTCTCAAAGCG-1,0.101577,0.471432,0.157862,0.26913
ACGGAGCGCAAATTAC-1,0.000049,0.721832,0.164894,0.113226
ACGGATGGTGCGGATA-1,0.092771,0.907151,0.000039,0.000039
ACGGCACTTGCTTGGG-1,0.084515,0.016129,0.47102,0.428336
ACGGCCAACATGGACT-1,0.306289,0.342701,0.129079,0.22193
ACGGCGACGATGGGAA-1,0.092174,0.154803,0.173231,0.579792
ACGGCGGGTTGCCCTG-1,0.999243,0.000454,0.000151,0.000151
ACGGCTGGATGTAGAA-1,0.000019,0.987212,0.012305,0.000464
ACGGGAGTGTCGGCCC-1,0.005891,0.468762,0.2612,0.264147
ACGGGCGTATGCGACA-1,0.009527,0.845735,0.073575,0.071164
ACGGGTCATGTGACTT-1,0.099035,0.660553,0.184071,0.056341
ACGGTACAGTTCAATG-1,0.064865,0.826558,0.073637,0.03494
ACGTACAGATTTCTCT-1,0.046111,0.789246,0.028847,0.135797
ACGTACTTTGGCACGG-1,0.111305,0.406702,0.249906,0.232087
ACGTAGATTGCTGATG-1,0.039065,0.418989,0.354309,0.187636
ACGTAGGAGAGTCGCT-1,0.071195,0.629581,0.177891,0.121333
ACGTATTACTCCGATC-1,0.062403,0.645255,0.241059,0.051283
ACGTCCTAAACGAGAT-1,0.999256,0.000446,0.000149,0.000149
ACGTCGGGCAACTCGG-1,0.09029,0.255166,0.443812,0.210732
ACGTCTCGTTCCGGGA-1,0.000014,0.97354,0.026432,0.000015
ACGTGACAAAGTAAGT-1,0.032074,0.67348,0.122639,0.171806
ACGTGCGCCTCGTGCA-1,0.002914,0.879614,0.05086,0.066612
ACGTGGTCGAATGTGC-1,0.999457,0.000326,0.000108,0.000109
ACGTTAATGTCGAAGA-1,0.000733,0.897054,0.028101,0.074112
ACGTTAGATTTGCCCG-1,0.034261,0.171168,0.366,0.42857
ACGTTATTGGTCACTC-1,0.007725,0.099021,0.713039,0.180216
ACGTTCCGCGCTCCGT-1,0.379127,0.249798,0.024304,0.346771
ACGTTCGCAATCAATT-1,0.010056,0.814568,0.133264,0.042111
ACGTTCGTTCAGGAAA-1,0.000587,0.841343,0.151178,0.006892
ACGTTCTGTACAAGTC-1,0.088199,0.497489,0.392118,0.022194
ACGTTTAGTTGTGATC-1,0.134847,0.070569,0.355181,0.439403
ACTAAGGACGCACACC-1,0.518494,0.13443,0.000065,0.347012
ACTAATACGTCAGGCG-1,0.14394,0.03304,0.000104,0.822916
ACTACAAAGAGAGGTG-1,0.028605,0.665485,0.135484,0.170426
ACTACATCCCGACAAG-1,0.004301,0.282339,0.451737,0.261624
ACTACCAGCTCTCTGG-1,0.000031,0.983265,0.016674,0.000031
ACTACGCGTTAGAATT-1,0.084647,0.512659,0.322536,0.080157
ACTAGTTGCGATCGTC-1,0.039099,0.339195,0.372289,0.249417
ACTATATGCTGTGTTC-1,0.000057,0.858053,0.084779,0.057112
ACTATCCAGGGCATGG-1,0.052094,0.755638,0.156515,0.035752
ACTATCTGCCCGCGTA-1,0.045748,0.247854,0.479674,0.226723
ACTATGTCCAGCTGCC-1,0.05411,0.454363,0.418163,0.073364
ACTATTCGTCCGTGGT-1,0.161678,0.076895,0.219532,0.541895
ACTATTTCCGGGCCCA-1,0.008073,0.916568,0.070066,0.005293
ACTCAACGAATGTATT-1,0.251983,0.116309,0.107031,0.524677
ACTCAAGTGCAAGGCT-1,0.087485,0.373282,0.436076,0.103157
ACTCAATAAAGGCACG-1,0.048725,0.109893,0.277009,0.564373
ACTCAGACCTGCTTCT-1,0.1388,0.107334,0.468954,0.284913
ACTCATGGCAGCCTTC-1,0.038621,0.649444,0.177525,0.13441
ACTCCAATATCATCAT-1,0.187589,0.326013,0.256868,0.22953
ACTCCCATTCCTAAAG-1,0.023332,0.740719,0.040684,0.195264
ACTCCCGAATTCGTTT-1,0.058169,0.746411,0.112428,0.082991
ACTCCCGTAGACTAGG-1,0.01436,0.729729,0.176666,0.079244
ACTCCCTAATGCTAAA-1,0.000029,0.988905,0.011015,0.000051
ACTCCCTAGAATAGTA-1,0.086143,0.239399,0.58127,0.093188
ACTCCGGCCGACCACT-1,0.008544,0.932194,0.055395,0.003867
ACTCGATGTATTTCAT-1,0.000039,0.904232,0.094014,0.001715
ACTCGCCGTTCGATAA-1,0.057812,0.708094,0.165269,0.068825
ACTCGCGATCTGACGC-1,0.044314,0.512353,0.34474,0.098593
ACTCGTAACCCGTCCT-1,0.028966,0.868322,0.062787,0.039925
ACTCGTCAGTAATCCC-1,0.029057,0.561739,0.314069,0.095135
ACTCTAAACCTGGGAT-1,0.064893,0.881413,0.044194,0.0095
ACTCTCTGACTTAGGT-1,0.000065,0.831304,0.156606,0.012026
ACTCTCTTATACACGA-1,0.408599,0.081221,0.000086,0.510094
ACTCTGACCTAATAGA-1,0.064951,0.822291,0.098292,0.014466
ACTCTTCAGCTCCCGC-1,0.052045,0.749035,0.153253,0.045668
ACTCTTGTATAGTAAC-1,0.069935,0.404544,0.155201,0.37032
ACTGAAACGCCGTTAG-1,0.013039,0.582299,0.184732,0.21993
ACTGAATGGCGAAAGT-1,0.057355,0.177952,0.557997,0.206695
ACTGATTTAGTGATTC-1,0.999087,0.000548,0.000183,0.000183
ACTGCCCGCCATTCTC-1,0.396804,0.53499,0.030428,0.037779
ACTGCCGTCGTAACTC-1,0.050964,0.58461,0.086422,0.278004
ACTGCGGACACACCGT-1,0.061615,0.289358,0.351659,0.297368
ACTGCTCGGAAGGATG-1,0.000035,0.975297,0.024634,0.000035
ACTGGCGAACCTGCGT-1,0.688999,0.16806,0.010758,0.132183
ACTGTACGATACACAT-1,0.013566,0.414757,0.371853,0.199824
ACTGTAGCACTTTGGA-1,0.000042,0.988574,0.011342,0.000042
ACTGTATACGCGAGCA-1,0.066595,0.073907,0.451587,0.407911
ACTGTCCAGGATTATA-1,0.040722,0.536856,0.256951,0.165471
ACTGTCTTCTTTAGAA-1,0.09453,0.598082,0.161321,0.146068
ACTGTGCTAGTAGATC-1,0.000072,0.544296,0.308315,0.147317
ACTGTTTAGTGTAGGC-1,0.998688,0.000787,0.000262,0.000263
ACTTACCGGGCGCGCA-1,0.037436,0.048222,0.111689,0.802653
ACTTACGCATCCACGC-1,0.088306,0.580381,0.246268,0.085045
ACTTAGTACGACAAGA-1,0.047737,0.359027,0.478032,0.115204
ACTTATACTTACCCGG-1,0.055468,0.593514,0.306228,0.04479
ACTTATTAGGATCGGT-1,0.01996,0.100024,0.625718,0.254298
ACTTATTTATGTGCCA-1,0.000044,0.933793,0.060277,0.005886
ACTTCAGGCTGATCCC-1,0.340929,0.129015,0.366104,0.163952
ACTTCCAGTGGAAGCT-1,0.029883,0.403535,0.364087,0.202496
ACTTCCATGCGGGACA-1,0.039569,0.659597,0.163068,0.137767
ACTTCCTGTCGTGCGA-1,0.998417,0.000949,0.000316,0.000317
ACTTCGCCATACGCAC-1,0.000041,0.989037,0.009714,0.001207
ACTTCGCTAGCGAGTG-1,0.159812,0.317233,0.429322,0.093632
ACTTGACTCCCTCTTT-1,0.097906,0.386545,0.344583,0.170966
ACTTGCCATATTGTAC-1,0.998777,0.000734,0.000245,0.000245
ACTTGCTCTATCTACC-1,0.089248,0.283877,0.393689,0.233185
ACTTGGGACCCGGTGG-1,0.009389,0.136573,0.142751,0.711287
ACTTGTAGTCCCTTCA-1,0.000084,0.819483,0.172549,0.007884
ACTTGTGGATGGAACG-1,0.053513,0.577617,0.247755,0.121115
ACTTTACCCTCATGAA-1,0.09768,0.306493,0.284289,0.311539
ACTTTCCTATAGCTTC-1,0.000096,0.495628,0.283972,0.220305
ACTTTGACTGCATCCT-1,0.0883,0.392375,0.131405,0.38792
ACTTTGGTCGTGCTCC-1,0.004247,0.847685,0.099698,0.048371
ACTTTGTCGACGCACT-1,0.033905,0.686813,0.202815,0.076467
AGAAATTATGACTCGC-1,0.000019,0.999942,0.000019,0.000019
AGAACCCAGCGTGACA-1,0.015065,0.914809,0.054462,0.015664
AGAACCCTCAATTGGG-1,0.000034,0.999898,0.000034,0.000034
AGAACGTGGTACATTC-1,0.052794,0.677084,0.078267,0.191854
AGAAGAGCGCCGTTCC-1,0.134804,0.356869,0.265241,0.243087
AGAAGGTACACTTCAC-1,0.003171,0.774402,0.057261,0.165166
AGAAGGTTGCCGAATT-1,0.008157,0.869908,0.073947,0.047988
AGAAGGTTGTAGGTCG-1,0.013346,0.963162,0.020204,0.003288
AGAAGTGATTCGTGAT-1,0.000039,0.5986,0.170053,0.231308
AGAATAAATCTTCAGG-1,0.032704,0.335627,0.404623,0.227045
AGAATGCGGGTTCGGA-1,0.024778,0.45868,0.296322,0.220219
AGAATTATGGATTCGA-1,0.114662,0.756097,0.022902,0.106339
AGAATTGTTTGACATA-1,0.005271,0.317159,0.45632,0.22125
AGACAGCTCAGAATCC-1,0.000038,0.579547,0.32198,0.098435
AGACAGGCATCTCAGC-1,0.025672,0.619345,0.2652,0.089784
AGACATAGATCCTTCC-1,0.551178,0.345043,0.00019,0.10359
AGACCAAACCACACCT-1,0.064342,0.675532,0.233303,0.026823
AGACCATGGGATACAA-1,0.010309,0.562352,0.361812,0.065527
AGACCCACCGCTGATC-1,0.041789,0.471467,0.256777,0.229966
AGACCCGCCCTCCTCG-1,0.031041,0.46982,0.329198,0.169941
AGACCGCTCCGCGGTT-1,0.138922,0.392663,0.384187,0.084228
AGACCGGGAAACCCTG-1,0.102234,0.259314,0.440644,0.197809
AGACGAAGTGCCGGTC-1,0.045851,0.383231,0.434375,0.136543
AGACGACGATGCCGCT-1,0.054267,0.220341,0.43827,0.287122
AGACGCCCACTTCGCC-1,0.081148,0.250647,0.436219,0.231986
AGACGGGATTGGTATA-1,0.999087,0.000548,0.000183,0.000183
AGACGGGCCGATTTAA-1,0.06885,0.007552,0.000038,0.92356
AGACTAGCCTTCCAGA-1,0.000084,0.09141,0.51194,0.396566
AGACTGTTACCGGGTC-1,0.018937,0.529398,0.219893,0.231772
AGAGAAACACCAGAAA-1,0.056015,0.710326,0.131555,0.102104
AGAGAACCGTCTAGGA-1,0.043787,0.459504,0.261215,0.235494
AGAGAAGGAGTACAAT-1,0.020981,0.192058,0.516714,0.270248
AGAGATCTCTAAAGCG-1,0.168253,0.331956,0.215622,0.284169
AGAGCAGTTATGAGAC-1,0.000037,0.951843,0.048084,0.000037
AGAGCCGCCGAGATTT-1,0.110235,0.608602,0.115862,0.165301
AGAGCGCTTGTAACGG-1,0.002933,0.927742,0.057782,0.011542
AGAGCGGGCTAATCAT-1,0.045264,0.693504,0.138135,0.123097
AGAGCGTACAAGCTCG-1,0.000071,0.160706,0.427223,0.412
AGAGGCTTCGGAAACC-1,0.043741,0.118932,0.545839,0.291488
AGAGGGACAATTGTCC-1,0.999263,0.000442,0.000147,0.000147
AGAGGTATCTCGGTCC-1,0.998681,0.000791,0.000264,0.000264
AGAGTAAACTTCACTA-1,0.019623,0.145381,0.433378,0.401617
AGAGTATAGTGTTACG-1,0.02931,0.703358,0.191216,0.076116
AGAGTGAACAGACACC-1,0.998142,0.001114,0.000372,0.000372
AGAGTTAGAGACCGAT-1,0.861689,0.049919,0.000157,0.088236
AGAGTTGCAGGCCTCC-1,0.285359,0.162753,0.006777,0.545111
AGATAACTTCAGGGCC-1,0.000051,0.392609,0.382697,0.224643
AGATACCAATAGAACC-1,0.022077,0.8352,0.122806,0.019917
AGATACCAGCACTTCA-1,0.116203,0.559864,0.142848,0.181085
AGATACCGGTGTTCAC-1,0.000054,0.525391,0.274765,0.19979
AGATACGACTTCATAT-1,0.000076,0.241476,0.559255,0.199194
AGATACTCAAGATCGA-1,0.043715,0.761554,0.138442,0.05629
AGATATAATACGACTA-1,0.052741,0.215208,0.456429,0.275622
AGATCGTGCATAAGAT-1,0.00004,0.893164,0.048289,0.058507
AGATCTCAGGTGTGAT-1,0.000056,0.714457,0.143468,0.142019
AGATGACTCGCCCACG-1,0.067894,0.81812,0.056685,0.057301
AGATGAGGGTTGCGAT-1,0.014804,0.325087,0.117189,0.54292
AGATGATGGAGTCTGG-1,0.135941,0.44612,0.108758,0.309181
AGATGCAAGACGTGCA-1,0.036856,0.79284,0.11872,0.051584
AGATGCATCCTGTGTC-1,0.041335,0.01291,0.565698,0.380056
AGATTATAGGACGTTT-1,0.012119,0.861023,0.024714,0.102144
AGATTCAAGCGGGTCG-1,0.99832,0.001008,0.000336,0.000336
AGATTCACAACCGATA-1,0.095485,0.300307,0.364796,0.239412
AGCAAAGGCCGCTAGT-1,0.087132,0.262268,0.220194,0.430405
AGCAACATATCTTATT-1,0.125419,0.481038,0.306176,0.087367
AGCAACCGAAAGTAAT-1,0.003494,0.754431,0.198848,0.043226
AGCACACGTTTAGACT-1,0.058275,0.626861,0.192256,0.122607
AGCACCAGTACTCACG-1,0.024453,0.403524,0.346814,0.22521
AGCACTACCGGCCTGT-1,0.000064,0.639205,0.183399,0.177332
AGCACTACCTCACCAG-1,0.09419,0.367631,0.341447,0.196732
AGCACTTAAGGACGCC-1,0.008704,0.873951,0.078774,0.03857
AGCAGAAGGAGAAAGA-1,0.018334,0.247822,0.287419,0.446425
AGCAGCCAGATGAATA-1,0.041581,0.558294,0.299714,0.100411
AGCATATCAATATGCT-1,0.046794,0.13466,0.422065,0.396481
AGCATCATTTCGAAAG-1,0.005184,0.354591,0.489247,0.150978
AGCATCGTCGATAATT-1,0.019809,0.362961,0.460935,0.156295
AGCATTACGAGGCAAG-1,0.927731,0.041587,0.005595,0.025087
AGCCAAGCTTTGTGTC-1,0.079956,0.188235,0.168428,0.56338
AGCCACAGGTTACCCG-1,0.072637,0.627532,0.231191,0.06864
AGCCACTCCCGTGCTT-1,0.033767,0.729016,0.08604,0.151177
AGCCATATAGTATGTG-1,0.022195,0.367733,0.406766,0.203306
AGCCCATACATGTAAG-1,0.005291,0.994658,0.000025,0.000025
AGCCCGCAACAAGCAG-1,0.000026,0.885883,0.095951,0.01814
AGCCCGGCATTAGAGG-1,0.105426,0.078419,0.264446,0.55171
AGCCCGGTAGCCTGTA-1,0.090872,0.484862,0.31395,0.110316
AGCCCTAAGCGAAGTT-1,0.043545,0.421621,0.133338,0.401496
AGCCCTCCCTGGTGGC-1,0.199836,0.135052,0.468161,0.196951
AGCCCTGTCGCACCGT-1,0.047312,0.530767,0.354984,0.066937
AGCCCTTCTAATCCGA-1,0.000067,0.472105,0.325228,0.202599
AGCCCTTGGACATCCC-1,0.05421,0.44351,0.251034,0.251247
AGCCGCAAATTCAAAT-1,0.011231,0.418637,0.35023,0.219902
AGCCGTGGCTAAATGT-1,0.095684,0.259087,0.305372,0.339857
AGCCTAATACCCACGT-1,0.034164,0.158491,0.56874,0.238605
AGCCTTAAAGCGGAAG-1,0.00674,0.557789,0.324022,0.11145
AGCGACAGGAACGGTC-1,0.156604,0.442508,0.311545,0.089344
AGCGACATCCCATTCA-1,0.003632,0.120878,0.273972,0.601517
AGCGACCAACGATATT-1,0.002084,0.437885,0.401396,0.158635
AGCGAGACGTGAAGGC-1,0.054898,0.625445,0.203336,0.116321
AGCGATGCGCCTAATA-1,0.049186,0.83064,0.101265,0.018908
AGCGCATAATGAATCG-1,0.01132,0.900234,0.08285,0.005596
AGCGCGGGTGCCAATG-1,0.000556,0.590505,0.119085,0.289853
AGCGCTAGAGCGATGT-1,0.04351,0.611534,0.177211,0.167745
AGCGCTTATGGGCAAG-1,0.278641,0.120843,0.000096,0.60042
AGCGGACACTTCGTAG-1,0.635449,0.187674,0.160159,0.016718
AGCGGCGGTTAGCGGT-1,0.064654,0.118454,0.674507,0.142384
AGCGGGAAGGGTCCAT-1,0.094498,0.105955,0.483805,0.315742
AGCGGGTCTGACACTC-1,0.044126,0.325091,0.506853,0.123931
AGCGGTTGAGATGTAC-1,0.998586,0.000848,0.000283,0.000283
AGCGGTTGCCGCTCTG-1,0.002866,0.857331,0.062479,0.077325
AGCGTCTGAACCCGCA-1,0.456196,0.189729,0.081341,0.272734
AGCGTGGTATTCTACT-1,0.135105,0.37323,0.251572,0.240093
AGCGTTCCGATTTAAA-1,0.998996,0.000602,0.000201,0.000201
AGCTAACAAGCAATGT-1,0.278072,0.344157,0.320534,0.057237
AGCTAAGTACGCAGGC-1,0.023019,0.580787,0.314907,0.081287
AGCTAGAAGCAGAAGT-1,0.018703,0.169585,0.42506,0.386652
AGCTATTTAATCCAAC-1,0.097537,0.306749,0.459195,0.13652
AGCTCCATATATGTTC-1,0.086803,0.705138,0.157276,0.050784
AGCTCCTTCGCACATC-1,0.152955,0.366512,0.094194,0.386339
AGCTCGTTGATGGAAA-1,0.020832,0.821089,0.082556,0.075522
AGCTCTAGACGTTCCA-1,0.031922,0.868467,0.070185,0.029426
AGCTCTTCCCAGTGCA-1,0.008334,0.289646,0.314677,0.387344
AGCTCTTCGTAACCTT-1,0.06817,0.492953,0.258264,0.180613
AGCTCTTTACTCAGTT-1,0.047058,0.698855,0.160798,0.093289
AGCTGAAGTAAACCAA-1,0.030889,0.602765,0.097887,0.268459
AGCTGCATTTGAGGTG-1,0.999201,0.000479,0.00016,0.00016
AGCTGCTGTGCCGAAT-1,0.998344,0.000994,0.000331,0.000331
AGCTGTAACCTCAATC-1,0.017096,0.197604,0.37567,0.40963
AGCTTATAGAGACCTG-1,0.706813,0.003061,0.000149,0.289978
AGCTTCAATACTTTGA-1,0.997953,0.001228,0.000409,0.00041
AGCTTCTTCTCGAGCA-1,0.011357,0.833263,0.035069,0.12031
AGCTTGATCTTAACTT-1,0.182343,0.421158,0.249229,0.14727
AGGAACGAACGACTTC-1,0.022635,0.79329,0.163361,0.020715
AGGAAGCTGTCCGCCG-1,0.060541,0.148195,0.478049,0.313215
AGGACAGTCGAATCCC-1,0.024787,0.65939,0.20308,0.112743
AGGACATCGCACGTCG-1,0.060207,0.003675,0.524573,0.411546
AGGACATCGGCACACT-1,0.295197,0.341345,0.01299,0.350468
AGGACGACCCATTAGA-1,0.042058,0.811391,0.117712,0.028839
AGGACGCTCGATGTTG-1,0.070434,0.225962,0.338453,0.365151
AGGAGACATCCACAGT-1,0.064513,0.484153,0.32352,0.127814
AGGAGAGTCTGGCTAC-1,0.061743,0.434295,0.2067,0.297261
AGGAGGCCTTCGCGCG-1,0.063677,0.463949,0.398878,0.073496
AGGATAAAGTCGGGAT-1,0.027767,0.885304,0.079492,0.007437
AGGATATAGGGATTTA-1,0.045625,0.825322,0.023125,0.105928
AGGATATCCGACTGCA-1,0.008618,0.659212,0.184258,0.147912
AGGATCACGCGATCTG-1,0.06218,0.786598,0.076311,0.074911
AGGATTGCTTACGACA-1,0.056493,0.317496,0.363825,0.262186
AGGCAAAGAGGAATCA-1,0.761158,0.177835,0.000296,0.06071
AGGCACGTGACTGTCC-1,0.059811,0.265949,0.485242,0.188999
AGGCAGATGCGTAAAC-1,0.068021,0.381767,0.426959,0.123252
AGGCAGGGAGCGTACT-1,0.040645,0.298762,0.347912,0.312681
AGGCATTGTCGTAGGG-1,0.000042,0.947343,0.046555,0.006059
AGGCCACATTGGTTAC-1,0.033803,0.238167,0.347029,0.381001
AGGCCACCCGTTATGA-1,0.012442,0.240787,0.554599,0.192172
AGGCCCATTGTACAGG-1,0.000041,0.922458,0.043289,0.034213
AGGCCCTAGAACGCCA-1,0.000056,0.040307,0.707985,0.251652
AGGCCTGAGAATCTCG-1,0.04115,0.596601,0.299102,0.063148
AGGCGATAACTGGCGT-1,0.015375,0.847117,0.107259,0.030248
AGGCGGTTTGTCCCGC-1,0.034111,0.639702,0.265203,0.060985
AGGCGTCTATGGACGG-1,0.003688,0.926252,0.02139,0.04867
AGGCTATGGTTAGCTT-1,0.031159,0.141443,0.505402,0.321995
AGGCTTCCCGAAGAAG-1,0.006836,0.677506,0.25203,0.063627
AGGCTTGCTAGACACC-1,0.000031,0.984905,0.014739,0.000325
AGGGAAACGAGGTACT-1,0.030951,0.575088,0.183334,0.210627
AGGGACAGCACGGCGG-1,0.999166,0.0005,0.000167,0.000167
AGGGACCGGCTGCGTT-1,0.925469,0.074366,0.000083,0.000083
AGGGACTCTACGCGAC-1,0.109739,0.033466,0.212622,0.644173
AGGGAGACATACTTCG-1,0.053526,0.18758,0.129353,0.629541
AGGGCAGCGGCGTGGT-1,0.507455,0.002883,0.000079,0.489583
AGGGCCCTAATGTTCT-1,0.097316,0.494329,0.246834,0.161521
AGGGCGAGCAGCTGAT-1,0.020493,0.580975,0.286718,0.111814
AGGGCGTGATCGGCTA-1,0.008087,0.716937,0.223605,0.051371
AGGGCTGCAGTTACAG-1,0.002093,0.588117,0.246696,0.163093
AGGGTCAGAGCACTCG-1,0.122885,0.35233,0.410109,0.114676
AGGGTCAGTAACCCTA-1,0.00004,0.951998,0.037812,0.01015
AGGGTCGATGCGAACT-1,0.107362,0.605329,0.181142,0.106168
AGGGTCTGGACGCAGT-1,0.198908,0.091587,0.162815,0.54669
AGGGTGCCGTTCTTTA-1,0.143855,0.352463,0.197096,0.306587
AGGGTGCTCTCGAGGG-1,0.015167,0.236987,0.365776,0.38207
AGGGTGGATAGTGCAT-1,0.000169,0.123278,0.614644,0.261909
