Barcode,Topic 1to2,Topic 3to5,Topic 6to7,Topic 8to10
AAACAACGAATAGTTC-1,0.111172,0.224302,0.472375,0.192151
AAACAAGTATCTCCCA-1,0.715882,0.082082,0.026594,0.175442
AAACAATCTACTAGCA-1,0.541796,0.015182,0.414222,0.028799
AAACACCAATAACTGC-1,0.052921,0.352173,0.316898,0.278008
AAACAGAGCGACTCCT-1,0.128373,0.36469,0.332641,0.174295
AAACAGCTTTCAGAAG-1,0.284319,0.189312,0.276166,0.250203
AAACAGGGTCTATATT-1,0.558277,0.002875,0.20498,0.233868
AAACAGTGTTCCTGGG-1,0.519303,0.01822,0.153051,0.309426
AAACATGGTGAGAGGA-1,0.204865,0.18367,0.122575,0.48889
AAACATTTCCCGGATT-1,0.404461,0.071504,0.060766,0.463269
AAACCACTACACAGAT-1,0.462768,0.20326,0.332284,0.001687
AAACCCGAACGAAATC-1,0.300509,0.167162,0.019546,0.512784
AAACCGGAAATGTTAA-1,0.935679,0.001155,0.000931,0.062236
AAACCGGGTAGGTACC-1,0.533528,0.026442,0.411123,0.028908
AAACCGTTCGTCCAGG-1,0.002252,0.107705,0.260846,0.629198
AAACCTAAGCAGCCGG-1,0.239874,0.021122,0.208108,0.530897
AAACCTCATGAAGTTG-1,0.540032,0.028265,0.227411,0.204292
AAACGAAGAACATACC-1,0.760962,0.015933,0.186419,0.036687
AAACGAAGATGGAGTA-1,0.286066,0.148681,0.149199,0.416054
AAACGACAGTCTTGCC-1,0.5095,0.183446,0.3048,0.002255
AAACGAGACGGTTGAT-1,0.307775,0.542917,0.097472,0.051836
AAACGCCCGAGATCGG-1,0.5427,0.106663,0.334932,0.015705
AAACGCTGGGCACGAC-1,0.984611,0.010729,0.004551,0.000108
AAACGGGCGTACGGGT-1,0.294485,0.081484,0.110417,0.513615
AAACGGGTTGGTATCC-1,0.188744,0.804691,0.006495,0.000071
AAACGGTTGCGAACTG-1,0.015795,0.327952,0.221749,0.434504
AAACGTGTTCGCCCTA-1,0.119044,0.344068,0.489604,0.047285
AAACTAACGTGGCGAC-1,0.075586,0.215759,0.542491,0.166164
AAACTCGGTTCGCAAT-1,0.972233,0.027542,0.00009,0.000135
AAACTCGTGATATAAG-1,0.175144,0.260885,0.468137,0.095834
AAACTGCTGGCTCCAA-1,0.396706,0.227054,0.143713,0.232526
AAACTTAATTGCACGC-1,0.227533,0.052921,0.332278,0.387268
AAACTTGCAAACGTAT-1,0.149448,0.075142,0.200147,0.575262
AAAGAATGACCTTAGA-1,0.325079,0.06215,0.152939,0.459832
AAAGAATGTGGACTAA-1,0.153605,0.737556,0.082936,0.025904
AAAGACATGAAGTTTA-1,0.288664,0.082478,0.430238,0.198621
AAAGACCCAAGTCGCG-1,0.460497,0.144646,0.357616,0.037241
AAAGACTGGGCGCTTT-1,0.515871,0.058054,0.162386,0.26369
AAAGCTTGCCTACATA-1,0.686117,0.068795,0.212899,0.032189
AAAGGCCCTATAATAC-1,0.241219,0.003408,0.491881,0.263492
AAAGGCTACGGACCAT-1,0.102568,0.209939,0.157716,0.529776
AAAGGCTCTCGCGCCG-1,0.277391,0.240231,0.025691,0.456687
AAAGGGATGTAGCAAG-1,0.378198,0.282731,0.2723,0.066771
AAAGGGCAGCTTGAAT-1,0.24546,0.134042,0.43181,0.188688
AAAGGTAAGCTGTACC-1,0.394629,0.110942,0.487964,0.006464
AAAGGTCAACGACATG-1,0.366125,0.18305,0.425739,0.025086
AAAGTAGCATTGCTCA-1,0.638367,0.127938,0.055797,0.177897
AAAGTCACTGATGTAA-1,0.463299,0.125363,0.376735,0.034603
AAAGTCGACCCTCAGT-1,0.212224,0.108533,0.155874,0.523368
AAAGTGCCATCAATTA-1,0.679787,0.023771,0.207113,0.089328
AAAGTGTGATTTATCT-1,0.213212,0.266775,0.037276,0.482736
AAAGTTGACTCCCGTA-1,0.486455,0.09838,0.288043,0.127122
AAATAACCATACGGGA-1,0.24277,0.214555,0.40906,0.133616
AAATAAGGTAGTGCCC-1,0.233806,0.140885,0.295574,0.329735
AAATACCTATAAGCAT-1,0.317057,0.422059,0.071918,0.188966
AAATAGCTTAGACTTT-1,0.107789,0.133785,0.400748,0.357679
AAATAGGGTGCTATTG-1,0.651785,0.08933,0.171181,0.087705
AAATCACTCCTAAACG-1,0.431304,0.286756,0.281742,0.000197
AAATCCGATACACGCC-1,0.564206,0.028022,0.219001,0.188772
AAATCGCGGAAGGAGT-1,0.602341,0.115203,0.035498,0.246958
AAATCGTGTACCACAA-1,0.464819,0.20895,0.167212,0.159019
AAATCTAGCCCTGCTA-1,0.32197,0.047835,0.226638,0.403557
AAATCTGCCCGCGTCC-1,0.733415,0.131311,0.08333,0.051944
AAATGACTGATCAAAC-1,0.757789,0.145461,0.000048,0.096702
AAATGATTCGATCAGC-1,0.348592,0.119856,0.514297,0.017255
AAATGCTCGTTACGTT-1,0.085904,0.46898,0.321955,0.123162
AAATGGCATGTCTTGT-1,0.372235,0.314745,0.274938,0.038082
AAATGGCCCGTGCCCT-1,0.285463,0.310736,0.184349,0.219452
AAATGGTCAATGTGCC-1,0.060186,0.365559,0.274551,0.299704
AAATGTATCTTATCCC-1,0.18294,0.222751,0.288326,0.305982
AAATGTGGGTGCTCCT-1,0.214741,0.087847,0.554677,0.142735
AAATTAACGGGTAGCT-1,0.093144,0.208525,0.312826,0.385505
AAATTAATAAGCGCGA-1,0.314277,0.364926,0.271081,0.049717
AAATTACACGACTCTG-1,0.274692,0.445519,0.241639,0.03815
AAATTACCTATCGATG-1,0.016906,0.242763,0.462036,0.278296
AAATTCCAGGTCCAAA-1,0.598281,0.037349,0.245553,0.118817
AAATTGATAGTCCTTT-1,0.647628,0.095025,0.095286,0.16206
AAATTGCGGCGGTTCT-1,0.406655,0.103224,0.484171,0.00595
AAATTGGTGAGAAGCA-1,0.100263,0.389039,0.458192,0.052507
AAATTTACCGAAATCC-1,0.300935,0.103475,0.502143,0.093447
AAATTTGCGGGTGTGG-1,0.095653,0.082606,0.302799,0.518942
AACAACTGGTAGTTGC-1,0.210959,0.416874,0.161802,0.210364
AACAATACATTGTCGA-1,0.664958,0.028959,0.253241,0.052842
AACAATTACTCTACGC-1,0.202529,0.302488,0.310185,0.184797
AACACACGCTCGCCGC-1,0.505965,0.0528,0.208441,0.232795
AACACGACTGTACTGA-1,0.609036,0.228546,0.10171,0.060708
AACACGAGACGCGGCC-1,0.28348,0.131014,0.075085,0.510422
AACACGCGGCCGCGAA-1,0.252329,0.129463,0.589622,0.028587
AACAGCTGTGTGGCAA-1,0.335003,0.137491,0.159887,0.36762
AACAGGAAATCGAATA-1,0.552456,0.144032,0.265055,0.038457
AACAGGATGGGCCGCG-1,0.267883,0.194527,0.310941,0.226649
AACAGGTAGTATGGAT-1,0.396302,0.096988,0.076139,0.430571
AACATAGCGTGTATCG-1,0.269832,0.044888,0.012857,0.672423
AACATATCAACTGGTG-1,0.031567,0.369763,0.448631,0.150039
AACATCGATACGTCTA-1,0.122928,0.148652,0.66172,0.066701
AACATTGAAGTTGATC-1,0.520584,0.048823,0.234195,0.196398
AACATTGGTCAGCCGT-1,0.990367,0.000247,0.009139,0.000247
AACATTGTGACTCGAG-1,0.140549,0.113383,0.326562,0.419506
AACCAAGACTTCTCTG-1,0.152571,0.088295,0.415763,0.343371
AACCAGTATCACTCTT-1,0.078343,0.244258,0.441838,0.235561
AACCATAGGGTTGAAC-1,0.092971,0.135057,0.275001,0.496971
AACCATGGGATCGCTA-1,0.654992,0.152049,0.019958,0.173001
AACCCAGAGACGGAGA-1,0.392456,0.202891,0.309712,0.094942
AACCCATCCCATGATC-1,0.80681,0.039498,0.099161,0.054531
AACCCGACAACCCGTG-1,0.435659,0.011059,0.313207,0.240075
AACCCGAGCAGAATCG-1,0.001373,0.997487,0.000017,0.001123
AACCCGATAGGGCTTC-1,0.374887,0.149836,0.463163,0.012114
AACCCGCTGTATTCCA-1,0.608119,0.160575,0.053252,0.178054
AACCCTACTGTCAATA-1,0.332803,0.233515,0.180485,0.253196
AACCCTGGTGGAACCA-1,0.418851,0.094997,0.41323,0.072922
AACCGAGCTTGGTCAT-1,0.474256,0.203372,0.245304,0.077068
AACCGCTAAGGGATGC-1,0.73383,0.145292,0.009218,0.111659
AACCGTTGTGTTTGCT-1,0.30304,0.303244,0.305932,0.087784
AACCTAAAGCCGTCCG-1,0.224805,0.040872,0.587006,0.147317
AACCTCGCTTTAGCCC-1,0.125049,0.041252,0.241342,0.592356
AACCTGTCACGGAATT-1,0.752133,0.030525,0.149953,0.067389
AACCTTTAAATACGGT-1,0.003515,0.103147,0.150631,0.742707
AACCTTTACGACGTCT-1,0.185576,0.535392,0.142669,0.136364
AACGAAAGTCGTCCCA-1,0.738049,0.04464,0.165649,0.051662
AACGACCTCCTAGCCG-1,0.431238,0.176646,0.004639,0.387477
AACGATAATGCCGTAG-1,0.452818,0.101195,0.104688,0.341298
AACGATAGAAGGGCCG-1,0.403189,0.079933,0.45484,0.062037
AACGATATGTCAACTG-1,0.205507,0.627048,0.080062,0.087382
AACGCATGATCTGGGT-1,0.246376,0.1315,0.450825,0.171298
AACGCGAACGGCAACA-1,0.935634,0.038182,0.026077,0.000107
AACGCGACCTTGGGCG-1,0.174678,0.132616,0.326227,0.36648
AACGCGGTCTCCAGCC-1,0.157101,0.235054,0.362849,0.244996
AACGCTGTTGCTGAAA-1,0.385309,0.055836,0.134901,0.423955
AACGGACGTACGTATA-1,0.519012,0.138662,0.072297,0.270029
AACGGCCATCTCCGGT-1,0.197363,0.145746,0.448729,0.208163
AACGTACTGTGGGTAC-1,0.672362,0.01276,0.254448,0.060431
AACGTAGTCTACCCAT-1,0.377468,0.001555,0.620822,0.000156
AACGTCAGACTAGTGG-1,0.086638,0.297145,0.307811,0.308407
AACGTCATCCGGCTTG-1,0.701792,0.169239,0.000516,0.128453
AACGTCGCTGCACTTC-1,0.612688,0.000186,0.248981,0.138146
AACGTGATGAAGGACA-1,0.021733,0.968438,0.009796,0.000033
AACGTGCGAAAGTCTC-1,0.317696,0.369224,0.094969,0.21811
AACGTTATCAGCACCT-1,0.530077,0.104348,0.321991,0.043584
AACGTTCTACCATTGT-1,0.480171,0.043287,0.093061,0.383482
AACTACCCGTTTGTCA-1,0.127368,0.586877,0.2503,0.035455
AACTAGCGTATCGCAC-1,0.174756,0.071411,0.657516,0.096317
AACTAGGCTTGGGTGT-1,0.163135,0.174831,0.159396,0.502638
AACTCAAGTTAATTGC-1,0.770044,0.103974,0.078997,0.046984
AACTCCAGAGCGTGTT-1,0.551715,0.006327,0.179405,0.262552
AACTCCTAATCCCATG-1,0.154438,0.180883,0.535558,0.129122
AACTCGATAAACACGT-1,0.870637,0.129113,0.0001,0.00015
AACTCGATGGCGCAGT-1,0.346232,0.634723,0.018892,0.000153
AACTCTCAATAGAGCG-1,0.445953,0.289424,0.188999,0.075624
AACTCTCAGTGTGCTC-1,0.309501,0.193164,0.201698,0.295637
AACTGAGGTCAGCGTC-1,0.609788,0.265674,0.111776,0.012762
AACTGAGTTATACTGA-1,0.431413,0.029137,0.150278,0.389172
AACTGATATTAGGCCT-1,0.285002,0.254223,0.368318,0.092457
AACTGGGTCCCGACGT-1,0.263406,0.189328,0.500279,0.046986
AACTGGGTTCGAGCCG-1,0.302933,0.221359,0.467998,0.00771
AACTGGTGTGGGCCTT-1,0.567209,0.052218,0.335178,0.045395
AACTTCTGCGTCTATC-1,0.260375,0.107049,0.478458,0.154117
AACTTGCCCGTATGCA-1,0.107395,0.892359,0.000098,0.000147
AACTTGCGTTCTCGCG-1,0.402122,0.437355,0.157793,0.002731
AACTTTACGGGAGCTT-1,0.562984,0.199722,0.174036,0.063259
AACTTTAGCTGCTGAG-1,0.10876,0.071981,0.628659,0.190599
AACTTTCTCGATCATG-1,0.397144,0.249952,0.352803,0.000101
AAGAAAGTTTGATGGG-1,0.539919,0.261532,0.050678,0.14787
AAGAAATCACCAGATT-1,0.279276,0.557358,0.163278,0.000089
AAGAAGGATCAGTTAG-1,0.425782,0.196324,0.345843,0.03205
AAGACATACGTGGTTT-1,0.365503,0.054956,0.224079,0.355461
AAGACCAAATAACTCA-1,0.071309,0.050447,0.268382,0.609863
AAGACCCAACTGAACA-1,0.354926,0.074722,0.329967,0.240385
AAGACTAACCCGTTGT-1,0.889153,0.047294,0.063449,0.000104
AAGACTCACGCCCACT-1,0.432656,0.041415,0.525779,0.00015
AAGACTGCAAGCTACT-1,0.040322,0.242333,0.408029,0.309316
AAGAGATGAATCGGTA-1,0.506806,0.287415,0.07078,0.134998
AAGAGCTCTTTATCGG-1,0.669754,0.258105,0.019861,0.05228
AAGAGGATGTACGCGA-1,0.578804,0.234308,0.072627,0.11426
AAGAGGCATGGATCGC-1,0.024156,0.18701,0.387797,0.401036
AAGAGGCCCTTTGGAA-1,0.362021,0.129673,0.039723,0.468583
AAGATGGCACCGGACC-1,0.297585,0.111796,0.155362,0.435257
AAGATTGGCGGAACGT-1,0.580061,0.208391,0.200076,0.011473
AAGCACCCTGCGTATC-1,0.513205,0.294232,0.041641,0.150922
AAGCATACTCTCCTGA-1,0.625231,0.210089,0.019942,0.144738
AAGCCACTTGCAGGTA-1,0.229203,0.087679,0.079151,0.603967
AAGCCGAAGCGGTTTA-1,0.098126,0.117921,0.064562,0.719391
AAGCCGCCGTGAAATC-1,0.170933,0.072991,0.250502,0.505574
AAGCCGCTTTACCTTG-1,0.220557,0.381409,0.330489,0.067546
AAGCCGGAGAGCAGGA-1,0.896252,0.000102,0.055015,0.048631
AAGCGCAGGGCTTTGA-1,0.635766,0.082716,0.006643,0.274875
AAGCGGAGTGCGCGCA-1,0.041467,0.493275,0.340343,0.124915
AAGCGGCGTCATGGGT-1,0.118795,0.372875,0.452332,0.055998
AAGCGTCCCTCATCGA-1,0.107983,0.890835,0.000058,0.001124
AAGCTAGATCGAGTAA-1,0.160893,0.343029,0.083353,0.412725
AAGCTATGGATTGACC-1,0.042771,0.157941,0.018178,0.78111
AAGCTCGTGCCAAGTC-1,0.169461,0.088478,0.164331,0.57773
AAGCTCTTTCATGGTG-1,0.530575,0.07031,0.141039,0.258077
AAGGAGAACTTATAAG-1,0.431256,0.011277,0.513731,0.043736
AAGGAGCGGTTGGTGC-1,0.417807,0.16083,0.200287,0.221077
AAGGATCGATCGCTTG-1,0.113093,0.215886,0.312541,0.35848
AAGGATGAGGGACCTC-1,0.034992,0.359719,0.225895,0.379394
AAGGCAGGCTGTCTCC-1,0.612669,0.20447,0.05128,0.131582
AAGGCGCGTAAAGCTT-1,0.333123,0.550973,0.114867,0.001036
AAGGCTGTGCTCATCG-1,0.197101,0.492373,0.227234,0.083292
AAGGGAACGACTGGCT-1,0.328788,0.096528,0.352623,0.22206
AAGGGACAGATTCTGT-1,0.000027,0.995925,0.000037,0.004011
AAGGGACTATGCATTC-1,0.002133,0.063282,0.318104,0.61648
AAGGGTTAGCCATGCG-1,0.784518,0.016491,0.072343,0.126647
AAGGGTTTGATTTCAG-1,0.483508,0.421951,0.00019,0.094351
AAGGTATCCTAATATA-1,0.022293,0.893393,0.053247,0.031068
AAGGTGATAAACCAGC-1,0.371913,0.490897,0.049668,0.087522
AAGTAAGCTTCCAAAC-1,0.312933,0.124862,0.48368,0.078525
AAGTAGAAGACCGGGT-1,0.388439,0.206566,0.271423,0.133572
AAGTAGTGACGCGAGG-1,0.177154,0.6442,0.041982,0.136664
AAGTCAATTGTCGTCA-1,0.740568,0.002864,0.196778,0.05979
AAGTCTAGTAGCTGCC-1,0.163411,0.472903,0.287493,0.076192
AAGTCTTCTGTGGCCT-1,0.340644,0.122578,0.295061,0.241716
AAGTGACGACCGAATT-1,0.495003,0.146871,0.204018,0.154108
AAGTGAGTCGGGTTTA-1,0.098722,0.090121,0.155707,0.65545
AAGTGCAAAGGTAGAC-1,0.897157,0.087902,0.014823,0.000118
AAGTGCCTTGACTGTA-1,0.808892,0.096879,0.013028,0.081201
AAGTGCGTTAGAATCT-1,0.556708,0.04252,0.064512,0.33626
AAGTGCTTCTCTATTG-1,0.377872,0.052871,0.385027,0.18423
AAGTGTTTGGAGACGG-1,0.252674,0.372154,0.003103,0.372069
AAGTTCACTCCAAGCT-1,0.122371,0.066024,0.265406,0.546198
AAGTTCAGTCTGCGTA-1,0.431414,0.114839,0.362794,0.090953
AAGTTCGGCCAACAGG-1,0.524806,0.050911,0.390187,0.034097
AAGTTGTGATGTTATA-1,0.385227,0.061165,0.034738,0.518869
AAGTTTACTAATGGCA-1,0.323394,0.144009,0.419597,0.113
AAGTTTATGGGCCCAA-1,0.675874,0.152439,0.004173,0.167513
AATAACAACGCTCGGC-1,0.74326,0.148229,0.064229,0.044282
AATAACACTAGAACAA-1,0.259057,0.563698,0.132574,0.044671
AATAACGTCGCGCCCA-1,0.838771,0.059711,0.000152,0.101366
AATAAGTCCTCGAGAC-1,0.419638,0.313243,0.238253,0.028867
AATAATCTTCGTATCG-1,0.683398,0.037005,0.120802,0.158795
AATACAATGTTTCAGG-1,0.470313,0.009571,0.511238,0.008878
AATACCGGAGGGCTGT-1,0.458513,0.106431,0.060568,0.374489
AATACCTGATGTGAAC-1,0.566498,0.025079,0.010631,0.397792
AATAGAACAGAGTGGC-1,0.482751,0.12923,0.076258,0.311761
AATAGAATCTGTTTCA-1,0.164508,0.369803,0.218146,0.247544
AATAGCAAGCCTCCTG-1,0.096,0.134964,0.736351,0.032685
AATAGCTACCGCGTGC-1,0.287309,0.078119,0.626885,0.007686
AATAGGCACGACCCTT-1,0.183808,0.566664,0.015331,0.234197
AATAGTCCGTCCCGAC-1,0.122683,0.105732,0.240075,0.531509
AATAGTCGCGAGTCGG-1,0.363836,0.054208,0.49949,0.082466
AATATCAAGGTCGGAT-1,0.063058,0.289203,0.579384,0.068355
AATATCCTAGCAAACT-1,0.358725,0.221017,0.113544,0.306714
AATATCGAATCAATGC-1,0.398194,0.034254,0.209126,0.358426
AATATCGAGGGTTCTC-1,0.329499,0.328228,0.259299,0.082975
AATATTGGAGTATTGA-1,0.360388,0.104856,0.092139,0.442618
AATCAGACTGCAGGAC-1,0.354296,0.303838,0.228992,0.112875
AATCAGGTTTCATTTA-1,0.226986,0.087045,0.114063,0.571906
AATCATGTAAAGACTC-1,0.138645,0.372981,0.110811,0.377563
AATCCAAGGGCCTGAG-1,0.568472,0.135858,0.23692,0.058751
AATCCATGCAAGGGTG-1,0.507866,0.011167,0.480858,0.000109
AATCCCGCTCAGAGCC-1,0.591968,0.273198,0.004461,0.130373
AATCGAGGTCTCAAGG-1,0.479142,0.115082,0.000068,0.405708
AATCGCCTCAGCGCCA-1,0.316857,0.306463,0.161286,0.215393
AATCGCGCAGAGGACT-1,0.472967,0.063576,0.231988,0.231469
AATCGGGACACTACGA-1,0.447255,0.105889,0.368208,0.078648
AATCGGTATAGCCCTC-1,0.096647,0.269922,0.139471,0.49396
AATCGTGAGCCGAGCA-1,0.162118,0.379447,0.014545,0.44389
AATCTAGGTTTACTTG-1,0.998548,0.001235,0.000087,0.00013
AATCTATGCCGGAGCC-1,0.02665,0.66514,0.185973,0.122236
AATCTCTACTGTGGTT-1,0.301548,0.096147,0.208995,0.39331
AATCTGCGTTGGGACG-1,0.085586,0.293737,0.306983,0.313693
AATCTGGCTTTCTAGT-1,0.00268,0.188384,0.204525,0.604411
AATCTGGGTAGACCCT-1,0.129492,0.465799,0.341833,0.062876
AATGACAGCAATGTCT-1,0.347493,0.03114,0.528867,0.092499
AATGACGTAGGATGTC-1,0.48814,0.127348,0.05467,0.329842
AATGACTGTCAGCCGG-1,0.491734,0.06975,0.355579,0.082936
AATGAGTTCGCATATG-1,0.746618,0.064968,0.101456,0.086958
AATGATGATACGCTAT-1,0.608487,0.141256,0.242817,0.007439
AATGATGCGACTCCTG-1,0.113161,0.546188,0.157083,0.183568
AATGCAACCGGGTACC-1,0.052072,0.504535,0.187691,0.255702
AATGCACCAAGCAATG-1,0.213982,0.087662,0.368314,0.330041
AATGGCCGCCAATGCG-1,0.585577,0.011376,0.402911,0.000137
AATGGTCCACCGTTCA-1,0.028472,0.168985,0.390189,0.412354
AATGGTTCTCACAAGC-1,0.074854,0.098907,0.689086,0.137153
AATGTATGGCACTGTA-1,0.028555,0.067292,0.144135,0.760018
AATGTGCCCGAGGTGT-1,0.341701,0.090322,0.38497,0.183007
AATGTGCTAATCTGAG-1,0.407935,0.039576,0.333229,0.21926
AATGTTAAGACCCTGA-1,0.992217,0.007542,0.000096,0.000145
AATGTTGTCGTGAGAC-1,0.131799,0.12813,0.125122,0.614949
AATTAAAGGTCGGCGT-1,0.399823,0.234871,0.209647,0.155658
AATTAACGGATTTCCA-1,0.43102,0.134091,0.161386,0.273503
AATTACGAGACCCATC-1,0.385963,0.067443,0.34541,0.201185
AATTACTCGTACGCTC-1,0.584848,0.199814,0.013411,0.201927
AATTAGCGCTGCAGCG-1,0.459059,0.259293,0.035368,0.24628
AATTATACCCAGCAAG-1,0.7516,0.037071,0.076141,0.135188
AATTCATAAGGGATCT-1,0.308894,0.195438,0.408238,0.08743
AATTCATTGTCATGCA-1,0.158963,0.341433,0.221074,0.27853
AATTCCAACTTGGTGA-1,0.863061,0.136645,0.000118,0.000177
AATTCCAAGCATGTAC-1,0.130884,0.241962,0.229583,0.397571
AATTCGATTCGAGGAT-1,0.279092,0.09601,0.111831,0.513067
AATTCTAGAGTTAGGC-1,0.106973,0.278124,0.243116,0.371786
AATTGAACGCTCTGGT-1,0.12901,0.118435,0.395936,0.35662
AATTGCAGCAATCGAC-1,0.484429,0.010184,0.130156,0.37523
AATTGCGTGGATTACA-1,0.18581,0.067495,0.159601,0.587094
AATTGTGGTTGCCAAA-1,0.750967,0.011337,0.02412,0.213576
AATTTGGGACATAGTA-1,0.05713,0.507707,0.362407,0.072756
AATTTGGTTCCAAAGA-1,0.490584,0.206662,0.2395,0.063255
ACAAACCATGCGTCCT-1,0.534625,0.03409,0.284644,0.146641
ACAAACCGACAAGGCG-1,0.315459,0.053649,0.414638,0.216254
ACAAACTCCATCAGAG-1,0.10102,0.235068,0.018704,0.645208
ACAAAGAAGGTAGGCC-1,0.005331,0.022578,0.103245,0.868846
ACAAAGCATGACCTAG-1,0.400498,0.043791,0.079571,0.47614
ACAAATCGCACCGAAT-1,0.222121,0.173825,0.213411,0.390642
ACAAATGGTAGTGTTT-1,0.023592,0.202581,0.264082,0.509745
ACAAATTCAGATCTGA-1,0.323075,0.122401,0.507744,0.04678
ACAACAGCATGAGCTA-1,0.605559,0.243205,0.013218,0.138019
ACAACGGTCCCTGCGA-1,0.54205,0.042005,0.284646,0.131299
ACAAGCAGTGCCTAGC-1,0.14684,0.214952,0.189957,0.448251
ACAAGCTATATGGAAG-1,0.318097,0.145456,0.158941,0.377506
ACAAGGAAATCCGCCC-1,0.186319,0.100592,0.188907,0.524181
ACAAGGACAAGAGGTT-1,0.414595,0.185631,0.213078,0.186696
ACAAGGATGCTTTAGG-1,0.434301,0.062458,0.009505,0.493736
ACAAGGCCTACCAGCC-1,0.139776,0.164076,0.614237,0.081912
ACAAGGGCAGGCTCTG-1,0.283158,0.225746,0.16736,0.323736
ACAAGTAATTGTAAGG-1,0.213149,0.213072,0.024387,0.549392
ACAATAGTCGTACGTT-1,0.935222,0.020141,0.04438,0.000257
ACAATCCATTTAAACC-1,0.192434,0.080195,0.48979,0.237581
ACAATCGATCTTTATA-1,0.460573,0.080785,0.168595,0.290047
ACAATGAATACGGAGA-1,0.01928,0.066306,0.180793,0.733621
ACAATGATTCTTCTAC-1,0.290283,0.124028,0.562866,0.022823
ACAATTGTGTCTCTTT-1,0.691452,0.068203,0.009562,0.230783
ACAATTTAGGAGGCTC-1,0.279552,0.111478,0.443115,0.165855
ACAATTTGAGCAGTGG-1,0.280035,0.304167,0.062928,0.35287
ACAATTTGGCCATATT-1,0.4554,0.06761,0.155022,0.321968
ACACAAAGACGGGTGG-1,0.098945,0.122941,0.547811,0.230303
ACACAAATATTCCTAG-1,0.254676,0.3831,0.251339,0.110885
ACACACCAGGACCAGT-1,0.651996,0.031507,0.197709,0.118789
ACACACTTTCTACACG-1,0.728554,0.087137,0.183734,0.000575
ACACATGATCAAATCT-1,0.505774,0.00947,0.3792,0.105556
ACACATTGACGCAACA-1,0.982309,0.017406,0.000114,0.000171
ACACATTTCCGTAGAC-1,0.914136,0.085616,0.000099,0.000149
ACACCACATAATTAGC-1,0.659423,0.004056,0.288846,0.047675
ACACCCAGCATGCAGC-1,0.344576,0.34923,0.285085,0.02111
ACACCCGAGAAATCCG-1,0.718884,0.046786,0.205107,0.029222
ACACCCGTAAATCTGT-1,0.488801,0.133391,0.324748,0.05306
ACACCGAGCGCTCTTT-1,0.637056,0.045871,0.306016,0.011058
ACACCGGTCTGACCGC-1,0.778286,0.01456,0.179329,0.027826
ACACCTTAAGTAGGGC-1,0.679854,0.30542,0.014552,0.000173
ACACCTTACTACTTGC-1,0.532388,0.078708,0.25192,0.136983
ACACGAGACTCCTTCT-1,0.185075,0.46992,0.197898,0.147107
ACACGGCACTATGCAT-1,0.565647,0.037105,0.393637,0.00361
ACACGGGAACTTAGGG-1,0.051041,0.19644,0.453597,0.298922
ACACGTAGGCCACAAG-1,0.043456,0.049431,0.335307,0.571805
ACACTCCAATGTCACT-1,0.174802,0.061484,0.563698,0.200016
ACACTGATCAAGGTGT-1,0.184446,0.149906,0.258579,0.407069
ACACTGGGACAGTCGT-1,0.170157,0.130936,0.1219,0.577007
ACAGAACTGAGAACAA-1,0.278448,0.239562,0.127877,0.354113
ACAGATTAGGTTAGTG-1,0.353105,0.14603,0.487575,0.01329
ACAGCATAGAGCCAGT-1,0.166956,0.242181,0.531442,0.059421
ACAGCGACATTCTCAT-1,0.108291,0.07028,0.145949,0.675479
ACAGCGCACCCGCAGC-1,0.49331,0.009939,0.49661,0.000141
ACAGGAGGCGCAGCCG-1,0.50878,0.342557,0.054168,0.094495
ACAGGCACGGATCCTT-1,0.125413,0.233328,0.019538,0.621721
ACAGGCTTGCCCGACT-1,0.000019,0.999691,0.000019,0.000271
ACAGGTGGAGGTGAGG-1,0.644902,0.138501,0.127087,0.089511
ACAGGTGTGTTGTTGC-1,0.321986,0.235711,0.030044,0.412259
ACAGTAATACAACTTG-1,0.55875,0.060684,0.24414,0.136426
ACAGTATACCGTGGGA-1,0.598973,0.100623,0.289966,0.010438
ACAGTGCAGCGCATTT-1,0.509823,0.095799,0.393087,0.001291
ACATAAGTCGTGGTGA-1,0.055797,0.153316,0.351688,0.439199
ACATAATAAGGCGGTG-1,0.257443,0.128657,0.425364,0.188536
ACATACAATCAAGCGG-1,0.34177,0.086836,0.016758,0.554635
ACATCAGCTGGGACGC-1,0.194455,0.20701,0.266104,0.332431
ACATCCCGGCCATACG-1,0.043161,0.198479,0.126291,0.632069
ACATCCTGGTAACTGT-1,0.226401,0.167808,0.226237,0.379555
ACATCGATCGTTTACC-1,0.01195,0.095941,0.176833,0.715276
ACATCGCAATATTCGG-1,0.036559,0.189603,0.004673,0.769166
ACATCGGTCAGCCGCG-1,0.360669,0.107435,0.223337,0.308559
ACATCGTATGCAATGG-1,0.181558,0.046449,0.297865,0.474128
ACATCGTTAACCTAGT-1,0.376755,0.159976,0.374636,0.088633
ACATCTCAACGCGTAA-1,0.139236,0.146031,0.424601,0.290133
ACATGCTTACGGCAGC-1,0.520434,0.219198,0.029483,0.230885
ACATGGCGCCAAAGTA-1,0.220718,0.348209,0.172168,0.258906
ACATGGCTCAATTTAG-1,0.01135,0.530967,0.233395,0.224289
ACATTAGTTTATATCC-1,0.589314,0.216908,0.094844,0.098934
ACATTCGCGCGGAATA-1,0.685069,0.009993,0.133328,0.17161
ACATTTGAAACCTAAC-1,0.08047,0.353101,0.079241,0.487187
ACCAAACACCCAGCGA-1,0.227887,0.395065,0.324303,0.052745
ACCAAACTAGAAATCC-1,0.24182,0.097137,0.371066,0.289976
ACCAACACCACACACT-1,0.25199,0.138689,0.548143,0.061178
ACCAACCGCACTCCAC-1,0.431808,0.020744,0.096411,0.451037
ACCAACGCTTATTTAT-1,0.127018,0.068267,0.309627,0.495088
ACCAAGAACGCGTGTC-1,0.436354,0.158704,0.349047,0.055894
ACCAAGTCATCGGCAG-1,0.999519,0.00018,0.00012,0.00018
ACCAATATGCAAGTTA-1,0.892819,0.07376,0.000162,0.033259
ACCACAACTCAGAACA-1,0.150807,0.110031,0.620321,0.11884
ACCACAAGTTTCTATC-1,0.119819,0.132902,0.293397,0.453881
ACCACACGGTTGATGG-1,0.997118,0.002661,0.000088,0.000132
ACCACCAATGTAACAA-1,0.451896,0.116778,0.30192,0.129407
ACCACCCTCTCTTCTA-1,0.203469,0.192688,0.523609,0.080234
ACCACGTGCAGCTATA-1,0.162093,0.080563,0.186869,0.570475
ACCACTGTTCAAGAAG-1,0.253151,0.744042,0.000033,0.002774
ACCAGACCATAACAAC-1,0.444113,0.140427,0.194539,0.220921
ACCAGCCCGGTCTTTG-1,0.231719,0.156696,0.370681,0.240904
ACCAGGAGTGTGATCT-1,0.169403,0.01075,0.752618,0.067229
ACCAGTGCCCGGTCAA-1,0.011008,0.413941,0.433848,0.141203
ACCAGTGCGGGAGACG-1,0.329734,0.111175,0.0584,0.500691
ACCATATCCGCAATAA-1,0.401777,0.172869,0.272763,0.152591
ACCATCCGCCAACTAG-1,0.224185,0.746443,0.008763,0.020608
ACCATCGTATATGGTA-1,0.023446,0.08014,0.537058,0.359355
ACCATTAAGGGTGTCA-1,0.700993,0.169766,0.071647,0.057594
ACCCAACGCCCGTGGC-1,0.040436,0.191207,0.321872,0.446485
ACCCACCTACATGCTC-1,0.718857,0.106657,0.107623,0.066863
ACCCATCTTGAGGGTA-1,0.773238,0.110017,0.068517,0.048227
ACCCATTTGTCCCTCT-1,0.263707,0.024739,0.141362,0.570192
ACCCGAGCGAAATTAC-1,0.003359,0.055665,0.287122,0.653854
ACCCGATTGGTTCCGA-1,0.268353,0.153267,0.066192,0.512187
ACCCGGAAACTCCCAG-1,0.005797,0.918205,0.046407,0.029591
ACCCGGAGCACCACAA-1,0.176276,0.282051,0.079623,0.462051
ACCCGGATGACGCATC-1,0.283758,0.204682,0.265941,0.245619
ACCCGGTTACACTTCC-1,0.116566,0.285214,0.224966,0.373255
ACCCGTAGCAGAGAAT-1,0.73627,0.05135,0.08465,0.12773
ACCCGTAGTCTAGTTG-1,0.3206,0.062697,0.006909,0.609795
ACCCGTGTCATCAGTA-1,0.542665,0.00641,0.166215,0.28471
ACCCTATAGGACTGAG-1,0.952776,0.000177,0.046869,0.000177
ACCCTATGCCATATCG-1,0.414759,0.009513,0.493509,0.082219
ACCCTCCCGTCAGGGC-1,0.632237,0.031516,0.155193,0.181053
ACCCTCCCTTGCTATT-1,0.045794,0.191429,0.150045,0.612732
ACCCTGGTAACGCCCT-1,0.321628,0.191417,0.273022,0.213933
ACCCTTCATCTGCGAA-1,0.583646,0.122903,0.257729,0.035721
ACCCTTGCCTGGGTCG-1,0.31261,0.320343,0.291945,0.075102
ACCCTTTAGTTCTCCA-1,0.051627,0.102029,0.551436,0.294908
ACCGAAAGGGCCCTGC-1,0.561569,0.272015,0.155957,0.010459
ACCGAAGAGTCTGGTT-1,0.638703,0.003285,0.305954,0.052058
ACCGACACATCTCCCA-1,0.091253,0.070596,0.21528,0.622872
ACCGACTGAGTCCCAC-1,0.1288,0.360483,0.383323,0.127394
ACCGAGTCTCCTTATT-1,0.655611,0.011954,0.254838,0.077597
ACCGATAGGCATAACC-1,0.564696,0.006438,0.22409,0.204775
ACCGATATTTAATCAT-1,0.322815,0.182829,0.08532,0.409035
ACCGATGGTAGCATCG-1,0.395494,0.308862,0.088546,0.207099
ACCGCAATAACTGCCT-1,0.146965,0.399912,0.069533,0.383589
ACCGCGGTGGAAGTCG-1,0.251701,0.234454,0.164928,0.348917
ACCGCTAGTCATTGGT-1,0.462836,0.143512,0.070009,0.323642
ACCGGGCCTTTGTTGA-1,0.852345,0.038487,0.079494,0.029674
ACCGGTCAGGTACACC-1,0.036478,0.068903,0.389992,0.504628
ACCGGTCTGAGTACGG-1,0.294277,0.270775,0.390355,0.044593
ACCGTCCACTGGGCCC-1,0.28461,0.159399,0.266046,0.289945
ACCGTGACCACGTGGG-1,0.132675,0.036559,0.32876,0.502007
ACCGTTCCCGCTCTGA-1,0.414567,0.097099,0.386029,0.102306
ACCTAAGTACCTTTCA-1,0.021502,0.309592,0.184489,0.484417
ACCTAATCGACTTCCT-1,0.063141,0.189141,0.378801,0.368917
ACCTACAGTATGTGGT-1,0.505536,0.008691,0.242101,0.243672
ACCTACTATAAATCTA-1,0.240586,0.149977,0.152093,0.457344
ACCTCAGCGAGGCGCA-1,0.502379,0.091513,0.032245,0.373863
ACCTCCGCCCTCGCTG-1,0.161376,0.043028,0.329156,0.466439
ACCTCCGTTATTCACC-1,0.325002,0.136237,0.29467,0.24409
ACCTCGAACTTATGCT-1,0.019681,0.133433,0.327935,0.518951
ACCTGCGTGTCATGTT-1,0.56946,0.03,0.213938,0.186602
ACCTTTCCTTTAGAAG-1,0.317596,0.099857,0.374481,0.208066
ACGAAATGGGCGGCAC-1,0.01923,0.17674,0.492381,0.311649
ACGACCCATGAGTTGC-1,0.358567,0.147361,0.013299,0.480773
ACGACTCTAGGGCCGA-1,0.43016,0.035344,0.115896,0.418599
ACGACTGGTCATACTC-1,0.005071,0.131732,0.129688,0.733509
ACGAGAACCCATCACG-1,0.456502,0.293967,0.20068,0.048851
ACGAGATATTTGCTTA-1,0.292365,0.075911,0.54198,0.089744
ACGAGGATACCACTCT-1,0.209319,0.093502,0.280221,0.416959
ACGAGGTTTACAACGT-1,0.429169,0.087415,0.13095,0.352465
ACGAGTACGGATGCCC-1,0.24143,0.158074,0.356636,0.24386
ACGAGTCGCCGGCGTT-1,0.431071,0.568472,0.000063,0.000394
ACGATACATAGAACTA-1,0.205123,0.589022,0.184924,0.020932
ACGATACCTATCCTGA-1,0.284691,0.276145,0.138778,0.300387
ACGATCATACATAGAG-1,0.300334,0.270931,0.302792,0.125944
ACGATCATCTTGTAAA-1,0.349827,0.225379,0.273559,0.151235
ACGATGCATATGTTAT-1,0.030313,0.256591,0.410925,0.302171
ACGATGGATCCGATGC-1,0.195942,0.179684,0.349493,0.274881
ACGCAAACTAATAGAT-1,0.584416,0.007088,0.211952,0.196545
ACGCAATCACTACAGC-1,0.177306,0.368664,0.120968,0.333063
ACGCATAAATGACATG-1,0.479029,0.129119,0.391727,0.000126
ACGCATACGTTTACTA-1,0.259636,0.016824,0.095351,0.628189
ACGCATTCGTGAGTAC-1,0.490266,0.163321,0.192405,0.154009
ACGCCACTCGAAACAG-1,0.000325,0.065236,0.01181,0.92263
ACGCCAGATGATTTCT-1,0.162017,0.312727,0.418646,0.10661
ACGCCAGTGCGTTTGC-1,0.69744,0.000154,0.158337,0.144068
ACGCCCAGCTGTCGAT-1,0.885907,0.06311,0.02389,0.027093
ACGCCGCTAGACGACC-1,0.163399,0.207717,0.141269,0.487616
ACGCCTGACACGCGCT-1,0.834299,0.095278,0.003587,0.066837
ACGCGAAGTCAGACGA-1,0.223334,0.118054,0.230075,0.428537
ACGCGCTACACAGGGT-1,0.511943,0.13222,0.037119,0.318718
ACGCGGGCCAAGGACA-1,0.307697,0.654128,0.019961,0.018215
ACGCGTTTCTTAAGAG-1,0.482494,0.030957,0.399003,0.087546
ACGCTACTGAATGGGC-1,0.97965,0.000107,0.020135,0.000107
ACGCTAGTATCAGTGC-1,0.721359,0.078491,0.199886,0.000264
ACGCTAGTGATACACT-1,0.072413,0.268353,0.15889,0.500344
ACGCTGTGAGGCGTAG-1,0.282048,0.058575,0.247235,0.412142
ACGCTTAGTGTCTCTC-1,0.305259,0.265213,0.380875,0.048653
ACGGAACACGAGTGCC-1,0.432103,0.009926,0.098155,0.459816
ACGGAATTTAGCAAAT-1,0.264917,0.197231,0.41822,0.119631
ACGGACGCAGCGACAA-1,0.769316,0.004214,0.0723,0.15417
ACGGACTCTCAAAGCG-1,0.512367,0.04087,0.089819,0.356944
ACGGAGCGCAAATTAC-1,0.056898,0.2898,0.473196,0.180106
ACGGATGGTGCGGATA-1,0.370301,0.163604,0.143918,0.322176
ACGGCACTTGCTTGGG-1,0.153305,0.387929,0.052567,0.406199
ACGGCCAACATGGACT-1,0.931975,0.036533,0.000068,0.031423
ACGGCGACGATGGGAA-1,0.286253,0.122841,0.196522,0.394383
ACGGCGGGTTGCCCTG-1,0.389039,0.226828,0.358399,0.025734
ACGGCTGGATGTAGAA-1,0.483972,0.033461,0.210938,0.271629
ACGGGAGTGTCGGCCC-1,0.307568,0.130697,0.141865,0.41987
ACGGGCGTATGCGACA-1,0.204429,0.162519,0.524675,0.108376
ACGGGTCATGTGACTT-1,0.527834,0.036745,0.390887,0.044534
ACGGGTTGTGACCTGT-1,0.042433,0.557754,0.026306,0.373507
ACGGTACAGTTCAATG-1,0.972692,0.027087,0.000089,0.000133
ACGGTCACCGAGAACA-1,0.489521,0.011791,0.284772,0.213916
ACGTACAGATTTCTCT-1,0.447554,0.380577,0.170385,0.001484
ACGTACTTTGGCACGG-1,0.645254,0.00494,0.201565,0.148241
ACGTAGATTGCTGATG-1,0.25382,0.262556,0.182615,0.301009
ACGTAGGAGAGTCGCT-1,0.442497,0.123013,0.005542,0.428948
ACGTATTACTCCGATC-1,0.031743,0.575917,0.208324,0.184016
ACGTCCTAAACGAGAT-1,0.667336,0.062754,0.211495,0.058416
ACGTCGGGCAACTCGG-1,0.216697,0.782945,0.000143,0.000215
ACGTCTCGTTCCGGGA-1,0.115981,0.313432,0.166545,0.404043
ACGTGACAAAGTAAGT-1,0.267681,0.326086,0.036312,0.369922
ACGTGCGCCTCGTGCA-1,0.122765,0.234684,0.520688,0.121863
ACGTGGTCGAATGTGC-1,0.351481,0.07109,0.456587,0.120842
ACGTTAATGTCGAAGA-1,0.520759,0.149116,0.175185,0.154941
ACGTTAGATTTGCCCG-1,0.601817,0.207754,0.085297,0.105131
ACGTTATTGGTCACTC-1,0.062817,0.165476,0.425414,0.346292
ACGTTCACTATGCCGC-1,0.048491,0.0895,0.13987,0.722139
ACGTTCCGCGCTCCGT-1,0.366922,0.092298,0.367737,0.173043
ACGTTCGCAATCAATT-1,0.609456,0.18304,0.088166,0.119338
ACGTTCGTTCAGGAAA-1,0.149235,0.124999,0.216876,0.50889
ACGTTCTGTACAAGTC-1,0.630531,0.000107,0.185505,0.183857
ACGTTGTCGTTGAAAG-1,0.569027,0.169585,0.092273,0.169115
ACGTTTAGTTGTGATC-1,0.684623,0.237855,0.062035,0.015486
ACGTTTCGGTGCACTT-1,0.436013,0.067428,0.001367,0.495192
ACTAAGGACGCACACC-1,0.5675,0.085082,0.321336,0.026082
ACTAATACGTCAGGCG-1,0.118002,0.252797,0.580862,0.04834
ACTACAAAGAGAGGTG-1,0.485658,0.063353,0.233137,0.217852
ACTACATCCCGACAAG-1,0.00652,0.149705,0.103215,0.740559
ACTACCAGCTCTCTGG-1,0.488955,0.330889,0.05603,0.124127
ACTACCATCCGAGGGC-1,0.69866,0.049298,0.051731,0.200311
ACTACGCGTTAGAATT-1,0.425368,0.071817,0.311372,0.191442
ACTAGTTGCGATCGTC-1,0.339665,0.364555,0.141045,0.154735
ACTATATGCTGTGTTC-1,0.330926,0.145072,0.491317,0.032685
ACTATCCAGGGCATGG-1,0.28813,0.200652,0.147115,0.364102
ACTATCGCCGGCTAAA-1,0.910902,0.048852,0.000105,0.040141
ACTATCTGCCCGCGTA-1,0.058665,0.046788,0.15115,0.743397
ACTATGTCCAGCTGCC-1,0.40887,0.187834,0.173151,0.230145
ACTATTCGTCCGTGGT-1,0.220025,0.073223,0.496509,0.210243
ACTATTTCCGGGCCCA-1,0.258787,0.050869,0.118026,0.572318
ACTCAACGAATGTATT-1,0.34165,0.160578,0.450442,0.047329
ACTCAAGTGCAAGGCT-1,0.40575,0.004771,0.260093,0.329385
ACTCAATAAAGGCACG-1,0.239013,0.261643,0.390429,0.108915
ACTCAGACCTGCTTCT-1,0.065668,0.247566,0.680087,0.006679
ACTCATGGCAGCCTTC-1,0.179525,0.055874,0.121342,0.643259
ACTCCAATATCATCAT-1,0.200422,0.03742,0.402642,0.359516
ACTCCCATTCCTAAAG-1,0.553289,0.007818,0.260246,0.178648
ACTCCCGAATTCGTTT-1,0.482907,0.163625,0.182321,0.171147
ACTCCCGTAGACTAGG-1,0.83696,0.0377,0.125206,0.000134
ACTCCCTAATGCTAAA-1,0.195197,0.207448,0.106077,0.491279
ACTCCCTAGAATAGTA-1,0.161225,0.609904,0.028633,0.200238
ACTCCGGCCGACCACT-1,0.590832,0.146441,0.073133,0.189594
ACTCGATGTATTTCAT-1,0.00705,0.262246,0.252733,0.477971
ACTCGCCGTTCGATAA-1,0.440283,0.026923,0.147668,0.385125
ACTCGCGATCTGACGC-1,0.203557,0.176932,0.314882,0.304629
ACTCGTAACCCGTCCT-1,0.126404,0.203255,0.268368,0.401973
ACTCGTCAGTAATCCC-1,0.13541,0.172497,0.117504,0.57459
ACTCTAAACCTGGGAT-1,0.376406,0.301049,0.179187,0.143357
ACTCTCTGACTTAGGT-1,0.2875,0.149126,0.333492,0.229881
ACTCTCTTATACACGA-1,0.083817,0.373317,0.451702,0.091165
ACTCTGACCTAATAGA-1,0.149989,0.045414,0.033002,0.771595
ACTCTTCAGCTCCCGC-1,0.257482,0.117049,0.306365,0.319105
ACTCTTGTATAGTAAC-1,0.146541,0.490198,0.090711,0.27255
ACTGAAACGCCGTTAG-1,0.535326,0.003253,0.289031,0.17239
ACTGAATGGCGAAAGT-1,0.007538,0.072568,0.29513,0.624764
ACTGATTTAGTGATTC-1,0.286757,0.162167,0.332688,0.218388
ACTGCCCGCCATTCTC-1,0.130733,0.114181,0.089976,0.66511
ACTGCCGTCGTAACTC-1,0.107911,0.858703,0.0257,0.007686
ACTGCGGACACACCGT-1,0.218925,0.158988,0.387127,0.23496
ACTGCTCGGAAGGATG-1,0.581068,0.027723,0.253373,0.137835
ACTGGCGAACCTGCGT-1,0.450482,0.036522,0.512836,0.00016
ACTGGGATGCCAGTGC-1,0.298396,0.05897,0.426207,0.216426
ACTGTACGATACACAT-1,0.412034,0.230878,0.276565,0.080523
ACTGTAGCACTTTGGA-1,0.029416,0.332254,0.337064,0.301267
ACTGTATACGCGAGCA-1,0.529004,0.365148,0.10575,0.000098
ACTGTCCAGGATTATA-1,0.012114,0.897792,0.043297,0.046797
ACTGTCTTCTTTAGAA-1,0.173902,0.366817,0.360638,0.098643
ACTGTGCTAGTAGATC-1,0.613,0.317022,0.03982,0.030157
ACTGTTTAGTGTAGGC-1,0.344639,0.089611,0.488257,0.077494
ACTTACCGGGCGCGCA-1,0.220198,0.19598,0.533458,0.050364
ACTTACGCATCCACGC-1,0.485789,0.021508,0.255486,0.237217
ACTTAGTACGACAAGA-1,0.729286,0.16183,0.08558,0.023305
ACTTATACTTACCCGG-1,0.149329,0.699281,0.019914,0.131476
ACTTATCTGATCTATA-1,0.368667,0.210209,0.266085,0.155039
ACTTATTAGGATCGGT-1,0.194452,0.205653,0.36979,0.230105
ACTTATTTATGTGCCA-1,0.205104,0.147187,0.269143,0.378566
ACTTCAGGCTGATCCC-1,0.304216,0.189372,0.209215,0.297197
ACTTCCAGTGGAAGCT-1,0.62398,0.046241,0.242188,0.08759
ACTTCCATGCGGGACA-1,0.456627,0.052833,0.147708,0.342831
ACTTCCTGTCGTGCGA-1,0.58363,0.170511,0.245593,0.000266
ACTTCGCCATACGCAC-1,0.200349,0.418752,0.159462,0.221437
ACTTCGCTAGCGAGTG-1,0.013422,0.380388,0.192904,0.413286
ACTTGACTCCCTCTTT-1,0.340006,0.132651,0.21509,0.312253
ACTTGCCATATTGTAC-1,0.366754,0.0095,0.620186,0.00356
ACTTGCTCTATCTACC-1,0.705449,0.035685,0.070453,0.188413
ACTTGGGACCCGGTGG-1,0.098887,0.189844,0.518277,0.192992
ACTTGGGCTTTCGCCA-1,0.476766,0.186628,0.003294,0.333312
ACTTGTAGTCCCTTCA-1,0.488664,0.035706,0.212434,0.263196
ACTTGTGGATGGAACG-1,0.287931,0.050465,0.437579,0.224025
ACTTGTTACCGGATCA-1,0.344455,0.180931,0.044082,0.430533
ACTTTACCCTCATGAA-1,0.007095,0.992842,0.000025,0.000038
ACTTTATACACCACTT-1,0.391733,0.221749,0.185806,0.200713
ACTTTCCTATAGCTTC-1,0.005704,0.961368,0.029863,0.003065
ACTTTGACTGCATCCT-1,0.134577,0.220603,0.267425,0.377394
ACTTTGGTCGTGCTCC-1,0.29343,0.033985,0.268791,0.403794
ACTTTGTCGACGCACT-1,0.951084,0.000145,0.000097,0.048674
AGAAATTATGACTCGC-1,0.169902,0.078377,0.267051,0.484669
AGAACACGGCGATGGT-1,0.306695,0.257503,0.002722,0.433079
AGAACCCAGCGTGACA-1,0.411946,0.068705,0.175512,0.343836
AGAACCCTCAATTGGG-1,0.161954,0.108362,0.291254,0.438431
AGAACGTGGTACATTC-1,0.124462,0.230449,0.517736,0.127353
AGAACTGTACTTTGTA-1,0.063059,0.057668,0.145416,0.733857
AGAAGAGCGCCGTTCC-1,0.991302,0.003262,0.002175,0.003262
AGAAGGTACACTTCAC-1,0.543397,0.047826,0.197829,0.210949
AGAAGGTTGCCGAATT-1,0.148961,0.099284,0.460947,0.290808
AGAAGGTTGTAGGTCG-1,0.362421,0.073341,0.015753,0.548486
AGAAGTGATTCGTGAT-1,0.389784,0.022366,0.411327,0.176523
AGAATAAATCTTCAGG-1,0.190362,0.164863,0.539862,0.104914
AGAATACAGGCTATCC-1,0.428528,0.083998,0.032527,0.454948
AGAATGCGGGTTCGGA-1,0.107864,0.228546,0.543388,0.120202
AGAATTATGGATTCGA-1,0.277883,0.149027,0.033953,0.539138
AGAATTGTTTGACATA-1,0.168039,0.294408,0.239983,0.29757
AGACAGCTCAGAATCC-1,0.141407,0.177514,0.221045,0.460034
AGACAGGCATCTCAGC-1,0.090213,0.03566,0.050975,0.823151
AGACATAGATCCTTCC-1,0.327016,0.060704,0.591113,0.021166
AGACCAAACCACACCT-1,0.490134,0.00477,0.301669,0.203427
AGACCATGGGATACAA-1,0.520983,0.088868,0.344413,0.045735
AGACCCACCGCTGATC-1,0.298616,0.139336,0.210804,0.351244
AGACCCGCCCTCCTCG-1,0.018037,0.210412,0.219959,0.551592
AGACCGCTCCGCGGTT-1,0.083638,0.052843,0.289273,0.574246
AGACCGGGAAACCCTG-1,0.153712,0.308683,0.308083,0.229522
AGACGAAGTGCCGGTC-1,0.241042,0.06621,0.114922,0.577826
AGACGACGATGCCGCT-1,0.001808,0.130365,0.450982,0.416845
AGACGCCCACTTCGCC-1,0.241249,0.013678,0.160071,0.585002
AGACGGGATTGGTATA-1,0.444256,0.076198,0.239401,0.240145
AGACGGGCCGATTTAA-1,0.123564,0.118432,0.61758,0.140423
AGACTAGCCTTCCAGA-1,0.426412,0.266665,0.123672,0.183251
AGACTGTTACCGGGTC-1,0.483242,0.049487,0.225797,0.241474
AGAGAAACACCAGAAA-1,0.521389,0.102294,0.114805,0.261512
AGAGAACCGTCTAGGA-1,0.604398,0.225915,0.150961,0.018726
AGAGAAGGAGTACAAT-1,0.359891,0.076074,0.24406,0.319975
AGAGATCTCTAAAGCG-1,0.393324,0.200048,0.128288,0.27834
AGAGCAGTTATGAGAC-1,0.251943,0.119105,0.523526,0.105426
AGAGCCGCCGAGATTT-1,0.05132,0.339465,0.09686,0.512355
AGAGCGCTTGTAACGG-1,0.228678,0.041227,0.725917,0.004178
AGAGCGGGCTAATCAT-1,0.185084,0.122802,0.560899,0.131214
AGAGCGTACAAGCTCG-1,0.252259,0.288323,0.430144,0.029275
AGAGCTACGAAAGCAT-1,0.143724,0.163226,0.598031,0.09502
AGAGGCTTCGGAAACC-1,0.535229,0.055511,0.110106,0.299154
AGAGGGACAATTGTCC-1,0.222632,0.308979,0.457779,0.01061
AGAGGTATCTCGGTCC-1,0.178279,0.148516,0.525811,0.147394
AGAGTAAACTTCACTA-1,0.39496,0.045746,0.288842,0.270452
AGAGTATAGTGTTACG-1,0.267539,0.120182,0.32137,0.290909
AGAGTCTTAATGAAAG-1,0.223921,0.019609,0.065272,0.691199
AGAGTGAACAGACACC-1,0.729244,0.053108,0.217426,0.000222
AGAGTTAGAGACCGAT-1,0.05021,0.232067,0.575787,0.141937
AGAGTTGCAGGCCTCC-1,0.303752,0.118428,0.566419,0.011401
AGATAACTTCAGGGCC-1,0.334287,0.359726,0.174134,0.131853
AGATAATCACACCTAT-1,0.081632,0.238256,0.021144,0.658967
AGATACCAATAGAACC-1,0.660607,0.010993,0.015636,0.312763
AGATACCAGCACTTCA-1,0.02851,0.753314,0.215453,0.002723
AGATACCGGTGTTCAC-1,0.240938,0.182716,0.479572,0.096774
AGATACGACTTCATAT-1,0.33917,0.133236,0.503676,0.023918
AGATACTCAAGATCGA-1,0.085936,0.112726,0.319151,0.482187
AGATATAATACGACTA-1,0.843024,0.119001,0.000046,0.037929
AGATCGTGCATAAGAT-1,0.441142,0.070321,0.461768,0.026769
AGATCTCAGGTGTGAT-1,0.095914,0.137869,0.235808,0.530409
AGATCTGGAGAGGATA-1,0.630598,0.225348,0.000902,0.143153
AGATGACTCGCCCACG-1,0.283141,0.303037,0.265273,0.148549
AGATGAGGGTTGCGAT-1,0.291955,0.247391,0.408364,0.05229
AGATGATGGAGTCTGG-1,0.360321,0.589466,0.045038,0.005174
AGATGCAAGACGTGCA-1,0.432221,0.113252,0.110711,0.343817
AGATGCATCCTGTGTC-1,0.597256,0.286366,0.064779,0.051599
AGATGCTATAACGAGC-1,0.381129,0.582022,0.035803,0.001046
AGATTATAGGACGTTT-1,0.36541,0.246195,0.147443,0.240953
AGATTCAAGCGGGTCG-1,0.58632,0.085505,0.313868,0.014308
AGATTCACAACCGATA-1,0.397479,0.074695,0.214919,0.312906
AGCAAAGGCCGCTAGT-1,0.839147,0.051486,0.082913,0.026455
AGCAACATATCTTATT-1,0.12208,0.334868,0.207307,0.335745
AGCAACCGAAAGTAAT-1,0.654498,0.096017,0.098857,0.150628
AGCACACGTTTAGACT-1,0.257523,0.116353,0.243576,0.382549
AGCACCAGTACTCACG-1,0.192872,0.333253,0.377152,0.096724
AGCACTACCGGCCTGT-1,0.318147,0.094997,0.541,0.045855
AGCACTACCTCACCAG-1,0.649393,0.259432,0.007597,0.083578
AGCACTTAAGGACGCC-1,0.528065,0.152191,0.185266,0.134479
AGCAGAAGGAGAAAGA-1,0.38236,0.595139,0.004761,0.017741
AGCAGCCAGATGAATA-1,0.362484,0.196062,0.044333,0.397121
AGCAGTCGAAGCATGC-1,0.739635,0.051136,0.022369,0.18686
AGCATATCAATATGCT-1,0.706157,0.139695,0.016191,0.137957
AGCATCATTTCGAAAG-1,0.640203,0.020829,0.033169,0.3058
AGCATCGTCGATAATT-1,0.119375,0.342409,0.26104,0.277176
AGCATTACGAGGCAAG-1,0.245691,0.074078,0.075636,0.604596
AGCCAAGCTTTGTGTC-1,0.030168,0.247227,0.313089,0.409515
AGCCACAGGTTACCCG-1,0.587886,0.115392,0.000312,0.296411
AGCCACTCCCGTGCTT-1,0.034875,0.474616,0.257734,0.232775
AGCCATATAGTATGTG-1,0.205515,0.649807,0.045939,0.098739
AGCCCATACATGTAAG-1,0.017597,0.079407,0.203845,0.699152
AGCCCGCAACAAGCAG-1,0.381797,0.11512,0.176566,0.326517
AGCCCGCACTACAATG-1,0.798618,0.003161,0.09676,0.101461
AGCCCGGCATTAGAGG-1,0.274289,0.046592,0.15422,0.524899
AGCCCGGTAGCCTGTA-1,0.300045,0.0207,0.459064,0.220192
AGCCCTAAGCGAAGTT-1,0.295211,0.266658,0.34232,0.095811
AGCCCTCCCTGGTGGC-1,0.145238,0.106325,0.164053,0.584385
AGCCCTGTCGCACCGT-1,0.238513,0.07288,0.151848,0.536759
AGCCCTTCTAATCCGA-1,0.017319,0.295619,0.301079,0.385984
AGCCCTTGGACATCCC-1,0.431034,0.072242,0.086546,0.410178
AGCCGCAAATTCAAAT-1,0.18186,0.076765,0.276464,0.464911
AGCCGCTTGATTAGCG-1,0.860889,0.077333,0.002854,0.058923
AGCCGTGGCTAAATGT-1,0.503379,0.104541,0.202605,0.189476
AGCCTAATACCCACGT-1,0.122186,0.03581,0.52575,0.316255
AGCCTTAAAGCGGAAG-1,0.796721,0.030239,0.135024,0.038016
AGCCTTGTCACTGATA-1,0.630331,0.164653,0.040388,0.164628
AGCGACAGGAACGGTC-1,0.833592,0.050192,0.11423,0.001986
AGCGACATCCCATTCA-1,0.160789,0.182508,0.552222,0.104481
AGCGACCAACGATATT-1,0.127879,0.173939,0.385244,0.312938
AGCGACTTTGAAGACA-1,0.40325,0.425225,0.00004,0.171485
AGCGAGACGTGAAGGC-1,0.110632,0.091345,0.320591,0.477431
AGCGATGCGCCTAATA-1,0.089941,0.213508,0.096377,0.600174
AGCGCATAATGAATCG-1,0.23957,0.088874,0.2121,0.459457
AGCGCGGGTGCCAATG-1,0.543087,0.300928,0.130949,0.025036
