Barcode,Topic 1,Topic 2,Topic 3,Topic 4,Topic 5,Topic 6,Topic 7,Topic 8to9
AAACAACGAATAGTTC-1,0.000799,0.811036,0.071619,0.082337,0.013621,0.005538,0.003212,0.011838
AAACAAGTATCTCCCA-1,0.044729,0.008544,0.012645,0.097043,0.032312,0.167592,0.117191,0.519943
AAACAATCTACTAGCA-1,0.028385,0.819328,0.077858,0.002992,0.000042,0.068581,0.000042,0.002773
AAACACCAATAACTGC-1,0.212324,0.022965,0.016879,0.00764,0.138877,0.069366,0.10506,0.426889
AAACAGAGCGACTCCT-1,0.108445,0.094315,0.0379,0.521361,0.005169,0.161247,0.010007,0.061555
AAACAGCTTTCAGAAG-1,0.942592,0.035232,0.000061,0.000061,0.02181,0.000061,0.000061,0.000122
AAACAGGGTCTATATT-1,0.26951,0.033873,0.177702,0.274004,0.163756,0.059659,0.01135,0.010146
AAACAGTGTTCCTGGG-1,0.032442,0.029915,0.033421,0.248956,0.009208,0.078156,0.156529,0.411374
AAACATGGTGAGAGGA-1,0.47969,0.072875,0.04606,0.042777,0.29378,0.03511,0.009864,0.019844
AAACATTTCCCGGATT-1,0.169123,0.016477,0.054811,0.202544,0.042145,0.023273,0.175651,0.315978
AAACCACTACACAGAT-1,0.080015,0.700891,0.052931,0.079403,0.00005,0.012686,0.026951,0.047072
AAACCCGAACGAAATC-1,0.001505,0.031343,0.031928,0.018752,0.093778,0.051106,0.115072,0.656517
AAACCGGAAATGTTAA-1,0.238825,0.08234,0.054535,0.105544,0.06258,0.068863,0.078897,0.308414
AAACCGGGTAGGTACC-1,0.667033,0.00515,0.031056,0.026983,0.00004,0.100558,0.033206,0.135974
AAACCGTTCGTCCAGG-1,0.059597,0.033046,0.057703,0.389436,0.016047,0.259729,0.081833,0.10261
AAACCTAAGCAGCCGG-1,0.021907,0.046538,0.075109,0.102199,0.096929,0.126408,0.287881,0.243028
AAACCTCATGAAGTTG-1,0.24352,0.034723,0.018356,0.141935,0.013699,0.12723,0.046967,0.373572
AAACGAAGAACATACC-1,0.003248,0.802067,0.096389,0.000023,0.066889,0.004257,0.006972,0.020155
AAACGAAGATGGAGTA-1,0.111469,0.008351,0.031424,0.014407,0.509464,0.163125,0.015423,0.146337
AAACGACAGTCTTGCC-1,0.032093,0.742222,0.203232,0.022276,0.000035,0.000035,0.000035,0.000071
AAACGAGACGGTTGAT-1,0.027158,0.057243,0.077312,0.2842,0.044016,0.148555,0.110194,0.251322
AAACGCCCGAGATCGG-1,0.131714,0.335365,0.436133,0.096465,0.000064,0.000064,0.000064,0.000129
AAACGCTGGGCACGAC-1,0.255834,0.022649,0.025718,0.393585,0.013622,0.094164,0.100078,0.094351
AAACGGGCGTACGGGT-1,0.007887,0.036613,0.099389,0.101791,0.049986,0.177865,0.132491,0.393977
AAACGGGTTGGTATCC-1,0.000031,0.795251,0.159303,0.000031,0.005535,0.010904,0.000049,0.028896
AAACGGTTGCGAACTG-1,0.086134,0.014332,0.032285,0.234359,0.039655,0.085452,0.053227,0.454556
AAACGTGTTCGCCCTA-1,0.31984,0.121297,0.252456,0.141757,0.046921,0.095772,0.01914,0.002816
AAACTAACGTGGCGAC-1,0.209246,0.406284,0.321027,0.053023,0.00316,0.007125,0.000045,0.00009
AAACTCGGTTCGCAAT-1,0.017897,0.016047,0.013285,0.019288,0.065375,0.055322,0.098088,0.714698
AAACTCGTGATATAAG-1,0.77694,0.000046,0.000948,0.17356,0.021394,0.026105,0.000916,0.000092
AAACTGCTGGCTCCAA-1,0.023514,0.012546,0.033606,0.006563,0.066974,0.112956,0.074634,0.669206
AAACTTAATTGCACGC-1,0.080592,0.006927,0.049966,0.676749,0.000036,0.023529,0.017189,0.145013
AAACTTGCAAACGTAT-1,0.777014,0.011173,0.005072,0.159406,0.041959,0.002078,0.00246,0.000839
AAAGAATGACCTTAGA-1,0.999884,0.000015,0.000015,0.000015,0.000015,0.000015,0.000015,0.000029
AAAGAATGTGGACTAA-1,0.145071,0.010241,0.017173,0.464222,0.032713,0.143918,0.13492,0.051743
AAAGACATGAAGTTTA-1,0.080329,0.666861,0.161107,0.073039,0.00005,0.013322,0.002627,0.002667
AAAGACCCAAGTCGCG-1,0.067208,0.773752,0.121646,0.011335,0.000047,0.011532,0.004644,0.009836
AAAGACTGGGCGCTTT-1,0.325468,0.405394,0.193002,0.039306,0.013998,0.021395,0.000045,0.001392
AAAGCTTGCCTACATA-1,0.006802,0.009066,0.036037,0.170017,0.026523,0.150762,0.067269,0.533524
AAAGGCCCTATAATAC-1,0.021434,0.014763,0.038979,0.085396,0.035492,0.137951,0.180127,0.485857
AAAGGCTACGGACCAT-1,0.072326,0.007617,0.034534,0.593909,0.006438,0.048183,0.121856,0.115136
AAAGGCTCTCGCGCCG-1,0.00002,0.003512,0.013982,0.006588,0.030085,0.064324,0.100897,0.780592
AAAGGGATGTAGCAAG-1,0.000016,0.018224,0.059286,0.063695,0.632481,0.044041,0.020403,0.161854
AAAGGGCAGCTTGAAT-1,0.606893,0.207009,0.081056,0.020606,0.058785,0.000058,0.025477,0.000117
AAAGGTAAGCTGTACC-1,0.402425,0.304783,0.122615,0.161149,0.000061,0.007402,0.000061,0.001504
AAAGGTCAACGACATG-1,0.034571,0.618187,0.191155,0.14597,0.00721,0.002818,0.00003,0.000059
AAAGTAGCATTGCTCA-1,0.417152,0.048478,0.03216,0.190556,0.073529,0.091524,0.020688,0.125912
AAAGTCACTGATGTAA-1,0.104933,0.629076,0.160958,0.050431,0.011568,0.018436,0.006523,0.018075
AAAGTCGACCCTCAGT-1,0.717118,0.030585,0.174069,0.023711,0.010806,0.021455,0.013367,0.008889
AAAGTGCCATCAATTA-1,0.091799,0.008887,0.019231,0.294064,0.017329,0.038019,0.181496,0.349177
AAAGTGTGATTTATCT-1,0.00002,0.030391,0.012805,0.003184,0.020047,0.027781,0.057123,0.848649
AAAGTTGACTCCCGTA-1,0.087609,0.015636,0.026853,0.200012,0.02009,0.182135,0.108129,0.359537
AAATAACCATACGGGA-1,0.550276,0.099859,0.177944,0.170591,0.000058,0.000058,0.001098,0.000116
AAATAAGGTAGTGCCC-1,0.066292,0.058795,0.052409,0.178557,0.153266,0.057236,0.163816,0.26963
AAATACCTATAAGCAT-1,0.047584,0.06252,0.057188,0.183451,0.124394,0.03652,0.044882,0.443462
AAATAGCTTAGACTTT-1,0.301303,0.017891,0.040491,0.122046,0.100943,0.053385,0.181512,0.182428
AAATAGGGTGCTATTG-1,0.002818,0.089715,0.022186,0.057091,0.058352,0.099175,0.100946,0.569717
AAATCACTCCTAAACG-1,0.00001,0.701704,0.105063,0.009011,0.04785,0.015549,0.012354,0.108459
AAATCCGATACACGCC-1,0.052922,0.015907,0.015484,0.28412,0.008203,0.028132,0.221973,0.37326
AAATCGCGGAAGGAGT-1,0.071454,0.015565,0.048593,0.034041,0.548164,0.090821,0.021912,0.16945
AAATCGTGTACCACAA-1,0.085875,0.048141,0.030643,0.057429,0.042306,0.030581,0.068297,0.636729
AAATCTAGCCCTGCTA-1,0.191181,0.015923,0.014921,0.535421,0.007495,0.035442,0.055081,0.144535
AAATCTGCCCGCGTCC-1,0.307215,0.012647,0.00447,0.148345,0.057172,0.093174,0.018999,0.357978
AAATGACTGATCAAAC-1,0.172725,0.009114,0.065217,0.256032,0.01157,0.075841,0.137774,0.271726
AAATGATTCGATCAGC-1,0.042222,0.018255,0.047791,0.011553,0.521557,0.117298,0.033708,0.207618
AAATGCTCGTTACGTT-1,0.263397,0.629764,0.074926,0.025977,0.000067,0.005669,0.000067,0.000133
AAATGGCATGTCTTGT-1,0.000021,0.668227,0.070284,0.00026,0.142222,0.015059,0.008404,0.095523
AAATGGCCCGTGCCCT-1,0.00289,0.005701,0.026478,0.00852,0.635493,0.085747,0.039669,0.195502
AAATGGTCAATGTGCC-1,0.216068,0.098688,0.140152,0.302577,0.09594,0.027173,0.030001,0.0894
AAATGTATCTTATCCC-1,0.424331,0.485614,0.00977,0.003964,0.064999,0.000021,0.011258,0.000042
AAATGTGGGTGCTCCT-1,0.083296,0.775221,0.126987,0.000107,0.000107,0.010951,0.000032,0.003301
AAATTAACGGGTAGCT-1,0.17654,0.159634,0.098986,0.201168,0.000053,0.042568,0.03234,0.288711
AAATTAATAAGCGCGA-1,0.372927,0.561115,0.042193,0.019131,0.003631,0.000189,0.000026,0.000788
AAATTACACGACTCTG-1,0.616059,0.204484,0.04091,0.138177,0.000074,0.000074,0.000074,0.000148
AAATTACCTATCGATG-1,0.999803,0.000025,0.000025,0.000025,0.000025,0.000025,0.000025,0.000049
AAATTCCAGGTCCAAA-1,0.002865,0.009734,0.044423,0.010643,0.573164,0.072806,0.045957,0.240408
AAATTGATAGTCCTTT-1,0.205904,0.061456,0.051191,0.417856,0.007106,0.038652,0.038237,0.179597
AAATTGCGGCGGTTCT-1,0.026475,0.829899,0.119102,0.000045,0.001007,0.007266,0.00736,0.008845
AAATTGGTGAGAAGCA-1,0.319778,0.052856,0.124469,0.369226,0.062296,0.062913,0.000125,0.008337
AAATTTACCGAAATCC-1,0.205171,0.529952,0.092882,0.124354,0.00005,0.045628,0.001865,0.000099
AAATTTGCGGGTGTGG-1,0.21181,0.022118,0.051582,0.086258,0.039006,0.124703,0.03461,0.429912
AACAACTGGTAGTTGC-1,0.505523,0.108181,0.103444,0.271257,0.010102,0.001313,0.00006,0.00012
AACAATACATTGTCGA-1,0.012787,0.049733,0.033804,0.027933,0.007306,0.115475,0.126449,0.626514
AACAATTACTCTACGC-1,0.581458,0.311728,0.064643,0.030299,0.009678,0.00201,0.000062,0.000123
AACACACGCTCGCCGC-1,0.165646,0.093946,0.044552,0.202278,0.010084,0.206534,0.155342,0.121619
AACACGACTGTACTGA-1,0.212994,0.384787,0.249871,0.122011,0.023874,0.006277,0.000062,0.000125
AACACGAGACGCGGCC-1,0.783536,0.005565,0.005068,0.144594,0.026413,0.01558,0.005835,0.013407
AACACGCGGCCGCGAA-1,0.056772,0.83446,0.042189,0.025648,0.009606,0.008488,0.008706,0.014131
AACAGCTGTGTGGCAA-1,0.305868,0.008845,0.030527,0.321095,0.001776,0.230565,0.067963,0.033361
AACAGGAAATCGAATA-1,0.129678,0.361697,0.239959,0.186425,0.011207,0.043449,0.005224,0.022361
AACAGGATGGGCCGCG-1,0.692005,0.117002,0.19057,0.00007,0.00007,0.00007,0.00007,0.000141
AACAGGTAGTATGGAT-1,0.075805,0.046129,0.050088,0.211729,0.017432,0.062533,0.228835,0.307449
AACATAGCGTGTATCG-1,0.08808,0.023049,0.030877,0.282208,0.031678,0.088061,0.099745,0.356301
AACATATCAACTGGTG-1,0.091628,0.013568,0.13342,0.204344,0.023994,0.094036,0.309965,0.129045
AACATCGATACGTCTA-1,0.062843,0.009042,0.064074,0.324574,0.417445,0.05651,0.013407,0.052105
AACATTGAAGTTGATC-1,0.1545,0.05311,0.092727,0.26156,0.004153,0.110063,0.04663,0.277257
AACATTGGTCAGCCGT-1,0.061099,0.776585,0.147942,0.003715,0.00748,0.000777,0.000045,0.002356
AACATTGTGACTCGAG-1,0.114054,0.005975,0.021164,0.126867,0.025802,0.066035,0.158708,0.481395
AACCAAGACTTCTCTG-1,0.306088,0.019313,0.090784,0.224992,0.009796,0.145142,0.027726,0.176158
AACCAGTATCACTCTT-1,0.192871,0.415402,0.071264,0.183663,0.04495,0.054103,0.033744,0.004004
AACCATAGGGTTGAAC-1,0.056466,0.002499,0.006746,0.331314,0.002486,0.036808,0.126288,0.437393
AACCATGGGATCGCTA-1,0.221619,0.614949,0.116547,0.046591,0.000059,0.000059,0.000059,0.000117
AACCCAGAGACGGAGA-1,0.269019,0.591792,0.037785,0.055186,0.004338,0.007598,0.026166,0.008116
AACCCATCCCATGATC-1,0.416461,0.014916,0.105839,0.273126,0.055912,0.115315,0.000213,0.018219
AACCCGACAACCCGTG-1,0.05112,0.026929,0.004616,0.080964,0.005425,0.073148,0.158059,0.599738
AACCCGAGCAGAATCG-1,0.144762,0.062609,0.088991,0.130721,0.282758,0.091011,0.091172,0.107976
AACCCGATAGGGCTTC-1,0.000019,0.650207,0.152082,0.056204,0.05041,0.012956,0.016063,0.062057
AACCCGCTGTATTCCA-1,0.112602,0.030203,0.01314,0.144912,0.025781,0.063036,0.342048,0.268277
AACCCTACTGTCAATA-1,0.033184,0.028292,0.03909,0.158084,0.039248,0.063496,0.12381,0.514795
AACCCTGGTGGAACCA-1,0.203045,0.561388,0.14332,0.030767,0.047903,0.013455,0.000041,0.000082
AACCGAGCTTGGTCAT-1,0.076413,0.056564,0.35904,0.082627,0.162667,0.196164,0.013742,0.052783
AACCGCTAAGGGATGC-1,0.035744,0.010045,0.025405,0.057986,0.019688,0.15113,0.101465,0.598537
AACCGTTGTGTTTGCT-1,0.153576,0.585939,0.212412,0.017554,0.00892,0.0082,0.013016,0.000383
AACCTAAAGCCGTCCG-1,0.040559,0.728132,0.141142,0.04046,0.004503,0.021566,0.013429,0.010209
AACCTCGCTTTAGCCC-1,0.002293,0.026194,0.029999,0.085647,0.044466,0.334454,0.121719,0.355228
AACCTGTCACGGAATT-1,0.00122,0.006949,0.047739,0.02012,0.596667,0.064446,0.037435,0.225422
AACCTTTAAATACGGT-1,0.021288,0.02112,0.058325,0.161529,0.007386,0.229131,0.051673,0.449547
AACCTTTACGACGTCT-1,0.230238,0.110309,0.029652,0.108091,0.117096,0.119311,0.057384,0.227918
AACGAAAGTCGTCCCA-1,0.208616,0.005556,0.023471,0.064198,0.379013,0.152729,0.014873,0.151543
AACGACCTCCTAGCCG-1,0.119536,0.032978,0.037659,0.167917,0.085775,0.124936,0.159731,0.271468
AACGATAATGCCGTAG-1,0.0312,0.029565,0.045796,0.033626,0.03435,0.103046,0.162884,0.559534
AACGATAGAAGGGCCG-1,0.170763,0.416202,0.323014,0.050161,0.021118,0.004698,0.000051,0.013994
AACGATATGTCAACTG-1,0.361778,0.019458,0.068912,0.0096,0.341559,0.142282,0.018173,0.038238
AACGCATGATCTGGGT-1,0.26587,0.038007,0.069903,0.413779,0.057391,0.055234,0.015647,0.08417
AACGCGAACGGCAACA-1,0.027286,0.893705,0.037039,0.000025,0.014017,0.015427,0.003251,0.009249
AACGCGACCTTGGGCG-1,0.16143,0.022779,0.049387,0.506152,0.001418,0.041262,0.063422,0.15415
AACGCGGTCTCCAGCC-1,0.172487,0.12442,0.069438,0.183176,0.338043,0.094042,0.000066,0.018328
AACGCTGTTGCTGAAA-1,0.036783,0.033533,0.031079,0.00603,0.05753,0.078349,0.140369,0.616326
AACGGACGTACGTATA-1,0.016813,0.024198,0.06171,0.035441,0.09341,0.156701,0.192837,0.41889
AACGGCCATCTCCGGT-1,0.018787,0.049606,0.011605,0.082901,0.01697,0.032398,0.238452,0.549281
AACGTACTGTGGGTAC-1,0.146852,0.134199,0.033716,0.014561,0.173159,0.047243,0.070801,0.379469
AACGTAGTCTACCCAT-1,0.011436,0.825121,0.076644,0.043275,0.028536,0.009063,0.005864,0.000061
AACGTCAGACTAGTGG-1,0.193569,0.476512,0.151819,0.080845,0.02909,0.013671,0.02729,0.027204
AACGTCATCCGGCTTG-1,0.080238,0.000075,0.000075,0.683101,0.0294,0.080793,0.041575,0.084743
AACGTCGCTGCACTTC-1,0.023134,0.03816,0.01243,0.069338,0.093915,0.04181,0.203751,0.517462
AACGTGATGAAGGACA-1,0.115876,0.606888,0.143586,0.0057,0.056271,0.012251,0.018024,0.041403
AACGTGCGAAAGTCTC-1,0.0001,0.016372,0.023274,0.063583,0.027786,0.032072,0.095063,0.741751
AACGTTATCAGCACCT-1,0.584225,0.267659,0.104195,0.042384,0.001318,0.000054,0.000054,0.000109
AACGTTCTACCATTGT-1,0.290104,0.007537,0.116347,0.159734,0.012739,0.081775,0.095101,0.236661
AACTACCCGTTTGTCA-1,0.000398,0.017755,0.015479,0.024694,0.029294,0.069748,0.108131,0.734502
AACTAGCGTATCGCAC-1,0.047192,0.785202,0.092283,0.000054,0.039305,0.011666,0.007429,0.016869
AACTAGGCTTGGGTGT-1,0.095281,0.000035,0.002673,0.321386,0.009686,0.025192,0.170105,0.375642
AACTCAAGTTAATTGC-1,0.118766,0.090596,0.042017,0.144945,0.017357,0.079462,0.151063,0.355795
AACTCCAGAGCGTGTT-1,0.094337,0.010215,0.056566,0.039209,0.215658,0.099209,0.146824,0.337983
AACTCCTAATCCCATG-1,0.888398,0.060996,0.042769,0.002052,0.000065,0.001776,0.000065,0.003879
AACTCGATAAACACGT-1,0.001985,0.731886,0.214531,0.035042,0.006088,0.002834,0.006489,0.001144
AACTCGATGGCGCAGT-1,0.104039,0.543318,0.340417,0.00743,0.004644,0.000038,0.000038,0.000076
AACTCTCAATAGAGCG-1,0.226895,0.006935,0.179288,0.368139,0.006235,0.057115,0.068927,0.086467
AACTCTCAGTGTGCTC-1,0.229423,0.034292,0.016022,0.611922,0.005755,0.054189,0.021332,0.027065
AACTGAGGTCAGCGTC-1,0.106199,0.703791,0.018065,0.000044,0.077852,0.017807,0.003694,0.072549
AACTGAGTTATACTGA-1,0.066592,0.027965,0.026669,0.621837,0.03379,0.055876,0.032607,0.134664
AACTGATATTAGGCCT-1,0.30621,0.085297,0.502763,0.023563,0.062262,0.002324,0.005563,0.012018
AACTGGGTCCCGACGT-1,0.249964,0.072261,0.185308,0.084257,0.262776,0.065001,0.063252,0.017182
AACTGGGTTCGAGCCG-1,0.098305,0.553743,0.327469,0.01031,0.008852,0.001131,0.000064,0.000127
AACTGGTGTGGGCCTT-1,0.003698,0.875252,0.110951,0.000029,0.00826,0.001693,0.000029,0.000088
AACTTCTGCGTCTATC-1,0.188268,0.481655,0.317528,0.006406,0.005261,0.000732,0.00005,0.0001
AACTTGCCCGTATGCA-1,0.515056,0.394891,0.073439,0.002697,0.013647,0.000068,0.000068,0.000135
AACTTGCGTTCTCGCG-1,0.158188,0.40524,0.111714,0.324504,0.000071,0.000071,0.000071,0.000142
AACTTTACGGGAGCTT-1,0.502619,0.442588,0.020621,0.02672,0.000037,0.00441,0.001541,0.001465
AACTTTAGCTGCTGAG-1,0.090529,0.503393,0.045484,0.360348,0.000049,0.000049,0.000049,0.000099
AACTTTCTCGATCATG-1,0.835518,0.009574,0.013011,0.000036,0.055509,0.020229,0.02091,0.045213
AAGAAAGTTTGATGGG-1,0.039557,0.008641,0.002213,0.0016,0.039905,0.075777,0.088583,0.743724
AAGAAATCACCAGATT-1,0.01995,0.023467,0.067771,0.007173,0.61268,0.108879,0.015637,0.144442
AAGAAGGATCAGTTAG-1,0.089497,0.638289,0.158032,0.056064,0.004801,0.030484,0.006527,0.016306
AAGACATACGTGGTTT-1,0.068811,0.02916,0.030877,0.092721,0.07249,0.062921,0.052002,0.591019
AAGACCAAATAACTCA-1,0.858361,0.027489,0.000045,0.000045,0.106153,0.000045,0.005629,0.002232
AAGACCCAACTGAACA-1,0.068797,0.039544,0.021685,0.27988,0.011758,0.11011,0.170829,0.297397
AAGACTAACCCGTTGT-1,0.015195,0.756809,0.149752,0.059018,0.018385,0.000733,0.000036,0.000072
AAGACTCACGCCCACT-1,0.200684,0.684704,0.031347,0.082956,0.000062,0.000062,0.000062,0.000124
AAGACTGCAAGCTACT-1,0.083754,0.02841,0.104124,0.087667,0.025356,0.381135,0.040894,0.24866
AAGAGATGAATCGGTA-1,0.182282,0.587757,0.052166,0.001432,0.052901,0.021748,0.003987,0.097726
AAGAGCTCTTTATCGG-1,0.334601,0.006072,0.002378,0.113963,0.242596,0.057488,0.086644,0.156259
AAGAGGATGTACGCGA-1,0.185805,0.0566,0.048815,0.192974,0.023376,0.115893,0.070488,0.30605
AAGAGGCATGGATCGC-1,0.110626,0.020859,0.088222,0.318386,0.012029,0.070192,0.12854,0.251147
AAGAGGCCCTTTGGAA-1,0.203599,0.010479,0.018907,0.061963,0.086119,0.09369,0.168618,0.356626
AAGATGGCACCGGACC-1,0.092231,0.022712,0.017128,0.045629,0.017318,0.046587,0.121267,0.637129
AAGATTGGCGGAACGT-1,0.999597,0.00005,0.00005,0.00005,0.00005,0.00005,0.00005,0.000101
AAGCACCCTGCGTATC-1,0.006281,0.031812,0.076258,0.062096,0.004061,0.122094,0.203877,0.493522
AAGCATACTCTCCTGA-1,0.012182,0.020767,0.009856,0.014589,0.042716,0.0394,0.086868,0.773623
AAGCCACTTGCAGGTA-1,0.02307,0.002918,0.006989,0.004664,0.030992,0.030734,0.076613,0.82402
AAGCCGAAGCGGTTTA-1,0.050273,0.038307,0.044077,0.508252,0.000037,0.047127,0.138115,0.173812
AAGCCGCCGTGAAATC-1,0.05848,0.004793,0.032233,0.584553,0.000031,0.034831,0.035366,0.249714
AAGCCGCTTTACCTTG-1,0.129344,0.051936,0.16913,0.104879,0.223884,0.169419,0.015368,0.136041
AAGCCGGAGAGCAGGA-1,0.318678,0.020004,0.014563,0.028143,0.238744,0.071755,0.132438,0.175675
AAGCGCAGGGCTTTGA-1,0.101888,0.016379,0.03276,0.651644,0.021896,0.024028,0.037385,0.114019
AAGCGGAGTGCGCGCA-1,0.505913,0.24798,0.035767,0.111319,0.098858,0.000041,0.000041,0.000082
AAGCGGCGTCATGGGT-1,0.235303,0.622799,0.044474,0.00356,0.015766,0.077896,0.000067,0.000134
AAGCGTCCCTCATCGA-1,0.282445,0.000062,0.000786,0.281771,0.000062,0.208521,0.05888,0.167473
AAGCTAGATCGAGTAA-1,0.094156,0.020765,0.037867,0.22321,0.112257,0.117246,0.092594,0.301905
AAGCTATGGATTGACC-1,0.041157,0.009507,0.017506,0.127386,0.001983,0.617768,0.010966,0.173726
AAGCTCGTGCCAAGTC-1,0.080105,0.031609,0.07446,0.272124,0.006258,0.195448,0.098658,0.241339
AAGCTCTTTCATGGTG-1,0.040576,0.05474,0.045184,0.311629,0.032375,0.102534,0.234676,0.178287
AAGGAGAACTTATAAG-1,0.051107,0.666504,0.205915,0.02863,0.002822,0.019908,0.001418,0.023696
AAGGAGCGGTTGGTGC-1,0.521538,0.132563,0.102387,0.011341,0.095654,0.108064,0.012199,0.016254
AAGGATCGATCGCTTG-1,0.112442,0.017549,0.027125,0.241517,0.050526,0.067789,0.075902,0.407149
AAGGATGAGGGACCTC-1,0.332389,0.000992,0.031057,0.446668,0.015659,0.038261,0.015032,0.119942
AAGGCAGGCTGTCTCC-1,0.039266,0.012813,0.035521,0.10683,0.113719,0.190323,0.100097,0.401432
AAGGCGCGTAAAGCTT-1,0.252495,0.519846,0.142198,0.047817,0.026683,0.010542,0.000037,0.000382
AAGGCTGTGCTCATCG-1,0.661976,0.015974,0.050259,0.253228,0.018365,0.000049,0.000049,0.000099
AAGGGAACGACTGGCT-1,0.00593,0.029521,0.004765,0.048567,0.023156,0.035255,0.085571,0.767235
AAGGGACAGATTCTGT-1,0.99967,0.000041,0.000041,0.000041,0.000041,0.000041,0.000041,0.000082
AAGGGACTATGCATTC-1,0.176435,0.035003,0.010349,0.771409,0.000035,0.000972,0.001922,0.003875
AAGGGTTAGCCATGCG-1,0.028983,0.038308,0.054666,0.276612,0.023881,0.187315,0.0465,0.343734
AAGGGTTTGATTTCAG-1,0.427965,0.088824,0.121288,0.091445,0.197042,0.029585,0.007511,0.03634
AAGGTATCCTAATATA-1,0.722832,0.001329,0.023239,0.017531,0.085717,0.096567,0.013167,0.039618
AAGGTGATAAACCAGC-1,0.028988,0.009711,0.01838,0.194414,0.062693,0.105396,0.058469,0.521948
AAGTAAGCTTCCAAAC-1,0.042061,0.728346,0.113751,0.092444,0.014057,0.003713,0.001673,0.003955
AAGTAGAAGACCGGGT-1,0.191505,0.662828,0.005514,0.039102,0.035486,0.019127,0.027433,0.019005
AAGTAGTGACGCGAGG-1,0.308653,0.112085,0.144004,0.145805,0.098191,0.024133,0.073056,0.094073
AAGTCAATTGTCGTCA-1,0.041319,0.009918,0.00352,0.180317,0.015465,0.065131,0.105469,0.578861
AAGTCTAGTAGCTGCC-1,0.127692,0.009784,0.138501,0.25397,0.301227,0.094584,0.023302,0.05094
AAGTCTTCTGTGGCCT-1,0.552436,0.417123,0.019549,0.000029,0.010744,0.000029,0.000029,0.000059
AAGTGACGACCGAATT-1,0.919728,0.017905,0.006673,0.021263,0.000054,0.010967,0.000054,0.023355
AAGTGAGTCGGGTTTA-1,0.003992,0.051009,0.044256,0.2429,0.006827,0.019934,0.178983,0.4521
AAGTGCAAAGGTAGAC-1,0.231978,0.549759,0.003059,0.000134,0.200084,0.000473,0.008605,0.005908
AAGTGCCTTGACTGTA-1,0.05672,0.061302,0.063253,0.024406,0.10083,0.036004,0.186183,0.471301
AAGTGCGTTAGAATCT-1,0.205482,0.01988,0.063142,0.011988,0.018823,0.090744,0.170791,0.41915
AAGTGCTTCTCTATTG-1,0.050674,0.011741,0.008086,0.130431,0.028579,0.148669,0.158222,0.463597
AAGTGTTTGGAGACGG-1,0.059305,0.006692,0.019402,0.534138,0.002163,0.039714,0.036841,0.301745
AAGTTCACTCCAAGCT-1,0.001575,0.105413,0.049462,0.018191,0.26005,0.148875,0.131174,0.28526
AAGTTCAGTCTGCGTA-1,0.1342,0.035163,0.102222,0.14853,0.414342,0.062903,0.048873,0.053768
AAGTTCGGCCAACAGG-1,0.179753,0.012435,0.175068,0.221355,0.001607,0.107258,0.062982,0.239542
AAGTTGTGATGTTATA-1,0.000014,0.067042,0.033017,0.005356,0.177132,0.100946,0.139504,0.47699
AAGTTTACTAATGGCA-1,0.142187,0.627391,0.153418,0.042177,0.012521,0.022129,0.000059,0.000118
AAGTTTATGGGCCCAA-1,0.049105,0.042336,0.013001,0.285437,0.029514,0.078747,0.111552,0.390309
AATAACAACGCTCGGC-1,0.759573,0.01289,0.026242,0.021177,0.040855,0.016416,0.091348,0.0315
AATAACACTAGAACAA-1,0.099465,0.041011,0.052142,0.137481,0.0614,0.156607,0.145238,0.306656
AATAACGTCGCGCCCA-1,0.18356,0.028774,0.022699,0.394742,0.071526,0.015665,0.159695,0.123339
AATAAGTCCTCGAGAC-1,0.063567,0.6911,0.090656,0.053872,0.046373,0.047265,0.004827,0.00234
AATAATCTTCGTATCG-1,0.084409,0.002328,0.017663,0.418005,0.006021,0.074618,0.159967,0.236989
AATACAATGTTTCAGG-1,0.169857,0.700577,0.053446,0.021014,0.039266,0.003631,0.003895,0.008314
AATACCGGAGGGCTGT-1,0.043385,0.007292,0.016017,0.058021,0.017496,0.11319,0.11267,0.631928
AATACCTGATGTGAAC-1,0.171875,0.07033,0.023209,0.02167,0.227787,0.052664,0.073219,0.359247
AATAGAACAGAGTGGC-1,0.080398,0.032409,0.01807,0.069482,0.029086,0.132364,0.063162,0.575029
AATAGAATCTGTTTCA-1,0.164126,0.083856,0.032123,0.178258,0.029796,0.299195,0.037449,0.175197
AATAGCAAGCCTCCTG-1,0.274806,0.454184,0.154198,0.111096,0.000064,0.004443,0.001081,0.000128
AATAGCTACCGCGTGC-1,0.430844,0.006827,0.055298,0.162305,0.197367,0.031678,0.027967,0.087713
AATAGGCACGACCCTT-1,0.059875,0.034404,0.008,0.038497,0.016158,0.088261,0.2103,0.544504
AATAGTCCGTCCCGAC-1,0.055597,0.025947,0.01435,0.038376,0.014491,0.024143,0.162844,0.664252
AATAGTCGCGAGTCGG-1,0.371602,0.457815,0.105863,0.01708,0.024574,0.010476,0.00436,0.00823
AATATCAAGGTCGGAT-1,0.143197,0.551973,0.167321,0.135943,0.00138,0.000047,0.000047,0.000093
AATATCCTAGCAAACT-1,0.776969,0.130824,0.027754,0.054253,0.010076,0.000031,0.000031,0.000063
AATATCGAATCAATGC-1,0.014573,0.017447,0.022062,0.061901,0.04181,0.145335,0.061256,0.635618
AATATCGAGGGTTCTC-1,0.08156,0.016754,0.026873,0.419036,0.000864,0.156264,0.09262,0.20603
AATATTGGAGTATTGA-1,0.11494,0.045982,0.092271,0.072418,0.007223,0.091911,0.058067,0.517188
AATCAGACTGCAGGAC-1,0.043492,0.516323,0.434763,0.005204,0.000042,0.000042,0.00005,0.000084
AATCAGGTTTCATTTA-1,0.08115,0.012931,0.056701,0.355934,0.000048,0.039176,0.080352,0.373709
AATCATGTAAAGACTC-1,0.080289,0.060177,0.041379,0.156645,0.077451,0.110439,0.169058,0.304563
AATCCAAGGGCCTGAG-1,0.092291,0.500875,0.311561,0.012362,0.00135,0.04953,0.031921,0.00011
AATCCATGCAAGGGTG-1,0.059643,0.849631,0.075764,0.006545,0.00004,0.00521,0.003097,0.00007
AATCCCGCTCAGAGCC-1,0.259454,0.004304,0.002632,0.202476,0.075958,0.078742,0.138785,0.23765
AATCGAGGTCTCAAGG-1,0.324637,0.024199,0.003299,0.058839,0.181797,0.050244,0.22753,0.129454
AATCGCCTCAGCGCCA-1,0.152274,0.039174,0.041498,0.414627,0.000068,0.072598,0.106031,0.173731
AATCGCGCAGAGGACT-1,0.019737,0.051217,0.033432,0.036078,0.115464,0.10176,0.271927,0.370385
AATCGGGACACTACGA-1,0.074999,0.506871,0.290375,0.079253,0.021323,0.013403,0.001962,0.011814
AATCGGTATAGCCCTC-1,0.020589,0.024554,0.024038,0.178035,0.2268,0.034225,0.255245,0.236516
AATCGTGAGCCGAGCA-1,0.040443,0.028242,0.048521,0.207518,0.171331,0.075103,0.255166,0.173676
AATCTAGGTTTACTTG-1,0.25622,0.019073,0.192438,0.227152,0.115435,0.114258,0.007613,0.067811
AATCTATGCCGGAGCC-1,0.022938,0.008273,0.02528,0.114198,0.005655,0.107821,0.111286,0.60455
AATCTCTACTGTGGTT-1,0.889929,0.105557,0.00407,0.000074,0.000074,0.000074,0.000074,0.000148
AATCTGCGTTGGGACG-1,0.069275,0.030819,0.034312,0.270999,0.053736,0.05332,0.249384,0.238155
AATCTGGCTTTCTAGT-1,0.055824,0.018578,0.051727,0.113315,0.39602,0.152388,0.052915,0.159232
AATCTGGGTAGACCCT-1,0.103057,0.520417,0.293864,0.075267,0.002883,0.004314,0.000066,0.000133
AATGACAGCAATGTCT-1,0.229808,0.044492,0.006659,0.082139,0.025133,0.112506,0.090062,0.409201
AATGACGTAGGATGTC-1,0.00888,0.045311,0.014584,0.303543,0.158527,0.084808,0.202345,0.182002
AATGACTGTCAGCCGG-1,0.761162,0.167465,0.010213,0.060922,0.000048,0.000048,0.000048,0.000095
AATGAGTTCGCATATG-1,0.209231,0.378317,0.344251,0.050413,0.002025,0.002321,0.000058,0.013385
AATGATGATACGCTAT-1,0.196253,0.031003,0.079987,0.394096,0.030186,0.076978,0.053351,0.138146
AATGATGCGACTCCTG-1,0.334235,0.003643,0.000147,0.44576,0.010053,0.009631,0.024443,0.172088
AATGCAACCGGGTACC-1,0.021678,0.045527,0.083868,0.05034,0.538505,0.136637,0.029827,0.093617
AATGCACCAAGCAATG-1,0.000014,0.082801,0.144047,0.000044,0.57652,0.09862,0.020252,0.077702
AATGGCCGCCAATGCG-1,0.000014,0.783972,0.06545,0.000793,0.057476,0.015887,0.004635,0.071773
AATGGTCCACCGTTCA-1,0.540402,0.361033,0.017794,0.074588,0.002711,0.001277,0.002091,0.000103
AATGGTTCTCACAAGC-1,0.43188,0.431943,0.092415,0.037115,0.00006,0.00006,0.00006,0.006467
AATGTATGGCACTGTA-1,0.119465,0.015299,0.006341,0.330196,0.000132,0.101135,0.107836,0.319595
AATGTGCCCGAGGTGT-1,0.091203,0.014307,0.004526,0.006025,0.038459,0.079786,0.092343,0.673351
AATGTGCTAATCTGAG-1,0.02009,0.01767,0.019348,0.342617,0.006898,0.072216,0.073916,0.447246
AATGTTAAGACCCTGA-1,0.132857,0.012435,0.002755,0.587708,0.004663,0.030735,0.033284,0.195563
AATGTTGTCGTGAGAC-1,0.318953,0.020079,0.007625,0.016425,0.122487,0.138198,0.051443,0.32479
AATTAAAGGTCGGCGT-1,0.045586,0.025464,0.06943,0.237006,0.033491,0.072255,0.239863,0.276905
AATTAACGGATTTCCA-1,0.10739,0.053965,0.073356,0.266012,0.026102,0.029616,0.069148,0.374411
AATTACGAGACCCATC-1,0.558807,0.016572,0.089424,0.211068,0.032972,0.08714,0.001237,0.00278
AATTACTCGTACGCTC-1,0.003907,0.961107,0.022859,0.000033,0.010511,0.001486,0.000033,0.000065
AATTAGCGCTGCAGCG-1,0.000018,0.006382,0.003375,0.002082,0.021731,0.05261,0.044953,0.868849
AATTATACCCAGCAAG-1,0.134492,0.020896,0.007802,0.107462,0.138215,0.123133,0.068446,0.399553
AATTCATAAGGGATCT-1,0.224096,0.069736,0.073141,0.45516,0.01404,0.054938,0.015367,0.093522
AATTCATTGTCATGCA-1,0.078417,0.015062,0.103419,0.080793,0.023383,0.140801,0.083377,0.474749
AATTCCAACTTGGTGA-1,0.000032,0.760328,0.202148,0.000052,0.001868,0.021071,0.000032,0.014469
AATTCCAAGCATGTAC-1,0.171786,0.039006,0.024169,0.03308,0.026015,0.024393,0.107304,0.574247
AATTCGATTCGAGGAT-1,0.086728,0.033356,0.01895,0.074593,0.038336,0.156399,0.057061,0.534578
AATTCTAGAGTTAGGC-1,0.167958,0.061164,0.081745,0.309402,0.041527,0.169247,0.054913,0.114044
AATTGAACGCTCTGGT-1,0.17812,0.041404,0.037314,0.490814,0.007063,0.025355,0.025057,0.194872
AATTGCAGCAATCGAC-1,0.168253,0.028767,0.024677,0.124682,0.04517,0.051295,0.155783,0.401373
AATTGCGTGGATTACA-1,0.091716,0.022824,0.05174,0.28406,0.052219,0.065923,0.071393,0.360124
AATTGTGGTTGCCAAA-1,0.079711,0.00589,0.00924,0.177644,0.053113,0.018061,0.29254,0.3638
AATTTGGGACATAGTA-1,0.700988,0.033972,0.11946,0.076562,0.000084,0.03259,0.000085,0.036259
AATTTGGTTCCAAAGA-1,0.068163,0.515412,0.23448,0.013239,0.066333,0.030464,0.030724,0.041185
ACAAACCATGCGTCCT-1,0.093939,0.031215,0.037126,0.221895,0.006488,0.123475,0.172461,0.313401
ACAAACCGACAAGGCG-1,0.000027,0.75497,0.232589,0.00339,0.004904,0.003616,0.000027,0.000477
ACAAACTCCATCAGAG-1,0.043582,0.017168,0.009679,0.647913,0.006581,0.067201,0.100076,0.107801
ACAAAGAAGGTAGGCC-1,0.904737,0.079838,0.01029,0.003319,0.001687,0.000032,0.000032,0.000064
ACAAAGCATGACCTAG-1,0.077068,0.006124,0.013765,0.494021,0.010908,0.033731,0.19988,0.164502
ACAAATCGCACCGAAT-1,0.11695,0.031903,0.077396,0.287906,0.011589,0.072495,0.088462,0.313301
ACAAATGGTAGTGTTT-1,0.185209,0.010776,0.019424,0.107633,0.029951,0.108068,0.062189,0.476749
ACAAATTCAGATCTGA-1,0.361798,0.358785,0.15675,0.075585,0.006996,0.012239,0.010944,0.016903
ACAACAGCATGAGCTA-1,0.000878,0.03112,0.016043,0.396889,0.044747,0.024425,0.066881,0.419018
ACAACGGTCCCTGCGA-1,0.24933,0.603152,0.050271,0.068973,0.000047,0.000114,0.017794,0.010318
ACAAGCAGTGCCTAGC-1,0.592404,0.308986,0.009402,0.066497,0.003584,0.006574,0.012456,0.000096
ACAAGCTATATGGAAG-1,0.355285,0.575668,0.032054,0.002152,0.019542,0.002528,0.002997,0.009774
ACAAGGAAATCCGCCC-1,0.135791,0.03125,0.070633,0.114892,0.048164,0.072507,0.291399,0.235364
ACAAGGACAAGAGGTT-1,0.281173,0.426521,0.061428,0.001647,0.227149,0.000038,0.001995,0.000048
ACAAGGATGCTTTAGG-1,0.109603,0.033371,0.024872,0.454695,0.004954,0.065556,0.137279,0.16967
ACAAGGCCTACCAGCC-1,0.365531,0.444381,0.110971,0.075114,0.003313,0.000409,0.000094,0.000188
ACAAGGGCAGGCTCTG-1,0.043867,0.00845,0.0418,0.35233,0.064106,0.059335,0.057688,0.372424
ACAAGTAATTGTAAGG-1,0.091001,0.031198,0.000051,0.349933,0.002055,0.071524,0.027378,0.42686
ACAATAGTCGTACGTT-1,0.877762,0.049942,0.001615,0.005619,0.000072,0.000072,0.000072,0.064847
ACAATCCATTTAAACC-1,0.350682,0.043228,0.097043,0.197069,0.08142,0.011566,0.164051,0.05494
ACAATCGATCTTTATA-1,0.004203,0.709815,0.238911,0.030156,0.000045,0.000094,0.000045,0.016732
ACAATGAATACGGAGA-1,0.763809,0.000033,0.000033,0.207325,0.000033,0.001682,0.010669,0.016417
ACAATGATTCTTCTAC-1,0.331877,0.366341,0.193504,0.041624,0.004941,0.027195,0.005969,0.028549
ACAATTGTGTCTCTTT-1,0.084574,0.025025,0.01739,0.145494,0.029229,0.114246,0.059083,0.52496
ACAATTTAGGAGGCTC-1,0.344407,0.47533,0.042693,0.029967,0.029191,0.038915,0.020005,0.019492
ACAATTTGAGCAGTGG-1,0.170794,0.069055,0.041717,0.481366,0.02758,0.171915,0.012395,0.025178
ACAATTTGGCCATATT-1,0.032391,0.042699,0.023138,0.230439,0.016462,0.064431,0.222599,0.36784
ACACAAAGACGGGTGG-1,0.220763,0.048466,0.269841,0.305208,0.097827,0.046376,0.009636,0.001883
ACACAAATATTCCTAG-1,0.403117,0.060838,0.1008,0.321264,0.070236,0.015834,0.007479,0.020432
ACACACCAGGACCAGT-1,0.046836,0.058376,0.037193,0.066717,0.015083,0.135549,0.090267,0.54998
ACACACTTTCTACACG-1,0.071873,0.527341,0.111862,0.120602,0.141491,0.000043,0.017458,0.009331
ACACATGATCAAATCT-1,0.007901,0.010646,0.00584,0.003124,0.044141,0.055164,0.035224,0.837961
ACACATTGACGCAACA-1,0.001949,0.907473,0.0665,0.000022,0.022826,0.001164,0.000022,0.000044
ACACATTTCCGTAGAC-1,0.002296,0.016163,0.026908,0.055428,0.089529,0.102672,0.109798,0.597206
ACACCACATAATTAGC-1,0.004787,0.019088,0.061873,0.011427,0.410199,0.028888,0.298419,0.165318
ACACCCAGCATGCAGC-1,0.168968,0.380908,0.00675,0.00002,0.433492,0.001966,0.002178,0.005719
ACACCCGAGAAATCCG-1,0.298294,0.53403,0.111291,0.030683,0.000038,0.007856,0.010711,0.007096
ACACCCGTAAATCTGT-1,0.028666,0.72667,0.072418,0.023557,0.049534,0.025871,0.009135,0.06415
ACACCGAGCGCTCTTT-1,0.075929,0.801379,0.099479,0.022446,0.000629,0.000035,0.000035,0.000069
ACACCGGTCTGACCGC-1,0.063747,0.00412,0.018044,0.23892,0.011069,0.075714,0.0623,0.526087
ACACCTTAAGTAGGGC-1,0.578106,0.235298,0.111323,0.060643,0.005953,0.008504,0.000057,0.000114
ACACCTTACTACTTGC-1,0.033025,0.026257,0.011642,0.034885,0.038223,0.13097,0.044588,0.68041
ACACGAGACTCCTTCT-1,0.158823,0.04508,0.068631,0.189516,0.08968,0.192135,0.0427,0.213436
ACACGGCACTATGCAT-1,0.127042,0.429422,0.233494,0.156005,0.048851,0.005055,0.000044,0.000088
ACACGGGAACTTAGGG-1,0.268058,0.003728,0.313633,0.007838,0.116556,0.157614,0.023941,0.108632
ACACGTAGGCCACAAG-1,0.104866,0.062898,0.031583,0.178961,0.043133,0.075469,0.071764,0.431326
ACACTCCAATGTCACT-1,0.458884,0.478114,0.046718,0.004851,0.008575,0.002702,0.000052,0.000104
ACACTGATCAAGGTGT-1,0.240737,0.068166,0.035392,0.484548,0.000058,0.07555,0.042427,0.053122
ACACTGGGACAGTCGT-1,0.197159,0.023633,0.035859,0.292473,0.083617,0.081002,0.064792,0.221466
ACAGAACTGAGAACAA-1,0.277397,0.005903,0.007547,0.000011,0.425861,0.055343,0.011919,0.216018
ACAGATTAGGTTAGTG-1,0.082128,0.472548,0.173591,0.132306,0.045273,0.002314,0.010787,0.081053
ACAGCATAGAGCCAGT-1,0.17561,0.447046,0.220228,0.044658,0.067685,0.001353,0.000068,0.043354
ACAGCGACATTCTCAT-1,0.111269,0.062271,0.034178,0.158716,0.049455,0.150375,0.19336,0.240376
ACAGCGCACCCGCAGC-1,0.138659,0.628776,0.021642,0.106852,0.005833,0.018023,0.028789,0.051426
ACAGGAGGCGCAGCCG-1,0.005661,0.767769,0.076529,0.024045,0.073423,0.007097,0.009495,0.03598
ACAGGCACGGATCCTT-1,0.04751,0.034322,0.028097,0.284297,0.050726,0.062054,0.080992,0.412
ACAGGCTTGCCCGACT-1,0.050316,0.02319,0.050561,0.292054,0.091712,0.043013,0.282422,0.166732
ACAGGTGGAGGTGAGG-1,0.078618,0.081305,0.027417,0.159731,0.021458,0.101581,0.105686,0.424204
ACAGGTGTGTTGTTGC-1,0.195582,0.642824,0.023324,0.001045,0.089062,0.005434,0.005897,0.036831
ACAGTAATACAACTTG-1,0.331471,0.021786,0.164335,0.125318,0.170091,0.093541,0.040003,0.053455
ACAGTATACCGTGGGA-1,0.055399,0.005029,0.118721,0.128361,0.278108,0.335202,0.05056,0.02862
ACAGTGCAGCGCATTT-1,0.000012,0.720214,0.062913,0.003012,0.036237,0.008702,0.009566,0.159342
ACATAAGTCGTGGTGA-1,0.999707,0.000037,0.000037,0.000037,0.000037,0.000037,0.000037,0.000073
ACATAATAAGGCGGTG-1,0.312368,0.001179,0.008501,0.523871,0.153874,0.000052,0.000052,0.000103
ACATACAATCAAGCGG-1,0.635287,0.00003,0.009717,0.115942,0.055104,0.067265,0.04655,0.070105
ACATCAGCTGGGACGC-1,0.529545,0.286969,0.097235,0.083552,0.00253,0.000042,0.000042,0.000085
ACATCCCGGCCATACG-1,0.050719,0.012296,0.025913,0.26895,0.00006,0.213747,0.173651,0.254665
ACATCCTGGTAACTGT-1,0.057113,0.012046,0.041458,0.10457,0.01124,0.107759,0.106641,0.559174
ACATCGATCGTTTACC-1,0.155504,0.086476,0.162766,0.341499,0.022936,0.096652,0.000642,0.133524
ACATCGCAATATTCGG-1,0.167662,0.001548,0.001816,0.035138,0.051166,0.055313,0.206239,0.481119
ACATCGGTCAGCCGCG-1,0.150408,0.061084,0.025664,0.107441,0.051734,0.07505,0.079191,0.449428
ACATCGTATGCAATGG-1,0.073599,0.025336,0.034751,0.466466,0.028009,0.114446,0.085555,0.171839
ACATCGTTAACCTAGT-1,0.087711,0.664271,0.088995,0.032785,0.003406,0.047383,0.027811,0.047638
ACATCTCAACGCGTAA-1,0.029358,0.545704,0.315282,0.086278,0.009422,0.008669,0.003699,0.001589
ACATGCTTACGGCAGC-1,0.261174,0.000065,0.004603,0.333454,0.039612,0.067164,0.029101,0.264827
ACATGGCGCCAAAGTA-1,0.105856,0.019004,0.087866,0.157442,0.074453,0.1196,0.125895,0.309884
ACATGGCTCAATTTAG-1,0.001425,0.837486,0.040672,0.078343,0.013132,0.005317,0.007287,0.016338
ACATTAGTTTATATCC-1,0.089039,0.035304,0.034392,0.502475,0.000046,0.022074,0.029979,0.286691
ACATTCGCGCGGAATA-1,0.214352,0.016917,0.009326,0.320369,0.048745,0.057214,0.083003,0.250073
ACATTTGAAACCTAAC-1,0.845383,0.003238,0.000815,0.000278,0.007447,0.016902,0.03512,0.090816
ACCAAACACCCAGCGA-1,0.118081,0.037016,0.110354,0.115899,0.263268,0.280418,0.01701,0.057953
ACCAAACTAGAAATCC-1,0.092377,0.686465,0.143329,0.04354,0.013104,0.011605,0.004738,0.004841
ACCAACACCACACACT-1,0.13733,0.014517,0.135244,0.134408,0.382961,0.144845,0.010768,0.039927
ACCAACCGCACTCCAC-1,0.034869,0.030403,0.034998,0.166063,0.015437,0.051357,0.206898,0.459975
ACCAACGCTTATTTAT-1,0.048976,0.028519,0.01515,0.10925,0.0241,0.036376,0.232123,0.505506
ACCAAGAACGCGTGTC-1,0.462654,0.457059,0.018261,0.042283,0.00004,0.005935,0.00004,0.013728
ACCAAGTCATCGGCAG-1,0.118714,0.027928,0.012702,0.239911,0.114414,0.0471,0.160877,0.278355
ACCAATATGCAAGTTA-1,0.090454,0.069585,0.061907,0.365993,0.044943,0.087179,0.092605,0.187334
ACCACAACTCAGAACA-1,0.199986,0.449086,0.160279,0.073264,0.006693,0.064754,0.016926,0.029011
ACCACAAGTTTCTATC-1,0.089526,0.124285,0.039555,0.12226,0.391923,0.099165,0.030497,0.10279
ACCACACGGTTGATGG-1,0.030778,0.013526,0.010325,0.138233,0.02796,0.031517,0.178556,0.569105
ACCACCAATGTAACAA-1,0.086811,0.055172,0.016143,0.085735,0.037471,0.085657,0.13446,0.498552
ACCACCCTCTCTTCTA-1,0.513971,0.082141,0.039328,0.130431,0.077803,0.117883,0.021986,0.016457
ACCACGTGCAGCTATA-1,0.000022,0.007606,0.0048,0.027639,0.071522,0.095246,0.062194,0.730971
ACCACTGTTCAAGAAG-1,0.002309,0.835453,0.109291,0.003755,0.026516,0.008907,0.007111,0.006658
ACCAGACCATAACAAC-1,0.398535,0.449825,0.027487,0.001507,0.101263,0.00506,0.006878,0.009445
ACCAGCCCGGTCTTTG-1,0.098203,0.658784,0.196912,0.030668,0.003993,0.011264,0.000042,0.000134
ACCAGGAGTGTGATCT-1,0.000038,0.88668,0.082796,0.000038,0.028993,0.000127,0.000038,0.001291
ACCAGTGCCCGGTCAA-1,0.173504,0.405938,0.264794,0.04934,0.00006,0.033107,0.00006,0.073197
ACCAGTGCGGGAGACG-1,0.000023,0.023548,0.05839,0.033607,0.045597,0.074604,0.090048,0.674184
ACCATATCCGCAATAA-1,0.326664,0.104622,0.005805,0.440471,0.051473,0.017437,0.020145,0.033382
ACCATCCGCCAACTAG-1,0.999707,0.000037,0.000037,0.000037,0.000037,0.000037,0.000037,0.000073
ACCATCGTATATGGTA-1,0.120258,0.049416,0.012016,0.040255,0.075589,0.173983,0.182326,0.346157
ACCATTAAGGGTGTCA-1,0.039562,0.687621,0.136189,0.000025,0.122068,0.001249,0.005673,0.007613
ACCCAACGCCCGTGGC-1,0.002763,0.031299,0.011083,0.058896,0.018677,0.028793,0.10415,0.744339
ACCCACCTACATGCTC-1,0.435313,0.374063,0.034467,0.094158,0.060386,0.000793,0.00069,0.00013
ACCCATCTTGAGGGTA-1,0.041151,0.014871,0.071937,0.263274,0.005758,0.086912,0.163586,0.352511
ACCCATTTGTCCCTCT-1,0.130441,0.078238,0.036451,0.329127,0.006798,0.218529,0.07352,0.126896
ACCCGAGCGAAATTAC-1,0.091687,0.097972,0.057918,0.070576,0.042696,0.093983,0.110797,0.434372
ACCCGATTGGTTCCGA-1,0.091212,0.000048,0.000491,0.382004,0.000048,0.052642,0.224263,0.249292
ACCCGGAAACTCCCAG-1,0.024602,0.047643,0.057954,0.083341,0.014338,0.100866,0.254736,0.416521
ACCCGGAGCACCACAA-1,0.138066,0.08452,0.024095,0.116084,0.118159,0.058537,0.259984,0.200555
ACCCGGATGACGCATC-1,0.080775,0.016197,0.144282,0.272989,0.01544,0.068282,0.131429,0.270607
ACCCGGTTACACTTCC-1,0.164994,0.049281,0.042713,0.047912,0.054436,0.127375,0.107066,0.406224
ACCCGTAGCAGAGAAT-1,0.151164,0.074123,0.108866,0.239359,0.027047,0.049006,0.030209,0.320227
ACCCGTAGTCTAGTTG-1,0.09353,0.120286,0.04638,0.140503,0.091912,0.211024,0.130285,0.166079
ACCCGTGTCATCAGTA-1,0.053284,0.004762,0.000023,0.000421,0.003716,0.043742,0.036924,0.857128
ACCCTATAGGACTGAG-1,0.029964,0.86197,0.068651,0.021599,0.011699,0.005983,0.000044,0.000089
ACCCTATGCCATATCG-1,0.074473,0.005152,0.00588,0.048446,0.290355,0.012751,0.016695,0.546249
ACCCTCCCGTCAGGGC-1,0.059134,0.026983,0.042977,0.148482,0.203514,0.109748,0.101738,0.307424
ACCCTCCCTTGCTATT-1,0.013402,0.103271,0.050404,0.240815,0.029395,0.113264,0.232364,0.217086
ACCCTGGTAACGCCCT-1,0.259347,0.000649,0.092238,0.177192,0.310249,0.061625,0.018992,0.079708
ACCCTTCATCTGCGAA-1,0.111565,0.472065,0.15371,0.059497,0.071064,0.104303,0.01796,0.009838
ACCCTTGCCTGGGTCG-1,0.290123,0.017412,0.280486,0.110265,0.149371,0.084652,0.018289,0.049402
ACCCTTTAGTTCTCCA-1,0.000733,0.820079,0.091372,0.002575,0.0559,0.016709,0.001314,0.011319
ACCGAAAGGGCCCTGC-1,0.095437,0.736688,0.071576,0.049184,0.035356,0.000036,0.011651,0.000072
ACCGAAGAGTCTGGTT-1,0.535195,0.069151,0.02663,0.239177,0.079598,0.010283,0.015579,0.024387
ACCGACACATCTCCCA-1,0.000131,0.015852,0.007363,0.012877,0.035751,0.031992,0.065274,0.830758
ACCGACTGAGTCCCAC-1,0.020463,0.045836,0.193968,0.015069,0.597088,0.026237,0.034028,0.067312
ACCGAGTCTCCTTATT-1,0.107371,0.036512,0.03408,0.337386,0.007545,0.149631,0.097798,0.229677
ACCGATAGGCATAACC-1,0.420276,0.002077,0.006351,0.426382,0.002213,0.016564,0.059863,0.066273
ACCGATATTTAATCAT-1,0.09465,0.046114,0.01642,0.338743,0.034926,0.170823,0.148713,0.149611
ACCGATGGTAGCATCG-1,0.061006,0.023485,0.120757,0.292336,0.00719,0.043064,0.017484,0.434678
ACCGCAATAACTGCCT-1,0.019196,0.009114,0.024151,0.346171,0.015243,0.064709,0.269906,0.25151
ACCGCGGTGGAAGTCG-1,0.021041,0.016975,0.017109,0.178797,0.051728,0.043222,0.100207,0.57092
ACCGCTAGTCATTGGT-1,0.168034,0.004492,0.039544,0.17908,0.147136,0.04216,0.054968,0.364586
ACCGGGCCTTTGTTGA-1,0.029545,0.009611,0.057965,0.048082,0.007875,0.172345,0.150475,0.524101
ACCGGTCAGGTACACC-1,0.231749,0.04605,0.077123,0.360676,0.000162,0.026639,0.144947,0.112654
ACCGGTCTGAGTACGG-1,0.095957,0.754349,0.078364,0.002112,0.016996,0.00745,0.010734,0.034037
ACCGTCCACTGGGCCC-1,0.992101,0.000032,0.000032,0.001625,0.005538,0.000032,0.000032,0.000609
ACCGTGACCACGTGGG-1,0.023407,0.043811,0.015648,0.049562,0.001706,0.109661,0.036843,0.719362
