Barcode,Topic 1,Topic 2,Topic 3to8
AAACAACGAATAGTTC-1,0.008908,0.001492,0.9896
AAACAAGTATCTCCCA-1,0.508183,0.064702,0.427115
AAACAATCTACTAGCA-1,0.018482,0.000523,0.980994
AAACACCAATAACTGC-1,0.000015,0.027484,0.972501
AAACAGAGCGACTCCT-1,0.969699,0.000426,0.029876
AAACAGCTTTCAGAAG-1,0.001777,0.065306,0.932917
AAACAGGGTCTATATT-1,0.051464,0.001626,0.946909
AAACAGTGTTCCTGGG-1,0.004394,0.055268,0.940338
AAACATGGTGAGAGGA-1,0.000944,0.031154,0.967902
AAACATTTCCCGGATT-1,0.000031,0.02247,0.9775
AAACCACTACACAGAT-1,0.693524,0.016722,0.289754
AAACCCGAACGAAATC-1,0.369236,0.374031,0.256734
AAACCGGAAATGTTAA-1,0.000008,0.979425,0.020568
AAACCGGGTAGGTACC-1,0.000754,0.058893,0.940353
AAACCGTTCGTCCAGG-1,0.014656,0.106416,0.878928
AAACCTAAGCAGCCGG-1,0.017195,0.058232,0.924572
AAACCTCATGAAGTTG-1,0.021057,0.012818,0.966125
AAACGAAGAACATACC-1,0.231129,0.003866,0.765005
AAACGAAGATGGAGTA-1,0.004619,0.082849,0.912532
AAACGACAGTCTTGCC-1,0.679972,0.074997,0.245031
AAACGAGACGGTTGAT-1,0.073307,0.059233,0.86746
AAACGCCCGAGATCGG-1,0.889211,0.000852,0.109937
AAACGCTGGGCACGAC-1,0.142998,0.513155,0.343847
AAACGGGCGTACGGGT-1,0.044867,0.000032,0.955101
AAACGGGTTGGTATCC-1,0.11885,0.000039,0.881111
AAACGGTTGCGAACTG-1,0.000025,0.021066,0.97891
AAACGTGTTCGCCCTA-1,0.989834,0.009653,0.000513
AAACTAACGTGGCGAC-1,0.998003,0.000285,0.001712
AAACTCGGTTCGCAAT-1,0.058263,0.040908,0.90083
AAACTCGTGATATAAG-1,0.858527,0.116586,0.024887
AAACTGCTGGCTCCAA-1,0.035858,0.024379,0.939763
AAACTTAATTGCACGC-1,0.010917,0.07426,0.914822
AAACTTGCAAACGTAT-1,0.010749,0.13655,0.852701
AAAGAATGACCTTAGA-1,0.003954,0.02398,0.972066
AAAGAATGTGGACTAA-1,0.004163,0.047232,0.948605
AAAGACATGAAGTTTA-1,0.997599,0.000343,0.002058
AAAGACCCAAGTCGCG-1,0.083497,0.026796,0.889707
AAAGACTGGGCGCTTT-1,0.220861,0.03185,0.747289
AAAGCTTGCCTACATA-1,0.722947,0.000173,0.27688
AAAGGCCCTATAATAC-1,0.007777,0.038408,0.953814
AAAGGCTACGGACCAT-1,0.04729,0.004429,0.948281
AAAGGCTCTCGCGCCG-1,0.010205,0.001272,0.988523
AAAGGGATGTAGCAAG-1,0.183185,0.000035,0.816781
AAAGGGCAGCTTGAAT-1,0.011277,0.056722,0.932001
AAAGGTAAGCTGTACC-1,0.816109,0.06705,0.116841
AAAGGTCAACGACATG-1,0.816,0.081336,0.102664
AAAGTAGCATTGCTCA-1,0.032447,0.021416,0.946137
AAAGTCACTGATGTAA-1,0.072593,0.010795,0.916611
AAAGTCGACCCTCAGT-1,0.009764,0.008019,0.982217
AAAGTGCCATCAATTA-1,0.002253,0.953739,0.044008
AAAGTGTGATTTATCT-1,0.03679,0.032081,0.931129
AAAGTTGACTCCCGTA-1,0.119643,0.037259,0.843099
AAATAACCATACGGGA-1,0.997654,0.000095,0.002251
AAATAAGGTAGTGCCC-1,0.99724,0.000022,0.002738
AAATACCTATAAGCAT-1,0.000866,0.036937,0.962197
AAATAGCTTAGACTTT-1,0.463763,0.499245,0.036992
AAATAGGGTGCTATTG-1,0.000025,0.008332,0.991642
AAATCACTCCTAAACG-1,0.534364,0.000768,0.464868
AAATCCGATACACGCC-1,0.01604,0.015725,0.968235
AAATCGCGGAAGGAGT-1,0.000084,0.065522,0.934394
AAATCGTGTACCACAA-1,0.000031,0.034273,0.965696
AAATCTAGCCCTGCTA-1,0.264967,0.000214,0.734819
AAATCTGCCCGCGTCC-1,0.00524,0.080607,0.914153
AAATGACTGATCAAAC-1,0.012209,0.020975,0.966816
AAATGATTCGATCAGC-1,0.78351,0.041112,0.175378
AAATGCTCGTTACGTT-1,0.009289,0.003843,0.986869
AAATGGCATGTCTTGT-1,0.039362,0.000046,0.960592
AAATGGCCCGTGCCCT-1,0.024046,0.019284,0.95667
AAATGGTCAATGTGCC-1,0.092647,0.06896,0.838393
AAATGTATCTTATCCC-1,0.02102,0.07306,0.90592
AAATGTGGGTGCTCCT-1,0.035473,0.139539,0.824987
AAATTAACGGGTAGCT-1,0.064457,0.002168,0.933375
AAATTAATAAGCGCGA-1,0.090287,0.008908,0.900806
AAATTACACGACTCTG-1,0.71856,0.09614,0.1853
AAATTACCTATCGATG-1,0.674614,0.018232,0.307154
AAATTCCAGGTCCAAA-1,0.891551,0.051321,0.057128
AAATTGATAGTCCTTT-1,0.024479,0.021859,0.953662
AAATTGCGGCGGTTCT-1,0.009541,0.024288,0.96617
AAATTGGTGAGAAGCA-1,0.956719,0.000133,0.043148
AAATTTACCGAAATCC-1,0.365813,0.00483,0.629357
AAATTTGCGGGTGTGG-1,0.000029,0.005721,0.99425
AACAACTGGTAGTTGC-1,0.02438,0.051216,0.924403
AACAATACATTGTCGA-1,0.009025,0.120322,0.870653
AACAATTACTCTACGC-1,0.004563,0.040012,0.955425
AACACACGCTCGCCGC-1,0.017847,0.039993,0.942161
AACACGACTGTACTGA-1,0.257207,0.000032,0.742761
AACACGAGACGCGGCC-1,0.016385,0.038068,0.945547
AACACGCGGCCGCGAA-1,0.054931,0.05726,0.887809
AACAGCTGTGTGGCAA-1,0.020897,0.108937,0.870165
AACAGGAAATCGAATA-1,0.055422,0.005401,0.939177
AACAGGATGGGCCGCG-1,0.057198,0.034478,0.908325
AACAGGTAGTATGGAT-1,0.011698,0.9438,0.044502
AACATAGCGTGTATCG-1,0.232544,0.092114,0.675341
AACATATCAACTGGTG-1,0.979302,0.000038,0.02066
AACATCGATACGTCTA-1,0.99967,0.000047,0.000283
AACATTGAAGTTGATC-1,0.000722,0.074758,0.92452
AACATTGGTCAGCCGT-1,0.003157,0.028463,0.96838
AACATTGTGACTCGAG-1,0.030848,0.260683,0.708469
AACCAAGACTTCTCTG-1,0.087666,0.005736,0.906598
AACCAGTATCACTCTT-1,0.813149,0.000252,0.186599
AACCATAGGGTTGAAC-1,0.047194,0.046038,0.906768
AACCATGGGATCGCTA-1,0.054662,0.051471,0.893867
AACCCAGAGACGGAGA-1,0.016388,0.010677,0.972935
AACCCATCCCATGATC-1,0.000014,0.07607,0.923916
AACCCGACAACCCGTG-1,0.017903,0.04229,0.939808
AACCCGAGCAGAATCG-1,0.185021,0.518808,0.296171
AACCCGATAGGGCTTC-1,0.527288,0.276562,0.19615
AACCCGCTGTATTCCA-1,0.05497,0.049143,0.895887
AACCCTACTGTCAATA-1,0.157958,0.046123,0.795919
AACCCTGGTGGAACCA-1,0.201422,0.009275,0.789302
AACCGAGCTTGGTCAT-1,0.09801,0.027057,0.874933
AACCGCTAAGGGATGC-1,0.018744,0.050325,0.930931
AACCGTTGTGTTTGCT-1,0.106181,0.002753,0.891066
AACCTAAAGCCGTCCG-1,0.541776,0.366501,0.091723
AACCTCGCTTTAGCCC-1,0.08113,0.000034,0.918836
AACCTGTCACGGAATT-1,0.744911,0.120101,0.134988
AACCTTTAAATACGGT-1,0.000027,0.01645,0.983523
AACCTTTACGACGTCT-1,0.914045,0.000288,0.085667
AACGAAAGTCGTCCCA-1,0.000649,0.03574,0.963611
AACGACCTCCTAGCCG-1,0.263285,0.002338,0.734377
AACGATAATGCCGTAG-1,0.002856,0.050916,0.946229
AACGATAGAAGGGCCG-1,0.158359,0.003907,0.837734
AACGATATGTCAACTG-1,0.035375,0.846825,0.1178
AACGCATGATCTGGGT-1,0.699973,0.000485,0.299542
AACGCGAACGGCAACA-1,0.012154,0.001436,0.986411
AACGCGACCTTGGGCG-1,0.000011,0.125076,0.874913
AACGCGGTCTCCAGCC-1,0.10139,0.000056,0.898554
AACGCTGTTGCTGAAA-1,0.120566,0.001782,0.877651
AACGGACGTACGTATA-1,0.023674,0.057815,0.918511
AACGGCCATCTCCGGT-1,0.000017,0.071708,0.928275
AACGTACTGTGGGTAC-1,0.007876,0.068929,0.923195
AACGTAGTCTACCCAT-1,0.033555,0.012455,0.953989
AACGTCAGACTAGTGG-1,0.121466,0.047939,0.830595
AACGTCATCCGGCTTG-1,0.006669,0.003656,0.989675
AACGTCGCTGCACTTC-1,0.019519,0.328594,0.651887
AACGTGATGAAGGACA-1,0.997699,0.000329,0.001972
AACGTGCGAAAGTCTC-1,0.169077,0.000204,0.830719
AACGTTATCAGCACCT-1,0.155613,0.007165,0.837222
AACGTTCTACCATTGT-1,0.497839,0.22982,0.272341
AACTACCCGTTTGTCA-1,0.246213,0.261433,0.492354
AACTAGCGTATCGCAC-1,0.070773,0.381876,0.547351
AACTAGGCTTGGGTGT-1,0.004368,0.106879,0.888753
AACTCAAGTTAATTGC-1,0.004561,0.053164,0.942275
AACTCCAGAGCGTGTT-1,0.000036,0.029404,0.97056
AACTCCTAATCCCATG-1,0.892799,0.000283,0.106918
AACTCGATAAACACGT-1,0.022199,0.000032,0.977769
AACTCGATGGCGCAGT-1,0.012553,0.00749,0.979957
AACTCTCAATAGAGCG-1,0.132763,0.017086,0.850151
AACTCTCAGTGTGCTC-1,0.08355,0.145856,0.770593
AACTGAGGTCAGCGTC-1,0.986643,0.000135,0.013221
AACTGAGTTATACTGA-1,0.072161,0.811974,0.115865
AACTGATATTAGGCCT-1,0.109471,0.007632,0.882897
AACTGGGTCCCGACGT-1,0.148043,0.011207,0.84075
AACTGGGTTCGAGCCG-1,0.84813,0.000196,0.151674
AACTGGTGTGGGCCTT-1,0.020071,0.011044,0.968885
AACTTCTGCGTCTATC-1,0.051704,0.074823,0.873473
AACTTGCCCGTATGCA-1,0.029751,0.030424,0.939825
AACTTGCGTTCTCGCG-1,0.001039,0.004234,0.994727
AACTTTACGGGAGCTT-1,0.052107,0.000682,0.947212
AACTTTAGCTGCTGAG-1,0.029269,0.011707,0.959023
AACTTTCTCGATCATG-1,0.772644,0.000094,0.227262
AAGAAAGTTTGATGGG-1,0.005033,0.088903,0.906064
AAGAAATCACCAGATT-1,0.929677,0.068393,0.00193
AAGAAGGATCAGTTAG-1,0.051465,0.012158,0.936377
AAGACATACGTGGTTT-1,0.064435,0.284174,0.65139
AAGACCAAATAACTCA-1,0.000012,0.027055,0.972933
AAGACCCAACTGAACA-1,0.000421,0.059343,0.940237
AAGACTAACCCGTTGT-1,0.039363,0.002997,0.95764
AAGACTCACGCCCACT-1,0.997384,0.000374,0.002243
AAGACTGCAAGCTACT-1,0.159813,0.015225,0.824962
AAGAGATGAATCGGTA-1,0.076858,0.197796,0.725345
AAGAGCTCTTTATCGG-1,0.015972,0.107258,0.87677
AAGAGGATGTACGCGA-1,0.047067,0.054162,0.898772
AAGAGGCATGGATCGC-1,0.056412,0.170956,0.772632
AAGAGGCCCTTTGGAA-1,0.000029,0.170135,0.829836
AAGATGGCACCGGACC-1,0.294217,0.034983,0.670799
AAGATTGGCGGAACGT-1,0.093064,0.183168,0.723768
AAGCACCCTGCGTATC-1,0.061314,0.025647,0.913039
AAGCATACTCTCCTGA-1,0.001127,0.007987,0.990887
AAGCCACTTGCAGGTA-1,0.007454,0.052006,0.94054
AAGCCGAAGCGGTTTA-1,0.320827,0.000355,0.678819
AAGCCGCCGTGAAATC-1,0.054581,0.058223,0.887196
AAGCCGCTTTACCTTG-1,0.82427,0.068801,0.106929
AAGCCGGAGAGCAGGA-1,0.001728,0.924792,0.07348
AAGCGCAGGGCTTTGA-1,0.002291,0.46906,0.528649
AAGCGGAGTGCGCGCA-1,0.798846,0.14147,0.059685
AAGCGGCGTCATGGGT-1,0.774233,0.00011,0.225658
AAGCGTCCCTCATCGA-1,0.036123,0.167942,0.795935
AAGCTAGATCGAGTAA-1,0.001853,0.00858,0.989567
AAGCTATGGATTGACC-1,0.016653,0.061602,0.921745
AAGCTCGTGCCAAGTC-1,0.084821,0.030472,0.884707
AAGCTCTTTCATGGTG-1,0.000046,0.014186,0.985767
AAGGAGAACTTATAAG-1,0.109336,0.00003,0.890634
AAGGAGCGGTTGGTGC-1,0.056664,0.202175,0.741161
AAGGATCGATCGCTTG-1,0.479383,0.226908,0.293709
AAGGATGAGGGACCTC-1,0.169948,0.018988,0.811064
AAGGCAGGCTGTCTCC-1,0.538364,0.24918,0.212456
AAGGCGCGTAAAGCTT-1,0.109414,0.064523,0.826063
AAGGCTGTGCTCATCG-1,0.001732,0.08127,0.916998
AAGGGAACGACTGGCT-1,0.00371,0.040984,0.955306
AAGGGACAGATTCTGT-1,0.257495,0.002323,0.740183
AAGGGACTATGCATTC-1,0.019099,0.05504,0.925861
AAGGGTTAGCCATGCG-1,0.366098,0.005899,0.628003
AAGGGTTTGATTTCAG-1,0.005603,0.052748,0.941648
AAGGTATCCTAATATA-1,0.089142,0.00004,0.910818
AAGGTGATAAACCAGC-1,0.012066,0.05088,0.937053
AAGTAAGCTTCCAAAC-1,0.043675,0.063025,0.8933
AAGTAGAAGACCGGGT-1,0.145564,0.137756,0.71668
AAGTAGTGACGCGAGG-1,0.062652,0.003458,0.933891
AAGTCAATTGTCGTCA-1,0.615975,0.058506,0.325519
AAGTCTAGTAGCTGCC-1,0.949826,0.049725,0.000449
AAGTCTTCTGTGGCCT-1,0.048591,0.068704,0.882705
AAGTGACGACCGAATT-1,0.038802,0.362781,0.598418
AAGTGAGTCGGGTTTA-1,0.040807,0.012184,0.947008
AAGTGCAAAGGTAGAC-1,0.000015,0.034618,0.965367
AAGTGCCTTGACTGTA-1,0.68905,0.115494,0.195456
AAGTGCGTTAGAATCT-1,0.000023,0.018409,0.981568
AAGTGCTTCTCTATTG-1,0.035368,0.015398,0.949234
AAGTGTTTGGAGACGG-1,0.007838,0.063605,0.928557
AAGTTCACTCCAAGCT-1,0.073386,0.004284,0.92233
AAGTTCAGTCTGCGTA-1,0.684116,0.000549,0.315335
AAGTTCGGCCAACAGG-1,0.000012,0.177126,0.822862
AAGTTGTGATGTTATA-1,0.000035,0.065324,0.93464
AAGTTTACTAATGGCA-1,0.08592,0.000087,0.913993
AAGTTTATGGGCCCAA-1,0.000013,0.183979,0.816009
AATAACAACGCTCGGC-1,0.131971,0.040277,0.827752
AATAACACTAGAACAA-1,0.002168,0.051488,0.946344
AATAACGTCGCGCCCA-1,0.501145,0.000034,0.498822
AATAAGTCCTCGAGAC-1,0.362604,0.214822,0.422574
AATAATCTTCGTATCG-1,0.082941,0.708007,0.209051
AATACAATGTTTCAGG-1,0.000016,0.532241,0.467742
AATACCGGAGGGCTGT-1,0.010049,0.074227,0.915724
AATACCTGATGTGAAC-1,0.033233,0.121525,0.845242
AATAGAACAGAGTGGC-1,0.093878,0.141382,0.764739
AATAGAATCTGTTTCA-1,0.148966,0.000042,0.850993
AATAGCAAGCCTCCTG-1,0.586627,0.412826,0.000548
AATAGCTACCGCGTGC-1,0.89667,0.021227,0.082104
AATAGGCACGACCCTT-1,0.01886,0.079738,0.901402
AATAGTCCGTCCCGAC-1,0.00015,0.01589,0.98396
AATAGTCGCGAGTCGG-1,0.034681,0.023641,0.941679
AATATCAAGGTCGGAT-1,0.043854,0.023452,0.932694
AATATCCTAGCAAACT-1,0.019308,0.019841,0.960852
AATATCGAATCAATGC-1,0.311586,0.270363,0.418051
AATATCGAGGGTTCTC-1,0.89931,0.000069,0.100622
AATATTGGAGTATTGA-1,0.035569,0.000079,0.964353
AATCAGACTGCAGGAC-1,0.241442,0.003091,0.755466
AATCAGGTTTCATTTA-1,0.000249,0.028963,0.970787
AATCATGTAAAGACTC-1,0.219714,0.041268,0.739018
AATCCAAGGGCCTGAG-1,0.168972,0.012806,0.818222
AATCCATGCAAGGGTG-1,0.030773,0.014507,0.95472
AATCCCGCTCAGAGCC-1,0.000026,0.04597,0.954004
AATCGAGGTCTCAAGG-1,0.097352,0.050111,0.852537
AATCGCCTCAGCGCCA-1,0.026649,0.000033,0.973318
AATCGCGCAGAGGACT-1,0.206214,0.765531,0.028255
AATCGGGACACTACGA-1,0.06305,0.033949,0.903
AATCGGTATAGCCCTC-1,0.002804,0.290705,0.70649
AATCGTGAGCCGAGCA-1,0.106457,0.017405,0.876138
AATCTAGGTTTACTTG-1,0.099425,0.055141,0.845434
AATCTATGCCGGAGCC-1,0.836206,0.013198,0.150595
AATCTCTACTGTGGTT-1,0.00778,0.325187,0.667034
AATCTGCGTTGGGACG-1,0.181647,0.009036,0.809318
AATCTGGCTTTCTAGT-1,0.001781,0.04688,0.95134
AATCTGGGTAGACCCT-1,0.953639,0.000067,0.046294
AATGACAGCAATGTCT-1,0.00003,0.02946,0.970511
AATGACGTAGGATGTC-1,0.012827,0.060932,0.926241
AATGACTGTCAGCCGG-1,0.043434,0.071887,0.88468
AATGAGTTCGCATATG-1,0.031089,0.001292,0.967619
AATGATGATACGCTAT-1,0.783285,0.000266,0.216449
AATGATGCGACTCCTG-1,0.833527,0.000086,0.166387
AATGCAACCGGGTACC-1,0.058032,0.020026,0.921942
AATGCACCAAGCAATG-1,0.850714,0.000125,0.149161
AATGGCCGCCAATGCG-1,0.599632,0.224476,0.175892
AATGGTCCACCGTTCA-1,0.050969,0.020175,0.928856
AATGGTTCTCACAAGC-1,0.070239,0.023949,0.905812
AATGTATGGCACTGTA-1,0.017068,0.005728,0.977204
AATGTGCCCGAGGTGT-1,0.000105,0.076098,0.923797
AATGTGCTAATCTGAG-1,0.000009,0.211558,0.788433
AATGTTAAGACCCTGA-1,0.297116,0.124356,0.578528
AATGTTGTCGTGAGAC-1,0.000017,0.175292,0.824691
AATTAAAGGTCGGCGT-1,0.057015,0.035044,0.907941
AATTAACGGATTTCCA-1,0.055135,0.159446,0.785419
AATTACGAGACCCATC-1,0.001796,0.026031,0.972173
AATTACTCGTACGCTC-1,0.014651,0.008492,0.976857
AATTAGCGCTGCAGCG-1,0.02424,0.00004,0.97572
AATTATACCCAGCAAG-1,0.001822,0.092023,0.906156
AATTCATAAGGGATCT-1,0.17589,0.016861,0.807248
AATTCATTGTCATGCA-1,0.00002,0.011601,0.988379
AATTCCAACTTGGTGA-1,0.000564,0.016904,0.982532
AATTCCAAGCATGTAC-1,0.000021,0.058118,0.941861
AATTCGATTCGAGGAT-1,0.000037,0.001251,0.998711
AATTCTAGAGTTAGGC-1,0.04725,0.005849,0.946901
AATTGAACGCTCTGGT-1,0.021044,0.000042,0.978914
AATTGCAGCAATCGAC-1,0.000576,0.036804,0.96262
AATTGCGTGGATTACA-1,0.061185,0.046803,0.892012
AATTGTGGTTGCCAAA-1,0.001044,0.671983,0.326973
AATTTGGGACATAGTA-1,0.837159,0.000591,0.162251
AATTTGGTTCCAAAGA-1,0.088177,0.00004,0.911784
ACAAACCATGCGTCCT-1,0.14563,0.076622,0.777748
ACAAACCGACAAGGCG-1,0.914849,0.00005,0.0851
ACAAACTCCATCAGAG-1,0.023145,0.094828,0.882027
ACAAAGAAGGTAGGCC-1,0.008007,0.022241,0.969751
ACAAAGCATGACCTAG-1,0.001744,0.207434,0.790822
ACAAATCGCACCGAAT-1,0.009956,0.003386,0.986657
ACAAATGGTAGTGTTT-1,0.02051,0.02931,0.95018
ACAAATTCAGATCTGA-1,0.999129,0.000124,0.000746
ACAACAGCATGAGCTA-1,0.071456,0.048351,0.880193
ACAACGGTCCCTGCGA-1,0.03127,0.056348,0.912382
ACAAGCAGTGCCTAGC-1,0.026843,0.019447,0.95371
ACAAGCTATATGGAAG-1,0.404609,0.009254,0.586137
ACAAGGAAATCCGCCC-1,0.000016,0.061571,0.938413
ACAAGGACAAGAGGTT-1,0.023435,0.042632,0.933934
ACAAGGATGCTTTAGG-1,0.008134,0.00004,0.991826
ACAAGGCCTACCAGCC-1,0.737841,0.039757,0.222403
ACAAGGGCAGGCTCTG-1,0.000015,0.07853,0.921454
ACAAGTAATTGTAAGG-1,0.001773,0.103519,0.894708
ACAATAGTCGTACGTT-1,0.410759,0.052312,0.536929
ACAATCCATTTAAACC-1,0.126148,0.049272,0.82458
ACAATCGATCTTTATA-1,0.770704,0.000099,0.229197
ACAATGAATACGGAGA-1,0.032739,0.104596,0.862665
ACAATGATTCTTCTAC-1,0.863449,0.134862,0.001689
ACAATTGTGTCTCTTT-1,0.191666,0.093826,0.714508
ACAATTTAGGAGGCTC-1,0.117876,0.021124,0.861001
ACAATTTGAGCAGTGG-1,0.029887,0.329152,0.640962
ACAATTTGGCCATATT-1,0.160753,0.668891,0.170356
ACACAAAGACGGGTGG-1,0.057128,0.011731,0.931141
ACACAAATATTCCTAG-1,0.545708,0.430375,0.023917
ACACACCAGGACCAGT-1,0.015926,0.061315,0.922759
ACACACTTTCTACACG-1,0.048043,0.024346,0.927611
ACACATGATCAAATCT-1,0.001003,0.047278,0.951719
ACACATTGACGCAACA-1,0.000022,0.086411,0.913567
ACACATTTCCGTAGAC-1,0.023057,0.009881,0.967061
ACACCACATAATTAGC-1,0.916894,0.000106,0.082999
ACACCCAGCATGCAGC-1,0.039557,0.047393,0.91305
ACACCCGAGAAATCCG-1,0.042532,0.030412,0.927056
ACACCCGTAAATCTGT-1,0.898972,0.000422,0.100607
ACACCGAGCGCTCTTT-1,0.03302,0.044511,0.922469
ACACCGGTCTGACCGC-1,0.026698,0.279785,0.693517
ACACCTTAAGTAGGGC-1,0.043488,0.036757,0.919756
ACACCTTACTACTTGC-1,0.546045,0.042319,0.411636
ACACGAGACTCCTTCT-1,0.182377,0.000047,0.817576
ACACGGCACTATGCAT-1,0.998902,0.000157,0.000942
ACACGGGAACTTAGGG-1,0.055887,0.077036,0.867077
ACACGTAGGCCACAAG-1,0.034572,0.418191,0.547237
ACACTCCAATGTCACT-1,0.01844,0.003386,0.978174
ACACTGATCAAGGTGT-1,0.166382,0.137282,0.696336
ACACTGGGACAGTCGT-1,0.026888,0.62826,0.344852
ACAGAACTGAGAACAA-1,0.152302,0.040988,0.80671
ACAGATTAGGTTAGTG-1,0.107165,0.000055,0.89278
ACAGCATAGAGCCAGT-1,0.080966,0.538665,0.380369
ACAGCGACATTCTCAT-1,0.00969,0.003381,0.986929
ACAGCGCACCCGCAGC-1,0.894499,0.000184,0.105317
ACAGGAGGCGCAGCCG-1,0.065875,0.059272,0.874853
ACAGGCACGGATCCTT-1,0.001705,0.080091,0.918204
ACAGGCTTGCCCGACT-1,0.021341,0.023889,0.95477
ACAGGTGGAGGTGAGG-1,0.001993,0.065223,0.932784
ACAGGTGTGTTGTTGC-1,0.02528,0.093158,0.881563
ACAGTAATACAACTTG-1,0.02648,0.002253,0.971266
ACAGTATACCGTGGGA-1,0.884981,0.026541,0.088478
ACAGTGCAGCGCATTT-1,0.448886,0.518956,0.032158
ACATAAGTCGTGGTGA-1,0.000493,0.037123,0.962384
ACATAATAAGGCGGTG-1,0.218911,0.115344,0.665745
ACATACAATCAAGCGG-1,0.002467,0.026229,0.971304
ACATCAGCTGGGACGC-1,0.042239,0.003263,0.954499
ACATCCCGGCCATACG-1,0.163896,0.045467,0.790637
ACATCCTGGTAACTGT-1,0.516193,0.281894,0.201913
ACATCGATCGTTTACC-1,0.080936,0.006277,0.912787
ACATCGCAATATTCGG-1,0.001974,0.030149,0.967877
ACATCGGTCAGCCGCG-1,0.000021,0.035293,0.964686
ACATCGTATGCAATGG-1,0.010869,0.025947,0.963185
ACATCGTTAACCTAGT-1,0.269677,0.00008,0.730243
ACATCTCAACGCGTAA-1,0.684422,0.000222,0.315356
ACATGCTTACGGCAGC-1,0.037776,0.045337,0.916888
ACATGGCGCCAAAGTA-1,0.849191,0.000073,0.150736
ACATGGCTCAATTTAG-1,0.055108,0.01817,0.926723
ACATTAGTTTATATCC-1,0.046341,0.037196,0.916463
ACATTCGCGCGGAATA-1,0.008458,0.057706,0.933836
ACATTTGAAACCTAAC-1,0.023829,0.005183,0.970988
ACCAAACACCCAGCGA-1,0.916753,0.000036,0.083211
ACCAAACTAGAAATCC-1,0.70988,0.000168,0.289952
ACCAACACCACACACT-1,0.846336,0.025962,0.127702
ACCAACCGCACTCCAC-1,0.004519,0.008484,0.986996
ACCAACGCTTATTTAT-1,0.136413,0.088086,0.775501
ACCAAGAACGCGTGTC-1,0.055017,0.096048,0.848934
ACCAAGTCATCGGCAG-1,0.00003,0.073748,0.926223
ACCAATATGCAAGTTA-1,0.014528,0.024585,0.960888
ACCACAACTCAGAACA-1,0.845655,0.000098,0.154247
ACCACAAGTTTCTATC-1,0.141164,0.008361,0.850475
ACCACACGGTTGATGG-1,0.180472,0.011564,0.807964
ACCACCAATGTAACAA-1,0.346004,0.000379,0.653617
ACCACCCTCTCTTCTA-1,0.79845,0.110258,0.091293
ACCACGTGCAGCTATA-1,0.025582,0.013018,0.961399
ACCACTGTTCAAGAAG-1,0.005543,0.036075,0.958383
ACCAGACCATAACAAC-1,0.044338,0.126098,0.829565
ACCAGCCCGGTCTTTG-1,0.873711,0.000436,0.125853
ACCAGGAGTGTGATCT-1,0.103452,0.027871,0.868676
ACCAGTGCCCGGTCAA-1,0.998781,0.000069,0.00115
ACCAGTGCGGGAGACG-1,0.019467,0.050514,0.930018
ACCATATCCGCAATAA-1,0.110503,0.020957,0.86854
ACCATCCGCCAACTAG-1,0.026258,0.010834,0.962908
ACCATCGTATATGGTA-1,0.000048,0.003798,0.996154
ACCATTAAGGGTGTCA-1,0.000046,0.000046,0.999908
ACCCAACGCCCGTGGC-1,0.05577,0.009177,0.935053
ACCCACCTACATGCTC-1,0.027857,0.031068,0.941075
ACCCATCTTGAGGGTA-1,0.031755,0.019731,0.948514
ACCCATTTGTCCCTCT-1,0.000688,0.055211,0.944101
ACCCGAGCGAAATTAC-1,0.016118,0.084447,0.899435
ACCCGATTGGTTCCGA-1,0.007595,0.024307,0.968099
ACCCGGAAACTCCCAG-1,0.038638,0.049712,0.91165
ACCCGGAGCACCACAA-1,0.000006,0.977539,0.022455
ACCCGGATGACGCATC-1,0.455223,0.021569,0.523208
ACCCGGTTACACTTCC-1,0.000023,0.049974,0.950004
ACCCGTAGCAGAGAAT-1,0.000454,0.062788,0.936758
ACCCGTAGTCTAGTTG-1,0.166129,0.156034,0.677837
ACCCGTGTCATCAGTA-1,0.261915,0.000614,0.737471
ACCCTATAGGACTGAG-1,0.094568,0.067763,0.837669
ACCCTATGCCATATCG-1,0.004451,0.116802,0.878746
ACCCTCCCGTCAGGGC-1,0.054594,0.005004,0.940403
ACCCTCCCTTGCTATT-1,0.027341,0.00453,0.968129
ACCCTGGTAACGCCCT-1,0.987544,0.000033,0.012423
ACCCTTCATCTGCGAA-1,0.146523,0.000605,0.852872
ACCCTTGCCTGGGTCG-1,0.786253,0.002136,0.211612
ACCCTTTAGTTCTCCA-1,0.97941,0.000067,0.020523
ACCGAAAGGGCCCTGC-1,0.043312,0.009691,0.946998
ACCGAAGAGTCTGGTT-1,0.00983,0.035625,0.954545
ACCGACACATCTCCCA-1,0.032116,0.082534,0.88535
ACCGACTGAGTCCCAC-1,0.158361,0.020228,0.82141
ACCGAGTCTCCTTATT-1,0.03238,0.008128,0.959491
ACCGATAGGCATAACC-1,0.000008,0.975773,0.02422
ACCGATATTTAATCAT-1,0.010627,0.73764,0.251732
ACCGATGGTAGCATCG-1,0.114002,0.032709,0.853288
ACCGCAATAACTGCCT-1,0.000862,0.022027,0.977112
ACCGCGGTGGAAGTCG-1,0.510692,0.137097,0.352211
ACCGCTAGTCATTGGT-1,0.010667,0.066525,0.922808
ACCGGGCCTTTGTTGA-1,0.064633,0.024504,0.910863
ACCGGTCAGGTACACC-1,0.000019,0.022024,0.977957
ACCGGTCTGAGTACGG-1,0.998658,0.000192,0.00115
ACCGTCCACTGGGCCC-1,0.000015,0.037213,0.962771
ACCGTGACCACGTGGG-1,0.007904,0.051922,0.940174
ACCGTTCCCGCTCTGA-1,0.796947,0.000138,0.202915
ACCTAAGTACCTTTCA-1,0.006989,0.040211,0.9528
ACCTAATCGACTTCCT-1,0.083351,0.062327,0.854322
ACCTACAGTATGTGGT-1,0.374516,0.00084,0.624644
ACCTACTATAAATCTA-1,0.000017,0.050425,0.949558
ACCTCAGCGAGGCGCA-1,0.016034,0.106854,0.877112
ACCTCCGCCCTCGCTG-1,0.167387,0.270226,0.562387
ACCTCCGTTATTCACC-1,0.942205,0.003797,0.053997
ACCTCGAACTTATGCT-1,0.018434,0.105517,0.876049
ACCTGCGTGTCATGTT-1,0.027599,0.080172,0.892229
ACCTTTCCTTTAGAAG-1,0.981078,0.000137,0.018785
ACGAAATGGGCGGCAC-1,0.202851,0.030633,0.766517
ACGACCCATGAGTTGC-1,0.011746,0.865853,0.1224
ACGACTCTAGGGCCGA-1,0.00268,0.049338,0.947982
ACGACTGGTCATACTC-1,0.076167,0.196227,0.727606
ACGAGAACCCATCACG-1,0.145929,0.025224,0.828847
ACGAGATATTTGCTTA-1,0.981537,0.000278,0.018185
ACGAGGATACCACTCT-1,0.049495,0.239998,0.710507
ACGAGGTTTACAACGT-1,0.001551,0.008921,0.989529
ACGAGTACGGATGCCC-1,0.985281,0.000046,0.014673
ACGAGTCGCCGGCGTT-1,0.027467,0.020697,0.951836
ACGATACATAGAACTA-1,0.04947,0.002413,0.948117
ACGATACCTATCCTGA-1,0.061994,0.052949,0.885056
ACGATCATACATAGAG-1,0.075538,0.057329,0.867133
ACGATCATCTTGTAAA-1,0.845248,0.021895,0.132858
ACGATGCATATGTTAT-1,0.084402,0.033365,0.882232
ACGATGGATCCGATGC-1,0.317006,0.000048,0.682947
ACGCAAACTAATAGAT-1,0.056114,0.025257,0.918629
ACGCAATCACTACAGC-1,0.840665,0.016079,0.143257
ACGCATAAATGACATG-1,0.519246,0.479901,0.000853
ACGCATACGTTTACTA-1,0.381352,0.000075,0.618573
ACGCATTCGTGAGTAC-1,0.077077,0.000076,0.922847
ACGCCACTCGAAACAG-1,0.023388,0.137488,0.839124
ACGCCAGATGATTTCT-1,0.067839,0.003712,0.928448
ACGCCAGTGCGTTTGC-1,0.015191,0.045516,0.939292
ACGCCCAGCTGTCGAT-1,0.761303,0.00037,0.238326
ACGCCGCTAGACGACC-1,0.003047,0.048563,0.94839
ACGCCTGACACGCGCT-1,0.100186,0.010444,0.889369
ACGCGAAGTCAGACGA-1,0.049749,0.38018,0.570071
ACGCGCTACACAGGGT-1,0.000018,0.260744,0.739239
ACGCGGGCCAAGGACA-1,0.031834,0.013856,0.954311
ACGCGTTTCTTAAGAG-1,0.007422,0.006138,0.98644
ACGCTACTGAATGGGC-1,0.3176,0.128353,0.554047
ACGCTAGTATCAGTGC-1,0.331019,0.668012,0.000969
ACGCTAGTGATACACT-1,0.898731,0.000047,0.101222
ACGCTGTGAGGCGTAG-1,0.006876,0.010984,0.98214
ACGCTTAGTGTCTCTC-1,0.398992,0.000073,0.600936
ACGGAACACGAGTGCC-1,0.006514,0.065857,0.927629
ACGGAATTTAGCAAAT-1,0.013191,0.035246,0.951563
ACGGACGCAGCGACAA-1,0.000012,0.044512,0.955476
ACGGACTCTCAAAGCG-1,0.002781,0.093055,0.904164
ACGGAGCGCAAATTAC-1,0.688046,0.032566,0.279388
ACGGATGGTGCGGATA-1,0.013328,0.000046,0.986626
ACGGCACTTGCTTGGG-1,0.007203,0.019603,0.973194
ACGGCCAACATGGACT-1,0.045706,0.104592,0.849702
ACGGCGACGATGGGAA-1,0.075574,0.035801,0.888625
ACGGCGGGTTGCCCTG-1,0.066013,0.022948,0.911039
ACGGCTGGATGTAGAA-1,0.000017,0.035936,0.964048
ACGGGAGTGTCGGCCC-1,0.00002,0.049388,0.950592
ACGGGCGTATGCGACA-1,0.996459,0.000048,0.003493
ACGGGTCATGTGACTT-1,0.328829,0.000025,0.671147
ACGGGTTGTGACCTGT-1,0.021427,0.107113,0.87146
ACGGTACAGTTCAATG-1,0.000025,0.123949,0.876026
ACGGTCACCGAGAACA-1,0.000885,0.093004,0.906111
ACGTACAGATTTCTCT-1,0.106789,0.000066,0.893145
ACGTACTTTGGCACGG-1,0.000384,0.024553,0.975062
ACGTAGATTGCTGATG-1,0.083224,0.150942,0.765834
ACGTAGGAGAGTCGCT-1,0.031304,0.025426,0.94327
ACGTATTACTCCGATC-1,0.131749,0.101515,0.766736
ACGTCCTAAACGAGAT-1,0.830216,0.000289,0.169495
ACGTCGGGCAACTCGG-1,0.000234,0.036021,0.963745
ACGTCTCGTTCCGGGA-1,0.087087,0.000034,0.912879
ACGTGACAAAGTAAGT-1,0.025914,0.118117,0.855969
ACGTGCGCCTCGTGCA-1,0.03517,0.000045,0.964785
ACGTGGTCGAATGTGC-1,0.586851,0.00073,0.412418
ACGTTAATGTCGAAGA-1,0.043501,0.023537,0.932962
ACGTTAGATTTGCCCG-1,0.000031,0.012142,0.987827
ACGTTATTGGTCACTC-1,0.039912,0.116214,0.843874
ACGTTCACTATGCCGC-1,0.056963,0.015605,0.927432
ACGTTCCGCGCTCCGT-1,0.072556,0.000036,0.927408
ACGTTCGCAATCAATT-1,0.905741,0.022832,0.071427
ACGTTCGTTCAGGAAA-1,0.000044,0.108845,0.891111
ACGTTCTGTACAAGTC-1,0.036113,0.011353,0.952534
ACGTTGTCGTTGAAAG-1,0.016756,0.072834,0.910409
ACGTTTAGTTGTGATC-1,0.015949,0.023503,0.960549
ACGTTTCGGTGCACTT-1,0.401019,0.074028,0.524953
ACTAAGGACGCACACC-1,0.827797,0.170946,0.001256
ACTAATACGTCAGGCG-1,0.969813,0.000092,0.030095
ACTACAAAGAGAGGTG-1,0.006636,0.070227,0.923138
ACTACATCCCGACAAG-1,0.371885,0.055498,0.572618
ACTACCAGCTCTCTGG-1,0.103595,0.106547,0.789858
ACTACCATCCGAGGGC-1,0.00903,0.016784,0.974185
ACTACGCGTTAGAATT-1,0.007235,0.053958,0.938807
ACTAGTTGCGATCGTC-1,0.535285,0.045797,0.418917
ACTATATGCTGTGTTC-1,0.963611,0.000093,0.036296
ACTATCCAGGGCATGG-1,0.662703,0.137703,0.199594
ACTATCGCCGGCTAAA-1,0.124719,0.006165,0.869116
ACTATCTGCCCGCGTA-1,0.170995,0.649726,0.179279
ACTATGTCCAGCTGCC-1,0.009914,0.077763,0.912323
ACTATTCGTCCGTGGT-1,0.01857,0.000331,0.981099
ACTATTTCCGGGCCCA-1,0.132777,0.017078,0.850145
ACTCAACGAATGTATT-1,0.061743,0.031569,0.906688
ACTCAAGTGCAAGGCT-1,0.007152,0.019263,0.973585
ACTCAATAAAGGCACG-1,0.091806,0.018315,0.889879
ACTCAGACCTGCTTCT-1,0.144561,0.011548,0.843891
ACTCATGGCAGCCTTC-1,0.000016,0.056419,0.943565
ACTCCAATATCATCAT-1,0.071237,0.083491,0.845273
ACTCCCATTCCTAAAG-1,0.228022,0.068626,0.703352
ACTCCCGAATTCGTTT-1,0.999742,0.000037,0.000221
ACTCCCGTAGACTAGG-1,0.788396,0.099581,0.112022
ACTCCCTAATGCTAAA-1,0.021864,0.000505,0.97763
ACTCCCTAGAATAGTA-1,0.006142,0.036798,0.957059
ACTCCGGCCGACCACT-1,0.002649,0.061243,0.936108
ACTCGATGTATTTCAT-1,0.000038,0.085593,0.914368
ACTCGCCGTTCGATAA-1,0.078551,0.063566,0.857883
ACTCGCGATCTGACGC-1,0.513053,0.350708,0.13624
ACTCGTAACCCGTCCT-1,0.021248,0.0395,0.939253
ACTCGTCAGTAATCCC-1,0.000021,0.117389,0.882591
ACTCTAAACCTGGGAT-1,0.026015,0.017633,0.956353
ACTCTCTGACTTAGGT-1,0.059936,0.017723,0.922341
ACTCTCTTATACACGA-1,0.997699,0.000329,0.001972
ACTCTGACCTAATAGA-1,0.01358,0.038109,0.948312
ACTCTTCAGCTCCCGC-1,0.650354,0.231276,0.11837
ACTCTTGTATAGTAAC-1,0.235091,0.030868,0.734041
ACTGAAACGCCGTTAG-1,0.001766,0.035615,0.962619
ACTGAATGGCGAAAGT-1,0.074921,0.043233,0.881846
ACTGATTTAGTGATTC-1,0.576814,0.000059,0.423127
ACTGCCCGCCATTCTC-1,0.009429,0.068499,0.922072
ACTGCCGTCGTAACTC-1,0.038747,0.000051,0.961202
ACTGCGGACACACCGT-1,0.734414,0.14005,0.125535
ACTGCTCGGAAGGATG-1,0.00337,0.082913,0.913718
ACTGGCGAACCTGCGT-1,0.618032,0.219665,0.162303
ACTGGGATGCCAGTGC-1,0.00002,0.034239,0.965741
ACTGTACGATACACAT-1,0.099625,0.051158,0.849217
ACTGTAGCACTTTGGA-1,0.001599,0.073977,0.924424
ACTGTATACGCGAGCA-1,0.033643,0.033735,0.932622
ACTGTCCAGGATTATA-1,0.01624,0.041387,0.942373
ACTGTCTTCTTTAGAA-1,0.309402,0.045841,0.644757
ACTGTGCTAGTAGATC-1,0.006167,0.00006,0.993773
ACTGTTTAGTGTAGGC-1,0.238141,0.00011,0.761748
ACTTACCGGGCGCGCA-1,0.72338,0.03936,0.23726
ACTTACGCATCCACGC-1,0.076076,0.017946,0.905978
ACTTAGTACGACAAGA-1,0.038317,0.019261,0.942422
ACTTATACTTACCCGG-1,0.099196,0.003046,0.897758
ACTTATCTGATCTATA-1,0.190371,0.027235,0.782393
ACTTATTAGGATCGGT-1,0.042842,0.018429,0.938729
ACTTATTTATGTGCCA-1,0.006165,0.03443,0.959406
ACTTCAGGCTGATCCC-1,0.000466,0.008439,0.991095
ACTTCCAGTGGAAGCT-1,0.026911,0.090916,0.882173
ACTTCCATGCGGGACA-1,0.013986,0.019514,0.9665
ACTTCCTGTCGTGCGA-1,0.657178,0.140937,0.201885
ACTTCGCCATACGCAC-1,0.044508,0.071797,0.883695
ACTTCGCTAGCGAGTG-1,0.748238,0.087841,0.163921
ACTTGACTCCCTCTTT-1,0.038174,0.101607,0.860219
ACTTGCCATATTGTAC-1,0.15847,0.000656,0.840874
ACTTGCTCTATCTACC-1,0.00833,0.085686,0.905984
ACTTGGGACCCGGTGG-1,0.179787,0.020674,0.799539
ACTTGGGCTTTCGCCA-1,0.016408,0.349764,0.633828
ACTTGTAGTCCCTTCA-1,0.047199,0.097347,0.855454
ACTTGTGGATGGAACG-1,0.262744,0.503061,0.234195
ACTTGTTACCGGATCA-1,0.023094,0.044816,0.93209
ACTTTACCCTCATGAA-1,0.938936,0.000034,0.061029
ACTTTATACACCACTT-1,0.018155,0.097304,0.884541
ACTTTCCTATAGCTTC-1,0.029083,0.012413,0.958504
ACTTTGACTGCATCCT-1,0.019165,0.031196,0.949639
ACTTTGGTCGTGCTCC-1,0.015625,0.063998,0.920376
ACTTTGTCGACGCACT-1,0.039911,0.873647,0.086442
AGAAATTATGACTCGC-1,0.001183,0.917289,0.081528
AGAACACGGCGATGGT-1,0.008216,0.120684,0.871101
AGAACCCAGCGTGACA-1,0.288995,0.509416,0.20159
AGAACCCTCAATTGGG-1,0.00001,0.080257,0.919734
AGAACGTGGTACATTC-1,0.103431,0.003735,0.892834
AGAACTGTACTTTGTA-1,0.02594,0.101233,0.872827
AGAAGAGCGCCGTTCC-1,0.000895,0.000894,0.998211
AGAAGGTACACTTCAC-1,0.004395,0.126211,0.869394
AGAAGGTTGCCGAATT-1,0.000033,0.107155,0.892811
AGAAGGTTGTAGGTCG-1,0.004311,0.041302,0.954387
AGAAGTGATTCGTGAT-1,0.076377,0.014852,0.908771
AGAATAAATCTTCAGG-1,0.129469,0.010966,0.859565
AGAATACAGGCTATCC-1,0.013629,0.074722,0.911649
AGAATGCGGGTTCGGA-1,0.999483,0.000074,0.000443
AGAATTATGGATTCGA-1,0.720435,0.029603,0.249962
AGAATTGTTTGACATA-1,0.002085,0.000035,0.99788
AGACAGCTCAGAATCC-1,0.099975,0.032929,0.867097
AGACAGGCATCTCAGC-1,0.031396,0.914611,0.053993
AGACATAGATCCTTCC-1,0.043196,0.002933,0.953871
AGACCAAACCACACCT-1,0.036079,0.016311,0.94761
AGACCATGGGATACAA-1,0.084079,0.029122,0.886799
AGACCCACCGCTGATC-1,0.02991,0.008419,0.961671
AGACCCGCCCTCCTCG-1,0.055751,0.00004,0.944209
AGACCGCTCCGCGGTT-1,0.5278,0.082202,0.389997
AGACCGGGAAACCCTG-1,0.001959,0.062536,0.935505
AGACGAAGTGCCGGTC-1,0.073562,0.04825,0.878188
AGACGACGATGCCGCT-1,0.095165,0.072101,0.832734
AGACGCCCACTTCGCC-1,0.000551,0.950388,0.04906
AGACGGGATTGGTATA-1,0.645965,0.00018,0.353856
AGACGGGCCGATTTAA-1,0.854936,0.123025,0.022039
AGACTAGCCTTCCAGA-1,0.11972,0.036516,0.843764
AGACTGTTACCGGGTC-1,0.054421,0.048438,0.897141
AGAGAAACACCAGAAA-1,0.003808,0.101622,0.89457
AGAGAACCGTCTAGGA-1,0.144072,0.147745,0.708183
AGAGAAGGAGTACAAT-1,0.087325,0.071149,0.841527
AGAGATCTCTAAAGCG-1,0.03181,0.055535,0.912655
AGAGCAGTTATGAGAC-1,0.021371,0.021066,0.957563
AGAGCCGCCGAGATTT-1,0.156171,0.393205,0.450624
AGAGCGCTTGTAACGG-1,0.952261,0.044535,0.003204
AGAGCGGGCTAATCAT-1,0.124987,0.007207,0.867807
AGAGCGTACAAGCTCG-1,0.00003,0.011427,0.988542
AGAGCTACGAAAGCAT-1,0.010062,0.032773,0.957165
AGAGGCTTCGGAAACC-1,0.086699,0.772409,0.140892
AGAGGGACAATTGTCC-1,0.738888,0.199126,0.061987
AGAGGTATCTCGGTCC-1,0.042533,0.000372,0.957095
AGAGTAAACTTCACTA-1,0.294335,0.282497,0.423168
AGAGTATAGTGTTACG-1,0.860041,0.00018,0.139779
AGAGTCTTAATGAAAG-1,0.486553,0.033108,0.480339
AGAGTGAACAGACACC-1,0.613276,0.098887,0.287837
AGAGTTAGAGACCGAT-1,0.95828,0.00008,0.04164
AGAGTTGCAGGCCTCC-1,0.785417,0.171828,0.042756
AGATAACTTCAGGGCC-1,0.020731,0.069158,0.910111
AGATAATCACACCTAT-1,0.022835,0.095065,0.8821
AGATACCAATAGAACC-1,0.000018,0.115801,0.884181
AGATACCAGCACTTCA-1,0.914226,0.000293,0.08548
AGATACCGGTGTTCAC-1,0.000018,0.015017,0.984965
AGATACGACTTCATAT-1,0.019609,0.020043,0.960348
AGATACTCAAGATCGA-1,0.021874,0.069949,0.908177
AGATATAATACGACTA-1,0.045218,0.091171,0.86361
AGATCGTGCATAAGAT-1,0.999732,0.000038,0.00023
AGATCTCAGGTGTGAT-1,0.250248,0.014408,0.735344
AGATCTGGAGAGGATA-1,0.003494,0.090942,0.905564
AGATGACTCGCCCACG-1,0.04066,0.030649,0.928691
AGATGAGGGTTGCGAT-1,0.837515,0.000535,0.16195
AGATGATGGAGTCTGG-1,0.839323,0.000042,0.160636
AGATGCAAGACGTGCA-1,0.011709,0.053619,0.934672
AGATGCATCCTGTGTC-1,0.001256,0.015186,0.983559
AGATGCTATAACGAGC-1,0.02845,0.007757,0.963793
AGATTATAGGACGTTT-1,0.112466,0.014404,0.87313
AGATTCAAGCGGGTCG-1,0.9972,0.0004,0.0024
AGATTCACAACCGATA-1,0.000532,0.078603,0.920865
AGCAAAGGCCGCTAGT-1,0.031478,0.120812,0.84771
AGCAACATATCTTATT-1,0.041418,0.027866,0.930716
AGCAACCGAAAGTAAT-1,0.000088,0.016297,0.983615
AGCACACGTTTAGACT-1,0.014671,0.073851,0.911478
AGCACCAGTACTCACG-1,0.08213,0.030131,0.88774
AGCACTACCGGCCTGT-1,0.030065,0.014642,0.955293
AGCACTACCTCACCAG-1,0.009626,0.005025,0.985349
AGCACTTAAGGACGCC-1,0.117135,0.044945,0.837919
AGCAGAAGGAGAAAGA-1,0.000016,0.066637,0.933347
AGCAGCCAGATGAATA-1,0.000026,0.013547,0.986427
AGCAGTCGAAGCATGC-1,0.156855,0.186968,0.656177
AGCATATCAATATGCT-1,0.032978,0.033916,0.933107
AGCATCATTTCGAAAG-1,0.009152,0.012671,0.978178
AGCATCGTCGATAATT-1,0.025472,0.071278,0.90325
AGCATTACGAGGCAAG-1,0.00003,0.022597,0.977374
AGCCAAGCTTTGTGTC-1,0.000024,0.055161,0.944815
AGCCACAGGTTACCCG-1,0.000031,0.000031,0.999938
AGCCACTCCCGTGCTT-1,0.147257,0.000063,0.85268
AGCCATATAGTATGTG-1,0.01939,0.074132,0.906477
AGCCCATACATGTAAG-1,0.000028,0.030687,0.969285
AGCCCGCAACAAGCAG-1,0.000019,0.082102,0.917879
AGCCCGCACTACAATG-1,0.061243,0.448182,0.490575
AGCCCGGCATTAGAGG-1,0.101178,0.024124,0.874699
AGCCCGGTAGCCTGTA-1,0.009052,0.05816,0.932788
AGCCCTAAGCGAAGTT-1,0.062847,0.060664,0.87649
AGCCCTCCCTGGTGGC-1,0.030385,0.063023,0.906591
AGCCCTGTCGCACCGT-1,0.364104,0.473868,0.162028
AGCCCTTCTAATCCGA-1,0.998308,0.000242,0.00145
AGCCCTTGGACATCCC-1,0.005353,0.825153,0.169494
AGCCGCAAATTCAAAT-1,0.121899,0.012475,0.865626
AGCCGCTTGATTAGCG-1,0.066272,0.013809,0.919919
AGCCGTGGCTAAATGT-1,0.017433,0.056627,0.92594
AGCCTAATACCCACGT-1,0.113508,0.01941,0.867082
AGCCTTAAAGCGGAAG-1,0.01324,0.041618,0.945142
AGCCTTGTCACTGATA-1,0.213917,0.109557,0.676526
AGCGACAGGAACGGTC-1,0.001316,0.041886,0.956799
AGCGACATCCCATTCA-1,0.072505,0.018724,0.908771
AGCGACCAACGATATT-1,0.017737,0.016598,0.965665
AGCGACTTTGAAGACA-1,0.000014,0.082233,0.917753
AGCGAGACGTGAAGGC-1,0.000016,0.111946,0.888038
AGCGATGCGCCTAATA-1,0.000015,0.171017,0.828968
AGCGCATAATGAATCG-1,0.019197,0.013228,0.967575
AGCGCGGGTGCCAATG-1,0.357028,0.00132,0.641653
AGCGCTAGAGCGATGT-1,0.547475,0.152609,0.299916
AGCGCTTATGGGCAAG-1,0.660513,0.00014,0.339347
AGCGGACACTTCGTAG-1,0.030009,0.051115,0.918876
AGCGGCGGTTAGCGGT-1,0.060571,0.012371,0.927058
AGCGGGAAGGGTCCAT-1,0.017698,0.024757,0.957545
AGCGGGTCTGACACTC-1,0.012206,0.047086,0.940708
AGCGGTTGAGATGTAC-1,0.883258,0.000376,0.116366
AGCGGTTGCCGCTCTG-1,0.892148,0.000038,0.107814
AGCGTACGAGAGCTAG-1,0.03178,0.032724,0.935495
AGCGTAGCGCTAGACC-1,0.018569,0.033695,0.947735
AGCGTCTGAACCCGCA-1,0.000018,0.095281,0.904701
AGCGTGGTATTCTACT-1,0.00004,0.252434,0.747526
AGCGTTCCGATTTAAA-1,0.948621,0.000195,0.051184
AGCTAACAAGCAATGT-1,0.189729,0.179923,0.630348
AGCTAAGCTCCGTCCG-1,0.000862,0.0497,0.949438
AGCTAAGTACGCAGGC-1,0.008824,0.000031,0.991145
AGCTACGAATGGTGGT-1,0.173567,0.259505,0.566928
AGCTAGAAGCAGAAGT-1,0.863304,0.000138,0.136559
AGCTATTTAATCCAAC-1,0.01746,0.035894,0.946646
AGCTCCATATATGTTC-1,0.123299,0.211922,0.664779
AGCTCCTTCGCACATC-1,0.018646,0.000028,0.981326
AGCTCGTTGATGGAAA-1,0.861125,0.007897,0.130978
AGCTCTAGACGTTCCA-1,0.067526,0.000047,0.932427
AGCTCTTCCCAGTGCA-1,0.71403,0.00048,0.28549
AGCTCTTCGTAACCTT-1,0.822644,0.041224,0.136133
AGCTCTTTACTCAGTT-1,0.006212,0.011039,0.982749
AGCTGAAGTAAACCAA-1,0.183124,0.000038,0.816838
AGCTGCATTTGAGGTG-1,0.931902,0.000716,0.067383
AGCTGCTGTGCCGAAT-1,0.926307,0.004264,0.069429
AGCTGTAACCTCAATC-1,0.000034,0.014959,0.985008
AGCTTATAGAGACCTG-1,0.103428,0.039699,0.856873
AGCTTCAATACTTTGA-1,0.926667,0.000128,0.073205
AGCTTCTTCTCGAGCA-1,0.093474,0.262901,0.643625
AGCTTGATCAGGGTAG-1,0.007164,0.016437,0.976399
AGCTTGATCTTAACTT-1,0.067736,0.098406,0.833858
AGGAAAGCCTCTGATG-1,0.01192,0.010951,0.977129
AGGAACGAACGACTTC-1,0.014598,0.778198,0.207204
AGGAAGCTGTCCGCCG-1,0.066,0.032428,0.901571
AGGACAGTCGAATCCC-1,0.013037,0.231613,0.75535
AGGACATCGCACGTCG-1,0.108258,0.016214,0.875527
AGGACATCGGCACACT-1,0.083913,0.405618,0.510469
AGGACGACCCATTAGA-1,0.006873,0.040005,0.953122
AGGACGCTCGATGTTG-1,0.999006,0.000142,0.000852
AGGACTTATAGGAGAA-1,0.006023,0.041104,0.952873
AGGAGACATCCACAGT-1,0.883204,0.057389,0.059406
AGGAGAGTCTGGCTAC-1,0.848976,0.112883,0.038141
AGGAGCGTTTATTATC-1,0.380331,0.169227,0.450442
AGGAGGCCTTCGCGCG-1,0.526944,0.000639,0.472418
AGGATAAAGTCGGGAT-1,0.012046,0.060084,0.92787
AGGATATAGGGATTTA-1,0.00787,0.024109,0.968021
AGGATATCCGACTGCA-1,0.000026,0.014699,0.985274
AGGATCACGCGATCTG-1,0.000721,0.02718,0.972099
AGGATTGCTTACGACA-1,0.911947,0.06811,0.019944
AGGCAAAGAGGAATCA-1,0.058658,0.009398,0.931944
AGGCAATACGGAGGAC-1,0.04393,0.030115,0.925955
AGGCACGTGACTGTCC-1,0.089867,0.617604,0.29253
AGGCAGATGCGTAAAC-1,0.110594,0.060044,0.829362
AGGCAGGGAGCGTACT-1,0.032912,0.102839,0.864248
AGGCATTGTCGTAGGG-1,0.200205,0.041792,0.758003
AGGCCACATTGGTTAC-1,0.36438,0.397864,0.237755
AGGCCACCCGTTATGA-1,0.005169,0.000643,0.994187
AGGCCCAGTGACTGGT-1,0.004373,0.00506,0.990568
AGGCCCATTGTACAGG-1,0.069237,0.008119,0.922644
AGGCCCTAGAACGCCA-1,0.049205,0.079546,0.871248
AGGCCTATCATACCAA-1,0.000019,0.055098,0.944883
AGGCCTGAGAATCTCG-1,0.000028,0.002549,0.997423
AGGCGATAACTGGCGT-1,0.000008,0.98782,0.012172
AGGCGGTTTGTCCCGC-1,0.000022,0.029349,0.970628
AGGCGTCTATGGACGG-1,0.980486,0.00192,0.017594
AGGCTATGGTTAGCTT-1,0.029766,0.002985,0.967249
AGGCTTAAGTTGCACA-1,0.080518,0.22813,0.691352
AGGCTTCCCGAAGAAG-1,0.087331,0.062412,0.850257
AGGCTTGCTAGACACC-1,0.001613,0.063719,0.934668
AGGGAAACGAGGTACT-1,0.996729,0.000467,0.002804
AGGGACAGCACGGCGG-1,0.00271,0.051688,0.945602
AGGGACCGGCTGCGTT-1,0.819197,0.016775,0.164028
AGGGACTCTACGCGAC-1,0.015412,0.058967,0.925621
AGGGAGACATACTTCG-1,0.901959,0.000241,0.0978
AGGGCAGCGGCGTGGT-1,0.708893,0.000195,0.290911
AGGGCCCTAATGTTCT-1,0.002832,0.818076,0.179092
AGGGCGAGCAGCTGAT-1,0.102848,0.006256,0.890896
AGGGCGTGATCGGCTA-1,0.020526,0.041462,0.938012
AGGGCTGCAGTTACAG-1,0.132621,0.002867,0.864512
AGGGTCAGAGCACTCG-1,0.031825,0.081105,0.88707
AGGGTCAGTAACCCTA-1,0.993602,0.000067,0.006331
AGGGTCGATGCGAACT-1,0.399816,0.00435,0.595833
AGGGTCTGGACGCAGT-1,0.185206,0.300534,0.51426
AGGGTGCCGTTCTTTA-1,0.048677,0.067124,0.884199
AGGGTGCTCTCGAGGG-1,0.121411,0.000043,0.878546
AGGGTGGATAGTGCAT-1,0.012681,0.07394,0.913379
AGGGTGTGCTACACGC-1,0.664929,0.121742,0.213329
AGGGTTCAGACGGTCC-1,0.027131,0.061038,0.911831
AGGGTTCCCTTTGGTT-1,0.161963,0.000061,0.837976
AGGGTTTAGTTCGGGA-1,0.000048,0.000048,0.999904
AGGTAACCTCCTATTC-1,0.058203,0.000062,0.941735
AGGTACGATATTGCCA-1,0.149297,0.000059,0.850644
AGGTAGATCGAGATAT-1,0.007481,0.028572,0.963947
AGGTAGGTACAAAGCT-1,0.614476,0.062649,0.322875
AGGTATAATTGATAGT-1,0.785897,0.011178,0.202924
AGGTATGCGGACATTA-1,0.378564,0.238449,0.382987
AGGTCAGGTGAGAGTG-1,0.010306,0.290141,0.699553
AGGTCGCCACTTCGGT-1,0.08674,0.042727,0.870533
AGGTCGCCTCCCAACA-1,0.006382,0.953403,0.040215
AGGTCGCGGAGTTACT-1,0.81434,0.000119,0.185541
AGGTGCACGTCCACAT-1,0.000029,0.043057,0.956915
AGGTGGTGACCTTCGC-1,0.00562,0.207717,0.786663
AGGTGTATCGCCATGA-1,0.024656,0.076357,0.898987
AGGTGTTGCCGACCAC-1,0.025443,0.674415,0.300143
AGGTTACACCATGCCG-1,0.592421,0.241898,0.165681
AGGTTCTCCTTTCCGG-1,0.000357,0.073202,0.926442
AGGTTGAGGCACGCTT-1,0.056883,0.000087,0.943029
AGGTTTCACACACCTT-1,0.023109,0.016481,0.96041
AGTAACGTTCATCCTG-1,0.7866,0.000074,0.213327
AGTAACTATAGCAGCC-1,0.010336,0.191004,0.79866
AGTAAGGGACAGAATC-1,0.065374,0.094236,0.840391
AGTAATCTAAGGGTGG-1,0.049189,0.160174,0.790637
AGTAATGTCTTGCCGC-1,0.007719,0.023412,0.968869
AGTAATTTGCAAGCGT-1,0.06906,0.07244,0.8585
AGTACAGAAGCTTATA-1,0.011837,0.000932,0.98723
AGTACATCATTTATCA-1,0.999637,0.000052,0.000311
AGTACCTTCGAGTGCT-1,0.99922,0.000111,0.000669
AGTACGGCCCGTATCG-1,0.056347,0.017403,0.92625
AGTACGGGCACCTGGC-1,0.103504,0.013028,0.883467
AGTACGTGGCCTGTCT-1,0.480064,0.017436,0.502501
AGTACTCTTATGCCCA-1,0.054437,0.00707,0.938492
AGTAGAAGGCGCCTCA-1,0.000014,0.082298,0.917688
AGTAGCGTGAACGAAC-1,0.925052,0.000204,0.074744
AGTAGCTAGACGCCGA-1,0.997846,0.000308,0.001846
AGTAGGAAGGAAGTTG-1,0.766562,0.000703,0.232735
AGTAGGTAACATACAT-1,0.041259,0.01195,0.94679
AGTATAATACTAGGCA-1,0.029143,0.014721,0.956136
AGTATACACAGCGACA-1,0.000675,0.076673,0.922652
AGTATCCATAATAACG-1,0.011331,0.018664,0.970005
AGTATGCTGGAGACCA-1,0.045449,0.077129,0.877422
AGTATTTGGCACGACC-1,0.040386,0.14538,0.814234
AGTCAAATGATGTGAT-1,0.000725,0.115861,0.883414
AGTCAACACCACCATC-1,0.000034,0.072793,0.927173
