Barcode,Topic 1,Topic 2to3,Topic 4to5,Topic 6to7,Topic 8,Topic 9,Topic 10,Topic 11
AAACAACGAATAGTTC-1,0.642455,0.352195,0.000089,0.005082,0.000045,0.000045,0.000045,0.000045
AAACAAGTATCTCCCA-1,0.294954,0.00008,0.00008,0.00008,0.00004,0.028667,0.00004,0.676059
AAACAATCTACTAGCA-1,0.000022,0.026549,0.117963,0.711704,0.121834,0.021883,0.000022,0.000022
AAACACCAATAACTGC-1,0.007688,0.088063,0.292101,0.270853,0.050147,0.184722,0.015705,0.09072
AAACAGAGCGACTCCT-1,0.002986,0.012197,0.341157,0.106911,0.362294,0.130599,0.004093,0.039762
AAACAGCTTTCAGAAG-1,0.004684,0.134822,0.000429,0.000022,0.098148,0.197787,0.000011,0.564097
AAACAGGGTCTATATT-1,0.034269,0.533441,0.048263,0.150672,0.076819,0.053884,0.028655,0.073998
AAACAGTGTTCCTGGG-1,0.097118,0.042243,0.082505,0.772712,0.000024,0.000024,0.000024,0.005351
AAACATGGTGAGAGGA-1,0.008266,0.016531,0.016531,0.016531,0.008265,0.917345,0.008265,0.008265
AAACATTTCCCGGATT-1,0.999538,0.000092,0.000092,0.000092,0.000046,0.000046,0.000046,0.000046
AAACCACTACACAGAT-1,0.000046,0.041215,0.147149,0.749706,0.061621,0.000169,0.000046,0.000046
AAACCCGAACGAAATC-1,0.975718,0.023892,0.000098,0.000098,0.000049,0.000049,0.000049,0.000049
AAACCGGAAATGTTAA-1,0.733182,0.069904,0.00375,0.157377,0.00004,0.00004,0.032005,0.0037
AAACCGGGTAGGTACC-1,0.002316,0.328107,0.234548,0.105321,0.181829,0.085831,0.000068,0.061981
AAACCGTTCGTCCAGG-1,0.002769,0.05691,0.319492,0.303745,0.117681,0.176631,0.00668,0.016093
AAACCTAAGCAGCCGG-1,0.012655,0.00164,0.232796,0.490534,0.000012,0.013716,0.000012,0.248636
AAACCTCATGAAGTTG-1,0.00003,0.270709,0.115359,0.516377,0.058306,0.003628,0.005534,0.030058
AAACGAAGAACATACC-1,0.020523,0.06149,0.177795,0.174603,0.277787,0.211082,0.00678,0.06994
AAACGAAGATGGAGTA-1,0.008922,0.00006,0.00006,0.00006,0.0099,0.087482,0.007503,0.886013
AAACGACAGTCTTGCC-1,0.032915,0.133605,0.589285,0.150965,0.077717,0.00007,0.00007,0.015371
AAACGAGACGGTTGAT-1,0.084237,0.193549,0.203099,0.326342,0.033054,0.131766,0.000025,0.027928
AAACGCCCGAGATCGG-1,0.022402,0.05898,0.297749,0.120428,0.402873,0.083353,0.000041,0.014175
AAACGGGCGTACGGGT-1,0.873985,0.000086,0.000086,0.125671,0.000043,0.000043,0.000043,0.000043
AAACGGGTTGGTATCC-1,0.122563,0.08725,0.203443,0.165522,0.152599,0.086341,0.000023,0.182259
AAACGGTTGCGAACTG-1,0.127582,0.0456,0.122719,0.416326,0.000025,0.000634,0.013897,0.273216
AAACGTGTTCGCCCTA-1,0.067627,0.134534,0.056865,0.7196,0.000111,0.000031,0.0212,0.000031
AAACTAACGTGGCGAC-1,0.011057,0.082616,0.237916,0.269652,0.23789,0.126105,0.000033,0.03473
AAACTCGGTTCGCAAT-1,0.148321,0.05233,0.104865,0.553929,0.000022,0.000022,0.003741,0.13677
AAACTCGTGATATAAG-1,0.052164,0.104647,0.105565,0.625983,0.078521,0.019925,0.000023,0.013171
AAACTGCTGGCTCCAA-1,0.067033,0.052714,0.336479,0.254405,0.068791,0.129319,0.009422,0.081837
AAACTTAATTGCACGC-1,0.000695,0.22245,0.11771,0.545678,0.036339,0.009975,0.003163,0.063989
AAACTTGCAAACGTAT-1,0.011179,0.691697,0.021656,0.089652,0.080753,0.024949,0.000019,0.080095
AAAGAATGACCTTAGA-1,0.004708,0.000264,0.000264,0.000264,0.000132,0.004109,0.029033,0.961227
AAAGAATGTGGACTAA-1,0.483287,0.125059,0.000293,0.330437,0.000036,0.000036,0.012203,0.048648
AAAGACATGAAGTTTA-1,0.046605,0.204993,0.177955,0.202621,0.237317,0.040254,0.022826,0.067429
AAAGACCCAAGTCGCG-1,0.01946,0.290154,0.212734,0.151833,0.207035,0.098673,0.000019,0.020092
AAAGACTGGGCGCTTT-1,0.029639,0.109815,0.072182,0.017365,0.15789,0.427005,0.002956,0.183147
AAAGGCCCTATAATAC-1,0.017395,0.395668,0.126509,0.264077,0.006568,0.068036,0.005288,0.116461
AAAGGCTACGGACCAT-1,0.001377,0.077579,0.228295,0.478552,0.056308,0.101221,0.005697,0.050972
AAAGGCTCTCGCGCCG-1,0.004406,0.098717,0.192812,0.423907,0.054703,0.088544,0.011476,0.125435
AAAGGGATGTAGCAAG-1,0.057922,0.07866,0.231887,0.176088,0.280385,0.092462,0.010436,0.07216
AAAGGGCAGCTTGAAT-1,0.006164,0.088244,0.255092,0.133654,0.395086,0.080125,0.009117,0.032518
AAAGGTAAGCTGTACC-1,0.259099,0.071947,0.04817,0.452876,0.164034,0.003793,0.000041,0.000041
AAAGGTCAACGACATG-1,0.029656,0.017264,0.270532,0.151,0.316393,0.061309,0.000031,0.153815
AAAGTAGCATTGCTCA-1,0.07692,0.295282,0.144457,0.345007,0.027195,0.055447,0.000018,0.055674
AAAGTCACTGATGTAA-1,0.000018,0.060523,0.181801,0.343928,0.356834,0.052059,0.000018,0.004819
AAAGTCGACCCTCAGT-1,0.008511,0.387093,0.107887,0.257778,0.042942,0.009019,0.005889,0.180881
AAAGTGTGATTTATCT-1,0.235405,0.154169,0.091515,0.339824,0.00109,0.0264,0.000025,0.151571
AAAGTTGACTCCCGTA-1,0.295424,0.140858,0.00007,0.563507,0.000035,0.000035,0.000035,0.000035
AAATAACCATACGGGA-1,0.037688,0.1737,0.224127,0.180112,0.188482,0.04698,0.000023,0.148888
AAATACCTATAAGCAT-1,0.05214,0.072109,0.103857,0.704137,0.041295,0.007891,0.006321,0.012249
AAATAGCTTAGACTTT-1,0.271848,0.170422,0.119888,0.247065,0.106494,0.057242,0.000043,0.026998
AAATAGGGTGCTATTG-1,0.008238,0.022852,0.344778,0.45677,0.047582,0.039478,0.010492,0.069811
AAATCCGATACACGCC-1,0.053579,0.000037,0.159079,0.699759,0.000019,0.000222,0.000019,0.087286
AAATCGCGGAAGGAGT-1,0.029051,0.000087,0.000087,0.000087,0.005784,0.340674,0.000044,0.624186
AAATCGTGTACCACAA-1,0.0272,0.068354,0.164191,0.658418,0.052883,0.014802,0.014128,0.000023
AAATCTAGCCCTGCTA-1,0.834228,0.000558,0.000558,0.16354,0.000279,0.000279,0.000279,0.000279
AAATCTGCCCGCGTCC-1,0.000033,0.079181,0.036338,0.025543,0.112939,0.371637,0.003519,0.37081
AAATGACTGATCAAAC-1,0.463043,0.031187,0.023525,0.261668,0.000043,0.000043,0.000043,0.220447
AAATGATTCGATCAGC-1,0.027678,0.120818,0.232119,0.528681,0.04114,0.00681,0.002982,0.039772
AAATGCTCGTTACGTT-1,0.02485,0.244887,0.066261,0.45154,0.058706,0.010554,0.005916,0.137285
AAATGGCATGTCTTGT-1,0.00002,0.069494,0.257649,0.153911,0.075693,0.341596,0.00002,0.101616
AAATGGCCCGTGCCCT-1,0.011317,0.429527,0.099438,0.410623,0.024314,0.004564,0.001595,0.018621
AAATGGTCAATGTGCC-1,0.031836,0.286721,0.120524,0.376138,0.074173,0.02638,0.00002,0.084207
AAATGTATCTTATCCC-1,0.003497,0.006994,0.006994,0.006994,0.003497,0.965031,0.003497,0.003497
AAATGTGGGTGCTCCT-1,0.000017,0.034782,0.346289,0.230666,0.202055,0.150752,0.000017,0.035424
AAATTAACGGGTAGCT-1,0.015596,0.338002,0.135428,0.323033,0.105988,0.073269,0.000024,0.00866
AAATTAATAAGCGCGA-1,0.02495,0.058513,0.001595,0.001595,0.000798,0.393737,0.000798,0.518015
AAATTACACGACTCTG-1,0.083952,0.103054,0.203651,0.43665,0.140267,0.024805,0.000031,0.007588
AAATTACCTATCGATG-1,0.004291,0.169362,0.148151,0.423782,0.11657,0.088048,0.000024,0.049772
AAATTCCAGGTCCAAA-1,0.164106,0.059982,0.163189,0.526454,0.068925,0.017296,0.000024,0.000024
AAATTGATAGTCCTTT-1,0.030026,0.256534,0.202555,0.446889,0.006115,0.004143,0.017443,0.036295
AAATTGCGGCGGTTCT-1,0.014123,0.605793,0.005245,0.356401,0.018306,0.000044,0.000044,0.000044
AAATTGGTGAGAAGCA-1,0.031788,0.091932,0.114696,0.678443,0.015586,0.016751,0.035742,0.015062
AAATTTACCGAAATCC-1,0.045734,0.131454,0.13889,0.485439,0.165773,0.024286,0.005207,0.003218
AAATTTGCGGGTGTGG-1,0.015305,0.14241,0.143681,0.018828,0.050589,0.183081,0.009742,0.436363
AACAACTGGTAGTTGC-1,0.000021,0.082253,0.21903,0.217613,0.382993,0.049401,0.000021,0.048669
AACAATACATTGTCGA-1,0.000013,0.054081,0.40536,0.252974,0.00842,0.111964,0.003868,0.163321
AACAATTACTCTACGC-1,0.001519,0.425642,0.182446,0.086859,0.107262,0.081101,0.000015,0.115155
AACACACGCTCGCCGC-1,0.777271,0.000203,0.000203,0.221917,0.000102,0.000102,0.000102,0.000102
AACACGACTGTACTGA-1,0.000021,0.227239,0.236945,0.209643,0.12225,0.122868,0.000021,0.081013
AACACGAGACGCGGCC-1,0.042903,0.184405,0.3148,0.145143,0.096834,0.05387,0.012107,0.149938
AACACGCGGCCGCGAA-1,0.000027,0.080609,0.229392,0.578726,0.060937,0.050254,0.000027,0.000027
AACAGCTGTGTGGCAA-1,0.007311,0.171527,0.396797,0.241969,0.007716,0.059704,0.000019,0.114959
AACAGGAAATCGAATA-1,0.01728,0.316293,0.072423,0.321827,0.101247,0.076688,0.047582,0.04666
AACAGGATGGGCCGCG-1,0.002303,0.718268,0.042941,0.169806,0.025497,0.007344,0.001247,0.032595
AACAGGTAGTATGGAT-1,0.800419,0.000394,0.000394,0.198007,0.000197,0.000197,0.000197,0.000197
AACATAGCGTGTATCG-1,0.58004,0.244292,0.000125,0.120455,0.000063,0.000063,0.000063,0.054901
AACATATCAACTGGTG-1,0.017505,0.021752,0.382703,0.242461,0.194089,0.111714,0.00212,0.027658
AACATCGATACGTCTA-1,0.011366,0.1404,0.195406,0.449447,0.036154,0.086407,0.00002,0.080799
AACATTGAAGTTGATC-1,0.005718,0.015234,0.14177,0.009764,0.033753,0.261502,0.015751,0.516508
AACATTGGTCAGCCGT-1,0.102567,0.512998,0.048265,0.012796,0.044029,0.211471,0.000033,0.067841
AACATTGTGACTCGAG-1,0.000019,0.037361,0.182606,0.614438,0.024814,0.110286,0.016034,0.014442
AACCAAGACTTCTCTG-1,0.000028,0.190058,0.090429,0.601193,0.083003,0.03405,0.000028,0.001211
AACCAGTATCACTCTT-1,0.026189,0.14217,0.17261,0.457288,0.125212,0.045983,0.006017,0.024532
AACCATAGGGTTGAAC-1,0.005676,0.247809,0.063294,0.638939,0.021469,0.00185,0.000024,0.020938
AACCATGGGATCGCTA-1,0.005571,0.267234,0.162929,0.353833,0.154016,0.044655,0.000027,0.011734
AACCCAGAGACGGAGA-1,0.000028,0.002551,0.081883,0.857766,0.057687,0.00003,0.000028,0.000028
AACCCATCCCATGATC-1,0.000013,0.019818,0.255738,0.089818,0.074823,0.257329,0.018524,0.283937
AACCCGACAACCCGTG-1,0.044603,0.212145,0.249275,0.180299,0.140198,0.080625,0.007111,0.085744
AACCCGAGCAGAATCG-1,0.900169,0.00012,0.00012,0.099351,0.00006,0.00006,0.00006,0.00006
AACCCGATAGGGCTTC-1,0.000042,0.126844,0.146387,0.602304,0.111031,0.013307,0.000042,0.000042
AACCCGCTGTATTCCA-1,0.401366,0.070653,0.057022,0.10149,0.00004,0.005642,0.032114,0.331674
AACCCTACTGTCAATA-1,0.081053,0.012417,0.029635,0.876777,0.000029,0.000029,0.000029,0.000029
AACCCTGGTGGAACCA-1,0.00504,0.190122,0.140416,0.364302,0.188769,0.08048,0.009908,0.020962
AACCGAGCTTGGTCAT-1,0.023897,0.087235,0.139879,0.117717,0.269527,0.27002,0.000018,0.091707
AACCGCTAAGGGATGC-1,0.188604,0.025373,0.363249,0.135997,0.001136,0.079729,0.000025,0.205887
AACCGTTGTGTTTGCT-1,0.003741,0.295613,0.251423,0.302918,0.133123,0.004403,0.00554,0.003241
AACCTAAAGCCGTCCG-1,0.036154,0.107772,0.304065,0.074711,0.297546,0.141892,0.00003,0.037831
AACCTCGCTTTAGCCC-1,0.137274,0.00083,0.040984,0.820815,0.000024,0.000024,0.000024,0.000024
AACCTGTCACGGAATT-1,0.357381,0.605326,0.000077,0.02805,0.009049,0.000039,0.000039,0.000039
AACCTTTAAATACGGT-1,0.000013,0.004636,0.356657,0.453802,0.008304,0.075923,0.000963,0.099701
AACCTTTACGACGTCT-1,0.0023,0.105469,0.470092,0.099968,0.14439,0.126077,0.003009,0.048696
AACGAAAGTCGTCCCA-1,0.008798,0.295298,0.03194,0.048612,0.04704,0.157068,0.002171,0.409073
AACGACCTCCTAGCCG-1,0.445198,0.098536,0.033717,0.220182,0.000027,0.000027,0.008842,0.19347
AACGATAATGCCGTAG-1,0.000018,0.017391,0.281121,0.63726,0.016578,0.03315,0.005194,0.009287
AACGATAGAAGGGCCG-1,0.000023,0.458006,0.126034,0.248986,0.100178,0.024346,0.000023,0.042404
AACGATATGTCAACTG-1,0.116414,0.443155,0.002792,0.022148,0.095845,0.185452,0.000022,0.134171
AACGCATGATCTGGGT-1,0.052291,0.149781,0.130555,0.488538,0.12086,0.040971,0.000035,0.016969
AACGCGAACGGCAACA-1,0.000019,0.00941,0.459206,0.297295,0.204223,0.028071,0.000019,0.001757
AACGCGACCTTGGGCG-1,0.032167,0.030066,0.206942,0.42428,0.000018,0.023444,0.033517,0.249566
AACGCGGTCTCCAGCC-1,0.10792,0.285859,0.092749,0.027025,0.193526,0.166892,0.012869,0.11316
AACGCTGTTGCTGAAA-1,0.767226,0.076475,0.000172,0.019613,0.000086,0.000086,0.000086,0.136255
AACGGACGTACGTATA-1,0.60874,0.002994,0.000133,0.387867,0.000067,0.000067,0.000067,0.000067
AACGGCCATCTCCGGT-1,0.031202,0.092374,0.198191,0.501639,0.098699,0.032187,0.007157,0.038551
AACGTACTGTGGGTAC-1,0.041529,0.062266,0.192906,0.212758,0.37144,0.055796,0.013437,0.049868
AACGTAGTCTACCCAT-1,0.00002,0.016221,0.129199,0.391061,0.398809,0.063291,0.00002,0.001378
AACGTCAGACTAGTGG-1,0.001564,0.096514,0.209714,0.231785,0.304178,0.114556,0.00002,0.041669
AACGTCATCCGGCTTG-1,0.117311,0.000104,0.000104,0.000104,0.000052,0.030816,0.000052,0.851457
AACGTGATGAAGGACA-1,0.031844,0.169321,0.144145,0.508854,0.088113,0.043161,0.000026,0.014536
AACGTGCGAAAGTCTC-1,0.073866,0.248063,0.049778,0.04149,0.115646,0.255362,0.016035,0.19976
AACGTTATCAGCACCT-1,0.031635,0.19646,0.044288,0.039242,0.264971,0.130567,0.001208,0.29163
AACTACCCGTTTGTCA-1,0.998316,0.000337,0.000337,0.000337,0.000168,0.000168,0.000168,0.000168
AACTAGCGTATCGCAC-1,0.012807,0.130317,0.226881,0.439445,0.137396,0.045688,0.000023,0.007443
AACTAGGCTTGGGTGT-1,0.000022,0.118357,0.10814,0.70331,0.014543,0.003976,0.051154,0.000499
AACTCAAGTTAATTGC-1,0.018526,0.977475,0.000047,0.000047,0.000024,0.000024,0.000024,0.003833
AACTCCAGAGCGTGTT-1,0.927523,0.022655,0.000136,0.049413,0.000068,0.000068,0.000068,0.000068
AACTCCTAATCCCATG-1,0.06136,0.053212,0.132314,0.206844,0.412549,0.037763,0.000661,0.095297
AACTCGATAAACACGT-1,0.122689,0.228923,0.137118,0.082782,0.055743,0.145162,0.001448,0.226135
AACTCGATGGCGCAGT-1,0.012939,0.110983,0.237795,0.438716,0.119285,0.063229,0.000028,0.017027
AACTCTCAATAGAGCG-1,0.036405,0.192483,0.072671,0.581149,0.089797,0.026229,0.000026,0.001242
AACTCTCAGTGTGCTC-1,0.002058,0.19766,0.212537,0.460819,0.090935,0.029333,0.000021,0.006636
AACTGAGGTCAGCGTC-1,0.000042,0.049075,0.035416,0.867813,0.047529,0.000042,0.000042,0.000042
AACTGAGTTATACTGA-1,0.378703,0.000041,0.015989,0.000041,0.00002,0.008366,0.000324,0.596514
AACTGATATTAGGCCT-1,0.000022,0.084709,0.192008,0.499186,0.144647,0.074692,0.003648,0.001088
AACTGGGTCCCGACGT-1,0.016967,0.107909,0.238825,0.229482,0.228815,0.152075,0.005965,0.019964
AACTGGGTTCGAGCCG-1,0.059651,0.250206,0.055618,0.576042,0.035496,0.013302,0.000036,0.00965
AACTGGTGTGGGCCTT-1,0.000025,0.04489,0.050444,0.741758,0.162809,0.000025,0.000025,0.000025
AACTTCTGCGTCTATC-1,0.000029,0.247777,0.148958,0.405818,0.158607,0.019516,0.000029,0.019266
AACTTGCCCGTATGCA-1,0.000016,0.274397,0.053025,0.040958,0.202101,0.371795,0.000016,0.057692
AACTTGCGTTCTCGCG-1,0.004347,0.059123,0.205763,0.510621,0.182568,0.006793,0.000027,0.030757
AACTTTACGGGAGCTT-1,0.008251,0.000108,0.000108,0.000108,0.000054,0.05744,0.000054,0.933875
AACTTTAGCTGCTGAG-1,0.013759,0.150954,0.040091,0.761538,0.030534,0.002896,0.000025,0.000202
AAGAAAGTTTGATGGG-1,0.017611,0.11859,0.172318,0.352448,0.017463,0.095181,0.020659,0.20573
AAGAAATCACCAGATT-1,0.031973,0.107073,0.026852,0.730658,0.001274,0.000033,0.017274,0.084863
AAGAAGGATCAGTTAG-1,0.00634,0.132752,0.06791,0.637896,0.132047,0.017008,0.000027,0.006019
AAGACCAAATAACTCA-1,0.021401,0.233489,0.02428,0.012877,0.093053,0.25545,0.007316,0.352132
AAGACCCAACTGAACA-1,0.000009,0.017848,0.284219,0.277234,0.028264,0.14777,0.193834,0.050821
AAGACTAACCCGTTGT-1,0.000031,0.06408,0.128978,0.691539,0.109054,0.004901,0.000031,0.001386
AAGACTCACGCCCACT-1,0.027305,0.13712,0.148488,0.56314,0.083506,0.009969,0.000041,0.03043
AAGACTGCAAGCTACT-1,0.043192,0.295356,0.084602,0.100201,0.051541,0.155014,0.013585,0.256508
AAGAGATGAATCGGTA-1,0.005661,0.187699,0.293662,0.294337,0.12616,0.065859,0.000016,0.026606
AAGAGCTCTTTATCGG-1,0.121094,0.05313,0.25526,0.107514,0.096038,0.215397,0.01616,0.135407
AAGAGGATGTACGCGA-1,0.003381,0.257881,0.15984,0.393022,0.075381,0.090107,0.00092,0.019468
AAGAGGCATGGATCGC-1,0.017623,0.023285,0.129833,0.139385,0.412585,0.227748,0.008354,0.041186
AAGAGGCCCTTTGGAA-1,0.832014,0.06139,0.010762,0.07756,0.000052,0.000052,0.000052,0.01812
AAGATGGCACCGGACC-1,0.000017,0.029471,0.37891,0.332882,0.027648,0.166151,0.000017,0.064905
AAGATTGGCGGAACGT-1,0.025298,0.380957,0.107251,0.010877,0.13029,0.276165,0.001199,0.067964
AAGCACCCTGCGTATC-1,0.006534,0.020012,0.311242,0.347694,0.024263,0.209973,0.000014,0.080269
AAGCATACTCTCCTGA-1,0.004556,0.075273,0.281796,0.435013,0.042763,0.101572,0.000019,0.059008
AAGCCACTTGCAGGTA-1,0.079791,0.099708,0.096659,0.467138,0.002533,0.002023,0.01988,0.232267
AAGCCGAAGCGGTTTA-1,0.856706,0.000399,0.000399,0.141699,0.000199,0.000199,0.000199,0.000199
AAGCCGCCGTGAAATC-1,0.039277,0.195487,0.086838,0.447378,0.002702,0.003374,0.15873,0.066215
AAGCCGCTTTACCTTG-1,0.025509,0.153394,0.005496,0.800874,0.000041,0.000041,0.014605,0.000041
AAGCCGGAGAGCAGGA-1,0.485289,0.068025,0.000176,0.198655,0.000088,0.000088,0.035135,0.212545
AAGCGCAGGGCTTTGA-1,0.085775,0.010701,0.126428,0.757939,0.000029,0.000029,0.000029,0.019071
AAGCGGAGTGCGCGCA-1,0.021524,0.204534,0.075371,0.575065,0.08628,0.030975,0.000667,0.005584
AAGCGGCGTCATGGGT-1,0.061135,0.029309,0.106894,0.500314,0.192316,0.101524,0.005591,0.002917
AAGCGTCCCTCATCGA-1,0.000095,0.235574,0.295013,0.340619,0.038205,0.031998,0.000019,0.058476
AAGCTAGATCGAGTAA-1,0.001857,0.087342,0.143233,0.709306,0.009147,0.018163,0.015177,0.015777
AAGCTATGGATTGACC-1,0.00716,0.035705,0.049794,0.082816,0.037011,0.268216,0.004891,0.514407
AAGCTCGTGCCAAGTC-1,0.486022,0.269939,0.000089,0.006451,0.029563,0.028914,0.000045,0.178978
AAGCTCTTTCATGGTG-1,0.557164,0.10728,0.016786,0.31733,0.001279,0.000054,0.000054,0.000054
AAGGAGAACTTATAAG-1,0.031063,0.840119,0.019261,0.045047,0.062302,0.002161,0.000023,0.000023
AAGGAGCGGTTGGTGC-1,0.000029,0.0586,0.363749,0.058024,0.391058,0.112303,0.002545,0.01369
AAGGATCGATCGCTTG-1,0.22307,0.371459,0.034486,0.34595,0.00003,0.00003,0.00003,0.024946
AAGGATGAGGGACCTC-1,0.005496,0.085012,0.365992,0.191856,0.189995,0.111527,0.004006,0.046116
AAGGCAGGCTGTCTCC-1,0.731009,0.081202,0.044697,0.073353,0.000052,0.000052,0.068767,0.000869
AAGGCGCGTAAAGCTT-1,0.01117,0.396007,0.114468,0.257236,0.149226,0.046343,0.00002,0.02553
AAGGCTGTGCTCATCG-1,0.030573,0.391668,0.065877,0.336559,0.148541,0.005366,0.000025,0.021391
AAGGGAACGACTGGCT-1,0.001768,0.029757,0.404308,0.156106,0.005623,0.129804,0.012107,0.260527
AAGGGACAGATTCTGT-1,0.017626,0.613862,0.111292,0.100829,0.041988,0.045414,0.004005,0.064984
AAGGGACTATGCATTC-1,0.022488,0.199311,0.088788,0.663473,0.000764,0.001943,0.009201,0.014031
AAGGGTTTGATTTCAG-1,0.007577,0.931811,0.015153,0.015153,0.007576,0.007577,0.007576,0.007577
AAGGTATCCTAATATA-1,0.097103,0.238895,0.259622,0.170136,0.019683,0.14449,0.008394,0.061676
AAGGTGATAAACCAGC-1,0.134343,0.037369,0.033885,0.792978,0.00135,0.000025,0.000025,0.000025
AAGTAAGCTTCCAAAC-1,0.034004,0.391091,0.026981,0.507035,0.038784,0.001798,0.000025,0.000281
AAGTAGAAGACCGGGT-1,0.000029,0.134374,0.168302,0.394927,0.233103,0.052871,0.001527,0.014866
AAGTAGTGACGCGAGG-1,0.008353,0.19273,0.199915,0.438306,0.145315,0.010693,0.003996,0.000692
AAGTCAATTGTCGTCA-1,0.667376,0.120741,0.00013,0.211493,0.000065,0.000065,0.000065,0.000065
AAGTCTTCTGTGGCCT-1,0.002273,0.004546,0.979543,0.004546,0.002273,0.002273,0.002273,0.002273
AAGTGACGACCGAATT-1,0.011598,0.330593,0.215994,0.199231,0.158862,0.052935,0.000018,0.030769
AAGTGAGTCGGGTTTA-1,0.010482,0.203194,0.226652,0.425464,0.020741,0.057984,0.003986,0.051498
AAGTGCAAAGGTAGAC-1,0.06855,0.062448,0.000582,0.000028,0.145254,0.25449,0.000405,0.468243
AAGTGCCTTGACTGTA-1,0.838478,0.088785,0.00018,0.072196,0.00009,0.00009,0.00009,0.00009
AAGTGCGTTAGAATCT-1,0.00564,0.165077,0.337868,0.10853,0.047253,0.218131,0.021477,0.096024
AAGTGCTTCTCTATTG-1,0.436256,0.200398,0.00011,0.348008,0.000055,0.000055,0.015063,0.000055
AAGTGTTTGGAGACGG-1,0.026691,0.022411,0.04456,0.549072,0.00713,0.000057,0.331935,0.018143
AAGTTCACTCCAAGCT-1,0.940743,0.00015,0.00015,0.058658,0.000075,0.000075,0.000075,0.000075
AAGTTCAGTCTGCGTA-1,0.006814,0.046819,0.187455,0.291889,0.126817,0.262916,0.000026,0.077263
AAGTTCGGCCAACAGG-1,0.021362,0.226881,0.246905,0.111423,0.080496,0.114259,0.000014,0.198661
AAGTTGTGATGTTATA-1,0.712545,0.008446,0.021499,0.256988,0.000045,0.000045,0.000045,0.000388
AAGTTTACTAATGGCA-1,0.000026,0.058082,0.200413,0.499241,0.15705,0.076727,0.000747,0.007714
AAGTTTATGGGCCCAA-1,0.068018,0.001141,0.137553,0.509875,0.000017,0.004237,0.0115,0.26766
AATAACAACGCTCGGC-1,0.000012,0.023579,0.380366,0.174253,0.257995,0.119195,0.000012,0.044586
AATAACACTAGAACAA-1,0.099484,0.288032,0.215966,0.142782,0.04845,0.046247,0.004041,0.154998
AATAAGTCCTCGAGAC-1,0.074861,0.200686,0.150846,0.312048,0.040537,0.016677,0.002374,0.20197
AATAATCTTCGTATCG-1,0.851238,0.027415,0.00012,0.112206,0.00006,0.00006,0.008842,0.00006
AATACAATGTTTCAGG-1,0.017255,0.173093,0.204029,0.451039,0.142253,0.01228,0.000025,0.000025
AATACCGGAGGGCTGT-1,0.078816,0.514495,0.0892,0.101248,0.017168,0.079685,0.040977,0.078412
AATACCTGATGTGAAC-1,0.443207,0.078138,0.020098,0.130622,0.000031,0.000031,0.009882,0.317991
AATAGAACAGAGTGGC-1,0.006309,0.247923,0.255645,0.313739,0.073439,0.069113,0.000317,0.033515
AATAGAATCTGTTTCA-1,0.085924,0.067196,0.244291,0.475383,0.062786,0.047301,0.007451,0.009668
AATAGCAAGCCTCCTG-1,0.000035,0.008509,0.303992,0.613105,0.06013,0.01416,0.000035,0.000035
AATAGCTACCGCGTGC-1,0.000034,0.029691,0.163309,0.512444,0.130231,0.127946,0.007514,0.02883
AATAGGCACGACCCTT-1,0.065227,0.229855,0.115758,0.201949,0.012108,0.048985,0.073534,0.252585
AATAGTCCGTCCCGAC-1,0.002377,0.044187,0.249168,0.519008,0.027092,0.065618,0.003822,0.088729
AATAGTCGCGAGTCGG-1,0.065396,0.000082,0.000082,0.000082,0.000041,0.161197,0.027734,0.745385
AATATCAAGGTCGGAT-1,0.000033,0.204321,0.187313,0.513176,0.065336,0.017374,0.000033,0.012416
AATATCCTAGCAAACT-1,0.006061,0.012122,0.012122,0.012122,0.939388,0.006061,0.006061,0.006061
AATATCGAATCAATGC-1,0.998522,0.000296,0.000296,0.000296,0.000148,0.000148,0.000148,0.000148
AATATCGAGGGTTCTC-1,0.040877,0.107501,0.154862,0.524086,0.14511,0.01432,0.000027,0.013217
AATATTGGAGTATTGA-1,0.000013,0.007595,0.173405,0.027,0.382378,0.382428,0.002342,0.02484
AATCAGACTGCAGGAC-1,0.000021,0.049697,0.344232,0.168979,0.351736,0.036185,0.005186,0.043963
AATCAGGTTTCATTTA-1,0.097165,0.03029,0.086875,0.074411,0.068859,0.008274,0.570235,0.06389
AATCATGTAAAGACTC-1,0.999412,0.000118,0.000118,0.000118,0.000059,0.000059,0.000059,0.000059
AATCCAAGGGCCTGAG-1,0.000027,0.293631,0.123129,0.374133,0.203328,0.005697,0.000027,0.000027
AATCCATGCAAGGGTG-1,0.019322,0.360589,0.161495,0.127536,0.088321,0.195673,0.000028,0.047036
AATCCCGCTCAGAGCC-1,0.335683,0.018086,0.041404,0.045819,0.003669,0.00791,0.000051,0.547378
AATCGAGGTCTCAAGG-1,0.356873,0.029109,0.000082,0.000082,0.000041,0.002304,0.000041,0.611468
AATCGCCTCAGCGCCA-1,0.05363,0.159516,0.234539,0.07999,0.218236,0.16133,0.004814,0.087944
AATCGCGCAGAGGACT-1,0.683938,0.02042,0.00013,0.237048,0.000065,0.000065,0.058268,0.000065
AATCGGGACACTACGA-1,0.035127,0.134896,0.231254,0.388977,0.173577,0.028135,0.000028,0.008008
AATCGTGAGCCGAGCA-1,0.00069,0.006903,0.316499,0.242589,0.001073,0.063044,0.00001,0.369191
AATCTAGGTTTACTTG-1,0.0156,0.373199,0.18145,0.289069,0.012655,0.008628,0.000035,0.119364
AATCTATGCCGGAGCC-1,0.011053,0.269164,0.14942,0.166554,0.164935,0.229107,0.000036,0.009731
AATCTCTACTGTGGTT-1,0.008318,0.267426,0.005405,0.018066,0.13388,0.048779,0.002929,0.515198
AATCTGCGTTGGGACG-1,0.02405,0.154702,0.12206,0.652365,0.034646,0.005072,0.000023,0.007083
AATCTGGCTTTCTAGT-1,0.000024,0.074232,0.305928,0.13106,0.0789,0.25403,0.032296,0.123529
AATCTGGGTAGACCCT-1,0.015956,0.201053,0.11205,0.475776,0.183739,0.009044,0.00003,0.002353
AATGACAGCAATGTCT-1,0.024609,0.194087,0.230852,0.085399,0.090555,0.252532,0.006236,0.11573
AATGACGTAGGATGTC-1,0.089376,0.044645,0.247799,0.149753,0.05266,0.065127,0.032803,0.317837
AATGACTGTCAGCCGG-1,0.000024,0.133532,0.157546,0.437696,0.240127,0.00615,0.020456,0.00447
AATGAGTTCGCATATG-1,0.006926,0.126248,0.242224,0.210397,0.130924,0.090714,0.000026,0.192541
AATGATGATACGCTAT-1,0.070805,0.095069,0.169023,0.457166,0.086558,0.094535,0.00003,0.026814
AATGATGCGACTCCTG-1,0.000024,0.048999,0.200375,0.595923,0.102854,0.050104,0.000024,0.001698
AATGCAACCGGGTACC-1,0.04196,0.053515,0.253041,0.2338,0.207277,0.169697,0.005032,0.035678
AATGCACCAAGCAATG-1,0.156586,0.391347,0.049612,0.213119,0.01443,0.022112,0.000036,0.152759
AATGGTCCACCGTTCA-1,0.144025,0.031437,0.10852,0.015636,0.194138,0.382208,0.000025,0.12401
AATGGTTCTCACAAGC-1,0.000022,0.169964,0.263755,0.237694,0.230329,0.075994,0.000022,0.022219
AATGTATGGCACTGTA-1,0.039432,0.165946,0.158005,0.462129,0.005025,0.011576,0.000271,0.157617
AATGTGCCCGAGGTGT-1,0.012386,0.090771,0.254312,0.198408,0.00934,0.045588,0.243634,0.145561
AATGTGCTAATCTGAG-1,0.267985,0.115814,0.186596,0.308821,0.018179,0.062351,0.005447,0.034807
AATGTTAAGACCCTGA-1,0.275047,0.12915,0.040846,0.357534,0.000025,0.000548,0.000025,0.196824
AATTAAAGGTCGGCGT-1,0.000016,0.152181,0.153313,0.07769,0.229324,0.252544,0.008451,0.126481
AATTAACGGATTTCCA-1,0.000012,0.066673,0.324799,0.274513,0.023899,0.187072,0.006012,0.117019
AATTACGAGACCCATC-1,0.019525,0.016045,0.000058,0.000058,0.050847,0.184026,0.000029,0.729413
AATTACTCGTACGCTC-1,0.079944,0.114202,0.000037,0.000037,0.092263,0.232881,0.00043,0.480206
AATTAGCGCTGCAGCG-1,0.00061,0.015848,0.01075,0.941333,0.000022,0.000022,0.031392,0.000022
AATTATACCCAGCAAG-1,0.534598,0.103346,0.00008,0.221409,0.00004,0.00004,0.009011,0.131475
AATTCATAAGGGATCT-1,0.069702,0.363742,0.14691,0.224256,0.130744,0.01744,0.000038,0.047167
AATTCATTGTCATGCA-1,0.000893,0.193359,0.166012,0.137778,0.140023,0.178549,0.001843,0.181543
AATTCCAACTTGGTGA-1,0.280276,0.199624,0.041301,0.475622,0.000038,0.000038,0.000038,0.003064
AATTCCAAGCATGTAC-1,0.092474,0.083022,0.132634,0.619008,0.000019,0.008117,0.000019,0.064707
AATTCGATTCGAGGAT-1,0.179033,0.005034,0.100538,0.589142,0.000027,0.003582,0.000027,0.122617
AATTCTAGAGTTAGGC-1,0.040224,0.024976,0.269287,0.510306,0.075647,0.06492,0.00217,0.01247
AATTGAACGCTCTGGT-1,0.02103,0.020572,0.321924,0.230445,0.301151,0.070848,0.019845,0.014185
AATTGCAGCAATCGAC-1,0.310227,0.000239,0.056055,0.065378,0.000031,0.000761,0.013967,0.553342
AATTGCGTGGATTACA-1,0.025163,0.427736,0.12816,0.219031,0.050243,0.054915,0.000027,0.094724
AATTTGGGACATAGTA-1,0.21301,0.383758,0.023379,0.279614,0.095584,0.004529,0.000063,0.000063
AATTTGGTTCCAAAGA-1,0.000023,0.302937,0.115087,0.479868,0.069075,0.01291,0.000023,0.020077
ACAAACCATGCGTCCT-1,0.042677,0.079332,0.151704,0.508461,0.021316,0.034523,0.018571,0.143415
ACAAACCGACAAGGCG-1,0.056777,0.149823,0.259632,0.100747,0.184159,0.158407,0.003551,0.086905
ACAAACTCCATCAGAG-1,0.086787,0.093608,0.126988,0.055873,0.005604,0.065779,0.023618,0.541744
ACAAAGAAGGTAGGCC-1,0.000526,0.001051,0.001051,0.001051,0.000526,0.897672,0.000526,0.097599
ACAAAGCATGACCTAG-1,0.718129,0.093215,0.000117,0.188304,0.000059,0.000059,0.000059,0.000059
ACAAATCGCACCGAAT-1,0.036503,0.025249,0.053302,0.682771,0.002011,0.000016,0.19565,0.004499
ACAAATGGTAGTGTTT-1,0.055917,0.046252,0.050548,0.842384,0.004823,0.000025,0.000025,0.000025
ACAAATTCAGATCTGA-1,0.030459,0.080998,0.390032,0.227447,0.243243,0.011056,0.000033,0.016733
ACAACAGCATGAGCTA-1,0.110386,0.291758,0.09729,0.09682,0.195935,0.068579,0.010402,0.12883
ACAACGGTCCCTGCGA-1,0.001849,0.059287,0.273996,0.277258,0.113359,0.039937,0.00901,0.225303
ACAAGCAGTGCCTAGC-1,0.008552,0.407338,0.193552,0.066919,0.081655,0.087233,0.000018,0.154735
ACAAGCTATATGGAAG-1,0.003637,0.007274,0.007274,0.007273,0.963632,0.003637,0.003637,0.003637
ACAAGGAAATCCGCCC-1,0.015398,0.19405,0.265474,0.221603,0.089824,0.15249,0.005754,0.055408
ACAAGGACAAGAGGTT-1,0.00045,0.085357,0.208185,0.591844,0.070828,0.022542,0.000023,0.020771
ACAAGGATGCTTTAGG-1,0.241855,0.001591,0.00008,0.756314,0.00004,0.00004,0.00004,0.00004
ACAAGGCCTACCAGCC-1,0.000037,0.031058,0.152691,0.500856,0.233276,0.07838,0.003664,0.000037
ACAAGGGCAGGCTCTG-1,0.072543,0.228238,0.113266,0.39394,0.078764,0.065091,0.004789,0.04337
ACAAGTAATTGTAAGG-1,0.008152,0.129415,0.056377,0.547305,0.025804,0.013826,0.059213,0.159908
ACAATAGTCGTACGTT-1,0.064126,0.15126,0.161582,0.237783,0.073018,0.118548,0.00003,0.193652
ACAATCCATTTAAACC-1,0.001974,0.210641,0.039558,0.714311,0.031368,0.002106,0.000021,0.000021
ACAATCGATCTTTATA-1,0.016776,0.225998,0.070692,0.496435,0.124649,0.034581,0.005236,0.025634
ACAATGAATACGGAGA-1,0.000016,0.074799,0.297034,0.49466,0.03397,0.054286,0.003719,0.041516
ACAATGATTCTTCTAC-1,0.000024,0.008811,0.115476,0.431987,0.317377,0.126277,0.000024,0.000024
ACAATTGTGTCTCTTT-1,0.833205,0.000272,0.000272,0.165707,0.000136,0.000136,0.000136,0.000136
ACAATTTAGGAGGCTC-1,0.074613,0.054323,0.000033,0.000033,0.016557,0.173667,0.005063,0.675712
ACAATTTGAGCAGTGG-1,0.01696,0.203888,0.047353,0.008901,0.208943,0.30908,0.01311,0.191765
ACAATTTGGCCATATT-1,0.996989,0.000602,0.000602,0.000602,0.000301,0.000301,0.000301,0.000301
ACACAAAGACGGGTGG-1,0.062239,0.116811,0.338683,0.209289,0.088532,0.153771,0.000021,0.030654
ACACAAATATTCCTAG-1,0.047434,0.013435,0.26332,0.464622,0.119334,0.074304,0.005159,0.012392
ACACACCAGGACCAGT-1,0.107349,0.039856,0.011468,0.838834,0.002413,0.000027,0.000027,0.000027
ACACACTTTCTACACG-1,0.037134,0.218645,0.07394,0.439609,0.167869,0.023069,0.02148,0.018254
ACACATGATCAAATCT-1,0.027005,0.214142,0.386973,0.195972,0.015718,0.063879,0.003231,0.09308
ACACATTGACGCAACA-1,0.106126,0.093455,0.000032,0.000032,0.109913,0.141122,0.009595,0.539725
ACACATTTCCGTAGAC-1,0.106257,0.030243,0.113756,0.574281,0.000024,0.008496,0.000024,0.166919
ACACCACATAATTAGC-1,0.323447,0.217073,0.043965,0.354675,0.025745,0.024956,0.005042,0.005098
ACACCCAGCATGCAGC-1,0.021169,0.122283,0.184561,0.27203,0.312614,0.067517,0.002579,0.017247
ACACCCGAGAAATCCG-1,0.026637,0.078697,0.148484,0.509562,0.161701,0.047579,0.002985,0.024354
ACACCGAGCGCTCTTT-1,0.000196,0.000392,0.000392,0.000392,0.000196,0.000196,0.004248,0.993988
ACACCGGTCTGACCGC-1,0.000038,0.166721,0.132197,0.508389,0.02056,0.037479,0.000038,0.134578
ACACCTTAAGTAGGGC-1,0.000019,0.333682,0.19036,0.283108,0.152622,0.031448,0.000019,0.008742
ACACCTTACTACTTGC-1,0.647511,0.098257,0.012461,0.241453,0.00008,0.00008,0.00008,0.00008
ACACGAGACTCCTTCT-1,0.078231,0.136304,0.052187,0.192314,0.144973,0.041924,0.012894,0.341173
ACACGGCACTATGCAT-1,0.081719,0.254599,0.057617,0.122818,0.084845,0.008648,0.371069,0.018684
ACACGGGAACTTAGGG-1,0.002268,0.100909,0.271835,0.206136,0.159598,0.17581,0.000021,0.083423
ACACGTAGGCCACAAG-1,0.648015,0.001789,0.00018,0.349657,0.00009,0.00009,0.00009,0.00009
ACACTCCAATGTCACT-1,0.000015,0.016992,0.248984,0.078706,0.314494,0.276959,0.000015,0.063834
ACACTGATCAAGGTGT-1,0.005247,0.293547,0.173837,0.271357,0.178955,0.042189,0.000518,0.03435
ACACTGGGACAGTCGT-1,0.777447,0.01387,0.000161,0.208198,0.000081,0.000081,0.000081,0.000081
ACAGAACTGAGAACAA-1,0.043344,0.17807,0.257498,0.097655,0.053605,0.255504,0.002714,0.111609
ACAGATTAGGTTAGTG-1,0.01343,0.169466,0.224141,0.199931,0.326227,0.056105,0.000024,0.010676
ACAGCATAGAGCCAGT-1,0.018364,0.087876,0.135993,0.310353,0.320935,0.084722,0.000022,0.041735
ACAGCGACATTCTCAT-1,0.885291,0.067109,0.000144,0.042255,0.000072,0.000072,0.004985,0.000072
ACAGCGCACCCGCAGC-1,0.046125,0.165512,0.264728,0.310553,0.088117,0.047663,0.000024,0.077278
ACAGGAGGCGCAGCCG-1,0.001716,0.003431,0.003431,0.003431,0.417977,0.001715,0.566584,0.001715
ACAGGCACGGATCCTT-1,0.489999,0.000059,0.151166,0.18574,0.000491,0.032559,0.000029,0.139957
ACAGGCTTGCCCGACT-1,0.793141,0.000103,0.000103,0.206446,0.000052,0.000052,0.000052,0.000052
ACAGGTGGAGGTGAGG-1,0.054477,0.390302,0.161008,0.02922,0.116041,0.169843,0.00003,0.079078
ACAGGTGTGTTGTTGC-1,0.00433,0.008659,0.008659,0.008659,0.00433,0.615369,0.004329,0.345665
ACAGTAATACAACTTG-1,0.035746,0.050677,0.198233,0.039595,0.209216,0.401584,0.000014,0.064936
ACAGTATACCGTGGGA-1,0.016679,0.134902,0.071522,0.499598,0.00556,0.002704,0.030486,0.238549
ACAGTGCAGCGCATTT-1,0.093321,0.304157,0.155092,0.146639,0.007259,0.081556,0.00004,0.211936
ACATAAGTCGTGGTGA-1,0.006957,0.034405,0.16717,0.036492,0.039205,0.375599,0.023825,0.316347
ACATAATAAGGCGGTG-1,0.101406,0.093234,0.143869,0.160973,0.069284,0.031709,0.000312,0.399212
ACATCAGCTGGGACGC-1,0.051537,0.384205,0.008951,0.029161,0.125489,0.118066,0.003701,0.278889
ACATCCCGGCCATACG-1,0.000019,0.017438,0.369572,0.540325,0.005184,0.033527,0.007785,0.02615
ACATCCTGGTAACTGT-1,0.429423,0.147792,0.162305,0.174302,0.000044,0.014886,0.01056,0.060687
ACATCGATCGTTTACC-1,0.001736,0.048445,0.251214,0.516036,0.146712,0.019718,0.000023,0.016116
ACATCGCAATATTCGG-1,0.003001,0.132108,0.099549,0.270869,0.026859,0.215049,0.024645,0.227919
ACATCGGTCAGCCGCG-1,0.021793,0.205668,0.118411,0.123899,0.319833,0.030671,0.000603,0.179122
ACATCGTATGCAATGG-1,0.07037,0.181315,0.149824,0.424606,0.015204,0.028754,0.072413,0.057515
ACATCGTTAACCTAGT-1,0.007102,0.209426,0.160956,0.335335,0.199044,0.065775,0.000029,0.022332
ACATCTCAACGCGTAA-1,0.088586,0.128011,0.144444,0.411529,0.048459,0.132416,0.003855,0.042698
ACATGCTTACGGCAGC-1,0.01535,0.249062,0.106629,0.551627,0.006741,0.010734,0.002058,0.057798
ACATGGCGCCAAAGTA-1,0.277404,0.247554,0.027891,0.446952,0.00005,0.00005,0.00005,0.00005
ACATGGCTCAATTTAG-1,0.051277,0.122064,0.091455,0.125813,0.281278,0.226077,0.006506,0.095529
ACATTAGTTTATATCC-1,0.022396,0.015995,0.407564,0.383734,0.046205,0.102114,0.000019,0.021973
ACATTCGCGCGGAATA-1,0.006569,0.104473,0.222181,0.387831,0.009542,0.020568,0.07226,0.176576
ACATTTGAAACCTAAC-1,0.488513,0.198602,0.013291,0.085501,0.001133,0.004549,0.000028,0.208383
ACCAAACACCCAGCGA-1,0.114713,0.082729,0.220228,0.432157,0.066004,0.053324,0.000018,0.030827
ACCAAACTAGAAATCC-1,0.292504,0.282128,0.11815,0.138228,0.100268,0.066604,0.000021,0.002097
ACCAACACCACACACT-1,0.007481,0.094197,0.27125,0.416287,0.068772,0.117611,0.006878,0.017523
ACCAACCGCACTCCAC-1,0.622948,0.001934,0.009959,0.00007,0.000035,0.010883,0.000035,0.354136
ACCAACGCTTATTTAT-1,0.02881,0.468005,0.151152,0.217997,0.016227,0.087953,0.000023,0.029833
ACCAAGAACGCGTGTC-1,0.004188,0.229633,0.236383,0.296284,0.176261,0.043442,0.000017,0.013792
ACCAAGTCATCGGCAG-1,0.443066,0.187963,0.00014,0.00014,0.00007,0.00007,0.025383,0.343169
ACCAATATGCAAGTTA-1,0.058245,0.065769,0.166382,0.309816,0.002647,0.018159,0.004868,0.374113
ACCACAACTCAGAACA-1,0.058181,0.453662,0.047172,0.372944,0.016045,0.007782,0.002275,0.041939
ACCACAAGTTTCTATC-1,0.065681,0.289098,0.066954,0.231256,0.291253,0.052661,0.000023,0.003074
ACCACACGGTTGATGG-1,0.151459,0.239661,0.096716,0.107909,0.000019,0.000373,0.000019,0.403844
ACCACCAATGTAACAA-1,0.475423,0.036638,0.021062,0.000098,0.019056,0.057256,0.000049,0.390417
ACCACGTGCAGCTATA-1,0.002295,0.304949,0.131836,0.369257,0.016865,0.070816,0.000015,0.103968
ACCACTGTTCAAGAAG-1,0.043545,0.000092,0.00009,0.00009,0.002872,0.185306,0.011254,0.75675
ACCAGACCATAACAAC-1,0.000466,0.000932,0.000933,0.000932,0.000466,0.000466,0.000466,0.995338
ACCAGCCCGGTCTTTG-1,0.311064,0.323594,0.003478,0.351022,0.01075,0.000031,0.000031,0.000031
ACCAGGAGTGTGATCT-1,0.000022,0.04193,0.221278,0.347024,0.325047,0.059059,0.000022,0.005619
ACCAGTGCCCGGTCAA-1,0.000027,0.060539,0.249599,0.451616,0.195125,0.043039,0.000027,0.000027
ACCAGTGCGGGAGACG-1,0.582373,0.073746,0.000858,0.342768,0.000064,0.000064,0.000064,0.000064
ACCATATCCGCAATAA-1,0.023947,0.134053,0.293881,0.125203,0.040728,0.087781,0.111984,0.182422
ACCATCCGCCAACTAG-1,0.021818,0.238009,0.079797,0.152759,0.118945,0.088629,0.12373,0.176313
ACCATCGTATATGGTA-1,0.028599,0.099014,0.139225,0.381907,0.140945,0.079686,0.005638,0.124985
ACCATTAAGGGTGTCA-1,0.000223,0.000446,0.000446,0.000446,0.000223,0.064927,0.000223,0.933067
ACCCAACGCCCGTGGC-1,0.001629,0.005176,0.146387,0.013672,0.20844,0.532468,0.000349,0.09188
ACCCACCTACATGCTC-1,0.000013,0.033553,0.268918,0.051032,0.271379,0.304768,0.000013,0.070323
ACCCATCTTGAGGGTA-1,0.010312,0.392036,0.052585,0.508685,0.031679,0.002686,0.000024,0.001994
ACCCATTTGTCCCTCT-1,0.947603,0.051809,0.000147,0.000147,0.000074,0.000074,0.000074,0.000074
ACCCGAGCGAAATTAC-1,0.000012,0.007177,0.36027,0.472902,0.033136,0.103475,0.000012,0.023016
ACCCGATTGGTTCCGA-1,0.143386,0.259341,0.108173,0.34901,0.046435,0.02631,0.046735,0.020609
ACCCGGAAACTCCCAG-1,0.000017,0.015679,0.171858,0.735532,0.030404,0.024977,0.013527,0.008006
ACCCGGATGACGCATC-1,0.084636,0.028093,0.006173,0.861632,0.019359,0.000036,0.000036,0.000036
ACCCGGTTACACTTCC-1,0.013676,0.123708,0.292368,0.458118,0.070638,0.023734,0.000025,0.017733
ACCCGTAGCAGAGAAT-1,0.000026,0.057895,0.283193,0.110421,0.081764,0.280133,0.027755,0.158812
ACCCGTGTCATCAGTA-1,0.000346,0.042349,0.297155,0.458881,0.020366,0.100021,0.000019,0.080863
ACCCTATAGGACTGAG-1,0.000026,0.268241,0.154671,0.345909,0.200919,0.019563,0.000026,0.010645
ACCCTATGCCATATCG-1,0.053981,0.14997,0.292601,0.448179,0.018231,0.027993,0.002286,0.006759
ACCCTCCCGTCAGGGC-1,0.698898,0.029953,0.037648,0.082879,0.000024,0.000024,0.000024,0.15055
ACCCTCCCTTGCTATT-1,0.051861,0.084608,0.049344,0.71612,0.004952,0.011028,0.008937,0.07315
ACCCTGGTAACGCCCT-1,0.000021,0.047201,0.075797,0.814028,0.040239,0.015765,0.006927,0.000021
ACCCTTCATCTGCGAA-1,0.049401,0.076943,0.031182,0.299285,0.131994,0.012508,0.398665,0.000022
ACCCTTGCCTGGGTCG-1,0.000024,0.003052,0.018832,0.977997,0.000024,0.000024,0.000024,0.000024
ACCCTTTAGTTCTCCA-1,0.003634,0.241407,0.138047,0.5648,0.045757,0.002653,0.000025,0.003677
ACCGAAAGGGCCCTGC-1,0.061062,0.379629,0.070747,0.227888,0.193775,0.037893,0.000021,0.028984
ACCGAAGAGTCTGGTT-1,0.004883,0.083044,0.165207,0.072971,0.04845,0.34673,0.011064,0.267652
ACCGACACATCTCCCA-1,0.000019,0.016405,0.158376,0.786702,0.018749,0.01828,0.000019,0.001451
ACCGACTGAGTCCCAC-1,0.02009,0.13648,0.138453,0.488555,0.194756,0.017432,0.000024,0.004211
ACCGAGTCTCCTTATT-1,0.001682,0.00089,0.28819,0.350666,0.000012,0.037067,0.000434,0.321059
ACCGATAGGCATAACC-1,0.71152,0.127911,0.000206,0.083166,0.000103,0.000103,0.000103,0.076888
ACCGATATTTAATCAT-1,0.800778,0.001193,0.000105,0.16368,0.000052,0.000052,0.034086,0.000052
ACCGATGGTAGCATCG-1,0.05325,0.016506,0.084016,0.55285,0.229417,0.051668,0.000021,0.012271
ACCGCAATAACTGCCT-1,0.020811,0.018368,0.304076,0.35313,0.016757,0.110405,0.01676,0.159693
ACCGCGGTGGAAGTCG-1,0.999475,0.000105,0.000105,0.000105,0.000053,0.000053,0.000053,0.000053
ACCGCTAGTCATTGGT-1,0.036074,0.32866,0.06345,0.435913,0.001295,0.000515,0.008153,0.125941
ACCGGGCCTTTGTTGA-1,0.763562,0.000152,0.08533,0.051168,0.000076,0.000076,0.000076,0.099561
ACCGGTCAGGTACACC-1,0.013726,0.291648,0.088304,0.526364,0.006828,0.017954,0.012033,0.043142
ACCGGTCTGAGTACGG-1,0.04023,0.138013,0.145104,0.391714,0.270014,0.014847,0.000039,0.000039
ACCGTCCACTGGGCCC-1,0.014905,0.157545,0.033577,0.048096,0.031262,0.06765,0.000028,0.646935
ACCGTGACCACGTGGG-1,0.000012,0.017696,0.46413,0.168802,0.042438,0.198728,0.00091,0.107284
ACCGTTCCCGCTCTGA-1,0.038231,0.409639,0.036655,0.463059,0.019685,0.000506,0.024735,0.00749
ACCTAAGTACCTTTCA-1,0.178712,0.301268,0.211916,0.170119,0.015066,0.055518,0.007136,0.060266
ACCTAATCGACTTCCT-1,0.00774,0.266361,0.080774,0.56182,0.068964,0.007267,0.007053,0.000021
ACCTACAGTATGTGGT-1,0.769023,0.000211,0.034181,0.080252,0.000106,0.000106,0.115997,0.000125
ACCTACTATAAATCTA-1,0.129836,0.007618,0.186165,0.462911,0.000024,0.002227,0.000024,0.211195
ACCTCAGCGAGGCGCA-1,0.146493,0.000268,0.000268,0.000268,0.000134,0.000134,0.065923,0.786511
ACCTCCGCCCTCGCTG-1,0.98095,0.01848,0.000143,0.000143,0.000071,0.000071,0.000071,0.000071
ACCTCGAACTTATGCT-1,0.001231,0.24186,0.179508,0.289648,0.022845,0.09629,0.010289,0.15833
ACCTGCGTGTCATGTT-1,0.019466,0.078178,0.070544,0.004626,0.26472,0.440871,0.000624,0.120971
ACCTTTCCTTTAGAAG-1,0.174612,0.305639,0.141445,0.244291,0.044107,0.037358,0.010129,0.04242
ACGAAATGGGCGGCAC-1,0.137269,0.020544,0.088807,0.002034,0.114248,0.399968,0.002129,0.235001
ACGACTCTAGGGCCGA-1,0.508502,0.000088,0.008745,0.366827,0.000043,0.000043,0.000043,0.11571
ACGACTGGTCATACTC-1,0.173724,0.063756,0.310159,0.121265,0.1105,0.161312,0.000459,0.058825
ACGAGAACCCATCACG-1,0.000021,0.178452,0.224318,0.194722,0.258111,0.114214,0.000021,0.03014
ACGAGATATTTGCTTA-1,0.022174,0.192807,0.26138,0.373277,0.028759,0.079003,0.000032,0.042568
ACGAGGATACCACTCT-1,0.025339,0.288091,0.077133,0.29362,0.05693,0.033067,0.129519,0.0963
ACGAGGTTTACAACGT-1,0.038149,0.634031,0.01927,0.194531,0.004526,0.003923,0.015492,0.090077
ACGAGTACGGATGCCC-1,0.003227,0.047966,0.176288,0.390023,0.102288,0.268412,0.000024,0.011772
ACGAGTCGCCGGCGTT-1,0.184261,0.106697,0.050649,0.041024,0.017198,0.116247,0.002405,0.481521
ACGATACATAGAACTA-1,0.204242,0.538038,0.000044,0.000044,0.066091,0.059581,0.000022,0.131936
ACGATACCTATCCTGA-1,0.002841,0.005683,0.005683,0.005682,0.002841,0.971587,0.002841,0.002841
