Barcode,Topic 1to5,Topic 6,Topic 7to8
AAACAACGAATAGTTC-1,0.569252,0.00004,0.430707
AAACAAGTATCTCCCA-1,0.154634,0.049425,0.795941
AAACAATCTACTAGCA-1,0.150051,0.007395,0.842554
AAACACCAATAACTGC-1,0.719531,0.07296,0.207509
AAACAGAGCGACTCCT-1,0.37101,0.123919,0.50507
AAACAGCTTTCAGAAG-1,0.506622,0.427928,0.06545
AAACAGGGTCTATATT-1,0.839755,0.00002,0.160225
AAACAGTGTTCCTGGG-1,0.533437,0.24857,0.217993
AAACATGGTGAGAGGA-1,0.169788,0.053356,0.776856
AAACATTTCCCGGATT-1,0.766995,0.012656,0.220349
AAACCACTACACAGAT-1,0.38994,0.006465,0.603595
AAACCCGAACGAAATC-1,0.850588,0.042271,0.10714
AAACCGGAAATGTTAA-1,0.299518,0.169535,0.530947
AAACCGGGTAGGTACC-1,0.958348,0.010612,0.03104
AAACCGTTCGTCCAGG-1,0.043092,0.010341,0.946567
AAACCTAAGCAGCCGG-1,0.779035,0.070606,0.150359
AAACCTCATGAAGTTG-1,0.786703,0.084952,0.128345
AAACGAAGAACATACC-1,0.26235,0.035066,0.702583
AAACGAAGATGGAGTA-1,0.57176,0.278953,0.149287
AAACGACAGTCTTGCC-1,0.136318,0.023306,0.840376
AAACGAGACGGTTGAT-1,0.614327,0.103012,0.282661
AAACGCCCGAGATCGG-1,0.828379,0.029099,0.142522
AAACGGGCGTACGGGT-1,0.202337,0.15112,0.646543
AAACGGGTTGGTATCC-1,0.614702,0.00614,0.379158
AAACGGTTGCGAACTG-1,0.499956,0.198412,0.301632
AAACGTGTTCGCCCTA-1,0.331989,0.094199,0.573813
AAACTAACGTGGCGAC-1,0.658509,0.064157,0.277333
AAACTCGGTTCGCAAT-1,0.328763,0.128459,0.542779
AAACTCGTGATATAAG-1,0.244908,0.149942,0.60515
AAACTGCTGGCTCCAA-1,0.639439,0.012734,0.347827
AAACTTAATTGCACGC-1,0.861671,0.002375,0.135954
AAACTTGCAAACGTAT-1,0.762579,0.00321,0.234211
AAAGAATGACCTTAGA-1,0.571528,0.037236,0.391235
AAAGAATGTGGACTAA-1,0.533301,0.194884,0.271815
AAAGACATGAAGTTTA-1,0.391895,0.089093,0.519012
AAAGACCCAAGTCGCG-1,0.354552,0.013039,0.632409
AAAGACTGGGCGCTTT-1,0.767332,0.039824,0.192843
AAAGCTTGCCTACATA-1,0.36403,0.176448,0.459521
AAAGGCCCTATAATAC-1,0.187012,0.552765,0.260223
AAAGGCTACGGACCAT-1,0.660963,0.090794,0.248243
AAAGGCTCTCGCGCCG-1,0.650127,0.048712,0.301161
AAAGGGATGTAGCAAG-1,0.798818,0.030681,0.170501
AAAGGGCAGCTTGAAT-1,0.651293,0.060986,0.28772
AAAGGTAAGCTGTACC-1,0.586791,0.085724,0.327485
AAAGGTCAACGACATG-1,0.319009,0.056908,0.624083
AAAGTAGCATTGCTCA-1,0.784258,0.046756,0.168986
AAAGTCACTGATGTAA-1,0.26692,0.188923,0.544157
AAAGTCGACCCTCAGT-1,0.97884,0.012175,0.008985
AAAGTGCCATCAATTA-1,0.353327,0.059563,0.587109
AAAGTGTGATTTATCT-1,0.14148,0.414379,0.444141
AAAGTTGACTCCCGTA-1,0.90608,0.090176,0.003744
AAATAACCATACGGGA-1,0.301512,0.036409,0.662079
AAATAAGGTAGTGCCC-1,0.876161,0.065283,0.058557
AAATACCTATAAGCAT-1,0.946996,0.001539,0.051465
AAATAGCTTAGACTTT-1,0.68184,0.047333,0.270827
AAATAGGGTGCTATTG-1,0.126431,0.062654,0.810915
AAATCACTCCTAAACG-1,0.05694,0.132816,0.810244
AAATCCGATACACGCC-1,0.519275,0.216265,0.26446
AAATCGCGGAAGGAGT-1,0.999962,0.000013,0.000025
AAATCGTGTACCACAA-1,0.020788,0.000064,0.979148
AAATCTAGCCCTGCTA-1,0.745146,0.081376,0.173478
AAATCTGCCCGCGTCC-1,0.701404,0.061293,0.237303
AAATGACTGATCAAAC-1,0.278049,0.290805,0.431146
AAATGATTCGATCAGC-1,0.206295,0.229818,0.563886
AAATGCTCGTTACGTT-1,0.875344,0.067955,0.056702
AAATGGCATGTCTTGT-1,0.775344,0.000034,0.224621
AAATGGCCCGTGCCCT-1,0.194679,0.054657,0.750664
AAATGGTCAATGTGCC-1,0.796416,0.005063,0.198521
AAATGTATCTTATCCC-1,0.827929,0.009536,0.162535
AAATGTGGGTGCTCCT-1,0.539409,0.000719,0.459872
AAATTAACGGGTAGCT-1,0.595041,0.000109,0.40485
AAATTAATAAGCGCGA-1,0.204314,0.181406,0.614279
AAATTACACGACTCTG-1,0.437055,0.002464,0.560482
AAATTACCTATCGATG-1,0.34395,0.135833,0.520217
AAATTCCAGGTCCAAA-1,0.563491,0.100688,0.335821
AAATTGATAGTCCTTT-1,0.682108,0.159455,0.158437
AAATTGCGGCGGTTCT-1,0.682884,0.005019,0.312097
AAATTGGTGAGAAGCA-1,0.187001,0.210009,0.60299
AAATTTACCGAAATCC-1,0.434458,0.004608,0.560935
AAATTTGCGGGTGTGG-1,0.075288,0.24503,0.679682
AACAACTGGTAGTTGC-1,0.506842,0.0249,0.468258
AACAATACATTGTCGA-1,0.369134,0.000998,0.629868
AACAATTACTCTACGC-1,0.41817,0.339027,0.242802
AACACACGCTCGCCGC-1,0.631359,0.015219,0.353422
AACACGACTGTACTGA-1,0.11002,0.132494,0.757486
AACACGAGACGCGGCC-1,0.105394,0.047746,0.846859
AACACGCGGCCGCGAA-1,0.16623,0.000058,0.833713
AACAGCTGTGTGGCAA-1,0.684421,0.181583,0.133996
AACAGGAAATCGAATA-1,0.539965,0.066148,0.393886
AACAGGATGGGCCGCG-1,0.623501,0.054329,0.32217
AACAGGTAGTATGGAT-1,0.999904,0.000032,0.000064
AACATAGCGTGTATCG-1,0.616097,0.067877,0.316026
AACATATCAACTGGTG-1,0.935026,0.017122,0.047852
AACATCGATACGTCTA-1,0.133791,0.162733,0.703476
AACATTGAAGTTGATC-1,0.332431,0.43995,0.227619
AACATTGGTCAGCCGT-1,0.1679,0.000095,0.832005
AACATTGTGACTCGAG-1,0.961906,0.000027,0.038067
AACCAAGACTTCTCTG-1,0.522739,0.098943,0.378318
AACCAGTATCACTCTT-1,0.272763,0.262641,0.464596
AACCATAGGGTTGAAC-1,0.587425,0.036012,0.376564
AACCATGGGATCGCTA-1,0.207347,0.000088,0.792565
AACCCAGAGACGGAGA-1,0.738844,0.035497,0.225659
AACCCATCCCATGATC-1,0.208461,0.018466,0.773072
AACCCGACAACCCGTG-1,0.78665,0.03393,0.179419
AACCCGAGCAGAATCG-1,0.324681,0.120814,0.554504
AACCCGATAGGGCTTC-1,0.45973,0.011448,0.528822
AACCCGCTGTATTCCA-1,0.29454,0.361529,0.343932
AACCCTACTGTCAATA-1,0.330546,0.185703,0.483751
AACCCTGGTGGAACCA-1,0.411119,0.251096,0.337784
AACCGAGCTTGGTCAT-1,0.544374,0.110756,0.34487
AACCGCTAAGGGATGC-1,0.195434,0.176936,0.62763
AACCGTTGTGTTTGCT-1,0.849014,0.008744,0.142242
AACCTAAAGCCGTCCG-1,0.357639,0.000067,0.642294
AACCTCGCTTTAGCCC-1,0.493991,0.054819,0.45119
AACCTGTCACGGAATT-1,0.511316,0.149187,0.339497
AACCTTTAAATACGGT-1,0.884144,0.076029,0.039827
AACCTTTACGACGTCT-1,0.309418,0.095866,0.594716
AACGAAAGTCGTCCCA-1,0.003021,0.846691,0.150288
AACGACCTCCTAGCCG-1,0.068392,0.148444,0.783164
AACGATAATGCCGTAG-1,0.249022,0.01506,0.735918
AACGATAGAAGGGCCG-1,0.540566,0.010763,0.448671
AACGATATGTCAACTG-1,0.813075,0.000033,0.186892
AACGCATGATCTGGGT-1,0.509753,0.021829,0.468418
AACGCGAACGGCAACA-1,0.718868,0.000037,0.281095
AACGCGACCTTGGGCG-1,0.369601,0.376686,0.253713
AACGCGGTCTCCAGCC-1,0.439654,0.011317,0.549029
AACGCTGTTGCTGAAA-1,0.654381,0.251195,0.094424
AACGGACGTACGTATA-1,0.46516,0.161344,0.373497
AACGGCCATCTCCGGT-1,0.432302,0.228146,0.339552
AACGTACTGTGGGTAC-1,0.255709,0.054391,0.6899
AACGTAGTCTACCCAT-1,0.126202,0.015807,0.85799
AACGTCAGACTAGTGG-1,0.346343,0.000064,0.653593
AACGTCATCCGGCTTG-1,0.687914,0.017933,0.294153
AACGTCGCTGCACTTC-1,0.611437,0.107614,0.280949
AACGTGATGAAGGACA-1,0.181878,0.000071,0.818051
AACGTGCGAAAGTCTC-1,0.483359,0.029375,0.487265
AACGTTATCAGCACCT-1,0.914924,0.002179,0.082896
AACTACCCGTTTGTCA-1,0.399344,0.053207,0.547449
AACTAGCGTATCGCAC-1,0.958708,0.000036,0.041256
AACTAGGCTTGGGTGT-1,0.371457,0.126983,0.50156
AACTCAAGTTAATTGC-1,0.082513,0.035697,0.88179
AACTCCAGAGCGTGTT-1,0.548136,0.053354,0.39851
AACTCCTAATCCCATG-1,0.31716,0.000073,0.682767
AACTCGATAAACACGT-1,0.323472,0.000054,0.676474
AACTCGATGGCGCAGT-1,0.526749,0.042377,0.430874
AACTCTCAATAGAGCG-1,0.487382,0.425692,0.086926
AACTCTCAGTGTGCTC-1,0.175233,0.000066,0.824701
AACTGAGGTCAGCGTC-1,0.304076,0.090703,0.605222
AACTGAGTTATACTGA-1,0.179791,0.646276,0.173933
AACTGATATTAGGCCT-1,0.88499,0.013358,0.101652
AACTGGGTCCCGACGT-1,0.297548,0.057934,0.644518
AACTGGGTTCGAGCCG-1,0.670643,0.00005,0.329307
AACTGGTGTGGGCCTT-1,0.377787,0.000052,0.622161
AACTTCTGCGTCTATC-1,0.954684,0.000023,0.045293
AACTTGCCCGTATGCA-1,0.122614,0.079818,0.797568
AACTTGCGTTCTCGCG-1,0.385978,0.017158,0.596864
AACTTTACGGGAGCTT-1,0.60758,0.144754,0.247666
AACTTTAGCTGCTGAG-1,0.541767,0.07046,0.387773
AACTTTCTCGATCATG-1,0.388882,0.12224,0.488879
AAGAAAGTTTGATGGG-1,0.113302,0.162655,0.724042
AAGAAATCACCAGATT-1,0.823096,0.038411,0.138494
AAGAAGGATCAGTTAG-1,0.830513,0.000033,0.169454
AAGACATACGTGGTTT-1,0.302813,0.141692,0.555495
AAGACCAAATAACTCA-1,0.733252,0.008299,0.258449
AAGACCCAACTGAACA-1,0.594651,0.000149,0.4052
AAGACTAACCCGTTGT-1,0.620413,0.000047,0.379539
AAGACTCACGCCCACT-1,0.518261,0.057895,0.423843
AAGACTGCAAGCTACT-1,0.456978,0.449636,0.093387
AAGAGATGAATCGGTA-1,0.170703,0.128261,0.701036
AAGAGCTCTTTATCGG-1,0.334156,0.046321,0.619523
AAGAGGATGTACGCGA-1,0.56777,0.090766,0.341465
AAGAGGCATGGATCGC-1,0.045701,0.042464,0.911835
AAGAGGCCCTTTGGAA-1,0.74966,0.045995,0.204344
AAGATGGCACCGGACC-1,0.573777,0.054164,0.37206
AAGATTGGCGGAACGT-1,0.343006,0.421074,0.23592
AAGCACCCTGCGTATC-1,0.431648,0.097495,0.470858
AAGCATACTCTCCTGA-1,0.63375,0.180107,0.186144
AAGCCACTTGCAGGTA-1,0.437378,0.146876,0.415746
AAGCCGAAGCGGTTTA-1,0.884649,0.005998,0.109353
AAGCCGCCGTGAAATC-1,0.005852,0.859219,0.134929
AAGCCGCTTTACCTTG-1,0.118621,0.290114,0.591265
AAGCCGGAGAGCAGGA-1,0.658621,0.040664,0.300715
AAGCGCAGGGCTTTGA-1,0.287434,0.189867,0.522699
AAGCGGAGTGCGCGCA-1,0.126345,0.066878,0.806777
AAGCGGCGTCATGGGT-1,0.163134,0.044406,0.79246
AAGCGTCCCTCATCGA-1,0.304327,0.040868,0.654806
AAGCTAGATCGAGTAA-1,0.23636,0.151281,0.612359
AAGCTATGGATTGACC-1,0.373186,0.133154,0.493659
AAGCTCGTGCCAAGTC-1,0.429235,0.00107,0.569695
AAGCTCTTTCATGGTG-1,0.987696,0.008481,0.003823
AAGGAGAACTTATAAG-1,0.692999,0.13667,0.170331
AAGGAGCGGTTGGTGC-1,0.250812,0.124623,0.624565
AAGGATCGATCGCTTG-1,0.738318,0.125815,0.135867
AAGGATGAGGGACCTC-1,0.823989,0.009867,0.166144
AAGGCAGGCTGTCTCC-1,0.42858,0.123283,0.448136
AAGGCGCGTAAAGCTT-1,0.486421,0.000057,0.513522
AAGGCTGTGCTCATCG-1,0.920722,0.000041,0.079237
AAGGGAACGACTGGCT-1,0.29555,0.136181,0.568269
AAGGGACAGATTCTGT-1,0.57861,0.046184,0.375206
AAGGGACTATGCATTC-1,0.194649,0.290737,0.514614
AAGGGTTAGCCATGCG-1,0.528568,0.180168,0.291264
AAGGGTTTGATTTCAG-1,0.411424,0.015767,0.572808
AAGGTATCCTAATATA-1,0.859726,0.009232,0.131042
AAGGTGATAAACCAGC-1,0.809067,0.019525,0.171408
AAGTAAGCTTCCAAAC-1,0.284169,0.000042,0.715789
AAGTAGAAGACCGGGT-1,0.321168,0.01979,0.659042
AAGTAGTGACGCGAGG-1,0.213769,0.00008,0.786151
AAGTCAATTGTCGTCA-1,0.980299,0.008405,0.011296
AAGTCTAGTAGCTGCC-1,0.062862,0.103161,0.833977
AAGTCTTCTGTGGCCT-1,0.41801,0.404271,0.177719
AAGTGACGACCGAATT-1,0.894999,0.058522,0.046479
AAGTGAGTCGGGTTTA-1,0.472985,0.104817,0.422197
AAGTGCAAAGGTAGAC-1,0.52513,0.088756,0.386113
AAGTGCCTTGACTGTA-1,0.097152,0.040425,0.862424
AAGTGCGTTAGAATCT-1,0.243045,0.404029,0.352926
AAGTGCTTCTCTATTG-1,0.57501,0.336448,0.088543
AAGTGTTTGGAGACGG-1,0.005573,0.812425,0.182002
AAGTTCACTCCAAGCT-1,0.603372,0.0156,0.381027
AAGTTCAGTCTGCGTA-1,0.84803,0.047742,0.104229
AAGTTCGGCCAACAGG-1,0.603816,0.061376,0.334808
AAGTTGTGATGTTATA-1,0.854505,0.010985,0.13451
AAGTTTACTAATGGCA-1,0.475252,0.015253,0.509495
AAGTTTATGGGCCCAA-1,0.294823,0.272776,0.432402
AATAACAACGCTCGGC-1,0.915701,0.058873,0.025426
AATAACACTAGAACAA-1,0.830776,0.005293,0.163931
AATAACGTCGCGCCCA-1,0.049834,0.299707,0.65046
AATAAGTCCTCGAGAC-1,0.566988,0.000042,0.432971
AATAATCTTCGTATCG-1,0.529124,0.239835,0.231041
AATACAATGTTTCAGG-1,0.905885,0.000049,0.094066
AATACCGGAGGGCTGT-1,0.477886,0.042757,0.479357
AATACCTGATGTGAAC-1,0.056262,0.285602,0.658136
AATAGAACAGAGTGGC-1,0.892509,0.000026,0.107465
AATAGAATCTGTTTCA-1,0.61242,0.077129,0.310451
AATAGCAAGCCTCCTG-1,0.116826,0.062774,0.8204
AATAGCTACCGCGTGC-1,0.104626,0.335736,0.559637
AATAGGCACGACCCTT-1,0.759222,0.049012,0.191767
AATAGTCCGTCCCGAC-1,0.637892,0.133414,0.228695
AATAGTCGCGAGTCGG-1,0.851389,0.074581,0.07403
AATATCAAGGTCGGAT-1,0.626377,0.015396,0.358228
AATATCCTAGCAAACT-1,0.563509,0.018849,0.417642
AATATCGAATCAATGC-1,0.699757,0.010156,0.290087
AATATCGAGGGTTCTC-1,0.424875,0.049063,0.526062
AATATTGGAGTATTGA-1,0.545612,0.265086,0.189302
AATCAGACTGCAGGAC-1,0.638157,0.00256,0.359283
AATCAGGTTTCATTTA-1,0.491408,0.069992,0.4386
AATCATGTAAAGACTC-1,0.118702,0.308215,0.573083
AATCCAAGGGCCTGAG-1,0.420428,0.032515,0.547058
AATCCATGCAAGGGTG-1,0.584224,0.165542,0.250234
AATCCCGCTCAGAGCC-1,0.041701,0.439027,0.519273
AATCGAGGTCTCAAGG-1,0.375678,0.344607,0.279715
AATCGCCTCAGCGCCA-1,0.523216,0.132959,0.343826
AATCGCGCAGAGGACT-1,0.316824,0.021831,0.661345
AATCGGGACACTACGA-1,0.492341,0.027607,0.480052
AATCGGTATAGCCCTC-1,0.206491,0.460667,0.332842
AATCGTGAGCCGAGCA-1,0.772002,0.092196,0.135802
AATCTAGGTTTACTTG-1,0.683131,0.001875,0.314994
AATCTATGCCGGAGCC-1,0.710377,0.033675,0.255948
AATCTCTACTGTGGTT-1,0.361192,0.018362,0.620446
AATCTGCGTTGGGACG-1,0.587825,0.103902,0.308273
AATCTGGCTTTCTAGT-1,0.024103,0.305927,0.669971
AATCTGGGTAGACCCT-1,0.290423,0.000112,0.709465
AATGACAGCAATGTCT-1,0.204475,0.028263,0.767262
AATGACGTAGGATGTC-1,0.680132,0.124985,0.194883
AATGACTGTCAGCCGG-1,0.463271,0.000048,0.536681
AATGAGTTCGCATATG-1,0.900414,0.006447,0.093138
AATGATGATACGCTAT-1,0.37565,0.04329,0.58106
AATGATGCGACTCCTG-1,0.567374,0.039367,0.393259
AATGCAACCGGGTACC-1,0.857118,0.00004,0.142843
AATGCACCAAGCAATG-1,0.442881,0.184611,0.372508
AATGGCCGCCAATGCG-1,0.512826,0.104594,0.38258
AATGGTCCACCGTTCA-1,0.831339,0.041546,0.127115
AATGGTTCTCACAAGC-1,0.41853,0.10554,0.47593
AATGTATGGCACTGTA-1,0.807369,0.001971,0.19066
AATGTGCCCGAGGTGT-1,0.270327,0.000171,0.729502
AATGTGCTAATCTGAG-1,0.414396,0.031178,0.554426
AATGTTAAGACCCTGA-1,0.807911,0.11159,0.080499
AATGTTGTCGTGAGAC-1,0.540717,0.072744,0.386539
AATTAAAGGTCGGCGT-1,0.486689,0.099828,0.413483
AATTAACGGATTTCCA-1,0.790373,0.045201,0.164425
AATTACGAGACCCATC-1,0.575368,0.06546,0.359172
AATTACTCGTACGCTC-1,0.090073,0.000098,0.909829
AATTAGCGCTGCAGCG-1,0.067785,0.081025,0.851189
AATTATACCCAGCAAG-1,0.691671,0.148475,0.159854
AATTCATAAGGGATCT-1,0.155324,0.000062,0.844614
AATTCATTGTCATGCA-1,0.752926,0.006234,0.24084
AATTCCAACTTGGTGA-1,0.448191,0.000057,0.551752
AATTCCAAGCATGTAC-1,0.412038,0.062457,0.525505
AATTCGATTCGAGGAT-1,0.352348,0.163476,0.484176
AATTCTAGAGTTAGGC-1,0.554042,0.273103,0.172855
AATTGAACGCTCTGGT-1,0.73576,0.068136,0.196103
AATTGCAGCAATCGAC-1,0.684182,0.117753,0.198065
AATTGCGTGGATTACA-1,0.811383,0.037562,0.151055
AATTGTGGTTGCCAAA-1,0.586992,0.249816,0.163191
AATTTGGGACATAGTA-1,0.362992,0.027599,0.609408
AATTTGGTTCCAAAGA-1,0.731964,0.04184,0.226195
ACAAACCATGCGTCCT-1,0.556974,0.008753,0.434273
ACAAACCGACAAGGCG-1,0.419076,0.001975,0.57895
ACAAACTCCATCAGAG-1,0.007046,0.823066,0.169889
ACAAAGAAGGTAGGCC-1,0.827442,0.005707,0.16685
ACAAAGCATGACCTAG-1,0.176811,0.297923,0.525266
ACAAATCGCACCGAAT-1,0.793433,0.018263,0.188304
ACAAATGGTAGTGTTT-1,0.260662,0.255833,0.483505
ACAAATTCAGATCTGA-1,0.808716,0.044189,0.147095
ACAACAGCATGAGCTA-1,0.794312,0.035458,0.17023
ACAACGGTCCCTGCGA-1,0.798375,0.000034,0.201591
ACAAGCAGTGCCTAGC-1,0.493522,0.01023,0.496248
ACAAGCTATATGGAAG-1,0.553185,0.122617,0.324198
ACAAGGAAATCCGCCC-1,0.524173,0.052546,0.423282
ACAAGGACAAGAGGTT-1,0.449494,0.008242,0.542265
ACAAGGATGCTTTAGG-1,0.377624,0.065279,0.557098
ACAAGGCCTACCAGCC-1,0.154386,0.236127,0.609486
ACAAGGGCAGGCTCTG-1,0.422254,0.195432,0.382314
ACAAGTAATTGTAAGG-1,0.779183,0.123378,0.097439
ACAATAGTCGTACGTT-1,0.117107,0.160505,0.722388
ACAATCCATTTAAACC-1,0.981401,0.000021,0.018578
ACAATCGATCTTTATA-1,0.53001,0.000068,0.469922
ACAATGAATACGGAGA-1,0.791944,0.037239,0.170817
ACAATGATTCTTCTAC-1,0.000654,0.22135,0.777996
ACAATTGTGTCTCTTT-1,0.275492,0.150019,0.574489
ACAATTTAGGAGGCTC-1,0.380658,0.000055,0.619287
ACAATTTGAGCAGTGG-1,0.449135,0.097839,0.453026
ACAATTTGGCCATATT-1,0.338439,0.121501,0.54006
ACACAAAGACGGGTGG-1,0.324953,0.010665,0.664383
ACACAAATATTCCTAG-1,0.47998,0.422347,0.097673
ACACACCAGGACCAGT-1,0.415219,0.098705,0.486076
ACACACTTTCTACACG-1,0.696208,0.102029,0.201763
ACACATGATCAAATCT-1,0.734403,0.052909,0.212689
ACACATTGACGCAACA-1,0.892444,0.005228,0.102328
ACACATTTCCGTAGAC-1,0.563965,0.16338,0.272655
ACACCACATAATTAGC-1,0.736372,0.076327,0.187301
ACACCCAGCATGCAGC-1,0.726638,0.000045,0.273317
ACACCCGAGAAATCCG-1,0.229585,0.081775,0.68864
ACACCCGTAAATCTGT-1,0.72808,0.13958,0.13234
ACACCGAGCGCTCTTT-1,0.484947,0.006873,0.50818
ACACCGGTCTGACCGC-1,0.28306,0.011284,0.705656
ACACCTTAAGTAGGGC-1,0.642334,0.000084,0.357582
ACACCTTACTACTTGC-1,0.870411,0.021666,0.107924
ACACGAGACTCCTTCT-1,0.277827,0.023778,0.698395
ACACGGCACTATGCAT-1,0.378383,0.263895,0.357722
ACACGGGAACTTAGGG-1,0.687858,0.003705,0.308437
ACACGTAGGCCACAAG-1,0.898543,0.00318,0.098277
ACACTCCAATGTCACT-1,0.731327,0.000039,0.268634
ACACTGATCAAGGTGT-1,0.748528,0.000062,0.25141
ACACTGGGACAGTCGT-1,0.705925,0.01588,0.278194
ACAGAACTGAGAACAA-1,0.156378,0.11546,0.728162
ACAGATTAGGTTAGTG-1,0.534924,0.000046,0.465031
ACAGCATAGAGCCAGT-1,0.370702,0.002515,0.626783
ACAGCGACATTCTCAT-1,0.603653,0.083489,0.312858
ACAGCGCACCCGCAGC-1,0.191827,0.055103,0.753069
ACAGGAGGCGCAGCCG-1,0.496344,0.03793,0.465726
ACAGGCACGGATCCTT-1,0.337005,0.046719,0.616276
ACAGGCTTGCCCGACT-1,0.610816,0.085088,0.304096
ACAGGTGGAGGTGAGG-1,0.639957,0.000033,0.36001
ACAGGTGTGTTGTTGC-1,0.3075,0.298993,0.393508
ACAGTAATACAACTTG-1,0.203189,0.053601,0.743211
ACAGTATACCGTGGGA-1,0.424334,0.34861,0.227056
ACAGTGCAGCGCATTT-1,0.353556,0.006357,0.640087
ACATAAGTCGTGGTGA-1,0.141345,0.216198,0.642457
ACATAATAAGGCGGTG-1,0.854475,0.003915,0.141609
ACATACAATCAAGCGG-1,0.074292,0.201391,0.724316
ACATCAGCTGGGACGC-1,0.470222,0.049409,0.48037
ACATCCCGGCCATACG-1,0.679958,0.012756,0.307286
ACATCCTGGTAACTGT-1,0.159132,0.077899,0.762969
ACATCGATCGTTTACC-1,0.819257,0.005372,0.175371
ACATCGCAATATTCGG-1,0.235171,0.249488,0.515341
ACATCGGTCAGCCGCG-1,0.95624,0.000455,0.043305
ACATCGTATGCAATGG-1,0.886577,0.012638,0.100785
ACATCGTTAACCTAGT-1,0.740633,0.041329,0.218038
ACATCTCAACGCGTAA-1,0.400356,0.022861,0.576783
ACATGCTTACGGCAGC-1,0.149447,0.208427,0.642125
ACATGGCGCCAAAGTA-1,0.054629,0.527539,0.417832
ACATGGCTCAATTTAG-1,0.771157,0.000054,0.228789
ACATTAGTTTATATCC-1,0.483001,0.08531,0.431689
ACATTCGCGCGGAATA-1,0.637622,0.296374,0.066004
ACATTTGAAACCTAAC-1,0.180891,0.705109,0.114
ACCAAACACCCAGCGA-1,0.000412,0.925722,0.073865
ACCAAACTAGAAATCC-1,0.426672,0.000041,0.573286
ACCAACACCACACACT-1,0.282716,0.31839,0.398893
ACCAACCGCACTCCAC-1,0.263401,0.21354,0.523059
ACCAACGCTTATTTAT-1,0.545372,0.024799,0.429829
ACCAAGAACGCGTGTC-1,0.997049,0.002728,0.000222
ACCAAGTCATCGGCAG-1,0.517862,0.064089,0.418049
ACCAATATGCAAGTTA-1,0.484938,0.28883,0.226232
ACCACAACTCAGAACA-1,0.720907,0.000045,0.279048
ACCACAAGTTTCTATC-1,0.79929,0.000061,0.200649
ACCACACGGTTGATGG-1,0.429751,0.423056,0.147194
ACCACCAATGTAACAA-1,0.802783,0.007818,0.189399
ACCACCCTCTCTTCTA-1,0.632545,0.086808,0.280646
ACCACGTGCAGCTATA-1,0.670096,0.071932,0.257972
ACCACTGTTCAAGAAG-1,0.081484,0.109615,0.808901
ACCAGACCATAACAAC-1,0.43659,0.205764,0.357646
ACCAGCCCGGTCTTTG-1,0.774203,0.000057,0.225739
ACCAGGAGTGTGATCT-1,0.499832,0.000079,0.500089
ACCAGTGCCCGGTCAA-1,0.415879,0.027881,0.55624
ACCAGTGCGGGAGACG-1,0.20941,0.201543,0.589047
ACCATATCCGCAATAA-1,0.780453,0.050393,0.169154
ACCATCCGCCAACTAG-1,0.489099,0.02346,0.487441
ACCATCGTATATGGTA-1,0.372871,0.000127,0.627002
ACCATTAAGGGTGTCA-1,0.522089,0.019885,0.458026
ACCCAACGCCCGTGGC-1,0.865334,0.02104,0.113626
ACCCACCTACATGCTC-1,0.614185,0.024189,0.361626
ACCCATCTTGAGGGTA-1,0.733627,0.211469,0.054905
ACCCATTTGTCCCTCT-1,0.718216,0.043769,0.238015
ACCCGAGCGAAATTAC-1,0.316603,0.157304,0.526093
ACCCGATTGGTTCCGA-1,0.282704,0.145337,0.571959
ACCCGGAAACTCCCAG-1,0.90203,0.000025,0.097945
ACCCGGAGCACCACAA-1,0.318106,0.281097,0.400797
ACCCGGATGACGCATC-1,0.494276,0.099517,0.406206
ACCCGGTTACACTTCC-1,0.559847,0.103551,0.336602
ACCCGTAGCAGAGAAT-1,0.770829,0.117562,0.111609
ACCCGTAGTCTAGTTG-1,0.862557,0.042472,0.094971
ACCCGTGTCATCAGTA-1,0.740484,0.023263,0.236253
ACCCTATAGGACTGAG-1,0.23713,0.000064,0.762806
ACCCTATGCCATATCG-1,0.832723,0.063601,0.103675
ACCCTCCCGTCAGGGC-1,0.734825,0.099587,0.165588
ACCCTCCCTTGCTATT-1,0.652927,0.231887,0.115186
ACCCTGGTAACGCCCT-1,0.46539,0.093924,0.440686
ACCCTTCATCTGCGAA-1,0.368447,0.157658,0.473895
ACCCTTGCCTGGGTCG-1,0.098531,0.801216,0.100253
ACCCTTTAGTTCTCCA-1,0.207015,0.105803,0.687183
ACCGAAAGGGCCCTGC-1,0.705557,0.04517,0.249273
ACCGAAGAGTCTGGTT-1,0.69791,0.003443,0.298646
ACCGACACATCTCCCA-1,0.789571,0.032584,0.177845
ACCGACTGAGTCCCAC-1,0.674223,0.038352,0.287425
ACCGAGTCTCCTTATT-1,0.098202,0.251672,0.650127
ACCGATAGGCATAACC-1,0.25503,0.133661,0.611309
ACCGATATTTAATCAT-1,0.819646,0.174774,0.00558
ACCGATGGTAGCATCG-1,0.848643,0.018788,0.132569
ACCGCAATAACTGCCT-1,0.242294,0.297595,0.460112
ACCGCGGTGGAAGTCG-1,0.123114,0.078306,0.79858
ACCGCTAGTCATTGGT-1,0.301378,0.409969,0.288653
ACCGGGCCTTTGTTGA-1,0.607863,0.051281,0.340856
ACCGGTCAGGTACACC-1,0.908316,0.033152,0.058532
ACCGGTCTGAGTACGG-1,0.349307,0.021376,0.629317
ACCGTCCACTGGGCCC-1,0.749667,0.003108,0.247225
ACCGTGACCACGTGGG-1,0.473316,0.090236,0.436447
ACCGTTCCCGCTCTGA-1,0.743735,0.000055,0.25621
ACCTAAGTACCTTTCA-1,0.522675,0.064661,0.412664
ACCTAATCGACTTCCT-1,0.868695,0.051325,0.079979
ACCTACAGTATGTGGT-1,0.552693,0.040514,0.406792
ACCTACTATAAATCTA-1,0.17834,0.089095,0.732566
ACCTCAGCGAGGCGCA-1,0.000237,0.024601,0.975162
ACCTCCGCCCTCGCTG-1,0.56368,0.168036,0.268284
ACCTCCGTTATTCACC-1,0.798932,0.042413,0.158654
ACCTCGAACTTATGCT-1,0.583241,0.013427,0.403333
ACCTGCGTGTCATGTT-1,0.313009,0.000094,0.686896
ACCTTTCCTTTAGAAG-1,0.180448,0.081091,0.73846
ACGAAATGGGCGGCAC-1,0.228767,0.03902,0.732213
ACGACCCATGAGTTGC-1,0.24867,0.338623,0.412707
ACGACTCTAGGGCCGA-1,0.65129,0.115738,0.232972
ACGACTGGTCATACTC-1,0.390123,0.079155,0.530722
ACGAGAACCCATCACG-1,0.031889,0.044276,0.923835
ACGAGATATTTGCTTA-1,0.52854,0.025717,0.445744
ACGAGGATACCACTCT-1,0.629436,0.033422,0.337142
ACGAGGTTTACAACGT-1,0.49058,0.000025,0.509395
ACGAGTACGGATGCCC-1,0.26843,0.032725,0.698845
ACGAGTCGCCGGCGTT-1,0.016637,0.000085,0.983278
ACGATACATAGAACTA-1,0.418714,0.0001,0.581185
ACGATACCTATCCTGA-1,0.208785,0.639466,0.151749
ACGATCATACATAGAG-1,0.837033,0.000042,0.162926
ACGATCATCTTGTAAA-1,0.111767,0.112544,0.775688
ACGATGCATATGTTAT-1,0.69185,0.139516,0.168634
ACGATGGATCCGATGC-1,0.165411,0.356561,0.478027
ACGCAAACTAATAGAT-1,0.643828,0.053693,0.302478
ACGCAATCACTACAGC-1,0.878713,0.043575,0.077712
ACGCATAAATGACATG-1,0.582998,0.010261,0.406741
ACGCATACGTTTACTA-1,0.163119,0.230221,0.606659
ACGCATTCGTGAGTAC-1,0.583174,0.050732,0.366094
ACGCCACTCGAAACAG-1,0.370575,0.309804,0.319621
ACGCCAGATGATTTCT-1,0.65737,0.174759,0.167871
ACGCCAGTGCGTTTGC-1,0.177057,0.290855,0.532089
ACGCCCAGCTGTCGAT-1,0.468277,0.000086,0.531637
ACGCCGCTAGACGACC-1,0.135776,0.145923,0.718302
ACGCCTGACACGCGCT-1,0.051171,0.211873,0.736956
ACGCGAAGTCAGACGA-1,0.313247,0.000205,0.686548
ACGCGCTACACAGGGT-1,0.524167,0.006386,0.469448
ACGCGGGCCAAGGACA-1,0.000297,0.40713,0.592573
ACGCGTTTCTTAAGAG-1,0.238056,0.694089,0.067855
ACGCTACTGAATGGGC-1,0.346097,0.116382,0.537521
ACGCTAGTATCAGTGC-1,0.654683,0.063263,0.282054
ACGCTAGTGATACACT-1,0.704548,0.126763,0.168689
ACGCTGTGAGGCGTAG-1,0.308794,0.481801,0.209404
ACGCTTAGTGTCTCTC-1,0.889512,0.000078,0.11041
ACGGAACACGAGTGCC-1,0.274027,0.289406,0.436567
ACGGAATTTAGCAAAT-1,0.566074,0.008348,0.425578
ACGGACGCAGCGACAA-1,0.098868,0.316045,0.585087
ACGGACTCTCAAAGCG-1,0.246402,0.161808,0.59179
ACGGAGCGCAAATTAC-1,0.469113,0.02829,0.502597
ACGGATGGTGCGGATA-1,0.857187,0.095663,0.04715
ACGGCACTTGCTTGGG-1,0.925594,0.004632,0.069774
ACGGCCAACATGGACT-1,0.482775,0.009342,0.507883
ACGGCGACGATGGGAA-1,0.671295,0.021543,0.307162
ACGGCGGGTTGCCCTG-1,0.614029,0.001941,0.384029
ACGGCTGGATGTAGAA-1,0.395281,0.009618,0.595101
ACGGGAGTGTCGGCCC-1,0.46702,0.036918,0.496062
ACGGGCGTATGCGACA-1,0.413055,0.264234,0.322711
ACGGGTCATGTGACTT-1,0.545109,0.01222,0.442671
ACGGGTTGTGACCTGT-1,0.442416,0.091433,0.466151
ACGGTACAGTTCAATG-1,0.624441,0.062583,0.312976
ACGGTCACCGAGAACA-1,0.182271,0.272536,0.545193
ACGTACAGATTTCTCT-1,0.999895,0.000035,0.00007
ACGTACTTTGGCACGG-1,0.038623,0.412848,0.548529
ACGTAGATTGCTGATG-1,0.113896,0.253297,0.632807
ACGTAGGAGAGTCGCT-1,0.798526,0.017598,0.183876
ACGTATTACTCCGATC-1,0.823896,0.025277,0.150827
ACGTCCTAAACGAGAT-1,0.120557,0.067195,0.812248
ACGTCGGGCAACTCGG-1,0.794732,0.082514,0.122754
ACGTCTCGTTCCGGGA-1,0.000311,0.341245,0.658444
ACGTGACAAAGTAAGT-1,0.810486,0.011395,0.178119
ACGTGCGCCTCGTGCA-1,0.530083,0.000057,0.46986
ACGTGGTCGAATGTGC-1,0.505171,0.022691,0.472139
ACGTTAATGTCGAAGA-1,0.308321,0.102158,0.589521
ACGTTAGATTTGCCCG-1,0.669972,0.017736,0.312292
ACGTTATTGGTCACTC-1,0.731748,0.000046,0.268206
ACGTTCACTATGCCGC-1,0.685222,0.0703,0.244478
ACGTTCCGCGCTCCGT-1,0.75263,0.000059,0.247311
ACGTTCGCAATCAATT-1,0.998452,0.000034,0.001513
ACGTTCGTTCAGGAAA-1,0.460317,0.226301,0.313382
ACGTTCTGTACAAGTC-1,0.808602,0.061699,0.1297
ACGTTGTCGTTGAAAG-1,0.691038,0.093196,0.215766
ACGTTTAGTTGTGATC-1,0.906848,0.000041,0.09311
ACGTTTCGGTGCACTT-1,0.072437,0.051801,0.875762
ACTAAGGACGCACACC-1,0.601595,0.292211,0.106194
ACTAATACGTCAGGCG-1,0.807832,0.001588,0.19058
ACTACAAAGAGAGGTG-1,0.611197,0.221706,0.167097
ACTACATCCCGACAAG-1,0.209859,0.071558,0.718584
ACTACCAGCTCTCTGG-1,0.399922,0.029155,0.570923
ACTACCATCCGAGGGC-1,0.305308,0.164637,0.530055
ACTACGCGTTAGAATT-1,0.347589,0.091731,0.56068
ACTAGTTGCGATCGTC-1,0.610527,0.005478,0.383995
ACTATATGCTGTGTTC-1,0.783352,0.000098,0.216551
ACTATCCAGGGCATGG-1,0.730758,0.062912,0.20633
ACTATCGCCGGCTAAA-1,0.005406,0.690555,0.304038
ACTATCTGCCCGCGTA-1,0.137944,0.61988,0.242176
ACTATGTCCAGCTGCC-1,0.400041,0.039147,0.560812
ACTATTCGTCCGTGGT-1,0.388044,0.126145,0.48581
ACTATTTCCGGGCCCA-1,0.833928,0.006169,0.159903
ACTCAACGAATGTATT-1,0.458528,0.000058,0.541414
ACTCAAGTGCAAGGCT-1,0.754341,0.183748,0.061911
ACTCAATAAAGGCACG-1,0.914043,0.004362,0.081595
ACTCAGACCTGCTTCT-1,0.858696,0.000048,0.141256
ACTCATGGCAGCCTTC-1,0.550548,0.09925,0.350202
ACTCCAATATCATCAT-1,0.781253,0.092993,0.125755
ACTCCCATTCCTAAAG-1,0.875189,0.078433,0.046378
ACTCCCGAATTCGTTT-1,0.422256,0.189187,0.388557
ACTCCCGTAGACTAGG-1,0.269095,0.364089,0.366816
ACTCCCTAATGCTAAA-1,0.649405,0.045991,0.304604
ACTCCCTAGAATAGTA-1,0.271971,0.06957,0.658459
ACTCCGGCCGACCACT-1,0.203301,0.160608,0.636092
ACTCGATGTATTTCAT-1,0.785578,0.013619,0.200803
ACTCGCCGTTCGATAA-1,0.046166,0.256026,0.697808
ACTCGCGATCTGACGC-1,0.138792,0.095345,0.765863
ACTCGTAACCCGTCCT-1,0.524746,0.134979,0.340275
ACTCGTCAGTAATCCC-1,0.192502,0.140337,0.667161
ACTCTAAACCTGGGAT-1,0.194282,0.004539,0.80118
ACTCTCTGACTTAGGT-1,0.462349,0.046371,0.49128
ACTCTCTTATACACGA-1,0.039255,0.191176,0.769569
ACTCTGACCTAATAGA-1,0.8696,0.083092,0.047309
ACTCTTCAGCTCCCGC-1,0.29418,0.365909,0.339912
ACTCTTGTATAGTAAC-1,0.641081,0.052753,0.306167
ACTGAAACGCCGTTAG-1,0.347588,0.481815,0.170597
ACTGAATGGCGAAAGT-1,0.003556,0.645034,0.35141
ACTGATTTAGTGATTC-1,0.601282,0.000096,0.398622
ACTGCCCGCCATTCTC-1,0.142478,0.543593,0.31393
ACTGCCGTCGTAACTC-1,0.679235,0.316991,0.003774
ACTGCGGACACACCGT-1,0.592774,0.073426,0.3338
ACTGCTCGGAAGGATG-1,0.373079,0.011012,0.615909
ACTGGCGAACCTGCGT-1,0.456514,0.154981,0.388505
ACTGGGATGCCAGTGC-1,0.128744,0.225664,0.645592
ACTGTACGATACACAT-1,0.672064,0.035213,0.292723
ACTGTAGCACTTTGGA-1,0.336852,0.00008,0.663068
ACTGTATACGCGAGCA-1,0.104968,0.000075,0.894957
ACTGTCCAGGATTATA-1,0.523558,0.014611,0.46183
ACTGTCTTCTTTAGAA-1,0.523579,0.009585,0.466836
ACTGTGCTAGTAGATC-1,0.066882,0.056632,0.876486
ACTGTTTAGTGTAGGC-1,0.901555,0.020745,0.0777
ACTTACCGGGCGCGCA-1,0.678958,0.02888,0.292162
ACTTACGCATCCACGC-1,0.572421,0.117085,0.310494
ACTTAGTACGACAAGA-1,0.146366,0.011109,0.842526
ACTTATACTTACCCGG-1,0.77392,0.185805,0.040275
ACTTATCTGATCTATA-1,0.185815,0.000061,0.814124
ACTTATTAGGATCGGT-1,0.873049,0.008479,0.118472
ACTTATTTATGTGCCA-1,0.446969,0.042104,0.510926
ACTTCAGGCTGATCCC-1,0.086085,0.381655,0.53226
ACTTCCAGTGGAAGCT-1,0.360975,0.062964,0.576061
ACTTCCATGCGGGACA-1,0.747176,0.067004,0.185821
ACTTCCTGTCGTGCGA-1,0.156478,0.053324,0.790198
ACTTCGCCATACGCAC-1,0.999892,0.000036,0.000072
ACTTCGCTAGCGAGTG-1,0.630042,0.02325,0.346709
ACTTGACTCCCTCTTT-1,0.201759,0.307531,0.49071
ACTTGCCATATTGTAC-1,0.537853,0.003114,0.459033
ACTTGCTCTATCTACC-1,0.408194,0.033719,0.558087
ACTTGGGACCCGGTGG-1,0.682901,0.055076,0.262023
ACTTGGGCTTTCGCCA-1,0.25828,0.323586,0.418135
ACTTGTAGTCCCTTCA-1,0.190153,0.082501,0.727346
ACTTGTGGATGGAACG-1,0.537193,0.016521,0.446285
ACTTGTTACCGGATCA-1,0.019235,0.121547,0.859218
ACTTTACCCTCATGAA-1,0.37798,0.070496,0.551523
ACTTTATACACCACTT-1,0.674585,0.217876,0.107539
ACTTTCCTATAGCTTC-1,0.740905,0.050139,0.208957
ACTTTGACTGCATCCT-1,0.692697,0.209422,0.097881
ACTTTGGTCGTGCTCC-1,0.000759,0.803263,0.195978
ACTTTGTCGACGCACT-1,0.269122,0.338921,0.391957
AGAAATTATGACTCGC-1,0.014924,0.427398,0.557678
AGAACACGGCGATGGT-1,0.646477,0.007644,0.345879
AGAACCCAGCGTGACA-1,0.463501,0.268767,0.267731
AGAACCCTCAATTGGG-1,0.332022,0.023885,0.644093
AGAACGTGGTACATTC-1,0.831704,0.00518,0.163116
AGAACTGTACTTTGTA-1,0.551563,0.245965,0.202471
AGAAGAGCGCCGTTCC-1,0.836793,0.161611,0.001595
AGAAGGTACACTTCAC-1,0.676377,0.145512,0.178111
AGAAGGTTGCCGAATT-1,0.983265,0.016134,0.000601
AGAAGGTTGTAGGTCG-1,0.519276,0.337706,0.143019
AGAAGTGATTCGTGAT-1,0.462067,0.067784,0.470149
AGAATAAATCTTCAGG-1,0.22138,0.118097,0.660523
AGAATACAGGCTATCC-1,0.029029,0.800632,0.170339
AGAATGCGGGTTCGGA-1,0.174158,0.030463,0.79538
AGAATTATGGATTCGA-1,0.64664,0.182446,0.170914
AGAATTGTTTGACATA-1,0.820289,0.013532,0.166179
AGACAGCTCAGAATCC-1,0.739913,0.008825,0.251262
AGACAGGCATCTCAGC-1,0.333136,0.293438,0.373426
AGACATAGATCCTTCC-1,0.387758,0.003635,0.608607
AGACCAAACCACACCT-1,0.512429,0.076471,0.4111
AGACCATGGGATACAA-1,0.879659,0.000029,0.120312
AGACCCACCGCTGATC-1,0.862159,0.028477,0.109364
AGACCCGCCCTCCTCG-1,0.461311,0.000056,0.538633
AGACCGCTCCGCGGTT-1,0.444473,0.000081,0.555446
AGACCGGGAAACCCTG-1,0.520256,0.02699,0.452754
AGACGAAGTGCCGGTC-1,0.554504,0.054854,0.390642
AGACGACGATGCCGCT-1,0.51335,0.031356,0.455294
AGACGCCCACTTCGCC-1,0.627963,0.055379,0.316658
AGACGGGATTGGTATA-1,0.791456,0.018086,0.190458
AGACGGGCCGATTTAA-1,0.50495,0.066984,0.428066
AGACTAGCCTTCCAGA-1,0.222436,0.000095,0.777469
AGACTGTTACCGGGTC-1,0.679908,0.0035,0.316592
AGAGAAACACCAGAAA-1,0.389238,0.111551,0.499211
AGAGAACCGTCTAGGA-1,0.000289,0.000058,0.999654
AGAGAAGGAGTACAAT-1,0.68017,0.003755,0.316076
AGAGATCTCTAAAGCG-1,0.09995,0.056451,0.843599
AGAGCAGTTATGAGAC-1,0.923757,0.024757,0.051485
AGAGCCGCCGAGATTT-1,0.454876,0.145413,0.399711
AGAGCGCTTGTAACGG-1,0.233348,0.119375,0.647277
AGAGCGGGCTAATCAT-1,0.820341,0.023218,0.156441
AGAGCGTACAAGCTCG-1,0.640397,0.000057,0.359546
AGAGCTACGAAAGCAT-1,0.361545,0.000045,0.638411
AGAGGCTTCGGAAACC-1,0.562678,0.095734,0.341587
AGAGGGACAATTGTCC-1,0.025154,0.269687,0.705159
AGAGGTATCTCGGTCC-1,0.282054,0.00764,0.710306
AGAGTAAACTTCACTA-1,0.10982,0.328886,0.561294
AGAGTATAGTGTTACG-1,0.142369,0.236745,0.620886
AGAGTCTTAATGAAAG-1,0.462136,0.081658,0.456206
AGAGTGAACAGACACC-1,0.603723,0.000877,0.3954
AGAGTTAGAGACCGAT-1,0.10504,0.000149,0.894811
AGAGTTGCAGGCCTCC-1,0.633636,0.269769,0.096595
AGATAACTTCAGGGCC-1,0.31951,0.189379,0.491111
AGATAATCACACCTAT-1,0.759163,0.186853,0.053985
AGATACCAATAGAACC-1,0.908803,0.052151,0.039046
AGATACCAGCACTTCA-1,0.310687,0.158757,0.530555
AGATACCGGTGTTCAC-1,0.213939,0.007793,0.778268
AGATACGACTTCATAT-1,0.287537,0.032351,0.680112
AGATACTCAAGATCGA-1,0.826256,0.072547,0.101197
AGATATAATACGACTA-1,0.577946,0.067202,0.354853
AGATCGTGCATAAGAT-1,0.288151,0.054186,0.657663
AGATCTCAGGTGTGAT-1,0.658245,0.000078,0.341677
AGATCTGGAGAGGATA-1,0.238359,0.47657,0.285071
AGATGACTCGCCCACG-1,0.615694,0.005168,0.379139
AGATGAGGGTTGCGAT-1,0.130379,0.113267,0.756354
AGATGATGGAGTCTGG-1,0.498714,0.05758,0.443706
AGATGCAAGACGTGCA-1,0.344056,0.262478,0.393466
AGATGCATCCTGTGTC-1,0.408288,0.000066,0.591647
AGATGCTATAACGAGC-1,0.242585,0.000074,0.757341
AGATTATAGGACGTTT-1,0.315306,0.000123,0.684571
AGATTCAAGCGGGTCG-1,0.906765,0.020179,0.073056
AGATTCACAACCGATA-1,0.000343,0.475257,0.5244
AGCAAAGGCCGCTAGT-1,0.582392,0.085367,0.332241
AGCAACATATCTTATT-1,0.801881,0.110615,0.087504
AGCAACCGAAAGTAAT-1,0.221886,0.189268,0.588847
AGCACACGTTTAGACT-1,0.300861,0.347612,0.351527
AGCACCAGTACTCACG-1,0.513955,0.000068,0.485976
AGCACTACCGGCCTGT-1,0.662512,0.082104,0.255384
AGCACTACCTCACCAG-1,0.623089,0.029826,0.347085
AGCACTTAAGGACGCC-1,0.699501,0.017886,0.282612
AGCAGAAGGAGAAAGA-1,0.869186,0.023144,0.10767
AGCAGCCAGATGAATA-1,0.952028,0.00294,0.045031
AGCAGTCGAAGCATGC-1,0.731929,0.113411,0.15466
AGCATATCAATATGCT-1,0.612654,0.283423,0.103923
AGCATCATTTCGAAAG-1,0.794175,0.056492,0.149333
AGCATCGTCGATAATT-1,0.231742,0.033773,0.734486
AGCATTACGAGGCAAG-1,0.623664,0.062666,0.313671
AGCCAAGCTTTGTGTC-1,0.819774,0.09557,0.084656
AGCCACAGGTTACCCG-1,0.792866,0.082774,0.12436
AGCCACTCCCGTGCTT-1,0.925536,0.002651,0.071813
AGCCATATAGTATGTG-1,0.838064,0.036338,0.125598
AGCCCATACATGTAAG-1,0.664862,0.022692,0.312445
AGCCCGCAACAAGCAG-1,0.482512,0.258099,0.259389
AGCCCGCACTACAATG-1,0.034998,0.322299,0.642702
AGCCCGGCATTAGAGG-1,0.100757,0.268632,0.630611
AGCCCGGTAGCCTGTA-1,0.540413,0.020704,0.438883
AGCCCTAAGCGAAGTT-1,0.502167,0.007099,0.490733
AGCCCTCCCTGGTGGC-1,0.462621,0.347958,0.189421
AGCCCTGTCGCACCGT-1,0.847329,0.001187,0.151484
AGCCCTTCTAATCCGA-1,0.769734,0.000064,0.230203
AGCCCTTGGACATCCC-1,0.408661,0.158755,0.432583
AGCCGCAAATTCAAAT-1,0.499494,0.020292,0.480214
AGCCGCTTGATTAGCG-1,0.281038,0.00005,0.718912
AGCCGTGGCTAAATGT-1,0.610277,0.018343,0.371381
AGCCTAATACCCACGT-1,0.066364,0.175448,0.758188
AGCCTTAAAGCGGAAG-1,0.490346,0.000034,0.509619
AGCCTTGTCACTGATA-1,0.000325,0.248144,0.751531
AGCGACAGGAACGGTC-1,0.78997,0.000039,0.209991
AGCGACATCCCATTCA-1,0.501993,0.000046,0.497961
AGCGACCAACGATATT-1,0.429534,0.151657,0.41881
AGCGACTTTGAAGACA-1,0.475192,0.350967,0.173841
AGCGAGACGTGAAGGC-1,0.061454,0.129616,0.80893
AGCGATGCGCCTAATA-1,0.607073,0.101753,0.291174
AGCGCATAATGAATCG-1,0.123835,0.007748,0.868418
AGCGCGGGTGCCAATG-1,0.56531,0.011649,0.423041
AGCGCTAGAGCGATGT-1,0.966377,0.026887,0.006736
AGCGCTTATGGGCAAG-1,0.693506,0.020772,0.285722
AGCGGACACTTCGTAG-1,0.239486,0.019655,0.740859
AGCGGCGGTTAGCGGT-1,0.390195,0.22913,0.380674
AGCGGGAAGGGTCCAT-1,0.167372,0.000086,0.832543
AGCGGGTCTGACACTC-1,0.112468,0.073019,0.814512
AGCGGTTGAGATGTAC-1,0.668574,0.075149,0.256277
AGCGGTTGCCGCTCTG-1,0.292299,0.336754,0.370947
AGCGTACGAGAGCTAG-1,0.573177,0.001174,0.425649
AGCGTAGCGCTAGACC-1,0.151248,0.00008,0.848673
AGCGTCTGAACCCGCA-1,0.527478,0.000055,0.472467
AGCGTGGTATTCTACT-1,0.596062,0.093706,0.310231
AGCGTTCCGATTTAAA-1,0.822582,0.0006,0.176818
AGCTAACAAGCAATGT-1,0.841844,0.003756,0.1544
AGCTAAGCTCCGTCCG-1,0.653563,0.147304,0.199133
AGCTAAGTACGCAGGC-1,0.510196,0.030154,0.45965
AGCTACGAATGGTGGT-1,0.304106,0.306702,0.389192
AGCTAGAAGCAGAAGT-1,0.631145,0.000058,0.368797
AGCTATTTAATCCAAC-1,0.310285,0.043865,0.64585
AGCTCCATATATGTTC-1,0.303543,0.208061,0.488397
AGCTCCTTCGCACATC-1,0.964546,0.024861,0.010593
AGCTCGTTGATGGAAA-1,0.091943,0.824753,0.083304
AGCTCTAGACGTTCCA-1,0.575402,0.027055,0.397542
AGCTCTTCCCAGTGCA-1,0.571023,0.000097,0.42888
AGCTCTTCGTAACCTT-1,0.410956,0.058474,0.53057
AGCTCTTTACTCAGTT-1,0.801818,0.074899,0.123284
AGCTGAAGTAAACCAA-1,0.930346,0.025992,0.043661
AGCTGCATTTGAGGTG-1,0.318176,0.117358,0.564467
AGCTGCTGTGCCGAAT-1,0.902347,0.079406,0.018247
AGCTGTAACCTCAATC-1,0.903952,0.0688,0.027248
AGCTTATAGAGACCTG-1,0.16055,0.179578,0.659871
AGCTTCAATACTTTGA-1,0.214936,0.000586,0.784478
AGCTTCTTCTCGAGCA-1,0.780468,0.050351,0.169182
AGCTTGATCAGGGTAG-1,0.031935,0.490615,0.47745
AGCTTGATCTTAACTT-1,0.627027,0.030682,0.342291
AGGAAAGCCTCTGATG-1,0.534129,0.032316,0.433555
AGGAACGAACGACTTC-1,0.80184,0.160255,0.037904
AGGAAGCTGTCCGCCG-1,0.18526,0.113616,0.701124
AGGACAGTCGAATCCC-1,0.236376,0.048182,0.715441
AGGACATCGCACGTCG-1,0.565968,0.129099,0.304933
AGGACATCGGCACACT-1,0.559165,0.216246,0.224588
AGGACGACCCATTAGA-1,0.425956,0.05569,0.518353
AGGACGCTCGATGTTG-1,0.934141,0.003101,0.062759
AGGACTTATAGGAGAA-1,0.040701,0.000094,0.959205
AGGAGACATCCACAGT-1,0.550073,0.20746,0.242467
AGGAGAGTCTGGCTAC-1,0.670123,0.061488,0.268389
AGGAGCGTTTATTATC-1,0.548165,0.414469,0.037366
AGGAGGCCTTCGCGCG-1,0.165542,0.188197,0.646261
AGGATAAAGTCGGGAT-1,0.273911,0.058981,0.667109
AGGATATAGGGATTTA-1,0.588309,0.072884,0.338807
AGGATATCCGACTGCA-1,0.79,0.039207,0.170793
AGGATCACGCGATCTG-1,0.448272,0.037209,0.51452
AGGATTGCTTACGACA-1,0.093046,0.302195,0.604758
AGGCAAAGAGGAATCA-1,0.620675,0.001847,0.377477
AGGCAATACGGAGGAC-1,0.635212,0.000038,0.36475
AGGCACGTGACTGTCC-1,0.657167,0.18163,0.161203
AGGCAGATGCGTAAAC-1,0.973013,0.009413,0.017574
AGGCAGGGAGCGTACT-1,0.659973,0.023786,0.31624
AGGCATTGTCGTAGGG-1,0.51447,0.292333,0.193197
AGGCCACATTGGTTAC-1,0.40961,0.268402,0.321988
AGGCCACCCGTTATGA-1,0.473437,0.014105,0.512458
AGGCCCAGTGACTGGT-1,0.674028,0.013667,0.312305
AGGCCCATTGTACAGG-1,0.872005,0.001438,0.126557
AGGCCCTAGAACGCCA-1,0.731482,0.06373,0.204788
AGGCCTATCATACCAA-1,0.665898,0.044902,0.2892
AGGCCTGAGAATCTCG-1,0.355067,0.058552,0.586382
AGGCGATAACTGGCGT-1,0.761045,0.171361,0.067594
AGGCGGTTTGTCCCGC-1,0.692285,0.023602,0.284113
AGGCGTCTATGGACGG-1,0.295379,0.179538,0.525083
AGGCTATGGTTAGCTT-1,0.573535,0.042159,0.384306
AGGCTTAAGTTGCACA-1,0.107292,0.277213,0.615495
AGGCTTCCCGAAGAAG-1,0.752804,0.069112,0.178084
AGGCTTGCTAGACACC-1,0.685501,0.130964,0.183535
AGGGAAACGAGGTACT-1,0.305591,0.218551,0.475858
AGGGACAGCACGGCGG-1,0.4194,0.017743,0.562857
AGGGACCGGCTGCGTT-1,0.561772,0.026439,0.411789
AGGGACTCTACGCGAC-1,0.849798,0.031608,0.118594
AGGGAGACATACTTCG-1,0.088343,0.144447,0.76721
AGGGCAGCGGCGTGGT-1,0.749305,0.090023,0.160673
AGGGCCCTAATGTTCT-1,0.79216,0.070886,0.136955
AGGGCGAGCAGCTGAT-1,0.054341,0.124303,0.821355
AGGGCGTGATCGGCTA-1,0.334639,0.049542,0.61582
AGGGCTGCAGTTACAG-1,0.462263,0.002099,0.535638
AGGGTCAGAGCACTCG-1,0.931913,0.044089,0.023999
AGGGTCAGTAACCCTA-1,0.30048,0.140318,0.559201
AGGGTCGATGCGAACT-1,0.586255,0.155067,0.258677
AGGGTCTGGACGCAGT-1,0.897911,0.030095,0.071994
AGGGTGCCGTTCTTTA-1,0.593942,0.021825,0.384233
AGGGTGCTCTCGAGGG-1,0.589509,0.148705,0.261786
AGGGTGGATAGTGCAT-1,0.921129,0.061043,0.017828
AGGGTGTGCTACACGC-1,0.324613,0.070933,0.604453
AGGGTTCAGACGGTCC-1,0.660423,0.277639,0.061938
AGGGTTCCCTTTGGTT-1,0.519639,0.071522,0.408839
AGGGTTTAGTTCGGGA-1,0.711356,0.149087,0.139557
AGGTAACCTCCTATTC-1,0.291593,0.002532,0.705874
AGGTACGATATTGCCA-1,0.769096,0.035614,0.195291
AGGTAGATCGAGATAT-1,0.640228,0.005051,0.354721
AGGTAGGTACAAAGCT-1,0.675152,0.009328,0.31552
AGGTATAATTGATAGT-1,0.939993,0.048675,0.011331
AGGTATGCGGACATTA-1,0.700622,0.058319,0.241059
AGGTCAGGTGAGAGTG-1,0.914938,0.002782,0.08228
AGGTCGCCACTTCGGT-1,0.396765,0.03124,0.571995
AGGTCGCCTCCCAACA-1,0.220808,0.153505,0.625687
AGGTCGCGGAGTTACT-1,0.653552,0.090843,0.255604
AGGTGCACGTCCACAT-1,0.916374,0.026342,0.057283
AGGTGGTGACCTTCGC-1,0.889022,0.013945,0.097033
AGGTGTATCGCCATGA-1,0.191327,0.273177,0.535496
AGGTGTTGCCGACCAC-1,0.716834,0.180519,0.102647
AGGTTACACCATGCCG-1,0.785344,0.0145,0.200156
AGGTTCTCCTTTCCGG-1,0.247246,0.035514,0.71724
AGGTTGAGGCACGCTT-1,0.67525,0.022626,0.302123
AGGTTTCACACACCTT-1,0.581487,0.041403,0.37711
AGTAACGTTCATCCTG-1,0.893186,0.000067,0.106747
AGTAACTATAGCAGCC-1,0.198248,0.06752,0.734233
AGTAAGGGACAGAATC-1,0.001911,0.054563,0.943526
AGTAATCTAAGGGTGG-1,0.689931,0.245474,0.064595
AGTAATGTCTTGCCGC-1,0.811318,0.005569,0.183113
AGTAATTTGCAAGCGT-1,0.453283,0.136647,0.410069
AGTACAGAAGCTTATA-1,0.209151,0.28769,0.503159
AGTACATCATTTATCA-1,0.282895,0.278775,0.43833
AGTACCTTCGAGTGCT-1,0.314507,0.001799,0.683694
AGTACGGCCCGTATCG-1,0.764752,0.016935,0.218313
AGTACGGGCACCTGGC-1,0.715209,0.084881,0.19991
AGTACGTGGCCTGTCT-1,0.229449,0.125401,0.64515
AGTACTCTTATGCCCA-1,0.876192,0.085805,0.038003
AGTAGAAGGCGCCTCA-1,0.981613,0.00532,0.013067
AGTAGCGTGAACGAAC-1,0.128744,0.000097,0.871158
AGTAGCTAGACGCCGA-1,0.457906,0.084337,0.457757
AGTAGGAAGGAAGTTG-1,0.095332,0.204313,0.700355
AGTAGGTAACATACAT-1,0.346077,0.093334,0.560589
AGTATAATACTAGGCA-1,0.110756,0.018347,0.870896
AGTATACACAGCGACA-1,0.918442,0.010298,0.071261
AGTATCCATAATAACG-1,0.873872,0.000034,0.126093
AGTATGCTGGAGACCA-1,0.7915,0.038859,0.169641
AGTATTTGGCACGACC-1,0.80689,0.047013,0.146098
AGTCAAATGATGTGAT-1,0.422497,0.148906,0.428597
AGTCAACACCACCATC-1,0.558123,0.145301,0.296576
AGTCAAGATGACACTT-1,0.581189,0.036741,0.382071
AGTCACTAGCTCTCGA-1,0.30104,0.089724,0.609236
