Barcode,Topic 1,Topic 2,Topic 3,Topic 4,Topic 5,Topic 6,Topic 7,Topic 8
AAACAACGAATAGTTC-1,0.077641,0.247601,0.025292,0.112213,0.106505,0.00004,0.368863,0.061845
AAACAAGTATCTCCCA-1,0.005428,0.114701,0.020531,0.004701,0.009273,0.049425,0.721407,0.074535
AAACAATCTACTAGCA-1,0.01021,0.083035,0.018972,0.037777,0.000057,0.007395,0.643603,0.198951
AAACACCAATAACTGC-1,0.104251,0.286698,0.285812,0.036509,0.006262,0.07296,0.056831,0.150678
AAACAGAGCGACTCCT-1,0.12843,0.107145,0.039659,0.095703,0.000073,0.123919,0.499573,0.005497
AAACAGCTTTCAGAAG-1,0.137332,0.125361,0.187147,0.056747,0.000036,0.427928,0.022855,0.042595
AAACAGGGTCTATATT-1,0.040721,0.119411,0.095686,0.583918,0.00002,0.00002,0.075213,0.085012
AAACAGTGTTCCTGGG-1,0.055361,0.090502,0.340094,0.047449,0.000031,0.24857,0.147602,0.070391
AAACATGGTGAGAGGA-1,0.035373,0.076367,0.034392,0.023618,0.000038,0.053356,0.391582,0.385274
AAACATTTCCCGGATT-1,0.021699,0.2251,0.498418,0.02175,0.000029,0.012656,0.021998,0.198351
AAACCACTACACAGAT-1,0.026833,0.09693,0.180942,0.078853,0.006382,0.006465,0.354435,0.24916
AAACCCGAACGAAATC-1,0.125877,0.219857,0.450648,0.047699,0.006506,0.042271,0.095354,0.011787
AAACCGGAAATGTTAA-1,0.070366,0.067995,0.130157,0.01621,0.01479,0.169535,0.351305,0.179642
AAACCGGGTAGGTACC-1,0.139512,0.190546,0.298789,0.329479,0.000023,0.010612,0.022488,0.008551
AAACCGTTCGTCCAGG-1,0.008996,0.00999,0.02073,0.00074,0.002636,0.010341,0.037663,0.908903
AAACCTAAGCAGCCGG-1,0.079551,0.229786,0.442588,0.027089,0.000021,0.070606,0.099115,0.051244
AAACCTCATGAAGTTG-1,0.093408,0.339637,0.237587,0.116032,0.000039,0.084952,0.111721,0.016624
AAACGAAGAACATACC-1,0.055366,0.093876,0.04707,0.065984,0.000055,0.035066,0.57904,0.123544
AAACGAAGATGGAGTA-1,0.156269,0.239171,0.076754,0.097286,0.00228,0.278953,0.078875,0.070411
AAACGACAGTCTTGCC-1,0.012702,0.062948,0.059575,0.001038,0.000055,0.023306,0.659002,0.181374
AAACGAGACGGTTGAT-1,0.112956,0.17092,0.291101,0.039289,0.00006,0.103012,0.102794,0.179868
AAACGCCCGAGATCGG-1,0.000035,0.000035,0.000035,0.814901,0.013373,0.029099,0.008208,0.134314
AAACGGGCGTACGGGT-1,0.013505,0.069397,0.114021,0.000354,0.00506,0.15112,0.535011,0.111532
AAACGGGTTGGTATCC-1,0.336586,0.137532,0.120671,0.013783,0.006129,0.00614,0.329593,0.049565
AAACGGTTGCGAACTG-1,0.253147,0.062248,0.143702,0.03317,0.00769,0.198412,0.204028,0.097605
AAACGTGTTCGCCCTA-1,0.073072,0.000067,0.02043,0.238218,0.000202,0.094199,0.020406,0.553406
AAACTAACGTGGCGAC-1,0.072303,0.102366,0.388959,0.094834,0.000047,0.064157,0.097921,0.179412
AAACTCGGTTCGCAAT-1,0.168433,0.083748,0.034182,0.042355,0.000045,0.128459,0.335598,0.20718
AAACTCGTGATATAAG-1,0.052844,0.015115,0.013857,0.16109,0.002002,0.149942,0.085884,0.519266
AAACTGCTGGCTCCAA-1,0.100143,0.165789,0.31858,0.05487,0.000057,0.012734,0.319008,0.028818
AAACTTAATTGCACGC-1,0.153574,0.155245,0.33394,0.212576,0.006337,0.002375,0.127875,0.008078
AAACTTGCAAACGTAT-1,0.096359,0.487454,0.152427,0.026295,0.000044,0.00321,0.226654,0.007557
AAAGAATGACCTTAGA-1,0.125144,0.186756,0.166807,0.080864,0.011957,0.037236,0.250042,0.141194
AAAGAATGTGGACTAA-1,0.133438,0.099584,0.079399,0.212136,0.008743,0.194884,0.224796,0.047019
AAAGACATGAAGTTTA-1,0.043298,0.200258,0.077671,0.063431,0.007237,0.089093,0.349064,0.169947
AAAGACCCAAGTCGCG-1,0.151619,0.083291,0.035226,0.08437,0.000045,0.013039,0.191517,0.440893
AAAGACTGGGCGCTTT-1,0.033823,0.525425,0.12637,0.08167,0.000045,0.039824,0.192024,0.00082
AAAGCTTGCCTACATA-1,0.019009,0.070357,0.057814,0.212456,0.004394,0.176448,0.437144,0.022377
AAAGGCCCTATAATAC-1,0.066123,0.046863,0.060227,0.006662,0.007137,0.552765,0.227734,0.03249
AAAGGCTACGGACCAT-1,0.114378,0.251318,0.195019,0.088434,0.011815,0.090794,0.201637,0.046606
AAAGGCTCTCGCGCCG-1,0.045893,0.272325,0.232664,0.099196,0.000048,0.048712,0.159638,0.141523
AAAGGGATGTAGCAAG-1,0.160893,0.323983,0.212271,0.097434,0.004238,0.030681,0.119778,0.050723
AAAGGGCAGCTTGAAT-1,0.214775,0.205865,0.191631,0.027358,0.011665,0.060986,0.126297,0.161424
AAAGGTAAGCTGTACC-1,0.008547,0.342718,0.06059,0.174854,0.000083,0.085724,0.301633,0.025852
AAAGGTCAACGACATG-1,0.074048,0.075457,0.072999,0.096468,0.000036,0.056908,0.198452,0.425631
AAAGTAGCATTGCTCA-1,0.291253,0.199516,0.240991,0.050431,0.002067,0.046756,0.160775,0.00821
AAAGTCACTGATGTAA-1,0.062436,0.048821,0.039342,0.084192,0.032129,0.188923,0.300363,0.243794
AAAGTCGACCCTCAGT-1,0.131699,0.451975,0.354648,0.039281,0.001237,0.012175,0.008966,0.000019
AAAGTGCCATCAATTA-1,0.017657,0.261387,0.071114,0.00313,0.00004,0.059563,0.573568,0.013541
AAAGTGTGATTTATCT-1,0.006241,0.053431,0.057274,0.008109,0.016426,0.414379,0.219658,0.224483
AAAGTTGACTCCCGTA-1,0.059278,0.134911,0.640315,0.06986,0.001716,0.090176,0.000337,0.003407
AAATAACCATACGGGA-1,0.00814,0.251709,0.024157,0.017433,0.000074,0.036409,0.301428,0.360651
AAATAAGGTAGTGCCC-1,0.11795,0.39579,0.256565,0.105816,0.000038,0.065283,0.050664,0.007893
AAATACCTATAAGCAT-1,0.063375,0.161716,0.692315,0.029561,0.000028,0.001539,0.045366,0.006099
AAATAGCTTAGACTTT-1,0.109952,0.34629,0.184797,0.040747,0.000054,0.047333,0.246492,0.024335
AAATAGGGTGCTATTG-1,0.029026,0.08043,0.005073,0.011828,0.000074,0.062654,0.427164,0.383751
AAATCACTCCTAAACG-1,0.01885,0.01908,0.001619,0.01161,0.00578,0.132816,0.165953,0.644292
AAATCCGATACACGCC-1,0.057166,0.255064,0.191892,0.01512,0.000034,0.216265,0.236227,0.028233
AAATCGCGGAAGGAGT-1,0.000013,0.000013,0.000013,0.999911,0.000013,0.000013,0.000013,0.000013
AAATCGTGTACCACAA-1,0.001924,0.000064,0.0079,0.002939,0.007962,0.000064,0.001278,0.97787
AAATCTAGCCCTGCTA-1,0.120855,0.112558,0.374699,0.011649,0.125386,0.081376,0.041425,0.132053
AAATCTGCCCGCGTCC-1,0.213001,0.236086,0.224051,0.028229,0.000037,0.061293,0.234275,0.003028
AAATGACTGATCAAAC-1,0.064687,0.112088,0.027024,0.056713,0.017537,0.290805,0.368609,0.062537
AAATGATTCGATCAGC-1,0.007982,0.086735,0.000124,0.101425,0.010029,0.229818,0.413511,0.150376
AAATGCTCGTTACGTT-1,0.090987,0.451533,0.251244,0.079738,0.001841,0.067955,0.048634,0.008068
AAATGGCATGTCTTGT-1,0.132945,0.261688,0.156978,0.223701,0.000034,0.000034,0.064135,0.160487
AAATGGCCCGTGCCCT-1,0.074406,0.053103,0.004904,0.062203,0.000063,0.054657,0.536392,0.214271
AAATGGTCAATGTGCC-1,0.222182,0.41769,0.105352,0.051133,0.000059,0.005063,0.067378,0.131143
AAATGTATCTTATCCC-1,0.080438,0.56866,0.092514,0.086281,0.000038,0.009536,0.15854,0.003995
AAATGTGGGTGCTCCT-1,0.076732,0.305422,0.030716,0.126474,0.000066,0.000719,0.372134,0.087738
AAATTAACGGGTAGCT-1,0.058748,0.238809,0.241262,0.056163,0.000059,0.000109,0.174377,0.230473
AAATTAATAAGCGCGA-1,0.026808,0.073514,0.021021,0.048513,0.034458,0.181406,0.305193,0.309087
AAATTACACGACTCTG-1,0.163707,0.129297,0.004637,0.139343,0.00007,0.002464,0.112659,0.447823
AAATTACCTATCGATG-1,0.074794,0.054932,0.044081,0.14571,0.024434,0.135833,0.339103,0.181114
AAATTCCAGGTCCAAA-1,0.040102,0.314883,0.179246,0.029216,0.000044,0.100688,0.157194,0.178627
AAATTGATAGTCCTTT-1,0.283268,0.140947,0.169705,0.088142,0.000046,0.159455,0.13511,0.023327
AAATTGCGGCGGTTCT-1,0.300408,0.079511,0.0835,0.209005,0.01046,0.005019,0.280038,0.032059
AAATTGGTGAGAAGCA-1,0.000088,0.000088,0.000088,0.013762,0.172975,0.210009,0.334182,0.268808
AAATTTACCGAAATCC-1,0.058287,0.231008,0.118893,0.026227,0.000044,0.004608,0.185203,0.375732
AAATTTGCGGGTGTGG-1,0.012734,0.046702,0.000065,0.014198,0.00159,0.24503,0.631828,0.047854
AACAACTGGTAGTTGC-1,0.032684,0.230384,0.102449,0.141255,0.00007,0.0249,0.186152,0.282106
AACAATACATTGTCGA-1,0.087769,0.168515,0.092105,0.020713,0.000033,0.000998,0.074855,0.555013
AACAATTACTCTACGC-1,0.24282,0.012155,0.022534,0.13851,0.002152,0.339027,0.108163,0.13464
AACACACGCTCGCCGC-1,0.048076,0.484822,0.089383,0.005498,0.00358,0.015219,0.15415,0.199272
AACACGACTGTACTGA-1,0.022486,0.0318,0.004925,0.047849,0.002958,0.132494,0.238334,0.519152
AACACGAGACGCGGCC-1,0.025454,0.040258,0.020527,0.014791,0.004365,0.047746,0.838309,0.00855
AACACGCGGCCGCGAA-1,0.024642,0.091849,0.04131,0.00837,0.000058,0.000058,0.786384,0.047329
AACAGCTGTGTGGCAA-1,0.239045,0.210771,0.193416,0.041169,0.00002,0.181583,0.015027,0.118969
AACAGGAAATCGAATA-1,0.050047,0.201642,0.096574,0.187753,0.00395,0.066148,0.332373,0.061514
AACAGGATGGGCCGCG-1,0.071411,0.384444,0.058025,0.10842,0.001201,0.054329,0.153703,0.168468
AACAGGTAGTATGGAT-1,0.000032,0.000948,0.002712,0.061288,0.934924,0.000032,0.000032,0.000032
AACATAGCGTGTATCG-1,0.074373,0.243102,0.283372,0.013987,0.001264,0.067877,0.068848,0.247178
AACATATCAACTGGTG-1,0.21427,0.333651,0.229003,0.15117,0.006932,0.017122,0.044773,0.003079
AACATCGATACGTCTA-1,0.000116,0.000584,0.015438,0.117537,0.000116,0.162733,0.432194,0.271282
AACATTGAAGTTGATC-1,0.142003,0.080218,0.098369,0.010874,0.000967,0.43995,0.078288,0.149331
AACATTGGTCAGCCGT-1,0.056561,0.093534,0.006084,0.011626,0.000095,0.000095,0.792939,0.039066
AACATTGTGACTCGAG-1,0.088699,0.317527,0.510217,0.038985,0.006478,0.000027,0.03804,0.000027
AACCAAGACTTCTCTG-1,0.033896,0.292941,0.06743,0.128414,0.000058,0.098943,0.369706,0.008612
AACCAGTATCACTCTT-1,0.013964,0.047913,0.000108,0.210671,0.000108,0.262641,0.216235,0.248361
AACCATAGGGTTGAAC-1,0.03777,0.362975,0.106583,0.066248,0.013848,0.036012,0.370316,0.006247
AACCATGGGATCGCTA-1,0.046057,0.099588,0.025145,0.03647,0.000088,0.000088,0.542332,0.250232
AACCCAGAGACGGAGA-1,0.082255,0.200304,0.156725,0.299517,0.000043,0.035497,0.123276,0.102384
AACCCATCCCATGATC-1,0.030386,0.128277,0.047011,0.000069,0.002717,0.018466,0.516486,0.256586
AACCCGACAACCCGTG-1,0.193152,0.221943,0.341386,0.030145,0.000025,0.03393,0.018228,0.161191
AACCCGAGCAGAATCG-1,0.010421,0.192603,0.045069,0.076512,0.000076,0.120814,0.540614,0.01389
AACCCGATAGGGCTTC-1,0.081262,0.160806,0.141796,0.075827,0.000038,0.011448,0.317437,0.211385
AACCCGCTGTATTCCA-1,0.219321,0.008568,0.031804,0.034822,0.000024,0.361529,0.008569,0.335363
AACCCTACTGTCAATA-1,0.093443,0.089773,0.116273,0.015239,0.015817,0.185703,0.313728,0.170024
AACCCTGGTGGAACCA-1,0.07029,0.085724,0.107066,0.14613,0.00191,0.251096,0.29501,0.042774
AACCGAGCTTGGTCAT-1,0.067403,0.355106,0.01828,0.098745,0.00484,0.110756,0.303115,0.041755
AACCGCTAAGGGATGC-1,0.013822,0.132331,0.015037,0.021888,0.012357,0.176936,0.496577,0.131054
AACCGTTGTGTTTGCT-1,0.345799,0.184725,0.103633,0.214818,0.000038,0.008744,0.021684,0.120558
AACCTAAAGCCGTCCG-1,0.11317,0.196674,0.01839,0.025866,0.003538,0.000067,0.540085,0.102209
AACCTCGCTTTAGCCC-1,0.071957,0.288107,0.110319,0.023535,0.000072,0.054819,0.334152,0.117038
AACCTGTCACGGAATT-1,0.000066,0.006037,0.015214,0.489932,0.000066,0.149187,0.320342,0.019155
AACCTTTAAATACGGT-1,0.154037,0.379785,0.280466,0.069829,0.000027,0.076029,0.010233,0.029594
AACCTTTACGACGTCT-1,0.192642,0.088435,0.004775,0.02347,0.000097,0.095866,0.441078,0.153639
AACGAAAGTCGTCCCA-1,0.000118,0.000118,0.000118,0.00255,0.000118,0.846691,0.070323,0.079965
AACGACCTCCTAGCCG-1,0.003581,0.043158,0.021506,0.000073,0.000073,0.148444,0.676825,0.106338
AACGATAATGCCGTAG-1,0.0158,0.10219,0.114687,0.016276,0.00007,0.01506,0.250563,0.485355
AACGATAGAAGGGCCG-1,0.05452,0.349271,0.077683,0.059034,0.000058,0.010763,0.227018,0.221653
AACGATATGTCAACTG-1,0.169506,0.35489,0.222213,0.066433,0.000033,0.000033,0.078744,0.108148
AACGCATGATCTGGGT-1,0.108125,0.149387,0.171583,0.080597,0.00006,0.021829,0.223711,0.244707
AACGCGAACGGCAACA-1,0.169991,0.316182,0.11136,0.119782,0.001554,0.000037,0.271988,0.009107
AACGCGACCTTGGGCG-1,0.12677,0.027872,0.096128,0.101788,0.017043,0.376686,0.064084,0.18963
AACGCGGTCTCCAGCC-1,0.110534,0.095063,0.056383,0.177581,0.000094,0.011317,0.448929,0.1001
AACGCTGTTGCTGAAA-1,0.173024,0.231937,0.223294,0.026071,0.000056,0.251195,0.090381,0.004043
AACGGACGTACGTATA-1,0.16618,0.03305,0.255689,0.008415,0.001826,0.161344,0.154999,0.218498
AACGGCCATCTCCGGT-1,0.203835,0.065228,0.073173,0.09003,0.000036,0.228146,0.177376,0.162176
AACGTACTGTGGGTAC-1,0.037295,0.08837,0.022576,0.107374,0.000094,0.054391,0.440928,0.248972
AACGTAGTCTACCCAT-1,0.005892,0.030065,0.025739,0.064422,0.000084,0.015807,0.81116,0.046831
AACGTCAGACTAGTGG-1,0.083186,0.225528,0.012129,0.025435,0.000064,0.000064,0.301955,0.351638
AACGTCATCCGGCTTG-1,0.241663,0.1915,0.218221,0.036511,0.000019,0.017933,0.051885,0.242268
AACGTCGCTGCACTTC-1,0.13484,0.118804,0.20617,0.120659,0.030964,0.107614,0.235217,0.045732
AACGTGATGAAGGACA-1,0.007399,0.155539,0.00562,0.013249,0.000071,0.000071,0.385682,0.432369
AACGTGCGAAAGTCTC-1,0.125707,0.115977,0.144348,0.09726,0.000067,0.029375,0.357428,0.129838
AACGTTATCAGCACCT-1,0.281897,0.35585,0.227932,0.049207,0.000038,0.002179,0.033505,0.049392
AACTACCCGTTTGTCA-1,0.014259,0.083729,0.15779,0.03753,0.106035,0.053207,0.464819,0.08263
AACTAGCGTATCGCAC-1,0.199257,0.354806,0.215341,0.176385,0.012919,0.000036,0.027206,0.01405
AACTAGGCTTGGGTGT-1,0.302996,0.030299,0.037547,0.000542,0.000073,0.126983,0.112437,0.389124
AACTCAAGTTAATTGC-1,0.01147,0.015592,0.003914,0.040791,0.010747,0.035697,0.457952,0.423838
AACTCCAGAGCGTGTT-1,0.016215,0.056374,0.451768,0.021487,0.002293,0.053354,0.106696,0.291814
AACTCCTAATCCCATG-1,0.06012,0.157507,0.043453,0.056007,0.000073,0.000073,0.629707,0.05306
AACTCGATAAACACGT-1,0.111615,0.19154,0.016502,0.000054,0.003761,0.000054,0.65001,0.026464
AACTCGATGGCGCAGT-1,0.116821,0.295753,0.036521,0.07759,0.000064,0.042377,0.419249,0.011625
AACTCTCAATAGAGCG-1,0.115023,0.226202,0.106439,0.039659,0.00006,0.425692,0.018975,0.067951
AACTCTCAGTGTGCTC-1,0.010492,0.154819,0.00467,0.005186,0.000066,0.000066,0.236715,0.587986
AACTGAGGTCAGCGTC-1,0.070458,0.028448,0.016323,0.188737,0.00011,0.090703,0.290506,0.314716
AACTGAGTTATACTGA-1,0.040575,0.021553,0.061519,0.019416,0.036728,0.646276,0.090764,0.083169
AACTGATATTAGGCCT-1,0.339478,0.180776,0.197818,0.157741,0.009177,0.013358,0.081133,0.020519
AACTGGGTCCCGACGT-1,0.035035,0.036369,0.030403,0.19517,0.000573,0.057934,0.279308,0.36521
AACTGGGTTCGAGCCG-1,0.127817,0.248212,0.110515,0.166023,0.018077,0.00005,0.301857,0.02745
AACTGGTGTGGGCCTT-1,0.162306,0.082994,0.021238,0.105563,0.005685,0.000052,0.225127,0.397034
AACTTCTGCGTCTATC-1,0.193317,0.073589,0.064555,0.549606,0.073617,0.000023,0.026735,0.018558
AACTTGCCCGTATGCA-1,0.004548,0.006227,0.008138,0.001665,0.102037,0.079818,0.699427,0.098141
AACTTGCGTTCTCGCG-1,0.251193,0.056257,0.017566,0.060884,0.000078,0.017158,0.446774,0.15009
AACTTTACGGGAGCTT-1,0.133171,0.048222,0.072846,0.346437,0.006904,0.144754,0.212903,0.034763
AACTTTAGCTGCTGAG-1,0.169123,0.135851,0.172447,0.064294,0.000052,0.07046,0.099509,0.288265
AACTTTCTCGATCATG-1,0.10942,0.032251,0.156487,0.078008,0.012716,0.12224,0.47282,0.016059
AAGAAAGTTTGATGGG-1,0.00555,0.052663,0.033533,0.005045,0.016512,0.162655,0.474145,0.249897
AAGAAATCACCAGATT-1,0.117313,0.074227,0.27337,0.339299,0.018886,0.038411,0.088876,0.049617
AAGAAGGATCAGTTAG-1,0.166691,0.267059,0.084498,0.311777,0.000488,0.000033,0.128811,0.040642
AAGACATACGTGGTTT-1,0.076493,0.057653,0.140533,0.028076,0.000057,0.141692,0.204354,0.351141
AAGACCAAATAACTCA-1,0.297333,0.206192,0.1898,0.039908,0.000019,0.008299,0.140712,0.117736
AAGACCCAACTGAACA-1,0.254756,0.150012,0.063699,0.112601,0.013582,0.000149,0.195592,0.209607
AAGACTAACCCGTTGT-1,0.179185,0.306723,0.081401,0.043602,0.009503,0.000047,0.368031,0.011508
AAGACTCACGCCCACT-1,0.103745,0.160663,0.223974,0.029798,0.00008,0.057895,0.293677,0.130166
AAGACTGCAAGCTACT-1,0.156628,0.119766,0.109286,0.071236,0.000062,0.449636,0.000325,0.093062
AAGAGATGAATCGGTA-1,0.024562,0.052476,0.016148,0.077428,0.000089,0.128261,0.58603,0.115006
AAGAGCTCTTTATCGG-1,0.000114,0.00177,0.304262,0.027897,0.000114,0.046321,0.350797,0.268726
AAGAGGATGTACGCGA-1,0.020983,0.284411,0.186922,0.055194,0.02026,0.090766,0.237361,0.104104
AAGAGGCATGGATCGC-1,0.020052,0.020823,0.001304,0.003459,0.000063,0.042464,0.276363,0.635471
AAGAGGCCCTTTGGAA-1,0.148602,0.251964,0.324263,0.02479,0.000041,0.045995,0.11026,0.094084
AAGATGGCACCGGACC-1,0.108644,0.199958,0.206518,0.056279,0.002377,0.054164,0.123909,0.248151
AAGATTGGCGGAACGT-1,0.095655,0.04938,0.118998,0.078904,0.000069,0.421074,0.083293,0.152627
AAGCACCCTGCGTATC-1,0.12891,0.092046,0.170059,0.035442,0.005191,0.097495,0.454477,0.016381
AAGCATACTCTCCTGA-1,0.111437,0.232962,0.197605,0.091689,0.000057,0.180107,0.172237,0.013907
AAGCCACTTGCAGGTA-1,0.110465,0.063561,0.094021,0.165274,0.004057,0.146876,0.398062,0.017684
AAGCCGAAGCGGTTTA-1,0.085081,0.376635,0.403039,0.015088,0.004806,0.005998,0.055154,0.054199
AAGCCGCCGTGAAATC-1,0.000049,0.000049,0.000049,0.005656,0.000049,0.859219,0.035214,0.099715
AAGCCGCTTTACCTTG-1,0.043385,0.000703,0.010174,0.064293,0.000067,0.290114,0.000067,0.591198
AAGCCGGAGAGCAGGA-1,0.02953,0.176762,0.428535,0.007703,0.01609,0.040664,0.29221,0.008505
AAGCGCAGGGCTTTGA-1,0.016086,0.19705,0.055862,0.017079,0.001357,0.189867,0.262048,0.26065
AAGCGGAGTGCGCGCA-1,0.000073,0.009222,0.020632,0.096343,0.000073,0.066878,0.30869,0.498087
AAGCGGCGTCATGGGT-1,0.010741,0.000137,0.000128,0.143159,0.008969,0.044406,0.681045,0.111415
AAGCGTCCCTCATCGA-1,0.156925,0.012411,0.059336,0.075602,0.000054,0.040868,0.008007,0.646799
AAGCTAGATCGAGTAA-1,0.100496,0.039181,0.04506,0.051543,0.00008,0.151281,0.324483,0.287877
AAGCTATGGATTGACC-1,0.113383,0.058758,0.042836,0.152672,0.005538,0.133154,0.269663,0.223996
AAGCTCGTGCCAAGTC-1,0.102192,0.079985,0.138551,0.10844,0.000066,0.00107,0.130908,0.438787
AAGCTCTTTCATGGTG-1,0.029557,0.689479,0.158133,0.107464,0.003063,0.008481,0.003469,0.000354
AAGGAGAACTTATAAG-1,0.123722,0.28377,0.102214,0.177721,0.005573,0.13667,0.033573,0.136758
AAGGAGCGGTTGGTGC-1,0.093088,0.067536,0.000126,0.066449,0.023612,0.124623,0.604881,0.019685
AAGGATCGATCGCTTG-1,0.109889,0.199509,0.245486,0.178217,0.005218,0.125815,0.128927,0.00694
AAGGATGAGGGACCTC-1,0.169857,0.29346,0.298562,0.062056,0.000056,0.009867,0.133518,0.032626
AAGGCAGGCTGTCTCC-1,0.010922,0.251075,0.160497,0.00601,0.000075,0.123283,0.402879,0.045257
AAGGCGCGTAAAGCTT-1,0.253747,0.140641,0.052495,0.03948,0.000057,0.000057,0.320106,0.193416
AAGGCTGTGCTCATCG-1,0.246178,0.216896,0.380997,0.076609,0.000041,0.000041,0.060449,0.018788
AAGGGAACGACTGGCT-1,0.090366,0.147107,0.024184,0.018441,0.015452,0.136181,0.44804,0.120229
AAGGGACAGATTCTGT-1,0.238438,0.050996,0.241679,0.042777,0.004719,0.046184,0.37083,0.004376
AAGGGACTATGCATTC-1,0.062689,0.036604,0.019878,0.054192,0.021285,0.290737,0.404132,0.110482
AAGGGTTAGCCATGCG-1,0.015963,0.336818,0.160142,0.015581,0.000065,0.180168,0.291199,0.000065
AAGGGTTTGATTTCAG-1,0.043981,0.142169,0.077802,0.143737,0.003736,0.015767,0.03029,0.542518
AAGGTATCCTAATATA-1,0.18083,0.296581,0.183578,0.136333,0.062404,0.009232,0.087376,0.043666
AAGGTGATAAACCAGC-1,0.053592,0.429444,0.271372,0.046523,0.008136,0.019525,0.171366,0.000042
AAGTAAGCTTCCAAAC-1,0.067701,0.113926,0.052426,0.045384,0.004732,0.000042,0.492833,0.222956
AAGTAGAAGACCGGGT-1,0.079332,0.180042,0.049131,0.000815,0.011848,0.01979,0.583216,0.075826
AAGTAGTGACGCGAGG-1,0.037343,0.11072,0.022119,0.016725,0.026862,0.00008,0.469182,0.316969
AAGTCAATTGTCGTCA-1,0.178906,0.17023,0.474652,0.153877,0.002634,0.008405,0.010835,0.000461
AAGTCTAGTAGCTGCC-1,0.000096,0.019001,0.014552,0.029116,0.000096,0.103161,0.532369,0.301608
AAGTCTTCTGTGGCCT-1,0.084574,0.137909,0.157084,0.031551,0.006891,0.404271,0.163063,0.014656
AAGTGACGACCGAATT-1,0.012357,0.001811,0.003388,0.877416,0.000027,0.058522,0.012474,0.034005
AAGTGAGTCGGGTTTA-1,0.076932,0.11846,0.202059,0.075466,0.000069,0.104817,0.347179,0.075019
AAGTGCAAAGGTAGAC-1,0.021286,0.373488,0.067085,0.06323,0.000041,0.088756,0.226368,0.159745
AAGTGCCTTGACTGTA-1,0.020007,0.061953,0.007131,0.000126,0.007935,0.040425,0.810472,0.051951
AAGTGCGTTAGAATCT-1,0.048525,0.022675,0.011691,0.024521,0.135632,0.404029,0.123962,0.228964
AAGTGCTTCTCTATTG-1,0.092711,0.076985,0.297347,0.10637,0.001596,0.336448,0.013251,0.075292
AAGTGTTTGGAGACGG-1,0.000048,0.005383,0.000048,0.000048,0.000048,0.812425,0.000048,0.181954
AAGTTCACTCCAAGCT-1,0.026263,0.471288,0.071464,0.034282,0.000076,0.0156,0.296823,0.084204
AAGTTCAGTCTGCGTA-1,0.000989,0.00006,0.00006,0.846862,0.00006,0.047742,0.101288,0.002941
AAGTTCGGCCAACAGG-1,0.24616,0.150449,0.123844,0.083334,0.00003,0.061376,0.079561,0.255247
AAGTTGTGATGTTATA-1,0.130096,0.145514,0.534009,0.04485,0.000034,0.010985,0.119145,0.015365
AAGTTTACTAATGGCA-1,0.145483,0.131522,0.115981,0.082205,0.000061,0.015253,0.422318,0.087177
AAGTTTATGGGCCCAA-1,0.044624,0.045691,0.124488,0.074803,0.005216,0.272776,0.210975,0.221427
AATAACAACGCTCGGC-1,0.000017,0.000017,0.000017,0.915635,0.000017,0.058873,0.000017,0.025409
AATAACACTAGAACAA-1,0.297789,0.137554,0.136795,0.250104,0.008535,0.005293,0.145107,0.018823
AATAACGTCGCGCCCA-1,0.029645,0.015875,0.002771,0.001483,0.000059,0.299707,0.62463,0.02583
AATAAGTCCTCGAGAC-1,0.125013,0.256215,0.1199,0.048321,0.017539,0.000042,0.16601,0.26696
AATAATCTTCGTATCG-1,0.063465,0.008039,0.066395,0.36827,0.022955,0.239835,0.003954,0.227087
AATACAATGTTTCAGG-1,0.121743,0.709873,0.058833,0.015387,0.000049,0.000049,0.05555,0.038516
AATACCGGAGGGCTGT-1,0.044037,0.150825,0.249786,0.033199,0.00004,0.042757,0.077842,0.401515
AATACCTGATGTGAAC-1,0.001863,0.00152,0.004126,0.004215,0.044538,0.285602,0.610438,0.047698
AATAGAACAGAGTGGC-1,0.159657,0.065036,0.102479,0.537315,0.028022,0.000026,0.067992,0.039473
AATAGAATCTGTTTCA-1,0.11422,0.321417,0.154244,0.022488,0.000051,0.077129,0.205038,0.105412
AATAGCAAGCCTCCTG-1,0.028172,0.020099,0.047459,0.020984,0.000113,0.062774,0.073523,0.746877
AATAGCTACCGCGTGC-1,0.000157,0.037796,0.010673,0.019861,0.036139,0.335736,0.520548,0.039089
AATAGGCACGACCCTT-1,0.252611,0.207006,0.258396,0.022092,0.019117,0.049012,0.139682,0.052085
AATAGTCCGTCCCGAC-1,0.376262,0.198905,0.044557,0.0181,0.000068,0.133414,0.144232,0.084463
AATAGTCGCGAGTCGG-1,0.192899,0.176616,0.168068,0.31196,0.001846,0.074581,0.072109,0.001921
AATATCAAGGTCGGAT-1,0.14905,0.092056,0.149505,0.235709,0.000057,0.015396,0.257565,0.100663
AATATCCTAGCAAACT-1,0.188867,0.197801,0.134922,0.027187,0.014732,0.018849,0.392163,0.025479
AATATCGAATCAATGC-1,0.078862,0.077836,0.500166,0.042844,0.000049,0.010156,0.142662,0.147424
AATATCGAGGGTTCTC-1,0.070572,0.17165,0.14499,0.037546,0.000116,0.049063,0.451747,0.074315
AATATTGGAGTATTGA-1,0.255528,0.101873,0.187181,0.00096,0.00007,0.265086,0.167709,0.021593
AATCAGACTGCAGGAC-1,0.20668,0.22313,0.112984,0.090466,0.004898,0.00256,0.349431,0.009852
AATCAGGTTTCATTTA-1,0.014325,0.165263,0.231136,0.078086,0.002597,0.069992,0.118129,0.32047
AATCATGTAAAGACTC-1,0.014594,0.021974,0.069744,0.010072,0.002318,0.308215,0.080816,0.492267
AATCCAAGGGCCTGAG-1,0.091674,0.155609,0.061369,0.051082,0.060694,0.032515,0.36796,0.179097
AATCCATGCAAGGGTG-1,0.123161,0.358248,0.076919,0.023683,0.002214,0.165542,0.197586,0.052648
AATCCCGCTCAGAGCC-1,0.007861,0.00088,0.000051,0.032858,0.000051,0.439027,0.358027,0.161246
AATCGAGGTCTCAAGG-1,0.020583,0.133359,0.203353,0.015322,0.003061,0.344607,0.209661,0.070055
AATCGCCTCAGCGCCA-1,0.080112,0.158241,0.252365,0.03245,0.000047,0.132959,0.034878,0.308948
AATCGCGCAGAGGACT-1,0.030106,0.107238,0.160807,0.018608,0.000065,0.021831,0.524096,0.137249
AATCGGGACACTACGA-1,0.225094,0.089719,0.119931,0.046023,0.011576,0.027607,0.340073,0.139979
AATCGGTATAGCCCTC-1,0.068801,0.03449,0.08513,0.01802,0.000049,0.460667,0.093606,0.239236
AATCGTGAGCCGAGCA-1,0.079071,0.094376,0.520291,0.071015,0.007249,0.092196,0.112061,0.023741
AATCTAGGTTTACTTG-1,0.110042,0.257782,0.275879,0.038675,0.000755,0.001875,0.163682,0.151311
AATCTATGCCGGAGCC-1,0.093591,0.250883,0.2346,0.131232,0.000071,0.033675,0.183674,0.072274
AATCTCTACTGTGGTT-1,0.043301,0.109995,0.112276,0.095563,0.000056,0.018362,0.241692,0.378755
AATCTGCGTTGGGACG-1,0.160822,0.186077,0.122734,0.118128,0.000065,0.103902,0.159631,0.148642
AATCTGGCTTTCTAGT-1,0.000095,0.000095,0.000095,0.000095,0.023724,0.305927,0.500392,0.169579
AATCTGGGTAGACCCT-1,0.044147,0.117679,0.051973,0.076513,0.000112,0.000112,0.554525,0.154941
AATGACAGCAATGTCT-1,0.060459,0.123856,0.018155,0.001931,0.000073,0.028263,0.545868,0.221395
AATGACGTAGGATGTC-1,0.075154,0.121427,0.137039,0.277033,0.069479,0.124985,0.175409,0.019475
AATGACTGTCAGCCGG-1,0.286192,0.090765,0.064835,0.016842,0.004637,0.000048,0.340328,0.196353
AATGAGTTCGCATATG-1,0.461311,0.261636,0.082016,0.095408,0.000043,0.006447,0.064071,0.029067
AATGATGATACGCTAT-1,0.035313,0.09613,0.243106,0.000999,0.000102,0.04329,0.564842,0.016219
AATGATGCGACTCCTG-1,0.26512,0.166478,0.054194,0.081503,0.000079,0.039367,0.293549,0.09971
AATGCAACCGGGTACC-1,0.037227,0.3951,0.37792,0.043216,0.003654,0.00004,0.119457,0.023386
AATGCACCAAGCAATG-1,0.235658,0.094826,0.06087,0.040709,0.010818,0.184611,0.327588,0.04492
AATGGCCGCCAATGCG-1,0.090804,0.16365,0.188294,0.045707,0.024372,0.104594,0.308745,0.073836
AATGGTCCACCGTTCA-1,0.129036,0.209747,0.249527,0.242987,0.000043,0.041546,0.084292,0.042823
AATGGTTCTCACAAGC-1,0.127981,0.163233,0.062535,0.064709,0.000071,0.10554,0.302903,0.173027
AATGTATGGCACTGTA-1,0.200856,0.157365,0.205116,0.243996,0.000035,0.001971,0.13001,0.060649
AATGTGCCCGAGGTGT-1,0.029837,0.040707,0.047157,0.151329,0.001298,0.000171,0.484335,0.245167
AATGTGCTAATCTGAG-1,0.092766,0.073131,0.096952,0.151501,0.000047,0.031178,0.30075,0.253675
AATGTTAAGACCCTGA-1,0.049298,0.283542,0.454985,0.017869,0.002217,0.11159,0.078445,0.002054
AATGTTGTCGTGAGAC-1,0.108,0.122519,0.194742,0.104985,0.010471,0.072744,0.329031,0.057508
AATTAAAGGTCGGCGT-1,0.171473,0.139803,0.03014,0.145194,0.000079,0.099828,0.301998,0.111485
AATTAACGGATTTCCA-1,0.294146,0.196553,0.257709,0.041919,0.000046,0.045201,0.156809,0.007616
AATTACGAGACCCATC-1,0.124052,0.185273,0.239764,0.023371,0.002908,0.06546,0.22264,0.136531
AATTACTCGTACGCTC-1,0.000098,0.066737,0.000098,0.014577,0.008564,0.000098,0.909719,0.000109
AATTAGCGCTGCAGCG-1,0.029668,0.006536,0.005861,0.016723,0.008998,0.081025,0.688873,0.162316
AATTATACCCAGCAAG-1,0.028881,0.385021,0.235177,0.033123,0.009469,0.148475,0.115685,0.044169
AATTCATAAGGGATCT-1,0.000062,0.008015,0.000062,0.147122,0.000062,0.000062,0.224749,0.619866
AATTCATTGTCATGCA-1,0.221244,0.190132,0.28079,0.060729,0.000032,0.006234,0.100918,0.139923
AATTCCAACTTGGTGA-1,0.006122,0.349117,0.016058,0.04156,0.035334,0.000057,0.512522,0.03923
AATTCCAAGCATGTAC-1,0.078697,0.111694,0.12686,0.063518,0.031269,0.062457,0.161653,0.363852
AATTCGATTCGAGGAT-1,0.129264,0.036948,0.06259,0.102361,0.021185,0.163476,0.363404,0.120771
AATTCTAGAGTTAGGC-1,0.117251,0.285388,0.097074,0.048388,0.005942,0.273103,0.086686,0.086169
AATTGAACGCTCTGGT-1,0.139189,0.336453,0.221634,0.034934,0.00355,0.068136,0.037234,0.15887
AATTGCAGCAATCGAC-1,0.070807,0.195769,0.38353,0.03403,0.000046,0.117753,0.132839,0.065225
AATTGCGTGGATTACA-1,0.104575,0.591712,0.077484,0.034511,0.003099,0.037562,0.095844,0.055211
AATTGTGGTTGCCAAA-1,0.166149,0.179017,0.196939,0.044849,0.000038,0.249816,0.130141,0.03305
AATTTGGGACATAGTA-1,0.161573,0.050709,0.09416,0.045398,0.011154,0.027599,0.531396,0.078013
AATTTGGTTCCAAAGA-1,0.142282,0.050147,0.045491,0.483419,0.010625,0.04184,0.072761,0.153434
ACAAACCATGCGTCCT-1,0.052622,0.341598,0.131176,0.031534,0.000043,0.008753,0.380088,0.054184
ACAAACCGACAAGGCG-1,0.041645,0.242734,0.034484,0.100118,0.000095,0.001975,0.416121,0.162828
ACAAACTCCATCAGAG-1,0.000038,0.004952,0.001981,0.000038,0.000038,0.823066,0.045264,0.124625
ACAAAGAAGGTAGGCC-1,0.149558,0.294664,0.261023,0.122172,0.000025,0.005707,0.152399,0.014451
ACAAAGCATGACCTAG-1,0.023204,0.053322,0.073583,0.026659,0.000043,0.297923,0.405902,0.119364
ACAAATCGCACCGAAT-1,0.049774,0.384607,0.25959,0.094882,0.004579,0.018263,0.033865,0.154439
ACAAATGGTAGTGTTT-1,0.069176,0.056831,0.052131,0.059042,0.023482,0.255833,0.050582,0.432923
ACAAATTCAGATCTGA-1,0.109404,0.214469,0.378239,0.106556,0.000048,0.044189,0.121111,0.025984
ACAACAGCATGAGCTA-1,0.054339,0.208752,0.295736,0.23545,0.000034,0.035458,0.039151,0.131079
ACAACGGTCCCTGCGA-1,0.189917,0.300279,0.209503,0.084659,0.014017,0.000034,0.033281,0.16831
ACAAGCAGTGCCTAGC-1,0.126127,0.20493,0.114069,0.038703,0.009692,0.01023,0.211192,0.285056
ACAAGCTATATGGAAG-1,0.053044,0.288003,0.139382,0.072714,0.000043,0.122617,0.255687,0.068511
ACAAGGAAATCCGCCC-1,0.125192,0.186392,0.091573,0.120966,0.000049,0.052546,0.235086,0.188196
ACAAGGACAAGAGGTT-1,0.153884,0.043448,0.166881,0.078396,0.006885,0.008242,0.324569,0.217696
ACAAGGATGCTTTAGG-1,0.036754,0.152123,0.159013,0.025143,0.00459,0.065279,0.472992,0.084106
ACAAGGCCTACCAGCC-1,0.045144,0.010797,0.018106,0.080214,0.000125,0.236127,0.583822,0.025664
ACAAGGGCAGGCTCTG-1,0.007722,0.249101,0.118031,0.015036,0.032366,0.195432,0.199376,0.182938
ACAAGTAATTGTAAGG-1,0.224613,0.058439,0.381899,0.111884,0.002348,0.123378,0.037258,0.060181
ACAATAGTCGTACGTT-1,0.025008,0.032619,0.024957,0.034447,0.000075,0.160505,0.468506,0.253882
ACAATCCATTTAAACC-1,0.104858,0.164914,0.553296,0.158312,0.000021,0.000021,0.017465,0.001112
ACAATCGATCTTTATA-1,0.102495,0.118915,0.259637,0.048894,0.000068,0.000068,0.321446,0.148476
ACAATGAATACGGAGA-1,0.259288,0.228813,0.120287,0.177203,0.006353,0.037239,0.136033,0.034784
ACAATGATTCTTCTAC-1,0.000131,0.000131,0.000131,0.000131,0.000131,0.22135,0.000131,0.777865
ACAATTGTGTCTCTTT-1,0.039999,0.104597,0.126587,0.004239,0.000071,0.150019,0.315922,0.258566
ACAATTTAGGAGGCTC-1,0.095691,0.207993,0.034661,0.030195,0.012118,0.000055,0.313935,0.305352
ACAATTTGAGCAGTGG-1,0.048882,0.044546,0.015766,0.339853,0.000088,0.097839,0.311672,0.141354
ACAATTTGGCCATATT-1,0.029043,0.077061,0.219075,0.013218,0.000042,0.121501,0.054062,0.485997
ACACAAAGACGGGTGG-1,0.090039,0.038074,0.100076,0.0967,0.000064,0.010665,0.532318,0.132064
ACACAAATATTCCTAG-1,0.127385,0.147103,0.018158,0.187296,0.000038,0.422347,0.05844,0.039234
ACACACCAGGACCAGT-1,0.091658,0.101609,0.205543,0.016327,0.000082,0.098705,0.245502,0.240575
ACACACTTTCTACACG-1,0.253376,0.043684,0.089889,0.309203,0.000056,0.102029,0.015071,0.186693
ACACATGATCAAATCT-1,0.178691,0.254138,0.188855,0.047736,0.064983,0.052909,0.111304,0.101385
ACACATTGACGCAACA-1,0.041498,0.327542,0.38338,0.136059,0.003966,0.005228,0.077482,0.024847
ACACATTTCCGTAGAC-1,0.065678,0.152685,0.269181,0.069937,0.006484,0.16338,0.022252,0.250403
ACACCACATAATTAGC-1,0.088172,0.18537,0.261808,0.186644,0.014378,0.076327,0.12566,0.061641
ACACCCAGCATGCAGC-1,0.029975,0.492677,0.112265,0.091677,0.000045,0.000045,0.142525,0.130792
ACACCCGAGAAATCCG-1,0.004356,0.165136,0.020492,0.039536,0.000065,0.081775,0.409447,0.279193
ACACCCGTAAATCTGT-1,0.116042,0.045357,0.055723,0.505487,0.005472,0.13958,0.013952,0.118388
ACACCGAGCGCTCTTT-1,0.179051,0.077461,0.040877,0.18749,0.000069,0.006873,0.347003,0.161177
ACACCGGTCTGACCGC-1,0.028334,0.084586,0.098363,0.017429,0.054347,0.011284,0.507557,0.198099
ACACCTTAAGTAGGGC-1,0.000084,0.000659,0.000084,0.641423,0.000084,0.000084,0.268329,0.089253
ACACCTTACTACTTGC-1,0.130551,0.304977,0.367701,0.062194,0.004987,0.021666,0.101204,0.00672
ACACGAGACTCCTTCT-1,0.034414,0.084986,0.125043,0.033295,0.000089,0.023778,0.329513,0.368882
ACACGGCACTATGCAT-1,0.076638,0.028915,0.017658,0.252225,0.002946,0.263895,0.070071,0.287651
ACACGGGAACTTAGGG-1,0.110088,0.158185,0.269236,0.150286,0.000063,0.003705,0.145157,0.16328
ACACGTAGGCCACAAG-1,0.141804,0.333019,0.356312,0.0397,0.027709,0.00318,0.091893,0.006384
ACACTCCAATGTCACT-1,0.082145,0.442054,0.075713,0.131377,0.000039,0.000039,0.234197,0.034437
ACACTGATCAAGGTGT-1,0.063691,0.268039,0.362199,0.027176,0.027422,0.000062,0.224603,0.026807
ACACTGGGACAGTCGT-1,0.01367,0.16775,0.506163,0.014136,0.004206,0.01588,0.170129,0.108066
ACAGAACTGAGAACAA-1,0.077576,0.019446,0.056175,0.003131,0.000049,0.11546,0.413393,0.314769
ACAGATTAGGTTAGTG-1,0.064153,0.32409,0.08233,0.055058,0.009291,0.000046,0.188331,0.2767
ACAGCATAGAGCCAGT-1,0.196691,0.042144,0.024453,0.107329,0.000086,0.002515,0.237718,0.389065
ACAGCGACATTCTCAT-1,0.268524,0.290507,0.030352,0.014183,0.000089,0.083489,0.163467,0.149391
ACAGCGCACCCGCAGC-1,0.008168,0.064077,0.009617,0.109874,0.000092,0.055103,0.481608,0.271461
ACAGGAGGCGCAGCCG-1,0.068333,0.265965,0.113647,0.033116,0.015284,0.03793,0.443292,0.022433
ACAGGCACGGATCCTT-1,0.013178,0.220491,0.073468,0.021748,0.00812,0.046719,0.291073,0.325203
ACAGGCTTGCCCGACT-1,0.233351,0.276948,0.075008,0.025448,0.000061,0.085088,0.250471,0.053625
ACAGGTGGAGGTGAGG-1,0.069349,0.303136,0.15019,0.110359,0.006923,0.000033,0.110875,0.249134
ACAGGTGTGTTGTTGC-1,0.049983,0.11893,0.098934,0.024874,0.014779,0.298993,0.282992,0.110515
ACAGTAATACAACTTG-1,0.027359,0.024201,0.040966,0.094878,0.015785,0.053601,0.517224,0.225986
ACAGTATACCGTGGGA-1,0.0344,0.116654,0.034307,0.193278,0.045695,0.34861,0.087678,0.139378
ACAGTGCAGCGCATTT-1,0.162265,0.090823,0.065443,0.034947,0.000077,0.006357,0.45337,0.186718
ACATAAGTCGTGGTGA-1,0.006513,0.067917,0.04224,0.024613,0.000061,0.216198,0.270962,0.371495
ACATAATAAGGCGGTG-1,0.049243,0.535981,0.124318,0.144897,0.000036,0.003915,0.061199,0.08041
ACATACAATCAAGCGG-1,0.000303,0.010246,0.055282,0.000069,0.008392,0.201391,0.696675,0.027641
ACATCAGCTGGGACGC-1,0.02489,0.176468,0.089428,0.162199,0.017237,0.049409,0.286221,0.194149
ACATCCCGGCCATACG-1,0.266258,0.039911,0.228835,0.144891,0.000062,0.012756,0.22686,0.080427
ACATCCTGGTAACTGT-1,0.041564,0.080852,0.01406,0.001186,0.021471,0.077899,0.675599,0.08737
ACATCGATCGTTTACC-1,0.241662,0.102618,0.406442,0.068493,0.000041,0.005372,0.02375,0.151621
ACATCGCAATATTCGG-1,0.004512,0.019964,0.011974,0.075654,0.123067,0.249488,0.355379,0.159961
ACATCGGTCAGCCGCG-1,0.23232,0.257993,0.413687,0.052203,0.000037,0.000455,0.035641,0.007663
ACATCGTATGCAATGG-1,0.028833,0.512737,0.280041,0.04745,0.017516,0.012638,0.035484,0.065301
ACATCGTTAACCTAGT-1,0.058768,0.415055,0.124688,0.142076,0.000045,0.041329,0.087428,0.13061
ACATCTCAACGCGTAA-1,0.148437,0.128775,0.075856,0.040287,0.007,0.022861,0.465053,0.11173
ACATGCTTACGGCAGC-1,0.022502,0.019517,0.086416,0.017854,0.003158,0.208427,0.527385,0.11474
ACATGGCGCCAAAGTA-1,0.004852,0.027404,0.018979,0.003345,0.000049,0.527539,0.235472,0.18236
ACATGGCTCAATTTAG-1,0.016043,0.540757,0.050366,0.163936,0.000054,0.000054,0.172843,0.055945
ACATTAGTTTATATCC-1,0.105511,0.204131,0.081725,0.091544,0.000089,0.08531,0.208242,0.223447
ACATTCGCGCGGAATA-1,0.101148,0.122557,0.185194,0.222743,0.005979,0.296374,0.059,0.007004
ACATTTGAAACCTAAC-1,0.015576,0.017612,0.046893,0.081826,0.018984,0.705109,0.109869,0.004131
ACCAAACACCCAGCGA-1,0.000082,0.000082,0.000082,0.000082,0.000083,0.925722,0.003128,0.070737
ACCAAACTAGAAATCC-1,0.055658,0.235108,0.072595,0.063269,0.000041,0.000041,0.349234,0.224053
ACCAACACCACACACT-1,0.00006,0.003409,0.000685,0.068232,0.210329,0.31839,0.360925,0.037968
ACCAACCGCACTCCAC-1,0.048181,0.100086,0.100757,0.0065,0.007877,0.21354,0.328364,0.194695
ACCAACGCTTATTTAT-1,0.020722,0.275847,0.169918,0.070699,0.008187,0.024799,0.290895,0.138933
ACCAAGAACGCGTGTC-1,0.041488,0.35733,0.500647,0.096404,0.001181,0.002728,0.000204,0.000018
ACCAAGTCATCGGCAG-1,0.078434,0.128981,0.221717,0.088681,0.000048,0.064089,0.171315,0.246734
ACCAATATGCAAGTTA-1,0.033805,0.372926,0.058201,0.019949,0.000057,0.28883,0.088532,0.137699
ACCACAACTCAGAACA-1,0.045243,0.511802,0.08714,0.070692,0.006029,0.000045,0.244835,0.034213
ACCACAAGTTTCTATC-1,0.026791,0.451549,0.15611,0.164779,0.000061,0.000061,0.141132,0.059517
ACCACACGGTTGATGG-1,0.034689,0.098621,0.102244,0.01324,0.180957,0.423056,0.144192,0.003002
ACCACCAATGTAACAA-1,0.072049,0.260401,0.44526,0.025035,0.000037,0.007818,0.169293,0.020106
ACCACCCTCTCTTCTA-1,0.126575,0.203208,0.206073,0.096637,0.000053,0.086808,0.143005,0.137641
ACCACGTGCAGCTATA-1,0.094481,0.101984,0.114673,0.350712,0.008245,0.071932,0.088652,0.16932
ACCACTGTTCAAGAAG-1,0.007409,0.031264,0.006607,0.036118,0.000085,0.109615,0.420469,0.388431
ACCAGACCATAACAAC-1,0.082493,0.168481,0.122324,0.063193,0.000099,0.205764,0.216725,0.140922
ACCAGCCCGGTCTTTG-1,0.142713,0.067928,0.362141,0.201365,0.000057,0.000057,0.181378,0.044361
ACCAGGAGTGTGATCT-1,0.048868,0.27828,0.01972,0.152886,0.000079,0.000079,0.238827,0.261262
ACCAGTGCCCGGTCAA-1,0.007574,0.151078,0.038995,0.21275,0.005482,0.027881,0.531909,0.024331
ACCAGTGCGGGAGACG-1,0.051316,0.096192,0.044132,0.017675,0.000094,0.201543,0.547146,0.041901
ACCATATCCGCAATAA-1,0.112174,0.067656,0.524514,0.076074,0.000035,0.050393,0.015733,0.153422
ACCATCCGCCAACTAG-1,0.082228,0.113164,0.216339,0.056309,0.021059,0.02346,0.463159,0.024281
ACCATCGTATATGGTA-1,0.046265,0.134653,0.125558,0.059004,0.007391,0.000127,0.25157,0.375433
ACCATTAAGGGTGTCA-1,0.116869,0.020383,0.08988,0.292047,0.00291,0.019885,0.435993,0.022033
ACCCAACGCCCGTGGC-1,0.166392,0.215531,0.4171,0.027067,0.039244,0.02104,0.108132,0.005495
ACCCACCTACATGCTC-1,0.115792,0.308534,0.089829,0.099979,0.000052,0.024189,0.324186,0.03744
ACCCATCTTGAGGGTA-1,0.018436,0.511939,0.149217,0.048897,0.005139,0.211469,0.041522,0.013383
ACCCATTTGTCCCTCT-1,0.172486,0.130897,0.327975,0.086804,0.000054,0.043769,0.153242,0.084773
ACCCGAGCGAAATTAC-1,0.120924,0.04009,0.114533,0.024203,0.016853,0.157304,0.303057,0.223036
ACCCGATTGGTTCCGA-1,0.14024,0.006149,0.077874,0.04817,0.010271,0.145337,0.000039,0.57192
ACCCGGAAACTCCCAG-1,0.17859,0.255918,0.416003,0.045433,0.006086,0.000025,0.018797,0.079148
ACCCGGAGCACCACAA-1,0.021273,0.184253,0.103226,0.009306,0.000048,0.281097,0.335797,0.065
ACCCGGATGACGCATC-1,0.074116,0.238821,0.170264,0.011015,0.00006,0.099517,0.342691,0.063515
ACCCGGTTACACTTCC-1,0.233222,0.115726,0.187024,0.023794,0.00008,0.103551,0.305044,0.031558
ACCCGTAGCAGAGAAT-1,0.061226,0.213487,0.165819,0.023532,0.306766,0.117562,0.068527,0.043082
ACCCGTAGTCTAGTTG-1,0.213157,0.170918,0.406594,0.068562,0.003326,0.042472,0.006797,0.088174
ACCCGTGTCATCAGTA-1,0.221295,0.191477,0.188904,0.138756,0.000052,0.023263,0.171309,0.064944
ACCCTATAGGACTGAG-1,0.132641,0.038408,0.033572,0.032445,0.000064,0.000064,0.366278,0.396527
ACCCTATGCCATATCG-1,0.239342,0.195547,0.212923,0.174712,0.010199,0.063601,0.055126,0.04855
ACCCTCCCGTCAGGGC-1,0.099499,0.138341,0.341025,0.155937,0.000024,0.099587,0.106528,0.05906
ACCCTCCCTTGCTATT-1,0.143771,0.289876,0.16625,0.052962,0.000069,0.231887,0.059818,0.055368
ACCCTGGTAACGCCCT-1,0.109581,0.196754,0.067145,0.058331,0.033579,0.093924,0.267067,0.173619
ACCCTTCATCTGCGAA-1,0.008343,0.156641,0.041577,0.152018,0.009868,0.157658,0.32104,0.152855
ACCCTTGCCTGGGTCG-1,0.000083,0.000083,0.000083,0.067555,0.030727,0.801216,0.038247,0.062006
ACCCTTTAGTTCTCCA-1,0.000141,0.146684,0.031903,0.028145,0.000141,0.105803,0.563,0.124182
ACCGAAAGGGCCCTGC-1,0.10523,0.170278,0.307944,0.116727,0.005378,0.04517,0.176581,0.072692
ACCGAAGAGTCTGGTT-1,0.078312,0.093723,0.466766,0.059075,0.000034,0.003443,0.119885,0.178761
ACCGACACATCTCCCA-1,0.16396,0.21894,0.274762,0.131876,0.000033,0.032584,0.115146,0.062699
ACCGACTGAGTCCCAC-1,0.025916,0.313336,0.273794,0.061119,0.000058,0.038352,0.185948,0.101477
ACCGAGTCTCCTTATT-1,0.054928,0.010216,0.020886,0.002232,0.009939,0.251672,0.178643,0.471483
ACCGATAGGCATAACC-1,0.01071,0.148575,0.059192,0.03648,0.000072,0.133661,0.475879,0.135431
ACCGATATTTAATCAT-1,0.050959,0.390687,0.358839,0.019118,0.000043,0.174774,0.005537,0.000043
ACCGATGGTAGCATCG-1,0.264802,0.083679,0.348272,0.148582,0.003308,0.018788,0.119784,0.012784
ACCGCAATAACTGCCT-1,0.100536,0.088714,0.041811,0.011166,0.000066,0.297595,0.363309,0.096802
ACCGCGGTGGAAGTCG-1,0.005289,0.116942,0.00066,0.000112,0.000112,0.078306,0.649626,0.148955
ACCGCTAGTCATTGGT-1,0.01603,0.121111,0.108493,0.052911,0.002834,0.409969,0.262764,0.025889
ACCGGGCCTTTGTTGA-1,0.01671,0.203717,0.323985,0.046864,0.016587,0.051281,0.316332,0.024524
ACCGGTCAGGTACACC-1,0.140695,0.370682,0.357318,0.039594,0.000026,0.033152,0.04671,0.011822
ACCGGTCTGAGTACGG-1,0.019152,0.056177,0.035377,0.23846,0.000142,0.021376,0.467828,0.161489
ACCGTCCACTGGGCCC-1,0.132526,0.311125,0.27069,0.035301,0.000024,0.003108,0.178424,0.068801
ACCGTGACCACGTGGG-1,0.074833,0.240245,0.092609,0.062447,0.003182,0.090236,0.237591,0.198856
ACCGTTCCCGCTCTGA-1,0.328515,0.191908,0.03046,0.192241,0.000612,0.000055,0.200782,0.055428
ACCTAAGTACCTTTCA-1,0.20317,0.188805,0.101484,0.016384,0.012833,0.064661,0.388039,0.024625
