Barcode,Topic 1,Topic 2,Topic 3to10
AAACAAGTATCTCCCA-1,0.003862,0.008385,0.987753
AAACACCAATAACTGC-1,0.013817,0.003918,0.982265
AAACAGAGCGACTCCT-1,0.000026,0.110078,0.889897
AAACAGCTTTCAGAAG-1,0.000213,0.159313,0.840474
AAACAGGGTCTATATT-1,0.000997,0.000012,0.998991
AAACAGTGTTCCTGGG-1,0.223358,0.536711,0.239931
AAACATGGTGAGAGGA-1,0.030058,0.087429,0.882513
AAACATTTCCCGGATT-1,0.000016,0.058067,0.941917
AAACCACTACACAGAT-1,0.002791,0.068435,0.928774
AAACCCGAACGAAATC-1,0.001537,0.06894,0.929523
AAACCGGAAATGTTAA-1,0.032074,0.074618,0.893308
AAACCGGGTAGGTACC-1,0.015381,0.000016,0.984603
AAACCGTTCGTCCAGG-1,0.000015,0.00636,0.993625
AAACCTAAGCAGCCGG-1,0.032948,0.002027,0.965025
AAACCTCATGAAGTTG-1,0.000055,0.006483,0.993462
AAACGAAGAACATACC-1,0.001702,0.000457,0.997841
AAACGAAGATGGAGTA-1,0.004343,0.065988,0.929668
AAACGACAGTCTTGCC-1,0.004988,0.466456,0.528555
AAACGAGACGGTTGAT-1,0.000023,0.006642,0.993335
AAACGCCCGAGATCGG-1,0.011112,0.038011,0.950877
AAACGGGCGTACGGGT-1,0.026012,0.0327,0.941288
AAACGGTTGCGAACTG-1,0.016695,0.027043,0.956262
AAACGTGTTCGCCCTA-1,0.000016,0.10812,0.891864
AAACTAACGTGGCGAC-1,0.000465,0.000194,0.999341
AAACTCGGTTCGCAAT-1,0.010948,0.012521,0.976531
AAACTCGTGATATAAG-1,0.007135,0.257507,0.735358
AAACTGCTGGCTCCAA-1,0.002592,0.002908,0.9945
AAACTTAATTGCACGC-1,0.005306,0.025667,0.969028
AAACTTGCAAACGTAT-1,0.010333,0.027452,0.962215
AAAGAATGACCTTAGA-1,0.033042,0.15351,0.813448
AAAGAATGTGGACTAA-1,0.910876,0.016452,0.072672
AAAGACCCAAGTCGCG-1,0.000022,0.034295,0.965683
AAAGACTGGGCGCTTT-1,0.005309,0.007362,0.987329
AAAGCTTGCCTACATA-1,0.006706,0.127624,0.86567
AAAGGCCCTATAATAC-1,0.008803,0.008198,0.982999
AAAGGCTACGGACCAT-1,0.003954,0.002473,0.993573
AAAGGCTCTCGCGCCG-1,0.000024,0.067141,0.932835
AAAGGGATGTAGCAAG-1,0.016845,0.020423,0.962732
AAAGGGCAGCTTGAAT-1,0.003271,0.000014,0.996715
AAAGGTAAGCTGTACC-1,0.000024,0.032829,0.967147
AAAGTAGCATTGCTCA-1,0.007048,0.000022,0.99293
AAAGTCACTGATGTAA-1,0.001332,0.056316,0.942352
AAAGTCGACCCTCAGT-1,0.011407,0.002855,0.985738
AAAGTGTGATTTATCT-1,0.000829,0.175558,0.823613
AAAGTTGACTCCCGTA-1,0.000018,0.054051,0.945931
AAATAACCATACGGGA-1,0.000018,0.031668,0.968313
AAATAAGGTAGTGCCC-1,0.000842,0.02196,0.977198
AAATACCTATAAGCAT-1,0.009556,0.150738,0.839706
AAATAGCTTAGACTTT-1,0.000302,0.036325,0.963373
AAATAGGGTGCTATTG-1,0.004382,0.081924,0.913694
AAATCCGATACACGCC-1,0.025158,0.014783,0.960059
AAATCGCGGAAGGAGT-1,0.004835,0.034704,0.960461
AAATCGTGTACCACAA-1,0.000029,0.000029,0.999942
AAATCTAGCCCTGCTA-1,0.025992,0.096389,0.87762
AAATCTGCCCGCGTCC-1,0.000465,0.822798,0.176737
AAATGATTCGATCAGC-1,0.000017,0.002103,0.99788
AAATGCTCGTTACGTT-1,0.017908,0.211159,0.770933
AAATGGCATGTCTTGT-1,0.017409,0.03452,0.94807
AAATGGCCCGTGCCCT-1,0.018745,0.041386,0.939868
AAATGGTCAATGTGCC-1,0.005172,0.027824,0.967004
AAATGTATCTTATCCC-1,0.00002,0.170909,0.829071
AAATTAACGGGTAGCT-1,0.000014,0.000014,0.999972
AAATTAATAAGCGCGA-1,0.000023,0.033038,0.966939
AAATTACACGACTCTG-1,0.000032,0.035645,0.964323
AAATTACCTATCGATG-1,0.023625,0.015772,0.960604
AAATTCCAGGTCCAAA-1,0.000014,0.099335,0.900651
AAATTGATAGTCCTTT-1,0.002873,0.00002,0.997107
AAATTGCGGCGGTTCT-1,0.007469,0.064117,0.928414
AAATTGGTGAGAAGCA-1,0.000035,0.123507,0.876458
AAATTTACCGAAATCC-1,0.000021,0.170718,0.829261
AAATTTGCGGGTGTGG-1,0.000019,0.024289,0.975693
AACAACTGGTAGTTGC-1,0.000016,0.000016,0.999968
AACAATACATTGTCGA-1,0.00846,0.000013,0.991527
AACAATTACTCTACGC-1,0.005265,0.03262,0.962115
AACACACGCTCGCCGC-1,0.000021,0.16428,0.835699
AACACGACTGTACTGA-1,0.006396,0.024917,0.968686
AACACGAGACGCGGCC-1,0.014454,0.056143,0.929403
AACACGCGGCCGCGAA-1,0.000019,0.39505,0.604931
AACAGCTGTGTGGCAA-1,0.001972,0.000012,0.998016
AACAGGAAATCGAATA-1,0.011837,0.018145,0.970018
AACAGGATGGGCCGCG-1,0.000023,0.055956,0.944021
AACAGGTAGTATGGAT-1,0.000012,0.000012,0.999976
AACATAGCGTGTATCG-1,0.882518,0.032238,0.085244
AACATATCAACTGGTG-1,0.000021,0.075252,0.924727
AACATCGATACGTCTA-1,0.007391,0.06339,0.929219
AACATTGAAGTTGATC-1,0.000046,0.018098,0.981856
AACATTGTGACTCGAG-1,0.003311,0.049915,0.946774
AACCAAGACTTCTCTG-1,0.00602,0.06769,0.92629
AACCAGTATCACTCTT-1,0.00205,0.10561,0.89234
AACCATAGGGTTGAAC-1,0.011805,0.121816,0.866379
AACCATGGGATCGCTA-1,0.000022,0.001412,0.998567
AACCCAGAGACGGAGA-1,0.003378,0.036947,0.959676
AACCCATCCCATGATC-1,0.028605,0.039188,0.932207
AACCCGACAACCCGTG-1,0.012591,0.022952,0.964457
AACCCGAGCAGAATCG-1,0.009706,0.042388,0.947906
AACCCGATAGGGCTTC-1,0.011097,0.079233,0.90967
AACCCGCTGTATTCCA-1,0.350452,0.634116,0.015432
AACCCTACTGTCAATA-1,0.005621,0.059141,0.935238
AACCCTGGTGGAACCA-1,0.000017,0.000017,0.999966
AACCGAGCTTGGTCAT-1,0.000019,0.000019,0.999961
AACCGCTAAGGGATGC-1,0.02465,0.01012,0.96523
AACCGTTGTGTTTGCT-1,0.000036,0.122536,0.877428
AACCTCGCTTTAGCCC-1,0.011782,0.014694,0.973524
AACCTGTCACGGAATT-1,0.000019,0.029583,0.970398
AACCTTTAAATACGGT-1,0.003179,0.012227,0.984595
AACCTTTACGACGTCT-1,0.00072,0.03721,0.962071
AACGAAAGTCGTCCCA-1,0.013233,0.009958,0.976809
AACGACCTCCTAGCCG-1,0.997613,0.002338,0.000049
AACGATAATGCCGTAG-1,0.000016,0.000402,0.999582
AACGATAGAAGGGCCG-1,0.000026,0.015049,0.984925
AACGATATGTCAACTG-1,0.000026,0.079731,0.920242
AACGCATGATCTGGGT-1,0.000038,0.140693,0.85927
AACGCGAACGGCAACA-1,0.00002,0.162551,0.837429
AACGCGACCTTGGGCG-1,0.012602,0.013054,0.974343
AACGCGGTCTCCAGCC-1,0.000036,0.028372,0.971591
AACGCTGTTGCTGAAA-1,0.002795,0.038356,0.958849
AACGGACGTACGTATA-1,0.004409,0.001047,0.994543
AACGGCCATCTCCGGT-1,0.005687,0.01024,0.984073
AACGTACTGTGGGTAC-1,0.018898,0.001604,0.979499
AACGTCAGACTAGTGG-1,0.000025,0.000025,0.999951
AACGTCGCTGCACTTC-1,0.879398,0.073512,0.047091
AACGTGATGAAGGACA-1,0.000032,0.05843,0.941538
AACGTGCGAAAGTCTC-1,0.014668,0.000018,0.985314
AACGTTATCAGCACCT-1,0.000026,0.01171,0.988265
AACTACCCGTTTGTCA-1,0.000014,0.005139,0.994847
AACTAGCGTATCGCAC-1,0.00004,0.00004,0.99992
AACTAGGCTTGGGTGT-1,0.022965,0.000027,0.977008
AACTCAAGTTAATTGC-1,0.00002,0.011408,0.988572
AACTCCAGAGCGTGTT-1,0.009804,0.000039,0.990157
AACTCCTAATCCCATG-1,0.000045,0.259165,0.74079
AACTCGATAAACACGT-1,0.026972,0.250434,0.722595
AACTCGATGGCGCAGT-1,0.000031,0.01996,0.980009
AACTCTCAATAGAGCG-1,0.002305,0.055873,0.941822
AACTCTCAGTGTGCTC-1,0.001939,0.048622,0.949439
AACTGAGGTCAGCGTC-1,0.000043,0.14747,0.852486
AACTGATATTAGGCCT-1,0.00002,0.000079,0.9999
AACTGGGTCCCGACGT-1,0.000026,0.00144,0.998534
AACTGGGTTCGAGCCG-1,0.000055,0.126085,0.873859
AACTGGTGTGGGCCTT-1,0.006217,0.164851,0.828933
AACTTCTGCGTCTATC-1,0.003601,0.002124,0.994275
AACTTGCCCGTATGCA-1,0.000038,0.000038,0.999924
AACTTGCGTTCTCGCG-1,0.003444,0.011511,0.985045
AACTTTACGGGAGCTT-1,0.012175,0.000025,0.987799
AACTTTAGCTGCTGAG-1,0.000034,0.029779,0.970187
AACTTTCTCGATCATG-1,0.000028,0.102717,0.897254
AAGAAAGTTTGATGGG-1,0.000079,0.999286,0.000635
AAGAAATCACCAGATT-1,0.000012,0.083302,0.916686
AAGAAGGATCAGTTAG-1,0.000828,0.033322,0.96585
AAGACATACGTGGTTT-1,0.791771,0.050568,0.157662
AAGACCAAATAACTCA-1,0.003512,0.090199,0.906289
AAGACCCAACTGAACA-1,0.004729,0.051638,0.943633
AAGACTAACCCGTTGT-1,0.000023,0.09772,0.902257
AAGACTGCAAGCTACT-1,0.003834,0.047275,0.948891
AAGAGATGAATCGGTA-1,0.009142,0.000022,0.990836
AAGAGCTCTTTATCGG-1,0.000031,0.193383,0.806586
AAGAGGATGTACGCGA-1,0.009368,0.002566,0.988066
AAGAGGCATGGATCGC-1,0.010985,0.05494,0.934075
AAGAGGCCCTTTGGAA-1,0.011723,0.04007,0.948207
AAGATGGCACCGGACC-1,0.010309,0.000896,0.988795
AAGATTGGCGGAACGT-1,0.001276,0.030986,0.967738
AAGCACCCTGCGTATC-1,0.003492,0.001434,0.995074
AAGCATACTCTCCTGA-1,0.00002,0.009883,0.990097
AAGCCACTTGCAGGTA-1,0.068029,0.863669,0.068303
AAGCCGAAGCGGTTTA-1,0.008193,0.005792,0.986015
AAGCCGCCGTGAAATC-1,0.00975,0.005809,0.984441
AAGCCGCTTTACCTTG-1,0.005079,0.218663,0.776258
AAGCGCAGGGCTTTGA-1,0.013463,0.00121,0.985327
AAGCGGAGTGCGCGCA-1,0.000015,0.189452,0.810532
AAGCGGCGTCATGGGT-1,0.013915,0.087667,0.898418
AAGCGTCCCTCATCGA-1,0.000169,0.001281,0.99855
AAGCTAGATCGAGTAA-1,0.001541,0.068129,0.93033
AAGCTCGTGCCAAGTC-1,0.000017,0.03759,0.962393
AAGCTCTTTCATGGTG-1,0.008319,0.002653,0.989028
AAGGAGAACTTATAAG-1,0.000082,0.093287,0.906632
AAGGAGCGGTTGGTGC-1,0.005581,0.030451,0.963967
AAGGATCGATCGCTTG-1,0.000024,0.144152,0.855825
AAGGATGAGGGACCTC-1,0.000023,0.116183,0.883793
AAGGCAGGCTGTCTCC-1,0.000016,0.054452,0.945532
AAGGCGCGTAAAGCTT-1,0.000029,0.061261,0.93871
AAGGCTGTGCTCATCG-1,0.002151,0.007046,0.990804
AAGGGAACGACTGGCT-1,0.001503,0.111576,0.886921
AAGGGACAGATTCTGT-1,0.000025,0.025576,0.974399
AAGGGACTATGCATTC-1,0.004884,0.067847,0.92727
AAGGGTTAGCCATGCG-1,0.938049,0.002083,0.059869
AAGGGTTTGATTTCAG-1,0.000022,0.036502,0.963477
AAGGTATCCTAATATA-1,0.000024,0.038851,0.961125
AAGGTGATAAACCAGC-1,0.000024,0.03522,0.964755
AAGTAGAAGACCGGGT-1,0.000038,0.039254,0.960708
AAGTAGTGACGCGAGG-1,0.000016,0.000016,0.999969
AAGTCAATTGTCGTCA-1,0.000017,0.000017,0.999966
AAGTCTAGTAGCTGCC-1,0.000021,0.10665,0.893329
AAGTCTTCTGTGGCCT-1,0.00408,0.000483,0.995437
AAGTGACGACCGAATT-1,0.005241,0.010717,0.984042
AAGTGAGTCGGGTTTA-1,0.0013,0.002057,0.996643
AAGTGCAAAGGTAGAC-1,0.00342,0.000015,0.996564
AAGTGCCTTGACTGTA-1,0.004226,0.04218,0.953595
AAGTGCGTTAGAATCT-1,0.00002,0.075781,0.924199
AAGTGCTTCTCTATTG-1,0.007455,0.067449,0.925096
AAGTGTTTGGAGACGG-1,0.000025,0.019245,0.980729
AAGTTCACTCCAAGCT-1,0.007148,0.001622,0.99123
AAGTTCAGTCTGCGTA-1,0.0163,0.07831,0.905391
AAGTTCGGCCAACAGG-1,0.000212,0.084372,0.915416
AAGTTGTGATGTTATA-1,0.787266,0.028965,0.18377
AAGTTTACTAATGGCA-1,0.000034,0.000034,0.999931
AAGTTTATGGGCCCAA-1,0.00001,0.059186,0.940804
AATAACAACGCTCGGC-1,0.000019,0.010168,0.989813
AATAACACTAGAACAA-1,0.009908,0.019623,0.970469
AATAACGTCGCGCCCA-1,0.838186,0.030983,0.130831
AATAAGTCCTCGAGAC-1,0.000028,0.547772,0.4522
AATAATCTTCGTATCG-1,0.005539,0.050341,0.94412
AATACAATGTTTCAGG-1,0.008773,0.010373,0.980854
AATACCGGAGGGCTGT-1,0.00771,0.007925,0.984365
AATACCTGATGTGAAC-1,0.954174,0.008625,0.037202
AATAGAACAGAGTGGC-1,0.008357,0.000019,0.991625
AATAGAATCTGTTTCA-1,0.00681,0.000054,0.993136
AATAGCAAGCCTCCTG-1,0.000044,0.010812,0.989144
AATAGCTACCGCGTGC-1,0.001833,0.000175,0.997992
AATAGTCCGTCCCGAC-1,0.00163,0.000019,0.99835
AATAGTCGCGAGTCGG-1,0.000014,0.002648,0.997338
AATATCAAGGTCGGAT-1,0.000035,0.07727,0.922695
AATATCCTAGCAAACT-1,0.015497,0.016285,0.968218
AATATCGAATCAATGC-1,0.000016,0.03878,0.961204
AATATCGAGGGTTCTC-1,0.000036,0.077922,0.922042
AATATTGGAGTATTGA-1,0.003895,0.042268,0.953837
AATCAGACTGCAGGAC-1,0.000032,0.102665,0.897303
AATCAGGTTTCATTTA-1,0.002661,0.014066,0.983273
AATCATGTAAAGACTC-1,0.038447,0.031912,0.929641
AATCCAAGGGCCTGAG-1,0.013845,0.073223,0.912931
AATCCATGCAAGGGTG-1,0.000036,0.228873,0.77109
AATCCCGCTCAGAGCC-1,0.26261,0.733091,0.004299
AATCGCCTCAGCGCCA-1,0.000031,0.039403,0.960566
AATCGCGCAGAGGACT-1,0.00002,0.24813,0.751849
AATCGGGACACTACGA-1,0.000022,0.000022,0.999955
AATCGGTATAGCCCTC-1,0.982636,0.006045,0.01132
AATCGTGAGCCGAGCA-1,0.073765,0.050326,0.875909
AATCTAGGTTTACTTG-1,0.000022,0.155427,0.844551
AATCTATGCCGGAGCC-1,0.000025,0.041729,0.958246
AATCTCTACTGTGGTT-1,0.000022,0.097288,0.902691
AATCTGCGTTGGGACG-1,0.000021,0.072272,0.927707
AATCTGGCTTTCTAGT-1,0.007289,0.053975,0.938736
AATCTGGGTAGACCCT-1,0.000041,0.079147,0.920812
AATGACAGCAATGTCT-1,0.000018,0.000018,0.999965
AATGACGTAGGATGTC-1,0.031107,0.079657,0.889235
AATGACTGTCAGCCGG-1,0.012023,0.062978,0.924999
AATGAGTTCGCATATG-1,0.000034,0.139081,0.860885
AATGATGATACGCTAT-1,0.005701,0.185781,0.808519
AATGATGCGACTCCTG-1,0.000027,0.065467,0.934506
AATGCAACCGGGTACC-1,0.0024,0.12648,0.87112
AATGCACCAAGCAATG-1,0.003668,0.15568,0.840652
AATGGCCGCCAATGCG-1,0.000021,0.098079,0.9019
AATGGTCCACCGTTCA-1,0.009555,0.014799,0.975647
AATGGTTCTCACAAGC-1,0.005442,0.0308,0.963758
AATGTATGGCACTGTA-1,0.015301,0.0027,0.981999
AATGTGCCCGAGGTGT-1,0.014146,0.000027,0.985828
AATGTGCTAATCTGAG-1,0.000497,0.026858,0.972645
AATGTTAAGACCCTGA-1,0.806903,0.17753,0.015567
AATGTTGTCGTGAGAC-1,0.661199,0.110603,0.228198
AATTAAAGGTCGGCGT-1,0.006979,0.050184,0.942837
AATTAACGGATTTCCA-1,0.019513,0.069722,0.910765
AATTACGAGACCCATC-1,0.000015,0.023934,0.976051
AATTACTCGTACGCTC-1,0.000043,0.006259,0.993698
AATTAGCGCTGCAGCG-1,0.000016,0.053095,0.94689
AATTATACCCAGCAAG-1,0.948016,0.046982,0.005002
AATTCATAAGGGATCT-1,0.000037,0.564227,0.435736
AATTCATTGTCATGCA-1,0.009342,0.061297,0.929361
AATTCCAAGCATGTAC-1,0.001007,0.009087,0.989906
AATTCGATTCGAGGAT-1,0.049063,0.053521,0.897417
AATTCTAGAGTTAGGC-1,0.013552,0.009577,0.976871
AATTGAACGCTCTGGT-1,0.006561,0.06228,0.931159
AATTGCAGCAATCGAC-1,0.210512,0.173709,0.615779
AATTGCGTGGATTACA-1,0.024805,0.541542,0.433653
AATTGTGGTTGCCAAA-1,0.878027,0.006492,0.115482
AATTTGGGACATAGTA-1,0.00005,0.087595,0.912355
AATTTGGTTCCAAAGA-1,0.000043,0.538043,0.461914
ACAAACCATGCGTCCT-1,0.016539,0.006135,0.977326
ACAAACTCCATCAGAG-1,0.009992,0.989757,0.000251
ACAAAGAAGGTAGGCC-1,0.007481,0.000016,0.992503
ACAAAGCATGACCTAG-1,0.017664,0.035419,0.946917
ACAAATCGCACCGAAT-1,0.000013,0.022091,0.977896
ACAAATGGTAGTGTTT-1,0.007715,0.152016,0.840269
ACAAATTCAGATCTGA-1,0.005165,0.057837,0.936998
ACAACAGCATGAGCTA-1,0.003629,0.05679,0.939581
ACAACGGTCCCTGCGA-1,0.000034,0.012714,0.987252
ACAAGCAGTGCCTAGC-1,0.000021,0.012621,0.987358
ACAAGCTATATGGAAG-1,0.000025,0.087462,0.912513
ACAAGGAAATCCGCCC-1,0.000207,0.019868,0.979925
ACAAGGACAAGAGGTT-1,0.000019,0.006615,0.993366
ACAAGGATGCTTTAGG-1,0.002251,0.001259,0.99649
ACAAGGCCTACCAGCC-1,0.000044,0.246373,0.753583
ACAAGGGCAGGCTCTG-1,0.017308,0.071984,0.910708
ACAATAGTCGTACGTT-1,0.000019,0.000019,0.999962
ACAATCCATTTAAACC-1,0.00207,0.050674,0.947256
ACAATGAATACGGAGA-1,0.002723,0.000011,0.997266
ACAATGATTCTTCTAC-1,0.00891,0.130726,0.860364
ACAATTGTGTCTCTTT-1,0.001533,0.045125,0.953343
ACAATTTAGGAGGCTC-1,0.003435,0.004593,0.991972
ACAATTTGAGCAGTGG-1,0.000055,0.097186,0.902759
ACAATTTGGCCATATT-1,0.004795,0.03893,0.956275
ACACAAAGACGGGTGG-1,0.000026,0.077175,0.922799
ACACAAATATTCCTAG-1,0.000017,0.147789,0.852193
ACACACCAGGACCAGT-1,0.009688,0.016816,0.973496
ACACACTTTCTACACG-1,0.000026,0.026718,0.973256
ACACATGATCAAATCT-1,0.000019,0.02068,0.979302
ACACATTGACGCAACA-1,0.00938,0.08477,0.90585
ACACATTTCCGTAGAC-1,0.564102,0.236523,0.199375
ACACCACATAATTAGC-1,0.004596,0.058858,0.936546
ACACCCAGCATGCAGC-1,0.016145,0.022758,0.961098
ACACCCGAGAAATCCG-1,0.000015,0.064398,0.935587
ACACCGAGCGCTCTTT-1,0.009053,0.045145,0.945802
ACACCGGTCTGACCGC-1,0.005472,0.041877,0.952651
ACACCTTAAGTAGGGC-1,0.010237,0.060352,0.929411
ACACCTTACTACTTGC-1,0.000023,0.086799,0.913179
ACACGAGACTCCTTCT-1,0.01647,0.057095,0.926435
ACACGGCACTATGCAT-1,0.000038,0.220012,0.77995
ACACGGGAACTTAGGG-1,0.000034,0.019218,0.980749
ACACGTAGGCCACAAG-1,0.032179,0.018405,0.949416
ACACTCCAATGTCACT-1,0.005444,0.052929,0.941627
ACACTGATCAAGGTGT-1,0.004125,0.000016,0.995859
ACACTGGGACAGTCGT-1,0.061153,0.093831,0.845016
ACAGAACTGAGAACAA-1,0.010102,0.003939,0.985959
ACAGATTAGGTTAGTG-1,0.000028,0.006372,0.9936
ACAGCATAGAGCCAGT-1,0.000039,0.022426,0.977536
ACAGCGACATTCTCAT-1,0.000023,0.007171,0.992806
ACAGCGCACCCGCAGC-1,0.000023,0.086965,0.913012
ACAGGCACGGATCCTT-1,0.991042,0.001283,0.007674
ACAGGCTTGCCCGACT-1,0.000015,0.001132,0.998852
ACAGGTGGAGGTGAGG-1,0.005437,0.027785,0.966778
ACAGGTGTGTTGTTGC-1,0.009115,0.000016,0.990869
ACAGTAATACAACTTG-1,0.024572,0.041593,0.933836
ACAGTATACCGTGGGA-1,0.000017,0.048579,0.951404
ACATAAGTCGTGGTGA-1,0.013209,0.049235,0.937556
ACATAATAAGGCGGTG-1,0.00772,0.107956,0.884324
ACATCAGCTGGGACGC-1,0.000021,0.044095,0.955884
ACATCCCGGCCATACG-1,0.01323,0.041423,0.945347
ACATCCTGGTAACTGT-1,0.002504,0.077801,0.919695
ACATCGATCGTTTACC-1,0.013742,0.046545,0.939712
ACATCGGTCAGCCGCG-1,0.003331,0.000018,0.996651
ACATCGTATGCAATGG-1,0.007796,0.023603,0.968601
ACATCGTTAACCTAGT-1,0.000149,0.022237,0.977614
ACATCTCAACGCGTAA-1,0.002243,0.350348,0.64741
ACATGCTTACGGCAGC-1,0.000058,0.999475,0.000467
ACATGGCGCCAAAGTA-1,0.000441,0.068826,0.930733
ACATGGCTCAATTTAG-1,0.000051,0.437207,0.562742
ACATTAGTTTATATCC-1,0.015036,0.031296,0.953668
ACATTCGCGCGGAATA-1,0.274852,0.717149,0.007999
ACATTTGAAACCTAAC-1,0.880093,0.027748,0.092159
ACCAAACACCCAGCGA-1,0.00001,0.06344,0.936551
ACCAAACTAGAAATCC-1,0.000024,0.309379,0.690598
ACCAACACCACACACT-1,0.006011,0.057871,0.936118
ACCAACCGCACTCCAC-1,0.044248,0.204492,0.75126
ACCAACGCTTATTTAT-1,0.015733,0.005397,0.978871
ACCAAGAACGCGTGTC-1,0.006483,0.00002,0.993497
ACCAAGTCATCGGCAG-1,0.927922,0.010448,0.06163
ACCAATATGCAAGTTA-1,0.014847,0.038333,0.946821
ACCACAACTCAGAACA-1,0.010859,0.221972,0.767169
ACCACAAGTTTCTATC-1,0.000025,0.024596,0.975379
ACCACACGGTTGATGG-1,0.773783,0.20461,0.021606
ACCACCAATGTAACAA-1,0.000021,0.054153,0.945826
ACCACCCTCTCTTCTA-1,0.005601,0.037468,0.956931
ACCACGTGCAGCTATA-1,0.008831,0.010982,0.980187
ACCACTGTTCAAGAAG-1,0.000072,0.136214,0.863714
ACCAGACCATAACAAC-1,0.004348,0.056986,0.938666
ACCAGCCCGGTCTTTG-1,0.000026,0.009389,0.990585
ACCAGGAGTGTGATCT-1,0.000139,0.000139,0.999721
ACCAGTGCCCGGTCAA-1,0.01659,0.126267,0.857143
ACCAGTGCGGGAGACG-1,0.000028,0.067159,0.932813
ACCATATCCGCAATAA-1,0.015219,0.028439,0.956342
ACCATCCGCCAACTAG-1,0.007979,0.011322,0.980699
ACCATCGTATATGGTA-1,0.012986,0.011855,0.975159
ACCATTAAGGGTGTCA-1,0.0151,0.065587,0.919313
ACCCAACGCCCGTGGC-1,0.000021,0.007862,0.992117
ACCCACCTACATGCTC-1,0.011213,0.053005,0.935782
ACCCATCTTGAGGGTA-1,0.012257,0.020366,0.967377
ACCCATTTGTCCCTCT-1,0.027329,0.019687,0.952983
ACCCGAGCGAAATTAC-1,0.004946,0.003451,0.991603
ACCCGATTGGTTCCGA-1,0.003318,0.042717,0.953965
ACCCGGAAACTCCCAG-1,0.024559,0.023789,0.951653
ACCCGGAGCACCACAA-1,0.824627,0.004302,0.171072
ACCCGGATGACGCATC-1,0.006279,0.086051,0.90767
ACCCGGTTACACTTCC-1,0.000026,0.147456,0.852517
ACCCGTAGCAGAGAAT-1,0.000106,0.999047,0.000847
ACCCGTAGTCTAGTTG-1,0.959055,0.003093,0.037852
ACCCGTGTCATCAGTA-1,0.01339,0.024373,0.962237
ACCCTATAGGACTGAG-1,0.000038,0.204417,0.795546
ACCCTATGCCATATCG-1,0.011858,0.012815,0.975327
ACCCTCCCGTCAGGGC-1,0.825965,0.006939,0.167095
ACCCTCCCTTGCTATT-1,0.00002,0.000851,0.999128
ACCCTGGTAACGCCCT-1,0.000016,0.011241,0.988742
ACCCTTCATCTGCGAA-1,0.000029,0.076828,0.923144
ACCCTTGCCTGGGTCG-1,0.000023,0.072193,0.927784
ACCCTTTAGTTCTCCA-1,0.000023,0.004915,0.995061
ACCGAAAGGGCCCTGC-1,0.000028,0.042164,0.957807
ACCGAAGAGTCTGGTT-1,0.0395,0.116198,0.844302
ACCGACACATCTCCCA-1,0.005161,0.009075,0.985764
ACCGACTGAGTCCCAC-1,0.003338,0.032201,0.964461
ACCGAGTCTCCTTATT-1,0.555928,0.156593,0.287479
ACCGATAGGCATAACC-1,0.361022,0.063072,0.575905
ACCGATATTTAATCAT-1,0.029651,0.068402,0.901947
ACCGATGGTAGCATCG-1,0.001882,0.014864,0.983253
ACCGCAATAACTGCCT-1,0.003048,0.046786,0.950166
ACCGCGGTGGAAGTCG-1,0.000016,0.000399,0.999585
ACCGCTAGTCATTGGT-1,0.031064,0.915698,0.053238
ACCGGGCCTTTGTTGA-1,0.002423,0.155352,0.842225
ACCGGTCAGGTACACC-1,0.000025,0.016618,0.983357
ACCGGTCTGAGTACGG-1,0.000051,0.066824,0.933125
ACCGTCCACTGGGCCC-1,0.001903,0.100415,0.897682
ACCGTGACCACGTGGG-1,0.008632,0.001337,0.99003
ACCGTTCCCGCTCTGA-1,0.004963,0.00789,0.987147
ACCTAAGTACCTTTCA-1,0.00067,0.002458,0.996873
ACCTAATCGACTTCCT-1,0.00004,0.00004,0.999919
ACCTACAGTATGTGGT-1,0.006293,0.083939,0.909768
ACCTACTATAAATCTA-1,0.010811,0.036787,0.952402
ACCTCCGCCCTCGCTG-1,0.00158,0.000023,0.998397
ACCTCCGTTATTCACC-1,0.00002,0.091646,0.908334
ACCTCGAACTTATGCT-1,0.004736,0.003997,0.991266
ACCTGCGTGTCATGTT-1,0.027061,0.241341,0.731598
ACGAAATGGGCGGCAC-1,0.015976,0.010668,0.973355
ACGACTCTAGGGCCGA-1,0.941101,0.002242,0.056657
ACGACTGGTCATACTC-1,0.020409,0.000172,0.979419
ACGAGAACCCATCACG-1,0.000032,0.079692,0.920276
ACGAGATATTTGCTTA-1,0.00003,0.051081,0.948888
ACGAGGATACCACTCT-1,0.000872,0.000822,0.998306
ACGAGGTTTACAACGT-1,0.086649,0.380461,0.53289
ACGAGTACGGATGCCC-1,0.004869,0.073305,0.921826
ACGAGTCGCCGGCGTT-1,0.000118,0.250699,0.749183
ACGATACATAGAACTA-1,0.001421,0.126525,0.872054
ACGATACCTATCCTGA-1,0.000022,0.044675,0.955303
ACGATCATACATAGAG-1,0.000029,0.015107,0.984864
ACGATCATCTTGTAAA-1,0.002081,0.134479,0.86344
ACGATGCATATGTTAT-1,0.010533,0.047148,0.942318
ACGATGGATCCGATGC-1,0.000025,0.001694,0.998281
ACGCAAACTAATAGAT-1,0.011704,0.002094,0.986202
ACGCAATCACTACAGC-1,0.000045,0.04174,0.958215
ACGCATAAATGACATG-1,0.000032,0.117443,0.882525
ACGCATACGTTTACTA-1,0.008502,0.012369,0.979129
ACGCATTCGTGAGTAC-1,0.000029,0.125148,0.874822
ACGCCACTCGAAACAG-1,0.637611,0.226533,0.135856
ACGCCAGATGATTTCT-1,0.003637,0.010529,0.985834
ACGCCAGTGCGTTTGC-1,0.737067,0.011315,0.251619
ACGCCCAGCTGTCGAT-1,0.000077,0.187838,0.812085
ACGCCGCTAGACGACC-1,0.009004,0.117277,0.873719
ACGCGAAGTCAGACGA-1,0.002775,0.010043,0.987182
ACGCGCTACACAGGGT-1,0.000042,0.000531,0.999427
ACGCGGGCCAAGGACA-1,0.000018,0.045909,0.954074
ACGCGTTTCTTAAGAG-1,0.000021,0.02453,0.975448
ACGCTACTGAATGGGC-1,0.93336,0.04351,0.023129
ACGCTAGTGATACACT-1,0.000035,0.228755,0.77121
ACGCTGTGAGGCGTAG-1,0.017865,0.03166,0.950475
ACGCTTAGTGTCTCTC-1,0.000035,0.023223,0.976742
ACGGAACACGAGTGCC-1,0.638947,0.350182,0.010871
ACGGAATTTAGCAAAT-1,0.007846,0.025873,0.966281
ACGGACGCAGCGACAA-1,0.000088,0.999212,0.0007
ACGGACTCTCAAAGCG-1,0.004841,0.003566,0.991592
ACGGAGCGCAAATTAC-1,0.000295,0.063814,0.935892
ACGGATGGTGCGGATA-1,0.009128,0.001655,0.989217
ACGGCACTTGCTTGGG-1,0.013148,0.000044,0.986808
ACGGCCAACATGGACT-1,0.001548,0.002159,0.996293
ACGGCGACGATGGGAA-1,0.005288,0.071999,0.922713
ACGGCGGGTTGCCCTG-1,0.000025,0.013853,0.986122
ACGGCTGGATGTAGAA-1,0.008493,0.04651,0.944997
ACGGGAGTGTCGGCCC-1,0.00239,0.000018,0.997592
ACGGGCGTATGCGACA-1,0.000029,0.109412,0.890559
ACGGGTCATGTGACTT-1,0.006381,0.018259,0.97536
ACGGGTTGTGACCTGT-1,0.000148,0.960031,0.039821
ACGGTACAGTTCAATG-1,0.960032,0.006802,0.033166
ACGGTCACCGAGAACA-1,0.068748,0.661664,0.269587
ACGTACAGATTTCTCT-1,0.000033,0.011276,0.988692
ACGTACTTTGGCACGG-1,0.05579,0.073618,0.870592
ACGTAGATTGCTGATG-1,0.000031,0.000031,0.999937
ACGTAGGAGAGTCGCT-1,0.173286,0.02922,0.797495
ACGTATTACTCCGATC-1,0.002245,0.093825,0.90393
ACGTCGGGCAACTCGG-1,0.077338,0.921123,0.001539
ACGTCTCGTTCCGGGA-1,0.000019,0.002063,0.997918
ACGTGACAAAGTAAGT-1,0.009426,0.000424,0.99015
ACGTGCGCCTCGTGCA-1,0.000018,0.021278,0.978703
ACGTTAATGTCGAAGA-1,0.004837,0.000022,0.995141
ACGTTAGATTTGCCCG-1,0.00003,0.00003,0.99994
ACGTTATTGGTCACTC-1,0.000028,0.000028,0.999944
ACGTTCACTATGCCGC-1,0.322816,0.672594,0.00459
ACGTTCCGCGCTCCGT-1,0.000031,0.22054,0.779429
ACGTTCGCAATCAATT-1,0.007504,0.032957,0.95954
ACGTTCGTTCAGGAAA-1,0.000013,0.000013,0.999974
ACGTTCTGTACAAGTC-1,0.007375,0.005201,0.987424
ACGTTGTCGTTGAAAG-1,0.0007,0.993705,0.005596
ACGTTTAGTTGTGATC-1,0.004114,0.000042,0.995844
ACTAAGGACGCACACC-1,0.000039,0.311614,0.688347
ACTAATACGTCAGGCG-1,0.002138,0.065932,0.931931
ACTACAAAGAGAGGTG-1,0.033949,0.075469,0.890582
ACTACATCCCGACAAG-1,0.01227,0.000513,0.987218
ACTACCAGCTCTCTGG-1,0.000026,0.000026,0.999948
ACTACCATCCGAGGGC-1,0.000114,0.935751,0.064135
ACTACGCGTTAGAATT-1,0.031651,0.052335,0.916014
ACTAGTTGCGATCGTC-1,0.00002,0.000917,0.999063
ACTATATGCTGTGTTC-1,0.002248,0.136446,0.861306
ACTATCCAGGGCATGG-1,0.002274,0.059489,0.938237
ACTATCGCCGGCTAAA-1,0.000023,0.06404,0.935937
ACTATCTGCCCGCGTA-1,0.005719,0.018373,0.975908
ACTATGTCCAGCTGCC-1,0.008526,0.006094,0.98538
ACTATTCGTCCGTGGT-1,0.000029,0.060325,0.939646
ACTATTTCCGGGCCCA-1,0.012662,0.000642,0.986696
ACTCAACGAATGTATT-1,0.00281,0.059592,0.937598
ACTCAAGTGCAAGGCT-1,0.000012,0.000012,0.999977
ACTCAATAAAGGCACG-1,0.000025,0.012171,0.987803
ACTCAGACCTGCTTCT-1,0.000027,0.048144,0.951829
ACTCATGGCAGCCTTC-1,0.019045,0.076398,0.904557
ACTCCAATATCATCAT-1,0.000018,0.000018,0.999963
ACTCCCATTCCTAAAG-1,0.008964,0.00023,0.990806
ACTCCCGAATTCGTTT-1,0.002694,0.109532,0.887774
ACTCCCGTAGACTAGG-1,0.006169,0.086243,0.907588
ACTCCCTAATGCTAAA-1,0.002891,0.000009,0.9971
ACTCCCTAGAATAGTA-1,0.011182,0.095477,0.893341
ACTCCGGCCGACCACT-1,0.832379,0.048849,0.118772
ACTCGATGTATTTCAT-1,0.000033,0.057418,0.942549
ACTCGCCGTTCGATAA-1,0.768503,0.065843,0.165654
ACTCGCGATCTGACGC-1,0.026816,0.38154,0.591644
ACTCGTAACCCGTCCT-1,0.021352,0.00263,0.976019
ACTCGTCAGTAATCCC-1,0.000015,0.000015,0.99997
ACTCTAAACCTGGGAT-1,0.012708,0.063325,0.923968
ACTCTCTGACTTAGGT-1,0.000038,0.098147,0.901815
ACTCTCTTATACACGA-1,0.003521,0.083839,0.912641
ACTCTGACCTAATAGA-1,0.928653,0.006449,0.064898
ACTCTTCAGCTCCCGC-1,0.011886,0.627412,0.360703
ACTCTTGTATAGTAAC-1,0.000043,0.078675,0.921281
ACTGAAACGCCGTTAG-1,0.021838,0.002599,0.975563
ACTGAATGGCGAAAGT-1,0.009679,0.031278,0.959043
ACTGATTTAGTGATTC-1,0.000028,0.026217,0.973754
ACTGCCCGCCATTCTC-1,0.008899,0.018351,0.97275
ACTGCCGTCGTAACTC-1,0.000039,0.303093,0.696868
ACTGCGGACACACCGT-1,0.000013,0.013268,0.986719
ACTGCTCGGAAGGATG-1,0.007247,0.038922,0.953831
ACTGGCGAACCTGCGT-1,0.00002,0.159608,0.840372
ACTGGGATGCCAGTGC-1,0.443592,0.349879,0.206529
ACTGTACGATACACAT-1,0.004399,0.021881,0.97372
ACTGTAGCACTTTGGA-1,0.000023,0.047667,0.952311
ACTGTATACGCGAGCA-1,0.00591,0.081102,0.912988
ACTGTCCAGGATTATA-1,0.009606,0.005332,0.985062
ACTGTCTTCTTTAGAA-1,0.000031,0.06075,0.939219
ACTGTGCTAGTAGATC-1,0.00004,0.00004,0.999919
ACTGTTTAGTGTAGGC-1,0.000093,0.000093,0.999813
ACTTACCGGGCGCGCA-1,0.008999,0.222175,0.768827
ACTTACGCATCCACGC-1,0.003961,0.002548,0.993491
ACTTAGTACGACAAGA-1,0.000046,0.00941,0.990543
ACTTATACTTACCCGG-1,0.003603,0.029472,0.966926
ACTTATTAGGATCGGT-1,0.020846,0.028165,0.950989
ACTTATTTATGTGCCA-1,0.000033,0.104642,0.895324
ACTTCAGGCTGATCCC-1,0.000019,0.001048,0.998933
ACTTCCAGTGGAAGCT-1,0.051425,0.041943,0.906632
ACTTCCATGCGGGACA-1,0.003059,0.008819,0.988122
ACTTCGCCATACGCAC-1,0.000022,0.045978,0.954
ACTTCGCTAGCGAGTG-1,0.000027,0.170232,0.829741
ACTTGACTCCCTCTTT-1,0.000024,0.09274,0.907236
ACTTGCCATATTGTAC-1,0.01335,0.05365,0.932999
ACTTGCTCTATCTACC-1,0.124576,0.734794,0.14063
ACTTGGGACCCGGTGG-1,0.008712,0.000021,0.991267
ACTTGTAGTCCCTTCA-1,0.006645,0.002965,0.99039
ACTTGTGGATGGAACG-1,0.003849,0.013557,0.982595
ACTTGTTACCGGATCA-1,0.631335,0.36332,0.005346
ACTTTACCCTCATGAA-1,0.00053,0.093897,0.905573
ACTTTATACACCACTT-1,0.000239,0.997851,0.00191
ACTTTCCTATAGCTTC-1,0.006527,0.052537,0.940936
ACTTTGACTGCATCCT-1,0.000027,0.011904,0.988069
ACTTTGGTCGTGCTCC-1,0.011429,0.010623,0.977948
ACTTTGTCGACGCACT-1,0.032146,0.068748,0.899106
AGAAATTATGACTCGC-1,0.003192,0.007437,0.989371
AGAACACGGCGATGGT-1,0.000125,0.998879,0.000997
AGAACCCAGCGTGACA-1,0.007027,0.085918,0.907055
AGAACCCTCAATTGGG-1,0.018483,0.021594,0.959923
AGAACGTGGTACATTC-1,0.003672,0.090206,0.906121
AGAACTGTACTTTGTA-1,0.999967,0.000004,0.00003
AGAAGAGCGCCGTTCC-1,0.000211,0.062561,0.937228
AGAAGGTACACTTCAC-1,0.00873,0.048578,0.942692
AGAAGGTTGCCGAATT-1,0.003547,0.000029,0.996424
AGAAGGTTGTAGGTCG-1,0.011,0.002664,0.986337
AGAAGTGATTCGTGAT-1,0.000018,0.016517,0.983465
AGAATAAATCTTCAGG-1,0.004238,0.01424,0.981521
AGAATACAGGCTATCC-1,0.933451,0.034964,0.031585
AGAATGCGGGTTCGGA-1,0.01554,0.002243,0.982217
AGAATTATGGATTCGA-1,0.000022,0.072688,0.92729
AGAATTGTTTGACATA-1,0.000018,0.002194,0.997789
AGACAGCTCAGAATCC-1,0.00002,0.000728,0.999252
AGACAGGCATCTCAGC-1,0.115729,0.035783,0.848488
AGACATAGATCCTTCC-1,0.000057,0.084402,0.915542
AGACCAAACCACACCT-1,0.013839,0.051719,0.934441
AGACCATGGGATACAA-1,0.000016,0.003206,0.996778
AGACCCACCGCTGATC-1,0.006395,0.000017,0.993588
AGACCCGCCCTCCTCG-1,0.003221,0.053993,0.942786
AGACCGCTCCGCGGTT-1,0.001135,0.11822,0.880645
AGACCGGGAAACCCTG-1,0.002284,0.000016,0.9977
AGACGAAGTGCCGGTC-1,0.006468,0.015741,0.977791
AGACGACGATGCCGCT-1,0.004326,0.000027,0.995647
AGACGCCCACTTCGCC-1,0.942625,0.003042,0.054333
AGACGGGCCGATTTAA-1,0.003587,0.018766,0.977647
AGACTAGCCTTCCAGA-1,0.000027,0.023896,0.976077
AGACTGTTACCGGGTC-1,0.019821,0.035017,0.945162
AGAGAAACACCAGAAA-1,0.011303,0.122018,0.866679
AGAGAACCGTCTAGGA-1,0.000027,0.129846,0.870127
AGAGAAGGAGTACAAT-1,0.016007,0.000015,0.983978
AGAGATCTCTAAAGCG-1,0.000013,0.000013,0.999973
AGAGCAGTTATGAGAC-1,0.012184,0.040711,0.947105
AGAGCCGCCGAGATTT-1,0.011029,0.004043,0.984928
AGAGCGCTTGTAACGG-1,0.001261,0.068018,0.93072
AGAGCGGGCTAATCAT-1,0.014581,0.10054,0.884879
AGAGCGTACAAGCTCG-1,0.005126,0.047479,0.947395
AGAGCTACGAAAGCAT-1,0.000026,0.253286,0.746688
AGAGGCTTCGGAAACC-1,0.00904,0.046078,0.944881
AGAGGGACAATTGTCC-1,0.000025,0.016727,0.983248
AGAGGTATCTCGGTCC-1,0.000154,0.076223,0.923623
AGAGTAAACTTCACTA-1,0.008495,0.000014,0.991491
AGAGTATAGTGTTACG-1,0.000023,0.162299,0.837678
AGAGTGAACAGACACC-1,0.000074,0.151126,0.8488
AGAGTTAGAGACCGAT-1,0.00003,0.078629,0.921341
AGAGTTGCAGGCCTCC-1,0.000029,0.362978,0.636993
AGATAACTTCAGGGCC-1,0.000021,0.004763,0.995216
AGATACCAATAGAACC-1,0.730705,0.043138,0.226157
AGATACCAGCACTTCA-1,0.000021,0.119897,0.880082
AGATACCGGTGTTCAC-1,0.000867,0.000016,0.999117
AGATACGACTTCATAT-1,0.003699,0.04513,0.95117
AGATACTCAAGATCGA-1,0.002775,0.000017,0.997207
AGATATAATACGACTA-1,0.011296,0.009225,0.979479
AGATCGTGCATAAGAT-1,0.00217,0.148623,0.849207
AGATCTCAGGTGTGAT-1,0.000027,0.038031,0.961941
AGATCTGGAGAGGATA-1,0.000106,0.999048,0.000846
AGATGACTCGCCCACG-1,0.000036,0.038106,0.961858
AGATGAGGGTTGCGAT-1,0.002344,0.101897,0.895759
AGATGATGGAGTCTGG-1,0.000018,0.000018,0.999964
AGATGCAAGACGTGCA-1,0.018282,0.030171,0.951547
AGATGCATCCTGTGTC-1,0.02898,0.023517,0.947503
AGATGCTATAACGAGC-1,0.000028,0.043724,0.956248
AGATTATAGGACGTTT-1,0.007471,0.054877,0.937653
AGATTCAAGCGGGTCG-1,0.00003,0.00003,0.999941
AGATTCACAACCGATA-1,0.007275,0.052294,0.940432
AGCAAAGGCCGCTAGT-1,0.005528,0.000686,0.993786
AGCAACATATCTTATT-1,0.000018,0.037542,0.96244
AGCAACCGAAAGTAAT-1,0.000017,0.000017,0.999965
AGCACACGTTTAGACT-1,0.019352,0.002972,0.977676
AGCACCAGTACTCACG-1,0.027403,0.032747,0.93985
AGCACTACCGGCCTGT-1,0.000016,0.000016,0.999968
AGCACTACCTCACCAG-1,0.012218,0.095947,0.891835
AGCACTTAAGGACGCC-1,0.000023,0.000023,0.999955
AGCAGAAGGAGAAAGA-1,0.002809,0.010578,0.986612
AGCAGCCAGATGAATA-1,0.008602,0.001003,0.990395
AGCAGTCGAAGCATGC-1,0.936522,0.0443,0.019178
AGCATATCAATATGCT-1,0.000223,0.012037,0.987741
AGCATCATTTCGAAAG-1,0.006489,0.010425,0.983085
AGCATCGTCGATAATT-1,0.000022,0.000022,0.999956
AGCATTACGAGGCAAG-1,0.539841,0.08302,0.377138
AGCCAAGCTTTGTGTC-1,0.000014,0.000014,0.999972
AGCCACAGGTTACCCG-1,0.002399,0.028216,0.969386
AGCCACTCCCGTGCTT-1,0.018673,0.048917,0.932409
AGCCATATAGTATGTG-1,0.056205,0.165185,0.77861
AGCCCATACATGTAAG-1,0.000017,0.000017,0.999966
AGCCCGCAACAAGCAG-1,0.014554,0.040418,0.945028
AGCCCGCACTACAATG-1,0.899662,0.0664,0.033938
AGCCCGGCATTAGAGG-1,0.004407,0.006186,0.989407
AGCCCGGTAGCCTGTA-1,0.026958,0.071468,0.901574
AGCCCTAAGCGAAGTT-1,0.005505,0.01277,0.981725
AGCCCTCCCTGGTGGC-1,0.006833,0.055467,0.9377
AGCCCTGTCGCACCGT-1,0.000018,0.051814,0.948168
AGCCCTTCTAATCCGA-1,0.000037,0.105989,0.893974
AGCCCTTGGACATCCC-1,0.05356,0.01807,0.92837
AGCCGCAAATTCAAAT-1,0.005622,0.012616,0.981762
AGCCGCTTGATTAGCG-1,0.000037,0.005711,0.994251
AGCCGTGGCTAAATGT-1,0.000024,0.010044,0.989932
AGCCTAATACCCACGT-1,0.027943,0.051376,0.920681
AGCCTTAAAGCGGAAG-1,0.000022,0.063979,0.936
AGCCTTGTCACTGATA-1,0.015108,0.891336,0.093556
AGCGACAGGAACGGTC-1,0.003563,0.000019,0.996417
AGCGACATCCCATTCA-1,0.016186,0.075033,0.908781
AGCGACCAACGATATT-1,0.000028,0.057349,0.942623
AGCGAGACGTGAAGGC-1,0.002893,0.073377,0.92373
AGCGATGCGCCTAATA-1,0.630733,0.064772,0.304495
AGCGCATAATGAATCG-1,0.01382,0.187625,0.798556
AGCGCGGGTGCCAATG-1,0.000022,0.137018,0.862959
AGCGCTAGAGCGATGT-1,0.002291,0.054668,0.943042
AGCGCTTATGGGCAAG-1,0.000038,0.141395,0.858567
AGCGGACACTTCGTAG-1,0.016735,0.001551,0.981714
AGCGGCGGTTAGCGGT-1,0.014964,0.016121,0.968915
AGCGGGAAGGGTCCAT-1,0.000027,0.050314,0.949659
AGCGGGTCTGACACTC-1,0.001301,0.009123,0.989576
AGCGGTTGCCGCTCTG-1,0.000029,0.076799,0.923172
AGCGTACGAGAGCTAG-1,0.000022,0.080712,0.919266
AGCGTCTGAACCCGCA-1,0.0002,0.9982,0.0016
AGCGTGGTATTCTACT-1,0.000033,0.056694,0.943272
AGCTAACAAGCAATGT-1,0.01564,0.003303,0.981057
AGCTAAGCTCCGTCCG-1,0.03005,0.969621,0.000328
AGCTAAGTACGCAGGC-1,0.015834,0.000267,0.983899
AGCTAGAAGCAGAAGT-1,0.000028,0.067316,0.932656
AGCTATTTAATCCAAC-1,0.000535,0.0137,0.985765
AGCTCCATATATGTTC-1,0.000022,0.000647,0.999331
AGCTCCTTCGCACATC-1,0.007607,0.009506,0.982887
AGCTCGTTGATGGAAA-1,0.000025,0.142771,0.857204
AGCTCTAGACGTTCCA-1,0.024941,0.036824,0.938235
AGCTCTTCCCAGTGCA-1,0.000047,0.102006,0.897948
AGCTCTTCGTAACCTT-1,0.000017,0.153895,0.846087
AGCTCTTTACTCAGTT-1,0.000044,0.000044,0.999912
AGCTGAAGTAAACCAA-1,0.000024,0.039279,0.960697
AGCTGTAACCTCAATC-1,0.003144,0.000682,0.996174
AGCTTATAGAGACCTG-1,0.000032,0.146625,0.853342
AGCTTCTTCTCGAGCA-1,0.61762,0.247161,0.135219
AGCTTGATCAGGGTAG-1,0.154713,0.844741,0.000546
AGCTTGATCTTAACTT-1,0.000022,0.000022,0.999956
AGGAAAGCCTCTGATG-1,0.028945,0.475154,0.4959
AGGAACGAACGACTTC-1,0.681202,0.04176,0.277038
AGGAAGCTGTCCGCCG-1,0.022786,0.078596,0.898619
AGGACAGTCGAATCCC-1,0.000564,0.016852,0.982584
AGGACATCGCACGTCG-1,0.000033,0.124345,0.875621
AGGACATCGGCACACT-1,0.555721,0.021191,0.423088
AGGACGACCCATTAGA-1,0.000023,0.000023,0.999953
AGGACGCTCGATGTTG-1,0.000021,0.029239,0.97074
AGGACTTATAGGAGAA-1,0.000023,0.021844,0.978133
AGGAGACATCCACAGT-1,0.000035,0.126377,0.873588
AGGAGAGTCTGGCTAC-1,0.000029,0.279024,0.720947
AGGAGGCCTTCGCGCG-1,0.010254,0.107532,0.882214
AGGATAAAGTCGGGAT-1,0.006519,0.001198,0.992283
AGGATATAGGGATTTA-1,0.007004,0.092006,0.90099
AGGATATCCGACTGCA-1,0.854347,0.011905,0.133748
AGGATCACGCGATCTG-1,0.000021,0.000934,0.999045
AGGATTGCTTACGACA-1,0.000018,0.11306,0.886922
AGGCACGTGACTGTCC-1,0.015683,0.000019,0.984298
AGGCAGATGCGTAAAC-1,0.000031,0.077079,0.92289
AGGCAGGGAGCGTACT-1,0.000026,0.004298,0.995676
AGGCATTGTCGTAGGG-1,0.000031,0.057914,0.942055
AGGCCACCCGTTATGA-1,0.000031,0.020982,0.978988
AGGCCCAGTGACTGGT-1,0.000038,0.326655,0.673307
AGGCCCATTGTACAGG-1,0.005526,0.008504,0.98597
AGGCCCTAGAACGCCA-1,0.004298,0.011591,0.984111
AGGCCTATCATACCAA-1,0.166502,0.162187,0.671311
AGGCCTGAGAATCTCG-1,0.006299,0.026348,0.967353
AGGCGATAACTGGCGT-1,0.558408,0.015739,0.425854
AGGCGGTTTGTCCCGC-1,0.026813,0.05047,0.922717
AGGCGTCTATGGACGG-1,0.00002,0.009903,0.990077
AGGCTATGGTTAGCTT-1,0.000035,0.005851,0.994114
AGGCTTCCCGAAGAAG-1,0.017224,0.009995,0.972781
AGGCTTGCTAGACACC-1,0.000038,0.001105,0.998857
AGGGAAACGAGGTACT-1,0.000033,0.040591,0.959376
AGGGACAGCACGGCGG-1,0.000024,0.00655,0.993426
AGGGACCGGCTGCGTT-1,0.000025,0.009686,0.990289
AGGGACTCTACGCGAC-1,0.000017,0.025201,0.974783
AGGGAGACATACTTCG-1,0.008251,0.050723,0.941026
AGGGCAGCGGCGTGGT-1,0.002162,0.066153,0.931685
AGGGCCCTAATGTTCT-1,0.460505,0.020772,0.518724
AGGGCGAGCAGCTGAT-1,0.000016,0.000014,0.99997
AGGGCGTGATCGGCTA-1,0.000027,0.004288,0.995685
AGGGCTGCAGTTACAG-1,0.000027,0.006542,0.993431
AGGGTCAGAGCACTCG-1,0.007729,0.014515,0.977755
AGGGTCAGTAACCCTA-1,0.000039,0.093064,0.906897
AGGGTCGATGCGAACT-1,0.000789,0.137046,0.862165
AGGGTCTGGACGCAGT-1,0.875786,0.025279,0.098935
AGGGTGCCGTTCTTTA-1,0.018764,0.0229,0.958337
AGGGTGCTCTCGAGGG-1,0.00002,0.024678,0.975302
AGGGTGGATAGTGCAT-1,0.00002,0.009792,0.990189
AGGGTGTGCTACACGC-1,0.004729,0.206131,0.78914
AGGGTTCAGACGGTCC-1,0.02419,0.025065,0.950744
AGGGTTCCCTTTGGTT-1,0.003247,0.000347,0.996406
AGGGTTTAGTTCGGGA-1,0.011216,0.02674,0.962044
AGGTAACCTCCTATTC-1,0.000022,0.021748,0.97823
AGGTACGATATTGCCA-1,0.011094,0.408698,0.580208
AGGTAGATCGAGATAT-1,0.003288,0.046694,0.950018
AGGTAGGTACAAAGCT-1,0.000022,0.026197,0.97378
AGGTATAATTGATAGT-1,0.000026,0.035544,0.96443
AGGTATGCGGACATTA-1,0.000023,0.513613,0.486365
AGGTCAGGTGAGAGTG-1,0.009584,0.02526,0.965156
AGGTCGCCTCCCAACA-1,0.467926,0.017183,0.514891
AGGTCGCGGAGTTACT-1,0.004546,0.068625,0.926829
AGGTGCACGTCCACAT-1,0.94668,0.001467,0.051853
AGGTGGTGACCTTCGC-1,0.000022,0.029834,0.970144
AGGTGTATCGCCATGA-1,0.00515,0.000023,0.994828
AGGTTACACCATGCCG-1,0.000016,0.000016,0.999968
AGGTTCTCCTTTCCGG-1,0.002631,0.404697,0.592672
AGGTTGAGGCACGCTT-1,0.000035,0.033782,0.966183
AGGTTTCACACACCTT-1,0.029209,0.24551,0.72528
AGTAACGTTCATCCTG-1,0.000022,0.079353,0.920625
AGTAACTATAGCAGCC-1,0.901063,0.091355,0.007582
AGTAATCTAAGGGTGG-1,0.928909,0.044141,0.02695
AGTAATGTCTTGCCGC-1,0.000044,0.042577,0.957379
AGTAATTTGCAAGCGT-1,0.202084,0.779675,0.018241
AGTACAGAAGCTTATA-1,0.571904,0.207696,0.2204
AGTACATCATTTATCA-1,0.000037,0.062919,0.937044
AGTACCTTCGAGTGCT-1,0.001122,0.060999,0.937879
AGTACGGCCCGTATCG-1,0.006108,0.012308,0.981584
AGTACGGGCACCTGGC-1,0.000031,0.175961,0.824007
AGTACGTGGCCTGTCT-1,0.000041,0.117976,0.881983
AGTACTCTTATGCCCA-1,0.008839,0.002825,0.988336
AGTAGAAGGCGCCTCA-1,0.014152,0.017736,0.968111
AGTAGCTAGACGCCGA-1,0.00003,0.031756,0.968214
AGTAGGAAGGAAGTTG-1,0.000035,0.123552,0.876413
AGTAGGTAACATACAT-1,0.000054,0.430685,0.569262
AGTATAATACTAGGCA-1,0.000613,0.039826,0.959561
AGTATACACAGCGACA-1,0.024153,0.057449,0.918398
AGTATCCATAATAACG-1,0.000064,0.098714,0.901222
AGTATGCTGGAGACCA-1,0.011572,0.012714,0.975714
AGTATTTGGCACGACC-1,0.007114,0.075183,0.917704
AGTCAAATGATGTGAT-1,0.012204,0.002384,0.985413
AGTCAACACCACCATC-1,0.018264,0.008318,0.973418
AGTCAAGATGACACTT-1,0.000021,0.000021,0.999957
AGTCACTAGCTCTCGA-1,0.008765,0.071906,0.919329
AGTCACTCCGCCTCAT-1,0.000044,0.060584,0.939372
AGTCAGCCACCGCCTG-1,0.000032,0.019608,0.98036
AGTCCAGCGGGTACGT-1,0.000035,0.06813,0.931835
AGTCCATTGGCTGATG-1,0.00262,0.089709,0.907671
AGTCCCGCCTTTAATT-1,0.006687,0.094965,0.898348
AGTCCCTCGCAGAAAG-1,0.00154,0.108825,0.889635
AGTCGAAACGATTCAG-1,0.061864,0.76696,0.171176
AGTCGACGGTCTCAAG-1,0.008562,0.067535,0.923903
AGTCGGCCCAAACGAC-1,0.023055,0.001444,0.975501
AGTCGGCTCAACTTTA-1,0.010768,0.01223,0.977002
AGTCGGTTGCGTGAGA-1,0.000021,0.089767,0.910212
AGTCGTATAAAGCAGA-1,0.019491,0.002435,0.978074
AGTCGTCGACCACCAA-1,0.026633,0.061815,0.911552
AGTCGTGGGCATTACG-1,0.000014,0.000014,0.999972
AGTCTAAAGTATACTC-1,0.002138,0.038867,0.958994
AGTCTCACAAGACTAC-1,0.002956,0.014231,0.982813
AGTCTGGACATCCTTG-1,0.002106,0.032896,0.964998
AGTCTTCTCCTCAAAT-1,0.000033,0.046583,0.953384
AGTCTTTAAAGTGTCC-1,0.064602,0.1698,0.765598
AGTGAACAAACTTCTC-1,0.011011,0.036199,0.95279
AGTGAAGATGGTGTCC-1,0.007569,0.135341,0.85709
AGTGACCTACTTTACG-1,0.000025,0.000025,0.999951
AGTGACTGTGACACAA-1,0.011263,0.027828,0.960909
AGTGAGACTTCCAGTA-1,0.021064,0.054966,0.92397
AGTGAGCCTCGCCGCC-1,0.00003,0.131259,0.868711
AGTGAGGGTTTCTGAC-1,0.000074,0.559806,0.44012
AGTGAGTCGAATTAAC-1,0.645038,0.150077,0.204885
AGTGATAACCTGCGCG-1,0.023668,0.033204,0.943128
AGTGATATGAGTAGTT-1,0.034404,0.235921,0.729675
AGTGATTCAAGCAGGA-1,0.000035,0.004041,0.995924
AGTGCACGCTTAAGAA-1,0.007156,0.17423,0.818614
AGTGCGTAGCTCGTAA-1,0.031841,0.135568,0.832591
AGTGCTAAACACAGCA-1,0.004223,0.034954,0.960822
AGTGCTTGCACGAATA-1,0.002588,0.052636,0.944776
AGTGGCCCGCAAATGG-1,0.999966,0.000004,0.00003
AGTGGCGGCAATTTGA-1,0.000031,0.343163,0.656805
AGTGGCGTCTGAAGGT-1,0.003262,0.001412,0.995326
AGTGGCTCCGTCGGCC-1,0.002751,0.09858,0.898669
AGTGGGAGTATACACG-1,0.004428,0.159346,0.836226
AGTGGTGTTACCCGTG-1,0.008759,0.00314,0.988101
AGTGGTTGCGTATAGG-1,0.000027,0.002046,0.997927
AGTGTATTGCGCATTG-1,0.000035,0.129232,0.870733
AGTGTGCTAAGATCGC-1,0.000037,0.097519,0.902443
AGTGTGGTCTATTGTG-1,0.000038,0.00265,0.997313
AGTTAAACACTTGCGA-1,0.018575,0.000722,0.980703
AGTTAAGCGGTCCCGG-1,0.002007,0.530583,0.46741
AGTTAAGTCAACCGCT-1,0.002713,0.000018,0.997269
AGTTACCCTTAAGACT-1,0.011492,0.046123,0.942385
AGTTACCGCACATGGT-1,0.000027,0.082808,0.917165
AGTTACTCTATCGTGG-1,0.000053,0.043763,0.956184
AGTTCACCGGTTGGAC-1,0.014399,0.000428,0.985173
AGTTCCTACAGAATTA-1,0.000031,0.073847,0.926122
AGTTCCTATTTATGTT-1,0.007985,0.138142,0.853873
AGTTCTGCGTTGTATC-1,0.000021,0.000021,0.999959
AGTTGACATCGGCTGG-1,0.000047,0.03373,0.966223
AGTTGACGGTCCTTGC-1,0.01131,0.003956,0.984734
AGTTGCGGTCCTCAAC-1,0.069065,0.72416,0.206775
AGTTGCTGACTGATAT-1,0.003878,0.013014,0.983108
AGTTGGCAAGGCTAGA-1,0.575638,0.103333,0.321029
AGTTTATGTAAAGACA-1,0.000024,0.033676,0.9663
