Barcode,Topic 1,Topic 2,Topic 3,Topic 4,Topic 5,Topic 6,Topic 7,Topic 8,Topic 9,Topic 10,Topic 11
AAACAACGAATAGTTC-1,0.642455,0.347618,0.004577,0.000045,0.000045,0.00499,0.000092,0.000045,0.000045,0.000045,0.000045
AAACAAGTATCTCCCA-1,0.294954,0.00004,0.00004,0.00004,0.00004,0.00004,0.00004,0.00004,0.028667,0.00004,0.676059
AAACAATCTACTAGCA-1,0.000022,0.005824,0.020725,0.012063,0.105901,0.595065,0.116639,0.121834,0.021883,0.000022,0.000022
AAACACCAATAACTGC-1,0.007688,0.020454,0.067608,0.13468,0.157421,0.163787,0.107065,0.050147,0.184722,0.015705,0.09072
AAACAGAGCGACTCCT-1,0.002986,0.00758,0.004617,0.11024,0.230918,0.086815,0.020096,0.362294,0.130599,0.004093,0.039762
AAACAGCTTTCAGAAG-1,0.004684,0.052917,0.081905,0.000418,0.000011,0.000011,0.000011,0.098148,0.197787,0.000011,0.564097
AAACAGGGTCTATATT-1,0.034269,0.065343,0.468098,0.024744,0.023519,0.061579,0.089093,0.076819,0.053884,0.028655,0.073998
AAACAGTGTTCCTGGG-1,0.097118,0.036513,0.00573,0.026345,0.056159,0.646535,0.126177,0.000024,0.000024,0.000024,0.005351
AAACATGGTGAGAGGA-1,0.008266,0.008266,0.008265,0.008265,0.008266,0.008265,0.008266,0.008265,0.917345,0.008265,0.008265
AAACATTTCCCGGATT-1,0.999538,0.000046,0.000046,0.000046,0.000046,0.000046,0.000046,0.000046,0.000046,0.000046,0.000046
AAACCACTACACAGAT-1,0.000046,0.039108,0.002108,0.002545,0.144604,0.60907,0.140636,0.061621,0.000169,0.000046,0.000046
AAACCCGAACGAAATC-1,0.975718,0.023843,0.000049,0.000049,0.000049,0.000049,0.000049,0.000049,0.000049,0.000049,0.000049
AAACCGGAAATGTTAA-1,0.733182,0.069863,0.00004,0.00004,0.00371,0.145951,0.011427,0.00004,0.00004,0.032005,0.0037
AAACCGGGTAGGTACC-1,0.002316,0.071814,0.256293,0.142679,0.091869,0.059398,0.045923,0.181829,0.085831,0.000068,0.061981
AAACCGTTCGTCCAGG-1,0.002769,0.044099,0.012811,0.09599,0.223502,0.243053,0.060692,0.117681,0.176631,0.00668,0.016093
AAACCTAAGCAGCCGG-1,0.012655,0.00084,0.0008,0.072021,0.160774,0.468342,0.022193,0.000012,0.013716,0.000012,0.248636
AAACCTCATGAAGTTG-1,0.00003,0.167281,0.103428,0.021242,0.094116,0.44375,0.072627,0.058306,0.003628,0.005534,0.030058
AAACGAAGAACATACC-1,0.020523,0.017514,0.043976,0.053626,0.124169,0.12276,0.051843,0.277787,0.211082,0.00678,0.06994
AAACGAAGATGGAGTA-1,0.008922,0.00003,0.00003,0.00003,0.00003,0.00003,0.00003,0.0099,0.087482,0.007503,0.886013
AAACGACAGTCTTGCC-1,0.032915,0.102561,0.031044,0.00007,0.589215,0.096895,0.054071,0.077717,0.00007,0.00007,0.015371
AAACGAGACGGTTGAT-1,0.084237,0.087153,0.106396,0.05144,0.151658,0.20965,0.116692,0.033054,0.131766,0.000025,0.027928
AAACGCCCGAGATCGG-1,0.022402,0.055386,0.003593,0.066524,0.231225,0.098847,0.02158,0.402873,0.083353,0.000041,0.014175
AAACGGGCGTACGGGT-1,0.873985,0.000043,0.000043,0.000043,0.000043,0.125624,0.000047,0.000043,0.000043,0.000043,0.000043
AAACGGGTTGGTATCC-1,0.122563,0.029687,0.057563,0.109363,0.09408,0.086413,0.07911,0.152599,0.086341,0.000023,0.182259
AAACGGTTGCGAACTG-1,0.127582,0.040157,0.005443,0.084527,0.038192,0.385928,0.030399,0.000025,0.000634,0.013897,0.273216
AAACGTGTTCGCCCTA-1,0.067627,0.110513,0.024021,0.010313,0.046552,0.514743,0.204858,0.000111,0.000031,0.0212,0.000031
AAACTAACGTGGCGAC-1,0.011057,0.064498,0.018119,0.048673,0.189243,0.149355,0.120297,0.23789,0.126105,0.000033,0.03473
AAACTCGGTTCGCAAT-1,0.148321,0.037259,0.015071,0.026443,0.078423,0.520026,0.033903,0.000022,0.000022,0.003741,0.13677
AAACTCGTGATATAAG-1,0.052164,0.068155,0.036493,0.058961,0.046603,0.534218,0.091766,0.078521,0.019925,0.000023,0.013171
AAACTGCTGGCTCCAA-1,0.067033,0.022145,0.030569,0.102272,0.234207,0.156762,0.097643,0.068791,0.129319,0.009422,0.081837
AAACTTAATTGCACGC-1,0.000695,0.05459,0.16786,0.080777,0.036934,0.247501,0.298177,0.036339,0.009975,0.003163,0.063989
AAACTTGCAAACGTAT-1,0.011179,0.140201,0.551496,0.014025,0.007631,0.020206,0.069446,0.080753,0.024949,0.000019,0.080095
AAAGAATGACCTTAGA-1,0.004708,0.000132,0.000132,0.000132,0.000132,0.000132,0.000132,0.000132,0.004109,0.029033,0.961227
AAAGAATGTGGACTAA-1,0.483287,0.125023,0.000036,0.000256,0.000036,0.318319,0.012118,0.000036,0.000036,0.012203,0.048648
AAAGACATGAAGTTTA-1,0.046605,0.093158,0.111834,0.027167,0.150789,0.153287,0.049334,0.237317,0.040254,0.022826,0.067429
AAAGACCCAAGTCGCG-1,0.01946,0.22501,0.065144,0.074899,0.137835,0.102076,0.049758,0.207035,0.098673,0.000019,0.020092
AAAGACTGGGCGCTTT-1,0.029639,0.022546,0.087269,0.045209,0.026974,0.002324,0.015041,0.15789,0.427005,0.002956,0.183147
AAAGGCCCTATAATAC-1,0.017395,0.244144,0.151524,0.044724,0.081785,0.115289,0.148788,0.006568,0.068036,0.005288,0.116461
AAAGGCTACGGACCAT-1,0.001377,0.065668,0.011911,0.171782,0.056512,0.383795,0.094757,0.056308,0.101221,0.005697,0.050972
AAAGGCTCTCGCGCCG-1,0.004406,0.080334,0.018383,0.050799,0.142013,0.217591,0.206316,0.054703,0.088544,0.011476,0.125435
AAAGGGATGTAGCAAG-1,0.057922,0.033206,0.045454,0.056467,0.17542,0.110727,0.06536,0.280385,0.092462,0.010436,0.07216
AAAGGGCAGCTTGAAT-1,0.006164,0.043359,0.044885,0.153029,0.102063,0.070996,0.062658,0.395086,0.080125,0.009117,0.032518
AAAGGTAAGCTGTACC-1,0.259099,0.054829,0.017118,0.013748,0.034422,0.364728,0.088149,0.164034,0.003793,0.000041,0.000041
AAAGGTCAACGACATG-1,0.029656,0.014869,0.002395,0.099089,0.171443,0.086583,0.064417,0.316393,0.061309,0.000031,0.153815
AAAGTAGCATTGCTCA-1,0.07692,0.111608,0.183674,0.037653,0.106804,0.115488,0.229519,0.027195,0.055447,0.000018,0.055674
AAAGTCACTGATGTAA-1,0.000018,0.017461,0.043062,0.050736,0.131065,0.228774,0.115154,0.356834,0.052059,0.000018,0.004819
AAAGTCGACCCTCAGT-1,0.008511,0.241048,0.146044,0.058086,0.049801,0.158825,0.098953,0.042942,0.009019,0.005889,0.180881
AAAGTGTGATTTATCT-1,0.235405,0.050545,0.103624,0.057857,0.033659,0.072561,0.267263,0.00109,0.0264,0.000025,0.151571
AAAGTTGACTCCCGTA-1,0.295424,0.137428,0.003431,0.000035,0.000035,0.543196,0.02031,0.000035,0.000035,0.000035,0.000035
AAATAACCATACGGGA-1,0.037688,0.118403,0.055296,0.068606,0.155522,0.093821,0.086291,0.188482,0.04698,0.000023,0.148888
AAATACCTATAAGCAT-1,0.05214,0.05426,0.017849,0.076438,0.027419,0.487513,0.216623,0.041295,0.007891,0.006321,0.012249
AAATAGCTTAGACTTT-1,0.271848,0.140057,0.030365,0.070647,0.049241,0.158564,0.088501,0.106494,0.057242,0.000043,0.026998
AAATAGGGTGCTATTG-1,0.008238,0.020214,0.002638,0.044531,0.300247,0.373028,0.083742,0.047582,0.039478,0.010492,0.069811
AAATCCGATACACGCC-1,0.053579,0.000019,0.000019,0.060285,0.098795,0.695815,0.003944,0.000019,0.000222,0.000019,0.087286
AAATCGCGGAAGGAGT-1,0.029051,0.000044,0.000044,0.000044,0.000044,0.000044,0.000044,0.005784,0.340674,0.000044,0.624186
AAATCGTGTACCACAA-1,0.0272,0.039101,0.029253,0.058609,0.105582,0.57114,0.087279,0.052883,0.014802,0.014128,0.000023
AAATCTAGCCCTGCTA-1,0.834228,0.000279,0.000279,0.000279,0.000279,0.163261,0.000279,0.000279,0.000279,0.000279,0.000279
AAATCTGCCCGCGTCC-1,0.000033,0.067169,0.012012,0.019374,0.016963,0.000033,0.02551,0.112939,0.371637,0.003519,0.37081
AAATGACTGATCAAAC-1,0.463043,0.031144,0.000043,0.004545,0.018979,0.164766,0.096902,0.000043,0.000043,0.000043,0.220447
AAATGATTCGATCAGC-1,0.027678,0.070242,0.050576,0.110226,0.121893,0.354614,0.174067,0.04114,0.00681,0.002982,0.039772
AAATGCTCGTTACGTT-1,0.02485,0.154142,0.090746,0.031547,0.034714,0.176363,0.275177,0.058706,0.010554,0.005916,0.137285
AAATGGCATGTCTTGT-1,0.00002,0.026314,0.043181,0.124675,0.132974,0.086191,0.06772,0.075693,0.341596,0.00002,0.101616
AAATGGCCCGTGCCCT-1,0.011317,0.320588,0.108939,0.021205,0.078233,0.201606,0.209017,0.024314,0.004564,0.001595,0.018621
AAATGGTCAATGTGCC-1,0.031836,0.179202,0.107519,0.049595,0.070929,0.22319,0.152948,0.074173,0.02638,0.00002,0.084207
AAATGTATCTTATCCC-1,0.003497,0.003497,0.003497,0.003497,0.003497,0.003497,0.003497,0.003497,0.965031,0.003497,0.003497
AAATGTGGGTGCTCCT-1,0.000017,0.004572,0.03021,0.069032,0.277257,0.127069,0.103597,0.202055,0.150752,0.000017,0.035424
AAATTAACGGGTAGCT-1,0.015596,0.300153,0.037849,0.057836,0.077591,0.214891,0.108143,0.105988,0.073269,0.000024,0.00866
AAATTAATAAGCGCGA-1,0.02495,0.000798,0.057716,0.000798,0.000798,0.000798,0.000798,0.000798,0.393737,0.000798,0.518015
AAATTACACGACTCTG-1,0.083952,0.024019,0.079035,0.036446,0.167205,0.327634,0.109016,0.140267,0.024805,0.000031,0.007588
AAATTACCTATCGATG-1,0.004291,0.071597,0.097765,0.052459,0.095692,0.256478,0.167304,0.11657,0.088048,0.000024,0.049772
AAATTCCAGGTCCAAA-1,0.164106,0.048944,0.011038,0.05826,0.104929,0.452859,0.073594,0.068925,0.017296,0.000024,0.000024
AAATTGATAGTCCTTT-1,0.030026,0.085306,0.171228,0.131307,0.071248,0.397482,0.049407,0.006115,0.004143,0.017443,0.036295
AAATTGCGGCGGTTCT-1,0.014123,0.60445,0.001343,0.000044,0.005201,0.313562,0.04284,0.018306,0.000044,0.000044,0.000044
AAATTGGTGAGAAGCA-1,0.031788,0.067985,0.023948,0.033696,0.081,0.620482,0.057961,0.015586,0.016751,0.035742,0.015062
AAATTTACCGAAATCC-1,0.045734,0.051688,0.079766,0.032473,0.106416,0.39335,0.092089,0.165773,0.024286,0.005207,0.003218
AAATTTGCGGGTGTGG-1,0.015305,0.047358,0.095052,0.105055,0.038627,0.004657,0.014171,0.050589,0.183081,0.009742,0.436363
AACAACTGGTAGTTGC-1,0.000021,0.041622,0.040631,0.015852,0.203178,0.149528,0.068085,0.382993,0.049401,0.000021,0.048669
AACAATACATTGTCGA-1,0.000013,0.015059,0.039022,0.269453,0.135907,0.111287,0.141687,0.00842,0.111964,0.003868,0.163321
AACAATTACTCTACGC-1,0.001519,0.120057,0.305585,0.095636,0.08681,0.026972,0.059888,0.107262,0.081101,0.000015,0.115155
AACACACGCTCGCCGC-1,0.777271,0.000102,0.000102,0.000102,0.000102,0.128036,0.09388,0.000102,0.000102,0.000102,0.000102
AACACGACTGTACTGA-1,0.000021,0.075876,0.151363,0.09047,0.146475,0.162525,0.047118,0.12225,0.122868,0.000021,0.081013
AACACGAGACGCGGCC-1,0.042903,0.085832,0.098573,0.240856,0.073944,0.109428,0.035715,0.096834,0.05387,0.012107,0.149938
AACACGCGGCCGCGAA-1,0.000027,0.052699,0.02791,0.018382,0.21101,0.41269,0.166036,0.060937,0.050254,0.000027,0.000027
AACAGCTGTGTGGCAA-1,0.007311,0.10293,0.068596,0.178647,0.21815,0.125703,0.116266,0.007716,0.059704,0.000019,0.114959
AACAGGAAATCGAATA-1,0.01728,0.271039,0.045254,0.019851,0.052572,0.237542,0.084285,0.101247,0.076688,0.047582,0.04666
AACAGGATGGGCCGCG-1,0.002303,0.053901,0.664367,0.019573,0.023369,0.012783,0.157023,0.025497,0.007344,0.001247,0.032595
AACAGGTAGTATGGAT-1,0.800419,0.000197,0.000197,0.000197,0.000197,0.19781,0.000197,0.000197,0.000197,0.000197,0.000197
AACATAGCGTGTATCG-1,0.58004,0.210772,0.03352,0.000063,0.000063,0.082243,0.038212,0.000063,0.000063,0.000063,0.054901
AACATATCAACTGGTG-1,0.017505,0.01547,0.006282,0.095739,0.286964,0.14126,0.1012,0.194089,0.111714,0.00212,0.027658
AACATCGATACGTCTA-1,0.011366,0.087983,0.052416,0.102163,0.093243,0.322459,0.126988,0.036154,0.086407,0.00002,0.080799
AACATTGAAGTTGATC-1,0.005718,0.004354,0.01088,0.118751,0.023019,0.004837,0.004927,0.033753,0.261502,0.015751,0.516508
AACATTGGTCAGCCGT-1,0.102567,0.433998,0.079,0.016374,0.03189,0.007711,0.005084,0.044029,0.211471,0.000033,0.067841
AACATTGTGACTCGAG-1,0.000019,0.014826,0.022536,0.101441,0.081166,0.449631,0.164807,0.024814,0.110286,0.016034,0.014442
AACCAAGACTTCTCTG-1,0.000028,0.118947,0.071111,0.073459,0.01697,0.477873,0.123321,0.083003,0.03405,0.000028,0.001211
AACCAGTATCACTCTT-1,0.026189,0.06905,0.07312,0.062816,0.109794,0.32614,0.131148,0.125212,0.045983,0.006017,0.024532
AACCATAGGGTTGAAC-1,0.005676,0.060817,0.186992,0.050522,0.012772,0.391836,0.247104,0.021469,0.00185,0.000024,0.020938
AACCATGGGATCGCTA-1,0.005571,0.245026,0.022208,0.026768,0.136161,0.170538,0.183294,0.154016,0.044655,0.000027,0.011734
AACCCAGAGACGGAGA-1,0.000028,0.000785,0.001766,0.010336,0.071547,0.79909,0.058676,0.057687,0.00003,0.000028,0.000028
AACCCATCCCATGATC-1,0.000013,0.000739,0.01908,0.189455,0.066283,0.048319,0.041498,0.074823,0.257329,0.018524,0.283937
AACCCGACAACCCGTG-1,0.044603,0.105466,0.106679,0.19346,0.055815,0.096628,0.083671,0.140198,0.080625,0.007111,0.085744
AACCCGAGCAGAATCG-1,0.900169,0.00006,0.00006,0.00006,0.00006,0.099291,0.00006,0.00006,0.00006,0.00006,0.00006
AACCCGATAGGGCTTC-1,0.000042,0.110998,0.015847,0.010094,0.136293,0.463544,0.138759,0.111031,0.013307,0.000042,0.000042
AACCCGCTGTATTCCA-1,0.401366,0.066023,0.00463,0.037746,0.019276,0.072639,0.028851,0.00004,0.005642,0.032114,0.331674
AACCCTACTGTCAATA-1,0.081053,0.012064,0.000353,0.009822,0.019814,0.832454,0.044323,0.000029,0.000029,0.000029,0.000029
AACCCTGGTGGAACCA-1,0.00504,0.073374,0.116748,0.082226,0.05819,0.197551,0.166751,0.188769,0.08048,0.009908,0.020962
AACCGAGCTTGGTCAT-1,0.023897,0.031338,0.055897,0.108813,0.031066,0.023557,0.09416,0.269527,0.27002,0.000018,0.091707
AACCGCTAAGGGATGC-1,0.188604,0.023438,0.001934,0.15419,0.209058,0.125925,0.010072,0.001136,0.079729,0.000025,0.205887
AACCGTTGTGTTTGCT-1,0.003741,0.22346,0.072152,0.021549,0.229874,0.153099,0.149818,0.133123,0.004403,0.00554,0.003241
AACCTAAAGCCGTCCG-1,0.036154,0.02054,0.087232,0.041804,0.262261,0.052813,0.021898,0.297546,0.141892,0.00003,0.037831
AACCTCGCTTTAGCCC-1,0.137274,0.000805,0.000024,0.012864,0.02812,0.797403,0.023412,0.000024,0.000024,0.000024,0.000024
AACCTGTCACGGAATT-1,0.357381,0.605287,0.000039,0.000039,0.000039,0.028012,0.000039,0.009049,0.000039,0.000039,0.000039
AACCTTTAAATACGGT-1,0.000013,0.002087,0.002549,0.196788,0.15987,0.316224,0.137579,0.008304,0.075923,0.000963,0.099701
AACCTTTACGACGTCT-1,0.0023,0.045639,0.05983,0.052826,0.417266,0.079494,0.020474,0.14439,0.126077,0.003009,0.048696
AACGAAAGTCGTCCCA-1,0.008798,0.076551,0.218747,0.024026,0.007914,0.002592,0.04602,0.04704,0.157068,0.002171,0.409073
AACGACCTCCTAGCCG-1,0.445198,0.057331,0.041205,0.020682,0.013035,0.14878,0.071402,0.000027,0.000027,0.008842,0.19347
AACGATAATGCCGTAG-1,0.000018,0.012176,0.005216,0.174352,0.106769,0.575345,0.061915,0.016578,0.03315,0.005194,0.009287
AACGATAGAAGGGCCG-1,0.000023,0.311549,0.146457,0.054464,0.07157,0.08516,0.163826,0.100178,0.024346,0.000023,0.042404
AACGATATGTCAACTG-1,0.116414,0.247768,0.195387,0.001557,0.001234,0.000022,0.022126,0.095845,0.185452,0.000022,0.134171
AACGCATGATCTGGGT-1,0.052291,0.126102,0.023679,0.024188,0.106367,0.231328,0.25721,0.12086,0.040971,0.000035,0.016969
AACGCGAACGGCAACA-1,0.000019,0.006357,0.003053,0.020328,0.438878,0.210088,0.087207,0.204223,0.028071,0.000019,0.001757
AACGCGACCTTGGGCG-1,0.032167,0.011975,0.018091,0.094836,0.112106,0.280424,0.143856,0.000018,0.023444,0.033517,0.249566
AACGCGGTCTCCAGCC-1,0.10792,0.070391,0.215467,0.050828,0.041922,0.004656,0.022369,0.193526,0.166892,0.012869,0.11316
AACGCTGTTGCTGAAA-1,0.767226,0.076389,0.000086,0.000086,0.000086,0.016171,0.003442,0.000086,0.000086,0.000086,0.136255
AACGGACGTACGTATA-1,0.60874,0.002927,0.000067,0.000067,0.000067,0.361862,0.026005,0.000067,0.000067,0.000067,0.000067
AACGGCCATCTCCGGT-1,0.031202,0.055581,0.036793,0.113996,0.084195,0.184576,0.317063,0.098699,0.032187,0.007157,0.038551
AACGTACTGTGGGTAC-1,0.041529,0.040879,0.021386,0.078168,0.114739,0.159325,0.053433,0.37144,0.055796,0.013437,0.049868
AACGTAGTCTACCCAT-1,0.00002,0.003496,0.012725,0.036719,0.09248,0.341972,0.049089,0.398809,0.063291,0.00002,0.001378
AACGTCAGACTAGTGG-1,0.001564,0.037609,0.058905,0.044656,0.165057,0.132773,0.099012,0.304178,0.114556,0.00002,0.041669
AACGTCATCCGGCTTG-1,0.117311,0.000052,0.000052,0.000052,0.000052,0.000052,0.000052,0.000052,0.030816,0.000052,0.851457
AACGTGATGAAGGACA-1,0.031844,0.121269,0.048052,0.034656,0.109489,0.31701,0.191844,0.088113,0.043161,0.000026,0.014536
AACGTGCGAAAGTCTC-1,0.073866,0.129192,0.118871,0.036371,0.013408,0.003406,0.038083,0.115646,0.255362,0.016035,0.19976
AACGTTATCAGCACCT-1,0.031635,0.038962,0.157498,0.017808,0.026479,0.009437,0.029805,0.264971,0.130567,0.001208,0.29163
AACTACCCGTTTGTCA-1,0.998316,0.000168,0.000168,0.000168,0.000168,0.000168,0.000168,0.000168,0.000168,0.000168,0.000168
AACTAGCGTATCGCAC-1,0.012807,0.053632,0.076685,0.120981,0.1059,0.297584,0.141861,0.137396,0.045688,0.000023,0.007443
AACTAGGCTTGGGTGT-1,0.000022,0.064726,0.053631,0.061195,0.046945,0.602687,0.100623,0.014543,0.003976,0.051154,0.000499
AACTCAAGTTAATTGC-1,0.018526,0.977451,0.000024,0.000024,0.000024,0.000024,0.000024,0.000024,0.000024,0.000024,0.003833
AACTCCAGAGCGTGTT-1,0.927523,0.022586,0.000068,0.000068,0.000068,0.049345,0.000068,0.000068,0.000068,0.000068,0.000068
AACTCCTAATCCCATG-1,0.06136,0.027645,0.025567,0.08002,0.052294,0.102158,0.104687,0.412549,0.037763,0.000661,0.095297
AACTCGATAAACACGT-1,0.122689,0.05543,0.173493,0.08249,0.054628,0.027001,0.055781,0.055743,0.145162,0.001448,0.226135
AACTCGATGGCGCAGT-1,0.012939,0.012803,0.09818,0.034454,0.203341,0.217755,0.220961,0.119285,0.063229,0.000028,0.017027
AACTCTCAATAGAGCG-1,0.036405,0.089113,0.10337,0.038216,0.034455,0.530345,0.050804,0.089797,0.026229,0.000026,0.001242
AACTCTCAGTGTGCTC-1,0.002058,0.153746,0.043914,0.106109,0.106428,0.356732,0.104087,0.090935,0.029333,0.000021,0.006636
AACTGAGGTCAGCGTC-1,0.000042,0.020022,0.029053,0.020835,0.014581,0.697547,0.170266,0.047529,0.000042,0.000042,0.000042
AACTGAGTTATACTGA-1,0.378703,0.00002,0.00002,0.006807,0.009182,0.00002,0.00002,0.00002,0.008366,0.000324,0.596514
AACTGATATTAGGCCT-1,0.000022,0.059409,0.025301,0.049586,0.142422,0.328277,0.170908,0.144647,0.074692,0.003648,0.001088
AACTGGGTCCCGACGT-1,0.016967,0.068849,0.03906,0.043544,0.195282,0.171372,0.05811,0.228815,0.152075,0.005965,0.019964
AACTGGGTTCGAGCCG-1,0.059651,0.145964,0.104242,0.008503,0.047114,0.317923,0.258119,0.035496,0.013302,0.000036,0.00965
AACTGGTGTGGGCCTT-1,0.000025,0.023993,0.020897,0.002121,0.048323,0.658837,0.082921,0.162809,0.000025,0.000025,0.000025
AACTTCTGCGTCTATC-1,0.000029,0.137333,0.110444,0.090326,0.058632,0.295466,0.110352,0.158607,0.019516,0.000029,0.019266
AACTTGCCCGTATGCA-1,0.000016,0.085381,0.189016,0.032232,0.020793,0.007383,0.033575,0.202101,0.371795,0.000016,0.057692
AACTTGCGTTCTCGCG-1,0.004347,0.051984,0.007139,0.043993,0.16177,0.449366,0.061255,0.182568,0.006793,0.000027,0.030757
AACTTTACGGGAGCTT-1,0.008251,0.000054,0.000054,0.000054,0.000054,0.000054,0.000054,0.000054,0.05744,0.000054,0.933875
AACTTTAGCTGCTGAG-1,0.013759,0.092971,0.057984,0.013585,0.026506,0.447793,0.313746,0.030534,0.002896,0.000025,0.000202
AAGAAAGTTTGATGGG-1,0.017611,0.027128,0.091462,0.084379,0.087939,0.215215,0.137233,0.017463,0.095181,0.020659,0.20573
AAGAAATCACCAGATT-1,0.031973,0.064485,0.042588,0.010066,0.016786,0.432903,0.297756,0.001274,0.000033,0.017274,0.084863
AAGAAGGATCAGTTAG-1,0.00634,0.050239,0.082514,0.032051,0.035859,0.426361,0.211536,0.132047,0.017008,0.000027,0.006019
AAGACCAAATAACTCA-1,0.021401,0.043128,0.190362,0.014942,0.009338,0.000016,0.012862,0.093053,0.25545,0.007316,0.352132
AAGACCCAACTGAACA-1,0.000009,0.003476,0.014373,0.145052,0.139167,0.181478,0.095756,0.028264,0.14777,0.193834,0.050821
AAGACTAACCCGTTGT-1,0.000031,0.027373,0.036707,0.033602,0.095376,0.360723,0.330816,0.109054,0.004901,0.000031,0.001386
AAGACTCACGCCCACT-1,0.027305,0.050125,0.086995,0.02751,0.120978,0.458694,0.104446,0.083506,0.009969,0.000041,0.03043
AAGACTGCAAGCTACT-1,0.043192,0.16773,0.127626,0.043419,0.041184,0.052349,0.047852,0.051541,0.155014,0.013585,0.256508
AAGAGATGAATCGGTA-1,0.005661,0.027166,0.160533,0.131482,0.16218,0.198697,0.09564,0.12616,0.065859,0.000016,0.026606
AAGAGCTCTTTATCGG-1,0.121094,0.039678,0.013452,0.093418,0.161842,0.056879,0.050636,0.096038,0.215397,0.01616,0.135407
AAGAGGATGTACGCGA-1,0.003381,0.105582,0.1523,0.07929,0.08055,0.20592,0.187102,0.075381,0.090107,0.00092,0.019468
AAGAGGCATGGATCGC-1,0.017623,0.004771,0.018514,0.049711,0.080123,0.0796,0.059785,0.412585,0.227748,0.008354,0.041186
AAGAGGCCCTTTGGAA-1,0.832014,0.061338,0.000052,0.003297,0.007465,0.070978,0.006581,0.000052,0.000052,0.000052,0.01812
AAGATGGCACCGGACC-1,0.000017,0.008185,0.021286,0.077082,0.301828,0.227871,0.105011,0.027648,0.166151,0.000017,0.064905
AAGATTGGCGGAACGT-1,0.025298,0.351375,0.029582,0.06057,0.04668,0.000331,0.010546,0.13029,0.276165,0.001199,0.067964
AAGCACCCTGCGTATC-1,0.006534,0.003739,0.016273,0.173178,0.138065,0.295023,0.052671,0.024263,0.209973,0.000014,0.080269
AAGCATACTCTCCTGA-1,0.004556,0.032415,0.042859,0.084695,0.197101,0.183504,0.251509,0.042763,0.101572,0.000019,0.059008
AAGCCACTTGCAGGTA-1,0.079791,0.042643,0.057065,0.063684,0.032975,0.360061,0.107077,0.002533,0.002023,0.01988,0.232267
AAGCCGAAGCGGTTTA-1,0.856706,0.000199,0.000199,0.000199,0.000199,0.141499,0.000199,0.000199,0.000199,0.000199,0.000199
AAGCCGCCGTGAAATC-1,0.039277,0.10557,0.089917,0.037055,0.049783,0.29755,0.149828,0.002702,0.003374,0.15873,0.066215
AAGCCGCTTTACCTTG-1,0.025509,0.113651,0.039743,0.000996,0.0045,0.640589,0.160286,0.000041,0.000041,0.014605,0.000041
AAGCCGGAGAGCAGGA-1,0.485289,0.067937,0.000088,0.000088,0.000088,0.179675,0.01898,0.000088,0.000088,0.035135,0.212545
AAGCGCAGGGCTTTGA-1,0.085775,0.010672,0.000029,0.046088,0.080341,0.736394,0.021545,0.000029,0.000029,0.000029,0.019071
AAGCGGAGTGCGCGCA-1,0.021524,0.13554,0.068994,0.029257,0.046114,0.376966,0.198099,0.08628,0.030975,0.000667,0.005584
AAGCGGCGTCATGGGT-1,0.061135,0.008855,0.020454,0.033209,0.073686,0.377471,0.122843,0.192316,0.101524,0.005591,0.002917
AAGCGTCCCTCATCGA-1,0.000095,0.125721,0.109853,0.050629,0.244385,0.141185,0.199434,0.038205,0.031998,0.000019,0.058476
AAGCTAGATCGAGTAA-1,0.001857,0.044357,0.042984,0.121642,0.02159,0.370064,0.339242,0.009147,0.018163,0.015177,0.015777
AAGCTATGGATTGACC-1,0.00716,0.013658,0.022048,0.022943,0.026851,0.002461,0.080355,0.037011,0.268216,0.004891,0.514407
AAGCTCGTGCCAAGTC-1,0.486022,0.089445,0.180494,0.000045,0.000045,0.000045,0.006406,0.029563,0.028914,0.000045,0.178978
AAGCTCTTTCATGGTG-1,0.557164,0.107227,0.000054,0.000054,0.016732,0.299149,0.018181,0.001279,0.000054,0.000054,0.000054
AAGGAGAACTTATAAG-1,0.031063,0.831916,0.008204,0.00076,0.018501,0.038051,0.006996,0.062302,0.002161,0.000023,0.000023
AAGGAGCGGTTGGTGC-1,0.000029,0.028925,0.029676,0.023552,0.340198,0.030203,0.027822,0.391058,0.112303,0.002545,0.01369
AAGGATCGATCGCTTG-1,0.22307,0.36283,0.008629,0.020271,0.014215,0.253627,0.092323,0.00003,0.00003,0.00003,0.024946
AAGGATGAGGGACCTC-1,0.005496,0.033677,0.051336,0.191187,0.174804,0.152755,0.039101,0.189995,0.111527,0.004006,0.046116
AAGGCAGGCTGTCTCC-1,0.731009,0.08115,0.000052,0.020235,0.024462,0.068765,0.004588,0.000052,0.000052,0.068767,0.000869
AAGGCGCGTAAAGCTT-1,0.01117,0.271406,0.124601,0.056299,0.058168,0.14473,0.112507,0.149226,0.046343,0.00002,0.02553
AAGGCTGTGCTCATCG-1,0.030573,0.117234,0.274434,0.029572,0.036305,0.204285,0.132274,0.148541,0.005366,0.000025,0.021391
AAGGGAACGACTGGCT-1,0.001768,0.019769,0.009988,0.280728,0.12358,0.113596,0.04251,0.005623,0.129804,0.012107,0.260527
AAGGGACAGATTCTGT-1,0.017626,0.093527,0.520334,0.070798,0.040494,0.031003,0.069826,0.041988,0.045414,0.004005,0.064984
AAGGGACTATGCATTC-1,0.022488,0.046818,0.152493,0.035281,0.053507,0.271327,0.392146,0.000764,0.001943,0.009201,0.014031
AAGGGTTTGATTTCAG-1,0.007577,0.924235,0.007576,0.007577,0.007576,0.007577,0.007577,0.007576,0.007577,0.007576,0.007577
AAGGTATCCTAATATA-1,0.097103,0.046977,0.191918,0.147782,0.11184,0.103585,0.066552,0.019683,0.14449,0.008394,0.061676
AAGGTGATAAACCAGC-1,0.134343,0.022205,0.015164,0.011551,0.022334,0.770156,0.022822,0.00135,0.000025,0.000025,0.000025
AAGTAAGCTTCCAAAC-1,0.034004,0.277252,0.113839,0.001142,0.025839,0.123385,0.38365,0.038784,0.001798,0.000025,0.000281
AAGTAGAAGACCGGGT-1,0.000029,0.072149,0.062225,0.080509,0.087793,0.248165,0.146762,0.233103,0.052871,0.001527,0.014866
AAGTAGTGACGCGAGG-1,0.008353,0.099734,0.092996,0.048635,0.151281,0.230736,0.20757,0.145315,0.010693,0.003996,0.000692
AAGTCAATTGTCGTCA-1,0.667376,0.120676,0.000065,0.000065,0.000065,0.16019,0.051303,0.000065,0.000065,0.000065,0.000065
AAGTCTTCTGTGGCCT-1,0.002273,0.002273,0.002273,0.002273,0.97727,0.002273,0.002273,0.002273,0.002273,0.002273,0.002273
AAGTGACGACCGAATT-1,0.011598,0.121193,0.2094,0.142285,0.073709,0.152237,0.046994,0.158862,0.052935,0.000018,0.030769
AAGTGAGTCGGGTTTA-1,0.010482,0.158274,0.04492,0.108882,0.11777,0.261205,0.164258,0.020741,0.057984,0.003986,0.051498
AAGTGCAAAGGTAGAC-1,0.06855,0.019208,0.04324,0.000568,0.000014,0.000014,0.000014,0.145254,0.25449,0.000405,0.468243
AAGTGCCTTGACTGTA-1,0.838478,0.088695,0.00009,0.00009,0.00009,0.072106,0.00009,0.00009,0.00009,0.00009,0.00009
AAGTGCGTTAGAATCT-1,0.00564,0.050434,0.114642,0.253206,0.084662,0.038576,0.069954,0.047253,0.218131,0.021477,0.096024
AAGTGCTTCTCTATTG-1,0.436256,0.200343,0.000055,0.000055,0.000055,0.330293,0.017715,0.000055,0.000055,0.015063,0.000055
AAGTGTTTGGAGACGG-1,0.026691,0.020263,0.002147,0.016857,0.027703,0.410628,0.138445,0.00713,0.000057,0.331935,0.018143
AAGTTCACTCCAAGCT-1,0.940743,0.000075,0.000075,0.000075,0.000075,0.058583,0.000075,0.000075,0.000075,0.000075,0.000075
AAGTTCAGTCTGCGTA-1,0.006814,0.026799,0.02002,0.086213,0.101242,0.218241,0.073648,0.126817,0.262916,0.000026,0.077263
AAGTTCGGCCAACAGG-1,0.021362,0.12592,0.10096,0.125072,0.121833,0.053542,0.057881,0.080496,0.114259,0.000014,0.198661
AAGTTGTGATGTTATA-1,0.712545,0.008401,0.000045,0.021454,0.000045,0.229432,0.027555,0.000045,0.000045,0.000045,0.000388
AAGTTTACTAATGGCA-1,0.000026,0.019902,0.03818,0.047582,0.152831,0.400064,0.099177,0.15705,0.076727,0.000747,0.007714
AAGTTTATGGGCCCAA-1,0.068018,0.001124,0.000017,0.046382,0.091171,0.488032,0.021843,0.000017,0.004237,0.0115,0.26766
AATAACAACGCTCGGC-1,0.000012,0.005751,0.017828,0.162809,0.217557,0.135745,0.038508,0.257995,0.119195,0.000012,0.044586
AATAACACTAGAACAA-1,0.099484,0.273776,0.014256,0.159509,0.056457,0.099126,0.043656,0.04845,0.046247,0.004041,0.154998
AATAAGTCCTCGAGAC-1,0.074861,0.09875,0.101936,0.068842,0.082004,0.163225,0.148823,0.040537,0.016677,0.002374,0.20197
AATAATCTTCGTATCG-1,0.851238,0.027355,0.00006,0.00006,0.00006,0.112146,0.00006,0.00006,0.00006,0.008842,0.00006
AATACAATGTTTCAGG-1,0.017255,0.125334,0.047758,0.014873,0.189156,0.275973,0.175066,0.142253,0.01228,0.000025,0.000025
AATACCGGAGGGCTGT-1,0.078816,0.470642,0.043852,0.070996,0.018204,0.03733,0.063918,0.017168,0.079685,0.040977,0.078412
AATACCTGATGTGAAC-1,0.443207,0.073318,0.004821,0.00198,0.018118,0.078868,0.051755,0.000031,0.000031,0.009882,0.317991
AATAGAACAGAGTGGC-1,0.006309,0.201229,0.046695,0.150307,0.105337,0.187876,0.125864,0.073439,0.069113,0.000317,0.033515
AATAGAATCTGTTTCA-1,0.085924,0.035737,0.031459,0.099736,0.144555,0.393003,0.08238,0.062786,0.047301,0.007451,0.009668
AATAGCAAGCCTCCTG-1,0.000035,0.000824,0.007685,0.004302,0.299689,0.597036,0.016069,0.06013,0.01416,0.000035,0.000035
AATAGCTACCGCGTGC-1,0.000034,0.00749,0.022201,0.075014,0.088295,0.432442,0.080002,0.130231,0.127946,0.007514,0.02883
AATAGGCACGACCCTT-1,0.065227,0.195591,0.034263,0.057993,0.057765,0.093855,0.108094,0.012108,0.048985,0.073534,0.252585
AATAGTCCGTCCCGAC-1,0.002377,0.010765,0.033422,0.147693,0.101475,0.2528,0.266208,0.027092,0.065618,0.003822,0.088729
AATAGTCGCGAGTCGG-1,0.065396,0.000041,0.000041,0.000041,0.000041,0.000041,0.000041,0.000041,0.161197,0.027734,0.745385
AATATCAAGGTCGGAT-1,0.000033,0.164224,0.040097,0.059403,0.127909,0.404089,0.109087,0.065336,0.017374,0.000033,0.012416
AATATCCTAGCAAACT-1,0.006061,0.006061,0.006061,0.006061,0.006061,0.006061,0.006061,0.939388,0.006061,0.006061,0.006061
AATATCGAATCAATGC-1,0.998522,0.000148,0.000148,0.000148,0.000148,0.000148,0.000148,0.000148,0.000148,0.000148,0.000148
AATATCGAGGGTTCTC-1,0.040877,0.086918,0.020583,0.051276,0.103586,0.288562,0.235524,0.14511,0.01432,0.000027,0.013217
AATATTGGAGTATTGA-1,0.000013,0.002779,0.004816,0.117319,0.056086,0.017036,0.009963,0.382378,0.382428,0.002342,0.02484
AATCAGACTGCAGGAC-1,0.000021,0.015484,0.034213,0.125876,0.218355,0.114873,0.054106,0.351736,0.036185,0.005186,0.043963
AATCAGGTTTCATTTA-1,0.097165,0.024096,0.006194,0.025252,0.061623,0.06219,0.012221,0.068859,0.008274,0.570235,0.06389
AATCATGTAAAGACTC-1,0.999412,0.000059,0.000059,0.000059,0.000059,0.000059,0.000059,0.000059,0.000059,0.000059,0.000059
AATCCAAGGGCCTGAG-1,0.000027,0.21924,0.074391,0.028493,0.094636,0.30635,0.067783,0.203328,0.005697,0.000027,0.000027
AATCCATGCAAGGGTG-1,0.019322,0.338464,0.022125,0.02851,0.132985,0.110212,0.017324,0.088321,0.195673,0.000028,0.047036
AATCCCGCTCAGAGCC-1,0.335683,0.018035,0.000051,0.022344,0.019059,0.015531,0.030288,0.003669,0.00791,0.000051,0.547378
AATCGAGGTCTCAAGG-1,0.356873,0.02392,0.005189,0.000041,0.000041,0.000041,0.000041,0.000041,0.002304,0.000041,0.611468
AATCGCCTCAGCGCCA-1,0.05363,0.0317,0.127816,0.177685,0.056854,0.050514,0.029476,0.218236,0.16133,0.004814,0.087944
AATCGCGCAGAGGACT-1,0.683938,0.020354,0.000065,0.000065,0.000065,0.234511,0.002537,0.000065,0.000065,0.058268,0.000065
AATCGGGACACTACGA-1,0.035127,0.069421,0.065474,0.031011,0.200243,0.260616,0.128361,0.173577,0.028135,0.000028,0.008008
AATCGTGAGCCGAGCA-1,0.00069,0.002116,0.004787,0.146446,0.170053,0.219158,0.023431,0.001073,0.063044,0.00001,0.369191
AATCTAGGTTTACTTG-1,0.0156,0.189179,0.18402,0.149147,0.032303,0.11054,0.178529,0.012655,0.008628,0.000035,0.119364
AATCTATGCCGGAGCC-1,0.011053,0.262853,0.006311,0.03243,0.11699,0.127069,0.039485,0.164935,0.229107,0.000036,0.009731
AATCTCTACTGTGGTT-1,0.008318,0.186094,0.081332,0.00363,0.001775,0.000019,0.018048,0.13388,0.048779,0.002929,0.515198
AATCTGCGTTGGGACG-1,0.02405,0.133601,0.0211,0.027917,0.094143,0.40378,0.248584,0.034646,0.005072,0.000023,0.007083
AATCTGGCTTTCTAGT-1,0.000024,0.021171,0.053061,0.13646,0.169468,0.033717,0.097343,0.0789,0.25403,0.032296,0.123529
AATCTGGGTAGACCCT-1,0.015956,0.126434,0.074619,0.054137,0.057913,0.303973,0.171803,0.183739,0.009044,0.00003,0.002353
AATGACAGCAATGTCT-1,0.024609,0.065482,0.128604,0.128805,0.102047,0.041234,0.044165,0.090555,0.252532,0.006236,0.11573
AATGACGTAGGATGTC-1,0.089376,0.02685,0.017795,0.093309,0.154489,0.084573,0.06518,0.05266,0.065127,0.032803,0.317837
AATGACTGTCAGCCGG-1,0.000024,0.070644,0.062888,0.081507,0.07604,0.353587,0.084109,0.240127,0.00615,0.020456,0.00447
AATGAGTTCGCATATG-1,0.006926,0.077011,0.049237,0.081749,0.160476,0.123734,0.086663,0.130924,0.090714,0.000026,0.192541
AATGATGATACGCTAT-1,0.070805,0.048153,0.046916,0.043596,0.125426,0.272282,0.184885,0.086558,0.094535,0.00003,0.026814
AATGATGCGACTCCTG-1,0.000024,0.027913,0.021086,0.050629,0.149746,0.476649,0.119273,0.102854,0.050104,0.000024,0.001698
AATGCAACCGGGTACC-1,0.04196,0.023514,0.030001,0.052979,0.200062,0.170311,0.063489,0.207277,0.169697,0.005032,0.035678
AATGCACCAAGCAATG-1,0.156586,0.269539,0.121808,0.021307,0.028305,0.070523,0.142595,0.01443,0.022112,0.000036,0.152759
AATGGTCCACCGTTCA-1,0.144025,0.00728,0.024156,0.037523,0.070998,0.010484,0.005152,0.194138,0.382208,0.000025,0.12401
AATGGTTCTCACAAGC-1,0.000022,0.150685,0.01928,0.058931,0.204824,0.215576,0.022118,0.230329,0.075994,0.000022,0.022219
AATGTATGGCACTGTA-1,0.039432,0.076086,0.08986,0.118317,0.039687,0.145848,0.316281,0.005025,0.011576,0.000271,0.157617
AATGTGCCCGAGGTGT-1,0.012386,0.067071,0.023699,0.116248,0.138064,0.137717,0.060691,0.00934,0.045588,0.243634,0.145561
AATGTGCTAATCTGAG-1,0.267985,0.101582,0.014232,0.119703,0.066893,0.234236,0.074586,0.018179,0.062351,0.005447,0.034807
AATGTTAAGACCCTGA-1,0.275047,0.11814,0.011011,0.01687,0.023976,0.232044,0.125489,0.000025,0.000548,0.000025,0.196824
AATTAAAGGTCGGCGT-1,0.000016,0.014707,0.137474,0.052603,0.10071,0.037866,0.039824,0.229324,0.252544,0.008451,0.126481
AATTAACGGATTTCCA-1,0.000012,0.006212,0.060461,0.156505,0.168294,0.134843,0.139671,0.023899,0.187072,0.006012,0.117019
AATTACGAGACCCATC-1,0.019525,0.000179,0.015866,0.000029,0.000029,0.000029,0.000029,0.050847,0.184026,0.000029,0.729413
AATTACTCGTACGCTC-1,0.079944,0.040531,0.073671,0.000019,0.000019,0.000019,0.000019,0.092263,0.232881,0.00043,0.480206
AATTAGCGCTGCAGCG-1,0.00061,0.009273,0.006575,0.006274,0.004476,0.847972,0.093362,0.000022,0.000022,0.031392,0.000022
AATTATACCCAGCAAG-1,0.534598,0.101804,0.001542,0.00004,0.00004,0.094981,0.126428,0.00004,0.00004,0.009011,0.131475
AATTCATAAGGGATCT-1,0.069702,0.33622,0.027523,0.031709,0.1152,0.176861,0.047394,0.130744,0.01744,0.000038,0.047167
AATTCATTGTCATGCA-1,0.000893,0.028085,0.165274,0.107252,0.05876,0.042632,0.095146,0.140023,0.178549,0.001843,0.181543
AATTCCAACTTGGTGA-1,0.280276,0.162361,0.037263,0.013133,0.028168,0.290032,0.18559,0.000038,0.000038,0.000038,0.003064
AATTCCAAGCATGTAC-1,0.092474,0.077423,0.0056,0.088583,0.044051,0.450685,0.168324,0.000019,0.008117,0.000019,0.064707
AATTCGATTCGAGGAT-1,0.179033,0.001777,0.003256,0.056685,0.043853,0.470282,0.11886,0.000027,0.003582,0.000027,0.122617
AATTCTAGAGTTAGGC-1,0.040224,0.007773,0.017203,0.088722,0.180565,0.456109,0.054197,0.075647,0.06492,0.00217,0.01247
AATTGAACGCTCTGGT-1,0.02103,0.01512,0.005452,0.084767,0.237157,0.206873,0.023571,0.301151,0.070848,0.019845,0.014185
AATTGCAGCAATCGAC-1,0.310227,0.000208,0.000031,0.020474,0.035581,0.065258,0.00012,0.000031,0.000761,0.013967,0.553342
AATTGCGTGGATTACA-1,0.025163,0.34915,0.078586,0.063343,0.064818,0.162957,0.056073,0.050243,0.054915,0.000027,0.094724
AATTTGGGACATAGTA-1,0.21301,0.291384,0.092375,0.020814,0.002564,0.13048,0.149134,0.095584,0.004529,0.000063,0.000063
AATTTGGTTCCAAAGA-1,0.000023,0.181093,0.121844,0.025255,0.089832,0.266573,0.213295,0.069075,0.01291,0.000023,0.020077
ACAAACCATGCGTCCT-1,0.042677,0.045272,0.034061,0.053303,0.098401,0.321593,0.186868,0.021316,0.034523,0.018571,0.143415
ACAAACCGACAAGGCG-1,0.056777,0.016018,0.133805,0.050738,0.208894,0.03784,0.062907,0.184159,0.158407,0.003551,0.086905
ACAAACTCCATCAGAG-1,0.086787,0.063693,0.029915,0.09315,0.033838,0.03281,0.023062,0.005604,0.065779,0.023618,0.541744
ACAAAGAAGGTAGGCC-1,0.000526,0.000526,0.000526,0.000526,0.000526,0.000526,0.000526,0.000526,0.897672,0.000526,0.097599
ACAAAGCATGACCTAG-1,0.718129,0.093157,0.000059,0.000059,0.000059,0.164521,0.023783,0.000059,0.000059,0.000059,0.000059
ACAAATCGCACCGAAT-1,0.036503,0.017554,0.007695,0.031202,0.022101,0.561234,0.121536,0.002011,0.000016,0.19565,0.004499
ACAAATGGTAGTGTTT-1,0.055917,0.024828,0.021424,0.014179,0.036369,0.809812,0.032572,0.004823,0.000025,0.000025,0.000025
ACAAATTCAGATCTGA-1,0.030459,0.076546,0.004452,0.03932,0.350711,0.193675,0.033771,0.243243,0.011056,0.000033,0.016733
ACAACAGCATGAGCTA-1,0.110386,0.192337,0.099421,0.037814,0.059476,0.05313,0.043689,0.195935,0.068579,0.010402,0.12883
ACAACGGTCCCTGCGA-1,0.001849,0.029475,0.029812,0.088801,0.185195,0.207747,0.069511,0.113359,0.039937,0.00901,0.225303
ACAAGCAGTGCCTAGC-1,0.008552,0.084319,0.323018,0.143924,0.049628,0.028721,0.038197,0.081655,0.087233,0.000018,0.154735
ACAAGCTATATGGAAG-1,0.003637,0.003637,0.003637,0.003637,0.003637,0.003637,0.003637,0.963632,0.003637,0.003637,0.003637
ACAAGGAAATCCGCCC-1,0.015398,0.171808,0.022242,0.217336,0.048138,0.121465,0.100138,0.089824,0.15249,0.005754,0.055408
ACAAGGACAAGAGGTT-1,0.00045,0.044578,0.040779,0.05762,0.150565,0.413424,0.17842,0.070828,0.022542,0.000023,0.020771
ACAAGGATGCTTTAGG-1,0.241855,0.001551,0.00004,0.00004,0.00004,0.726721,0.029593,0.00004,0.00004,0.00004,0.00004
ACAAGGCCTACCAGCC-1,0.000037,0.030058,0.001,0.012728,0.139963,0.458219,0.042637,0.233276,0.07838,0.003664,0.000037
ACAAGGGCAGGCTCTG-1,0.072543,0.17454,0.053697,0.043475,0.069792,0.284776,0.109163,0.078764,0.065091,0.004789,0.04337
ACAAGTAATTGTAAGG-1,0.008152,0.050627,0.078788,0.029228,0.02715,0.228155,0.31915,0.025804,0.013826,0.059213,0.159908
ACAATAGTCGTACGTT-1,0.064126,0.037468,0.113792,0.072585,0.088997,0.141871,0.095913,0.073018,0.118548,0.00003,0.193652
ACAATCCATTTAAACC-1,0.001974,0.0866,0.124041,0.009558,0.030001,0.575792,0.138519,0.031368,0.002106,0.000021,0.000021
ACAATCGATCTTTATA-1,0.016776,0.125429,0.100568,0.029453,0.041239,0.204587,0.291848,0.124649,0.034581,0.005236,0.025634
ACAATGAATACGGAGA-1,0.000016,0.030199,0.044601,0.149656,0.147378,0.423391,0.071269,0.03397,0.054286,0.003719,0.041516
ACAATGATTCTTCTAC-1,0.000024,0.006178,0.002633,0.024963,0.090513,0.390111,0.041876,0.317377,0.126277,0.000024,0.000024
ACAATTGTGTCTCTTT-1,0.833205,0.000136,0.000136,0.000136,0.000136,0.16557,0.000136,0.000136,0.000136,0.000136,0.000136
ACAATTTAGGAGGCTC-1,0.074613,0.008521,0.045802,0.000017,0.000017,0.000017,0.000017,0.016557,0.173667,0.005063,0.675712
ACAATTTGAGCAGTGG-1,0.01696,0.140222,0.063666,0.034114,0.013239,0.000022,0.008879,0.208943,0.30908,0.01311,0.191765
ACAATTTGGCCATATT-1,0.996989,0.000301,0.000301,0.000301,0.000301,0.000301,0.000301,0.000301,0.000301,0.000301,0.000301
ACACAAAGACGGGTGG-1,0.062239,0.03155,0.085261,0.036695,0.301987,0.124525,0.084764,0.088532,0.153771,0.000021,0.030654
ACACAAATATTCCTAG-1,0.047434,0.009664,0.003772,0.079018,0.184302,0.414311,0.050311,0.119334,0.074304,0.005159,0.012392
ACACACCAGGACCAGT-1,0.107349,0.039829,0.000027,0.000027,0.011441,0.771336,0.067498,0.002413,0.000027,0.000027,0.000027
ACACACTTTCTACACG-1,0.037134,0.149762,0.068883,0.011083,0.062857,0.394079,0.04553,0.167869,0.023069,0.02148,0.018254
ACACATGATCAAATCT-1,0.027005,0.080339,0.133802,0.335166,0.051807,0.110509,0.085463,0.015718,0.063879,0.003231,0.09308
ACACATTGACGCAACA-1,0.106126,0.053612,0.039843,0.000016,0.000016,0.000016,0.000016,0.109913,0.141122,0.009595,0.539725
ACACATTTCCGTAGAC-1,0.106257,0.018701,0.011543,0.03766,0.076097,0.517664,0.056617,0.000024,0.008496,0.000024,0.166919
ACACCACATAATTAGC-1,0.323447,0.121669,0.095404,0.030862,0.013102,0.263476,0.0912,0.025745,0.024956,0.005042,0.005098
ACACCCAGCATGCAGC-1,0.021169,0.086333,0.03595,0.039423,0.145139,0.192349,0.079681,0.312614,0.067517,0.002579,0.017247
ACACCCGAGAAATCCG-1,0.026637,0.050464,0.028233,0.078222,0.070262,0.407178,0.102385,0.161701,0.047579,0.002985,0.024354
ACACCGAGCGCTCTTT-1,0.000196,0.000196,0.000196,0.000196,0.000196,0.000196,0.000196,0.000196,0.000196,0.004248,0.993988
ACACCGGTCTGACCGC-1,0.000038,0.085522,0.081198,0.058548,0.073649,0.220191,0.288199,0.02056,0.037479,0.000038,0.134578
ACACCTTAAGTAGGGC-1,0.000019,0.036185,0.297497,0.088103,0.102256,0.207618,0.07549,0.152622,0.031448,0.000019,0.008742
ACACCTTACTACTTGC-1,0.647511,0.098178,0.00008,0.00008,0.012381,0.239649,0.001804,0.00008,0.00008,0.00008,0.00008
ACACGAGACTCCTTCT-1,0.078231,0.020863,0.115442,0.029822,0.022365,0.114231,0.078083,0.144973,0.041924,0.012894,0.341173
ACACGGCACTATGCAT-1,0.081719,0.180343,0.074256,0.008067,0.04955,0.086956,0.035862,0.084845,0.008648,0.371069,0.018684
ACACGGGAACTTAGGG-1,0.002268,0.065033,0.035876,0.069327,0.202508,0.100613,0.105523,0.159598,0.17581,0.000021,0.083423
ACACGTAGGCCACAAG-1,0.648015,0.001699,0.00009,0.00009,0.00009,0.349567,0.00009,0.00009,0.00009,0.00009,0.00009
ACACTCCAATGTCACT-1,0.000015,0.008281,0.008711,0.136376,0.112608,0.051984,0.026722,0.314494,0.276959,0.000015,0.063834
ACACTGATCAAGGTGT-1,0.005247,0.17334,0.120207,0.132641,0.041195,0.131285,0.140073,0.178955,0.042189,0.000518,0.03435
ACACTGGGACAGTCGT-1,0.777447,0.01379,0.000081,0.000081,0.000081,0.208118,0.000081,0.000081,0.000081,0.000081,0.000081
ACAGAACTGAGAACAA-1,0.043344,0.016857,0.161214,0.200361,0.057137,0.049874,0.047781,0.053605,0.255504,0.002714,0.111609
ACAGATTAGGTTAGTG-1,0.01343,0.065953,0.103513,0.030102,0.19404,0.12591,0.074021,0.326227,0.056105,0.000024,0.010676
ACAGCATAGAGCCAGT-1,0.018364,0.035869,0.052008,0.063731,0.072263,0.238638,0.071716,0.320935,0.084722,0.000022,0.041735
ACAGCGACATTCTCAT-1,0.885291,0.067036,0.000072,0.000072,0.000072,0.033709,0.008546,0.000072,0.000072,0.004985,0.000072
ACAGCGCACCCGCAGC-1,0.046125,0.065586,0.099926,0.03686,0.227868,0.204017,0.106536,0.088117,0.047663,0.000024,0.077278
ACAGGAGGCGCAGCCG-1,0.001716,0.001715,0.001715,0.001715,0.001715,0.001715,0.001715,0.417977,0.001715,0.566584,0.001715
ACAGGCACGGATCCTT-1,0.489999,0.000029,0.000029,0.058851,0.092315,0.174397,0.011343,0.000491,0.032559,0.000029,0.139957
ACAGGCTTGCCCGACT-1,0.793141,0.000052,0.000052,0.000052,0.000052,0.196883,0.009563,0.000052,0.000052,0.000052,0.000052
ACAGGTGGAGGTGAGG-1,0.054477,0.379116,0.011186,0.139597,0.021412,0.020082,0.009138,0.116041,0.169843,0.00003,0.079078
ACAGGTGTGTTGTTGC-1,0.00433,0.004329,0.004329,0.00433,0.00433,0.00433,0.00433,0.00433,0.615369,0.004329,0.345665
