Barcode,Topic 1,Topic 2,Topic 3,Topic 4,Topic 5,Topic 6
AAACAAGTATCTCCCA-1,0.432712,0.000099,0.000099,0.02114,0.175905,0.370044
AAACAATCTACTAGCA-1,0.003264,0.064946,0.003386,0.101537,0.209067,0.617799
AAACACCAATAACTGC-1,0.031275,0.058231,0.238822,0.20582,0.363976,0.101877
AAACAGAGCGACTCCT-1,0.061395,0.055052,0.061713,0.091685,0.453062,0.277093
AAACAGCTTTCAGAAG-1,0.184694,0.044461,0.003412,0.004267,0.009555,0.75361
AAACAGGGTCTATATT-1,0.006479,0.148893,0.120726,0.170247,0.519099,0.034556
AAACATGGTGAGAGGA-1,0.037182,0.06243,0.46173,0.110383,0.186604,0.141671
AAACATTTCCCGGATT-1,0.062307,0.064189,0.227714,0.230912,0.271047,0.143831
AAACCCGAACGAAATC-1,0.287964,0.22036,0.234948,0.091033,0.039353,0.126342
AAACCGGAAATGTTAA-1,0.554355,0.000207,0.010875,0.096479,0.028674,0.309409
AAACCGGGTAGGTACC-1,0.015292,0.222641,0.294738,0.241626,0.221223,0.004479
AAACCGTTCGTCCAGG-1,0.000081,0.034216,0.083018,0.194586,0.441924,0.246174
AAACCTAAGCAGCCGG-1,0.685124,0.001744,0.000036,0.006028,0.22166,0.085408
AAACCTCATGAAGTTG-1,0.047588,0.065279,0.206873,0.32223,0.317662,0.040368
AAACGAAGAACATACC-1,0.058204,0.042788,0.15017,0.021166,0.626604,0.101067
AAACGAAGATGGAGTA-1,0.004456,0.015075,0.444771,0.089411,0.099594,0.346692
AAACGAGACGGTTGAT-1,0.030235,0.106985,0.709637,0.149459,0.003646,0.000038
AAACGCCCGAGATCGG-1,0.120977,0.087594,0.005414,0.130525,0.421477,0.234012
AAACGCTGGGCACGAC-1,0.006906,0.041442,0.627467,0.212128,0.082701,0.029357
AAACGGGCGTACGGGT-1,0.055784,0.026235,0.230168,0.11906,0.092502,0.476252
AAACGGTTGCGAACTG-1,0.296752,0.024121,0.238583,0.145439,0.199938,0.095167
AAACGTGTTCGCCCTA-1,0.186513,0.157894,0.320513,0.222756,0.078235,0.03409
AAACTAACGTGGCGAC-1,0.202227,0.035235,0.417545,0.155376,0.111768,0.077849
AAACTCGGTTCGCAAT-1,0.000324,0.084907,0.302817,0.098679,0.170273,0.343
AAACTCGTGATATAAG-1,0.153409,0.082228,0.162876,0.148002,0.243003,0.210481
AAACTGCTGGCTCCAA-1,0.033032,0.058382,0.451405,0.170598,0.269868,0.016716
AAACTTAATTGCACGC-1,0.000046,0.093764,0.328351,0.091765,0.273598,0.212475
AAACTTGCAAACGTAT-1,0.008903,0.085252,0.230351,0.137343,0.509938,0.028213
AAAGAATGACCTTAGA-1,0.364849,0.010714,0.048842,0.027211,0.039535,0.508849
AAAGAATGTGGACTAA-1,0.100866,0.153117,0.464327,0.139288,0.113576,0.028826
AAAGACCCAAGTCGCG-1,0.037573,0.039867,0.083344,0.174487,0.42869,0.23604
AAAGACTGGGCGCTTT-1,0.001471,0.037515,0.000094,0.00954,0.711105,0.240276
AAAGCTTGCCTACATA-1,0.012041,0.054438,0.475965,0.152126,0.116564,0.188867
AAAGGCCCTATAATAC-1,0.06344,0.02886,0.284258,0.046664,0.269768,0.30701
AAAGGCTACGGACCAT-1,0.020019,0.059932,0.146443,0.22929,0.174228,0.37009
AAAGGCTCTCGCGCCG-1,0.036235,0.088439,0.354135,0.12267,0.294104,0.104416
AAAGGGATGTAGCAAG-1,0.064813,0.025751,0.240247,0.200349,0.41658,0.05226
AAAGGGCAGCTTGAAT-1,0.796851,0.00006,0.00006,0.00006,0.023347,0.179621
AAAGGTAAGCTGTACC-1,0.306291,0.066281,0.304962,0.143938,0.007944,0.170584
AAAGTAGCATTGCTCA-1,0.095896,0.298786,0.096457,0.136207,0.336745,0.035909
AAAGTCACTGATGTAA-1,0.060981,0.024413,0.173766,0.135516,0.193073,0.412252
AAAGTCGACCCTCAGT-1,0.056462,0.036768,0.011659,0.042455,0.563597,0.289059
AAAGTGCCATCAATTA-1,0.049918,0.058001,0.295537,0.218999,0.24892,0.128626
AAAGTGTGATTTATCT-1,0.053442,0.021878,0.508683,0.2657,0.147285,0.003012
AAAGTTGACTCCCGTA-1,0.058024,0.031182,0.451277,0.292714,0.101659,0.065145
AAATAACCATACGGGA-1,0.099194,0.040084,0.405587,0.137818,0.117527,0.19979
AAATAAGGTAGTGCCC-1,0.126856,0.123981,0.334165,0.251852,0.119423,0.043724
AAATACCTATAAGCAT-1,0.003006,0.059131,0.419803,0.251718,0.255424,0.010919
AAATAGCTTAGACTTT-1,0.026888,0.015985,0.619567,0.297809,0.033938,0.005814
AAATAGGGTGCTATTG-1,0.131914,0.035869,0.528084,0.268051,0.026869,0.009213
AAATCCGATACACGCC-1,0.250627,0.255623,0.067183,0.083552,0.116308,0.226707
AAATCGCGGAAGGAGT-1,0.050492,0.034862,0.048668,0.107045,0.305154,0.453779
AAATCGTGTACCACAA-1,0.030938,0.024144,0.266919,0.103641,0.224679,0.349679
AAATCTAGCCCTGCTA-1,0.291907,0.023889,0.14444,0.145432,0.317579,0.076753
AAATCTGCCCGCGTCC-1,0.00005,0.015881,0.303603,0.040268,0.084362,0.555836
AAATGATTCGATCAGC-1,0.094705,0.133622,0.198801,0.150573,0.228724,0.193576
AAATGCTCGTTACGTT-1,0.117832,0.137612,0.257966,0.177519,0.309011,0.00006
AAATGGCATGTCTTGT-1,0.892194,0.000111,0.000111,0.000111,0.000111,0.107364
AAATGGCCCGTGCCCT-1,0.419157,0.000065,0.000065,0.019577,0.449097,0.112037
AAATGGTCAATGTGCC-1,0.107659,0.054713,0.140295,0.118022,0.180812,0.398499
AAATGTATCTTATCCC-1,0.366356,0.514499,0.012192,0.014278,0.000937,0.091737
AAATTAACGGGTAGCT-1,0.411359,0.041019,0.268583,0.14709,0.09147,0.04048
AAATTAATAAGCGCGA-1,0.648224,0.062672,0.001383,0.012905,0.145398,0.129418
AAATTACACGACTCTG-1,0.057417,0.005277,0.044468,0.2026,0.207349,0.48289
AAATTACCTATCGATG-1,0.143118,0.093572,0.335181,0.10122,0.203347,0.123562
AAATTCCAGGTCCAAA-1,0.112182,0.060447,0.173545,0.182909,0.266107,0.204811
AAATTGATAGTCCTTT-1,0.031742,0.044825,0.146666,0.162851,0.57825,0.035666
AAATTGCGGCGGTTCT-1,0.006441,0.017659,0.000108,0.025467,0.501955,0.44837
AAATTGGTGAGAAGCA-1,0.045049,0.151362,0.528696,0.151643,0.042661,0.080589
AAATTTACCGAAATCC-1,0.108098,0.18902,0.250399,0.198328,0.212078,0.042077
AAATTTGCGGGTGTGG-1,0.003887,0.127754,0.03673,0.122414,0.517285,0.19193
AACAACTGGTAGTTGC-1,0.172361,0.033176,0.023128,0.148079,0.528616,0.09464
AACAATACATTGTCGA-1,0.040275,0.039058,0.294016,0.153634,0.297,0.176018
AACAATTACTCTACGC-1,0.000098,0.00913,0.065125,0.011189,0.85852,0.055938
AACACACGCTCGCCGC-1,0.644266,0.032566,0.062658,0.069405,0.058269,0.132836
AACACGACTGTACTGA-1,0.081144,0.110718,0.225592,0.22685,0.299553,0.056143
AACACGAGACGCGGCC-1,0.000048,0.045985,0.065364,0.200259,0.686764,0.001581
AACACGCGGCCGCGAA-1,0.000058,0.033662,0.071522,0.049305,0.75875,0.086702
AACAGCTGTGTGGCAA-1,0.014118,0.015386,0.318375,0.216926,0.405147,0.030048
AACAGGAAATCGAATA-1,0.032527,0.005149,0.0846,0.231722,0.4233,0.222702
AACAGGATGGGCCGCG-1,0.139078,0.10774,0.059454,0.161038,0.478822,0.053867
AACAGGTAGTATGGAT-1,0.311354,0.030416,0.191627,0.046231,0.33507,0.085302
AACATATCAACTGGTG-1,0.000062,0.039522,0.32701,0.108385,0.215836,0.309185
AACATCGATACGTCTA-1,0.386951,0.025604,0.041745,0.021304,0.222468,0.301928
AACATTGAAGTTGATC-1,0.040481,0.02787,0.702458,0.150646,0.061833,0.016713
AACATTGTGACTCGAG-1,0.034632,0.12704,0.337663,0.225035,0.049829,0.225802
AACCAAGACTTCTCTG-1,0.000076,0.035043,0.018767,0.030667,0.838458,0.076988
AACCAGTATCACTCTT-1,0.12916,0.028434,0.231253,0.335203,0.228441,0.047509
AACCATAGGGTTGAAC-1,0.000058,0.006824,0.214497,0.166501,0.282872,0.329247
AACCATGGGATCGCTA-1,0.000091,0.000091,0.000091,0.029743,0.753044,0.216938
AACCCAGAGACGGAGA-1,0.000076,0.008682,0.027366,0.037598,0.700414,0.225864
AACCCATCCCATGATC-1,0.009178,0.031862,0.615758,0.10218,0.224494,0.016529
AACCCGACAACCCGTG-1,0.169893,0.027022,0.136889,0.21216,0.254513,0.199523
AACCCGAGCAGAATCG-1,0.011749,0.069921,0.33423,0.24992,0.237563,0.096616
AACCCGATAGGGCTTC-1,0.142052,0.0479,0.650024,0.154914,0.002171,0.002939
AACCCTACTGTCAATA-1,0.123162,0.193803,0.108386,0.2012,0.197222,0.176227
AACCCTGGTGGAACCA-1,0.046369,0.020051,0.070039,0.151873,0.381914,0.329754
AACCGAGCTTGGTCAT-1,0.014959,0.024372,0.752584,0.081868,0.05337,0.072847
AACCGCTAAGGGATGC-1,0.014405,0.140631,0.342771,0.098023,0.226532,0.177637
AACCGTTGTGTTTGCT-1,0.000083,0.016237,0.489369,0.119315,0.070481,0.304516
AACCTCGCTTTAGCCC-1,0.760481,0.000055,0.00008,0.007368,0.126234,0.105781
AACCTGTCACGGAATT-1,0.022534,0.099812,0.519172,0.326945,0.023214,0.008323
AACCTTTAAATACGGT-1,0.000073,0.065941,0.270166,0.070228,0.044277,0.549315
AACCTTTACGACGTCT-1,0.003254,0.094697,0.176334,0.243835,0.313941,0.167939
AACGAAAGTCGTCCCA-1,0.000031,0.021137,0.579307,0.210604,0.17704,0.011881
AACGACCTCCTAGCCG-1,0.046887,0.011485,0.198098,0.12825,0.234623,0.380658
AACGATAATGCCGTAG-1,0.000083,0.028091,0.261606,0.259983,0.351768,0.09847
AACGATAGAAGGGCCG-1,0.000503,0.01574,0.518922,0.225181,0.144887,0.094768
AACGATATGTCAACTG-1,0.000487,0.051571,0.26473,0.210258,0.180643,0.292312
AACGCATGATCTGGGT-1,0.016187,0.116442,0.23337,0.171482,0.275542,0.186977
AACGCGAACGGCAACA-1,0.159426,0.037715,0.000059,0.00658,0.68626,0.10996
AACGCGACCTTGGGCG-1,0.008428,0.017086,0.94036,0.034086,0.00002,0.00002
AACGCGGTCTCCAGCC-1,0.197048,0.098107,0.456111,0.21746,0.031209,0.000065
AACGCTGTTGCTGAAA-1,0.056728,0.007966,0.599221,0.229462,0.014078,0.092546
AACGGACGTACGTATA-1,0.294215,0.001486,0.166635,0.046516,0.024307,0.466841
AACGGCCATCTCCGGT-1,0.447649,0.017537,0.076332,0.091032,0.208151,0.159299
AACGTACTGTGGGTAC-1,0.003394,0.167313,0.596552,0.209377,0.023309,0.000054
AACGTCAGACTAGTGG-1,0.000101,0.081632,0.0404,0.037874,0.396081,0.443913
AACGTCGCTGCACTTC-1,0.078746,0.135856,0.092092,0.430945,0.223786,0.038574
AACGTGATGAAGGACA-1,0.138995,0.022072,0.219485,0.211747,0.255458,0.152244
AACGTGCGAAAGTCTC-1,0.014492,0.099529,0.190113,0.342607,0.148955,0.204302
AACGTTATCAGCACCT-1,0.013867,0.017628,0.000105,0.000105,0.293544,0.674751
AACTACCCGTTTGTCA-1,0.662139,0.042429,0.034291,0.023903,0.105156,0.132082
AACTAGCGTATCGCAC-1,0.002285,0.060246,0.232103,0.118177,0.363613,0.223576
AACTAGGCTTGGGTGT-1,0.018488,0.021708,0.645121,0.097074,0.028355,0.189253
AACTCAAGTTAATTGC-1,0.03245,0.052325,0.171465,0.060509,0.476136,0.207117
AACTCCAGAGCGTGTT-1,0.259425,0.041989,0.488216,0.113596,0.089313,0.007461
AACTCCTAATCCCATG-1,0.067264,0.232583,0.423771,0.11492,0.138655,0.022807
AACTCGATAAACACGT-1,0.896781,0.000098,0.000098,0.000098,0.045475,0.057449
AACTCGATGGCGCAGT-1,0.000047,0.267252,0.119284,0.188075,0.425295,0.000047
AACTCTCAATAGAGCG-1,0.002231,0.056675,0.176349,0.396628,0.256581,0.111537
AACTCTCAGTGTGCTC-1,0.048546,0.031151,0.280462,0.228053,0.12212,0.289668
AACTGAGGTCAGCGTC-1,0.395939,0.008506,0.054961,0.047458,0.092158,0.400977
AACTGAGTTATACTGA-1,0.996858,0.000628,0.000628,0.000628,0.000628,0.000629
AACTGATATTAGGCCT-1,0.10852,0.042535,0.52271,0.180043,0.126025,0.020166
AACTGGGTCCCGACGT-1,0.031456,0.005634,0.719086,0.217361,0.024943,0.001519
AACTGGTGTGGGCCTT-1,0.003313,0.023042,0.265592,0.082587,0.410324,0.215143
AACTTCTGCGTCTATC-1,0.006141,0.012428,0.000095,0.003849,0.593112,0.384375
AACTTGCCCGTATGCA-1,0.000122,0.006036,0.000839,0.032819,0.920332,0.039852
AACTTGCGTTCTCGCG-1,0.000065,0.141352,0.016315,0.081054,0.76115,0.000065
AACTTTACGGGAGCTT-1,0.188618,0.198704,0.000138,0.012482,0.178512,0.421547
AACTTTAGCTGCTGAG-1,0.002324,0.052194,0.141534,0.0302,0.533667,0.240082
AACTTTCTCGATCATG-1,0.014113,0.063937,0.162827,0.522272,0.141353,0.095498
AAGAAATCACCAGATT-1,0.003018,0.111536,0.245278,0.162646,0.096014,0.381507
AAGAAGGATCAGTTAG-1,0.000043,0.238836,0.130615,0.245041,0.380351,0.005115
AAGACATACGTGGTTT-1,0.000042,0.029228,0.347176,0.373275,0.240466,0.009813
AAGACCAAATAACTCA-1,0.037976,0.057462,0.065812,0.104228,0.555021,0.179501
AAGACCCAACTGAACA-1,0.287693,0.012426,0.225244,0.061982,0.005086,0.407569
AAGACTAACCCGTTGT-1,0.015537,0.409501,0.039293,0.098417,0.408997,0.028254
AAGACTGCAAGCTACT-1,0.123381,0.039585,0.426331,0.290165,0.075425,0.045113
AAGAGATGAATCGGTA-1,0.02654,0.032259,0.115448,0.071971,0.316856,0.436925
AAGAGCTCTTTATCGG-1,0.000058,0.288158,0.258227,0.392544,0.054132,0.006881
AAGAGGATGTACGCGA-1,0.000058,0.016733,0.522661,0.120432,0.337643,0.002473
AAGAGGCATGGATCGC-1,0.002566,0.40701,0.19638,0.146213,0.076493,0.171338
AAGAGGCCCTTTGGAA-1,0.002478,0.04602,0.611244,0.218506,0.102951,0.018801
AAGATGGCACCGGACC-1,0.108417,0.033408,0.388814,0.100313,0.200678,0.168371
AAGATTGGCGGAACGT-1,0.058563,0.034523,0.715791,0.110201,0.075193,0.005729
AAGCACCCTGCGTATC-1,0.004407,0.30142,0.098249,0.203553,0.029621,0.362751
AAGCATACTCTCCTGA-1,0.00061,0.143564,0.298554,0.129662,0.232594,0.195016
AAGCCGAAGCGGTTTA-1,0.599712,0.036232,0.082382,0.031238,0.219226,0.031209
AAGCCGCCGTGAAATC-1,0.006085,0.049175,0.252416,0.139965,0.276149,0.27621
AAGCCGCTTTACCTTG-1,0.000916,0.108955,0.311535,0.302469,0.140951,0.135175
AAGCCGGAGAGCAGGA-1,0.200971,0.046617,0.204124,0.128929,0.322176,0.097184
AAGCGCAGGGCTTTGA-1,0.202589,0.424691,0.0868,0.031689,0.050927,0.203306
AAGCGGAGTGCGCGCA-1,0.004073,0.056875,0.527368,0.201133,0.02005,0.190501
AAGCGGCGTCATGGGT-1,0.189644,0.091451,0.295596,0.201576,0.139156,0.082578
AAGCGTCCCTCATCGA-1,0.026763,0.079102,0.42933,0.193288,0.179418,0.092098
AAGCTAGATCGAGTAA-1,0.000548,0.061076,0.298558,0.291744,0.240105,0.10797
AAGCTCGTGCCAAGTC-1,0.040624,0.143158,0.273908,0.286056,0.168722,0.087533
AAGCTCTTTCATGGTG-1,0.659439,0.000949,0.034975,0.045518,0.05466,0.204459
AAGGAGCGGTTGGTGC-1,0.036,0.080076,0.246856,0.193998,0.30415,0.13892
AAGGATCGATCGCTTG-1,0.380736,0.014503,0.089124,0.104691,0.111691,0.299256
AAGGATGAGGGACCTC-1,0.014921,0.018364,0.671839,0.200992,0.088835,0.005049
AAGGCAGGCTGTCTCC-1,0.153721,0.135546,0.309137,0.188526,0.112383,0.100686
AAGGCGCGTAAAGCTT-1,0.000063,0.04152,0.009775,0.02184,0.516965,0.409837
AAGGCTGTGCTCATCG-1,0.079007,0.145027,0.180487,0.25987,0.213307,0.122302
AAGGGAACGACTGGCT-1,0.000044,0.034061,0.372581,0.075609,0.184825,0.33288
AAGGGACAGATTCTGT-1,0.043811,0.484554,0.460755,0.01084,0.00002,0.00002
AAGGGACTATGCATTC-1,0.000081,0.006169,0.2917,0.463695,0.238192,0.000162
AAGGGTTTGATTTCAG-1,0.015084,0.098355,0.17371,0.089848,0.254768,0.368237
AAGGTATCCTAATATA-1,0.000055,0.025926,0.647935,0.110884,0.060945,0.154255
AAGGTGATAAACCAGC-1,0.024093,0.041351,0.40858,0.439661,0.071445,0.014871
AAGTAGAAGACCGGGT-1,0.114242,0.052475,0.425044,0.215183,0.121104,0.071951
AAGTAGTGACGCGAGG-1,0.000091,0.045104,0.193928,0.203199,0.557587,0.000091
AAGTCAATTGTCGTCA-1,0.025826,0.038968,0.686342,0.240522,0.007615,0.000727
AAGTCTAGTAGCTGCC-1,0.021981,0.182565,0.308575,0.193556,0.050138,0.243185
AAGTCTTCTGTGGCCT-1,0.153329,0.333352,0.04142,0.04388,0.256969,0.17105
AAGTGACGACCGAATT-1,0.000059,0.064414,0.093234,0.102892,0.459713,0.279687
AAGTGAGTCGGGTTTA-1,0.081655,0.013014,0.506008,0.303542,0.093294,0.002487
AAGTGCAAAGGTAGAC-1,0.134818,0.001882,0.01765,0.038098,0.568768,0.238784
AAGTGCCTTGACTGTA-1,0.122261,0.027252,0.229802,0.277811,0.115496,0.227378
AAGTGCGTTAGAATCT-1,0.019687,0.068427,0.097929,0.359384,0.353571,0.101003
AAGTGCTTCTCTATTG-1,0.221797,0.046949,0.306182,0.186926,0.068851,0.169295
AAGTGTTTGGAGACGG-1,0.107594,0.039695,0.376877,0.322577,0.13659,0.016666
AAGTTCACTCCAAGCT-1,0.316862,0.2664,0.244611,0.086022,0.058601,0.027504
AAGTTCAGTCTGCGTA-1,0.100612,0.018709,0.115164,0.086602,0.276594,0.402319
AAGTTCGGCCAACAGG-1,0.004117,0.018904,0.465469,0.113048,0.243114,0.155349
AAGTTGTGATGTTATA-1,0.006955,0.076399,0.406144,0.313446,0.153841,0.043213
AAGTTTACTAATGGCA-1,0.002766,0.049278,0.34694,0.101811,0.480492,0.018713
AAGTTTATGGGCCCAA-1,0.111459,0.086418,0.096469,0.072707,0.50246,0.130488
AATAACAACGCTCGGC-1,0.027148,0.069793,0.207048,0.088025,0.471425,0.136561
AATAACACTAGAACAA-1,0.002596,0.011427,0.251703,0.45828,0.227497,0.048497
AATAAGTCCTCGAGAC-1,0.086163,0.033571,0.091071,0.164257,0.424835,0.200103
AATAATCTTCGTATCG-1,0.997929,0.000414,0.000415,0.000414,0.000414,0.000414
AATACAATGTTTCAGG-1,0.075965,0.109798,0.051632,0.111225,0.644551,0.006829
AATACCGGAGGGCTGT-1,0.055718,0.931223,0.012507,0.000517,0.000017,0.000017
AATAGAACAGAGTGGC-1,0.279316,0.020782,0.358616,0.127887,0.19196,0.021439
AATAGAATCTGTTTCA-1,0.033754,0.079564,0.485026,0.339952,0.045897,0.015807
AATAGCAAGCCTCCTG-1,0.269633,0.033226,0.216571,0.112357,0.072174,0.29604
AATAGCTACCGCGTGC-1,0.064686,0.093301,0.103988,0.11923,0.186119,0.432676
AATAGTCCGTCCCGAC-1,0.007081,0.090743,0.294039,0.311528,0.2121,0.08451
AATAGTCGCGAGTCGG-1,0.176108,0.0001,0.0001,0.0001,0.334692,0.488899
AATATCAAGGTCGGAT-1,0.011199,0.01485,0.033633,0.104464,0.702403,0.133452
AATATCCTAGCAAACT-1,0.520125,0.037478,0.000041,0.011329,0.081517,0.349511
AATATCGAATCAATGC-1,0.687272,0.000364,0.000364,0.000364,0.009949,0.301687
AATATCGAGGGTTCTC-1,0.00997,0.15105,0.16117,0.232569,0.327048,0.118193
AATATTGGAGTATTGA-1,0.085619,0.000102,0.02454,0.015078,0.494043,0.380618
AATCAGACTGCAGGAC-1,0.000043,0.508469,0.062661,0.144519,0.279532,0.004775
AATCAGGTTTCATTTA-1,0.025605,0.045046,0.083518,0.108189,0.114662,0.62298
AATCATGTAAAGACTC-1,0.018537,0.054517,0.23106,0.171453,0.470426,0.054008
AATCCAAGGGCCTGAG-1,0.039318,0.022696,0.451804,0.256437,0.140656,0.089089
AATCCATGCAAGGGTG-1,0.000039,0.142913,0.108142,0.136555,0.612313,0.000039
AATCGCCTCAGCGCCA-1,0.011922,0.150338,0.209089,0.272025,0.164266,0.192361
AATCGCGCAGAGGACT-1,0.260077,0.040382,0.390129,0.192745,0.084295,0.032373
AATCGGGACACTACGA-1,0.047763,0.116542,0.08789,0.087915,0.488727,0.171163
AATCGGTATAGCCCTC-1,0.134298,0.11517,0.291077,0.243181,0.139894,0.076381
AATCGTGAGCCGAGCA-1,0.602076,0.058976,0.080391,0.036072,0.116191,0.106294
AATCTAGGTTTACTTG-1,0.015984,0.032578,0.39778,0.061187,0.357705,0.134765
AATCTATGCCGGAGCC-1,0.055878,0.042038,0.100533,0.079461,0.289345,0.432745
AATCTCTACTGTGGTT-1,0.12938,0.024836,0.000088,0.000088,0.083386,0.762221
AATCTGCGTTGGGACG-1,0.005433,0.04411,0.236629,0.202147,0.311994,0.199687
AATCTGGCTTTCTAGT-1,0.000087,0.017813,0.038369,0.063987,0.866019,0.013724
AATCTGGGTAGACCCT-1,0.081603,0.074102,0.40872,0.172527,0.250693,0.012355
AATGACAGCAATGTCT-1,0.056013,0.037117,0.000087,0.049532,0.777806,0.079445
AATGACGTAGGATGTC-1,0.054128,0.235209,0.401562,0.266778,0.005939,0.036383
AATGACTGTCAGCCGG-1,0.086519,0.063559,0.188262,0.304661,0.273125,0.083874
AATGAGTTCGCATATG-1,0.068898,0.151764,0.067925,0.138331,0.469354,0.103728
AATGATGATACGCTAT-1,0.04621,0.025392,0.401708,0.103697,0.05202,0.370972
AATGATGCGACTCCTG-1,0.121544,0.073192,0.087048,0.052178,0.123735,0.542303
AATGCAACCGGGTACC-1,0.023918,0.041183,0.462525,0.294304,0.162656,0.015413
AATGCACCAAGCAATG-1,0.034141,0.513415,0.074551,0.164166,0.173586,0.040141
AATGGTCCACCGTTCA-1,0.183703,0.00271,0.000081,0.002902,0.712758,0.097845
AATGGTTCTCACAAGC-1,0.000519,0.01442,0.040339,0.187481,0.691842,0.065399
AATGTATGGCACTGTA-1,0.00008,0.032615,0.186839,0.210574,0.41238,0.157511
AATGTGCCCGAGGTGT-1,0.141937,0.022768,0.326727,0.145134,0.360134,0.0033
AATGTGCTAATCTGAG-1,0.038051,0.044135,0.695586,0.136235,0.083819,0.002174
AATGTTGTCGTGAGAC-1,0.073261,0.071534,0.607408,0.230832,0.01584,0.001124
AATTAAAGGTCGGCGT-1,0.026545,0.061525,0.506379,0.257581,0.131739,0.01623
AATTAACGGATTTCCA-1,0.047758,0.0452,0.305239,0.117145,0.285463,0.199195
AATTACGAGACCCATC-1,0.002469,0.046962,0.427139,0.200319,0.259859,0.063253
AATTACTCGTACGCTC-1,0.316867,0.000204,0.000204,0.000204,0.053683,0.628839
AATTAGCGCTGCAGCG-1,0.01648,0.051342,0.457521,0.142652,0.12272,0.209284
AATTCATAAGGGATCT-1,0.044744,0.039138,0.074076,0.467696,0.3079,0.066446
AATTCATTGTCATGCA-1,0.032162,0.028812,0.300238,0.113482,0.226637,0.29867
AATTCCAAGCATGTAC-1,0.219109,0.085299,0.225333,0.145441,0.241431,0.083388
AATTCGATTCGAGGAT-1,0.177669,0.044486,0.203989,0.293416,0.197065,0.083374
AATTCTAGAGTTAGGC-1,0.000093,0.108722,0.382045,0.278726,0.194956,0.035458
AATTGAACGCTCTGGT-1,0.06911,0.100424,0.322527,0.205654,0.078394,0.22389
AATTGCAGCAATCGAC-1,0.007939,0.035744,0.601479,0.087247,0.051896,0.215695
AATTGCGTGGATTACA-1,0.000074,0.146214,0.224065,0.116941,0.410237,0.10247
AATTGTGGTTGCCAAA-1,0.000017,0.031277,0.788965,0.176462,0.003262,0.000017
AATTTGGGACATAGTA-1,0.014798,0.133129,0.145209,0.215259,0.37947,0.112135
AATTTGGTTCCAAAGA-1,0.514437,0.003179,0.14365,0.13407,0.151002,0.053661
ACAAACCATGCGTCCT-1,0.014696,0.074239,0.777589,0.086508,0.04695,0.000018
ACAAAGAAGGTAGGCC-1,0.430997,0.032431,0.004636,0.013801,0.121196,0.396937
ACAAAGCATGACCTAG-1,0.151648,0.028497,0.559555,0.210374,0.046887,0.003039
ACAAATCGCACCGAAT-1,0.015603,0.108323,0.622432,0.115863,0.037485,0.100293
ACAAATGGTAGTGTTT-1,0.000091,0.029834,0.464907,0.163659,0.280637,0.060873
ACAAATTCAGATCTGA-1,0.034901,0.11,0.054142,0.149829,0.51668,0.134447
ACAACAGCATGAGCTA-1,0.03942,0.128519,0.567205,0.144139,0.108416,0.012301
ACAACGGTCCCTGCGA-1,0.000085,0.032538,0.005917,0.043708,0.910734,0.00702
ACAAGCAGTGCCTAGC-1,0.000096,0.000096,0.000096,0.033017,0.909336,0.057358
ACAAGCTATATGGAAG-1,0.364343,0.175391,0.027075,0.064762,0.047779,0.32065
ACAAGGAAATCCGCCC-1,0.044002,0.075595,0.416453,0.17683,0.14588,0.141239
ACAAGGACAAGAGGTT-1,0.009701,0.112368,0.461543,0.286905,0.126488,0.002995
ACAAGGATGCTTTAGG-1,0.043682,0.069538,0.330255,0.063922,0.073448,0.419155
ACAAGGCCTACCAGCC-1,0.159571,0.057808,0.069949,0.068858,0.163185,0.480629
ACAAGGGCAGGCTCTG-1,0.000526,0.114716,0.832133,0.052543,0.000041,0.000041
ACAATAGTCGTACGTT-1,0.072153,0.158405,0.080112,0.062719,0.442734,0.183877
ACAATCCATTTAAACC-1,0.000058,0.087157,0.207818,0.284307,0.071188,0.349472
ACAATGAATACGGAGA-1,0.000255,0.006113,0.131593,0.287375,0.518786,0.055879
ACAATGATTCTTCTAC-1,0.178574,0.126472,0.087889,0.089605,0.240521,0.27694
ACAATTGTGTCTCTTT-1,0.327051,0.204856,0.1944,0.130503,0.053716,0.089474
ACAATTTAGGAGGCTC-1,0.201622,0.055693,0.053684,0.085966,0.488143,0.114893
ACAATTTGAGCAGTGG-1,0.014881,0.044877,0.360752,0.275126,0.229864,0.074499
ACAATTTGGCCATATT-1,0.138144,0.202514,0.351433,0.069505,0.002632,0.235773
ACACAAAGACGGGTGG-1,0.030085,0.027307,0.499886,0.257314,0.177792,0.007617
ACACAAATATTCCTAG-1,0.062925,0.276171,0.446087,0.064043,0.003404,0.14737
ACACACCAGGACCAGT-1,0.023718,0.08099,0.679057,0.183575,0.025347,0.007314
ACACACTTTCTACACG-1,0.000048,0.029893,0.764983,0.193955,0.011073,0.000048
ACACATGATCAAATCT-1,0.002249,0.014905,0.660583,0.189933,0.128667,0.003662
ACACATTGACGCAACA-1,0.547434,0.11811,0.000081,0.000081,0.066352,0.267942
ACACCACATAATTAGC-1,0.924393,0.000036,0.000036,0.000036,0.000036,0.075463
ACACCCAGCATGCAGC-1,0.015876,0.019572,0.73889,0.138271,0.087347,0.000045
ACACCCGAGAAATCCG-1,0.091748,0.02597,0.198288,0.221529,0.437996,0.024469
ACACCGAGCGCTCTTT-1,0.283816,0.000335,0.000335,0.000335,0.000335,0.714844
ACACCGGTCTGACCGC-1,0.00249,0.005202,0.238281,0.004512,0.000031,0.749484
ACACCTTAAGTAGGGC-1,0.000062,0.017269,0.435555,0.186198,0.344544,0.016371
ACACCTTACTACTTGC-1,0.138785,0.050379,0.126639,0.184056,0.223668,0.276472
ACACGAGACTCCTTCT-1,0.058151,0.108308,0.44744,0.034268,0.157256,0.194577
ACACGGCACTATGCAT-1,0.050461,0.033947,0.239988,0.293164,0.342446,0.039994
ACACGGGAACTTAGGG-1,0.087988,0.043748,0.57616,0.247106,0.035849,0.009148
ACACGTAGGCCACAAG-1,0.001423,0.030411,0.303819,0.473462,0.174228,0.016657
ACACTCCAATGTCACT-1,0.026606,0.067058,0.059459,0.066589,0.715349,0.064939
ACACTGATCAAGGTGT-1,0.019006,0.021093,0.031399,0.496685,0.227326,0.204491
ACACTGGGACAGTCGT-1,0.049575,0.044267,0.518813,0.277501,0.089607,0.020237
ACAGAACTGAGAACAA-1,0.142339,0.06277,0.40125,0.215351,0.15018,0.02811
ACAGATTAGGTTAGTG-1,0.056281,0.045985,0.073996,0.155149,0.43997,0.22862
ACAGCATAGAGCCAGT-1,0.160006,0.110149,0.529691,0.144536,0.055567,0.000052
ACAGCGACATTCTCAT-1,0.020443,0.173337,0.330536,0.222228,0.193107,0.06035
ACAGCGCACCCGCAGC-1,0.051516,0.007535,0.467022,0.31765,0.152338,0.003939
ACAGGCACGGATCCTT-1,0.046172,0.024698,0.634321,0.135117,0.026644,0.133048
ACAGGCTTGCCCGACT-1,0.04696,0.233317,0.429879,0.200966,0.03704,0.051838
ACAGGTGGAGGTGAGG-1,0.032785,0.032529,0.296056,0.194107,0.417,0.027523
ACAGGTGTGTTGTTGC-1,0.252868,0.170122,0.008297,0.013806,0.107112,0.447794
ACAGTAATACAACTTG-1,0.012874,0.062707,0.253649,0.107535,0.506156,0.057079
ACAGTATACCGTGGGA-1,0.00752,0.066188,0.476152,0.364079,0.053703,0.032359
ACATAAGTCGTGGTGA-1,0.000037,0.014858,0.752955,0.07928,0.152832,0.000037
ACATAATAAGGCGGTG-1,0.126214,0.012999,0.634188,0.174603,0.034475,0.017521
ACATCAGCTGGGACGC-1,0.106644,0.167743,0.060088,0.038059,0.431418,0.196049
ACATCCCGGCCATACG-1,0.031644,0.062404,0.22376,0.205964,0.286962,0.189266
ACATCCTGGTAACTGT-1,0.07204,0.037045,0.104241,0.161327,0.293906,0.331442
ACATCGATCGTTTACC-1,0.08708,0.026537,0.462744,0.134088,0.025068,0.264483
ACATCGGTCAGCCGCG-1,0.024523,0.028242,0.311897,0.218295,0.076891,0.340152
ACATCGTATGCAATGG-1,0.053269,0.025116,0.503689,0.314647,0.098245,0.005035
ACATCGTTAACCTAGT-1,0.023581,0.073038,0.160946,0.297854,0.348047,0.096533
ACATCTCAACGCGTAA-1,0.026863,0.026017,0.152357,0.175398,0.599125,0.02024
ACATGGCGCCAAAGTA-1,0.083969,0.029287,0.131744,0.327838,0.177935,0.249227
ACATGGCTCAATTTAG-1,0.364709,0.192732,0.00013,0.000136,0.225536,0.216756
ACATTAGTTTATATCC-1,0.00005,0.0179,0.874793,0.105459,0.001749,0.00005
ACATTTGAAACCTAAC-1,0.000072,0.048605,0.113989,0.214801,0.446284,0.176248
ACCAAACACCCAGCGA-1,0.057768,0.113516,0.062856,0.129673,0.359587,0.276599
ACCAAACTAGAAATCC-1,0.126278,0.007977,0.084585,0.064106,0.578441,0.138613
ACCAACACCACACACT-1,0.071076,0.143907,0.110065,0.261464,0.303668,0.10982
ACCAACCGCACTCCAC-1,0.224724,0.040937,0.204143,0.117686,0.322844,0.089667
ACCAACGCTTATTTAT-1,0.025174,0.036662,0.436959,0.346361,0.104237,0.050607
ACCAAGAACGCGTGTC-1,0.771324,0.000051,0.055265,0.054139,0.06178,0.05744
ACCAAGTCATCGGCAG-1,0.009616,0.127717,0.102143,0.180903,0.152398,0.427224
ACCAATATGCAAGTTA-1,0.059866,0.057844,0.332103,0.13156,0.224907,0.19372
ACCACAACTCAGAACA-1,0.00008,0.084912,0.036873,0.094917,0.425226,0.357992
ACCACAAGTTTCTATC-1,0.484792,0.036115,0.004785,0.036134,0.177404,0.26077
ACCACCAATGTAACAA-1,0.205141,0.061799,0.401458,0.11307,0.033222,0.18531
ACCACCCTCTCTTCTA-1,0.003049,0.028839,0.698124,0.230264,0.005512,0.034212
ACCACGTGCAGCTATA-1,0.000115,0.013862,0.311179,0.082318,0.249191,0.343335
ACCACTGTTCAAGAAG-1,0.499764,0.020031,0.000194,0.000194,0.046553,0.433263
ACCAGACCATAACAAC-1,0.092617,0.267396,0.238637,0.195998,0.196425,0.008927
ACCAGCCCGGTCTTTG-1,0.000106,0.011946,0.181275,0.169419,0.19324,0.444015
ACCAGGAGTGTGATCT-1,0.051381,0.060137,0.12346,0.080135,0.392843,0.292044
ACCAGTGCCCGGTCAA-1,0.413902,0.131884,0.116194,0.121205,0.060847,0.155969
ACCAGTGCGGGAGACG-1,0.006085,0.040614,0.231425,0.571191,0.115862,0.034822
ACCATATCCGCAATAA-1,0.138612,0.117556,0.126397,0.169164,0.373462,0.074809
ACCATCCGCCAACTAG-1,0.158492,0.013573,0.000071,0.005399,0.616897,0.205567
ACCATCGTATATGGTA-1,0.009586,0.059026,0.294574,0.383762,0.175397,0.077656
ACCATTAAGGGTGTCA-1,0.660241,0.000161,0.000161,0.000161,0.010463,0.328812
ACCCAACGCCCGTGGC-1,0.551298,0.000052,0.000052,0.000052,0.000052,0.448492
ACCCACCTACATGCTC-1,0.70111,0.000084,0.000084,0.000084,0.032888,0.265751
ACCCATCTTGAGGGTA-1,0.016109,0.539201,0.204428,0.193429,0.038326,0.008508
ACCCATTTGTCCCTCT-1,0.007615,0.01805,0.651015,0.194738,0.118122,0.01046
ACCCGAGCGAAATTAC-1,0.019405,0.117868,0.18828,0.184718,0.314555,0.175175
ACCCGATTGGTTCCGA-1,0.913825,0.00006,0.00006,0.00006,0.009221,0.076775
ACCCGGAAACTCCCAG-1,0.000069,0.016977,0.530481,0.251929,0.066545,0.133998
ACCCGGAGCACCACAA-1,0.219513,0.009327,0.128354,0.064248,0.136221,0.442338
ACCCGGATGACGCATC-1,0.11606,0.043745,0.223356,0.107837,0.370797,0.138205
ACCCGGTTACACTTCC-1,0.104744,0.008096,0.427906,0.402319,0.056871,0.000065
ACCCGTAGTCTAGTTG-1,0.018338,0.068321,0.346381,0.306388,0.098139,0.162434
ACCCGTGTCATCAGTA-1,0.011004,0.024369,0.622333,0.246935,0.031187,0.064172
ACCCTATAGGACTGAG-1,0.00006,0.274302,0.101131,0.099701,0.503195,0.02161
ACCCTATGCCATATCG-1,0.119224,0.038801,0.335716,0.106898,0.328017,0.071344
ACCCTCCCGTCAGGGC-1,0.148036,0.129172,0.576685,0.113212,0.023498,0.009397
ACCCTCCCTTGCTATT-1,0.136638,0.145747,0.354261,0.121769,0.036117,0.205468
ACCCTGGTAACGCCCT-1,0.079259,0.065522,0.633721,0.089956,0.017354,0.114188
ACCCTTCATCTGCGAA-1,0.057404,0.034594,0.394845,0.288973,0.20505,0.019134
ACCCTTGCCTGGGTCG-1,0.036569,0.066359,0.686831,0.193044,0.014861,0.002335
ACCCTTTAGTTCTCCA-1,0.088409,0.003354,0.145498,0.130664,0.339182,0.292893
ACCGAAAGGGCCCTGC-1,0.29665,0.002373,0.128915,0.041355,0.238927,0.291781
ACCGAAGAGTCTGGTT-1,0.059624,0.014761,0.229665,0.260884,0.307379,0.127687
ACCGACACATCTCCCA-1,0.045493,0.093982,0.454065,0.211034,0.137503,0.057923
ACCGACTGAGTCCCAC-1,0.162857,0.070875,0.422622,0.185427,0.071081,0.087137
ACCGAGTCTCCTTATT-1,0.193853,0.209872,0.027092,0.180653,0.134035,0.254496
ACCGATAGGCATAACC-1,0.019251,0.15735,0.422441,0.312437,0.056775,0.031746
ACCGATATTTAATCAT-1,0.261387,0.060669,0.375287,0.22355,0.02058,0.058527
ACCGATGGTAGCATCG-1,0.022454,0.061616,0.499506,0.229741,0.170818,0.015866
ACCGCAATAACTGCCT-1,0.022008,0.047343,0.607849,0.246277,0.029078,0.047445
ACCGCGGTGGAAGTCG-1,0.111194,0.585258,0.111679,0.141219,0.020034,0.030616
ACCGGGCCTTTGTTGA-1,0.000251,0.10527,0.761169,0.122533,0.010199,0.000579
ACCGGTCAGGTACACC-1,0.00562,0.034333,0.221287,0.088675,0.470053,0.180032
ACCGGTCTGAGTACGG-1,0.139731,0.040316,0.040647,0.259593,0.410276,0.109437
ACCGTCCACTGGGCCC-1,0.105618,0.109201,0.198922,0.065818,0.267271,0.25317
ACCGTGACCACGTGGG-1,0.286066,0.042626,0.29149,0.240186,0.068507,0.071125
ACCGTTCCCGCTCTGA-1,0.017165,0.004746,0.163374,0.076543,0.524457,0.213713
ACCTAAGTACCTTTCA-1,0.014587,0.052658,0.207916,0.216218,0.48789,0.020732
ACCTAATCGACTTCCT-1,0.013155,0.000119,0.023309,0.045,0.784512,0.133905
ACCTACAGTATGTGGT-1,0.179153,0.024027,0.288818,0.335179,0.046675,0.126148
ACCTACTATAAATCTA-1,0.115262,0.023723,0.211476,0.174003,0.091077,0.384459
ACCTCCGCCCTCGCTG-1,0.238754,0.020637,0.368337,0.211493,0.130176,0.030603
ACCTCCGTTATTCACC-1,0.013809,0.080604,0.174991,0.280395,0.209247,0.240955
ACCTCGAACTTATGCT-1,0.020413,0.03682,0.360563,0.283052,0.213348,0.085804
ACCTGCGTGTCATGTT-1,0.000066,0.145745,0.034104,0.099996,0.709238,0.010851
ACGAAATGGGCGGCAC-1,0.000957,0.003464,0.000095,0.000219,0.608692,0.386574
ACGACCCATGAGTTGC-1,0.537631,0.000067,0.175884,0.032382,0.000068,0.253968
ACGACTCTAGGGCCGA-1,0.024485,0.005694,0.10911,0.158601,0.321903,0.380207
ACGACTGGTCATACTC-1,0.149171,0.028035,0.133147,0.221518,0.124488,0.34364
ACGAGAACCCATCACG-1,0.062931,0.01117,0.000977,0.0121,0.7164,0.196421
ACGAGATATTTGCTTA-1,0.000083,0.175869,0.246193,0.109833,0.270279,0.197743
ACGAGGATACCACTCT-1,0.106786,0.00796,0.06165,0.091029,0.712599,0.019976
ACGAGGTTTACAACGT-1,0.09936,0.409145,0.404287,0.044323,0.010006,0.032879
ACGAGTACGGATGCCC-1,0.0377,0.029845,0.199611,0.371269,0.229102,0.132474
ACGAGTCGCCGGCGTT-1,0.296486,0.337081,0.000362,0.0009,0.100888,0.264282
ACGATACATAGAACTA-1,0.051595,0.024344,0.322778,0.469466,0.127258,0.004559
ACGATACCTATCCTGA-1,0.504129,0.099751,0.006278,0.016682,0.025357,0.347803
ACGATCATACATAGAG-1,0.025957,0.037211,0.53904,0.262519,0.094214,0.041059
ACGATCATCTTGTAAA-1,0.023303,0.0453,0.609389,0.185946,0.024974,0.111088
ACGATGCATATGTTAT-1,0.000089,0.085389,0.228241,0.359566,0.316076,0.010638
ACGATGGATCCGATGC-1,0.149396,0.005044,0.214659,0.362848,0.141218,0.126835
ACGCAAACTAATAGAT-1,0.032947,0.072128,0.08826,0.090876,0.255268,0.460522
ACGCAATCACTACAGC-1,0.015932,0.015302,0.103464,0.151068,0.39934,0.314895
ACGCATAAATGACATG-1,0.241677,0.175053,0.460656,0.110172,0.006635,0.005807
ACGCATACGTTTACTA-1,0.560834,0.000235,0.030203,0.02926,0.164936,0.214532
ACGCATTCGTGAGTAC-1,0.012046,0.04651,0.274209,0.220719,0.17912,0.267396
ACGCCAGATGATTTCT-1,0.000101,0.031486,0.380506,0.101566,0.352615,0.133725
ACGCCAGTGCGTTTGC-1,0.00423,0.051181,0.524719,0.182765,0.206051,0.031054
ACGCCGCTAGACGACC-1,0.000082,0.088045,0.235392,0.257096,0.183724,0.23566
ACGCGAAGTCAGACGA-1,0.000087,0.063068,0.263782,0.249804,0.269892,0.153366
ACGCGCTACACAGGGT-1,0.001095,0.259713,0.393757,0.094678,0.119146,0.131611
ACGCGGGCCAAGGACA-1,0.058597,0.083799,0.216188,0.298394,0.151413,0.191609
ACGCGTTTCTTAAGAG-1,0.269404,0.004758,0.000177,0.000177,0.067339,0.658146
ACGCTAGTGATACACT-1,0.16764,0.028426,0.591298,0.20365,0.005281,0.003705
ACGCTGTGAGGCGTAG-1,0.167492,0.001632,0.000091,0.01229,0.325552,0.492944
ACGGAACACGAGTGCC-1,0.076927,0.000151,0.191384,0.037302,0.634295,0.059941
ACGGAATTTAGCAAAT-1,0.478011,0.021311,0.005762,0.013343,0.226198,0.255376
ACGGACTCTCAAAGCG-1,0.019388,0.14391,0.448545,0.081068,0.095613,0.211477
ACGGAGCGCAAATTAC-1,0.869416,0.048619,0.021717,0.014338,0.022801,0.023109
ACGGATGGTGCGGATA-1,0.154753,0.019057,0.342652,0.135029,0.149043,0.199466
ACGGCACTTGCTTGGG-1,0.028906,0.040263,0.568102,0.133976,0.028306,0.200448
ACGGCCAACATGGACT-1,0.000065,0.014194,0.193543,0.547398,0.194149,0.05065
ACGGCGACGATGGGAA-1,0.038387,0.12155,0.249019,0.114907,0.348867,0.127271
ACGGCGGGTTGCCCTG-1,0.000081,0.023874,0.000081,0.014162,0.774652,0.18715
ACGGCTGGATGTAGAA-1,0.00005,0.072762,0.158581,0.198309,0.044169,0.52613
ACGGGAGTGTCGGCCC-1,0.005356,0.000074,0.017282,0.028724,0.8289,0.119664
ACGGGCGTATGCGACA-1,0.137712,0.033535,0.367029,0.285252,0.126699,0.049774
ACGGGTCATGTGACTT-1,0.234244,0.063065,0.000102,0.000102,0.29128,0.411206
ACGGTACAGTTCAATG-1,0.008534,0.027621,0.146029,0.266631,0.410131,0.141055
ACGGTCACCGAGAACA-1,0.037766,0.923133,0.003268,0.000067,0.001247,0.034519
ACGTACAGATTTCTCT-1,0.034239,0.014484,0.3712,0.092661,0.319596,0.167819
ACGTACTTTGGCACGG-1,0.405207,0.082292,0.124722,0.042092,0.121793,0.223894
ACGTAGATTGCTGATG-1,0.604759,0.000494,0.046516,0.004928,0.001372,0.341932
ACGTAGGAGAGTCGCT-1,0.325238,0.020709,0.109129,0.105648,0.216196,0.22308
ACGTATTACTCCGATC-1,0.054614,0.135078,0.134745,0.260967,0.173509,0.241087
ACGTCGGGCAACTCGG-1,0.078201,0.072301,0.425776,0.130711,0.042342,0.250669
ACGTCTCGTTCCGGGA-1,0.336259,0.009274,0.000047,0.008838,0.148723,0.496859
ACGTGACAAAGTAAGT-1,0.069287,0.031119,0.110205,0.153833,0.521379,0.114178
ACGTGCGCCTCGTGCA-1,0.000117,0.001399,0.154442,0.075433,0.747028,0.021581
ACGTTAATGTCGAAGA-1,0.054835,0.148411,0.467893,0.324369,0.004442,0.000051
ACGTTAGATTTGCCCG-1,0.02937,0.099044,0.13827,0.153184,0.382184,0.197948
ACGTTATTGGTCACTC-1,0.073772,0.034071,0.000101,0.000101,0.391066,0.500889
ACGTTCCGCGCTCCGT-1,0.318757,0.047477,0.097601,0.037188,0.144818,0.354159
ACGTTCGCAATCAATT-1,0.133132,0.102486,0.234872,0.274515,0.135088,0.119906
ACGTTCGTTCAGGAAA-1,0.045706,0.039502,0.330553,0.204228,0.140256,0.239755
ACGTTCTGTACAAGTC-1,0.084153,0.023458,0.117706,0.206738,0.493378,0.074568
ACGTTTAGTTGTGATC-1,0.060565,0.005923,0.035701,0.113009,0.130269,0.654533
ACTAAGGACGCACACC-1,0.024195,0.169914,0.149258,0.183084,0.007305,0.466245
ACTAATACGTCAGGCG-1,0.058458,0.081975,0.073721,0.121433,0.135717,0.528695
ACTACAAAGAGAGGTG-1,0.015193,0.08405,0.468756,0.241512,0.15169,0.0388
ACTACATCCCGACAAG-1,0.021649,0.025885,0.498816,0.238212,0.171836,0.043602
ACTACCAGCTCTCTGG-1,0.009004,0.032205,0.033153,0.09338,0.758994,0.073263
ACTACGCGTTAGAATT-1,0.026971,0.153678,0.233886,0.101972,0.393701,0.089792
ACTAGTTGCGATCGTC-1,0.373656,0.00043,0.00043,0.00043,0.132815,0.492239
ACTATATGCTGTGTTC-1,0.337677,0.069947,0.127642,0.189598,0.125983,0.149153
ACTATCCAGGGCATGG-1,0.529835,0.00897,0.130254,0.167233,0.059198,0.10451
ACTATCGCCGGCTAAA-1,0.510559,0.118201,0.000063,0.000063,0.000186,0.370929
ACTATCTGCCCGCGTA-1,0.083484,0.013882,0.099378,0.307904,0.441354,0.053998
ACTATGTCCAGCTGCC-1,0.051364,0.034384,0.743855,0.104608,0.021973,0.043817
ACTATTCGTCCGTGGT-1,0.054647,0.645579,0.202511,0.065014,0.029546,0.002703
ACTATTTCCGGGCCCA-1,0.000065,0.042404,0.370844,0.256325,0.168677,0.161685
ACTCAACGAATGTATT-1,0.000088,0.002913,0.014189,0.027961,0.70851,0.246338
ACTCAAGTGCAAGGCT-1,0.249064,0.123621,0.239429,0.106598,0.090028,0.19126
ACTCAATAAAGGCACG-1,0.087781,0.03137,0.33381,0.216815,0.311056,0.019168
ACTCAGACCTGCTTCT-1,0.09397,0.032069,0.268797,0.29961,0.188689,0.116865
ACTCATGGCAGCCTTC-1,0.000036,0.016056,0.791085,0.075864,0.049636,0.067323
ACTCCAATATCATCAT-1,0.000075,0.022654,0.251974,0.141286,0.233292,0.350719
ACTCCCATTCCTAAAG-1,0.018869,0.073376,0.226182,0.078242,0.584244,0.019088
ACTCCCGAATTCGTTT-1,0.007245,0.085788,0.491759,0.21503,0.135558,0.06462
ACTCCCGTAGACTAGG-1,0.018064,0.285936,0.328402,0.198998,0.060384,0.108216
ACTCCCTAATGCTAAA-1,0.013861,0.077127,0.107841,0.347316,0.296396,0.15746
ACTCCCTAGAATAGTA-1,0.027607,0.020067,0.49552,0.128772,0.294099,0.033935
ACTCCGGCCGACCACT-1,0.009217,0.009448,0.12727,0.036218,0.356058,0.461788
ACTCGATGTATTTCAT-1,0.258174,0.050476,0.02613,0.138509,0.15118,0.375532
ACTCGCCGTTCGATAA-1,0.000029,0.042909,0.673995,0.213151,0.058865,0.011052
ACTCGCGATCTGACGC-1,0.997955,0.000409,0.000409,0.000409,0.000409,0.000409
ACTCGTAACCCGTCCT-1,0.134818,0.004304,0.000083,0.005333,0.612538,0.242924
ACTCGTCAGTAATCCC-1,0.105536,0.434958,0.392978,0.060848,0.001484,0.004196
ACTCTAAACCTGGGAT-1,0.437097,0.233489,0.003036,0.004009,0.000941,0.321428
ACTCTCTGACTTAGGT-1,0.880953,0.00007,0.00007,0.00007,0.00007,0.118768
ACTCTCTTATACACGA-1,0.000086,0.018558,0.054206,0.143273,0.525398,0.258479
ACTCTGACCTAATAGA-1,0.035928,0.040144,0.480193,0.15319,0.284135,0.006409
ACTCTTCAGCTCCCGC-1,0.083708,0.13993,0.167417,0.163103,0.145705,0.300136
ACTCTTGTATAGTAAC-1,0.010378,0.078085,0.377958,0.283087,0.066291,0.184201
ACTGAAACGCCGTTAG-1,0.132733,0.043005,0.534361,0.208841,0.067971,0.013088
ACTGAATGGCGAAAGT-1,0.004225,0.023959,0.26563,0.478888,0.163796,0.063501
ACTGATTTAGTGATTC-1,0.000247,0.212924,0.057996,0.132363,0.334304,0.262167
ACTGCCCGCCATTCTC-1,0.000067,0.054401,0.311596,0.234376,0.339518,0.060041
ACTGCCGTCGTAACTC-1,0.035156,0.062764,0.179881,0.141699,0.456109,0.124391
ACTGCGGACACACCGT-1,0.053351,0.119576,0.426295,0.27341,0.016446,0.110922
ACTGCTCGGAAGGATG-1,0.014891,0.024141,0.132644,0.150792,0.499879,0.177652
ACTGGCGAACCTGCGT-1,0.164298,0.129599,0.497001,0.128334,0.009877,0.070892
ACTGTACGATACACAT-1,0.000074,0.066917,0.497414,0.17269,0.108596,0.154309
ACTGTAGCACTTTGGA-1,0.000096,0.019929,0.091729,0.127412,0.737224,0.02361
ACTGTATACGCGAGCA-1,0.000115,0.066614,0.08482,0.151454,0.469826,0.227171
ACTGTCCAGGATTATA-1,0.739117,0.012467,0.030039,0.043932,0.018495,0.15595
ACTGTCTTCTTTAGAA-1,0.132831,0.105331,0.388365,0.124335,0.222568,0.026569
ACTGTGCTAGTAGATC-1,0.000133,0.000133,0.000133,0.033413,0.68403,0.282157
ACTTACCGGGCGCGCA-1,0.56471,0.003762,0.000058,0.013353,0.242905,0.175212
ACTTACGCATCCACGC-1,0.101398,0.046323,0.629977,0.147404,0.062763,0.012135
ACTTAGTACGACAAGA-1,0.000082,0.073631,0.008232,0.026162,0.473785,0.418109
ACTTATACTTACCCGG-1,0.02911,0.094821,0.415913,0.382153,0.043633,0.03437
ACTTATTAGGATCGGT-1,0.024232,0.175853,0.295943,0.085741,0.31633,0.101901
ACTTATTTATGTGCCA-1,0.000067,0.061194,0.737205,0.196562,0.004906,0.000067
ACTTCAGGCTGATCCC-1,0.005962,0.090115,0.408503,0.161757,0.252983,0.080681
ACTTCCAGTGGAAGCT-1,0.015665,0.05989,0.07896,0.159201,0.58307,0.103215
ACTTCCATGCGGGACA-1,0.221528,0.012798,0.176194,0.093703,0.281451,0.214327
ACTTCGCCATACGCAC-1,0.000111,0.070282,0.271514,0.112907,0.151451,0.393735
ACTTCGCTAGCGAGTG-1,0.624956,0.014172,0.083267,0.082255,0.03068,0.164669
ACTTGACTCCCTCTTT-1,0.016517,0.052248,0.570646,0.237184,0.056217,0.067187
ACTTGCCATATTGTAC-1,0.102662,0.03558,0.034829,0.046194,0.747687,0.033048
ACTTGCTCTATCTACC-1,0.008056,0.011303,0.379561,0.136034,0.320035,0.14501
ACTTGGGACCCGGTGG-1,0.018084,0.071219,0.130342,0.069999,0.482702,0.227654
ACTTGTAGTCCCTTCA-1,0.12478,0.000093,0.000093,0.004819,0.684151,0.186063
ACTTGTGGATGGAACG-1,0.245774,0.095872,0.101884,0.042818,0.262034,0.251619
ACTTTACCCTCATGAA-1,0.00837,0.103574,0.662272,0.207738,0.012595,0.005451
ACTTTCCTATAGCTTC-1,0.000376,0.027673,0.85374,0.050861,0.062851,0.004499
ACTTTGACTGCATCCT-1,0.160621,0.000266,0.000266,0.000266,0.074267,0.764313
ACTTTGGTCGTGCTCC-1,0.000043,0.021566,0.661294,0.126066,0.145481,0.04555
ACTTTGTCGACGCACT-1,0.054193,0.145807,0.411048,0.140874,0.212684,0.035395
AGAAATTATGACTCGC-1,0.071061,0.144251,0.504632,0.194162,0.078249,0.007645
AGAACCCAGCGTGACA-1,0.272234,0.01584,0.000075,0.017851,0.141617,0.552384
AGAACCCTCAATTGGG-1,0.00913,0.064313,0.249942,0.067486,0.272163,0.336966
AGAACGTGGTACATTC-1,0.019754,0.038672,0.379518,0.280832,0.241073,0.040151
AGAAGAGCGCCGTTCC-1,0.001591,0.827268,0.001591,0.05747,0.110491,0.00159
AGAAGGTACACTTCAC-1,0.001573,0.405242,0.128656,0.102712,0.357064,0.004753
AGAAGGTTGCCGAATT-1,0.005589,0.04171,0.183422,0.296559,0.393003,0.079718
AGAAGGTTGTAGGTCG-1,0.107093,0.084614,0.137968,0.256905,0.273625,0.139795
AGAAGTGATTCGTGAT-1,0.000102,0.030119,0.049383,0.089167,0.809549,0.021679
AGAATAAATCTTCAGG-1,0.194771,0.029244,0.000178,0.000178,0.128612,0.647017
AGAATGCGGGTTCGGA-1,0.06935,0.038562,0.344624,0.318027,0.154429,0.075009
