Barcode,Topic 1,Topic 2,Topic 3,Topic 4,Topic 5,Topic 6,Topic 7,Topic 8,Topic 9,Topic 10
AAACAACGAATAGTTC-1,0.093958,0.017214,0.011935,0.127167,0.0852,0.299584,0.172791,0.031456,0.139048,0.021648
AAACAAGTATCTCCCA-1,0.421152,0.29473,0.044707,0.010854,0.026522,0.008177,0.018417,0.063994,0.072783,0.038665
AAACAATCTACTAGCA-1,0.195833,0.345963,0.013191,0.001686,0.000306,0.037199,0.377023,0.016945,0.010227,0.001627
AAACACCAATAACTGC-1,0.00867,0.044251,0.012553,0.172701,0.166919,0.182359,0.134539,0.08782,0.131987,0.0582
AAACAGAGCGACTCCT-1,0.021379,0.106994,0.072215,0.151615,0.14086,0.153427,0.179215,0.011866,0.154958,0.007471
AAACAGCTTTCAGAAG-1,0.159005,0.125314,0.074747,0.038247,0.076318,0.129573,0.146593,0.038593,0.153002,0.058608
AAACAGGGTCTATATT-1,0.083252,0.475024,0.001039,0.00106,0.000776,0.020117,0.184864,0.177486,0.005102,0.051281
AAACAGTGTTCCTGGG-1,0.16565,0.353653,0.017073,0.000488,0.000659,0.035512,0.117539,0.237511,0.02606,0.045854
AAACATGGTGAGAGGA-1,0.072523,0.132342,0.065102,0.046656,0.071911,0.107714,0.014861,0.133121,0.100586,0.255183
AAACATTTCCCGGATT-1,0.036699,0.367762,0.00147,0.01307,0.056964,0.013644,0.047122,0.272167,0.080719,0.110383
AAACCACTACACAGAT-1,0.169428,0.29334,0.104729,0.052513,0.046019,0.126557,0.205727,0.000493,0.001164,0.00003
AAACCCGAACGAAATC-1,0.022708,0.277801,0.01682,0.07601,0.074331,0.011691,0.007855,0.187142,0.193272,0.13237
AAACCGGAAATGTTAA-1,0.926854,0.008824,0.001092,0.000031,0.000031,0.000031,0.000899,0.016349,0.025721,0.020166
AAACCGGGTAGGTACC-1,0.184877,0.348651,0.000033,0.005004,0.021405,0.086623,0.3245,0.00741,0.009773,0.011725
AAACCGTTCGTCCAGG-1,0.000015,0.002237,0.007485,0.04927,0.05095,0.217103,0.043743,0.078106,0.015909,0.535183
AAACCTAAGCAGCCGG-1,0.171859,0.068016,0.002876,0.007669,0.010577,0.037084,0.171023,0.470937,0.020869,0.03909
AAACCTCATGAAGTTG-1,0.175465,0.364567,0.001347,0.007801,0.019117,0.065632,0.161779,0.164409,0.012647,0.027236
AAACGAAGAACATACC-1,0.10976,0.651202,0.001431,0.008729,0.005773,0.037437,0.148982,0.01354,0.017883,0.005264
AAACGAAGATGGAGTA-1,0.113272,0.172794,0.023487,0.025842,0.099352,0.097125,0.052074,0.227266,0.122382,0.066407
AAACGACAGTCTTGCC-1,0.065097,0.444403,0.14535,0.010622,0.027474,0.01877,0.28603,0.000037,0.002181,0.000037
AAACGAGACGGTTGAT-1,0.069134,0.238641,0.065131,0.119542,0.358244,0.016307,0.081165,0.018774,0.010487,0.022574
AAACGCCCGAGATCGG-1,0.083689,0.459011,0.070316,0.01807,0.018277,0.185647,0.149286,0.000041,0.015622,0.000041
AAACGCTGGGCACGAC-1,0.973397,0.011215,0.010657,0.000036,0.000036,0.000036,0.004515,0.000036,0.000036,0.000036
AAACGGGCGTACGGGT-1,0.076704,0.217781,0.025318,0.028072,0.028095,0.020012,0.090405,0.316428,0.077681,0.119505
AAACGGGTTGGTATCC-1,0.18872,0.000024,0.004089,0.718016,0.082586,0.000249,0.006245,0.000024,0.000024,0.000024
AAACGGTTGCGAACTG-1,0.003772,0.012023,0.051047,0.185255,0.091649,0.179319,0.04243,0.220577,0.089205,0.124722
AAACGTGTTCGCCCTA-1,0.0095,0.109543,0.027418,0.158536,0.158113,0.089509,0.400095,0.003589,0.042471,0.001225
AAACTAACGTGGCGAC-1,0.004387,0.071199,0.010167,0.118221,0.087372,0.246001,0.29649,0.00468,0.15349,0.007994
AAACTCGGTTCGCAAT-1,0.972188,0.000045,0.027451,0.000045,0.000045,0.000045,0.000045,0.000045,0.000045,0.000045
AAACTCGTGATATAAG-1,0.027796,0.147348,0.042124,0.08886,0.129901,0.189782,0.278354,0.029904,0.04591,0.02002
AAACTGCTGGCTCCAA-1,0.113826,0.28288,0.017639,0.059097,0.150319,0.045678,0.098035,0.084632,0.089797,0.058098
AAACTTAATTGCACGC-1,0.070512,0.157021,0.005433,0.030122,0.017366,0.142283,0.189995,0.290019,0.032842,0.064407
AAACTTGCAAACGTAT-1,0.079219,0.070229,0.002745,0.030808,0.041589,0.097162,0.102985,0.378115,0.031724,0.165424
AAAGAATGACCTTAGA-1,0.063875,0.261204,0.007382,0.049562,0.005205,0.114397,0.038542,0.305729,0.065356,0.088747
AAAGAATGTGGACTAA-1,0.131915,0.021689,0.000018,0.657443,0.080094,0.011284,0.071652,0.001761,0.004945,0.019198
AAAGACATGAAGTTTA-1,0.085759,0.202905,0.038772,0.022147,0.021559,0.162096,0.268142,0.052895,0.121515,0.024211
AAAGACCCAAGTCGCG-1,0.089687,0.37081,0.06255,0.056245,0.025851,0.169492,0.188124,0.017659,0.01054,0.009042
AAAGACTGGGCGCTTT-1,0.252205,0.263666,0.014812,0.017785,0.025457,0.072903,0.089483,0.122288,0.107212,0.03419
AAAGCTTGCCTACATA-1,0.04503,0.641087,0.003959,0.001944,0.062892,0.098624,0.114275,0.004164,0.010738,0.017287
AAAGGCCCTATAATAC-1,0.08172,0.159499,0.003355,0.000027,0.000026,0.05853,0.433351,0.241893,0.00473,0.01687
AAAGGCTACGGACCAT-1,0.016023,0.086545,0.001676,0.125661,0.082603,0.100913,0.056803,0.245454,0.083983,0.200339
AAAGGCTCTCGCGCCG-1,0.053396,0.223994,0.01331,0.139568,0.087354,0.009582,0.016109,0.079001,0.317763,0.059923
AAAGGGATGTAGCAAG-1,0.110907,0.267291,0.128501,0.098363,0.055867,0.207935,0.064365,0.023829,0.027872,0.01507
AAAGGGCAGCTTGAAT-1,0.119189,0.12627,0.055016,0.013838,0.065189,0.241037,0.190772,0.057207,0.074075,0.057406
AAAGGTAAGCTGTACC-1,0.168155,0.226474,0.065908,0.019788,0.025247,0.095128,0.392837,0.00637,0.000047,0.000047
AAAGGTCAACGACATG-1,0.099096,0.267029,0.009286,0.150696,0.023068,0.07676,0.348978,0.002327,0.019904,0.002856
AAAGTAGCATTGCTCA-1,0.069145,0.569222,0.059594,0.004264,0.06408,0.019413,0.036385,0.080887,0.048842,0.048168
AAAGTCACTGATGTAA-1,0.052577,0.410723,0.059689,0.006657,0.059017,0.261243,0.115492,0.019561,0.003312,0.01173
AAAGTCGACCCTCAGT-1,0.009142,0.203083,0.01359,0.038707,0.056237,0.10537,0.050504,0.236962,0.116382,0.170024
AAAGTGCCATCAATTA-1,0.643959,0.035829,0.001393,0.018618,0.00376,0.019886,0.187228,0.074426,0.007159,0.007744
AAAGTGTGATTTATCT-1,0.028689,0.184523,0.020295,0.064282,0.182198,0.028909,0.008367,0.063799,0.329088,0.089849
AAAGTTGACTCCCGTA-1,0.222951,0.263504,0.066519,0.020283,0.011578,0.200367,0.087675,0.040638,0.07686,0.009625
AAATAACCATACGGGA-1,0.006916,0.235853,0.028626,0.055997,0.129931,0.291895,0.117164,0.047047,0.029938,0.056631
AAATAAGGTAGTGCCC-1,0.062382,0.171424,0.014399,0.068097,0.058389,0.097089,0.198485,0.198545,0.03376,0.09743
AAATACCTATAAGCAT-1,0.086391,0.230666,0.03536,0.04935,0.337348,0.047566,0.024353,0.025246,0.090178,0.073542
AAATAGCTTAGACTTT-1,0.061473,0.046316,0.013907,0.04416,0.075717,0.285112,0.115636,0.180924,0.096674,0.08008
AAATAGGGTGCTATTG-1,0.296848,0.354937,0.038291,0.021985,0.029054,0.004759,0.166422,0.042647,0.027251,0.017807
AAATCACTCCTAAACG-1,0.126861,0.304444,0.170538,0.040879,0.07534,0.088103,0.193639,0.000066,0.000066,0.000066
AAATCCGATACACGCC-1,0.230412,0.333793,0.000026,0.026432,0.001565,0.012535,0.206465,0.159834,0.008205,0.020732
AAATCGCGGAAGGAGT-1,0.066284,0.536057,0.069757,0.000454,0.044992,0.014005,0.021493,0.115242,0.110558,0.021158
AAATCGTGTACCACAA-1,0.236189,0.228629,0.010895,0.012614,0.185441,0.024684,0.142527,0.063115,0.061247,0.034657
AAATCTAGCCCTGCTA-1,0.142943,0.179027,0.005609,0.029271,0.012954,0.031191,0.195447,0.27966,0.09282,0.031077
AAATCTGCCCGCGTCC-1,0.319364,0.414051,0.089163,0.023057,0.019091,0.028354,0.054976,0.003047,0.007014,0.041883
AAATGACTGATCAAAC-1,0.75377,0.004019,0.112271,0.013401,0.019789,0.000024,0.000024,0.003687,0.069238,0.023777
AAATGATTCGATCAGC-1,0.127703,0.220889,0.055133,0.05448,0.010244,0.050884,0.463413,0.005757,0.011461,0.000037
AAATGCTCGTTACGTT-1,0.024589,0.061314,0.219266,0.087002,0.162711,0.163319,0.158636,0.010391,0.059337,0.053434
AAATGGCATGTCTTGT-1,0.193789,0.178446,0.061561,0.093771,0.159413,0.050793,0.224145,0.025294,0.006345,0.006443
AAATGGCCCGTGCCCT-1,0.113309,0.172154,0.078103,0.172404,0.060229,0.034952,0.149397,0.125435,0.015818,0.078199
AAATGGTCAATGTGCC-1,0.026712,0.033474,0.054373,0.079991,0.231195,0.125972,0.148579,0.05063,0.095004,0.15407
AAATGTATCTTATCCC-1,0.096267,0.086674,0.077247,0.058557,0.086947,0.148692,0.139634,0.088844,0.198301,0.018838
AAATGTGGGTGCTCCT-1,0.08487,0.129871,0.003335,0.058158,0.026355,0.103033,0.451644,0.101813,0.028904,0.012019
AAATTAACGGGTAGCT-1,0.013577,0.079568,0.003736,0.069838,0.13495,0.24227,0.070556,0.108729,0.043931,0.232845
AAATTAATAAGCGCGA-1,0.124559,0.189717,0.338948,0.02114,0.004838,0.037253,0.233827,0.038051,0.010777,0.000888
AAATTACACGACTCTG-1,0.057916,0.216776,0.031266,0.198274,0.215979,0.123326,0.118312,0.00127,0.008528,0.028353
AAATTACCTATCGATG-1,0.003787,0.013119,0.013905,0.113317,0.11554,0.377761,0.084275,0.091591,0.059413,0.127292
AAATTCCAGGTCCAAA-1,0.097108,0.501173,0.015017,0.00127,0.021063,0.057583,0.18797,0.068624,0.035084,0.015109
AAATTGATAGTCCTTT-1,0.085799,0.561829,0.068468,0.005028,0.02153,0.045605,0.049682,0.115032,0.025202,0.021826
AAATTGCGGCGGTTCT-1,0.326251,0.080405,0.020301,0.039806,0.043118,0.077126,0.407045,0.000029,0.005891,0.000029
AAATTGGTGAGAAGCA-1,0.019132,0.081131,0.094155,0.109296,0.185588,0.188768,0.269424,0.013021,0.004258,0.035227
AAATTTACCGAAATCC-1,0.072739,0.228196,0.02967,0.036142,0.037663,0.160043,0.3421,0.034174,0.049672,0.009601
AAATTTGCGGGTGTGG-1,0.045836,0.049817,0.012122,0.039906,0.030578,0.137157,0.165642,0.254479,0.201473,0.06299
AACAACTGGTAGTTGC-1,0.178596,0.032363,0.055949,0.144353,0.216573,0.118521,0.043281,0.015111,0.122116,0.073137
AACAATACATTGTCGA-1,0.17687,0.488088,0.007148,0.01346,0.008351,0.00699,0.246252,0.029882,0.005047,0.017913
AACAATTACTCTACGC-1,0.076299,0.126231,0.281807,0.009776,0.010906,0.178716,0.131469,0.096799,0.034353,0.053645
AACACACGCTCGCCGC-1,0.236968,0.268997,0.013541,0.024918,0.01434,0.018944,0.189496,0.164265,0.060051,0.008479
AACACGACTGTACTGA-1,0.077693,0.531343,0.094574,0.025977,0.107994,0.040042,0.061669,0.014633,0.042513,0.003562
AACACGAGACGCGGCC-1,0.090067,0.193413,0.01453,0.024186,0.092298,0.02984,0.045245,0.288847,0.106652,0.114922
AACACGCGGCCGCGAA-1,0.062745,0.189584,0.015949,0.069647,0.043867,0.124858,0.464764,0.005381,0.01965,0.003556
AACAGCTGTGTGGCAA-1,0.027936,0.307066,0.009169,0.025684,0.102638,0.089997,0.06989,0.249013,0.028337,0.09027
AACAGGAAATCGAATA-1,0.137526,0.41493,0.025299,0.041073,0.07766,0.047772,0.217283,0.010212,0.021655,0.006589
AACAGGATGGGCCGCG-1,0.117804,0.150079,0.00958,0.016025,0.168922,0.063381,0.247561,0.051527,0.052415,0.122707
AACAGGTAGTATGGAT-1,0.211356,0.184947,0.071054,0.013234,0.0127,0.010266,0.065873,0.351823,0.03445,0.044299
AACATAGCGTGTATCG-1,0.249497,0.020335,0.014713,0.005131,0.025044,0.007706,0.005152,0.072758,0.515654,0.084011
AACATATCAACTGGTG-1,0.005566,0.026001,0.155017,0.026013,0.188734,0.187243,0.261387,0.039202,0.075758,0.035078
AACATCGATACGTCTA-1,0.022146,0.100781,0.029582,0.084539,0.034531,0.254243,0.407477,0.02597,0.032798,0.007933
AACATTGAAGTTGATC-1,0.218021,0.302564,0.047128,0.000398,0.001296,0.024868,0.209327,0.12252,0.013137,0.060741
AACATTGGTCAGCCGT-1,0.989512,0.000855,0.000082,0.000082,0.000082,0.000082,0.009057,0.000082,0.000082,0.000082
AACATTGTGACTCGAG-1,0.030762,0.109786,0.006765,0.096686,0.009932,0.14327,0.183293,0.180519,0.013133,0.225854
AACCAAGACTTCTCTG-1,0.011957,0.140614,0.004004,0.051547,0.032744,0.240733,0.17503,0.183706,0.036904,0.122761
AACCAGTATCACTCTT-1,0.00893,0.069413,0.013817,0.147959,0.082483,0.250031,0.191807,0.061982,0.080648,0.092931
AACCATAGGGTTGAAC-1,0.022418,0.070553,0.001752,0.080607,0.052698,0.175766,0.099235,0.321172,0.048274,0.127524
AACCATGGGATCGCTA-1,0.627415,0.027577,0.08947,0.007894,0.054685,0.011819,0.008139,0.020831,0.004698,0.147472
AACCCAGAGACGGAGA-1,0.13996,0.252496,0.144545,0.037067,0.021279,0.232749,0.076963,0.052586,0.020797,0.021559
AACCCATCCCATGATC-1,0.125399,0.681411,0.015274,0.001872,0.022352,0.019564,0.079598,0.028324,0.017312,0.008894
AACCCGACAACCCGTG-1,0.093799,0.34186,0.002827,0.005925,0.002306,0.061688,0.251519,0.166286,0.002293,0.071496
AACCCGAGCAGAATCG-1,0.001364,0.000008,0.000008,0.993279,0.004199,0.000008,0.000008,0.000008,0.000008,0.001107
AACCCGATAGGGCTTC-1,0.117267,0.25762,0.028226,0.076463,0.045147,0.275242,0.187921,0.00004,0.005006,0.007067
AACCCGCTGTATTCCA-1,0.444451,0.163669,0.116115,0.01196,0.0325,0.01941,0.033842,0.046986,0.039005,0.092063
AACCCTACTGTCAATA-1,0.098513,0.234291,0.074938,0.057646,0.100931,0.077612,0.102874,0.15355,0.025762,0.073884
AACCCTGGTGGAACCA-1,0.122285,0.296566,0.010616,0.041117,0.043264,0.058458,0.354772,0.027535,0.041371,0.004015
AACCGAGCTTGGTCAT-1,0.145473,0.328783,0.025469,0.043531,0.134372,0.052471,0.192833,0.008075,0.033044,0.035949
AACCGCTAAGGGATGC-1,0.129828,0.604002,0.062787,0.005449,0.077057,0.0009,0.008318,0.030856,0.046107,0.034696
AACCGTTGTGTTTGCT-1,0.219079,0.083961,0.287115,0.008626,0.007503,0.126164,0.179768,0.032706,0.018074,0.037004
AACCTAAAGCCGTCCG-1,0.033666,0.191139,0.006061,0.015454,0.019356,0.117011,0.469995,0.102778,0.025534,0.019005
AACCTCGCTTTAGCCC-1,0.035754,0.089295,0.014076,0.013368,0.013808,0.114328,0.127015,0.374459,0.056825,0.161072
AACCTGTCACGGAATT-1,0.140073,0.612061,0.001686,0.008412,0.020427,0.012131,0.137822,0.046115,0.01191,0.009364
AACCTTTAAATACGGT-1,0.000014,0.0035,0.004791,0.038944,0.059412,0.140006,0.010625,0.146195,0.119408,0.477104
AACCTTTACGACGTCT-1,0.103767,0.081809,0.422795,0.038335,0.074261,0.079589,0.06308,0.021715,0.092093,0.022556
AACGAAAGTCGTCCCA-1,0.529718,0.20833,0.036882,0.000046,0.007713,0.016135,0.149514,0.006035,0.000046,0.045582
AACGACCTCCTAGCCG-1,0.417042,0.014196,0.021819,0.099995,0.054832,0.001722,0.002916,0.045996,0.259162,0.082319
AACGATAATGCCGTAG-1,0.25616,0.196658,0.060405,0.004561,0.03623,0.026585,0.078104,0.147972,0.122113,0.071214
AACGATAGAAGGGCCG-1,0.100512,0.302677,0.008052,0.030414,0.041468,0.10175,0.35309,0.019382,0.02685,0.015805
AACGATATGTCAACTG-1,0.012103,0.193404,0.009541,0.314653,0.302854,0.060997,0.019065,0.014364,0.036862,0.036156
AACGCATGATCTGGGT-1,0.042583,0.203794,0.028048,0.057884,0.045568,0.155569,0.295256,0.052783,0.059165,0.05935
AACGCGAACGGCAACA-1,0.526674,0.40896,0.03811,0.000036,0.000036,0.000036,0.026041,0.000036,0.000036,0.000036
AACGCGACCTTGGGCG-1,0.112901,0.061776,0.01445,0.073547,0.044619,0.246573,0.079653,0.156511,0.056704,0.153265
AACGCGGTCTCCAGCC-1,0.069445,0.087656,0.043278,0.120063,0.071713,0.235543,0.127305,0.038612,0.13586,0.070524
AACGCTGTTGCTGAAA-1,0.108383,0.276925,0.00736,0.037053,0.011423,0.077027,0.057874,0.268198,0.103426,0.052331
AACGGACGTACGTATA-1,0.44049,0.078522,0.015816,0.02749,0.095356,0.031267,0.041029,0.125026,0.100125,0.044878
AACGGCCATCTCCGGT-1,0.072968,0.124394,0.019458,0.107397,0.018891,0.121919,0.326809,0.174964,0.003643,0.029556
AACGTACTGTGGGTAC-1,0.094897,0.577464,0.012665,0.000048,0.000048,0.034664,0.219784,0.046793,0.009448,0.004189
AACGTAGTCTACCCAT-1,0.31805,0.059418,0.001451,0.000052,0.000052,0.008059,0.612763,0.000052,0.000052,0.000052
AACGTCAGACTAGTGG-1,0.018304,0.068334,0.159561,0.073563,0.064021,0.138611,0.169199,0.127604,0.13492,0.045883
AACGTCATCCGGCTTG-1,0.701759,0.000033,0.121081,0.025334,0.022824,0.000483,0.000033,0.001511,0.1033,0.023642
AACGTCGCTGCACTTC-1,0.44313,0.169558,0.000062,0.000062,0.000062,0.000062,0.248919,0.138022,0.000062,0.000062
AACGTGATGAAGGACA-1,0.014448,0.007285,0.044318,0.91871,0.00541,0.000011,0.009785,0.000011,0.000011,0.000011
AACGTGCGAAAGTCTC-1,0.043706,0.27399,0.01187,0.064736,0.292618,0.058999,0.03597,0.081717,0.05105,0.085343
AACGTTATCAGCACCT-1,0.10183,0.428247,0.056153,0.03508,0.013116,0.072172,0.249818,0.026741,0.015782,0.001061
AACGTTCTACCATTGT-1,0.42399,0.056181,0.009128,0.023019,0.01114,0.017686,0.075375,0.29769,0.077668,0.008123
AACTACCCGTTTGTCA-1,0.069824,0.057544,0.000023,0.579435,0.007419,0.019659,0.230641,0.024088,0.002485,0.008882
AACTAGCGTATCGCAC-1,0.02623,0.148526,0.004867,0.050279,0.016264,0.107445,0.550071,0.046546,0.028091,0.02168
AACTAGGCTTGGGTGT-1,0.138659,0.024476,0.040083,0.103388,0.03136,0.075723,0.083673,0.083407,0.227907,0.191324
AACTCAAGTTAATTGC-1,0.10451,0.665534,0.022871,0.014798,0.066306,0.018951,0.060045,0.024378,0.013645,0.008961
AACTCCAGAGCGTGTT-1,0.175525,0.37619,0.000032,0.003064,0.003231,0.045644,0.133761,0.19861,0.03798,0.025962
AACTCCTAATCCCATG-1,0.016081,0.138356,0.003252,0.074491,0.103139,0.23668,0.298878,0.045108,0.018537,0.065477
AACTCGATAAACACGT-1,0.870587,0.00005,0.129013,0.00005,0.00005,0.00005,0.00005,0.00005,0.00005,0.00005
AACTCGATGGCGCAGT-1,0.343995,0.002237,0.632524,0.002148,0.000051,0.000051,0.018841,0.000051,0.000051,0.000051
AACTCTCAATAGAGCG-1,0.177793,0.26816,0.062423,0.040305,0.186697,0.056696,0.132303,0.026519,0.026021,0.023083
AACTCTCAGTGTGCTC-1,0.048357,0.261143,0.014319,0.06754,0.111306,0.098709,0.102989,0.087835,0.078525,0.129277
AACTGAGGTCAGCGTC-1,0.105996,0.503792,0.067461,0.013271,0.184942,0.032256,0.07952,0.000052,0.012658,0.000052
AACTGAGTTATACTGA-1,0.242095,0.189318,0.006709,0.018357,0.004071,0.014634,0.135644,0.301675,0.067809,0.019688
AACTGATATTAGGCCT-1,0.109963,0.175039,0.023372,0.098482,0.132369,0.169852,0.198465,0.02471,0.030833,0.036914
AACTGGGTCCCGACGT-1,0.053603,0.209803,0.027814,0.072701,0.088814,0.127532,0.372747,0.017551,0.012721,0.016714
AACTGGGTTCGAGCCG-1,0.045547,0.257386,0.041643,0.102035,0.077681,0.114766,0.353232,0.001539,0.002732,0.00344
AACTGGTGTGGGCCTT-1,0.079971,0.487238,0.000091,0.03495,0.017177,0.10321,0.231968,0.031278,0.012434,0.001682
AACTTCTGCGTCTATC-1,0.099416,0.160958,0.009975,0.032053,0.065021,0.127386,0.351072,0.069282,0.010784,0.074051
AACTTGCCCGTATGCA-1,0.102358,0.005037,0.892261,0.000049,0.000049,0.000049,0.000049,0.000049,0.000049,0.000049
AACTTGCGTTCTCGCG-1,0.245216,0.156905,0.010424,0.284367,0.142564,0.079263,0.07853,0.000111,0.002572,0.000047
AACTTTACGGGAGCTT-1,0.215375,0.347608,0.008786,0.190876,0.00006,0.025744,0.148292,0.038125,0.004942,0.020191
AACTTTAGCTGCTGAG-1,0.007831,0.100929,0.003649,0.038796,0.029537,0.336986,0.291673,0.084926,0.062746,0.042927
AACTTTCTCGATCATG-1,0.113598,0.283546,0.138291,0.062779,0.048882,0.056593,0.296211,0.000034,0.000034,0.000034
AAGAAAGTTTGATGGG-1,0.273594,0.266325,0.14585,0.047757,0.067925,0.025133,0.025546,0.101243,0.021897,0.02473
AAGAAATCACCAGATT-1,0.034671,0.244604,0.467451,0.081939,0.007967,0.013411,0.149867,0.00003,0.00003,0.00003
AAGAAGGATCAGTTAG-1,0.25059,0.175192,0.132156,0.027668,0.036501,0.210859,0.134985,0.007707,0.009316,0.015028
AAGACATACGTGGTTT-1,0.209525,0.155978,0.00003,0.054687,0.000239,0.025012,0.199067,0.287873,0.027151,0.040437
AAGACCAAATAACTCA-1,0.006518,0.064791,0.004396,0.015995,0.030056,0.22046,0.047922,0.275282,0.078798,0.255782
AAGACCCAACTGAACA-1,0.170694,0.184232,0.017224,0.035932,0.021566,0.065544,0.264423,0.125188,0.033079,0.082118
AAGACTAACCCGTTGT-1,0.375866,0.513287,0.024367,0.002148,0.020779,0.00023,0.063219,0.000035,0.000035,0.000035
AAGACTCACGCCCACT-1,0.243878,0.188779,0.041315,0.00005,0.00005,0.093619,0.432159,0.00005,0.00005,0.00005
AAGACTGCAAGCTACT-1,0.008299,0.032023,0.036142,0.074439,0.131752,0.34288,0.06515,0.178791,0.035086,0.095438
AAGAGATGAATCGGTA-1,0.129345,0.377461,0.232151,0.002662,0.052602,0.032769,0.038011,0.067245,0.044793,0.02296
AAGAGCTCTTTATCGG-1,0.382475,0.287279,0.192599,0.001168,0.064338,0.00279,0.017071,0.019344,0.01073,0.022206
AAGAGGATGTACGCGA-1,0.297559,0.281245,0.187773,0.000045,0.04649,0.00131,0.071318,0.044511,0.015204,0.054545
AAGAGGCATGGATCGC-1,0.008037,0.016119,0.078655,0.065979,0.042377,0.235409,0.152388,0.152539,0.087569,0.160929
AAGAGGCCCTTTGGAA-1,0.064082,0.297939,0.102287,0.017984,0.009401,0.007752,0.03197,0.406281,0.02175,0.040552
AAGATGGCACCGGACC-1,0.094653,0.202932,0.023113,0.057987,0.030696,0.047745,0.107618,0.313,0.061424,0.060833
AAGATTGGCGGAACGT-1,0.068626,0.511435,0.03296,0.076027,0.099405,0.055161,0.144915,0.001736,0.009656,0.000081
AAGCACCCTGCGTATC-1,0.270793,0.242412,0.14971,0.037304,0.107219,0.033019,0.008622,0.036153,0.087003,0.027766
AAGCATACTCTCCTGA-1,0.233284,0.391947,0.068439,0.005839,0.13581,0.005262,0.014681,0.022316,0.095497,0.026925
AAGCCACTTGCAGGTA-1,0.094982,0.134221,0.025296,0.021861,0.040523,0.034613,0.044539,0.131425,0.211191,0.261352
AAGCCGAAGCGGTTTA-1,0.053409,0.044717,0.05584,0.035336,0.026746,0.022565,0.041997,0.390801,0.231475,0.097115
AAGCCGCCGTGAAATC-1,0.062297,0.108636,0.037354,0.019268,0.01637,0.086428,0.164074,0.338266,0.023012,0.144296
AAGCCGCTTTACCTTG-1,0.015953,0.204604,0.016891,0.087942,0.276575,0.188054,0.142435,0.004284,0.033405,0.029857
AAGCCGGAGAGCAGGA-1,0.723275,0.172977,0.000034,0.000034,0.000034,0.000034,0.054981,0.048563,0.000034,0.000034
AAGCGCAGGGCTTTGA-1,0.422049,0.213717,0.023266,0.000043,0.059407,0.002356,0.004287,0.032245,0.223098,0.019532
AAGCGGAGTGCGCGCA-1,0.017324,0.024143,0.009179,0.186388,0.297708,0.221543,0.1188,0.032996,0.039394,0.052524
AAGCGGCGTCATGGGT-1,0.064172,0.054622,0.046204,0.147065,0.179607,0.259691,0.192641,0.009357,0.036796,0.009845
AAGCGTCCCTCATCGA-1,0.099597,0.008386,0.889083,0.001723,0.000029,0.000029,0.000029,0.001065,0.000029,0.000029
AAGCTAGATCGAGTAA-1,0.071587,0.089306,0.026601,0.072219,0.24421,0.061694,0.021659,0.075174,0.177967,0.159584
AAGCTATGGATTGACC-1,0.0166,0.026171,0.089616,0.014254,0.054071,0.013235,0.004943,0.188441,0.304485,0.288185
AAGCTCGTGCCAAGTC-1,0.016605,0.152856,0.040456,0.020118,0.027904,0.097311,0.06702,0.195967,0.027069,0.354694
AAGCTCTTTCATGGTG-1,0.268113,0.262462,0.008289,0.034869,0.027152,0.052075,0.088964,0.138423,0.063344,0.056309
AAGGAGAACTTATAAG-1,0.179094,0.252162,0.004315,0.005489,0.001474,0.038879,0.474852,0.019493,0.018323,0.00592
AAGGAGCGGTTGGTGC-1,0.083226,0.334581,0.022365,0.044776,0.093688,0.065934,0.134353,0.012954,0.162568,0.045554
AAGGATCGATCGCTTG-1,0.029069,0.084024,0.007107,0.046483,0.162296,0.147942,0.164599,0.246422,0.077881,0.034176
AAGGATGAGGGACCTC-1,0.000031,0.034961,0.230782,0.070482,0.058456,0.137511,0.088384,0.089228,0.040149,0.250017
AAGGCAGGCTGTCTCC-1,0.099742,0.512927,0.128963,0.000041,0.075465,0.000482,0.050798,0.067033,0.058676,0.005872
AAGGCGCGTAAAGCTT-1,0.148115,0.185009,0.327482,0.198159,0.025332,0.011578,0.103289,0.00003,0.000976,0.00003
AAGGCTGTGCTCATCG-1,0.070407,0.126694,0.157505,0.080515,0.254353,0.120148,0.107086,0.028972,0.021534,0.032785
AAGGGAACGACTGGCT-1,0.125132,0.203656,0.024529,0.056879,0.015119,0.115454,0.23717,0.151789,0.0128,0.057471
AAGGGACAGATTCTGT-1,0.000013,0.000013,0.01594,0.972607,0.007378,0.000014,0.000024,0.000013,0.000013,0.003984
AAGGGACTATGCATTC-1,0.000017,0.002117,0.003584,0.045166,0.014532,0.267333,0.050771,0.31436,0.036551,0.265569
AAGGGTTAGCCATGCG-1,0.751808,0.03271,0.016208,0.000244,0.000039,0.00005,0.072294,0.11419,0.007825,0.004631
AAGGGTTTGATTTCAG-1,0.39896,0.084548,0.263871,0.007972,0.150109,0.000034,0.000156,0.017225,0.053991,0.023134
AAGGTATCCTAATATA-1,0.003112,0.019181,0.669066,0.129799,0.094527,0.029342,0.023904,0.001006,0.007154,0.022908
AAGGTGATAAACCAGC-1,0.123788,0.248125,0.144847,0.146877,0.199173,0.014063,0.035605,0.0163,0.015444,0.055778
AAGTAAGCTTCCAAAC-1,0.162592,0.150341,0.035685,0.071915,0.017263,0.145164,0.338516,0.031871,0.028751,0.017902
AAGTAGAAGACCGGGT-1,0.15552,0.23292,0.018066,0.113224,0.075276,0.081042,0.190381,0.012923,0.016446,0.104202
AAGTAGTGACGCGAGG-1,0.157138,0.020015,0.049686,0.135093,0.459421,0.018788,0.023194,0.000524,0.068047,0.068093
AAGTCAATTGTCGTCA-1,0.350201,0.390367,0.000047,0.000047,0.002769,0.004205,0.192573,0.059694,0.000049,0.000047
AAGTCTAGTAGCTGCC-1,0.018811,0.1446,0.043865,0.06287,0.366169,0.191153,0.09634,0.017484,0.023956,0.034751
AAGTCTTCTGTGGCCT-1,0.128616,0.212028,0.047788,0.029398,0.045392,0.236214,0.058847,0.045373,0.119742,0.076601
AAGTGACGACCGAATT-1,0.129807,0.365196,0.042213,0.017039,0.08762,0.076622,0.127396,0.017258,0.056433,0.080417
AAGTGAGTCGGGTTTA-1,0.076094,0.022629,0.014092,0.04634,0.029689,0.085562,0.070144,0.290601,0.033714,0.331135
AAGTGCAAAGGTAGAC-1,0.401902,0.495256,0.050263,0.000039,0.0376,0.000039,0.014784,0.000039,0.00004,0.000039
AAGTGCCTTGACTGTA-1,0.128284,0.680608,0.046766,0.005694,0.04442,0.000033,0.012995,0.031254,0.039621,0.010326
AAGTGCGTTAGAATCT-1,0.047317,0.509391,0.005149,0.009324,0.028047,0.016525,0.047986,0.134368,0.152115,0.049777
AAGTGCTTCTCTATTG-1,0.083352,0.29452,0.044694,0.005695,0.002482,0.07943,0.305598,0.167252,0.00332,0.013658
AAGTGTTTGGAGACGG-1,0.030526,0.222148,0.03053,0.050512,0.291112,0.002404,0.000699,0.016275,0.184554,0.17124
AAGTTCACTCCAAGCT-1,0.088222,0.03415,0.00916,0.049536,0.007329,0.116215,0.149191,0.279207,0.137679,0.129312
AAGTTCAGTCTGCGTA-1,0.164561,0.266853,0.018784,0.039964,0.05609,0.140507,0.222287,0.011152,0.06885,0.010951
AAGTTCGGCCAACAGG-1,0.165689,0.359117,0.04835,0.002516,0.000045,0.0613,0.328887,0.031445,0.000045,0.002607
AAGTTGTGATGTTATA-1,0.367309,0.017919,0.002696,0.050274,0.008195,0.011258,0.02348,0.264188,0.207314,0.047368
AAGTTTACTAATGGCA-1,0.080678,0.242716,0.105844,0.034958,0.003207,0.061268,0.358329,0.091317,0.005416,0.016267
AAGTTTATGGGCCCAA-1,0.664217,0.011658,0.128308,0.003806,0.020325,0.002183,0.00199,0.029018,0.100638,0.037857
AATAACAACGCTCGGC-1,0.090491,0.65277,0.009016,0.006358,0.132855,0.039295,0.024934,0.01015,0.010067,0.024065
AATAACACTAGAACAA-1,0.02113,0.237927,0.299168,0.090712,0.173818,0.044677,0.087897,0.015814,0.004457,0.024399
AATAACGTCGCGCCCA-1,0.837284,0.001487,0.059559,0.000076,0.000076,0.000076,0.000076,0.060572,0.040718,0.000076
AATAAGTCCTCGAGAC-1,0.252451,0.167187,0.1213,0.156583,0.03536,0.084712,0.153541,0.016856,0.007573,0.004438
AATAATCTTCGTATCG-1,0.463481,0.219917,0.006815,0.016856,0.013334,0.00748,0.113322,0.132018,0.010441,0.016337
AATACAATGTTTCAGG-1,0.214411,0.255901,0.00761,0.00177,0.000191,0.019983,0.491256,0.004054,0.004782,0.000042
AATACCGGAGGGCTGT-1,0.268791,0.189722,0.00839,0.040827,0.057214,0.030846,0.029722,0.213781,0.030618,0.130089
AATACCTGATGTGAAC-1,0.565483,0.001015,0.006263,0.018788,0.000029,0.00431,0.006321,0.253473,0.091046,0.053273
AATAGAACAGAGTGGC-1,0.051138,0.431613,0.038745,0.012491,0.077994,0.037453,0.038806,0.088416,0.042544,0.180801
AATAGAATCTGTTTCA-1,0.112091,0.052416,0.000748,0.068192,0.300863,0.121501,0.096645,0.159963,0.042261,0.04532
AATAGCAAGCCTCCTG-1,0.038122,0.057878,0.000044,0.091759,0.043162,0.064232,0.672119,0.020855,0.006768,0.005062
AATAGCTACCGCGTGC-1,0.050823,0.236487,0.031261,0.041778,0.00508,0.095646,0.531239,0.007605,0.000041,0.000041
AATAGGCACGACCCTT-1,0.158064,0.025744,0.168331,0.322553,0.07578,0.005678,0.009653,0.063226,0.106783,0.064188
AATAGTCCGTCCCGAC-1,0.039482,0.083201,0.027226,0.017566,0.06094,0.172643,0.067433,0.184368,0.040283,0.306858
AATAGTCGCGAGTCGG-1,0.092241,0.271594,0.015969,0.026501,0.011738,0.077372,0.422118,0.01535,0.067068,0.000048
AATATCAAGGTCGGAT-1,0.030166,0.032892,0.041863,0.16051,0.08683,0.240704,0.33868,0.018052,0.02627,0.024032
AATATCCTAGCAAACT-1,0.100167,0.258558,0.070649,0.058119,0.092249,0.06542,0.048124,0.13651,0.084824,0.08538
AATATCGAATCAATGC-1,0.112629,0.285565,0.002936,0.005556,0.025762,0.021506,0.18762,0.276968,0.019962,0.061497
AATATCGAGGGTTCTC-1,0.03368,0.295819,0.054163,0.04044,0.233625,0.144139,0.11516,0.026327,0.008679,0.047968
AATATTGGAGTATTGA-1,0.329846,0.030542,0.014675,0.047857,0.042324,0.074122,0.018017,0.128251,0.120576,0.19379
AATCAGACTGCAGGAC-1,0.129938,0.224358,0.040383,0.034988,0.228466,0.050351,0.178641,0.000671,0.109937,0.002267
AATCAGGTTTCATTTA-1,0.105413,0.121574,0.061131,0.002089,0.023825,0.045993,0.06807,0.416739,0.054738,0.100429
AATCATGTAAAGACTC-1,0.016414,0.122231,0.021995,0.20766,0.143327,0.042128,0.068683,0.153974,0.153064,0.070525
AATCCAAGGGCCTGAG-1,0.200138,0.368334,0.082154,0.032843,0.020861,0.061844,0.175075,0.002651,0.041435,0.014666
AATCCATGCAAGGGTG-1,0.253314,0.254552,0.001954,0.009176,0.000037,0.061104,0.419754,0.000036,0.000036,0.000036
AATCCCGCTCAGAGCC-1,0.529787,0.062181,0.176992,0.058395,0.03781,0.00382,0.000641,0.019129,0.10126,0.009985
AATCGAGGTCTCAAGG-1,0.479109,0.000034,0.086921,0.013919,0.014242,0.000034,0.000034,0.009508,0.347264,0.048936
AATCGCCTCAGCGCCA-1,0.16408,0.152778,0.194637,0.065119,0.046707,0.03932,0.121966,0.118921,0.03619,0.060283
AATCGCGCAGAGGACT-1,0.284164,0.188803,0.016159,0.042696,0.004721,0.04336,0.188628,0.145901,0.000657,0.084911
AATCGGGACACTACGA-1,0.097903,0.349352,0.020925,0.040891,0.044072,0.081592,0.286615,0.010835,0.043389,0.024423
AATCGGTATAGCCCTC-1,0.092644,0.004003,0.015538,0.180155,0.074229,0.014075,0.125396,0.075359,0.359212,0.059388
AATCGTGAGCCGAGCA-1,0.083938,0.07818,0.008277,0.109398,0.261772,0.004985,0.00956,0.166812,0.165043,0.112035
AATCTAGGTTTACTTG-1,0.341694,0.656854,0.001149,0.000043,0.000043,0.000043,0.000043,0.000043,0.000043,0.000043
AATCTATGCCGGAGCC-1,0.01189,0.01476,0.016811,0.063241,0.585088,0.169844,0.016129,0.022537,0.040062,0.059637
AATCTCTACTGTGGTT-1,0.056065,0.245483,0.013678,0.044223,0.038246,0.118419,0.090577,0.15652,0.16896,0.067829
AATCTGCGTTGGGACG-1,0.032815,0.052771,0.020749,0.204589,0.068399,0.145612,0.161371,0.138129,0.032877,0.142687
AATCTGGCTTTCTAGT-1,0.001033,0.001648,0.005012,0.088583,0.094789,0.159313,0.045211,0.325302,0.035309,0.2438
AATCTGGGTAGACCCT-1,0.01351,0.115982,0.265598,0.119283,0.080919,0.088682,0.253151,0.013407,0.024218,0.025251
AATGACAGCAATGTCT-1,0.08768,0.259814,0.02193,0.004662,0.004548,0.056723,0.472145,0.064697,0.000225,0.027577
AATGACGTAGGATGTC-1,0.099031,0.389109,0.031384,0.009996,0.085968,0.028868,0.025803,0.093961,0.143119,0.092762
AATGACTGTCAGCCGG-1,0.122362,0.369373,0.018614,0.022247,0.028889,0.088468,0.267112,0.035638,0.025289,0.02201
AATGAGTTCGCATATG-1,0.41018,0.336439,0.042623,0.001361,0.020985,0.052022,0.049433,0.033724,0.05307,0.000164
AATGATGATACGCTAT-1,0.079712,0.528775,0.060803,0.02325,0.057203,0.042345,0.200472,0.005068,0.002333,0.000038
AATGATGCGACTCCTG-1,0.010416,0.102744,0.343174,0.014276,0.188739,0.078431,0.078652,0.070533,0.072258,0.040777
AATGCAACCGGGTACC-1,0.04537,0.006702,0.017099,0.214894,0.272542,0.125721,0.06197,0.031424,0.079711,0.144567
AATGCACCAAGCAATG-1,0.070794,0.143189,0.020373,0.016667,0.050622,0.177552,0.190762,0.116229,0.03082,0.182993
AATGGCCGCCAATGCG-1,0.273261,0.312316,0.000046,0.001801,0.00953,0.041853,0.361057,0.000046,0.000046,0.000046
AATGGTCCACCGTTCA-1,0.002644,0.025828,0.045273,0.088983,0.03473,0.298468,0.091721,0.248703,0.007148,0.156503
AATGGTTCTCACAAGC-1,0.024301,0.050554,0.022785,0.054173,0.021948,0.501138,0.187947,0.089292,0.016958,0.030903
AATGTATGGCACTGTA-1,0.000157,0.028398,0.013758,0.004381,0.049153,0.099063,0.045072,0.148707,0.096125,0.515186
AATGTGCCCGAGGTGT-1,0.075778,0.265923,0.024284,0.030517,0.035521,0.16764,0.21733,0.109496,0.038355,0.035156
AATGTGCTAATCTGAG-1,0.121185,0.28675,0.000033,0.031092,0.00845,0.028159,0.305071,0.159664,0.000036,0.05956
AATGTTAAGACCCTGA-1,0.992169,0.000048,0.007446,0.000048,0.000048,0.000048,0.000048,0.000048,0.000048,0.000048
AATGTTGTCGTGAGAC-1,0.102066,0.029733,0.00223,0.113561,0.012339,0.057573,0.067549,0.459532,0.057745,0.097672
AATTAAAGGTCGGCGT-1,0.266984,0.132839,0.095328,0.035539,0.104004,0.083243,0.126404,0.025032,0.05287,0.077757
AATTAACGGATTTCCA-1,0.210865,0.220155,0.032943,0.044504,0.056644,0.065935,0.095451,0.115493,0.138163,0.019847
AATTACGAGACCCATC-1,0.115686,0.270277,0.036523,0.009391,0.021529,0.238846,0.106564,0.126146,0.020097,0.054942
AATTACTCGTACGCTC-1,0.584819,0.000029,0.011315,0.029978,0.158521,0.013382,0.000029,0.000418,0.164949,0.036559
AATTAGCGCTGCAGCG-1,0.111885,0.347174,0.038174,0.026638,0.194481,0.024503,0.010866,0.008151,0.188929,0.0492
AATTATACCCAGCAAG-1,0.731241,0.02036,0.036991,0.00004,0.00004,0.009875,0.066266,0.111283,0.005042,0.018863
AATTCATAAGGGATCT-1,0.110307,0.198588,0.02422,0.020529,0.150689,0.107646,0.300592,0.015486,0.050448,0.021496
AATTCATTGTCATGCA-1,0.049323,0.10964,0.116099,0.086428,0.138906,0.127205,0.093869,0.136714,0.017906,0.123909
AATTCCAACTTGGTGA-1,0.863002,0.000059,0.023796,0.11279,0.000059,0.000059,0.000059,0.000059,0.000059,0.000059
AATTCCAAGCATGTAC-1,0.042471,0.088413,0.021686,0.063785,0.156491,0.171794,0.057789,0.148739,0.087403,0.161429
AATTCGATTCGAGGAT-1,0.175614,0.103478,0.018657,0.05249,0.024863,0.046609,0.065221,0.116945,0.310811,0.085311
AATTCTAGAGTTAGGC-1,0.056709,0.050265,0.033465,0.058233,0.186426,0.080455,0.162662,0.183757,0.054076,0.133952
AATTGAACGCTCTGGT-1,0.092512,0.036498,0.023695,0.082615,0.012125,0.138244,0.257692,0.22842,0.07962,0.048579
AATTGCAGCAATCGAC-1,0.191856,0.292574,0.001773,0.000047,0.008364,0.020465,0.109691,0.319299,0.035941,0.01999
AATTGCGTGGATTACA-1,0.02597,0.15984,0.003066,0.012344,0.052086,0.111164,0.048437,0.376986,0.041906,0.168202
AATTGTGGTTGCCAAA-1,0.436345,0.314622,0.001682,0.002843,0.006812,0.000068,0.024052,0.196182,0.012119,0.005275
AATTTGGGACATAGTA-1,0.041347,0.015782,0.016499,0.230007,0.261201,0.220013,0.142394,0.009897,0.033936,0.028924
AATTTGGTTCCAAAGA-1,0.241099,0.249485,0.083424,0.063371,0.059866,0.072452,0.167048,0.009264,0.039155,0.014836
ACAAACCATGCGTCCT-1,0.159175,0.37545,0.016106,0.011927,0.006057,0.047722,0.236922,0.103609,0.009065,0.033966
ACAAACCGACAAGGCG-1,0.032784,0.282675,0.003085,0.024141,0.026423,0.164826,0.249812,0.109561,0.07915,0.027543
ACAAACTCCATCAGAG-1,0.095586,0.005434,0.167703,0.02032,0.047044,0.016677,0.002028,0.173091,0.183683,0.288434
ACAAAGAAGGTAGGCC-1,0.00002,0.005311,0.0016,0.007641,0.013336,0.063953,0.039292,0.277107,0.039567,0.552172
ACAAAGCATGACCTAG-1,0.201954,0.198544,0.010786,0.010777,0.022228,0.012918,0.066653,0.35743,0.062687,0.056023
ACAAATCGCACCGAAT-1,0.116048,0.106073,0.018086,0.110011,0.045728,0.110354,0.103057,0.108082,0.209367,0.073194
ACAAATGGTAGTGTTT-1,0.003139,0.020453,0.011191,0.102757,0.088634,0.203599,0.060482,0.212969,0.082595,0.214181
ACAAATTCAGATCTGA-1,0.132649,0.190426,0.036234,0.02517,0.060997,0.083784,0.423961,0.020951,0.01441,0.011419
ACAACAGCATGAGCTA-1,0.089718,0.515841,0.075106,0.016667,0.151432,0.008953,0.004265,0.018123,0.092586,0.02731
ACAACGGTCCCTGCGA-1,0.37168,0.17037,0.011751,0.014527,0.015728,0.084527,0.200119,0.018011,0.044098,0.06919
ACAAGCAGTGCCTAGC-1,0.140854,0.005986,0.101978,0.025087,0.087886,0.138635,0.051322,0.050926,0.303734,0.093591
ACAAGCTATATGGAAG-1,0.079537,0.23856,0.053385,0.029806,0.062265,0.0485,0.110441,0.080111,0.180846,0.116549
ACAAGGAAATCCGCCC-1,0.026548,0.159772,0.008266,0.030352,0.061974,0.110494,0.078413,0.187138,0.123652,0.213391
ACAAGGACAAGAGGTT-1,0.25484,0.159755,0.109051,0.018136,0.058445,0.164014,0.049064,0.078801,0.074923,0.032971
ACAAGGATGCTTTAGG-1,0.227926,0.206375,0.03125,0.004649,0.026559,0.004177,0.005328,0.24005,0.159151,0.094535
ACAAGGCCTACCAGCC-1,0.030604,0.109171,0.013904,0.032237,0.117934,0.183488,0.430749,0.029725,0.021675,0.030512
ACAAGGGCAGGCTCTG-1,0.115538,0.16762,0.054621,0.058398,0.112727,0.120613,0.046748,0.146585,0.071794,0.105357
ACAAGTAATTGTAAGG-1,0.174136,0.039012,0.074195,0.040092,0.098785,0.022291,0.002096,0.181135,0.228339,0.139917
ACAATAGTCGTACGTT-1,0.249589,0.685633,0.000042,0.008485,0.011613,0.000042,0.044338,0.000057,0.000145,0.000055
ACAATCCATTTAAACC-1,0.078111,0.114323,0.009482,0.046805,0.023908,0.149605,0.340184,0.142552,0.032001,0.063028
ACAATCGATCTTTATA-1,0.051225,0.409348,0.011708,0.037621,0.031455,0.056278,0.112317,0.12132,0.05067,0.118057
ACAATGAATACGGAGA-1,0.004594,0.014686,0.007488,0.033994,0.024824,0.093503,0.08729,0.090694,0.030021,0.612906
ACAATGATTCTTCTAC-1,0.089607,0.200676,0.01208,0.041726,0.070221,0.114677,0.448189,0.005555,0.010299,0.00697
ACAATTGTGTCTCTTT-1,0.240575,0.450877,0.014418,0.000905,0.052881,0.002765,0.006796,0.147872,0.050861,0.032051
ACAATTTAGGAGGCTC-1,0.058112,0.22144,0.002112,0.022871,0.086494,0.084394,0.358721,0.086618,0.005332,0.073905
ACAATTTGAGCAGTGG-1,0.003443,0.276592,0.019159,0.047772,0.237236,0.044852,0.018076,0.075275,0.184384,0.093211
ACAATTTGGCCATATT-1,0.136896,0.318504,0.001759,0.041619,0.024233,0.045317,0.109706,0.224056,0.038903,0.059009
ACACAAAGACGGGTGG-1,0.00513,0.093815,0.04041,0.039422,0.043109,0.277306,0.270506,0.057419,0.049018,0.123865
ACACAAATATTCCTAG-1,0.039806,0.21487,0.034718,0.023313,0.325069,0.147496,0.103843,0.024181,0.053365,0.033339
ACACACCAGGACCAGT-1,0.323498,0.328498,0.012048,0.012592,0.006868,0.073245,0.124463,0.074504,0.023751,0.020534
ACACACTTTCTACACG-1,0.261519,0.467035,0.016475,0.003062,0.0676,0.014426,0.169308,0.000037,0.000502,0.000037
ACACATGATCAAATCT-1,0.082579,0.423195,0.005235,0.00119,0.003045,0.039625,0.339575,0.082659,0.007382,0.015515
ACACATTGACGCAACA-1,0.982252,0.000057,0.017292,0.000057,0.000057,0.000057,0.000057,0.000057,0.000057,0.000057
ACACATTTCCGTAGAC-1,0.914086,0.00005,0.085517,0.00005,0.00005,0.00005,0.00005,0.00005,0.00005,0.00005
ACACCACATAATTAGC-1,0.2198,0.439623,0.000029,0.001473,0.002554,0.005721,0.283125,0.038041,0.006253,0.003381
ACACCCAGCATGCAGC-1,0.06921,0.275365,0.193677,0.061419,0.094133,0.058876,0.226209,0.007274,0.001543,0.012293
ACACCCGAGAAATCCG-1,0.079578,0.639307,0.014523,0.002286,0.029977,0.056077,0.149029,0.006753,0.01889,0.003579
ACACCCGTAAATCTGT-1,0.193416,0.295385,0.03974,0.005647,0.088004,0.12871,0.196037,0.00367,0.043452,0.005939
ACACCGAGCGCTCTTT-1,0.509314,0.127742,0.045771,0.00005,0.00005,0.018028,0.287987,0.010958,0.00005,0.00005
ACACCGGTCTGACCGC-1,0.064038,0.714248,0.014491,0.000034,0.000034,0.000642,0.178686,0.023922,0.000034,0.00387
ACACCTTAAGTAGGGC-1,0.295753,0.384102,0.240576,0.002697,0.062147,0.000058,0.014494,0.000058,0.000058,0.000058
ACACCTTACTACTTGC-1,0.139116,0.393273,0.008444,0.047055,0.023209,0.051159,0.200761,0.086697,0.029725,0.02056
ACACGAGACTCCTTCT-1,0.035255,0.14982,0.044158,0.291657,0.134105,0.129806,0.068093,0.04163,0.034825,0.070652
ACACGGCACTATGCAT-1,0.256341,0.309307,0.017263,0.018932,0.00091,0.019962,0.373675,0.003539,0.000036,0.000036
ACACGGGAACTTAGGG-1,0.005876,0.045165,0.011923,0.130064,0.054452,0.396658,0.056939,0.12424,0.057282,0.1174
ACACGTAGGCCACAAG-1,0.022563,0.020893,0.015621,0.031712,0.002098,0.054668,0.280639,0.45866,0.036721,0.076425
ACACTCCAATGTCACT-1,0.130629,0.044172,0.011337,0.042708,0.007439,0.132377,0.431321,0.08241,0.110415,0.007191
ACACTGATCAAGGTGT-1,0.030515,0.153931,0.013233,0.106241,0.030432,0.114468,0.144111,0.114535,0.024208,0.268326
ACACTGGGACAGTCGT-1,0.16414,0.006017,0.002845,0.115572,0.012518,0.037503,0.084397,0.437822,0.034138,0.105048
ACAGAACTGAGAACAA-1,0.085247,0.1932,0.126566,0.03787,0.075127,0.068882,0.058996,0.211996,0.09651,0.045607
ACAGATTAGGTTAGTG-1,0.205021,0.148084,0.07749,0.052238,0.016301,0.112603,0.374971,0.009922,0.00158,0.001788
ACAGCATAGAGCCAGT-1,0.029522,0.137434,0.028626,0.05966,0.153896,0.26089,0.270552,0.025979,0.02453,0.008912
ACAGCGACATTCTCAT-1,0.040459,0.067833,0.006085,0.04558,0.018615,0.064587,0.081363,0.465289,0.1328,0.07739
ACAGCGCACCCGCAGC-1,0.195499,0.297811,0.000047,0.000047,0.009845,0.127901,0.368708,0.000047,0.000047,0.000047
ACAGGAGGCGCAGCCG-1,0.436275,0.072505,0.050449,0.091246,0.200862,0.040335,0.013833,0.000034,0.085136,0.009324
ACAGGCACGGATCCTT-1,0.111323,0.014091,0.020832,0.032351,0.180145,0.01308,0.006459,0.181376,0.155315,0.28503
ACAGGCTTGCCCGACT-1,0.00001,0.00001,0.00001,0.999175,0.000506,0.00001,0.00001,0.00001,0.00001,0.000251
ACAGGTGGAGGTGAGG-1,0.066584,0.578318,0.007067,0.043126,0.088307,0.09687,0.030216,0.025959,0.03886,0.024692
ACAGGTGTGTTGTTGC-1,0.110975,0.211011,0.054011,0.026222,0.155479,0.024105,0.005939,0.070188,0.144195,0.197876
ACAGTAATACAACTTG-1,0.316542,0.242208,0.010654,0.025782,0.024248,0.05744,0.186701,0.078228,0.026643,0.031554
ACAGTATACCGTGGGA-1,0.163209,0.435764,0.069608,0.008341,0.022674,0.08509,0.204876,0.000034,0.01037,0.000034
ACAGTGCAGCGCATTT-1,0.226452,0.28337,0.030998,0.044448,0.020353,0.171728,0.221358,0.000057,0.001177,0.000057
ACATAAGTCGTGGTGA-1,0.029023,0.026774,0.037061,0.034865,0.08139,0.237296,0.114392,0.128713,0.092877,0.21761
ACATAATAAGGCGGTG-1,0.058373,0.19907,0.040125,0.038941,0.049591,0.214742,0.210622,0.047183,0.007876,0.133476
ACATACAATCAAGCGG-1,0.310501,0.031269,0.029275,0.018794,0.038767,0.003819,0.01294,0.346544,0.179402,0.028689
ACATCAGCTGGGACGC-1,0.055931,0.138524,0.006487,0.081156,0.119368,0.06928,0.196823,0.151799,0.061128,0.119504
ACATCCCGGCCATACG-1,0.025793,0.017368,0.033509,0.051503,0.113466,0.086721,0.03957,0.153793,0.246461,0.231815
ACATCCTGGTAACTGT-1,0.187847,0.038553,0.074148,0.056363,0.037297,0.189798,0.036439,0.092659,0.170245,0.116651
ACATCGATCGTTTACC-1,0.007226,0.004724,0.005533,0.028454,0.061954,0.166684,0.010149,0.115135,0.034671,0.565469
