Barcode,Topic 1,Topic 2,Topic 3,Topic 4,Topic 5,Topic 6,Topic 7to8
AAACAAGTATCTCCCA-1,0.363887,0.084617,0.258437,0.073231,0.035475,0.049046,0.135308
AAACACCAATAACTGC-1,0.149808,0.052436,0.114383,0.02821,0.008323,0.236986,0.409854
AAACAGAGCGACTCCT-1,0.124297,0.019544,0.06028,0.07869,0.132575,0.166211,0.418404
AAACAGCTTTCAGAAG-1,0.996549,0.000493,0.000493,0.000493,0.000493,0.000493,0.000986
AAACAGGGTCTATATT-1,0.999028,0.000139,0.000139,0.000139,0.000139,0.000139,0.000278
AAACATGGTGAGAGGA-1,0.999416,0.000083,0.000083,0.000083,0.000083,0.000083,0.000167
AAACATTTCCCGGATT-1,0.046451,0.124723,0.209153,0.160317,0.147713,0.07706,0.234583
AAACCACTACACAGAT-1,0.049621,0.027879,0.152479,0.095604,0.026085,0.40295,0.245381
AAACCCGAACGAAATC-1,0.030654,0.076337,0.141907,0.264622,0.205718,0.099963,0.180799
AAACCGGAAATGTTAA-1,0.999231,0.00011,0.00011,0.00011,0.00011,0.00011,0.00022
AAACCGGGTAGGTACC-1,0.16779,0.082892,0.05896,0.034447,0.067906,0.132116,0.455889
AAACCGTTCGTCCAGG-1,0.06713,0.058138,0.041063,0.091804,0.315281,0.071157,0.355427
AAACCTAAGCAGCCGG-1,0.163694,0.083825,0.051766,0.108208,0.145409,0.112697,0.334402
AAACCTCATGAAGTTG-1,0.735343,0.263799,0.000143,0.000143,0.000143,0.000143,0.000286
AAACGAAGAACATACC-1,0.014962,0.03911,0.080811,0.0416,0.039458,0.411964,0.372096
AAACGAAGATGGAGTA-1,0.998875,0.000161,0.000161,0.000161,0.000161,0.000161,0.000321
AAACGAGACGGTTGAT-1,0.000277,0.126416,0.388627,0.218087,0.106228,0.092366,0.067997
AAACGCCCGAGATCGG-1,0.020253,0.000074,0.000592,0.003723,0.025072,0.186757,0.763529
AAACGCTGGGCACGAC-1,0.066647,0.06427,0.10718,0.103434,0.047054,0.327762,0.283654
AAACGGGCGTACGGGT-1,0.147012,0.226407,0.054683,0.105418,0.321914,0.012235,0.132333
AAACGGTTGCGAACTG-1,0.090378,0.047672,0.15897,0.157594,0.057217,0.246719,0.241451
AAACGTGTTCGCCCTA-1,0.044042,0.000023,0.000027,0.011415,0.067304,0.057045,0.820144
AAACTAACGTGGCGAC-1,0.118808,0.040318,0.102572,0.045997,0.035569,0.310545,0.34619
AAACTCGGTTCGCAAT-1,0.008913,0.098181,0.266535,0.232255,0.116703,0.137633,0.139779
AAACTCGTGATATAAG-1,0.038939,0.06376,0.198961,0.103638,0.03199,0.403674,0.159038
AAACTGCTGGCTCCAA-1,0.103425,0.12969,0.469817,0.203958,0.047147,0.027006,0.018957
AAACTTAATTGCACGC-1,0.892652,0.000056,0.011694,0.010523,0.083327,0.000056,0.001693
AAACTTGCAAACGTAT-1,0.998999,0.000143,0.000143,0.000143,0.000143,0.000143,0.000286
AAAGAATGACCTTAGA-1,0.99946,0.000077,0.000077,0.000077,0.000077,0.000077,0.000154
AAAGACCCAAGTCGCG-1,0.218385,0.013517,0.042114,0.013329,0.038562,0.095991,0.578102
AAAGACTGGGCGCTTT-1,0.973561,0.000153,0.025519,0.000153,0.000153,0.000153,0.000307
AAAGCTTGCCTACATA-1,0.034078,0.045389,0.042045,0.041611,0.089697,0.228163,0.519017
AAAGGCCCTATAATAC-1,0.082434,0.140603,0.190544,0.068553,0.432817,0.008461,0.076589
AAAGGCTACGGACCAT-1,0.007467,0.156791,0.158767,0.228332,0.129857,0.122321,0.196464
AAAGGCTCTCGCGCCG-1,0.089927,0.133681,0.139776,0.113698,0.089583,0.140064,0.293269
AAAGGGATGTAGCAAG-1,0.04225,0.23243,0.127148,0.161025,0.127128,0.078323,0.231697
AAAGGGCAGCTTGAAT-1,0.350511,0.065826,0.052913,0.036723,0.048172,0.104921,0.340934
AAAGGTAAGCTGTACC-1,0.092808,0.00075,0.000767,0.004054,0.028447,0.217139,0.656035
AAAGTAGCATTGCTCA-1,0.089098,0.246742,0.118758,0.113664,0.154241,0.07516,0.202337
AAAGTCACTGATGTAA-1,0.019381,0.008845,0.03024,0.048411,0.107443,0.246153,0.539527
AAAGTCGACCCTCAGT-1,0.998151,0.000264,0.000264,0.000264,0.000264,0.000264,0.000528
AAAGTGCCATCAATTA-1,0.053861,0.046781,0.192683,0.113422,0.049743,0.240875,0.302635
AAAGTGTGATTTATCT-1,0.09793,0.095071,0.340701,0.38069,0.072923,0.00525,0.007436
AAAGTTGACTCCCGTA-1,0.061679,0.494921,0.133646,0.100351,0.060112,0.048407,0.100884
AAATAACCATACGGGA-1,0.003468,0.070292,0.16979,0.082134,0.045869,0.308528,0.319918
AAATAAGGTAGTGCCC-1,0.018582,0.135397,0.4073,0.219264,0.047767,0.124123,0.047567
AAATACCTATAAGCAT-1,0.069626,0.192814,0.440282,0.147131,0.136839,0.006786,0.006521
AAATAGCTTAGACTTT-1,0.000057,0.104893,0.219357,0.061697,0.01919,0.45857,0.136236
AAATAGGGTGCTATTG-1,0.067193,0.076826,0.129098,0.21694,0.168912,0.071864,0.269167
AAATCCGATACACGCC-1,0.258763,0.058844,0.038286,0.072701,0.144683,0.049332,0.377391
AAATCGCGGAAGGAGT-1,0.999436,0.000081,0.000081,0.000081,0.000081,0.000081,0.000161
AAATCGTGTACCACAA-1,0.027867,0.032509,0.057458,0.177055,0.553277,0.037016,0.114817
AAATCTAGCCCTGCTA-1,0.007709,0.283987,0.28332,0.084069,0.138201,0.063393,0.13932
AAATCTGCCCGCGTCC-1,0.999352,0.000093,0.000093,0.000093,0.000093,0.000093,0.000185
AAATGATTCGATCAGC-1,0.062451,0.097349,0.327606,0.128604,0.204283,0.073031,0.106676
AAATGCTCGTTACGTT-1,0.473676,0.39021,0.000251,0.000104,0.00064,0.053086,0.082032
AAATGGCATGTCTTGT-1,0.002652,0.157486,0.371617,0.106333,0.042668,0.22981,0.089434
AAATGGCCCGTGCCCT-1,0.999652,0.00005,0.00005,0.00005,0.00005,0.00005,0.000099
AAATGGTCAATGTGCC-1,0.100565,0.028448,0.145102,0.068317,0.261894,0.082433,0.313241
AAATGTATCTTATCCC-1,0.995236,0.00068,0.00068,0.00068,0.000681,0.000681,0.001362
AAATTAACGGGTAGCT-1,0.041996,0.082593,0.215118,0.11978,0.124393,0.236813,0.179307
AAATTAATAAGCGCGA-1,0.997352,0.000378,0.000378,0.000378,0.000378,0.000378,0.000757
AAATTACACGACTCTG-1,0.000016,0.070258,0.145464,0.107226,0.042182,0.291935,0.342921
AAATTACCTATCGATG-1,0.006747,0.582156,0.003025,0.054256,0.19827,0.010188,0.145359
AAATTCCAGGTCCAAA-1,0.000014,0.078345,0.283119,0.277081,0.062021,0.204036,0.095384
AAATTGATAGTCCTTT-1,0.020123,0.037008,0.07786,0.354988,0.378822,0.029036,0.102163
AAATTGCGGCGGTTCT-1,0.997877,0.000303,0.000303,0.000303,0.000303,0.000303,0.000607
AAATTGGTGAGAAGCA-1,0.025606,0.094668,0.153748,0.101767,0.059606,0.211176,0.353429
AAATTTACCGAAATCC-1,0.039077,0.078658,0.128252,0.123086,0.083544,0.27648,0.270903
AAATTTGCGGGTGTGG-1,0.014775,0.09198,0.357786,0.122896,0.168229,0.043208,0.201126
AACAACTGGTAGTTGC-1,0.035515,0.056334,0.092362,0.025815,0.02562,0.174301,0.590053
AACAATACATTGTCGA-1,0.084127,0.149498,0.04793,0.073491,0.319592,0.03211,0.293252
AACAATTACTCTACGC-1,0.226286,0.010284,0.078552,0.04436,0.085002,0.095534,0.459982
AACACACGCTCGCCGC-1,0.108372,0.029559,0.059681,0.062563,0.204546,0.050426,0.484853
AACACGACTGTACTGA-1,0.005413,0.54844,0.160775,0.044422,0.0269,0.126228,0.087822
AACACGAGACGCGGCC-1,0.255925,0.00052,0.02516,0.012862,0.048919,0.110044,0.54657
AACACGCGGCCGCGAA-1,0.002108,0.415015,0.038196,0.012363,0.012559,0.170321,0.349438
AACAGCTGTGTGGCAA-1,0.029844,0.0479,0.089173,0.327888,0.316946,0.015588,0.172661
AACAGGAAATCGAATA-1,0.017065,0.101486,0.37572,0.141182,0.044523,0.189623,0.1304
AACAGGATGGGCCGCG-1,0.200518,0.035959,0.195207,0.079414,0.131554,0.088661,0.268687
AACAGGTAGTATGGAT-1,0.150288,0.003803,0.009783,0.039919,0.183335,0.056117,0.556755
AACATATCAACTGGTG-1,0.027123,0.126772,0.268155,0.121976,0.126239,0.174598,0.155137
AACATCGATACGTCTA-1,0.038751,0.024986,0.016755,0.096634,0.1194,0.112487,0.590986
AACATTGAAGTTGATC-1,0.051569,0.112783,0.203888,0.055096,0.227356,0.057803,0.291505
AACATTGTGACTCGAG-1,0.083059,0.065565,0.142584,0.109588,0.51844,0.014063,0.066701
AACCAAGACTTCTCTG-1,0.224418,0.011415,0.009266,0.022214,0.088905,0.064813,0.578969
AACCAGTATCACTCTT-1,0.00086,0.115617,0.070484,0.094858,0.085541,0.210222,0.422417
AACCATAGGGTTGAAC-1,0.999532,0.000067,0.000067,0.000067,0.000067,0.000067,0.000134
AACCATGGGATCGCTA-1,0.055132,0.047993,0.080117,0.034688,0.019446,0.312061,0.450564
AACCCAGAGACGGAGA-1,0.029998,0.040139,0.254947,0.084325,0.120637,0.169415,0.300539
AACCCATCCCATGATC-1,0.999191,0.000116,0.000116,0.000116,0.000116,0.000116,0.000231
AACCCGACAACCCGTG-1,0.041177,0.06835,0.254772,0.086836,0.102005,0.18333,0.26353
AACCCGAGCAGAATCG-1,0.938747,0.035979,0.000075,0.002036,0.01658,0.000075,0.006508
AACCCGATAGGGCTTC-1,0.006313,0.06887,0.092301,0.089905,0.108764,0.286803,0.347045
AACCCTACTGTCAATA-1,0.256801,0.051136,0.04992,0.121628,0.345626,0.031216,0.143672
AACCCTGGTGGAACCA-1,0.000009,0.066045,0.314799,0.074322,0.013413,0.454585,0.076827
AACCGAGCTTGGTCAT-1,0.045741,0.133332,0.430595,0.113206,0.05826,0.120847,0.09802
AACCGCTAAGGGATGC-1,0.084732,0.174709,0.518068,0.128258,0.052749,0.025679,0.015805
AACCGTTGTGTTTGCT-1,0.001158,0.100752,0.366174,0.131395,0.047746,0.218786,0.133988
AACCTCGCTTTAGCCC-1,0.11258,0.238646,0.195829,0.14099,0.117357,0.094041,0.100556
AACCTGTCACGGAATT-1,0.104808,0.032833,0.085722,0.072997,0.017463,0.211563,0.474615
AACCTTTAAATACGGT-1,0.000016,0.139558,0.263196,0.225724,0.089944,0.177933,0.103629
AACCTTTACGACGTCT-1,0.003573,0.050698,0.445334,0.1057,0.062533,0.251257,0.080905
AACGAAAGTCGTCCCA-1,0.997524,0.000354,0.000354,0.000354,0.000354,0.000354,0.000708
AACGATAATGCCGTAG-1,0.014914,0.111918,0.400133,0.306482,0.09333,0.042806,0.030416
AACGATAGAAGGGCCG-1,0.021357,0.078178,0.242952,0.058572,0.139332,0.236509,0.2231
AACGATATGTCAACTG-1,0.028778,0.055004,0.233321,0.153703,0.128516,0.16737,0.233308
AACGCATGATCTGGGT-1,0.007108,0.401068,0.351724,0.081198,0.04202,0.069146,0.047736
AACGCGAACGGCAACA-1,0.689582,0.000078,0.000078,0.000078,0.000078,0.004895,0.305212
AACGCGACCTTGGGCG-1,0.010347,0.087653,0.370135,0.226589,0.031105,0.179741,0.09443
AACGCGGTCTCCAGCC-1,0.000019,0.312763,0.265469,0.133032,0.039166,0.176889,0.072662
AACGCTGTTGCTGAAA-1,0.192301,0.003103,0.000489,0.016218,0.205336,0.017594,0.564959
AACGGACGTACGTATA-1,0.131433,0.32836,0.125075,0.078432,0.11077,0.063433,0.162498
AACGGCCATCTCCGGT-1,0.056502,0.125302,0.613912,0.126604,0.062968,0.003917,0.010795
AACGTACTGTGGGTAC-1,0.000453,0.094316,0.715841,0.097337,0.012972,0.061453,0.017627
AACGTCAGACTAGTGG-1,0.223716,0.025951,0.190479,0.046145,0.060359,0.225149,0.228201
AACGTGATGAAGGACA-1,0.000018,0.001277,0.003962,0.030311,0.029024,0.277561,0.657847
AACGTGCGAAAGTCTC-1,0.025474,0.034074,0.092257,0.293317,0.191694,0.100605,0.26258
AACGTTATCAGCACCT-1,0.999535,0.000066,0.000066,0.000066,0.000066,0.000066,0.000133
AACTACCCGTTTGTCA-1,0.159932,0.039408,0.271473,0.138566,0.1879,0.12967,0.073051
AACTAGCGTATCGCAC-1,0.029688,0.068887,0.50207,0.068673,0.022957,0.150479,0.157246
AACTAGGCTTGGGTGT-1,0.000026,0.198591,0.478296,0.210746,0.002989,0.100391,0.008962
AACTCAAGTTAATTGC-1,0.041898,0.223348,0.282625,0.073858,0.073722,0.080265,0.224284
AACTCCAGAGCGTGTT-1,0.173163,0.544432,0.002844,0.019045,0.232318,0.000013,0.028185
AACTCCTAATCCCATG-1,0.002629,0.13623,0.029542,0.01955,0.009134,0.42818,0.374735
AACTCGATAAACACGT-1,0.999298,0.0001,0.0001,0.0001,0.0001,0.0001,0.000201
AACTCGATGGCGCAGT-1,0.027154,0.040239,0.286918,0.058077,0.037881,0.234157,0.315575
AACTCTCAATAGAGCG-1,0.043368,0.206246,0.152179,0.24387,0.189931,0.063559,0.100848
AACTCTCAGTGTGCTC-1,0.061588,0.098832,0.181862,0.090271,0.249423,0.069866,0.248158
AACTGAGGTCAGCGTC-1,0.057617,0.007513,0.040898,0.071554,0.055083,0.199502,0.567833
AACTGAGTTATACTGA-1,0.059131,0.713645,0.027128,0.059113,0.044285,0.027263,0.069435
AACTGATATTAGGCCT-1,0.000016,0.029165,0.104605,0.209789,0.15516,0.203476,0.297788
AACTGGGTCCCGACGT-1,0.014909,0.057019,0.287374,0.296576,0.096389,0.132075,0.115657
AACTGGTGTGGGCCTT-1,0.060772,0.041832,0.055184,0.058568,0.139555,0.195956,0.448132
AACTTCTGCGTCTATC-1,0.728882,0.000159,0.000159,0.007042,0.131057,0.000159,0.132543
AACTTGCCCGTATGCA-1,0.110202,0.00548,0.041718,0.041114,0.111642,0.093328,0.596515
AACTTGCGTTCTCGCG-1,0.723189,0.246573,0.029824,0.000083,0.000083,0.000083,0.000166
AACTTTACGGGAGCTT-1,0.99807,0.000276,0.000276,0.000276,0.000276,0.000276,0.000552
AACTTTAGCTGCTGAG-1,0.012535,0.007389,0.127283,0.062402,0.037729,0.366894,0.385768
AACTTTCTCGATCATG-1,0.018418,0.105197,0.214857,0.24406,0.311367,0.046178,0.059924
AAGAAATCACCAGATT-1,0.027244,0.013513,0.017027,0.137523,0.317368,0.058414,0.428911
AAGAAGGATCAGTTAG-1,0.205808,0.032661,0.154355,0.074568,0.126997,0.092544,0.313067
AAGACATACGTGGTTT-1,0.047278,0.010852,0.005008,0.0483,0.149629,0.106929,0.632004
AAGACCAAATAACTCA-1,0.999364,0.000091,0.000091,0.000091,0.000091,0.000091,0.000182
AAGACCCAACTGAACA-1,0.020708,0.353144,0.038903,0.086828,0.104178,0.135956,0.260284
AAGACTAACCCGTTGT-1,0.090722,0.023176,0.072002,0.117661,0.244223,0.039533,0.412684
AAGACTGCAAGCTACT-1,0.023281,0.032682,0.024299,0.152586,0.113964,0.109787,0.543402
AAGAGATGAATCGGTA-1,0.196554,0.012159,0.018598,0.091081,0.224847,0.018794,0.437968
AAGAGCTCTTTATCGG-1,0.078333,0.110328,0.156412,0.157696,0.442401,0.008655,0.046175
AAGAGGATGTACGCGA-1,0.159843,0.291663,0.323514,0.102672,0.034312,0.042743,0.045253
AAGAGGCATGGATCGC-1,0.021023,0.163842,0.407975,0.198029,0.062701,0.091318,0.055112
AAGAGGCCCTTTGGAA-1,0.250143,0.116717,0.022296,0.055327,0.193761,0.023179,0.338578
AAGATGGCACCGGACC-1,0.046758,0.169122,0.062447,0.197358,0.305459,0.019858,0.198998
AAGATTGGCGGAACGT-1,0.009824,0.099519,0.071323,0.16458,0.184706,0.155855,0.314191
AAGCACCCTGCGTATC-1,0.00182,0.267776,0.618353,0.08918,0.00509,0.01775,0.000032
AAGCATACTCTCCTGA-1,0.005864,0.427486,0.08139,0.054523,0.042395,0.19806,0.190281
AAGCCGAAGCGGTTTA-1,0.095587,0.027634,0.016458,0.149881,0.391274,0.013102,0.306064
AAGCCGCCGTGAAATC-1,0.065636,0.210079,0.12632,0.1596,0.201958,0.023512,0.212895
AAGCCGCTTTACCTTG-1,0.069442,0.014946,0.007151,0.039826,0.33012,0.026659,0.511856
AAGCCGGAGAGCAGGA-1,0.143927,0.01829,0.001829,0.015589,0.100829,0.092861,0.626674
AAGCGCAGGGCTTTGA-1,0.088289,0.065949,0.087158,0.313561,0.188277,0.08052,0.176246
AAGCGGAGTGCGCGCA-1,0.06912,0.770794,0.000015,0.001107,0.010642,0.00488,0.143441
AAGCGGCGTCATGGGT-1,0.004976,0.096367,0.297854,0.28703,0.052979,0.197928,0.062866
AAGCGTCCCTCATCGA-1,0.067006,0.101254,0.35998,0.177144,0.189325,0.025603,0.079687
AAGCTAGATCGAGTAA-1,0.000015,0.138485,0.415,0.194223,0.025804,0.167457,0.059016
AAGCTCGTGCCAAGTC-1,0.076848,0.24073,0.168746,0.090477,0.317693,0.03777,0.067737
AAGCTCTTTCATGGTG-1,0.324882,0.167395,0.281482,0.203999,0.020138,0.00204,0.000064
AAGGAGCGGTTGGTGC-1,0.018191,0.981504,0.00001,0.00001,0.000255,0.00001,0.00002
AAGGATCGATCGCTTG-1,0.020189,0.133809,0.252147,0.325639,0.182304,0.040305,0.045606
AAGGATGAGGGACCTC-1,0.000018,0.127879,0.511057,0.147493,0.044392,0.128589,0.040571
AAGGCAGGCTGTCTCC-1,0.015297,0.144306,0.176162,0.110656,0.175545,0.256417,0.121616
AAGGCGCGTAAAGCTT-1,0.112986,0.029181,0.109547,0.069772,0.08953,0.201274,0.387711
AAGGCTGTGCTCATCG-1,0.025504,0.021114,0.080021,0.177209,0.254323,0.043765,0.398064
AAGGGAACGACTGGCT-1,0.222177,0.216725,0.291706,0.082921,0.068769,0.036565,0.081137
AAGGGACAGATTCTGT-1,0.000017,0.139875,0.154325,0.141396,0.067207,0.29653,0.20065
AAGGGACTATGCATTC-1,0.16303,0.10039,0.164477,0.160185,0.053936,0.02656,0.331421
AAGGGTTTGATTTCAG-1,0.998507,0.000213,0.000213,0.000213,0.000213,0.000213,0.000427
AAGGTATCCTAATATA-1,0.153691,0.101539,0.175013,0.132855,0.139791,0.119957,0.177154
AAGGTGATAAACCAGC-1,0.064209,0.244909,0.216279,0.152841,0.023913,0.156092,0.141758
AAGTAGAAGACCGGGT-1,0.063778,0.110302,0.125234,0.101128,0.080612,0.165715,0.353231
AAGTAGTGACGCGAGG-1,0.125888,0.05247,0.379589,0.1013,0.088686,0.079429,0.172638
AAGTCAATTGTCGTCA-1,0.104793,0.035739,0.087594,0.100062,0.175944,0.182424,0.313444
AAGTCTAGTAGCTGCC-1,0.000819,0.097889,0.099497,0.123671,0.116982,0.10594,0.455202
AAGTCTTCTGTGGCCT-1,0.998499,0.000214,0.000214,0.000214,0.000214,0.000214,0.000429
AAGTGACGACCGAATT-1,0.141323,0.072557,0.047266,0.029646,0.029834,0.120005,0.559369
AAGTGAGTCGGGTTTA-1,0.00002,0.103217,0.435249,0.205822,0.028841,0.163594,0.063256
AAGTGCAAAGGTAGAC-1,0.996254,0.000535,0.000535,0.000535,0.000535,0.000535,0.00107
AAGTGCCTTGACTGTA-1,0.196347,0.064543,0.270392,0.328159,0.072663,0.032039,0.035858
AAGTGCGTTAGAATCT-1,0.069414,0.432054,0.16704,0.058007,0.021264,0.07659,0.175631
AAGTGCTTCTCTATTG-1,0.026411,0.09097,0.160306,0.131279,0.117222,0.082036,0.391775
AAGTGTTTGGAGACGG-1,0.103688,0.087138,0.075368,0.106285,0.196271,0.145581,0.285669
AAGTTCACTCCAAGCT-1,0.089755,0.229474,0.408754,0.149174,0.10987,0.006089,0.006884
AAGTTCAGTCTGCGTA-1,0.009641,0.008977,0.05734,0.03744,0.027828,0.449218,0.409556
AAGTTCGGCCAACAGG-1,0.111534,0.146439,0.299774,0.098846,0.245175,0.01793,0.080302
AAGTTGTGATGTTATA-1,0.008716,0.228679,0.552097,0.135564,0.009463,0.060667,0.004815
AAGTTTACTAATGGCA-1,0.069783,0.00002,0.000024,0.003706,0.014767,0.101179,0.810521
AAGTTTATGGGCCCAA-1,0.006152,0.120254,0.178945,0.123666,0.017918,0.40645,0.146615
AATAACAACGCTCGGC-1,0.122192,0.021932,0.018288,0.025578,0.046094,0.066762,0.699153
AATAACACTAGAACAA-1,0.019454,0.062651,0.385467,0.186234,0.084977,0.089658,0.171559
AATAAGTCCTCGAGAC-1,0.000012,0.000374,0.011183,0.010787,0.009499,0.456633,0.511512
AATAATCTTCGTATCG-1,0.998709,0.000184,0.000184,0.000184,0.000184,0.000184,0.000369
AATACAATGTTTCAGG-1,0.999621,0.000054,0.000054,0.000054,0.000054,0.000054,0.000108
AATACCGGAGGGCTGT-1,0.047306,0.003796,0.002944,0.029309,0.075011,0.069018,0.772616
AATAGAACAGAGTGGC-1,0.018772,0.131841,0.442939,0.269229,0.069624,0.041234,0.02636
AATAGAATCTGTTTCA-1,0.117294,0.078369,0.157293,0.137391,0.13292,0.101736,0.274995
AATAGCAAGCCTCCTG-1,0.01079,0.31904,0.263723,0.101066,0.015923,0.223281,0.066177
AATAGCTACCGCGTGC-1,0.016234,0.044864,0.031014,0.036586,0.183937,0.137513,0.549852
AATAGTCCGTCCCGAC-1,0.084809,0.215714,0.437429,0.17869,0.023047,0.048366,0.011946
AATAGTCGCGAGTCGG-1,0.997933,0.000295,0.000295,0.000295,0.000295,0.000295,0.000591
AATATCAAGGTCGGAT-1,0.008926,0.167497,0.355328,0.051333,0.009995,0.28372,0.1232
AATATCCTAGCAAACT-1,0.998159,0.000263,0.000263,0.000263,0.000263,0.000263,0.000526
AATATCGAATCAATGC-1,0.07648,0.172166,0.197077,0.091039,0.095566,0.153965,0.213707
AATATCGAGGGTTCTC-1,0.029896,0.044448,0.070685,0.155659,0.241236,0.179114,0.278963
AATATTGGAGTATTGA-1,0.207859,0.054836,0.549241,0.038956,0.050048,0.06757,0.03149
AATCAGACTGCAGGAC-1,0.394925,0.00006,0.00006,0.00006,0.084268,0.015177,0.505449
AATCAGGTTTCATTTA-1,0.15655,0.178893,0.427448,0.060034,0.037225,0.081784,0.058066
AATCATGTAAAGACTC-1,0.058596,0.049833,0.116077,0.042159,0.275093,0.051007,0.407236
AATCCAAGGGCCTGAG-1,0.070808,0.261291,0.324236,0.078191,0.016152,0.175385,0.073937
AATCCATGCAAGGGTG-1,0.044954,0.071136,0.07576,0.010816,0.00794,0.190807,0.598588
AATCGCCTCAGCGCCA-1,0.013676,0.074463,0.401747,0.105304,0.149066,0.121294,0.134451
AATCGCGCAGAGGACT-1,0.015137,0.070967,0.330705,0.217497,0.057898,0.250197,0.0576
AATCGGGACACTACGA-1,0.02909,0.126043,0.262821,0.072172,0.058921,0.308753,0.1422
AATCGTGAGCCGAGCA-1,0.999608,0.000056,0.000056,0.000056,0.000056,0.000056,0.000112
AATCTAGGTTTACTTG-1,0.957639,0.00013,0.00013,0.00013,0.00013,0.00013,0.041713
AATCTATGCCGGAGCC-1,0.00003,0.070001,0.06661,0.093108,0.029878,0.449483,0.290891
AATCTCTACTGTGGTT-1,0.997399,0.000372,0.000372,0.000372,0.000372,0.000372,0.000743
AATCTGCGTTGGGACG-1,0.064895,0.171084,0.270423,0.105235,0.148229,0.131035,0.1091
AATCTGGCTTTCTAGT-1,0.867775,0.000146,0.000146,0.000146,0.052237,0.000146,0.079403
AATCTGGGTAGACCCT-1,0.06744,0.000018,0.000018,0.000018,0.004702,0.018343,0.909461
AATGACAGCAATGTCT-1,0.1367,0.062419,0.194245,0.165807,0.093181,0.062335,0.285314
AATGACGTAGGATGTC-1,0.228077,0.043443,0.063784,0.165521,0.411394,0.00509,0.082691
AATGACTGTCAGCCGG-1,0.046643,0.066985,0.065855,0.090619,0.16842,0.115662,0.445815
AATGAGTTCGCATATG-1,0.303728,0.694676,0.001316,0.000056,0.000056,0.000056,0.000112
AATGATGATACGCTAT-1,0.007021,0.132857,0.158189,0.209602,0.213217,0.148824,0.130291
AATGATGCGACTCCTG-1,0.000027,0.020539,0.010997,0.074744,0.121946,0.318631,0.453117
AATGCAACCGGGTACC-1,0.132466,0.010513,0.026665,0.040248,0.299568,0.053159,0.437381
AATGCACCAAGCAATG-1,0.004419,0.10597,0.543635,0.10393,0.039315,0.148257,0.054474
AATGGCCGCCAATGCG-1,0.000711,0.898742,0.000009,0.000009,0.000627,0.006808,0.093095
AATGGTCCACCGTTCA-1,0.997741,0.000323,0.000323,0.000323,0.000323,0.000323,0.000645
AATGGTTCTCACAAGC-1,0.121893,0.016766,0.077899,0.113031,0.340426,0.026053,0.303932
AATGTATGGCACTGTA-1,0.9992,0.000114,0.000114,0.000114,0.000114,0.000114,0.000229
AATGTGCCCGAGGTGT-1,0.11044,0.025252,0.253167,0.096156,0.253388,0.090251,0.171345
AATGTGCTAATCTGAG-1,0.281592,0.204294,0.000701,0.039143,0.139814,0.005385,0.329071
AATGTTGTCGTGAGAC-1,0.444448,0.07221,0.054157,0.080398,0.107087,0.091214,0.150486
AATTAAAGGTCGGCGT-1,0.067274,0.098803,0.43408,0.10209,0.064085,0.109171,0.124497
AATTAACGGATTTCCA-1,0.000144,0.460804,0.250214,0.131957,0.050835,0.061545,0.044501
AATTACGAGACCCATC-1,0.99943,0.000081,0.000081,0.000081,0.000081,0.000081,0.000163
AATTACTCGTACGCTC-1,0.770135,0.228591,0.000212,0.000212,0.000212,0.000212,0.000424
AATTAGCGCTGCAGCG-1,0.004874,0.070786,0.3972,0.311669,0.093433,0.079204,0.042833
AATTCATAAGGGATCT-1,0.000014,0.058847,0.414612,0.078422,0.073562,0.290319,0.084225
AATTCATTGTCATGCA-1,0.997586,0.000345,0.000345,0.000345,0.000345,0.000345,0.00069
AATTCCAAGCATGTAC-1,0.548733,0.046522,0.107321,0.063828,0.051342,0.065135,0.11712
AATTCGATTCGAGGAT-1,0.192212,0.111427,0.324549,0.180918,0.058532,0.081942,0.05042
AATTCTAGAGTTAGGC-1,0.009411,0.1436,0.590884,0.127701,0.035984,0.05712,0.035301
AATTGAACGCTCTGGT-1,0.169332,0.058924,0.157509,0.076617,0.055604,0.268056,0.213957
AATTGCAGCAATCGAC-1,0.128893,0.020319,0.018038,0.060752,0.244713,0.131078,0.396208
AATTGCGTGGATTACA-1,0.929648,0.000104,0.000104,0.003674,0.062034,0.000104,0.004333
AATTGTGGTTGCCAAA-1,0.061092,0.010494,0.00421,0.012489,0.066293,0.146114,0.699308
AATTTGGGACATAGTA-1,0.003352,0.021598,0.01728,0.025732,0.080482,0.291996,0.559559
AATTTGGTTCCAAAGA-1,0.000016,0.066036,0.109576,0.097246,0.038192,0.335164,0.353771
ACAAACCATGCGTCCT-1,0.925894,0.000132,0.000132,0.000132,0.043265,0.000132,0.030313
ACAAAGAAGGTAGGCC-1,0.998836,0.000166,0.000166,0.000166,0.000166,0.000166,0.000333
ACAAAGCATGACCTAG-1,0.194501,0.051772,0.008563,0.124019,0.151433,0.021814,0.447898
ACAAATCGCACCGAAT-1,0.04381,0.090147,0.320692,0.169264,0.12742,0.085891,0.162777
ACAAATGGTAGTGTTT-1,0.056932,0.775635,0.000018,0.000954,0.017028,0.006845,0.142589
ACAAATTCAGATCTGA-1,0.0444,0.000019,0.000018,0.004321,0.028376,0.040359,0.882507
ACAACAGCATGAGCTA-1,0.054905,0.131265,0.07701,0.110417,0.122302,0.192942,0.311159
ACAACGGTCCCTGCGA-1,0.118882,0.225837,0.292189,0.147081,0.084325,0.038665,0.09302
ACAAGCAGTGCCTAGC-1,0.125936,0.087677,0.313422,0.097249,0.067302,0.112121,0.196293
ACAAGCTATATGGAAG-1,0.828979,0.169758,0.00021,0.00021,0.00021,0.00021,0.000421
ACAAGGAAATCCGCCC-1,0.066141,0.463864,0.322677,0.101005,0.028082,0.009366,0.008866
ACAAGGACAAGAGGTT-1,0.127031,0.007633,0.045275,0.04024,0.16268,0.110824,0.506317
ACAAGGATGCTTTAGG-1,0.38436,0.000769,0.003682,0.002756,0.023675,0.139101,0.445658
ACAAGGCCTACCAGCC-1,0.025385,0.01141,0.026028,0.013244,0.02121,0.313682,0.589041
ACAAGGGCAGGCTCTG-1,0.086895,0.048488,0.145764,0.197532,0.103869,0.173469,0.243982
ACAATAGTCGTACGTT-1,0.774555,0.000466,0.000466,0.000466,0.000466,0.000466,0.223118
ACAATCCATTTAAACC-1,0.085369,0.089014,0.250873,0.084807,0.154776,0.107007,0.228154
ACAATGAATACGGAGA-1,0.077663,0.531653,0.009229,0.027765,0.103022,0.022823,0.227844
ACAATGATTCTTCTAC-1,0.247203,0.011233,0.038542,0.046503,0.16166,0.126371,0.368489
ACAATTGTGTCTCTTT-1,0.125451,0.409508,0.017115,0.026819,0.106882,0.032791,0.281434
ACAATTTAGGAGGCTC-1,0.995681,0.000617,0.000617,0.000617,0.000617,0.000617,0.001234
ACAATTTGAGCAGTGG-1,0.106278,0.147973,0.48318,0.105166,0.018952,0.097746,0.040706
ACAATTTGGCCATATT-1,0.014204,0.121424,0.503542,0.136251,0.038868,0.123185,0.062526
ACACAAAGACGGGTGG-1,0.07848,0.022654,0.040764,0.038168,0.157403,0.160017,0.502514
ACACACCAGGACCAGT-1,0.105133,0.059643,0.152886,0.202637,0.192195,0.06291,0.224596
ACACACTTTCTACACG-1,0.137968,0.060397,0.266376,0.164591,0.039226,0.221394,0.110049
ACACATGATCAAATCT-1,0.999612,0.000055,0.000055,0.000055,0.000055,0.000055,0.000111
ACACATTGACGCAACA-1,0.903147,0.00037,0.00037,0.00037,0.00037,0.000371,0.095001
ACACCACATAATTAGC-1,0.057748,0.075021,0.058262,0.114839,0.478175,0.038933,0.177022
ACACCCAGCATGCAGC-1,0.04355,0.090161,0.103613,0.220268,0.371881,0.019927,0.150602
ACACCCGAGAAATCCG-1,0.0357,0.030994,0.177035,0.089707,0.030529,0.249771,0.386264
ACACCGAGCGCTCTTT-1,0.996988,0.00043,0.00043,0.00043,0.00043,0.00043,0.000861
ACACCGGTCTGACCGC-1,0.643052,0.093406,0.000512,0.015637,0.114669,0.001572,0.131152
ACACCTTAAGTAGGGC-1,0.025633,0.042754,0.089147,0.086145,0.108676,0.219196,0.428448
ACACCTTACTACTTGC-1,0.001162,0.168714,0.217607,0.328218,0.191597,0.0552,0.037502
ACACGAGACTCCTTCT-1,0.052174,0.123363,0.221017,0.185759,0.306311,0.052472,0.058903
ACACGGCACTATGCAT-1,0.000012,0.047856,0.194349,0.235107,0.057035,0.344048,0.121595
ACACGGGAACTTAGGG-1,0.004882,0.149123,0.650339,0.145631,0.023823,0.02292,0.003282
ACACGTAGGCCACAAG-1,0.598043,0.024324,0.00018,0.002597,0.080172,0.027216,0.267467
ACACTCCAATGTCACT-1,0.631978,0.276458,0.041079,0.028673,0.021328,0.000161,0.000323
ACACTGATCAAGGTGT-1,0.055958,0.214796,0.480387,0.087152,0.016281,0.098395,0.047032
ACACTGGGACAGTCGT-1,0.232636,0.158938,0.059963,0.027944,0.056909,0.269042,0.194569
ACAGAACTGAGAACAA-1,0.119784,0.046981,0.358366,0.178283,0.0729,0.097937,0.125749
ACAGATTAGGTTAGTG-1,0.026546,0.066981,0.318286,0.0937,0.025949,0.33797,0.130568
ACAGCATAGAGCCAGT-1,0.032425,0.077066,0.050517,0.060509,0.049502,0.283604,0.446378
ACAGCGACATTCTCAT-1,0.136539,0.162264,0.45248,0.039251,0.014664,0.081854,0.112948
ACAGCGCACCCGCAGC-1,0.000016,0.099762,0.59415,0.112411,0.025336,0.132259,0.036066
ACAGGCACGGATCCTT-1,0.282165,0.032646,0.045029,0.079191,0.182921,0.039321,0.338728
ACAGGCTTGCCCGACT-1,0.070896,0.1552,0.56749,0.109422,0.038048,0.034782,0.024162
ACAGGTGGAGGTGAGG-1,0.021199,0.05996,0.147068,0.174958,0.146849,0.130846,0.31912
ACAGGTGTGTTGTTGC-1,0.998801,0.000171,0.000171,0.000171,0.000171,0.000171,0.000343
ACAGTAATACAACTTG-1,0.998981,0.000146,0.000146,0.000146,0.000146,0.000146,0.000291
ACAGTATACCGTGGGA-1,0.137865,0.022093,0.003978,0.028828,0.126624,0.046135,0.634477
ACATAAGTCGTGGTGA-1,0.996717,0.000469,0.000469,0.000469,0.000469,0.000469,0.000938
ACATAATAAGGCGGTG-1,0.003624,0.05266,0.206959,0.19025,0.11898,0.175838,0.251689
ACATCAGCTGGGACGC-1,0.999207,0.000113,0.000113,0.000113,0.000113,0.000113,0.000227
ACATCCCGGCCATACG-1,0.002144,0.107782,0.663656,0.140314,0.031009,0.045518,0.009576
ACATCCTGGTAACTGT-1,0.031228,0.118597,0.26054,0.277921,0.159617,0.095728,0.056369
ACATCGATCGTTTACC-1,0.000014,0.142835,0.661371,0.154998,0.013389,0.024045,0.003347
ACATCGGTCAGCCGCG-1,0.090796,0.11815,0.538298,0.092526,0.028476,0.036445,0.095309
ACATCGTATGCAATGG-1,0.041784,0.052881,0.059668,0.033653,0.143236,0.166676,0.502102
ACATCGTTAACCTAGT-1,0.007694,0.036276,0.118633,0.104063,0.065224,0.448421,0.21969
ACATCTCAACGCGTAA-1,0.007513,0.000578,0.043543,0.018285,0.064355,0.485988,0.379738
ACATGGCGCCAAAGTA-1,0.017584,0.018258,0.066787,0.101848,0.195308,0.240593,0.359622
ACATGGCTCAATTTAG-1,0.998922,0.000154,0.000154,0.000154,0.000154,0.000154,0.000308
ACATTAGTTTATATCC-1,0.006506,0.23299,0.422782,0.133644,0.040403,0.093307,0.070368
ACATTCGCGCGGAATA-1,0.135165,0.134526,0.128268,0.067353,0.064197,0.077972,0.39252
ACCAAACACCCAGCGA-1,0.033804,0.073105,0.114363,0.100851,0.197861,0.209331,0.270685
ACCAACACCACACACT-1,0.077024,0.074639,0.155204,0.176361,0.211505,0.107241,0.198026
ACCAACCGCACTCCAC-1,0.046273,0.008614,0.024098,0.102948,0.313072,0.043873,0.461122
ACCAACGCTTATTTAT-1,0.087652,0.065595,0.056819,0.222946,0.437823,0.009445,0.119721
ACCAAGAACGCGTGTC-1,0.038832,0.052647,0.430389,0.078222,0.045173,0.183151,0.171586
ACCAAGTCATCGGCAG-1,0.037501,0.042242,0.11875,0.059783,0.037569,0.286984,0.417171
ACCAATATGCAAGTTA-1,0.04527,0.122642,0.17146,0.244203,0.260002,0.036563,0.119861
ACCACAACTCAGAACA-1,0.003543,0.116822,0.457773,0.116818,0.012273,0.25627,0.036503
ACCACAAGTTTCTATC-1,0.010743,0.096045,0.356048,0.102095,0.209012,0.100779,0.125277
ACCACCAATGTAACAA-1,0.001065,0.072144,0.384902,0.219181,0.038283,0.204486,0.079938
ACCACCCTCTCTTCTA-1,0.010394,0.035404,0.036895,0.128763,0.249887,0.101008,0.437649
ACCACGTGCAGCTATA-1,0.074924,0.288251,0.171994,0.169407,0.124273,0.068516,0.102635
ACCACTGTTCAAGAAG-1,0.997303,0.000385,0.000385,0.000385,0.000385,0.000385,0.000771
ACCAGACCATAACAAC-1,0.998476,0.000218,0.000218,0.000218,0.000218,0.000218,0.000436
ACCAGCCCGGTCTTTG-1,0.001712,0.017505,0.143432,0.078229,0.014846,0.487802,0.256473
ACCAGTGCCCGGTCAA-1,0.047596,0.028774,0.204942,0.225187,0.233589,0.124286,0.135626
ACCAGTGCGGGAGACG-1,0.070429,0.109526,0.476793,0.218393,0.051328,0.040968,0.032563
ACCATATCCGCAATAA-1,0.014353,0.374614,0.530151,0.037825,0.010854,0.023567,0.008636
ACCATCCGCCAACTAG-1,0.997938,0.000295,0.000295,0.000295,0.000295,0.000295,0.000589
ACCATCGTATATGGTA-1,0.066627,0.13436,0.050326,0.073703,0.201061,0.035018,0.438904
ACCATTAAGGGTGTCA-1,0.998753,0.000178,0.000178,0.000178,0.000178,0.000178,0.000356
ACCCAACGCCCGTGGC-1,0.146065,0.199944,0.03114,0.145943,0.207808,0.032614,0.236484
ACCCACCTACATGCTC-1,0.406236,0.136442,0.169147,0.006555,0.005176,0.07772,0.198724
ACCCATCTTGAGGGTA-1,0.060838,0.015803,0.056457,0.018422,0.122061,0.075528,0.65089
ACCCATTTGTCCCTCT-1,0.271416,0.118221,0.164613,0.041987,0.108693,0.061492,0.233579
ACCCGAGCGAAATTAC-1,0.291078,0.06572,0.115115,0.099856,0.134171,0.022846,0.271214
ACCCGATTGGTTCCGA-1,0.147487,0.063074,0.017622,0.01332,0.075983,0.074715,0.607799
ACCCGGAAACTCCCAG-1,0.045273,0.125655,0.256924,0.104601,0.076815,0.230066,0.160666
ACCCGGAGCACCACAA-1,0.110894,0.021566,0.003022,0.010764,0.044857,0.146707,0.66219
ACCCGGATGACGCATC-1,0.025449,0.201134,0.175953,0.332702,0.158681,0.031407,0.074673
ACCCGGTTACACTTCC-1,0.020161,0.091901,0.103716,0.197432,0.076362,0.055153,0.455275
ACCCGTAGCAGAGAAT-1,0.631744,0.048105,0.00008,0.025818,0.095136,0.004569,0.194547
ACCCGTAGTCTAGTTG-1,0.601388,0.001393,0.000042,0.000042,0.002469,0.065003,0.329662
ACCCGTGTCATCAGTA-1,0.035066,0.120382,0.377849,0.120035,0.072722,0.089168,0.184777
ACCCTATAGGACTGAG-1,0.781041,0.065164,0.000181,0.000181,0.000181,0.079989,0.073262
ACCCTATGCCATATCG-1,0.053886,0.480921,0.02898,0.109766,0.222399,0.009504,0.094545
ACCCTCCCGTCAGGGC-1,0.082661,0.059089,0.039863,0.095658,0.285407,0.03908,0.398243
ACCCTCCCTTGCTATT-1,0.053828,0.125464,0.248078,0.206452,0.079872,0.129899,0.156407
ACCCTGGTAACGCCCT-1,0.033463,0.007168,0.008951,0.092114,0.596961,0.021951,0.239391
ACCCTTCATCTGCGAA-1,0.00194,0.181485,0.663636,0.101546,0.018671,0.024654,0.008069
ACCCTTGCCTGGGTCG-1,0.020221,0.082834,0.159853,0.312998,0.305711,0.023188,0.095196
ACCCTTTAGTTCTCCA-1,0.007761,0.108515,0.007518,0.022565,0.061457,0.252541,0.539644
ACCGAAAGGGCCCTGC-1,0.011094,0.038842,0.107196,0.124844,0.080516,0.200157,0.437351
ACCGAAGAGTCTGGTT-1,0.999086,0.000131,0.000131,0.000131,0.000131,0.000131,0.000261
ACCGACACATCTCCCA-1,0.105076,0.076015,0.068513,0.056761,0.259919,0.216069,0.217647
ACCGACTGAGTCCCAC-1,0.024769,0.125266,0.294936,0.20285,0.094166,0.154095,0.103917
ACCGAGTCTCCTTATT-1,0.105216,0.093495,0.147047,0.144466,0.087701,0.154119,0.267955
ACCGATAGGCATAACC-1,0.106304,0.140785,0.362463,0.140642,0.096748,0.082441,0.070617
ACCGATATTTAATCAT-1,0.240066,0.335236,0.164145,0.052167,0.092989,0.015491,0.099907
ACCGATGGTAGCATCG-1,0.06245,0.015896,0.045532,0.132755,0.191126,0.081215,0.471026
ACCGCAATAACTGCCT-1,0.187685,0.348091,0.199792,0.088409,0.055462,0.073386,0.047176
ACCGCGGTGGAAGTCG-1,0.027056,0.082919,0.341214,0.327468,0.130629,0.045624,0.045091
ACCGGGCCTTTGTTGA-1,0.16089,0.072509,0.309296,0.184934,0.149922,0.03562,0.08683
ACCGGTCAGGTACACC-1,0.999716,0.000041,0.000041,0.000041,0.000041,0.000041,0.000081
ACCGGTCTGAGTACGG-1,0.04033,0.010363,0.008273,0.007383,0.011702,0.173139,0.74881
ACCGTCCACTGGGCCC-1,0.999091,0.00013,0.00013,0.00013,0.00013,0.00013,0.00026
ACCGTGACCACGTGGG-1,0.072317,0.093414,0.428361,0.123665,0.038421,0.134483,0.109338
ACCGTTCCCGCTCTGA-1,0.02912,0.022483,0.140295,0.024714,0.014683,0.550141,0.218564
ACCTAAGTACCTTTCA-1,0.0953,0.279429,0.376981,0.071419,0.065459,0.053427,0.057984
ACCTAATCGACTTCCT-1,0.053506,0.170072,0.609481,0.12988,0.028721,0.002887,0.005453
ACCTACAGTATGTGGT-1,0.047921,0.136761,0.192137,0.222275,0.189449,0.133102,0.078355
ACCTACTATAAATCTA-1,0.071116,0.055205,0.127938,0.065635,0.048673,0.305698,0.325734
ACCTCCGCCCTCGCTG-1,0.985176,0.000104,0.000104,0.000104,0.000104,0.000104,0.014303
ACCTCCGTTATTCACC-1,0.000017,0.186135,0.22857,0.271349,0.088349,0.147493,0.078089
ACCTCGAACTTATGCT-1,0.9984,0.000228,0.000229,0.000229,0.000229,0.000229,0.000457
ACCTGCGTGTCATGTT-1,0.999366,0.000091,0.000091,0.000091,0.000091,0.000091,0.000181
ACGAAATGGGCGGCAC-1,0.170037,0.003793,0.063775,0.022848,0.028588,0.18575,0.525209
ACGACCCATGAGTTGC-1,0.064877,0.072252,0.102194,0.169088,0.173505,0.117066,0.301017
ACGACTCTAGGGCCGA-1,0.18853,0.144274,0.036215,0.078512,0.092032,0.203784,0.256654
ACGACTGGTCATACTC-1,0.405645,0.002174,0.004229,0.019612,0.032977,0.036018,0.499344
ACGAGAACCCATCACG-1,0.06103,0.101702,0.055306,0.078462,0.247607,0.03472,0.421172
ACGAGATATTTGCTTA-1,0.042723,0.064152,0.278318,0.071478,0.092812,0.260233,0.190285
ACGAGGATACCACTCT-1,0.999127,0.000125,0.000125,0.000125,0.000125,0.000125,0.000249
ACGAGGTTTACAACGT-1,0.999242,0.000108,0.000108,0.000108,0.000108,0.000108,0.000217
ACGAGTACGGATGCCC-1,0.000022,0.062269,0.087559,0.09683,0.1693,0.220206,0.363813
ACGAGTCGCCGGCGTT-1,0.999399,0.000086,0.000086,0.000086,0.000086,0.000086,0.000172
ACGATACATAGAACTA-1,0.023853,0.008319,0.024672,0.057424,0.122848,0.173002,0.589882
ACGATACCTATCCTGA-1,0.998204,0.000257,0.000257,0.000257,0.000257,0.000257,0.000513
ACGATCATACATAGAG-1,0.096116,0.103078,0.211846,0.209815,0.154134,0.068607,0.156403
ACGATCATCTTGTAAA-1,0.023338,0.041869,0.130606,0.094812,0.161781,0.269319,0.278274
ACGATGCATATGTTAT-1,0.02825,0.060697,0.107632,0.096721,0.107787,0.0906,0.508313
ACGATGGATCCGATGC-1,0.000018,0.020564,0.032996,0.083864,0.122339,0.322666,0.417553
ACGCAAACTAATAGAT-1,0.075298,0.168575,0.347267,0.188913,0.051534,0.1274,0.041013
ACGCAATCACTACAGC-1,0.000032,0.016958,0.070716,0.101412,0.089302,0.329166,0.392415
ACGCATAAATGACATG-1,0.134889,0.043335,0.011923,0.014861,0.034038,0.148062,0.612892
ACGCATACGTTTACTA-1,0.081921,0.012662,0.011164,0.01952,0.13629,0.047513,0.69093
ACGCATTCGTGAGTAC-1,0.043632,0.094616,0.2973,0.207067,0.104849,0.12327,0.129265
ACGCCAGATGATTTCT-1,0.012843,0.058197,0.511518,0.106676,0.016515,0.24059,0.053662
ACGCCGCTAGACGACC-1,0.168763,0.05901,0.048179,0.126397,0.528703,0.003275,0.065674
ACGCGAAGTCAGACGA-1,0.003703,0.122134,0.375706,0.205043,0.031739,0.196537,0.065137
ACGCGCTACACAGGGT-1,0.140823,0.088497,0.11343,0.033639,0.061359,0.116141,0.446112
ACGCGGGCCAAGGACA-1,0.138882,0.019354,0.10104,0.212086,0.41439,0.014723,0.099526
ACGCGTTTCTTAAGAG-1,0.994962,0.00072,0.00072,0.00072,0.00072,0.00072,0.00144
ACGCTAGTGATACACT-1,0.006424,0.113682,0.273307,0.118345,0.094636,0.298081,0.095526
ACGCTGTGAGGCGTAG-1,0.998389,0.00023,0.00023,0.00023,0.00023,0.00023,0.00046
ACGGAATTTAGCAAAT-1,0.081899,0.098822,0.049409,0.029437,0.032782,0.231236,0.476414
ACGGACTCTCAAAGCG-1,0.036191,0.169803,0.438744,0.25868,0.03354,0.0445,0.018543
ACGGAGCGCAAATTAC-1,0.030178,0.053885,0.210641,0.081189,0.12523,0.183184,0.315694
ACGGATGGTGCGGATA-1,0.244986,0.072835,0.065642,0.058959,0.444272,0.014123,0.099182
ACGGCACTTGCTTGGG-1,0.038216,0.314139,0.410426,0.129618,0.056513,0.031926,0.019161
ACGGCCAACATGGACT-1,0.04604,0.078342,0.441608,0.180228,0.11165,0.059113,0.08302
ACGGCGACGATGGGAA-1,0.081319,0.69921,0.057522,0.0654,0.070384,0.004841,0.021325
ACGGCGGGTTGCCCTG-1,0.000543,0.697338,0.038239,0.011781,0.005365,0.092859,0.153874
ACGGCTGGATGTAGAA-1,0.990499,0.000168,0.000168,0.000168,0.000168,0.000168,0.00866
ACGGGAGTGTCGGCCC-1,0.100144,0.112073,0.181481,0.033325,0.072671,0.158845,0.341461
ACGGGCGTATGCGACA-1,0.001738,0.075386,0.241459,0.244015,0.048694,0.27939,0.109318
ACGGGTCATGTGACTT-1,0.997227,0.000396,0.000396,0.000396,0.000396,0.000396,0.000792
ACGGGTTGTGACCTGT-1,0.957825,0.000078,0.000078,0.000078,0.000078,0.018883,0.022979
ACGGTCACCGAGAACA-1,0.133655,0.065785,0.185663,0.094229,0.105566,0.105723,0.309378
ACGTACAGATTTCTCT-1,0.055964,0.107457,0.465471,0.166739,0.070416,0.082703,0.051251
ACGTACTTTGGCACGG-1,0.21011,0.255385,0.017978,0.043318,0.274466,0.030002,0.168742
ACGTAGATTGCTGATG-1,0.005957,0.213016,0.078153,0.149659,0.096561,0.22314,0.233516
ACGTAGGAGAGTCGCT-1,0.215883,0.000063,0.000063,0.011667,0.018392,0.274945,0.478987
ACGTATTACTCCGATC-1,0.152042,0.113476,0.167991,0.220191,0.219849,0.021294,0.105157
ACGTCGGGCAACTCGG-1,0.998848,0.000165,0.000165,0.000165,0.000165,0.000165,0.000329
ACGTCTCGTTCCGGGA-1,0.998182,0.00026,0.00026,0.00026,0.00026,0.00026,0.00052
ACGTGACAAAGTAAGT-1,0.998922,0.000154,0.000154,0.000154,0.000154,0.000154,0.000308
ACGTGCGCCTCGTGCA-1,0.000021,0.117341,0.342045,0.112337,0.020277,0.26036,0.147621
ACGTTAATGTCGAAGA-1,0.622467,0.010681,0.045193,0.140756,0.09335,0.024457,0.063096
ACGTTAGATTTGCCCG-1,0.074178,0.10094,0.436761,0.046302,0.028624,0.134513,0.178683
ACGTTATTGGTCACTC-1,0.780364,0.13415,0.084738,0.00015,0.00015,0.00015,0.0003
ACGTTCCGCGCTCCGT-1,0.000262,0.117411,0.094666,0.077773,0.019863,0.375823,0.314202
ACGTTCGCAATCAATT-1,0.000019,0.085656,0.168911,0.054461,0.017722,0.563779,0.109453
ACGTTCGTTCAGGAAA-1,0.009295,0.28943,0.089601,0.042954,0.039295,0.197475,0.331951
ACGTTCTGTACAAGTC-1,0.105233,0.106719,0.151557,0.053436,0.244537,0.078375,0.260142
ACGTTTAGTTGTGATC-1,0.010546,0.037341,0.055043,0.057437,0.146296,0.248175,0.445163
ACTAAGGACGCACACC-1,0.048831,0.074645,0.076938,0.313699,0.348567,0.028365,0.108955
ACTAATACGTCAGGCG-1,0.004422,0.022329,0.04006,0.072684,0.167774,0.202917,0.489814
ACTACAAAGAGAGGTG-1,0.020824,0.115914,0.353732,0.219322,0.106333,0.09372,0.090155
ACTACATCCCGACAAG-1,0.919352,0.065766,0.000068,0.000068,0.000068,0.000068,0.014609
ACTACCAGCTCTCTGG-1,0.009058,0.06648,0.333891,0.050297,0.113864,0.1206,0.305809
ACTACGCGTTAGAATT-1,0.018014,0.276313,0.10187,0.26497,0.145823,0.07032,0.122691
ACTAGTTGCGATCGTC-1,0.185982,0.033881,0.034697,0.05043,0.241535,0.07529,0.378184
ACTATATGCTGTGTTC-1,0.000026,0.003464,0.029811,0.065964,0.123086,0.157628,0.62002
ACTATCCAGGGCATGG-1,0.00499,0.076319,0.255013,0.281048,0.12961,0.144162,0.108857
ACTATCGCCGGCTAAA-1,0.997972,0.00029,0.00029,0.00029,0.00029,0.00029,0.00058
ACTATCTGCCCGCGTA-1,0.147707,0.043797,0.092723,0.065639,0.183264,0.092975,0.373894
ACTATGTCCAGCTGCC-1,0.05116,0.630726,0.095916,0.01472,0.045677,0.037201,0.124601
ACTATTCGTCCGTGGT-1,0.000022,0.069099,0.090513,0.070932,0.032064,0.532698,0.204671
ACTATTTCCGGGCCCA-1,0.076624,0.186072,0.600225,0.081832,0.030514,0.017786,0.006948
ACTCAACGAATGTATT-1,0.03083,0.228141,0.066682,0.111273,0.238527,0.029848,0.294699
ACTCAAGTGCAAGGCT-1,0.144927,0.087643,0.347212,0.098881,0.181976,0.0507,0.088662
ACTCAATAAAGGCACG-1,0.001386,0.085061,0.508875,0.132272,0.051244,0.13574,0.085422
ACTCAGACCTGCTTCT-1,0.027067,0.172871,0.279075,0.049739,0.033256,0.194012,0.24398
ACTCATGGCAGCCTTC-1,0.127554,0.158284,0.26161,0.07163,0.049446,0.118019,0.213458
ACTCCAATATCATCAT-1,0.429551,0.125656,0.039265,0.058552,0.080062,0.017763,0.249151
ACTCCCATTCCTAAAG-1,0.9998,0.000029,0.000029,0.000029,0.000029,0.000029,0.000057
ACTCCCGAATTCGTTT-1,0.004415,0.025463,0.027496,0.325885,0.333178,0.048948,0.234615
ACTCCCGTAGACTAGG-1,0.014109,0.031637,0.0336,0.187508,0.308255,0.070573,0.354319
ACTCCCTAATGCTAAA-1,0.016962,0.187915,0.347484,0.212414,0.051907,0.135295,0.048022
ACTCCCTAGAATAGTA-1,0.069011,0.112777,0.293606,0.112569,0.124291,0.172911,0.114835
ACTCCGGCCGACCACT-1,0.051089,0.087018,0.081659,0.086794,0.137088,0.086705,0.469648
ACTCGATGTATTTCAT-1,0.998103,0.000271,0.000271,0.000271,0.000271,0.000271,0.000542
ACTCGCCGTTCGATAA-1,0.048313,0.049275,0.146386,0.08827,0.064391,0.314013,0.289353
ACTCGCGATCTGACGC-1,0.441053,0.132024,0.201892,0.079563,0.090896,0.024311,0.030261
ACTCGTAACCCGTCCT-1,0.130398,0.068434,0.150085,0.18228,0.274751,0.038038,0.156014
ACTCGTCAGTAATCCC-1,0.14092,0.079041,0.200405,0.24392,0.12185,0.098461,0.115404
ACTCTAAACCTGGGAT-1,0.997155,0.000406,0.000406,0.000406,0.000406,0.000406,0.000813
ACTCTCTGACTTAGGT-1,0.036403,0.16894,0.130601,0.096763,0.113972,0.208946,0.244375
