Barcode,Topic 1,Topic 2,Topic 3,Topic 4,Topic 5to8,Topic 9to12
AAACAAGTATCTCCCA-1,0.00001,0.034929,0.012244,0.007494,0.086868,0.858456
AAACAATCTACTAGCA-1,0.004007,0.100959,0.078896,0.063869,0.343321,0.408949
AAACACCAATAACTGC-1,0.007808,0.064541,0.000292,0.203331,0.302776,0.421253
AAACAGAGCGACTCCT-1,0.612633,0.000522,0.169335,0.214916,0.001297,0.001297
AAACAGCTTTCAGAAG-1,0.013398,0.019614,0.026771,0.086129,0.705624,0.148463
AAACAGGGTCTATATT-1,0.02318,0.014447,0.00001,0.005483,0.185983,0.770897
AAACAGTGTTCCTGGG-1,0.013333,0.046527,0.005854,0.003491,0.113016,0.817778
AAACATTTCCCGGATT-1,0.009171,0.000025,0.00763,0.002205,0.251254,0.729714
AAACCACTACACAGAT-1,0.015624,0.145401,0.046036,0.018587,0.112876,0.661476
AAACCCGAACGAAATC-1,0.084122,0.001544,0.003373,0.178329,0.188285,0.544348
AAACCGGAAATGTTAA-1,0.045168,0.07352,0.012025,0.000955,0.210379,0.657954
AAACCGGGTAGGTACC-1,0.053112,0.024246,0.162665,0.044661,0.627474,0.087843
AAACCGTTCGTCCAGG-1,0.099268,0.022195,0.00754,0.005038,0.191484,0.674476
AAACCTAAGCAGCCGG-1,0.000007,0.087341,0.029774,0.163126,0.331084,0.388667
AAACCTCATGAAGTTG-1,0.000006,0.046415,0.010553,0.034861,0.6275,0.280665
AAACGAAGAACATACC-1,0.000005,0.093053,0.127175,0.03435,0.290356,0.455062
AAACGACAGTCTTGCC-1,0.001539,0.089758,0.021824,0.005458,0.105336,0.776086
AAACGAGACGGTTGAT-1,0.004476,0.011363,0.152298,0.061333,0.17893,0.591602
AAACGCCCGAGATCGG-1,0.000011,0.00838,0.003764,0.000605,0.04696,0.940281
AAACGGGCGTACGGGT-1,0.037903,0.393429,0.017873,0.02794,0.229884,0.292971
AAACGGGTTGGTATCC-1,0.000017,0.004045,0.001501,0.070701,0.027578,0.896158
AAACGGTTGCGAACTG-1,0.041872,0.016766,0.131625,0.016897,0.48448,0.30836
AAACGTGTTCGCCCTA-1,0.001335,0.24497,0.000341,0.176538,0.079893,0.496922
AAACTAACGTGGCGAC-1,0.055812,0.235199,0.083136,0.085284,0.249129,0.29144
AAACTCGGTTCGCAAT-1,0.000012,0.002667,0.059923,0.004016,0.517415,0.415968
AAACTCGTGATATAAG-1,0.02228,0.012451,0.113677,0.025504,0.588817,0.237269
AAACTGCTGGCTCCAA-1,0.000009,0.032803,0.118533,0.020784,0.322393,0.505478
AAACTTAATTGCACGC-1,0.000017,0.000017,0.000017,0.000017,0.044445,0.955487
AAACTTGCAAACGTAT-1,0.000005,0.049649,0.034598,0.253901,0.604704,0.057144
AAAGACATGAAGTTTA-1,0.007468,0.007715,0.038838,0.033852,0.069886,0.842241
AAAGACCCAAGTCGCG-1,0.062202,0.017751,0.28872,0.087611,0.23756,0.306155
AAAGACTGGGCGCTTT-1,0.000006,0.045122,0.063325,0.192654,0.400344,0.298549
AAAGCTTGCCTACATA-1,0.250833,0.215927,0.000189,0.075325,0.000754,0.456972
AAAGGCCCTATAATAC-1,0.000008,0.000855,0.372902,0.017588,0.592004,0.016643
AAAGGCTACGGACCAT-1,0.015256,0.015019,0.127223,0.040814,0.421829,0.379857
AAAGGCTCTCGCGCCG-1,0.000908,0.001564,0.391225,0.030749,0.340137,0.235417
AAAGGGATGTAGCAAG-1,0.030191,0.029601,0.309348,0.057282,0.329985,0.243592
AAAGGGCAGCTTGAAT-1,0.000006,0.001267,0.143776,0.041393,0.342723,0.470834
AAAGGTAAGCTGTACC-1,0.088979,0.072252,0.063651,0.055348,0.091191,0.628579
AAAGGTCAACGACATG-1,0.007525,0.149081,0.010859,0.009247,0.151058,0.672229
AAAGTAGCATTGCTCA-1,0.003634,0.038528,0.024176,0.031946,0.806647,0.095069
AAAGTCACTGATGTAA-1,0.007766,0.05172,0.06198,0.064817,0.240001,0.573716
AAAGTCGACCCTCAGT-1,0.003307,0.011752,0.025209,0.089706,0.71314,0.156886
AAAGTGCCATCAATTA-1,0.023415,0.047056,0.018343,0.032646,0.308474,0.570066
AAAGTGTGATTTATCT-1,0.065282,0.138561,0.103861,0.077277,0.306285,0.308735
AAATAACCATACGGGA-1,0.003677,0.031847,0.151341,0.072552,0.503687,0.236896
AAATAAGGTAGTGCCC-1,0.482935,0.513225,0.000384,0.000384,0.001536,0.001536
AAATACCTATAAGCAT-1,0.000008,0.101865,0.169434,0.032578,0.214893,0.481223
AAATAGCTTAGACTTT-1,0.597223,0.402023,0.000075,0.000075,0.000302,0.000302
AAATAGGGTGCTATTG-1,0.000006,0.155626,0.2563,0.026866,0.370024,0.191178
AAATCACTCCTAAACG-1,0.046995,0.341,0.042721,0.033797,0.218384,0.317103
AAATCCGATACACGCC-1,0.00963,0.051574,0.090514,0.143917,0.587353,0.117012
AAATCGCGGAAGGAGT-1,0.000016,0.000016,0.003752,0.000016,0.301491,0.694709
AAATCGTGTACCACAA-1,0.000007,0.002005,0.546856,0.012708,0.399181,0.039243
AAATCTAGCCCTGCTA-1,0.009371,0.005053,0.005628,0.06002,0.184359,0.73557
AAATGACTGATCAAAC-1,0.003623,0.003623,0.003623,0.003623,0.971013,0.014493
AAATGATTCGATCAGC-1,0.016056,0.31635,0.008842,0.004042,0.11553,0.539179
AAATGCTCGTTACGTT-1,0.000009,0.018825,0.186098,0.01953,0.389515,0.386023
AAATGGCATGTCTTGT-1,0.000006,0.001898,0.445968,0.059697,0.285726,0.206705
AAATGGCCCGTGCCCT-1,0.01586,0.009122,0.079254,0.008098,0.835336,0.052329
AAATGGTCAATGTGCC-1,0.02688,0.142291,0.011329,0.008486,0.251106,0.559909
AAATGTGGGTGCTCCT-1,0.000007,0.153264,0.052496,0.009706,0.284739,0.499789
AAATTAACGGGTAGCT-1,0.012436,0.081881,0.014461,0.043442,0.376255,0.471524
AAATTAATAAGCGCGA-1,0.000012,0.000012,0.003871,0.055506,0.114003,0.826596
AAATTACACGACTCTG-1,0.014152,0.006024,0.055191,0.042792,0.270902,0.610939
AAATTACCTATCGATG-1,0.039655,0.005474,0.207895,0.01644,0.489414,0.241122
AAATTCCAGGTCCAAA-1,0.542455,0.45724,0.000031,0.000031,0.000122,0.000122
AAATTGATAGTCCTTT-1,0.019386,0.010279,0.218821,0.02441,0.716554,0.010549
AAATTGGTGAGAAGCA-1,0.004011,0.074795,0.022955,0.028722,0.213077,0.65644
AAATTTACCGAAATCC-1,0.009436,0.044406,0.057388,0.039135,0.187912,0.661723
AAATTTGCGGGTGTGG-1,0.00001,0.136823,0.002404,0.010741,0.330221,0.519801
AACAACTGGTAGTTGC-1,0.012776,0.017251,0.008676,0.017267,0.208278,0.735752
AACAATACATTGTCGA-1,0.004134,0.020509,0.026161,0.014712,0.546181,0.388304
AACAATTACTCTACGC-1,0.035764,0.01839,0.114006,0.013338,0.594475,0.224027
AACACACGCTCGCCGC-1,0.001916,0.203573,0.0173,0.011446,0.208139,0.557626
AACACGACTGTACTGA-1,0.000007,0.049885,0.111971,0.050276,0.31789,0.469971
AACACGAGACGCGGCC-1,0.009535,0.000702,0.006524,0.207271,0.398287,0.377681
AACACGCGGCCGCGAA-1,0.001813,0.087639,0.032044,0.22637,0.155127,0.497006
AACAGCTGTGTGGCAA-1,0.001191,0.134726,0.010266,0.006905,0.610105,0.236808
AACAGGAAATCGAATA-1,0.069464,0.141143,0.028369,0.075762,0.220254,0.465009
AACAGGATGGGCCGCG-1,0.000013,0.002322,0.000013,0.000013,0.069625,0.928013
AACAGGTAGTATGGAT-1,0.348887,0.11966,0.001894,0.033467,0.147275,0.348817
AACATAGCGTGTATCG-1,0.001208,0.001208,0.001208,0.172858,0.818688,0.004831
AACATATCAACTGGTG-1,0.0693,0.093613,0.106991,0.030965,0.290934,0.408198
AACATCGATACGTCTA-1,0.008355,0.066746,0.098613,0.010296,0.333757,0.482233
AACATTGAAGTTGATC-1,0.026158,0.075183,0.086217,0.000055,0.574843,0.237544
AACATTGTGACTCGAG-1,0.03766,0.15658,0.021848,0.012549,0.20979,0.561573
AACCAAGACTTCTCTG-1,0.082124,0.055994,0.005336,0.017491,0.367535,0.471521
AACCAGTATCACTCTT-1,0.000009,0.004327,0.425548,0.05034,0.26279,0.256986
AACCATAGGGTTGAAC-1,0.000011,0.000011,0.008003,0.004565,0.526773,0.460637
AACCATGGGATCGCTA-1,0.000012,0.014978,0.02582,0.020706,0.196213,0.742271
AACCCAGAGACGGAGA-1,0.00001,0.613313,0.000038,0.001972,0.018817,0.36585
AACCCATCCCATGATC-1,0.008382,0.021271,0.010321,0.019813,0.783558,0.156655
AACCCGACAACCCGTG-1,0.000016,0.000809,0.000016,0.00179,0.225776,0.771594
AACCCGAGCAGAATCG-1,0.089833,0.047049,0.000035,0.005332,0.03145,0.826301
AACCCGATAGGGCTTC-1,0.055898,0.054638,0.285989,0.028619,0.27834,0.296517
AACCCGCTGTATTCCA-1,0.001097,0.001097,0.450976,0.001097,0.004386,0.541348
AACCCTACTGTCAATA-1,0.165484,0.344355,0.04546,0.017034,0.14294,0.284727
AACCCTGGTGGAACCA-1,0.000008,0.001259,0.004956,0.007282,0.088732,0.897763
AACCGAGCTTGGTCAT-1,0.007773,0.03762,0.004976,0.021473,0.060383,0.867775
AACCGCTAAGGGATGC-1,0.126571,0.33534,0.053382,0.030776,0.313188,0.140742
AACCGTTGTGTTTGCT-1,0.015279,0.125397,0.070786,0.028809,0.275779,0.48395
AACCTAAAGCCGTCCG-1,0.045877,0.019924,0.001282,0.515893,0.043783,0.373241
AACCTCGCTTTAGCCC-1,0.029894,0.046239,0.095215,0.038862,0.556985,0.232804
AACCTGTCACGGAATT-1,0.725238,0.254,0.000046,0.020349,0.000184,0.000184
AACCTTTAAATACGGT-1,0.000007,0.262702,0.004452,0.009967,0.160434,0.562437
AACCTTTACGACGTCT-1,0.352566,0.559041,0.000514,0.083763,0.002058,0.002058
AACGAAAGTCGTCCCA-1,0.000007,0.000113,0.362482,0.017992,0.595388,0.024018
AACGATAATGCCGTAG-1,0.000008,0.058496,0.153493,0.127518,0.277067,0.383416
AACGATAGAAGGGCCG-1,0.000007,0.126514,0.111599,0.196695,0.334585,0.2306
AACGATATGTCAACTG-1,0.23052,0.722138,0.000078,0.023203,0.023749,0.000312
AACGCATGATCTGGGT-1,0.0256,0.05516,0.024112,0.011787,0.208739,0.674603
AACGCGACCTTGGGCG-1,0.00246,0.254633,0.023304,0.038494,0.387089,0.29402
AACGCGGTCTCCAGCC-1,0.015948,0.078293,0.031692,0.032151,0.217296,0.62462
AACGCTGTTGCTGAAA-1,0.00437,0.091718,0.036065,0.006191,0.198736,0.66292
AACGGACGTACGTATA-1,0.087044,0.0633,0.000025,0.000025,0.049204,0.800404
AACGGCCATCTCCGGT-1,0.000761,0.030466,0.290339,0.027642,0.542799,0.107993
AACGTACTGTGGGTAC-1,0.023928,0.150183,0.005283,0.010541,0.189147,0.620919
AACGTAGTCTACCCAT-1,0.000465,0.000813,0.164729,0.047629,0.344665,0.441699
AACGTCAGACTAGTGG-1,0.005108,0.01116,0.033393,0.032116,0.395147,0.523076
AACGTCATCCGGCTTG-1,0.041667,0.041668,0.041668,0.041668,0.666657,0.166672
AACGTGATGAAGGACA-1,0.046701,0.213492,0.003338,0.006436,0.039764,0.690269
AACGTGCGAAAGTCTC-1,0.000069,0.044437,0.625036,0.047274,0.209938,0.073246
AACGTTATCAGCACCT-1,0.000009,0.131957,0.000998,0.002777,0.201174,0.663085
AACGTTCTACCATTGT-1,0.000076,0.6268,0.010781,0.001366,0.313361,0.047617
AACTACCCGTTTGTCA-1,0.336633,0.076401,0.000115,0.000115,0.00046,0.586275
AACTAGCGTATCGCAC-1,0.000009,0.088314,0.052887,0.077334,0.213266,0.568189
AACTAGGCTTGGGTGT-1,0.000011,0.140022,0.013247,0.035759,0.142764,0.668197
AACTCAAGTTAATTGC-1,0.002491,0.03444,0.004423,0.005306,0.134469,0.818871
AACTCCAGAGCGTGTT-1,0.013442,0.032714,0.000072,0.439577,0.036319,0.477876
AACTCCTAATCCCATG-1,0.019004,0.000382,0.000007,0.87876,0.000028,0.101819
AACTCGATGGCGCAGT-1,0.000011,0.002347,0.03018,0.015898,0.240358,0.711207
AACTCTCAATAGAGCG-1,0.104786,0.020179,0.377847,0.016188,0.287042,0.193958
AACTCTCAGTGTGCTC-1,0.021578,0.003865,0.012981,0.014364,0.249531,0.697682
AACTGAGGTCAGCGTC-1,0.095485,0.251653,0.07928,0.025066,0.199249,0.349267
AACTGAGTTATACTGA-1,0.088105,0.009159,0.00317,0.280285,0.127383,0.491898
AACTGATATTAGGCCT-1,0.011413,0.008485,0.060235,0.024147,0.222553,0.673167
AACTGGGTCCCGACGT-1,0.000007,0.001046,0.127327,0.04278,0.379177,0.449664
AACTGGGTTCGAGCCG-1,0.008067,0.26224,0.062275,0.051803,0.116228,0.499387
AACTGGTGTGGGCCTT-1,0.00001,0.04189,0.029693,0.019248,0.163327,0.745832
AACTTCTGCGTCTATC-1,0.019897,0.133203,0.000518,0.00001,0.116472,0.7299
AACTTGCCCGTATGCA-1,0.006989,0.044934,0.036973,0.005887,0.313923,0.591294
AACTTGCGTTCTCGCG-1,0.000012,0.012742,0.104832,0.081332,0.425966,0.375115
AACTTTAGCTGCTGAG-1,0.00001,0.356648,0.000537,0.011532,0.053551,0.577723
AACTTTCTCGATCATG-1,0.033028,0.417501,0.01153,0.069563,0.264416,0.203962
AAGAAAGTTTGATGGG-1,0.002874,0.002874,0.002874,0.002874,0.97701,0.011495
AAGAAATCACCAGATT-1,0.004993,0.035643,0.162214,0.223544,0.481211,0.092394
AAGAAGGATCAGTTAG-1,0.000011,0.009711,0.000011,0.000011,0.057869,0.932386
AAGACATACGTGGTTT-1,0.000031,0.000031,0.000031,0.000031,0.001721,0.998153
AAGACCAAATAACTCA-1,0.010999,0.013962,0.000981,0.04229,0.453577,0.478191
AAGACCCAACTGAACA-1,0.004257,0.024517,0.05484,0.026213,0.195382,0.694791
AAGACTAACCCGTTGT-1,0.000009,0.000009,0.042681,0.010146,0.343752,0.603404
AAGACTCACGCCCACT-1,0.000007,0.107646,0.028184,0.038562,0.170345,0.655256
AAGACTGCAAGCTACT-1,0.125464,0.569352,0.051462,0.132937,0.114519,0.006267
AAGAGATGAATCGGTA-1,0.00001,0.117635,0.003544,0.002503,0.206219,0.67009
AAGAGCTCTTTATCGG-1,0.000007,0.03655,0.315747,0.033578,0.160638,0.45348
AAGAGGATGTACGCGA-1,0.002802,0.12346,0.029106,0.005207,0.44912,0.390304
AAGAGGCATGGATCGC-1,0.000007,0.101008,0.304526,0.100231,0.233693,0.260536
AAGAGGCCCTTTGGAA-1,0.001879,0.215122,0.182875,0.018047,0.465984,0.116093
AAGATGGCACCGGACC-1,0.027551,0.009484,0.152902,0.057147,0.574043,0.178873
AAGATTGGCGGAACGT-1,0.178145,0.41767,0.000079,0.000079,0.000315,0.403713
AAGCACCCTGCGTATC-1,0.005269,0.290745,0.009845,0.001779,0.151626,0.540737
AAGCATACTCTCCTGA-1,0.00001,0.254328,0.013123,0.017531,0.102245,0.612763
AAGCCGAAGCGGTTTA-1,0.109176,0.022308,0.003377,0.018572,0.018893,0.827674
AAGCCGCCGTGAAATC-1,0.020288,0.002201,0.082392,0.069596,0.738317,0.087207
AAGCCGCTTTACCTTG-1,0.015521,0.328198,0.000014,0.002289,0.092315,0.561663
AAGCCGGAGAGCAGGA-1,0.000025,0.000025,0.000025,0.000025,0.042685,0.957214
AAGCGCAGGGCTTTGA-1,0.021105,0.014108,0.00605,0.016106,0.226267,0.716363
AAGCGGAGTGCGCGCA-1,0.006305,0.031295,0.002105,0.00373,0.136617,0.819948
AAGCGGCGTCATGGGT-1,0.000011,0.012508,0.040452,0.029942,0.090311,0.826775
AAGCGTCCCTCATCGA-1,0.023421,0.012352,0.008571,0.043516,0.265706,0.646435
AAGCTAGATCGAGTAA-1,0.000006,0.012116,0.322679,0.06155,0.297313,0.306336
AAGCTCGTGCCAAGTC-1,0.000009,0.219278,0.065288,0.032833,0.109536,0.573056
AAGCTCTTTCATGGTG-1,0.003418,0.005094,0.000012,0.00102,0.114362,0.876094
AAGGAGAACTTATAAG-1,0.000004,0.042541,0.091441,0.09801,0.255255,0.512748
AAGGAGCGGTTGGTGC-1,0.02976,0.048762,0.029375,0.031714,0.295661,0.564728
AAGGATCGATCGCTTG-1,0.855859,0.082237,0.002961,0.045464,0.013328,0.000151
AAGGATGAGGGACCTC-1,0.015107,0.171076,0.039873,0.021643,0.269614,0.482688
AAGGCAGGCTGTCTCC-1,0.506719,0.144803,0.00009,0.00009,0.000358,0.34794
AAGGCGCGTAAAGCTT-1,0.013214,0.018793,0.13221,0.095484,0.412553,0.327746
AAGGCTGTGCTCATCG-1,0.000006,0.000006,0.678469,0.010861,0.310399,0.000258
AAGGGAACGACTGGCT-1,0.031711,0.157332,0.004639,0.008647,0.448292,0.349378
AAGGGACAGATTCTGT-1,0.25748,0.000386,0.000386,0.000386,0.001543,0.73982
AAGGGACTATGCATTC-1,0.011516,0.311511,0.028674,0.009589,0.457413,0.181297
AAGGGTTAGCCATGCG-1,0.000043,0.213475,0.146225,0.027655,0.466099,0.146503
AAGGTATCCTAATATA-1,0.035607,0.000007,0.007262,0.019335,0.0001,0.937688
AAGGTGATAAACCAGC-1,0.072977,0.005351,0.000028,0.000028,0.065034,0.856583
AAGTAAGCTTCCAAAC-1,0.000005,0.006977,0.179146,0.112167,0.364206,0.337499
AAGTAGAAGACCGGGT-1,0.000007,0.072088,0.216525,0.092455,0.269654,0.349271
AAGTAGTGACGCGAGG-1,0.000017,0.000017,0.000017,0.000017,0.141652,0.858281
AAGTCAATTGTCGTCA-1,0.076955,0.027665,0.047389,0.158072,0.113942,0.575977
AAGTCTAGTAGCTGCC-1,0.021922,0.183195,0.015543,0.277815,0.116982,0.384543
AAGTCTTCTGTGGCCT-1,0.000035,0.071525,0.010867,0.075941,0.306434,0.535199
AAGTGACGACCGAATT-1,0.015052,0.013429,0.116015,0.049775,0.771626,0.034102
AAGTGAGTCGGGTTTA-1,0.000009,0.015393,0.000387,0.000545,0.119504,0.864161
AAGTGCCTTGACTGTA-1,0.312503,0.610174,0.000359,0.000359,0.075167,0.001437
AAGTGCGTTAGAATCT-1,0.009587,0.252511,0.001899,0.007561,0.290091,0.43835
AAGTGCTTCTCTATTG-1,0.000018,0.000019,0.015401,0.000474,0.439352,0.544736
AAGTGTTTGGAGACGG-1,0.001064,0.024063,0.092581,0.019498,0.319008,0.543786
AAGTTCACTCCAAGCT-1,0.030352,0.005641,0.015238,0.124318,0.186972,0.637479
AAGTTCAGTCTGCGTA-1,0.028323,0.047832,0.000014,0.007018,0.046317,0.870496
AAGTTCGGCCAACAGG-1,0.002751,0.029908,0.003596,0.029613,0.312799,0.621334
AAGTTGTGATGTTATA-1,0.009241,0.000026,0.000026,0.000026,0.060255,0.930424
AAGTTTACTAATGGCA-1,0.000009,0.153605,0.037369,0.061231,0.181646,0.56614
AAGTTTATGGGCCCAA-1,0.029079,0.005335,0.067798,0.005655,0.376621,0.515513
AATAACAACGCTCGGC-1,0.007731,0.000232,0.326584,0.047852,0.560517,0.057083
AATAACACTAGAACAA-1,0.067394,0.014286,0.004726,0.002106,0.280573,0.630914
AATAAGTCCTCGAGAC-1,0.000009,0.041604,0.000009,0.000009,0.012366,0.946003
AATAATCTTCGTATCG-1,0.04488,0.014008,0.221548,0.010223,0.606056,0.103285
AATACAATGTTTCAGG-1,0.019243,0.009833,0.11941,0.028598,0.17838,0.644536
AATACCGGAGGGCTGT-1,0.015188,0.02175,0.032715,0.050063,0.642239,0.238045
AATACCTGATGTGAAC-1,0.052438,0.000045,0.059217,0.004479,0.611273,0.272547
AATAGAACAGAGTGGC-1,0.000007,0.106079,0.230931,0.01955,0.513574,0.12986
AATAGAATCTGTTTCA-1,0.033536,0.043378,0.005246,0.106886,0.077121,0.733832
AATAGCAAGCCTCCTG-1,0.031464,0.037268,0.163393,0.031315,0.190077,0.546484
AATAGCTACCGCGTGC-1,0.030381,0.266443,0.003065,0.009238,0.088416,0.602456
AATAGGCACGACCCTT-1,0.083333,0.083333,0.083333,0.083333,0.333333,0.333333
AATAGTCCGTCCCGAC-1,0.000009,0.031835,0.013499,0.008154,0.186911,0.759592
AATATCAAGGTCGGAT-1,0.000008,0.185485,0.041055,0.020673,0.408301,0.344479
AATATCGAATCAATGC-1,0.457213,0.422012,0.000068,0.018619,0.000272,0.101816
AATATCGAGGGTTCTC-1,0.136224,0.160983,0.20129,0.080586,0.195219,0.225698
AATATTGGAGTATTGA-1,0.018946,0.025527,0.007731,0.014908,0.591476,0.341412
AATCAGACTGCAGGAC-1,0.000012,0.012155,0.032241,0.085073,0.284741,0.585778
AATCAGGTTTCATTTA-1,0.007202,0.010426,0.030283,0.004676,0.526999,0.420414
AATCCAAGGGCCTGAG-1,0.000006,0.003889,0.341952,0.111456,0.418022,0.124675
AATCCATGCAAGGGTG-1,0.00001,0.002333,0.028015,0.004509,0.330286,0.634846
AATCCCGCTCAGAGCC-1,0.003623,0.32452,0.003623,0.003623,0.650116,0.014493
AATCGAGGTCTCAAGG-1,0.002778,0.002778,0.002778,0.403628,0.011112,0.576926
AATCGCCTCAGCGCCA-1,0.003707,0.156962,0.071169,0.06669,0.190318,0.511155
AATCGCGCAGAGGACT-1,0.579674,0.412128,0.000023,0.006753,0.000094,0.001327
AATCGGGACACTACGA-1,0.000009,0.000863,0.040703,0.019398,0.136698,0.802329
AATCGTGAGCCGAGCA-1,0.00866,0.002546,0.223374,0.074716,0.530358,0.160346
AATCTAGGTTTACTTG-1,0.006028,0.005905,0.000013,0.000034,0.333147,0.654872
AATCTATGCCGGAGCC-1,0.015606,0.003558,0.006558,0.003272,0.110523,0.860483
AATCTCTACTGTGGTT-1,0.000393,0.000078,0.12549,0.074703,0.750325,0.049011
AATCTGCGTTGGGACG-1,0.12143,0.060682,0.003411,0.030236,0.127019,0.657222
AATCTGGCTTTCTAGT-1,0.001469,0.177595,0.011466,0.006719,0.544169,0.258581
AATCTGGGTAGACCCT-1,0.000008,0.024654,0.093056,0.0332,0.161988,0.687094
AATGACAGCAATGTCT-1,0.00972,0.01034,0.001201,0.024949,0.231481,0.72231
AATGACGTAGGATGTC-1,0.014022,0.082872,0.164593,0.046272,0.326431,0.36581
AATGACTGTCAGCCGG-1,0.113145,0.039643,0.278039,0.085478,0.352621,0.131074
AATGAGTTCGCATATG-1,0.000445,0.202579,0.00631,0.004877,0.232731,0.553058
AATGATGATACGCTAT-1,0.625041,0.292427,0.000391,0.000391,0.001565,0.080185
AATGATGCGACTCCTG-1,0.163331,0.182956,0.000036,0.020648,0.106853,0.526176
AATGCAACCGGGTACC-1,0.01826,0.040428,0.013712,0.044658,0.187903,0.695039
AATGCACCAAGCAATG-1,0.20552,0.395583,0.000049,0.060907,0.07367,0.264271
AATGGCCGCCAATGCG-1,0.010841,0.351825,0.000016,0.000016,0.063755,0.573546
AATGGTCCACCGTTCA-1,0.000005,0.041747,0.146946,0.006876,0.532991,0.271434
AATGGTTCTCACAAGC-1,0.000278,0.00176,0.159935,0.034885,0.338323,0.464819
AATGTATGGCACTGTA-1,0.00002,0.00002,0.00002,0.00002,0.092037,0.907882
AATGTGCCCGAGGTGT-1,0.000007,0.009942,0.128849,0.01349,0.788097,0.059615
AATGTGCTAATCTGAG-1,0.009054,0.088472,0.000011,0.002453,0.169499,0.730512
AATGTTAAGACCCTGA-1,0.000502,0.366952,0.000502,0.335282,0.28324,0.013523
AATGTTGTCGTGAGAC-1,0.012101,0.013375,0.063194,0.280714,0.449568,0.181049
AATTAAAGGTCGGCGT-1,0.081674,0.117499,0.087838,0.021795,0.456067,0.235127
AATTAACGGATTTCCA-1,0.000009,0.030747,0.124595,0.019473,0.381898,0.443279
AATTACGAGACCCATC-1,0.000026,0.001898,0.000026,0.000026,0.165752,0.832273
AATTAGCGCTGCAGCG-1,0.000012,0.05375,0.0212,0.018618,0.128976,0.777444
AATTATACCCAGCAAG-1,0.000916,0.000916,0.000916,0.395879,0.59771,0.003663
AATTCATAAGGGATCT-1,0.454982,0.346115,0.000292,0.000292,0.197149,0.00117
AATTCATTGTCATGCA-1,0.00001,0.00001,0.272731,0.01596,0.669956,0.041333
AATTCCAAGCATGTAC-1,0.005254,0.060994,0.073824,0.009212,0.288672,0.562043
AATTCGATTCGAGGAT-1,0.000017,0.006858,0.002258,0.055548,0.101242,0.834077
AATTCTAGAGTTAGGC-1,0.00001,0.018551,0.092968,0.057924,0.325473,0.505074
AATTGAACGCTCTGGT-1,0.000009,0.246792,0.068937,0.027072,0.230989,0.426201
AATTGCAGCAATCGAC-1,0.000036,0.058774,0.004343,0.0061,0.398285,0.532463
AATTGCGTGGATTACA-1,0.000025,0.000025,0.008956,0.000049,0.513227,0.477717
AATTGTGGTTGCCAAA-1,0.001767,0.000741,0.065235,0.031351,0.468051,0.432856
AATTTGGGACATAGTA-1,0.056739,0.044197,0.121077,0.2204,0.208988,0.3486
AATTTGGTTCCAAAGA-1,0.000279,0.094308,0.034182,0.013024,0.175468,0.682739
ACAAACCATGCGTCCT-1,0.033661,0.047892,0.005397,0.134837,0.443293,0.33492
ACAAACCGACAAGGCG-1,0.002913,0.000008,0.000008,0.000008,0.002954,0.994109
ACAAACTCCATCAGAG-1,0.027778,0.027779,0.02778,0.69443,0.111117,0.111116
ACAAAGCATGACCTAG-1,0.003678,0.004502,0.095907,0.020118,0.518038,0.357757
ACAAATCGCACCGAAT-1,0.031667,0.037161,0.151614,0.045751,0.434422,0.299384
ACAAATGGTAGTGTTT-1,0.007279,0.108574,0.325595,0.045868,0.304059,0.208625
ACAAATTCAGATCTGA-1,0.017304,0.016208,0.169269,0.050875,0.172903,0.573441
ACAACAGCATGAGCTA-1,0.003175,0.139716,0.36392,0.208753,0.120191,0.164244
ACAACGGTCCCTGCGA-1,0.000008,0.019121,0.031155,0.082794,0.23535,0.631572
ACAAGCAGTGCCTAGC-1,0.000009,0.780194,0.002551,0.000024,0.024326,0.192896
ACAAGGAAATCCGCCC-1,0.00001,0.155293,0.018114,0.074241,0.131383,0.620959
ACAAGGACAAGAGGTT-1,0.00263,0.000012,0.000012,0.000012,0.022722,0.974611
ACAAGGATGCTTTAGG-1,0.090465,0.013824,0.045386,0.040611,0.353349,0.456366
ACAAGGCCTACCAGCC-1,0.032291,0.26436,0.024765,0.008505,0.045903,0.624175
ACAAGGGCAGGCTCTG-1,0.017463,0.040624,0.047661,0.040391,0.221737,0.632125
ACAATAGTCGTACGTT-1,0.046166,0.049193,0.015237,0.015102,0.52744,0.346862
ACAATCCATTTAAACC-1,0.000007,0.000339,0.132579,0.010991,0.497841,0.358242
ACAATCGATCTTTATA-1,0.000007,0.00496,0.207537,0.027447,0.269762,0.490286
ACAATGAATACGGAGA-1,0.013815,0.026275,0.004701,0.005736,0.406584,0.542889
ACAATGATTCTTCTAC-1,0.072413,0.018504,0.063297,0.115002,0.239917,0.490867
ACAATTTAGGAGGCTC-1,0.014426,0.016181,0.134982,0.031337,0.632028,0.171046
ACAATTTGAGCAGTGG-1,0.041004,0.087509,0.0541,0.073437,0.196555,0.547395
ACAATTTGGCCATATT-1,0.59196,0.389693,0.000071,0.000071,0.000284,0.017922
ACACAAAGACGGGTGG-1,0.028272,0.18244,0.112586,0.04326,0.513962,0.11948
ACACAAATATTCCTAG-1,0.009834,0.00428,0.051874,0.01301,0.348367,0.572635
ACACACCAGGACCAGT-1,0.046377,0.064691,0.150699,0.023059,0.306611,0.408562
ACACACTTTCTACACG-1,0.013764,0.234259,0.160051,0.045221,0.2078,0.338906
ACACATGATCAAATCT-1,0.017029,0.017739,0.032188,0.171134,0.623922,0.137988
ACACATTTCCGTAGAC-1,0.001619,0.254048,0.173272,0.044615,0.289442,0.237004
ACACCACATAATTAGC-1,0.518922,0.070212,0.347764,0.000185,0.062176,0.000741
ACACCCAGCATGCAGC-1,0.049879,0.015402,0.215383,0.116855,0.323327,0.279154
ACACCCGAGAAATCCG-1,0.000006,0.227031,0.007911,0.005095,0.347222,0.412735
ACACCCGTAAATCTGT-1,0.074215,0.273091,0.006534,0.058935,0.090179,0.497047
ACACCGGTCTGACCGC-1,0.000009,0.12122,0.083768,0.069765,0.681327,0.043911
ACACCTTAAGTAGGGC-1,0.004662,0.150693,0.005411,0.019944,0.430765,0.388526
ACACCTTACTACTTGC-1,0.4649,0.127101,0.000071,0.048134,0.000284,0.359511
ACACGAGACTCCTTCT-1,0.000004,0.014771,0.767286,0.049097,0.10531,0.063531
ACACGGCACTATGCAT-1,0.00001,0.048941,0.00001,0.003877,0.044535,0.902627
ACACGGGAACTTAGGG-1,0.020167,0.022548,0.109481,0.036092,0.222581,0.589131
ACACGTAGGCCACAAG-1,0.022745,0.260544,0.000023,0.000023,0.000092,0.716573
ACACTCCAATGTCACT-1,0.000011,0.00022,0.005383,0.002567,0.136056,0.855764
ACACTGATCAAGGTGT-1,0.037226,0.033219,0.264137,0.01384,0.501501,0.150078
ACACTGGGACAGTCGT-1,0.022202,0.000026,0.065986,0.000026,0.387885,0.523875
ACAGAACTGAGAACAA-1,0.021593,0.014597,0.019155,0.231022,0.428651,0.284981
ACAGATTAGGTTAGTG-1,0.000008,0.037327,0.119049,0.024597,0.293031,0.525989
ACAGCATAGAGCCAGT-1,0.06371,0.007377,0.242117,0.048859,0.298014,0.339922
ACAGCGCACCCGCAGC-1,0.000009,0.565807,0.000009,0.001348,0.012096,0.420731
ACAGGCACGGATCCTT-1,0.034299,0.020879,0.070292,0.035452,0.38482,0.454257
ACAGGCTTGCCCGACT-1,0.041065,0.031192,0.130588,0.10983,0.407482,0.279843
ACAGGTGGAGGTGAGG-1,0.077354,0.031135,0.000021,0.017867,0.191433,0.682189
ACAGTAATACAACTTG-1,0.013162,0.008037,0.000587,0.002853,0.33541,0.639951
ACAGTATACCGTGGGA-1,0.017386,0.000938,0.165869,0.010679,0.552028,0.2531
ACAGTGCAGCGCATTT-1,0.14188,0.25876,0.072868,0.036502,0.124837,0.365153
ACATAAGTCGTGGTGA-1,0.023998,0.028708,0.00014,0.004767,0.465564,0.476823
ACATAATAAGGCGGTG-1,0.000009,0.074467,0.019175,0.035573,0.192318,0.678457
ACATCAGCTGGGACGC-1,0.047633,0.021142,0.022612,0.014908,0.434485,0.45922
ACATCCCGGCCATACG-1,0.003822,0.05748,0.325658,0.204802,0.263267,0.14497
ACATCCTGGTAACTGT-1,0.513619,0.485882,0.00005,0.00005,0.0002,0.0002
ACATCGATCGTTTACC-1,0.000013,0.011822,0.009137,0.380089,0.094073,0.504867
ACATCGGTCAGCCGCG-1,0.000008,0.056997,0.174401,0.078073,0.530812,0.159709
ACATCGTATGCAATGG-1,0.000012,0.170654,0.000994,0.003227,0.070988,0.754126
ACATCGTTAACCTAGT-1,0.000006,0.100302,0.289936,0.078292,0.216689,0.314774
ACATCTCAACGCGTAA-1,0.000009,0.052225,0.00009,0.000131,0.024603,0.922943
ACATGCTTACGGCAGC-1,0.001736,0.001736,0.001736,0.196488,0.006945,0.791359
ACATGGCGCCAAAGTA-1,0.483085,0.287969,0.000142,0.000142,0.000569,0.228093
ACATTAGTTTATATCC-1,0.000009,0.092018,0.107598,0.045274,0.329066,0.426034
ACCAAACACCCAGCGA-1,0.00879,0.079086,0.022448,0.018855,0.306396,0.564425
ACCAAACTAGAAATCC-1,0.000851,0.025214,0.044446,0.023049,0.179223,0.727216
ACCAACACCACACACT-1,0.023958,0.195611,0.103665,0.045007,0.342693,0.289066
ACCAACCGCACTCCAC-1,0.000015,0.067593,0.023434,0.025498,0.484731,0.39873
ACCAACGCTTATTTAT-1,0.015317,0.01176,0.079334,0.027807,0.526797,0.338985
ACCAAGAACGCGTGTC-1,0.000007,0.047669,0.216892,0.166189,0.417758,0.151486
ACCAAGTCATCGGCAG-1,0.000017,0.000017,0.057412,0.011307,0.600394,0.330852
ACCAATATGCAAGTTA-1,0.003143,0.027226,0.115512,0.032644,0.409336,0.412139
ACCACAACTCAGAACA-1,0.017885,0.272978,0.071062,0.049494,0.262594,0.325987
ACCACAAGTTTCTATC-1,0.004314,0.006951,0.200886,0.046273,0.538666,0.20291
ACCACACGGTTGATGG-1,0.001323,0.001323,0.001323,0.001323,0.989417,0.005291
ACCACCAATGTAACAA-1,0.58052,0.224248,0.00022,0.00022,0.00088,0.193912
ACCACCCTCTCTTCTA-1,0.008688,0.141266,0.001455,0.012608,0.140883,0.6951
ACCACGTGCAGCTATA-1,0.003404,0.086001,0.048586,0.026678,0.172154,0.663177
ACCAGACCATAACAAC-1,0.01496,0.172264,0.057946,0.023962,0.450732,0.280135
ACCAGCCCGGTCTTTG-1,0.00001,0.035742,0.034943,0.010725,0.160904,0.757676
ACCAGGAGTGTGATCT-1,0.000009,0.007993,0.019112,0.009,0.063601,0.900285
ACCAGTGCCCGGTCAA-1,0.040054,0.018024,0.197501,0.073301,0.133087,0.538032
ACCAGTGCGGGAGACG-1,0.01141,0.025268,0.000018,0.000018,0.009638,0.953649
ACCATATCCGCAATAA-1,0.011367,0.054165,0.104051,0.031602,0.512985,0.28583
ACCATCCGCCAACTAG-1,0.000008,0.003096,0.002983,0.00384,0.36808,0.621992
ACCATCGTATATGGTA-1,0.002137,0.023729,0.006701,0.053844,0.238338,0.675251
ACCCAACGCCCGTGGC-1,0.05331,0.159937,0.577193,0.035042,0.139238,0.03528
ACCCACCTACATGCTC-1,0.000009,0.023035,0.042314,0.040919,0.229802,0.663921
ACCCATCTTGAGGGTA-1,0.000013,0.002688,0.042877,0.001986,0.317205,0.635232
ACCCATTTGTCCCTCT-1,0.00006,0.005027,0.00006,0.00006,0.276735,0.718059
ACCCGAGCGAAATTAC-1,0.008966,0.005894,0.100512,0.023963,0.781152,0.079512
ACCCGATTGGTTCCGA-1,0.000017,0.002387,0.039062,0.015961,0.407247,0.535325
ACCCGGAAACTCCCAG-1,0.000009,0.115638,0.03703,0.011393,0.210737,0.625192
ACCCGGAGCACCACAA-1,0.019858,0.310607,0.000019,0.00936,0.053421,0.606735
ACCCGGTTACACTTCC-1,0.00001,0.037839,0.194602,0.027252,0.511035,0.229262
ACCCGTAGCAGAGAAT-1,0.228198,0.070724,0.00853,0.073788,0.300653,0.318108
ACCCGTAGTCTAGTTG-1,0.055832,0.071468,0.000032,0.000032,0.055319,0.817319
ACCCGTGTCATCAGTA-1,0.000012,0.009567,0.14155,0.020858,0.284407,0.543607
ACCCTATGCCATATCG-1,0.051903,0.129058,0.048103,0.039101,0.383709,0.348127
ACCCTCCCGTCAGGGC-1,0.007842,0.010012,0.026081,0.027619,0.452752,0.475694
ACCCTCCCTTGCTATT-1,0.00001,0.038631,0.003061,0.007839,0.070233,0.880227
ACCCTGGTAACGCCCT-1,0.019536,0.002749,0.003702,0.009521,0.216589,0.747903
ACCCTTCATCTGCGAA-1,0.000009,0.154087,0.047583,0.015048,0.191581,0.591692
ACCCTTGCCTGGGTCG-1,0.013142,0.000014,0.000507,0.000014,0.136274,0.850049
ACCCTTTAGTTCTCCA-1,0.000011,0.18493,0.07766,0.104771,0.157072,0.475557
ACCGAAAGGGCCCTGC-1,0.000006,0.052638,0.245238,0.051332,0.286353,0.364433
ACCGAAGAGTCTGGTT-1,0.018895,0.000807,0.000024,0.013023,0.207762,0.759489
ACCGACACATCTCCCA-1,0.000008,0.020487,0.015944,0.0084,0.137594,0.817566
ACCGACTGAGTCCCAC-1,0.035033,0.053149,0.149694,0.044603,0.279541,0.437979
ACCGAGTCTCCTTATT-1,0.000011,0.13369,0.020561,0.07494,0.371457,0.39934
ACCGATAGGCATAACC-1,0.023286,0.040914,0.013427,0.012576,0.329527,0.580269
ACCGATATTTAATCAT-1,0.019009,0.071771,0.040705,0.153657,0.325006,0.389853
ACCGATGGTAGCATCG-1,0.434108,0.562134,0.000375,0.000375,0.001506,0.001502
ACCGCAATAACTGCCT-1,0.03106,0.00601,0.010551,0.008297,0.177783,0.766299
ACCGCGGTGGAAGTCG-1,0.54541,0.451775,0.000282,0.000282,0.001126,0.001126
ACCGCTAGTCATTGGT-1,0.000072,0.182982,0.139968,0.384775,0.291426,0.000776
ACCGGTCAGGTACACC-1,0.000013,0.097203,0.001471,0.00398,0.493782,0.403551
ACCGGTCTGAGTACGG-1,0.000007,0.008882,0.128447,0.050386,0.205988,0.60629
ACCGTGACCACGTGGG-1,0.015796,0.001666,0.01892,0.008326,0.364588,0.590704
ACCGTTCCCGCTCTGA-1,0.01158,0.063042,0.209485,0.137821,0.229284,0.348789
ACCTAAGTACCTTTCA-1,0.012099,0.234677,0.006235,0.001815,0.474416,0.270758
ACCTAATCGACTTCCT-1,0.001833,0.184824,0.019085,0.104571,0.197607,0.49208
ACCTACAGTATGTGGT-1,0.631298,0.333749,0.000037,0.000037,0.000148,0.034732
ACCTACTATAAATCTA-1,0.040686,0.010334,0.024229,0.053867,0.310302,0.560581
ACCTCCGCCCTCGCTG-1,0.023993,0.152754,0.003036,0.012835,0.194327,0.613054
ACCTCCGTTATTCACC-1,0.691363,0.307505,0.000113,0.000113,0.000453,0.000453
ACCTCGAACTTATGCT-1,0.0041,0.168593,0.000039,0.020953,0.527796,0.278518
ACCTGCGTGTCATGTT-1,0.048401,0.022939,0.000129,0.053231,0.20828,0.66702
ACCTTTCCTTTAGAAG-1,0.001416,0.043009,0.129945,0.051596,0.240854,0.533179
ACGAAATGGGCGGCAC-1,0.002076,0.368899,0.189988,0.116869,0.213689,0.108479
ACGACCCATGAGTTGC-1,0.010059,0.002038,0.142464,0.009982,0.605244,0.230213
ACGACTCTAGGGCCGA-1,0.008024,0.023412,0.058606,0.029746,0.413691,0.466521
ACGACTGGTCATACTC-1,0.028166,0.077341,0.00786,0.046265,0.320535,0.519834
ACGAGAACCCATCACG-1,0.01235,0.012853,0.071208,0.020158,0.213221,0.67021
ACGAGATATTTGCTTA-1,0.000012,0.649957,0.009164,0.05666,0.054584,0.229623
ACGAGGATACCACTCT-1,0.011699,0.022159,0.053087,0.013651,0.789643,0.109761
ACGAGGTTTACAACGT-1,0.007509,0.000023,0.000025,0.001278,0.558614,0.432552
ACGAGTACGGATGCCC-1,0.116417,0.032402,0.080057,0.015571,0.321348,0.434206
ACGATACATAGAACTA-1,0.010045,0.132156,0.031526,0.019849,0.250263,0.556161
ACGATCATACATAGAG-1,0.021744,0.14795,0.156243,0.048415,0.30056,0.325088
ACGATCATCTTGTAAA-1,0.271349,0.297719,0.000161,0.000161,0.02197,0.408639
ACGATGCATATGTTAT-1,0.0566,0.325027,0.000014,0.003006,0.09739,0.517963
ACGATGGATCCGATGC-1,0.000009,0.198983,0.001889,0.023054,0.055548,0.720516
ACGCAAACTAATAGAT-1,0.000007,0.312166,0.000007,0.004266,0.052093,0.63146
ACGCAATCACTACAGC-1,0.017077,0.041881,0.020578,0.001985,0.262085,0.656393
ACGCATAAATGACATG-1,0.013459,0.01707,0.010254,0.004315,0.040129,0.914773
ACGCATACGTTTACTA-1,0.000014,0.139674,0.001555,0.034964,0.063323,0.760469
ACGCATTCGTGAGTAC-1,0.034164,0.079205,0.014846,0.019903,0.293972,0.557911
ACGCCACTCGAAACAG-1,0.001208,0.001208,0.001208,0.001208,0.004831,0.990338
ACGCCAGATGATTTCT-1,0.046464,0.011691,0.045195,0.018542,0.125273,0.752836
ACGCCCAGCTGTCGAT-1,0.005887,0.129549,0.00001,0.00001,0.012846,0.851697
ACGCCGCTAGACGACC-1,0.032915,0.079914,0.029003,0.116727,0.289587,0.451854
ACGCGAAGTCAGACGA-1,0.000008,0.003773,0.198554,0.041618,0.44114,0.314908
ACGCGCTACACAGGGT-1,0.014022,0.004842,0.000934,0.01337,0.003098,0.963734
ACGCGGGCCAAGGACA-1,0.104215,0.001823,0.01959,0.00925,0.305058,0.560064
ACGCTAGTATCAGTGC-1,0.089828,0.212149,0.011533,0.014812,0.057463,0.614215
ACGCTAGTGATACACT-1,0.000014,0.461192,0.005318,0.002371,0.362995,0.16811
ACGCTGTGAGGCGTAG-1,0.013188,0.002989,0.002298,0.01142,0.516281,0.453824
ACGCTTAGTGTCTCTC-1,0.005713,0.045062,0.000571,0.45069,0.016351,0.481612
ACGGAATTTAGCAAAT-1,0.00001,0.078179,0.000729,0.014096,0.085032,0.821954
ACGGACGCAGCGACAA-1,0.062526,0.000196,0.56146,0.07965,0.295385,0.000783
ACGGACTCTCAAAGCG-1,0.000008,0.017115,0.067047,0.017379,0.247993,0.650457
ACGGAGCGCAAATTAC-1,0.051765,0.009809,0.327677,0.063612,0.500775,0.046362
ACGGATGGTGCGGATA-1,0.003124,0.016374,0.239505,0.067885,0.429811,0.243301
ACGGCACTTGCTTGGG-1,0.000012,0.127329,0.010472,0.032487,0.079839,0.74986
ACGGCCAACATGGACT-1,0.000007,0.013166,0.237196,0.061364,0.325285,0.362982
ACGGCGACGATGGGAA-1,0.000425,0.049344,0.01262,0.00522,0.086655,0.845736
ACGGCGGGTTGCCCTG-1,0.000011,0.012527,0.042682,0.022995,0.199318,0.722468
ACGGCTGGATGTAGAA-1,0.004349,0.004771,0.081547,0.088322,0.798183,0.022829
ACGGGAGTGTCGGCCC-1,0.006037,0.206073,0.006096,0.055846,0.358558,0.36739
ACGGGCGTATGCGACA-1,0.041999,0.078722,0.048486,0.018116,0.338415,0.474262
ACGGGTTGTGACCTGT-1,0.196824,0.238784,0.00008,0.00008,0.017167,0.547065
ACGGTACAGTTCAATG-1,0.003561,0.062504,0.019981,0.024977,0.360491,0.528485
ACGGTCACCGAGAACA-1,0.085046,0.029515,0.051886,0.023105,0.667372,0.143076
ACGTACAGATTTCTCT-1,0.000009,0.001787,0.036551,0.01407,0.221842,0.725741
ACGTACTTTGGCACGG-1,0.008376,0.045805,0.048224,0.009211,0.525731,0.362655
ACGTAGATTGCTGATG-1,0.025063,0.539625,0.005009,0.004279,0.122759,0.303266
ACGTAGGAGAGTCGCT-1,0.016612,0.011665,0.04695,0.020347,0.3795,0.524925
ACGTCCTAAACGAGAT-1,0.000008,0.126032,0.006673,0.014963,0.079177,0.773147
ACGTCTCGTTCCGGGA-1,0.014006,0.02426,0.013323,0.01768,0.430812,0.499919
ACGTGCGCCTCGTGCA-1,0.010156,0.018028,0.023411,0.028303,0.226685,0.693416
ACGTGGTCGAATGTGC-1,0.011892,0.009231,0.173383,0.033788,0.35041,0.421295
ACGTTAATGTCGAAGA-1,0.025221,0.017451,0.255167,0.048489,0.297914,0.355757
ACGTTAGATTTGCCCG-1,0.003793,0.00038,0.016529,0.000896,0.341323,0.63708
ACGTTATTGGTCACTC-1,0.018833,0.016759,0.027882,0.010959,0.344573,0.580993
ACGTTCACTATGCCGC-1,0.027558,0.4478,0.021166,0.000583,0.381592,0.121301
ACGTTCCGCGCTCCGT-1,0.000007,0.002622,0.037767,0.01401,0.236417,0.709176
ACGTTCGCAATCAATT-1,0.964481,0.000105,0.000105,0.000105,0.00042,0.034783
ACGTTCGTTCAGGAAA-1,0.012282,0.046219,0.184595,0.096133,0.421344,0.239426
ACGTTCTGTACAAGTC-1,0.002552,0.211092,0.008904,0.004674,0.179162,0.593616
ACGTTGTCGTTGAAAG-1,0.002137,0.002137,0.002137,0.002137,0.008547,0.982905
ACGTTTAGTTGTGATC-1,0.000008,0.051878,0.463854,0.061597,0.273289,0.149374
ACTAAGGACGCACACC-1,0.00001,0.038962,0.002438,0.009651,0.098516,0.850424
ACTAATACGTCAGGCG-1,0.000008,0.01474,0.163287,0.095452,0.231139,0.495374
ACTACAAAGAGAGGTG-1,0.000013,0.162517,0.057727,0.0113,0.628258,0.140186
ACTACATCCCGACAAG-1,0.007229,0.018785,0.00008,0.02808,0.2937,0.652126
ACTACCAGCTCTCTGG-1,0.018317,0.100343,0.010594,0.045046,0.293728,0.531972
ACTACGCGTTAGAATT-1,0.000008,0.033092,0.125445,0.018503,0.427683,0.395268
ACTAGTTGCGATCGTC-1,0.011351,0.161916,0.052215,0.009774,0.087442,0.677301
ACTATATGCTGTGTTC-1,0.03394,0.161772,0.032327,0.047635,0.195699,0.528626
ACTATCCAGGGCATGG-1,0.867353,0.085009,0.020767,0.026675,0.000098,0.000098
ACTATCTGCCCGCGTA-1,0.214742,0.232521,0.000025,0.032501,0.066667,0.453543
ACTATGTCCAGCTGCC-1,0.022461,0.000749,0.010866,0.00883,0.643992,0.313101
ACTATTCGTCCGTGGT-1,0.043017,0.172912,0.29932,0.029681,0.2153,0.23977
ACTATTTCCGGGCCCA-1,0.010741,0.014457,0.312836,0.027512,0.540144,0.09431
ACTCAACGAATGTATT-1,0.028913,0.06668,0.005137,0.031123,0.151099,0.717047
ACTCAATAAAGGCACG-1,0.000332,0.203273,0.110091,0.024909,0.238572,0.422823
ACTCAGACCTGCTTCT-1,0.000008,0.02352,0.316971,0.103428,0.283394,0.272679
ACTCATGGCAGCCTTC-1,0.000024,0.309677,0.000024,0.000024,0.376702,0.313549
ACTCCAATATCATCAT-1,0.00168,0.162315,0.00622,0.009186,0.317296,0.503303
ACTCCCATTCCTAAAG-1,0.039082,0.059344,0.022048,0.035657,0.611332,0.232536
ACTCCCGAATTCGTTT-1,0.51318,0.48219,0.000463,0.000463,0.001852,0.001852
ACTCCCGTAGACTAGG-1,0.000708,0.319168,0.015123,0.012535,0.236811,0.415654
ACTCCCTAATGCTAAA-1,0.000008,0.178831,0.008019,0.000644,0.162674,0.649825
ACTCCCTAGAATAGTA-1,0.00001,0.051625,0.033264,0.009387,0.180172,0.725542
ACTCCGGCCGACCACT-1,0.033237,0.090287,0.023147,0.03542,0.330266,0.487644
ACTCGATGTATTTCAT-1,0.000006,0.004016,0.106006,0.024486,0.608607,0.256879
ACTCGCGATCTGACGC-1,0.451185,0.546737,0.000208,0.000208,0.000831,0.000831
ACTCGTAACCCGTCCT-1,0.086449,0.024587,0.000566,0.015675,0.304851,0.567871
ACTCGTCAGTAATCCC-1,0.01943,0.053189,0.309727,0.100329,0.106422,0.410903
ACTCTCTGACTTAGGT-1,0.008043,0.026564,0.377248,0.151281,0.273849,0.163015
ACTCTCTTATACACGA-1,0.012293,0.113741,0.005861,0.003968,0.09236,0.771777
ACTCTGACCTAATAGA-1,0.034259,0.012931,0.107006,0.01576,0.676752,0.153291
ACTCTTCAGCTCCCGC-1,0.114584,0.137376,0.000023,0.106092,0.016895,0.62503
ACTCTTGTATAGTAAC-1,0.046673,0.027931,0.005694,0.011167,0.095157,0.813377
ACTGAAACGCCGTTAG-1,0.024135,0.178333,0.311669,0.015149,0.441987,0.028726
ACTGAATGGCGAAAGT-1,0.000007,0.014388,0.239218,0.064703,0.327158,0.354527
ACTGATTTAGTGATTC-1,0.000009,0.06376,0.037796,0.339814,0.222512,0.336109
ACTGCCGTCGTAACTC-1,0.095584,0.016808,0.006239,0.032974,0.067946,0.780449
ACTGCGGACACACCGT-1,0.767815,0.227897,0.000043,0.000043,0.00398,0.000223
ACTGCTCGGAAGGATG-1,0.000012,0.32456,0.000012,0.000709,0.329652,0.345055
ACTGGCGAACCTGCGT-1,0.000006,0.012809,0.232713,0.045485,0.565509,0.143478
ACTGGGATGCCAGTGC-1,0.009295,0.003894,0.011559,0.000022,0.093691,0.881539
ACTGTACGATACACAT-1,0.017098,0.120263,0.015348,0.024326,0.065334,0.757631
ACTGTAGCACTTTGGA-1,0.000007,0.039783,0.249442,0.051692,0.547074,0.112
ACTGTATACGCGAGCA-1,0.000007,0.013803,0.330108,0.042943,0.430204,0.182935
ACTGTCCAGGATTATA-1,0.010338,0.027495,0.060955,0.018082,0.381816,0.501314
ACTGTCTTCTTTAGAA-1,0.030348,0.157289,0.005579,0.004506,0.21404,0.588238
ACTGTGCTAGTAGATC-1,0.000009,0.083598,0.000009,0.700782,0.031765,0.183837
ACTGTTTAGTGTAGGC-1,0.000007,0.003091,0.208108,0.05911,0.220785,0.508899
ACTTACCGGGCGCGCA-1,0.032788,0.129135,0.002016,0.053792,0.023494,0.758775
ACTTACGCATCCACGC-1,0.003798,0.001044,0.21294,0.023927,0.473581,0.28471
ACTTAGTACGACAAGA-1,0.000006,0.015636,0.234056,0.062562,0.420622,0.267119
ACTTATACTTACCCGG-1,0.137484,0.089038,0.103603,0.021854,0.247956,0.400065
ACTTATCTGATCTATA-1,0.001418,0.015305,0.209417,0.039862,0.423628,0.31037
ACTTATTAGGATCGGT-1,0.000018,0.371925,0.000021,0.007151,0.172298,0.448587
ACTTATTTATGTGCCA-1,0.016019,0.035341,0.324425,0.071821,0.308954,0.243441
ACTTCAGGCTGATCCC-1,0.00001,0.036303,0.001218,0.008657,0.098787,0.855025
ACTTCCATGCGGGACA-1,0.037485,0.033136,0.000022,0.000022,0.043393,0.885941
ACTTCCTGTCGTGCGA-1,0.078366,0.206736,0.000052,0.000052,0.000206,0.714588
ACTTCGCCATACGCAC-1,0.010958,0.103965,0.054332,0.020185,0.205842,0.604718
ACTTCGCTAGCGAGTG-1,0.027911,0.003817,0.168156,0.030362,0.629135,0.140619
ACTTGACTCCCTCTTT-1,0.048684,0.280621,0.101118,0.062017,0.247301,0.26026
ACTTGCCATATTGTAC-1,0.000008,0.08586,0.087446,0.054828,0.085002,0.686856
ACTTGGGACCCGGTGG-1,0.000009,0.050421,0.209407,0.060814,0.543692,0.135656
ACTTGGGCTTTCGCCA-1,0.027778,0.027778,0.027778,0.027778,0.111115,0.777772
ACTTGTAGTCCCTTCA-1,0.000011,0.002774,0.014663,0.006,0.564771,0.411781
ACTTGTGGATGGAACG-1,0.069788,0.07543,0.017643,0.084801,0.196963,0.555375
ACTTGTTACCGGATCA-1,0.001852,0.001852,0.001852,0.001852,0.477285,0.515307
ACTTTACCCTCATGAA-1,0.849144,0.000464,0.000458,0.000458,0.147644,0.001832
ACTTTATACACCACTT-1,0.353969,0.376104,0.162779,0.000434,0.001736,0.104977
ACTTTCCTATAGCTTC-1,0.020394,0.127174,0.031023,0.081274,0.348359,0.391776
ACTTTGACTGCATCCT-1,0.005439,0.012534,0.00864,0.215099,0.410857,0.34743
ACTTTGGTCGTGCTCC-1,0.009864,0.001903,0.003326,0.029216,0.539338,0.416352
ACTTTGTCGACGCACT-1,0.025192,0.016686,0.031503,0.048793,0.255856,0.621969
AGAAATTATGACTCGC-1,0.096141,0.002749,0.000027,0.014307,0.045462,0.841313
AGAACACGGCGATGGT-1,0.096481,0.004167,0.004167,0.004167,0.874351,0.016667
AGAACCCAGCGTGACA-1,0.292789,0.298823,0.000057,0.000057,0.004042,0.404232
AGAACCCTCAATTGGG-1,0.018094,0.007249,0.00188,0.002782,0.461311,0.508683
AGAACGTGGTACATTC-1,0.013665,0.022728,0.207667,0.082837,0.259021,0.414083
AGAACTGTACTTTGTA-1,0.000015,0.005783,0.051889,0.010554,0.340224,0.591535
AGAAGAGCGCCGTTCC-1,0.00029,0.00029,0.00029,0.00029,0.167771,0.831068
