Barcode,Topic 1,Topic 2to3,Topic 4to8
AAACAACGAATAGTTC-1,0.070514,0.003202,0.926284
AAACAAGTATCTCCCA-1,0.066115,0.259321,0.674564
AAACAATCTACTAGCA-1,0.803722,0.195595,0.000683
AAACACCAATAACTGC-1,0.00002,0.041788,0.958192
AAACAGAGCGACTCCT-1,0.21129,0.496361,0.292349
AAACAGCTTTCAGAAG-1,0.118036,0.854397,0.027567
AAACAGGGTCTATATT-1,0.001694,0.693567,0.304738
AAACAGTGTTCCTGGG-1,0.022193,0.092685,0.885122
AAACATGGTGAGAGGA-1,0.998944,0.000302,0.000754
AAACATTTCCCGGATT-1,0.161101,0.100052,0.738847
AAACCACTACACAGAT-1,0.530191,0.317403,0.152406
AAACCCGAACGAAATC-1,0.248173,0.374716,0.377111
AAACCGGAAATGTTAA-1,0.093235,0.323689,0.583076
AAACCGGGTAGGTACC-1,0.022111,0.186446,0.791444
AAACCGTTCGTCCAGG-1,0.092624,0.195935,0.711441
AAACCTAAGCAGCCGG-1,0.166826,0.320564,0.51261
AAACCTCATGAAGTTG-1,0.053052,0.771629,0.17532
AAACGAAGAACATACC-1,0.039063,0.494298,0.466639
AAACGAAGATGGAGTA-1,0.239806,0.657655,0.102539
AAACGACAGTCTTGCC-1,0.119976,0.089143,0.790881
AAACGAGACGGTTGAT-1,0.00123,0.021433,0.977337
AAACGCCCGAGATCGG-1,0.150611,0.507114,0.342275
AAACGCTGGGCACGAC-1,0.805267,0.14551,0.049222
AAACGGGCGTACGGGT-1,0.195974,0.189029,0.614997
AAACGGGTTGGTATCC-1,0.000048,0.445799,0.554154
AAACGGTTGCGAACTG-1,0.100036,0.163844,0.73612
AAACGTGTTCGCCCTA-1,0.00702,0.679751,0.313228
AAACTAACGTGGCGAC-1,0.055942,0.620797,0.32326
AAACTCGGTTCGCAAT-1,0.033505,0.199943,0.766553
AAACTCGTGATATAAG-1,0.013725,0.575381,0.410894
AAACTGCTGGCTCCAA-1,0.170116,0.319291,0.510593
AAACTTAATTGCACGC-1,0.327998,0.341024,0.330978
AAACTTGCAAACGTAT-1,0.25423,0.679768,0.066002
AAAGAATGACCTTAGA-1,0.406939,0.500371,0.09269
AAAGAATGTGGACTAA-1,0.010381,0.171602,0.818017
AAAGACATGAAGTTTA-1,0.045202,0.407392,0.547406
AAAGACCCAAGTCGCG-1,0.000068,0.506931,0.493001
AAAGACTGGGCGCTTT-1,0.00056,0.9657,0.03374
AAAGCTTGCCTACATA-1,0.011767,0.158051,0.830182
AAAGGCCCTATAATAC-1,0.547119,0.450359,0.002522
AAAGGCTACGGACCAT-1,0.045211,0.582599,0.37219
AAAGGCTCTCGCGCCG-1,0.261913,0.522164,0.215923
AAAGGGATGTAGCAAG-1,0.019139,0.116836,0.864025
AAAGGGCAGCTTGAAT-1,0.057582,0.802625,0.139793
AAAGGTAAGCTGTACC-1,0.041485,0.704982,0.253533
AAAGGTCAACGACATG-1,0.059123,0.203459,0.737418
AAAGTAGCATTGCTCA-1,0.036558,0.160257,0.803185
AAAGTCACTGATGTAA-1,0.012192,0.450647,0.537161
AAAGTCGACCCTCAGT-1,0.000048,0.877398,0.122554
AAAGTGCCATCAATTA-1,0.050429,0.303682,0.64589
AAAGTGTGATTTATCT-1,0.179228,0.009758,0.811014
AAAGTTGACTCCCGTA-1,0.000335,0.00101,0.998655
AAATAACCATACGGGA-1,0.209664,0.220007,0.570329
AAATAAGGTAGTGCCC-1,0.078918,0.535622,0.38546
AAATACCTATAAGCAT-1,0.077322,0.194775,0.727903
AAATAGCTTAGACTTT-1,0.078994,0.182651,0.738355
AAATAGGGTGCTATTG-1,0.006975,0.077193,0.915832
AAATCACTCCTAAACG-1,0.054602,0.729463,0.215935
AAATCCGATACACGCC-1,0.057215,0.250026,0.692759
AAATCGCGGAAGGAGT-1,0.335733,0.417818,0.246449
AAATCGTGTACCACAA-1,0.043481,0.263633,0.692886
AAATCTAGCCCTGCTA-1,0.391761,0.420787,0.187452
AAATCTGCCCGCGTCC-1,0.123097,0.653449,0.223454
AAATGACTGATCAAAC-1,0.120195,0.230963,0.648842
AAATGATTCGATCAGC-1,0.015831,0.440926,0.543243
AAATGCTCGTTACGTT-1,0.061865,0.827972,0.110163
AAATGGCATGTCTTGT-1,0.076245,0.52715,0.396605
AAATGGCCCGTGCCCT-1,0.000222,0.319159,0.680618
AAATGGTCAATGTGCC-1,0.148647,0.379015,0.472338
AAATGTATCTTATCCC-1,0.386757,0.188819,0.424424
AAATGTGGGTGCTCCT-1,0.049006,0.641721,0.309273
AAATTAACGGGTAGCT-1,0.568856,0.007489,0.423655
AAATTAATAAGCGCGA-1,0.097394,0.329081,0.573526
AAATTACACGACTCTG-1,0.041219,0.358243,0.600538
AAATTACCTATCGATG-1,0.177076,0.237275,0.585649
AAATTCCAGGTCCAAA-1,0.048662,0.18601,0.765327
AAATTGATAGTCCTTT-1,0.021019,0.004937,0.974044
AAATTGCGGCGGTTCT-1,0.003105,0.772192,0.224702
AAATTGGTGAGAAGCA-1,0.006098,0.620435,0.373467
AAATTTACCGAAATCC-1,0.132471,0.498085,0.369444
AAATTTGCGGGTGTGG-1,0.090086,0.061847,0.848067
AACAACTGGTAGTTGC-1,0.042427,0.22002,0.737553
AACAATACATTGTCGA-1,0.015997,0.305214,0.678788
AACAATTACTCTACGC-1,0.312967,0.585111,0.101922
AACACACGCTCGCCGC-1,0.14406,0.329405,0.526535
AACACGACTGTACTGA-1,0.067745,0.512194,0.420061
AACACGAGACGCGGCC-1,0.005624,0.732899,0.261477
AACACGCGGCCGCGAA-1,0.013096,0.859785,0.127118
AACAGCTGTGTGGCAA-1,0.148687,0.402969,0.448344
AACAGGAAATCGAATA-1,0.20209,0.282692,0.515219
AACAGGATGGGCCGCG-1,0.000676,0.631021,0.368303
AACAGGTAGTATGGAT-1,0.125457,0.351844,0.5227
AACATAGCGTGTATCG-1,0.048136,0.05338,0.898484
AACATATCAACTGGTG-1,0.006689,0.264893,0.728417
AACATCGATACGTCTA-1,0.001031,0.492419,0.50655
AACATTGAAGTTGATC-1,0.182677,0.554266,0.263057
AACATTGGTCAGCCGT-1,0.194233,0.647728,0.158039
AACATTGTGACTCGAG-1,0.046496,0.254395,0.69911
AACCAAGACTTCTCTG-1,0.095332,0.240778,0.66389
AACCAGTATCACTCTT-1,0.016437,0.258861,0.724702
AACCATAGGGTTGAAC-1,0.17653,0.410706,0.412764
AACCATGGGATCGCTA-1,0.061665,0.811635,0.1267
AACCCAGAGACGGAGA-1,0.028673,0.543582,0.427744
AACCCATCCCATGATC-1,0.00463,0.647396,0.347974
AACCCGACAACCCGTG-1,0.014306,0.538499,0.447195
AACCCGAGCAGAATCG-1,0.139278,0.298507,0.562215
AACCCGATAGGGCTTC-1,0.047481,0.34889,0.603628
AACCCGCTGTATTCCA-1,0.224082,0.04623,0.729688
AACCCTACTGTCAATA-1,0.189192,0.28791,0.522897
AACCCTGGTGGAACCA-1,0.016176,0.367537,0.616287
AACCGAGCTTGGTCAT-1,0.078173,0.320228,0.601599
AACCGCTAAGGGATGC-1,0.135487,0.000163,0.86435
AACCGTTGTGTTTGCT-1,0.103585,0.337319,0.559096
AACCTAAAGCCGTCCG-1,0.086282,0.572225,0.341493
AACCTCGCTTTAGCCC-1,0.089732,0.168554,0.741714
AACCTGTCACGGAATT-1,0.087433,0.447577,0.464991
AACCTTTAAATACGGT-1,0.901595,0.094163,0.004242
AACCTTTACGACGTCT-1,0.045008,0.585669,0.369324
AACGAAAGTCGTCCCA-1,0.01091,0.615865,0.373225
AACGACCTCCTAGCCG-1,0.110311,0.032164,0.857525
AACGATAATGCCGTAG-1,0.095317,0.485029,0.419654
AACGATAGAAGGGCCG-1,0.032019,0.25383,0.714151
AACGATATGTCAACTG-1,0.653964,0.172676,0.17336
AACGCATGATCTGGGT-1,0.040278,0.459507,0.500215
AACGCGAACGGCAACA-1,0.008376,0.807603,0.184021
AACGCGACCTTGGGCG-1,0.062738,0.239579,0.697683
AACGCGGTCTCCAGCC-1,0.00506,0.067391,0.927549
AACGCTGTTGCTGAAA-1,0.115473,0.000041,0.884486
AACGGACGTACGTATA-1,0.103853,0.343517,0.552631
AACGGCCATCTCCGGT-1,0.011366,0.31682,0.671814
AACGTACTGTGGGTAC-1,0.06848,0.249175,0.682345
AACGTAGTCTACCCAT-1,0.022325,0.812655,0.16502
AACGTCAGACTAGTGG-1,0.000063,0.46559,0.534347
AACGTCATCCGGCTTG-1,0.08666,0.627268,0.286072
AACGTCGCTGCACTTC-1,0.12435,0.590034,0.285616
AACGTGATGAAGGACA-1,0.003782,0.461081,0.535137
AACGTGCGAAAGTCTC-1,0.082358,0.16121,0.756432
AACGTTATCAGCACCT-1,0.119636,0.511108,0.369255
AACGTTCTACCATTGT-1,0.325151,0.42861,0.246239
AACTACCCGTTTGTCA-1,0.048628,0.498661,0.452711
AACTAGCGTATCGCAC-1,0.059312,0.39157,0.549117
AACTAGGCTTGGGTGT-1,0.003887,0.377386,0.618726
AACTCAAGTTAATTGC-1,0.135353,0.139719,0.724928
AACTCCAGAGCGTGTT-1,0.058644,0.204814,0.736542
AACTCCTAATCCCATG-1,0.061812,0.544566,0.393622
AACTCGATAAACACGT-1,0.257588,0.736314,0.006098
AACTCGATGGCGCAGT-1,0.035389,0.742522,0.222089
AACTCTCAATAGAGCG-1,0.599416,0.000075,0.400509
AACTCTCAGTGTGCTC-1,0.056614,0.043239,0.900146
AACTGAGGTCAGCGTC-1,0.003945,0.432892,0.563163
AACTGAGTTATACTGA-1,0.557407,0.06935,0.373243
AACTGATATTAGGCCT-1,0.667544,0.000059,0.332397
AACTGGGTCCCGACGT-1,0.095743,0.472041,0.432216
AACTGGGTTCGAGCCG-1,0.040019,0.410616,0.549365
AACTGGTGTGGGCCTT-1,0.11936,0.755894,0.124746
AACTTCTGCGTCTATC-1,0.00008,0.508159,0.491761
AACTTGCCCGTATGCA-1,0.02587,0.417126,0.557004
AACTTGCGTTCTCGCG-1,0.000113,0.572357,0.42753
AACTTTACGGGAGCTT-1,0.354597,0.645022,0.000381
AACTTTAGCTGCTGAG-1,0.000734,0.635914,0.363352
AACTTTCTCGATCATG-1,0.384967,0.204327,0.410706
AAGAAAGTTTGATGGG-1,0.04794,0.823587,0.128473
AAGAAATCACCAGATT-1,0.071519,0.329642,0.598839
AAGAAGGATCAGTTAG-1,0.030027,0.782117,0.187856
AAGACATACGTGGTTT-1,0.03199,0.284323,0.683686
AAGACCAAATAACTCA-1,0.322414,0.474458,0.203128
AAGACCCAACTGAACA-1,0.24869,0.235114,0.516196
AAGACTAACCCGTTGT-1,0.006358,0.580362,0.41328
AAGACTCACGCCCACT-1,0.098967,0.577943,0.323091
AAGACTGCAAGCTACT-1,0.032692,0.118324,0.848984
AAGAGATGAATCGGTA-1,0.002727,0.589653,0.40762
AAGAGCTCTTTATCGG-1,0.000038,0.000077,0.999885
AAGAGGATGTACGCGA-1,0.000516,0.204348,0.795136
AAGAGGCATGGATCGC-1,0.045533,0.470434,0.484033
AAGAGGCCCTTTGGAA-1,0.149313,0.525346,0.325341
AAGATGGCACCGGACC-1,0.06666,0.298854,0.634486
AAGATTGGCGGAACGT-1,0.054124,0.13273,0.813146
AAGCACCCTGCGTATC-1,0.061375,0.30804,0.630585
AAGCATACTCTCCTGA-1,0.424232,0.040976,0.534792
AAGCCACTTGCAGGTA-1,0.445614,0.022275,0.532111
AAGCCGAAGCGGTTTA-1,0.061314,0.253765,0.684921
AAGCCGCCGTGAAATC-1,0.280485,0.52582,0.193695
AAGCCGCTTTACCTTG-1,0.000127,0.02142,0.978453
AAGCCGGAGAGCAGGA-1,0.062733,0.327489,0.609778
AAGCGCAGGGCTTTGA-1,0.123734,0.53386,0.342406
AAGCGGAGTGCGCGCA-1,0.065168,0.534382,0.40045
AAGCGGCGTCATGGGT-1,0.18703,0.757309,0.055661
AAGCGTCCCTCATCGA-1,0.158345,0.148745,0.69291
AAGCTAGATCGAGTAA-1,0.126539,0.119095,0.754366
AAGCTATGGATTGACC-1,0.000049,0.913868,0.086083
AAGCTCGTGCCAAGTC-1,0.187749,0.017577,0.794674
AAGCTCTTTCATGGTG-1,0.258713,0.384983,0.356304
AAGGAGAACTTATAAG-1,0.000109,0.591042,0.40885
AAGGAGCGGTTGGTGC-1,0.000086,0.678352,0.321562
AAGGATCGATCGCTTG-1,0.162243,0.18323,0.654527
AAGGATGAGGGACCTC-1,0.561064,0.236627,0.202309
AAGGCAGGCTGTCTCC-1,0.249411,0.243827,0.506762
AAGGCGCGTAAAGCTT-1,0.000038,0.269873,0.73009
AAGGCTGTGCTCATCG-1,0.004936,0.193517,0.801546
AAGGGAACGACTGGCT-1,0.032419,0.036604,0.930978
AAGGGACAGATTCTGT-1,0.104654,0.590959,0.304387
AAGGGACTATGCATTC-1,0.016536,0.244162,0.739302
AAGGGTTAGCCATGCG-1,0.18064,0.438565,0.380795
AAGGGTTTGATTTCAG-1,0.394382,0.591328,0.01429
AAGGTATCCTAATATA-1,0.826294,0.123111,0.050596
AAGGTGATAAACCAGC-1,0.312808,0.277233,0.409959
AAGTAAGCTTCCAAAC-1,0.054657,0.833642,0.111701
AAGTAGAAGACCGGGT-1,0.011086,0.292018,0.696896
AAGTAGTGACGCGAGG-1,0.000063,0.427412,0.572524
AAGTCAATTGTCGTCA-1,0.080395,0.28549,0.634115
AAGTCTAGTAGCTGCC-1,0.044445,0.042224,0.913331
AAGTCTTCTGTGGCCT-1,0.622934,0.376323,0.000743
AAGTGACGACCGAATT-1,0.000059,0.346354,0.653587
AAGTGAGTCGGGTTTA-1,0.180232,0.506608,0.313159
AAGTGCAAAGGTAGAC-1,0.321575,0.362241,0.316184
AAGTGCCTTGACTGTA-1,0.066259,0.421697,0.512044
AAGTGCGTTAGAATCT-1,0.037575,0.239064,0.723361
AAGTGCTTCTCTATTG-1,0.110437,0.493281,0.396282
AAGTGTTTGGAGACGG-1,0.083064,0.51209,0.404846
AAGTTCACTCCAAGCT-1,0.076309,0.354323,0.569367
AAGTTCAGTCTGCGTA-1,0.14474,0.460858,0.394402
AAGTTCGGCCAACAGG-1,0.052481,0.367036,0.580484
AAGTTGTGATGTTATA-1,0.478315,0.173603,0.348083
AAGTTTACTAATGGCA-1,0.112507,0.348736,0.538757
AAGTTTATGGGCCCAA-1,0.0982,0.181471,0.720329
AATAACAACGCTCGGC-1,0.025275,0.844809,0.129916
AATAACACTAGAACAA-1,0.045224,0.507376,0.4474
AATAACGTCGCGCCCA-1,0.011861,0.341208,0.64693
AATAAGTCCTCGAGAC-1,0.007921,0.302599,0.68948
AATAATCTTCGTATCG-1,0.207373,0.348223,0.444404
AATACAATGTTTCAGG-1,0.000118,0.956821,0.043061
AATACCGGAGGGCTGT-1,0.129015,0.174535,0.69645
AATACCTGATGTGAAC-1,0.089781,0.405499,0.50472
AATAGAACAGAGTGGC-1,0.103151,0.550476,0.346373
AATAGAATCTGTTTCA-1,0.031705,0.019241,0.949054
AATAGCAAGCCTCCTG-1,0.010271,0.351506,0.638223
AATAGCTACCGCGTGC-1,0.018734,0.094084,0.887182
AATAGGCACGACCCTT-1,0.78413,0.150064,0.065806
AATAGTCCGTCCCGAC-1,0.184097,0.418465,0.397438
AATAGTCGCGAGTCGG-1,0.112251,0.789539,0.098209
AATATCAAGGTCGGAT-1,0.000108,0.601305,0.398587
AATATCCTAGCAAACT-1,0.211081,0.692185,0.096734
AATATCGAATCAATGC-1,0.16917,0.243123,0.587707
AATATCGAGGGTTCTC-1,0.092075,0.383059,0.524866
AATATTGGAGTATTGA-1,0.000104,0.534267,0.465629
AATCAGACTGCAGGAC-1,0.03198,0.774111,0.193909
AATCAGGTTTCATTTA-1,0.013064,0.583435,0.403501
AATCATGTAAAGACTC-1,0.107034,0.315185,0.577782
AATCCAAGGGCCTGAG-1,0.017986,0.7309,0.251114
AATCCATGCAAGGGTG-1,0.000078,0.634932,0.36499
AATCCCGCTCAGAGCC-1,0.021751,0.194861,0.783387
AATCGAGGTCTCAAGG-1,0.313048,0.499202,0.187751
AATCGCCTCAGCGCCA-1,0.003134,0.188706,0.80816
AATCGCGCAGAGGACT-1,0.115571,0.204631,0.679798
AATCGGGACACTACGA-1,0.000131,0.630399,0.36947
AATCGGTATAGCCCTC-1,0.046832,0.4708,0.482368
AATCGTGAGCCGAGCA-1,0.121943,0.090113,0.787944
AATCTAGGTTTACTTG-1,0.000063,0.768941,0.230996
AATCTATGCCGGAGCC-1,0.011123,0.182354,0.806523
AATCTCTACTGTGGTT-1,0.000103,0.97349,0.026407
AATCTGCGTTGGGACG-1,0.036373,0.280144,0.683483
AATCTGGCTTTCTAGT-1,0.000045,0.298015,0.70194
AATCTGGGTAGACCCT-1,0.144446,0.617446,0.238108
AATGACAGCAATGTCT-1,0.00003,0.179514,0.820456
AATGACGTAGGATGTC-1,0.756039,0.049227,0.194734
AATGACTGTCAGCCGG-1,0.008676,0.556388,0.434937
AATGAGTTCGCATATG-1,0.012492,0.770659,0.216848
AATGATGATACGCTAT-1,0.205619,0.365152,0.429229
AATGATGCGACTCCTG-1,0.000037,0.099911,0.900052
AATGCAACCGGGTACC-1,0.105751,0.202101,0.692148
AATGCACCAAGCAATG-1,0.306701,0.546284,0.147016
AATGGCCGCCAATGCG-1,0.115821,0.607809,0.27637
AATGGTCCACCGTTCA-1,0.007863,0.927201,0.064937
AATGGTTCTCACAAGC-1,0.02217,0.566218,0.411612
AATGTATGGCACTGTA-1,0.202535,0.395521,0.401944
AATGTGCCCGAGGTGT-1,0.095169,0.249731,0.6551
AATGTGCTAATCTGAG-1,0.014024,0.851489,0.134487
AATGTTAAGACCCTGA-1,0.046438,0.423609,0.529953
AATGTTGTCGTGAGAC-1,0.854855,0.092428,0.052717
AATTAAAGGTCGGCGT-1,0.123532,0.195078,0.681389
AATTAACGGATTTCCA-1,0.08235,0.656434,0.261216
AATTACGAGACCCATC-1,0.260348,0.566832,0.17282
AATTACTCGTACGCTC-1,0.942123,0.045276,0.012601
AATTAGCGCTGCAGCG-1,0.323102,0.041367,0.635531
AATTATACCCAGCAAG-1,0.320952,0.342763,0.336284
AATTCATAAGGGATCT-1,0.364071,0.278308,0.357621
AATTCATTGTCATGCA-1,0.424718,0.279689,0.295593
AATTCCAACTTGGTGA-1,0.306383,0.463372,0.230245
AATTCCAAGCATGTAC-1,0.044969,0.070662,0.884368
AATTCGATTCGAGGAT-1,0.119482,0.165849,0.714669
AATTCTAGAGTTAGGC-1,0.810427,0.060977,0.128595
AATTGAACGCTCTGGT-1,0.053767,0.000052,0.946181
AATTGCAGCAATCGAC-1,0.212795,0.156596,0.630609
AATTGCGTGGATTACA-1,0.225287,0.385347,0.389366
AATTGTGGTTGCCAAA-1,0.290268,0.045228,0.664504
AATTTGGGACATAGTA-1,0.12674,0.373423,0.499838
AATTTGGTTCCAAAGA-1,0.361376,0.255817,0.382806
ACAAACCATGCGTCCT-1,0.752611,0.134055,0.113334
ACAAACCGACAAGGCG-1,0.253468,0.375893,0.370639
ACAAACTCCATCAGAG-1,0.074589,0.016047,0.909364
ACAAAGAAGGTAGGCC-1,0.161237,0.70291,0.135853
ACAAAGCATGACCTAG-1,0.033268,0.145428,0.821304
ACAAATCGCACCGAAT-1,0.077464,0.115,0.807536
ACAAATGGTAGTGTTT-1,0.299582,0.113274,0.587145
ACAAATTCAGATCTGA-1,0.406955,0.302222,0.290823
ACAACAGCATGAGCTA-1,0.034108,0.090205,0.875687
ACAACGGTCCCTGCGA-1,0.213204,0.508909,0.277887
ACAAGCAGTGCCTAGC-1,0.000026,0.120921,0.879052
ACAAGCTATATGGAAG-1,0.340443,0.000067,0.65949
ACAAGGAAATCCGCCC-1,0.166197,0.277421,0.556381
ACAAGGACAAGAGGTT-1,0.016317,0.573055,0.410629
ACAAGGATGCTTTAGG-1,0.001474,0.098002,0.900524
ACAAGGCCTACCAGCC-1,0.261324,0.500798,0.237878
ACAAGGGCAGGCTCTG-1,0.315235,0.090939,0.593825
ACAAGTAATTGTAAGG-1,0.370578,0.616539,0.012883
ACAATAGTCGTACGTT-1,0.240893,0.022589,0.736518
ACAATCCATTTAAACC-1,0.021589,0.933041,0.04537
ACAATCGATCTTTATA-1,0.000102,0.688769,0.31113
ACAATGAATACGGAGA-1,0.100801,0.491493,0.407706
ACAATGATTCTTCTAC-1,0.067667,0.393821,0.538512
ACAATTGTGTCTCTTT-1,0.145068,0.442984,0.411948
ACAATTTAGGAGGCTC-1,0.002682,0.996933,0.000384
ACAATTTGAGCAGTGG-1,0.009963,0.307127,0.68291
ACAATTTGGCCATATT-1,0.020505,0.228385,0.751109
ACACAAAGACGGGTGG-1,0.024194,0.26709,0.708716
ACACAAATATTCCTAG-1,0.258675,0.549458,0.191867
ACACACCAGGACCAGT-1,0.088657,0.041288,0.870055
ACACACTTTCTACACG-1,0.000037,0.02796,0.972002
ACACATGATCAAATCT-1,0.000019,0.03153,0.968451
ACACATTGACGCAACA-1,0.998057,0.000555,0.001388
ACACATTTCCGTAGAC-1,0.434508,0.037735,0.527757
ACACCACATAATTAGC-1,0.047853,0.554207,0.39794
ACACCCAGCATGCAGC-1,0.133678,0.629362,0.236961
ACACCCGAGAAATCCG-1,0.000034,0.226319,0.773648
ACACCCGTAAATCTGT-1,0.058603,0.269327,0.67207
ACACCGAGCGCTCTTT-1,0.867919,0.0945,0.03758
ACACCGGTCTGACCGC-1,0.689385,0.095414,0.215201
ACACCTTAAGTAGGGC-1,0.006622,0.53228,0.461099
ACACCTTACTACTTGC-1,0.15659,0.033221,0.810189
ACACGAGACTCCTTCT-1,0.060388,0.275509,0.664103
ACACGGCACTATGCAT-1,0.141635,0.419305,0.43906
ACACGGGAACTTAGGG-1,0.091225,0.236715,0.67206
ACACGTAGGCCACAAG-1,0.067831,0.476252,0.455917
ACACTCCAATGTCACT-1,0.006933,0.645784,0.347283
ACACTGATCAAGGTGT-1,0.152168,0.334345,0.513486
ACACTGGGACAGTCGT-1,0.028197,0.151741,0.820062
ACAGAACTGAGAACAA-1,0.000015,0.028889,0.971096
ACAGATTAGGTTAGTG-1,0.000137,0.695909,0.303955
ACAGCATAGAGCCAGT-1,0.000123,0.865756,0.134122
ACAGCGACATTCTCAT-1,0.05568,0.107161,0.837159
ACAGCGCACCCGCAGC-1,0.234095,0.279058,0.486847
ACAGGAGGCGCAGCCG-1,0.362985,0.067756,0.56926
ACAGGCACGGATCCTT-1,0.041315,0.302122,0.656562
ACAGGCTTGCCCGACT-1,0.039304,0.150314,0.810381
ACAGGTGGAGGTGAGG-1,0.087294,0.507104,0.405602
ACAGGTGTGTTGTTGC-1,0.503838,0.000082,0.49608
ACAGTAATACAACTTG-1,0.047459,0.375488,0.577053
ACAGTATACCGTGGGA-1,0.000069,0.777744,0.222187
ACAGTGCAGCGCATTT-1,0.391034,0.114484,0.494482
ACATAAGTCGTGGTGA-1,0.081156,0.249781,0.669063
ACATAATAAGGCGGTG-1,0.010116,0.093849,0.896035
ACATACAATCAAGCGG-1,0.082017,0.407367,0.510616
ACATCAGCTGGGACGC-1,0.009962,0.986398,0.00364
ACATCCCGGCCATACG-1,0.009237,0.054105,0.936658
ACATCCTGGTAACTGT-1,0.125627,0.290131,0.584242
ACATCGATCGTTTACC-1,0.000042,0.000083,0.999875
ACATCGCAATATTCGG-1,0.957053,0.042614,0.000333
ACATCGGTCAGCCGCG-1,0.00003,0.098987,0.900983
ACATCGTATGCAATGG-1,0.24665,0.348228,0.405122
ACATCGTTAACCTAGT-1,0.714903,0.21019,0.074908
ACATCTCAACGCGTAA-1,0.011056,0.505906,0.483038
ACATGCTTACGGCAGC-1,0.226651,0.772937,0.000412
ACATGGCGCCAAAGTA-1,0.027962,0.145413,0.826625
ACATGGCTCAATTTAG-1,0.068854,0.588606,0.34254
ACATTAGTTTATATCC-1,0.077456,0.276477,0.646066
ACATTCGCGCGGAATA-1,0.833134,0.148632,0.018234
ACATTTGAAACCTAAC-1,0.111927,0.088769,0.799305
ACCAAACACCCAGCGA-1,0.033414,0.179673,0.786913
ACCAAACTAGAAATCC-1,0.060747,0.414892,0.524361
ACCAACACCACACACT-1,0.001162,0.4681,0.530737
ACCAACCGCACTCCAC-1,0.278354,0.537526,0.18412
ACCAACGCTTATTTAT-1,0.081747,0.18836,0.729894
ACCAAGAACGCGTGTC-1,0.003071,0.156785,0.840144
ACCAAGTCATCGGCAG-1,0.121868,0.502383,0.37575
ACCAATATGCAAGTTA-1,0.009172,0.087092,0.903736
ACCACAACTCAGAACA-1,0.147211,0.752223,0.100566
ACCACAAGTTTCTATC-1,0.024553,0.426395,0.549052
ACCACACGGTTGATGG-1,0.167292,0.05852,0.774188
ACCACCAATGTAACAA-1,0.07167,0.164604,0.763726
ACCACCCTCTCTTCTA-1,0.088293,0.509177,0.40253
ACCACGTGCAGCTATA-1,0.104626,0.297133,0.598241
ACCACTGTTCAAGAAG-1,0.414997,0.066816,0.518187
ACCAGACCATAACAAC-1,0.393693,0.588564,0.017744
ACCAGCCCGGTCTTTG-1,0.03171,0.554768,0.413522
ACCAGGAGTGTGATCT-1,0.241347,0.457517,0.301136
ACCAGTGCCCGGTCAA-1,0.039857,0.497608,0.462535
ACCAGTGCGGGAGACG-1,0.245194,0.241333,0.513473
ACCATATCCGCAATAA-1,0.01276,0.230281,0.756959
ACCATCCGCCAACTAG-1,0.069681,0.837741,0.092578
ACCATCGTATATGGTA-1,0.170686,0.340995,0.488319
ACCATTAAGGGTGTCA-1,0.694938,0.303613,0.001449
ACCCAACGCCCGTGGC-1,0.040037,0.53772,0.422243
ACCCACCTACATGCTC-1,0.012456,0.703169,0.284374
ACCCATCTTGAGGGTA-1,0.124945,0.569484,0.305571
ACCCATTTGTCCCTCT-1,0.137741,0.12358,0.738679
ACCCGAGCGAAATTAC-1,0.999807,0.000055,0.000138
ACCCGATTGGTTCCGA-1,0.299397,0.401893,0.298711
ACCCGGAAACTCCCAG-1,0.03829,0.428457,0.533253
ACCCGGAGCACCACAA-1,0.547715,0.122828,0.329457
ACCCGGATGACGCATC-1,0.071656,0.26699,0.661354
ACCCGGTTACACTTCC-1,0.044138,0.015301,0.940561
ACCCGTAGCAGAGAAT-1,0.008096,0.002895,0.989008
ACCCGTAGTCTAGTTG-1,0.091468,0.36718,0.541352
ACCCGTGTCATCAGTA-1,0.000898,0.384197,0.614905
ACCCTATAGGACTGAG-1,0.000092,0.561149,0.438759
ACCCTATGCCATATCG-1,0.173747,0.208434,0.617819
ACCCTCCCGTCAGGGC-1,0.374202,0.167502,0.458296
ACCCTCCCTTGCTATT-1,0.067048,0.142541,0.790412
ACCCTGGTAACGCCCT-1,0.072944,0.539556,0.3875
ACCCTTCATCTGCGAA-1,0.000178,0.713819,0.286003
ACCCTTGCCTGGGTCG-1,0.957542,0.027323,0.015135
ACCCTTTAGTTCTCCA-1,0.084184,0.606838,0.308978
ACCGAAAGGGCCCTGC-1,0.000085,0.647263,0.352652
ACCGAAGAGTCTGGTT-1,0.000289,0.585605,0.414105
ACCGACACATCTCCCA-1,0.208622,0.391777,0.399601
ACCGACTGAGTCCCAC-1,0.025004,0.296622,0.678374
ACCGAGTCTCCTTATT-1,0.196447,0.028433,0.77512
ACCGATAGGCATAACC-1,0.089205,0.250111,0.660683
ACCGATATTTAATCAT-1,0.163456,0.307138,0.529406
ACCGATGGTAGCATCG-1,0.099356,0.543188,0.357456
ACCGCAATAACTGCCT-1,0.002176,0.000039,0.997785
ACCGCGGTGGAAGTCG-1,0.113265,0.163704,0.72303
ACCGCTAGTCATTGGT-1,0.30104,0.534024,0.164936
ACCGGGCCTTTGTTGA-1,0.092612,0.450866,0.456522
ACCGGTCAGGTACACC-1,0.043382,0.253726,0.702892
ACCGGTCTGAGTACGG-1,0.250018,0.646959,0.103023
ACCGTCCACTGGGCCC-1,0.23752,0.443691,0.318789
ACCGTGACCACGTGGG-1,0.007914,0.542382,0.449705
ACCGTTCCCGCTCTGA-1,0.042249,0.537726,0.420025
ACCTAAGTACCTTTCA-1,0.00004,0.336234,0.663727
ACCTAATCGACTTCCT-1,0.000045,0.221305,0.77865
ACCTACAGTATGTGGT-1,0.123191,0.063616,0.813193
ACCTACTATAAATCTA-1,0.033947,0.339196,0.626858
ACCTCAGCGAGGCGCA-1,0.097145,0.501117,0.401738
ACCTCCGCCCTCGCTG-1,0.258326,0.398438,0.343235
ACCTCCGTTATTCACC-1,0.049352,0.494436,0.456212
ACCTCGAACTTATGCT-1,0.260606,0.323117,0.416277
ACCTGCGTGTCATGTT-1,0.00003,0.035612,0.964358
ACCTTTCCTTTAGAAG-1,0.060421,0.549062,0.390517
ACGAAATGGGCGGCAC-1,0.000032,0.257971,0.741998
ACGACCCATGAGTTGC-1,0.196501,0.277,0.526499
ACGACTCTAGGGCCGA-1,0.087414,0.244471,0.668115
ACGACTGGTCATACTC-1,0.04992,0.227153,0.722927
ACGAGAACCCATCACG-1,0.128693,0.203217,0.66809
ACGAGATATTTGCTTA-1,0.034421,0.661331,0.304248
ACGAGGATACCACTCT-1,0.000868,0.24496,0.754172
ACGAGGTTTACAACGT-1,0.028061,0.626701,0.345238
ACGAGTACGGATGCCC-1,0.074493,0.069724,0.855783
ACGAGTCGCCGGCGTT-1,0.301356,0.000409,0.698235
ACGATACATAGAACTA-1,0.486478,0.265474,0.248048
ACGATACCTATCCTGA-1,0.8187,0.007973,0.173328
ACGATCATACATAGAG-1,0.09893,0.378431,0.522638
ACGATCATCTTGTAAA-1,0.05739,0.447373,0.495237
ACGATGCATATGTTAT-1,0.209954,0.489324,0.300722
ACGATGGATCCGATGC-1,0.018846,0.482123,0.499031
ACGCAAACTAATAGAT-1,0.019403,0.19176,0.788838
ACGCAATCACTACAGC-1,0.048561,0.277663,0.673776
ACGCATAAATGACATG-1,0.04719,0.407585,0.545224
ACGCATACGTTTACTA-1,0.041289,0.020595,0.938117
ACGCATTCGTGAGTAC-1,0.384772,0.214348,0.400881
ACGCCACTCGAAACAG-1,0.489626,0.075097,0.435277
ACGCCAGATGATTTCT-1,0.034624,0.317916,0.647461
ACGCCAGTGCGTTTGC-1,0.167207,0.09696,0.735832
ACGCCCAGCTGTCGAT-1,0.069626,0.304674,0.6257
ACGCCGCTAGACGACC-1,0.178451,0.315206,0.506343
ACGCCTGACACGCGCT-1,0.093436,0.005293,0.901271
ACGCGAAGTCAGACGA-1,0.437131,0.331932,0.230936
ACGCGCTACACAGGGT-1,0.015,0.678236,0.306763
ACGCGGGCCAAGGACA-1,0.058638,0.155533,0.785829
ACGCGTTTCTTAAGAG-1,0.443573,0.556128,0.000299
ACGCTACTGAATGGGC-1,0.128807,0.043036,0.828157
ACGCTAGTATCAGTGC-1,0.029386,0.564845,0.405769
ACGCTAGTGATACACT-1,0.205801,0.085692,0.708507
ACGCTGTGAGGCGTAG-1,0.006945,0.98257,0.010485
ACGCTTAGTGTCTCTC-1,0.121036,0.529255,0.349709
ACGGAACACGAGTGCC-1,0.082492,0.003187,0.914321
ACGGAATTTAGCAAAT-1,0.030495,0.472827,0.496678
ACGGACGCAGCGACAA-1,0.4188,0.507847,0.073354
ACGGACTCTCAAAGCG-1,0.074837,0.120873,0.80429
ACGGAGCGCAAATTAC-1,0.018518,0.460803,0.520679
ACGGATGGTGCGGATA-1,0.75736,0.126226,0.116414
ACGGCACTTGCTTGGG-1,0.039036,0.27486,0.686104
ACGGCCAACATGGACT-1,0.003465,0.522161,0.474374
ACGGCGACGATGGGAA-1,0.104462,0.359339,0.536199
ACGGCGGGTTGCCCTG-1,0.06668,0.554637,0.378683
ACGGCTGGATGTAGAA-1,0.252028,0.436762,0.311211
ACGGGAGTGTCGGCCC-1,0.000026,0.030785,0.969189
ACGGGCGTATGCGACA-1,0.065965,0.467507,0.466528
ACGGGTCATGTGACTT-1,0.022273,0.971831,0.005896
ACGGGTTGTGACCTGT-1,0.148375,0.147058,0.704567
ACGGTACAGTTCAATG-1,0.023705,0.359756,0.616539
ACGGTCACCGAGAACA-1,0.815466,0.18423,0.000304
ACGTACAGATTTCTCT-1,0.0297,0.600165,0.370135
ACGTACTTTGGCACGG-1,0.020196,0.509013,0.470791
ACGTAGATTGCTGATG-1,0.135859,0.187865,0.676275
ACGTAGGAGAGTCGCT-1,0.084643,0.223896,0.691461
ACGTATTACTCCGATC-1,0.001605,0.136579,0.861817
ACGTCCTAAACGAGAT-1,0.002746,0.432654,0.5646
ACGTCGGGCAACTCGG-1,0.063101,0.914113,0.022786
ACGTCTCGTTCCGGGA-1,0.037646,0.840701,0.121653
ACGTGACAAAGTAAGT-1,0.236183,0.462948,0.300869
ACGTGCGCCTCGTGCA-1,0.428901,0.244377,0.326722
ACGTGGTCGAATGTGC-1,0.059056,0.887746,0.053198
ACGTTAATGTCGAAGA-1,0.106804,0.177522,0.715674
ACGTTAGATTTGCCCG-1,0.110235,0.62072,0.269045
ACGTTATTGGTCACTC-1,0.113978,0.707571,0.178451
ACGTTCACTATGCCGC-1,0.199701,0.437565,0.362734
ACGTTCCGCGCTCCGT-1,0.000104,0.471682,0.528214
ACGTTCGCAATCAATT-1,0.096565,0.435314,0.468121
ACGTTCGTTCAGGAAA-1,0.009483,0.240479,0.750038
ACGTTCTGTACAAGTC-1,0.369658,0.112756,0.517586
ACGTTGTCGTTGAAAG-1,0.420686,0.026917,0.552397
ACGTTTAGTTGTGATC-1,0.090551,0.35294,0.556509
ACGTTTCGGTGCACTT-1,0.199622,0.292112,0.508266
ACTAAGGACGCACACC-1,0.00293,0.496528,0.500542
ACTAATACGTCAGGCG-1,0.108962,0.383085,0.507953
ACTACAAAGAGAGGTG-1,0.142263,0.284224,0.573512
ACTACATCCCGACAAG-1,0.999402,0.000171,0.000427
ACTACCAGCTCTCTGG-1,0.000106,0.549796,0.450098
ACTACCATCCGAGGGC-1,0.984436,0.015243,0.00032
ACTACGCGTTAGAATT-1,0.061014,0.219263,0.719724
ACTAGTTGCGATCGTC-1,0.18614,0.221534,0.592325
ACTATATGCTGTGTTC-1,0.061915,0.10768,0.830405
ACTATCCAGGGCATGG-1,0.302078,0.167325,0.530597
ACTATCGCCGGCTAAA-1,0.16426,0.010682,0.825058
ACTATCTGCCCGCGTA-1,0.216294,0.191858,0.591848
ACTATGTCCAGCTGCC-1,0.060616,0.029955,0.909429
ACTATTCGTCCGTGGT-1,0.13398,0.604186,0.261833
ACTATTTCCGGGCCCA-1,0.140482,0.242926,0.616593
ACTCAACGAATGTATT-1,0.101175,0.45352,0.445305
ACTCAAGTGCAAGGCT-1,0.219322,0.224003,0.556676
ACTCAATAAAGGCACG-1,0.03775,0.226385,0.735865
ACTCAGACCTGCTTCT-1,0.363241,0.167018,0.469741
ACTCATGGCAGCCTTC-1,0.313446,0.273802,0.412751
ACTCCAATATCATCAT-1,0.078272,0.142095,0.779632
ACTCCCATTCCTAAAG-1,0.003096,0.213797,0.783106
ACTCCCGAATTCGTTT-1,0.046572,0.228725,0.724703
ACTCCCGTAGACTAGG-1,0.127306,0.718465,0.154229
ACTCCCTAATGCTAAA-1,0.301267,0.025999,0.672734
ACTCCCTAGAATAGTA-1,0.1565,0.392435,0.451065
ACTCCGGCCGACCACT-1,0.03119,0.300493,0.668317
ACTCGATGTATTTCAT-1,0.461162,0.537672,0.001166
ACTCGCCGTTCGATAA-1,0.114033,0.000078,0.885889
ACTCGCGATCTGACGC-1,0.135923,0.313453,0.550624
ACTCGTAACCCGTCCT-1,0.000063,0.478046,0.521891
ACTCGTCAGTAATCCC-1,0.026677,0.214854,0.758469
ACTCTAAACCTGGGAT-1,0.590788,0.172073,0.237139
ACTCTCTGACTTAGGT-1,0.011546,0.056804,0.93165
ACTCTCTTATACACGA-1,0.016711,0.368496,0.614793
ACTCTGACCTAATAGA-1,0.129066,0.020589,0.850345
ACTCTTCAGCTCCCGC-1,0.096391,0.091499,0.81211
ACTCTTGTATAGTAAC-1,0.094819,0.060311,0.84487
ACTGAAACGCCGTTAG-1,0.194715,0.129972,0.675313
ACTGAATGGCGAAAGT-1,0.061405,0.163722,0.774873
ACTGATTTAGTGATTC-1,0.02443,0.110556,0.865014
ACTGCCCGCCATTCTC-1,0.077496,0.348029,0.574475
ACTGCCGTCGTAACTC-1,0.02513,0.07236,0.90251
ACTGCGGACACACCGT-1,0.022874,0.144835,0.83229
ACTGCTCGGAAGGATG-1,0.021636,0.226855,0.75151
ACTGGCGAACCTGCGT-1,0.063966,0.751114,0.18492
ACTGGGATGCCAGTGC-1,0.074736,0.284438,0.640826
ACTGTACGATACACAT-1,0.14501,0.497443,0.357546
ACTGTAGCACTTTGGA-1,0.000084,0.590366,0.40955
ACTGTATACGCGAGCA-1,0.315298,0.574137,0.110565
ACTGTCCAGGATTATA-1,0.219949,0.292954,0.487096
ACTGTCTTCTTTAGAA-1,0.007207,0.260942,0.73185
ACTGTGCTAGTAGATC-1,0.038144,0.844303,0.117553
ACTGTTTAGTGTAGGC-1,0.00015,0.638942,0.360908
ACTTACCGGGCGCGCA-1,0.056311,0.501813,0.441877
ACTTACGCATCCACGC-1,0.816096,0.096283,0.087621
ACTTAGTACGACAAGA-1,0.001114,0.748671,0.250214
ACTTATACTTACCCGG-1,0.03778,0.601983,0.360237
ACTTATCTGATCTATA-1,0.602385,0.34189,0.055725
ACTTATTAGGATCGGT-1,0.488725,0.009319,0.501956
ACTTATTTATGTGCCA-1,0.189573,0.193033,0.617394
ACTTCAGGCTGATCCC-1,0.036487,0.280086,0.683427
ACTTCCAGTGGAAGCT-1,0.08805,0.54187,0.370081
ACTTCCATGCGGGACA-1,0.028151,0.018536,0.953313
ACTTCCTGTCGTGCGA-1,0.125982,0.618917,0.255101
ACTTCGCCATACGCAC-1,0.042418,0.541894,0.415688
ACTTCGCTAGCGAGTG-1,0.11355,0.113204,0.773246
ACTTGACTCCCTCTTT-1,0.453294,0.02148,0.525227
ACTTGCCATATTGTAC-1,0.000139,0.657552,0.342309
ACTTGCTCTATCTACC-1,0.023105,0.415186,0.561709
ACTTGGGACCCGGTGG-1,0.000106,0.291062,0.708832
ACTTGGGCTTTCGCCA-1,0.13648,0.460941,0.402579
ACTTGTAGTCCCTTCA-1,0.002855,0.946928,0.050217
ACTTGTGGATGGAACG-1,0.258928,0.215841,0.525231
ACTTGTTACCGGATCA-1,0.177242,0.610491,0.212267
ACTTTACCCTCATGAA-1,0.000025,0.024099,0.975875
ACTTTATACACCACTT-1,0.09893,0.633732,0.267338
ACTTTCCTATAGCTTC-1,0.090529,0.602577,0.306894
ACTTTGACTGCATCCT-1,0.018936,0.843958,0.137106
ACTTTGGTCGTGCTCC-1,0.676185,0.046146,0.277669
ACTTTGTCGACGCACT-1,0.58052,0.091884,0.327595
AGAAATTATGACTCGC-1,0.337058,0.189418,0.473524
AGAACACGGCGATGGT-1,0.222206,0.676166,0.101628
AGAACCCAGCGTGACA-1,0.129094,0.178465,0.692441
AGAACCCTCAATTGGG-1,0.342956,0.541376,0.115668
AGAACGTGGTACATTC-1,0.031492,0.485436,0.483072
AGAACTGTACTTTGTA-1,0.033858,0.138197,0.827945
AGAAGAGCGCCGTTCC-1,0.391783,0.600189,0.008028
AGAAGGTACACTTCAC-1,0.04524,0.412582,0.542178
AGAAGGTTGCCGAATT-1,0.681391,0.120028,0.198581
AGAAGGTTGTAGGTCG-1,0.172559,0.379184,0.448257
AGAAGTGATTCGTGAT-1,0.022701,0.160035,0.817264
AGAATAAATCTTCAGG-1,0.000048,0.571256,0.428695
AGAATACAGGCTATCC-1,0.138494,0.288577,0.572929
AGAATGCGGGTTCGGA-1,0.056017,0.45629,0.487693
AGAATTATGGATTCGA-1,0.084756,0.228902,0.686343
AGAATTGTTTGACATA-1,0.011623,0.977629,0.010748
AGACAGCTCAGAATCC-1,0.149917,0.566024,0.284059
AGACAGGCATCTCAGC-1,0.118912,0.519662,0.361427
AGACATAGATCCTTCC-1,0.007326,0.617405,0.375268
AGACCAAACCACACCT-1,0.00003,0.382136,0.617834
AGACCATGGGATACAA-1,0.010979,0.783658,0.205363
AGACCCACCGCTGATC-1,0.293614,0.301219,0.405167
AGACCCGCCCTCCTCG-1,0.000036,0.059615,0.940349
AGACCGCTCCGCGGTT-1,0.187473,0.556459,0.256069
AGACCGGGAAACCCTG-1,0.335256,0.643261,0.021484
AGACGAAGTGCCGGTC-1,0.272994,0.305183,0.421823
AGACGACGATGCCGCT-1,0.009791,0.272756,0.717453
AGACGCCCACTTCGCC-1,0.299715,0.32522,0.375066
AGACGGGATTGGTATA-1,0.036626,0.212895,0.750479
AGACGGGCCGATTTAA-1,0.896348,0.102446,0.001206
AGACTAGCCTTCCAGA-1,0.024392,0.438202,0.537407
AGACTGTTACCGGGTC-1,0.013241,0.154609,0.832151
AGAGAAACACCAGAAA-1,0.006656,0.496772,0.496572
AGAGAACCGTCTAGGA-1,0.373178,0.325323,0.301499
AGAGAAGGAGTACAAT-1,0.052028,0.407542,0.54043
AGAGATCTCTAAAGCG-1,0.02744,0.874364,0.098195
AGAGCAGTTATGAGAC-1,0.212332,0.357174,0.430494
AGAGCCGCCGAGATTT-1,0.077313,0.640409,0.282278
AGAGCGCTTGTAACGG-1,0.093147,0.277217,0.629637
AGAGCGGGCTAATCAT-1,0.140039,0.562327,0.297633
AGAGCGTACAAGCTCG-1,0.002781,0.700915,0.296304
AGAGCTACGAAAGCAT-1,0.095767,0.627294,0.276939
AGAGGCTTCGGAAACC-1,0.137276,0.141891,0.720833
AGAGGGACAATTGTCC-1,0.22648,0.448988,0.324532
AGAGGTATCTCGGTCC-1,0.021502,0.564958,0.413539
AGAGTAAACTTCACTA-1,0.146237,0.357275,0.496488
AGAGTATAGTGTTACG-1,0.011545,0.08702,0.901435
AGAGTCTTAATGAAAG-1,0.17747,0.021911,0.800619
AGAGTGAACAGACACC-1,0.069021,0.514932,0.416046
AGAGTTAGAGACCGAT-1,0.130988,0.586964,0.282048
AGAGTTGCAGGCCTCC-1,0.069543,0.4955,0.434957
AGATAACTTCAGGGCC-1,0.003238,0.608684,0.388078
AGATAATCACACCTAT-1,0.018735,0.146126,0.83514
AGATACCAATAGAACC-1,0.019822,0.000321,0.979858
AGATACCAGCACTTCA-1,0.010888,0.663309,0.325803
AGATACCGGTGTTCAC-1,0.000404,0.113967,0.885629
AGATACGACTTCATAT-1,0.041268,0.478418,0.480314
AGATACTCAAGATCGA-1,0.107029,0.00004,0.892931
AGATATAATACGACTA-1,0.005857,0.007848,0.986295
AGATCGTGCATAAGAT-1,0.144195,0.30514,0.550665
AGATCTCAGGTGTGAT-1,0.173003,0.108409,0.718588
AGATCTGGAGAGGATA-1,0.205884,0.382635,0.411482
AGATGACTCGCCCACG-1,0.000043,0.070057,0.9299
AGATGAGGGTTGCGAT-1,0.005311,0.090861,0.903828
AGATGATGGAGTCTGG-1,0.066512,0.03759,0.895898
AGATGCAAGACGTGCA-1,0.125846,0.205676,0.668478
AGATGCATCCTGTGTC-1,0.408668,0.482549,0.108783
AGATGCTATAACGAGC-1,0.848505,0.150188,0.001307
AGATTATAGGACGTTT-1,0.257472,0.108217,0.634311
AGATTCAAGCGGGTCG-1,0.057169,0.565991,0.37684
AGATTCACAACCGATA-1,0.000025,0.32211,0.677865
AGCAAAGGCCGCTAGT-1,0.15507,0.324858,0.520072
AGCAACATATCTTATT-1,0.08463,0.213394,0.701976
AGCAACCGAAAGTAAT-1,0.059677,0.170074,0.770249
AGCACACGTTTAGACT-1,0.173164,0.392523,0.434313
AGCACCAGTACTCACG-1,0.00325,0.178079,0.818671
AGCACTACCGGCCTGT-1,0.000062,0.638366,0.361573
AGCACTACCTCACCAG-1,0.02785,0.611371,0.360779
AGCACTTAAGGACGCC-1,0.063699,0.083369,0.852932
AGCAGAAGGAGAAAGA-1,0.404129,0.343929,0.251942
AGCAGCCAGATGAATA-1,0.032134,0.167683,0.800184
AGCAGTCGAAGCATGC-1,0.223655,0.204872,0.571473
AGCATATCAATATGCT-1,0.071499,0.441607,0.486894
AGCATCATTTCGAAAG-1,0.008213,0.2406,0.751186
AGCATCGTCGATAATT-1,0.423516,0.062975,0.513509
AGCATTACGAGGCAAG-1,0.28443,0.28997,0.425599
AGCCAAGCTTTGTGTC-1,0.13733,0.070792,0.791879
AGCCACAGGTTACCCG-1,0.143635,0.318385,0.53798
AGCCACTCCCGTGCTT-1,0.575186,0.000074,0.42474
AGCCATATAGTATGTG-1,0.049775,0.223891,0.726333
AGCCCATACATGTAAG-1,0.053442,0.479636,0.466922
AGCCCGCAACAAGCAG-1,0.041605,0.255313,0.703081
AGCCCGCACTACAATG-1,0.277604,0.34755,0.374846
AGCCCGGCATTAGAGG-1,0.116093,0.804039,0.079868
AGCCCGGTAGCCTGTA-1,0.085417,0.610314,0.304268
AGCCCTAAGCGAAGTT-1,0.068962,0.06823,0.862808
AGCCCTCCCTGGTGGC-1,0.445756,0.228307,0.325937
AGCCCTGTCGCACCGT-1,0.110559,0.482817,0.406624
AGCCCTTCTAATCCGA-1,0.113695,0.393061,0.493245
AGCCCTTGGACATCCC-1,0.031234,0.387265,0.581501
AGCCGCAAATTCAAAT-1,0.909399,0.089948,0.000653
AGCCGCTTGATTAGCG-1,0.132794,0.000042,0.867164
AGCCGTGGCTAAATGT-1,0.010311,0.438144,0.551545
AGCCTAATACCCACGT-1,0.004658,0.420135,0.575207
AGCCTTAAAGCGGAAG-1,0.050988,0.781567,0.167445
AGCCTTGTCACTGATA-1,0.076578,0.561308,0.362114
AGCGACAGGAACGGTC-1,0.00002,0.031651,0.968329
AGCGACATCCCATTCA-1,0.001398,0.238327,0.760275
AGCGACCAACGATATT-1,0.131289,0.122726,0.745984
AGCGACTTTGAAGACA-1,0.110802,0.339082,0.550115
AGCGAGACGTGAAGGC-1,0.626183,0.315691,0.058125
AGCGATGCGCCTAATA-1,0.237135,0.126741,0.636123
AGCGCATAATGAATCG-1,0.013973,0.00889,0.977138
AGCGCGGGTGCCAATG-1,0.150917,0.354189,0.494894
AGCGCTAGAGCGATGT-1,0.213886,0.321248,0.464866
AGCGCTTATGGGCAAG-1,0.176552,0.739267,0.084181
AGCGGACACTTCGTAG-1,0.007267,0.05087,0.941863
AGCGGCGGTTAGCGGT-1,0.000048,0.798597,0.201355
AGCGGGAAGGGTCCAT-1,0.017669,0.267525,0.714806
AGCGGGTCTGACACTC-1,0.054381,0.121524,0.824095
AGCGGTTGAGATGTAC-1,0.03533,0.595497,0.369172
AGCGGTTGCCGCTCTG-1,0.028334,0.301509,0.670157
AGCGTACGAGAGCTAG-1,0.007892,0.618811,0.373297
AGCGTAGCGCTAGACC-1,0.049387,0.904757,0.045857
AGCGTCTGAACCCGCA-1,0.132935,0.804801,0.062264
AGCGTGGTATTCTACT-1,0.066498,0.078771,0.854731
AGCGTTCCGATTTAAA-1,0.0124,0.566686,0.420914
AGCTAACAAGCAATGT-1,0.030562,0.338718,0.63072
AGCTAAGCTCCGTCCG-1,0.189803,0.556824,0.253373
AGCTAAGTACGCAGGC-1,0.389589,0.15725,0.453161
AGCTACGAATGGTGGT-1,0.000339,0.031823,0.967838
AGCTAGAAGCAGAAGT-1,0.055023,0.270433,0.674544
AGCTATTTAATCCAAC-1,0.084271,0.723374,0.192355
AGCTCCATATATGTTC-1,0.045935,0.590147,0.363918
AGCTCCTTCGCACATC-1,0.014826,0.007562,0.977612
AGCTCGTTGATGGAAA-1,0.413427,0.492253,0.09432
AGCTCTAGACGTTCCA-1,0.174764,0.326732,0.498503
AGCTCTTCCCAGTGCA-1,0.011198,0.16366,0.825142
AGCTCTTCGTAACCTT-1,0.034481,0.183416,0.782103
AGCTCTTTACTCAGTT-1,0.382652,0.288428,0.32892
AGCTGAAGTAAACCAA-1,0.151887,0.377187,0.470926
AGCTGCATTTGAGGTG-1,0.468921,0.200548,0.330531
AGCTGCTGTGCCGAAT-1,0.102385,0.817871,0.079744
AGCTGTAACCTCAATC-1,0.020237,0.273835,0.705928
AGCTTATAGAGACCTG-1,0.000137,0.675476,0.324387
AGCTTCAATACTTTGA-1,0.016576,0.273949,0.709475
AGCTTCTTCTCGAGCA-1,0.078365,0.497939,0.423696
AGCTTGATCAGGGTAG-1,0.166041,0.506815,0.327145
AGCTTGATCTTAACTT-1,0.000043,0.153843,0.846114
AGGAAAGCCTCTGATG-1,0.005076,0.63721,0.357713
AGGAACGAACGACTTC-1,0.45792,0.005944,0.536135
AGGAAGCTGTCCGCCG-1,0.129342,0.082874,0.787784
AGGACAGTCGAATCCC-1,0.22641,0.216594,0.556996
AGGACATCGCACGTCG-1,0.000046,0.54057,0.459383
AGGACATCGGCACACT-1,0.794213,0.171467,0.03432
AGGACGACCCATTAGA-1,0.096327,0.000469,0.903204
AGGACGCTCGATGTTG-1,0.166869,0.559951,0.273181
AGGACTTATAGGAGAA-1,0.848106,0.101033,0.050861
AGGAGACATCCACAGT-1,0.078966,0.396543,0.524491
AGGAGAGTCTGGCTAC-1,0.000029,0.051328,0.948642
AGGAGCGTTTATTATC-1,0.772534,0.205579,0.021887
AGGAGGCCTTCGCGCG-1,0.146421,0.702157,0.151423
AGGATAAAGTCGGGAT-1,0.213714,0.419002,0.367283
AGGATATAGGGATTTA-1,0.02839,0.268196,0.703414
AGGATATCCGACTGCA-1,0.020578,0.23173,0.747692
AGGATCACGCGATCTG-1,0.000033,0.023988,0.975979
AGGATTGCTTACGACA-1,0.113645,0.221812,0.664542
AGGCAAAGAGGAATCA-1,0.031511,0.456415,0.512075
AGGCAATACGGAGGAC-1,0.632892,0.115008,0.2521
AGGCACGTGACTGTCC-1,0.14981,0.327665,0.522525
AGGCAGATGCGTAAAC-1,0.936023,0.055228,0.00875
AGGCAGGGAGCGTACT-1,0.045902,0.480768,0.47333
AGGCATTGTCGTAGGG-1,0.166938,0.347287,0.485775
AGGCCACATTGGTTAC-1,0.224418,0.59069,0.184892
AGGCCACCCGTTATGA-1,0.000077,0.511494,0.488429
AGGCCCAGTGACTGGT-1,0.24293,0.570381,0.186688
AGGCCCATTGTACAGG-1,0.03821,0.643201,0.318589
AGGCCCTAGAACGCCA-1,0.000022,0.045032,0.954947
AGGCCTATCATACCAA-1,0.103243,0.065081,0.831676
AGGCCTGAGAATCTCG-1,0.218207,0.017109,0.764684
AGGCGATAACTGGCGT-1,0.116287,0.176166,0.707547
AGGCGGTTTGTCCCGC-1,0.587654,0.060457,0.351889
AGGCGTCTATGGACGG-1,0.096737,0.614166,0.289098
AGGCTATGGTTAGCTT-1,0.031027,0.596635,0.372337
AGGCTTAAGTTGCACA-1,0.232046,0.56274,0.205214
AGGCTTCCCGAAGAAG-1,0.079622,0.324611,0.595767
AGGCTTGCTAGACACC-1,0.000092,0.551244,0.448664
AGGGAAACGAGGTACT-1,0.000026,0.088255,0.911719
AGGGACAGCACGGCGG-1,0.07535,0.657052,0.267598
AGGGACCGGCTGCGTT-1,0.011043,0.218728,0.770229
AGGGACTCTACGCGAC-1,0.010991,0.130531,0.858478
AGGGAGACATACTTCG-1,0.05163,0.333951,0.614419
AGGGCAGCGGCGTGGT-1,0.133627,0.135795,0.730578
AGGGCCCTAATGTTCT-1,0.08667,0.231001,0.682328
AGGGCGAGCAGCTGAT-1,0.069561,0.906587,0.023852
AGGGCGTGATCGGCTA-1,0.064392,0.801823,0.133785
AGGGCTGCAGTTACAG-1,0.111984,0.460679,0.427337
AGGGTCAGAGCACTCG-1,0.13034,0.050515,0.819145
AGGGTCAGTAACCCTA-1,0.031713,0.476239,0.492047
AGGGTCGATGCGAACT-1,0.002691,0.009788,0.987521
AGGGTCTGGACGCAGT-1,0.069652,0.295051,0.635297
AGGGTGCCGTTCTTTA-1,0.055384,0.447513,0.497103
AGGGTGCTCTCGAGGG-1,0.005636,0.235379,0.758985
AGGGTGGATAGTGCAT-1,0.000071,0.915398,0.084531
AGGGTGTGCTACACGC-1,0.039604,0.63434,0.326056
AGGGTTCAGACGGTCC-1,0.068708,0.060284,0.871008
AGGGTTCCCTTTGGTT-1,0.003971,0.000083,0.995946
AGGGTTTAGTTCGGGA-1,0.051812,0.49087,0.457318
AGGTAACCTCCTATTC-1,0.052498,0.748053,0.199449
AGGTACGATATTGCCA-1,0.076177,0.374618,0.549205
AGGTAGATCGAGATAT-1,0.002547,0.0335,0.963953
AGGTAGGTACAAAGCT-1,0.000802,0.733744,0.265455
AGGTATAATTGATAGT-1,0.014337,0.416744,0.568919
AGGTATGCGGACATTA-1,0.009885,0.229264,0.760851
AGGTCAGGTGAGAGTG-1,0.007629,0.642201,0.35017
AGGTCGCCACTTCGGT-1,0.023981,0.886561,0.089458
AGGTCGCCTCCCAACA-1,0.036611,0.016549,0.94684
AGGTCGCGGAGTTACT-1,0.112587,0.325354,0.56206
AGGTGCACGTCCACAT-1,0.048203,0.511445,0.440351
AGGTGGTGACCTTCGC-1,0.109923,0.251325,0.638752
AGGTGTATCGCCATGA-1,0.059685,0.802731,0.137584
AGGTGTTGCCGACCAC-1,0.086916,0.264709,0.648374
AGGTTACACCATGCCG-1,0.102109,0.121637,0.776254
AGGTTCTCCTTTCCGG-1,0.105397,0.520418,0.374185
AGGTTGAGGCACGCTT-1,0.909251,0.000109,0.090641
AGGTTTCACACACCTT-1,0.36942,0.178564,0.452015
AGTAACGTTCATCCTG-1,0.032802,0.730637,0.236561
AGTAACTATAGCAGCC-1,0.003031,0.199498,0.797471
AGTAAGGGACAGAATC-1,0.384544,0.265267,0.350189
AGTAATCTAAGGGTGG-1,0.134984,0.110582,0.754433
AGTAATGTCTTGCCGC-1,0.154701,0.375272,0.470027
AGTAATTTGCAAGCGT-1,0.57129,0.231927,0.196783
AGTACAGAAGCTTATA-1,0.117884,0.158072,0.724043
AGTACATCATTTATCA-1,0.022224,0.478797,0.49898
AGTACCTTCGAGTGCT-1,0.035679,0.272758,0.691563
AGTACGGCCCGTATCG-1,0.018203,0.852826,0.12897
AGTACGGGCACCTGGC-1,0.555156,0.38831,0.056534
AGTACGTGGCCTGTCT-1,0.203788,0.471089,0.325123
AGTACTCTTATGCCCA-1,0.013685,0.066752,0.919563
AGTAGAAGGCGCCTCA-1,0.114849,0.001816,0.883335
AGTAGCGTGAACGAAC-1,0.042674,0.648647,0.308679
AGTAGCTAGACGCCGA-1,0.536406,0.404909,0.058685
AGTAGGAAGGAAGTTG-1,0.069152,0.166315,0.764533
AGTAGGTAACATACAT-1,0.057046,0.442856,0.500097
AGTATAATACTAGGCA-1,0.017884,0.256159,0.725956
AGTATACACAGCGACA-1,0.106796,0.488875,0.404328
AGTATCCATAATAACG-1,0.063724,0.655424,0.280852
AGTATGCTGGAGACCA-1,0.0239,0.244187,0.731913
AGTATTTGGCACGACC-1,0.005808,0.000254,0.993938
AGTCAAATGATGTGAT-1,0.138353,0.421774,0.439873
AGTCAACACCACCATC-1,0.11555,0.511756,0.372694
