Barcode,Topic 1,Topic 2,Topic 3,Topic 4,Topic 5,Topic 6,Topic 7,Topic 8,Topic 9,Topic 10
AAACAAGTATCTCCCA-1,0.003862,0.008385,0.20317,0.095058,0.038932,0.130193,0.305716,0.079232,0.047714,0.087738
AAACACCAATAACTGC-1,0.013817,0.003918,0.02479,0.15739,0.015203,0.128462,0.059416,0.259887,0.179332,0.157784
AAACAGAGCGACTCCT-1,0.000026,0.110078,0.041341,0.040921,0.003575,0.039198,0.378957,0.174809,0.087106,0.12399
AAACAGCTTTCAGAAG-1,0.000213,0.159313,0.189773,0.110122,0.038516,0.054573,0.08225,0.107483,0.10722,0.150538
AAACAGGGTCTATATT-1,0.000997,0.000012,0.022416,0.083781,0.013695,0.120065,0.059262,0.240867,0.271655,0.18725
AAACAGTGTTCCTGGG-1,0.223358,0.536711,0.174664,0.027037,0.000018,0.015935,0.003765,0.008573,0.007868,0.002071
AAACATGGTGAGAGGA-1,0.030058,0.087429,0.313261,0.111095,0.014824,0.071241,0.191976,0.068852,0.053955,0.057308
AAACATTTCCCGGATT-1,0.000016,0.058067,0.606814,0.063504,0.053983,0.093979,0.065467,0.008616,0.03616,0.013394
AAACCACTACACAGAT-1,0.002791,0.068435,0.005414,0.013242,0.010357,0.022597,0.099578,0.257793,0.245571,0.274223
AAACCCGAACGAAATC-1,0.001537,0.06894,0.135187,0.158708,0.002656,0.05844,0.136333,0.16411,0.149929,0.12416
AAACCGGAAATGTTAA-1,0.032074,0.074618,0.336429,0.047619,0.005894,0.024538,0.269934,0.078182,0.094035,0.036677
AAACCGGGTAGGTACC-1,0.015381,0.000016,0.012674,0.068883,0.00463,0.086209,0.091046,0.125537,0.193489,0.402134
AAACCGTTCGTCCAGG-1,0.000015,0.00636,0.004968,0.022324,0.684416,0.073522,0.067538,0.045666,0.03324,0.06195
AAACCTAAGCAGCCGG-1,0.032948,0.002027,0.356503,0.173389,0.010967,0.099363,0.104862,0.112837,0.068566,0.038538
AAACCTCATGAAGTTG-1,0.000055,0.006483,0.213829,0.0404,0.025976,0.065472,0.203305,0.193857,0.148312,0.102312
AAACGAAGAACATACC-1,0.001702,0.000457,0.014366,0.020093,0.025155,0.012876,0.499529,0.278381,0.050676,0.096766
AAACGAAGATGGAGTA-1,0.004343,0.065988,0.31314,0.054833,0.020918,0.044536,0.251934,0.107448,0.063892,0.072968
AAACGACAGTCTTGCC-1,0.004988,0.466456,0.023682,0.050777,0.004863,0.000025,0.201633,0.143726,0.074952,0.028896
AAACGAGACGGTTGAT-1,0.000023,0.006642,0.342003,0.095994,0.049068,0.103973,0.067477,0.097625,0.082803,0.154392
AAACGCCCGAGATCGG-1,0.011112,0.038011,0.253997,0.002624,0.000035,0.000035,0.362024,0.080974,0.178888,0.0723
AAACGGGCGTACGGGT-1,0.026012,0.0327,0.048684,0.140044,0.01391,0.130992,0.021833,0.136827,0.306904,0.142094
AAACGGTTGCGAACTG-1,0.016695,0.027043,0.531293,0.122796,0.019145,0.118712,0.019831,0.037114,0.048205,0.059166
AAACGTGTTCGCCCTA-1,0.000016,0.10812,0.012374,0.044405,0.031875,0.097048,0.012866,0.150023,0.188974,0.3543
AAACTAACGTGGCGAC-1,0.000465,0.000194,0.000022,0.003302,0.015332,0.01419,0.220549,0.213039,0.385166,0.147741
AAACTCGGTTCGCAAT-1,0.010948,0.012521,0.613977,0.057341,0.017948,0.102846,0.046743,0.023516,0.047262,0.066898
AAACTCGTGATATAAG-1,0.007135,0.257507,0.012197,0.287021,0.002611,0.005529,0.100946,0.119942,0.113038,0.094073
AAACTGCTGGCTCCAA-1,0.002592,0.002908,0.061472,0.043059,0.009688,0.570509,0.088304,0.043321,0.077978,0.100169
AAACTTAATTGCACGC-1,0.005306,0.025667,0.075208,0.084606,0.004087,0.153996,0.109223,0.233509,0.125622,0.182777
AAACTTGCAAACGTAT-1,0.010333,0.027452,0.073963,0.122151,0.020227,0.129243,0.098298,0.190182,0.157512,0.170639
AAAGAATGACCTTAGA-1,0.033042,0.15351,0.423689,0.019668,0.009479,0.004695,0.305525,0.024907,0.01306,0.012425
AAAGAATGTGGACTAA-1,0.910876,0.016452,0.070853,0.000702,0.000007,0.001083,0.000007,0.000007,0.000007,0.000007
AAAGACCCAAGTCGCG-1,0.000022,0.034295,0.004016,0.019019,0.000023,0.022124,0.486001,0.205658,0.099905,0.128937
AAAGACTGGGCGCTTT-1,0.005309,0.007362,0.20778,0.027452,0.007959,0.023335,0.578758,0.067197,0.040682,0.034166
AAAGCTTGCCTACATA-1,0.006706,0.127624,0.048025,0.101513,0.065112,0.145707,0.164365,0.099934,0.115013,0.126002
AAAGGCCCTATAATAC-1,0.008803,0.008198,0.372679,0.029252,0.003482,0.056358,0.371621,0.036347,0.075746,0.037512
AAAGGCTACGGACCAT-1,0.003954,0.002473,0.141787,0.098791,0.035374,0.134342,0.179147,0.16965,0.094072,0.140408
AAAGGCTCTCGCGCCG-1,0.000024,0.067141,0.11264,0.106454,0.015681,0.51497,0.097462,0.019394,0.024458,0.041776
AAAGGGATGTAGCAAG-1,0.016845,0.020423,0.121628,0.035032,0.019131,0.022547,0.265779,0.209708,0.127563,0.161343
AAAGGGCAGCTTGAAT-1,0.003271,0.000014,0.068654,0.220745,0.037165,0.379424,0.089755,0.088383,0.055022,0.057568
AAAGGTAAGCTGTACC-1,0.000024,0.032829,0.004162,0.016716,0.055821,0.277459,0.181468,0.194605,0.09373,0.143185
AAAGTAGCATTGCTCA-1,0.007048,0.000022,0.33208,0.112476,0.045573,0.165486,0.073365,0.10393,0.094014,0.066006
AAAGTCACTGATGTAA-1,0.001332,0.056316,0.186369,0.03681,0.003602,0.007848,0.315261,0.139747,0.06948,0.183235
AAAGTCGACCCTCAGT-1,0.011407,0.002855,0.12596,0.094206,0.020378,0.120554,0.061046,0.139623,0.167835,0.256136
AAAGTGTGATTTATCT-1,0.000829,0.175558,0.041694,0.073959,0.05409,0.050361,0.078911,0.102686,0.177545,0.244367
AAAGTTGACTCCCGTA-1,0.000018,0.054051,0.050367,0.22757,0.017961,0.224964,0.057429,0.105632,0.140287,0.121722
AAATAACCATACGGGA-1,0.000018,0.031668,0.000018,0.018263,0.000925,0.0824,0.0146,0.292331,0.237888,0.321888
AAATAAGGTAGTGCCC-1,0.000842,0.02196,0.027116,0.036297,0.003869,0.244193,0.21346,0.130049,0.22921,0.093004
AAATACCTATAAGCAT-1,0.009556,0.150738,0.192482,0.353535,0.004024,0.03796,0.146468,0.040343,0.02738,0.037514
AAATAGCTTAGACTTT-1,0.000302,0.036325,0.024937,0.046912,0.019045,0.328202,0.088225,0.135202,0.236306,0.084543
AAATAGGGTGCTATTG-1,0.004382,0.081924,0.097736,0.179146,0.015857,0.13674,0.165846,0.137272,0.103653,0.077443
AAATCCGATACACGCC-1,0.025158,0.014783,0.288782,0.077023,0.008761,0.084153,0.344148,0.04788,0.064374,0.044938
AAATCGCGGAAGGAGT-1,0.004835,0.034704,0.115458,0.11744,0.005852,0.145468,0.119432,0.092708,0.200202,0.163902
AAATCGTGTACCACAA-1,0.000029,0.000029,0.08271,0.119275,0.053916,0.128688,0.282025,0.126464,0.112472,0.094392
AAATCTAGCCCTGCTA-1,0.025992,0.096389,0.541168,0.055312,0.189552,0.057569,0.01399,0.006385,0.008204,0.00544
AAATCTGCCCGCGTCC-1,0.000465,0.822798,0.000465,0.000465,0.000465,0.000465,0.17348,0.000465,0.000465,0.000465
AAATGATTCGATCAGC-1,0.000017,0.002103,0.002763,0.035393,0.001662,0.033622,0.037014,0.291122,0.131662,0.464643
AAATGCTCGTTACGTT-1,0.017908,0.211159,0.206202,0.000721,0.005189,0.00387,0.485088,0.034233,0.019257,0.016374
AAATGGCATGTCTTGT-1,0.017409,0.03452,0.087486,0.013921,0.02265,0.054353,0.506122,0.15624,0.053232,0.054067
AAATGGCCCGTGCCCT-1,0.018745,0.041386,0.204738,0.153056,0.017342,0.053802,0.178117,0.06369,0.144571,0.124552
AAATGGTCAATGTGCC-1,0.005172,0.027824,0.152547,0.065391,0.001478,0.09746,0.53534,0.080124,0.008752,0.025911
AAATGTATCTTATCCC-1,0.00002,0.170909,0.062584,0.053483,0.038004,0.070995,0.300791,0.148154,0.049095,0.105965
AAATTAACGGGTAGCT-1,0.000014,0.000014,0.003084,0.056527,0.023308,0.678978,0.028258,0.065801,0.062966,0.08105
AAATTAATAAGCGCGA-1,0.000023,0.033038,0.251872,0.002306,0.157159,0.016838,0.392173,0.048181,0.068799,0.029611
AAATTACACGACTCTG-1,0.000032,0.035645,0.12876,0.005063,0.146309,0.020856,0.363805,0.119605,0.136941,0.042982
AAATTACCTATCGATG-1,0.023625,0.015772,0.024472,0.070038,0.03525,0.078332,0.197167,0.20899,0.162521,0.183834
AAATTCCAGGTCCAAA-1,0.000014,0.099335,0.089763,0.095161,0.011099,0.051975,0.141784,0.217154,0.184602,0.109113
AAATTGATAGTCCTTT-1,0.002873,0.00002,0.431217,0.118387,0.006666,0.084783,0.032891,0.054553,0.125454,0.143156
AAATTGCGGCGGTTCT-1,0.007469,0.064117,0.186249,0.000321,0.017275,0.003769,0.625408,0.059152,0.025805,0.010435
AAATTGGTGAGAAGCA-1,0.000035,0.123507,0.084237,0.019086,0.039842,0.007855,0.370537,0.155163,0.106573,0.093165
AAATTTACCGAAATCC-1,0.000021,0.170718,0.259264,0.010133,0.039056,0.00409,0.263928,0.103364,0.093518,0.055909
AAATTTGCGGGTGTGG-1,0.000019,0.024289,0.032473,0.1405,0.001554,0.155628,0.118665,0.149247,0.08994,0.287687
AACAACTGGTAGTTGC-1,0.000016,0.000016,0.001348,0.044159,0.011208,0.199202,0.042521,0.155566,0.19431,0.351653
AACAATACATTGTCGA-1,0.00846,0.000013,0.260682,0.07011,0.016497,0.124407,0.198248,0.065371,0.138128,0.118083
AACAATTACTCTACGC-1,0.005265,0.03262,0.205853,0.059715,0.020225,0.043801,0.314868,0.113248,0.115377,0.089026
AACACACGCTCGCCGC-1,0.000021,0.16428,0.174809,0.047224,0.004217,0.078589,0.269542,0.093334,0.11831,0.049674
AACACGACTGTACTGA-1,0.006396,0.024917,0.041048,0.036342,0.083978,0.037104,0.43086,0.11102,0.142123,0.086209
AACACGAGACGCGGCC-1,0.014454,0.056143,0.430617,0.026789,0.027709,0.032509,0.188906,0.028802,0.103765,0.090306
AACACGCGGCCGCGAA-1,0.000019,0.39505,0.172215,0.059459,0.028063,0.008893,0.268366,0.030172,0.025348,0.012414
AACAGCTGTGTGGCAA-1,0.001972,0.000012,0.068766,0.122818,0.009921,0.343665,0.117019,0.055445,0.138358,0.142025
AACAGGAAATCGAATA-1,0.011837,0.018145,0.116292,0.034033,0.002262,0.259358,0.193032,0.153029,0.096417,0.115596
AACAGGATGGGCCGCG-1,0.000023,0.055956,0.051446,0.648824,0.022111,0.018033,0.08236,0.028087,0.041744,0.051417
AACAGGTAGTATGGAT-1,0.000012,0.000012,0.024623,0.036121,0.007759,0.872213,0.028227,0.011336,0.012337,0.00736
AACATAGCGTGTATCG-1,0.882518,0.032238,0.010328,0.014058,0.01412,0.011745,0.00441,0.011678,0.010626,0.00828
AACATATCAACTGGTG-1,0.000021,0.075252,0.009482,0.066307,0.007878,0.038173,0.092,0.267362,0.204705,0.23882
AACATCGATACGTCTA-1,0.007391,0.06339,0.288801,0.034783,0.006537,0.024914,0.159368,0.211217,0.120102,0.083496
AACATTGAAGTTGATC-1,0.000046,0.018098,0.076098,0.18126,0.04964,0.270366,0.310395,0.03946,0.035282,0.019354
AACATTGTGACTCGAG-1,0.003311,0.049915,0.47576,0.062177,0.067508,0.081304,0.126625,0.03855,0.055325,0.039523
AACCAAGACTTCTCTG-1,0.00602,0.06769,0.020927,0.104961,0.005539,0.469378,0.065954,0.113841,0.043314,0.102376
AACCAGTATCACTCTT-1,0.00205,0.10561,0.077415,0.017713,0.017835,0.034248,0.145439,0.22795,0.217927,0.153812
AACCATAGGGTTGAAC-1,0.011805,0.121816,0.572546,0.030955,0.000225,0.010772,0.11481,0.043411,0.070602,0.023059
AACCATGGGATCGCTA-1,0.000022,0.001412,0.033578,0.013265,0.055705,0.038557,0.242857,0.411875,0.058045,0.144685
AACCCAGAGACGGAGA-1,0.003378,0.036947,0.077089,0.041603,0.008534,0.112586,0.246343,0.300566,0.081573,0.091382
AACCCATCCCATGATC-1,0.028605,0.039188,0.037455,0.086479,0.0322,0.045205,0.201547,0.109449,0.195604,0.224267
AACCCGACAACCCGTG-1,0.012591,0.022952,0.321563,0.089497,0.015177,0.102108,0.279294,0.060288,0.032626,0.063904
AACCCGAGCAGAATCG-1,0.009706,0.042388,0.44575,0.070831,0.005151,0.015808,0.324497,0.038036,0.031785,0.016048
AACCCGATAGGGCTTC-1,0.011097,0.079233,0.049552,0.006883,0.007759,0.023045,0.182844,0.295672,0.281871,0.062044
AACCCGCTGTATTCCA-1,0.350452,0.634116,0.007645,0.006183,0.000015,0.001527,0.000015,0.000015,0.000015,0.000015
AACCCTACTGTCAATA-1,0.005621,0.059141,0.151537,0.173994,0.010495,0.329469,0.038744,0.065096,0.066061,0.099841
AACCCTGGTGGAACCA-1,0.000017,0.000017,0.028052,0.039672,0.009931,0.081307,0.272192,0.177639,0.185284,0.20589
AACCGAGCTTGGTCAT-1,0.000019,0.000019,0.000019,0.019962,0.021205,0.062548,0.018325,0.23161,0.377412,0.26888
AACCGCTAAGGGATGC-1,0.02465,0.01012,0.213336,0.126135,0.00254,0.112829,0.05131,0.111095,0.20057,0.147414
AACCGTTGTGTTTGCT-1,0.000036,0.122536,0.154303,0.010876,0.000036,0.011939,0.170865,0.258429,0.052896,0.218084
AACCTCGCTTTAGCCC-1,0.011782,0.014694,0.45965,0.165772,0.005787,0.060084,0.099114,0.069894,0.064697,0.048525
AACCTGTCACGGAATT-1,0.000019,0.029583,0.059731,0.043867,0.005269,0.091368,0.230427,0.192663,0.240397,0.106675
AACCTTTAAATACGGT-1,0.003179,0.012227,0.26991,0.062422,0.001796,0.108626,0.235951,0.092097,0.142047,0.071746
AACCTTTACGACGTCT-1,0.00072,0.03721,0.036193,0.126303,0.031354,0.17105,0.051467,0.084466,0.183527,0.27771
AACGAAAGTCGTCCCA-1,0.013233,0.009958,0.120619,0.232054,0.020267,0.246255,0.220392,0.048115,0.058316,0.030792
AACGACCTCCTAGCCG-1,0.997613,0.002338,0.000006,0.000006,0.000006,0.000006,0.000006,0.000006,0.000006,0.000006
AACGATAATGCCGTAG-1,0.000016,0.000402,0.199243,0.086843,0.057692,0.313411,0.034922,0.021585,0.144436,0.14145
AACGATAGAAGGGCCG-1,0.000026,0.015049,0.061542,0.076451,0.001581,0.027564,0.2153,0.144184,0.252769,0.205534
AACGATATGTCAACTG-1,0.000026,0.079731,0.128528,0.114503,0.018805,0.056576,0.270231,0.135505,0.070523,0.125571
AACGCATGATCTGGGT-1,0.000038,0.140693,0.07014,0.017512,0.007095,0.030502,0.403169,0.114719,0.061739,0.154393
AACGCGAACGGCAACA-1,0.00002,0.162551,0.042473,0.063867,0.111304,0.056959,0.318208,0.088607,0.092025,0.063987
AACGCGACCTTGGGCG-1,0.012602,0.013054,0.022459,0.181983,0.019505,0.266059,0.060225,0.207293,0.104924,0.111895
AACGCGGTCTCCAGCC-1,0.000036,0.028372,0.277293,0.042006,0.004286,0.009894,0.213978,0.208014,0.079075,0.137045
AACGCTGTTGCTGAAA-1,0.002795,0.038356,0.448494,0.144579,0.034137,0.023901,0.118531,0.043878,0.04483,0.100499
AACGGACGTACGTATA-1,0.004409,0.001047,0.083564,0.150545,0.016515,0.265636,0.101631,0.083239,0.114999,0.178413
AACGGCCATCTCCGGT-1,0.005687,0.01024,0.311188,0.121893,0.017802,0.1028,0.182855,0.054457,0.094652,0.098427
AACGTACTGTGGGTAC-1,0.018898,0.001604,0.401364,0.057414,0.008826,0.048568,0.06056,0.05394,0.205619,0.143206
AACGTCAGACTAGTGG-1,0.000025,0.000025,0.002736,0.020133,0.037922,0.173179,0.043909,0.145573,0.305971,0.270527
AACGTCGCTGCACTTC-1,0.879398,0.073512,0.046214,0.00002,0.000013,0.000791,0.000013,0.000013,0.000013,0.000013
AACGTGATGAAGGACA-1,0.000032,0.05843,0.305899,0.024633,0.032377,0.015141,0.360199,0.058381,0.106076,0.038832
AACGTGCGAAAGTCTC-1,0.014668,0.000018,0.02676,0.043387,0.009437,0.085881,0.026909,0.104557,0.24878,0.439602
AACGTTATCAGCACCT-1,0.000026,0.01171,0.395113,0.037165,0.000521,0.012685,0.353469,0.029249,0.033644,0.126419
AACTACCCGTTTGTCA-1,0.000014,0.005139,0.044142,0.247094,0.00906,0.202501,0.100152,0.086225,0.17687,0.128803
AACTAGCGTATCGCAC-1,0.00004,0.00004,0.025283,0.00004,0.00004,0.00004,0.974398,0.00004,0.00004,0.00004
AACTAGGCTTGGGTGT-1,0.022965,0.000027,0.034465,0.176032,0.010938,0.157984,0.05826,0.064557,0.238519,0.236252
AACTCAAGTTAATTGC-1,0.00002,0.011408,0.355951,0.017413,0.006654,0.072452,0.202257,0.10913,0.085214,0.1395
AACTCCAGAGCGTGTT-1,0.009804,0.000039,0.340499,0.083951,0.013141,0.17885,0.123479,0.092656,0.07014,0.087441
AACTCCTAATCCCATG-1,0.000045,0.259165,0.050868,0.056225,0.000045,0.017765,0.298172,0.125462,0.072677,0.119577
AACTCGATAAACACGT-1,0.026972,0.250434,0.086888,0.035426,0.00007,0.069847,0.284727,0.212487,0.025009,0.008141
AACTCGATGGCGCAGT-1,0.000031,0.01996,0.367401,0.156504,0.005705,0.036182,0.152772,0.137391,0.064845,0.059209
AACTCTCAATAGAGCG-1,0.002305,0.055873,0.330912,0.102531,0.012137,0.098793,0.011218,0.0592,0.173877,0.153154
AACTCTCAGTGTGCTC-1,0.001939,0.048622,0.036908,0.13104,0.136918,0.112183,0.070652,0.16727,0.189857,0.104612
AACTGAGGTCAGCGTC-1,0.000043,0.14747,0.186662,0.000043,0.013208,0.000043,0.490172,0.027102,0.06902,0.066236
AACTGATATTAGGCCT-1,0.00002,0.000079,0.032965,0.01594,0.012471,0.571586,0.128064,0.123671,0.064004,0.051199
AACTGGGTCCCGACGT-1,0.000026,0.00144,0.003108,0.021747,0.014932,0.102378,0.263892,0.139418,0.209684,0.243374
AACTGGGTTCGAGCCG-1,0.000055,0.126085,0.245768,0.000585,0.061874,0.010753,0.494985,0.006197,0.020448,0.033249
AACTGGTGTGGGCCTT-1,0.006217,0.164851,0.054585,0.015177,0.000035,0.000717,0.461023,0.21077,0.023695,0.062931
AACTTCTGCGTCTATC-1,0.003601,0.002124,0.218247,0.079342,0.031166,0.130436,0.005122,0.141258,0.131257,0.257447
AACTTGCCCGTATGCA-1,0.000038,0.000038,0.040071,0.116897,0.015494,0.021017,0.168698,0.140492,0.131902,0.365353
AACTTGCGTTCTCGCG-1,0.003444,0.011511,0.017095,0.064501,0.012236,0.049915,0.128651,0.309764,0.26693,0.135953
AACTTTACGGGAGCTT-1,0.012175,0.000025,0.28558,0.022938,0.027747,0.034803,0.257196,0.162258,0.093687,0.103591
AACTTTAGCTGCTGAG-1,0.000034,0.029779,0.016191,0.005702,0.331434,0.010767,0.499313,0.043744,0.040874,0.022161
AACTTTCTCGATCATG-1,0.000028,0.102717,0.230692,0.037962,0.001868,0.036302,0.219514,0.051995,0.144676,0.174245
AAGAAAGTTTGATGGG-1,0.000079,0.999286,0.000079,0.000079,0.000079,0.000079,0.000079,0.000079,0.000079,0.000079
AAGAAATCACCAGATT-1,0.000012,0.083302,0.000012,0.010382,0.696535,0.175487,0.00046,0.00626,0.008727,0.018821
AAGAAGGATCAGTTAG-1,0.000828,0.033322,0.122255,0.023499,0.080568,0.340899,0.184007,0.106556,0.042106,0.065961
AAGACATACGTGGTTT-1,0.791771,0.050568,0.050849,0.015107,0.008076,0.018141,0.039043,0.008847,0.011673,0.005926
AAGACCAAATAACTCA-1,0.003512,0.090199,0.145486,0.047062,0.019146,0.102826,0.435476,0.053099,0.033463,0.069732
AAGACCCAACTGAACA-1,0.004729,0.051638,0.323324,0.147556,0.029785,0.153951,0.101158,0.037188,0.062868,0.087803
AAGACTAACCCGTTGT-1,0.000023,0.09772,0.1663,0.007812,0.009849,0.001691,0.532545,0.094432,0.028849,0.060779
AAGACTGCAAGCTACT-1,0.003834,0.047275,0.045452,0.21481,0.012167,0.079411,0.078365,0.131232,0.139787,0.247667
AAGAGATGAATCGGTA-1,0.009142,0.000022,0.161995,0.054468,0.007937,0.04746,0.04233,0.097179,0.15122,0.428247
AAGAGCTCTTTATCGG-1,0.000031,0.193383,0.015685,0.078702,0.325823,0.227877,0.064582,0.049642,0.023134,0.021142
AAGAGGATGTACGCGA-1,0.009368,0.002566,0.08695,0.06825,0.017114,0.165164,0.134902,0.186551,0.165924,0.163213
AAGAGGCATGGATCGC-1,0.010985,0.05494,0.06575,0.129355,0.011118,0.117651,0.098284,0.135973,0.202635,0.173311
AAGAGGCCCTTTGGAA-1,0.011723,0.04007,0.363098,0.182201,0.084631,0.053292,0.186315,0.022966,0.042006,0.013698
AAGATGGCACCGGACC-1,0.010309,0.000896,0.053475,0.221472,0.030773,0.147393,0.11993,0.139197,0.155009,0.121547
AAGATTGGCGGAACGT-1,0.001276,0.030986,0.070297,0.097631,0.039516,0.089469,0.123533,0.190667,0.15797,0.198655
AAGCACCCTGCGTATC-1,0.003492,0.001434,0.142596,0.101087,0.006177,0.241859,0.061474,0.137687,0.16964,0.134554
AAGCATACTCTCCTGA-1,0.00002,0.009883,0.117688,0.258353,0.006472,0.080891,0.169069,0.12344,0.131625,0.102559
AAGCCACTTGCAGGTA-1,0.068029,0.863669,0.005909,0.00005,0.044263,0.00005,0.010401,0.007531,0.00005,0.00005
AAGCCGAAGCGGTTTA-1,0.008193,0.005792,0.067377,0.194797,0.029057,0.248526,0.058063,0.211117,0.082912,0.094165
AAGCCGCCGTGAAATC-1,0.00975,0.005809,0.241217,0.064029,0.014313,0.086616,0.166038,0.083693,0.11814,0.210395
AAGCCGCTTTACCTTG-1,0.005079,0.218663,0.20452,0.080111,0.060937,0.079834,0.051889,0.047157,0.126875,0.124935
AAGCGCAGGGCTTTGA-1,0.013463,0.00121,0.184232,0.159953,0.06283,0.373844,0.004603,0.026391,0.118682,0.054792
AAGCGGAGTGCGCGCA-1,0.000015,0.189452,0.000015,0.014365,0.318946,0.078962,0.007685,0.101788,0.118636,0.170136
AAGCGGCGTCATGGGT-1,0.013915,0.087667,0.192273,0.029513,0.000046,0.000046,0.460267,0.040888,0.115065,0.06032
AAGCGTCCCTCATCGA-1,0.000169,0.001281,0.028107,0.187616,0.055965,0.425951,0.165319,0.07608,0.035952,0.02356
AAGCTAGATCGAGTAA-1,0.001541,0.068129,0.173165,0.064919,0.028743,0.126733,0.052837,0.061843,0.21348,0.208609
AAGCTCGTGCCAAGTC-1,0.000017,0.03759,0.00418,0.03165,0.01913,0.169645,0.018323,0.146048,0.282838,0.290579
AAGCTCTTTCATGGTG-1,0.008319,0.002653,0.24313,0.094336,0.010276,0.083585,0.497025,0.019392,0.018626,0.022657
AAGGAGAACTTATAAG-1,0.000082,0.093287,0.026298,0.011421,0.013122,0.008901,0.731241,0.032586,0.041868,0.041195
AAGGAGCGGTTGGTGC-1,0.005581,0.030451,0.034255,0.184348,0.00422,0.334299,0.004352,0.033068,0.132761,0.236666
AAGGATCGATCGCTTG-1,0.000024,0.144152,0.020694,0.099944,0.011395,0.078016,0.062431,0.193939,0.222432,0.166973
AAGGATGAGGGACCTC-1,0.000023,0.116183,0.220032,0.080538,0.031713,0.330658,0.131159,0.050845,0.023237,0.015612
AAGGCAGGCTGTCTCC-1,0.000016,0.054452,0.109728,0.169234,0.00851,0.244726,0.138672,0.153812,0.049421,0.071428
AAGGCGCGTAAAGCTT-1,0.000029,0.061261,0.301112,0.019251,0.028199,0.007452,0.253998,0.067737,0.140171,0.120791
AAGGCTGTGCTCATCG-1,0.002151,0.007046,0.068474,0.089697,0.186402,0.089632,0.138099,0.157857,0.225735,0.034907
AAGGGAACGACTGGCT-1,0.001503,0.111576,0.247344,0.039569,0.0092,0.032061,0.325077,0.094633,0.058281,0.080756
AAGGGACAGATTCTGT-1,0.000025,0.025576,0.167382,0.038839,0.003752,0.088864,0.17483,0.224566,0.177172,0.098994
AAGGGACTATGCATTC-1,0.004884,0.067847,0.159902,0.028215,0.016669,0.048593,0.54386,0.054755,0.037833,0.037441
AAGGGTTAGCCATGCG-1,0.938049,0.002083,0.000029,0.000029,0.000029,0.000029,0.059664,0.000029,0.000029,0.000029
AAGGGTTTGATTTCAG-1,0.000022,0.036502,0.084169,0.151304,0.014893,0.149381,0.27078,0.06595,0.131471,0.095528
AAGGTATCCTAATATA-1,0.000024,0.038851,0.044173,0.110524,0.015631,0.100904,0.169579,0.293122,0.053454,0.173738
AAGGTGATAAACCAGC-1,0.000024,0.03522,0.095393,0.130752,0.01683,0.096863,0.248009,0.158876,0.089809,0.128225
AAGTAGAAGACCGGGT-1,0.000038,0.039254,0.205777,0.045819,0.04089,0.005695,0.379343,0.098616,0.127322,0.057245
AAGTAGTGACGCGAGG-1,0.000016,0.000016,0.048148,0.185475,0.016132,0.376164,0.014855,0.056002,0.107429,0.195764
AAGTCAATTGTCGTCA-1,0.000017,0.000017,0.024972,0.158748,0.026247,0.205037,0.024938,0.129065,0.167004,0.263955
AAGTCTAGTAGCTGCC-1,0.000021,0.10665,0.080871,0.077746,0.035114,0.151319,0.112018,0.152065,0.137587,0.146608
AAGTCTTCTGTGGCCT-1,0.00408,0.000483,0.015807,0.059994,0.00689,0.085596,0.119218,0.178724,0.214027,0.315181
AAGTGACGACCGAATT-1,0.005241,0.010717,0.156527,0.177667,0.003003,0.032423,0.297197,0.109222,0.117698,0.090305
AAGTGAGTCGGGTTTA-1,0.0013,0.002057,0.057644,0.209474,0.023862,0.154652,0.289462,0.054949,0.092125,0.114474
AAGTGCAAAGGTAGAC-1,0.00342,0.000015,0.000189,0.001304,0.856248,0.010795,0.125526,0.001361,0.000993,0.00015
AAGTGCCTTGACTGTA-1,0.004226,0.04218,0.181358,0.164097,0.015355,0.25699,0.183964,0.044023,0.042174,0.065634
AAGTGCGTTAGAATCT-1,0.00002,0.075781,0.031894,0.143844,0.01274,0.157824,0.048782,0.160599,0.134809,0.233706
AAGTGCTTCTCTATTG-1,0.007455,0.067449,0.645557,0.019139,0.021125,0.085439,0.100145,0.028142,0.020036,0.005513
AAGTGTTTGGAGACGG-1,0.000025,0.019245,0.316118,0.192968,0.020265,0.203697,0.140807,0.027192,0.058209,0.021473
AAGTTCACTCCAAGCT-1,0.007148,0.001622,0.187382,0.220818,0.039883,0.216548,0.024658,0.067153,0.102353,0.132434
AAGTTCAGTCTGCGTA-1,0.0163,0.07831,0.192355,0.028993,0.002681,0.001159,0.422787,0.10219,0.047372,0.107854
AAGTTCGGCCAACAGG-1,0.000212,0.084372,0.047016,0.187642,0.033126,0.117106,0.04826,0.075392,0.261257,0.145617
AAGTTGTGATGTTATA-1,0.787266,0.028965,0.044645,0.009279,0.00105,0.010374,0.049105,0.012596,0.032377,0.024343
AAGTTTACTAATGGCA-1,0.000034,0.000034,0.019236,0.035966,0.012105,0.111219,0.503441,0.145301,0.086695,0.085968
AAGTTTATGGGCCCAA-1,0.00001,0.059186,0.01718,0.152259,0.031445,0.389137,0.027122,0.076901,0.100341,0.14642
AATAACAACGCTCGGC-1,0.000019,0.010168,0.075528,0.124724,0.016186,0.208831,0.419871,0.071867,0.043918,0.028887
AATAACACTAGAACAA-1,0.009908,0.019623,0.078436,0.067196,0.047422,0.102249,0.18321,0.150877,0.133557,0.207523
AATAACGTCGCGCCCA-1,0.838186,0.030983,0.032061,0.009178,0.006393,0.010999,0.056669,0.015483,0.000024,0.000024
AATAAGTCCTCGAGAC-1,0.000028,0.547772,0.018332,0.003539,0.000028,0.000028,0.277737,0.068737,0.051165,0.032633
AATAATCTTCGTATCG-1,0.005539,0.050341,0.318518,0.122856,0.021404,0.148097,0.169855,0.062175,0.034727,0.066488
AATACAATGTTTCAGG-1,0.008773,0.010373,0.110659,0.078144,0.003219,0.054096,0.312075,0.181971,0.169021,0.071669
AATACCGGAGGGCTGT-1,0.00771,0.007925,0.143344,0.130148,0.026755,0.225432,0.14129,0.114519,0.094627,0.108252
AATACCTGATGTGAAC-1,0.954174,0.008625,0.014257,0.002308,0.000008,0.000874,0.015085,0.002406,0.00083,0.001433
AATAGAACAGAGTGGC-1,0.008357,0.000019,0.265307,0.083487,0.025211,0.071871,0.227172,0.065341,0.153916,0.09932
AATAGAATCTGTTTCA-1,0.00681,0.000054,0.03431,0.086869,0.008529,0.119793,0.071625,0.140322,0.209165,0.322523
AATAGCAAGCCTCCTG-1,0.000044,0.010812,0.206355,0.002249,0.000044,0.002112,0.418326,0.103402,0.224088,0.03257
AATAGCTACCGCGTGC-1,0.001833,0.000175,0.010295,0.017449,0.00459,0.034494,0.149988,0.333218,0.184883,0.263076
AATAGTCCGTCCCGAC-1,0.00163,0.000019,0.26938,0.064517,0.014047,0.351013,0.057642,0.084973,0.100492,0.056287
AATAGTCGCGAGTCGG-1,0.000014,0.002648,0.024002,0.059906,0.015266,0.336325,0.123889,0.135243,0.117254,0.185453
AATATCAAGGTCGGAT-1,0.000035,0.07727,0.1507,0.029889,0.00817,0.04115,0.201091,0.112794,0.240663,0.138238
AATATCCTAGCAAACT-1,0.015497,0.016285,0.09204,0.026046,0.017557,0.034001,0.510825,0.104847,0.081033,0.10187
AATATCGAATCAATGC-1,0.000016,0.03878,0.21337,0.053857,0.014322,0.078876,0.214849,0.222634,0.078994,0.084301
AATATCGAGGGTTCTC-1,0.000036,0.077922,0.147847,0.026499,0.008291,0.038803,0.456502,0.066573,0.108115,0.069413
AATATTGGAGTATTGA-1,0.003895,0.042268,0.199391,0.086984,0.042113,0.069663,0.379136,0.074968,0.032227,0.069355
AATCAGACTGCAGGAC-1,0.000032,0.102665,0.127316,0.029092,0.014242,0.030575,0.226216,0.054888,0.215966,0.199008
AATCAGGTTTCATTTA-1,0.002661,0.014066,0.137122,0.264309,0.021998,0.177469,0.163082,0.052483,0.072173,0.094637
AATCATGTAAAGACTC-1,0.038447,0.031912,0.413423,0.110376,0.02054,0.108138,0.058593,0.063746,0.078501,0.076326
AATCCAAGGGCCTGAG-1,0.013845,0.073223,0.065093,0.076048,0.002738,0.061759,0.125349,0.13273,0.140051,0.309164
AATCCATGCAAGGGTG-1,0.000036,0.228873,0.05754,0.008383,0.009166,0.030405,0.437546,0.136325,0.027436,0.064288
AATCCCGCTCAGAGCC-1,0.26261,0.733091,0.003036,0.001102,0.000027,0.000027,0.000027,0.000027,0.000027,0.000027
AATCGCCTCAGCGCCA-1,0.000031,0.039403,0.330678,0.117663,0.004995,0.067744,0.171757,0.129779,0.078501,0.059448
AATCGCGCAGAGGACT-1,0.00002,0.24813,0.12557,0.089838,0.096719,0.032932,0.19591,0.110276,0.03636,0.064245
AATCGGGACACTACGA-1,0.000022,0.000022,0.000022,0.01063,0.000077,0.041693,0.019969,0.153472,0.59829,0.175803
AATCGGTATAGCCCTC-1,0.982636,0.006045,0.005805,0.002959,0.000008,0.002269,0.000008,0.000008,0.000252,0.000008
AATCGTGAGCCGAGCA-1,0.073765,0.050326,0.277582,0.291047,0.045134,0.163828,0.041688,0.023028,0.024335,0.009266
AATCTAGGTTTACTTG-1,0.000022,0.155427,0.016179,0.107156,0.014977,0.104476,0.143987,0.068043,0.082551,0.307181
AATCTATGCCGGAGCC-1,0.000025,0.041729,0.146243,0.018478,0.00943,0.374918,0.027351,0.119319,0.117105,0.145401
AATCTCTACTGTGGTT-1,0.000022,0.097288,0.06036,0.129624,0.011899,0.094575,0.100161,0.108582,0.177008,0.220481
AATCTGCGTTGGGACG-1,0.000021,0.072272,0.023753,0.128263,0.015447,0.095466,0.119757,0.125256,0.200758,0.219007
AATCTGGCTTTCTAGT-1,0.007289,0.053975,0.700842,0.016163,0.011672,0.003812,0.123751,0.026089,0.031823,0.024585
AATCTGGGTAGACCCT-1,0.000041,0.079147,0.176636,0.000764,0.000041,0.000041,0.620498,0.101773,0.018137,0.002924
AATGACAGCAATGTCT-1,0.000018,0.000018,0.004048,0.131944,0.004472,0.290128,0.033353,0.076546,0.249618,0.209856
AATGACGTAGGATGTC-1,0.031107,0.079657,0.149438,0.162552,0.021956,0.197063,0.014195,0.053541,0.122097,0.168392
AATGACTGTCAGCCGG-1,0.012023,0.062978,0.431241,0.025446,0.054648,0.023365,0.168087,0.048417,0.077424,0.096371
AATGAGTTCGCATATG-1,0.000034,0.139081,0.081621,0.020818,0.000355,0.033497,0.474749,0.098432,0.043454,0.107959
AATGATGATACGCTAT-1,0.005701,0.185781,0.037854,0.097826,0.007215,0.41085,0.035218,0.078833,0.049086,0.091637
AATGATGCGACTCCTG-1,0.000027,0.065467,0.078875,0.042018,0.014613,0.024214,0.161591,0.121485,0.107353,0.384355
AATGCAACCGGGTACC-1,0.0024,0.12648,0.058455,0.053829,0.023088,0.121648,0.096937,0.137872,0.205303,0.173989
AATGCACCAAGCAATG-1,0.003668,0.15568,0.015862,0.32012,0.01944,0.110232,0.020245,0.189458,0.108516,0.05678
AATGGCCGCCAATGCG-1,0.000021,0.098079,0.02763,0.002457,0.029881,0.002913,0.488295,0.2141,0.054873,0.081751
AATGGTCCACCGTTCA-1,0.009555,0.014799,0.112141,0.157749,0.005636,0.062865,0.22215,0.264483,0.051867,0.098754
AATGGTTCTCACAAGC-1,0.005442,0.0308,0.097211,0.049776,0.004929,0.023981,0.357396,0.173384,0.075452,0.181631
AATGTATGGCACTGTA-1,0.015301,0.0027,0.030421,0.083312,0.011689,0.144734,0.264632,0.15013,0.112585,0.184495
AATGTGCCCGAGGTGT-1,0.014146,0.000027,0.139102,0.175429,0.009073,0.044653,0.240853,0.084018,0.138646,0.154054
AATGTGCTAATCTGAG-1,0.000497,0.026858,0.013549,0.070299,0.011258,0.477782,0.034964,0.100325,0.075761,0.188707
AATGTTAAGACCCTGA-1,0.806903,0.17753,0.006647,0.001482,0.002648,0.004758,0.000008,0.000008,0.000008,0.000008
AATGTTGTCGTGAGAC-1,0.661199,0.110603,0.116534,0.018517,0.003914,0.005793,0.034275,0.01463,0.019888,0.014648
AATTAAAGGTCGGCGT-1,0.006979,0.050184,0.22299,0.066512,0.028341,0.068057,0.375935,0.045292,0.09468,0.04103
AATTAACGGATTTCCA-1,0.019513,0.069722,0.277966,0.184218,0.002091,0.124668,0.038859,0.070961,0.092146,0.119857
AATTACGAGACCCATC-1,0.000015,0.023934,0.063679,0.11297,0.009494,0.162038,0.148967,0.084429,0.199774,0.1947
AATTACTCGTACGCTC-1,0.000043,0.006259,0.246191,0.008787,0.000043,0.000057,0.520756,0.126734,0.058977,0.032153
AATTAGCGCTGCAGCG-1,0.000016,0.053095,0.005725,0.100342,0.015346,0.349834,0.028674,0.148368,0.052128,0.246473
AATTATACCCAGCAAG-1,0.948016,0.046982,0.001823,0.000969,0.000006,0.002179,0.000006,0.000006,0.000006,0.000006
AATTCATAAGGGATCT-1,0.000037,0.564227,0.00012,0.018524,0.000037,0.036748,0.116618,0.128966,0.045787,0.088936
AATTCATTGTCATGCA-1,0.009342,0.061297,0.063377,0.043136,0.032966,0.099267,0.439954,0.148114,0.075181,0.027365
AATTCCAAGCATGTAC-1,0.001007,0.009087,0.062055,0.222099,0.015347,0.285586,0.064866,0.064673,0.193778,0.081501
AATTCGATTCGAGGAT-1,0.049063,0.053521,0.250979,0.131002,0.036858,0.07331,0.343797,0.012214,0.021258,0.027998
AATTCTAGAGTTAGGC-1,0.013552,0.009577,0.413945,0.014413,0.009063,0.035136,0.180988,0.102089,0.035651,0.185586
AATTGAACGCTCTGGT-1,0.006561,0.06228,0.221197,0.152514,0.028896,0.073365,0.222855,0.079123,0.074071,0.079138
AATTGCAGCAATCGAC-1,0.210512,0.173709,0.337059,0.067388,0.022411,0.146302,0.005726,0.006451,0.014884,0.015559
AATTGCGTGGATTACA-1,0.024805,0.541542,0.134129,0.017077,0.01297,0.083188,0.16985,0.00991,0.003503,0.003027
AATTGTGGTTGCCAAA-1,0.878027,0.006492,0.020374,0.021638,0.004867,0.01178,0.030149,0.016393,0.002994,0.007287
AATTTGGGACATAGTA-1,0.00005,0.087595,0.121492,0.000879,0.002824,0.0042,0.619904,0.057136,0.056856,0.049064
AATTTGGTTCCAAAGA-1,0.000043,0.538043,0.01038,0.010658,0.000043,0.001763,0.205896,0.11165,0.047427,0.074098
ACAAACCATGCGTCCT-1,0.016539,0.006135,0.084853,0.071303,0.018826,0.084062,0.297181,0.110224,0.172663,0.138213
ACAAACTCCATCAGAG-1,0.009992,0.989757,0.000031,0.000031,0.000031,0.000031,0.000031,0.000031,0.000031,0.000031
ACAAAGAAGGTAGGCC-1,0.007481,0.000016,0.0695,0.048304,0.007064,0.112206,0.26643,0.27184,0.073034,0.144124
ACAAAGCATGACCTAG-1,0.017664,0.035419,0.674152,0.074045,0.061592,0.024996,0.068169,0.012623,0.016998,0.014342
ACAAATCGCACCGAAT-1,0.000013,0.022091,0.426588,0.072543,0.00655,0.293982,0.023996,0.029728,0.057891,0.066618
ACAAATGGTAGTGTTT-1,0.007715,0.152016,0.423608,0.207861,0.001178,0.005683,0.105048,0.026134,0.044839,0.02592
ACAAATTCAGATCTGA-1,0.005165,0.057837,0.024893,0.005188,0.000036,0.004569,0.329704,0.305544,0.184284,0.082779
ACAACAGCATGAGCTA-1,0.003629,0.05679,0.295519,0.133578,0.056558,0.037717,0.227678,0.038891,0.052573,0.097067
ACAACGGTCCCTGCGA-1,0.000034,0.012714,0.1701,0.035728,0.120173,0.088815,0.274376,0.12618,0.096871,0.075009
ACAAGCAGTGCCTAGC-1,0.000021,0.012621,0.143997,0.076738,0.02191,0.119776,0.301708,0.188741,0.059138,0.075349
ACAAGCTATATGGAAG-1,0.000025,0.087462,0.225386,0.047896,0.0212,0.011544,0.408195,0.093082,0.057814,0.047396
ACAAGGAAATCCGCCC-1,0.000207,0.019868,0.104622,0.209628,0.007459,0.144562,0.092069,0.16002,0.116154,0.145411
ACAAGGACAAGAGGTT-1,0.000019,0.006615,0.028451,0.062629,0.046424,0.034717,0.343584,0.139715,0.17128,0.166565
ACAAGGATGCTTTAGG-1,0.002251,0.001259,0.513321,0.030811,0.09136,0.004685,0.300192,0.022165,0.015387,0.018569
ACAAGGCCTACCAGCC-1,0.000044,0.246373,0.073147,0.004264,0.000044,0.000044,0.561558,0.084864,0.015864,0.013797
ACAAGGGCAGGCTCTG-1,0.017308,0.071984,0.086372,0.155788,0.012739,0.152488,0.238298,0.125193,0.103795,0.036035
ACAATAGTCGTACGTT-1,0.000019,0.000019,0.000769,0.016945,0.0071,0.140188,0.13079,0.262618,0.177907,0.263645
ACAATCCATTTAAACC-1,0.00207,0.050674,0.085538,0.147029,0.01063,0.08168,0.179734,0.085186,0.09896,0.258499
ACAATGAATACGGAGA-1,0.002723,0.000011,0.011445,0.14638,0.013947,0.227824,0.031073,0.072505,0.22749,0.266602
ACAATGATTCTTCTAC-1,0.00891,0.130726,0.279034,0.12735,0.000037,0.000731,0.115487,0.213281,0.104522,0.019923
ACAATTGTGTCTCTTT-1,0.001533,0.045125,0.447632,0.223265,0.000096,0.07706,0.099701,0.02532,0.044949,0.035319
ACAATTTAGGAGGCTC-1,0.003435,0.004593,0.044559,0.077566,0.009632,0.17198,0.201425,0.238809,0.148771,0.09923
ACAATTTGAGCAGTGG-1,0.000055,0.097186,0.085542,0.234782,0.01753,0.106883,0.032236,0.10154,0.060898,0.263347
ACAATTTGGCCATATT-1,0.004795,0.03893,0.159329,0.137323,0.02153,0.097412,0.093459,0.096507,0.247525,0.103191
ACACAAAGACGGGTGG-1,0.000026,0.077175,0.029906,0.038344,0.016256,0.019234,0.408212,0.180251,0.127201,0.103394
ACACAAATATTCCTAG-1,0.000017,0.147789,0.000485,0.071163,0.002901,0.099559,0.035977,0.322405,0.194312,0.125392
ACACACCAGGACCAGT-1,0.009688,0.016816,0.199302,0.078675,0.008655,0.012484,0.401302,0.060489,0.120888,0.0917
ACACACTTTCTACACG-1,0.000026,0.026718,0.000026,0.048982,0.000669,0.093493,0.024861,0.310279,0.289085,0.205861
ACACATGATCAAATCT-1,0.000019,0.02068,0.122464,0.066611,0.009192,0.120387,0.431451,0.126081,0.060108,0.043008
ACACATTGACGCAACA-1,0.00938,0.08477,0.164178,0.013257,0.009559,0.022168,0.408898,0.169464,0.05197,0.066355
ACACATTTCCGTAGAC-1,0.564102,0.236523,0.163177,0.008763,0.001171,0.015895,0.000012,0.001138,0.006447,0.002773
ACACCACATAATTAGC-1,0.004596,0.058858,0.242598,0.024847,0.017032,0.084189,0.246959,0.09178,0.074171,0.154972
ACACCCAGCATGCAGC-1,0.016145,0.022758,0.25705,0.019809,0.038008,0.033854,0.33488,0.129538,0.095106,0.052853
ACACCCGAGAAATCCG-1,0.000015,0.064398,0.010686,0.057108,0.023095,0.099663,0.138126,0.242912,0.182666,0.181332
ACACCGAGCGCTCTTT-1,0.009053,0.045145,0.180271,0.007275,0.000042,0.009759,0.628759,0.08153,0.019703,0.018463
ACACCGGTCTGACCGC-1,0.005472,0.041877,0.185287,0.103633,0.033141,0.062903,0.390313,0.054195,0.079757,0.043423
ACACCTTAAGTAGGGC-1,0.010237,0.060352,0.10286,0.137191,0.049296,0.191297,0.035608,0.148394,0.08797,0.176794
ACACCTTACTACTTGC-1,0.000023,0.086799,0.206045,0.170102,0.02235,0.061715,0.087952,0.170891,0.103767,0.090357
ACACGAGACTCCTTCT-1,0.01647,0.057095,0.203864,0.262386,0.000038,0.018357,0.180874,0.159204,0.038672,0.063039
ACACGGCACTATGCAT-1,0.000038,0.220012,0.057679,0.010577,0.000038,0.004917,0.402678,0.121361,0.04502,0.13768
ACACGGGAACTTAGGG-1,0.000034,0.019218,0.011337,0.109085,0.052745,0.046887,0.22628,0.165106,0.25763,0.111679
ACACGTAGGCCACAAG-1,0.032179,0.018405,0.283812,0.149316,0.021395,0.039573,0.365844,0.031984,0.024454,0.033038
ACACTCCAATGTCACT-1,0.005444,0.052929,0.13104,0.009418,0.000035,0.000118,0.48146,0.144666,0.073616,0.101273
ACACTGATCAAGGTGT-1,0.004125,0.000016,0.031579,0.21704,0.026864,0.197193,0.007398,0.103635,0.22955,0.1826
ACACTGGGACAGTCGT-1,0.061153,0.093831,0.541214,0.096059,0.008021,0.005908,0.049966,0.03921,0.07079,0.033849
ACAGAACTGAGAACAA-1,0.010102,0.003939,0.154709,0.092604,0.024567,0.230069,0.06034,0.105427,0.178258,0.139985
ACAGATTAGGTTAGTG-1,0.000028,0.006372,0.01445,0.025205,0.01969,0.039276,0.060282,0.22833,0.337272,0.269095
ACAGCATAGAGCCAGT-1,0.000039,0.022426,0.04391,0.000039,0.013141,0.000245,0.558943,0.212223,0.054061,0.094974
ACAGCGACATTCTCAT-1,0.000023,0.007171,0.527538,0.063581,0.013141,0.067705,0.092609,0.068197,0.107314,0.052721
ACAGCGCACCCGCAGC-1,0.000023,0.086965,0.026577,0.078986,0.001363,0.032459,0.042858,0.081231,0.356425,0.293115
ACAGGCACGGATCCTT-1,0.991042,0.001283,0.00054,0.000796,0.000006,0.002715,0.000364,0.000201,0.000772,0.00228
ACAGGCTTGCCCGACT-1,0.000015,0.001132,0.095531,0.223248,0.029919,0.220311,0.066785,0.119396,0.125432,0.11823
ACAGGTGGAGGTGAGG-1,0.005437,0.027785,0.037471,0.098781,0.058237,0.14245,0.085629,0.098639,0.177002,0.268568
ACAGGTGTGTTGTTGC-1,0.009115,0.000016,0.016329,0.064849,0.015254,0.092982,0.108405,0.253024,0.233195,0.20683
ACAGTAATACAACTTG-1,0.024572,0.041593,0.062863,0.182468,0.044721,0.135176,0.138182,0.086943,0.111015,0.172467
ACAGTATACCGTGGGA-1,0.000017,0.048579,0.005105,0.001015,0.00666,0.911025,0.026622,0.000919,0.000041,0.000017
ACATAAGTCGTGGTGA-1,0.013209,0.049235,0.18687,0.086417,0.117348,0.259131,0.090113,0.064089,0.054123,0.079465
ACATAATAAGGCGGTG-1,0.00772,0.107956,0.116108,0.093382,0.015505,0.166728,0.010413,0.076038,0.157129,0.249021
ACATCAGCTGGGACGC-1,0.000021,0.044095,0.272511,0.098184,0.011919,0.132295,0.252922,0.076589,0.030956,0.080506
ACATCCCGGCCATACG-1,0.01323,0.041423,0.494102,0.062241,0.003096,0.003877,0.25297,0.077615,0.031927,0.01952
ACATCCTGGTAACTGT-1,0.002504,0.077801,0.149681,0.113593,0.013923,0.084036,0.057634,0.24534,0.095749,0.159739
ACATCGATCGTTTACC-1,0.013742,0.046545,0.336397,0.083522,0.000302,0.106709,0.099916,0.056709,0.077176,0.17898
ACATCGGTCAGCCGCG-1,0.003331,0.000018,0.011315,0.103948,0.03156,0.191724,0.034671,0.163652,0.190252,0.269529
ACATCGTATGCAATGG-1,0.007796,0.023603,0.076561,0.269245,0.01929,0.245944,0.031587,0.110763,0.11072,0.104492
ACATCGTTAACCTAGT-1,0.000149,0.022237,0.077535,0.05567,0.030624,0.241236,0.011079,0.240703,0.08164,0.239126
ACATCTCAACGCGTAA-1,0.002243,0.350348,0.276915,0.000307,0.003672,0.043014,0.316866,0.005077,0.000724,0.000834
ACATGCTTACGGCAGC-1,0.000058,0.999475,0.000058,0.000058,0.000058,0.000058,0.000058,0.000058,0.000058,0.000058
ACATGGCGCCAAAGTA-1,0.000441,0.068826,0.185856,0.148757,0.009897,0.07677,0.168602,0.102618,0.134211,0.104023
ACATGGCTCAATTTAG-1,0.000051,0.437207,0.190409,0.002698,0.000051,0.001049,0.225622,0.084198,0.036765,0.021951
ACATTAGTTTATATCC-1,0.015036,0.031296,0.076467,0.286019,0.005472,0.138051,0.186098,0.156228,0.050618,0.054716
ACATTCGCGCGGAATA-1,0.274852,0.717149,0.007834,0.000024,0.000024,0.000024,0.000024,0.000024,0.000024,0.000024
ACATTTGAAACCTAAC-1,0.880093,0.027748,0.009693,0.016918,0.001018,0.011172,0.025033,0.005538,0.009456,0.013331
ACCAAACACCCAGCGA-1,0.00001,0.06344,0.00001,0.012663,0.026013,0.090251,0.011377,0.246119,0.255315,0.294802
ACCAAACTAGAAATCC-1,0.000024,0.309379,0.003829,0.000368,0.000024,0.023934,0.447852,0.162383,0.017226,0.034982
ACCAACACCACACACT-1,0.006011,0.057871,0.023161,0.043799,0.007204,0.033284,0.093031,0.259274,0.158446,0.317918
ACCAACCGCACTCCAC-1,0.044248,0.204492,0.53708,0.049096,0.016122,0.042413,0.020655,0.016577,0.03453,0.034785
ACCAACGCTTATTTAT-1,0.015733,0.005397,0.278319,0.071765,0.014097,0.059616,0.080195,0.192406,0.202222,0.080251
ACCAAGAACGCGTGTC-1,0.006483,0.00002,0.30835,0.007756,0.006713,0.038085,0.246465,0.124432,0.135794,0.125902
ACCAAGTCATCGGCAG-1,0.927922,0.010448,0.017298,0.0068,0.000012,0.003433,0.01003,0.01061,0.009078,0.004369
ACCAATATGCAAGTTA-1,0.014847,0.038333,0.063348,0.330359,0.041534,0.318173,0.03865,0.054133,0.04972,0.050904
ACCACAACTCAGAACA-1,0.010859,0.221972,0.241866,0.051141,0.010691,0.056581,0.066204,0.089861,0.149187,0.101638
ACCACAAGTTTCTATC-1,0.000025,0.024596,0.021339,0.208593,0.012427,0.101531,0.194777,0.231311,0.066262,0.139139
ACCACACGGTTGATGG-1,0.773783,0.20461,0.018692,0.000754,0.000009,0.002114,0.000009,0.000009,0.000009,0.000009
ACCACCAATGTAACAA-1,0.000021,0.054153,0.136092,0.069226,0.006332,0.030314,0.467724,0.113749,0.049935,0.072453
ACCACCCTCTCTTCTA-1,0.005601,0.037468,0.218291,0.031899,0.006676,0.010152,0.299606,0.20961,0.136218,0.044478
ACCACGTGCAGCTATA-1,0.008831,0.010982,0.103706,0.383327,0.008712,0.21807,0.014832,0.039906,0.084789,0.126846
ACCACTGTTCAAGAAG-1,0.000072,0.136214,0.081637,0.003165,0.000072,0.000072,0.592121,0.089292,0.029657,0.067697
ACCAGACCATAACAAC-1,0.004348,0.056986,0.177596,0.023961,0.004646,0.021395,0.531475,0.071573,0.03919,0.068831
ACCAGCCCGGTCTTTG-1,0.000026,0.009389,0.000026,0.001146,0.000026,0.055221,0.415378,0.361599,0.091729,0.065459
ACCAGGAGTGTGATCT-1,0.000139,0.000139,0.197167,0.000139,0.000139,0.000139,0.390468,0.094116,0.285183,0.032369
ACCAGTGCCCGGTCAA-1,0.01659,0.126267,0.096417,0.007351,0.000044,0.000044,0.639671,0.083664,0.019069,0.010883
ACCAGTGCGGGAGACG-1,0.000028,0.067159,0.635877,0.011616,0.005557,0.018265,0.146392,0.066204,0.020743,0.028158
