Barcode,Topic 1,Topic 2to6,Topic 7,Topic 8to9
AAACAAGTATCTCCCA-1,0.000018,0.581483,0.028494,0.390005
AAACAATCTACTAGCA-1,0.000281,0.001407,0.997748,0.000563
AAACACCAATAACTGC-1,0.000016,0.495906,0.143911,0.360168
AAACAGAGCGACTCCT-1,0.000034,0.088377,0.090181,0.821408
AAACAGCTTTCAGAAG-1,0.000272,0.440452,0.434183,0.125093
AAACAGGGTCTATATT-1,0.000041,0.168499,0.134281,0.697179
AAACATGGTGAGAGGA-1,0.000027,0.265746,0.174294,0.559932
AAACATTTCCCGGATT-1,0.000021,0.523094,0.052677,0.424208
AAACCACTACACAGAT-1,0.000015,0.296117,0.341185,0.362684
AAACCCGAACGAAATC-1,0.000023,0.012934,0.067333,0.91971
AAACCGGAAATGTTAA-1,0.000024,0.183795,0.040074,0.776107
AAACCGGGTAGGTACC-1,0.000019,0.57546,0.068225,0.356295
AAACCGTTCGTCCAGG-1,0.000021,0.484735,0.014323,0.500921
AAACCTAAGCAGCCGG-1,0.000014,0.592446,0.033886,0.373654
AAACCTCATGAAGTTG-1,0.000157,0.031248,0.921453,0.047143
AAACGAAGAACATACC-1,0.000023,0.702776,0.280314,0.016887
AAACGAAGATGGAGTA-1,0.000017,0.778257,0.078542,0.143185
AAACGACAGTCTTGCC-1,0.000017,0.663547,0.041246,0.29519
AAACGAGACGGTTGAT-1,0.00002,0.993564,0.000025,0.006392
AAACGCCCGAGATCGG-1,0.000032,0.010605,0.033001,0.956362
AAACGCTGGGCACGAC-1,0.000019,0.998747,0.000019,0.001215
AAACGGGCGTACGGGT-1,0.000024,0.082743,0.02832,0.888913
AAACGGGTTGGTATCC-1,0.000306,0.001532,0.99755,0.000613
AAACGGTTGCGAACTG-1,0.000024,0.215551,0.101999,0.682426
AAACGTGTTCGCCCTA-1,0.000021,0.804511,0.043724,0.151744
AAACTAACGTGGCGAC-1,0.000025,0.44093,0.023376,0.535669
AAACTCGGTTCGCAAT-1,0.000037,0.387518,0.002404,0.610041
AAACTCGTGATATAAG-1,0.000025,0.420777,0.152915,0.426283
AAACTGCTGGCTCCAA-1,0.000019,0.679953,0.045417,0.27461
AAACTTAATTGCACGC-1,0.000071,0.307639,0.492829,0.199461
AAACTTGCAAACGTAT-1,0.000016,0.407206,0.176682,0.416095
AAAGAATGTGGACTAA-1,0.000018,0.246918,0.109991,0.643073
AAAGACATGAAGTTTA-1,0.000024,0.327567,0.010142,0.662267
AAAGACCCAAGTCGCG-1,0.000222,0.190518,0.808815,0.000445
AAAGACTGGGCGCTTT-1,0.000494,0.709801,0.288717,0.000988
AAAGCTTGCCTACATA-1,0.000021,0.105383,0.149272,0.745324
AAAGGCTACGGACCAT-1,0.00002,0.389171,0.069518,0.541291
AAAGGCTCTCGCGCCG-1,0.000043,0.006272,0.087926,0.905759
AAAGGGATGTAGCAAG-1,0.000018,0.863958,0.032516,0.103509
AAAGGGCAGCTTGAAT-1,0.000751,0.003757,0.99399,0.001503
AAAGGTAAGCTGTACC-1,0.000038,0.015441,0.08395,0.900571
AAAGGTCAACGACATG-1,0.000022,0.038641,0.019241,0.942096
AAAGTAGCATTGCTCA-1,0.000028,0.269515,0.179427,0.551031
AAAGTCACTGATGTAA-1,0.000025,0.74935,0.068999,0.181626
AAAGTCGACCCTCAGT-1,0.000223,0.001114,0.998217,0.000446
AAAGTGCCATCAATTA-1,0.000027,0.136567,0.032442,0.830964
AAAGTGTGATTTATCT-1,0.000048,0.000239,0.536919,0.462794
AAAGTTGACTCCCGTA-1,0.000038,0.102217,0.096997,0.800749
AAATAACCATACGGGA-1,0.000035,0.041745,0.051697,0.906522
AAATAAGGTAGTGCCC-1,0.000031,0.100964,0.041185,0.85782
AAATACCTATAAGCAT-1,0.000025,0.437809,0.024089,0.538077
AAATAGCTTAGACTTT-1,0.000028,0.66249,0.089213,0.24827
AAATAGGGTGCTATTG-1,0.000038,0.04545,0.027701,0.926812
AAATCCGATACACGCC-1,0.00002,0.480173,0.053189,0.466618
AAATCGCGGAAGGAGT-1,0.000025,0.098637,0.17678,0.724558
AAATCGTGTACCACAA-1,0.000049,0.466081,0.047565,0.486305
AAATCTAGCCCTGCTA-1,0.000035,0.640577,0.083969,0.275419
AAATGATTCGATCAGC-1,0.000027,0.450471,0.107985,0.441517
AAATGCTCGTTACGTT-1,0.003367,0.016847,0.973047,0.006739
AAATGGCATGTCTTGT-1,0.000031,0.175391,0.054736,0.769842
AAATGGCCCGTGCCCT-1,0.000027,0.129571,0.03268,0.837721
AAATGGTCAATGTGCC-1,0.000038,0.445607,0.019645,0.534711
AAATGTATCTTATCCC-1,0.000903,0.00452,0.992769,0.001808
AAATGTGGGTGCTCCT-1,0.000139,0.000698,0.998884,0.000279
AAATTAACGGGTAGCT-1,0.000034,0.569092,0.018575,0.412298
AAATTAATAAGCGCGA-1,0.001916,0.009586,0.984664,0.003834
AAATTACACGACTCTG-1,0.000027,0.732297,0.000435,0.267241
AAATTACCTATCGATG-1,0.000022,0.569381,0.124961,0.305636
AAATTCCAGGTCCAAA-1,0.000015,0.744599,0.024756,0.23063
AAATTGATAGTCCTTT-1,0.000048,0.299647,0.046396,0.653909
AAATTGCGGCGGTTCT-1,0.000122,0.299403,0.700232,0.000244
AAATTGGTGAGAAGCA-1,0.000022,0.401273,0.235911,0.362793
AAATTTACCGAAATCC-1,0.000024,0.418045,0.067076,0.514855
AAATTTGCGGGTGTGG-1,0.000043,0.000216,0.216252,0.783488
AACAACTGGTAGTTGC-1,0.000036,0.077325,0.258183,0.664455
AACAATACATTGTCGA-1,0.000018,0.272603,0.026074,0.701304
AACAATTACTCTACGC-1,0.001481,0.007413,0.548438,0.442668
AACACACGCTCGCCGC-1,0.000033,0.01319,0.774601,0.212176
AACACGACTGTACTGA-1,0.000015,0.589805,0.015647,0.394533
AACACGAGACGCGGCC-1,0.000033,0.000167,0.019013,0.980787
AACACGCGGCCGCGAA-1,0.000397,0.001986,0.996823,0.000794
AACAGCTGTGTGGCAA-1,0.000018,0.196895,0.075463,0.727624
AACAGGAAATCGAATA-1,0.000039,0.250853,0.05383,0.695278
AACAGGTAGTATGGAT-1,0.000027,0.432712,0.034743,0.532518
AACATATCAACTGGTG-1,0.000045,0.176618,0.188674,0.634664
AACATCGATACGTCTA-1,0.000032,0.079438,0.173055,0.747475
AACATTGGTCAGCCGT-1,0.00016,0.000802,0.998717,0.000321
AACATTGTGACTCGAG-1,0.000028,0.088279,0.009016,0.902677
AACCAAGACTTCTCTG-1,0.000025,0.593508,0.015853,0.390613
AACCAGTATCACTCTT-1,0.000037,0.355972,0.003546,0.640444
AACCATGGGATCGCTA-1,0.001122,0.005616,0.991015,0.002246
AACCCAGAGACGGAGA-1,0.000343,0.274391,0.72458,0.000686
AACCCATCCCATGATC-1,0.00002,0.352193,0.090968,0.556819
AACCCGACAACCCGTG-1,0.00001,0.929917,0.004877,0.065196
AACCCGAGCAGAATCG-1,0.000017,0.855615,0.029998,0.114369
AACCCGATAGGGCTTC-1,0.000009,0.948487,0.004234,0.047271
AACCCTACTGTCAATA-1,0.000029,0.53286,0.11695,0.350161
AACCCTGGTGGAACCA-1,0.000014,0.530768,0.003724,0.465494
AACCGAGCTTGGTCAT-1,0.000029,0.624839,0.120856,0.254275
AACCGCTAAGGGATGC-1,0.000046,0.016763,0.814235,0.168956
AACCGTTGTGTTTGCT-1,0.000048,0.000241,0.011053,0.988658
AACCTAAAGCCGTCCG-1,0.000013,0.780261,0.000046,0.21968
AACCTCGCTTTAGCCC-1,0.000023,0.453578,0.037433,0.508966
AACCTGTCACGGAATT-1,0.000018,0.705384,0.036231,0.258367
AACCTTTAAATACGGT-1,0.000033,0.008715,0.056739,0.934513
AACCTTTACGACGTCT-1,0.000036,0.271935,0.033755,0.694274
AACGAAAGTCGTCCCA-1,0.00001,0.652915,0.029175,0.317901
AACGACCTCCTAGCCG-1,0.000017,0.972755,0.006785,0.020442
AACGATAATGCCGTAG-1,0.000037,0.225748,0.043135,0.73108
AACGATAGAAGGGCCG-1,0.000045,0.001041,0.032777,0.966137
AACGATATGTCAACTG-1,0.000028,0.431384,0.109005,0.459583
AACGCATGATCTGGGT-1,0.000031,0.346354,0.097948,0.555666
AACGCGAACGGCAACA-1,0.000379,0.001898,0.996964,0.000759
AACGCGACCTTGGGCG-1,0.000031,0.397146,0.066311,0.536511
AACGCGGTCTCCAGCC-1,0.000046,0.156124,0.051008,0.792822
AACGCTGTTGCTGAAA-1,0.000031,0.422954,0.3501,0.226915
AACGGACGTACGTATA-1,0.000046,0.234928,0.343722,0.421303
AACGGCCATCTCCGGT-1,0.00003,0.239722,0.093476,0.666771
AACGTACTGTGGGTAC-1,0.000051,0.541607,0.10384,0.354501
AACGTAGTCTACCCAT-1,0.000374,0.173622,0.825255,0.000749
AACGTCAGACTAGTGG-1,0.000026,0.516896,0.057995,0.425083
AACGTGATGAAGGACA-1,0.000033,0.08092,0.000033,0.919014
AACGTGCGAAAGTCTC-1,0.000035,0.236627,0.02773,0.735608
AACGTTATCAGCACCT-1,0.000335,0.001675,0.997321,0.00067
AACGTTCTACCATTGT-1,0.000056,0.037574,0.048925,0.913444
AACTACCCGTTTGTCA-1,0.000034,0.211031,0.068471,0.720464
AACTAGCGTATCGCAC-1,0.000105,0.000527,0.937812,0.061555
AACTAGGCTTGGGTGT-1,0.00006,0.174548,0.001829,0.823563
AACTCAAGTTAATTGC-1,0.000024,0.309519,0.03055,0.659907
AACTCCAGAGCGTGTT-1,0.000018,0.676272,0.104362,0.219348
AACTCCTAATCCCATG-1,0.000034,0.039606,0.132872,0.827488
AACTCGATAAACACGT-1,0.00036,0.518859,0.480062,0.00072
AACTCGATGGCGCAGT-1,0.000422,0.002114,0.91039,0.087073
AACTCTCAATAGAGCG-1,0.000022,0.806977,0.125096,0.067905
AACTCTCAGTGTGCTC-1,0.000035,0.177313,0.035533,0.787118
AACTGAGGTCAGCGTC-1,0.000028,0.064067,0.042575,0.89333
AACTGAGTTATACTGA-1,0.000023,0.506606,0.343149,0.150222
AACTGATATTAGGCCT-1,0.000026,0.539123,0.188904,0.271947
AACTGGGTCCCGACGT-1,0.000041,0.038828,0.044349,0.916782
AACTGGGTTCGAGCCG-1,0.000028,0.510569,0.020631,0.468772
AACTGGTGTGGGCCTT-1,0.000115,0.000577,0.939188,0.060119
AACTTCTGCGTCTATC-1,0.002179,0.062924,0.930537,0.00436
AACTTGCCCGTATGCA-1,0.000047,0.134686,0.138055,0.727212
AACTTGCGTTCTCGCG-1,0.000467,0.814981,0.183618,0.000934
AACTTTACGGGAGCTT-1,0.000374,0.001872,0.997005,0.000749
AACTTTAGCTGCTGAG-1,0.00012,0.000602,0.999037,0.000241
AACTTTCTCGATCATG-1,0.000024,0.256652,0.224296,0.519028
AAGAAATCACCAGATT-1,0.00002,0.17464,0.115502,0.709838
AAGAAGGATCAGTTAG-1,0.001263,0.006318,0.744212,0.248208
AAGACATACGTGGTTT-1,0.000033,0.462382,0.025183,0.512402
AAGACCAAATAACTCA-1,0.000028,0.071662,0.283903,0.644407
AAGACCCAACTGAACA-1,0.00002,0.333854,0.009685,0.656441
AAGACTAACCCGTTGT-1,0.000137,0.408995,0.590595,0.000274
AAGACTCACGCCCACT-1,0.000022,0.214197,0.014356,0.771425
AAGACTGCAAGCTACT-1,0.000043,0.002391,0.372634,0.624932
AAGAGATGAATCGGTA-1,0.000193,0.193541,0.50383,0.302436
AAGAGCTCTTTATCGG-1,0.000028,0.739767,0.008339,0.251866
AAGAGGATGTACGCGA-1,0.000028,0.47877,0.11111,0.410092
AAGAGGCATGGATCGC-1,0.000037,0.01262,0.01088,0.976463
AAGAGGCCCTTTGGAA-1,0.000018,0.617166,0.067862,0.314953
AAGATGGCACCGGACC-1,0.000032,0.268991,0.015317,0.715661
AAGATTGGCGGAACGT-1,0.00004,0.017699,0.200451,0.78181
AAGCACCCTGCGTATC-1,0.000025,0.536729,0.057881,0.405365
AAGCATACTCTCCTGA-1,0.00003,0.059005,0.079062,0.861903
AAGCCGAAGCGGTTTA-1,0.000036,0.172168,0.163303,0.664493
AAGCCGCCGTGAAATC-1,0.000042,0.007624,0.943283,0.049051
AAGCCGCTTTACCTTG-1,0.000018,0.835525,0.034797,0.12966
AAGCCGGAGAGCAGGA-1,0.000029,0.585713,0.067273,0.346985
AAGCGCAGGGCTTTGA-1,0.00003,0.177376,0.215886,0.606708
AAGCGGAGTGCGCGCA-1,0.000051,0.000257,0.946466,0.053225
AAGCGGCGTCATGGGT-1,0.000083,0.009618,0.443426,0.546873
AAGCGTCCCTCATCGA-1,0.000028,0.066152,0.156491,0.777329
AAGCTAGATCGAGTAA-1,0.000027,0.235391,0.006283,0.758299
AAGCTCGTGCCAAGTC-1,0.000044,0.175641,0.233547,0.590768
AAGCTCTTTCATGGTG-1,0.000013,0.913227,0.049208,0.037553
AAGGAGAACTTATAAG-1,0.000149,0.000747,0.998805,0.000299
AAGGAGCGGTTGGTGC-1,0.000031,0.473845,0.073389,0.452735
AAGGATCGATCGCTTG-1,0.000025,0.53245,0.073477,0.394048
AAGGATGAGGGACCTC-1,0.00006,0.329459,0.080441,0.590039
AAGGCAGGCTGTCTCC-1,0.000038,0.206401,0.193451,0.600111
AAGGCGCGTAAAGCTT-1,0.000026,0.25319,0.050686,0.696098
AAGGCTGTGCTCATCG-1,0.000035,0.403862,0.044444,0.551659
AAGGGAACGACTGGCT-1,0.000038,0.201952,0.371753,0.426257
AAGGGACAGATTCTGT-1,0.000035,0.299266,0.166591,0.534108
AAGGGACTATGCATTC-1,0.000023,0.505381,0.200229,0.294367
AAGGGTTAGCCATGCG-1,0.000118,0.686931,0.000118,0.312833
AAGGGTTTGATTTCAG-1,0.000014,0.810141,0.016312,0.173534
AAGGTATCCTAATATA-1,0.000024,0.577145,0.002523,0.420309
AAGGTGATAAACCAGC-1,0.000033,0.24606,0.185791,0.568115
AAGTAAGCTTCCAAAC-1,0.000406,0.002029,0.996754,0.000812
AAGTAGAAGACCGGGT-1,0.000024,0.075901,0.000024,0.92405
AAGTAGTGACGCGAGG-1,0.000042,0.61017,0.074665,0.315124
AAGTCAATTGTCGTCA-1,0.000028,0.56418,0.091155,0.344638
AAGTCTAGTAGCTGCC-1,0.00002,0.433227,0.112834,0.453919
AAGTCTTCTGTGGCCT-1,0.000823,0.795266,0.202264,0.001647
AAGTGAGTCGGGTTTA-1,0.000073,0.275045,0.053802,0.67108
AAGTGCAAAGGTAGAC-1,0.000703,0.003519,0.872279,0.123499
AAGTGCCTTGACTGTA-1,0.000045,0.291362,0.069917,0.638676
AAGTGCGTTAGAATCT-1,0.00004,0.110241,0.22703,0.662688
AAGTGTTTGGAGACGG-1,0.000039,0.104699,0.02963,0.865631
AAGTTCACTCCAAGCT-1,0.000025,0.525377,0.020343,0.454254
AAGTTCAGTCTGCGTA-1,0.000036,0.002983,0.126886,0.870094
AAGTTCGGCCAACAGG-1,0.000024,0.82747,0.082245,0.090261
AAGTTGTGATGTTATA-1,0.000021,0.705717,0.019124,0.275138
AAGTTTACTAATGGCA-1,0.000072,0.330845,0.1924,0.476683
AAGTTTATGGGCCCAA-1,0.000023,0.247229,0.012988,0.739759
AATAACAACGCTCGGC-1,0.000036,0.030958,0.030865,0.938141
AATAACACTAGAACAA-1,0.000015,0.66726,0.006545,0.326179
AATAAGTCCTCGAGAC-1,0.000021,0.036256,0.000021,0.963702
AATAATCTTCGTATCG-1,0.000029,0.048721,0.033454,0.917797
AATACAATGTTTCAGG-1,0.001709,0.008553,0.986316,0.003421
AATACCGGAGGGCTGT-1,0.000034,0.424353,0.111254,0.46436
AATAGAACAGAGTGGC-1,0.00006,0.576195,0.04349,0.380255
AATAGAATCTGTTTCA-1,0.000021,0.324667,0.081978,0.593335
AATAGCAAGCCTCCTG-1,0.00002,0.496286,0.027326,0.476367
AATAGCTACCGCGTGC-1,0.000054,0.165264,0.403374,0.431309
AATAGTCCGTCCCGAC-1,0.00003,0.496987,0.143257,0.359725
AATAGTCGCGAGTCGG-1,0.000299,0.603625,0.395478,0.000598
AATATCAAGGTCGGAT-1,0.000114,0.117919,0.845408,0.036558
AATATCCTAGCAAACT-1,0.000033,0.208729,0.425469,0.365769
AATATCGAATCAATGC-1,0.000025,0.335743,0.054204,0.610028
AATATCGAGGGTTCTC-1,0.000032,0.17478,0.033751,0.791437
AATATTGGAGTATTGA-1,0.000064,0.705337,0.141892,0.152707
AATCAGACTGCAGGAC-1,0.000112,0.656788,0.342875,0.000224
AATCATGTAAAGACTC-1,0.00002,0.625813,0.349405,0.024762
AATCCAAGGGCCTGAG-1,0.000027,0.591528,0.019135,0.389311
AATCCATGCAAGGGTG-1,0.000842,0.004212,0.993262,0.001685
AATCGCCTCAGCGCCA-1,0.00003,0.53483,0.09511,0.37003
AATCGCGCAGAGGACT-1,0.000032,0.389281,0.142802,0.467885
AATCGGGACACTACGA-1,0.000034,0.345282,0.271633,0.383051
AATCGGTATAGCCCTC-1,0.000016,0.841523,0.032584,0.125877
AATCGTGAGCCGAGCA-1,0.000035,0.230129,0.190432,0.579403
AATCTAGGTTTACTTG-1,0.000018,0.506062,0.096623,0.397297
AATCTATGCCGGAGCC-1,0.000044,0.003123,0.12037,0.876463
AATCTCTACTGTGGTT-1,0.000273,0.178797,0.820384,0.000546
AATCTGCGTTGGGACG-1,0.00002,0.940013,0.033821,0.026146
AATCTGGCTTTCTAGT-1,0.000044,0.137718,0.216093,0.646145
AATCTGGGTAGACCCT-1,0.000038,0.11736,0.02296,0.859642
AATGACAGCAATGTCT-1,0.000032,0.271824,0.361924,0.36622
AATGACGTAGGATGTC-1,0.000031,0.217421,0.267335,0.515213
AATGACTGTCAGCCGG-1,0.000045,0.515417,0.049969,0.43457
AATGAGTTCGCATATG-1,0.00161,0.008057,0.987109,0.003223
AATGATGATACGCTAT-1,0.000041,0.381545,0.033704,0.584711
AATGATGCGACTCCTG-1,0.000047,0.19859,0.075301,0.726061
AATGCAACCGGGTACC-1,0.000021,0.548129,0.087646,0.364203
AATGCACCAAGCAATG-1,0.000038,0.17095,0.149462,0.67955
AATGGCCGCCAATGCG-1,0.000016,0.72223,0.018857,0.258898
AATGGTCCACCGTTCA-1,0.000235,0.001178,0.748699,0.249888
AATGGTTCTCACAAGC-1,0.000259,0.027263,0.971959,0.000518
AATGTGCCCGAGGTGT-1,0.000022,0.549203,0.143468,0.307308
AATGTGCTAATCTGAG-1,0.000036,0.397138,0.07788,0.524945
AATGTTGTCGTGAGAC-1,0.000055,0.000277,0.999557,0.000111
AATTAAAGGTCGGCGT-1,0.000034,0.862991,0.057531,0.079444
AATTAACGGATTTCCA-1,0.000014,0.903546,0.000708,0.095732
AATTACGAGACCCATC-1,0.000028,0.244185,0.093523,0.662264
AATTACTCGTACGCTC-1,0.000686,0.003432,0.994509,0.001373
AATTAGCGCTGCAGCG-1,0.000051,0.214274,0.038803,0.746872
AATTCATAAGGGATCT-1,0.000029,0.45805,0.134982,0.406938
AATTCATTGTCATGCA-1,0.000028,0.499068,0.421826,0.079079
AATTCCAACTTGGTGA-1,0.000257,0.001287,0.997941,0.000515
AATTCCAAGCATGTAC-1,0.000016,0.340285,0.068037,0.591662
AATTCGATTCGAGGAT-1,0.000026,0.325347,0.013178,0.661449
AATTCTAGAGTTAGGC-1,0.000034,0.270827,0.043438,0.685701
AATTGAACGCTCTGGT-1,0.000022,0.444739,0.019703,0.535536
AATTGCAGCAATCGAC-1,0.000018,0.523181,0.021476,0.455326
AATTGTGGTTGCCAAA-1,0.000026,0.171307,0.02129,0.807378
AATTTGGGACATAGTA-1,0.000039,0.347529,0.075353,0.577079
AATTTGGTTCCAAAGA-1,0.00002,0.027231,0.002165,0.970584
ACAAACCATGCGTCCT-1,0.000039,0.556148,0.254115,0.189698
ACAAACCGACAAGGCG-1,0.000012,0.446608,0.040816,0.512565
ACAAAGAAGGTAGGCC-1,0.000038,0.333987,0.282238,0.383737
ACAAAGCATGACCTAG-1,0.00002,0.581003,0.04464,0.374336
ACAAATCGCACCGAAT-1,0.000026,0.27291,0.131232,0.595832
ACAAATGGTAGTGTTT-1,0.000049,0.260359,0.093136,0.646455
ACAAATTCAGATCTGA-1,0.000045,0.187512,0.229384,0.583059
ACAACAGCATGAGCTA-1,0.000022,0.838905,0.135551,0.025521
ACAACGGTCCCTGCGA-1,0.000236,0.117703,0.73997,0.142091
ACAAGCAGTGCCTAGC-1,0.000048,0.00024,0.227796,0.771916
ACAAGCTATATGGAAG-1,0.001355,0.00678,0.989153,0.002712
ACAAGGAAATCCGCCC-1,0.000016,0.813967,0.01587,0.170146
ACAAGGACAAGAGGTT-1,0.000037,0.185265,0.093379,0.72132
ACAAGGATGCTTTAGG-1,0.000016,0.831143,0.051027,0.117813
ACAAGGCCTACCAGCC-1,0.000028,0.093564,0.031055,0.875353
ACAAGGGCAGGCTCTG-1,0.000041,0.011155,0.028488,0.960316
ACAATAGTCGTACGTT-1,0.000058,0.139144,0.15127,0.709528
ACAATCCATTTAAACC-1,0.000026,0.000129,0.041773,0.958072
ACAATCGATCTTTATA-1,0.000089,0.096223,0.834178,0.06951
ACAATGATTCTTCTAC-1,0.00002,0.509996,0.052092,0.437892
ACAATTGTGTCTCTTT-1,0.000025,0.618241,0.107678,0.274056
ACAATTTAGGAGGCTC-1,0.000842,0.004212,0.993262,0.001685
ACAATTTGAGCAGTGG-1,0.000053,0.000264,0.066994,0.93269
ACAATTTGGCCATATT-1,0.000039,0.384483,0.097591,0.517887
ACACAAAGACGGGTGG-1,0.000032,0.092813,0.005052,0.902103
ACACAAATATTCCTAG-1,0.000016,0.474731,0.105282,0.419972
ACACACCAGGACCAGT-1,0.000026,0.246358,0.150506,0.60311
ACACACTTTCTACACG-1,0.000028,0.660203,0.022374,0.317395
ACACATGATCAAATCT-1,0.000014,0.575299,0.276064,0.148623
ACACATTGACGCAACA-1,0.000772,0.003861,0.993823,0.001544
ACACCACATAATTAGC-1,0.000028,0.227872,0.018987,0.753113
ACACCCAGCATGCAGC-1,0.000024,0.190275,0.02819,0.781511
ACACCCGAGAAATCCG-1,0.000036,0.016943,0.068433,0.914588
ACACCCGTAAATCTGT-1,0.000044,0.632317,0.051842,0.315797
ACACCGAGCGCTCTTT-1,0.000861,0.00431,0.993105,0.001724
ACACCGGTCTGACCGC-1,0.000026,0.219229,0.21876,0.561985
ACACCTTAAGTAGGGC-1,0.000027,0.308605,0.008822,0.682546
ACACCTTACTACTTGC-1,0.00003,0.36219,0.245108,0.392672
ACACGAGACTCCTTCT-1,0.000058,0.005448,0.238452,0.756042
ACACGGCACTATGCAT-1,0.000022,0.009156,0.035986,0.954836
ACACGGGAACTTAGGG-1,0.000037,0.30288,0.061504,0.63558
ACACGTAGGCCACAAG-1,0.000019,0.690303,0.014199,0.295478
ACACTCCAATGTCACT-1,0.000573,0.002866,0.995415,0.001146
ACACTGATCAAGGTGT-1,0.00005,0.700868,0.13032,0.168762
ACACTGGGACAGTCGT-1,0.00002,0.64956,0.019016,0.331405
ACAGAACTGAGAACAA-1,0.000015,0.815468,0.054711,0.129806
ACAGATTAGGTTAGTG-1,0.000056,0.113391,0.766223,0.12033
ACAGCATAGAGCCAGT-1,0.000031,0.000157,0.07317,0.926641
ACAGCGACATTCTCAT-1,0.000021,0.747102,0.069286,0.183591
ACAGCGCACCCGCAGC-1,0.000023,0.390177,0.009278,0.600523
ACAGGAGGCGCAGCCG-1,0.00022,0.111813,0.671239,0.216727
ACAGGCACGGATCCTT-1,0.000033,0.636739,0.070239,0.292989
ACAGGCTTGCCCGACT-1,0.000032,0.352117,0.030667,0.617184
ACAGGTGGAGGTGAGG-1,0.000019,0.869928,0.01457,0.115484
ACAGGTGTGTTGTTGC-1,0.000343,0.001716,0.997255,0.000686
ACAGTAATACAACTTG-1,0.000053,0.020654,0.321367,0.657927
ACAGTATACCGTGGGA-1,0.000021,0.290188,0.061515,0.648276
ACAGTGCAGCGCATTT-1,0.000012,0.476849,0.131515,0.391624
ACATAAGTCGTGGTGA-1,0.000023,0.475017,0.109608,0.415352
ACATAATAAGGCGGTG-1,0.000022,0.65037,0.020224,0.329383
ACATCAGCTGGGACGC-1,0.000703,0.003519,0.994371,0.001407
ACATCCCGGCCATACG-1,0.000043,0.313331,0.160562,0.526064
ACATCCTGGTAACTGT-1,0.000033,0.487963,0.2271,0.284904
ACATCGATCGTTTACC-1,0.000031,0.500296,0.055729,0.443944
ACATCGGTCAGCCGCG-1,0.000051,0.096195,0.458853,0.444902
ACATCGTATGCAATGG-1,0.000047,0.274956,0.709622,0.015375
ACATCGTTAACCTAGT-1,0.000021,0.627048,0.001334,0.371597
ACATCTCAACGCGTAA-1,0.000019,0.315067,0.002269,0.682645
ACATGGCGCCAAAGTA-1,0.000017,0.718993,0.022735,0.258255
ACATGGCTCAATTTAG-1,0.000262,0.094547,0.904667,0.000524
ACATTAGTTTATATCC-1,0.000027,0.499847,0.058407,0.441719
ACATTTGAAACCTAAC-1,0.000068,0.382198,0.189657,0.428077
ACCAAACACCCAGCGA-1,0.000017,0.486212,0.045021,0.468749
ACCAAACTAGAAATCC-1,0.00004,0.122939,0.719666,0.157355
ACCAACACCACACACT-1,0.000032,0.0047,0.159473,0.835794
ACCAACCGCACTCCAC-1,0.000014,0.27916,0.125991,0.594835
ACCAACGCTTATTTAT-1,0.000019,0.875916,0.057141,0.066924
ACCAAGAACGCGTGTC-1,0.000042,0.534365,0.049051,0.416543
ACCAAGTCATCGGCAG-1,0.000037,0.108811,0.729971,0.16118
ACCAATATGCAAGTTA-1,0.000026,0.577922,0.023975,0.398078
ACCACAACTCAGAACA-1,0.000035,0.376239,0.069,0.554725
ACCACAAGTTTCTATC-1,0.000028,0.581459,0.021252,0.397261
ACCACCAATGTAACAA-1,0.000041,0.001535,0.518863,0.479562
ACCACCCTCTCTTCTA-1,0.000023,0.195125,0.132922,0.671929
ACCACGTGCAGCTATA-1,0.000026,0.688863,0.036731,0.27438
ACCACTGTTCAAGAAG-1,0.000799,0.229419,0.768182,0.0016
ACCAGACCATAACAAC-1,0.000514,0.172314,0.664809,0.162362
ACCAGCCCGGTCTTTG-1,0.000016,0.43894,0.005516,0.555528
ACCAGGAGTGTGATCT-1,0.000135,0.000675,0.998919,0.00027
ACCAGTGCCCGGTCAA-1,0.000023,0.57653,0.1833,0.240147
ACCAGTGCGGGAGACG-1,0.000028,0.430976,0.168146,0.40085
ACCATATCCGCAATAA-1,0.000019,0.298088,0.167123,0.53477
ACCATCCGCCAACTAG-1,0.000183,0.003137,0.77702,0.21966
ACCATCGTATATGGTA-1,0.000036,0.694266,0.060673,0.245024
ACCATTAAGGGTGTCA-1,0.000534,0.031126,0.965235,0.003105
ACCCAACGCCCGTGGC-1,0.000031,0.095305,0.351297,0.553368
ACCCACCTACATGCTC-1,0.000387,0.167826,0.497647,0.334141
ACCCATCTTGAGGGTA-1,0.000021,0.988364,0.011573,0.000042
ACCCATTTGTCCCTCT-1,0.000021,0.516191,0.041727,0.442061
ACCCGAGCGAAATTAC-1,0.000016,0.246508,0.030827,0.722648
ACCCGGAAACTCCCAG-1,0.000025,0.622614,0.008141,0.36922
ACCCGGAGCACCACAA-1,0.000015,0.436387,0.069686,0.493912
ACCCGGATGACGCATC-1,0.00003,0.497846,0.042538,0.459586
ACCCGGTTACACTTCC-1,0.000016,0.996382,0.002406,0.001196
ACCCGTAGTCTAGTTG-1,0.000043,0.09292,0.080451,0.826586
ACCCGTGTCATCAGTA-1,0.000031,0.525804,0.01802,0.456146
ACCCTATAGGACTGAG-1,0.000084,0.625555,0.374191,0.000169
ACCCTATGCCATATCG-1,0.000017,0.749822,0.109542,0.140619
ACCCTCCCGTCAGGGC-1,0.000016,0.900218,0.055893,0.043873
ACCCTCCCTTGCTATT-1,0.000036,0.271866,0.157601,0.570497
ACCCTGGTAACGCCCT-1,0.000024,0.502504,0.063516,0.433956
ACCCTTCATCTGCGAA-1,0.000026,0.546896,0.010289,0.442789
ACCCTTGCCTGGGTCG-1,0.000022,0.691995,0.064396,0.243587
ACCCTTTAGTTCTCCA-1,0.000028,0.290172,0.000028,0.709773
ACCGAAAGGGCCCTGC-1,0.000053,0.186071,0.806806,0.00707
ACCGAAGAGTCTGGTT-1,0.000014,0.594295,0.135332,0.270358
ACCGACACATCTCCCA-1,0.000033,0.278042,0.005999,0.715926
ACCGACTGAGTCCCAC-1,0.000028,0.585665,0.12377,0.290537
ACCGAGTCTCCTTATT-1,0.000021,0.239015,0.111064,0.6499
ACCGATAGGCATAACC-1,0.000027,0.24849,0.090636,0.660847
ACCGATATTTAATCAT-1,0.000034,0.405731,0.084893,0.509343
ACCGATGGTAGCATCG-1,0.000023,0.400477,0.118986,0.480513
ACCGCAATAACTGCCT-1,0.000035,0.375998,0.127354,0.496613
ACCGCGGTGGAAGTCG-1,0.000025,0.272413,0.078985,0.648577
ACCGGGCCTTTGTTGA-1,0.000031,0.030649,0.11613,0.85319
ACCGGTCAGGTACACC-1,0.000022,0.122979,0.37234,0.504659
ACCGGTCTGAGTACGG-1,0.000034,0.241008,0.055986,0.702972
ACCGTCCACTGGGCCC-1,0.000022,0.140106,0.399124,0.460749
ACCGTGACCACGTGGG-1,0.000024,0.230172,0.004131,0.765673
ACCGTTCCCGCTCTGA-1,0.000045,0.329086,0.319985,0.350885
ACCTAAGTACCTTTCA-1,0.000025,0.193591,0.272252,0.534132
ACCTAATCGACTTCCT-1,0.000036,0.325214,0.106483,0.568267
ACCTACAGTATGTGGT-1,0.000029,0.502068,0.115067,0.382836
ACCTACTATAAATCTA-1,0.000022,0.396778,0.036597,0.566604
ACCTCCGCCCTCGCTG-1,0.000034,0.22148,0.016932,0.761555
ACCTCCGTTATTCACC-1,0.000031,0.422131,0.107939,0.469899
ACCTGCGTGTCATGTT-1,0.000045,0.000227,0.181388,0.81834
ACCTTTCCTTTAGAAG-1,0.000141,0.000704,0.927645,0.07151
ACGAAATGGGCGGCAC-1,0.000111,0.000555,0.305015,0.694319
ACGACCCATGAGTTGC-1,0.000035,0.375513,0.150094,0.474359
ACGACTCTAGGGCCGA-1,0.000019,0.998589,0.001354,0.000038
ACGACTGGTCATACTC-1,0.000025,0.209469,0.044291,0.746216
ACGAGAACCCATCACG-1,0.00026,0.001302,0.951308,0.047129
ACGAGATATTTGCTTA-1,0.000024,0.537059,0.014683,0.448235
ACGAGGATACCACTCT-1,0.000014,0.523304,0.137758,0.338924
ACGAGGTTTACAACGT-1,0.000009,0.801176,0.023284,0.17553
ACGAGTACGGATGCCC-1,0.000044,0.035306,0.083664,0.880986
ACGAGTCGCCGGCGTT-1,0.000198,0.000989,0.998417,0.000396
ACGATACATAGAACTA-1,0.000045,0.041374,0.082462,0.87612
ACGATACCTATCCTGA-1,0.000287,0.674395,0.324744,0.000575
ACGATCATACATAGAG-1,0.000024,0.711643,0.051117,0.237216
ACGATCATCTTGTAAA-1,0.000023,0.226889,0.158397,0.614691
ACGATGCATATGTTAT-1,0.000025,0.564144,0.179725,0.256106
ACGATGGATCCGATGC-1,0.000015,0.836986,0.00499,0.158009
ACGCAAACTAATAGAT-1,0.000024,0.440621,0.022548,0.536807
ACGCAATCACTACAGC-1,0.00006,0.022725,0.352357,0.624858
ACGCATAAATGACATG-1,0.000017,0.733829,0.103245,0.162909
ACGCATACGTTTACTA-1,0.000016,0.77351,0.052981,0.173494
ACGCATTCGTGAGTAC-1,0.000041,0.424674,0.059598,0.515687
ACGCCAGATGATTTCT-1,0.000029,0.51223,0.018559,0.469182
ACGCCAGTGCGTTTGC-1,0.000032,0.10611,0.169809,0.724049
ACGCCCAGCTGTCGAT-1,0.000019,0.101604,0.05661,0.841767
ACGCCGCTAGACGACC-1,0.000041,0.312662,0.028357,0.65894
ACGCCTGACACGCGCT-1,0.000049,0.214087,0.781714,0.00415
ACGCGAAGTCAGACGA-1,0.000057,0.14717,0.128866,0.723907
ACGCGCTACACAGGGT-1,0.000072,0.315665,0.344879,0.339384
ACGCGGGCCAAGGACA-1,0.000021,0.955076,0.001195,0.043709
ACGCGTTTCTTAAGAG-1,0.00101,0.005054,0.991914,0.002022
ACGCTACTGAATGGGC-1,0.000021,0.98059,0.00712,0.01227
ACGCTAGTATCAGTGC-1,0.000056,0.688625,0.169333,0.141985
ACGCTAGTGATACACT-1,0.000022,0.590255,0.26306,0.146664
ACGCTGTGAGGCGTAG-1,0.000081,0.000406,0.980922,0.018591
ACGCTTAGTGTCTCTC-1,0.000029,0.401993,0.034938,0.563041
ACGGAATTTAGCAAAT-1,0.001481,0.007413,0.98814,0.002965
ACGGACTCTCAAAGCG-1,0.000026,0.215796,0.007892,0.776286
ACGGAGCGCAAATTAC-1,0.000025,0.387896,0.033952,0.578126
ACGGATGGTGCGGATA-1,0.00002,0.845288,0.005529,0.149163
ACGGCACTTGCTTGGG-1,0.000042,0.562301,0.000842,0.436814
ACGGCCAACATGGACT-1,0.000028,0.380939,0.03887,0.580164
ACGGCGACGATGGGAA-1,0.000033,0.50235,0.017977,0.47964
ACGGCGGGTTGCCCTG-1,0.000494,0.002471,0.996047,0.000988
ACGGCTGGATGTAGAA-1,0.000077,0.004662,0.482442,0.512819
ACGGGAGTGTCGGCCC-1,0.000034,0.038702,0.155307,0.805957
ACGGGCGTATGCGACA-1,0.00003,0.235939,0.204174,0.559858
ACGGGTCATGTGACTT-1,0.002179,0.010901,0.98256,0.00436
ACGGTACAGTTCAATG-1,0.000021,0.904988,0.028407,0.066585
ACGTACAGATTTCTCT-1,0.000031,0.342298,0.016113,0.641558
ACGTAGATTGCTGATG-1,0.000044,0.476972,0.083091,0.439893
ACGTAGGAGAGTCGCT-1,0.000025,0.442348,0.046429,0.511198
ACGTATTACTCCGATC-1,0.000049,0.345264,0.18636,0.468326
ACGTCCTAAACGAGAT-1,0.000113,0.000566,0.999095,0.000226
ACGTCTCGTTCCGGGA-1,0.000109,0.259554,0.740118,0.000219
ACGTGACAAAGTAAGT-1,0.000025,0.290565,0.267423,0.441987
ACGTGCGCCTCGTGCA-1,0.000051,0.029093,0.010697,0.960159
ACGTGGTCGAATGTGC-1,0.000018,0.438945,0.000019,0.561019
ACGTTAATGTCGAAGA-1,0.000032,0.287772,0.053705,0.658491
ACGTTAGATTTGCCCG-1,0.000084,0.007681,0.383221,0.609014
ACGTTATTGGTCACTC-1,0.000564,0.576615,0.421692,0.001129
ACGTTCCGCGCTCCGT-1,0.0001,0.000499,0.999202,0.0002
ACGTTCGCAATCAATT-1,0.00003,0.08048,0.027665,0.891825
ACGTTCGTTCAGGAAA-1,0.000029,0.334413,0.021665,0.643893
ACGTTCTGTACAAGTC-1,0.000018,0.797965,0.143754,0.058264
ACGTTTAGTTGTGATC-1,0.000041,0.005677,0.020462,0.97382
ACGTTTCGGTGCACTT-1,0.000033,0.361364,0.014704,0.623899
ACTAAGGACGCACACC-1,0.000155,0.000776,0.998758,0.000311
ACTAATACGTCAGGCG-1,0.00005,0.418405,0.249626,0.33192
ACTACATCCCGACAAG-1,0.000013,0.083295,0.205887,0.710805
ACTACCAGCTCTCTGG-1,0.000016,0.605748,0.01461,0.379626
ACTACGCGTTAGAATT-1,0.000033,0.193485,0.142737,0.663745
ACTAGTTGCGATCGTC-1,0.000032,0.825135,0.059884,0.114949
ACTATATGCTGTGTTC-1,0.000024,0.382315,0.00877,0.608892
ACTATCCAGGGCATGG-1,0.00002,0.737686,0.120867,0.141427
ACTATCGCCGGCTAAA-1,0.000123,0.591013,0.408619,0.000245
ACTATCTGCCCGCGTA-1,0.000013,0.984905,0.015055,0.000026
ACTATGTCCAGCTGCC-1,0.000026,0.005385,0.612215,0.382373
ACTATTCGTCCGTGGT-1,0.000036,0.40345,0.001353,0.595162
ACTATTTCCGGGCCCA-1,0.000014,0.559767,0.008948,0.431271
ACTCAACGAATGTATT-1,0.000507,0.002539,0.995939,0.001015
ACTCAAGTGCAAGGCT-1,0.000017,0.590129,0.302011,0.107843
ACTCAATAAAGGCACG-1,0.00002,0.733431,0.089129,0.17742
ACTCAGACCTGCTTCT-1,0.000056,0.181079,0.643149,0.175717
ACTCCAATATCATCAT-1,0.000011,0.715976,0.017286,0.266727
ACTCCCATTCCTAAAG-1,0.000033,0.030303,0.090977,0.878686
ACTCCCGAATTCGTTT-1,0.000023,0.89252,0.011515,0.095942
ACTCCCGTAGACTAGG-1,0.000017,0.500891,0.015357,0.483734
ACTCCCTAATGCTAAA-1,0.000017,0.397177,0.008211,0.594594
ACTCCCTAGAATAGTA-1,0.000022,0.871605,0.022936,0.105437
ACTCCGGCCGACCACT-1,0.000029,0.3488,0.301191,0.349981
ACTCGATGTATTTCAT-1,0.000842,0.004212,0.72313,0.271817
ACTCGCCGTTCGATAA-1,0.000027,0.553612,0.255391,0.19097
ACTCGCGATCTGACGC-1,0.000064,0.597536,0.077108,0.325291
ACTCGTAACCCGTCCT-1,0.00002,0.495392,0.182573,0.322015
ACTCGTCAGTAATCCC-1,0.000024,0.624984,0.003773,0.371218
ACTCTAAACCTGGGAT-1,0.002415,0.012086,0.231978,0.75352
ACTCTCTGACTTAGGT-1,0.000015,0.999203,0.000015,0.000767
ACTCTCTTATACACGA-1,0.000031,0.125717,0.000031,0.874221
ACTCTGACCTAATAGA-1,0.000012,0.934554,0.024771,0.040663
ACTCTTCAGCTCCCGC-1,0.000026,0.185231,0.090682,0.724061
ACTCTTGTATAGTAAC-1,0.000027,0.604333,0.349556,0.046084
ACTGAAACGCCGTTAG-1,0.000023,0.705856,0.084338,0.209783
ACTGAATGGCGAAAGT-1,0.000069,0.659585,0.047798,0.292548
ACTGATTTAGTGATTC-1,0.000028,0.026761,0.004791,0.968419
ACTGCCGTCGTAACTC-1,0.000038,0.009305,0.033797,0.95686
ACTGCGGACACACCGT-1,0.000014,0.93599,0.000384,0.063613
ACTGCTCGGAAGGATG-1,0.000058,0.117452,0.157918,0.724572
ACTGGCGAACCTGCGT-1,0.000042,0.222149,0.561592,0.216218
ACTGTACGATACACAT-1,0.000035,0.542199,0.023344,0.434422
ACTGTAGCACTTTGGA-1,0.000037,0.255069,0.041382,0.703512
ACTGTATACGCGAGCA-1,0.000313,0.47306,0.526001,0.000626
ACTGTCCAGGATTATA-1,0.000029,0.372224,0.000245,0.627502
ACTGTCTTCTTTAGAA-1,0.00004,0.019609,0.041374,0.938977
ACTGTGCTAGTAGATC-1,0.000439,0.034567,0.964115,0.000879
ACTGTTTAGTGTAGGC-1,0.000124,0.003508,0.678785,0.317582
ACTTACCGGGCGCGCA-1,0.000021,0.780306,0.119802,0.099871
ACTTACGCATCCACGC-1,0.000017,0.441683,0.018014,0.540286
ACTTAGTACGACAAGA-1,0.000882,0.148086,0.495851,0.355182
ACTTATACTTACCCGG-1,0.000034,0.186639,0.131571,0.681756
ACTTATCTGATCTATA-1,0.000113,0.348538,0.651123,0.000226
ACTTATTAGGATCGGT-1,0.000037,0.63649,0.061391,0.302082
ACTTATTTATGTGCCA-1,0.000058,0.398736,0.47225,0.128956
ACTTCAGGCTGATCCC-1,0.000032,0.259366,0.361993,0.37861
ACTTCCAGTGGAAGCT-1,0.000023,0.128912,0.041225,0.82984
ACTTCCATGCGGGACA-1,0.000017,0.767722,0.146144,0.086118
ACTTCCTGTCGTGCGA-1,0.000016,0.515999,0.066478,0.417508
ACTTCGCCATACGCAC-1,0.000039,0.464037,0.024567,0.511356
ACTTCGCTAGCGAGTG-1,0.000023,0.284173,0.077928,0.637876
ACTTGACTCCCTCTTT-1,0.000034,0.38333,0.032566,0.584069
ACTTGCCATATTGTAC-1,0.000129,0.000647,0.998965,0.000259
ACTTGGGACCCGGTGG-1,0.000028,0.368617,0.264963,0.366393
ACTTGTAGTCCCTTCA-1,0.001406,0.231518,0.764261,0.002815
ACTTGTGGATGGAACG-1,0.000036,0.569333,0.074189,0.356442
ACTTTACCCTCATGAA-1,0.000027,0.469194,0.051186,0.479594
ACTTTCCTATAGCTTC-1,0.000034,0.685654,0.132165,0.182147
ACTTTGACTGCATCCT-1,0.002179,0.010901,0.771674,0.215246
ACTTTGGTCGTGCTCC-1,0.000017,0.138494,0.48252,0.378968
ACTTTGTCGACGCACT-1,0.000034,0.421817,0.231855,0.346294
AGAAATTATGACTCGC-1,0.000017,0.491732,0.172039,0.336212
AGAACCCAGCGTGACA-1,0.000016,0.676,0.040047,0.283938
AGAACCCTCAATTGGG-1,0.000027,0.421129,0.364809,0.214035
AGAACGTGGTACATTC-1,0.000043,0.034221,0.084857,0.88088
AGAAGAGCGCCGTTCC-1,0.000324,0.001621,0.000324,0.997731
AGAAGGTACACTTCAC-1,0.000022,0.591872,0.046366,0.36174
AGAAGGTTGCCGAATT-1,0.000036,0.505431,0.042599,0.451934
AGAAGGTTGTAGGTCG-1,0.000022,0.833015,0.004261,0.162702
AGAAGTGATTCGTGAT-1,0.000057,0.005712,0.232785,0.761447
AGAATAAATCTTCAGG-1,0.000545,0.002725,0.99564,0.00109
AGAATGCGGGTTCGGA-1,0.000018,0.622649,0.177529,0.199804
AGAATTATGGATTCGA-1,0.000026,0.225629,0.224312,0.550033
AGAATTGTTTGACATA-1,0.00202,0.423906,0.570031,0.004043
AGACAGCTCAGAATCC-1,0.000346,0.001732,0.997229,0.000693
AGACAGGCATCTCAGC-1,0.000029,0.166402,0.055123,0.778445
AGACATAGATCCTTCC-1,0.000087,0.37347,0.62627,0.000173
AGACCAAACCACACCT-1,0.00007,0.000352,0.577112,0.422466
AGACCATGGGATACAA-1,0.000441,0.002206,0.996471,0.000882
AGACCCACCGCTGATC-1,0.000035,0.26681,0.045625,0.68753
AGACCCGCCCTCCTCG-1,0.000025,0.507792,0.059543,0.43264
AGACCGCTCCGCGGTT-1,0.000023,0.468294,0.262305,0.269378
AGACCGGGAAACCCTG-1,0.000059,0.226394,0.373977,0.39957
AGACGAAGTGCCGGTC-1,0.000028,0.362123,0.161981,0.475867
AGACGACGATGCCGCT-1,0.000037,0.136855,0.079454,0.783654
AGACGCCCACTTCGCC-1,0.00002,0.395427,0.052436,0.552117
AGACGGGATTGGTATA-1,0.000021,0.597008,0.002384,0.400587
AGACGGGCCGATTTAA-1,0.000028,0.082738,0.571944,0.34529
AGACTAGCCTTCCAGA-1,0.000033,0.133981,0.03417,0.831816
AGACTGTTACCGGGTC-1,0.000026,0.175142,0.03927,0.785562
AGAGAACCGTCTAGGA-1,0.000037,0.063803,0.241551,0.69461
AGAGAAGGAGTACAAT-1,0.000024,0.445188,0.040206,0.514582
AGAGATCTCTAAAGCG-1,0.000097,0.368497,0.527448,0.103958
AGAGCAGTTATGAGAC-1,0.000235,0.424375,0.57492,0.00047
AGAGCCGCCGAGATTT-1,0.000028,0.214947,0.063594,0.721431
AGAGCGCTTGTAACGG-1,0.00002,0.260834,0.021625,0.717521
AGAGCGGGCTAATCAT-1,0.000015,0.883096,0.004199,0.11269
AGAGCGTACAAGCTCG-1,0.001029,0.005148,0.991764,0.002059
AGAGCTACGAAAGCAT-1,0.000185,0.108063,0.891383,0.000369
AGAGGCTTCGGAAACC-1,0.00002,0.549173,0.062059,0.388748
AGAGGGACAATTGTCC-1,0.000013,0.806394,0.010122,0.183471
AGAGGTATCTCGGTCC-1,0.000115,0.000769,0.998886,0.000231
AGAGTAAACTTCACTA-1,0.000028,0.373383,0.134515,0.492073
AGAGTATAGTGTTACG-1,0.00003,0.340289,0.104005,0.555675
AGAGTGAACAGACACC-1,0.00002,0.041372,0.06974,0.888868
AGAGTTAGAGACCGAT-1,0.000033,0.03219,0.013845,0.953931
AGAGTTGCAGGCCTCC-1,0.000039,0.484123,0.200291,0.315546
AGATAACTTCAGGGCC-1,0.000021,0.512914,0.057099,0.429966
AGATACCAATAGAACC-1,0.000022,0.518713,0.048719,0.432547
AGATACCAGCACTTCA-1,0.000019,0.443085,0.05901,0.497886
AGATACCGGTGTTCAC-1,0.000039,0.341665,0.348617,0.309679
AGATACGACTTCATAT-1,0.00016,0.347091,0.652429,0.00032
AGATACTCAAGATCGA-1,0.000022,0.655056,0.118352,0.22657
AGATATAATACGACTA-1,0.000017,0.673008,0.007048,0.319926
AGATCGTGCATAAGAT-1,0.000034,0.060917,0.06401,0.875039
AGATCTCAGGTGTGAT-1,0.000048,0.132542,0.125495,0.741915
AGATGACTCGCCCACG-1,0.000022,0.797238,0.084002,0.118738
AGATGAGGGTTGCGAT-1,0.000034,0.032054,0.123701,0.844211
AGATGATGGAGTCTGG-1,0.000033,0.022909,0.194675,0.782383
AGATGCAAGACGTGCA-1,0.000022,0.410701,0.059699,0.529578
AGATGCATCCTGTGTC-1,0.000093,0.012714,0.691781,0.295412
AGATGCTATAACGAGC-1,0.000373,0.214515,0.680652,0.10446
AGATTATAGGACGTTT-1,0.000027,0.706606,0.110177,0.183189
AGATTCAAGCGGGTCG-1,0.000033,0.04404,0.01447,0.941457
AGATTCACAACCGATA-1,0.000017,0.002569,0.117024,0.88039
AGCAAAGGCCGCTAGT-1,0.000026,0.268598,0.057058,0.674317
AGCAACATATCTTATT-1,0.000045,0.25096,0.097745,0.65125
AGCAACCGAAAGTAAT-1,0.000023,0.46543,0.117678,0.416869
AGCACCAGTACTCACG-1,0.000031,0.436185,0.00981,0.553974
AGCACTACCGGCCTGT-1,0.001543,0.007721,0.987646,0.003089
AGCACTACCTCACCAG-1,0.00002,0.620863,0.112399,0.266718
AGCACTTAAGGACGCC-1,0.000033,0.178167,0.051987,0.769813
AGCAGAAGGAGAAAGA-1,0.000021,0.086767,0.039998,0.873214
AGCAGCCAGATGAATA-1,0.000036,0.231528,0.062699,0.705737
AGCATATCAATATGCT-1,0.000029,0.261688,0.165725,0.572558
AGCATCATTTCGAAAG-1,0.000047,0.336991,0.093351,0.569611
AGCATCGTCGATAATT-1,0.000036,0.112619,0.029278,0.858066
AGCATTACGAGGCAAG-1,0.000021,0.747111,0.141401,0.111466
AGCCAAGCTTTGTGTC-1,0.000022,0.02262,0.03552,0.941837
AGCCACAGGTTACCCG-1,0.000015,0.839089,0.053302,0.107593
AGCCACTCCCGTGCTT-1,0.000048,0.000239,0.363759,0.635955
AGCCCATACATGTAAG-1,0.000023,0.415354,0.071314,0.513309
AGCCCGCAACAAGCAG-1,0.000017,0.230628,0.067404,0.701951
AGCCCGCACTACAATG-1,0.000035,0.319102,0.043779,0.637084
AGCCCGGCATTAGAGG-1,0.000014,0.500743,0.063701,0.435542
AGCCCGGTAGCCTGTA-1,0.000025,0.056287,0.13293,0.810758
AGCCCTAAGCGAAGTT-1,0.000026,0.227315,0.12177,0.65089
AGCCCTGTCGCACCGT-1,0.000013,0.836707,0.045391,0.117889
AGCCCTTCTAATCCGA-1,0.000029,0.087362,0.021654,0.890956
AGCCCTTGGACATCCC-1,0.000024,0.660427,0.132042,0.207508
AGCCGCAAATTCAAAT-1,0.000239,0.001198,0.998083,0.000479
AGCCGCTTGATTAGCG-1,0.000448,0.002242,0.996413,0.000897
AGCCGTGGCTAAATGT-1,0.00003,0.220803,0.18849,0.590678
AGCCTAATACCCACGT-1,0.00002,0.284318,0.064774,0.650887
AGCCTTAAAGCGGAAG-1,0.000285,0.06655,0.932595,0.00057
AGCGACAGGAACGGTC-1,0.000026,0.229371,0.080148,0.690455
AGCGACATCCCATTCA-1,0.000028,0.230624,0.020593,0.748755
AGCGACCAACGATATT-1,0.000028,0.480128,0.02178,0.498064
AGCGATGCGCCTAATA-1,0.000013,0.886576,0.060595,0.052817
AGCGCATAATGAATCG-1,0.000023,0.171479,0.02896,0.799538
AGCGCGGGTGCCAATG-1,0.000047,0.181192,0.079018,0.739744
AGCGCTAGAGCGATGT-1,0.000028,0.452693,0.07195,0.475329
AGCGCTTATGGGCAAG-1,0.000038,0.000191,0.397633,0.602138
AGCGGACACTTCGTAG-1,0.000028,0.608989,0.033882,0.357101
AGCGGCGGTTAGCGGT-1,0.000031,0.248645,0.259124,0.4922
AGCGGGAAGGGTCCAT-1,0.000214,0.217062,0.638593,0.144132
AGCGGGTCTGACACTC-1,0.000021,0.348256,0.022733,0.628989
AGCGGTTGAGATGTAC-1,0.000023,0.421255,0.084739,0.493982
AGCGGTTGCCGCTCTG-1,0.000036,0.036366,0.101365,0.862233
AGCGTACGAGAGCTAG-1,0.000669,0.756326,0.241665,0.00134
AGCGTAGCGCTAGACC-1,0.000255,0.001275,0.872293,0.126177
AGCGTCTGAACCCGCA-1,0.000751,0.138955,0.858791,0.001503
AGCGTGGTATTCTACT-1,0.000023,0.453507,0.033808,0.512661
AGCGTTCCGATTTAAA-1,0.000027,0.013095,0.000027,0.986851
AGCTAACAAGCAATGT-1,0.000019,0.1551,0.046294,0.798586
AGCTAAGTACGCAGGC-1,0.000018,0.661455,0.083495,0.255032
AGCTAGAAGCAGAAGT-1,0.000037,0.071398,0.062975,0.865591
AGCTATTTAATCCAAC-1,0.000031,0.191098,0.028302,0.780569
AGCTCCATATATGTTC-1,0.000034,0.0439,0.415721,0.540346
AGCTCCTTCGCACATC-1,0.000033,0.108116,0.038361,0.85349
AGCTCGTTGATGGAAA-1,0.000027,0.527939,0.124672,0.347361
AGCTCTAGACGTTCCA-1,0.000029,0.358428,0.033264,0.60828
AGCTCTTCCCAGTGCA-1,0.000045,0.135277,0.072565,0.792113
AGCTCTTCGTAACCTT-1,0.000037,0.32451,0.012956,0.662496
AGCTCTTTACTCAGTT-1,0.000039,0.316138,0.006638,0.677186
AGCTGAAGTAAACCAA-1,0.00003,0.046872,0.24164,0.711458
AGCTGCATTTGAGGTG-1,0.000049,0.000244,0.001962,0.997745
AGCTGCTGTGCCGAAT-1,0.000031,0.722936,0.079359,0.197674
AGCTGTAACCTCAATC-1,0.00003,0.485259,0.085448,0.429263
AGCTTATAGAGACCTG-1,0.000115,0.010102,0.986263,0.00352
AGCTTCAATACTTTGA-1,0.000017,0.547429,0.00154,0.451015
AGCTTCTTCTCGAGCA-1,0.000015,0.885954,0.004991,0.10904
AGGAAAGCCTCTGATG-1,0.000217,0.001084,0.975941,0.022758
AGGAACGAACGACTTC-1,0.000024,0.655437,0.148857,0.195681
AGGAAGCTGTCCGCCG-1,0.000018,0.797388,0.003769,0.198824
AGGACAGTCGAATCCC-1,0.000018,0.771535,0.1464,0.082047
AGGACATCGCACGTCG-1,0.000107,0.000535,0.999144,0.000214
AGGACATCGGCACACT-1,0.000026,0.961227,0.007491,0.031255
AGGACGACCCATTAGA-1,0.000015,0.873978,0.030624,0.095382
AGGACGCTCGATGTTG-1,0.000026,0.744935,0.008713,0.246326
AGGACTTATAGGAGAA-1,0.000336,0.546186,0.452806,0.000672
AGGAGACATCCACAGT-1,0.000017,0.709591,0.050776,0.239617
AGGAGAGTCTGGCTAC-1,0.000032,0.562032,0.24786,0.190076
AGGAGGCCTTCGCGCG-1,0.000015,0.848846,0.039904,0.111235
AGGATAAAGTCGGGAT-1,0.000035,0.005691,0.026638,0.967636
AGGATATAGGGATTTA-1,0.000037,0.126584,0.325905,0.547474
AGGATATCCGACTGCA-1,0.000028,0.516744,0.069313,0.413915
AGGATCACGCGATCTG-1,0.000035,0.000175,0.026746,0.973044
AGGATTGCTTACGACA-1,0.000027,0.65743,0.078623,0.263921
AGGCAAAGAGGAATCA-1,0.000628,0.003141,0.994975,0.001256
AGGCAATACGGAGGAC-1,0.000829,0.535457,0.462054,0.00166
AGGCACGTGACTGTCC-1,0.000018,0.812706,0.03213,0.155146
AGGCAGATGCGTAAAC-1,0.000024,0.631322,0.049246,0.319408
AGGCAGGGAGCGTACT-1,0.000034,0.370411,0.010783,0.618772
AGGCATTGTCGTAGGG-1,0.000057,0.478571,0.085879,0.435493
AGGCCACATTGGTTAC-1,0.000031,0.29128,0.066422,0.642268
AGGCCACCCGTTATGA-1,0.000032,0.642349,0.055761,0.301858
AGGCCCAGTGACTGGT-1,0.000276,0.001383,0.997787,0.000553
AGGCCCATTGTACAGG-1,0.000037,0.000183,0.082779,0.917001
AGGCCCTAGAACGCCA-1,0.000021,0.599556,0.101707,0.298717
AGGCCTGAGAATCTCG-1,0.00002,0.543093,0.238279,0.218608
AGGCGATAACTGGCGT-1,0.00002,0.61203,0.01894,0.36901
AGGCGGTTTGTCCCGC-1,0.000022,0.307603,0.178207,0.514167
AGGCGTCTATGGACGG-1,0.000017,0.58947,0.04132,0.369193
AGGCTATGGTTAGCTT-1,0.000142,0.266533,0.245603,0.487722
AGGCTTCCCGAAGAAG-1,0.00003,0.144254,0.008932,0.846784
AGGCTTGCTAGACACC-1,0.000296,0.001483,0.819028,0.179193
AGGGAAACGAGGTACT-1,0.000026,0.6034,0.012717,0.383858
AGGGACAGCACGGCGG-1,0.000093,0.346686,0.653034,0.000187
AGGGACCGGCTGCGTT-1,0.000033,0.30635,0.169225,0.524393
AGGGACTCTACGCGAC-1,0.000038,0.130139,0.15269,0.717132
AGGGAGACATACTTCG-1,0.000028,0.611025,0.000028,0.388919
AGGGCAGCGGCGTGGT-1,0.000025,0.918327,0.002458,0.07919
AGGGCCCTAATGTTCT-1,0.000019,0.652966,0.00031,0.346705
AGGGCGAGCAGCTGAT-1,0.000032,0.516438,0.046029,0.437501
AGGGCGTGATCGGCTA-1,0.000047,0.311258,0.092667,0.596029
