Barcode,Topic 1,Topic 2,Topic 3,Topic 4to5,Topic 6,Topic 7to8
AAACAACGAATAGTTC-1,0.008908,0.001492,0.380335,0.422893,0.155321,0.031051
AAACAAGTATCTCCCA-1,0.508183,0.064702,0.39317,0.033801,0.000048,0.000096
AAACAATCTACTAGCA-1,0.018482,0.000523,0.516071,0.223651,0.172666,0.068607
AAACACCAATAACTGC-1,0.000015,0.027484,0.170263,0.352903,0.246689,0.202647
AAACAGAGCGACTCCT-1,0.969699,0.000426,0.027746,0.000852,0.000426,0.000852
AAACAGCTTTCAGAAG-1,0.001777,0.065306,0.036306,0.339052,0.03992,0.51764
AAACAGGGTCTATATT-1,0.051464,0.001626,0.222538,0.149469,0.559063,0.015839
AAACAGTGTTCCTGGG-1,0.004394,0.055268,0.254093,0.262606,0.141581,0.282057
AAACATGGTGAGAGGA-1,0.000944,0.031154,0.074067,0.302243,0.302552,0.28904
AAACATTTCCCGGATT-1,0.000031,0.02247,0.499519,0.383974,0.010886,0.08312
AAACCACTACACAGAT-1,0.693524,0.016722,0.287067,0.001075,0.000537,0.001075
AAACCCGAACGAAATC-1,0.369236,0.374031,0.229123,0.026639,0.00003,0.000942
AAACCGGAAATGTTAA-1,0.000008,0.979425,0.000008,0.000015,0.000008,0.020537
AAACCGGGTAGGTACC-1,0.000754,0.058893,0.124395,0.303277,0.069584,0.443096
AAACCGTTCGTCCAGG-1,0.014656,0.106416,0.081637,0.282276,0.242586,0.272429
AAACCTAAGCAGCCGG-1,0.017195,0.058232,0.350818,0.190699,0.087671,0.295384
AAACCTCATGAAGTTG-1,0.021057,0.012818,0.033314,0.289359,0.226853,0.416598
AAACGAAGAACATACC-1,0.231129,0.003866,0.385999,0.20008,0.004274,0.174652
AAACGAAGATGGAGTA-1,0.004619,0.082849,0.073959,0.389692,0.039976,0.408905
AAACGACAGTCTTGCC-1,0.679972,0.074997,0.242185,0.001138,0.000569,0.001138
AAACGAGACGGTTGAT-1,0.073307,0.059233,0.09971,0.287963,0.288003,0.191784
AAACGCCCGAGATCGG-1,0.889211,0.000852,0.105677,0.001704,0.000852,0.001704
AAACGCTGGGCACGAC-1,0.142998,0.513155,0.261746,0.017689,0.061099,0.003313
AAACGGGCGTACGGGT-1,0.044867,0.000032,0.662441,0.17688,0.075025,0.040756
AAACGGGTTGGTATCC-1,0.11885,0.000039,0.498829,0.337266,0.038763,0.006253
AAACGGTTGCGAACTG-1,0.000025,0.021066,0.332016,0.380403,0.049442,0.217047
AAACGTGTTCGCCCTA-1,0.989834,0.009653,0.000086,0.000171,0.000085,0.000171
AAACTAACGTGGCGAC-1,0.998003,0.000285,0.000285,0.000571,0.000285,0.000571
AAACTCGGTTCGCAAT-1,0.058263,0.040908,0.412624,0.199192,0.162297,0.126717
AAACTCGTGATATAAG-1,0.858527,0.116586,0.000848,0.007017,0.016909,0.000113
AAACTGCTGGCTCCAA-1,0.035858,0.024379,0.452161,0.320049,0.030348,0.137205
AAACTTAATTGCACGC-1,0.010917,0.07426,0.089406,0.240175,0.270589,0.314652
AAACTTGCAAACGTAT-1,0.010749,0.13655,0.016165,0.222848,0.029924,0.583765
AAAGAATGACCTTAGA-1,0.003954,0.02398,0.176665,0.352869,0.089531,0.353002
AAAGAATGTGGACTAA-1,0.004163,0.047232,0.763416,0.14403,0.014375,0.026784
AAAGACATGAAGTTTA-1,0.997599,0.000343,0.000343,0.000686,0.000343,0.000686
AAAGACCCAAGTCGCG-1,0.083497,0.026796,0.12651,0.364974,0.072195,0.326028
AAAGACTGGGCGCTTT-1,0.220861,0.03185,0.042412,0.196107,0.325764,0.183007
AAAGCTTGCCTACATA-1,0.722947,0.000173,0.276017,0.000345,0.000173,0.000345
AAAGGCCCTATAATAC-1,0.007777,0.038408,0.133437,0.443225,0.119323,0.25783
AAAGGCTACGGACCAT-1,0.04729,0.004429,0.553748,0.211878,0.059007,0.123648
AAAGGCTCTCGCGCCG-1,0.010205,0.001272,0.286496,0.244361,0.292722,0.164944
AAAGGGATGTAGCAAG-1,0.183185,0.000035,0.344183,0.030137,0.439884,0.002577
AAAGGGCAGCTTGAAT-1,0.011277,0.056722,0.173129,0.434784,0.063203,0.260885
AAAGGTAAGCTGTACC-1,0.816109,0.06705,0.020861,0.020974,0.074885,0.000121
AAAGGTCAACGACATG-1,0.816,0.081336,0.048879,0.000458,0.000229,0.053099
AAAGTAGCATTGCTCA-1,0.032447,0.021416,0.077961,0.223004,0.252871,0.392301
AAAGTCACTGATGTAA-1,0.072593,0.010795,0.068974,0.148528,0.372894,0.326216
AAAGTCGACCCTCAGT-1,0.009764,0.008019,0.300423,0.307884,0.27811,0.095799
AAAGTGCCATCAATTA-1,0.002253,0.953739,0.000916,0.003644,0.023246,0.016202
AAAGTGTGATTTATCT-1,0.03679,0.032081,0.075822,0.274125,0.053676,0.527506
AAAGTTGACTCCCGTA-1,0.119643,0.037259,0.356266,0.26333,0.011615,0.211887
AAATAACCATACGGGA-1,0.997654,0.000095,0.000095,0.00019,0.001776,0.00019
AAATAAGGTAGTGCCC-1,0.99724,0.000022,0.000022,0.000044,0.002629,0.000044
AAATACCTATAAGCAT-1,0.000866,0.036937,0.000014,0.016982,0.240178,0.705023
AAATAGCTTAGACTTT-1,0.463763,0.499245,0.000019,0.000037,0.001014,0.035921
AAATAGGGTGCTATTG-1,0.000025,0.008332,0.07432,0.388656,0.138479,0.390187
AAATCACTCCTAAACG-1,0.534364,0.000768,0.461027,0.001536,0.000768,0.001536
AAATCCGATACACGCC-1,0.01604,0.015725,0.112134,0.203944,0.287702,0.364455
AAATCGCGGAAGGAGT-1,0.000084,0.065522,0.130151,0.446623,0.156794,0.200825
AAATCGTGTACCACAA-1,0.000031,0.034273,0.214218,0.200103,0.375141,0.176234
AAATCTAGCCCTGCTA-1,0.264967,0.000214,0.733749,0.000428,0.000214,0.000428
AAATCTGCCCGCGTCC-1,0.00524,0.080607,0.001018,0.201056,0.132985,0.579094
AAATGACTGATCAAAC-1,0.012209,0.020975,0.662373,0.174932,0.008295,0.121216
AAATGATTCGATCAGC-1,0.78351,0.041112,0.04352,0.076648,0.037075,0.018135
AAATGCTCGTTACGTT-1,0.009289,0.003843,0.177539,0.388361,0.225425,0.195544
AAATGGCATGTCTTGT-1,0.039362,0.000046,0.494855,0.342487,0.003613,0.119636
AAATGGCCCGTGCCCT-1,0.024046,0.019284,0.085165,0.294792,0.405133,0.171579
AAATGGTCAATGTGCC-1,0.092647,0.06896,0.275223,0.317803,0.1363,0.109066
AAATGTATCTTATCCC-1,0.02102,0.07306,0.014176,0.196979,0.129891,0.564874
AAATGTGGGTGCTCCT-1,0.035473,0.139539,0.107316,0.24046,0.006258,0.470954
AAATTAACGGGTAGCT-1,0.064457,0.002168,0.538803,0.17551,0.141173,0.077889
AAATTAATAAGCGCGA-1,0.090287,0.008908,0.213398,0.307247,0.323087,0.057074
AAATTACACGACTCTG-1,0.71856,0.09614,0.156842,0.022731,0.000104,0.005624
AAATTACCTATCGATG-1,0.674614,0.018232,0.248259,0.051852,0.000068,0.006973
AAATTCCAGGTCCAAA-1,0.891551,0.051321,0.000029,0.000058,0.056983,0.000058
AAATTGATAGTCCTTT-1,0.024479,0.021859,0.231183,0.287679,0.188429,0.246371
AAATTGCGGCGGTTCT-1,0.009541,0.024288,0.205541,0.577487,0.039311,0.143831
AAATTGGTGAGAAGCA-1,0.956719,0.000133,0.042485,0.000265,0.000133,0.000265
AAATTTACCGAAATCC-1,0.365813,0.00483,0.277366,0.252593,0.03895,0.060448
AAATTTGCGGGTGTGG-1,0.000029,0.005721,0.301563,0.394743,0.118896,0.179047
AACAACTGGTAGTTGC-1,0.02438,0.051216,0.032881,0.09081,0.07525,0.725462
AACAATACATTGTCGA-1,0.009025,0.120322,0.00913,0.059784,0.285156,0.516583
AACAATTACTCTACGC-1,0.004563,0.040012,0.030952,0.194483,0.057175,0.672816
AACACACGCTCGCCGC-1,0.017847,0.039993,0.232381,0.446313,0.153175,0.110292
AACACGACTGTACTGA-1,0.257207,0.000032,0.112079,0.315217,0.002882,0.312584
AACACGAGACGCGGCC-1,0.016385,0.038068,0.339777,0.289537,0.048869,0.267363
AACACGCGGCCGCGAA-1,0.054931,0.05726,0.248673,0.421689,0.015351,0.202096
AACAGCTGTGTGGCAA-1,0.020897,0.108937,0.130637,0.237379,0.099375,0.402775
AACAGGAAATCGAATA-1,0.055422,0.005401,0.135965,0.333617,0.184575,0.28502
AACAGGATGGGCCGCG-1,0.057198,0.034478,0.042632,0.289084,0.104288,0.472321
AACAGGTAGTATGGAT-1,0.011698,0.9438,0.007118,0.008562,0.000019,0.028803
AACATAGCGTGTATCG-1,0.232544,0.092114,0.299337,0.12534,0.123036,0.127629
AACATATCAACTGGTG-1,0.979302,0.000038,0.002903,0.000077,0.017603,0.000077
AACATCGATACGTCTA-1,0.99967,0.000047,0.000047,0.000094,0.000047,0.000094
AACATTGAAGTTGATC-1,0.000722,0.074758,0.053117,0.454751,0.1136,0.303052
AACATTGGTCAGCCGT-1,0.003157,0.028463,0.042605,0.453699,0.105847,0.366229
AACATTGTGACTCGAG-1,0.030848,0.260683,0.157974,0.239594,0.19232,0.118581
AACCAAGACTTCTCTG-1,0.087666,0.005736,0.254876,0.450755,0.119458,0.081509
AACCAGTATCACTCTT-1,0.813149,0.000252,0.185337,0.000505,0.000252,0.000505
AACCATAGGGTTGAAC-1,0.047194,0.046038,0.189435,0.272116,0.187525,0.257692
AACCATGGGATCGCTA-1,0.054662,0.051471,0.006102,0.111301,0.006367,0.770097
AACCCAGAGACGGAGA-1,0.016388,0.010677,0.317717,0.464617,0.124732,0.065869
AACCCATCCCATGATC-1,0.000014,0.07607,0.072981,0.292107,0.073941,0.484887
AACCCGACAACCCGTG-1,0.017903,0.04229,0.195139,0.352736,0.229671,0.162262
AACCCGAGCAGAATCG-1,0.185021,0.518808,0.080345,0.080488,0.133406,0.001932
AACCCGATAGGGCTTC-1,0.527288,0.276562,0.194736,0.000565,0.000283,0.000565
AACCCGCTGTATTCCA-1,0.05497,0.049143,0.464432,0.236909,0.023467,0.171079
AACCCTACTGTCAATA-1,0.157958,0.046123,0.262838,0.362687,0.038424,0.131971
AACCCTGGTGGAACCA-1,0.201422,0.009275,0.184211,0.261825,0.053522,0.289745
AACCGAGCTTGGTCAT-1,0.09801,0.027057,0.169233,0.185083,0.270102,0.250514
AACCGCTAAGGGATGC-1,0.018744,0.050325,0.132678,0.477993,0.013461,0.306799
AACCGTTGTGTTTGCT-1,0.106181,0.002753,0.370037,0.299,0.182006,0.040023
AACCTAAAGCCGTCCG-1,0.541776,0.366501,0.021533,0.04648,0.000055,0.023655
AACCTCGCTTTAGCCC-1,0.08113,0.000034,0.368896,0.314009,0.168906,0.067025
AACCTGTCACGGAATT-1,0.744911,0.120101,0.000038,0.000447,0.134426,0.000076
AACCTTTAAATACGGT-1,0.000027,0.01645,0.08338,0.382496,0.005235,0.512412
AACCTTTACGACGTCT-1,0.914045,0.000288,0.084228,0.000576,0.000288,0.000576
AACGAAAGTCGTCCCA-1,0.000649,0.03574,0.160949,0.341637,0.131061,0.329964
AACGACCTCCTAGCCG-1,0.263285,0.002338,0.674813,0.000073,0.059419,0.000073
AACGATAATGCCGTAG-1,0.002856,0.050916,0.114559,0.380502,0.066277,0.38489
AACGATAGAAGGGCCG-1,0.158359,0.003907,0.161266,0.255519,0.171687,0.249262
AACGATATGTCAACTG-1,0.035375,0.846825,0.00001,0.00002,0.003782,0.113987
AACGCATGATCTGGGT-1,0.699973,0.000485,0.297115,0.000971,0.000485,0.000971
AACGCGAACGGCAACA-1,0.012154,0.001436,0.427675,0.450323,0.032507,0.075906
AACGCGACCTTGGGCG-1,0.000011,0.125076,0.001197,0.082938,0.000126,0.790653
AACGCGGTCTCCAGCC-1,0.10139,0.000056,0.149259,0.37753,0.148357,0.223407
AACGCTGTTGCTGAAA-1,0.120566,0.001782,0.38742,0.282932,0.127039,0.08026
AACGGACGTACGTATA-1,0.023674,0.057815,0.327137,0.393401,0.025439,0.172534
AACGGCCATCTCCGGT-1,0.000017,0.071708,0.107585,0.237415,0.102789,0.480486
AACGTACTGTGGGTAC-1,0.007876,0.068929,0.121982,0.224677,0.238745,0.337791
AACGTAGTCTACCCAT-1,0.033555,0.012455,0.454506,0.313706,0.058484,0.127294
AACGTCAGACTAGTGG-1,0.121466,0.047939,0.004926,0.135775,0.009961,0.679932
AACGTCATCCGGCTTG-1,0.006669,0.003656,0.703458,0.164162,0.008443,0.113612
AACGTCGCTGCACTTC-1,0.019519,0.328594,0.288964,0.150833,0.000662,0.211427
AACGTGATGAAGGACA-1,0.997699,0.000329,0.000329,0.000657,0.000329,0.000657
AACGTGCGAAAGTCTC-1,0.169077,0.000204,0.176364,0.310288,0.023541,0.320526
AACGTTATCAGCACCT-1,0.155613,0.007165,0.136251,0.269139,0.220012,0.21182
AACGTTCTACCATTGT-1,0.497839,0.22982,0.199596,0.02182,0.040533,0.010391
AACTACCCGTTTGTCA-1,0.246213,0.261433,0.478974,0.000184,0.000092,0.013104
AACTAGCGTATCGCAC-1,0.070773,0.381876,0.035863,0.144056,0.172939,0.194494
AACTAGGCTTGGGTGT-1,0.004368,0.106879,0.008879,0.066377,0.004773,0.808722
AACTCAAGTTAATTGC-1,0.004561,0.053164,0.024457,0.088662,0.586189,0.242968
AACTCCAGAGCGTGTT-1,0.000036,0.029404,0.216306,0.42358,0.003637,0.327036
AACTCCTAATCCCATG-1,0.892799,0.000283,0.105501,0.000567,0.000283,0.000567
AACTCGATAAACACGT-1,0.022199,0.000032,0.309979,0.543865,0.012066,0.111859
AACTCGATGGCGCAGT-1,0.012553,0.00749,0.197749,0.383266,0.316194,0.082748
AACTCTCAATAGAGCG-1,0.132763,0.017086,0.294119,0.243598,0.29755,0.014885
AACTCTCAGTGTGCTC-1,0.08355,0.145856,0.032091,0.103059,0.306747,0.328697
AACTGAGGTCAGCGTC-1,0.986643,0.000135,0.012545,0.000271,0.000135,0.000271
AACTGAGTTATACTGA-1,0.072161,0.811974,0.002226,0.004441,0.078545,0.030653
AACTGATATTAGGCCT-1,0.109471,0.007632,0.049913,0.373722,0.149893,0.309369
AACTGGGTCCCGACGT-1,0.148043,0.011207,0.000579,0.036345,0.000705,0.803121
AACTGGGTTCGAGCCG-1,0.84813,0.000196,0.140319,0.010766,0.000196,0.000393
AACTGGTGTGGGCCTT-1,0.020071,0.011044,0.239749,0.238775,0.145087,0.345274
AACTTCTGCGTCTATC-1,0.051704,0.074823,0.079683,0.296074,0.168519,0.329196
AACTTGCCCGTATGCA-1,0.029751,0.030424,0.104439,0.306033,0.276218,0.253136
AACTTGCGTTCTCGCG-1,0.001039,0.004234,0.121344,0.547174,0.088352,0.237857
AACTTTACGGGAGCTT-1,0.052107,0.000682,0.120444,0.552719,0.181329,0.092719
AACTTTAGCTGCTGAG-1,0.029269,0.011707,0.219199,0.34768,0.010522,0.381622
AACTTTCTCGATCATG-1,0.772644,0.000094,0.223555,0.003438,0.00009,0.000179
AAGAAAGTTTGATGGG-1,0.005033,0.088903,0.032162,0.289976,0.071809,0.512116
AAGAAATCACCAGATT-1,0.929677,0.068393,0.000042,0.000083,0.000042,0.001764
AAGAAGGATCAGTTAG-1,0.051465,0.012158,0.096744,0.255134,0.230489,0.354009
AAGACATACGTGGTTT-1,0.064435,0.284174,0.647053,0.004164,0.000058,0.000116
AAGACCAAATAACTCA-1,0.000012,0.027055,0.123593,0.286202,0.199134,0.364005
AAGACCCAACTGAACA-1,0.000421,0.059343,0.276048,0.286151,0.024325,0.353712
AAGACTAACCCGTTGT-1,0.039363,0.002997,0.292008,0.333272,0.267305,0.065056
AAGACTCACGCCCACT-1,0.997384,0.000374,0.000374,0.000748,0.000374,0.000748
AAGACTGCAAGCTACT-1,0.159813,0.015225,0.227519,0.212357,0.112372,0.272715
AAGAGATGAATCGGTA-1,0.076858,0.197796,0.064181,0.199282,0.062296,0.399586
AAGAGCTCTTTATCGG-1,0.015972,0.107258,0.001042,0.074767,0.004012,0.796948
AAGAGGATGTACGCGA-1,0.047067,0.054162,0.085187,0.280465,0.144505,0.388616
AAGAGGCATGGATCGC-1,0.056412,0.170956,0.214755,0.276895,0.015817,0.265165
AAGAGGCCCTTTGGAA-1,0.000029,0.170135,0.700927,0.115235,0.000029,0.013645
AAGATGGCACCGGACC-1,0.294217,0.034983,0.279915,0.255407,0.046695,0.088783
AAGATTGGCGGAACGT-1,0.093064,0.183168,0.025858,0.148059,0.033374,0.516478
AAGCACCCTGCGTATC-1,0.061314,0.025647,0.187118,0.394618,0.255104,0.0762
AAGCATACTCTCCTGA-1,0.001127,0.007987,0.358054,0.384016,0.117378,0.131438
AAGCCACTTGCAGGTA-1,0.007454,0.052006,0.308211,0.221349,0.2989,0.11208
AAGCCGAAGCGGTTTA-1,0.320827,0.000355,0.677045,0.000709,0.000355,0.000709
AAGCCGCCGTGAAATC-1,0.054581,0.058223,0.347901,0.308308,0.091622,0.139366
AAGCCGCTTTACCTTG-1,0.82427,0.068801,0.073746,0.000239,0.00012,0.032825
AAGCCGGAGAGCAGGA-1,0.001728,0.924792,0.006751,0.0067,0.053645,0.006385
AAGCGCAGGGCTTTGA-1,0.002291,0.46906,0.165231,0.13577,0.181414,0.046234
AAGCGGAGTGCGCGCA-1,0.798846,0.14147,0.058154,0.000612,0.000306,0.000612
AAGCGGCGTCATGGGT-1,0.774233,0.00011,0.154029,0.067602,0.00011,0.003918
AAGCGTCCCTCATCGA-1,0.036123,0.167942,0.019915,0.140129,0.23649,0.399402
AAGCTAGATCGAGTAA-1,0.001853,0.00858,0.340507,0.414085,0.139079,0.095896
AAGCTATGGATTGACC-1,0.016653,0.061602,0.02001,0.409942,0.31886,0.172933
AAGCTCGTGCCAAGTC-1,0.084821,0.030472,0.013085,0.067914,0.074752,0.728955
AAGCTCTTTCATGGTG-1,0.000046,0.014186,0.318617,0.417339,0.069751,0.18006
AAGGAGAACTTATAAG-1,0.109336,0.00003,0.482775,0.285521,0.049523,0.072815
AAGGAGCGGTTGGTGC-1,0.056664,0.202175,0.116021,0.37066,0.041389,0.213091
AAGGATCGATCGCTTG-1,0.479383,0.226908,0.274224,0.01511,0.000047,0.004328
AAGGATGAGGGACCTC-1,0.169948,0.018988,0.325025,0.329703,0.087656,0.06868
AAGGCAGGCTGTCTCC-1,0.538364,0.24918,0.207441,0.004808,0.000069,0.000138
AAGGCGCGTAAAGCTT-1,0.109414,0.064523,0.094708,0.310749,0.065509,0.355097
AAGGCTGTGCTCATCG-1,0.001732,0.08127,0.000023,0.018777,0.009151,0.889048
AAGGGAACGACTGGCT-1,0.00371,0.040984,0.358109,0.347978,0.102318,0.146901
AAGGGACAGATTCTGT-1,0.257495,0.002323,0.203389,0.245735,0.003869,0.28719
AAGGGACTATGCATTC-1,0.019099,0.05504,0.19757,0.422189,0.122673,0.18343
AAGGGTTAGCCATGCG-1,0.366098,0.005899,0.395705,0.000088,0.232122,0.000088
AAGGGTTTGATTTCAG-1,0.005603,0.052748,0.12919,0.299891,0.400021,0.112547
AAGGTATCCTAATATA-1,0.089142,0.00004,0.281811,0.455552,0.007613,0.165841
AAGGTGATAAACCAGC-1,0.012066,0.05088,0.038271,0.198774,0.005647,0.694361
AAGTAAGCTTCCAAAC-1,0.043675,0.063025,0.503429,0.251222,0.024433,0.114217
AAGTAGAAGACCGGGT-1,0.145564,0.137756,0.014899,0.065336,0.057181,0.579265
AAGTAGTGACGCGAGG-1,0.062652,0.003458,0.124671,0.194507,0.404656,0.210056
AAGTCAATTGTCGTCA-1,0.615975,0.058506,0.20619,0.095923,0.002045,0.021361
AAGTCTAGTAGCTGCC-1,0.949826,0.049725,0.000075,0.00015,0.000075,0.00015
AAGTCTTCTGTGGCCT-1,0.048591,0.068704,0.075067,0.365966,0.078841,0.362831
AAGTGACGACCGAATT-1,0.038802,0.362781,0.025392,0.108852,0.13159,0.332585
AAGTGAGTCGGGTTTA-1,0.040807,0.012184,0.428035,0.170207,0.303057,0.045709
AAGTGCAAAGGTAGAC-1,0.000015,0.034618,0.007748,0.152264,0.041471,0.763883
AAGTGCCTTGACTGTA-1,0.68905,0.115494,0.063806,0.057719,0.001083,0.072848
AAGTGCGTTAGAATCT-1,0.000023,0.018409,0.188223,0.478949,0.15451,0.159887
AAGTGCTTCTCTATTG-1,0.035368,0.015398,0.244397,0.40705,0.063714,0.234073
AAGTGTTTGGAGACGG-1,0.007838,0.063605,0.168516,0.168687,0.389382,0.201972
AAGTTCACTCCAAGCT-1,0.073386,0.004284,0.032358,0.239306,0.003025,0.64764
AAGTTCAGTCTGCGTA-1,0.684116,0.000549,0.31259,0.001098,0.000549,0.001098
AAGTTCGGCCAACAGG-1,0.000012,0.177126,0.002146,0.045927,0.007959,0.76683
AAGTTGTGATGTTATA-1,0.000035,0.065324,0.517756,0.247136,0.000805,0.168944
AAGTTTACTAATGGCA-1,0.08592,0.000087,0.839262,0.074469,0.000087,0.000175
AAGTTTATGGGCCCAA-1,0.000013,0.183979,0.04142,0.146053,0.002897,0.625639
AATAACAACGCTCGGC-1,0.131971,0.040277,0.037353,0.187082,0.175709,0.427607
AATAACACTAGAACAA-1,0.002168,0.051488,0.025489,0.122562,0.221329,0.576963
AATAACGTCGCGCCCA-1,0.501145,0.000034,0.487775,0.000067,0.010911,0.000067
AATAAGTCCTCGAGAC-1,0.362604,0.214822,0.365611,0.055947,0.000338,0.000677
AATAATCTTCGTATCG-1,0.082941,0.708007,0.179839,0.007133,0.002029,0.02005
AATACAATGTTTCAGG-1,0.000016,0.532241,0.00139,0.067561,0.147457,0.251335
AATACCGGAGGGCTGT-1,0.010049,0.074227,0.058269,0.168922,0.093715,0.594817
AATACCTGATGTGAAC-1,0.033233,0.121525,0.498225,0.250821,0.015683,0.080513
AATAGAACAGAGTGGC-1,0.093878,0.141382,0.025658,0.065758,0.378489,0.294834
AATAGAATCTGTTTCA-1,0.148966,0.000042,0.348608,0.204774,0.257262,0.040348
AATAGCAAGCCTCCTG-1,0.586627,0.412826,0.000091,0.000183,0.000091,0.000183
AATAGCTACCGCGTGC-1,0.89667,0.021227,0.000613,0.031329,0.050056,0.000106
AATAGGCACGACCCTT-1,0.01886,0.079738,0.261869,0.192119,0.270809,0.176605
AATAGTCCGTCCCGAC-1,0.00015,0.01589,0.416567,0.348241,0.013988,0.205164
AATAGTCGCGAGTCGG-1,0.034681,0.023641,0.010649,0.123387,0.355189,0.452454
AATATCAAGGTCGGAT-1,0.043854,0.023452,0.375105,0.402373,0.081615,0.073601
AATATCCTAGCAAACT-1,0.019308,0.019841,0.190262,0.456772,0.151214,0.162604
AATATCGAATCAATGC-1,0.311586,0.270363,0.196803,0.060019,0.000074,0.161155
AATATCGAGGGTTCTC-1,0.89931,0.000069,0.057304,0.021998,0.021183,0.000137
AATATTGGAGTATTGA-1,0.035569,0.000079,0.351886,0.460391,0.069438,0.082638
AATCAGACTGCAGGAC-1,0.241442,0.003091,0.108805,0.378937,0.040569,0.227155
AATCAGGTTTCATTTA-1,0.000249,0.028963,0.09574,0.34939,0.095859,0.429799
AATCATGTAAAGACTC-1,0.219714,0.041268,0.299157,0.37164,0.012936,0.055285
AATCCAAGGGCCTGAG-1,0.168972,0.012806,0.380048,0.147678,0.100705,0.189792
AATCCATGCAAGGGTG-1,0.030773,0.014507,0.218665,0.605127,0.017608,0.11332
AATCCCGCTCAGAGCC-1,0.000026,0.04597,0.544043,0.311751,0.000177,0.098034
AATCGAGGTCTCAAGG-1,0.097352,0.050111,0.279804,0.25683,0.01976,0.296143
AATCGCCTCAGCGCCA-1,0.026649,0.000033,0.159228,0.060202,0.732845,0.021043
AATCGCGCAGAGGACT-1,0.206214,0.765531,0.023952,0.003398,0.000046,0.000858
AATCGGGACACTACGA-1,0.06305,0.033949,0.043059,0.279326,0.096757,0.483859
AATCGGTATAGCCCTC-1,0.002804,0.290705,0.332027,0.108945,0.017102,0.248417
AATCGTGAGCCGAGCA-1,0.106457,0.017405,0.00739,0.000033,0.009265,0.859451
AATCTAGGTTTACTTG-1,0.099425,0.055141,0.05616,0.324621,0.072552,0.392101
AATCTATGCCGGAGCC-1,0.836206,0.013198,0.039839,0.110374,0.000127,0.000255
AATCTCTACTGTGGTT-1,0.00778,0.325187,0.047043,0.181281,0.178737,0.259973
AATCTGCGTTGGGACG-1,0.181647,0.009036,0.182635,0.300613,0.021194,0.304876
AATCTGGCTTTCTAGT-1,0.001781,0.04688,0.016881,0.181269,0.093757,0.659431
AATCTGGGTAGACCCT-1,0.953639,0.000067,0.030571,0.0121,0.003489,0.000134
AATGACAGCAATGTCT-1,0.00003,0.02946,0.0518,0.364402,0.303138,0.25117
AATGACGTAGGATGTC-1,0.012827,0.060932,0.012978,0.101014,0.028499,0.78375
AATGACTGTCAGCCGG-1,0.043434,0.071887,0.108719,0.2592,0.0261,0.490661
AATGAGTTCGCATATG-1,0.031089,0.001292,0.12844,0.7516,0.039006,0.048572
AATGATGATACGCTAT-1,0.783285,0.000266,0.215117,0.000533,0.000266,0.000533
AATGATGCGACTCCTG-1,0.833527,0.000086,0.015102,0.03302,0.118094,0.000172
AATGCAACCGGGTACC-1,0.058032,0.020026,0.107017,0.159082,0.283034,0.372809
AATGCACCAAGCAATG-1,0.850714,0.000125,0.06068,0.000249,0.087982,0.000249
AATGGCCGCCAATGCG-1,0.599632,0.224476,0.174629,0.000505,0.000252,0.000505
AATGGTCCACCGTTCA-1,0.050969,0.020175,0.203028,0.508953,0.100448,0.116427
AATGGTTCTCACAAGC-1,0.070239,0.023949,0.006241,0.141784,0.096892,0.660894
AATGTATGGCACTGTA-1,0.017068,0.005728,0.371101,0.367232,0.184833,0.054038
AATGTGCCCGAGGTGT-1,0.000105,0.076098,0.101434,0.290919,0.230394,0.30105
AATGTGCTAATCTGAG-1,0.000009,0.211558,0.000009,0.002873,0.19489,0.590661
AATGTTAAGACCCTGA-1,0.297116,0.124356,0.207356,0.179484,0.011512,0.180175
AATGTTGTCGTGAGAC-1,0.000017,0.175292,0.263435,0.365477,0.001023,0.194755
AATTAAAGGTCGGCGT-1,0.057015,0.035044,0.196076,0.266677,0.116252,0.328936
AATTAACGGATTTCCA-1,0.055135,0.159446,0.091373,0.224596,0.015518,0.453932
AATTACGAGACCCATC-1,0.001796,0.026031,0.138289,0.557561,0.066545,0.209778
AATTACTCGTACGCTC-1,0.014651,0.008492,0.165195,0.544314,0.139936,0.127413
AATTAGCGCTGCAGCG-1,0.02424,0.00004,0.430408,0.366395,0.033959,0.144959
AATTATACCCAGCAAG-1,0.001822,0.092023,0.439795,0.246052,0.090455,0.129854
AATTCATAAGGGATCT-1,0.17589,0.016861,0.171061,0.286104,0.015021,0.335062
AATTCATTGTCATGCA-1,0.00002,0.011601,0.186639,0.045344,0.628459,0.127936
AATTCCAACTTGGTGA-1,0.000564,0.016904,0.0991,0.315419,0.01717,0.550843
AATTCCAAGCATGTAC-1,0.000021,0.058118,0.295279,0.340299,0.004239,0.302044
AATTCGATTCGAGGAT-1,0.000037,0.001251,0.681996,0.278791,0.001555,0.036369
AATTCTAGAGTTAGGC-1,0.04725,0.005849,0.367573,0.168185,0.352527,0.058616
AATTGAACGCTCTGGT-1,0.021044,0.000042,0.401838,0.364421,0.081703,0.130952
AATTGCAGCAATCGAC-1,0.000576,0.036804,0.202394,0.456922,0.01409,0.289213
AATTGCGTGGATTACA-1,0.061185,0.046803,0.000012,0.001499,0.004601,0.885901
AATTGTGGTTGCCAAA-1,0.001044,0.671983,0.303559,0.018955,0.002839,0.00162
AATTTGGGACATAGTA-1,0.837159,0.000591,0.159297,0.001181,0.000591,0.001181
AATTTGGTTCCAAAGA-1,0.088177,0.00004,0.45962,0.395358,0.011076,0.045729
ACAAACCATGCGTCCT-1,0.14563,0.076622,0.198118,0.144091,0.357165,0.078374
ACAAACCGACAAGGCG-1,0.914849,0.00005,0.084848,0.000101,0.00005,0.000101
ACAAACTCCATCAGAG-1,0.023145,0.094828,0.294434,0.254394,0.103601,0.229598
ACAAAGAAGGTAGGCC-1,0.008007,0.022241,0.105072,0.395386,0.066506,0.402788
ACAAAGCATGACCTAG-1,0.001744,0.207434,0.22136,0.276929,0.099788,0.192745
ACAAATCGCACCGAAT-1,0.009956,0.003386,0.430383,0.373112,0.022859,0.160303
ACAAATGGTAGTGTTT-1,0.02051,0.02931,0.08112,0.430753,0.003705,0.434602
ACAAATTCAGATCTGA-1,0.999129,0.000124,0.000124,0.000249,0.000124,0.000249
ACAACAGCATGAGCTA-1,0.071456,0.048351,0.100377,0.407118,0.088147,0.284551
ACAACGGTCCCTGCGA-1,0.03127,0.056348,0.103868,0.19093,0.321712,0.295872
ACAAGCAGTGCCTAGC-1,0.026843,0.019447,0.10057,0.216308,0.19896,0.437872
ACAAGCTATATGGAAG-1,0.404609,0.009254,0.117393,0.366286,0.027693,0.074765
ACAAGGAAATCCGCCC-1,0.000016,0.061571,0.008202,0.104704,0.03471,0.790797
ACAAGGACAAGAGGTT-1,0.023435,0.042632,0.000016,0.025511,0.216314,0.692092
ACAAGGATGCTTTAGG-1,0.008134,0.00004,0.472853,0.354475,0.045937,0.118561
ACAAGGCCTACCAGCC-1,0.737841,0.039757,0.220801,0.000641,0.00032,0.000641
ACAAGGGCAGGCTCTG-1,0.000015,0.07853,0.000015,0.002372,0.441423,0.477645
ACAAGTAATTGTAAGG-1,0.001773,0.103519,0.021416,0.177125,0.03137,0.664798
ACAATAGTCGTACGTT-1,0.410759,0.052312,0.031523,0.076342,0.228377,0.200687
ACAATCCATTTAAACC-1,0.126148,0.049272,0.016199,0.201752,0.015007,0.591622
ACAATCGATCTTTATA-1,0.770704,0.000099,0.094609,0.114807,0.000099,0.019682
ACAATGAATACGGAGA-1,0.032739,0.104596,0.045166,0.17736,0.295644,0.344495
ACAATGATTCTTCTAC-1,0.863449,0.134862,0.000214,0.000428,0.000619,0.000428
ACAATTGTGTCTCTTT-1,0.191666,0.093826,0.25875,0.361485,0.008533,0.085739
ACAATTTAGGAGGCTC-1,0.117876,0.021124,0.072914,0.369679,0.277498,0.140909
ACAATTTGAGCAGTGG-1,0.029887,0.329152,0.054404,0.156692,0.094094,0.335772
ACAATTTGGCCATATT-1,0.160753,0.668891,0.099962,0.032726,0.00004,0.037628
ACACAAAGACGGGTGG-1,0.057128,0.011731,0.314148,0.287186,0.192779,0.137027
ACACAAATATTCCTAG-1,0.545708,0.430375,0.02346,0.000183,0.000091,0.000183
ACACACCAGGACCAGT-1,0.015926,0.061315,0.281262,0.361521,0.00242,0.277555
ACACACTTTCTACACG-1,0.048043,0.024346,0.087181,0.163308,0.178761,0.498361
ACACATGATCAAATCT-1,0.001003,0.047278,0.102755,0.371609,0.112314,0.36504
ACACATTGACGCAACA-1,0.000022,0.086411,0.012365,0.105695,0.03169,0.763817
ACACATTTCCGTAGAC-1,0.023057,0.009881,0.190837,0.349169,0.02018,0.406875
ACACCACATAATTAGC-1,0.916894,0.000106,0.049866,0.000213,0.032708,0.000213
ACACCCAGCATGCAGC-1,0.039557,0.047393,0.237715,0.292917,0.050686,0.331732
ACACCCGAGAAATCCG-1,0.042532,0.030412,0.072843,0.432758,0.028068,0.393387
ACACCCGTAAATCTGT-1,0.898972,0.000422,0.000422,0.000843,0.000422,0.09892
ACACCGAGCGCTCTTT-1,0.03302,0.044511,0.05287,0.185528,0.100164,0.583907
ACACCGGTCTGACCGC-1,0.026698,0.279785,0.012826,0.076857,0.227002,0.376832
ACACCTTAAGTAGGGC-1,0.043488,0.036757,0.187452,0.096342,0.365178,0.270784
ACACCTTACTACTTGC-1,0.546045,0.042319,0.404898,0.006183,0.000185,0.000369
ACACGAGACTCCTTCT-1,0.182377,0.000047,0.264352,0.2288,0.231039,0.093385
ACACGGCACTATGCAT-1,0.998902,0.000157,0.000157,0.000314,0.000157,0.000314
ACACGGGAACTTAGGG-1,0.055887,0.077036,0.389169,0.099678,0.241129,0.137101
ACACGTAGGCCACAAG-1,0.034572,0.418191,0.480261,0.062029,0.000038,0.00491
ACACTCCAATGTCACT-1,0.01844,0.003386,0.224351,0.512774,0.164558,0.07649
ACACTGATCAAGGTGT-1,0.166382,0.137282,0.121663,0.086792,0.33695,0.150931
ACACTGGGACAGTCGT-1,0.026888,0.62826,0.336314,0.008417,0.00004,0.00008
ACAGAACTGAGAACAA-1,0.152302,0.040988,0.124244,0.18031,0.129373,0.372783
ACAGATTAGGTTAGTG-1,0.107165,0.000055,0.361398,0.396662,0.071948,0.062772
ACAGCATAGAGCCAGT-1,0.080966,0.538665,0.014788,0.05584,0.091025,0.218717
ACAGCGACATTCTCAT-1,0.00969,0.003381,0.494552,0.366292,0.019015,0.107069
ACAGCGCACCCGCAGC-1,0.894499,0.000184,0.063749,0.038192,0.003009,0.000367
ACAGGAGGCGCAGCCG-1,0.065875,0.059272,0.215344,0.305918,0.05433,0.299261
ACAGGCACGGATCCTT-1,0.001705,0.080091,0.087245,0.337663,0.147163,0.346133
ACAGGCTTGCCCGACT-1,0.021341,0.023889,0.292162,0.294577,0.051604,0.316427
ACAGGTGGAGGTGAGG-1,0.001993,0.065223,0.00999,0.060623,0.253614,0.608557
ACAGGTGTGTTGTTGC-1,0.02528,0.093158,0.000016,0.036931,0.093342,0.751274
ACAGTAATACAACTTG-1,0.02648,0.002253,0.250338,0.253265,0.435382,0.032282
ACAGTATACCGTGGGA-1,0.884981,0.026541,0.000046,0.000092,0.08654,0.0018
ACAGTGCAGCGCATTT-1,0.448886,0.518956,0.029914,0.000898,0.000449,0.000898
ACATAAGTCGTGGTGA-1,0.000493,0.037123,0.148895,0.428402,0.116113,0.268974
ACATAATAAGGCGGTG-1,0.218911,0.115344,0.002489,0.051931,0.002029,0.609295
ACATACAATCAAGCGG-1,0.002467,0.026229,0.468455,0.311936,0.013749,0.177164
ACATCAGCTGGGACGC-1,0.042239,0.003263,0.179219,0.258943,0.264701,0.251635
ACATCCCGGCCATACG-1,0.163896,0.045467,0.304389,0.247082,0.162933,0.076233
ACATCCTGGTAACTGT-1,0.516193,0.281894,0.146007,0.055512,0.000087,0.000307
ACATCGATCGTTTACC-1,0.080936,0.006277,0.318328,0.15429,0.000055,0.440113
ACATCGCAATATTCGG-1,0.001974,0.030149,0.250306,0.367883,0.284014,0.065674
ACATCGGTCAGCCGCG-1,0.000021,0.035293,0.030724,0.328545,0.022367,0.58305
ACATCGTATGCAATGG-1,0.010869,0.025947,0.183077,0.218132,0.039962,0.522014
ACATCGTTAACCTAGT-1,0.269677,0.00008,0.388507,0.327516,0.00008,0.01414
ACATCTCAACGCGTAA-1,0.684422,0.000222,0.314248,0.000443,0.000222,0.000443
ACATGCTTACGGCAGC-1,0.037776,0.045337,0.059304,0.208101,0.140783,0.508699
ACATGGCGCCAAAGTA-1,0.849191,0.000073,0.142368,0.008148,0.000073,0.000146
ACATGGCTCAATTTAG-1,0.055108,0.01817,0.043226,0.404053,0.015911,0.463534
ACATTAGTTTATATCC-1,0.046341,0.037196,0.020813,0.134094,0.186074,0.575482
ACATTCGCGCGGAATA-1,0.008458,0.057706,0.024415,0.177578,0.074852,0.656992
ACATTTGAAACCTAAC-1,0.023829,0.005183,0.436074,0.0165,0.518365,0.000049
ACCAAACACCCAGCGA-1,0.916753,0.000036,0.000036,0.000071,0.083033,0.000071
ACCAAACTAGAAATCC-1,0.70988,0.000168,0.284124,0.005324,0.000168,0.000336
ACCAACACCACACACT-1,0.846336,0.025962,0.02624,0.023694,0.077682,0.000087
ACCAACCGCACTCCAC-1,0.004519,0.008484,0.156855,0.423471,0.00648,0.400191
ACCAACGCTTATTTAT-1,0.136413,0.088086,0.064284,0.089348,0.534627,0.087242
ACCAAGAACGCGTGTC-1,0.055017,0.096048,0.144768,0.195756,0.01376,0.494651
ACCAAGTCATCGGCAG-1,0.00003,0.073748,0.770183,0.09979,0.00206,0.054189
ACCAATATGCAAGTTA-1,0.014528,0.024585,0.128648,0.23496,0.079819,0.51746
ACCACAACTCAGAACA-1,0.845655,0.000098,0.063913,0.054367,0.000098,0.035868
ACCACAAGTTTCTATC-1,0.141164,0.008361,0.211483,0.25043,0.008434,0.380129
ACCACACGGTTGATGG-1,0.180472,0.011564,0.5578,0.159458,0.060827,0.02988
ACCACCAATGTAACAA-1,0.346004,0.000379,0.65172,0.000759,0.000379,0.000759
ACCACCCTCTCTTCTA-1,0.79845,0.110258,0.000036,0.000073,0.040017,0.051167
ACCACGTGCAGCTATA-1,0.025582,0.013018,0.397608,0.154964,0.318567,0.090261
ACCACTGTTCAAGAAG-1,0.005543,0.036075,0.408269,0.396676,0.065287,0.088151
ACCAGACCATAACAAC-1,0.044338,0.126098,0.020452,0.163267,0.069753,0.576093
ACCAGCCCGGTCTTTG-1,0.873711,0.000436,0.123671,0.000873,0.000436,0.000873
ACCAGGAGTGTGATCT-1,0.103452,0.027871,0.258208,0.310628,0.054495,0.245345
ACCAGTGCCCGGTCAA-1,0.998781,0.000069,0.000069,0.000139,0.000803,0.000139
ACCAGTGCGGGAGACG-1,0.019467,0.050514,0.151906,0.285804,0.101395,0.390914
ACCATATCCGCAATAA-1,0.110503,0.020957,0.01015,0.151152,0.025813,0.681426
ACCATCCGCCAACTAG-1,0.026258,0.010834,0.135356,0.31381,0.389194,0.124549
ACCATCGTATATGGTA-1,0.000048,0.003798,0.082806,0.421161,0.118354,0.373833
ACCATTAAGGGTGTCA-1,0.000046,0.000046,0.239263,0.259464,0.497257,0.003923
ACCCAACGCCCGTGGC-1,0.05577,0.009177,0.05347,0.199664,0.013654,0.668265
ACCCACCTACATGCTC-1,0.027857,0.031068,0.005259,0.215755,0.36773,0.352331
ACCCATCTTGAGGGTA-1,0.031755,0.019731,0.069381,0.331227,0.388263,0.159643
ACCCATTTGTCCCTCT-1,0.000688,0.055211,0.312475,0.373813,0.039837,0.217976
ACCCGAGCGAAATTAC-1,0.016118,0.084447,0.219597,0.294135,0.089681,0.296022
ACCCGATTGGTTCCGA-1,0.007595,0.024307,0.10104,0.151022,0.493819,0.222218
ACCCGGAAACTCCCAG-1,0.038638,0.049712,0.291446,0.375313,0.135685,0.109205
ACCCGGAGCACCACAA-1,0.000006,0.977539,0.000006,0.000884,0.000036,0.021528
ACCCGGATGACGCATC-1,0.455223,0.021569,0.195225,0.133155,0.101456,0.093372
ACCCGGTTACACTTCC-1,0.000023,0.049974,0.000023,0.038147,0.004028,0.907806
ACCCGTAGCAGAGAAT-1,0.000454,0.062788,0.103032,0.37733,0.312895,0.143502
ACCCGTAGTCTAGTTG-1,0.166129,0.156034,0.391788,0.000808,0.285176,0.000065
ACCCGTGTCATCAGTA-1,0.261915,0.000614,0.249474,0.232906,0.145554,0.109538
ACCCTATAGGACTGAG-1,0.094568,0.067763,0.078159,0.228485,0.032521,0.498504
ACCCTATGCCATATCG-1,0.004451,0.116802,0.200087,0.294357,0.306143,0.07816
ACCCTCCCGTCAGGGC-1,0.054594,0.005004,0.580266,0.079921,0.262261,0.017953
ACCCTCCCTTGCTATT-1,0.027341,0.00453,0.092814,0.326222,0.338306,0.210788
ACCCTGGTAACGCCCT-1,0.987544,0.000033,0.000033,0.000066,0.012258,0.000066
ACCCTTCATCTGCGAA-1,0.146523,0.000605,0.122179,0.235191,0.377567,0.117934
ACCCTTGCCTGGGTCG-1,0.786253,0.002136,0.210688,0.000369,0.000185,0.000369
ACCCTTTAGTTCTCCA-1,0.97941,0.000067,0.020188,0.000134,0.000067,0.000134
ACCGAAAGGGCCCTGC-1,0.043312,0.009691,0.411257,0.255936,0.008508,0.271296
ACCGAAGAGTCTGGTT-1,0.00983,0.035625,0.016156,0.155812,0.080542,0.702035
ACCGACACATCTCCCA-1,0.032116,0.082534,0.35164,0.123745,0.283353,0.126612
ACCGACTGAGTCCCAC-1,0.158361,0.020228,0.115576,0.27143,0.108691,0.325713
ACCGAGTCTCCTTATT-1,0.03238,0.008128,0.381157,0.100399,0.344583,0.133353
ACCGATAGGCATAACC-1,0.000008,0.975773,0.000008,0.000423,0.000551,0.023238
ACCGATATTTAATCAT-1,0.010627,0.73764,0.179786,0.045972,0.01163,0.014344
ACCGATGGTAGCATCG-1,0.114002,0.032709,0.200737,0.416632,0.076646,0.159274
ACCGCAATAACTGCCT-1,0.000862,0.022027,0.060827,0.171942,0.006773,0.73757
ACCGCGGTGGAAGTCG-1,0.510692,0.137097,0.351122,0.000436,0.000218,0.000436
ACCGCTAGTCATTGGT-1,0.010667,0.066525,0.004145,0.049372,0.549805,0.319486
ACCGGGCCTTTGTTGA-1,0.064633,0.024504,0.493231,0.316006,0.024676,0.07695
ACCGGTCAGGTACACC-1,0.000019,0.022024,0.080647,0.455704,0.009591,0.432014
ACCGGTCTGAGTACGG-1,0.998658,0.000192,0.000192,0.000383,0.000192,0.000383
ACCGTCCACTGGGCCC-1,0.000015,0.037213,0.118557,0.466933,0.047342,0.32994
ACCGTGACCACGTGGG-1,0.007904,0.051922,0.031013,0.186183,0.090015,0.632963
ACCGTTCCCGCTCTGA-1,0.796947,0.000138,0.176971,0.025531,0.000138,0.000276
ACCTAAGTACCTTTCA-1,0.006989,0.040211,0.109277,0.34096,0.181389,0.321174
ACCTAATCGACTTCCT-1,0.083351,0.062327,0.000019,0.000038,0.000019,0.854246
ACCTACAGTATGTGGT-1,0.374516,0.00084,0.620443,0.001681,0.00084,0.00168
ACCTACTATAAATCTA-1,0.000017,0.050425,0.122744,0.347796,0.006072,0.472946
ACCTCAGCGAGGCGCA-1,0.016034,0.106854,0.094721,0.201633,0.031921,0.548837
ACCTCCGCCCTCGCTG-1,0.167387,0.270226,0.390007,0.061558,0.000091,0.110732
ACCTCCGTTATTCACC-1,0.942205,0.003797,0.000044,0.000089,0.053776,0.000089
ACCTCGAACTTATGCT-1,0.018434,0.105517,0.067695,0.159965,0.249143,0.399245
ACCTGCGTGTCATGTT-1,0.027599,0.080172,0.270562,0.370037,0.154095,0.097535
ACCTTTCCTTTAGAAG-1,0.981078,0.000137,0.000137,0.000273,0.000137,0.018238
ACGAAATGGGCGGCAC-1,0.202851,0.030633,0.034198,0.236653,0.3228,0.172866
ACGACCCATGAGTTGC-1,0.011746,0.865853,0.055661,0.026085,0.032344,0.00831
ACGACTCTAGGGCCGA-1,0.00268,0.049338,0.366533,0.219926,0.069844,0.291679
ACGACTGGTCATACTC-1,0.076167,0.196227,0.001654,0.013002,0.638881,0.074069
ACGAGAACCCATCACG-1,0.145929,0.025224,0.281457,0.223599,0.129226,0.194565
ACGAGATATTTGCTTA-1,0.981537,0.000278,0.000278,0.000557,0.016793,0.000557
ACGAGGATACCACTCT-1,0.049495,0.239998,0.032665,0.20913,0.054551,0.414161
ACGAGGTTTACAACGT-1,0.001551,0.008921,0.179922,0.239852,0.431941,0.137814
ACGAGTACGGATGCCC-1,0.985281,0.000046,0.000046,0.000091,0.014445,0.000091
ACGAGTCGCCGGCGTT-1,0.027467,0.020697,0.154238,0.290014,0.030422,0.477162
ACGATACATAGAACTA-1,0.04947,0.002413,0.240535,0.496108,0.030531,0.180944
ACGATACCTATCCTGA-1,0.061994,0.052949,0.093105,0.116265,0.651757,0.02393
ACGATCATACATAGAG-1,0.075538,0.057329,0.074694,0.480586,0.039955,0.271899
ACGATCATCTTGTAAA-1,0.845248,0.021895,0.128885,0.000169,0.003684,0.00012
ACGATGCATATGTTAT-1,0.084402,0.033365,0.127953,0.257456,0.091515,0.405308
ACGATGGATCCGATGC-1,0.317006,0.000048,0.179807,0.330068,0.001928,0.171143
ACGCAAACTAATAGAT-1,0.056114,0.025257,0.396251,0.261016,0.206015,0.055347
ACGCAATCACTACAGC-1,0.840665,0.016079,0.113738,0.029049,0.000157,0.000313
ACGCATAAATGACATG-1,0.519246,0.479901,0.000142,0.000284,0.000142,0.000284
ACGCATACGTTTACTA-1,0.381352,0.000075,0.565268,0.05308,0.000075,0.00015
ACGCATTCGTGAGTAC-1,0.077077,0.000076,0.564732,0.243956,0.007334,0.106824
ACGCCACTCGAAACAG-1,0.023388,0.137488,0.005991,0.000028,0.000012,0.833093
ACGCCAGATGATTTCT-1,0.067839,0.003712,0.312912,0.399596,0.069764,0.146176
ACGCCAGTGCGTTTGC-1,0.015191,0.045516,0.530308,0.249579,0.016837,0.142569
ACGCCCAGCTGTCGAT-1,0.761303,0.00037,0.236474,0.000741,0.00037,0.000741
ACGCCGCTAGACGACC-1,0.003047,0.048563,0.347623,0.413357,0.030346,0.157063
ACGCCTGACACGCGCT-1,0.100186,0.010444,0.032353,0.169849,0.156279,0.530888
ACGCGAAGTCAGACGA-1,0.049749,0.38018,0.000648,0.015845,0.217935,0.335643
ACGCGCTACACAGGGT-1,0.000018,0.260744,0.008489,0.183669,0.013008,0.534072
ACGCGGGCCAAGGACA-1,0.031834,0.013856,0.195184,0.140922,0.410302,0.207903
ACGCGTTTCTTAAGAG-1,0.007422,0.006138,0.259117,0.293952,0.318378,0.114994
ACGCTACTGAATGGGC-1,0.3176,0.128353,0.550762,0.000109,0.003066,0.000109
ACGCTAGTATCAGTGC-1,0.331019,0.668012,0.000162,0.000323,0.000162,0.000323
ACGCTAGTGATACACT-1,0.898731,0.000047,0.000047,0.000093,0.10099,0.000093
ACGCTGTGAGGCGTAG-1,0.006876,0.010984,0.083185,0.462372,0.062276,0.374308
ACGCTTAGTGTCTCTC-1,0.398992,0.000073,0.547684,0.053033,0.000073,0.000145
ACGGAACACGAGTGCC-1,0.006514,0.065857,0.377818,0.346275,0.007104,0.196433
ACGGAATTTAGCAAAT-1,0.013191,0.035246,0.250464,0.322429,0.064976,0.313694
ACGGACGCAGCGACAA-1,0.000012,0.044512,0.038722,0.296453,0.037586,0.582716
ACGGACTCTCAAAGCG-1,0.002781,0.093055,0.041214,0.198242,0.003989,0.660719
ACGGAGCGCAAATTAC-1,0.688046,0.032566,0.016236,0.049396,0.078461,0.135296
ACGGATGGTGCGGATA-1,0.013328,0.000046,0.310281,0.440523,0.195823,0.039999
ACGGCACTTGCTTGGG-1,0.007203,0.019603,0.21685,0.417979,0.096416,0.241948
ACGGCCAACATGGACT-1,0.045706,0.104592,0.086028,0.180415,0.229925,0.353335
ACGGCGACGATGGGAA-1,0.075574,0.035801,0.158326,0.478092,0.114126,0.13808
ACGGCGGGTTGCCCTG-1,0.066013,0.022948,0.145836,0.557579,0.096538,0.111085
ACGGCTGGATGTAGAA-1,0.000017,0.035936,0.124428,0.486786,0.102936,0.249898
ACGGGAGTGTCGGCCC-1,0.00002,0.049388,0.039577,0.238661,0.082061,0.590293
ACGGGCGTATGCGACA-1,0.996459,0.000048,0.000048,0.000096,0.003254,0.000096
ACGGGTCATGTGACTT-1,0.328829,0.000025,0.000025,0.112663,0.558409,0.000049
ACGGGTTGTGACCTGT-1,0.021427,0.107113,0.012737,0.371849,0.137449,0.349425
ACGGTACAGTTCAATG-1,0.000025,0.123949,0.108241,0.40564,0.114653,0.247491
ACGGTCACCGAGAACA-1,0.000885,0.093004,0.020247,0.202424,0.203266,0.480174
ACGTACAGATTTCTCT-1,0.106789,0.000066,0.381365,0.335218,0.001447,0.175115
ACGTACTTTGGCACGG-1,0.000384,0.024553,0.085521,0.371134,0.131172,0.387235
ACGTAGATTGCTGATG-1,0.083224,0.150942,0.095432,0.416596,0.061526,0.19228
ACGTAGGAGAGTCGCT-1,0.031304,0.025426,0.38488,0.298518,0.005808,0.254064
ACGTATTACTCCGATC-1,0.131749,0.101515,0.284588,0.198752,0.078495,0.2049
ACGTCCTAAACGAGAT-1,0.830216,0.000289,0.075114,0.093516,0.000289,0.000577
ACGTCGGGCAACTCGG-1,0.000234,0.036021,0.079983,0.20917,0.269666,0.404927
ACGTCTCGTTCCGGGA-1,0.087087,0.000034,0.29418,0.253011,0.355792,0.009897
ACGTGACAAAGTAAGT-1,0.025914,0.118117,0.147806,0.273408,0.202605,0.23215
ACGTGCGCCTCGTGCA-1,0.03517,0.000045,0.370227,0.361947,0.09884,0.133771
ACGTGGTCGAATGTGC-1,0.586851,0.00073,0.348654,0.062793,0.000859,0.000112
ACGTTAATGTCGAAGA-1,0.043501,0.023537,0.072159,0.20767,0.033726,0.619408
ACGTTAGATTTGCCCG-1,0.000031,0.012142,0.020256,0.183428,0.045921,0.738222
ACGTTATTGGTCACTC-1,0.039912,0.116214,0.014236,0.287151,0.160908,0.381579
ACGTTCACTATGCCGC-1,0.056963,0.015605,0.213046,0.197197,0.3779,0.139289
ACGTTCCGCGCTCCGT-1,0.072556,0.000036,0.366001,0.177066,0.180297,0.204045
ACGTTCGCAATCAATT-1,0.905741,0.022832,0.000023,0.000046,0.070467,0.00089
ACGTTCGTTCAGGAAA-1,0.000044,0.108845,0.08972,0.205128,0.074377,0.521886
ACGTTCTGTACAAGTC-1,0.036113,0.011353,0.568393,0.320155,0.009431,0.054555
ACGTTGTCGTTGAAAG-1,0.016756,0.072834,0.157274,0.249376,0.254838,0.248921
ACGTTTAGTTGTGATC-1,0.015949,0.023503,0.034106,0.112263,0.397794,0.416385
ACGTTTCGGTGCACTT-1,0.401019,0.074028,0.386738,0.003601,0.134503,0.00011
ACTAAGGACGCACACC-1,0.827797,0.170946,0.000209,0.000419,0.000209,0.000419
ACTAATACGTCAGGCG-1,0.969813,0.000092,0.000092,0.000184,0.029636,0.000184
ACTACAAAGAGAGGTG-1,0.006636,0.070227,0.388537,0.318944,0.05874,0.156917
ACTACATCCCGACAAG-1,0.371885,0.055498,0.06935,0.303175,0.091978,0.108114
ACTACCAGCTCTCTGG-1,0.103595,0.106547,0.017129,0.107769,0.023673,0.641286
ACTACCATCCGAGGGC-1,0.00903,0.016784,0.038886,0.013928,0.9054,0.015972
ACTACGCGTTAGAATT-1,0.007235,0.053958,0.454526,0.368233,0.016203,0.099844
ACTAGTTGCGATCGTC-1,0.535285,0.045797,0.385407,0.033199,0.000104,0.000208
ACTATATGCTGTGTTC-1,0.963611,0.000093,0.031675,0.000186,0.00425,0.000186
ACTATCCAGGGCATGG-1,0.662703,0.137703,0.151782,0.039929,0.000059,0.007824
ACTATCGCCGGCTAAA-1,0.124719,0.006165,0.223008,0.485198,0.084245,0.076665
ACTATCTGCCCGCGTA-1,0.170995,0.649726,0.149855,0.017838,0.001557,0.01003
ACTATGTCCAGCTGCC-1,0.009914,0.077763,0.063152,0.371623,0.009974,0.467574
ACTATTCGTCCGTGGT-1,0.01857,0.000331,0.116021,0.723433,0.000043,0.141601
ACTATTTCCGGGCCCA-1,0.132777,0.017078,0.278156,0.288986,0.163625,0.119378
ACTCAACGAATGTATT-1,0.061743,0.031569,0.140314,0.331773,0.190771,0.243829
ACTCAAGTGCAAGGCT-1,0.007152,0.019263,0.16096,0.343004,0.010003,0.459619
ACTCAATAAAGGCACG-1,0.091806,0.018315,0.281101,0.397506,0.055554,0.155719
ACTCAGACCTGCTTCT-1,0.144561,0.011548,0.338028,0.297785,0.079556,0.128521
ACTCATGGCAGCCTTC-1,0.000016,0.056419,0.024859,0.214686,0.013769,0.690251
