Barcode,Topic 1,Topic 2to6,Topic 7to10
AAACAAGTATCTCCCA-1,0.999191,0.000449,0.000359
AAACACCAATAACTGC-1,0.063992,0.621363,0.314645
AAACAGAGCGACTCCT-1,0.01807,0.358592,0.623337
AAACAGCTTTCAGAAG-1,0.583509,0.345942,0.070549
AAACAGGGTCTATATT-1,0.150606,0.838276,0.011118
AAACAGTGTTCCTGGG-1,0.28656,0.085536,0.627904
AAACATGGTGAGAGGA-1,0.076185,0.833558,0.090257
AAACATTTCCCGGATT-1,0.218596,0.574589,0.206815
AAACCCGAACGAAATC-1,0.271201,0.193089,0.53571
AAACCGGAAATGTTAA-1,0.192248,0.609663,0.198089
AAACCGGGTAGGTACC-1,0.011075,0.483898,0.505027
AAACCGTTCGTCCAGG-1,0.998815,0.000658,0.000526
AAACCTAAGCAGCCGG-1,0.460297,0.300046,0.239657
AAACCTCATGAAGTTG-1,0.075364,0.57075,0.353886
AAACGAAGAACATACC-1,0.009656,0.058783,0.931561
AAACGAAGATGGAGTA-1,0.137633,0.242269,0.620099
AAACGAGACGGTTGAT-1,0.741844,0.006047,0.252109
AAACGCCCGAGATCGG-1,0.000028,0.013087,0.986885
AAACGGGCGTACGGGT-1,0.118176,0.707367,0.174457
AAACGGTTGCGAACTG-1,0.299064,0.630146,0.070791
AAACGTGTTCGCCCTA-1,0.044064,0.81675,0.139186
AAACTAACGTGGCGAC-1,0.019597,0.51111,0.469293
AAACTCGGTTCGCAAT-1,0.066154,0.166437,0.767409
AAACTCGTGATATAAG-1,0.071065,0.43884,0.490096
AAACTGCTGGCTCCAA-1,0.048694,0.702652,0.248653
AAACTTAATTGCACGC-1,0.998968,0.000574,0.000459
AAACTTGCAAACGTAT-1,0.042382,0.538057,0.419561
AAAGAATGACCTTAGA-1,0.843052,0.138005,0.018943
AAAGAATGTGGACTAA-1,0.16279,0.200586,0.636624
AAAGACCCAAGTCGCG-1,0.002496,0.461706,0.535798
AAAGACTGGGCGCTTT-1,0.145836,0.573166,0.280999
AAAGCTTGCCTACATA-1,0.970959,0.016133,0.012907
AAAGGCCCTATAATAC-1,0.124047,0.580092,0.295862
AAAGGCTACGGACCAT-1,0.998785,0.000675,0.00054
AAAGGCTCTCGCGCCG-1,0.033231,0.542606,0.424164
AAAGGGATGTAGCAAG-1,0.027365,0.968673,0.003961
AAAGGGCAGCTTGAAT-1,0.020349,0.640562,0.339089
AAAGGTAAGCTGTACC-1,0.122999,0.620791,0.25621
AAAGTAGCATTGCTCA-1,0.036425,0.782865,0.18071
AAAGTCACTGATGTAA-1,0.00002,0.471161,0.528818
AAAGTCGACCCTCAGT-1,0.004695,0.435382,0.559923
AAAGTGTGATTTATCT-1,0.175406,0.414376,0.410218
AAAGTTGACTCCCGTA-1,0.392431,0.350744,0.256825
AAATAACCATACGGGA-1,0.000011,0.967179,0.03281
AAATAAGGTAGTGCCC-1,0.196126,0.119823,0.684051
AAATACCTATAAGCAT-1,0.504282,0.19816,0.297558
AAATAGCTTAGACTTT-1,0.087712,0.806584,0.105704
AAATAGGGTGCTATTG-1,0.00002,0.559288,0.440692
AAATCCGATACACGCC-1,0.529051,0.138332,0.332617
AAATCGCGGAAGGAGT-1,0.004284,0.855741,0.139975
AAATCGTGTACCACAA-1,0.048947,0.391793,0.55926
AAATCTAGCCCTGCTA-1,0.709371,0.046778,0.243851
AAATCTGCCCGCGTCC-1,0.491494,0.306548,0.201958
AAATGATTCGATCAGC-1,0.153057,0.820161,0.026782
AAATGCTCGTTACGTT-1,0.000018,0.863186,0.136795
AAATGGCATGTCTTGT-1,0.013142,0.623478,0.36338
AAATGGCCCGTGCCCT-1,0.056756,0.935136,0.008108
AAATGGTCAATGTGCC-1,0.050469,0.750407,0.199124
AAATGTATCTTATCCC-1,0.021199,0.522542,0.456259
AAATTAACGGGTAGCT-1,0.004961,0.901048,0.093991
AAATTAATAAGCGCGA-1,0.327632,0.58264,0.089728
AAATTACACGACTCTG-1,0.039605,0.935445,0.02495
AAATTACCTATCGATG-1,0.223055,0.36728,0.409665
AAATTCCAGGTCCAAA-1,0.068683,0.59764,0.333677
AAATTGATAGTCCTTT-1,0.495103,0.227415,0.277482
AAATTGCGGCGGTTCT-1,0.101337,0.052742,0.845922
AAATTGGTGAGAAGCA-1,0.052843,0.633335,0.313822
AAATTTACCGAAATCC-1,0.180368,0.2839,0.535732
AAATTTGCGGGTGTGG-1,0.010074,0.560495,0.429431
AACAACTGGTAGTTGC-1,0.000019,0.850735,0.149246
AACAATACATTGTCGA-1,0.756623,0.197421,0.045956
AACAATTACTCTACGC-1,0.000014,0.815105,0.184881
AACACACGCTCGCCGC-1,0.998971,0.000572,0.000457
AACACGACTGTACTGA-1,0.000836,0.438923,0.560241
AACACGAGACGCGGCC-1,0.006441,0.957449,0.03611
AACACGCGGCCGCGAA-1,0.024177,0.298086,0.677738
AACAGCTGTGTGGCAA-1,0.438915,0.167214,0.393871
AACAGGAAATCGAATA-1,0.080118,0.890501,0.029381
AACAGGATGGGCCGCG-1,0.045394,0.918542,0.036065
AACAGGTAGTATGGAT-1,0.466232,0.150054,0.383714
AACATATCAACTGGTG-1,0.058604,0.55991,0.381486
AACATCGATACGTCTA-1,0.101551,0.62638,0.272069
AACATTGAAGTTGATC-1,0.052379,0.555181,0.39244
AACATTGTGACTCGAG-1,0.189962,0.669902,0.140136
AACCAAGACTTCTCTG-1,0.112969,0.717049,0.169982
AACCAGTATCACTCTT-1,0.772193,0.093892,0.133915
AACCATAGGGTTGAAC-1,0.270904,0.612669,0.116427
AACCATGGGATCGCTA-1,0.007014,0.853552,0.139434
AACCCAGAGACGGAGA-1,0.047575,0.932175,0.020249
AACCCATCCCATGATC-1,0.077559,0.542497,0.379944
AACCCGACAACCCGTG-1,0.049628,0.792337,0.158035
AACCCGAGCAGAATCG-1,0.999172,0.00046,0.000368
AACCCGATAGGGCTTC-1,0.288687,0.000366,0.710947
AACCCTACTGTCAATA-1,0.046459,0.733046,0.220495
AACCCTGGTGGAACCA-1,0.014746,0.747178,0.238076
AACCGAGCTTGGTCAT-1,0.037393,0.688611,0.273995
AACCGCTAAGGGATGC-1,0.771515,0.000241,0.228244
AACCGTTGTGTTTGCT-1,0.018508,0.668703,0.31279
AACCTCGCTTTAGCCC-1,0.188389,0.25113,0.560481
AACCTGTCACGGAATT-1,0.056898,0.661503,0.2816
AACCTTTAAATACGGT-1,0.099766,0.705254,0.19498
AACCTTTACGACGTCT-1,0.022187,0.095228,0.882585
AACGAAAGTCGTCCCA-1,0.026615,0.481337,0.492048
AACGATAATGCCGTAG-1,0.086143,0.748619,0.165238
AACGATAGAAGGGCCG-1,0.01824,0.620246,0.361513
AACGATATGTCAACTG-1,0.02474,0.555243,0.420016
AACGCATGATCTGGGT-1,0.428439,0.063707,0.507854
AACGCGAACGGCAACA-1,0.02259,0.578316,0.399094
AACGCGACCTTGGGCG-1,0.10761,0.771027,0.121363
AACGCGGTCTCCAGCC-1,0.010861,0.411096,0.578043
AACGCTGTTGCTGAAA-1,0.998725,0.000708,0.000567
AACGGACGTACGTATA-1,0.999314,0.000381,0.000305
AACGGCCATCTCCGGT-1,0.00546,0.503908,0.490632
AACGTACTGTGGGTAC-1,0.00477,0.958111,0.03712
AACGTCAGACTAGTGG-1,0.000015,0.804045,0.19594
AACGTCGCTGCACTTC-1,0.999524,0.000264,0.000211
AACGTGATGAAGGACA-1,0.005731,0.436868,0.557401
AACGTGCGAAAGTCTC-1,0.064152,0.525313,0.410535
AACGTTATCAGCACCT-1,0.000468,0.330205,0.669327
AACTACCCGTTTGTCA-1,0.183803,0.461155,0.355042
AACTAGCGTATCGCAC-1,0.0414,0.441185,0.517414
AACTAGGCTTGGGTGT-1,0.133198,0.722393,0.144409
AACTCAAGTTAATTGC-1,0.0108,0.914278,0.074922
AACTCCAGAGCGTGTT-1,0.17935,0.753288,0.067362
AACTCCTAATCCCATG-1,0.007939,0.97852,0.013541
AACTCGATAAACACGT-1,0.000028,0.37438,0.625592
AACTCGATGGCGCAGT-1,0.030801,0.679864,0.289334
AACTCTCAATAGAGCG-1,0.097315,0.109436,0.793249
AACTCTCAGTGTGCTC-1,0.787678,0.211753,0.000569
AACTGAGGTCAGCGTC-1,0.000023,0.326933,0.673044
AACTGATATTAGGCCT-1,0.000018,0.836,0.163982
AACTGGGTCCCGACGT-1,0.007383,0.551157,0.44146
AACTGGTGTGGGCCTT-1,0.014955,0.972067,0.012979
AACTTCTGCGTCTATC-1,0.000015,0.968433,0.031552
AACTTGCCCGTATGCA-1,0.000014,0.024686,0.9753
AACTTGCGTTCTCGCG-1,0.116651,0.661613,0.221736
AACTTTACGGGAGCTT-1,0.006113,0.904344,0.089543
AACTTTAGCTGCTGAG-1,0.037455,0.803258,0.159286
AACTTTCTCGATCATG-1,0.770327,0.001226,0.228448
AAGAAGGATCAGTTAG-1,0.057299,0.838082,0.104619
AAGACATACGTGGTTT-1,0.192215,0.229129,0.578655
AAGACCAAATAACTCA-1,0.018149,0.669089,0.312763
AAGACCCAACTGAACA-1,0.998423,0.000876,0.000701
AAGACTAACCCGTTGT-1,0.057155,0.358367,0.584478
AAGACTGCAAGCTACT-1,0.018205,0.510563,0.471232
AAGAGATGAATCGGTA-1,0.000022,0.76102,0.238958
AAGAGCTCTTTATCGG-1,0.246261,0.383026,0.370714
AAGAGGATGTACGCGA-1,0.000012,0.950237,0.04975
AAGAGGCATGGATCGC-1,0.527158,0.21448,0.258362
AAGAGGCCCTTTGGAA-1,0.146665,0.206727,0.646609
AAGATGGCACCGGACC-1,0.595573,0.384785,0.019642
AAGATTGGCGGAACGT-1,0.753571,0.052221,0.194208
AAGCACCCTGCGTATC-1,0.079821,0.589782,0.330398
AAGCATACTCTCCTGA-1,0.05098,0.814946,0.134074
AAGCCACTTGCAGGTA-1,0.099297,0.605494,0.295209
AAGCCGAAGCGGTTTA-1,0.1951,0.395733,0.409167
AAGCCGCCGTGAAATC-1,0.227762,0.315722,0.456516
AAGCGCAGGGCTTTGA-1,0.068238,0.886788,0.044974
AAGCGGCGTCATGGGT-1,0.005807,0.308226,0.685967
AAGCGTCCCTCATCGA-1,0.241471,0.331526,0.427003
AAGCTAGATCGAGTAA-1,0.159214,0.376775,0.464011
AAGCTCGTGCCAAGTC-1,0.032298,0.278509,0.689192
AAGCTCTTTCATGGTG-1,0.041664,0.177875,0.780461
AAGGAGCGGTTGGTGC-1,0.011839,0.965782,0.02238
AAGGATCGATCGCTTG-1,0.10733,0.544935,0.347734
AAGGATGAGGGACCTC-1,0.199517,0.494624,0.305859
AAGGCAGGCTGTCTCC-1,0.88072,0.021479,0.097802
AAGGCGCGTAAAGCTT-1,0.124653,0.630683,0.244663
AAGGCTGTGCTCATCG-1,0.000023,0.189529,0.810448
AAGGGAACGACTGGCT-1,0.098903,0.428116,0.472981
AAGGGACAGATTCTGT-1,0.199614,0.680334,0.120053
AAGGGACTATGCATTC-1,0.204097,0.480403,0.3155
AAGGGTTTGATTTCAG-1,0.403444,0.094791,0.501766
AAGGTATCCTAATATA-1,0.027296,0.632141,0.340563
AAGGTGATAAACCAGC-1,0.578203,0.000244,0.421554
AAGTAGAAGACCGGGT-1,0.000696,0.697388,0.301916
AAGTAGTGACGCGAGG-1,0.000014,0.877348,0.122638
AAGTCAATTGTCGTCA-1,0.420326,0.476081,0.103592
AAGTCTAGTAGCTGCC-1,0.496345,0.354385,0.14927
AAGTCTTCTGTGGCCT-1,0.002706,0.322612,0.674682
AAGTGACGACCGAATT-1,0.193724,0.286282,0.519994
AAGTGAGTCGGGTTTA-1,0.081612,0.54517,0.373218
AAGTGCAAAGGTAGAC-1,0.245058,0.111155,0.643786
AAGTGCCTTGACTGTA-1,0.059575,0.734131,0.206294
AAGTGCGTTAGAATCT-1,0.104384,0.593367,0.302249
AAGTGCTTCTCTATTG-1,0.15838,0.736712,0.104908
AAGTGTTTGGAGACGG-1,0.033663,0.881383,0.084955
AAGTTCACTCCAAGCT-1,0.063789,0.648331,0.28788
AAGTTCAGTCTGCGTA-1,0.391823,0.113789,0.494387
AAGTTCGGCCAACAGG-1,0.078942,0.698868,0.22219
AAGTTGTGATGTTATA-1,0.185216,0.36563,0.449154
AAGTTTACTAATGGCA-1,0.012367,0.683318,0.304314
AAGTTTATGGGCCCAA-1,0.654813,0.281789,0.063398
AATAACAACGCTCGGC-1,0.000009,0.909503,0.090488
AATAACACTAGAACAA-1,0.160488,0.587908,0.251604
AATAAGTCCTCGAGAC-1,0.098426,0.892209,0.009365
AATAATCTTCGTATCG-1,0.520638,0.133968,0.345394
AATACAATGTTTCAGG-1,0.000032,0.384473,0.615495
AATACCGGAGGGCTGT-1,0.285771,0.703921,0.010309
AATACCTGATGTGAAC-1,0.060746,0.467167,0.472087
AATAGAACAGAGTGGC-1,0.199085,0.268585,0.53233
AATAGAATCTGTTTCA-1,0.99899,0.000561,0.000449
AATAGCAAGCCTCCTG-1,0.003668,0.572796,0.423536
AATAGCTACCGCGTGC-1,0.070375,0.883547,0.046078
AATAGTCCGTCCCGAC-1,0.078589,0.739271,0.18214
AATAGTCGCGAGTCGG-1,0.118906,0.613031,0.268063
AATATCAAGGTCGGAT-1,0.022453,0.475303,0.502245
AATATCCTAGCAAACT-1,0.071939,0.355134,0.572927
AATATCGAATCAATGC-1,0.408287,0.244943,0.34677
AATATCGAGGGTTCTC-1,0.136192,0.142173,0.721635
AATATTGGAGTATTGA-1,0.014246,0.67223,0.313524
AATCAGACTGCAGGAC-1,0.071642,0.020114,0.908244
AATCAGGTTTCATTTA-1,0.062296,0.755706,0.181998
AATCATGTAAAGACTC-1,0.999722,0.000155,0.000124
AATCCAAGGGCCTGAG-1,0.000017,0.417795,0.582187
AATCCATGCAAGGGTG-1,0.056632,0.920734,0.022634
AATCGCCTCAGCGCCA-1,0.337251,0.265583,0.397166
AATCGCGCAGAGGACT-1,0.998935,0.000592,0.000474
AATCGGGACACTACGA-1,0.000016,0.736215,0.263769
AATCGGTATAGCCCTC-1,0.999541,0.000255,0.000204
AATCGTGAGCCGAGCA-1,0.117526,0.821731,0.060743
AATCTAGGTTTACTTG-1,0.03037,0.401566,0.568064
AATCTATGCCGGAGCC-1,0.273817,0.391153,0.335029
AATCTCTACTGTGGTT-1,0.000012,0.91132,0.088669
AATCTGCGTTGGGACG-1,0.012955,0.897669,0.089375
AATCTGGCTTTCTAGT-1,0.034422,0.266464,0.699115
AATCTGGGTAGACCCT-1,0.100961,0.009498,0.88954
AATGACAGCAATGTCT-1,0.093539,0.589118,0.317343
AATGACGTAGGATGTC-1,0.696718,0.189607,0.113675
AATGACTGTCAGCCGG-1,0.000402,0.687671,0.311926
AATGAGTTCGCATATG-1,0.061356,0.932033,0.006611
AATGATGATACGCTAT-1,0.293486,0.237657,0.468857
AATGATGCGACTCCTG-1,0.144482,0.840242,0.015276
AATGCAACCGGGTACC-1,0.000014,0.864683,0.135303
AATGCACCAAGCAATG-1,0.067166,0.285728,0.647106
AATGGCCGCCAATGCG-1,0.102856,0.271261,0.625883
AATGGTCCACCGTTCA-1,0.021302,0.846303,0.132395
AATGGTTCTCACAAGC-1,0.001413,0.684138,0.314448
AATGTATGGCACTGTA-1,0.176453,0.634078,0.189469
AATGTGCCCGAGGTGT-1,0.235649,0.303071,0.461281
AATGTGCTAATCTGAG-1,0.173043,0.385741,0.441216
AATGTTGTCGTGAGAC-1,0.237511,0.193905,0.568584
AATTAAAGGTCGGCGT-1,0.094673,0.603822,0.301505
AATTAACGGATTTCCA-1,0.051344,0.320904,0.627752
AATTACGAGACCCATC-1,0.365971,0.56771,0.066319
AATTACTCGTACGCTC-1,0.018147,0.22064,0.761213
AATTAGCGCTGCAGCG-1,0.017232,0.354069,0.628699
AATTCATAAGGGATCT-1,0.838811,0.110219,0.050969
AATTCATTGTCATGCA-1,0.116942,0.355144,0.527914
AATTCCAAGCATGTAC-1,0.470302,0.194233,0.335466
AATTCGATTCGAGGAT-1,0.9994,0.000333,0.000267
AATTCTAGAGTTAGGC-1,0.025,0.971137,0.003863
AATTGAACGCTCTGGT-1,0.999236,0.000424,0.000339
AATTGCAGCAATCGAC-1,0.337645,0.227032,0.435323
AATTGCGTGGATTACA-1,0.165709,0.581583,0.252708
AATTGTGGTTGCCAAA-1,0.090557,0.561994,0.347449
AATTTGGGACATAGTA-1,0.028712,0.289283,0.682005
AATTTGGTTCCAAAGA-1,0.083774,0.341856,0.57437
ACAAACCATGCGTCCT-1,0.449133,0.26538,0.285487
ACAAAGAAGGTAGGCC-1,0.281771,0.647846,0.070383
ACAAAGCATGACCTAG-1,0.999517,0.000268,0.000215
ACAAATCGCACCGAAT-1,0.106458,0.44976,0.443782
ACAAATGGTAGTGTTT-1,0.999252,0.000415,0.000332
ACAAATTCAGATCTGA-1,0.136427,0.497927,0.365646
ACAACAGCATGAGCTA-1,0.176903,0.269641,0.553456
ACAACGGTCCCTGCGA-1,0.000018,0.641968,0.358014
ACAAGCAGTGCCTAGC-1,0.006793,0.434788,0.558419
ACAAGCTATATGGAAG-1,0.000021,0.623695,0.376284
ACAAGGAAATCCGCCC-1,0.023754,0.519058,0.457188
ACAAGGACAAGAGGTT-1,0.000388,0.828388,0.171224
ACAAGGATGCTTTAGG-1,0.099212,0.704011,0.196777
ACAAGGCCTACCAGCC-1,0.00008,0.339927,0.659993
ACAAGGGCAGGCTCTG-1,0.074508,0.841646,0.083847
ACAATAGTCGTACGTT-1,0.142732,0.165603,0.691665
ACAATCCATTTAAACC-1,0.000013,0.767795,0.232192
ACAATGAATACGGAGA-1,0.691268,0.072823,0.235909
ACAATGATTCTTCTAC-1,0.028078,0.31627,0.655652
ACAATTGTGTCTCTTT-1,0.848421,0.040872,0.110707
ACAATTTAGGAGGCTC-1,0.03815,0.84264,0.11921
ACAATTTGAGCAGTGG-1,0.035756,0.963087,0.001157
ACACAAAGACGGGTGG-1,0.00002,0.535109,0.464871
ACACAAATATTCCTAG-1,0.013602,0.398869,0.587528
ACACACCAGGACCAGT-1,0.99782,0.001211,0.000969
ACACACTTTCTACACG-1,0.000023,0.732513,0.267464
ACACATGATCAAATCT-1,0.05269,0.768085,0.179225
ACACATTGACGCAACA-1,0.00037,0.550127,0.449503
ACACATTTCCGTAGAC-1,0.497098,0.013573,0.489329
ACACCACATAATTAGC-1,0.388325,0.018368,0.593307
ACACCCAGCATGCAGC-1,0.018899,0.610269,0.370832
ACACCCGAGAAATCCG-1,0.019324,0.424938,0.555737
ACACCGAGCGCTCTTT-1,0.005014,0.726891,0.268094
ACACCGGTCTGACCGC-1,0.542276,0.096801,0.360923
ACACCTTAAGTAGGGC-1,0.083026,0.681268,0.235706
ACACCTTACTACTTGC-1,0.1924,0.605999,0.201602
ACACGAGACTCCTTCT-1,0.163827,0.492833,0.34334
ACACGGCACTATGCAT-1,0.008096,0.566401,0.425503
ACACGGGAACTTAGGG-1,0.166358,0.302962,0.53068
ACACGTAGGCCACAAG-1,0.078724,0.772167,0.149109
ACACTCCAATGTCACT-1,0.004591,0.963882,0.031527
ACACTGATCAAGGTGT-1,0.237229,0.407003,0.355768
ACACTGGGACAGTCGT-1,0.998611,0.000772,0.000617
ACAGAACTGAGAACAA-1,0.312962,0.622947,0.064091
ACAGATTAGGTTAGTG-1,0.00002,0.743392,0.256588
ACAGCATAGAGCCAGT-1,0.009267,0.789364,0.201368
ACAGCGACATTCTCAT-1,0.99926,0.000411,0.000329
ACAGCGCACCCGCAGC-1,0.141714,0.737293,0.120994
ACAGGCACGGATCCTT-1,0.065136,0.686379,0.248485
ACAGGCTTGCCCGACT-1,0.845304,0.103043,0.051652
ACAGGTGGAGGTGAGG-1,0.098455,0.364046,0.537499
ACAGGTGTGTTGTTGC-1,0.059675,0.854956,0.085369
ACAGTAATACAACTTG-1,0.158085,0.530899,0.311016
ACAGTATACCGTGGGA-1,0.068865,0.859932,0.071203
ACATAAGTCGTGGTGA-1,0.058005,0.854468,0.087528
ACATAATAAGGCGGTG-1,0.000722,0.702669,0.296609
ACATCAGCTGGGACGC-1,0.020761,0.53774,0.441499
ACATCCCGGCCATACG-1,0.10584,0.56517,0.328989
ACATCCTGGTAACTGT-1,0.051631,0.294554,0.653815
ACATCGATCGTTTACC-1,0.021138,0.392512,0.58635
ACATCGGTCAGCCGCG-1,0.003296,0.94223,0.054474
ACATCGTATGCAATGG-1,0.577248,0.195911,0.226841
ACATCGTTAACCTAGT-1,0.000016,0.763051,0.236934
ACATCTCAACGCGTAA-1,0.000028,0.126214,0.873758
ACATGGCGCCAAAGTA-1,0.286612,0.242396,0.470992
ACATGGCTCAATTTAG-1,0.034744,0.501059,0.464197
ACATTAGTTTATATCC-1,0.058239,0.587648,0.354112
ACATTCGCGCGGAATA-1,0.06953,0.518266,0.412204
ACATTTGAAACCTAAC-1,0.019749,0.761914,0.218337
ACCAAACACCCAGCGA-1,0.084855,0.561583,0.353562
ACCAACACCACACACT-1,0.343335,0.056905,0.59976
ACCAACCGCACTCCAC-1,0.263896,0.662963,0.073141
ACCAACGCTTATTTAT-1,0.188463,0.541604,0.269933
ACCAAGAACGCGTGTC-1,0.000019,0.383785,0.616196
ACCAAGTCATCGGCAG-1,0.134189,0.548879,0.316932
ACCAATATGCAAGTTA-1,0.055734,0.138617,0.805649
ACCACAACTCAGAACA-1,0.055845,0.335825,0.60833
ACCACAAGTTTCTATC-1,0.126467,0.381493,0.49204
ACCACCAATGTAACAA-1,0.195449,0.321555,0.482996
ACCACCCTCTCTTCTA-1,0.421617,0.201095,0.377288
ACCACGTGCAGCTATA-1,0.019702,0.501571,0.478727
ACCACTGTTCAAGAAG-1,0.015109,0.443655,0.541236
ACCAGACCATAACAAC-1,0.047792,0.701885,0.250323
ACCAGCCCGGTCTTTG-1,0.000019,0.540235,0.459746
ACCAGTGCCCGGTCAA-1,0.001045,0.756547,0.242408
ACCAGTGCGGGAGACG-1,0.768569,0.231097,0.000334
ACCATATCCGCAATAA-1,0.015973,0.387129,0.596898
ACCATCCGCCAACTAG-1,0.00311,0.870114,0.126775
ACCATCGTATATGGTA-1,0.033837,0.645962,0.320202
ACCATTAAGGGTGTCA-1,0.00224,0.717725,0.280035
ACCCAACGCCCGTGGC-1,0.011691,0.874867,0.113442
ACCCACCTACATGCTC-1,0.001625,0.705436,0.292939
ACCCATCTTGAGGGTA-1,0.00002,0.709451,0.29053
ACCCATTTGTCCCTCT-1,0.999387,0.00034,0.000272
ACCCGAGCGAAATTAC-1,0.123604,0.315208,0.561187
ACCCGATTGGTTCCGA-1,0.026475,0.651374,0.32215
ACCCGGAAACTCCCAG-1,0.134642,0.481955,0.383403
ACCCGGAGCACCACAA-1,0.330326,0.539994,0.12968
ACCCGGATGACGCATC-1,0.144357,0.769174,0.086469
ACCCGGTTACACTTCC-1,0.024901,0.276962,0.698137
ACCCGTAGCAGAGAAT-1,0.198695,0.755992,0.045313
ACCCGTAGTCTAGTTG-1,0.056186,0.424254,0.51956
ACCCGTGTCATCAGTA-1,0.15563,0.553784,0.290585
ACCCTATAGGACTGAG-1,0.000025,0.341639,0.658336
ACCCTATGCCATATCG-1,0.226437,0.13272,0.640843
ACCCTCCCGTCAGGGC-1,0.882465,0.013849,0.103685
ACCCTCCCTTGCTATT-1,0.998838,0.000645,0.000516
ACCCTGGTAACGCCCT-1,0.160764,0.364087,0.475149
ACCCTTCATCTGCGAA-1,0.000022,0.844464,0.155514
ACCCTTTAGTTCTCCA-1,0.099587,0.056143,0.84427
ACCGAAAGGGCCCTGC-1,0.02667,0.442095,0.531235
ACCGAAGAGTCTGGTT-1,0.358557,0.480509,0.160933
ACCGACACATCTCCCA-1,0.007296,0.846508,0.146196
ACCGACTGAGTCCCAC-1,0.020944,0.941526,0.03753
ACCGAGTCTCCTTATT-1,0.453022,0.275486,0.271492
ACCGATAGGCATAACC-1,0.998585,0.000786,0.000629
ACCGATATTTAATCAT-1,0.338924,0.108343,0.552733
ACCGATGGTAGCATCG-1,0.250526,0.424372,0.325102
ACCGCAATAACTGCCT-1,0.006679,0.48055,0.512771
ACCGCGGTGGAAGTCG-1,0.007287,0.81922,0.173494
ACCGCTAGTCATTGGT-1,0.147762,0.751835,0.100403
ACCGGGCCTTTGTTGA-1,0.549187,0.011595,0.439219
ACCGGTCAGGTACACC-1,0.060166,0.58527,0.354565
ACCGGTCTGAGTACGG-1,0.012564,0.211133,0.776303
ACCGTCCACTGGGCCC-1,0.328206,0.557024,0.114769
ACCGTGACCACGTGGG-1,0.998777,0.00068,0.000544
ACCGTTCCCGCTCTGA-1,0.056603,0.083404,0.859994
ACCTAAGTACCTTTCA-1,0.578381,0.333047,0.088573
ACCTAATCGACTTCCT-1,0.025318,0.585803,0.388879
ACCTACAGTATGTGGT-1,0.437867,0.108803,0.45333
ACCTACTATAAATCTA-1,0.54296,0.013033,0.444007
ACCTCCGCCCTCGCTG-1,0.155983,0.572515,0.271502
ACCTCCGTTATTCACC-1,0.10769,0.594487,0.297823
ACCTCGAACTTATGCT-1,0.559814,0.210221,0.229965
ACCTGCGTGTCATGTT-1,0.074518,0.392857,0.532626
ACGAAATGGGCGGCAC-1,0.001804,0.539666,0.45853
ACGACTCTAGGGCCGA-1,0.002936,0.988608,0.008456
ACGACTGGTCATACTC-1,0.471036,0.403298,0.125665
ACGAGAACCCATCACG-1,0.109628,0.684628,0.205744
ACGAGATATTTGCTTA-1,0.037052,0.557784,0.405164
ACGAGGATACCACTCT-1,0.117405,0.450397,0.432198
ACGAGGTTTACAACGT-1,0.352874,0.422303,0.224823
ACGAGTACGGATGCCC-1,0.297765,0.263716,0.438519
ACGAGTCGCCGGCGTT-1,0.00002,0.565677,0.434303
ACGATACATAGAACTA-1,0.000016,0.790266,0.209718
ACGATACCTATCCTGA-1,0.000017,0.741637,0.258347
ACGATCATACATAGAG-1,0.059997,0.515166,0.424837
ACGATCATCTTGTAAA-1,0.998887,0.000618,0.000495
ACGATGCATATGTTAT-1,0.047185,0.751132,0.201683
ACGATGGATCCGATGC-1,0.001735,0.676545,0.321721
ACGCAAACTAATAGAT-1,0.083224,0.547238,0.369538
ACGCAATCACTACAGC-1,0.097609,0.513318,0.389073
ACGCATAAATGACATG-1,0.006978,0.492263,0.50076
ACGCATACGTTTACTA-1,0.854671,0.000246,0.145083
ACGCATTCGTGAGTAC-1,0.147395,0.569217,0.283387
ACGCCAGATGATTTCT-1,0.029376,0.817988,0.152636
ACGCCAGTGCGTTTGC-1,0.080234,0.43663,0.483136
ACGCCCAGCTGTCGAT-1,0.011772,0.62008,0.368148
ACGCCGCTAGACGACC-1,0.431117,0.074546,0.494337
ACGCGAAGTCAGACGA-1,0.064159,0.509051,0.42679
ACGCGCTACACAGGGT-1,0.011406,0.747691,0.240904
ACGCGGGCCAAGGACA-1,0.089173,0.623874,0.286953
ACGCGTTTCTTAAGAG-1,0.027529,0.748112,0.224359
ACGCTAGTGATACACT-1,0.103998,0.781312,0.11469
ACGCTGTGAGGCGTAG-1,0.000009,0.993805,0.006186
ACGGAACACGAGTGCC-1,0.003243,0.566792,0.429965
ACGGAATTTAGCAAAT-1,0.015583,0.402426,0.581991
ACGGACGCAGCGACAA-1,0.209713,0.086559,0.703728
ACGGACTCTCAAAGCG-1,0.881371,0.000312,0.118317
ACGGAGCGCAAATTAC-1,0.999383,0.000343,0.000274
ACGGATGGTGCGGATA-1,0.026871,0.406767,0.566362
ACGGCACTTGCTTGGG-1,0.000018,0.822986,0.176997
ACGGCCAACATGGACT-1,0.016135,0.867824,0.116042
ACGGCGACGATGGGAA-1,0.038714,0.926529,0.034757
ACGGCGGGTTGCCCTG-1,0.028216,0.826484,0.1453
ACGGCTGGATGTAGAA-1,0.074902,0.887831,0.037267
ACGGGAGTGTCGGCCC-1,0.039525,0.515702,0.444773
ACGGGCGTATGCGACA-1,0.226326,0.303043,0.470632
ACGGGTCATGTGACTT-1,0.045817,0.524996,0.429187
ACGGGTTGTGACCTGT-1,0.534002,0.112461,0.353537
ACGGTACAGTTCAATG-1,0.047472,0.792981,0.159547
ACGGTCACCGAGAACA-1,0.168379,0.294834,0.536787
ACGTACAGATTTCTCT-1,0.020403,0.817681,0.161917
ACGTACTTTGGCACGG-1,0.032386,0.751723,0.215891
ACGTAGATTGCTGATG-1,0.005043,0.441483,0.553474
ACGTAGGAGAGTCGCT-1,0.399612,0.347296,0.253092
ACGTATTACTCCGATC-1,0.10404,0.696675,0.199285
ACGTCGGGCAACTCGG-1,0.311189,0.618963,0.069847
ACGTCTCGTTCCGGGA-1,0.002954,0.882736,0.11431
ACGTGACAAAGTAAGT-1,0.065352,0.749859,0.184788
ACGTGCGCCTCGTGCA-1,0.000029,0.366716,0.633255
ACGTTAATGTCGAAGA-1,0.088461,0.781973,0.129567
ACGTTAGATTTGCCCG-1,0.000016,0.938925,0.061059
ACGTTATTGGTCACTC-1,0.000041,0.559992,0.439967
ACGTTCACTATGCCGC-1,0.259509,0.106309,0.634182
ACGTTCCGCGCTCCGT-1,0.004581,0.990052,0.005367
ACGTTCGCAATCAATT-1,0.105776,0.101231,0.792993
ACGTTCGTTCAGGAAA-1,0.224082,0.1191,0.656818
ACGTTCTGTACAAGTC-1,0.245146,0.470618,0.284236
ACGTTTAGTTGTGATC-1,0.000032,0.843956,0.156012
ACTAATACGTCAGGCG-1,0.000015,0.623766,0.376219
ACTACAAAGAGAGGTG-1,0.089766,0.852995,0.057239
ACTACATCCCGACAAG-1,0.320377,0.498983,0.18064
ACTACCAGCTCTCTGG-1,0.024848,0.757032,0.21812
ACTACCATCCGAGGGC-1,0.148566,0.118218,0.733216
ACTACGCGTTAGAATT-1,0.815864,0.043407,0.140728
ACTAGTTGCGATCGTC-1,0.323481,0.39354,0.282979
ACTATATGCTGTGTTC-1,0.015814,0.271409,0.712777
ACTATCCAGGGCATGG-1,0.152666,0.591318,0.256016
ACTATCGCCGGCTAAA-1,0.00001,0.950744,0.049247
ACTATCTGCCCGCGTA-1,0.182598,0.502884,0.314518
ACTATGTCCAGCTGCC-1,0.164735,0.238002,0.597263
ACTATTCGTCCGTGGT-1,0.061715,0.533703,0.404582
ACTATTTCCGGGCCCA-1,0.999049,0.000528,0.000423
ACTCAACGAATGTATT-1,0.04522,0.634171,0.320609
ACTCAAGTGCAAGGCT-1,0.059907,0.729927,0.210167
ACTCAATAAAGGCACG-1,0.037741,0.854082,0.108177
ACTCAGACCTGCTTCT-1,0.029232,0.959657,0.011111
ACTCATGGCAGCCTTC-1,0.162383,0.515984,0.321633
ACTCCAATATCATCAT-1,0.206061,0.694284,0.099655
ACTCCCATTCCTAAAG-1,0.046283,0.232549,0.721168
ACTCCCGAATTCGTTT-1,0.188168,0.629245,0.182586
ACTCCCGTAGACTAGG-1,0.997921,0.001155,0.000924
ACTCCCTAATGCTAAA-1,0.018183,0.885414,0.096403
ACTCCCTAGAATAGTA-1,0.998804,0.000664,0.000531
ACTCGATGTATTTCAT-1,0.005864,0.580963,0.413173
ACTCGCCGTTCGATAA-1,0.333515,0.633789,0.032695
ACTCGTAACCCGTCCT-1,0.11021,0.369317,0.520473
ACTCGTCAGTAATCCC-1,0.137457,0.520702,0.341841
ACTCTAAACCTGGGAT-1,0.011347,0.29044,0.698213
ACTCTCTGACTTAGGT-1,0.65924,0.240448,0.100312
ACTCTCTTATACACGA-1,0.01982,0.568922,0.411258
ACTCTGACCTAATAGA-1,0.211403,0.432635,0.355962
ACTCTTGTATAGTAAC-1,0.148647,0.096776,0.754577
ACTGAAACGCCGTTAG-1,0.569647,0.010249,0.420104
ACTGAATGGCGAAAGT-1,0.99907,0.000517,0.000413
ACTGATTTAGTGATTC-1,0.000054,0.004349,0.995596
ACTGCCCGCCATTCTC-1,0.163723,0.267927,0.56835
ACTGCCGTCGTAACTC-1,0.001396,0.956854,0.04175
ACTGCGGACACACCGT-1,0.034197,0.191623,0.774181
ACTGCTCGGAAGGATG-1,0.086045,0.433658,0.480297
ACTGGGATGCCAGTGC-1,0.525912,0.414684,0.059404
ACTGTACGATACACAT-1,0.098163,0.358629,0.543208
ACTGTAGCACTTTGGA-1,0.000022,0.712529,0.287449
ACTGTATACGCGAGCA-1,0.243104,0.395744,0.361151
ACTGTCCAGGATTATA-1,0.075654,0.509758,0.414588
ACTGTCTTCTTTAGAA-1,0.061549,0.243198,0.695254
ACTGTGCTAGTAGATC-1,0.000011,0.997498,0.00249
ACTTACCGGGCGCGCA-1,0.000023,0.329796,0.670181
ACTTACGCATCCACGC-1,0.252272,0.182131,0.565596
ACTTAGTACGACAAGA-1,0.009432,0.638949,0.351619
ACTTATACTTACCCGG-1,0.014329,0.60006,0.385611
ACTTATTAGGATCGGT-1,0.044329,0.745403,0.210269
ACTTATTTATGTGCCA-1,0.99858,0.000789,0.000631
ACTTCAGGCTGATCCC-1,0.050973,0.935295,0.013732
ACTTCCAGTGGAAGCT-1,0.000019,0.584574,0.415407
ACTTCCATGCGGGACA-1,0.057961,0.744541,0.197498
ACTTCGCCATACGCAC-1,0.097005,0.77233,0.130665
ACTTGACTCCCTCTTT-1,0.250668,0.090837,0.658495
ACTTGCCATATTGTAC-1,0.000016,0.611674,0.38831
ACTTGCTCTATCTACC-1,0.284246,0.118224,0.597529
ACTTGGGACCCGGTGG-1,0.083066,0.623032,0.293902
ACTTGTAGTCCCTTCA-1,0.07854,0.909625,0.011834
ACTTGTGGATGGAACG-1,0.331933,0.489858,0.178209
ACTTTACCCTCATGAA-1,0.142383,0.190651,0.666965
ACTTTATACACCACTT-1,0.119059,0.273693,0.607248
ACTTTCCTATAGCTTC-1,0.100075,0.289085,0.61084
ACTTTGACTGCATCCT-1,0.000015,0.779397,0.220588
ACTTTGGTCGTGCTCC-1,0.755204,0.087742,0.157055
ACTTTGTCGACGCACT-1,0.22213,0.44809,0.32978
AGAAATTATGACTCGC-1,0.197826,0.487683,0.314491
AGAACCCTCAATTGGG-1,0.118812,0.36634,0.514848
AGAACGTGGTACATTC-1,0.283606,0.588199,0.128196
AGAACTGTACTTTGTA-1,0.004855,0.200191,0.794954
AGAAGAGCGCCGTTCC-1,0.090203,0.001634,0.908162
AGAAGGTACACTTCAC-1,0.09231,0.35148,0.55621
AGAAGGTTGCCGAATT-1,0.017025,0.422112,0.560863
AGAAGGTTGTAGGTCG-1,0.33477,0.659201,0.006028
AGAAGTGATTCGTGAT-1,0.458157,0.485248,0.056594
AGAATAAATCTTCAGG-1,0.000009,0.975855,0.024137
AGAATGCGGGTTCGGA-1,0.08964,0.814826,0.095534
AGAATTATGGATTCGA-1,0.63825,0.327669,0.034082
AGAATTGTTTGACATA-1,0.000013,0.924488,0.075499
AGACAGCTCAGAATCC-1,0.000015,0.956096,0.043888
AGACAGGCATCTCAGC-1,0.08111,0.854044,0.064846
AGACATAGATCCTTCC-1,0.000029,0.477012,0.522959
AGACCAAACCACACCT-1,0.055006,0.548175,0.396819
AGACCATGGGATACAA-1,0.002137,0.826677,0.171186
AGACCCACCGCTGATC-1,0.020688,0.887555,0.091757
AGACCCGCCCTCCTCG-1,0.000022,0.57715,0.422827
AGACCGCTCCGCGGTT-1,0.274322,0.382182,0.343496
AGACCGGGAAACCCTG-1,0.027427,0.823602,0.148971
AGACGAAGTGCCGGTC-1,0.998962,0.000577,0.000461
AGACGACGATGCCGCT-1,0.22756,0.280975,0.491465
AGACGCCCACTTCGCC-1,0.969573,0.030033,0.000394
AGACGGGCCGATTTAA-1,0.048762,0.691066,0.260172
AGACTAGCCTTCCAGA-1,0.001025,0.436277,0.562698
AGACTGTTACCGGGTC-1,0.024398,0.637472,0.33813
AGAGAAACACCAGAAA-1,0.021561,0.916668,0.061771
AGAGAACCGTCTAGGA-1,0.176446,0.224473,0.599081
AGAGAAGGAGTACAAT-1,0.737485,0.234937,0.027578
AGAGATCTCTAAAGCG-1,0.089705,0.789371,0.120923
AGAGCAGTTATGAGAC-1,0.000023,0.777265,0.222712
AGAGCCGCCGAGATTT-1,0.999067,0.000518,0.000415
AGAGCGGGCTAATCAT-1,0.004896,0.781166,0.213938
AGAGCGTACAAGCTCG-1,0.003463,0.700871,0.295666
AGAGCTACGAAAGCAT-1,0.012483,0.913413,0.074103
AGAGGCTTCGGAAACC-1,0.411114,0.369391,0.219495
AGAGGGACAATTGTCC-1,0.003331,0.629197,0.367472
AGAGTAAACTTCACTA-1,0.198081,0.531,0.270919
AGAGTATAGTGTTACG-1,0.578783,0.40578,0.015438
AGAGTTAGAGACCGAT-1,0.01613,0.132499,0.85137
AGATAACTTCAGGGCC-1,0.015617,0.351687,0.632696
AGATACCAATAGAACC-1,0.103593,0.172171,0.724236
AGATACCAGCACTTCA-1,0.177314,0.633122,0.189564
AGATACCGGTGTTCAC-1,0.003167,0.89169,0.105144
AGATACGACTTCATAT-1,0.023615,0.782256,0.194129
AGATACTCAAGATCGA-1,0.802148,0.19727,0.000582
AGATATAATACGACTA-1,0.068448,0.189501,0.742051
AGATCGTGCATAAGAT-1,0.166755,0.272417,0.560828
AGATCTCAGGTGTGAT-1,0.11994,0.203186,0.676875
AGATGACTCGCCCACG-1,0.002519,0.945114,0.052367
AGATGAGGGTTGCGAT-1,0.069427,0.18866,0.741913
AGATGATGGAGTCTGG-1,0.134431,0.821305,0.044264
AGATGCAAGACGTGCA-1,0.05448,0.336245,0.609275
AGATGCATCCTGTGTC-1,0.070345,0.317928,0.611726
AGATGCTATAACGAGC-1,0.000019,0.973896,0.026084
AGATTATAGGACGTTT-1,0.002029,0.505671,0.492301
AGATTCACAACCGATA-1,0.109669,0.596739,0.293592
AGCAAAGGCCGCTAGT-1,0.063512,0.390768,0.54572
AGCAACATATCTTATT-1,0.496318,0.355206,0.148476
AGCAACCGAAAGTAAT-1,0.045904,0.664973,0.289123
AGCACACGTTTAGACT-1,0.11847,0.277049,0.604481
AGCACCAGTACTCACG-1,0.098023,0.888217,0.013761
AGCACTACCGGCCTGT-1,0.000468,0.91189,0.087642
AGCACTACCTCACCAG-1,0.055214,0.778165,0.166621
AGCACTTAAGGACGCC-1,0.000825,0.49934,0.499835
AGCAGAAGGAGAAAGA-1,0.045915,0.409857,0.544228
AGCAGCCAGATGAATA-1,0.09806,0.410832,0.491108
AGCAGTCGAAGCATGC-1,0.008831,0.000115,0.991054
AGCATATCAATATGCT-1,0.999227,0.00043,0.000344
AGCATCATTTCGAAAG-1,0.058752,0.833761,0.107487
AGCATCGTCGATAATT-1,0.004869,0.627525,0.367606
AGCATTACGAGGCAAG-1,0.251193,0.117792,0.631014
AGCCAAGCTTTGTGTC-1,0.998714,0.000714,0.000572
AGCCACAGGTTACCCG-1,0.113,0.760995,0.126004
AGCCACTCCCGTGCTT-1,0.004397,0.654707,0.340896
AGCCATATAGTATGTG-1,0.390856,0.096898,0.512246
AGCCCATACATGTAAG-1,0.045558,0.831236,0.123206
AGCCCGCAACAAGCAG-1,0.183399,0.776553,0.040048
AGCCCGCACTACAATG-1,0.718152,0.00685,0.274998
AGCCCGGCATTAGAGG-1,0.957811,0.000639,0.04155
AGCCCGGTAGCCTGTA-1,0.222985,0.470243,0.306772
AGCCCTAAGCGAAGTT-1,0.00002,0.540979,0.459001
AGCCCTCCCTGGTGGC-1,0.055429,0.792256,0.152316
AGCCCTGTCGCACCGT-1,0.153015,0.282795,0.56419
AGCCCTTCTAATCCGA-1,0.069963,0.654179,0.275858
AGCCCTTGGACATCCC-1,0.475004,0.126346,0.398649
AGCCGCAAATTCAAAT-1,0.000013,0.329204,0.670782
AGCCGCTTGATTAGCG-1,0.000013,0.841581,0.158406
AGCCGTGGCTAAATGT-1,0.057614,0.718311,0.224075
AGCCTAATACCCACGT-1,0.032163,0.599289,0.368548
AGCCTTAAAGCGGAAG-1,0.000026,0.607074,0.3929
AGCCTTGTCACTGATA-1,0.303224,0.120504,0.576272
AGCGACAGGAACGGTC-1,0.237574,0.401749,0.360677
AGCGACATCCCATTCA-1,0.031293,0.774659,0.194048
AGCGACCAACGATATT-1,0.013465,0.766961,0.219574
AGCGAGACGTGAAGGC-1,0.107833,0.444091,0.448076
AGCGATGCGCCTAATA-1,0.334717,0.441663,0.22362
AGCGCATAATGAATCG-1,0.054892,0.630618,0.314491
AGCGCGGGTGCCAATG-1,0.931727,0.000725,0.067548
AGCGCTAGAGCGATGT-1,0.144592,0.060942,0.794466
AGCGCTTATGGGCAAG-1,0.000013,0.693391,0.306596
AGCGGACACTTCGTAG-1,0.405249,0.206794,0.387957
AGCGGCGGTTAGCGGT-1,0.001007,0.792358,0.206634
AGCGGGAAGGGTCCAT-1,0.047191,0.679424,0.273385
AGCGGGTCTGACACTC-1,0.958627,0.000289,0.041084
AGCGGTTGCCGCTCTG-1,0.153713,0.617457,0.22883
AGCGTACGAGAGCTAG-1,0.043092,0.54753,0.409378
AGCGTCTGAACCCGCA-1,0.000016,0.854897,0.145087
AGCGTGGTATTCTACT-1,0.839793,0.000257,0.15995
AGCTAACAAGCAATGT-1,0.238153,0.554085,0.207762
AGCTAAGTACGCAGGC-1,0.999596,0.000224,0.00018
AGCTAGAAGCAGAAGT-1,0.580696,0.04403,0.375274
AGCTATTTAATCCAAC-1,0.050581,0.834304,0.115115
AGCTCCATATATGTTC-1,0.386392,0.447122,0.166486
AGCTCCTTCGCACATC-1,0.999016,0.000547,0.000437
AGCTCGTTGATGGAAA-1,0.093748,0.042397,0.863855
AGCTCTAGACGTTCCA-1,0.26644,0.224794,0.508767
AGCTCTTCCCAGTGCA-1,0.123936,0.463843,0.412221
AGCTCTTCGTAACCTT-1,0.147082,0.086649,0.766269
AGCTCTTTACTCAGTT-1,0.006645,0.572755,0.4206
AGCTGAAGTAAACCAA-1,0.046463,0.22291,0.730628
AGCTGTAACCTCAATC-1,0.320121,0.442009,0.23787
AGCTTATAGAGACCTG-1,0.04204,0.764612,0.193349
AGCTTCTTCTCGAGCA-1,0.191591,0.690338,0.118071
AGCTTGATCAGGGTAG-1,0.699063,0.000258,0.300679
AGCTTGATCTTAACTT-1,0.01729,0.692299,0.290411
AGGAAAGCCTCTGATG-1,0.011628,0.605334,0.383038
AGGAACGAACGACTTC-1,0.29568,0.498955,0.205365
AGGAAGCTGTCCGCCG-1,0.101577,0.398616,0.499808
AGGACAGTCGAATCCC-1,0.531612,0.02563,0.442758
AGGACATCGCACGTCG-1,0.000028,0.896386,0.103586
AGGACGACCCATTAGA-1,0.04021,0.410571,0.549219
AGGACGCTCGATGTTG-1,0.037326,0.120161,0.842513
AGGACTTATAGGAGAA-1,0.00013,0.734231,0.265639
AGGAGACATCCACAGT-1,0.696529,0.200073,0.103398
AGGAGGCCTTCGCGCG-1,0.796134,0.128327,0.07554
AGGATAAAGTCGGGAT-1,0.102974,0.465379,0.431647
AGGATATAGGGATTTA-1,0.805979,0.022177,0.171844
AGGATATCCGACTGCA-1,0.104908,0.135378,0.759715
AGGATCACGCGATCTG-1,0.008486,0.740849,0.250666
AGGATTGCTTACGACA-1,0.998895,0.000614,0.000491
AGGCACGTGACTGTCC-1,0.979424,0.000388,0.020189
AGGCAGATGCGTAAAC-1,0.054235,0.686006,0.259758
AGGCAGGGAGCGTACT-1,0.2161,0.337893,0.446007
AGGCATTGTCGTAGGG-1,0.678573,0.049189,0.272237
AGGCCACCCGTTATGA-1,0.000014,0.953793,0.046193
AGGCCCAGTGACTGGT-1,0.010562,0.911071,0.078367
AGGCCCATTGTACAGG-1,0.001308,0.844271,0.154421
AGGCCCTAGAACGCCA-1,0.045338,0.631389,0.323273
AGGCCTATCATACCAA-1,0.168054,0.208081,0.623865
AGGCCTGAGAATCTCG-1,0.339656,0.30778,0.352563
AGGCGATAACTGGCGT-1,0.313857,0.476912,0.209231
AGGCGGTTTGTCCCGC-1,0.086224,0.751709,0.162067
AGGCGTCTATGGACGG-1,0.052205,0.230408,0.717387
AGGCTATGGTTAGCTT-1,0.000026,0.742438,0.257536
AGGCTTCCCGAAGAAG-1,0.122986,0.644032,0.232983
AGGCTTGCTAGACACC-1,0.000033,0.557956,0.442011
AGGGAAACGAGGTACT-1,0.003641,0.447035,0.549324
AGGGACAGCACGGCGG-1,0.122226,0.6387,0.239074
AGGGACCGGCTGCGTT-1,0.103217,0.843544,0.053239
AGGGACTCTACGCGAC-1,0.02111,0.841773,0.137117
AGGGAGACATACTTCG-1,0.232613,0.560125,0.207262
AGGGCAGCGGCGTGGT-1,0.00265,0.555808,0.441542
AGGGCCCTAATGTTCT-1,0.465203,0.292404,0.242393
AGGGCGAGCAGCTGAT-1,0.024107,0.713462,0.262431
AGGGCGTGATCGGCTA-1,0.02249,0.806099,0.171412
AGGGCTGCAGTTACAG-1,0.045308,0.436477,0.518215
AGGGTCAGAGCACTCG-1,0.088996,0.572629,0.338376
AGGGTCAGTAACCCTA-1,0.079954,0.143867,0.776179
AGGGTCGATGCGAACT-1,0.174459,0.338755,0.486786
AGGGTGCCGTTCTTTA-1,0.201231,0.534931,0.263838
AGGGTGCTCTCGAGGG-1,0.059719,0.635496,0.304786
AGGGTGGATAGTGCAT-1,0.252485,0.219606,0.527909
AGGGTGTGCTACACGC-1,0.000076,0.457402,0.542523
AGGGTTCAGACGGTCC-1,0.14631,0.438238,0.415452
AGGGTTCCCTTTGGTT-1,0.009432,0.749797,0.240771
AGGGTTTAGTTCGGGA-1,0.079528,0.580604,0.339868
AGGTAACCTCCTATTC-1,0.045523,0.773468,0.181009
AGGTACGATATTGCCA-1,0.099585,0.512403,0.388013
AGGTAGATCGAGATAT-1,0.655662,0.041757,0.302581
AGGTAGGTACAAAGCT-1,0.000008,0.843806,0.156186
AGGTATAATTGATAGT-1,0.109173,0.601932,0.288895
AGGTATGCGGACATTA-1,0.001452,0.056354,0.942194
AGGTCAGGTGAGAGTG-1,0.088887,0.584216,0.326897
AGGTCGCCTCCCAACA-1,0.999104,0.000498,0.000398
AGGTCGCGGAGTTACT-1,0.037814,0.920966,0.04122
AGGTGCACGTCCACAT-1,0.136095,0.517731,0.346174
AGGTGGTGACCTTCGC-1,0.998825,0.000653,0.000522
AGGTGTATCGCCATGA-1,0.005243,0.636641,0.358117
AGGTGTTGCCGACCAC-1,0.310605,0.554649,0.134746
AGGTTACACCATGCCG-1,0.997882,0.001177,0.000941
AGGTTCTCCTTTCCGG-1,0.265354,0.136404,0.598243
AGGTTGAGGCACGCTT-1,0.004112,0.961628,0.03426
AGGTTTCACACACCTT-1,0.042666,0.509975,0.44736
AGTAACGTTCATCCTG-1,0.706345,0.003593,0.290062
AGTAACTATAGCAGCC-1,0.292945,0.020243,0.686812
AGTAATCTAAGGGTGG-1,0.065313,0.000196,0.934491
AGTAATGTCTTGCCGC-1,0.019665,0.777146,0.203189
AGTAATTTGCAAGCGT-1,0.500546,0.278245,0.221209
AGTACAGAAGCTTATA-1,0.567591,0.025996,0.406413
AGTACATCATTTATCA-1,0.151054,0.014675,0.834271
AGTACCTTCGAGTGCT-1,0.12393,0.010381,0.865689
AGTACGGCCCGTATCG-1,0.000011,0.853869,0.14612
AGTACGGGCACCTGGC-1,0.043423,0.457042,0.499536
AGTACGTGGCCTGTCT-1,0.928107,0.071617,0.000276
AGTACTCTTATGCCCA-1,0.084775,0.085142,0.830084
AGTAGAAGGCGCCTCA-1,0.37208,0.208461,0.419459
AGTAGCTAGACGCCGA-1,0.030586,0.699885,0.269529
AGTAGGAAGGAAGTTG-1,0.008951,0.21851,0.772539
AGTAGGTAACATACAT-1,0.26365,0.235298,0.501052
AGTATAATACTAGGCA-1,0.011719,0.909348,0.078933
AGTATACACAGCGACA-1,0.114231,0.162075,0.723693
AGTATCCATAATAACG-1,0.036543,0.678624,0.284833
AGTATGCTGGAGACCA-1,0.109682,0.659783,0.230535
AGTATTTGGCACGACC-1,0.031463,0.614521,0.354016
AGTCAAATGATGTGAT-1,0.020788,0.749183,0.230028
AGTCAACACCACCATC-1,0.120251,0.26021,0.619539
AGTCAAGATGACACTT-1,0.998426,0.000874,0.000699
AGTCACTAGCTCTCGA-1,0.999731,0.000149,0.000119
AGTCACTCCGCCTCAT-1,0.077869,0.525908,0.396223
AGTCAGCCACCGCCTG-1,0.001348,0.693356,0.305296
AGTCCAGCGGGTACGT-1,0.069996,0.341457,0.588547
AGTCCATTGGCTGATG-1,0.137935,0.460552,0.401513
AGTCCCGCCTTTAATT-1,0.026007,0.228583,0.74541
AGTCCCTCGCAGAAAG-1,0.273667,0.13404,0.592293
AGTCGAAACGATTCAG-1,0.172532,0.613207,0.214261
AGTCGACGGTCTCAAG-1,0.171085,0.272034,0.556881
AGTCGGCCCAAACGAC-1,0.087994,0.698049,0.213957
AGTCGGCTCAACTTTA-1,0.074906,0.587887,0.337208
AGTCGGTTGCGTGAGA-1,0.084958,0.491289,0.423754
AGTCGTATAAAGCAGA-1,0.277089,0.504407,0.218504
AGTCGTCGACCACCAA-1,0.134854,0.47384,0.391307
AGTCGTGGGCATTACG-1,0.140619,0.525482,0.333899
AGTCTAAAGTATACTC-1,0.157528,0.599983,0.242489
AGTCTCACAAGACTAC-1,0.365005,0.211942,0.423053
AGTCTGGACATCCTTG-1,0.000024,0.727369,0.272607
AGTCTTCTCCTCAAAT-1,0.037243,0.31167,0.651088
AGTCTTTAAAGTGTCC-1,0.999649,0.000195,0.000156
AGTGAACAAACTTCTC-1,0.384567,0.174553,0.44088
AGTGAAGATGGTGTCC-1,0.112334,0.018633,0.869033
AGTGACCTACTTTACG-1,0.196998,0.650981,0.152022
AGTGACTGTGACACAA-1,0.058657,0.662241,0.279102
AGTGAGACTTCCAGTA-1,0.058731,0.734653,0.206616
AGTGAGCCTCGCCGCC-1,0.059258,0.837685,0.103057
AGTGAGGGTTTCTGAC-1,0.105326,0.28029,0.614385
AGTGAGTCGAATTAAC-1,0.99938,0.000345,0.000276
AGTGATAACCTGCGCG-1,0.069929,0.566015,0.364056
AGTGATATGAGTAGTT-1,0.144012,0.509767,0.346221
AGTGATTCAAGCAGGA-1,0.009962,0.702687,0.287351
AGTGCACGCTTAAGAA-1,0.999588,0.000229,0.000183
AGTGCGTAGCTCGTAA-1,0.000191,0.922098,0.077711
AGTGCTAAACACAGCA-1,0.15503,0.309233,0.535737
AGTGCTTGCACGAATA-1,0.156329,0.118575,0.725096
AGTGGCCCGCAAATGG-1,0.078925,0.012399,0.908675
AGTGGCGGCAATTTGA-1,0.264458,0.41418,0.321362
AGTGGCGTCTGAAGGT-1,0.332658,0.030627,0.636714
AGTGGCTCCGTCGGCC-1,0.003115,0.938403,0.058482
AGTGGGAGTATACACG-1,0.110907,0.385324,0.50377
AGTGGTGTTACCCGTG-1,0.521016,0.46474,0.014244
AGTGGTTGCGTATAGG-1,0.00001,0.997502,0.002488
AGTGTATTGCGCATTG-1,0.017613,0.243235,0.739152
AGTGTGCTAAGATCGC-1,0.003869,0.683925,0.312206
AGTGTGGTCTATTGTG-1,0.000032,0.525338,0.47463
AGTTAAACACTTGCGA-1,0.003842,0.890094,0.106064
AGTTAAGCGGTCCCGG-1,0.002521,0.767367,0.230112
AGTTAAGTCAACCGCT-1,0.152904,0.80622,0.040877
AGTTACCCTTAAGACT-1,0.001677,0.96651,0.031812
AGTTACCGCACATGGT-1,0.000022,0.729259,0.270719
AGTTACTCTATCGTGG-1,0.008594,0.587973,0.403433
AGTTCACCGGTTGGAC-1,0.015783,0.860855,0.123363
AGTTCCTACAGAATTA-1,0.225178,0.13419,0.640632
AGTTCCTATTTATGTT-1,0.000021,0.61072,0.389259
AGTTCTGCGTTGTATC-1,0.000036,0.624234,0.37573
AGTTGACATCGGCTGG-1,0.017106,0.437411,0.545482
AGTTGACGGTCCTTGC-1,0.770554,0.066713,0.162733
AGTTGCGGTCCTCAAC-1,0.10595,0.808419,0.085631
AGTTGCTGACTGATAT-1,0.021379,0.959012,0.019608
AGTTGGCAAGGCTAGA-1,0.250438,0.128907,0.620655
AGTTTATGTAAAGACA-1,0.473831,0.396915,0.129254
AGTTTCGCAGGTCGGA-1,0.000018,0.873638,0.126344
AGTTTGCACCTGCCTC-1,0.064648,0.707343,0.22801
AGTTTGGCACGGGTTG-1,0.273689,0.424371,0.30194
AGTTTGGCCAGACCTA-1,0.023803,0.665992,0.310205
ATAAACGGACCCGTAA-1,0.201512,0.632945,0.165543
ATAAACGTTGCACCAC-1,0.094902,0.726648,0.17845
ATAAAGGCTCGGTCGT-1,0.25653,0.325013,0.418457
ATAAAGGTCAAGTACG-1,0.003061,0.745632,0.251308
ATAAATATTAGCAGCT-1,0.042195,0.651167,0.306638
ATAACGCCGGAGGGTC-1,0.536842,0.228222,0.234936
ATAACGGAGTCCAACG-1,0.026443,0.561724,0.411833
ATAACGTTACCTCCAC-1,0.03307,0.439846,0.527083
ATAAGCAAACACCGAG-1,0.135521,0.352747,0.511732
ATAAGGTGGAGAACAT-1,0.999105,0.000497,0.000398
ATAAGTACCCGATTGT-1,0.00066,0.197355,0.801985
ATAAGTAGGATTCAGA-1,0.114256,0.753994,0.131751
ATAAGTAGGGCGACTC-1,0.506073,0.116219,0.377708
ATAAGTTACCGCGACG-1,0.328862,0.408325,0.262813
ATAATACCGTTAGCCG-1,0.000022,0.498085,0.501894
ATAATAGCTGTTGAAT-1,0.120977,0.815985,0.063038
ATAATAGTGTAGGGAC-1,0.000019,0.42186,0.578121
ATAATCTTGGAGAACC-1,0.999365,0.000353,0.000282
ATAATTAGCTAAGTAG-1,0.56236,0.074123,0.363517
ATACAGGCCCTCCAAT-1,0.03228,0.881346,0.086375
ATACCACGGGCAACTT-1,0.014169,0.786921,0.19891
ATACCAGCAAATTGCT-1,0.020702,0.363979,0.61532
ATACCAGGCTAATAGA-1,0.002639,0.77242,0.224941
ATACCGTCATCCATAA-1,0.002106,0.890634,0.10726
ATACCTAACCAAGAAA-1,0.020276,0.810613,0.169111
ATACGAAGGCTTTCCA-1,0.007744,0.542586,0.44967
ATACGCCGGCGAAACC-1,0.999283,0.000398,0.000319
ATACGGAACGTCGTTT-1,0.119276,0.59707,0.283654
ATACGGGTTTCGATTG-1,0.001655,0.445658,0.552687
ATACGGTGAAGATGCA-1,0.000017,0.707375,0.292607
ATACGTACTTAGCCAC-1,0.052679,0.640598,0.306723
ATACGTCCACTCCTGT-1,0.977911,0.0218,0.000288
ATACGTTATGCACGGA-1,0.389453,0.145667,0.464879
ATACTACCCGTACCAC-1,0.296469,0.539904,0.163627
ATACTAGCATGACCCT-1,0.068766,0.53109,0.400143
ATACTCTCGCCACTCT-1,0.146378,0.616291,0.237331
ATACTGCCTTACACCG-1,0.197773,0.453275,0.348952
ATACTTGTTCTCGAGC-1,0.038544,0.867875,0.093581
ATAGACAACGGGACCT-1,0.205753,0.280256,0.513991
ATAGACGAAGAGAAAG-1,0.016722,0.438906,0.544372
ATAGAGTACTGGGACA-1,0.014647,0.598472,0.386881
ATAGAGTTATCAACTT-1,0.29248,0.204796,0.502724
ATAGCAACTAGGGAAG-1,0.28339,0.368193,0.348417
