Barcode,Topic 1,Topic 2,Topic 3,Topic 4,Topic 5,Topic 6
AAACAACGAATAGTTC-1,0.004917,0.291689,0.206037,0.258735,0.132971,0.105651
AAACAAGTATCTCCCA-1,0.021584,0.74521,0.062331,0.130411,0.00179,0.038674
AAACAATCTACTAGCA-1,0.012572,0.521735,0.092766,0.101846,0.14649,0.124592
AAACACCAATAACTGC-1,0.114531,0.771234,0.000401,0.000401,0.113031,0.000401
AAACAGAGCGACTCCT-1,0.000085,0.692252,0.10133,0.156557,0.013513,0.036264
AAACAGCTTTCAGAAG-1,0.002805,0.136556,0.006015,0.052528,0.752983,0.049113
AAACAGGGTCTATATT-1,0.031686,0.559038,0.000147,0.011145,0.238697,0.159287
AAACAGTGTTCCTGGG-1,0.013422,0.780548,0.000194,0.000194,0.205449,0.000194
AAACATGGTGAGAGGA-1,0.078711,0.720894,0.000228,0.000228,0.199711,0.000228
AAACATTTCCCGGATT-1,0.0033,0.160761,0.23177,0.342523,0.075335,0.186311
AAACCACTACACAGAT-1,0.000805,0.513786,0.215321,0.193044,0.019334,0.057711
AAACCCGAACGAAATC-1,0.000035,0.765003,0.069343,0.164799,0.000035,0.000785
AAACCGGAAATGTTAA-1,0.000606,0.239421,0.367946,0.355087,0.027336,0.009604
AAACCGGGTAGGTACC-1,0.000033,0.366089,0.362967,0.153892,0.018743,0.098274
AAACCGTTCGTCCAGG-1,0.004978,0.599278,0.110272,0.187222,0.012415,0.085835
AAACCTAAGCAGCCGG-1,0.996043,0.000012,0.000012,0.000012,0.002516,0.001405
AAACCTCATGAAGTTG-1,0.06228,0.840431,0.000042,0.006977,0.073525,0.016745
AAACGAAGAACATACC-1,0.005047,0.494802,0.175582,0.159765,0.052902,0.111902
AAACGAAGATGGAGTA-1,0.263203,0.690828,0.000388,0.000388,0.044806,0.000388
AAACGACAGTCTTGCC-1,0.021101,0.160313,0.258394,0.438791,0.029526,0.091875
AAACGAGACGGTTGAT-1,0.000051,0.73756,0.148886,0.085139,0.003035,0.025328
AAACGCCCGAGATCGG-1,0.000067,0.941543,0.000404,0.057852,0.000067,0.000067
AAACGCTGGGCACGAC-1,0.032833,0.141581,0.330403,0.405986,0.022842,0.066356
AAACGGGCGTACGGGT-1,0.720556,0.095713,0.020869,0.02304,0.098876,0.040947
AAACGGGTTGGTATCC-1,0.009372,0.101807,0.601513,0.133595,0.063767,0.089947
AAACGGTTGCGAACTG-1,0.006583,0.334793,0.032476,0.097625,0.13034,0.398184
AAACGTGTTCGCCCTA-1,0.09095,0.526846,0.021994,0.301646,0.044201,0.014363
AAACTAACGTGGCGAC-1,0.000048,0.353033,0.230653,0.291969,0.058484,0.065813
AAACTCGGTTCGCAAT-1,0.045603,0.063605,0.209589,0.194795,0.154334,0.332073
AAACTCGTGATATAAG-1,0.000063,0.606665,0.110309,0.280302,0.000063,0.002598
AAACTGCTGGCTCCAA-1,0.005919,0.591284,0.209098,0.131458,0.016932,0.045309
AAACTTAATTGCACGC-1,0.095748,0.829605,0.00063,0.00063,0.072756,0.000631
AAACTTGCAAACGTAT-1,0.000604,0.610533,0.151572,0.134247,0.025745,0.077299
AAAGAATGACCTTAGA-1,0.130697,0.802034,0.000219,0.000219,0.066613,0.000219
AAAGAATGTGGACTAA-1,0.687005,0.197323,0.028724,0.039232,0.028483,0.019235
AAAGACATGAAGTTTA-1,0.000024,0.516119,0.146601,0.22166,0.06791,0.047685
AAAGACCCAAGTCGCG-1,0.003395,0.18144,0.238054,0.162872,0.061263,0.352975
AAAGACTGGGCGCTTT-1,0.000047,0.475638,0.078793,0.205538,0.024667,0.215318
AAAGCTTGCCTACATA-1,0.008831,0.369233,0.177631,0.408454,0.014714,0.021138
AAAGGCCCTATAATAC-1,0.109019,0.881354,0.002406,0.002405,0.00241,0.002406
AAAGGCTACGGACCAT-1,0.000019,0.168591,0.155298,0.128028,0.395177,0.152886
AAAGGCTCTCGCGCCG-1,0.024219,0.119596,0.493295,0.125247,0.049385,0.188258
AAAGGGATGTAGCAAG-1,0.011348,0.107115,0.397938,0.147044,0.087604,0.248951
AAAGGGCAGCTTGAAT-1,0.000036,0.739717,0.073878,0.157911,0.003122,0.025337
AAAGGTAAGCTGTACC-1,0.000049,0.487089,0.323079,0.180242,0.002198,0.007343
AAAGGTCAACGACATG-1,0.006031,0.737677,0.084785,0.162397,0.000827,0.008284
AAAGTAGCATTGCTCA-1,0.001651,0.464773,0.056397,0.07275,0.243714,0.160715
AAAGTCACTGATGTAA-1,0.000028,0.684766,0.159037,0.118945,0.022443,0.014781
AAAGTCGACCCTCAGT-1,0.007327,0.543597,0.090087,0.133766,0.055297,0.169925
AAAGTGCCATCAATTA-1,0.000036,0.492085,0.102306,0.385281,0.002387,0.017904
AAAGTGTGATTTATCT-1,0.000048,0.563167,0.155908,0.256509,0.001478,0.022891
AAAGTTGACTCCCGTA-1,0.016521,0.06029,0.435902,0.183478,0.076859,0.226951
AAATAACCATACGGGA-1,0.022537,0.559991,0.07575,0.279051,0.060818,0.001854
AAATAAGGTAGTGCCC-1,0.042063,0.496942,0.132034,0.160572,0.086351,0.082038
AAATACCTATAAGCAT-1,0.000359,0.355135,0.188791,0.170587,0.083287,0.201842
AAATAGCTTAGACTTT-1,0.000052,0.876039,0.028606,0.095199,0.000052,0.000052
AAATAGGGTGCTATTG-1,0.000031,0.218728,0.329926,0.28129,0.053109,0.116916
AAATCACTCCTAAACG-1,0.000347,0.443502,0.199165,0.127012,0.20397,0.026004
AAATCCGATACACGCC-1,0.999947,0.000011,0.000011,0.000011,0.000011,0.000011
AAATCGCGGAAGGAGT-1,0.000437,0.444213,0.000436,0.000436,0.554042,0.000436
AAATCGTGTACCACAA-1,0.000505,0.243488,0.144533,0.153832,0.05111,0.406531
AAATCTAGCCCTGCTA-1,0.003476,0.702491,0.090465,0.143708,0.016618,0.043242
AAATCTGCCCGCGTCC-1,0.119504,0.76272,0.000074,0.000074,0.117554,0.000074
AAATGACTGATCAAAC-1,0.120993,0.510845,0.000089,0.000089,0.367895,0.000089
AAATGATTCGATCAGC-1,0.006642,0.433781,0.128139,0.427974,0.000402,0.003062
AAATGCTCGTTACGTT-1,0.022277,0.483618,0.15288,0.151521,0.10921,0.080495
AAATGGCATGTCTTGT-1,0.016398,0.512382,0.159572,0.14798,0.065524,0.098143
AAATGGCCCGTGCCCT-1,0.025134,0.951762,0.00032,0.00032,0.022145,0.00032
AAATGGTCAATGTGCC-1,0.019582,0.092738,0.333437,0.128037,0.085931,0.340275
AAATGTATCTTATCCC-1,0.274476,0.392536,0.000275,0.010306,0.135707,0.186701
AAATGTGGGTGCTCCT-1,0.000438,0.556672,0.149957,0.119369,0.049223,0.124341
AAATTAACGGGTAGCT-1,0.025707,0.128407,0.211374,0.276242,0.090815,0.267456
AAATTAATAAGCGCGA-1,0.00928,0.573126,0.069254,0.237396,0.023231,0.087713
AAATTACACGACTCTG-1,0.000119,0.571075,0.175965,0.191598,0.02086,0.040383
AAATTACCTATCGATG-1,0.000043,0.029829,0.448051,0.471887,0.015838,0.034353
AAATTCCAGGTCCAAA-1,0.00005,0.50172,0.277559,0.194958,0.012476,0.013238
AAATTGATAGTCCTTT-1,0.049933,0.614523,0.003406,0.052561,0.084568,0.19501
AAATTGCGGCGGTTCT-1,0.010627,0.604507,0.108247,0.180413,0.025849,0.070357
AAATTGGTGAGAAGCA-1,0.023524,0.976288,0.000047,0.000047,0.000047,0.000047
AAATTTACCGAAATCC-1,0.015042,0.460576,0.143336,0.242419,0.093514,0.045113
AAATTTGCGGGTGTGG-1,0.004251,0.453875,0.143641,0.095832,0.271116,0.031284
AACAACTGGTAGTTGC-1,0.000026,0.406842,0.198172,0.274672,0.046175,0.074113
AACAATACATTGTCGA-1,0.000024,0.154511,0.094856,0.114767,0.395067,0.240776
AACAATTACTCTACGC-1,0.000032,0.739852,0.091084,0.099423,0.022864,0.046746
AACACGACTGTACTGA-1,0.022408,0.449918,0.107551,0.200529,0.091324,0.128269
AACACGAGACGCGGCC-1,0.000032,0.325747,0.237816,0.307233,0.051578,0.077595
AACACGCGGCCGCGAA-1,0.00484,0.157472,0.236181,0.261908,0.067006,0.272592
AACAGCTGTGTGGCAA-1,0.001878,0.003438,0.074792,0.066658,0.642643,0.210591
AACAGGAAATCGAATA-1,0.030719,0.526829,0.103928,0.159107,0.034486,0.144932
AACAGGATGGGCCGCG-1,0.000109,0.430083,0.168001,0.184056,0.001578,0.216172
AACAGGTAGTATGGAT-1,0.002212,0.5881,0.076139,0.287386,0.005719,0.040444
AACATAGCGTGTATCG-1,0.455065,0.130622,0.000325,0.002121,0.405094,0.006772
AACATATCAACTGGTG-1,0.000057,0.45777,0.157844,0.264196,0.082388,0.037745
AACATCGATACGTCTA-1,0.000069,0.046208,0.487498,0.391835,0.016936,0.057454
AACATTGAAGTTGATC-1,0.059249,0.454498,0.001871,0.001871,0.48064,0.001871
AACATTGGTCAGCCGT-1,0.000602,0.109448,0.404036,0.315587,0.022044,0.148284
AACATTGTGACTCGAG-1,0.000018,0.200172,0.176051,0.261026,0.138258,0.224475
AACCAAGACTTCTCTG-1,0.002431,0.166858,0.24419,0.146952,0.119356,0.320213
AACCAGTATCACTCTT-1,0.009212,0.320721,0.205643,0.392062,0.025442,0.046919
AACCATAGGGTTGAAC-1,0.131866,0.642625,0.000405,0.000405,0.224293,0.000405
AACCATGGGATCGCTA-1,0.000028,0.201255,0.401708,0.264988,0.039149,0.092872
AACCCAGAGACGGAGA-1,0.015453,0.387539,0.224645,0.139092,0.054816,0.178455
AACCCATCCCATGATC-1,0.040999,0.36438,0.00122,0.00122,0.59096,0.001221
AACCCGACAACCCGTG-1,0.000036,0.227021,0.021561,0.050487,0.529966,0.17093
AACCCGAGCAGAATCG-1,0.00004,0.599773,0.09498,0.268164,0.012302,0.02474
AACCCGATAGGGCTTC-1,0.000048,0.962005,0.00276,0.035091,0.000048,0.000048
AACCCGCTGTATTCCA-1,0.115905,0.379347,0.000034,0.004242,0.493156,0.007317
AACCCTACTGTCAATA-1,0.014845,0.628374,0.072266,0.192734,0.012798,0.078983
AACCCTGGTGGAACCA-1,0.047253,0.644449,0.070464,0.137976,0.027155,0.072703
AACCGAGCTTGGTCAT-1,0.021575,0.711945,0.099559,0.128823,0.010929,0.02717
AACCGCTAAGGGATGC-1,0.001254,0.371613,0.298795,0.203371,0.04687,0.078098
AACCGTTGTGTTTGCT-1,0.005877,0.457288,0.190208,0.220422,0.017345,0.10886
AACCTAAAGCCGTCCG-1,0.000037,0.745756,0.073898,0.172936,0.000037,0.007337
AACCTCGCTTTAGCCC-1,0.494366,0.303742,0.003496,0.014707,0.126196,0.057493
AACCTGTCACGGAATT-1,0.000065,0.999678,0.000064,0.000065,0.000064,0.000064
AACCTTTAAATACGGT-1,0.02026,0.304824,0.10833,0.18204,0.14421,0.240336
AACCTTTACGACGTCT-1,0.013331,0.693786,0.056321,0.185802,0.000087,0.050672
AACGAAAGTCGTCCCA-1,0.084305,0.775283,0.000665,0.000666,0.138416,0.000666
AACGACCTCCTAGCCG-1,0.102685,0.619917,0.037368,0.055364,0.048595,0.136071
AACGATAATGCCGTAG-1,0.068058,0.669711,0.069458,0.080895,0.01734,0.094539
AACGATAGAAGGGCCG-1,0.022821,0.385241,0.230186,0.17119,0.09087,0.099693
AACGATATGTCAACTG-1,0.000028,0.086575,0.204811,0.451177,0.179704,0.077706
AACGCATGATCTGGGT-1,0.031584,0.551175,0.178455,0.102012,0.006137,0.130637
AACGCGAACGGCAACA-1,0.033871,0.776259,0.036216,0.073466,0.049814,0.030374
AACGCGACCTTGGGCG-1,0.003479,0.520808,0.029949,0.141968,0.147133,0.156664
AACGCGGTCTCCAGCC-1,0.024472,0.759849,0.029573,0.047871,0.063677,0.074559
AACGCTGTTGCTGAAA-1,0.000041,0.381483,0.16687,0.391011,0.004138,0.056456
AACGGCCATCTCCGGT-1,0.003776,0.534798,0.127188,0.094307,0.121581,0.118351
AACGTACTGTGGGTAC-1,0.017815,0.795504,0.016341,0.053215,0.041588,0.075538
AACGTAGTCTACCCAT-1,0.032005,0.797484,0.045996,0.057639,0.044882,0.021994
AACGTCAGACTAGTGG-1,0.000026,0.3051,0.173764,0.39522,0.044871,0.081021
AACGTCATCCGGCTTG-1,0.143776,0.436725,0.000144,0.000144,0.419068,0.000144
AACGTCGCTGCACTTC-1,0.658679,0.175358,0.032903,0.093342,0.006019,0.033699
AACGTGATGAAGGACA-1,0.016422,0.607507,0.177234,0.169268,0.005934,0.023635
AACGTGCGAAAGTCTC-1,0.039516,0.474952,0.080218,0.140418,0.0491,0.215796
AACGTTATCAGCACCT-1,0.031296,0.482068,0.081645,0.253436,0.087384,0.064171
AACTACCCGTTTGTCA-1,0.000052,0.938587,0.005218,0.056038,0.000052,0.000052
AACTAGCGTATCGCAC-1,0.001776,0.098742,0.372986,0.151161,0.037395,0.33794
AACTAGGCTTGGGTGT-1,0.000058,0.840155,0.017721,0.039486,0.02366,0.078919
AACTCAAGTTAATTGC-1,0.002579,0.710072,0.089938,0.108092,0.040511,0.04881
AACTCCAGAGCGTGTT-1,0.003735,0.379418,0.215714,0.241957,0.030922,0.128253
AACTCCTAATCCCATG-1,0.000046,0.901861,0.054407,0.038937,0.000411,0.004339
AACTCGATAAACACGT-1,0.025406,0.542835,0.088837,0.073379,0.032574,0.236968
AACTCGATGGCGCAGT-1,0.026853,0.296493,0.243579,0.132546,0.10502,0.19551
AACTCTCAATAGAGCG-1,0.006101,0.205529,0.30047,0.462882,0.001986,0.023033
AACTCTCAGTGTGCTC-1,0.014184,0.751207,0.015953,0.039056,0.078019,0.101581
AACTGAGGTCAGCGTC-1,0.00003,0.083954,0.389437,0.448477,0.031747,0.046356
AACTGAGTTATACTGA-1,0.000029,0.168724,0.167055,0.525067,0.041627,0.097498
AACTGATATTAGGCCT-1,0.006944,0.256446,0.143513,0.187777,0.094175,0.311145
AACTGGGTCCCGACGT-1,0.025189,0.318195,0.388736,0.141777,0.032894,0.093209
AACTGGGTTCGAGCCG-1,0.02746,0.297097,0.298168,0.161321,0.029365,0.186591
AACTGGTGTGGGCCTT-1,0.012034,0.622975,0.1077,0.167961,0.012969,0.076361
AACTTCTGCGTCTATC-1,0.00928,0.529766,0.096854,0.162107,0.082018,0.119975
AACTTGCCCGTATGCA-1,0.000032,0.731488,0.091874,0.13571,0.006165,0.034731
AACTTGCGTTCTCGCG-1,0.01776,0.444932,0.108116,0.122018,0.092537,0.214637
AACTTTACGGGAGCTT-1,0.000046,0.958808,0.004489,0.0354,0.000046,0.00121
AACTTTAGCTGCTGAG-1,0.000022,0.378683,0.318131,0.235782,0.015523,0.051859
AACTTTCTCGATCATG-1,0.000083,0.623379,0.045493,0.226869,0.090373,0.013802
AAGAAAGTTTGATGGG-1,0.053531,0.484847,0.00008,0.00008,0.46037,0.001092
AAGAAATCACCAGATT-1,0.022867,0.737364,0.059952,0.13869,0.030569,0.010558
AAGAAGGATCAGTTAG-1,0.000016,0.04758,0.562624,0.229916,0.041431,0.118433
AAGACATACGTGGTTT-1,0.00009,0.767921,0.054957,0.080895,0.021852,0.074285
AAGACCAAATAACTCA-1,0.142792,0.699784,0.000316,0.000316,0.156476,0.000316
AAGACCCAACTGAACA-1,0.000018,0.128223,0.141017,0.182841,0.151163,0.396738
AAGACTAACCCGTTGT-1,0.015813,0.260116,0.315233,0.157826,0.081902,0.169109
AAGACTCACGCCCACT-1,0.010528,0.592648,0.096468,0.244973,0.008834,0.04655
AAGACTGCAAGCTACT-1,0.00003,0.00144,0.284307,0.177123,0.385301,0.151799
AAGAGATGAATCGGTA-1,0.01189,0.045691,0.40939,0.362153,0.034775,0.136101
AAGAGCTCTTTATCGG-1,0.012064,0.434838,0.220361,0.098687,0.150452,0.083598
AAGAGGATGTACGCGA-1,0.053089,0.311853,0.131602,0.192987,0.055793,0.254676
AAGAGGCATGGATCGC-1,0.002351,0.225919,0.356788,0.227262,0.019284,0.168396
AAGAGGCCCTTTGGAA-1,0.00487,0.770554,0.059979,0.15208,0.001528,0.01099
AAGATGGCACCGGACC-1,0.007073,0.650375,0.031025,0.073663,0.021477,0.216387
AAGATTGGCGGAACGT-1,0.010974,0.013109,0.511286,0.37835,0.012171,0.07411
AAGCACCCTGCGTATC-1,0.024781,0.416784,0.065597,0.09659,0.099107,0.297141
AAGCATACTCTCCTGA-1,0.032973,0.526323,0.081803,0.073382,0.058231,0.227288
AAGCCACTTGCAGGTA-1,0.095344,0.775365,0.000261,0.000261,0.128507,0.000261
AAGCCGAAGCGGTTTA-1,0.011643,0.077747,0.51296,0.289151,0.038801,0.069698
AAGCCGCCGTGAAATC-1,0.142672,0.5477,0.000354,0.000355,0.308564,0.000355
AAGCCGCTTTACCTTG-1,0.000039,0.621078,0.112019,0.247711,0.008053,0.0111
AAGCCGGAGAGCAGGA-1,0.000044,0.390622,0.226067,0.370784,0.000994,0.011489
AAGCGCAGGGCTTTGA-1,0.187935,0.113252,0.062544,0.080108,0.278771,0.277388
AAGCGGAGTGCGCGCA-1,0.025761,0.224716,0.166627,0.468709,0.086392,0.027796
AAGCGGCGTCATGGGT-1,0.000116,0.978812,0.004739,0.016101,0.000116,0.000116
AAGCGTCCCTCATCGA-1,0.009587,0.748521,0.01758,0.122912,0.053724,0.047676
AAGCTAGATCGAGTAA-1,0.000244,0.237333,0.245232,0.218258,0.024003,0.274929
AAGCTATGGATTGACC-1,0.031567,0.409105,0.000742,0.003767,0.539693,0.015126
AAGCTCGTGCCAAGTC-1,0.03891,0.415986,0.125715,0.210588,0.029551,0.17925
AAGCTCTTTCATGGTG-1,0.071344,0.420382,0.104364,0.136938,0.077879,0.189092
AAGGAGAACTTATAAG-1,0.028769,0.529128,0.01697,0.028998,0.358048,0.038089
AAGGAGCGGTTGGTGC-1,0.0009,0.339532,0.174274,0.163198,0.081103,0.240994
AAGGATCGATCGCTTG-1,0.024436,0.618908,0.085405,0.211854,0.025818,0.033579
AAGGATGAGGGACCTC-1,0.000033,0.151533,0.533704,0.28665,0.010335,0.017747
AAGGCAGGCTGTCTCC-1,0.01608,0.813351,0.020626,0.134167,0.007606,0.008169
AAGGCGCGTAAAGCTT-1,0.000025,0.578367,0.159171,0.189455,0.015099,0.057883
AAGGCTGTGCTCATCG-1,0.017127,0.323479,0.211889,0.22319,0.034892,0.189422
AAGGGAACGACTGGCT-1,0.301523,0.693523,0.001238,0.001238,0.001239,0.001238
AAGGGACAGATTCTGT-1,0.000086,0.40628,0.047911,0.514767,0.010917,0.020039
AAGGGACTATGCATTC-1,0.019717,0.369167,0.000402,0.000402,0.583183,0.027129
AAGGGTTAGCCATGCG-1,0.840234,0.131351,0.000027,0.001806,0.025205,0.001378
AAGGGTTTGATTTCAG-1,0.220929,0.588938,0.000218,0.000218,0.18948,0.000218
AAGGTATCCTAATATA-1,0.007853,0.501041,0.150388,0.225203,0.073218,0.042297
AAGGTGATAAACCAGC-1,0.00188,0.34186,0.29692,0.229876,0.031091,0.098374
AAGTAAGCTTCCAAAC-1,0.00497,0.71415,0.085783,0.117709,0.039334,0.038054
AAGTAGAAGACCGGGT-1,0.007688,0.056237,0.374992,0.231691,0.074451,0.254941
AAGTAGTGACGCGAGG-1,0.033777,0.560378,0.088128,0.094978,0.036591,0.186149
AAGTCAATTGTCGTCA-1,0.000036,0.235543,0.370132,0.358915,0.006527,0.028846
AAGTCTAGTAGCTGCC-1,0.025493,0.426215,0.191291,0.298105,0.02777,0.031126
AAGTCTTCTGTGGCCT-1,0.205329,0.660572,0.000608,0.000608,0.132274,0.000608
AAGTGACGACCGAATT-1,0.033574,0.736382,0.010939,0.094095,0.010684,0.114326
AAGTGAGTCGGGTTTA-1,0.021408,0.199618,0.108717,0.212448,0.166655,0.291154
AAGTGCAAAGGTAGAC-1,0.029713,0.347788,0.026977,0.082492,0.322607,0.190423
AAGTGCCTTGACTGTA-1,0.000086,0.598895,0.113544,0.261066,0.003125,0.023283
AAGTGCGTTAGAATCT-1,0.005279,0.213476,0.25423,0.215291,0.068107,0.243618
AAGTGCTTCTCTATTG-1,0.151828,0.606265,0.00181,0.001811,0.236475,0.001811
AAGTGTTTGGAGACGG-1,0.024034,0.761883,0.074819,0.079389,0.004181,0.055692
AAGTTCACTCCAAGCT-1,0.026918,0.438014,0.073481,0.100382,0.053055,0.308151
AAGTTCAGTCTGCGTA-1,0.014162,0.855792,0.04308,0.064452,0.000075,0.022439
AAGTTCGGCCAACAGG-1,0.007911,0.372093,0.165359,0.204744,0.126467,0.123427
AAGTTGTGATGTTATA-1,0.039076,0.675819,0.096225,0.130197,0.000827,0.057856
AAGTTTACTAATGGCA-1,0.032419,0.300779,0.064401,0.045726,0.3029,0.253776
AAGTTTATGGGCCCAA-1,0.060342,0.150645,0.010266,0.01551,0.632419,0.130817
AATAACAACGCTCGGC-1,0.000022,0.083629,0.307369,0.260774,0.11009,0.238117
AATAACACTAGAACAA-1,0.002075,0.001014,0.202913,0.129585,0.566501,0.097913
AATAACGTCGCGCCCA-1,0.999933,0.000013,0.000013,0.000013,0.000013,0.000013
AATAAGTCCTCGAGAC-1,0.000031,0.357342,0.305058,0.287277,0.019804,0.030488
AATAATCTTCGTATCG-1,0.000037,0.864803,0.019153,0.114776,0.00118,0.000051
AATACAATGTTTCAGG-1,0.009961,0.055256,0.267061,0.09646,0.18004,0.391222
AATACCGGAGGGCTGT-1,0.042293,0.545141,0.000106,0.000106,0.405294,0.007058
AATAGAACAGAGTGGC-1,0.011023,0.588098,0.096122,0.118338,0.071482,0.114936
AATAGAATCTGTTTCA-1,0.000257,0.178696,0.276785,0.33651,0.078642,0.12911
AATAGCAAGCCTCCTG-1,0.000065,0.688563,0.125198,0.167767,0.017156,0.001251
AATAGCTACCGCGTGC-1,0.000063,0.905901,0.006119,0.087791,0.000063,0.000063
AATAGGCACGACCCTT-1,0.178305,0.629042,0.000149,0.000149,0.192206,0.000149
AATAGTCCGTCCCGAC-1,0.002024,0.260141,0.234844,0.25789,0.040316,0.204785
AATAGTCGCGAGTCGG-1,0.00384,0.575027,0.000181,0.280205,0.134201,0.006547
AATATCAAGGTCGGAT-1,0.000022,0.525287,0.251564,0.15235,0.020771,0.050006
AATATCCTAGCAAACT-1,0.189844,0.807324,0.000708,0.000708,0.000708,0.000708
AATATCGAATCAATGC-1,0.00236,0.749827,0.097531,0.147779,0.000044,0.002459
AATATCGAGGGTTCTC-1,0.007871,0.098088,0.096324,0.59908,0.129763,0.068874
AATATTGGAGTATTGA-1,0.000058,0.463988,0.116089,0.157111,0.134192,0.128562
AATCAGACTGCAGGAC-1,0.013494,0.411698,0.18594,0.191766,0.076657,0.120446
AATCAGGTTTCATTTA-1,0.222052,0.646182,0.000769,0.000769,0.129459,0.00077
AATCATGTAAAGACTC-1,0.000039,0.410273,0.278934,0.259475,0.02072,0.03056
AATCCAAGGGCCTGAG-1,0.072359,0.468432,0.128098,0.075885,0.082783,0.172444
AATCCATGCAAGGGTG-1,0.008042,0.44825,0.14418,0.135936,0.040404,0.223187
AATCCCGCTCAGAGCC-1,0.208241,0.5596,0.000102,0.000102,0.231853,0.000102
AATCGAGGTCTCAAGG-1,0.234503,0.213061,0.000071,0.001083,0.539103,0.012179
AATCGCCTCAGCGCCA-1,0.006882,0.57784,0.131582,0.206274,0.008366,0.069055
AATCGCGCAGAGGACT-1,0.000042,0.493012,0.10793,0.370701,0.020753,0.007562
AATCGGGACACTACGA-1,0.025353,0.504915,0.088691,0.143827,0.095502,0.141712
AATCGGTATAGCCCTC-1,0.256747,0.456467,0.024846,0.182443,0.024109,0.055388
AATCGTGAGCCGAGCA-1,0.911431,0.031415,0.008839,0.020094,0.003571,0.024649
AATCTAGGTTTACTTG-1,0.001918,0.653569,0.001913,0.001914,0.338771,0.001915
AATCTATGCCGGAGCC-1,0.000094,0.575225,0.149855,0.140403,0.133319,0.001104
AATCTCTACTGTGGTT-1,0.029923,0.558924,0.036012,0.082385,0.080644,0.212112
AATCTGCGTTGGGACG-1,0.008377,0.095743,0.546304,0.323417,0.002881,0.023278
AATCTGGCTTTCTAGT-1,0.064038,0.676991,0.000296,0.000296,0.258083,0.000296
AATCTGGGTAGACCCT-1,0.000044,0.928271,0.020082,0.051515,0.000044,0.000044
AATGACAGCAATGTCT-1,0.008399,0.359012,0.144427,0.225994,0.13751,0.124657
AATGACGTAGGATGTC-1,0.023298,0.329937,0.209516,0.266902,0.058755,0.111593
AATGACTGTCAGCCGG-1,0.000195,0.699039,0.106605,0.144042,0.031551,0.018568
AATGAGTTCGCATATG-1,0.000014,0.000014,0.747655,0.055647,0.026626,0.170044
AATGATGATACGCTAT-1,0.007138,0.216101,0.378484,0.292946,0.021506,0.083824
AATGATGCGACTCCTG-1,0.000075,0.726944,0.13669,0.135401,0.000815,0.000075
AATGCAACCGGGTACC-1,0.001807,0.44847,0.199519,0.240653,0.016509,0.093042
AATGCACCAAGCAATG-1,0.007291,0.547897,0.118632,0.184298,0.033629,0.108253
AATGGCCGCCAATGCG-1,0.000034,0.872102,0.03575,0.089221,0.002859,0.000034
AATGGTCCACCGTTCA-1,0.00009,0.340143,0.006105,0.472371,0.11386,0.067431
AATGGTTCTCACAAGC-1,0.004174,0.186002,0.403171,0.234749,0.030203,0.141701
AATGTATGGCACTGTA-1,0.079889,0.803919,0.000647,0.000648,0.114249,0.000648
AATGTGCCCGAGGTGT-1,0.027499,0.500578,0.027307,0.182121,0.226355,0.036141
AATGTGCTAATCTGAG-1,0.034886,0.647671,0.000399,0.000399,0.316245,0.000399
AATGTTAAGACCCTGA-1,0.474912,0.331949,0.000043,0.000044,0.190417,0.002635
AATGTTGTCGTGAGAC-1,0.03342,0.909132,0.003597,0.048118,0.000483,0.00525
AATTAAAGGTCGGCGT-1,0.002042,0.59466,0.094658,0.173198,0.048329,0.087112
AATTAACGGATTTCCA-1,0.024678,0.263216,0.11417,0.180455,0.095136,0.322344
AATTACGAGACCCATC-1,0.067986,0.613051,0.000179,0.000179,0.318427,0.000179
AATTACTCGTACGCTC-1,0.002301,0.541122,0.082436,0.128437,0.102918,0.142786
AATTAGCGCTGCAGCG-1,0.007444,0.235416,0.186259,0.242744,0.081901,0.246236
AATTATACCCAGCAAG-1,0.775008,0.000027,0.003479,0.000027,0.188618,0.03284
AATTCATAAGGGATCT-1,0.000036,0.514138,0.303533,0.175231,0.000154,0.006907
AATTCATTGTCATGCA-1,0.156298,0.762203,0.000241,0.000241,0.080776,0.000241
AATTCCAACTTGGTGA-1,0.012326,0.425701,0.259295,0.193192,0.059797,0.049689
AATTCCAAGCATGTAC-1,0.018065,0.622607,0.044741,0.084975,0.086088,0.143523
AATTCGATTCGAGGAT-1,0.549756,0.17531,0.018477,0.018675,0.131191,0.106592
AATTCTAGAGTTAGGC-1,0.0005,0.252381,0.193657,0.197024,0.10866,0.247779
AATTGAACGCTCTGGT-1,0.000041,0.846896,0.055675,0.074949,0.006419,0.01602
AATTGCAGCAATCGAC-1,0.02549,0.534892,0.188889,0.20769,0.018412,0.024627
AATTGCGTGGATTACA-1,0.139717,0.658681,0.000302,0.000302,0.200696,0.000302
AATTGTGGTTGCCAAA-1,0.000043,0.184433,0.18036,0.451215,0.050256,0.133693
AATTTGGGACATAGTA-1,0.000097,0.76646,0.096848,0.118297,0.000097,0.0182
AATTTGGTTCCAAAGA-1,0.002399,0.493463,0.184128,0.151988,0.047069,0.120953
ACAAACCATGCGTCCT-1,0.096866,0.46511,0.000441,0.000441,0.4367,0.000441
ACAAACCGACAAGGCG-1,0.000495,0.284005,0.320243,0.322523,0.021849,0.050885
ACAAACTCCATCAGAG-1,0.115578,0.804397,0.000153,0.000153,0.079565,0.000153
ACAAAGAAGGTAGGCC-1,0.002765,0.986187,0.00276,0.002761,0.002764,0.002763
ACAAAGCATGACCTAG-1,0.002463,0.422655,0.234986,0.280732,0.007848,0.051315
ACAAATCGCACCGAAT-1,0.010205,0.258416,0.265825,0.185233,0.051951,0.228371
ACAAATGGTAGTGTTT-1,0.000048,0.604494,0.085988,0.139823,0.073182,0.096466
ACAAATTCAGATCTGA-1,0.000071,0.956743,0.023009,0.020035,0.000071,0.000071
ACAACAGCATGAGCTA-1,0.00003,0.628721,0.240682,0.125716,0.00003,0.004821
ACAACGGTCCCTGCGA-1,0.015995,0.344215,0.290723,0.080452,0.180034,0.088582
ACAAGCAGTGCCTAGC-1,0.000027,0.57458,0.131194,0.123103,0.03189,0.139206
ACAAGCTATATGGAAG-1,0.042125,0.837466,0.000608,0.000608,0.118585,0.000608
ACAAGGAAATCCGCCC-1,0.041685,0.527948,0.038681,0.020994,0.153234,0.217457
ACAAGGACAAGAGGTT-1,0.000462,0.193343,0.294768,0.251693,0.054191,0.205543
ACAAGGATGCTTTAGG-1,0.016185,0.253118,0.119227,0.313331,0.062713,0.235425
ACAAGGCCTACCAGCC-1,0.000094,0.982867,0.000167,0.016683,0.000094,0.000094
ACAAGGGCAGGCTCTG-1,0.027312,0.486763,0.0926,0.173177,0.158355,0.061793
ACAAGTAATTGTAAGG-1,0.103639,0.692843,0.000069,0.000069,0.203311,0.000069
ACAATAGTCGTACGTT-1,0.028447,0.75191,0.015796,0.044601,0.048217,0.111029
ACAATCCATTTAAACC-1,0.005028,0.379272,0.156936,0.108056,0.117126,0.233583
ACAATCGATCTTTATA-1,0.003705,0.26066,0.333671,0.249935,0.043439,0.10859
ACAATGAATACGGAGA-1,0.000805,0.316439,0.181002,0.121953,0.050673,0.329128
ACAATGATTCTTCTAC-1,0.000038,0.473271,0.288416,0.191056,0.00827,0.038948
ACAATTGTGTCTCTTT-1,0.000027,0.150898,0.343524,0.241432,0.211172,0.052947
ACAATTTAGGAGGCTC-1,0.000027,0.353747,0.198555,0.332893,0.025362,0.089415
ACAATTTGAGCAGTGG-1,0.024254,0.92197,0.006878,0.045837,0.001003,0.000057
ACAATTTGGCCATATT-1,0.000944,0.478079,0.252573,0.166539,0.024898,0.076967
ACACAAAGACGGGTGG-1,0.000035,0.545397,0.22922,0.106662,0.058633,0.060053
ACACAAATATTCCTAG-1,0.000025,0.310497,0.259413,0.344478,0.053435,0.032153
ACACACCAGGACCAGT-1,0.006967,0.254546,0.350885,0.248652,0.013917,0.125034
ACACACTTTCTACACG-1,0.017194,0.225042,0.462324,0.154565,0.040261,0.100613
ACACATGATCAAATCT-1,0.156121,0.656772,0.001983,0.001983,0.181159,0.001982
ACACATTGACGCAACA-1,0.004013,0.452555,0.107548,0.233324,0.06439,0.13817
ACACATTTCCGTAGAC-1,0.148453,0.224717,0.018255,0.040603,0.468938,0.099034
ACACCACATAATTAGC-1,0.072283,0.743826,0.00189,0.026546,0.13343,0.022025
ACACCCAGCATGCAGC-1,0.000025,0.357364,0.200847,0.241474,0.072948,0.127342
ACACCCGAGAAATCCG-1,0.000021,0.123961,0.396607,0.252771,0.103588,0.123051
ACACCCGTAAATCTGT-1,0.006777,0.324482,0.186494,0.384863,0.048877,0.048506
ACACCGAGCGCTCTTT-1,0.033683,0.60699,0.04705,0.100875,0.047472,0.16393
ACACCGGTCTGACCGC-1,0.085276,0.863707,0.000548,0.000548,0.049372,0.000548
ACACCTTAAGTAGGGC-1,0.004992,0.301555,0.318757,0.213208,0.077237,0.084251
ACACCTTACTACTTGC-1,0.000064,0.713999,0.056242,0.135342,0.050947,0.043406
ACACGAGACTCCTTCT-1,0.001159,0.506112,0.284754,0.17631,0.009571,0.022094
ACACGGCACTATGCAT-1,0.00004,0.971747,0.000576,0.016448,0.001862,0.009327
ACACGGGAACTTAGGG-1,0.000072,0.948831,0.012353,0.0386,0.000072,0.000072
ACACGTAGGCCACAAG-1,0.000038,0.19425,0.346798,0.228762,0.069262,0.160891
ACACTCCAATGTCACT-1,0.00425,0.181742,0.237108,0.222372,0.110667,0.243861
ACACTGGGACAGTCGT-1,0.000026,0.091472,0.126091,0.176277,0.576683,0.029451
ACAGAACTGAGAACAA-1,0.000031,0.252253,0.208986,0.087606,0.265475,0.185648
ACAGATTAGGTTAGTG-1,0.000045,0.835688,0.062504,0.068968,0.002298,0.030496
ACAGCATAGAGCCAGT-1,0.006962,0.658609,0.118487,0.062259,0.053618,0.100064
ACAGCGACATTCTCAT-1,0.008188,0.304112,0.323669,0.290483,0.01818,0.055368
ACAGCGCACCCGCAGC-1,0.023816,0.459826,0.220389,0.209921,0.022993,0.063055
ACAGGAGGCGCAGCCG-1,0.000032,0.74694,0.081247,0.159656,0.000539,0.011586
ACAGGCACGGATCCTT-1,0.780093,0.134874,0.009445,0.028677,0.027068,0.019843
ACAGGCTTGCCCGACT-1,0.01619,0.325718,0.205143,0.178041,0.103211,0.171697
ACAGGTGGAGGTGAGG-1,0.015734,0.252589,0.13788,0.187318,0.086115,0.320365
ACAGGTGTGTTGTTGC-1,0.000592,0.819515,0.000591,0.000591,0.178119,0.000591
ACAGTAATACAACTTG-1,0.043633,0.81324,0.000192,0.000192,0.14255,0.000192
ACAGTATACCGTGGGA-1,0.000028,0.714066,0.057982,0.221245,0.001023,0.005655
ACAGTGCAGCGCATTT-1,0.020961,0.233165,0.380904,0.203943,0.042129,0.118898
ACATAAGTCGTGGTGA-1,0.189852,0.566906,0.000552,0.000552,0.241586,0.000552
ACATAATAAGGCGGTG-1,0.066103,0.684214,0.045454,0.063631,0.016503,0.124095
ACATACAATCAAGCGG-1,0.94667,0.052333,0.000025,0.000553,0.000394,0.000025
ACATCAGCTGGGACGC-1,0.000033,0.313867,0.230338,0.242163,0.077556,0.136043
ACATCCCGGCCATACG-1,0.003625,0.320533,0.188303,0.194939,0.036908,0.255692
ACATCCTGGTAACTGT-1,0.000032,0.377294,0.317834,0.29277,0.003834,0.008236
ACATCGATCGTTTACC-1,0.042006,0.417515,0.157283,0.118998,0.094902,0.169295
ACATCGCAATATTCGG-1,0.064407,0.806615,0.000165,0.000165,0.128483,0.000165
ACATCGGTCAGCCGCG-1,0.000046,0.649083,0.061509,0.045667,0.02823,0.215465
ACATCGTATGCAATGG-1,0.000151,0.002423,0.553907,0.207342,0.047641,0.188536
ACATCGTTAACCTAGT-1,0.000138,0.725843,0.113103,0.160639,0.000138,0.000139
ACATCTCAACGCGTAA-1,0.000037,0.829704,0.072779,0.068269,0.016159,0.013053
ACATGCTTACGGCAGC-1,0.117303,0.80259,0.000113,0.000113,0.079768,0.000113
ACATGGCGCCAAAGTA-1,0.003692,0.421907,0.210069,0.278121,0.020264,0.065947
ACATGGCTCAATTTAG-1,0.007342,0.243288,0.263362,0.29403,0.092802,0.099177
ACATTAGTTTATATCC-1,0.003417,0.042787,0.510172,0.157263,0.048941,0.23742
ACATTCGCGCGGAATA-1,0.097255,0.214995,0.000599,0.0006,0.685951,0.0006
ACCAAACACCCAGCGA-1,0.000031,0.473261,0.143213,0.352664,0.00909,0.021741
ACCAAACTAGAAATCC-1,0.000284,0.122358,0.331815,0.287465,0.14213,0.115947
ACCAACACCACACACT-1,0.010012,0.41337,0.217027,0.316233,0.020926,0.022432
ACCAACCGCACTCCAC-1,0.017577,0.660718,0.073121,0.136099,0.011516,0.100969
ACCAACGCTTATTTAT-1,0.002433,0.272325,0.087243,0.217709,0.226186,0.194103
ACCAAGAACGCGTGTC-1,0.001337,0.597107,0.193118,0.161203,0.004744,0.04249
ACCAAGTCATCGGCAG-1,0.785527,0.000024,0.039789,0.014977,0.039687,0.119996
ACCAATATGCAAGTTA-1,0.010055,0.266245,0.130669,0.227666,0.059004,0.306362
ACCACAACTCAGAACA-1,0.000025,0.619492,0.117234,0.218936,0.019072,0.025241
ACCACAAGTTTCTATC-1,0.022716,0.470111,0.146766,0.112189,0.094125,0.154093
ACCACACGGTTGATGG-1,0.254763,0.181227,0.001383,0.004218,0.527101,0.031309
ACCACCAATGTAACAA-1,0.000048,0.983802,0.00085,0.015203,0.000048,0.000049
ACCACCCTCTCTTCTA-1,0.000039,0.909565,0.009199,0.08012,0.000724,0.000353
ACCACGTGCAGCTATA-1,0.018515,0.372228,0.087964,0.141693,0.147771,0.231828
ACCACTGTTCAAGAAG-1,0.006703,0.485286,0.153691,0.214305,0.056439,0.083575
ACCAGACCATAACAAC-1,0.014568,0.645393,0.000299,0.000299,0.325728,0.013712
ACCAGGAGTGTGATCT-1,0.019209,0.286026,0.195159,0.072713,0.070347,0.356546
ACCAGTGCCCGGTCAA-1,0.00006,0.969356,0.009009,0.021455,0.00006,0.00006
ACCAGTGCGGGAGACG-1,0.041671,0.440767,0.101826,0.125341,0.017531,0.272865
ACCATATCCGCAATAA-1,0.017569,0.475472,0.130104,0.192175,0.096,0.08868
ACCATCCGCCAACTAG-1,0.062203,0.749196,0.000522,0.000522,0.187037,0.000522
ACCATCGTATATGGTA-1,0.000068,0.559171,0.080411,0.112429,0.032385,0.215537
ACCATTAAGGGTGTCA-1,0.000018,0.015006,0.306325,0.190208,0.244603,0.243839
ACCCAACGCCCGTGGC-1,0.000037,0.288094,0.30128,0.365963,0.008544,0.036082
ACCCACCTACATGCTC-1,0.029703,0.747403,0.050868,0.054757,0.045571,0.071698
ACCCATCTTGAGGGTA-1,0.044221,0.61559,0.029927,0.101553,0.047791,0.160919
ACCCATTTGTCCCTCT-1,0.021807,0.229036,0.157327,0.480373,0.03962,0.071837
ACCCGAGCGAAATTAC-1,0.000139,0.876001,0.000138,0.000138,0.123445,0.000138
ACCCGATTGGTTCCGA-1,0.000733,0.870936,0.000733,0.000733,0.126132,0.000733
ACCCGGAAACTCCCAG-1,0.043081,0.236651,0.128315,0.244809,0.073315,0.273829
ACCCGGAGCACCACAA-1,0.00002,0.031409,0.403677,0.524669,0.008696,0.03153
ACCCGGATGACGCATC-1,0.025363,0.247517,0.404878,0.198259,0.028616,0.095368
ACCCGGTTACACTTCC-1,0.025205,0.487775,0.121692,0.234194,0.039036,0.092097
ACCCGTAGCAGAGAAT-1,0.112348,0.843571,0.000161,0.000161,0.043597,0.000161
ACCCGTAGTCTAGTTG-1,0.06298,0.40081,0.016486,0.436889,0.020502,0.062333
ACCCGTGTCATCAGTA-1,0.009898,0.050376,0.203249,0.1089,0.080025,0.547552
ACCCTATAGGACTGAG-1,0.002336,0.135059,0.488251,0.261524,0.028019,0.084812
ACCCTATGCCATATCG-1,0.000849,0.536387,0.069766,0.178669,0.049927,0.164404
ACCCTCCCGTCAGGGC-1,0.803197,0.088371,0.04054,0.038118,0.014622,0.015152
ACCCTCCCTTGCTATT-1,0.017476,0.293564,0.40189,0.174176,0.042935,0.069959
ACCCTGGTAACGCCCT-1,0.003464,0.742854,0.060138,0.158814,0.011084,0.023646
ACCCTTCATCTGCGAA-1,0.022743,0.292958,0.267163,0.194855,0.072559,0.149723
ACCCTTGCCTGGGTCG-1,0.000039,0.918076,0.029292,0.052224,0.00004,0.000328
ACCCTTTAGTTCTCCA-1,0.000059,0.492756,0.108987,0.330162,0.006037,0.061998
ACCGAAAGGGCCCTGC-1,0.000019,0.39779,0.332638,0.169509,0.009859,0.090185
ACCGAAGAGTCTGGTT-1,0.0007,0.420162,0.000699,0.000699,0.577043,0.000699
ACCGACACATCTCCCA-1,0.024181,0.005567,0.169641,0.203709,0.161874,0.435028
ACCGACTGAGTCCCAC-1,0.013673,0.217379,0.428337,0.216439,0.019011,0.10516
ACCGAGTCTCCTTATT-1,0.742297,0.030292,0.024088,0.056698,0.038297,0.108327
ACCGATAGGCATAACC-1,0.000028,0.529669,0.138367,0.249957,0.047133,0.034845
ACCGATATTTAATCAT-1,0.007532,0.430828,0.253973,0.30026,0.002761,0.004646
ACCGATGGTAGCATCG-1,0.00005,0.315315,0.281147,0.373791,0.012196,0.017502
ACCGCAATAACTGCCT-1,0.016796,0.683739,0.040294,0.052819,0.053058,0.153294
ACCGCGGTGGAAGTCG-1,0.000049,0.519131,0.203856,0.197709,0.011235,0.068021
ACCGCTAGTCATTGGT-1,0.082235,0.801405,0.000369,0.000369,0.115253,0.000369
ACCGGGCCTTTGTTGA-1,0.00008,0.471,0.093816,0.33412,0.065458,0.035527
ACCGGTCAGGTACACC-1,0.000721,0.846658,0.000719,0.00072,0.150462,0.00072
ACCGGTCTGAGTACGG-1,0.004132,0.518304,0.140726,0.105333,0.176961,0.054544
ACCGTCCACTGGGCCC-1,0.069729,0.476731,0.00017,0.00017,0.453031,0.00017
ACCGTGACCACGTGGG-1,0.002568,0.162733,0.076736,0.1056,0.196102,0.456262
ACCGTTCCCGCTCTGA-1,0.000032,0.34769,0.412727,0.175399,0.024843,0.039309
ACCTAAGTACCTTTCA-1,0.006496,0.514676,0.105653,0.257795,0.071694,0.043687
ACCTAATCGACTTCCT-1,0.023898,0.420387,0.164636,0.14902,0.07304,0.169019
ACCTACAGTATGTGGT-1,0.000065,0.879893,0.035023,0.084889,0.000065,0.000065
ACCTACTATAAATCTA-1,0.053994,0.596273,0.0278,0.07898,0.092946,0.150008
ACCTCAGCGAGGCGCA-1,0.931422,0.068382,0.000049,0.000049,0.000049,0.000049
ACCTCCGCCCTCGCTG-1,0.000039,0.134008,0.325134,0.339875,0.145451,0.055492
ACCTCCGTTATTCACC-1,0.000075,0.964275,0.000075,0.035424,0.000075,0.000075
ACCTCGAACTTATGCT-1,0.000912,0.767958,0.00091,0.00091,0.228399,0.000911
ACCTGCGTGTCATGTT-1,0.020311,0.17974,0.224433,0.122914,0.046592,0.406009
ACCTTTCCTTTAGAAG-1,0.005997,0.384108,0.277626,0.183744,0.067451,0.081074
ACGAAATGGGCGGCAC-1,0.003684,0.76511,0.027149,0.088996,0.055267,0.059795
ACGACCCATGAGTTGC-1,0.000043,0.723562,0.087215,0.18884,0.000043,0.000297
ACGACTCTAGGGCCGA-1,0.727411,0.107235,0.042295,0.096371,0.017125,0.009563
ACGACTGGTCATACTC-1,0.00014,0.738875,0.000123,0.000123,0.260614,0.000123
ACGAGAACCCATCACG-1,0.002594,0.11524,0.39724,0.271579,0.032226,0.18112
ACGAGATATTTGCTTA-1,0.00307,0.938558,0.026634,0.03115,0.000043,0.000545
ACGAGGATACCACTCT-1,0.000201,0.828769,0.000201,0.000201,0.170427,0.000201
ACGAGGTTTACAACGT-1,0.147699,0.848063,0.001059,0.001059,0.00106,0.001059
ACGAGTACGGATGCCC-1,0.022164,0.627171,0.092411,0.054207,0.136182,0.067865
ACGAGTCGCCGGCGTT-1,0.000041,0.768696,0.01609,0.088906,0.10999,0.016277
ACGATACATAGAACTA-1,0.012809,0.18794,0.269557,0.360191,0.038164,0.13134
ACGATACCTATCCTGA-1,0.001005,0.994981,0.001004,0.001003,0.001004,0.001003
ACGATCATACATAGAG-1,0.021292,0.408507,0.088689,0.164777,0.072604,0.244131
ACGATCATCTTGTAAA-1,0.052234,0.508096,0.103272,0.198447,0.066429,0.071522
ACGATGCATATGTTAT-1,0.035188,0.546663,0.072849,0.06771,0.070486,0.207105
ACGATGGATCCGATGC-1,0.000047,0.992207,0.000603,0.00705,0.000047,0.000047
ACGCAAACTAATAGAT-1,0.000021,0.253207,0.070608,0.159531,0.159477,0.357156
ACGCAATCACTACAGC-1,0.000061,0.529039,0.262999,0.147478,0.059457,0.000966
ACGCATAAATGACATG-1,0.000067,0.999664,0.000067,0.000067,0.000067,0.000067
ACGCATACGTTTACTA-1,0.032475,0.533861,0.063385,0.249824,0.037209,0.083246
ACGCATTCGTGAGTAC-1,0.000593,0.0685,0.46319,0.133465,0.0922,0.242052
ACGCCACTCGAAACAG-1,0.169591,0.352685,0.000039,0.001206,0.462636,0.013842
ACGCCAGATGATTTCT-1,0.005744,0.334835,0.297842,0.314704,0.010975,0.0359
ACGCCGCTAGACGACC-1,0.005933,0.408819,0.079705,0.173753,0.30545,0.026339
ACGCCTGACACGCGCT-1,0.000023,0.517237,0.097383,0.134831,0.234049,0.016477
ACGCGAAGTCAGACGA-1,0.002385,0.489908,0.096952,0.090538,0.029785,0.290432
ACGCGCTACACAGGGT-1,0.023457,0.680059,0.025531,0.076715,0.088809,0.105428
ACGCGGGCCAAGGACA-1,0.000352,0.42156,0.200365,0.201475,0.047516,0.128732
ACGCGTTTCTTAAGAG-1,0.000019,0.091842,0.364002,0.227091,0.185682,0.131364
ACGCTACTGAATGGGC-1,0.985777,0.000012,0.000012,0.000012,0.003267,0.010919
ACGCTAGTATCAGTGC-1,0.000031,0.389268,0.251624,0.343806,0.005914,0.009357
ACGCTAGTGATACACT-1,0.000099,0.142542,0.086648,0.530355,0.147319,0.093037
ACGCTGTGAGGCGTAG-1,0.009858,0.308824,0.073139,0.467967,0.026475,0.113737
ACGCTTAGTGTCTCTC-1,0.000026,0.395884,0.177307,0.279981,0.096702,0.0501
ACGGAATTTAGCAAAT-1,0.007819,0.020609,0.502034,0.114112,0.057466,0.297959
ACGGACGCAGCGACAA-1,0.144495,0.751404,0.000204,0.000204,0.103489,0.000204
ACGGACTCTCAAAGCG-1,0.068123,0.299975,0.106023,0.090017,0.136113,0.299748
ACGGAGCGCAAATTAC-1,0.000086,0.923748,0.043278,0.032569,0.000086,0.000235
ACGGATGGTGCGGATA-1,0.020181,0.281802,0.230119,0.193612,0.05079,0.223497
ACGGCACTTGCTTGGG-1,0.000046,0.718615,0.044455,0.202526,0.007739,0.026619
ACGGCCAACATGGACT-1,0.021967,0.785786,0.016614,0.070293,0.046856,0.058483
ACGGCGACGATGGGAA-1,0.012794,0.579158,0.07479,0.133425,0.068258,0.131575
ACGGCGGGTTGCCCTG-1,0.000028,0.545445,0.25814,0.13859,0.037455,0.020342
ACGGCTGGATGTAGAA-1,0.035383,0.42759,0.000265,0.000265,0.533969,0.002528
ACGGGAGTGTCGGCCC-1,0.000052,0.46261,0.191379,0.270437,0.021043,0.054479
ACGGGCGTATGCGACA-1,0.002519,0.95694,0.00604,0.007173,0.027274,0.000055
ACGGGTCATGTGACTT-1,0.000793,0.375872,0.298789,0.173331,0.046715,0.1045
ACGGGTTGTGACCTGT-1,0.065819,0.651897,0.000115,0.000116,0.281938,0.000116
ACGGTACAGTTCAATG-1,0.715228,0.110753,0.055129,0.094777,0.009601,0.014512
ACGGTCACCGAGAACA-1,0.021168,0.476668,0.00019,0.00019,0.498817,0.002967
ACGTACAGATTTCTCT-1,0.029198,0.684136,0.068521,0.118335,0.001856,0.097955
ACGTACTTTGGCACGG-1,0.015583,0.626133,0.000367,0.000367,0.357183,0.000367
ACGTAGATTGCTGATG-1,0.002473,0.531063,0.159261,0.181388,0.055113,0.070702
ACGTATTACTCCGATC-1,0.036698,0.163334,0.242856,0.196524,0.1312,0.229387
ACGTCCTAAACGAGAT-1,0.017552,0.419272,0.229835,0.184167,0.021128,0.128045
ACGTCGGGCAACTCGG-1,0.053023,0.573918,0.000078,0.000078,0.372824,0.000078
ACGTCTCGTTCCGGGA-1,0.030778,0.722669,0.00149,0.00149,0.242083,0.001491
ACGTGACAAAGTAAGT-1,0.163438,0.833543,0.000565,0.000565,0.001322,0.000565
ACGTGCGCCTCGTGCA-1,0.007041,0.14577,0.335958,0.335236,0.032106,0.14389
ACGTGGTCGAATGTGC-1,0.000717,0.740352,0.114901,0.100056,0.029417,0.014557
ACGTTAATGTCGAAGA-1,0.000023,0.096076,0.520202,0.121231,0.11156,0.150908
ACGTTAGATTTGCCCG-1,0.079035,0.414653,0.027768,0.142091,0.109635,0.226819
ACGTTATTGGTCACTC-1,0.009311,0.045745,0.373779,0.148222,0.076372,0.346571
ACGTTCACTATGCCGC-1,0.178844,0.757562,0.000393,0.000393,0.062414,0.000393
ACGTTCCGCGCTCCGT-1,0.012186,0.069964,0.513493,0.161996,0.064728,0.177633
ACGTTCGCAATCAATT-1,0.000075,0.938179,0.005951,0.055643,0.000075,0.000075
ACGTTCGTTCAGGAAA-1,0.003774,0.545097,0.031113,0.138198,0.059131,0.222686
ACGTTCTGTACAAGTC-1,0.084877,0.182162,0.306991,0.184469,0.103879,0.137622
ACGTTGTCGTTGAAAG-1,0.081899,0.791566,0.000117,0.000117,0.126185,0.000117
ACGTTTAGTTGTGATC-1,0.043288,0.524524,0.153985,0.10342,0.063089,0.111694
ACGTTTCGGTGCACTT-1,0.544714,0.432426,0.000073,0.000296,0.018754,0.003737
ACTAAGGACGCACACC-1,0.000048,0.921987,0.00922,0.059049,0.009649,0.000048
ACTAATACGTCAGGCG-1,0.02987,0.320161,0.215539,0.200577,0.090145,0.143707
ACTACAAAGAGAGGTG-1,0.000855,0.774521,0.000063,0.01356,0.19574,0.01526
ACTACATCCCGACAAG-1,0.066302,0.686841,0.000612,0.000613,0.245019,0.000613
ACTACCAGCTCTCTGG-1,0.000936,0.671229,0.104406,0.104223,0.030999,0.088209
ACTACCATCCGAGGGC-1,0.024826,0.960898,0.00023,0.00023,0.013585,0.00023
ACTACGCGTTAGAATT-1,0.000047,0.096413,0.286644,0.1442,0.090426,0.38227
ACTAGTTGCGATCGTC-1,0.00006,0.761927,0.097422,0.140176,0.000061,0.000353
ACTATATGCTGTGTTC-1,0.000035,0.35835,0.296241,0.337712,0.002266,0.005396
ACTATCCAGGGCATGG-1,0.000078,0.56105,0.09558,0.283053,0.032586,0.027653
ACTATCGCCGGCTAAA-1,0.018207,0.624441,0.059827,0.188291,0.020152,0.089082
ACTATCTGCCCGCGTA-1,0.003411,0.041849,0.411286,0.252874,0.246674,0.043907
ACTATGTCCAGCTGCC-1,0.249703,0.743564,0.001682,0.001683,0.001685,0.001683
ACTATTTCCGGGCCCA-1,0.000096,0.423143,0.105701,0.135114,0.208088,0.127858
ACTCAACGAATGTATT-1,0.000013,0.115317,0.074212,0.062793,0.740657,0.007007
ACTCAAGTGCAAGGCT-1,0.000789,0.235297,0.293015,0.152164,0.179067,0.139668
ACTCAATAAAGGCACG-1,0.000044,0.349357,0.282067,0.25594,0.043609,0.068983
ACTCAGACCTGCTTCT-1,0.036564,0.197312,0.158919,0.086361,0.139414,0.38143
ACTCATGGCAGCCTTC-1,0.093001,0.904031,0.000742,0.000742,0.000743,0.000742
ACTCCAATATCATCAT-1,0.063086,0.744323,0.000161,0.000161,0.192109,0.000161
ACTCCCATTCCTAAAG-1,0.00643,0.225531,0.041558,0.080337,0.432375,0.213768
ACTCCCGAATTCGTTT-1,0.003642,0.603185,0.184655,0.144802,0.020295,0.043421
ACTCCCGTAGACTAGG-1,0.009356,0.415647,0.289988,0.245801,0.012285,0.026923
ACTCCCTAATGCTAAA-1,0.017243,0.647464,0.082238,0.116144,0.046417,0.090494
ACTCCCTAGAATAGTA-1,0.054771,0.60979,0.021955,0.034107,0.054587,0.22479
ACTCCGGCCGACCACT-1,0.926742,0.005009,0.015301,0.020205,0.018557,0.014186
ACTCGATGTATTTCAT-1,0.006671,0.562399,0.103939,0.118532,0.141222,0.067237
ACTCGCCGTTCGATAA-1,0.005392,0.889612,0.031734,0.05308,0.009671,0.010511
ACTCGCGATCTGACGC-1,0.040295,0.618414,0.07769,0.19427,0.048877,0.020455
ACTCGTAACCCGTCCT-1,0.000022,0.009749,0.146006,0.053233,0.296475,0.494515
ACTCGTCAGTAATCCC-1,0.000032,0.427824,0.331418,0.197262,0.002503,0.040961
