Barcode,Topic 1,Topic 2to3,Topic 4to6
AAACAACGAATAGTTC-1,0.236039,0.439291,0.324671
AAACAAGTATCTCCCA-1,0.197726,0.329486,0.472787
AAACAATCTACTAGCA-1,0.171248,0.123012,0.70574
AAACACCAATAACTGC-1,0.011818,0.696258,0.291925
AAACAGAGCGACTCCT-1,0.962684,0.037068,0.000248
AAACAGCTTTCAGAAG-1,0.011751,0.079107,0.909142
AAACAGGGTCTATATT-1,0.042587,0.382175,0.575238
AAACAGTGTTCCTGGG-1,0.023455,0.396189,0.580356
AAACATGGTGAGAGGA-1,0.213017,0.287796,0.499187
AAACATTTCCCGGATT-1,0.151954,0.43339,0.414655
AAACCACTACACAGAT-1,0.819356,0.045725,0.13492
AAACCCGAACGAAATC-1,0.039179,0.488632,0.472188
AAACCGGAAATGTTAA-1,0.039923,0.53591,0.424168
AAACCGGGTAGGTACC-1,0.018344,0.668166,0.31349
AAACCGTTCGTCCAGG-1,0.012822,0.566583,0.420595
AAACCTAAGCAGCCGG-1,0.200792,0.157451,0.641757
AAACCTCATGAAGTTG-1,0.002429,0.245965,0.751606
AAACGAAGAACATACC-1,0.999674,0.000131,0.000196
AAACGAAGATGGAGTA-1,0.231249,0.329316,0.439435
AAACGACAGTCTTGCC-1,0.852334,0.008001,0.139665
AAACGAGACGGTTGAT-1,0.027788,0.227144,0.745068
AAACGCCCGAGATCGG-1,0.572955,0.001542,0.425503
AAACGCTGGGCACGAC-1,0.060744,0.536936,0.40232
AAACGGGCGTACGGGT-1,0.51375,0.176524,0.309726
AAACGGGTTGGTATCC-1,0.152816,0.403607,0.443577
AAACGGTTGCGAACTG-1,0.008752,0.693167,0.298082
AAACGTGTTCGCCCTA-1,0.628178,0.052754,0.319068
AAACTAACGTGGCGAC-1,0.742546,0.001048,0.256406
AAACTCGGTTCGCAAT-1,0.014367,0.002864,0.982769
AAACTCGTGATATAAG-1,0.035978,0.183129,0.780893
AAACTGCTGGCTCCAA-1,0.054959,0.559486,0.385555
AAACTTAATTGCACGC-1,0.008788,0.344507,0.646705
AAACTTGCAAACGTAT-1,0.486648,0.412941,0.100411
AAAGAATGACCTTAGA-1,0.029364,0.187322,0.783314
AAAGAATGTGGACTAA-1,0.200354,0.025079,0.774567
AAAGACATGAAGTTTA-1,0.642094,0.357646,0.00026
AAAGACCCAAGTCGCG-1,0.371268,0.076377,0.552354
AAAGACTGGGCGCTTT-1,0.209219,0.395302,0.395479
AAAGCTTGCCTACATA-1,0.000691,0.237,0.762309
AAAGGCCCTATAATAC-1,0.034408,0.304219,0.661373
AAAGGCTACGGACCAT-1,0.091413,0.218932,0.689655
AAAGGCTCTCGCGCCG-1,0.072102,0.227696,0.700202
AAAGGGATGTAGCAAG-1,0.084655,0.090148,0.825197
AAAGGGCAGCTTGAAT-1,0.084708,0.915032,0.00026
AAAGGTAAGCTGTACC-1,0.920128,0.053622,0.02625
AAAGGTCAACGACATG-1,0.847874,0.151898,0.000228
AAAGTAGCATTGCTCA-1,0.011505,0.410241,0.578253
AAAGTCACTGATGTAA-1,0.159069,0.242887,0.598044
AAAGTCGACCCTCAGT-1,0.064398,0.529716,0.405887
AAAGTGCCATCAATTA-1,0.064964,0.364342,0.570693
AAAGTGTGATTTATCT-1,0.008096,0.251645,0.740258
AAAGTTGACTCCCGTA-1,0.000038,0.096943,0.903019
AAATAACCATACGGGA-1,0.811705,0.188037,0.000258
AAATAAGGTAGTGCCC-1,0.005429,0.274364,0.720207
AAATACCTATAAGCAT-1,0.0019,0.188232,0.809868
AAATAGCTTAGACTTT-1,0.010926,0.89963,0.089444
AAATAGGGTGCTATTG-1,0.093378,0.024208,0.882414
AAATCACTCCTAAACG-1,0.805281,0.001991,0.192728
AAATCCGATACACGCC-1,0.740372,0.206857,0.052771
AAATCGCGGAAGGAGT-1,0.443458,0.100843,0.455699
AAATCGTGTACCACAA-1,0.022361,0.68678,0.290859
AAATCTAGCCCTGCTA-1,0.208547,0.16067,0.630783
AAATCTGCCCGCGTCC-1,0.035046,0.126395,0.838559
AAATGATTCGATCAGC-1,0.004189,0.016222,0.979589
AAATGCTCGTTACGTT-1,0.034077,0.057511,0.908413
AAATGGCATGTCTTGT-1,0.568087,0.382333,0.049581
AAATGGCCCGTGCCCT-1,0.020305,0.43195,0.547744
AAATGGTCAATGTGCC-1,0.016422,0.368017,0.61556
AAATGTATCTTATCCC-1,0.04476,0.159128,0.796112
AAATGTGGGTGCTCCT-1,0.294342,0.079687,0.625971
AAATTAACGGGTAGCT-1,0.029175,0.368048,0.602778
AAATTAATAAGCGCGA-1,0.086661,0.426787,0.486552
AAATTACACGACTCTG-1,0.780479,0.219219,0.000302
AAATTACCTATCGATG-1,0.012054,0.305071,0.682875
AAATTCCAGGTCCAAA-1,0.039139,0.384162,0.576699
AAATTGATAGTCCTTT-1,0.055071,0.457653,0.487276
AAATTGCGGCGGTTCT-1,0.609578,0.377154,0.013267
AAATTGGTGAGAAGCA-1,0.957281,0.042438,0.000281
AAATTTACCGAAATCC-1,0.953732,0.033871,0.012396
AAATTTGCGGGTGTGG-1,0.00073,0.526251,0.473019
AACAACTGGTAGTTGC-1,0.086944,0.005411,0.907645
AACAATACATTGTCGA-1,0.056525,0.301943,0.641532
AACAATTACTCTACGC-1,0.053166,0.804021,0.142813
AACACACGCTCGCCGC-1,0.169003,0.315264,0.515733
AACACGACTGTACTGA-1,0.480859,0.001464,0.517677
AACACGAGACGCGGCC-1,0.023949,0.228223,0.747828
AACACGCGGCCGCGAA-1,0.685491,0.255232,0.059277
AACAGCTGTGTGGCAA-1,0.011661,0.48976,0.498579
AACAGGAAATCGAATA-1,0.598163,0.268086,0.133752
AACAGGATGGGCCGCG-1,0.037605,0.715242,0.247153
AACAGGTAGTATGGAT-1,0.014442,0.314024,0.671534
AACATATCAACTGGTG-1,0.045626,0.395072,0.559302
AACATCGATACGTCTA-1,0.666127,0.226707,0.107165
AACATTGAAGTTGATC-1,0.037878,0.274212,0.68791
AACATTGGTCAGCCGT-1,0.132884,0.411605,0.455511
AACATTGTGACTCGAG-1,0.035868,0.470585,0.493547
AACCAAGACTTCTCTG-1,0.009009,0.352959,0.638032
AACCAGTATCACTCTT-1,0.794624,0.102245,0.103132
AACCATAGGGTTGAAC-1,0.000022,0.025197,0.974781
AACCATGGGATCGCTA-1,0.030004,0.278028,0.691969
AACCCAGAGACGGAGA-1,0.023724,0.228636,0.74764
AACCCATCCCATGATC-1,0.207156,0.038328,0.754516
AACCCGACAACCCGTG-1,0.031462,0.256585,0.711953
AACCCGAGCAGAATCG-1,0.00146,0.365507,0.633033
AACCCGATAGGGCTTC-1,0.896007,0.103775,0.000218
AACCCTACTGTCAATA-1,0.000068,0.175614,0.824318
AACCCTGGTGGAACCA-1,0.715857,0.270213,0.01393
AACCGAGCTTGGTCAT-1,0.213319,0.412847,0.373833
AACCGCTAAGGGATGC-1,0.000084,0.010498,0.989418
AACCGTTGTGTTTGCT-1,0.781184,0.167162,0.051654
AACCTAAAGCCGTCCG-1,0.769256,0.230463,0.000282
AACCTCGCTTTAGCCC-1,0.088393,0.622559,0.289048
AACCTGTCACGGAATT-1,0.003256,0.234328,0.762416
AACCTTTAAATACGGT-1,0.037253,0.470656,0.492092
AACCTTTACGACGTCT-1,0.645225,0.193095,0.16168
AACGAAAGTCGTCCCA-1,0.28101,0.313136,0.405853
AACGACCTCCTAGCCG-1,0.049851,0.449845,0.500304
AACGATAATGCCGTAG-1,0.189364,0.287395,0.523241
AACGATAGAAGGGCCG-1,0.156914,0.068761,0.774325
AACGATATGTCAACTG-1,0.018352,0.644938,0.33671
AACGCATGATCTGGGT-1,0.031695,0.210034,0.758271
AACGCGAACGGCAACA-1,0.563971,0.299309,0.13672
AACGCGACCTTGGGCG-1,0.043493,0.40676,0.549747
AACGCGGTCTCCAGCC-1,0.165243,0.557135,0.277622
AACGCTGTTGCTGAAA-1,0.06214,0.401627,0.536232
AACGGACGTACGTATA-1,0.064602,0.214381,0.721017
AACGGCCATCTCCGGT-1,0.004458,0.097487,0.898055
AACGTACTGTGGGTAC-1,0.005724,0.369493,0.624783
AACGTAGTCTACCCAT-1,0.151985,0.258499,0.589516
AACGTCAGACTAGTGG-1,0.069692,0.693552,0.236756
AACGTGATGAAGGACA-1,0.327719,0.459928,0.212353
AACGTGCGAAAGTCTC-1,0.011323,0.162751,0.825925
AACGTTATCAGCACCT-1,0.00043,0.062557,0.937013
AACTACCCGTTTGTCA-1,0.041764,0.526575,0.431661
AACTAGCGTATCGCAC-1,0.198412,0.437792,0.363797
AACTAGGCTTGGGTGT-1,0.062096,0.056398,0.881506
AACTCAAGTTAATTGC-1,0.033338,0.20658,0.760082
AACTCCAGAGCGTGTT-1,0.115568,0.555513,0.328919
AACTCCTAATCCCATG-1,0.615726,0.038005,0.346269
AACTCGATAAACACGT-1,0.228611,0.128228,0.643161
AACTCGATGGCGCAGT-1,0.025528,0.581969,0.392503
AACTCTCAATAGAGCG-1,0.000038,0.035711,0.964251
AACTCTCAGTGTGCTC-1,0.011439,0.402435,0.586127
AACTGAGGTCAGCGTC-1,0.85158,0.148144,0.000276
AACTGAGTTATACTGA-1,0.422547,0.568195,0.009259
AACTGATATTAGGCCT-1,0.252858,0.083045,0.664097
AACTGGGTCCCGACGT-1,0.191092,0.561364,0.247544
AACTGGGTTCGAGCCG-1,0.955159,0.044603,0.000238
AACTGGTGTGGGCCTT-1,0.670431,0.320313,0.009256
AACTTCTGCGTCTATC-1,0.404997,0.457402,0.137601
AACTTGCCCGTATGCA-1,0.023148,0.538615,0.438237
AACTTGCGTTCTCGCG-1,0.120416,0.081061,0.798523
AACTTTACGGGAGCTT-1,0.129324,0.53265,0.338026
AACTTTAGCTGCTGAG-1,0.46349,0.15959,0.376919
AACTTTCTCGATCATG-1,0.047736,0.484378,0.467886
AAGAAATCACCAGATT-1,0.004699,0.046135,0.949165
AAGAAGGATCAGTTAG-1,0.122733,0.19944,0.677827
AAGACATACGTGGTTT-1,0.262836,0.677721,0.059443
AAGACCAAATAACTCA-1,0.05425,0.032512,0.913238
AAGACCCAACTGAACA-1,0.079327,0.344645,0.576028
AAGACTAACCCGTTGT-1,0.963285,0.03652,0.000195
AAGACTCACGCCCACT-1,0.819702,0.176041,0.004257
AAGACTGCAAGCTACT-1,0.002305,0.10026,0.897435
AAGAGATGAATCGGTA-1,0.001403,0.552384,0.446212
AAGAGCTCTTTATCGG-1,0.0311,0.111879,0.857021
AAGAGGATGTACGCGA-1,0.060729,0.395789,0.543482
AAGAGGCATGGATCGC-1,0.013631,0.508544,0.477824
AAGAGGCCCTTTGGAA-1,0.005226,0.081234,0.91354
AAGATGGCACCGGACC-1,0.113914,0.090053,0.796033
AAGATTGGCGGAACGT-1,0.062439,0.191461,0.7461
AAGCACCCTGCGTATC-1,0.049094,0.476533,0.474373
AAGCATACTCTCCTGA-1,0.190199,0.623842,0.185959
AAGCCGAAGCGGTTTA-1,0.029137,0.687218,0.283645
AAGCCGCCGTGAAATC-1,0.002573,0.317852,0.679575
AAGCCGCTTTACCTTG-1,0.156698,0.768519,0.074783
AAGCCGGAGAGCAGGA-1,0.043964,0.457922,0.498114
AAGCGCAGGGCTTTGA-1,0.065591,0.291943,0.642466
AAGCGGAGTGCGCGCA-1,0.999694,0.000122,0.000183
AAGCGGCGTCATGGGT-1,0.879733,0.043525,0.076742
AAGCGTCCCTCATCGA-1,0.012174,0.556369,0.431456
AAGCTAGATCGAGTAA-1,0.298869,0.007837,0.693295
AAGCTCGTGCCAAGTC-1,0.000055,0.39145,0.608496
AAGCTCTTTCATGGTG-1,0.08881,0.333939,0.577251
AAGGAGAACTTATAAG-1,0.517623,0.229296,0.25308
AAGGAGCGGTTGGTGC-1,0.046177,0.460349,0.493474
AAGGATCGATCGCTTG-1,0.00149,0.070666,0.927844
AAGGATGAGGGACCTC-1,0.061585,0.306112,0.632304
AAGGCAGGCTGTCTCC-1,0.02791,0.471587,0.500503
AAGGCGCGTAAAGCTT-1,0.084904,0.229128,0.685968
AAGGCTGTGCTCATCG-1,0.025364,0.035296,0.93934
AAGGGAACGACTGGCT-1,0.017044,0.308139,0.674817
AAGGGACAGATTCTGT-1,0.0631,0.538143,0.398757
AAGGGACTATGCATTC-1,0.011933,0.236419,0.751647
AAGGGTTTGATTTCAG-1,0.274267,0.52585,0.199884
AAGGTATCCTAATATA-1,0.009191,0.067327,0.923482
AAGGTGATAAACCAGC-1,0.008759,0.376871,0.61437
AAGTAAGCTTCCAAAC-1,0.116015,0.181731,0.702255
AAGTAGAAGACCGGGT-1,0.080956,0.397824,0.52122
AAGTAGTGACGCGAGG-1,0.113979,0.252198,0.633823
AAGTCAATTGTCGTCA-1,0.00004,0.339811,0.660149
AAGTCTAGTAGCTGCC-1,0.000019,0.008805,0.991176
AAGTCTTCTGTGGCCT-1,0.06861,0.26437,0.66702
AAGTGACGACCGAATT-1,0.031932,0.672062,0.296005
AAGTGAGTCGGGTTTA-1,0.056706,0.191691,0.751603
AAGTGCAAAGGTAGAC-1,0.050573,0.249264,0.700163
AAGTGCCTTGACTGTA-1,0.041682,0.067146,0.891173
AAGTGCGTTAGAATCT-1,0.009444,0.120407,0.870148
AAGTGCTTCTCTATTG-1,0.003094,0.486672,0.510233
AAGTGTTTGGAGACGG-1,0.131684,0.667829,0.200486
AAGTTCACTCCAAGCT-1,0.116443,0.350967,0.53259
AAGTTCAGTCTGCGTA-1,0.058797,0.511626,0.429577
AAGTTCGGCCAACAGG-1,0.038984,0.206256,0.75476
AAGTTGTGATGTTATA-1,0.085205,0.288952,0.625843
AAGTTTACTAATGGCA-1,0.9994,0.00024,0.00036
AAGTTTATGGGCCCAA-1,0.062884,0.512594,0.424522
AATAACAACGCTCGGC-1,0.011884,0.196604,0.791512
AATAACACTAGAACAA-1,0.00567,0.16639,0.82794
AATAAGTCCTCGAGAC-1,0.765075,0.234772,0.000153
AATAATCTTCGTATCG-1,0.155192,0.671683,0.173125
AATACAATGTTTCAGG-1,0.006874,0.540488,0.452638
AATACCGGAGGGCTGT-1,0.108442,0.328289,0.563269
AATAGAACAGAGTGGC-1,0.002465,0.331951,0.665584
AATAGAATCTGTTTCA-1,0.000604,0.0052,0.994196
AATAGCAAGCCTCCTG-1,0.684801,0.000152,0.315047
AATAGCTACCGCGTGC-1,0.07102,0.47199,0.456989
AATAGTCCGTCCCGAC-1,0.120571,0.272824,0.606605
AATAGTCGCGAGTCGG-1,0.042163,0.4517,0.506138
AATATCAAGGTCGGAT-1,0.639374,0.213011,0.147615
AATATCCTAGCAAACT-1,0.058233,0.373238,0.568529
AATATCGAATCAATGC-1,0.00134,0.213583,0.785077
AATATCGAGGGTTCTC-1,0.002813,0.610427,0.38676
AATATTGGAGTATTGA-1,0.042488,0.435058,0.522454
AATCAGACTGCAGGAC-1,0.720807,0.267462,0.011731
AATCAGGTTTCATTTA-1,0.073636,0.435716,0.490648
AATCATGTAAAGACTC-1,0.015602,0.475687,0.508712
AATCCAAGGGCCTGAG-1,0.118178,0.04082,0.841003
AATCCATGCAAGGGTG-1,0.639359,0.23214,0.1285
AATCGCCTCAGCGCCA-1,0.003029,0.428394,0.568577
AATCGCGCAGAGGACT-1,0.109049,0.678038,0.212913
AATCGGGACACTACGA-1,0.772245,0.226938,0.000817
AATCGGTATAGCCCTC-1,0.675033,0.069467,0.2555
AATCGTGAGCCGAGCA-1,0.471026,0.258293,0.270682
AATCTAGGTTTACTTG-1,0.020895,0.085465,0.89364
AATCTATGCCGGAGCC-1,0.010007,0.252254,0.737739
AATCTCTACTGTGGTT-1,0.032195,0.135643,0.832162
AATCTGCGTTGGGACG-1,0.017731,0.591429,0.390841
AATCTGGCTTTCTAGT-1,0.026688,0.120697,0.852615
AATCTGGGTAGACCCT-1,0.886176,0.030784,0.083041
AATGACAGCAATGTCT-1,0.017016,0.477892,0.505092
AATGACGTAGGATGTC-1,0.002472,0.302995,0.694533
AATGACTGTCAGCCGG-1,0.06262,0.680318,0.257062
AATGAGTTCGCATATG-1,0.11619,0.230794,0.653017
AATGATGATACGCTAT-1,0.041104,0.639076,0.319821
AATGATGCGACTCCTG-1,0.027244,0.603337,0.369419
AATGCAACCGGGTACC-1,0.125992,0.235141,0.638867
AATGCACCAAGCAATG-1,0.00332,0.252889,0.743791
AATGGCCGCCAATGCG-1,0.878518,0.105187,0.016295
AATGGTCCACCGTTCA-1,0.05748,0.449191,0.493328
AATGGTTCTCACAAGC-1,0.769546,0.179552,0.050902
AATGTATGGCACTGTA-1,0.05045,0.250967,0.698583
AATGTGCCCGAGGTGT-1,0.012577,0.378696,0.608727
AATGTGCTAATCTGAG-1,0.150524,0.401505,0.44797
AATGTTGTCGTGAGAC-1,0.102529,0.672559,0.224912
AATTAAAGGTCGGCGT-1,0.000236,0.420303,0.579461
AATTAACGGATTTCCA-1,0.109389,0.024328,0.866284
AATTACGAGACCCATC-1,0.208409,0.300568,0.491024
AATTACTCGTACGCTC-1,0.039933,0.144929,0.815138
AATTAGCGCTGCAGCG-1,0.053958,0.42845,0.517593
AATTCATAAGGGATCT-1,0.06437,0.604073,0.331557
AATTCATTGTCATGCA-1,0.027003,0.069946,0.90305
AATTCCAACTTGGTGA-1,0.300929,0.326067,0.373004
AATTCCAAGCATGTAC-1,0.000526,0.043801,0.955673
AATTCGATTCGAGGAT-1,0.049128,0.454412,0.496461
AATTCTAGAGTTAGGC-1,0.001461,0.222471,0.776068
AATTGAACGCTCTGGT-1,0.001493,0.35615,0.642358
AATTGCAGCAATCGAC-1,0.215436,0.035435,0.749129
AATTGCGTGGATTACA-1,0.05072,0.207518,0.741762
AATTGTGGTTGCCAAA-1,0.020105,0.157794,0.822101
AATTTGGGACATAGTA-1,0.839684,0.112093,0.048224
AATTTGGTTCCAAAGA-1,0.752261,0.235123,0.012616
ACAAACCATGCGTCCT-1,0.0064,0.053757,0.939844
ACAAACCGACAAGGCG-1,0.723204,0.276546,0.00025
ACAAAGAAGGTAGGCC-1,0.029114,0.53717,0.433716
ACAAAGCATGACCTAG-1,0.278195,0.59015,0.131655
ACAAATCGCACCGAAT-1,0.024873,0.298837,0.67629
ACAAATGGTAGTGTTT-1,0.000281,0.395137,0.604582
ACAAATTCAGATCTGA-1,0.837919,0.042884,0.119198
ACAACAGCATGAGCTA-1,0.166547,0.066026,0.767427
ACAACGGTCCCTGCGA-1,0.110745,0.723291,0.165964
ACAAGCAGTGCCTAGC-1,0.147637,0.433415,0.418948
ACAAGCTATATGGAAG-1,0.05446,0.170916,0.774624
ACAAGGAAATCCGCCC-1,0.020822,0.295562,0.683616
ACAAGGACAAGAGGTT-1,0.034234,0.474387,0.491379
ACAAGGATGCTTTAGG-1,0.065667,0.572186,0.362147
ACAAGGCCTACCAGCC-1,0.773948,0.015837,0.210215
ACAAGGGCAGGCTCTG-1,0.008051,0.187962,0.803987
ACAATAGTCGTACGTT-1,0.084934,0.416698,0.498369
ACAATCCATTTAAACC-1,0.037032,0.054027,0.908941
ACAATCGATCTTTATA-1,0.354679,0.262754,0.382568
ACAATGAATACGGAGA-1,0.031509,0.317286,0.651205
ACAATGATTCTTCTAC-1,0.833023,0.154669,0.012308
ACAATTGTGTCTCTTT-1,0.057119,0.890297,0.052585
ACAATTTAGGAGGCTC-1,0.056207,0.470283,0.47351
ACAATTTGAGCAGTGG-1,0.024529,0.346913,0.628558
ACAATTTGGCCATATT-1,0.020145,0.500196,0.479659
ACACAAAGACGGGTGG-1,0.031097,0.126754,0.842149
ACACAAATATTCCTAG-1,0.999574,0.000171,0.000256
ACACACCAGGACCAGT-1,0.012919,0.278304,0.708777
ACACACTTTCTACACG-1,0.651243,0.102537,0.246219
ACACATGATCAAATCT-1,0.016095,0.618843,0.365062
ACACATTGACGCAACA-1,0.573552,0.423851,0.002597
ACACATTTCCGTAGAC-1,0.299817,0.421501,0.278682
ACACCACATAATTAGC-1,0.026586,0.413242,0.560172
ACACCCAGCATGCAGC-1,0.017446,0.144449,0.838106
ACACCCGAGAAATCCG-1,0.424875,0.408868,0.166257
ACACCCGTAAATCTGT-1,0.953376,0.01034,0.036285
ACACCGAGCGCTCTTT-1,0.000025,0.00649,0.993485
ACACCGGTCTGACCGC-1,0.08559,0.034118,0.880292
ACACCTTAAGTAGGGC-1,0.140872,0.243839,0.615289
ACACCTTACTACTTGC-1,0.000127,0.390734,0.60914
ACACGAGACTCCTTCT-1,0.040737,0.241421,0.717842
ACACGGCACTATGCAT-1,0.798231,0.147624,0.054145
ACACGGGAACTTAGGG-1,0.301501,0.140402,0.558096
ACACGTAGGCCACAAG-1,0.001899,0.030669,0.967431
ACACTCCAATGTCACT-1,0.133075,0.142685,0.72424
ACACTGATCAAGGTGT-1,0.003054,0.291972,0.704974
ACACTGGGACAGTCGT-1,0.017911,0.201827,0.780262
ACAGAACTGAGAACAA-1,0.00263,0.271994,0.725376
ACAGATTAGGTTAGTG-1,0.682657,0.006982,0.310361
ACAGCATAGAGCCAGT-1,0.186139,0.037014,0.776846
ACAGCGACATTCTCAT-1,0.100328,0.476245,0.423427
ACAGCGCACCCGCAGC-1,0.450259,0.477153,0.072588
ACAGGAGGCGCAGCCG-1,0.233959,0.271156,0.494885
ACAGGCACGGATCCTT-1,0.19079,0.35046,0.45875
ACAGGCTTGCCCGACT-1,0.27668,0.606244,0.117077
ACAGGTGGAGGTGAGG-1,0.043699,0.217119,0.739182
ACAGGTGTGTTGTTGC-1,0.02046,0.137244,0.842296
ACAGTAATACAACTTG-1,0.069485,0.584659,0.345856
ACAGTATACCGTGGGA-1,0.076757,0.320615,0.602628
ACAGTGCAGCGCATTT-1,0.416894,0.00007,0.583035
ACATAAGTCGTGGTGA-1,0.199466,0.383109,0.417425
ACATAATAAGGCGGTG-1,0.210179,0.179702,0.610119
ACATCAGCTGGGACGC-1,0.059941,0.205039,0.73502
ACATCCCGGCCATACG-1,0.000081,0.3019,0.698019
ACATCCTGGTAACTGT-1,0.018839,0.14842,0.832741
ACATCGATCGTTTACC-1,0.000066,0.11314,0.886794
ACATCGGTCAGCCGCG-1,0.002259,0.01225,0.985491
ACATCGTATGCAATGG-1,0.0001,0.005285,0.994615
ACATCGTTAACCTAGT-1,0.752655,0.104721,0.142625
ACATCTCAACGCGTAA-1,0.979876,0.011046,0.009079
ACATGGCGCCAAAGTA-1,0.006377,0.416276,0.577348
ACATGGCTCAATTTAG-1,0.484795,0.037228,0.477977
ACATTAGTTTATATCC-1,0.003332,0.723349,0.273319
ACATTCGCGCGGAATA-1,0.002094,0.622635,0.375272
ACCAAACACCCAGCGA-1,0.663974,0.335824,0.000201
ACCAAACTAGAAATCC-1,0.620588,0.288423,0.09099
ACCAACACCACACACT-1,0.001289,0.005385,0.993325
ACCAACCGCACTCCAC-1,0.010785,0.001317,0.987898
ACCAACGCTTATTTAT-1,0.071141,0.203703,0.725157
ACCAAGAACGCGTGTC-1,0.023394,0.020655,0.955952
ACCAAGTCATCGGCAG-1,0.283939,0.566686,0.149375
ACCAATATGCAAGTTA-1,0.021869,0.214744,0.763387
ACCACAACTCAGAACA-1,0.893959,0.105855,0.000186
ACCACAAGTTTCTATC-1,0.064888,0.141837,0.793276
ACCACCAATGTAACAA-1,0.023427,0.419412,0.557161
ACCACCCTCTCTTCTA-1,0.009106,0.133914,0.85698
ACCACGTGCAGCTATA-1,0.002761,0.028767,0.968472
ACCACTGTTCAAGAAG-1,0.165245,0.282588,0.552168
ACCAGACCATAACAAC-1,0.039855,0.275994,0.684151
ACCAGCCCGGTCTTTG-1,0.787771,0.069575,0.142655
ACCAGGAGTGTGATCT-1,0.046269,0.209003,0.744728
ACCAGTGCCCGGTCAA-1,0.796619,0.112703,0.090678
ACCAGTGCGGGAGACG-1,0.010197,0.214169,0.775635
ACCATATCCGCAATAA-1,0.018941,0.311882,0.669177
ACCATCCGCCAACTAG-1,0.105041,0.498719,0.39624
ACCATCGTATATGGTA-1,0.026678,0.589159,0.384163
ACCATTAAGGGTGTCA-1,0.059489,0.264284,0.676227
ACCCAACGCCCGTGGC-1,0.056785,0.278319,0.664896
ACCCACCTACATGCTC-1,0.069319,0.438682,0.491999
ACCCATCTTGAGGGTA-1,0.052861,0.562128,0.38501
ACCCATTTGTCCCTCT-1,0.080802,0.16476,0.754438
ACCCGAGCGAAATTAC-1,0.034897,0.682708,0.282396
ACCCGATTGGTTCCGA-1,0.000429,0.356842,0.642729
ACCCGGAAACTCCCAG-1,0.039495,0.198636,0.761869
ACCCGGAGCACCACAA-1,0.012798,0.611966,0.375237
ACCCGGATGACGCATC-1,0.001205,0.07831,0.920486
ACCCGGTTACACTTCC-1,0.010014,0.11544,0.874546
ACCCGTAGCAGAGAAT-1,0.219939,0.555192,0.224869
ACCCGTAGTCTAGTTG-1,0.463179,0.424489,0.112332
ACCCGTGTCATCAGTA-1,0.041549,0.10785,0.850601
ACCCTATAGGACTGAG-1,0.096973,0.205289,0.697738
ACCCTATGCCATATCG-1,0.052877,0.260444,0.686679
ACCCTCCCGTCAGGGC-1,0.019002,0.250203,0.730794
ACCCTCCCTTGCTATT-1,0.005113,0.14249,0.852397
ACCCTGGTAACGCCCT-1,0.057698,0.351215,0.591087
ACCCTTCATCTGCGAA-1,0.808095,0.191662,0.000243
ACCCTTGCCTGGGTCG-1,0.909407,0.090363,0.00023
ACCCTTTAGTTCTCCA-1,0.713434,0.000116,0.28645
ACCGAAAGGGCCCTGC-1,0.332689,0.258772,0.408539
ACCGAAGAGTCTGGTT-1,0.281191,0.189928,0.528881
ACCGACACATCTCCCA-1,0.015263,0.061308,0.923428
ACCGACTGAGTCCCAC-1,0.00004,0.051807,0.948153
ACCGAGTCTCCTTATT-1,0.300329,0.530087,0.169585
ACCGATAGGCATAACC-1,0.015936,0.56086,0.423204
ACCGATATTTAATCAT-1,0.023668,0.319557,0.656775
ACCGATGGTAGCATCG-1,0.019676,0.420859,0.559465
ACCGCAATAACTGCCT-1,0.002515,0.07771,0.919776
ACCGCGGTGGAAGTCG-1,0.008671,0.528958,0.462371
ACCGCTAGTCATTGGT-1,0.000145,0.522196,0.477659
ACCGGGCCTTTGTTGA-1,0.017571,0.459969,0.52246
ACCGGTCAGGTACACC-1,0.02052,0.318807,0.660673
ACCGGTCTGAGTACGG-1,0.560855,0.000088,0.439057
ACCGTCCACTGGGCCC-1,0.011921,0.052666,0.935414
ACCGTGACCACGTGGG-1,0.103781,0.51329,0.382929
ACCGTTCCCGCTCTGA-1,0.966286,0.033417,0.000298
ACCTAAGTACCTTTCA-1,0.000236,0.293122,0.706642
ACCTAATCGACTTCCT-1,0.083528,0.272643,0.643829
ACCTACAGTATGTGGT-1,0.006303,0.425071,0.568626
ACCTACTATAAATCTA-1,0.090786,0.156583,0.752631
ACCTCCGCCCTCGCTG-1,0.010473,0.713087,0.27644
ACCTCCGTTATTCACC-1,0.019304,0.36643,0.614265
ACCTCGAACTTATGCT-1,0.024461,0.347596,0.627943
ACCTGCGTGTCATGTT-1,0.030497,0.824726,0.144777
ACCTTTCCTTTAGAAG-1,0.325835,0.673971,0.000194
ACGAAATGGGCGGCAC-1,0.015291,0.446403,0.538306
ACGACCCATGAGTTGC-1,0.002416,0.231345,0.766238
ACGACTCTAGGGCCGA-1,0.127832,0.244267,0.627901
ACGACTGGTCATACTC-1,0.06582,0.265973,0.668207
ACGAGAACCCATCACG-1,0.602419,0.201086,0.196496
ACGAGATATTTGCTTA-1,0.429779,0.282143,0.288078
ACGAGGATACCACTCT-1,0.000059,0.223755,0.776186
ACGAGGTTTACAACGT-1,0.122154,0.380719,0.497127
ACGAGTACGGATGCCC-1,0.003019,0.324689,0.672292
ACGAGTCGCCGGCGTT-1,0.362312,0.458042,0.179647
ACGATACATAGAACTA-1,0.005869,0.086093,0.908037
ACGATACCTATCCTGA-1,0.023076,0.049683,0.92724
ACGATCATACATAGAG-1,0.204493,0.171304,0.624203
ACGATCATCTTGTAAA-1,0.008724,0.435329,0.555947
ACGATGCATATGTTAT-1,0.024991,0.321177,0.653832
ACGATGGATCCGATGC-1,0.504657,0.009021,0.486321
ACGCAAACTAATAGAT-1,0.040296,0.122489,0.837215
ACGCAATCACTACAGC-1,0.013406,0.612968,0.373626
ACGCATAAATGACATG-1,0.918763,0.081109,0.000128
ACGCATACGTTTACTA-1,0.013302,0.371635,0.615063
ACGCATTCGTGAGTAC-1,0.214919,0.57316,0.211921
ACGCCAGATGATTTCT-1,0.194106,0.162499,0.643394
ACGCCAGTGCGTTTGC-1,0.527412,0.202804,0.269784
ACGCCCAGCTGTCGAT-1,0.68954,0.310098,0.000363
ACGCCGCTAGACGACC-1,0.041682,0.264624,0.693694
ACGCCTGACACGCGCT-1,0.110588,0.050204,0.839208
ACGCGAAGTCAGACGA-1,0.043669,0.025734,0.930597
ACGCGCTACACAGGGT-1,0.028599,0.175754,0.795647
ACGCGGGCCAAGGACA-1,0.006617,0.218117,0.775266
ACGCGTTTCTTAAGAG-1,0.048554,0.469352,0.482094
ACGCTAGTATCAGTGC-1,0.97808,0.021759,0.000162
ACGCTAGTGATACACT-1,0.026936,0.349399,0.623666
ACGCTGTGAGGCGTAG-1,0.029841,0.828853,0.141306
ACGCTTAGTGTCTCTC-1,0.90917,0.044117,0.046713
ACGGAATTTAGCAAAT-1,0.088979,0.218649,0.692372
ACGGACTCTCAAAGCG-1,0.015976,0.245961,0.738063
ACGGAGCGCAAATTAC-1,0.133734,0.559691,0.306575
ACGGATGGTGCGGATA-1,0.08349,0.310836,0.605674
ACGGCACTTGCTTGGG-1,0.025815,0.147341,0.826844
ACGGCCAACATGGACT-1,0.029186,0.150793,0.820021
ACGGCGACGATGGGAA-1,0.028058,0.360549,0.611393
ACGGCGGGTTGCCCTG-1,0.759487,0.224834,0.015679
ACGGCTGGATGTAGAA-1,0.025612,0.188299,0.786088
ACGGGAGTGTCGGCCC-1,0.011033,0.474156,0.514811
ACGGGCGTATGCGACA-1,0.000033,0.004767,0.9952
ACGGGTCATGTGACTT-1,0.102814,0.071589,0.825597
ACGGGTTGTGACCTGT-1,0.118854,0.518447,0.3627
ACGGTACAGTTCAATG-1,0.223925,0.549541,0.226534
ACGGTCACCGAGAACA-1,0.298211,0.028503,0.673285
ACGTACAGATTTCTCT-1,0.548853,0.442601,0.008545
ACGTACTTTGGCACGG-1,0.202134,0.280225,0.517641
ACGTAGATTGCTGATG-1,0.011177,0.049549,0.939274
ACGTAGGAGAGTCGCT-1,0.197055,0.491762,0.311183
ACGTATTACTCCGATC-1,0.011505,0.287497,0.700998
ACGTCCTAAACGAGAT-1,0.535636,0.463948,0.000416
ACGTCGGGCAACTCGG-1,0.121326,0.014234,0.86444
ACGTCTCGTTCCGGGA-1,0.046583,0.706853,0.246564
ACGTGACAAAGTAAGT-1,0.18866,0.390903,0.420437
ACGTGCGCCTCGTGCA-1,0.052207,0.193658,0.754134
ACGTGGTCGAATGTGC-1,0.907717,0.092054,0.000229
ACGTTAATGTCGAAGA-1,0.004742,0.316395,0.678863
ACGTTAGATTTGCCCG-1,0.013066,0.05708,0.929853
ACGTTATTGGTCACTC-1,0.849753,0.145035,0.005212
ACGTTCCGCGCTCCGT-1,0.823809,0.140417,0.035774
ACGTTCGCAATCAATT-1,0.002773,0.580173,0.417054
ACGTTCGTTCAGGAAA-1,0.026185,0.435427,0.538388
ACGTTCTGTACAAGTC-1,0.510897,0.075065,0.414038
ACGTTTAGTTGTGATC-1,0.720216,0.219119,0.060666
ACTAAGGACGCACACC-1,0.706473,0.006041,0.287486
ACTAATACGTCAGGCG-1,0.572386,0.000061,0.427554
ACTACAAAGAGAGGTG-1,0.00709,0.354353,0.638558
ACTACATCCCGACAAG-1,0.004666,0.799505,0.19583
ACTACCAGCTCTCTGG-1,0.277783,0.39799,0.324227
ACTACGCGTTAGAATT-1,0.000047,0.144914,0.855039
ACTAGTTGCGATCGTC-1,0.059931,0.444392,0.495677
ACTATATGCTGTGTTC-1,0.774411,0.225236,0.000352
ACTATCCAGGGCATGG-1,0.043,0.20491,0.75209
ACTATCGCCGGCTAAA-1,0.017525,0.012814,0.96966
ACTATCTGCCCGCGTA-1,0.148841,0.522844,0.328314
ACTATGTCCAGCTGCC-1,0.078128,0.399938,0.521934
ACTATTCGTCCGTGGT-1,0.895853,0.073522,0.030625
ACTATTTCCGGGCCCA-1,0.03809,0.060476,0.901435
ACTCAACGAATGTATT-1,0.676103,0.17738,0.146517
ACTCAAGTGCAAGGCT-1,0.066315,0.920317,0.013369
ACTCAATAAAGGCACG-1,0.07199,0.464757,0.463253
ACTCAGACCTGCTTCT-1,0.045173,0.036263,0.918564
ACTCATGGCAGCCTTC-1,0.010283,0.31923,0.670487
ACTCCAATATCATCAT-1,0.116623,0.43445,0.448927
ACTCCCATTCCTAAAG-1,0.053759,0.565538,0.380703
ACTCCCGAATTCGTTT-1,0.002895,0.536697,0.460407
ACTCCCGTAGACTAGG-1,0.032551,0.435605,0.531844
ACTCCCTAATGCTAAA-1,0.265992,0.639722,0.094286
ACTCCCTAGAATAGTA-1,0.003137,0.163826,0.833037
ACTCCGGCCGACCACT-1,0.070697,0.304242,0.625061
ACTCGATGTATTTCAT-1,0.740492,0.213656,0.045852
ACTCGCCGTTCGATAA-1,0.051682,0.317293,0.631025
ACTCGCGATCTGACGC-1,0.049358,0.607708,0.342935
ACTCGTAACCCGTCCT-1,0.067132,0.078066,0.854802
ACTCGTCAGTAATCCC-1,0.012936,0.297509,0.689555
ACTCTAAACCTGGGAT-1,0.010491,0.49793,0.491579
ACTCTCTGACTTAGGT-1,0.012335,0.082514,0.905151
ACTCTCTTATACACGA-1,0.706962,0.277091,0.015947
ACTCTGACCTAATAGA-1,0.031845,0.204976,0.76318
ACTCTTCAGCTCCCGC-1,0.017239,0.588038,0.394723
ACTCTTGTATAGTAAC-1,0.000031,0.008432,0.991537
ACTGAAACGCCGTTAG-1,0.085382,0.521759,0.392859
ACTGAATGGCGAAAGT-1,0.00609,0.564067,0.429843
ACTGATTTAGTGATTC-1,0.847677,0.00166,0.150663
ACTGCCCGCCATTCTC-1,0.399525,0.163115,0.43736
ACTGCCGTCGTAACTC-1,0.171829,0.090952,0.737219
ACTGCGGACACACCGT-1,0.003203,0.10776,0.889037
ACTGCTCGGAAGGATG-1,0.14937,0.395824,0.454805
ACTGGCGAACCTGCGT-1,0.992811,0.006963,0.000226
ACTGGGATGCCAGTGC-1,0.011415,0.015213,0.973372
ACTGTACGATACACAT-1,0.020504,0.269481,0.710015
ACTGTAGCACTTTGGA-1,0.086237,0.088064,0.825699
ACTGTATACGCGAGCA-1,0.691761,0.146385,0.161855
ACTGTCCAGGATTATA-1,0.0859,0.207588,0.706513
ACTGTCTTCTTTAGAA-1,0.01956,0.366718,0.613722
ACTGTGCTAGTAGATC-1,0.08521,0.129806,0.784983
ACTGTTTAGTGTAGGC-1,0.393598,0.605945,0.000456
ACTTACCGGGCGCGCA-1,0.747886,0.03107,0.221044
ACTTACGCATCCACGC-1,0.089302,0.381321,0.529378
ACTTAGTACGACAAGA-1,0.016485,0.190771,0.792744
ACTTATACTTACCCGG-1,0.039311,0.441386,0.519303
ACTTATCTGATCTATA-1,0.142644,0.237723,0.619633
ACTTATTAGGATCGGT-1,0.011938,0.311721,0.676342
ACTTATTTATGTGCCA-1,0.005725,0.117747,0.876529
ACTTCAGGCTGATCCC-1,0.021913,0.248667,0.72942
ACTTCCAGTGGAAGCT-1,0.264878,0.396483,0.338639
ACTTCCATGCGGGACA-1,0.091773,0.482343,0.425884
ACTTCCTGTCGTGCGA-1,0.504405,0.005352,0.490242
ACTTCGCCATACGCAC-1,0.019014,0.347563,0.633423
ACTTCGCTAGCGAGTG-1,0.083916,0.76747,0.148614
ACTTGACTCCCTCTTT-1,0.002406,0.057371,0.940223
ACTTGCCATATTGTAC-1,0.382895,0.395274,0.22183
ACTTGCTCTATCTACC-1,0.223658,0.226708,0.549633
ACTTGGGACCCGGTGG-1,0.065023,0.183141,0.751836
ACTTGTAGTCCCTTCA-1,0.103796,0.226857,0.669347
ACTTGTGGATGGAACG-1,0.292756,0.70317,0.004074
ACTTTACCCTCATGAA-1,0.005614,0.09988,0.894506
ACTTTATACACCACTT-1,0.015692,0.582992,0.401316
ACTTTCCTATAGCTTC-1,0.004336,0.146101,0.849563
ACTTTGACTGCATCCT-1,0.000792,0.338902,0.660305
ACTTTGGTCGTGCTCC-1,0.038797,0.304179,0.657024
ACTTTGTCGACGCACT-1,0.00983,0.719603,0.270567
AGAAATTATGACTCGC-1,0.163498,0.666447,0.170055
AGAACCCAGCGTGACA-1,0.056004,0.598897,0.345099
AGAACCCTCAATTGGG-1,0.000015,0.001477,0.998508
AGAACGTGGTACATTC-1,0.092369,0.544761,0.36287
AGAAGAGCGCCGTTCC-1,0.000517,0.08229,0.917193
AGAAGGTACACTTCAC-1,0.036995,0.091128,0.871877
AGAAGGTTGCCGAATT-1,0.002761,0.418378,0.578861
AGAAGGTTGTAGGTCG-1,0.219684,0.5332,0.247116
AGAAGTGATTCGTGAT-1,0.122633,0.433356,0.444011
AGAATAAATCTTCAGG-1,0.004051,0.563038,0.432911
AGAATGCGGGTTCGGA-1,0.993776,0.006038,0.000186
AGAATTATGGATTCGA-1,0.005903,0.388347,0.605749
AGAATTGTTTGACATA-1,0.28094,0.211473,0.507587
AGACAGCTCAGAATCC-1,0.08147,0.611788,0.306742
AGACAGGCATCTCAGC-1,0.007257,0.638242,0.354501
AGACATAGATCCTTCC-1,0.774137,0.201613,0.02425
AGACCAAACCACACCT-1,0.046741,0.364272,0.588987
AGACCATGGGATACAA-1,0.061252,0.535708,0.40304
AGACCCACCGCTGATC-1,0.000976,0.628385,0.37064
AGACCCGCCCTCCTCG-1,0.082558,0.055307,0.862136
AGACCGCTCCGCGGTT-1,0.087915,0.911939,0.000146
AGACCGGGAAACCCTG-1,0.198138,0.413702,0.38816
AGACGAAGTGCCGGTC-1,0.002406,0.076384,0.921211
AGACGACGATGCCGCT-1,0.017751,0.091088,0.891161
AGACGCCCACTTCGCC-1,0.00784,0.28882,0.70334
AGACGGGATTGGTATA-1,0.750483,0.198139,0.051378
AGACGGGCCGATTTAA-1,0.691772,0.011121,0.297107
AGACTAGCCTTCCAGA-1,0.051348,0.422532,0.52612
AGACTGTTACCGGGTC-1,0.045683,0.235952,0.718366
AGAGAAACACCAGAAA-1,0.145633,0.413009,0.441358
AGAGAACCGTCTAGGA-1,0.075973,0.373875,0.550152
AGAGAAGGAGTACAAT-1,0.051259,0.373034,0.575707
AGAGATCTCTAAAGCG-1,0.184276,0.807638,0.008085
AGAGCAGTTATGAGAC-1,0.023559,0.700032,0.276409
AGAGCCGCCGAGATTT-1,0.000482,0.545174,0.454344
AGAGCGCTTGTAACGG-1,0.6745,0.117416,0.208085
AGAGCGGGCTAATCAT-1,0.164598,0.021016,0.814386
AGAGCGTACAAGCTCG-1,0.15187,0.38486,0.463271
AGAGCTACGAAAGCAT-1,0.108971,0.210666,0.680363
AGAGGCTTCGGAAACC-1,0.112959,0.454662,0.432379
AGAGGGACAATTGTCC-1,0.986468,0.013266,0.000266
AGAGGTATCTCGGTCC-1,0.153432,0.219441,0.627126
AGAGTAAACTTCACTA-1,0.02624,0.490869,0.482891
AGAGTATAGTGTTACG-1,0.092037,0.648864,0.259099
AGAGTGAACAGACACC-1,0.907448,0.066141,0.026411
AGAGTTAGAGACCGAT-1,0.834913,0.065594,0.099493
AGAGTTGCAGGCCTCC-1,0.999701,0.00012,0.00018
AGATAACTTCAGGGCC-1,0.040091,0.071841,0.888068
AGATACCAATAGAACC-1,0.135015,0.791522,0.073462
AGATACCAGCACTTCA-1,0.746104,0.253608,0.000288
AGATACCGGTGTTCAC-1,0.000048,0.236178,0.763774
AGATACGACTTCATAT-1,0.040969,0.101028,0.858003
AGATACTCAAGATCGA-1,0.025381,0.106093,0.868526
AGATATAATACGACTA-1,0.022087,0.009009,0.968904
AGATCGTGCATAAGAT-1,0.017168,0.482549,0.500283
AGATCTCAGGTGTGAT-1,0.023445,0.428883,0.547673
AGATGACTCGCCCACG-1,0.077937,0.578772,0.343292
AGATGAGGGTTGCGAT-1,0.66977,0.329907,0.000323
AGATGATGGAGTCTGG-1,0.012465,0.274164,0.713371
AGATGCAAGACGTGCA-1,0.014696,0.432584,0.55272
AGATGCATCCTGTGTC-1,0.06101,0.461827,0.477164
AGATGCTATAACGAGC-1,0.151818,0.368141,0.480041
AGATTATAGGACGTTT-1,0.031175,0.284292,0.684533
AGATTCAAGCGGGTCG-1,0.661827,0.171644,0.166529
AGATTCACAACCGATA-1,0.017222,0.80721,0.175568
AGCAAAGGCCGCTAGT-1,0.015777,0.575267,0.408956
AGCAACATATCTTATT-1,0.003562,0.270632,0.725806
AGCAACCGAAAGTAAT-1,0.056989,0.151409,0.791602
AGCACACGTTTAGACT-1,0.000042,0.005379,0.994579
AGCACCAGTACTCACG-1,0.094449,0.431831,0.47372
AGCACTACCGGCCTGT-1,0.002441,0.691676,0.305884
AGCACTACCTCACCAG-1,0.12644,0.768238,0.105322
AGCACTTAAGGACGCC-1,0.026559,0.173663,0.799778
AGCAGAAGGAGAAAGA-1,0.129306,0.466622,0.404073
AGCAGCCAGATGAATA-1,0.036195,0.806232,0.157574
AGCATATCAATATGCT-1,0.058675,0.162711,0.778614
AGCATCATTTCGAAAG-1,0.01449,0.03895,0.94656
AGCATCGTCGATAATT-1,0.018958,0.548387,0.432655
AGCATTACGAGGCAAG-1,0.068584,0.516132,0.415284
AGCCAAGCTTTGTGTC-1,0.12285,0.41334,0.46381
AGCCACAGGTTACCCG-1,0.385096,0.054521,0.560383
AGCCACTCCCGTGCTT-1,0.017587,0.037755,0.944658
AGCCATATAGTATGTG-1,0.0538,0.612031,0.33417
AGCCCATACATGTAAG-1,0.086799,0.337406,0.575795
AGCCCGCAACAAGCAG-1,0.021681,0.12244,0.855879
AGCCCGGCATTAGAGG-1,0.052055,0.272558,0.675387
AGCCCGGTAGCCTGTA-1,0.094384,0.496518,0.409098
AGCCCTAAGCGAAGTT-1,0.926582,0.005601,0.067817
AGCCCTCCCTGGTGGC-1,0.153724,0.560766,0.28551
AGCCCTGTCGCACCGT-1,0.011526,0.199695,0.788779
AGCCCTTCTAATCCGA-1,0.489362,0.443105,0.067532
AGCCCTTGGACATCCC-1,0.007543,0.148271,0.844185
AGCCGCAAATTCAAAT-1,0.017261,0.482156,0.500582
AGCCGCTTGATTAGCG-1,0.157532,0.225292,0.617176
AGCCGTGGCTAAATGT-1,0.010355,0.11612,0.873524
AGCCTAATACCCACGT-1,0.000034,0.059027,0.940939
AGCCTTAAAGCGGAAG-1,0.065983,0.280322,0.653695
AGCCTTGTCACTGATA-1,0.031915,0.359809,0.608276
AGCGACAGGAACGGTC-1,0.00199,0.353952,0.644058
AGCGACATCCCATTCA-1,0.007168,0.002534,0.990298
AGCGACCAACGATATT-1,0.022998,0.11047,0.866532
AGCGAGACGTGAAGGC-1,0.030872,0.044635,0.924493
AGCGATGCGCCTAATA-1,0.304395,0.235013,0.460592
AGCGCATAATGAATCG-1,0.073234,0.158798,0.767967
AGCGCGGGTGCCAATG-1,0.191107,0.544346,0.264548
AGCGCTAGAGCGATGT-1,0.004389,0.191193,0.804419
AGCGCTTATGGGCAAG-1,0.86647,0.052223,0.081307
AGCGGACACTTCGTAG-1,0.024183,0.044768,0.93105
AGCGGCGGTTAGCGGT-1,0.074077,0.136573,0.789349
AGCGGGAAGGGTCCAT-1,0.016218,0.263224,0.720558
AGCGGGTCTGACACTC-1,0.047392,0.047976,0.904631
AGCGGTTGAGATGTAC-1,0.75572,0.244053,0.000228
AGCGGTTGCCGCTCTG-1,0.60048,0.171517,0.228004
AGCGTACGAGAGCTAG-1,0.374861,0.004272,0.620867
AGCGTAGCGCTAGACC-1,0.204803,0.184636,0.610561
AGCGTCTGAACCCGCA-1,0.750254,0.122135,0.127611
AGCGTGGTATTCTACT-1,0.005529,0.177286,0.817185
AGCGTTCCGATTTAAA-1,0.739263,0.097806,0.162931
AGCTAACAAGCAATGT-1,0.072239,0.536862,0.390899
AGCTAAGTACGCAGGC-1,0.321373,0.398303,0.280324
AGCTAGAAGCAGAAGT-1,0.001476,0.520544,0.47798
AGCTATTTAATCCAAC-1,0.198889,0.261331,0.53978
AGCTCCATATATGTTC-1,0.020863,0.184441,0.794697
AGCTCCTTCGCACATC-1,0.087794,0.687785,0.224421
AGCTCGTTGATGGAAA-1,0.847912,0.15185,0.000237
AGCTCTAGACGTTCCA-1,0.014169,0.060034,0.925797
AGCTCTTCCCAGTGCA-1,0.030916,0.249482,0.719602
AGCTCTTCGTAACCTT-1,0.000094,0.45,0.549906
AGCTCTTTACTCAGTT-1,0.047052,0.346425,0.606524
AGCTGAAGTAAACCAA-1,0.012453,0.01182,0.975726
AGCTGCATTTGAGGTG-1,0.932376,0.059295,0.008328
AGCTGCTGTGCCGAAT-1,0.733884,0.105496,0.16062
AGCTGTAACCTCAATC-1,0.034719,0.357851,0.60743
AGCTTATAGAGACCTG-1,0.601022,0.378138,0.020839
AGCTTCAATACTTTGA-1,0.514443,0.485135,0.000421
AGCTTCTTCTCGAGCA-1,0.070929,0.022409,0.906662
AGCTTGATCAGGGTAG-1,0.141158,0.262531,0.596311
AGCTTGATCTTAACTT-1,0.114276,0.469166,0.416559
AGGAAAGCCTCTGATG-1,0.63579,0.112077,0.252133
AGGAACGAACGACTTC-1,0.022294,0.144032,0.833675
AGGAAGCTGTCCGCCG-1,0.021798,0.27625,0.701951
AGGACAGTCGAATCCC-1,0.000034,0.202693,0.797273
AGGACATCGCACGTCG-1,0.06627,0.19475,0.73898
AGGACATCGGCACACT-1,0.289261,0.274902,0.435837
AGGACGACCCATTAGA-1,0.027038,0.343153,0.629809
AGGACGCTCGATGTTG-1,0.024926,0.480921,0.494153
AGGACTTATAGGAGAA-1,0.115247,0.175946,0.708807
AGGAGACATCCACAGT-1,0.008321,0.548938,0.44274
AGGAGAGTCTGGCTAC-1,0.10647,0.386855,0.506675
AGGAGGCCTTCGCGCG-1,0.157459,0.521971,0.32057
AGGATAAAGTCGGGAT-1,0.041452,0.005344,0.953204
AGGATATAGGGATTTA-1,0.013588,0.125504,0.860907
AGGATATCCGACTGCA-1,0.082067,0.132177,0.785757
AGGATCACGCGATCTG-1,0.032378,0.233201,0.734421
AGGATTGCTTACGACA-1,0.008793,0.319627,0.67158
AGGCAAAGAGGAATCA-1,0.133192,0.18234,0.684468
AGGCAATACGGAGGAC-1,0.276509,0.2885,0.434991
AGGCACGTGACTGTCC-1,0.000316,0.068857,0.930827
AGGCAGATGCGTAAAC-1,0.00767,0.442475,0.549855
AGGCAGGGAGCGTACT-1,0.027793,0.437619,0.534589
AGGCATTGTCGTAGGG-1,0.011882,0.80118,0.186938
AGGCCACATTGGTTAC-1,0.085187,0.588368,0.326445
AGGCCACCCGTTATGA-1,0.107109,0.264984,0.627907
AGGCCCAGTGACTGGT-1,0.283938,0.069255,0.646807
AGGCCCATTGTACAGG-1,0.335497,0.40251,0.261993
AGGCCCTAGAACGCCA-1,0.013711,0.748477,0.237812
AGGCCTATCATACCAA-1,0.069372,0.48073,0.449898
AGGCCTGAGAATCTCG-1,0.394712,0.593049,0.012239
AGGCGATAACTGGCGT-1,0.036141,0.269485,0.694374
AGGCGGTTTGTCCCGC-1,0.022921,0.018162,0.958917
AGGCGTCTATGGACGG-1,0.639221,0.346747,0.014033
AGGCTATGGTTAGCTT-1,0.122967,0.316091,0.560943
AGGCTTCCCGAAGAAG-1,0.011948,0.352683,0.635369
AGGCTTGCTAGACACC-1,0.034539,0.467556,0.497905
AGGGAAACGAGGTACT-1,0.79013,0.209621,0.00025
AGGGACAGCACGGCGG-1,0.297784,0.209137,0.493079
AGGGACCGGCTGCGTT-1,0.003492,0.461169,0.535338
AGGGACTCTACGCGAC-1,0.017826,0.522636,0.459538
AGGGAGACATACTTCG-1,0.078954,0.564482,0.356564
AGGGCAGCGGCGTGGT-1,0.742082,0.067719,0.190199
AGGGCCCTAATGTTCT-1,0.030055,0.391515,0.57843
AGGGCGAGCAGCTGAT-1,0.072048,0.380424,0.547528
AGGGCGTGATCGGCTA-1,0.021185,0.370003,0.608812
AGGGCTGCAGTTACAG-1,0.005706,0.171773,0.822521
AGGGTCAGAGCACTCG-1,0.017744,0.415139,0.567117
AGGGTCAGTAACCCTA-1,0.661128,0.337116,0.001755
AGGGTCGATGCGAACT-1,0.02977,0.262519,0.707711
AGGGTCTGGACGCAGT-1,0.427414,0.493627,0.078958
AGGGTGCCGTTCTTTA-1,0.044857,0.619957,0.335186
AGGGTGCTCTCGAGGG-1,0.007287,0.681803,0.310911
AGGGTGGATAGTGCAT-1,0.078846,0.435131,0.486023
AGGGTGTGCTACACGC-1,0.872131,0.125462,0.002407
AGGGTTCAGACGGTCC-1,0.009587,0.075827,0.914586
AGGGTTCCCTTTGGTT-1,0.003144,0.47525,0.521606
AGGGTTTAGTTCGGGA-1,0.110415,0.412461,0.477124
AGGTAACCTCCTATTC-1,0.044152,0.086327,0.869521
AGGTACGATATTGCCA-1,0.708515,0.278905,0.01258
AGGTAGATCGAGATAT-1,0.075324,0.531646,0.39303
AGGTAGGTACAAAGCT-1,0.023886,0.186931,0.789182
AGGTATAATTGATAGT-1,0.000323,0.264961,0.734716
AGGTATGCGGACATTA-1,0.014564,0.67561,0.309826
AGGTCAGGTGAGAGTG-1,0.029847,0.659904,0.310249
AGGTCGCCACTTCGGT-1,0.180771,0.277512,0.541717
AGGTCGCCTCCCAACA-1,0.008365,0.422282,0.569353
AGGTCGCGGAGTTACT-1,0.149879,0.545864,0.304257
AGGTGCACGTCCACAT-1,0.131978,0.603113,0.264909
AGGTGGTGACCTTCGC-1,0.058746,0.159538,0.781716
AGGTGTATCGCCATGA-1,0.025713,0.351664,0.622624
AGGTGTTGCCGACCAC-1,0.103579,0.697952,0.198469
AGGTTACACCATGCCG-1,0.000048,0.999809,0.000143
AGGTTCTCCTTTCCGG-1,0.37554,0.317528,0.306933
AGGTTGAGGCACGCTT-1,0.160632,0.355182,0.484186
AGGTTTCACACACCTT-1,0.037315,0.464221,0.498464
AGTAACGTTCATCCTG-1,0.631982,0.000079,0.367939
AGTAACTATAGCAGCC-1,0.332699,0.610432,0.05687
AGTAATGTCTTGCCGC-1,0.180009,0.123978,0.696013
AGTAATTTGCAAGCGT-1,0.084772,0.016457,0.898771
AGTACAGAAGCTTATA-1,0.014325,0.50553,0.480145
AGTACATCATTTATCA-1,0.000695,0.192012,0.807293
AGTACCTTCGAGTGCT-1,0.908703,0.086457,0.00484
AGTACGGCCCGTATCG-1,0.23475,0.402063,0.363187
AGTACGGGCACCTGGC-1,0.024803,0.563003,0.412195
AGTACGTGGCCTGTCT-1,0.590135,0.006713,0.403153
AGTACTCTTATGCCCA-1,0.046834,0.588076,0.36509
AGTAGAAGGCGCCTCA-1,0.039218,0.192894,0.767889
AGTAGCGTGAACGAAC-1,0.550338,0.44931,0.000352
AGTAGCTAGACGCCGA-1,0.855933,0.087138,0.056929
AGTAGGAAGGAAGTTG-1,0.640635,0.299711,0.059654
AGTAGGTAACATACAT-1,0.359192,0.600012,0.040796
AGTATAATACTAGGCA-1,0.037073,0.142386,0.820541
AGTATACACAGCGACA-1,0.016833,0.55895,0.424217
AGTATCCATAATAACG-1,0.325716,0.180222,0.494062
AGTATGCTGGAGACCA-1,0.000993,0.210484,0.788523
AGTATTTGGCACGACC-1,0.070401,0.268472,0.661127
AGTCAAATGATGTGAT-1,0.059489,0.407847,0.532664
AGTCAACACCACCATC-1,0.031713,0.162231,0.806056
AGTCAAGATGACACTT-1,0.032667,0.13453,0.832803
AGTCACTAGCTCTCGA-1,0.005402,0.023429,0.971169
AGTCACTCCGCCTCAT-1,0.767039,0.231728,0.001234
AGTCAGCCACCGCCTG-1,0.06942,0.270717,0.659862
AGTCCAGCGGGTACGT-1,0.322477,0.322125,0.355398
AGTCCATTGGCTGATG-1,0.064426,0.524778,0.410796
AGTCCCGCCTTTAATT-1,0.099507,0.349849,0.550644
AGTCCCTCGCAGAAAG-1,0.006311,0.758976,0.234714
AGTCGAAACGATTCAG-1,0.206297,0.246479,0.547224
AGTCGACGGTCTCAAG-1,0.008247,0.400182,0.591571
AGTCGGCCCAAACGAC-1,0.099029,0.707326,0.193645
AGTCGGCTCAACTTTA-1,0.000058,0.784462,0.215481
AGTCGGTTGCGTGAGA-1,0.001701,0.605602,0.392697
AGTCGTATAAAGCAGA-1,0.131895,0.165725,0.70238
AGTCGTCGACCACCAA-1,0.010059,0.407103,0.582837
AGTCGTGGGCATTACG-1,0.071868,0.619925,0.308208
AGTCTAAAGTATACTC-1,0.015519,0.403851,0.58063
AGTCTCACAAGACTAC-1,0.086545,0.126632,0.786823
AGTCTGGACATCCTTG-1,0.2826,0.340671,0.376729
AGTCTTCTCCTCAAAT-1,0.359441,0.539633,0.100926
AGTCTTTAAAGTGTCC-1,0.041597,0.264468,0.693935
AGTGAACAAACTTCTC-1,0.001854,0.53059,0.467556
AGTGAAGATGGTGTCC-1,0.021061,0.209702,0.769237
AGTGACCTACTTTACG-1,0.076819,0.486841,0.436341
AGTGACTGTGACACAA-1,0.036218,0.552594,0.411188
AGTGAGACTTCCAGTA-1,0.002834,0.590365,0.406801
AGTGAGCCTCGCCGCC-1,0.000037,0.066574,0.933389
AGTGAGGGTTTCTGAC-1,0.901315,0.087013,0.011672
AGTGAGTCGAATTAAC-1,0.040336,0.327018,0.632646
AGTGATAACCTGCGCG-1,0.025071,0.192508,0.782421
AGTGATATGAGTAGTT-1,0.118889,0.468805,0.412307
AGTGATTCAAGCAGGA-1,0.01191,0.318167,0.669923
AGTGCACGCTTAAGAA-1,0.073604,0.818293,0.108103
AGTGCGTAGCTCGTAA-1,0.016116,0.083926,0.899957
AGTGCTAAACACAGCA-1,0.099233,0.590838,0.309929
AGTGCTTGCACGAATA-1,0.007219,0.430133,0.562648
AGTGGCGGCAATTTGA-1,0.050599,0.55897,0.390431
AGTGGCGTCTGAAGGT-1,0.558085,0.321873,0.120041
AGTGGCTCCGTCGGCC-1,0.020938,0.889965,0.089097
AGTGGGAGTATACACG-1,0.439428,0.117023,0.443549
AGTGGTGTTACCCGTG-1,0.125345,0.565706,0.308949
AGTGGTTGCGTATAGG-1,0.197925,0.120796,0.681279
AGTGTATTGCGCATTG-1,0.142767,0.386629,0.470604
AGTGTGCTAAGATCGC-1,0.057521,0.010773,0.931706
AGTGTGGTCTATTGTG-1,0.196029,0.664908,0.139064
AGTTAAACACTTGCGA-1,0.019693,0.256405,0.723902
AGTTAAGCGGTCCCGG-1,0.134461,0.101755,0.763784
AGTTAAGTCAACCGCT-1,0.012423,0.410728,0.576849
AGTTACCCTTAAGACT-1,0.000105,0.506985,0.492911
AGTTACCGCACATGGT-1,0.058199,0.425116,0.516685
