Barcode,Topic 1,Topic 2to3,Topic 4to10
AAACAAGTATCTCCCA-1,0.151529,0.059094,0.789377
AAACAATCTACTAGCA-1,0.006586,0.104745,0.888668
AAACACCAATAACTGC-1,0.021638,0.112119,0.866243
AAACAGAGCGACTCCT-1,0.00002,0.069456,0.930524
AAACAGCTTTCAGAAG-1,0.190496,0.005611,0.803893
AAACAGGGTCTATATT-1,0.175588,0.061473,0.762939
AAACAGTGTTCCTGGG-1,0.030737,0.022338,0.946925
AAACATGGTGAGAGGA-1,0.286051,0.002451,0.711499
AAACATTTCCCGGATT-1,0.403274,0.000082,0.596644
AAACCCGAACGAAATC-1,0.915734,0.000109,0.084157
AAACCGGAAATGTTAA-1,0.740827,0.004679,0.254494
AAACCGGGTAGGTACC-1,0.016427,0.113297,0.870276
AAACCGTTCGTCCAGG-1,0.032327,0.118295,0.849378
AAACCTAAGCAGCCGG-1,0.142615,0.000753,0.856632
AAACCTCATGAAGTTG-1,0.085424,0.086417,0.828159
AAACGAAGAACATACC-1,0.132496,0.041327,0.826177
AAACGAAGATGGAGTA-1,0.074614,0.010154,0.915232
AAACGAGACGGTTGAT-1,0.028529,0.089009,0.882462
AAACGCCCGAGATCGG-1,0.029765,0.103046,0.867189
AAACGCTGGGCACGAC-1,0.940063,0.048753,0.011184
AAACGGGCGTACGGGT-1,0.272558,0.012891,0.714551
AAACGGGTTGGTATCC-1,0.08555,0.022299,0.892151
AAACGGTTGCGAACTG-1,0.006378,0.102402,0.89122
AAACGTGTTCGCCCTA-1,0.154286,0.054375,0.791339
AAACTAACGTGGCGAC-1,0.019937,0.038872,0.941191
AAACTCGGTTCGCAAT-1,0.020226,0.299015,0.680759
AAACTCGTGATATAAG-1,0.112338,0.216413,0.671249
AAACTGCTGGCTCCAA-1,0.064383,0.080857,0.85476
AAACTTAATTGCACGC-1,0.051595,0.031043,0.917362
AAACTTGCAAACGTAT-1,0.231007,0.034677,0.734317
AAAGAATGACCTTAGA-1,0.054058,0.009717,0.936226
AAAGAATGTGGACTAA-1,0.674498,0.312285,0.013218
AAAGACCCAAGTCGCG-1,0.000019,0.061114,0.938867
AAAGACTGGGCGCTTT-1,0.075691,0.08801,0.836299
AAAGCTTGCCTACATA-1,0.762742,0.000114,0.237144
AAAGGCCCTATAATAC-1,0.030922,0.02887,0.940208
AAAGGCTACGGACCAT-1,0.045785,0.116862,0.837353
AAAGGCTCTCGCGCCG-1,0.160927,0.09917,0.739902
AAAGGGATGTAGCAAG-1,0.067123,0.079042,0.853835
AAAGGGCAGCTTGAAT-1,0.013473,0.039877,0.946651
AAAGGTAAGCTGTACC-1,0.023156,0.049005,0.927839
AAAGTAGCATTGCTCA-1,0.581331,0.084602,0.334067
AAAGTCACTGATGTAA-1,0.020693,0.084271,0.895036
AAAGTCGACCCTCAGT-1,0.043845,0.016863,0.939292
AAAGTGCCATCAATTA-1,0.436497,0.561509,0.001994
AAAGTGTGATTTATCT-1,0.061723,0.135933,0.802344
AAAGTTGACTCCCGTA-1,0.036378,0.040825,0.922798
AAATAACCATACGGGA-1,0.167597,0.196231,0.636173
AAATAAGGTAGTGCCC-1,0.149109,0.082374,0.768516
AAATACCTATAAGCAT-1,0.007737,0.1522,0.840063
AAATAGGGTGCTATTG-1,0.098562,0.074269,0.827169
AAATCCGATACACGCC-1,0.104362,0.082598,0.81304
AAATCGCGGAAGGAGT-1,0.086828,0.003798,0.909373
AAATCGTGTACCACAA-1,0.0456,0.068913,0.885487
AAATCTAGCCCTGCTA-1,0.32386,0.462067,0.214073
AAATCTGCCCGCGTCC-1,0.051586,0.169894,0.77852
AAATGACTGATCAAAC-1,0.000008,0.19397,0.806022
AAATGATTCGATCAGC-1,0.007784,0.024466,0.96775
AAATGCTCGTTACGTT-1,0.000014,0.222888,0.777098
AAATGGCATGTCTTGT-1,0.000022,0.024736,0.975242
AAATGGCCCGTGCCCT-1,0.25635,0.01018,0.73347
AAATGGTCAATGTGCC-1,0.000026,0.015082,0.984892
AAATGTATCTTATCCC-1,0.169205,0.048661,0.782134
AAATTAACGGGTAGCT-1,0.072866,0.075571,0.851563
AAATTAATAAGCGCGA-1,0.016659,0.087468,0.895873
AAATTACACGACTCTG-1,0.021114,0.044683,0.934203
AAATTACCTATCGATG-1,0.205979,0.028191,0.765829
AAATTCCAGGTCCAAA-1,0.264958,0.069631,0.665412
AAATTGATAGTCCTTT-1,0.022001,0.019821,0.958179
AAATTGCGGCGGTTCT-1,0.000029,0.008029,0.991942
AAATTGGTGAGAAGCA-1,0.164559,0.035757,0.799683
AAATTTACCGAAATCC-1,0.003329,0.150989,0.845683
AAATTTGCGGGTGTGG-1,0.201158,0.256345,0.542497
AACAACTGGTAGTTGC-1,0.020297,0.065555,0.914148
AACAATACATTGTCGA-1,0.072317,0.216826,0.710857
AACAATTACTCTACGC-1,0.034429,0.109406,0.856165
AACACACGCTCGCCGC-1,0.080404,0.031979,0.887617
AACACGACTGTACTGA-1,0.000013,0.102287,0.8977
AACACGAGACGCGGCC-1,0.269782,0.007628,0.72259
AACACGCGGCCGCGAA-1,0.004182,0.122926,0.872891
AACAGCTGTGTGGCAA-1,0.040631,0.115648,0.843721
AACAGGAAATCGAATA-1,0.006114,0.083422,0.910464
AACAGGATGGGCCGCG-1,0.399582,0.00085,0.599568
AACAGGTAGTATGGAT-1,0.907741,0.000219,0.09204
AACATAGCGTGTATCG-1,0.288441,0.135914,0.575645
AACATATCAACTGGTG-1,0.03757,0.038576,0.923854
AACATCGATACGTCTA-1,0.074659,0.141638,0.783704
AACATTGAAGTTGATC-1,0.079978,0.053804,0.866218
AACATTGGTCAGCCGT-1,0.000029,0.215093,0.784878
AACATTGTGACTCGAG-1,0.068245,0.141593,0.790162
AACCAAGACTTCTCTG-1,0.001198,0.112828,0.885974
AACCAGTATCACTCTT-1,0.048264,0.083153,0.868583
AACCATAGGGTTGAAC-1,0.002086,0.116925,0.880989
AACCATGGGATCGCTA-1,0.000036,0.040195,0.959769
AACCCAGAGACGGAGA-1,0.062364,0.165302,0.772334
AACCCATCCCATGATC-1,0.017969,0.040468,0.941564
AACCCGACAACCCGTG-1,0.059538,0.138049,0.802413
AACCCGAGCAGAATCG-1,0.73591,0.141069,0.123022
AACCCGATAGGGCTTC-1,0.242711,0.002667,0.754622
AACCCGCTGTATTCCA-1,0.049344,0.078856,0.8718
AACCCTACTGTCAATA-1,0.07059,0.058293,0.871118
AACCCTGGTGGAACCA-1,0.003762,0.044878,0.95136
AACCGAGCTTGGTCAT-1,0.050702,0.066061,0.883237
AACCGCTAAGGGATGC-1,0.149181,0.113717,0.737102
AACCGTTGTGTTTGCT-1,0.000009,0.437666,0.562324
AACCTCGCTTTAGCCC-1,0.098741,0.08076,0.820499
AACCTGTCACGGAATT-1,0.998302,0.000086,0.001612
AACCTTTAAATACGGT-1,0.000015,0.155419,0.844566
AACCTTTACGACGTCT-1,0.000037,0.056527,0.943435
AACGAAAGTCGTCCCA-1,0.012095,0.095488,0.892417
AACGACCTCCTAGCCG-1,0.770139,0.011307,0.218554
AACGATAATGCCGTAG-1,0.033597,0.065477,0.900925
AACGATAGAAGGGCCG-1,0.000018,0.422837,0.577145
AACGATATGTCAACTG-1,0.015583,0.155129,0.829288
AACGCATGATCTGGGT-1,0.027288,0.114612,0.8581
AACGCGAACGGCAACA-1,0.009092,0.035005,0.955903
AACGCGACCTTGGGCG-1,0.046671,0.064054,0.889275
AACGCGGTCTCCAGCC-1,0.093922,0.030718,0.87536
AACGCTGTTGCTGAAA-1,0.082438,0.076445,0.841117
AACGGACGTACGTATA-1,0.05298,0.064154,0.882867
AACGGCCATCTCCGGT-1,0.021464,0.041674,0.936862
AACGTACTGTGGGTAC-1,0.00057,0.305457,0.693973
AACGTCAGACTAGTGG-1,0.011171,0.105272,0.883556
AACGTCATCCGGCTTG-1,0.0144,0.096709,0.888891
AACGTCGCTGCACTTC-1,0.816001,0.183658,0.000341
AACGTGATGAAGGACA-1,0.00001,0.816296,0.183695
AACGTGCGAAAGTCTC-1,0.167437,0.030814,0.801748
AACGTTATCAGCACCT-1,0.010608,0.624464,0.364928
AACGTTCTACCATTGT-1,0.989596,0.000086,0.010319
AACTACCCGTTTGTCA-1,0.785447,0.106968,0.107585
AACTAGCGTATCGCAC-1,0.110684,0.049748,0.839568
AACTAGGCTTGGGTGT-1,0.036628,0.070291,0.893081
AACTCAAGTTAATTGC-1,0.051774,0.061414,0.886811
AACTCCTAATCCCATG-1,0.016238,0.112555,0.871207
AACTCGATAAACACGT-1,0.330502,0.001687,0.667811
AACTCGATGGCGCAGT-1,0.054116,0.005631,0.940252
AACTCTCAATAGAGCG-1,0.009736,0.078868,0.911396
AACTCTCAGTGTGCTC-1,0.019807,0.082218,0.897975
AACTGAGGTCAGCGTC-1,0.072678,0.095078,0.832244
AACTGAGTTATACTGA-1,0.864744,0.000212,0.135044
AACTGATATTAGGCCT-1,0.049394,0.131364,0.819242
AACTGGGTCCCGACGT-1,0.016055,0.199034,0.784912
AACTGGGTTCGAGCCG-1,0.00005,0.136622,0.863327
AACTGGTGTGGGCCTT-1,0.136441,0.02607,0.837489
AACTTCTGCGTCTATC-1,0.033287,0.416071,0.550643
AACTTGCCCGTATGCA-1,0.000867,0.199146,0.799988
AACTTGCGTTCTCGCG-1,0.000032,0.094395,0.905573
AACTTTACGGGAGCTT-1,0.075086,0.062818,0.862096
AACTTTAGCTGCTGAG-1,0.067273,0.03565,0.897077
AACTTTCTCGATCATG-1,0.975582,0.018861,0.005556
AAGAAAGTTTGATGGG-1,0.139596,0.424604,0.4358
AAGAAATCACCAGATT-1,0.85652,0.005626,0.137854
AAGAAGGATCAGTTAG-1,0.000025,0.029203,0.970771
AAGACATACGTGGTTT-1,0.515212,0.484541,0.000247
AAGACCAAATAACTCA-1,0.038336,0.127109,0.834555
AAGACCCAACTGAACA-1,0.033982,0.12365,0.842369
AAGACTAACCCGTTGT-1,0.018689,0.020048,0.961263
AAGACTGCAAGCTACT-1,0.125175,0.031493,0.843332
AAGAGATGAATCGGTA-1,0.012152,0.123111,0.864737
AAGAGCTCTTTATCGG-1,0.10441,0.005448,0.890142
AAGAGGATGTACGCGA-1,0.021769,0.127524,0.850707
AAGAGGCATGGATCGC-1,0.04923,0.82064,0.130131
AAGAGGCCCTTTGGAA-1,0.711448,0.272798,0.015753
AAGATGGCACCGGACC-1,0.04282,0.231519,0.725662
AAGATTGGCGGAACGT-1,0.039237,0.09262,0.868143
AAGCACCCTGCGTATC-1,0.02724,0.386522,0.586238
AAGCATACTCTCCTGA-1,0.006878,0.809988,0.183135
AAGCCACTTGCAGGTA-1,0.083633,0.082139,0.834228
AAGCCGAAGCGGTTTA-1,0.772397,0.00015,0.227452
AAGCCGCCGTGAAATC-1,0.003728,0.01716,0.979112
AAGCCGCTTTACCTTG-1,0.487648,0.158338,0.354013
AAGCCGGAGAGCAGGA-1,0.420878,0.578918,0.000204
AAGCGCAGGGCTTTGA-1,0.005498,0.248106,0.746395
AAGCGGAGTGCGCGCA-1,0.435171,0.022942,0.541887
AAGCGGCGTCATGGGT-1,0.005105,0.052081,0.942814
AAGCGTCCCTCATCGA-1,0.000018,0.395338,0.604644
AAGCTAGATCGAGTAA-1,0.037336,0.080007,0.882657
AAGCTATGGATTGACC-1,0.032046,0.248387,0.719567
AAGCTCGTGCCAAGTC-1,0.13716,0.068496,0.794344
AAGCTCTTTCATGGTG-1,0.060174,0.011706,0.92812
AAGGAGAACTTATAAG-1,0.13008,0.132934,0.736986
AAGGAGCGGTTGGTGC-1,0.010067,0.110685,0.879248
AAGGATCGATCGCTTG-1,0.157203,0.026921,0.815877
AAGGATGAGGGACCTC-1,0.000013,0.07319,0.926798
AAGGCAGGCTGTCTCC-1,0.923295,0.007939,0.068767
AAGGCGCGTAAAGCTT-1,0.021751,0.09843,0.879819
AAGGCTGTGCTCATCG-1,0.019828,0.083205,0.896967
AAGGGAACGACTGGCT-1,0.110785,0.03515,0.854065
AAGGGACAGATTCTGT-1,0.097443,0.032772,0.869785
AAGGGACTATGCATTC-1,0.015165,0.074851,0.909984
AAGGGTTAGCCATGCG-1,0.520671,0.411871,0.067458
AAGGGTTTGATTTCAG-1,0.145832,0.034775,0.819392
AAGGTATCCTAATATA-1,0.001347,0.083798,0.914855
AAGGTGATAAACCAGC-1,0.000013,0.198602,0.801385
AAGTAGTGACGCGAGG-1,0.017417,0.064971,0.917612
AAGTCAATTGTCGTCA-1,0.060058,0.069171,0.870772
AAGTCTAGTAGCTGCC-1,0.734177,0.042346,0.223477
AAGTCTTCTGTGGCCT-1,0.000032,0.000211,0.999757
AAGTGACGACCGAATT-1,0.055721,0.070118,0.874161
AAGTGAGTCGGGTTTA-1,0.000019,0.01365,0.986331
AAGTGCAAAGGTAGAC-1,0.044011,0.003747,0.952242
AAGTGCCTTGACTGTA-1,0.173104,0.095823,0.731073
AAGTGCGTTAGAATCT-1,0.300403,0.075998,0.623599
AAGTGCTTCTCTATTG-1,0.001679,0.109826,0.888494
AAGTGTTTGGAGACGG-1,0.217562,0.053052,0.729387
AAGTTCACTCCAAGCT-1,0.048881,0.024272,0.926847
AAGTTCAGTCTGCGTA-1,0.000898,0.07518,0.923922
AAGTTCGGCCAACAGG-1,0.116547,0.114357,0.769096
AAGTTGTGATGTTATA-1,0.967896,0.000129,0.031974
AAGTTTACTAATGGCA-1,0.02179,0.128031,0.850179
AAGTTTATGGGCCCAA-1,0.046981,0.211632,0.741387
AATAACAACGCTCGGC-1,0.009053,0.125554,0.865393
AATAACACTAGAACAA-1,0.013737,0.298575,0.687688
AATAACGTCGCGCCCA-1,0.704077,0.25292,0.043003
AATAAGTCCTCGAGAC-1,0.021926,0.063567,0.914508
AATAATCTTCGTATCG-1,0.952961,0.000192,0.046847
AATACAATGTTTCAGG-1,0.000033,0.065924,0.934043
AATACCGGAGGGCTGT-1,0.00868,0.058092,0.933229
AATACCTGATGTGAAC-1,0.902722,0.005077,0.092201
AATAGAACAGAGTGGC-1,0.027804,0.109168,0.863028
AATAGAATCTGTTTCA-1,0.020398,0.082497,0.897104
AATAGCAAGCCTCCTG-1,0.263406,0.004819,0.731774
AATAGCTACCGCGTGC-1,0.000208,0.11385,0.885942
AATAGGCACGACCCTT-1,0.058398,0.117181,0.82442
AATAGTCCGTCCCGAC-1,0.028347,0.061796,0.909858
AATAGTCGCGAGTCGG-1,0.116766,0.425156,0.458078
AATATCAAGGTCGGAT-1,0.000023,0.164893,0.835084
AATATCCTAGCAAACT-1,0.111866,0.156172,0.731962
AATATCGAATCAATGC-1,0.826436,0.000154,0.173409
AATATCGAGGGTTCTC-1,0.074301,0.062869,0.86283
AATATTGGAGTATTGA-1,0.002688,0.088262,0.909051
AATCAGACTGCAGGAC-1,0.000029,0.061181,0.938789
AATCAGGTTTCATTTA-1,0.101921,0.035972,0.862107
AATCATGTAAAGACTC-1,0.172536,0.043367,0.784097
AATCCAAGGGCCTGAG-1,0.000014,0.096476,0.90351
AATCCATGCAAGGGTG-1,0.000032,0.108244,0.891725
AATCCCGCTCAGAGCC-1,0.016232,0.151432,0.832336
AATCGAGGTCTCAAGG-1,0.251235,0.262164,0.486601
AATCGCCTCAGCGCCA-1,0.002085,0.079062,0.918852
AATCGCGCAGAGGACT-1,0.915903,0.00246,0.081637
AATCGGGACACTACGA-1,0.000018,0.131956,0.868025
AATCGGTATAGCCCTC-1,0.604385,0.395327,0.000289
AATCGTGAGCCGAGCA-1,0.125092,0.02988,0.845028
AATCTAGGTTTACTTG-1,0.192851,0.03591,0.771239
AATCTATGCCGGAGCC-1,0.031865,0.054606,0.913529
AATCTCTACTGTGGTT-1,0.038386,0.105031,0.856582
AATCTGCGTTGGGACG-1,0.043136,0.048597,0.908267
AATCTGGCTTTCTAGT-1,0.672638,0.000037,0.327325
AATCTGGGTAGACCCT-1,0.000023,0.018705,0.981272
AATGACAGCAATGTCT-1,0.502931,0.000049,0.49702
AATGACGTAGGATGTC-1,0.046392,0.077981,0.875627
AATGACTGTCAGCCGG-1,0.062148,0.138148,0.799705
AATGAGTTCGCATATG-1,0.032251,0.110071,0.857678
AATGATGATACGCTAT-1,0.000022,0.174952,0.825026
AATGATGCGACTCCTG-1,0.020996,0.165079,0.813925
AATGCAACCGGGTACC-1,0.000017,0.196104,0.803879
AATGCACCAAGCAATG-1,0.027955,0.056969,0.915076
AATGGTCCACCGTTCA-1,0.086191,0.018886,0.894923
AATGGTTCTCACAAGC-1,0.011756,0.489745,0.4985
AATGTATGGCACTGTA-1,0.00971,0.022486,0.967804
AATGTGCCCGAGGTGT-1,0.645338,0.000033,0.354629
AATGTGCTAATCTGAG-1,0.060161,0.081173,0.858666
AATGTTAAGACCCTGA-1,0.121517,0.258383,0.6201
AATGTTGTCGTGAGAC-1,0.974525,0.000124,0.025351
AATTAAAGGTCGGCGT-1,0.010005,0.139262,0.850734
AATTAACGGATTTCCA-1,0.07967,0.120956,0.799374
AATTACGAGACCCATC-1,0.053485,0.04202,0.904495
AATTACTCGTACGCTC-1,0.05862,0.064469,0.87691
AATTAGCGCTGCAGCG-1,0.025912,0.14276,0.831328
AATTATACCCAGCAAG-1,0.708591,0.254505,0.036904
AATTCATAAGGGATCT-1,0.064235,0.221845,0.71392
AATTCATTGTCATGCA-1,0.060849,0.058113,0.881037
AATTCCAACTTGGTGA-1,0.039826,0.025818,0.934356
AATTCCAAGCATGTAC-1,0.074161,0.107687,0.818152
AATTCGATTCGAGGAT-1,0.049797,0.105311,0.844892
AATTCTAGAGTTAGGC-1,0.023544,0.153137,0.823319
AATTGAACGCTCTGGT-1,0.075994,0.025968,0.898038
AATTGCAGCAATCGAC-1,0.773512,0.207161,0.019327
AATTGCGTGGATTACA-1,0.030918,0.074914,0.894168
AATTGTGGTTGCCAAA-1,0.685611,0.312608,0.001781
AATTTGGGACATAGTA-1,0.001128,0.095025,0.903847
AATTTGGTTCCAAAGA-1,0.002979,0.032393,0.964628
ACAAACCATGCGTCCT-1,0.314115,0.012381,0.673504
ACAAACTCCATCAGAG-1,0.091973,0.148392,0.759635
ACAAAGAAGGTAGGCC-1,0.068345,0.000086,0.931569
ACAAAGCATGACCTAG-1,0.89134,0.004113,0.104547
ACAAATCGCACCGAAT-1,0.006079,0.060372,0.933548
ACAAATGGTAGTGTTT-1,0.003205,0.669138,0.327657
ACAAATTCAGATCTGA-1,0.000023,0.046818,0.953159
ACAACAGCATGAGCTA-1,0.365453,0.02248,0.612066
ACAACGGTCCCTGCGA-1,0.019607,0.059172,0.921222
ACAAGCAGTGCCTAGC-1,0.016991,0.308648,0.674361
ACAAGCTATATGGAAG-1,0.040385,0.246532,0.713083
ACAAGGAAATCCGCCC-1,0.121246,0.041358,0.837396
ACAAGGACAAGAGGTT-1,0.31066,0.015396,0.673945
ACAAGGATGCTTTAGG-1,0.086662,0.096715,0.816623
ACAAGGCCTACCAGCC-1,0.024641,0.03536,0.939999
ACAAGGGCAGGCTCTG-1,0.014363,0.114938,0.870699
ACAAGTAATTGTAAGG-1,0.141957,0.068592,0.789451
ACAATAGTCGTACGTT-1,0.585187,0.005996,0.408817
ACAATCCATTTAAACC-1,0.00001,0.134449,0.865541
ACAATGAATACGGAGA-1,0.112958,0.088027,0.799014
ACAATGATTCTTCTAC-1,0.018568,0.090518,0.890914
ACAATTGTGTCTCTTT-1,0.010951,0.027247,0.961802
ACAATTTAGGAGGCTC-1,0.041933,0.147402,0.810664
ACAATTTGAGCAGTGG-1,0.089355,0.031443,0.879203
ACAATTTGGCCATATT-1,0.999303,0.000155,0.000542
ACACAAAGACGGGTGG-1,0.049971,0.058721,0.891308
ACACAAATATTCCTAG-1,0.18944,0.089743,0.720817
ACACACCAGGACCAGT-1,0.035277,0.154311,0.810413
ACACACTTTCTACACG-1,0.000018,0.104689,0.895292
ACACATGATCAAATCT-1,0.0067,0.091836,0.901464
ACACATTGACGCAACA-1,0.000033,0.063078,0.936889
ACACATTTCCGTAGAC-1,0.001124,0.098002,0.900873
ACACCACATAATTAGC-1,0.277954,0.03662,0.685426
ACACCCAGCATGCAGC-1,0.000025,0.209769,0.790206
ACACCCGAGAAATCCG-1,0.000012,0.174129,0.825859
ACACCGAGCGCTCTTT-1,0.000018,0.078311,0.921671
ACACCGGTCTGACCGC-1,0.116797,0.002098,0.881106
ACACCTTAAGTAGGGC-1,0.015373,0.085521,0.899106
ACACCTTACTACTTGC-1,0.321836,0.013933,0.66423
ACACGAGACTCCTTCT-1,0.573616,0.013414,0.412969
ACACGGCACTATGCAT-1,0.006117,0.078307,0.915576
ACACGGGAACTTAGGG-1,0.000965,0.046102,0.952933
ACACGTAGGCCACAAG-1,0.772852,0.145595,0.081553
ACACTCCAATGTCACT-1,0.00004,0.127378,0.872583
ACACTGATCAAGGTGT-1,0.037603,0.085371,0.877026
ACACTGGGACAGTCGT-1,0.923062,0.00022,0.076718
ACAGAACTGAGAACAA-1,0.455197,0.007022,0.537781
ACAGATTAGGTTAGTG-1,0.045565,0.073108,0.881327
ACAGCATAGAGCCAGT-1,0.044842,0.038398,0.91676
ACAGCGACATTCTCAT-1,0.481749,0.011052,0.507199
ACAGCGCACCCGCAGC-1,0.087073,0.16632,0.746607
ACAGGAGGCGCAGCCG-1,0.000644,0.062597,0.936759
ACAGGCACGGATCCTT-1,0.872664,0.000085,0.127252
ACAGGCTTGCCCGACT-1,0.012303,0.010001,0.977696
ACAGGTGGAGGTGAGG-1,0.007434,0.314551,0.678015
ACAGGTGTGTTGTTGC-1,0.132759,0.120502,0.746739
ACAGTAATACAACTTG-1,0.212708,0.016643,0.770649
ACAGTATACCGTGGGA-1,0.094613,0.088534,0.816853
ACATAAGTCGTGGTGA-1,0.136163,0.003388,0.860449
ACATAATAAGGCGGTG-1,0.104929,0.004753,0.890318
ACATACAATCAAGCGG-1,0.988638,0.005135,0.006227
ACATCAGCTGGGACGC-1,0.06269,0.035858,0.901453
ACATCCCGGCCATACG-1,0.020014,0.143381,0.836605
ACATCCTGGTAACTGT-1,0.129856,0.006494,0.86365
ACATCGATCGTTTACC-1,0.460187,0.018514,0.521298
ACATCGCAATATTCGG-1,0.21968,0.05857,0.72175
ACATCGGTCAGCCGCG-1,0.000013,0.082356,0.917631
ACATCGTATGCAATGG-1,0.049523,0.060158,0.890318
ACATCGTTAACCTAGT-1,0.000017,0.077325,0.922658
ACATCTCAACGCGTAA-1,0.000024,0.086118,0.913858
ACATGCTTACGGCAGC-1,0.262225,0.0205,0.717274
ACATGGCGCCAAAGTA-1,0.130159,0.039601,0.83024
ACATGGCTCAATTTAG-1,0.00002,0.111645,0.888335
ACATTAGTTTATATCC-1,0.039287,0.016598,0.944115
ACATTCGCGCGGAATA-1,0.525536,0.03419,0.440274
ACATTTGAAACCTAAC-1,0.767682,0.176542,0.055777
ACCAAACACCCAGCGA-1,0.001929,0.931106,0.066965
ACCAAACTAGAAATCC-1,0.001451,0.051852,0.946697
ACCAACACCACACACT-1,0.022857,0.059403,0.91774
ACCAACCGCACTCCAC-1,0.832064,0.007871,0.160065
ACCAACGCTTATTTAT-1,0.003641,0.131795,0.864564
ACCAAGAACGCGTGTC-1,0.000535,0.111802,0.887663
ACCAAGTCATCGGCAG-1,0.783315,0.216435,0.00025
ACCAATATGCAAGTTA-1,0.047173,0.054547,0.89828
ACCACAACTCAGAACA-1,0.000016,0.089799,0.910185
ACCACAAGTTTCTATC-1,0.000012,0.06357,0.936418
ACCACACGGTTGATGG-1,0.079381,0.429305,0.491314
ACCACCAATGTAACAA-1,0.204349,0.007103,0.788548
ACCACCCTCTCTTCTA-1,0.218501,0.108804,0.672695
ACCACGTGCAGCTATA-1,0.056123,0.091147,0.85273
ACCACTGTTCAAGAAG-1,0.004881,0.080625,0.914494
ACCAGACCATAACAAC-1,0.000506,0.125685,0.873809
ACCAGCCCGGTCTTTG-1,0.000025,0.203381,0.796594
ACCAGGAGTGTGATCT-1,0.102931,0.066038,0.831031
ACCAGTGCCCGGTCAA-1,0.005214,0.019926,0.974859
ACCAGTGCGGGAGACG-1,0.028487,0.079242,0.892271
ACCATATCCGCAATAA-1,0.042124,0.083952,0.873924
ACCATCCGCCAACTAG-1,0.155138,0.041347,0.803515
ACCATCGTATATGGTA-1,0.007026,0.067823,0.92515
ACCATTAAGGGTGTCA-1,0.018331,0.013539,0.96813
ACCCAACGCCCGTGGC-1,0.042702,0.064382,0.892917
ACCCACCTACATGCTC-1,0.00807,0.254258,0.737671
ACCCATCTTGAGGGTA-1,0.037147,0.146021,0.816832
ACCCATTTGTCCCTCT-1,0.760032,0.019531,0.220437
ACCCGAGCGAAATTAC-1,0.228676,0.04366,0.727664
ACCCGATTGGTTCCGA-1,0.016138,0.038252,0.94561
ACCCGGAAACTCCCAG-1,0.04332,0.153623,0.803056
ACCCGGAGCACCACAA-1,0.999316,0.000152,0.000532
ACCCGGATGACGCATC-1,0.031337,0.081169,0.887494
ACCCGGTTACACTTCC-1,0.042947,0.064166,0.892887
ACCCGTAGCAGAGAAT-1,0.064587,0.005916,0.929497
ACCCGTAGTCTAGTTG-1,0.999038,0.000214,0.000748
ACCCGTGTCATCAGTA-1,0.042634,0.035342,0.922024
ACCCTATAGGACTGAG-1,0.003719,0.243236,0.753045
ACCCTATGCCATATCG-1,0.007025,0.206582,0.786393
ACCCTCCCGTCAGGGC-1,0.723966,0.189543,0.086491
ACCCTCCCTTGCTATT-1,0.027953,0.102994,0.869054
ACCCTGGTAACGCCCT-1,0.000022,0.148814,0.851164
ACCCTTCATCTGCGAA-1,0.000017,0.084988,0.914995
ACCCTTGCCTGGGTCG-1,0.670133,0.000054,0.329813
ACCCTTTAGTTCTCCA-1,0.00002,0.176355,0.823625
ACCGAAAGGGCCCTGC-1,0.000013,0.194031,0.805956
ACCGAAGAGTCTGGTT-1,0.089826,0.000054,0.91012
ACCGACACATCTCCCA-1,0.039209,0.14224,0.818551
ACCGACTGAGTCCCAC-1,0.066581,0.223513,0.709906
ACCGAGTCTCCTTATT-1,0.048459,0.209162,0.742379
ACCGATAGGCATAACC-1,0.731266,0.268169,0.000564
ACCGATATTTAATCAT-1,0.81949,0.180079,0.000431
ACCGATGGTAGCATCG-1,0.054043,0.023684,0.922273
ACCGCAATAACTGCCT-1,0.041254,0.085833,0.872913
ACCGCGGTGGAAGTCG-1,0.11934,0.286756,0.593904
ACCGCTAGTCATTGGT-1,0.120977,0.001263,0.877759
ACCGGGCCTTTGTTGA-1,0.072458,0.075763,0.851778
ACCGGTCAGGTACACC-1,0.002804,0.047988,0.949208
ACCGGTCTGAGTACGG-1,0.000017,0.091296,0.908687
ACCGTCCACTGGGCCC-1,0.000008,0.168534,0.831458
ACCGTGACCACGTGGG-1,0.081692,0.200613,0.717695
ACCGTTCCCGCTCTGA-1,0.000093,0.177467,0.82244
ACCTAAGTACCTTTCA-1,0.157738,0.591721,0.250541
ACCTAATCGACTTCCT-1,0.0743,0.043975,0.881725
ACCTACAGTATGTGGT-1,0.999486,0.000114,0.0004
ACCTACTATAAATCTA-1,0.016979,0.391026,0.591995
ACCTCAGCGAGGCGCA-1,0.982629,0.017186,0.000184
ACCTCCGCCCTCGCTG-1,0.849333,0.000222,0.150446
ACCTCCGTTATTCACC-1,0.123599,0.073862,0.802539
ACCTCGAACTTATGCT-1,0.173168,0.000062,0.82677
ACCTGCGTGTCATGTT-1,0.170681,0.025883,0.803436
ACGAAATGGGCGGCAC-1,0.055942,0.032297,0.911761
ACGACCCATGAGTTGC-1,0.888801,0.10951,0.001689
ACGACTCTAGGGCCGA-1,0.758528,0.241213,0.00026
ACGACTGGTCATACTC-1,0.02178,0.103382,0.874839
ACGAGAACCCATCACG-1,0.017612,0.123756,0.858632
ACGAGATATTTGCTTA-1,0.001343,0.297887,0.70077
ACGAGGATACCACTCT-1,0.285267,0.010993,0.70374
ACGAGGTTTACAACGT-1,0.428009,0.000264,0.571727
ACGAGTACGGATGCCC-1,0.000022,0.156602,0.843376
ACGAGTCGCCGGCGTT-1,0.009219,0.13952,0.85126
ACGATACATAGAACTA-1,0.006085,0.320479,0.673435
ACGATACCTATCCTGA-1,0.05998,0.272558,0.667462
ACGATCATACATAGAG-1,0.085671,0.024821,0.889509
ACGATCATCTTGTAAA-1,0.074125,0.089787,0.836089
ACGATGCATATGTTAT-1,0.006892,0.198816,0.794293
ACGATGGATCCGATGC-1,0.024778,0.064471,0.910751
ACGCAAACTAATAGAT-1,0.068215,0.063646,0.868139
ACGCAATCACTACAGC-1,0.038147,0.226559,0.735294
ACGCATAAATGACATG-1,0.089253,0.032755,0.877992
ACGCATACGTTTACTA-1,0.894214,0.0001,0.105686
ACGCATTCGTGAGTAC-1,0.068662,0.095034,0.836304
ACGCCACTCGAAACAG-1,0.001496,0.034229,0.964275
ACGCCAGATGATTTCT-1,0.181103,0.213779,0.605118
ACGCCAGTGCGTTTGC-1,0.95329,0.023055,0.023654
ACGCCCAGCTGTCGAT-1,0.016837,0.168281,0.814882
ACGCCGCTAGACGACC-1,0.028398,0.120817,0.850785
ACGCGAAGTCAGACGA-1,0.127506,0.026473,0.84602
ACGCGCTACACAGGGT-1,0.010596,0.165631,0.823773
ACGCGGGCCAAGGACA-1,0.010663,0.125462,0.863875
ACGCGTTTCTTAAGAG-1,0.020017,0.066625,0.913358
ACGCTACTGAATGGGC-1,0.649116,0.158757,0.192128
ACGCTAGTGATACACT-1,0.019937,0.2359,0.744163
ACGCTGTGAGGCGTAG-1,0.022203,0.055638,0.922159
ACGCTTAGTGTCTCTC-1,0.028239,0.096643,0.875118
ACGGAACACGAGTGCC-1,0.983667,0.000095,0.016238
ACGGAATTTAGCAAAT-1,0.000019,0.306288,0.693693
ACGGACGCAGCGACAA-1,0.103582,0.108534,0.787884
ACGGACTCTCAAAGCG-1,0.024072,0.223847,0.752081
ACGGATGGTGCGGATA-1,0.033552,0.033796,0.932652
ACGGCACTTGCTTGGG-1,0.134019,0.035289,0.830692
ACGGCCAACATGGACT-1,0.038925,0.149229,0.811846
ACGGCGACGATGGGAA-1,0.038346,0.213664,0.74799
ACGGCGGGTTGCCCTG-1,0.052829,0.12032,0.826851
ACGGCTGGATGTAGAA-1,0.044281,0.039253,0.916466
ACGGGAGTGTCGGCCC-1,0.232152,0.027252,0.740596
ACGGGCGTATGCGACA-1,0.214119,0.092058,0.693823
ACGGGTCATGTGACTT-1,0.000018,0.117773,0.882209
ACGGGTTGTGACCTGT-1,0.146982,0.017254,0.835765
ACGGTACAGTTCAATG-1,0.659782,0.266571,0.073646
ACGGTCACCGAGAACA-1,0.063919,0.059362,0.876719
ACGTACAGATTTCTCT-1,0.036503,0.176157,0.78734
ACGTACTTTGGCACGG-1,0.013574,0.058323,0.928102
ACGTAGATTGCTGATG-1,0.000034,0.082638,0.917328
ACGTAGGAGAGTCGCT-1,0.036295,0.30734,0.656365
ACGTATTACTCCGATC-1,0.027971,0.096863,0.875166
ACGTCGGGCAACTCGG-1,0.0431,0.049674,0.907226
ACGTCTCGTTCCGGGA-1,0.07815,0.035558,0.886292
ACGTGACAAAGTAAGT-1,0.028585,0.000096,0.971319
ACGTGCGCCTCGTGCA-1,0.000845,0.154627,0.844528
ACGTTAATGTCGAAGA-1,0.033337,0.047923,0.91874
ACGTTAGATTTGCCCG-1,0.020629,0.05253,0.926841
ACGTTATTGGTCACTC-1,0.00008,0.003942,0.995977
ACGTTCACTATGCCGC-1,0.094794,0.326754,0.578452
ACGTTCCGCGCTCCGT-1,0.024369,0.133619,0.842012
ACGTTCGCAATCAATT-1,0.130174,0.112722,0.757105
ACGTTCGTTCAGGAAA-1,0.000015,0.147195,0.85279
ACGTTCTGTACAAGTC-1,0.968074,0.00008,0.031847
ACGTTGTCGTTGAAAG-1,0.038499,0.12293,0.838571
ACGTTTAGTTGTGATC-1,0.000019,0.213625,0.786356
ACGTTTCGGTGCACTT-1,0.89689,0.052948,0.050163
ACTAAGGACGCACACC-1,0.536144,0.000216,0.46364
ACTAATACGTCAGGCG-1,0.000018,0.008978,0.991004
ACTACAAAGAGAGGTG-1,0.005312,0.114194,0.880494
ACTACATCCCGACAAG-1,0.303407,0.102309,0.594285
ACTACCAGCTCTCTGG-1,0.114723,0.095496,0.789781
ACTACCATCCGAGGGC-1,0.539857,0.073885,0.386258
ACTACGCGTTAGAATT-1,0.118029,0.036243,0.845728
ACTAGTTGCGATCGTC-1,0.373541,0.014342,0.612117
ACTATATGCTGTGTTC-1,0.002998,0.048621,0.948381
ACTATCCAGGGCATGG-1,0.074354,0.032462,0.893183
ACTATCGCCGGCTAAA-1,0.081024,0.251934,0.667042
ACTATCTGCCCGCGTA-1,0.995765,0.003852,0.000383
ACTATGTCCAGCTGCC-1,0.081901,0.047243,0.870856
ACTATTCGTCCGTGGT-1,0.004224,0.030078,0.965698
ACTATTTCCGGGCCCA-1,0.001022,0.157243,0.841735
ACTCAACGAATGTATT-1,0.004051,0.109745,0.886203
ACTCAAGTGCAAGGCT-1,0.137797,0.041514,0.82069
ACTCAATAAAGGCACG-1,0.104732,0.079107,0.816161
ACTCAGACCTGCTTCT-1,0.000041,0.05248,0.94748
ACTCATGGCAGCCTTC-1,0.00474,0.167447,0.827814
ACTCCAATATCATCAT-1,0.610272,0.048831,0.340897
ACTCCCATTCCTAAAG-1,0.176085,0.051221,0.772694
ACTCCCGAATTCGTTT-1,0.019593,0.102291,0.878116
ACTCCCGTAGACTAGG-1,0.645567,0.02227,0.332162
ACTCCCTAATGCTAAA-1,0.008705,0.078129,0.913166
ACTCCCTAGAATAGTA-1,0.060912,0.065178,0.87391
ACTCCGGCCGACCACT-1,0.92087,0.000069,0.079061
ACTCGATGTATTTCAT-1,0.019134,0.096856,0.88401
ACTCGCCGTTCGATAA-1,0.921852,0.028041,0.050107
ACTCGCGATCTGACGC-1,0.998932,0.000237,0.000831
ACTCGTAACCCGTCCT-1,0.281689,0.000085,0.718226
ACTCGTCAGTAATCCC-1,0.061591,0.148112,0.790298
ACTCTAAACCTGGGAT-1,0.115902,0.01834,0.865757
ACTCTCTGACTTAGGT-1,0.005575,0.077359,0.917066
ACTCTCTTATACACGA-1,0.00496,0.14951,0.84553
ACTCTGACCTAATAGA-1,0.930573,0.000082,0.069345
ACTCTTCAGCTCCCGC-1,0.999354,0.000144,0.000503
ACTCTTGTATAGTAAC-1,0.061574,0.024244,0.914182
ACTGAAACGCCGTTAG-1,0.081147,0.094192,0.824661
ACTGAATGGCGAAAGT-1,0.034902,0.004093,0.961005
ACTGATTTAGTGATTC-1,0.000013,0.473699,0.526288
ACTGCCCGCCATTCTC-1,0.159552,0.135942,0.704505
ACTGCCGTCGTAACTC-1,0.007184,0.17254,0.820276
ACTGCGGACACACCGT-1,0.999058,0.000209,0.000732
ACTGCTCGGAAGGATG-1,0.10826,0.00898,0.882759
ACTGGCGAACCTGCGT-1,0.611595,0.000181,0.388224
ACTGGGATGCCAGTGC-1,0.000012,0.061744,0.938243
ACTGTACGATACACAT-1,0.010615,0.062574,0.926811
ACTGTAGCACTTTGGA-1,0.050129,0.136242,0.813629
ACTGTATACGCGAGCA-1,0.000015,0.116201,0.883784
ACTGTCCAGGATTATA-1,0.113771,0.049766,0.836463
ACTGTCTTCTTTAGAA-1,0.092904,0.048909,0.858187
ACTGTGCTAGTAGATC-1,0.000035,0.051897,0.948067
ACTGTTTAGTGTAGGC-1,0.000164,0.000329,0.999507
ACTTACCGGGCGCGCA-1,0.000014,0.493244,0.506742
ACTTACGCATCCACGC-1,0.048749,0.087444,0.863807
ACTTAGTACGACAAGA-1,0.00003,0.077763,0.922207
ACTTATACTTACCCGG-1,0.016949,0.004428,0.978623
ACTTATTAGGATCGGT-1,0.000013,0.058798,0.941189
ACTTATTTATGTGCCA-1,0.016592,0.037317,0.946092
ACTTCAGGCTGATCCC-1,0.021264,0.1059,0.872836
ACTTCCAGTGGAAGCT-1,0.038329,0.047732,0.913939
ACTTCCATGCGGGACA-1,0.02453,0.096819,0.878651
ACTTCGCCATACGCAC-1,0.025219,0.072983,0.901797
ACTTCGCTAGCGAGTG-1,0.729862,0.264783,0.005355
ACTTGACTCCCTCTTT-1,0.001143,0.120421,0.878436
ACTTGCCATATTGTAC-1,0.224244,0.037872,0.737884
ACTTGCTCTATCTACC-1,0.035319,0.140202,0.824479
ACTTGGGACCCGGTGG-1,0.001126,0.030345,0.968528
ACTTGGGCTTTCGCCA-1,0.077835,0.140137,0.782028
ACTTGTAGTCCCTTCA-1,0.16967,0.08181,0.74852
ACTTGTGGATGGAACG-1,0.964431,0.000305,0.035264
ACTTGTTACCGGATCA-1,0.005834,0.138626,0.85554
ACTTTACCCTCATGAA-1,0.001745,0.117707,0.880548
ACTTTATACACCACTT-1,0.12448,0.021343,0.854177
ACTTTCCTATAGCTTC-1,0.016339,0.095517,0.888144
ACTTTGACTGCATCCT-1,0.074403,0.019853,0.905744
ACTTTGGTCGTGCTCC-1,0.149728,0.02539,0.824882
ACTTTGTCGACGCACT-1,0.999056,0.00021,0.000734
AGAAATTATGACTCGC-1,0.564767,0.433475,0.001758
AGAACACGGCGATGGT-1,0.027073,0.077329,0.895598
AGAACCCAGCGTGACA-1,0.929853,0.019516,0.050631
AGAACCCTCAATTGGG-1,0.088792,0.008138,0.90307
AGAACGTGGTACATTC-1,0.08599,0.093884,0.820126
AGAACTGTACTTTGTA-1,0.999694,0.000068,0.000238
AGAAGAGCGCCGTTCC-1,0.057363,0.033117,0.90952
AGAAGGTACACTTCAC-1,0.117207,0.018357,0.864436
AGAAGGTTGCCGAATT-1,0.015119,0.099225,0.885656
AGAAGGTTGTAGGTCG-1,0.079704,0.07324,0.847056
AGAAGTGATTCGTGAT-1,0.158696,0.038979,0.802325
AGAATAAATCTTCAGG-1,0.608612,0.000033,0.391355
AGAATACAGGCTATCC-1,0.862535,0.118368,0.019097
AGAATGCGGGTTCGGA-1,0.012999,0.109533,0.877468
AGAATTATGGATTCGA-1,0.033771,0.323761,0.642468
AGAATTGTTTGACATA-1,0.006004,0.035031,0.958965
AGACAGCTCAGAATCC-1,0.164515,0.043394,0.792091
AGACAGGCATCTCAGC-1,0.502254,0.43526,0.062486
AGACATAGATCCTTCC-1,0.020742,0.114562,0.864696
AGACCAAACCACACCT-1,0.111322,0.000242,0.888437
AGACCATGGGATACAA-1,0.000017,0.104107,0.895876
AGACCCACCGCTGATC-1,0.008339,0.22872,0.762941
AGACCCGCCCTCCTCG-1,0.008777,0.309717,0.681507
AGACCGCTCCGCGGTT-1,0.986367,0.000176,0.013457
AGACCGGGAAACCCTG-1,0.321269,0.029653,0.649078
AGACGAAGTGCCGGTC-1,0.088157,0.066475,0.845368
AGACGACGATGCCGCT-1,0.078902,0.097603,0.823495
AGACGCCCACTTCGCC-1,0.819095,0.18021,0.000695
AGACGGGCCGATTTAA-1,0.000018,0.0041,0.995882
AGACTAGCCTTCCAGA-1,0.000015,0.035751,0.964233
AGACTGTTACCGGGTC-1,0.14202,0.002472,0.855507
AGAGAAACACCAGAAA-1,0.131332,0.115587,0.753081
AGAGAACCGTCTAGGA-1,0.000672,0.137817,0.861511
AGAGAAGGAGTACAAT-1,0.012271,0.479366,0.508363
AGAGATCTCTAAAGCG-1,0.028159,0.089592,0.882248
AGAGCAGTTATGAGAC-1,0.029649,0.066127,0.904224
AGAGCCGCCGAGATTT-1,0.714566,0.227669,0.057765
AGAGCGCTTGTAACGG-1,0.999203,0.000042,0.000755
AGAGCGGGCTAATCAT-1,0.000013,0.169225,0.830761
AGAGCGTACAAGCTCG-1,0.016319,0.104719,0.878962
AGAGCTACGAAAGCAT-1,0.000036,0.01346,0.986503
AGAGGCTTCGGAAACC-1,0.127157,0.494655,0.378188
AGAGGGACAATTGTCC-1,0.086129,0.102678,0.811193
AGAGGTATCTCGGTCC-1,0.065585,0.055279,0.879136
AGAGTAAACTTCACTA-1,0.204964,0.273358,0.521678
AGAGTATAGTGTTACG-1,0.658735,0.000309,0.340956
AGAGTCTTAATGAAAG-1,0.51023,0.477629,0.01214
AGAGTTAGAGACCGAT-1,0.011552,0.012584,0.975864
AGAGTTGCAGGCCTCC-1,0.311572,0.000077,0.688351
AGATAACTTCAGGGCC-1,0.032074,0.066061,0.901865
AGATAATCACACCTAT-1,0.06766,0.129808,0.802532
AGATACCAATAGAACC-1,0.768853,0.225777,0.00537
AGATACCAGCACTTCA-1,0.058321,0.160553,0.781126
AGATACCGGTGTTCAC-1,0.000013,0.13136,0.868627
AGATACGACTTCATAT-1,0.119674,0.022579,0.857747
AGATACTCAAGATCGA-1,0.039293,0.057204,0.903503
AGATATAATACGACTA-1,0.00002,0.05793,0.94205
AGATCGTGCATAAGAT-1,0.027434,0.374047,0.598519
AGATCTCAGGTGTGAT-1,0.133058,0.04804,0.818903
AGATCTGGAGAGGATA-1,0.050192,0.05693,0.892879
AGATGACTCGCCCACG-1,0.000024,0.048731,0.951245
AGATGAGGGTTGCGAT-1,0.010983,0.132783,0.856233
AGATGATGGAGTCTGG-1,0.126416,0.060026,0.813557
AGATGCAAGACGTGCA-1,0.029816,0.137773,0.832411
AGATGCATCCTGTGTC-1,0.114677,0.050366,0.834957
AGATGCTATAACGAGC-1,0.037269,0.078309,0.884422
AGATTATAGGACGTTT-1,0.1004,0.067548,0.832051
AGATTCACAACCGATA-1,0.222568,0.013161,0.764271
AGCAAAGGCCGCTAGT-1,0.000021,0.230687,0.769292
AGCAACATATCTTATT-1,0.049461,0.08885,0.861689
AGCAACCGAAAGTAAT-1,0.014595,0.017661,0.967744
AGCACACGTTTAGACT-1,0.125009,0.010969,0.864022
AGCACCAGTACTCACG-1,0.11238,0.150095,0.737525
AGCACTACCGGCCTGT-1,0.04025,0.065043,0.894708
AGCACTACCTCACCAG-1,0.018314,0.406502,0.575183
AGCACTTAAGGACGCC-1,0.028736,0.096197,0.875067
AGCAGAAGGAGAAAGA-1,0.000008,0.280318,0.719674
AGCAGCCAGATGAATA-1,0.059192,0.080324,0.860484
AGCAGTCGAAGCATGC-1,0.213672,0.129515,0.656813
AGCATATCAATATGCT-1,0.053435,0.068771,0.877794
AGCATCATTTCGAAAG-1,0.187477,0.135337,0.677186
AGCATCGTCGATAATT-1,0.000023,0.094219,0.905758
AGCATTACGAGGCAAG-1,0.497141,0.502561,0.000298
AGCCAAGCTTTGTGTC-1,0.042538,0.106255,0.851207
AGCCACAGGTTACCCG-1,0.095357,0.140617,0.764026
AGCCACTCCCGTGCTT-1,0.00003,0.120201,0.879769
AGCCATATAGTATGTG-1,0.009832,0.148869,0.841299
AGCCCATACATGTAAG-1,0.139226,0.059382,0.801392
AGCCCGCAACAAGCAG-1,0.023007,0.110819,0.866174
AGCCCGCACTACAATG-1,0.820609,0.17905,0.000341
AGCCCGGCATTAGAGG-1,0.068456,0.143333,0.788211
AGCCCGGTAGCCTGTA-1,0.018442,0.085517,0.896041
AGCCCTAAGCGAAGTT-1,0.000317,0.213136,0.786547
AGCCCTCCCTGGTGGC-1,0.122577,0.097018,0.780405
AGCCCTGTCGCACCGT-1,0.996581,0.000183,0.003236
AGCCCTTCTAATCCGA-1,0.000013,0.127925,0.872062
AGCCCTTGGACATCCC-1,0.315662,0.684133,0.000204
AGCCGCAAATTCAAAT-1,0.005393,0.25952,0.735086
AGCCGCTTGATTAGCG-1,0.305488,0.006402,0.688111
AGCCGTGGCTAAATGT-1,0.261264,0.010824,0.727911
AGCCTAATACCCACGT-1,0.21648,0.013146,0.770374
AGCCTTAAAGCGGAAG-1,0.00004,0.014583,0.985378
AGCCTTGTCACTGATA-1,0.21097,0.005042,0.783988
AGCGACAGGAACGGTC-1,0.010912,0.355061,0.634027
AGCGACATCCCATTCA-1,0.013888,0.316958,0.669154
AGCGACCAACGATATT-1,0.000014,0.208161,0.791825
AGCGACTTTGAAGACA-1,0.149718,0.104042,0.746241
AGCGAGACGTGAAGGC-1,0.605003,0.000025,0.394972
AGCGATGCGCCTAATA-1,0.967929,0.011433,0.020638
AGCGCATAATGAATCG-1,0.032745,0.017344,0.949911
AGCGCGGGTGCCAATG-1,0.000012,0.162196,0.837793
AGCGCTAGAGCGATGT-1,0.999453,0.000122,0.000426
AGCGCTTATGGGCAAG-1,0.000016,0.058301,0.941682
AGCGGACACTTCGTAG-1,0.01361,0.100792,0.885598
AGCGGCGGTTAGCGGT-1,0.298612,0.009525,0.691863
AGCGGGAAGGGTCCAT-1,0.059587,0.156349,0.784064
AGCGGGTCTGACACTC-1,0.018419,0.40258,0.579001
AGCGTACGAGAGCTAG-1,0.000052,0.11221,0.887738
AGCGTAGCGCTAGACC-1,0.006334,0.146342,0.847324
AGCGTCTGAACCCGCA-1,0.000038,0.01282,0.987142
AGCGTGGTATTCTACT-1,0.075032,0.032591,0.892378
AGCTAACAAGCAATGT-1,0.049249,0.083684,0.867066
AGCTAAGCTCCGTCCG-1,0.06606,0.145992,0.787948
AGCTAAGTACGCAGGC-1,0.089321,0.026883,0.883796
AGCTACGAATGGTGGT-1,0.606218,0.385199,0.008583
AGCTAGAAGCAGAAGT-1,0.020804,0.159143,0.820053
AGCTATTTAATCCAAC-1,0.117732,0.144495,0.737773
AGCTCCATATATGTTC-1,0.815504,0.184099,0.000397
AGCTCGTTGATGGAAA-1,0.532448,0.186965,0.280587
AGCTCTAGACGTTCCA-1,0.038371,0.1677,0.79393
AGCTCTTCCCAGTGCA-1,0.023296,0.00192,0.974784
AGCTCTTCGTAACCTT-1,0.073242,0.038628,0.88813
AGCTCTTTACTCAGTT-1,0.051948,0.130678,0.817374
AGCTGTAACCTCAATC-1,0.354253,0.00005,0.645696
AGCTTATAGAGACCTG-1,0.000015,0.143338,0.856647
AGCTTCTTCTCGAGCA-1,0.995082,0.00015,0.004769
AGCTTGATCAGGGTAG-1,0.038601,0.010375,0.951024
AGCTTGATCTTAACTT-1,0.08583,0.055643,0.858527
AGGAAAGCCTCTGATG-1,0.019071,0.100449,0.88048
AGGAACGAACGACTTC-1,0.822063,0.159775,0.018161
AGGAAGCTGTCCGCCG-1,0.029927,0.079155,0.890918
AGGACAGTCGAATCCC-1,0.107979,0.031303,0.860718
AGGACATCGCACGTCG-1,0.000029,0.029014,0.970957
AGGACATCGGCACACT-1,0.590089,0.392732,0.017179
AGGACGACCCATTAGA-1,0.036599,0.095541,0.86786
AGGACGCTCGATGTTG-1,0.013086,0.077776,0.909138
AGGACTTATAGGAGAA-1,0.601178,0.000075,0.398748
AGGAGACATCCACAGT-1,0.999463,0.000119,0.000417
AGGAGAGTCTGGCTAC-1,0.928941,0.000173,0.070886
AGGAGCGTTTATTATC-1,0.64546,0.344932,0.009608
AGGAGGCCTTCGCGCG-1,0.1516,0.071494,0.776906
AGGATAAAGTCGGGAT-1,0.071117,0.201536,0.727347
AGGATATAGGGATTTA-1,0.136108,0.035772,0.828121
AGGATATCCGACTGCA-1,0.800585,0.000089,0.199326
AGGATCACGCGATCTG-1,0.227868,0.06405,0.708082
AGGATTGCTTACGACA-1,0.701513,0.003102,0.295385
AGGCAATACGGAGGAC-1,0.000222,0.127306,0.872472
AGGCACGTGACTGTCC-1,0.996074,0.003478,0.000449
AGGCAGATGCGTAAAC-1,0.072086,0.117018,0.810896
AGGCAGGGAGCGTACT-1,0.041416,0.139808,0.818776
AGGCATTGTCGTAGGG-1,0.215528,0.122715,0.661757
AGGCCACATTGGTTAC-1,0.92933,0.000264,0.070407
AGGCCACCCGTTATGA-1,0.175062,0.018487,0.806452
AGGCCCAGTGACTGGT-1,0.000023,0.179621,0.820356
AGGCCCATTGTACAGG-1,0.000635,0.137818,0.861547
AGGCCCTAGAACGCCA-1,0.350249,0.012416,0.637335
AGGCCTATCATACCAA-1,0.035239,0.029905,0.934856
AGGCCTGAGAATCTCG-1,0.098968,0.073609,0.827423
AGGCGATAACTGGCGT-1,0.99928,0.00016,0.00056
AGGCGGTTTGTCCCGC-1,0.033839,0.449706,0.516455
AGGCGTCTATGGACGG-1,0.017681,0.093443,0.888876
AGGCTATGGTTAGCTT-1,0.030185,0.053932,0.915883
AGGCTTAAGTTGCACA-1,0.027088,0.130628,0.842284
AGGCTTCCCGAAGAAG-1,0.000014,0.164322,0.835664
AGGCTTGCTAGACACC-1,0.006564,0.093423,0.900012
AGGGAAACGAGGTACT-1,0.005981,0.099744,0.894275
AGGGACAGCACGGCGG-1,0.069086,0.067533,0.863381
AGGGACCGGCTGCGTT-1,0.107329,0.077772,0.8149
AGGGACTCTACGCGAC-1,0.010211,0.087609,0.902179
AGGGAGACATACTTCG-1,0.057561,0.625863,0.316576
AGGGCAGCGGCGTGGT-1,0.000021,0.457053,0.542926
AGGGCCCTAATGTTCT-1,0.712543,0.266478,0.02098
AGGGCGAGCAGCTGAT-1,0.3303,0.047682,0.622018
AGGGCGTGATCGGCTA-1,0.014078,0.285868,0.700054
AGGGCTGCAGTTACAG-1,0.02511,0.051592,0.923298
AGGGTCAGAGCACTCG-1,0.111306,0.077459,0.811235
AGGGTCAGTAACCCTA-1,0.010614,0.13505,0.854336
AGGGTCGATGCGAACT-1,0.107409,0.08118,0.811411
AGGGTCTGGACGCAGT-1,0.988206,0.004217,0.007577
AGGGTGCCGTTCTTTA-1,0.055787,0.026283,0.91793
AGGGTGGATAGTGCAT-1,0.097361,0.007279,0.895361
AGGGTGTGCTACACGC-1,0.067546,0.179529,0.752926
AGGGTTCAGACGGTCC-1,0.045398,0.053083,0.901519
AGGGTTCCCTTTGGTT-1,0.008363,0.009397,0.98224
AGGGTTTAGTTCGGGA-1,0.000016,0.145591,0.854393
AGGTAACCTCCTATTC-1,0.000041,0.068163,0.931796
AGGTACGATATTGCCA-1,0.155113,0.17521,0.669677
AGGTAGATCGAGATAT-1,0.063131,0.218428,0.718441
AGGTAGGTACAAAGCT-1,0.006452,0.140659,0.852889
AGGTATAATTGATAGT-1,0.083467,0.652989,0.263543
AGGTATGCGGACATTA-1,0.998718,0.000285,0.000997
AGGTCAGGTGAGAGTG-1,0.213245,0.071465,0.715289
AGGTCGCCACTTCGGT-1,0.009513,0.078262,0.912225
AGGTCGCCTCCCAACA-1,0.982325,0.000104,0.017571
AGGTCGCGGAGTTACT-1,0.008889,0.170278,0.820833
AGGTGCACGTCCACAT-1,0.986193,0.010057,0.00375
AGGTGGTGACCTTCGC-1,0.016081,0.084657,0.899262
AGGTGTATCGCCATGA-1,0.000026,0.069962,0.930011
AGGTGTTGCCGACCAC-1,0.491614,0.50805,0.000336
AGGTTACACCATGCCG-1,0.947498,0.000154,0.052348
AGGTTCTCCTTTCCGG-1,0.052357,0.025194,0.922448
AGGTTGAGGCACGCTT-1,0.07003,0.104716,0.825254
AGGTTTCACACACCTT-1,0.138156,0.083493,0.778351
AGTAACGTTCATCCTG-1,0.000016,0.121575,0.878409
AGTAACTATAGCAGCC-1,0.719907,0.279856,0.000237
AGTAAGGGACAGAATC-1,0.813333,0.186258,0.000409
AGTAATCTAAGGGTGG-1,0.766604,0.000082,0.233315
AGTAATGTCTTGCCGC-1,0.045607,0.103752,0.85064
AGTAATTTGCAAGCGT-1,0.040301,0.03903,0.920668
AGTACAGAAGCTTATA-1,0.087403,0.212342,0.700255
AGTACATCATTTATCA-1,0.032097,0.074087,0.893816
AGTACCTTCGAGTGCT-1,0.064924,0.046762,0.888314
AGTACGGCCCGTATCG-1,0.080432,0.040345,0.879223
AGTACGGGCACCTGGC-1,0.000061,0.270674,0.729266
AGTACGTGGCCTGTCT-1,0.007881,0.188404,0.803715
AGTACTCTTATGCCCA-1,0.054784,0.121923,0.823293
AGTAGAAGGCGCCTCA-1,0.000037,0.152801,0.847162
AGTAGCTAGACGCCGA-1,0.000039,0.035165,0.964797
AGTAGGAAGGAAGTTG-1,0.000024,0.078609,0.921367
AGTAGGTAACATACAT-1,0.010848,0.207595,0.781557
AGTATAATACTAGGCA-1,0.031986,0.170227,0.797787
AGTATACACAGCGACA-1,0.032168,0.084202,0.88363
AGTATCCATAATAACG-1,0.335089,0.00006,0.66485
AGTATGCTGGAGACCA-1,0.109707,0.118289,0.772004
AGTATTTGGCACGACC-1,0.042496,0.070783,0.886721
AGTCAAATGATGTGAT-1,0.167634,0.073344,0.759022
AGTCAACACCACCATC-1,0.004247,0.045253,0.9505
AGTCAAGATGACACTT-1,0.057587,0.102556,0.839857
AGTCACTAGCTCTCGA-1,0.37672,0.004224,0.619056
AGTCACTCCGCCTCAT-1,0.045688,0.159107,0.795205
AGTCAGCCACCGCCTG-1,0.000034,0.153221,0.846745
AGTCCAGCGGGTACGT-1,0.096381,0.063441,0.840178
AGTCCATTGGCTGATG-1,0.047381,0.144149,0.80847
AGTCCCGCCTTTAATT-1,0.056663,0.718961,0.224375
AGTCCCTCGCAGAAAG-1,0.985151,0.000138,0.014711
AGTCGAAACGATTCAG-1,0.029412,0.073992,0.896597
AGTCGAATTAGCGTAA-1,0.601888,0.287266,0.110845
AGTCGACGGTCTCAAG-1,0.071465,0.044488,0.884048
AGTCGGCCCAAACGAC-1,0.176927,0.090387,0.732686
AGTCGGCTCAACTTTA-1,0.225209,0.022746,0.752045
AGTCGGTTGCGTGAGA-1,0.369535,0.105485,0.52498
AGTCGTATAAAGCAGA-1,0.093119,0.046877,0.860004
AGTCGTCGACCACCAA-1,0.124156,0.203447,0.672398
AGTCGTGGGCATTACG-1,0.39254,0.004189,0.603271
AGTCTAAAGTATACTC-1,0.024227,0.447414,0.528359
AGTCTCACAAGACTAC-1,0.273307,0.008042,0.718652
AGTCTGGACATCCTTG-1,0.02199,0.221304,0.756705
AGTCTTCTCCTCAAAT-1,0.266324,0.128655,0.605021
AGTCTTTAAAGTGTCC-1,0.111007,0.026457,0.862536
AGTGAACAAACTTCTC-1,0.099261,0.095569,0.805169
AGTGAAGATGGTGTCC-1,0.298167,0.133229,0.568604
AGTGACCTACTTTACG-1,0.016612,0.011816,0.971572
AGTGACTGTGACACAA-1,0.601691,0.000033,0.398276
AGTGAGACTTCCAGTA-1,0.022524,0.078439,0.899037
AGTGAGCCTCGCCGCC-1,0.051367,0.110036,0.838597
AGTGAGGGTTTCTGAC-1,0.192951,0.061877,0.745173
AGTGAGTCGAATTAAC-1,0.964388,0.000191,0.035421
AGTGATAACCTGCGCG-1,0.071045,0.092089,0.836866
AGTGATATGAGTAGTT-1,0.00288,0.353381,0.643738
AGTGATTCAAGCAGGA-1,0.070339,0.112624,0.817036
AGTGCACGCTTAAGAA-1,0.149599,0.051975,0.798427
AGTGCGTAGCTCGTAA-1,0.006959,0.028027,0.965014
AGTGCTAAACACAGCA-1,0.096841,0.220695,0.682463
AGTGCTTGCACGAATA-1,0.101305,0.16571,0.732985
AGTGGCCCGCAAATGG-1,0.983067,0.016746,0.000187
AGTGGCGGCAATTTGA-1,0.000029,0.059315,0.940656
AGTGGCGTCTGAAGGT-1,0.218888,0.024301,0.756812
