Barcode,Topic 1,Topic 2,Topic 3,Topic 4to7,Topic 8to13
AAACAAGTATCTCCCA-1,0.000039,0.114672,0.277806,0.000155,0.607327
AAACAATCTACTAGCA-1,0.012492,0.010089,0.008023,0.297887,0.671509
AAACACCAATAACTGC-1,0.6873,0.154027,0.045045,0.000213,0.113415
AAACAGAGCGACTCCT-1,0.022909,0.066965,0.050043,0.080147,0.779936
AAACAGCTTTCAGAAG-1,0.601284,0.327772,0.03442,0.036262,0.000263
AAACAGGGTCTATATT-1,0.000111,0.606355,0.392421,0.000445,0.000668
AAACAGTGTTCCTGGG-1,0.784984,0.148119,0.046528,0.020171,0.000199
AAACATGGTGAGAGGA-1,0.001832,0.001832,0.001832,0.472395,0.522111
AAACATTTCCCGGATT-1,0.000009,0.017461,0.011815,0.126164,0.844551
AAACCACTACACAGAT-1,0.098048,0.001248,0.005957,0.855406,0.039341
AAACCCGAACGAAATC-1,0.010593,0.000083,0.070586,0.814978,0.10376
AAACCGGAAATGTTAA-1,0.027266,0.004918,0.040945,0.667586,0.259285
AAACCGGGTAGGTACC-1,0.000256,0.682269,0.032108,0.001026,0.28434
AAACCGTTCGTCCAGG-1,0.000264,0.578406,0.279398,0.001057,0.140874
AAACCTAAGCAGCCGG-1,0.037717,0.000008,0.000006,0.093293,0.868975
AAACCTCATGAAGTTG-1,0.000192,0.620687,0.377203,0.000767,0.001151
AAACGAAGAACATACC-1,0.028401,0.013108,0.007091,0.453877,0.497523
AAACGAAGATGGAGTA-1,0.204086,0.570256,0.000028,0.000113,0.225516
AAACGACAGTCTTGCC-1,0.013566,0.012571,0.006941,0.433716,0.533206
AAACGAGACGGTTGAT-1,0.000026,0.027031,0.622633,0.000936,0.349373
AAACGCCCGAGATCGG-1,0.000009,0.00279,0.000009,0.065805,0.931386
AAACGCTGGGCACGAC-1,0.000014,0.052983,0.11411,0.358058,0.474835
AAACGGGCGTACGGGT-1,0.071437,0.002954,0.005185,0.451563,0.468861
AAACGGTTGCGAACTG-1,0.000174,0.760089,0.000174,0.000695,0.238869
AAACGTGTTCGCCCTA-1,0.019572,0.06234,0.180419,0.237731,0.499938
AAACTAACGTGGCGAC-1,0.068827,0.001528,0.000781,0.753458,0.175407
AAACTCGGTTCGCAAT-1,0.061933,0.292846,0.000363,0.001451,0.643407
AAACTCGTGATATAAG-1,0.016975,0.011414,0.050207,0.379,0.542404
AAACTGCTGGCTCCAA-1,0.015781,0.034599,0.039295,0.334087,0.576238
AAACTTAATTGCACGC-1,0.29064,0.448004,0.000033,0.000134,0.261188
AAACTTGCAAACGTAT-1,0.000269,0.921836,0.032072,0.001076,0.044747
AAAGAATGACCTTAGA-1,0.413559,0.401759,0.000018,0.013479,0.171185
AAAGAATGTGGACTAA-1,0.046713,0.021589,0.306138,0.123691,0.501868
AAAGACATGAAGTTTA-1,0.0099,0.012979,0.061601,0.175719,0.739801
AAAGACCCAAGTCGCG-1,0.260032,0.045611,0.204776,0.004001,0.485581
AAAGACTGGGCGCTTT-1,0.000189,0.704346,0.094639,0.000756,0.20007
AAAGCTTGCCTACATA-1,0.007192,0.001847,0.054714,0.191102,0.745145
AAAGGCCCTATAATAC-1,0.515522,0.390056,0.000016,0.010043,0.084363
AAAGGCTACGGACCAT-1,0.000212,0.388805,0.000212,0.182755,0.428016
AAAGGCTCTCGCGCCG-1,0.026833,0.009782,0.023438,0.82884,0.111107
AAAGGGATGTAGCAAG-1,0.026544,0.103382,0.068319,0.02681,0.774945
AAAGGGCAGCTTGAAT-1,0.451443,0.359014,0.076918,0.11172,0.000905
AAAGGTAAGCTGTACC-1,0.004369,0.04039,0.086311,0.434062,0.434868
AAAGGTCAACGACATG-1,0.00811,0.010744,0.000008,0.138271,0.842868
AAAGTAGCATTGCTCA-1,0.00057,0.660759,0.00057,0.002279,0.335822
AAAGTCACTGATGTAA-1,0.078213,0.083523,0.227155,0.189759,0.42135
AAAGTCGACCCTCAGT-1,0.000263,0.729729,0.003484,0.001054,0.265469
AAAGTGCCATCAATTA-1,0.002886,0.000934,0.073745,0.394323,0.528112
AAAGTGTGATTTATCT-1,0.000014,0.008596,0.079492,0.037503,0.874395
AAAGTTGACTCCCGTA-1,0.005626,0.00939,0.088435,0.291246,0.605304
AAATAACCATACGGGA-1,0.000013,0.005462,0.00885,0.214437,0.771238
AAATAAGGTAGTGCCC-1,0.016337,0.001622,0.009721,0.422425,0.549895
AAATACCTATAAGCAT-1,0.013899,0.012256,0.031005,0.162457,0.780382
AAATAGCTTAGACTTT-1,0.005612,0.000468,0.008582,0.330533,0.654805
AAATAGGGTGCTATTG-1,0.003542,0.013696,0.019444,0.122115,0.841204
AAATCACTCCTAAACG-1,0.004487,0.144623,0.106715,0.729127,0.015048
AAATCCGATACACGCC-1,0.004493,0.00029,0.00001,0.194794,0.800412
AAATCGCGGAAGGAGT-1,0.08507,0.599251,0.000033,0.000132,0.315515
AAATCGTGTACCACAA-1,0.022282,0.046768,0.018002,0.191325,0.721624
AAATCTAGCCCTGCTA-1,0.000085,0.08255,0.916513,0.000341,0.000511
AAATCTGCCCGCGTCC-1,0.943535,0.044534,0.000024,0.011764,0.000143
AAATGACTGATCAAAC-1,0.897434,0.008547,0.008547,0.034189,0.051283
AAATGATTCGATCAGC-1,0.026133,0.017751,0.038866,0.244359,0.672891
AAATGCTCGTTACGTT-1,0.001693,0.152878,0.000049,0.000196,0.845184
AAATGGCATGTCTTGT-1,0.044825,0.001719,0.002945,0.668789,0.281721
AAATGGCCCGTGCCCT-1,0.000399,0.727409,0.000399,0.001594,0.2702
AAATGGTCAATGTGCC-1,0.048206,0.006464,0.027241,0.354145,0.563945
AAATGTATCTTATCCC-1,0.012821,0.012821,0.012821,0.051283,0.910255
AAATTAACGGGTAGCT-1,0.055638,0.034388,0.009883,0.309658,0.590432
AAATTAATAAGCGCGA-1,0.000387,0.96028,0.035468,0.001546,0.002319
AAATTACACGACTCTG-1,0.019928,0.003009,0.003484,0.344478,0.629101
AAATTACCTATCGATG-1,0.098159,0.056765,0.17822,0.530072,0.136784
AAATTCCAGGTCCAAA-1,0.005896,0.002546,0.029919,0.28948,0.672159
AAATTGATAGTCCTTT-1,0.000785,0.416101,0.344447,0.00314,0.235527
AAATTGCGGCGGTTCT-1,0.000043,0.14938,0.092712,0.00017,0.757695
AAATTGGTGAGAAGCA-1,0.019112,0.015593,0.025596,0.264523,0.675177
AAATTTACCGAAATCC-1,0.011339,0.003986,0.000174,0.240594,0.743906
AAATTTGCGGGTGTGG-1,0.39503,0.172934,0.123362,0.000938,0.307736
AACAACTGGTAGTTGC-1,0.039519,0.01079,0.005499,0.586206,0.357987
AACAATACATTGTCGA-1,0.105447,0.596581,0.000273,0.001091,0.296607
AACAATTACTCTACGC-1,0.276852,0.222632,0.045982,0.064936,0.389597
AACACACGCTCGCCGC-1,0.000107,0.364032,0.634791,0.000428,0.000642
AACACGACTGTACTGA-1,0.021858,0.013025,0.113233,0.404585,0.447298
AACACGAGACGCGGCC-1,0.000435,0.813538,0.000435,0.001738,0.183854
AACACGCGGCCGCGAA-1,0.000009,0.214482,0.180085,0.207788,0.397635
AACAGCTGTGTGGCAA-1,0.000481,0.678334,0.000481,0.001923,0.318782
AACAGGAAATCGAATA-1,0.002775,0.014491,0.002119,0.183669,0.796946
AACAGGATGGGCCGCG-1,0.000387,0.37652,0.619228,0.001546,0.002319
AACAGGTAGTATGGAT-1,0.017376,0.000513,0.000171,0.779525,0.202415
AACATAGCGTGTATCG-1,0.002481,0.002481,0.002481,0.009926,0.98263
AACATATCAACTGGTG-1,0.005572,0.046253,0.27015,0.016587,0.661437
AACATCGATACGTCTA-1,0.018158,0.005909,0.117945,0.510389,0.347599
AACATTGAAGTTGATC-1,0.385196,0.405211,0.001447,0.000302,0.207844
AACATTGGTCAGCCGT-1,0.000044,0.090348,0.178973,0.000176,0.730459
AACATTGTGACTCGAG-1,0.218843,0.262055,0.187219,0.000569,0.331314
AACCAAGACTTCTCTG-1,0.000343,0.259266,0.428992,0.001374,0.310026
AACCAGTATCACTCTT-1,0.005985,0.000063,0.002436,0.478223,0.513293
AACCATAGGGTTGAAC-1,0.275358,0.451137,0.02266,0.000097,0.250748
AACCATGGGATCGCTA-1,0.000475,0.383037,0.389313,0.001899,0.225276
AACCCAGAGACGGAGA-1,0.104856,0.027551,0.061764,0.230712,0.575117
AACCCATCCCATGATC-1,0.000218,0.857184,0.000218,0.000872,0.141508
AACCCGACAACCCGTG-1,0.074109,0.434614,0.089565,0.000326,0.401386
AACCCGAGCAGAATCG-1,0.000049,0.028833,0.362311,0.00854,0.600266
AACCCGATAGGGCTTC-1,0.000019,0.227692,0.037257,0.470617,0.264414
AACCCGCTGTATTCCA-1,0.00157,0.19876,0.00157,0.461633,0.336468
AACCCTACTGTCAATA-1,0.072603,0.00984,0.021933,0.390979,0.504645
AACCCTGGTGGAACCA-1,0.041137,0.016214,0.14622,0.430254,0.366174
AACCGAGCTTGGTCAT-1,0.016147,0.039396,0.048883,0.373351,0.522224
AACCGCTAAGGGATGC-1,0.000012,0.004409,0.032934,0.014856,0.947788
AACCGTTGTGTTTGCT-1,0.00686,0.000011,0.000092,0.228222,0.764815
AACCTCGCTTTAGCCC-1,0.015927,0.000007,0.000402,0.461269,0.522395
AACCTGTCACGGAATT-1,0.007951,0.014721,0.126074,0.27803,0.573224
AACCTTTAAATACGGT-1,0.264335,0.016133,0.024382,0.069921,0.625229
AACCTTTACGACGTCT-1,0.085228,0.012978,0.001151,0.337844,0.562799
AACGAAAGTCGTCCCA-1,0.133495,0.61173,0.006387,0.000142,0.248246
AACGACCTCCTAGCCG-1,0.010709,0.014896,0.016117,0.253311,0.704967
AACGATAATGCCGTAG-1,0.007364,0.001365,0.012378,0.161193,0.8177
AACGATAGAAGGGCCG-1,0.006063,0.012545,0.356724,0.059027,0.565642
AACGATATGTCAACTG-1,0.073552,0.005416,0.003301,0.093248,0.824483
AACGCATGATCTGGGT-1,0.039269,0.004443,0.003211,0.582778,0.370299
AACGCGAACGGCAACA-1,0.000145,0.043695,0.449751,0.000579,0.505829
AACGCGACCTTGGGCG-1,0.228993,0.295238,0.000078,0.000313,0.475378
AACGCGGTCTCCAGCC-1,0.012952,0.034523,0.156705,0.198505,0.597316
AACGCTGTTGCTGAAA-1,0.000028,0.200423,0.255347,0.091517,0.452685
AACGGACGTACGTATA-1,0.000334,0.107144,0.889177,0.001338,0.002007
AACGGCCATCTCCGGT-1,0.36653,0.272522,0.201279,0.108781,0.050888
AACGTACTGTGGGTAC-1,0.0005,0.116511,0.660075,0.001998,0.220916
AACGTCAGACTAGTGG-1,0.000154,0.154116,0.204933,0.11749,0.523306
AACGTCGCTGCACTTC-1,0.00488,0.083479,0.189542,0.214218,0.507881
AACGTGATGAAGGACA-1,0.02303,0.016873,0.024864,0.327498,0.607736
AACGTGCGAAAGTCTC-1,0.023229,0.022658,0.049471,0.404201,0.500441
AACGTTATCAGCACCT-1,0.33053,0.539105,0.072169,0.039738,0.018457
AACGTTCTACCATTGT-1,0.243886,0.048202,0.090065,0.61669,0.001157
AACTACCCGTTTGTCA-1,0.000014,0.072273,0.089837,0.043076,0.794799
AACTAGCGTATCGCAC-1,0.157853,0.008931,0.003504,0.620818,0.208894
AACTAGGCTTGGGTGT-1,0.042454,0.009376,0.000018,0.351923,0.596229
AACTCAAGTTAATTGC-1,0.022988,0.01072,0.006742,0.127351,0.832199
AACTCCAGAGCGTGTT-1,0.003018,0.00348,0.009758,0.218526,0.765218
AACTCCTAATCCCATG-1,0.000043,0.013109,0.014575,0.075408,0.896864
AACTCGATAAACACGT-1,0.061718,0.047961,0.070338,0.531975,0.288008
AACTCGATGGCGCAGT-1,0.31848,0.117332,0.475511,0.000338,0.08834
AACTCTCAATAGAGCG-1,0.049445,0.01487,0.019438,0.279897,0.636351
AACTCTCAGTGTGCTC-1,0.00062,0.541998,0.190789,0.002481,0.264111
AACTGAGGTCAGCGTC-1,0.373487,0.010548,0.006803,0.265491,0.343671
AACTGAGTTATACTGA-1,0.00001,0.015936,0.00001,0.06788,0.916165
AACTGATATTAGGCCT-1,0.039613,0.014395,0.027818,0.297541,0.620632
AACTGGGTCCCGACGT-1,0.031432,0.005008,0.026897,0.447568,0.489095
AACTGGGTTCGAGCCG-1,0.144095,0.000005,0.000005,0.730499,0.125396
AACTGGTGTGGGCCTT-1,0.026122,0.105217,0.133258,0.041809,0.693594
AACTTCTGCGTCTATC-1,0.028371,0.646855,0.323275,0.0006,0.0009
AACTTGCCCGTATGCA-1,0.091852,0.321987,0.121834,0.000908,0.46342
AACTTGCGTTCTCGCG-1,0.077078,0.021398,0.000086,0.000343,0.901095
AACTTTACGGGAGCTT-1,0.000102,0.149084,0.849791,0.000409,0.000614
AACTTTAGCTGCTGAG-1,0.000016,0.014856,0.035253,0.007906,0.941969
AACTTTCTCGATCATG-1,0.005624,0.009484,0.029517,0.10221,0.853164
AAGAAAGTTTGATGGG-1,0.003663,0.003663,0.003663,0.014652,0.974359
AAGAAATCACCAGATT-1,0.001535,0.015075,0.026021,0.052025,0.905345
AAGAAGGATCAGTTAG-1,0.142796,0.016904,0.408983,0.282,0.149317
AAGACATACGTGGTTT-1,0.003088,0.000012,0.000686,0.315545,0.680668
AAGACCAAATAACTCA-1,0.169547,0.589791,0.000017,0.00007,0.240575
AAGACCCAACTGAACA-1,0.160006,0.212937,0.200347,0.025219,0.40149
AAGACTAACCCGTTGT-1,0.029249,0.015939,0.001027,0.118017,0.835769
AAGACTCACGCCCACT-1,0.021651,0.038059,0.057901,0.12378,0.758609
AAGACTGCAAGCTACT-1,0.014601,0.018409,0.002696,0.4795,0.484795
AAGAGATGAATCGGTA-1,0.352393,0.530825,0.115131,0.00066,0.00099
AAGAGCTCTTTATCGG-1,0.000014,0.059281,0.868431,0.000057,0.072218
AAGAGGATGTACGCGA-1,0.000506,0.622243,0.113518,0.002024,0.261708
AAGAGGCATGGATCGC-1,0.000437,0.070832,0.088208,0.112699,0.727825
AAGAGGCCCTTTGGAA-1,0.00006,0.180439,0.13803,0.000239,0.681231
AAGATGGCACCGGACC-1,0.515188,0.340794,0.000178,0.142768,0.001071
AAGATTGGCGGAACGT-1,0.04199,0.001791,0.007225,0.809024,0.139971
AAGCACCCTGCGTATC-1,0.002667,0.000012,0.000012,0.249485,0.747825
AAGCATACTCTCCTGA-1,0.076122,0.052344,0.075974,0.001799,0.793762
AAGCCACTTGCAGGTA-1,0.465041,0.530575,0.000399,0.001594,0.002391
AAGCCGAAGCGGTTTA-1,0.00002,0.002407,0.024845,0.000081,0.972647
AAGCCGCCGTGAAATC-1,0.403714,0.248931,0.000028,0.000113,0.347214
AAGCCGCTTTACCTTG-1,0.055189,0.068248,0.111195,0.040923,0.724444
AAGCCGGAGAGCAGGA-1,0.000011,0.005409,0.044133,0.00139,0.949058
AAGCGCAGGGCTTTGA-1,0.045393,0.059188,0.010003,0.233822,0.651594
AAGCGGAGTGCGCGCA-1,0.000026,0.118468,0.258256,0.008015,0.615235
AAGCGGCGTCATGGGT-1,0.009765,0.001273,0.019821,0.5089,0.460241
AAGCGTCCCTCATCGA-1,0.066362,0.182543,0.447114,0.001672,0.302308
AAGCTAGATCGAGTAA-1,0.012139,0.007563,0.0036,0.364727,0.611971
AAGCTCGTGCCAAGTC-1,0.051169,0.030961,0.02435,0.634757,0.258764
AAGCTCTTTCATGGTG-1,0.003199,0.005512,0.001087,0.013417,0.976785
AAGGAGAACTTATAAG-1,0.029571,0.072128,0.09022,0.219489,0.588592
AAGGAGCGGTTGGTGC-1,0.055851,0.00155,0.019315,0.697782,0.225502
AAGGATCGATCGCTTG-1,0.00001,0.052622,0.004368,0.10079,0.842211
AAGGATGAGGGACCTC-1,0.014209,0.032447,0.007524,0.35447,0.591349
AAGGCAGGCTGTCTCC-1,0.169706,0.003068,0.019944,0.339468,0.467814
AAGGCGCGTAAAGCTT-1,0.116708,0.25275,0.220857,0.057728,0.351958
AAGGCTGTGCTCATCG-1,0.005407,0.013185,0.003421,0.545896,0.432091
AAGGGAACGACTGGCT-1,0.3056,0.466121,0.00005,0.000198,0.228032
AAGGGACAGATTCTGT-1,0.015079,0.031562,0.075686,0.392947,0.484727
AAGGGACTATGCATTC-1,0.000561,0.774496,0.000561,0.002246,0.222135
AAGGGTTAGCCATGCG-1,0.021805,0.218123,0.02468,0.734331,0.001061
AAGGGTTTGATTTCAG-1,0.001148,0.239282,0.001148,0.193576,0.564846
AAGGTATCCTAATATA-1,0.070769,0.023148,0.082368,0.697298,0.126417
AAGGTGATAAACCAGC-1,0.003059,0.012943,0.168964,0.035059,0.779976
AAGTAGAAGACCGGGT-1,0.027559,0.026734,0.057898,0.244611,0.643199
AAGTAGTGACGCGAGG-1,0.000063,0.280155,0.719149,0.000253,0.00038
AAGTCAATTGTCGTCA-1,0.00013,0.039638,0.081254,0.079261,0.799717
AAGTCTAGTAGCTGCC-1,0.010082,0.038957,0.006913,0.46001,0.484038
AAGTCTTCTGTGGCCT-1,0.05476,0.41287,0.525439,0.002772,0.004158
AAGTGACGACCGAATT-1,0.000538,0.819334,0.174748,0.002152,0.003228
AAGTGAGTCGGGTTTA-1,0.449683,0.091058,0.227607,0.041292,0.19036
AAGTGCAAAGGTAGAC-1,0.129019,0.555517,0.246492,0.00238,0.066593
AAGTGCCTTGACTGTA-1,0.000014,0.010602,0.032874,0.020092,0.936418
AAGTGCGTTAGAATCT-1,0.00057,0.704556,0.289176,0.002279,0.003419
AAGTGCTTCTCTATTG-1,0.162145,0.585241,0.000088,0.000352,0.252175
AAGTGTTTGGAGACGG-1,0.000018,0.014382,0.035199,0.016377,0.934025
AAGTTCACTCCAAGCT-1,0.020663,0.004142,0.005645,0.43055,0.539
AAGTTCAGTCTGCGTA-1,0.00274,0.008507,0.000228,0.167815,0.820709
AAGTTCGGCCAACAGG-1,0.000273,0.644005,0.235251,0.001091,0.11938
AAGTTGTGATGTTATA-1,0.000009,0.000009,0.000009,0.482937,0.517038
AAGTTTACTAATGGCA-1,0.000012,0.073512,0.433497,0.051412,0.441567
AAGTTTATGGGCCCAA-1,0.182347,0.156161,0.0623,0.228519,0.370674
AATAACAACGCTCGGC-1,0.000187,0.794786,0.190556,0.000747,0.013725
AATAACACTAGAACAA-1,0.129436,0.000452,0.714933,0.00181,0.153368
AATAACGTCGCGCCCA-1,0.258418,0.098622,0.040315,0.601608,0.001037
AATAAGTCCTCGAGAC-1,0.070179,0.032749,0.026617,0.303485,0.56697
AATAATCTTCGTATCG-1,0.136884,0.00001,0.001828,0.048822,0.812455
AATACAATGTTTCAGG-1,0.111664,0.4993,0.265114,0.123061,0.000861
AATACCGGAGGGCTGT-1,0.024623,0.809968,0.000174,0.000695,0.164541
AATACCTGATGTGAAC-1,0.029759,0.209173,0.029056,0.628333,0.103679
AATAGAACAGAGTGGC-1,0.000463,0.001376,0.596716,0.001854,0.399591
AATAGAATCTGTTTCA-1,0.000012,0.036038,0.076448,0.042196,0.845305
AATAGCAAGCCTCCTG-1,0.008359,0.001087,0.000231,0.496193,0.494131
AATAGCTACCGCGTGC-1,0.009479,0.072016,0.120499,0.058577,0.739428
AATAGTCCGTCCCGAC-1,0.000041,0.14217,0.000041,0.000164,0.857584
AATAGTCGCGAGTCGG-1,0.015917,0.801478,0.181388,0.000487,0.00073
AATATCAAGGTCGGAT-1,0.013618,0.042882,0.02955,0.238089,0.67586
AATATCCTAGCAAACT-1,0.001876,0.313179,0.001876,0.606988,0.076081
AATATCGAATCAATGC-1,0.000011,0.003376,0.031378,0.075384,0.889852
AATATCGAGGGTTCTC-1,0.000016,0.072003,0.270113,0.055825,0.602044
AATATTGGAGTATTGA-1,0.000487,0.291943,0.702701,0.001947,0.002921
AATCAGACTGCAGGAC-1,0.045782,0.038322,0.389169,0.015049,0.511679
AATCAGGTTTCATTTA-1,0.000133,0.64088,0.000133,0.000531,0.358324
AATCATGTAAAGACTC-1,0.000049,0.229585,0.692095,0.000195,0.078076
AATCCAAGGGCCTGAG-1,0.57945,0.000121,0.018259,0.028084,0.374086
AATCCATGCAAGGGTG-1,0.000013,0.028609,0.028916,0.000054,0.942408
AATCCCGCTCAGAGCC-1,0.005917,0.005917,0.005917,0.023669,0.958579
AATCGAGGTCTCAAGG-1,0.003345,0.003345,0.253556,0.719688,0.020067
AATCGCCTCAGCGCCA-1,0.038222,0.028658,0.053756,0.286997,0.592368
AATCGCGCAGAGGACT-1,0.030945,0.000471,0.003121,0.442719,0.522744
AATCGGGACACTACGA-1,0.000248,0.007665,0.000011,0.029409,0.962667
AATCGGTATAGCCCTC-1,0.000017,0.146054,0.031753,0.108333,0.713843
AATCGTGAGCCGAGCA-1,0.035719,0.001811,0.010015,0.179991,0.772464
AATCTAGGTTTACTTG-1,0.00034,0.842022,0.00034,0.001361,0.155936
AATCTATGCCGGAGCC-1,0.000907,0.013918,0.034994,0.176538,0.773643
AATCTCTACTGTGGTT-1,0.000173,0.72679,0.042271,0.000691,0.230074
AATCTGCGTTGGGACG-1,0.022933,0.019398,0.109804,0.143033,0.704833
AATCTGGCTTTCTAGT-1,0.00045,0.495976,0.26965,0.001799,0.232125
AATCTGGGTAGACCCT-1,0.015861,0.000737,0.001094,0.390866,0.591442
AATGACAGCAATGTCT-1,0.602165,0.394805,0.000474,0.001006,0.001551
AATGACGTAGGATGTC-1,0.010371,0.006178,0.074853,0.308251,0.600346
AATGACTGTCAGCCGG-1,0.000093,0.382126,0.484406,0.000373,0.133001
AATGAGTTCGCATATG-1,0.000162,0.371184,0.010972,0.000649,0.617032
AATGATGATACGCTAT-1,0.027733,0.0229,0.039419,0.166034,0.743914
AATGATGCGACTCCTG-1,0.000047,0.231007,0.304897,0.093518,0.370531
AATGCAACCGGGTACC-1,0.048103,0.04554,0.112302,0.210203,0.583853
AATGCACCAAGCAATG-1,0.007195,0.083249,0.072339,0.282179,0.555038
AATGGCCGCCAATGCG-1,0.000008,0.048189,0.244322,0.031103,0.676377
AATGGTCCACCGTTCA-1,0.00029,0.312969,0.419964,0.001161,0.265616
AATGGTTCTCACAAGC-1,0.007901,0.066797,0.072139,0.000122,0.853043
AATGTATGGCACTGTA-1,0.127201,0.570473,0.000027,0.000109,0.302189
AATGTGCCCGAGGTGT-1,0.000538,0.327468,0.113523,0.002152,0.55632
AATGTGCTAATCTGAG-1,0.000187,0.591081,0.000187,0.000747,0.407799
AATGTTAAGACCCTGA-1,0.002137,0.002137,0.002137,0.721758,0.271832
AATGTTGTCGTGAGAC-1,0.000015,0.000015,0.000015,0.298203,0.701752
AATTAAAGGTCGGCGT-1,0.004484,0.00187,0.001781,0.191096,0.800768
AATTAACGGATTTCCA-1,0.000269,0.047541,0.003475,0.013971,0.934744
AATTACGAGACCCATC-1,0.079395,0.581385,0.000024,0.000095,0.339101
AATTACTCGTACGCTC-1,0.000146,0.676466,0.321928,0.000584,0.000876
AATTAGCGCTGCAGCG-1,0.012738,0.093428,0.016136,0.232593,0.645104
AATTATACCCAGCAAG-1,0.001832,0.001832,0.173991,0.007326,0.815019
AATTCATAAGGGATCT-1,0.013872,0.028004,0.053838,0.304657,0.59963
AATTCATTGTCATGCA-1,0.139796,0.513544,0.000027,0.000107,0.346527
AATTCCAACTTGGTGA-1,0.114929,0.209015,0.246359,0.00032,0.429377
AATTCCAAGCATGTAC-1,0.003667,0.841932,0.151912,0.000996,0.001494
AATTCGATTCGAGGAT-1,0.00001,0.00001,0.00001,0.015237,0.984734
AATTCTAGAGTTAGGC-1,0.022426,0.028031,0.024427,0.198391,0.726724
AATTGAACGCTCTGGT-1,0.049625,0.021464,0.085487,0.569018,0.274405
AATTGCAGCAATCGAC-1,0.000932,0.000009,0.001645,0.241203,0.756212
AATTGCGTGGATTACA-1,0.693377,0.126907,0.000485,0.017415,0.161815
AATTGTGGTTGCCAAA-1,0.000014,0.000201,0.041308,0.02651,0.931968
AATTTGGGACATAGTA-1,0.020039,0.002533,0.000011,0.284278,0.693139
AATTTGGTTCCAAAGA-1,0.015918,0.00228,0.001068,0.512301,0.468432
ACAAACCATGCGTCCT-1,0.538326,0.295043,0.023122,0.049642,0.093866
ACAAACTCCATCAGAG-1,0.019231,0.019231,0.769226,0.076925,0.115387
ACAAAGAAGGTAGGCC-1,0.957199,0.042506,0.000027,0.000107,0.000161
ACAAAGCATGACCTAG-1,0.005201,0.002033,0.008,0.273747,0.711018
ACAAATCGCACCGAAT-1,0.022176,0.028571,0.027902,0.43752,0.483831
ACAAATGGTAGTGTTT-1,0.019872,0.022915,0.222014,0.26312,0.472079
ACAAATTCAGATCTGA-1,0.085499,0.002703,0.005621,0.492324,0.413854
ACAACAGCATGAGCTA-1,0.000021,0.142558,0.184822,0.047425,0.625175
ACAACGGTCCCTGCGA-1,0.148437,0.080168,0.104253,0.072247,0.594896
ACAAGCAGTGCCTAGC-1,0.413181,0.074662,0.10404,0.351407,0.056711
ACAAGCTATATGGAAG-1,0.005495,0.005495,0.005495,0.021978,0.961538
ACAAGGAAATCCGCCC-1,0.009792,0.002258,0.030634,0.253787,0.703529
ACAAGGACAAGAGGTT-1,0.000016,0.055902,0.037573,0.00806,0.89845
ACAAGGATGCTTTAGG-1,0.000011,0.000011,0.000011,0.040205,0.959761
ACAAGGCCTACCAGCC-1,0.002117,0.090969,0.000015,0.103395,0.803504
ACAAGGGCAGGCTCTG-1,0.00164,0.003358,0.023692,0.072011,0.899299
ACAATAGTCGTACGTT-1,0.000445,0.172888,0.822221,0.001779,0.002668
ACAATCCATTTAAACC-1,0.000021,0.869259,0.130041,0.000554,0.000125
ACAATCGATCTTTATA-1,0.020867,0.033036,0.02352,0.202424,0.720153
ACAATGAATACGGAGA-1,0.08085,0.490164,0.000387,0.001546,0.427053
ACAATGATTCTTCTAC-1,0.260089,0.002401,0.084277,0.532854,0.120379
ACAATTGTGTCTCTTT-1,0.000084,0.162788,0.836284,0.000337,0.000506
ACAATTTAGGAGGCTC-1,0.00014,0.851556,0.146903,0.00056,0.000841
ACAATTTGAGCAGTGG-1,0.157235,0.015121,0.041856,0.449744,0.336044
ACAATTTGGCCATATT-1,0.092673,0.010969,0.055514,0.34469,0.496155
ACACAAAGACGGGTGG-1,0.060609,0.014959,0.117489,0.660293,0.146649
ACACAAATATTCCTAG-1,0.032957,0.021434,0.159743,0.574136,0.211729
ACACACCAGGACCAGT-1,0.000339,0.073361,0.037361,0.170023,0.718916
ACACACTTTCTACACG-1,0.014167,0.002998,0.006252,0.605448,0.371135
ACACATGATCAAATCT-1,0.351411,0.428613,0.032265,0.002274,0.185438
ACACATTGACGCAACA-1,0.067222,0.51653,0.227271,0.000476,0.188502
ACACATTTCCGTAGAC-1,0.455229,0.391305,0.000119,0.100207,0.05314
ACACCACATAATTAGC-1,0.000014,0.062388,0.112635,0.026565,0.798398
ACACCCAGCATGCAGC-1,0.000045,0.183716,0.367133,0.000181,0.448925
ACACCCGAGAAATCCG-1,0.067577,0.019167,0.137831,0.528302,0.247123
ACACCGAGCGCTCTTT-1,0.245534,0.530673,0.223142,0.00026,0.00039
ACACCGGTCTGACCGC-1,0.621945,0.224732,0.000017,0.010526,0.142779
ACACCTTAAGTAGGGC-1,0.000111,0.36269,0.210728,0.372119,0.054351
ACACCTTACTACTTGC-1,0.00902,0.00142,0.022216,0.492708,0.474636
ACACGAGACTCCTTCT-1,0.000055,0.043316,0.706808,0.000218,0.249604
ACACGGCACTATGCAT-1,0.001825,0.117465,0.005958,0.080442,0.794309
ACACGGGAACTTAGGG-1,0.024315,0.087683,0.037391,0.705137,0.145474
ACACGTAGGCCACAAG-1,0.269965,0.028503,0.10492,0.01425,0.582362
ACACTCCAATGTCACT-1,0.638924,0.359802,0.000116,0.000463,0.000695
ACACTGATCAAGGTGT-1,0.000275,0.351905,0.081997,0.001099,0.564725
ACACTGGGACAGTCGT-1,0.023081,0.02727,0.131234,0.061491,0.756924
ACAGAACTGAGAACAA-1,0.000356,0.48769,0.508392,0.001425,0.002137
ACAGATTAGGTTAGTG-1,0.02852,0.039661,0.132055,0.565328,0.234436
ACAGCATAGAGCCAGT-1,0.009622,0.010997,0.011493,0.255861,0.712028
ACAGCGACATTCTCAT-1,0.000016,0.025511,0.006738,0.006446,0.961289
ACAGCGCACCCGCAGC-1,0.007436,0.037825,0.008493,0.226627,0.719619
ACAGGCACGGATCCTT-1,0.000325,0.002243,0.004199,0.164173,0.82906
ACAGGCTTGCCCGACT-1,0.005663,0.356433,0.222622,0.000389,0.414893
ACAGGTGGAGGTGAGG-1,0.000332,0.341294,0.655058,0.001326,0.001989
ACAGGTGTGTTGTTGC-1,0.003846,0.003846,0.003846,0.965384,0.023077
ACAGTAATACAACTTG-1,0.00014,0.783499,0.01604,0.000561,0.199759
ACAGTATACCGTGGGA-1,0.129531,0.000329,0.00494,0.762813,0.102388
ACAGTGCAGCGCATTT-1,0.000012,0.012005,0.218541,0.051297,0.718145
ACATAAGTCGTGGTGA-1,0.000057,0.668352,0.000057,0.000228,0.331306
ACATAATAAGGCGGTG-1,0.16208,0.025629,0.019494,0.133923,0.658875
ACATACAATCAAGCGG-1,0.959865,0.003345,0.003345,0.013378,0.020067
ACATCAGCTGGGACGC-1,0.000325,0.395695,0.54391,0.001298,0.058772
ACATCCCGGCCATACG-1,0.10457,0.032204,0.029779,0.121582,0.711866
ACATCCTGGTAACTGT-1,0.021844,0.005589,0.050022,0.461233,0.461313
ACATCGATCGTTTACC-1,0.016472,0.016601,0.01184,0.361547,0.59354
ACATCGGTCAGCCGCG-1,0.000481,0.649763,0.344948,0.001923,0.002885
ACATCGTATGCAATGG-1,0.004171,0.017334,0.080345,0.159886,0.738264
ACATCGTTAACCTAGT-1,0.038134,0.020422,0.284729,0.240789,0.415925
ACATCTCAACGCGTAA-1,0.009635,0.00001,0.00001,0.162389,0.827957
ACATGCTTACGGCAGC-1,0.002137,0.002137,0.002137,0.008547,0.985042
ACATGGCGCCAAAGTA-1,0.012662,0.020279,0.007479,0.061433,0.898148
ACATGGCTCAATTTAG-1,0.428669,0.054144,0.439682,0.00027,0.077235
ACATTAGTTTATATCC-1,0.011631,0.004008,0.211832,0.4876,0.284929
ACATTCGCGCGGAATA-1,0.695513,0.304228,0.000024,0.000094,0.000141
ACATTTGAAACCTAAC-1,0.000008,0.23061,0.002948,0.691639,0.074795
ACCAAACACCCAGCGA-1,0.448484,0.015485,0.045147,0.202539,0.288344
ACCAAACTAGAAATCC-1,0.000012,0.047113,0.186216,0.007535,0.759124
ACCAACACCACACACT-1,0.225562,0.027523,0.069425,0.603245,0.074245
ACCAACCGCACTCCAC-1,0.000007,0.003716,0.049161,0.24299,0.704126
ACCAACGCTTATTTAT-1,0.000342,0.485378,0.269317,0.001368,0.243595
ACCAAGAACGCGTGTC-1,0.051411,0.051792,0.081034,0.236474,0.579289
ACCAAGTCATCGGCAG-1,0.030557,0.016844,0.016924,0.11624,0.819435
ACCAATATGCAAGTTA-1,0.000566,0.003935,0.008914,0.0647,0.921884
ACCACAACTCAGAACA-1,0.016864,0.001843,0.011873,0.719835,0.249585
ACCACAAGTTTCTATC-1,0.019317,0.023035,0.012089,0.427984,0.517576
ACCACACGGTTGATGG-1,0.002564,0.002564,0.002564,0.010257,0.982051
ACCACCAATGTAACAA-1,0.000013,0.017926,0.007994,0.131737,0.84233
ACCACCCTCTCTTCTA-1,0.003738,0.04398,0.105989,0.218739,0.627554
ACCACGTGCAGCTATA-1,0.016321,0.010232,0.011306,0.255305,0.706836
ACCACTGTTCAAGAAG-1,0.000066,0.483905,0.515367,0.000265,0.000398
ACCAGACCATAACAAC-1,0.000171,0.765519,0.232605,0.000682,0.001023
ACCAGCCCGGTCTTTG-1,0.048377,0.005213,0.012282,0.523672,0.410456
ACCAGGAGTGTGATCT-1,0.000015,0.020865,0.07695,0.00006,0.90211
ACCAGTGCCCGGTCAA-1,0.029862,0.000007,0.001191,0.756296,0.212645
ACCAGTGCGGGAGACG-1,0.006926,0.006907,0.02568,0.692229,0.268257
ACCATATCCGCAATAA-1,0.044276,0.004347,0.000443,0.710047,0.240886
ACCATCCGCCAACTAG-1,0.000211,0.521915,0.475761,0.000845,0.001268
ACCATCGTATATGGTA-1,0.000831,0.03577,0.000044,0.115085,0.84827
ACCATTAAGGGTGTCA-1,0.332907,0.539341,0.127326,0.000171,0.000256
ACCCAACGCCCGTGGC-1,0.01991,0.018459,0.260548,0.244251,0.456832
ACCCACCTACATGCTC-1,0.000314,0.313628,0.51528,0.168894,0.001884
ACCCATCTTGAGGGTA-1,0.000051,0.182806,0.096081,0.000203,0.720859
ACCCATTTGTCCCTCT-1,0.000012,0.003518,0.018101,0.153752,0.824618
ACCCGAGCGAAATTAC-1,0.000203,0.782408,0.078778,0.000812,0.137799
ACCCGATTGGTTCCGA-1,0.21035,0.475608,0.000103,0.000412,0.313528
ACCCGGAAACTCCCAG-1,0.056449,0.027291,0.074076,0.544845,0.297339
ACCCGGAGCACCACAA-1,0.000009,0.009603,0.030816,0.106423,0.85315
ACCCGGATGACGCATC-1,0.080756,0.044468,0.110866,0.197146,0.566764
ACCCGGTTACACTTCC-1,0.000017,0.000017,0.002137,0.042229,0.955601
ACCCGTAGCAGAGAAT-1,0.283732,0.522601,0.000045,0.00018,0.193442
ACCCGTAGTCTAGTTG-1,0.000222,0.115542,0.321855,0.000889,0.561491
ACCCGTGTCATCAGTA-1,0.000289,0.232568,0.356989,0.001157,0.408997
ACCCTATAGGACTGAG-1,0.138466,0.016937,0.020684,0.26418,0.559733
ACCCTATGCCATATCG-1,0.749714,0.001487,0.247322,0.000591,0.000886
ACCCTCCCGTCAGGGC-1,0.035427,0.000926,0.014741,0.604817,0.344088
ACCCTCCCTTGCTATT-1,0.01015,0.002714,0.056542,0.764829,0.165765
ACCCTGGTAACGCCCT-1,0.001168,0.005625,0.042234,0.114175,0.836797
ACCCTTCATCTGCGAA-1,0.032727,0.007566,0.006172,0.660201,0.293334
ACCCTTGCCTGGGTCG-1,0.022518,0.044047,0.206509,0.077611,0.649316
ACCCTTTAGTTCTCCA-1,0.01545,0.00087,0.000008,0.57568,0.407992
ACCGAAAGGGCCCTGC-1,0.057664,0.054827,0.238987,0.234012,0.41451
ACCGAAGAGTCTGGTT-1,0.261493,0.4376,0.023808,0.034916,0.242183
ACCGACACATCTCCCA-1,0.159992,0.003753,0.002263,0.068306,0.765685
ACCGACTGAGTCCCAC-1,0.044051,0.044909,0.163205,0.343508,0.404327
ACCGAGTCTCCTTATT-1,0.009063,0.143293,0.077761,0.02481,0.745073
ACCGATAGGCATAACC-1,0.00001,0.008482,0.009706,0.018245,0.963557
ACCGATATTTAATCAT-1,0.013776,0.000007,0.004168,0.764535,0.217514
ACCGATGGTAGCATCG-1,0.012792,0.009143,0.004179,0.258615,0.715272
ACCGCAATAACTGCCT-1,0.001351,0.006415,0.066395,0.029176,0.896663
ACCGCGGTGGAAGTCG-1,0.004699,0.002748,0.000055,0.250775,0.741722
ACCGCTAGTCATTGGT-1,0.695906,0.297585,0.000592,0.002367,0.00355
ACCGGGCCTTTGTTGA-1,0.001715,0.000674,0.048439,0.298592,0.65058
ACCGGTCAGGTACACC-1,0.097125,0.6197,0.130859,0.014972,0.137344
ACCGGTCTGAGTACGG-1,0.016639,0.059857,0.059503,0.20694,0.657061
ACCGTCCACTGGGCCC-1,0.289996,0.471242,0.000019,0.006131,0.232612
ACCGTGACCACGTGGG-1,0.197878,0.099279,0.615729,0.000592,0.086523
ACCGTTCCCGCTCTGA-1,0.003602,0.000009,0.000009,0.363467,0.632914
ACCTAAGTACCTTTCA-1,0.000394,0.373811,0.62185,0.001578,0.002367
ACCTAATCGACTTCCT-1,0.000332,0.628689,0.367664,0.001326,0.001989
ACCTACAGTATGTGGT-1,0.016683,0.004623,0.017888,0.355555,0.605252
ACCTACTATAAATCTA-1,0.275682,0.293451,0.430152,0.000286,0.000429
ACCTCAGCGAGGCGCA-1,0.000999,0.000999,0.181557,0.003996,0.812449
ACCTCCGCCCTCGCTG-1,0.069793,0.146505,0.397834,0.048143,0.337725
ACCTCCGTTATTCACC-1,0.022756,0.002788,0.001449,0.326932,0.646075
ACCTCGAACTTATGCT-1,0.498681,0.384517,0.00971,0.038971,0.068121
ACCTGCGTGTCATGTT-1,0.000322,0.69081,0.238269,0.001287,0.069311
ACGAAATGGGCGGCAC-1,0.131004,0.431746,0.025387,0.001144,0.410718
ACGACCCATGAGTTGC-1,0.011248,0.000387,0.048766,0.46812,0.471479
ACGACTCTAGGGCCGA-1,0.00001,0.00001,0.00001,0.12254,0.877431
ACGACTGGTCATACTC-1,0.229011,0.387398,0.008596,0.000498,0.374498
ACGAGAACCCATCACG-1,0.000011,0.024189,0.037596,0.012126,0.926077
ACGAGATATTTGCTTA-1,0.017378,0.005185,0.012978,0.289586,0.674874
ACGAGGATACCACTCT-1,0.000278,0.797034,0.000278,0.001111,0.2013
ACGAGGTTTACAACGT-1,0.055719,0.634836,0.046616,0.000354,0.262475
ACGAGTACGGATGCCC-1,0.000015,0.076403,0.099848,0.071854,0.75188
ACGAGTCGCCGGCGTT-1,0.000091,0.383197,0.615802,0.000364,0.000546
ACGATACATAGAACTA-1,0.084559,0.006181,0.004257,0.282131,0.622872
ACGATACCTATCCTGA-1,0.002849,0.002849,0.131471,0.845737,0.017094
ACGATCATACATAGAG-1,0.065549,0.060364,0.115396,0.148441,0.610251
ACGATCATCTTGTAAA-1,0.015224,0.014253,0.037785,0.472681,0.460057
ACGATGCATATGTTAT-1,0.002912,0.096539,0.02051,0.041693,0.838345
ACGATGGATCCGATGC-1,0.000886,0.000009,0.000009,0.290359,0.708737
ACGCAAACTAATAGAT-1,0.278605,0.103199,0.016956,0.321596,0.279644
ACGCAATCACTACAGC-1,0.000498,0.003475,0.017595,0.089599,0.888833
ACGCATAAATGACATG-1,0.124607,0.030664,0.008129,0.459782,0.376818
ACGCATACGTTTACTA-1,0.000022,0.336986,0.286769,0.05406,0.322162
ACGCATTCGTGAGTAC-1,0.004964,0.016001,0.078098,0.556109,0.344828
ACGCCACTCGAAACAG-1,0.003205,0.003205,0.003205,0.505382,0.485002
ACGCCAGATGATTTCT-1,0.046981,0.024314,0.017947,0.526368,0.384391
ACGCCAGTGCGTTTGC-1,0.00042,0.048203,0.012949,0.301287,0.637141
ACGCCCAGCTGTCGAT-1,0.059255,0.014441,0.214846,0.181491,0.529967
ACGCCGCTAGACGACC-1,0.026775,0.041058,0.043726,0.155828,0.732614
ACGCGAAGTCAGACGA-1,0.008078,0.014942,0.011109,0.091976,0.873895
ACGCGCTACACAGGGT-1,0.33798,0.241921,0.106865,0.000477,0.312758
ACGCGGGCCAAGGACA-1,0.023255,0.020329,0.016918,0.785786,0.153713
ACGCGTTTCTTAAGAG-1,0.218217,0.37639,0.404916,0.000191,0.000286
ACGCTACTGAATGGGC-1,0.052687,0.089313,0.047447,0.405783,0.40477
ACGCTAGTATCAGTGC-1,0.000014,0.107222,0.006511,0.140558,0.745696
ACGCTAGTGATACACT-1,0.028365,0.01136,0.055766,0.109988,0.794521
ACGCTGTGAGGCGTAG-1,0.000261,0.844014,0.153118,0.001043,0.001565
ACGCTTAGTGTCTCTC-1,0.12638,0.000006,0.000006,0.84805,0.025558
ACGGAACACGAGTGCC-1,0.013478,0.057086,0.0246,0.538998,0.365839
ACGGAATTTAGCAAAT-1,0.016339,0.037718,0.165149,0.235477,0.545318
ACGGACGCAGCGACAA-1,0.541823,0.384267,0.000138,0.000551,0.073221
ACGGACTCTCAAAGCG-1,0.013743,0.000008,0.000007,0.338162,0.648079
ACGGAGCGCAAATTAC-1,0.021988,0.024312,0.03175,0.101003,0.820946
ACGGATGGTGCGGATA-1,0.002001,0.01061,0.000885,0.170719,0.815786
ACGGCACTTGCTTGGG-1,0.035621,0.005905,0.037924,0.5946,0.32595
ACGGCCAACATGGACT-1,0.104745,0.003274,0.018854,0.515451,0.357677
ACGGCGACGATGGGAA-1,0.011245,0.005856,0.09616,0.405915,0.480824
ACGGCGGGTTGCCCTG-1,0.057343,0.064359,0.050042,0.264866,0.56339
ACGGCTGGATGTAGAA-1,0.036002,0.622893,0.000046,0.000184,0.340874
ACGGGAGTGTCGGCCC-1,0.00043,0.712707,0.282566,0.001719,0.002578
ACGGGCGTATGCGACA-1,0.073735,0.000006,0.006579,0.844647,0.075033
ACGGGTCATGTGACTT-1,0.026827,0.665593,0.188902,0.000662,0.118017
ACGGGTTGTGACCTGT-1,0.467611,0.529587,0.000255,0.001019,0.001528
ACGGTACAGTTCAATG-1,0.00789,0.008383,0.007453,0.23846,0.737814
ACGGTCACCGAGAACA-1,0.406062,0.414941,0.000021,0.000084,0.178891
ACGTACAGATTTCTCT-1,0.013229,0.000008,0.000008,0.606426,0.38033
ACGTACTTTGGCACGG-1,0.000077,0.796798,0.000077,0.000306,0.202743
ACGTAGATTGCTGATG-1,0.000016,0.000335,0.015708,0.101854,0.882086
ACGTAGGAGAGTCGCT-1,0.129926,0.175408,0.120677,0.00025,0.573739
ACGTATTACTCCGATC-1,0.008633,0.059426,0.091444,0.345045,0.495452
ACGTCGGGCAACTCGG-1,0.428463,0.351519,0.000035,0.005039,0.214944
ACGTCTCGTTCCGGGA-1,0.104414,0.681282,0.000033,0.000134,0.214137
ACGTGACAAAGTAAGT-1,0.80133,0.193316,0.000036,0.000145,0.005172
ACGTGCGCCTCGTGCA-1,0.071778,0.021058,0.011543,0.23488,0.660742
ACGTGGTCGAATGTGC-1,0.01106,0.002523,0.001387,0.173953,0.811077
ACGTTAATGTCGAAGA-1,0.024767,0.000009,0.000312,0.462907,0.512006
ACGTTAGATTTGCCCG-1,0.130928,0.059876,0.020215,0.276262,0.51272
ACGTTATTGGTCACTC-1,0.00021,0.75275,0.244938,0.000841,0.001261
ACGTTCACTATGCCGC-1,0.517257,0.476521,0.000566,0.002262,0.003394
ACGTTCCGCGCTCCGT-1,0.000016,0.126037,0.11333,0.000065,0.760552
ACGTTCGCAATCAATT-1,0.000009,0.017356,0.020002,0.083441,0.879192
ACGTTCGTTCAGGAAA-1,0.220368,0.358274,0.114786,0.218911,0.087661
ACGTTCTGTACAAGTC-1,0.010057,0.000009,0.00044,0.47797,0.511525
ACGTTGTCGTTGAAAG-1,0.003345,0.003345,0.003345,0.013378,0.976588
ACGTTTAGTTGTGATC-1,0.0325,0.00001,0.001618,0.61753,0.348342
ACGTTTCGGTGCACTT-1,0.045407,0.077459,0.111297,0.548948,0.216889
ACTAAGGACGCACACC-1,0.039111,0.092646,0.024396,0.096902,0.746945
ACTAATACGTCAGGCG-1,0.013596,0.001831,0.017581,0.688117,0.278876
ACTACAAAGAGAGGTG-1,0.796695,0.146306,0.005705,0.018298,0.032995
ACTACATCCCGACAAG-1,0.49971,0.228799,0.00004,0.000162,0.271288
ACTACCAGCTCTCTGG-1,0.626193,0.000093,0.248492,0.000373,0.12485
ACTACCATCCGAGGGC-1,0.728212,0.268482,0.0003,0.001202,0.001803
ACTACGCGTTAGAATT-1,0.000566,0.566394,0.427384,0.002262,0.003394
ACTAGTTGCGATCGTC-1,0.000181,0.261769,0.384356,0.000722,0.352973
ACTATATGCTGTGTTC-1,0.000015,0.032505,0.049752,0.011446,0.906282
ACTATCCAGGGCATGG-1,0.01394,0.009157,0.021108,0.384565,0.57123
ACTATCGCCGGCTAAA-1,0.007692,0.007692,0.007692,0.03077,0.946153
ACTATCTGCCCGCGTA-1,0.00037,0.00037,0.995562,0.001479,0.002219
ACTATGTCCAGCTGCC-1,0.364704,0.391837,0.000026,0.000104,0.243328
ACTATTCGTCCGTGGT-1,0.079425,0.000436,0.000552,0.723013,0.196573
ACTATTTCCGGGCCCA-1,0.281036,0.485279,0.000237,0.00095,0.232498
ACTCAACGAATGTATT-1,0.020272,0.050296,0.030617,0.208447,0.690368
ACTCAAGTGCAAGGCT-1,0.005109,0.00001,0.036964,0.151848,0.806069
ACTCAATAAAGGCACG-1,0.255867,0.096686,0.111001,0.304504,0.231942
ACTCAGACCTGCTTCT-1,0.042101,0.069563,0.07471,0.250597,0.563028
ACTCATGGCAGCCTTC-1,0.306743,0.431972,0.006942,0.004714,0.249628
ACTCCAATATCATCAT-1,0.715706,0.215591,0.027746,0.040579,0.000379
ACTCCCATTCCTAAAG-1,0.000249,0.534892,0.46237,0.000996,0.001494
ACTCCCGAATTCGTTT-1,0.000019,0.009741,0.257953,0.013659,0.718628
ACTCCCGTAGACTAGG-1,0.00001,0.039102,0.143437,0.043848,0.773602
ACTCCCTAATGCTAAA-1,0.017059,0.015652,0.004895,0.054885,0.907509
ACTCCCTAGAATAGTA-1,0.083251,0.006659,0.010762,0.3374,0.561928
ACTCCGGCCGACCACT-1,0.000931,0.0038,0.004337,0.064469,0.926463
ACTCGATGTATTTCAT-1,0.324339,0.343586,0.32899,0.002584,0.000502
ACTCGCCGTTCGATAA-1,0.001181,0.001713,0.002368,0.029505,0.965232
ACTCGCGATCTGACGC-1,0.001481,0.005947,0.154241,0.076603,0.761728
ACTCGTAACCCGTCCT-1,0.065843,0.64162,0.000956,0.001091,0.290489
ACTCGTCAGTAATCCC-1,0.001207,0.035891,0.172724,0.049346,0.740832
ACTCTAAACCTGGGAT-1,0.005128,0.005128,0.005128,0.020513,0.964102
ACTCTCTGACTTAGGT-1,0.022599,0.002026,0.010431,0.44491,0.520034
ACTCTCTTATACACGA-1,0.007149,0.072723,0.038158,0.328551,0.553419
ACTCTGACCTAATAGA-1,0.005815,0.000006,0.010412,0.455938,0.527829
ACTCTTCAGCTCCCGC-1,0.056642,0.00716,0.060671,0.191617,0.683909
ACTCTTGTATAGTAAC-1,0.037332,0.02943,0.084791,0.18791,0.660537
ACTGAAACGCCGTTAG-1,0.000017,0.037849,0.44938,0.061315,0.451439
ACTGAATGGCGAAAGT-1,0.000392,0.00997,0.039532,0.369966,0.580139
ACTGATTTAGTGATTC-1,0.044181,0.000009,0.003549,0.824918,0.127344
ACTGCCCGCCATTCTC-1,0.241854,0.476993,0.023493,0.000236,0.257424
ACTGCCGTCGTAACTC-1,0.026351,0.008089,0.000066,0.514169,0.451325
ACTGCGGACACACCGT-1,0.014163,0.004578,0.032959,0.512371,0.435929
ACTGCTCGGAAGGATG-1,0.052654,0.782013,0.000067,0.002545,0.162721
ACTGGCGAACCTGCGT-1,0.041933,0.069894,0.065439,0.265552,0.557182
ACTGGGATGCCAGTGC-1,0.803034,0.140553,0.000327,0.010828,0.045258
ACTGTACGATACACAT-1,0.112414,0.00128,0.087798,0.78896,0.009548
ACTGTAGCACTTTGGA-1,0.070052,0.06959,0.080753,0.332036,0.447569
ACTGTATACGCGAGCA-1,0.090296,0.01959,0.06028,0.150796,0.679037
ACTGTCCAGGATTATA-1,0.055513,0.012188,0.005693,0.442488,0.484119
ACTGTCTTCTTTAGAA-1,0.006611,0.042828,0.021369,0.370486,0.558706
ACTGTGCTAGTAGATC-1,0.303693,0.000077,0.082861,0.608809,0.00456
ACTGTTTAGTGTAGGC-1,0.036255,0.010575,0.121686,0.459354,0.372131
ACTTACCGGGCGCGCA-1,0.001108,0.036703,0.119631,0.148089,0.694468
ACTTACGCATCCACGC-1,0.008409,0.000245,0.000329,0.267903,0.723115
ACTTAGTACGACAAGA-1,0.000072,0.189043,0.125885,0.000287,0.684714
ACTTATACTTACCCGG-1,0.781081,0.000005,0.027083,0.191286,0.000545
ACTTATTAGGATCGGT-1,0.013594,0.022001,0.211538,0.238435,0.514432
ACTTATTTATGTGCCA-1,0.062994,0.028247,0.042265,0.526444,0.340049
ACTTCAGGCTGATCCC-1,0.00002,0.018974,0.031948,0.015615,0.933443
ACTTCCAGTGGAAGCT-1,0.142235,0.85685,0.000083,0.000333,0.000499
ACTTCCATGCGGGACA-1,0.0048,0.000986,0.000011,0.022631,0.971573
ACTTCCTGTCGTGCGA-1,0.001002,0.064404,0.036587,0.169849,0.728158
ACTTCGCCATACGCAC-1,0.019223,0.113836,0.098294,0.323229,0.445418
ACTTCGCTAGCGAGTG-1,0.008285,0.014325,0.108711,0.082804,0.785875
ACTTGACTCCCTCTTT-1,0.018599,0.040521,0.035139,0.334649,0.571092
ACTTGCCATATTGTAC-1,0.050815,0.067254,0.00254,0.016242,0.863149
ACTTGCTCTATCTACC-1,0.205106,0.612765,0.023615,0.000135,0.158379
ACTTGGGACCCGGTGG-1,0.067152,0.008182,0.005496,0.710043,0.209127
ACTTGTAGTCCCTTCA-1,0.000163,0.831075,0.000163,0.000652,0.167947
ACTTGTGGATGGAACG-1,0.000286,0.28539,0.711464,0.001144,0.001716
ACTTGTTACCGGATCA-1,0.002481,0.002481,0.181488,0.009926,0.803623
ACTTTACCCTCATGAA-1,0.009697,0.002182,0.016573,0.847843,0.123706
ACTTTATACACCACTT-1,0.252243,0.282355,0.000566,0.461443,0.003394
ACTTTCCTATAGCTTC-1,0.014602,0.021954,0.036023,0.549985,0.377436
ACTTTGACTGCATCCT-1,0.000186,0.735637,0.000186,0.000743,0.263248
ACTTTGGTCGTGCTCC-1,0.142175,0.607608,0.0237,0.001684,0.224834
ACTTTGTCGACGCACT-1,0.000016,0.040566,0.071209,0.010214,0.877995
AGAAATTATGACTCGC-1,0.000012,0.006438,0.221965,0.000046,0.771539
AGAACACGGCGATGGT-1,0.002198,0.002198,0.002198,0.008791,0.984615
AGAACCCAGCGTGACA-1,0.029788,0.004395,0.012215,0.147526,0.806076
AGAACCCTCAATTGGG-1,0.000032,0.636784,0.000032,0.000126,0.363027
AGAACGTGGTACATTC-1,0.056554,0.052846,0.047689,0.349716,0.493195
AGAACTGTACTTTGTA-1,0.053944,0.202273,0.003912,0.654177,0.085693
AGAAGAGCGCCGTTCC-1,0.000211,0.000211,0.141494,0.000843,0.857242
AGAAGGTACACTTCAC-1,0.000248,0.757603,0.184714,0.000993,0.056442
AGAAGGTTGCCGAATT-1,0.062036,0.031127,0.035623,0.145893,0.725322
AGAAGGTTGTAGGTCG-1,0.030638,0.001349,0.000011,0.020354,0.947648
AGAAGTGATTCGTGAT-1,0.683669,0.310836,0.0005,0.001998,0.002997
AGAATAAATCTTCAGG-1,0.000094,0.775155,0.22381,0.000376,0.000564
AGAATACAGGCTATCC-1,0.00095,0.00095,0.274957,0.717445,0.005698
AGAATGCGGGTTCGGA-1,0.000009,0.08319,0.038513,0.003645,0.874644
AGAATTATGGATTCGA-1,0.04658,0.00376,0.115521,0.66684,0.167299
AGAATTGTTTGACATA-1,0.000034,0.096169,0.015566,0.006871,0.881361
AGACAGCTCAGAATCC-1,0.000073,0.529466,0.469729,0.000293,0.000439
AGACAGGCATCTCAGC-1,0.00353,0.000727,0.006133,0.117364,0.872246
AGACATAGATCCTTCC-1,0.02098,0.046552,0.046356,0.245493,0.640618
AGACCAAACCACACCT-1,0.107116,0.63608,0.045979,0.000237,0.210589
AGACCATGGGATACAA-1,0.235598,0.059414,0.047847,0.085358,0.571782
AGACCCACCGCTGATC-1,0.037696,0.021777,0.052144,0.606856,0.281527
AGACCCGCCCTCCTCG-1,0.048278,0.042785,0.048207,0.338862,0.521867
AGACCGCTCCGCGGTT-1,0.000047,0.000047,0.453581,0.000187,0.546138
AGACCGGGAAACCCTG-1,0.000152,0.630652,0.271931,0.000609,0.096656
AGACGAAGTGCCGGTC-1,0.02186,0.127981,0.31462,0.297791,0.237748
AGACGACGATGCCGCT-1,0.000641,0.640421,0.228367,0.002564,0.128007
AGACGCCCACTTCGCC-1,0.009309,0.026115,0.050953,0.183764,0.729859
AGACGGGCCGATTTAA-1,0.013485,0.013934,0.014506,0.285126,0.672948
AGACTAGCCTTCCAGA-1,0.012352,0.062423,0.028128,0.206721,0.690376
AGACTGTTACCGGGTC-1,0.077118,0.271918,0.00004,0.008754,0.642169
AGAGAAACACCAGAAA-1,0.002146,0.700405,0.017388,0.000284,0.279777
AGAGAACCGTCTAGGA-1,0.023115,0.021466,0.05038,0.189381,0.715657
