Barcode,Topic 1to3,Topic 4,Topic 5,Topic 6,Topic 7,Topic 8
AAACAACGAATAGTTC-1,0.350534,0.112213,0.106505,0.00004,0.368863,0.061845
AAACAAGTATCTCCCA-1,0.14066,0.004701,0.009273,0.049425,0.721407,0.074535
AAACAATCTACTAGCA-1,0.112217,0.037777,0.000057,0.007395,0.643603,0.198951
AAACACCAATAACTGC-1,0.67676,0.036509,0.006262,0.07296,0.056831,0.150678
AAACAGAGCGACTCCT-1,0.275235,0.095703,0.000073,0.123919,0.499573,0.005497
AAACAGCTTTCAGAAG-1,0.449839,0.056747,0.000036,0.427928,0.022855,0.042595
AAACAGGGTCTATATT-1,0.255818,0.583918,0.00002,0.00002,0.075213,0.085012
AAACAGTGTTCCTGGG-1,0.485957,0.047449,0.000031,0.24857,0.147602,0.070391
AAACATGGTGAGAGGA-1,0.146132,0.023618,0.000038,0.053356,0.391582,0.385274
AAACATTTCCCGGATT-1,0.745216,0.02175,0.000029,0.012656,0.021998,0.198351
AAACCACTACACAGAT-1,0.304705,0.078853,0.006382,0.006465,0.354435,0.24916
AAACCCGAACGAAATC-1,0.796383,0.047699,0.006506,0.042271,0.095354,0.011787
AAACCGGAAATGTTAA-1,0.268518,0.01621,0.01479,0.169535,0.351305,0.179642
AAACCGGGTAGGTACC-1,0.628847,0.329479,0.000023,0.010612,0.022488,0.008551
AAACCGTTCGTCCAGG-1,0.039716,0.00074,0.002636,0.010341,0.037663,0.908903
AAACCTAAGCAGCCGG-1,0.751925,0.027089,0.000021,0.070606,0.099115,0.051244
AAACCTCATGAAGTTG-1,0.670632,0.116032,0.000039,0.084952,0.111721,0.016624
AAACGAAGAACATACC-1,0.196311,0.065984,0.000055,0.035066,0.57904,0.123544
AAACGAAGATGGAGTA-1,0.472194,0.097286,0.00228,0.278953,0.078875,0.070411
AAACGACAGTCTTGCC-1,0.135225,0.001038,0.000055,0.023306,0.659002,0.181374
AAACGAGACGGTTGAT-1,0.574977,0.039289,0.00006,0.103012,0.102794,0.179868
AAACGCCCGAGATCGG-1,0.000105,0.814901,0.013373,0.029099,0.008208,0.134314
AAACGGGCGTACGGGT-1,0.196922,0.000354,0.00506,0.15112,0.535011,0.111532
AAACGGGTTGGTATCC-1,0.59479,0.013783,0.006129,0.00614,0.329593,0.049565
AAACGGTTGCGAACTG-1,0.459097,0.03317,0.00769,0.198412,0.204028,0.097605
AAACGTGTTCGCCCTA-1,0.093569,0.238218,0.000202,0.094199,0.020406,0.553406
AAACTAACGTGGCGAC-1,0.563628,0.094834,0.000047,0.064157,0.097921,0.179412
AAACTCGGTTCGCAAT-1,0.286363,0.042355,0.000045,0.128459,0.335598,0.20718
AAACTCGTGATATAAG-1,0.081816,0.16109,0.002002,0.149942,0.085884,0.519266
AAACTGCTGGCTCCAA-1,0.584512,0.05487,0.000057,0.012734,0.319008,0.028818
AAACTTAATTGCACGC-1,0.642759,0.212576,0.006337,0.002375,0.127875,0.008078
AAACTTGCAAACGTAT-1,0.73624,0.026295,0.000044,0.00321,0.226654,0.007557
AAAGAATGACCTTAGA-1,0.478707,0.080864,0.011957,0.037236,0.250042,0.141194
AAAGAATGTGGACTAA-1,0.312422,0.212136,0.008743,0.194884,0.224796,0.047019
AAAGACATGAAGTTTA-1,0.321228,0.063431,0.007237,0.089093,0.349064,0.169947
AAAGACCCAAGTCGCG-1,0.270136,0.08437,0.000045,0.013039,0.191517,0.440893
AAAGACTGGGCGCTTT-1,0.685617,0.08167,0.000045,0.039824,0.192024,0.00082
AAAGCTTGCCTACATA-1,0.14718,0.212456,0.004394,0.176448,0.437144,0.022377
AAAGGCCCTATAATAC-1,0.173213,0.006662,0.007137,0.552765,0.227734,0.03249
AAAGGCTACGGACCAT-1,0.560714,0.088434,0.011815,0.090794,0.201637,0.046606
AAAGGCTCTCGCGCCG-1,0.550882,0.099196,0.000048,0.048712,0.159638,0.141523
AAAGGGATGTAGCAAG-1,0.697146,0.097434,0.004238,0.030681,0.119778,0.050723
AAAGGGCAGCTTGAAT-1,0.612271,0.027358,0.011665,0.060986,0.126297,0.161424
AAAGGTAAGCTGTACC-1,0.411855,0.174854,0.000083,0.085724,0.301633,0.025852
AAAGGTCAACGACATG-1,0.222505,0.096468,0.000036,0.056908,0.198452,0.425631
AAAGTAGCATTGCTCA-1,0.73176,0.050431,0.002067,0.046756,0.160775,0.00821
AAAGTCACTGATGTAA-1,0.150599,0.084192,0.032129,0.188923,0.300363,0.243794
AAAGTCGACCCTCAGT-1,0.938322,0.039281,0.001237,0.012175,0.008966,0.000019
AAAGTGCCATCAATTA-1,0.350157,0.00313,0.00004,0.059563,0.573568,0.013541
AAAGTGTGATTTATCT-1,0.116945,0.008109,0.016426,0.414379,0.219658,0.224483
AAAGTTGACTCCCGTA-1,0.834504,0.06986,0.001716,0.090176,0.000337,0.003407
AAATAACCATACGGGA-1,0.284006,0.017433,0.000074,0.036409,0.301428,0.360651
AAATAAGGTAGTGCCC-1,0.770306,0.105816,0.000038,0.065283,0.050664,0.007893
AAATACCTATAAGCAT-1,0.917407,0.029561,0.000028,0.001539,0.045366,0.006099
AAATAGCTTAGACTTT-1,0.641039,0.040747,0.000054,0.047333,0.246492,0.024335
AAATAGGGTGCTATTG-1,0.114529,0.011828,0.000074,0.062654,0.427164,0.383751
AAATCACTCCTAAACG-1,0.039549,0.01161,0.00578,0.132816,0.165953,0.644292
AAATCCGATACACGCC-1,0.504122,0.01512,0.000034,0.216265,0.236227,0.028233
AAATCGCGGAAGGAGT-1,0.000038,0.999911,0.000013,0.000013,0.000013,0.000013
AAATCGTGTACCACAA-1,0.009888,0.002939,0.007962,0.000064,0.001278,0.97787
AAATCTAGCCCTGCTA-1,0.608111,0.011649,0.125386,0.081376,0.041425,0.132053
AAATCTGCCCGCGTCC-1,0.673138,0.028229,0.000037,0.061293,0.234275,0.003028
AAATGACTGATCAAAC-1,0.203799,0.056713,0.017537,0.290805,0.368609,0.062537
AAATGATTCGATCAGC-1,0.094841,0.101425,0.010029,0.229818,0.413511,0.150376
AAATGCTCGTTACGTT-1,0.793764,0.079738,0.001841,0.067955,0.048634,0.008068
AAATGGCATGTCTTGT-1,0.55161,0.223701,0.000034,0.000034,0.064135,0.160487
AAATGGCCCGTGCCCT-1,0.132413,0.062203,0.000063,0.054657,0.536392,0.214271
AAATGGTCAATGTGCC-1,0.745224,0.051133,0.000059,0.005063,0.067378,0.131143
AAATGTATCTTATCCC-1,0.741611,0.086281,0.000038,0.009536,0.15854,0.003995
AAATGTGGGTGCTCCT-1,0.41287,0.126474,0.000066,0.000719,0.372134,0.087738
AAATTAACGGGTAGCT-1,0.53882,0.056163,0.000059,0.000109,0.174377,0.230473
AAATTAATAAGCGCGA-1,0.121343,0.048513,0.034458,0.181406,0.305193,0.309087
AAATTACACGACTCTG-1,0.297641,0.139343,0.00007,0.002464,0.112659,0.447823
AAATTACCTATCGATG-1,0.173807,0.14571,0.024434,0.135833,0.339103,0.181114
AAATTCCAGGTCCAAA-1,0.534231,0.029216,0.000044,0.100688,0.157194,0.178627
AAATTGATAGTCCTTT-1,0.59392,0.088142,0.000046,0.159455,0.13511,0.023327
AAATTGCGGCGGTTCT-1,0.463419,0.209005,0.01046,0.005019,0.280038,0.032059
AAATTGGTGAGAAGCA-1,0.000265,0.013762,0.172975,0.210009,0.334182,0.268808
AAATTTACCGAAATCC-1,0.408187,0.026227,0.000044,0.004608,0.185203,0.375732
AAATTTGCGGGTGTGG-1,0.0595,0.014198,0.00159,0.24503,0.631828,0.047854
AACAACTGGTAGTTGC-1,0.365517,0.141255,0.00007,0.0249,0.186152,0.282106
AACAATACATTGTCGA-1,0.348388,0.020713,0.000033,0.000998,0.074855,0.555013
AACAATTACTCTACGC-1,0.277509,0.13851,0.002152,0.339027,0.108163,0.13464
AACACACGCTCGCCGC-1,0.622281,0.005498,0.00358,0.015219,0.15415,0.199272
AACACGACTGTACTGA-1,0.059212,0.047849,0.002958,0.132494,0.238334,0.519152
AACACGAGACGCGGCC-1,0.086239,0.014791,0.004365,0.047746,0.838309,0.00855
AACACGCGGCCGCGAA-1,0.157801,0.00837,0.000058,0.000058,0.786384,0.047329
AACAGCTGTGTGGCAA-1,0.643232,0.041169,0.00002,0.181583,0.015027,0.118969
AACAGGAAATCGAATA-1,0.348262,0.187753,0.00395,0.066148,0.332373,0.061514
AACAGGATGGGCCGCG-1,0.51388,0.10842,0.001201,0.054329,0.153703,0.168468
AACAGGTAGTATGGAT-1,0.003692,0.061288,0.934924,0.000032,0.000032,0.000032
AACATAGCGTGTATCG-1,0.600846,0.013987,0.001264,0.067877,0.068848,0.247178
AACATATCAACTGGTG-1,0.776924,0.15117,0.006932,0.017122,0.044773,0.003079
AACATCGATACGTCTA-1,0.016138,0.117537,0.000116,0.162733,0.432194,0.271282
AACATTGAAGTTGATC-1,0.320591,0.010874,0.000967,0.43995,0.078288,0.149331
AACATTGGTCAGCCGT-1,0.15618,0.011626,0.000095,0.000095,0.792939,0.039066
AACATTGTGACTCGAG-1,0.916443,0.038985,0.006478,0.000027,0.03804,0.000027
AACCAAGACTTCTCTG-1,0.394267,0.128414,0.000058,0.098943,0.369706,0.008612
AACCAGTATCACTCTT-1,0.061984,0.210671,0.000108,0.262641,0.216235,0.248361
AACCATAGGGTTGAAC-1,0.507329,0.066248,0.013848,0.036012,0.370316,0.006247
AACCATGGGATCGCTA-1,0.170789,0.03647,0.000088,0.000088,0.542332,0.250232
AACCCAGAGACGGAGA-1,0.439284,0.299517,0.000043,0.035497,0.123276,0.102384
AACCCATCCCATGATC-1,0.205675,0.000069,0.002717,0.018466,0.516486,0.256586
AACCCGACAACCCGTG-1,0.756481,0.030145,0.000025,0.03393,0.018228,0.161191
AACCCGAGCAGAATCG-1,0.248093,0.076512,0.000076,0.120814,0.540614,0.01389
AACCCGATAGGGCTTC-1,0.383865,0.075827,0.000038,0.011448,0.317437,0.211385
AACCCGCTGTATTCCA-1,0.259694,0.034822,0.000024,0.361529,0.008569,0.335363
AACCCTACTGTCAATA-1,0.299489,0.015239,0.015817,0.185703,0.313728,0.170024
AACCCTGGTGGAACCA-1,0.263079,0.14613,0.00191,0.251096,0.29501,0.042774
AACCGAGCTTGGTCAT-1,0.440789,0.098745,0.00484,0.110756,0.303115,0.041755
AACCGCTAAGGGATGC-1,0.16119,0.021888,0.012357,0.176936,0.496577,0.131054
AACCGTTGTGTTTGCT-1,0.634158,0.214818,0.000038,0.008744,0.021684,0.120558
AACCTAAAGCCGTCCG-1,0.328235,0.025866,0.003538,0.000067,0.540085,0.102209
AACCTCGCTTTAGCCC-1,0.470383,0.023535,0.000072,0.054819,0.334152,0.117038
AACCTGTCACGGAATT-1,0.021317,0.489932,0.000066,0.149187,0.320342,0.019155
AACCTTTAAATACGGT-1,0.814288,0.069829,0.000027,0.076029,0.010233,0.029594
AACCTTTACGACGTCT-1,0.285852,0.02347,0.000097,0.095866,0.441078,0.153639
AACGAAAGTCGTCCCA-1,0.000353,0.00255,0.000118,0.846691,0.070323,0.079965
AACGACCTCCTAGCCG-1,0.068246,0.000073,0.000073,0.148444,0.676825,0.106338
AACGATAATGCCGTAG-1,0.232677,0.016276,0.00007,0.01506,0.250563,0.485355
AACGATAGAAGGGCCG-1,0.481474,0.059034,0.000058,0.010763,0.227018,0.221653
AACGATATGTCAACTG-1,0.746609,0.066433,0.000033,0.000033,0.078744,0.108148
AACGCATGATCTGGGT-1,0.429096,0.080597,0.00006,0.021829,0.223711,0.244707
AACGCGAACGGCAACA-1,0.597533,0.119782,0.001554,0.000037,0.271988,0.009107
AACGCGACCTTGGGCG-1,0.25077,0.101788,0.017043,0.376686,0.064084,0.18963
AACGCGGTCTCCAGCC-1,0.261979,0.177581,0.000094,0.011317,0.448929,0.1001
AACGCTGTTGCTGAAA-1,0.628255,0.026071,0.000056,0.251195,0.090381,0.004043
AACGGACGTACGTATA-1,0.454919,0.008415,0.001826,0.161344,0.154999,0.218498
AACGGCCATCTCCGGT-1,0.342236,0.09003,0.000036,0.228146,0.177376,0.162176
AACGTACTGTGGGTAC-1,0.148241,0.107374,0.000094,0.054391,0.440928,0.248972
AACGTAGTCTACCCAT-1,0.061696,0.064422,0.000084,0.015807,0.81116,0.046831
AACGTCAGACTAGTGG-1,0.320843,0.025435,0.000064,0.000064,0.301955,0.351638
AACGTCATCCGGCTTG-1,0.651384,0.036511,0.000019,0.017933,0.051885,0.242268
AACGTCGCTGCACTTC-1,0.459814,0.120659,0.030964,0.107614,0.235217,0.045732
AACGTGATGAAGGACA-1,0.168558,0.013249,0.000071,0.000071,0.385682,0.432369
AACGTGCGAAAGTCTC-1,0.386033,0.09726,0.000067,0.029375,0.357428,0.129838
AACGTTATCAGCACCT-1,0.865679,0.049207,0.000038,0.002179,0.033505,0.049392
AACTACCCGTTTGTCA-1,0.255779,0.03753,0.106035,0.053207,0.464819,0.08263
AACTAGCGTATCGCAC-1,0.769405,0.176385,0.012919,0.000036,0.027206,0.01405
AACTAGGCTTGGGTGT-1,0.370842,0.000542,0.000073,0.126983,0.112437,0.389124
AACTCAAGTTAATTGC-1,0.030976,0.040791,0.010747,0.035697,0.457952,0.423838
AACTCCAGAGCGTGTT-1,0.524356,0.021487,0.002293,0.053354,0.106696,0.291814
AACTCCTAATCCCATG-1,0.26108,0.056007,0.000073,0.000073,0.629707,0.05306
AACTCGATAAACACGT-1,0.319657,0.000054,0.003761,0.000054,0.65001,0.026464
AACTCGATGGCGCAGT-1,0.449094,0.07759,0.000064,0.042377,0.419249,0.011625
AACTCTCAATAGAGCG-1,0.447663,0.039659,0.00006,0.425692,0.018975,0.067951
AACTCTCAGTGTGCTC-1,0.169981,0.005186,0.000066,0.000066,0.236715,0.587986
AACTGAGGTCAGCGTC-1,0.115229,0.188737,0.00011,0.090703,0.290506,0.314716
AACTGAGTTATACTGA-1,0.123647,0.019416,0.036728,0.646276,0.090764,0.083169
AACTGATATTAGGCCT-1,0.718072,0.157741,0.009177,0.013358,0.081133,0.020519
AACTGGGTCCCGACGT-1,0.101806,0.19517,0.000573,0.057934,0.279308,0.36521
AACTGGGTTCGAGCCG-1,0.486544,0.166023,0.018077,0.00005,0.301857,0.02745
AACTGGTGTGGGCCTT-1,0.266539,0.105563,0.005685,0.000052,0.225127,0.397034
AACTTCTGCGTCTATC-1,0.331462,0.549606,0.073617,0.000023,0.026735,0.018558
AACTTGCCCGTATGCA-1,0.018912,0.001665,0.102037,0.079818,0.699427,0.098141
AACTTGCGTTCTCGCG-1,0.325016,0.060884,0.000078,0.017158,0.446774,0.15009
AACTTTACGGGAGCTT-1,0.254239,0.346437,0.006904,0.144754,0.212903,0.034763
AACTTTAGCTGCTGAG-1,0.477421,0.064294,0.000052,0.07046,0.099509,0.288265
AACTTTCTCGATCATG-1,0.298158,0.078008,0.012716,0.12224,0.47282,0.016059
AAGAAAGTTTGATGGG-1,0.091746,0.005045,0.016512,0.162655,0.474145,0.249897
AAGAAATCACCAGATT-1,0.46491,0.339299,0.018886,0.038411,0.088876,0.049617
AAGAAGGATCAGTTAG-1,0.518248,0.311777,0.000488,0.000033,0.128811,0.040642
AAGACATACGTGGTTT-1,0.27468,0.028076,0.000057,0.141692,0.204354,0.351141
AAGACCAAATAACTCA-1,0.693325,0.039908,0.000019,0.008299,0.140712,0.117736
AAGACCCAACTGAACA-1,0.468467,0.112601,0.013582,0.000149,0.195592,0.209607
AAGACTAACCCGTTGT-1,0.567309,0.043602,0.009503,0.000047,0.368031,0.011508
AAGACTCACGCCCACT-1,0.488383,0.029798,0.00008,0.057895,0.293677,0.130166
AAGACTGCAAGCTACT-1,0.38568,0.071236,0.000062,0.449636,0.000325,0.093062
AAGAGATGAATCGGTA-1,0.093186,0.077428,0.000089,0.128261,0.58603,0.115006
AAGAGCTCTTTATCGG-1,0.306145,0.027897,0.000114,0.046321,0.350797,0.268726
AAGAGGATGTACGCGA-1,0.492316,0.055194,0.02026,0.090766,0.237361,0.104104
AAGAGGCATGGATCGC-1,0.042179,0.003459,0.000063,0.042464,0.276363,0.635471
AAGAGGCCCTTTGGAA-1,0.724829,0.02479,0.000041,0.045995,0.11026,0.094084
AAGATGGCACCGGACC-1,0.51512,0.056279,0.002377,0.054164,0.123909,0.248151
AAGATTGGCGGAACGT-1,0.264033,0.078904,0.000069,0.421074,0.083293,0.152627
AAGCACCCTGCGTATC-1,0.391015,0.035442,0.005191,0.097495,0.454477,0.016381
AAGCATACTCTCCTGA-1,0.542004,0.091689,0.000057,0.180107,0.172237,0.013907
AAGCCACTTGCAGGTA-1,0.268047,0.165274,0.004057,0.146876,0.398062,0.017684
AAGCCGAAGCGGTTTA-1,0.864755,0.015088,0.004806,0.005998,0.055154,0.054199
AAGCCGCCGTGAAATC-1,0.000147,0.005656,0.000049,0.859219,0.035214,0.099715
AAGCCGCTTTACCTTG-1,0.054261,0.064293,0.000067,0.290114,0.000067,0.591198
AAGCCGGAGAGCAGGA-1,0.634828,0.007703,0.01609,0.040664,0.29221,0.008505
AAGCGCAGGGCTTTGA-1,0.268998,0.017079,0.001357,0.189867,0.262048,0.26065
AAGCGGAGTGCGCGCA-1,0.029928,0.096343,0.000073,0.066878,0.30869,0.498087
AAGCGGCGTCATGGGT-1,0.011006,0.143159,0.008969,0.044406,0.681045,0.111415
AAGCGTCCCTCATCGA-1,0.228671,0.075602,0.000054,0.040868,0.008007,0.646799
AAGCTAGATCGAGTAA-1,0.184737,0.051543,0.00008,0.151281,0.324483,0.287877
AAGCTATGGATTGACC-1,0.214977,0.152672,0.005538,0.133154,0.269663,0.223996
AAGCTCGTGCCAAGTC-1,0.320729,0.10844,0.000066,0.00107,0.130908,0.438787
AAGCTCTTTCATGGTG-1,0.877169,0.107464,0.003063,0.008481,0.003469,0.000354
AAGGAGAACTTATAAG-1,0.509705,0.177721,0.005573,0.13667,0.033573,0.136758
AAGGAGCGGTTGGTGC-1,0.16075,0.066449,0.023612,0.124623,0.604881,0.019685
AAGGATCGATCGCTTG-1,0.554883,0.178217,0.005218,0.125815,0.128927,0.00694
AAGGATGAGGGACCTC-1,0.761878,0.062056,0.000056,0.009867,0.133518,0.032626
AAGGCAGGCTGTCTCC-1,0.422495,0.00601,0.000075,0.123283,0.402879,0.045257
AAGGCGCGTAAAGCTT-1,0.446883,0.03948,0.000057,0.000057,0.320106,0.193416
AAGGCTGTGCTCATCG-1,0.844071,0.076609,0.000041,0.000041,0.060449,0.018788
AAGGGAACGACTGGCT-1,0.261657,0.018441,0.015452,0.136181,0.44804,0.120229
AAGGGACAGATTCTGT-1,0.531114,0.042777,0.004719,0.046184,0.37083,0.004376
AAGGGACTATGCATTC-1,0.119171,0.054192,0.021285,0.290737,0.404132,0.110482
AAGGGTTAGCCATGCG-1,0.512923,0.015581,0.000065,0.180168,0.291199,0.000065
AAGGGTTTGATTTCAG-1,0.263951,0.143737,0.003736,0.015767,0.03029,0.542518
AAGGTATCCTAATATA-1,0.660989,0.136333,0.062404,0.009232,0.087376,0.043666
AAGGTGATAAACCAGC-1,0.754408,0.046523,0.008136,0.019525,0.171366,0.000042
AAGTAAGCTTCCAAAC-1,0.234053,0.045384,0.004732,0.000042,0.492833,0.222956
AAGTAGAAGACCGGGT-1,0.308505,0.000815,0.011848,0.01979,0.583216,0.075826
AAGTAGTGACGCGAGG-1,0.170182,0.016725,0.026862,0.00008,0.469182,0.316969
AAGTCAATTGTCGTCA-1,0.823788,0.153877,0.002634,0.008405,0.010835,0.000461
AAGTCTAGTAGCTGCC-1,0.03365,0.029116,0.000096,0.103161,0.532369,0.301608
AAGTCTTCTGTGGCCT-1,0.379567,0.031551,0.006891,0.404271,0.163063,0.014656
AAGTGACGACCGAATT-1,0.017556,0.877416,0.000027,0.058522,0.012474,0.034005
AAGTGAGTCGGGTTTA-1,0.397451,0.075466,0.000069,0.104817,0.347179,0.075019
AAGTGCAAAGGTAGAC-1,0.461859,0.06323,0.000041,0.088756,0.226368,0.159745
AAGTGCCTTGACTGTA-1,0.08909,0.000126,0.007935,0.040425,0.810472,0.051951
AAGTGCGTTAGAATCT-1,0.082892,0.024521,0.135632,0.404029,0.123962,0.228964
AAGTGCTTCTCTATTG-1,0.467043,0.10637,0.001596,0.336448,0.013251,0.075292
AAGTGTTTGGAGACGG-1,0.005478,0.000048,0.000048,0.812425,0.000048,0.181954
AAGTTCACTCCAAGCT-1,0.569015,0.034282,0.000076,0.0156,0.296823,0.084204
AAGTTCAGTCTGCGTA-1,0.001108,0.846862,0.00006,0.047742,0.101288,0.002941
AAGTTCGGCCAACAGG-1,0.520453,0.083334,0.00003,0.061376,0.079561,0.255247
AAGTTGTGATGTTATA-1,0.80962,0.04485,0.000034,0.010985,0.119145,0.015365
AAGTTTACTAATGGCA-1,0.392986,0.082205,0.000061,0.015253,0.422318,0.087177
AAGTTTATGGGCCCAA-1,0.214804,0.074803,0.005216,0.272776,0.210975,0.221427
AATAACAACGCTCGGC-1,0.00005,0.915635,0.000017,0.058873,0.000017,0.025409
AATAACACTAGAACAA-1,0.572138,0.250104,0.008535,0.005293,0.145107,0.018823
AATAACGTCGCGCCCA-1,0.048292,0.001483,0.000059,0.299707,0.62463,0.02583
AATAAGTCCTCGAGAC-1,0.501127,0.048321,0.017539,0.000042,0.16601,0.26696
AATAATCTTCGTATCG-1,0.137899,0.36827,0.022955,0.239835,0.003954,0.227087
AATACAATGTTTCAGG-1,0.890448,0.015387,0.000049,0.000049,0.05555,0.038516
AATACCGGAGGGCTGT-1,0.444648,0.033199,0.00004,0.042757,0.077842,0.401515
AATACCTGATGTGAAC-1,0.007509,0.004215,0.044538,0.285602,0.610438,0.047698
AATAGAACAGAGTGGC-1,0.327172,0.537315,0.028022,0.000026,0.067992,0.039473
AATAGAATCTGTTTCA-1,0.589881,0.022488,0.000051,0.077129,0.205038,0.105412
AATAGCAAGCCTCCTG-1,0.095729,0.020984,0.000113,0.062774,0.073523,0.746877
AATAGCTACCGCGTGC-1,0.048626,0.019861,0.036139,0.335736,0.520548,0.039089
AATAGGCACGACCCTT-1,0.718013,0.022092,0.019117,0.049012,0.139682,0.052085
AATAGTCCGTCCCGAC-1,0.619724,0.0181,0.000068,0.133414,0.144232,0.084463
AATAGTCGCGAGTCGG-1,0.537583,0.31196,0.001846,0.074581,0.072109,0.001921
AATATCAAGGTCGGAT-1,0.390611,0.235709,0.000057,0.015396,0.257565,0.100663
AATATCCTAGCAAACT-1,0.52159,0.027187,0.014732,0.018849,0.392163,0.025479
AATATCGAATCAATGC-1,0.656864,0.042844,0.000049,0.010156,0.142662,0.147424
AATATCGAGGGTTCTC-1,0.387213,0.037546,0.000116,0.049063,0.451747,0.074315
AATATTGGAGTATTGA-1,0.544582,0.00096,0.00007,0.265086,0.167709,0.021593
AATCAGACTGCAGGAC-1,0.542794,0.090466,0.004898,0.00256,0.349431,0.009852
AATCAGGTTTCATTTA-1,0.410725,0.078086,0.002597,0.069992,0.118129,0.32047
AATCATGTAAAGACTC-1,0.106312,0.010072,0.002318,0.308215,0.080816,0.492267
AATCCAAGGGCCTGAG-1,0.308652,0.051082,0.060694,0.032515,0.36796,0.179097
AATCCATGCAAGGGTG-1,0.558328,0.023683,0.002214,0.165542,0.197586,0.052648
AATCCCGCTCAGAGCC-1,0.008792,0.032858,0.000051,0.439027,0.358027,0.161246
AATCGAGGTCTCAAGG-1,0.357295,0.015322,0.003061,0.344607,0.209661,0.070055
AATCGCCTCAGCGCCA-1,0.490718,0.03245,0.000047,0.132959,0.034878,0.308948
AATCGCGCAGAGGACT-1,0.298151,0.018608,0.000065,0.021831,0.524096,0.137249
AATCGGGACACTACGA-1,0.434743,0.046023,0.011576,0.027607,0.340073,0.139979
AATCGGTATAGCCCTC-1,0.188421,0.01802,0.000049,0.460667,0.093606,0.239236
AATCGTGAGCCGAGCA-1,0.693738,0.071015,0.007249,0.092196,0.112061,0.023741
AATCTAGGTTTACTTG-1,0.643702,0.038675,0.000755,0.001875,0.163682,0.151311
AATCTATGCCGGAGCC-1,0.579074,0.131232,0.000071,0.033675,0.183674,0.072274
AATCTCTACTGTGGTT-1,0.265573,0.095563,0.000056,0.018362,0.241692,0.378755
AATCTGCGTTGGGACG-1,0.469633,0.118128,0.000065,0.103902,0.159631,0.148642
AATCTGGCTTTCTAGT-1,0.000284,0.000095,0.023724,0.305927,0.500392,0.169579
AATCTGGGTAGACCCT-1,0.213798,0.076513,0.000112,0.000112,0.554525,0.154941
AATGACAGCAATGTCT-1,0.20247,0.001931,0.000073,0.028263,0.545868,0.221395
AATGACGTAGGATGTC-1,0.333619,0.277033,0.069479,0.124985,0.175409,0.019475
AATGACTGTCAGCCGG-1,0.441792,0.016842,0.004637,0.000048,0.340328,0.196353
AATGAGTTCGCATATG-1,0.804963,0.095408,0.000043,0.006447,0.064071,0.029067
AATGATGATACGCTAT-1,0.374549,0.000999,0.000102,0.04329,0.564842,0.016219
AATGATGCGACTCCTG-1,0.485792,0.081503,0.000079,0.039367,0.293549,0.09971
AATGCAACCGGGTACC-1,0.810247,0.043216,0.003654,0.00004,0.119457,0.023386
AATGCACCAAGCAATG-1,0.391354,0.040709,0.010818,0.184611,0.327588,0.04492
AATGGCCGCCAATGCG-1,0.442747,0.045707,0.024372,0.104594,0.308745,0.073836
AATGGTCCACCGTTCA-1,0.58831,0.242987,0.000043,0.041546,0.084292,0.042823
AATGGTTCTCACAAGC-1,0.353749,0.064709,0.000071,0.10554,0.302903,0.173027
AATGTATGGCACTGTA-1,0.563338,0.243996,0.000035,0.001971,0.13001,0.060649
AATGTGCCCGAGGTGT-1,0.117701,0.151329,0.001298,0.000171,0.484335,0.245167
AATGTGCTAATCTGAG-1,0.262849,0.151501,0.000047,0.031178,0.30075,0.253675
AATGTTAAGACCCTGA-1,0.787826,0.017869,0.002217,0.11159,0.078445,0.002054
AATGTTGTCGTGAGAC-1,0.425262,0.104985,0.010471,0.072744,0.329031,0.057508
AATTAAAGGTCGGCGT-1,0.341417,0.145194,0.000079,0.099828,0.301998,0.111485
AATTAACGGATTTCCA-1,0.748408,0.041919,0.000046,0.045201,0.156809,0.007616
AATTACGAGACCCATC-1,0.549089,0.023371,0.002908,0.06546,0.22264,0.136531
AATTACTCGTACGCTC-1,0.066933,0.014577,0.008564,0.000098,0.909719,0.000109
AATTAGCGCTGCAGCG-1,0.042064,0.016723,0.008998,0.081025,0.688873,0.162316
AATTATACCCAGCAAG-1,0.649079,0.033123,0.009469,0.148475,0.115685,0.044169
AATTCATAAGGGATCT-1,0.008139,0.147122,0.000062,0.000062,0.224749,0.619866
AATTCATTGTCATGCA-1,0.692166,0.060729,0.000032,0.006234,0.100918,0.139923
AATTCCAACTTGGTGA-1,0.371297,0.04156,0.035334,0.000057,0.512522,0.03923
AATTCCAAGCATGTAC-1,0.317251,0.063518,0.031269,0.062457,0.161653,0.363852
AATTCGATTCGAGGAT-1,0.228803,0.102361,0.021185,0.163476,0.363404,0.120771
AATTCTAGAGTTAGGC-1,0.499713,0.048388,0.005942,0.273103,0.086686,0.086169
AATTGAACGCTCTGGT-1,0.697276,0.034934,0.00355,0.068136,0.037234,0.15887
AATTGCAGCAATCGAC-1,0.650106,0.03403,0.000046,0.117753,0.132839,0.065225
AATTGCGTGGATTACA-1,0.773772,0.034511,0.003099,0.037562,0.095844,0.055211
AATTGTGGTTGCCAAA-1,0.542105,0.044849,0.000038,0.249816,0.130141,0.03305
AATTTGGGACATAGTA-1,0.306441,0.045398,0.011154,0.027599,0.531396,0.078013
AATTTGGTTCCAAAGA-1,0.23792,0.483419,0.010625,0.04184,0.072761,0.153434
ACAAACCATGCGTCCT-1,0.525397,0.031534,0.000043,0.008753,0.380088,0.054184
ACAAACCGACAAGGCG-1,0.318862,0.100118,0.000095,0.001975,0.416121,0.162828
ACAAACTCCATCAGAG-1,0.00697,0.000038,0.000038,0.823066,0.045264,0.124625
ACAAAGAAGGTAGGCC-1,0.705245,0.122172,0.000025,0.005707,0.152399,0.014451
ACAAAGCATGACCTAG-1,0.150109,0.026659,0.000043,0.297923,0.405902,0.119364
ACAAATCGCACCGAAT-1,0.693971,0.094882,0.004579,0.018263,0.033865,0.154439
ACAAATGGTAGTGTTT-1,0.178138,0.059042,0.023482,0.255833,0.050582,0.432923
ACAAATTCAGATCTGA-1,0.702112,0.106556,0.000048,0.044189,0.121111,0.025984
ACAACAGCATGAGCTA-1,0.558827,0.23545,0.000034,0.035458,0.039151,0.131079
ACAACGGTCCCTGCGA-1,0.699699,0.084659,0.014017,0.000034,0.033281,0.16831
ACAAGCAGTGCCTAGC-1,0.445126,0.038703,0.009692,0.01023,0.211192,0.285056
ACAAGCTATATGGAAG-1,0.480429,0.072714,0.000043,0.122617,0.255687,0.068511
ACAAGGAAATCCGCCC-1,0.403157,0.120966,0.000049,0.052546,0.235086,0.188196
ACAAGGACAAGAGGTT-1,0.364212,0.078396,0.006885,0.008242,0.324569,0.217696
ACAAGGATGCTTTAGG-1,0.347891,0.025143,0.00459,0.065279,0.472992,0.084106
ACAAGGCCTACCAGCC-1,0.074047,0.080214,0.000125,0.236127,0.583822,0.025664
ACAAGGGCAGGCTCTG-1,0.374853,0.015036,0.032366,0.195432,0.199376,0.182938
ACAAGTAATTGTAAGG-1,0.664951,0.111884,0.002348,0.123378,0.037258,0.060181
ACAATAGTCGTACGTT-1,0.082584,0.034447,0.000075,0.160505,0.468506,0.253882
ACAATCCATTTAAACC-1,0.823068,0.158312,0.000021,0.000021,0.017465,0.001112
ACAATCGATCTTTATA-1,0.481047,0.048894,0.000068,0.000068,0.321446,0.148476
ACAATGAATACGGAGA-1,0.608388,0.177203,0.006353,0.037239,0.136033,0.034784
ACAATGATTCTTCTAC-1,0.000393,0.000131,0.000131,0.22135,0.000131,0.777865
ACAATTGTGTCTCTTT-1,0.271183,0.004239,0.000071,0.150019,0.315922,0.258566
ACAATTTAGGAGGCTC-1,0.338345,0.030195,0.012118,0.000055,0.313935,0.305352
ACAATTTGAGCAGTGG-1,0.109194,0.339853,0.000088,0.097839,0.311672,0.141354
ACAATTTGGCCATATT-1,0.325179,0.013218,0.000042,0.121501,0.054062,0.485997
ACACAAAGACGGGTGG-1,0.228188,0.0967,0.000064,0.010665,0.532318,0.132064
ACACAAATATTCCTAG-1,0.292646,0.187296,0.000038,0.422347,0.05844,0.039234
ACACACCAGGACCAGT-1,0.39881,0.016327,0.000082,0.098705,0.245502,0.240575
ACACACTTTCTACACG-1,0.386949,0.309203,0.000056,0.102029,0.015071,0.186693
ACACATGATCAAATCT-1,0.621684,0.047736,0.064983,0.052909,0.111304,0.101385
ACACATTGACGCAACA-1,0.75242,0.136059,0.003966,0.005228,0.077482,0.024847
ACACATTTCCGTAGAC-1,0.487544,0.069937,0.006484,0.16338,0.022252,0.250403
ACACCACATAATTAGC-1,0.53535,0.186644,0.014378,0.076327,0.12566,0.061641
ACACCCAGCATGCAGC-1,0.634916,0.091677,0.000045,0.000045,0.142525,0.130792
ACACCCGAGAAATCCG-1,0.189984,0.039536,0.000065,0.081775,0.409447,0.279193
ACACCCGTAAATCTGT-1,0.217122,0.505487,0.005472,0.13958,0.013952,0.118388
ACACCGAGCGCTCTTT-1,0.297389,0.18749,0.000069,0.006873,0.347003,0.161177
ACACCGGTCTGACCGC-1,0.211283,0.017429,0.054347,0.011284,0.507557,0.198099
ACACCTTAAGTAGGGC-1,0.000827,0.641423,0.000084,0.000084,0.268329,0.089253
ACACCTTACTACTTGC-1,0.80323,0.062194,0.004987,0.021666,0.101204,0.00672
ACACGAGACTCCTTCT-1,0.244443,0.033295,0.000089,0.023778,0.329513,0.368882
ACACGGCACTATGCAT-1,0.123212,0.252225,0.002946,0.263895,0.070071,0.287651
ACACGGGAACTTAGGG-1,0.537509,0.150286,0.000063,0.003705,0.145157,0.16328
ACACGTAGGCCACAAG-1,0.831134,0.0397,0.027709,0.00318,0.091893,0.006384
ACACTCCAATGTCACT-1,0.599911,0.131377,0.000039,0.000039,0.234197,0.034437
ACACTGATCAAGGTGT-1,0.69393,0.027176,0.027422,0.000062,0.224603,0.026807
ACACTGGGACAGTCGT-1,0.687583,0.014136,0.004206,0.01588,0.170129,0.108066
ACAGAACTGAGAACAA-1,0.153198,0.003131,0.000049,0.11546,0.413393,0.314769
ACAGATTAGGTTAGTG-1,0.470574,0.055058,0.009291,0.000046,0.188331,0.2767
ACAGCATAGAGCCAGT-1,0.263288,0.107329,0.000086,0.002515,0.237718,0.389065
ACAGCGACATTCTCAT-1,0.589382,0.014183,0.000089,0.083489,0.163467,0.149391
ACAGCGCACCCGCAGC-1,0.081862,0.109874,0.000092,0.055103,0.481608,0.271461
ACAGGAGGCGCAGCCG-1,0.447944,0.033116,0.015284,0.03793,0.443292,0.022433
ACAGGCACGGATCCTT-1,0.307137,0.021748,0.00812,0.046719,0.291073,0.325203
ACAGGCTTGCCCGACT-1,0.585307,0.025448,0.000061,0.085088,0.250471,0.053625
ACAGGTGGAGGTGAGG-1,0.522675,0.110359,0.006923,0.000033,0.110875,0.249134
ACAGGTGTGTTGTTGC-1,0.267847,0.024874,0.014779,0.298993,0.282992,0.110515
ACAGTAATACAACTTG-1,0.092526,0.094878,0.015785,0.053601,0.517224,0.225986
ACAGTATACCGTGGGA-1,0.185361,0.193278,0.045695,0.34861,0.087678,0.139378
ACAGTGCAGCGCATTT-1,0.318532,0.034947,0.000077,0.006357,0.45337,0.186718
ACATAAGTCGTGGTGA-1,0.116671,0.024613,0.000061,0.216198,0.270962,0.371495
ACATAATAAGGCGGTG-1,0.709542,0.144897,0.000036,0.003915,0.061199,0.08041
ACATACAATCAAGCGG-1,0.065831,0.000069,0.008392,0.201391,0.696675,0.027641
ACATCAGCTGGGACGC-1,0.290786,0.162199,0.017237,0.049409,0.286221,0.194149
ACATCCCGGCCATACG-1,0.535005,0.144891,0.000062,0.012756,0.22686,0.080427
ACATCCTGGTAACTGT-1,0.136476,0.001186,0.021471,0.077899,0.675599,0.08737
ACATCGATCGTTTACC-1,0.750722,0.068493,0.000041,0.005372,0.02375,0.151621
ACATCGCAATATTCGG-1,0.03645,0.075654,0.123067,0.249488,0.355379,0.159961
ACATCGGTCAGCCGCG-1,0.904,0.052203,0.000037,0.000455,0.035641,0.007663
ACATCGTATGCAATGG-1,0.821611,0.04745,0.017516,0.012638,0.035484,0.065301
ACATCGTTAACCTAGT-1,0.598511,0.142076,0.000045,0.041329,0.087428,0.13061
ACATCTCAACGCGTAA-1,0.353069,0.040287,0.007,0.022861,0.465053,0.11173
ACATGCTTACGGCAGC-1,0.128435,0.017854,0.003158,0.208427,0.527385,0.11474
ACATGGCGCCAAAGTA-1,0.051235,0.003345,0.000049,0.527539,0.235472,0.18236
ACATGGCTCAATTTAG-1,0.607166,0.163936,0.000054,0.000054,0.172843,0.055945
ACATTAGTTTATATCC-1,0.391367,0.091544,0.000089,0.08531,0.208242,0.223447
ACATTCGCGCGGAATA-1,0.408899,0.222743,0.005979,0.296374,0.059,0.007004
ACATTTGAAACCTAAC-1,0.080081,0.081826,0.018984,0.705109,0.109869,0.004131
ACCAAACACCCAGCGA-1,0.000247,0.000082,0.000083,0.925722,0.003128,0.070737
ACCAAACTAGAAATCC-1,0.363362,0.063269,0.000041,0.000041,0.349234,0.224053
ACCAACACCACACACT-1,0.004155,0.068232,0.210329,0.31839,0.360925,0.037968
ACCAACCGCACTCCAC-1,0.249024,0.0065,0.007877,0.21354,0.328364,0.194695
ACCAACGCTTATTTAT-1,0.466487,0.070699,0.008187,0.024799,0.290895,0.138933
ACCAAGAACGCGTGTC-1,0.899464,0.096404,0.001181,0.002728,0.000204,0.000018
ACCAAGTCATCGGCAG-1,0.429133,0.088681,0.000048,0.064089,0.171315,0.246734
ACCAATATGCAAGTTA-1,0.464932,0.019949,0.000057,0.28883,0.088532,0.137699
ACCACAACTCAGAACA-1,0.644185,0.070692,0.006029,0.000045,0.244835,0.034213
ACCACAAGTTTCTATC-1,0.63445,0.164779,0.000061,0.000061,0.141132,0.059517
ACCACACGGTTGATGG-1,0.235553,0.01324,0.180957,0.423056,0.144192,0.003002
ACCACCAATGTAACAA-1,0.777711,0.025035,0.000037,0.007818,0.169293,0.020106
ACCACCCTCTCTTCTA-1,0.535856,0.096637,0.000053,0.086808,0.143005,0.137641
ACCACGTGCAGCTATA-1,0.311138,0.350712,0.008245,0.071932,0.088652,0.16932
ACCACTGTTCAAGAAG-1,0.04528,0.036118,0.000085,0.109615,0.420469,0.388431
ACCAGACCATAACAAC-1,0.373297,0.063193,0.000099,0.205764,0.216725,0.140922
ACCAGCCCGGTCTTTG-1,0.572781,0.201365,0.000057,0.000057,0.181378,0.044361
ACCAGGAGTGTGATCT-1,0.346868,0.152886,0.000079,0.000079,0.238827,0.261262
ACCAGTGCCCGGTCAA-1,0.197647,0.21275,0.005482,0.027881,0.531909,0.024331
ACCAGTGCGGGAGACG-1,0.191641,0.017675,0.000094,0.201543,0.547146,0.041901
ACCATATCCGCAATAA-1,0.704345,0.076074,0.000035,0.050393,0.015733,0.153422
ACCATCCGCCAACTAG-1,0.411732,0.056309,0.021059,0.02346,0.463159,0.024281
ACCATCGTATATGGTA-1,0.306475,0.059004,0.007391,0.000127,0.25157,0.375433
ACCATTAAGGGTGTCA-1,0.227132,0.292047,0.00291,0.019885,0.435993,0.022033
ACCCAACGCCCGTGGC-1,0.799023,0.027067,0.039244,0.02104,0.108132,0.005495
ACCCACCTACATGCTC-1,0.514154,0.099979,0.000052,0.024189,0.324186,0.03744
ACCCATCTTGAGGGTA-1,0.679591,0.048897,0.005139,0.211469,0.041522,0.013383
ACCCATTTGTCCCTCT-1,0.631358,0.086804,0.000054,0.043769,0.153242,0.084773
ACCCGAGCGAAATTAC-1,0.275547,0.024203,0.016853,0.157304,0.303057,0.223036
ACCCGATTGGTTCCGA-1,0.224263,0.04817,0.010271,0.145337,0.000039,0.57192
ACCCGGAAACTCCCAG-1,0.850511,0.045433,0.006086,0.000025,0.018797,0.079148
ACCCGGAGCACCACAA-1,0.308751,0.009306,0.000048,0.281097,0.335797,0.065
ACCCGGATGACGCATC-1,0.483202,0.011015,0.00006,0.099517,0.342691,0.063515
ACCCGGTTACACTTCC-1,0.535973,0.023794,0.00008,0.103551,0.305044,0.031558
ACCCGTAGCAGAGAAT-1,0.440532,0.023532,0.306766,0.117562,0.068527,0.043082
ACCCGTAGTCTAGTTG-1,0.790669,0.068562,0.003326,0.042472,0.006797,0.088174
ACCCGTGTCATCAGTA-1,0.601676,0.138756,0.000052,0.023263,0.171309,0.064944
ACCCTATAGGACTGAG-1,0.204621,0.032445,0.000064,0.000064,0.366278,0.396527
ACCCTATGCCATATCG-1,0.647813,0.174712,0.010199,0.063601,0.055126,0.04855
ACCCTCCCGTCAGGGC-1,0.578865,0.155937,0.000024,0.099587,0.106528,0.05906
ACCCTCCCTTGCTATT-1,0.599896,0.052962,0.000069,0.231887,0.059818,0.055368
ACCCTGGTAACGCCCT-1,0.37348,0.058331,0.033579,0.093924,0.267067,0.173619
ACCCTTCATCTGCGAA-1,0.206561,0.152018,0.009868,0.157658,0.32104,0.152855
ACCCTTGCCTGGGTCG-1,0.000248,0.067555,0.030727,0.801216,0.038247,0.062006
ACCCTTTAGTTCTCCA-1,0.178728,0.028145,0.000141,0.105803,0.563,0.124182
ACCGAAAGGGCCCTGC-1,0.583452,0.116727,0.005378,0.04517,0.176581,0.072692
ACCGAAGAGTCTGGTT-1,0.638802,0.059075,0.000034,0.003443,0.119885,0.178761
ACCGACACATCTCCCA-1,0.657662,0.131876,0.000033,0.032584,0.115146,0.062699
ACCGACTGAGTCCCAC-1,0.613046,0.061119,0.000058,0.038352,0.185948,0.101477
ACCGAGTCTCCTTATT-1,0.08603,0.002232,0.009939,0.251672,0.178643,0.471483
ACCGATAGGCATAACC-1,0.218477,0.03648,0.000072,0.133661,0.475879,0.135431
ACCGATATTTAATCAT-1,0.800485,0.019118,0.000043,0.174774,0.005537,0.000043
ACCGATGGTAGCATCG-1,0.696753,0.148582,0.003308,0.018788,0.119784,0.012784
ACCGCAATAACTGCCT-1,0.231061,0.011166,0.000066,0.297595,0.363309,0.096802
ACCGCGGTGGAAGTCG-1,0.12289,0.000112,0.000112,0.078306,0.649626,0.148955
ACCGCTAGTCATTGGT-1,0.245633,0.052911,0.002834,0.409969,0.262764,0.025889
ACCGGGCCTTTGTTGA-1,0.544412,0.046864,0.016587,0.051281,0.316332,0.024524
ACCGGTCAGGTACACC-1,0.868696,0.039594,0.000026,0.033152,0.04671,0.011822
ACCGGTCTGAGTACGG-1,0.110705,0.23846,0.000142,0.021376,0.467828,0.161489
ACCGTCCACTGGGCCC-1,0.714341,0.035301,0.000024,0.003108,0.178424,0.068801
ACCGTGACCACGTGGG-1,0.407687,0.062447,0.003182,0.090236,0.237591,0.198856
ACCGTTCCCGCTCTGA-1,0.550883,0.192241,0.000612,0.000055,0.200782,0.055428
ACCTAAGTACCTTTCA-1,0.493458,0.016384,0.012833,0.064661,0.388039,0.024625
ACCTAATCGACTTCCT-1,0.514911,0.32389,0.029894,0.051325,0.05007,0.029909
ACCTACAGTATGTGGT-1,0.496574,0.034055,0.022065,0.040514,0.282339,0.124453
ACCTACTATAAATCTA-1,0.123836,0.047603,0.006901,0.089095,0.22779,0.504776
ACCTCAGCGAGGCGCA-1,0.000142,0.000047,0.000047,0.024601,0.000047,0.975115
ACCTCCGCCCTCGCTG-1,0.539288,0.016691,0.007701,0.168036,0.155614,0.11267
ACCTCCGTTATTCACC-1,0.76016,0.033813,0.004959,0.042413,0.077735,0.080919
ACCTCGAACTTATGCT-1,0.533796,0.047776,0.001669,0.013427,0.111593,0.29174
ACCTGCGTGTCATGTT-1,0.305188,0.000094,0.007728,0.000094,0.686802,0.000094
ACCTTTCCTTTAGAAG-1,0.171593,0.000108,0.008747,0.081091,0.712904,0.025557
ACGAAATGGGCGGCAC-1,0.150232,0.078474,0.000062,0.03902,0.191923,0.54029
ACGACCCATGAGTTGC-1,0.239028,0.009572,0.000069,0.338623,0.412638,0.000069
ACGACTCTAGGGCCGA-1,0.629613,0.01937,0.002308,0.115738,0.205274,0.027698
ACGACTGGTCATACTC-1,0.150057,0.224886,0.015179,0.079155,0.160852,0.36987
ACGAGAACCCATCACG-1,0.000224,0.015284,0.016382,0.044276,0.696589,0.227245
ACGAGATATTTGCTTA-1,0.525219,0.003225,0.000095,0.025717,0.083294,0.36245
ACGAGGATACCACTCT-1,0.618474,0.004772,0.00619,0.033422,0.286387,0.050756
ACGAGGTTTACAACGT-1,0.471286,0.00786,0.011434,0.000025,0.002651,0.506744
ACGAGTACGGATGCCC-1,0.258628,0.005111,0.00469,0.032725,0.583082,0.115763
ACGAGTCGCCGGCGTT-1,0.000256,0.000085,0.016296,0.000085,0.9376,0.045678
ACGATACATAGAACTA-1,0.287881,0.130564,0.000269,0.0001,0.27492,0.306266
ACGATACCTATCCTGA-1,0.133077,0.069997,0.005711,0.639466,0.102643,0.049106
ACGATCATACATAGAG-1,0.738287,0.093268,0.005478,0.000042,0.036822,0.126103
ACGATCATCTTGTAAA-1,0.097578,0.014091,0.000098,0.112544,0.496084,0.279604
ACGATGCATATGTTAT-1,0.593998,0.097778,0.000074,0.139516,0.109324,0.05931
ACGATGGATCCGATGC-1,0.111706,0.053641,0.000065,0.356561,0.097066,0.380962
ACGCAAACTAATAGAT-1,0.60855,0.034768,0.00051,0.053693,0.203518,0.098961
ACGCAATCACTACAGC-1,0.560677,0.314934,0.003102,0.043575,0.062578,0.015135
ACGCATAAATGACATG-1,0.464104,0.118845,0.000049,0.010261,0.17918,0.227561
ACGCATACGTTTACTA-1,0.162877,0.000121,0.000121,0.230221,0.538818,0.067842
ACGCATTCGTGAGTAC-1,0.558379,0.021962,0.002833,0.050732,0.139771,0.226323
ACGCCACTCGAAACAG-1,0.09426,0.04642,0.229895,0.309804,0.122121,0.1975
ACGCCAGATGATTTCT-1,0.363343,0.291719,0.002308,0.174759,0.012083,0.155788
ACGCCAGTGCGTTTGC-1,0.139112,0.004557,0.033388,0.290855,0.372224,0.159864
ACGCCCAGCTGTCGAT-1,0.389942,0.069002,0.009333,0.000086,0.444206,0.08743
ACGCCGCTAGACGACC-1,0.096728,0.038959,0.000089,0.145923,0.573475,0.144827
ACGCCTGACACGCGCT-1,0.048398,0.002731,0.000043,0.211873,0.447781,0.289175
ACGCGAAGTCAGACGA-1,0.266403,0.046785,0.00006,0.000205,0.172705,0.513844
ACGCGCTACACAGGGT-1,0.467619,0.056493,0.000055,0.006386,0.318848,0.1506
ACGCGGGCCAAGGACA-1,0.000178,0.000059,0.000059,0.40713,0.000059,0.592514
ACGCGTTTCTTAAGAG-1,0.214077,0.011449,0.01253,0.694089,0.014901,0.052954
ACGCTACTGAATGGGC-1,0.276388,0.069612,0.000097,0.116382,0.537424,0.000097
ACGCTAGTATCAGTGC-1,0.503723,0.134474,0.016486,0.063263,0.242663,0.039391
ACGCTAGTGATACACT-1,0.601372,0.101011,0.002166,0.126763,0.124621,0.044067
ACGCTGTGAGGCGTAG-1,0.254754,0.053978,0.000063,0.481801,0.121237,0.088167
ACGCTTAGTGTCTCTC-1,0.191914,0.651992,0.045606,0.000078,0.06792,0.04249
ACGGAACACGAGTGCC-1,0.228148,0.044406,0.001473,0.289406,0.258751,0.177816
ACGGAATTTAGCAAAT-1,0.467492,0.098542,0.00004,0.008348,0.223016,0.202562
ACGGACGCAGCGACAA-1,0.079453,0.012159,0.007256,0.316045,0.194108,0.390978
ACGGACTCTCAAAGCG-1,0.234405,0.011929,0.000067,0.161808,0.386686,0.205104
ACGGAGCGCAAATTAC-1,0.268728,0.197382,0.003003,0.02829,0.092123,0.410474
ACGGATGGTGCGGATA-1,0.817895,0.039259,0.000032,0.095663,0.000929,0.04622
ACGGCACTTGCTTGGG-1,0.866242,0.059301,0.000051,0.004632,0.043597,0.026176
ACGGCCAACATGGACT-1,0.437867,0.044869,0.000039,0.009342,0.086115,0.421768
ACGGCGACGATGGGAA-1,0.241737,0.421959,0.007599,0.021543,0.062873,0.244289
ACGGCGGGTTGCCCTG-1,0.56781,0.043096,0.003124,0.001941,0.208937,0.175093
ACGGCTGGATGTAGAA-1,0.363042,0.032214,0.000026,0.009618,0.019853,0.575248
ACGGGAGTGTCGGCCC-1,0.455291,0.011681,0.000048,0.036918,0.452273,0.043789
ACGGGCGTATGCGACA-1,0.054264,0.312156,0.046634,0.264234,0.317618,0.005094
ACGGGTCATGTGACTT-1,0.491486,0.041411,0.012212,0.01222,0.442607,0.000064
ACGGGTTGTGACCTGT-1,0.430385,0.011965,0.000066,0.091433,0.401456,0.064695
ACGGTACAGTTCAATG-1,0.610634,0.013759,0.000049,0.062583,0.263748,0.049228
ACGGTCACCGAGAACA-1,0.154507,0.027721,0.000043,0.272536,0.263729,0.281464
ACGTACAGATTTCTCT-1,0.001286,0.056651,0.941958,0.000035,0.000035,0.000035
ACGTACTTTGGCACGG-1,0.004381,0.032986,0.001257,0.412848,0.251476,0.297052
ACGTAGATTGCTGATG-1,0.06146,0.052336,0.0001,0.253297,0.274532,0.358276
ACGTAGGAGAGTCGCT-1,0.773466,0.025036,0.000023,0.017598,0.048593,0.135283
ACGTATTACTCCGATC-1,0.703042,0.120814,0.000041,0.025277,0.033572,0.117255
ACGTCCTAAACGAGAT-1,0.107399,0.013082,0.000076,0.067195,0.80878,0.003468
ACGTCGGGCAACTCGG-1,0.773597,0.015843,0.005292,0.082514,0.106659,0.016095
ACGTCTCGTTCCGGGA-1,0.000186,0.000062,0.000062,0.341245,0.165459,0.492985
ACGTGACAAAGTAAGT-1,0.740946,0.069505,0.000035,0.011395,0.140033,0.038085
ACGTGCGCCTCGTGCA-1,0.442412,0.087614,0.000057,0.000057,0.270479,0.199381
ACGTGGTCGAATGTGC-1,0.433558,0.071534,0.000078,0.022691,0.09941,0.372729
ACGTTAATGTCGAAGA-1,0.288595,0.019639,0.000087,0.102158,0.177557,0.411964
ACGTTAGATTTGCCCG-1,0.494933,0.173502,0.001537,0.017736,0.215032,0.097259
ACGTTATTGGTCACTC-1,0.633538,0.078797,0.019413,0.000046,0.231115,0.037091
ACGTTCACTATGCCGC-1,0.644941,0.020921,0.01936,0.0703,0.237255,0.007222
ACGTTCCGCGCTCCGT-1,0.651236,0.101335,0.000059,0.000059,0.214718,0.032593
ACGTTCGCAATCAATT-1,0.97828,0.020138,0.000034,0.000034,0.001479,0.000034
ACGTTCGTTCAGGAAA-1,0.444559,0.015701,0.000057,0.226301,0.271676,0.041706
ACGTTCTGTACAAGTC-1,0.748758,0.053114,0.00673,0.061699,0.026568,0.103132
ACGTTGTCGTTGAAAG-1,0.667175,0.019501,0.004363,0.093196,0.192179,0.023587
ACGTTTAGTTGTGATC-1,0.095696,0.35132,0.459832,0.000041,0.000729,0.092381
ACGTTTCGGTGCACTT-1,0.072159,0.000139,0.000139,0.051801,0.875622,0.000139
ACTAAGGACGCACACC-1,0.504941,0.096598,0.000055,0.292211,0.057229,0.048966
ACTAATACGTCAGGCG-1,0.585157,0.222617,0.000058,0.001588,0.156363,0.034217
ACTACAAAGAGAGGTG-1,0.568131,0.03113,0.011935,0.221706,0.059977,0.107121
ACTACATCCCGACAAG-1,0.161515,0.044179,0.004165,0.071558,0.650367,0.068217
ACTACCAGCTCTCTGG-1,0.247547,0.142754,0.009622,0.029155,0.412619,0.158303
ACTACCATCCGAGGGC-1,0.247432,0.057845,0.000031,0.164637,0.37793,0.152125
ACTACGCGTTAGAATT-1,0.313099,0.018681,0.015809,0.091731,0.000817,0.559863
ACTAGTTGCGATCGTC-1,0.560616,0.033509,0.016402,0.005478,0.238885,0.14511
ACTATATGCTGTGTTC-1,0.705645,0.077609,0.000098,0.000098,0.20361,0.012941
ACTATCCAGGGCATGG-1,0.698211,0.025578,0.006969,0.062912,0.145997,0.060333
ACTATCGCCGGCTAAA-1,0.000171,0.005179,0.000057,0.690555,0.05057,0.253469
ACTATCTGCCCGCGTA-1,0.105471,0.032381,0.000092,0.61988,0.18721,0.054967
ACTATGTCCAGCTGCC-1,0.309527,0.090465,0.000049,0.039147,0.28404,0.276772
ACTATTCGTCCGTGGT-1,0.320988,0.062907,0.00415,0.126145,0.086503,0.399308
ACTATTTCCGGGCCCA-1,0.745644,0.088246,0.000038,0.006169,0.145615,0.014288
ACTCAACGAATGTATT-1,0.427281,0.031189,0.000058,0.000058,0.541356,0.000058
ACTCAAGTGCAAGGCT-1,0.727651,0.026652,0.000038,0.183748,0.037296,0.024614
ACTCAATAAAGGCACG-1,0.783227,0.130764,0.000052,0.004362,0.08153,0.000065
ACTCAGACCTGCTTCT-1,0.695487,0.163161,0.000048,0.000048,0.05721,0.084046
ACTCATGGCAGCCTTC-1,0.150753,0.043726,0.356069,0.09925,0.148727,0.201475
ACTCCAATATCATCAT-1,0.707238,0.073982,0.000033,0.092993,0.080959,0.044796
ACTCCCATTCCTAAAG-1,0.809297,0.065858,0.000034,0.078433,0.046345,0.000034
