Barcode,Topic 1to3,Topic 4to5,Topic 6,Topic 7to8
AAACAACGAATAGTTC-1,0.350534,0.218718,0.00004,0.430707
AAACAAGTATCTCCCA-1,0.14066,0.013974,0.049425,0.795941
AAACAATCTACTAGCA-1,0.112217,0.037834,0.007395,0.842554
AAACACCAATAACTGC-1,0.67676,0.042771,0.07296,0.207509
AAACAGAGCGACTCCT-1,0.275235,0.095776,0.123919,0.50507
AAACAGCTTTCAGAAG-1,0.449839,0.056783,0.427928,0.06545
AAACAGGGTCTATATT-1,0.255818,0.583937,0.00002,0.160225
AAACAGTGTTCCTGGG-1,0.485957,0.04748,0.24857,0.217993
AAACATGGTGAGAGGA-1,0.146132,0.023656,0.053356,0.776856
AAACATTTCCCGGATT-1,0.745216,0.021779,0.012656,0.220349
AAACCACTACACAGAT-1,0.304705,0.085235,0.006465,0.603595
AAACCCGAACGAAATC-1,0.796383,0.054205,0.042271,0.10714
AAACCGGAAATGTTAA-1,0.268518,0.031,0.169535,0.530947
AAACCGGGTAGGTACC-1,0.628847,0.329502,0.010612,0.03104
AAACCGTTCGTCCAGG-1,0.039716,0.003376,0.010341,0.946567
AAACCTAAGCAGCCGG-1,0.751925,0.02711,0.070606,0.150359
AAACCTCATGAAGTTG-1,0.670632,0.116072,0.084952,0.128345
AAACGAAGAACATACC-1,0.196311,0.066039,0.035066,0.702583
AAACGAAGATGGAGTA-1,0.472194,0.099566,0.278953,0.149287
AAACGACAGTCTTGCC-1,0.135225,0.001093,0.023306,0.840376
AAACGAGACGGTTGAT-1,0.574977,0.03935,0.103012,0.282661
AAACGCCCGAGATCGG-1,0.000105,0.828274,0.029099,0.142522
AAACGGGCGTACGGGT-1,0.196922,0.005414,0.15112,0.646543
AAACGGGTTGGTATCC-1,0.59479,0.019913,0.00614,0.379158
AAACGGTTGCGAACTG-1,0.459097,0.04086,0.198412,0.301632
AAACGTGTTCGCCCTA-1,0.093569,0.23842,0.094199,0.573813
AAACTAACGTGGCGAC-1,0.563628,0.094881,0.064157,0.277333
AAACTCGGTTCGCAAT-1,0.286363,0.0424,0.128459,0.542779
AAACTCGTGATATAAG-1,0.081816,0.163092,0.149942,0.60515
AAACTGCTGGCTCCAA-1,0.584512,0.054927,0.012734,0.347827
AAACTTAATTGCACGC-1,0.642759,0.218913,0.002375,0.135954
AAACTTGCAAACGTAT-1,0.73624,0.026339,0.00321,0.234211
AAAGAATGACCTTAGA-1,0.478707,0.092821,0.037236,0.391235
AAAGAATGTGGACTAA-1,0.312422,0.220879,0.194884,0.271815
AAAGACATGAAGTTTA-1,0.321228,0.070668,0.089093,0.519012
AAAGACCCAAGTCGCG-1,0.270136,0.084416,0.013039,0.632409
AAAGACTGGGCGCTTT-1,0.685617,0.081715,0.039824,0.192843
AAAGCTTGCCTACATA-1,0.14718,0.21685,0.176448,0.459521
AAAGGCCCTATAATAC-1,0.173213,0.013799,0.552765,0.260223
AAAGGCTACGGACCAT-1,0.560714,0.100249,0.090794,0.248243
AAAGGCTCTCGCGCCG-1,0.550882,0.099245,0.048712,0.301161
AAAGGGATGTAGCAAG-1,0.697146,0.101672,0.030681,0.170501
AAAGGGCAGCTTGAAT-1,0.612271,0.039022,0.060986,0.28772
AAAGGTAAGCTGTACC-1,0.411855,0.174936,0.085724,0.327485
AAAGGTCAACGACATG-1,0.222505,0.096504,0.056908,0.624083
AAAGTAGCATTGCTCA-1,0.73176,0.052498,0.046756,0.168986
AAAGTCACTGATGTAA-1,0.150599,0.11632,0.188923,0.544157
AAAGTCGACCCTCAGT-1,0.938322,0.040518,0.012175,0.008985
AAAGTGCCATCAATTA-1,0.350157,0.00317,0.059563,0.587109
AAAGTGTGATTTATCT-1,0.116945,0.024534,0.414379,0.444141
AAAGTTGACTCCCGTA-1,0.834504,0.071576,0.090176,0.003744
AAATAACCATACGGGA-1,0.284006,0.017507,0.036409,0.662079
AAATAAGGTAGTGCCC-1,0.770306,0.105855,0.065283,0.058557
AAATACCTATAAGCAT-1,0.917407,0.029589,0.001539,0.051465
AAATAGCTTAGACTTT-1,0.641039,0.040801,0.047333,0.270827
AAATAGGGTGCTATTG-1,0.114529,0.011902,0.062654,0.810915
AAATCACTCCTAAACG-1,0.039549,0.017391,0.132816,0.810244
AAATCCGATACACGCC-1,0.504122,0.015154,0.216265,0.26446
AAATCGCGGAAGGAGT-1,0.000038,0.999924,0.000013,0.000025
AAATCGTGTACCACAA-1,0.009888,0.010901,0.000064,0.979148
AAATCTAGCCCTGCTA-1,0.608111,0.137035,0.081376,0.173478
AAATCTGCCCGCGTCC-1,0.673138,0.028266,0.061293,0.237303
AAATGACTGATCAAAC-1,0.203799,0.07425,0.290805,0.431146
AAATGATTCGATCAGC-1,0.094841,0.111454,0.229818,0.563886
AAATGCTCGTTACGTT-1,0.793764,0.08158,0.067955,0.056702
AAATGGCATGTCTTGT-1,0.55161,0.223735,0.000034,0.224621
AAATGGCCCGTGCCCT-1,0.132413,0.062266,0.054657,0.750664
AAATGGTCAATGTGCC-1,0.745224,0.051192,0.005063,0.198521
AAATGTATCTTATCCC-1,0.741611,0.086318,0.009536,0.162535
AAATGTGGGTGCTCCT-1,0.41287,0.12654,0.000719,0.459872
AAATTAACGGGTAGCT-1,0.53882,0.056222,0.000109,0.40485
AAATTAATAAGCGCGA-1,0.121343,0.082971,0.181406,0.614279
AAATTACACGACTCTG-1,0.297641,0.139414,0.002464,0.560482
AAATTACCTATCGATG-1,0.173807,0.170143,0.135833,0.520217
AAATTCCAGGTCCAAA-1,0.534231,0.02926,0.100688,0.335821
AAATTGATAGTCCTTT-1,0.59392,0.088188,0.159455,0.158437
AAATTGCGGCGGTTCT-1,0.463419,0.219465,0.005019,0.312097
AAATTGGTGAGAAGCA-1,0.000265,0.186737,0.210009,0.60299
AAATTTACCGAAATCC-1,0.408187,0.02627,0.004608,0.560935
AAATTTGCGGGTGTGG-1,0.0595,0.015788,0.24503,0.679682
AACAACTGGTAGTTGC-1,0.365517,0.141325,0.0249,0.468258
AACAATACATTGTCGA-1,0.348388,0.020746,0.000998,0.629868
AACAATTACTCTACGC-1,0.277509,0.140661,0.339027,0.242802
AACACACGCTCGCCGC-1,0.622281,0.009078,0.015219,0.353422
AACACGACTGTACTGA-1,0.059212,0.050808,0.132494,0.757486
AACACGAGACGCGGCC-1,0.086239,0.019156,0.047746,0.846859
AACACGCGGCCGCGAA-1,0.157801,0.008428,0.000058,0.833713
AACAGCTGTGTGGCAA-1,0.643232,0.041189,0.181583,0.133996
AACAGGAAATCGAATA-1,0.348262,0.191703,0.066148,0.393886
AACAGGATGGGCCGCG-1,0.51388,0.109621,0.054329,0.32217
AACAGGTAGTATGGAT-1,0.003692,0.996212,0.000032,0.000064
AACATAGCGTGTATCG-1,0.600846,0.015251,0.067877,0.316026
AACATATCAACTGGTG-1,0.776924,0.158102,0.017122,0.047852
AACATCGATACGTCTA-1,0.016138,0.117652,0.162733,0.703476
AACATTGAAGTTGATC-1,0.320591,0.011841,0.43995,0.227619
AACATTGGTCAGCCGT-1,0.15618,0.01172,0.000095,0.832005
AACATTGTGACTCGAG-1,0.916443,0.045463,0.000027,0.038067
AACCAAGACTTCTCTG-1,0.394267,0.128472,0.098943,0.378318
AACCAGTATCACTCTT-1,0.061984,0.210779,0.262641,0.464596
AACCATAGGGTTGAAC-1,0.507329,0.080096,0.036012,0.376564
AACCATGGGATCGCTA-1,0.170789,0.036558,0.000088,0.792565
AACCCAGAGACGGAGA-1,0.439284,0.29956,0.035497,0.225659
AACCCATCCCATGATC-1,0.205675,0.002786,0.018466,0.773072
AACCCGACAACCCGTG-1,0.756481,0.030169,0.03393,0.179419
AACCCGAGCAGAATCG-1,0.248093,0.076589,0.120814,0.554504
AACCCGATAGGGCTTC-1,0.383865,0.075865,0.011448,0.528822
AACCCGCTGTATTCCA-1,0.259694,0.034846,0.361529,0.343932
AACCCTACTGTCAATA-1,0.299489,0.031057,0.185703,0.483751
AACCCTGGTGGAACCA-1,0.263079,0.14804,0.251096,0.337784
AACCGAGCTTGGTCAT-1,0.440789,0.103585,0.110756,0.34487
AACCGCTAAGGGATGC-1,0.16119,0.034244,0.176936,0.62763
AACCGTTGTGTTTGCT-1,0.634158,0.214856,0.008744,0.142242
AACCTAAAGCCGTCCG-1,0.328235,0.029405,0.000067,0.642294
AACCTCGCTTTAGCCC-1,0.470383,0.023607,0.054819,0.45119
AACCTGTCACGGAATT-1,0.021317,0.489998,0.149187,0.339497
AACCTTTAAATACGGT-1,0.814288,0.069856,0.076029,0.039827
AACCTTTACGACGTCT-1,0.285852,0.023567,0.095866,0.594716
AACGAAAGTCGTCCCA-1,0.000353,0.002668,0.846691,0.150288
AACGACCTCCTAGCCG-1,0.068246,0.000146,0.148444,0.783164
AACGATAATGCCGTAG-1,0.232677,0.016345,0.01506,0.735918
AACGATAGAAGGGCCG-1,0.481474,0.059092,0.010763,0.448671
AACGATATGTCAACTG-1,0.746609,0.066466,0.000033,0.186892
AACGCATGATCTGGGT-1,0.429096,0.080657,0.021829,0.468418
AACGCGAACGGCAACA-1,0.597533,0.121336,0.000037,0.281095
AACGCGACCTTGGGCG-1,0.25077,0.118831,0.376686,0.253713
AACGCGGTCTCCAGCC-1,0.261979,0.177675,0.011317,0.549029
AACGCTGTTGCTGAAA-1,0.628255,0.026126,0.251195,0.094424
AACGGACGTACGTATA-1,0.454919,0.010241,0.161344,0.373497
AACGGCCATCTCCGGT-1,0.342236,0.090066,0.228146,0.339552
AACGTACTGTGGGTAC-1,0.148241,0.107468,0.054391,0.6899
AACGTAGTCTACCCAT-1,0.061696,0.064506,0.015807,0.85799
AACGTCAGACTAGTGG-1,0.320843,0.025499,0.000064,0.653593
AACGTCATCCGGCTTG-1,0.651384,0.03653,0.017933,0.294153
AACGTCGCTGCACTTC-1,0.459814,0.151623,0.107614,0.280949
AACGTGATGAAGGACA-1,0.168558,0.01332,0.000071,0.818051
AACGTGCGAAAGTCTC-1,0.386033,0.097327,0.029375,0.487265
AACGTTATCAGCACCT-1,0.865679,0.049245,0.002179,0.082896
AACTACCCGTTTGTCA-1,0.255779,0.143565,0.053207,0.547449
AACTAGCGTATCGCAC-1,0.769405,0.189303,0.000036,0.041256
AACTAGGCTTGGGTGT-1,0.370842,0.000615,0.126983,0.50156
AACTCAAGTTAATTGC-1,0.030976,0.051537,0.035697,0.88179
AACTCCAGAGCGTGTT-1,0.524356,0.02378,0.053354,0.39851
AACTCCTAATCCCATG-1,0.26108,0.05608,0.000073,0.682767
AACTCGATAAACACGT-1,0.319657,0.003815,0.000054,0.676474
AACTCGATGGCGCAGT-1,0.449094,0.077654,0.042377,0.430874
AACTCTCAATAGAGCG-1,0.447663,0.039719,0.425692,0.086926
AACTCTCAGTGTGCTC-1,0.169981,0.005252,0.000066,0.824701
AACTGAGGTCAGCGTC-1,0.115229,0.188846,0.090703,0.605222
AACTGAGTTATACTGA-1,0.123647,0.056144,0.646276,0.173933
AACTGATATTAGGCCT-1,0.718072,0.166918,0.013358,0.101652
AACTGGGTCCCGACGT-1,0.101806,0.195742,0.057934,0.644518
AACTGGGTTCGAGCCG-1,0.486544,0.184099,0.00005,0.329307
AACTGGTGTGGGCCTT-1,0.266539,0.111248,0.000052,0.622161
AACTTCTGCGTCTATC-1,0.331462,0.623223,0.000023,0.045293
AACTTGCCCGTATGCA-1,0.018912,0.103702,0.079818,0.797568
AACTTGCGTTCTCGCG-1,0.325016,0.060962,0.017158,0.596864
AACTTTACGGGAGCTT-1,0.254239,0.353341,0.144754,0.247666
AACTTTAGCTGCTGAG-1,0.477421,0.064346,0.07046,0.387773
AACTTTCTCGATCATG-1,0.298158,0.090724,0.12224,0.488879
AAGAAAGTTTGATGGG-1,0.091746,0.021557,0.162655,0.724042
AAGAAATCACCAGATT-1,0.46491,0.358185,0.038411,0.138494
AAGAAGGATCAGTTAG-1,0.518248,0.312265,0.000033,0.169454
AAGACATACGTGGTTT-1,0.27468,0.028133,0.141692,0.555495
AAGACCAAATAACTCA-1,0.693325,0.039927,0.008299,0.258449
AAGACCCAACTGAACA-1,0.468467,0.126184,0.000149,0.4052
AAGACTAACCCGTTGT-1,0.567309,0.053105,0.000047,0.379539
AAGACTCACGCCCACT-1,0.488383,0.029879,0.057895,0.423843
AAGACTGCAAGCTACT-1,0.38568,0.071298,0.449636,0.093387
AAGAGATGAATCGGTA-1,0.093186,0.077517,0.128261,0.701036
AAGAGCTCTTTATCGG-1,0.306145,0.028011,0.046321,0.619523
AAGAGGATGTACGCGA-1,0.492316,0.075454,0.090766,0.341465
AAGAGGCATGGATCGC-1,0.042179,0.003522,0.042464,0.911835
AAGAGGCCCTTTGGAA-1,0.724829,0.024831,0.045995,0.204344
AAGATGGCACCGGACC-1,0.51512,0.058657,0.054164,0.37206
AAGATTGGCGGAACGT-1,0.264033,0.078973,0.421074,0.23592
AAGCACCCTGCGTATC-1,0.391015,0.040633,0.097495,0.470858
AAGCATACTCTCCTGA-1,0.542004,0.091746,0.180107,0.186144
AAGCCACTTGCAGGTA-1,0.268047,0.169331,0.146876,0.415746
AAGCCGAAGCGGTTTA-1,0.864755,0.019894,0.005998,0.109353
AAGCCGCCGTGAAATC-1,0.000147,0.005705,0.859219,0.134929
AAGCCGCTTTACCTTG-1,0.054261,0.06436,0.290114,0.591265
AAGCCGGAGAGCAGGA-1,0.634828,0.023793,0.040664,0.300715
AAGCGCAGGGCTTTGA-1,0.268998,0.018436,0.189867,0.522699
AAGCGGAGTGCGCGCA-1,0.029928,0.096417,0.066878,0.806777
AAGCGGCGTCATGGGT-1,0.011006,0.152128,0.044406,0.79246
AAGCGTCCCTCATCGA-1,0.228671,0.075655,0.040868,0.654806
AAGCTAGATCGAGTAA-1,0.184737,0.051623,0.151281,0.612359
AAGCTATGGATTGACC-1,0.214977,0.158209,0.133154,0.493659
AAGCTCGTGCCAAGTC-1,0.320729,0.108506,0.00107,0.569695
AAGCTCTTTCATGGTG-1,0.877169,0.110527,0.008481,0.003823
AAGGAGAACTTATAAG-1,0.509705,0.183293,0.13667,0.170331
AAGGAGCGGTTGGTGC-1,0.16075,0.090062,0.124623,0.624565
AAGGATCGATCGCTTG-1,0.554883,0.183435,0.125815,0.135867
AAGGATGAGGGACCTC-1,0.761878,0.062111,0.009867,0.166144
AAGGCAGGCTGTCTCC-1,0.422495,0.006086,0.123283,0.448136
AAGGCGCGTAAAGCTT-1,0.446883,0.039537,0.000057,0.513522
AAGGCTGTGCTCATCG-1,0.844071,0.07665,0.000041,0.079237
AAGGGAACGACTGGCT-1,0.261657,0.033893,0.136181,0.568269
AAGGGACAGATTCTGT-1,0.531114,0.047496,0.046184,0.375206
AAGGGACTATGCATTC-1,0.119171,0.075478,0.290737,0.514614
AAGGGTTAGCCATGCG-1,0.512923,0.015645,0.180168,0.291264
AAGGGTTTGATTTCAG-1,0.263951,0.147473,0.015767,0.572808
AAGGTATCCTAATATA-1,0.660989,0.198737,0.009232,0.131042
AAGGTGATAAACCAGC-1,0.754408,0.054659,0.019525,0.171408
AAGTAAGCTTCCAAAC-1,0.234053,0.050116,0.000042,0.715789
AAGTAGAAGACCGGGT-1,0.308505,0.012663,0.01979,0.659042
AAGTAGTGACGCGAGG-1,0.170182,0.043587,0.00008,0.786151
AAGTCAATTGTCGTCA-1,0.823788,0.156511,0.008405,0.011296
AAGTCTAGTAGCTGCC-1,0.03365,0.029212,0.103161,0.833977
AAGTCTTCTGTGGCCT-1,0.379567,0.038442,0.404271,0.177719
AAGTGACGACCGAATT-1,0.017556,0.877443,0.058522,0.046479
AAGTGAGTCGGGTTTA-1,0.397451,0.075535,0.104817,0.422197
AAGTGCAAAGGTAGAC-1,0.461859,0.063271,0.088756,0.386113
AAGTGCCTTGACTGTA-1,0.08909,0.008062,0.040425,0.862424
AAGTGCGTTAGAATCT-1,0.082892,0.160153,0.404029,0.352926
AAGTGCTTCTCTATTG-1,0.467043,0.107966,0.336448,0.088543
AAGTGTTTGGAGACGG-1,0.005478,0.000095,0.812425,0.182002
AAGTTCACTCCAAGCT-1,0.569015,0.034357,0.0156,0.381027
AAGTTCAGTCTGCGTA-1,0.001108,0.846922,0.047742,0.104229
AAGTTCGGCCAACAGG-1,0.520453,0.083363,0.061376,0.334808
AAGTTGTGATGTTATA-1,0.80962,0.044885,0.010985,0.13451
AAGTTTACTAATGGCA-1,0.392986,0.082266,0.015253,0.509495
AAGTTTATGGGCCCAA-1,0.214804,0.080019,0.272776,0.432402
AATAACAACGCTCGGC-1,0.00005,0.915652,0.058873,0.025426
AATAACACTAGAACAA-1,0.572138,0.258639,0.005293,0.163931
AATAACGTCGCGCCCA-1,0.048292,0.001542,0.299707,0.65046
AATAAGTCCTCGAGAC-1,0.501127,0.06586,0.000042,0.432971
AATAATCTTCGTATCG-1,0.137899,0.391225,0.239835,0.231041
AATACAATGTTTCAGG-1,0.890448,0.015437,0.000049,0.094066
AATACCGGAGGGCTGT-1,0.444648,0.033238,0.042757,0.479357
AATACCTGATGTGAAC-1,0.007509,0.048753,0.285602,0.658136
AATAGAACAGAGTGGC-1,0.327172,0.565336,0.000026,0.107465
AATAGAATCTGTTTCA-1,0.589881,0.022539,0.077129,0.310451
AATAGCAAGCCTCCTG-1,0.095729,0.021097,0.062774,0.8204
AATAGCTACCGCGTGC-1,0.048626,0.056,0.335736,0.559637
AATAGGCACGACCCTT-1,0.718013,0.041208,0.049012,0.191767
AATAGTCCGTCCCGAC-1,0.619724,0.018168,0.133414,0.228695
AATAGTCGCGAGTCGG-1,0.537583,0.313806,0.074581,0.07403
AATATCAAGGTCGGAT-1,0.390611,0.235766,0.015396,0.358228
AATATCCTAGCAAACT-1,0.52159,0.041919,0.018849,0.417642
AATATCGAATCAATGC-1,0.656864,0.042893,0.010156,0.290087
AATATCGAGGGTTCTC-1,0.387213,0.037662,0.049063,0.526062
AATATTGGAGTATTGA-1,0.544582,0.00103,0.265086,0.189302
AATCAGACTGCAGGAC-1,0.542794,0.095363,0.00256,0.359283
AATCAGGTTTCATTTA-1,0.410725,0.080683,0.069992,0.4386
AATCATGTAAAGACTC-1,0.106312,0.01239,0.308215,0.573083
AATCCAAGGGCCTGAG-1,0.308652,0.111776,0.032515,0.547058
AATCCATGCAAGGGTG-1,0.558328,0.025897,0.165542,0.250234
AATCCCGCTCAGAGCC-1,0.008792,0.032909,0.439027,0.519273
AATCGAGGTCTCAAGG-1,0.357295,0.018383,0.344607,0.279715
AATCGCCTCAGCGCCA-1,0.490718,0.032498,0.132959,0.343826
AATCGCGCAGAGGACT-1,0.298151,0.018672,0.021831,0.661345
AATCGGGACACTACGA-1,0.434743,0.057598,0.027607,0.480052
AATCGGTATAGCCCTC-1,0.188421,0.01807,0.460667,0.332842
AATCGTGAGCCGAGCA-1,0.693738,0.078264,0.092196,0.135802
AATCTAGGTTTACTTG-1,0.643702,0.039429,0.001875,0.314994
AATCTATGCCGGAGCC-1,0.579074,0.131303,0.033675,0.255948
AATCTCTACTGTGGTT-1,0.265573,0.095619,0.018362,0.620446
AATCTGCGTTGGGACG-1,0.469633,0.118192,0.103902,0.308273
AATCTGGCTTTCTAGT-1,0.000284,0.023819,0.305927,0.669971
AATCTGGGTAGACCCT-1,0.213798,0.076625,0.000112,0.709465
AATGACAGCAATGTCT-1,0.20247,0.002005,0.028263,0.767262
AATGACGTAGGATGTC-1,0.333619,0.346513,0.124985,0.194883
AATGACTGTCAGCCGG-1,0.441792,0.021479,0.000048,0.536681
AATGAGTTCGCATATG-1,0.804963,0.095451,0.006447,0.093138
AATGATGATACGCTAT-1,0.374549,0.001101,0.04329,0.58106
AATGATGCGACTCCTG-1,0.485792,0.081582,0.039367,0.393259
AATGCAACCGGGTACC-1,0.810247,0.04687,0.00004,0.142843
AATGCACCAAGCAATG-1,0.391354,0.051527,0.184611,0.372508
AATGGCCGCCAATGCG-1,0.442747,0.070079,0.104594,0.38258
AATGGTCCACCGTTCA-1,0.58831,0.243029,0.041546,0.127115
AATGGTTCTCACAAGC-1,0.353749,0.06478,0.10554,0.47593
AATGTATGGCACTGTA-1,0.563338,0.244031,0.001971,0.19066
AATGTGCCCGAGGTGT-1,0.117701,0.152626,0.000171,0.729502
AATGTGCTAATCTGAG-1,0.262849,0.151547,0.031178,0.554426
AATGTTAAGACCCTGA-1,0.787826,0.020086,0.11159,0.080499
AATGTTGTCGTGAGAC-1,0.425262,0.115456,0.072744,0.386539
AATTAAAGGTCGGCGT-1,0.341417,0.145272,0.099828,0.413483
AATTAACGGATTTCCA-1,0.748408,0.041965,0.045201,0.164425
AATTACGAGACCCATC-1,0.549089,0.026279,0.06546,0.359172
AATTACTCGTACGCTC-1,0.066933,0.023141,0.000098,0.909829
AATTAGCGCTGCAGCG-1,0.042064,0.025721,0.081025,0.851189
AATTATACCCAGCAAG-1,0.649079,0.042592,0.148475,0.159854
AATTCATAAGGGATCT-1,0.008139,0.147184,0.000062,0.844614
AATTCATTGTCATGCA-1,0.692166,0.06076,0.006234,0.24084
AATTCCAACTTGGTGA-1,0.371297,0.076893,0.000057,0.551752
AATTCCAAGCATGTAC-1,0.317251,0.094787,0.062457,0.525505
AATTCGATTCGAGGAT-1,0.228803,0.123546,0.163476,0.484176
AATTCTAGAGTTAGGC-1,0.499713,0.054329,0.273103,0.172855
AATTGAACGCTCTGGT-1,0.697276,0.038485,0.068136,0.196103
AATTGCAGCAATCGAC-1,0.650106,0.034076,0.117753,0.198065
AATTGCGTGGATTACA-1,0.773772,0.037611,0.037562,0.151055
AATTGTGGTTGCCAAA-1,0.542105,0.044887,0.249816,0.163191
AATTTGGGACATAGTA-1,0.306441,0.056551,0.027599,0.609408
AATTTGGTTCCAAAGA-1,0.23792,0.494044,0.04184,0.226195
ACAAACCATGCGTCCT-1,0.525397,0.031577,0.008753,0.434273
ACAAACCGACAAGGCG-1,0.318862,0.100213,0.001975,0.57895
ACAAACTCCATCAGAG-1,0.00697,0.000075,0.823066,0.169889
ACAAAGAAGGTAGGCC-1,0.705245,0.122198,0.005707,0.16685
ACAAAGCATGACCTAG-1,0.150109,0.026702,0.297923,0.525266
ACAAATCGCACCGAAT-1,0.693971,0.099462,0.018263,0.188304
ACAAATGGTAGTGTTT-1,0.178138,0.082525,0.255833,0.483505
ACAAATTCAGATCTGA-1,0.702112,0.106604,0.044189,0.147095
ACAACAGCATGAGCTA-1,0.558827,0.235485,0.035458,0.17023
ACAACGGTCCCTGCGA-1,0.699699,0.098675,0.000034,0.201591
ACAAGCAGTGCCTAGC-1,0.445126,0.048396,0.01023,0.496248
ACAAGCTATATGGAAG-1,0.480429,0.072756,0.122617,0.324198
ACAAGGAAATCCGCCC-1,0.403157,0.121015,0.052546,0.423282
ACAAGGACAAGAGGTT-1,0.364212,0.085281,0.008242,0.542265
ACAAGGATGCTTTAGG-1,0.347891,0.029733,0.065279,0.557098
ACAAGGCCTACCAGCC-1,0.074047,0.080339,0.236127,0.609486
ACAAGGGCAGGCTCTG-1,0.374853,0.047401,0.195432,0.382314
ACAAGTAATTGTAAGG-1,0.664951,0.114232,0.123378,0.097439
ACAATAGTCGTACGTT-1,0.082584,0.034523,0.160505,0.722388
ACAATCCATTTAAACC-1,0.823068,0.158333,0.000021,0.018578
ACAATCGATCTTTATA-1,0.481047,0.048963,0.000068,0.469922
ACAATGAATACGGAGA-1,0.608388,0.183556,0.037239,0.170817
ACAATGATTCTTCTAC-1,0.000393,0.000262,0.22135,0.777996
ACAATTGTGTCTCTTT-1,0.271183,0.004309,0.150019,0.574489
ACAATTTAGGAGGCTC-1,0.338345,0.042313,0.000055,0.619287
ACAATTTGAGCAGTGG-1,0.109194,0.339941,0.097839,0.453026
ACAATTTGGCCATATT-1,0.325179,0.01326,0.121501,0.54006
ACACAAAGACGGGTGG-1,0.228188,0.096764,0.010665,0.664383
ACACAAATATTCCTAG-1,0.292646,0.187334,0.422347,0.097673
ACACACCAGGACCAGT-1,0.39881,0.016409,0.098705,0.486076
ACACACTTTCTACACG-1,0.386949,0.309259,0.102029,0.201763
ACACATGATCAAATCT-1,0.621684,0.112719,0.052909,0.212689
ACACATTGACGCAACA-1,0.75242,0.140025,0.005228,0.102328
ACACATTTCCGTAGAC-1,0.487544,0.076421,0.16338,0.272655
ACACCACATAATTAGC-1,0.53535,0.201022,0.076327,0.187301
ACACCCAGCATGCAGC-1,0.634916,0.091722,0.000045,0.273317
ACACCCGAGAAATCCG-1,0.189984,0.039601,0.081775,0.68864
ACACCCGTAAATCTGT-1,0.217122,0.510958,0.13958,0.13234
ACACCGAGCGCTCTTT-1,0.297389,0.187558,0.006873,0.50818
ACACCGGTCTGACCGC-1,0.211283,0.071777,0.011284,0.705656
ACACCTTAAGTAGGGC-1,0.000827,0.641507,0.000084,0.357582
ACACCTTACTACTTGC-1,0.80323,0.067181,0.021666,0.107924
ACACGAGACTCCTTCT-1,0.244443,0.033384,0.023778,0.698395
ACACGGCACTATGCAT-1,0.123212,0.255171,0.263895,0.357722
ACACGGGAACTTAGGG-1,0.537509,0.150349,0.003705,0.308437
ACACGTAGGCCACAAG-1,0.831134,0.067409,0.00318,0.098277
ACACTCCAATGTCACT-1,0.599911,0.131416,0.000039,0.268634
ACACTGATCAAGGTGT-1,0.69393,0.054598,0.000062,0.25141
ACACTGGGACAGTCGT-1,0.687583,0.018342,0.01588,0.278194
ACAGAACTGAGAACAA-1,0.153198,0.00318,0.11546,0.728162
ACAGATTAGGTTAGTG-1,0.470574,0.06435,0.000046,0.465031
ACAGCATAGAGCCAGT-1,0.263288,0.107414,0.002515,0.626783
ACAGCGACATTCTCAT-1,0.589382,0.014271,0.083489,0.312858
ACAGCGCACCCGCAGC-1,0.081862,0.109966,0.055103,0.753069
ACAGGAGGCGCAGCCG-1,0.447944,0.0484,0.03793,0.465726
ACAGGCACGGATCCTT-1,0.307137,0.029868,0.046719,0.616276
ACAGGCTTGCCCGACT-1,0.585307,0.025509,0.085088,0.304096
ACAGGTGGAGGTGAGG-1,0.522675,0.117281,0.000033,0.36001
ACAGGTGTGTTGTTGC-1,0.267847,0.039653,0.298993,0.393508
ACAGTAATACAACTTG-1,0.092526,0.110663,0.053601,0.743211
ACAGTATACCGTGGGA-1,0.185361,0.238973,0.34861,0.227056
ACAGTGCAGCGCATTT-1,0.318532,0.035024,0.006357,0.640087
ACATAAGTCGTGGTGA-1,0.116671,0.024674,0.216198,0.642457
ACATAATAAGGCGGTG-1,0.709542,0.144934,0.003915,0.141609
ACATACAATCAAGCGG-1,0.065831,0.008461,0.201391,0.724316
ACATCAGCTGGGACGC-1,0.290786,0.179436,0.049409,0.48037
ACATCCCGGCCATACG-1,0.535005,0.144953,0.012756,0.307286
ACATCCTGGTAACTGT-1,0.136476,0.022656,0.077899,0.762969
ACATCGATCGTTTACC-1,0.750722,0.068535,0.005372,0.175371
ACATCGCAATATTCGG-1,0.03645,0.198721,0.249488,0.515341
ACATCGGTCAGCCGCG-1,0.904,0.05224,0.000455,0.043305
ACATCGTATGCAATGG-1,0.821611,0.064966,0.012638,0.100785
ACATCGTTAACCTAGT-1,0.598511,0.142122,0.041329,0.218038
ACATCTCAACGCGTAA-1,0.353069,0.047288,0.022861,0.576783
ACATGCTTACGGCAGC-1,0.128435,0.021013,0.208427,0.642125
ACATGGCGCCAAAGTA-1,0.051235,0.003394,0.527539,0.417832
ACATGGCTCAATTTAG-1,0.607166,0.163991,0.000054,0.228789
ACATTAGTTTATATCC-1,0.391367,0.091634,0.08531,0.431689
ACATTCGCGCGGAATA-1,0.408899,0.228722,0.296374,0.066004
ACATTTGAAACCTAAC-1,0.080081,0.10081,0.705109,0.114
ACCAAACACCCAGCGA-1,0.000247,0.000165,0.925722,0.073865
ACCAAACTAGAAATCC-1,0.363362,0.063311,0.000041,0.573286
ACCAACACCACACACT-1,0.004155,0.278562,0.31839,0.398893
ACCAACCGCACTCCAC-1,0.249024,0.014377,0.21354,0.523059
ACCAACGCTTATTTAT-1,0.466487,0.078886,0.024799,0.429829
ACCAAGAACGCGTGTC-1,0.899464,0.097585,0.002728,0.000222
ACCAAGTCATCGGCAG-1,0.429133,0.08873,0.064089,0.418049
ACCAATATGCAAGTTA-1,0.464932,0.020006,0.28883,0.226232
ACCACAACTCAGAACA-1,0.644185,0.076722,0.000045,0.279048
ACCACAAGTTTCTATC-1,0.63445,0.16484,0.000061,0.200649
ACCACACGGTTGATGG-1,0.235553,0.194197,0.423056,0.147194
ACCACCAATGTAACAA-1,0.777711,0.025073,0.007818,0.189399
ACCACCCTCTCTTCTA-1,0.535856,0.09669,0.086808,0.280646
ACCACGTGCAGCTATA-1,0.311138,0.358957,0.071932,0.257972
ACCACTGTTCAAGAAG-1,0.04528,0.036204,0.109615,0.808901
ACCAGACCATAACAAC-1,0.373297,0.063293,0.205764,0.357646
ACCAGCCCGGTCTTTG-1,0.572781,0.201422,0.000057,0.225739
ACCAGGAGTGTGATCT-1,0.346868,0.152965,0.000079,0.500089
ACCAGTGCCCGGTCAA-1,0.197647,0.218232,0.027881,0.55624
ACCAGTGCGGGAGACG-1,0.191641,0.01777,0.201543,0.589047
ACCATATCCGCAATAA-1,0.704345,0.076108,0.050393,0.169154
ACCATCCGCCAACTAG-1,0.411732,0.077367,0.02346,0.487441
ACCATCGTATATGGTA-1,0.306475,0.066396,0.000127,0.627002
ACCATTAAGGGTGTCA-1,0.227132,0.294957,0.019885,0.458026
ACCCAACGCCCGTGGC-1,0.799023,0.06631,0.02104,0.113626
ACCCACCTACATGCTC-1,0.514154,0.100031,0.024189,0.361626
ACCCATCTTGAGGGTA-1,0.679591,0.054036,0.211469,0.054905
ACCCATTTGTCCCTCT-1,0.631358,0.086858,0.043769,0.238015
ACCCGAGCGAAATTAC-1,0.275547,0.041056,0.157304,0.526093
ACCCGATTGGTTCCGA-1,0.224263,0.058441,0.145337,0.571959
ACCCGGAAACTCCCAG-1,0.850511,0.051519,0.000025,0.097945
ACCCGGAGCACCACAA-1,0.308751,0.009354,0.281097,0.400797
ACCCGGATGACGCATC-1,0.483202,0.011075,0.099517,0.406206
ACCCGGTTACACTTCC-1,0.535973,0.023874,0.103551,0.336602
ACCCGTAGCAGAGAAT-1,0.440532,0.330298,0.117562,0.111609
ACCCGTAGTCTAGTTG-1,0.790669,0.071888,0.042472,0.094971
ACCCGTGTCATCAGTA-1,0.601676,0.138808,0.023263,0.236253
ACCCTATAGGACTGAG-1,0.204621,0.032509,0.000064,0.762806
ACCCTATGCCATATCG-1,0.647813,0.18491,0.063601,0.103675
ACCCTCCCGTCAGGGC-1,0.578865,0.155961,0.099587,0.165588
ACCCTCCCTTGCTATT-1,0.599896,0.053031,0.231887,0.115186
ACCCTGGTAACGCCCT-1,0.37348,0.091909,0.093924,0.440686
ACCCTTCATCTGCGAA-1,0.206561,0.161886,0.157658,0.473895
ACCCTTGCCTGGGTCG-1,0.000248,0.098283,0.801216,0.100253
ACCCTTTAGTTCTCCA-1,0.178728,0.028286,0.105803,0.687183
ACCGAAAGGGCCCTGC-1,0.583452,0.122105,0.04517,0.249273
ACCGAAGAGTCTGGTT-1,0.638802,0.059109,0.003443,0.298646
ACCGACACATCTCCCA-1,0.657662,0.131909,0.032584,0.177845
ACCGACTGAGTCCCAC-1,0.613046,0.061177,0.038352,0.287425
ACCGAGTCTCCTTATT-1,0.08603,0.012172,0.251672,0.650127
ACCGATAGGCATAACC-1,0.218477,0.036553,0.133661,0.611309
ACCGATATTTAATCAT-1,0.800485,0.019161,0.174774,0.00558
ACCGATGGTAGCATCG-1,0.696753,0.15189,0.018788,0.132569
ACCGCAATAACTGCCT-1,0.231061,0.011232,0.297595,0.460112
ACCGCGGTGGAAGTCG-1,0.12289,0.000223,0.078306,0.79858
ACCGCTAGTCATTGGT-1,0.245633,0.055745,0.409969,0.288653
ACCGGGCCTTTGTTGA-1,0.544412,0.063451,0.051281,0.340856
ACCGGTCAGGTACACC-1,0.868696,0.03962,0.033152,0.058532
ACCGGTCTGAGTACGG-1,0.110705,0.238602,0.021376,0.629317
ACCGTCCACTGGGCCC-1,0.714341,0.035325,0.003108,0.247225
ACCGTGACCACGTGGG-1,0.407687,0.065629,0.090236,0.436447
ACCGTTCCCGCTCTGA-1,0.550883,0.192853,0.000055,0.25621
ACCTAAGTACCTTTCA-1,0.493458,0.029217,0.064661,0.412664
ACCTAATCGACTTCCT-1,0.514911,0.353784,0.051325,0.079979
ACCTACAGTATGTGGT-1,0.496574,0.05612,0.040514,0.406792
ACCTACTATAAATCTA-1,0.123836,0.054504,0.089095,0.732566
ACCTCAGCGAGGCGCA-1,0.000142,0.000095,0.024601,0.975162
ACCTCCGCCCTCGCTG-1,0.539288,0.024392,0.168036,0.268284
ACCTCCGTTATTCACC-1,0.76016,0.038772,0.042413,0.158654
ACCTCGAACTTATGCT-1,0.533796,0.049445,0.013427,0.403333
ACCTGCGTGTCATGTT-1,0.305188,0.007822,0.000094,0.686896
ACCTTTCCTTTAGAAG-1,0.171593,0.008856,0.081091,0.73846
ACGAAATGGGCGGCAC-1,0.150232,0.078536,0.03902,0.732213
ACGACCCATGAGTTGC-1,0.239028,0.009641,0.338623,0.412707
ACGACTCTAGGGCCGA-1,0.629613,0.021677,0.115738,0.232972
ACGACTGGTCATACTC-1,0.150057,0.240065,0.079155,0.530722
ACGAGAACCCATCACG-1,0.000224,0.031665,0.044276,0.923835
ACGAGATATTTGCTTA-1,0.525219,0.003321,0.025717,0.445744
ACGAGGATACCACTCT-1,0.618474,0.010962,0.033422,0.337142
ACGAGGTTTACAACGT-1,0.471286,0.019294,0.000025,0.509395
ACGAGTACGGATGCCC-1,0.258628,0.009802,0.032725,0.698845
ACGAGTCGCCGGCGTT-1,0.000256,0.016381,0.000085,0.983278
ACGATACATAGAACTA-1,0.287881,0.130833,0.0001,0.581185
ACGATACCTATCCTGA-1,0.133077,0.075708,0.639466,0.151749
ACGATCATACATAGAG-1,0.738287,0.098746,0.000042,0.162926
ACGATCATCTTGTAAA-1,0.097578,0.014189,0.112544,0.775688
ACGATGCATATGTTAT-1,0.593998,0.097852,0.139516,0.168634
ACGATGGATCCGATGC-1,0.111706,0.053706,0.356561,0.478027
ACGCAAACTAATAGAT-1,0.60855,0.035278,0.053693,0.302478
ACGCAATCACTACAGC-1,0.560677,0.318036,0.043575,0.077712
ACGCATAAATGACATG-1,0.464104,0.118894,0.010261,0.406741
ACGCATACGTTTACTA-1,0.162877,0.000242,0.230221,0.606659
ACGCATTCGTGAGTAC-1,0.558379,0.024795,0.050732,0.366094
ACGCCACTCGAAACAG-1,0.09426,0.276315,0.309804,0.319621
ACGCCAGATGATTTCT-1,0.363343,0.294027,0.174759,0.167871
ACGCCAGTGCGTTTGC-1,0.139112,0.037945,0.290855,0.532089
ACGCCCAGCTGTCGAT-1,0.389942,0.078335,0.000086,0.531637
ACGCCGCTAGACGACC-1,0.096728,0.039048,0.145923,0.718302
ACGCCTGACACGCGCT-1,0.048398,0.002774,0.211873,0.736956
ACGCGAAGTCAGACGA-1,0.266403,0.046844,0.000205,0.686548
ACGCGCTACACAGGGT-1,0.467619,0.056548,0.006386,0.469448
ACGCGGGCCAAGGACA-1,0.000178,0.000119,0.40713,0.592573
ACGCGTTTCTTAAGAG-1,0.214077,0.023979,0.694089,0.067855
ACGCTACTGAATGGGC-1,0.276388,0.069709,0.116382,0.537521
ACGCTAGTATCAGTGC-1,0.503723,0.15096,0.063263,0.282054
ACGCTAGTGATACACT-1,0.601372,0.103176,0.126763,0.168689
ACGCTGTGAGGCGTAG-1,0.254754,0.054041,0.481801,0.209404
ACGCTTAGTGTCTCTC-1,0.191914,0.697598,0.000078,0.11041
ACGGAACACGAGTGCC-1,0.228148,0.045879,0.289406,0.436567
ACGGAATTTAGCAAAT-1,0.467492,0.098582,0.008348,0.425578
ACGGACGCAGCGACAA-1,0.079453,0.019415,0.316045,0.585087
ACGGACTCTCAAAGCG-1,0.234405,0.011997,0.161808,0.59179
ACGGAGCGCAAATTAC-1,0.268728,0.200385,0.02829,0.502597
ACGGATGGTGCGGATA-1,0.817895,0.039292,0.095663,0.04715
ACGGCACTTGCTTGGG-1,0.866242,0.059352,0.004632,0.069774
ACGGCCAACATGGACT-1,0.437867,0.044908,0.009342,0.507883
ACGGCGACGATGGGAA-1,0.241737,0.429559,0.021543,0.307162
ACGGCGGGTTGCCCTG-1,0.56781,0.04622,0.001941,0.384029
ACGGCTGGATGTAGAA-1,0.363042,0.032239,0.009618,0.595101
ACGGGAGTGTCGGCCC-1,0.455291,0.011729,0.036918,0.496062
ACGGGCGTATGCGACA-1,0.054264,0.358791,0.264234,0.322711
ACGGGTCATGTGACTT-1,0.491486,0.053622,0.01222,0.442671
ACGGGTTGTGACCTGT-1,0.430385,0.012031,0.091433,0.466151
ACGGTACAGTTCAATG-1,0.610634,0.013808,0.062583,0.312976
ACGGTCACCGAGAACA-1,0.154507,0.027764,0.272536,0.545193
ACGTACAGATTTCTCT-1,0.001286,0.998609,0.000035,0.00007
ACGTACTTTGGCACGG-1,0.004381,0.034242,0.412848,0.548529
ACGTAGATTGCTGATG-1,0.06146,0.052436,0.253297,0.632807
ACGTAGGAGAGTCGCT-1,0.773466,0.02506,0.017598,0.183876
ACGTATTACTCCGATC-1,0.703042,0.120855,0.025277,0.150827
ACGTCCTAAACGAGAT-1,0.107399,0.013158,0.067195,0.812248
ACGTCGGGCAACTCGG-1,0.773597,0.021135,0.082514,0.122754
ACGTCTCGTTCCGGGA-1,0.000186,0.000124,0.341245,0.658444
ACGTGACAAAGTAAGT-1,0.740946,0.06954,0.011395,0.178119
ACGTGCGCCTCGTGCA-1,0.442412,0.087671,0.000057,0.46986
ACGTGGTCGAATGTGC-1,0.433558,0.071612,0.022691,0.472139
ACGTTAATGTCGAAGA-1,0.288595,0.019726,0.102158,0.589521
ACGTTAGATTTGCCCG-1,0.494933,0.175039,0.017736,0.312292
ACGTTATTGGTCACTC-1,0.633538,0.09821,0.000046,0.268206
ACGTTCACTATGCCGC-1,0.644941,0.040281,0.0703,0.244478
ACGTTCCGCGCTCCGT-1,0.651236,0.101394,0.000059,0.247311
ACGTTCGCAATCAATT-1,0.97828,0.020172,0.000034,0.001513
ACGTTCGTTCAGGAAA-1,0.444559,0.015757,0.226301,0.313382
ACGTTCTGTACAAGTC-1,0.748758,0.059844,0.061699,0.1297
ACGTTGTCGTTGAAAG-1,0.667175,0.023863,0.093196,0.215766
ACGTTTAGTTGTGATC-1,0.095696,0.811152,0.000041,0.09311
ACGTTTCGGTGCACTT-1,0.072159,0.000278,0.051801,0.875762
ACTAAGGACGCACACC-1,0.504941,0.096653,0.292211,0.106194
ACTAATACGTCAGGCG-1,0.585157,0.222675,0.001588,0.19058
ACTACAAAGAGAGGTG-1,0.568131,0.043065,0.221706,0.167097
ACTACATCCCGACAAG-1,0.161515,0.048344,0.071558,0.718584
ACTACCAGCTCTCTGG-1,0.247547,0.152376,0.029155,0.570923
ACTACCATCCGAGGGC-1,0.247432,0.057876,0.164637,0.530055
ACTACGCGTTAGAATT-1,0.313099,0.034491,0.091731,0.56068
ACTAGTTGCGATCGTC-1,0.560616,0.049911,0.005478,0.383995
ACTATATGCTGTGTTC-1,0.705645,0.077707,0.000098,0.216551
ACTATCCAGGGCATGG-1,0.698211,0.032547,0.062912,0.20633
ACTATCGCCGGCTAAA-1,0.000171,0.005235,0.690555,0.304038
ACTATCTGCCCGCGTA-1,0.105471,0.032473,0.61988,0.242176
ACTATGTCCAGCTGCC-1,0.309527,0.090514,0.039147,0.560812
ACTATTCGTCCGTGGT-1,0.320988,0.067057,0.126145,0.48581
ACTATTTCCGGGCCCA-1,0.745644,0.088284,0.006169,0.159903
ACTCAACGAATGTATT-1,0.427281,0.031247,0.000058,0.541414
ACTCAAGTGCAAGGCT-1,0.727651,0.02669,0.183748,0.061911
ACTCAATAAAGGCACG-1,0.783227,0.130816,0.004362,0.081595
ACTCAGACCTGCTTCT-1,0.695487,0.163209,0.000048,0.141256
ACTCATGGCAGCCTTC-1,0.150753,0.399795,0.09925,0.350202
ACTCCAATATCATCAT-1,0.707238,0.074015,0.092993,0.125755
ACTCCCATTCCTAAAG-1,0.809297,0.065892,0.078433,0.046378
ACTCCCGAATTCGTTT-1,0.322123,0.100133,0.189187,0.388557
ACTCCCGTAGACTAGG-1,0.169317,0.099778,0.364089,0.366816
ACTCCCTAATGCTAAA-1,0.520181,0.129224,0.045991,0.304604
ACTCCCTAGAATAGTA-1,0.215024,0.056947,0.06957,0.658459
ACTCCGGCCGACCACT-1,0.116683,0.086618,0.160608,0.636092
ACTCGATGTATTTCAT-1,0.726415,0.059163,0.013619,0.200803
ACTCGCCGTTCGATAA-1,0.043949,0.002217,0.256026,0.697808
ACTCGCGATCTGACGC-1,0.136365,0.002427,0.095345,0.765863
ACTCGTAACCCGTCCT-1,0.505346,0.0194,0.134979,0.340275
ACTCGTCAGTAATCCC-1,0.192236,0.000266,0.140337,0.667161
ACTCTAAACCTGGGAT-1,0.140432,0.05385,0.004539,0.80118
ACTCTCTGACTTAGGT-1,0.433027,0.029322,0.046371,0.49128
ACTCTCTTATACACGA-1,0.031912,0.007343,0.191176,0.769569
ACTCTGACCTAATAGA-1,0.833989,0.035611,0.083092,0.047309
ACTCTTCAGCTCCCGC-1,0.266763,0.027416,0.365909,0.339912
ACTCTTGTATAGTAAC-1,0.609089,0.031991,0.052753,0.306167
ACTGAAACGCCGTTAG-1,0.329791,0.017797,0.481815,0.170597
ACTGAATGGCGAAAGT-1,0.000118,0.003438,0.645034,0.35141
ACTGATTTAGTGATTC-1,0.049161,0.552121,0.000096,0.398622
ACTGCCCGCCATTCTC-1,0.141129,0.001349,0.543593,0.31393
ACTGCCGTCGTAACTC-1,0.447998,0.231237,0.316991,0.003774
ACTGCGGACACACCGT-1,0.525514,0.06726,0.073426,0.3338
ACTGCTCGGAAGGATG-1,0.244495,0.128584,0.011012,0.615909
ACTGGCGAACCTGCGT-1,0.434925,0.021589,0.154981,0.388505
ACTGGGATGCCAGTGC-1,0.109415,0.019329,0.225664,0.645592
ACTGTACGATACACAT-1,0.591534,0.08053,0.035213,0.292723
ACTGTAGCACTTTGGA-1,0.135106,0.201747,0.00008,0.663068
ACTGTATACGCGAGCA-1,0.058519,0.046449,0.000075,0.894957
ACTGTCCAGGATTATA-1,0.429187,0.094371,0.014611,0.46183
ACTGTCTTCTTTAGAA-1,0.509155,0.014424,0.009585,0.466836
ACTGTGCTAGTAGATC-1,0.066664,0.000218,0.056632,0.876486
ACTGTTTAGTGTAGGC-1,0.321211,0.580345,0.020745,0.0777
ACTTACCGGGCGCGCA-1,0.57542,0.103538,0.02888,0.292162
ACTTACGCATCCACGC-1,0.46482,0.107601,0.117085,0.310494
ACTTAGTACGACAAGA-1,0.125593,0.020773,0.011109,0.842526
ACTTATACTTACCCGG-1,0.734752,0.039168,0.185805,0.040275
ACTTATCTGATCTATA-1,0.1416,0.044215,0.000061,0.814124
ACTTATTAGGATCGGT-1,0.812904,0.060145,0.008479,0.118472
ACTTATTTATGTGCCA-1,0.231153,0.215816,0.042104,0.510926
ACTTCAGGCTGATCCC-1,0.064843,0.021242,0.381655,0.53226
ACTTCCAGTGGAAGCT-1,0.014312,0.346663,0.062964,0.576061
ACTTCCATGCGGGACA-1,0.253573,0.493602,0.067004,0.185821
ACTTCCTGTCGTGCGA-1,0.12215,0.034328,0.053324,0.790198
ACTTCGCCATACGCAC-1,0.000108,0.999783,0.000036,0.000072
ACTTCGCTAGCGAGTG-1,0.596183,0.033858,0.02325,0.346709
ACTTGACTCCCTCTTT-1,0.177891,0.023868,0.307531,0.49071
ACTTGCCATATTGTAC-1,0.30943,0.228423,0.003114,0.459033
ACTTGCTCTATCTACC-1,0.362415,0.04578,0.033719,0.558087
ACTTGGGACCCGGTGG-1,0.420809,0.262092,0.055076,0.262023
ACTTGGGCTTTCGCCA-1,0.197966,0.060313,0.323586,0.418135
ACTTGTAGTCCCTTCA-1,0.158865,0.031288,0.082501,0.727346
ACTTGTGGATGGAACG-1,0.531136,0.006057,0.016521,0.446285
ACTTGTTACCGGATCA-1,0.003958,0.015278,0.121547,0.859218
ACTTTACCCTCATGAA-1,0.371161,0.00682,0.070496,0.551523
ACTTTATACACCACTT-1,0.595887,0.078697,0.217876,0.107539
ACTTTCCTATAGCTTC-1,0.707181,0.033724,0.050139,0.208957
ACTTTGACTGCATCCT-1,0.612781,0.079916,0.209422,0.097881
ACTTTGGTCGTGCTCC-1,0.000455,0.000304,0.803263,0.195978
ACTTTGTCGACGCACT-1,0.25635,0.012772,0.338921,0.391957
AGAAATTATGACTCGC-1,0.014805,0.000119,0.427398,0.557678
AGAACACGGCGATGGT-1,0.607345,0.039132,0.007644,0.345879
AGAACCCAGCGTGACA-1,0.44963,0.013872,0.268767,0.267731
AGAACCCTCAATTGGG-1,0.250308,0.081714,0.023885,0.644093
AGAACGTGGTACATTC-1,0.776146,0.055558,0.00518,0.163116
AGAACTGTACTTTGTA-1,0.536187,0.015376,0.245965,0.202471
AGAAGAGCGCCGTTCC-1,0.002393,0.8344,0.161611,0.001595
AGAAGGTACACTTCAC-1,0.610076,0.066301,0.145512,0.178111
AGAAGGTTGCCGAATT-1,0.934425,0.04884,0.016134,0.000601
AGAAGGTTGTAGGTCG-1,0.501382,0.017894,0.337706,0.143019
AGAAGTGATTCGTGAT-1,0.39163,0.070437,0.067784,0.470149
AGAATAAATCTTCAGG-1,0.188642,0.032738,0.118097,0.660523
AGAATACAGGCTATCC-1,0.017877,0.011151,0.800632,0.170339
AGAATGCGGGTTCGGA-1,0.141925,0.032232,0.030463,0.79538
AGAATTATGGATTCGA-1,0.177328,0.469312,0.182446,0.170914
AGAATTGTTTGACATA-1,0.592036,0.228253,0.013532,0.166179
AGACAGCTCAGAATCC-1,0.681853,0.05806,0.008825,0.251262
AGACAGGCATCTCAGC-1,0.327853,0.005284,0.293438,0.373426
AGACATAGATCCTTCC-1,0.150748,0.237009,0.003635,0.608607
AGACCAAACCACACCT-1,0.437046,0.075383,0.076471,0.4111
AGACCATGGGATACAA-1,0.649952,0.229707,0.000029,0.120312
AGACCCACCGCTGATC-1,0.828335,0.033823,0.028477,0.109364
AGACCCGCCCTCCTCG-1,0.296612,0.164699,0.000056,0.538633
AGACCGCTCCGCGGTT-1,0.22631,0.218163,0.000081,0.555446
AGACCGGGAAACCCTG-1,0.482389,0.037866,0.02699,0.452754
AGACGAAGTGCCGGTC-1,0.474431,0.080073,0.054854,0.390642
AGACGACGATGCCGCT-1,0.486941,0.026409,0.031356,0.455294
AGACGCCCACTTCGCC-1,0.602454,0.025509,0.055379,0.316658
AGACGGGATTGGTATA-1,0.713729,0.077727,0.018086,0.190458
AGACGGGCCGATTTAA-1,0.464523,0.040427,0.066984,0.428066
AGACTAGCCTTCCAGA-1,0.204114,0.018322,0.000095,0.777469
AGACTGTTACCGGGTC-1,0.64064,0.039268,0.0035,0.316592
AGAGAAACACCAGAAA-1,0.336307,0.052931,0.111551,0.499211
AGAGAACCGTCTAGGA-1,0.000173,0.000115,0.000058,0.999654
AGAGAAGGAGTACAAT-1,0.561017,0.119153,0.003755,0.316076
AGAGATCTCTAAAGCG-1,0.095589,0.004361,0.056451,0.843599
AGAGCAGTTATGAGAC-1,0.769378,0.154379,0.024757,0.051485
AGAGCCGCCGAGATTT-1,0.425221,0.029654,0.145413,0.399711
AGAGCGCTTGTAACGG-1,0.188904,0.044443,0.119375,0.647277
AGAGCGGGCTAATCAT-1,0.666378,0.153963,0.023218,0.156441
AGAGCGTACAAGCTCG-1,0.532037,0.10836,0.000057,0.359546
AGAGCTACGAAAGCAT-1,0.32752,0.034025,0.000045,0.638411
AGAGGCTTCGGAAACC-1,0.482913,0.079766,0.095734,0.341587
AGAGGGACAATTGTCC-1,0.000246,0.024908,0.269687,0.705159
AGAGGTATCTCGGTCC-1,0.236928,0.045125,0.00764,0.710306
AGAGTAAACTTCACTA-1,0.094109,0.015711,0.328886,0.561294
AGAGTATAGTGTTACG-1,0.046702,0.095667,0.236745,0.620886
AGAGTCTTAATGAAAG-1,0.403848,0.058288,0.081658,0.456206
AGAGTGAACAGACACC-1,0.478064,0.125659,0.000877,0.3954
AGAGTTAGAGACCGAT-1,0.104742,0.000298,0.000149,0.894811
AGAGTTGCAGGCCTCC-1,0.4714,0.162235,0.269769,0.096595
AGATAACTTCAGGGCC-1,0.275982,0.043528,0.189379,0.491111
AGATAATCACACCTAT-1,0.734813,0.02435,0.186853,0.053985
AGATACCAATAGAACC-1,0.80382,0.104983,0.052151,0.039046
AGATACCAGCACTTCA-1,0.128798,0.181889,0.158757,0.530555
AGATACCGGTGTTCAC-1,0.201684,0.012254,0.007793,0.778268
AGATACGACTTCATAT-1,0.079738,0.207799,0.032351,0.680112
AGATACTCAAGATCGA-1,0.425361,0.400895,0.072547,0.101197
AGATATAATACGACTA-1,0.563978,0.013967,0.067202,0.354853
AGATCGTGCATAAGAT-1,0.240106,0.048044,0.054186,0.657663
AGATCTCAGGTGTGAT-1,0.611686,0.046559,0.000078,0.341677
AGATCTGGAGAGGATA-1,0.204317,0.034043,0.47657,0.285071
AGATGACTCGCCCACG-1,0.48552,0.130174,0.005168,0.379139
AGATGAGGGTTGCGAT-1,0.117831,0.012548,0.113267,0.756354
AGATGATGGAGTCTGG-1,0.172037,0.326677,0.05758,0.443706
AGATGCAAGACGTGCA-1,0.179568,0.164489,0.262478,0.393466
AGATGCATCCTGTGTC-1,0.329876,0.078411,0.000066,0.591647
AGATGCTATAACGAGC-1,0.230989,0.011596,0.000074,0.757341
AGATTATAGGACGTTT-1,0.2237,0.091605,0.000123,0.684571
AGATTCAAGCGGGTCG-1,0.796299,0.110466,0.020179,0.073056
AGATTCACAACCGATA-1,0.000206,0.000137,0.475257,0.5244
AGCAAAGGCCGCTAGT-1,0.531184,0.051208,0.085367,0.332241
AGCAACATATCTTATT-1,0.682251,0.119631,0.110615,0.087504
AGCAACCGAAAGTAAT-1,0.218444,0.003442,0.189268,0.588847
AGCACACGTTTAGACT-1,0.211851,0.08901,0.347612,0.351527
AGCACCAGTACTCACG-1,0.474604,0.039352,0.000068,0.485976
AGCACTACCGGCCTGT-1,0.649031,0.013481,0.082104,0.255384
AGCACTACCTCACCAG-1,0.577185,0.045904,0.029826,0.347085
AGCACTTAAGGACGCC-1,0.606082,0.093419,0.017886,0.282612
AGCAGAAGGAGAAAGA-1,0.83583,0.033356,0.023144,0.10767
AGCAGCCAGATGAATA-1,0.906943,0.045085,0.00294,0.045031
AGCAGTCGAAGCATGC-1,0.695509,0.036419,0.113411,0.15466
AGCATATCAATATGCT-1,0.609809,0.002845,0.283423,0.103923
AGCATCATTTCGAAAG-1,0.703305,0.09087,0.056492,0.149333
AGCATCGTCGATAATT-1,0.203355,0.028387,0.033773,0.734486
AGCATTACGAGGCAAG-1,0.506911,0.116752,0.062666,0.313671
AGCCAAGCTTTGTGTC-1,0.762273,0.057501,0.09557,0.084656
AGCCACAGGTTACCCG-1,0.721541,0.071324,0.082774,0.12436
AGCCACTCCCGTGCTT-1,0.532479,0.393057,0.002651,0.071813
AGCCATATAGTATGTG-1,0.768245,0.069819,0.036338,0.125598
AGCCCATACATGTAAG-1,0.460112,0.20475,0.022692,0.312445
AGCCCGCAACAAGCAG-1,0.422514,0.059998,0.258099,0.259389
AGCCCGCACTACAATG-1,0.008611,0.026387,0.322299,0.642702
AGCCCGGCATTAGAGG-1,0.00534,0.095417,0.268632,0.630611
AGCCCGGTAGCCTGTA-1,0.413277,0.127137,0.020704,0.438883
AGCCCTAAGCGAAGTT-1,0.459446,0.042722,0.007099,0.490733
AGCCCTCCCTGGTGGC-1,0.374762,0.087859,0.347958,0.189421
AGCCCTGTCGCACCGT-1,0.688011,0.159318,0.001187,0.151484
AGCCCTTCTAATCCGA-1,0.705489,0.064244,0.000064,0.230203
AGCCCTTGGACATCCC-1,0.244891,0.163771,0.158755,0.432583
AGCCGCAAATTCAAAT-1,0.429533,0.069961,0.020292,0.480214
AGCCGCTTGATTAGCG-1,0.206386,0.074652,0.00005,0.718912
AGCCGTGGCTAAATGT-1,0.461121,0.149156,0.018343,0.371381
AGCCTAATACCCACGT-1,0.060457,0.005907,0.175448,0.758188
AGCCTTAAAGCGGAAG-1,0.27228,0.218066,0.000034,0.509619
AGCCTTGTCACTGATA-1,0.000195,0.00013,0.248144,0.751531
AGCGACAGGAACGGTC-1,0.759181,0.030789,0.000039,0.209991
AGCGACATCCCATTCA-1,0.400446,0.101547,0.000046,0.497961
AGCGACCAACGATATT-1,0.191695,0.237839,0.151657,0.41881
AGCGACTTTGAAGACA-1,0.411532,0.06366,0.350967,0.173841
AGCGAGACGTGAAGGC-1,0.024479,0.036975,0.129616,0.80893
AGCGATGCGCCTAATA-1,0.5909,0.016173,0.101753,0.291174
AGCGCATAATGAATCG-1,0.119984,0.003851,0.007748,0.868418
AGCGCGGGTGCCAATG-1,0.531744,0.033566,0.011649,0.423041
AGCGCTAGAGCGATGT-1,0.835949,0.130428,0.026887,0.006736
