Barcode,Topic 1,Topic 2,Topic 3to4,Topic 5to6
AAACAACGAATAGTTC-1,0.004917,0.291689,0.464773,0.238621
AAACAAGTATCTCCCA-1,0.021584,0.74521,0.192742,0.040464
AAACAATCTACTAGCA-1,0.012572,0.521735,0.194612,0.271082
AAACACCAATAACTGC-1,0.114531,0.771234,0.000802,0.113432
AAACAGAGCGACTCCT-1,0.000085,0.692252,0.257886,0.049776
AAACAGCTTTCAGAAG-1,0.002805,0.136556,0.058543,0.802096
AAACAGGGTCTATATT-1,0.031686,0.559038,0.011292,0.397984
AAACAGTGTTCCTGGG-1,0.013422,0.780548,0.000388,0.205643
AAACATGGTGAGAGGA-1,0.078711,0.720894,0.000456,0.199939
AAACATTTCCCGGATT-1,0.0033,0.160761,0.574293,0.261647
AAACCACTACACAGAT-1,0.000805,0.513786,0.408365,0.077045
AAACCCGAACGAAATC-1,0.000035,0.765003,0.234142,0.00082
AAACCGGAAATGTTAA-1,0.000606,0.239421,0.723033,0.03694
AAACCGGGTAGGTACC-1,0.000033,0.366089,0.516859,0.117018
AAACCGTTCGTCCAGG-1,0.004978,0.599278,0.297494,0.09825
AAACCTAAGCAGCCGG-1,0.996043,0.000012,0.000024,0.003921
AAACCTCATGAAGTTG-1,0.06228,0.840431,0.007019,0.09027
AAACGAAGAACATACC-1,0.005047,0.494802,0.335346,0.164805
AAACGAAGATGGAGTA-1,0.263203,0.690828,0.000776,0.045194
AAACGACAGTCTTGCC-1,0.021101,0.160313,0.697185,0.1214
AAACGAGACGGTTGAT-1,0.000051,0.73756,0.234025,0.028364
AAACGCCCGAGATCGG-1,0.000067,0.941543,0.058256,0.000134
AAACGCTGGGCACGAC-1,0.032833,0.141581,0.736389,0.089198
AAACGGGCGTACGGGT-1,0.720556,0.095713,0.043909,0.139823
AAACGGGTTGGTATCC-1,0.009372,0.101807,0.735107,0.153714
AAACGGTTGCGAACTG-1,0.006583,0.334793,0.130101,0.528523
AAACGTGTTCGCCCTA-1,0.09095,0.526846,0.323641,0.058564
AAACTAACGTGGCGAC-1,0.000048,0.353033,0.522622,0.124297
AAACTCGGTTCGCAAT-1,0.045603,0.063605,0.404384,0.486407
AAACTCGTGATATAAG-1,0.000063,0.606665,0.390611,0.002661
AAACTGCTGGCTCCAA-1,0.005919,0.591284,0.340556,0.062241
AAACTTAATTGCACGC-1,0.095748,0.829605,0.00126,0.073386
AAACTTGCAAACGTAT-1,0.000604,0.610533,0.285819,0.103043
AAAGAATGACCTTAGA-1,0.130697,0.802034,0.000437,0.066832
AAAGAATGTGGACTAA-1,0.687005,0.197323,0.067955,0.047718
AAAGACATGAAGTTTA-1,0.000024,0.516119,0.368261,0.115596
AAAGACCCAAGTCGCG-1,0.003395,0.18144,0.400926,0.414239
AAAGACTGGGCGCTTT-1,0.000047,0.475638,0.28433,0.239985
AAAGCTTGCCTACATA-1,0.008831,0.369233,0.586085,0.035851
AAAGGCCCTATAATAC-1,0.109019,0.881354,0.004811,0.004816
AAAGGCTACGGACCAT-1,0.000019,0.168591,0.283326,0.548064
AAAGGCTCTCGCGCCG-1,0.024219,0.119596,0.618542,0.237643
AAAGGGATGTAGCAAG-1,0.011348,0.107115,0.544982,0.336555
AAAGGGCAGCTTGAAT-1,0.000036,0.739717,0.231789,0.028459
AAAGGTAAGCTGTACC-1,0.000049,0.487089,0.503321,0.009541
AAAGGTCAACGACATG-1,0.006031,0.737677,0.247181,0.009111
AAAGTAGCATTGCTCA-1,0.001651,0.464773,0.129147,0.404429
AAAGTCACTGATGTAA-1,0.000028,0.684766,0.277982,0.037224
AAAGTCGACCCTCAGT-1,0.007327,0.543597,0.223854,0.225222
AAAGTGCCATCAATTA-1,0.000036,0.492085,0.487587,0.020291
AAAGTGTGATTTATCT-1,0.000048,0.563167,0.412417,0.024368
AAAGTTGACTCCCGTA-1,0.016521,0.06029,0.61938,0.303809
AAATAACCATACGGGA-1,0.022537,0.559991,0.354801,0.062671
AAATAAGGTAGTGCCC-1,0.042063,0.496942,0.292605,0.168389
AAATACCTATAAGCAT-1,0.000359,0.355135,0.359378,0.285129
AAATAGCTTAGACTTT-1,0.000052,0.876039,0.123805,0.000104
AAATAGGGTGCTATTG-1,0.000031,0.218728,0.611216,0.170025
AAATCACTCCTAAACG-1,0.000347,0.443502,0.326176,0.229975
AAATCCGATACACGCC-1,0.999947,0.000011,0.000021,0.000021
AAATCGCGGAAGGAGT-1,0.000437,0.444213,0.000872,0.554478
AAATCGTGTACCACAA-1,0.000505,0.243488,0.298365,0.457642
AAATCTAGCCCTGCTA-1,0.003476,0.702491,0.234173,0.05986
AAATCTGCCCGCGTCC-1,0.119504,0.76272,0.000149,0.117628
AAATGACTGATCAAAC-1,0.120993,0.510845,0.000178,0.367984
AAATGATTCGATCAGC-1,0.006642,0.433781,0.556112,0.003465
AAATGCTCGTTACGTT-1,0.022277,0.483618,0.3044,0.189705
AAATGGCATGTCTTGT-1,0.016398,0.512382,0.307552,0.163668
AAATGGCCCGTGCCCT-1,0.025134,0.951762,0.000639,0.022465
AAATGGTCAATGTGCC-1,0.019582,0.092738,0.461474,0.426206
AAATGTATCTTATCCC-1,0.274476,0.392536,0.010581,0.322407
AAATGTGGGTGCTCCT-1,0.000438,0.556672,0.269326,0.173564
AAATTAACGGGTAGCT-1,0.025707,0.128407,0.487616,0.358271
AAATTAATAAGCGCGA-1,0.00928,0.573126,0.30665,0.110944
AAATTACACGACTCTG-1,0.000119,0.571075,0.367562,0.061243
AAATTACCTATCGATG-1,0.000043,0.029829,0.919938,0.05019
AAATTCCAGGTCCAAA-1,0.00005,0.50172,0.472517,0.025714
AAATTGATAGTCCTTT-1,0.049933,0.614523,0.055967,0.279577
AAATTGCGGCGGTTCT-1,0.010627,0.604507,0.28866,0.096206
AAATTGGTGAGAAGCA-1,0.023524,0.976288,0.000094,0.000094
AAATTTACCGAAATCC-1,0.015042,0.460576,0.385755,0.138627
AAATTTGCGGGTGTGG-1,0.004251,0.453875,0.239473,0.3024
AACAACTGGTAGTTGC-1,0.000026,0.406842,0.472844,0.120288
AACAATACATTGTCGA-1,0.000024,0.154511,0.209623,0.635843
AACAATTACTCTACGC-1,0.000032,0.739852,0.190506,0.06961
AACACGACTGTACTGA-1,0.022408,0.449918,0.30808,0.219593
AACACGAGACGCGGCC-1,0.000032,0.325747,0.545048,0.129172
AACACGCGGCCGCGAA-1,0.00484,0.157472,0.49809,0.339598
AACAGCTGTGTGGCAA-1,0.001878,0.003438,0.141449,0.853234
AACAGGAAATCGAATA-1,0.030719,0.526829,0.263035,0.179417
AACAGGATGGGCCGCG-1,0.000109,0.430083,0.352057,0.21775
AACAGGTAGTATGGAT-1,0.002212,0.5881,0.363525,0.046163
AACATAGCGTGTATCG-1,0.455065,0.130622,0.002447,0.411866
AACATATCAACTGGTG-1,0.000057,0.45777,0.42204,0.120133
AACATCGATACGTCTA-1,0.000069,0.046208,0.879332,0.074391
AACATTGAAGTTGATC-1,0.059249,0.454498,0.003742,0.482511
AACATTGGTCAGCCGT-1,0.000602,0.109448,0.719623,0.170327
AACATTGTGACTCGAG-1,0.000018,0.200172,0.437077,0.362733
AACCAAGACTTCTCTG-1,0.002431,0.166858,0.391142,0.439569
AACCAGTATCACTCTT-1,0.009212,0.320721,0.597705,0.072362
AACCATAGGGTTGAAC-1,0.131866,0.642625,0.00081,0.224698
AACCATGGGATCGCTA-1,0.000028,0.201255,0.666696,0.132021
AACCCAGAGACGGAGA-1,0.015453,0.387539,0.363737,0.233272
AACCCATCCCATGATC-1,0.040999,0.36438,0.002441,0.592181
AACCCGACAACCCGTG-1,0.000036,0.227021,0.072048,0.700896
AACCCGAGCAGAATCG-1,0.00004,0.599773,0.363144,0.037042
AACCCGATAGGGCTTC-1,0.000048,0.962005,0.037851,0.000096
AACCCGCTGTATTCCA-1,0.115905,0.379347,0.004276,0.500473
AACCCTACTGTCAATA-1,0.014845,0.628374,0.265001,0.091781
AACCCTGGTGGAACCA-1,0.047253,0.644449,0.20844,0.099858
AACCGAGCTTGGTCAT-1,0.021575,0.711945,0.228382,0.038099
AACCGCTAAGGGATGC-1,0.001254,0.371613,0.502165,0.124968
AACCGTTGTGTTTGCT-1,0.005877,0.457288,0.41063,0.126205
AACCTAAAGCCGTCCG-1,0.000037,0.745756,0.246834,0.007374
AACCTCGCTTTAGCCC-1,0.494366,0.303742,0.018203,0.183689
AACCTGTCACGGAATT-1,0.000065,0.999678,0.000129,0.000129
AACCTTTAAATACGGT-1,0.02026,0.304824,0.29037,0.384546
AACCTTTACGACGTCT-1,0.013331,0.693786,0.242124,0.050759
AACGAAAGTCGTCCCA-1,0.084305,0.775283,0.001331,0.139081
AACGACCTCCTAGCCG-1,0.102685,0.619917,0.092731,0.184666
AACGATAATGCCGTAG-1,0.068058,0.669711,0.150353,0.111878
AACGATAGAAGGGCCG-1,0.022821,0.385241,0.401375,0.190563
AACGATATGTCAACTG-1,0.000028,0.086575,0.655987,0.25741
AACGCATGATCTGGGT-1,0.031584,0.551175,0.280467,0.136774
AACGCGAACGGCAACA-1,0.033871,0.776259,0.109682,0.080188
AACGCGACCTTGGGCG-1,0.003479,0.520808,0.171917,0.303797
AACGCGGTCTCCAGCC-1,0.024472,0.759849,0.077444,0.138235
AACGCTGTTGCTGAAA-1,0.000041,0.381483,0.557881,0.060594
AACGGCCATCTCCGGT-1,0.003776,0.534798,0.221494,0.239932
AACGTACTGTGGGTAC-1,0.017815,0.795504,0.069555,0.117126
AACGTAGTCTACCCAT-1,0.032005,0.797484,0.103635,0.066876
AACGTCAGACTAGTGG-1,0.000026,0.3051,0.568984,0.125891
AACGTCATCCGGCTTG-1,0.143776,0.436725,0.000287,0.419212
AACGTCGCTGCACTTC-1,0.658679,0.175358,0.126245,0.039718
AACGTGATGAAGGACA-1,0.016422,0.607507,0.346502,0.029569
AACGTGCGAAAGTCTC-1,0.039516,0.474952,0.220635,0.264896
AACGTTATCAGCACCT-1,0.031296,0.482068,0.335081,0.151555
AACTACCCGTTTGTCA-1,0.000052,0.938587,0.061256,0.000105
AACTAGCGTATCGCAC-1,0.001776,0.098742,0.524148,0.375334
AACTAGGCTTGGGTGT-1,0.000058,0.840155,0.057207,0.102579
AACTCAAGTTAATTGC-1,0.002579,0.710072,0.198029,0.08932
AACTCCAGAGCGTGTT-1,0.003735,0.379418,0.457671,0.159175
AACTCCTAATCCCATG-1,0.000046,0.901861,0.093343,0.004749
AACTCGATAAACACGT-1,0.025406,0.542835,0.162216,0.269543
AACTCGATGGCGCAGT-1,0.026853,0.296493,0.376125,0.30053
AACTCTCAATAGAGCG-1,0.006101,0.205529,0.763352,0.025018
AACTCTCAGTGTGCTC-1,0.014184,0.751207,0.055009,0.1796
AACTGAGGTCAGCGTC-1,0.00003,0.083954,0.837914,0.078103
AACTGAGTTATACTGA-1,0.000029,0.168724,0.692122,0.139125
AACTGATATTAGGCCT-1,0.006944,0.256446,0.33129,0.40532
AACTGGGTCCCGACGT-1,0.025189,0.318195,0.530513,0.126103
AACTGGGTTCGAGCCG-1,0.02746,0.297097,0.459488,0.215956
AACTGGTGTGGGCCTT-1,0.012034,0.622975,0.275661,0.08933
AACTTCTGCGTCTATC-1,0.00928,0.529766,0.258961,0.201992
AACTTGCCCGTATGCA-1,0.000032,0.731488,0.227584,0.040895
AACTTGCGTTCTCGCG-1,0.01776,0.444932,0.230133,0.307174
AACTTTACGGGAGCTT-1,0.000046,0.958808,0.039889,0.001256
AACTTTAGCTGCTGAG-1,0.000022,0.378683,0.553914,0.067382
AACTTTCTCGATCATG-1,0.000083,0.623379,0.272362,0.104175
AAGAAAGTTTGATGGG-1,0.053531,0.484847,0.00016,0.461462
AAGAAATCACCAGATT-1,0.022867,0.737364,0.198641,0.041128
AAGAAGGATCAGTTAG-1,0.000016,0.04758,0.79254,0.159864
AAGACATACGTGGTTT-1,0.00009,0.767921,0.135852,0.096137
AAGACCAAATAACTCA-1,0.142792,0.699784,0.000632,0.156792
AAGACCCAACTGAACA-1,0.000018,0.128223,0.323858,0.547901
AAGACTAACCCGTTGT-1,0.015813,0.260116,0.47306,0.251012
AAGACTCACGCCCACT-1,0.010528,0.592648,0.341441,0.055384
AAGACTGCAAGCTACT-1,0.00003,0.00144,0.46143,0.537101
AAGAGATGAATCGGTA-1,0.01189,0.045691,0.771543,0.170876
AAGAGCTCTTTATCGG-1,0.012064,0.434838,0.319048,0.23405
AAGAGGATGTACGCGA-1,0.053089,0.311853,0.324589,0.310469
AAGAGGCATGGATCGC-1,0.002351,0.225919,0.58405,0.18768
AAGAGGCCCTTTGGAA-1,0.00487,0.770554,0.212059,0.012518
AAGATGGCACCGGACC-1,0.007073,0.650375,0.104688,0.237864
AAGATTGGCGGAACGT-1,0.010974,0.013109,0.889636,0.086281
AAGCACCCTGCGTATC-1,0.024781,0.416784,0.162187,0.396248
AAGCATACTCTCCTGA-1,0.032973,0.526323,0.155185,0.285519
AAGCCACTTGCAGGTA-1,0.095344,0.775365,0.000523,0.128768
AAGCCGAAGCGGTTTA-1,0.011643,0.077747,0.802111,0.108499
AAGCCGCCGTGAAATC-1,0.142672,0.5477,0.000709,0.308919
AAGCCGCTTTACCTTG-1,0.000039,0.621078,0.359729,0.019154
AAGCCGGAGAGCAGGA-1,0.000044,0.390622,0.596851,0.012483
AAGCGCAGGGCTTTGA-1,0.187935,0.113252,0.142653,0.55616
AAGCGGAGTGCGCGCA-1,0.025761,0.224716,0.635335,0.114188
AAGCGGCGTCATGGGT-1,0.000116,0.978812,0.02084,0.000232
AAGCGTCCCTCATCGA-1,0.009587,0.748521,0.140492,0.1014
AAGCTAGATCGAGTAA-1,0.000244,0.237333,0.463491,0.298932
AAGCTATGGATTGACC-1,0.031567,0.409105,0.004509,0.554819
AAGCTCGTGCCAAGTC-1,0.03891,0.415986,0.336303,0.208801
AAGCTCTTTCATGGTG-1,0.071344,0.420382,0.241302,0.266972
AAGGAGAACTTATAAG-1,0.028769,0.529128,0.045967,0.396137
AAGGAGCGGTTGGTGC-1,0.0009,0.339532,0.337472,0.322097
AAGGATCGATCGCTTG-1,0.024436,0.618908,0.297259,0.059397
AAGGATGAGGGACCTC-1,0.000033,0.151533,0.820353,0.028081
AAGGCAGGCTGTCTCC-1,0.01608,0.813351,0.154794,0.015775
AAGGCGCGTAAAGCTT-1,0.000025,0.578367,0.348626,0.072982
AAGGCTGTGCTCATCG-1,0.017127,0.323479,0.43508,0.224314
AAGGGAACGACTGGCT-1,0.301523,0.693523,0.002476,0.002478
AAGGGACAGATTCTGT-1,0.000086,0.40628,0.562679,0.030956
AAGGGACTATGCATTC-1,0.019717,0.369167,0.000805,0.610311
AAGGGTTAGCCATGCG-1,0.840234,0.131351,0.001833,0.026582
AAGGGTTTGATTTCAG-1,0.220929,0.588938,0.000435,0.189698
AAGGTATCCTAATATA-1,0.007853,0.501041,0.37559,0.115515
AAGGTGATAAACCAGC-1,0.00188,0.34186,0.526796,0.129465
AAGTAAGCTTCCAAAC-1,0.00497,0.71415,0.203492,0.077388
AAGTAGAAGACCGGGT-1,0.007688,0.056237,0.606683,0.329392
AAGTAGTGACGCGAGG-1,0.033777,0.560378,0.183106,0.22274
AAGTCAATTGTCGTCA-1,0.000036,0.235543,0.729047,0.035374
AAGTCTAGTAGCTGCC-1,0.025493,0.426215,0.489396,0.058896
AAGTCTTCTGTGGCCT-1,0.205329,0.660572,0.001216,0.132882
AAGTGACGACCGAATT-1,0.033574,0.736382,0.105034,0.12501
AAGTGAGTCGGGTTTA-1,0.021408,0.199618,0.321165,0.457809
AAGTGCAAAGGTAGAC-1,0.029713,0.347788,0.109469,0.51303
AAGTGCCTTGACTGTA-1,0.000086,0.598895,0.374611,0.026408
AAGTGCGTTAGAATCT-1,0.005279,0.213476,0.46952,0.311725
AAGTGCTTCTCTATTG-1,0.151828,0.606265,0.003621,0.238286
AAGTGTTTGGAGACGG-1,0.024034,0.761883,0.154209,0.059874
AAGTTCACTCCAAGCT-1,0.026918,0.438014,0.173863,0.361206
AAGTTCAGTCTGCGTA-1,0.014162,0.855792,0.107532,0.022514
AAGTTCGGCCAACAGG-1,0.007911,0.372093,0.370103,0.249894
AAGTTGTGATGTTATA-1,0.039076,0.675819,0.226422,0.058683
AAGTTTACTAATGGCA-1,0.032419,0.300779,0.110127,0.556676
AAGTTTATGGGCCCAA-1,0.060342,0.150645,0.025776,0.763236
AATAACAACGCTCGGC-1,0.000022,0.083629,0.568143,0.348207
AATAACACTAGAACAA-1,0.002075,0.001014,0.332498,0.664413
AATAACGTCGCGCCCA-1,0.999933,0.000013,0.000027,0.000027
AATAAGTCCTCGAGAC-1,0.000031,0.357342,0.592336,0.050292
AATAATCTTCGTATCG-1,0.000037,0.864803,0.133929,0.001231
AATACAATGTTTCAGG-1,0.009961,0.055256,0.363521,0.571262
AATACCGGAGGGCTGT-1,0.042293,0.545141,0.000213,0.412352
AATAGAACAGAGTGGC-1,0.011023,0.588098,0.21446,0.186418
AATAGAATCTGTTTCA-1,0.000257,0.178696,0.613295,0.207752
AATAGCAAGCCTCCTG-1,0.000065,0.688563,0.292965,0.018407
AATAGCTACCGCGTGC-1,0.000063,0.905901,0.093911,0.000126
AATAGGCACGACCCTT-1,0.178305,0.629042,0.000298,0.192355
AATAGTCCGTCCCGAC-1,0.002024,0.260141,0.492734,0.245101
AATAGTCGCGAGTCGG-1,0.00384,0.575027,0.280385,0.140748
AATATCAAGGTCGGAT-1,0.000022,0.525287,0.403914,0.070777
AATATCCTAGCAAACT-1,0.189844,0.807324,0.001415,0.001416
AATATCGAATCAATGC-1,0.00236,0.749827,0.24531,0.002504
AATATCGAGGGTTCTC-1,0.007871,0.098088,0.695404,0.198637
AATATTGGAGTATTGA-1,0.000058,0.463988,0.2732,0.262754
AATCAGACTGCAGGAC-1,0.013494,0.411698,0.377706,0.197103
AATCAGGTTTCATTTA-1,0.222052,0.646182,0.001538,0.130229
AATCATGTAAAGACTC-1,0.000039,0.410273,0.538409,0.05128
AATCCAAGGGCCTGAG-1,0.072359,0.468432,0.203983,0.255226
AATCCATGCAAGGGTG-1,0.008042,0.44825,0.280116,0.263592
AATCCCGCTCAGAGCC-1,0.208241,0.5596,0.000204,0.231955
AATCGAGGTCTCAAGG-1,0.234503,0.213061,0.001154,0.551282
AATCGCCTCAGCGCCA-1,0.006882,0.57784,0.337856,0.077421
AATCGCGCAGAGGACT-1,0.000042,0.493012,0.478631,0.028316
AATCGGGACACTACGA-1,0.025353,0.504915,0.232518,0.237214
AATCGGTATAGCCCTC-1,0.256747,0.456467,0.207289,0.079497
AATCGTGAGCCGAGCA-1,0.911431,0.031415,0.028933,0.02822
AATCTAGGTTTACTTG-1,0.001918,0.653569,0.003827,0.340686
AATCTATGCCGGAGCC-1,0.000094,0.575225,0.290258,0.134423
AATCTCTACTGTGGTT-1,0.029923,0.558924,0.118397,0.292756
AATCTGCGTTGGGACG-1,0.008377,0.095743,0.86972,0.026159
AATCTGGCTTTCTAGT-1,0.064038,0.676991,0.000592,0.258379
AATCTGGGTAGACCCT-1,0.000044,0.928271,0.071597,0.000088
AATGACAGCAATGTCT-1,0.008399,0.359012,0.370422,0.262167
AATGACGTAGGATGTC-1,0.023298,0.329937,0.476417,0.170348
AATGACTGTCAGCCGG-1,0.000195,0.699039,0.250647,0.050119
AATGAGTTCGCATATG-1,0.000014,0.000014,0.803302,0.19667
AATGATGATACGCTAT-1,0.007138,0.216101,0.67143,0.10533
AATGATGCGACTCCTG-1,0.000075,0.726944,0.272091,0.00089
AATGCAACCGGGTACC-1,0.001807,0.44847,0.440172,0.109551
AATGCACCAAGCAATG-1,0.007291,0.547897,0.30293,0.141882
AATGGCCGCCAATGCG-1,0.000034,0.872102,0.124971,0.002893
AATGGTCCACCGTTCA-1,0.00009,0.340143,0.478476,0.181291
AATGGTTCTCACAAGC-1,0.004174,0.186002,0.63792,0.171904
AATGTATGGCACTGTA-1,0.079889,0.803919,0.001295,0.114897
AATGTGCCCGAGGTGT-1,0.027499,0.500578,0.209427,0.262496
AATGTGCTAATCTGAG-1,0.034886,0.647671,0.000798,0.316644
AATGTTAAGACCCTGA-1,0.474912,0.331949,0.000087,0.193052
AATGTTGTCGTGAGAC-1,0.03342,0.909132,0.051715,0.005733
AATTAAAGGTCGGCGT-1,0.002042,0.59466,0.267856,0.135441
AATTAACGGATTTCCA-1,0.024678,0.263216,0.294625,0.41748
AATTACGAGACCCATC-1,0.067986,0.613051,0.000357,0.318606
AATTACTCGTACGCTC-1,0.002301,0.541122,0.210873,0.245704
AATTAGCGCTGCAGCG-1,0.007444,0.235416,0.429003,0.328137
AATTATACCCAGCAAG-1,0.775008,0.000027,0.003506,0.221459
AATTCATAAGGGATCT-1,0.000036,0.514138,0.478764,0.007061
AATTCATTGTCATGCA-1,0.156298,0.762203,0.000481,0.081017
AATTCCAACTTGGTGA-1,0.012326,0.425701,0.452487,0.109486
AATTCCAAGCATGTAC-1,0.018065,0.622607,0.129717,0.229611
AATTCGATTCGAGGAT-1,0.549756,0.17531,0.037151,0.237783
AATTCTAGAGTTAGGC-1,0.0005,0.252381,0.390681,0.356439
AATTGAACGCTCTGGT-1,0.000041,0.846896,0.130624,0.022439
AATTGCAGCAATCGAC-1,0.02549,0.534892,0.396579,0.043039
AATTGCGTGGATTACA-1,0.139717,0.658681,0.000604,0.200998
AATTGTGGTTGCCAAA-1,0.000043,0.184433,0.631575,0.183949
AATTTGGGACATAGTA-1,0.000097,0.76646,0.215145,0.018298
AATTTGGTTCCAAAGA-1,0.002399,0.493463,0.336116,0.168023
ACAAACCATGCGTCCT-1,0.096866,0.46511,0.000882,0.437141
ACAAACCGACAAGGCG-1,0.000495,0.284005,0.642766,0.072733
ACAAACTCCATCAGAG-1,0.115578,0.804397,0.000306,0.079719
ACAAAGAAGGTAGGCC-1,0.002765,0.986187,0.005521,0.005527
ACAAAGCATGACCTAG-1,0.002463,0.422655,0.515718,0.059164
ACAAATCGCACCGAAT-1,0.010205,0.258416,0.451058,0.280322
ACAAATGGTAGTGTTT-1,0.000048,0.604494,0.225811,0.169648
ACAAATTCAGATCTGA-1,0.000071,0.956743,0.043044,0.000142
ACAACAGCATGAGCTA-1,0.00003,0.628721,0.366398,0.004851
ACAACGGTCCCTGCGA-1,0.015995,0.344215,0.371174,0.268616
ACAAGCAGTGCCTAGC-1,0.000027,0.57458,0.254297,0.171096
ACAAGCTATATGGAAG-1,0.042125,0.837466,0.001216,0.119193
ACAAGGAAATCCGCCC-1,0.041685,0.527948,0.059675,0.370691
ACAAGGACAAGAGGTT-1,0.000462,0.193343,0.54646,0.259735
ACAAGGATGCTTTAGG-1,0.016185,0.253118,0.432558,0.298138
ACAAGGCCTACCAGCC-1,0.000094,0.982867,0.016849,0.000189
ACAAGGGCAGGCTCTG-1,0.027312,0.486763,0.265777,0.220148
ACAAGTAATTGTAAGG-1,0.103639,0.692843,0.000138,0.20338
ACAATAGTCGTACGTT-1,0.028447,0.75191,0.060398,0.159246
ACAATCCATTTAAACC-1,0.005028,0.379272,0.264992,0.350709
ACAATCGATCTTTATA-1,0.003705,0.26066,0.583606,0.152029
ACAATGAATACGGAGA-1,0.000805,0.316439,0.302955,0.379801
ACAATGATTCTTCTAC-1,0.000038,0.473271,0.479473,0.047218
ACAATTGTGTCTCTTT-1,0.000027,0.150898,0.584957,0.264119
ACAATTTAGGAGGCTC-1,0.000027,0.353747,0.531448,0.114778
ACAATTTGAGCAGTGG-1,0.024254,0.92197,0.052716,0.00106
ACAATTTGGCCATATT-1,0.000944,0.478079,0.419112,0.101865
ACACAAAGACGGGTGG-1,0.000035,0.545397,0.335882,0.118687
ACACAAATATTCCTAG-1,0.000025,0.310497,0.60389,0.085588
ACACACCAGGACCAGT-1,0.006967,0.254546,0.599537,0.138951
ACACACTTTCTACACG-1,0.017194,0.225042,0.616889,0.140874
ACACATGATCAAATCT-1,0.156121,0.656772,0.003966,0.183141
ACACATTGACGCAACA-1,0.004013,0.452555,0.340872,0.20256
ACACATTTCCGTAGAC-1,0.148453,0.224717,0.058858,0.567972
ACACCACATAATTAGC-1,0.072283,0.743826,0.028436,0.155455
ACACCCAGCATGCAGC-1,0.000025,0.357364,0.442321,0.20029
ACACCCGAGAAATCCG-1,0.000021,0.123961,0.649378,0.226639
ACACCCGTAAATCTGT-1,0.006777,0.324482,0.571357,0.097383
ACACCGAGCGCTCTTT-1,0.033683,0.60699,0.147925,0.211403
ACACCGGTCTGACCGC-1,0.085276,0.863707,0.001097,0.04992
ACACCTTAAGTAGGGC-1,0.004992,0.301555,0.531964,0.161488
ACACCTTACTACTTGC-1,0.000064,0.713999,0.191584,0.094353
ACACGAGACTCCTTCT-1,0.001159,0.506112,0.461064,0.031665
ACACGGCACTATGCAT-1,0.00004,0.971747,0.017023,0.011189
ACACGGGAACTTAGGG-1,0.000072,0.948831,0.050953,0.000144
ACACGTAGGCCACAAG-1,0.000038,0.19425,0.57556,0.230153
ACACTCCAATGTCACT-1,0.00425,0.181742,0.45948,0.354528
ACACTGGGACAGTCGT-1,0.000026,0.091472,0.302368,0.606134
ACAGAACTGAGAACAA-1,0.000031,0.252253,0.296593,0.451123
ACAGATTAGGTTAGTG-1,0.000045,0.835688,0.131473,0.032794
ACAGCATAGAGCCAGT-1,0.006962,0.658609,0.180746,0.153682
ACAGCGACATTCTCAT-1,0.008188,0.304112,0.614152,0.073548
ACAGCGCACCCGCAGC-1,0.023816,0.459826,0.43031,0.086048
ACAGGAGGCGCAGCCG-1,0.000032,0.74694,0.240902,0.012126
ACAGGCACGGATCCTT-1,0.780093,0.134874,0.038122,0.046911
ACAGGCTTGCCCGACT-1,0.01619,0.325718,0.383185,0.274907
ACAGGTGGAGGTGAGG-1,0.015734,0.252589,0.325198,0.40648
ACAGGTGTGTTGTTGC-1,0.000592,0.819515,0.001182,0.178711
ACAGTAATACAACTTG-1,0.043633,0.81324,0.000384,0.142742
ACAGTATACCGTGGGA-1,0.000028,0.714066,0.279227,0.006679
ACAGTGCAGCGCATTT-1,0.020961,0.233165,0.584847,0.161028
ACATAAGTCGTGGTGA-1,0.189852,0.566906,0.001104,0.242138
ACATAATAAGGCGGTG-1,0.066103,0.684214,0.109084,0.140598
ACATACAATCAAGCGG-1,0.94667,0.052333,0.000578,0.000419
ACATCAGCTGGGACGC-1,0.000033,0.313867,0.472501,0.2136
ACATCCCGGCCATACG-1,0.003625,0.320533,0.383243,0.292599
ACATCCTGGTAACTGT-1,0.000032,0.377294,0.610605,0.01207
ACATCGATCGTTTACC-1,0.042006,0.417515,0.276281,0.264197
ACATCGCAATATTCGG-1,0.064407,0.806615,0.00033,0.128648
ACATCGGTCAGCCGCG-1,0.000046,0.649083,0.107176,0.243695
ACATCGTATGCAATGG-1,0.000151,0.002423,0.761249,0.236177
ACATCGTTAACCTAGT-1,0.000138,0.725843,0.273742,0.000277
ACATCTCAACGCGTAA-1,0.000037,0.829704,0.141048,0.029212
ACATGCTTACGGCAGC-1,0.117303,0.80259,0.000226,0.079881
ACATGGCGCCAAAGTA-1,0.003692,0.421907,0.48819,0.086211
ACATGGCTCAATTTAG-1,0.007342,0.243288,0.557391,0.191979
ACATTAGTTTATATCC-1,0.003417,0.042787,0.667435,0.286361
ACATTCGCGCGGAATA-1,0.097255,0.214995,0.001199,0.686551
ACCAAACACCCAGCGA-1,0.000031,0.473261,0.495877,0.030831
ACCAAACTAGAAATCC-1,0.000284,0.122358,0.619281,0.258077
ACCAACACCACACACT-1,0.010012,0.41337,0.53326,0.043358
ACCAACCGCACTCCAC-1,0.017577,0.660718,0.20922,0.112485
ACCAACGCTTATTTAT-1,0.002433,0.272325,0.304952,0.420289
ACCAAGAACGCGTGTC-1,0.001337,0.597107,0.354321,0.047234
ACCAAGTCATCGGCAG-1,0.785527,0.000024,0.054767,0.159683
ACCAATATGCAAGTTA-1,0.010055,0.266245,0.358334,0.365365
ACCACAACTCAGAACA-1,0.000025,0.619492,0.33617,0.044313
ACCACAAGTTTCTATC-1,0.022716,0.470111,0.258955,0.248218
ACCACACGGTTGATGG-1,0.254763,0.181227,0.005601,0.55841
ACCACCAATGTAACAA-1,0.000048,0.983802,0.016053,0.000097
ACCACCCTCTCTTCTA-1,0.000039,0.909565,0.089319,0.001077
ACCACGTGCAGCTATA-1,0.018515,0.372228,0.229657,0.379599
ACCACTGTTCAAGAAG-1,0.006703,0.485286,0.367997,0.140014
ACCAGACCATAACAAC-1,0.014568,0.645393,0.000599,0.339441
ACCAGGAGTGTGATCT-1,0.019209,0.286026,0.267872,0.426893
ACCAGTGCCCGGTCAA-1,0.00006,0.969356,0.030463,0.00012
ACCAGTGCGGGAGACG-1,0.041671,0.440767,0.227167,0.290396
ACCATATCCGCAATAA-1,0.017569,0.475472,0.322279,0.18468
ACCATCCGCCAACTAG-1,0.062203,0.749196,0.001043,0.187558
ACCATCGTATATGGTA-1,0.000068,0.559171,0.19284,0.247922
ACCATTAAGGGTGTCA-1,0.000018,0.015006,0.496533,0.488442
ACCCAACGCCCGTGGC-1,0.000037,0.288094,0.667244,0.044625
ACCCACCTACATGCTC-1,0.029703,0.747403,0.105625,0.117269
ACCCATCTTGAGGGTA-1,0.044221,0.61559,0.13148,0.208709
ACCCATTTGTCCCTCT-1,0.021807,0.229036,0.6377,0.111457
ACCCGAGCGAAATTAC-1,0.000139,0.876001,0.000277,0.123584
ACCCGATTGGTTCCGA-1,0.000733,0.870936,0.001465,0.126865
ACCCGGAAACTCCCAG-1,0.043081,0.236651,0.373124,0.347144
ACCCGGAGCACCACAA-1,0.00002,0.031409,0.928345,0.040226
ACCCGGATGACGCATC-1,0.025363,0.247517,0.603136,0.123983
ACCCGGTTACACTTCC-1,0.025205,0.487775,0.355886,0.131134
ACCCGTAGCAGAGAAT-1,0.112348,0.843571,0.000322,0.043759
ACCCGTAGTCTAGTTG-1,0.06298,0.40081,0.453375,0.082835
ACCCGTGTCATCAGTA-1,0.009898,0.050376,0.31215,0.627576
ACCCTATAGGACTGAG-1,0.002336,0.135059,0.749775,0.11283
ACCCTATGCCATATCG-1,0.000849,0.536387,0.248434,0.214331
ACCCTCCCGTCAGGGC-1,0.803197,0.088371,0.078658,0.029774
ACCCTCCCTTGCTATT-1,0.017476,0.293564,0.576066,0.112894
ACCCTGGTAACGCCCT-1,0.003464,0.742854,0.218952,0.03473
ACCCTTCATCTGCGAA-1,0.022743,0.292958,0.462018,0.222281
ACCCTTGCCTGGGTCG-1,0.000039,0.918076,0.081516,0.000368
ACCCTTTAGTTCTCCA-1,0.000059,0.492756,0.439149,0.068036
ACCGAAAGGGCCCTGC-1,0.000019,0.39779,0.502147,0.100044
ACCGAAGAGTCTGGTT-1,0.0007,0.420162,0.001397,0.577742
ACCGACACATCTCCCA-1,0.024181,0.005567,0.37335,0.596902
ACCGACTGAGTCCCAC-1,0.013673,0.217379,0.644776,0.124172
ACCGAGTCTCCTTATT-1,0.742297,0.030292,0.080786,0.146624
ACCGATAGGCATAACC-1,0.000028,0.529669,0.388325,0.081978
ACCGATATTTAATCAT-1,0.007532,0.430828,0.554232,0.007407
ACCGATGGTAGCATCG-1,0.00005,0.315315,0.654938,0.029697
ACCGCAATAACTGCCT-1,0.016796,0.683739,0.093113,0.206352
ACCGCGGTGGAAGTCG-1,0.000049,0.519131,0.401564,0.079256
ACCGCTAGTCATTGGT-1,0.082235,0.801405,0.000738,0.115622
ACCGGGCCTTTGTTGA-1,0.00008,0.471,0.427936,0.100985
ACCGGTCAGGTACACC-1,0.000721,0.846658,0.001439,0.151182
ACCGGTCTGAGTACGG-1,0.004132,0.518304,0.246059,0.231505
ACCGTCCACTGGGCCC-1,0.069729,0.476731,0.000339,0.453201
ACCGTGACCACGTGGG-1,0.002568,0.162733,0.182335,0.652364
ACCGTTCCCGCTCTGA-1,0.000032,0.34769,0.588126,0.064152
ACCTAAGTACCTTTCA-1,0.006496,0.514676,0.363448,0.11538
ACCTAATCGACTTCCT-1,0.023898,0.420387,0.313656,0.242059
ACCTACAGTATGTGGT-1,0.000065,0.879893,0.119911,0.00013
ACCTACTATAAATCTA-1,0.053994,0.596273,0.106779,0.242953
ACCTCAGCGAGGCGCA-1,0.931422,0.068382,0.000098,0.000098
ACCTCCGCCCTCGCTG-1,0.000039,0.134008,0.66501,0.200943
ACCTCCGTTATTCACC-1,0.000075,0.964275,0.0355,0.00015
ACCTCGAACTTATGCT-1,0.000912,0.767958,0.001821,0.22931
ACCTGCGTGTCATGTT-1,0.020311,0.17974,0.347347,0.452601
ACCTTTCCTTTAGAAG-1,0.005997,0.384108,0.46137,0.148525
ACGAAATGGGCGGCAC-1,0.003684,0.76511,0.116145,0.115061
ACGACCCATGAGTTGC-1,0.000043,0.723562,0.276056,0.000339
ACGACTCTAGGGCCGA-1,0.727411,0.107235,0.138666,0.026688
ACGACTGGTCATACTC-1,0.00014,0.738875,0.000247,0.260738
ACGAGAACCCATCACG-1,0.002594,0.11524,0.668819,0.213347
ACGAGATATTTGCTTA-1,0.00307,0.938558,0.057785,0.000588
ACGAGGATACCACTCT-1,0.000201,0.828769,0.000402,0.170628
ACGAGGTTTACAACGT-1,0.147699,0.848063,0.002118,0.002119
ACGAGTACGGATGCCC-1,0.022164,0.627171,0.146618,0.204047
ACGAGTCGCCGGCGTT-1,0.000041,0.768696,0.104996,0.126267
ACGATACATAGAACTA-1,0.012809,0.18794,0.629747,0.169504
ACGATACCTATCCTGA-1,0.001005,0.994981,0.002007,0.002007
ACGATCATACATAGAG-1,0.021292,0.408507,0.253466,0.316735
ACGATCATCTTGTAAA-1,0.052234,0.508096,0.30172,0.137951
ACGATGCATATGTTAT-1,0.035188,0.546663,0.140559,0.277591
ACGATGGATCCGATGC-1,0.000047,0.992207,0.007653,0.000093
ACGCAAACTAATAGAT-1,0.000021,0.253207,0.230139,0.516633
ACGCAATCACTACAGC-1,0.000061,0.529039,0.410477,0.060423
ACGCATAAATGACATG-1,0.000067,0.999664,0.000134,0.000134
ACGCATACGTTTACTA-1,0.032475,0.533861,0.313209,0.120455
ACGCATTCGTGAGTAC-1,0.000593,0.0685,0.596655,0.334252
ACGCCACTCGAAACAG-1,0.169591,0.352685,0.001245,0.476478
ACGCCAGATGATTTCT-1,0.005744,0.334835,0.612546,0.046874
ACGCCGCTAGACGACC-1,0.005933,0.408819,0.253458,0.331789
ACGCCTGACACGCGCT-1,0.000023,0.517237,0.232214,0.250525
ACGCGAAGTCAGACGA-1,0.002385,0.489908,0.18749,0.320217
ACGCGCTACACAGGGT-1,0.023457,0.680059,0.102246,0.194237
ACGCGGGCCAAGGACA-1,0.000352,0.42156,0.40184,0.176248
ACGCGTTTCTTAAGAG-1,0.000019,0.091842,0.591092,0.317047
ACGCTACTGAATGGGC-1,0.985777,0.000012,0.000024,0.014186
ACGCTAGTATCAGTGC-1,0.000031,0.389268,0.59543,0.015271
ACGCTAGTGATACACT-1,0.000099,0.142542,0.617003,0.240357
ACGCTGTGAGGCGTAG-1,0.009858,0.308824,0.541106,0.140212
ACGCTTAGTGTCTCTC-1,0.000026,0.395884,0.457288,0.146802
ACGGAATTTAGCAAAT-1,0.007819,0.020609,0.616146,0.355425
ACGGACGCAGCGACAA-1,0.144495,0.751404,0.000407,0.103693
ACGGACTCTCAAAGCG-1,0.068123,0.299975,0.19604,0.435862
ACGGAGCGCAAATTAC-1,0.000086,0.923748,0.075846,0.000321
ACGGATGGTGCGGATA-1,0.020181,0.281802,0.42373,0.274287
ACGGCACTTGCTTGGG-1,0.000046,0.718615,0.246981,0.034358
ACGGCCAACATGGACT-1,0.021967,0.785786,0.086907,0.105339
ACGGCGACGATGGGAA-1,0.012794,0.579158,0.208215,0.199833
ACGGCGGGTTGCCCTG-1,0.000028,0.545445,0.39673,0.057797
ACGGCTGGATGTAGAA-1,0.035383,0.42759,0.00053,0.536497
ACGGGAGTGTCGGCCC-1,0.000052,0.46261,0.461815,0.075523
ACGGGCGTATGCGACA-1,0.002519,0.95694,0.013213,0.027329
ACGGGTCATGTGACTT-1,0.000793,0.375872,0.47212,0.151215
ACGGGTTGTGACCTGT-1,0.065819,0.651897,0.000231,0.282053
ACGGTACAGTTCAATG-1,0.715228,0.110753,0.149906,0.024113
ACGGTCACCGAGAACA-1,0.021168,0.476668,0.00038,0.501784
ACGTACAGATTTCTCT-1,0.029198,0.684136,0.186856,0.099811
ACGTACTTTGGCACGG-1,0.015583,0.626133,0.000734,0.35755
ACGTAGATTGCTGATG-1,0.002473,0.531063,0.34065,0.125814
ACGTATTACTCCGATC-1,0.036698,0.163334,0.439381,0.360587
ACGTCCTAAACGAGAT-1,0.017552,0.419272,0.414003,0.149174
ACGTCGGGCAACTCGG-1,0.053023,0.573918,0.000156,0.372903
ACGTCTCGTTCCGGGA-1,0.030778,0.722669,0.00298,0.243574
ACGTGACAAAGTAAGT-1,0.163438,0.833543,0.001131,0.001888
ACGTGCGCCTCGTGCA-1,0.007041,0.14577,0.671194,0.175995
ACGTGGTCGAATGTGC-1,0.000717,0.740352,0.214957,0.043974
ACGTTAATGTCGAAGA-1,0.000023,0.096076,0.641433,0.262468
ACGTTAGATTTGCCCG-1,0.079035,0.414653,0.169859,0.336453
ACGTTATTGGTCACTC-1,0.009311,0.045745,0.522001,0.422942
ACGTTCACTATGCCGC-1,0.178844,0.757562,0.000787,0.062807
ACGTTCCGCGCTCCGT-1,0.012186,0.069964,0.675489,0.24236
ACGTTCGCAATCAATT-1,0.000075,0.938179,0.061595,0.000151
ACGTTCGTTCAGGAAA-1,0.003774,0.545097,0.169311,0.281817
ACGTTCTGTACAAGTC-1,0.084877,0.182162,0.49146,0.241501
ACGTTGTCGTTGAAAG-1,0.081899,0.791566,0.000233,0.126301
ACGTTTAGTTGTGATC-1,0.043288,0.524524,0.257405,0.174783
ACGTTTCGGTGCACTT-1,0.544714,0.432426,0.000369,0.022491
ACTAAGGACGCACACC-1,0.000048,0.921987,0.068268,0.009697
ACTAATACGTCAGGCG-1,0.02987,0.320161,0.416116,0.233852
ACTACAAAGAGAGGTG-1,0.000855,0.774521,0.013623,0.211
ACTACATCCCGACAAG-1,0.066302,0.686841,0.001225,0.245631
ACTACCAGCTCTCTGG-1,0.000936,0.671229,0.208628,0.119207
ACTACCATCCGAGGGC-1,0.024826,0.960898,0.000461,0.013815
ACTACGCGTTAGAATT-1,0.000047,0.096413,0.430844,0.472696
ACTAGTTGCGATCGTC-1,0.00006,0.761927,0.237597,0.000415
ACTATATGCTGTGTTC-1,0.000035,0.35835,0.633953,0.007662
ACTATCCAGGGCATGG-1,0.000078,0.56105,0.378633,0.060239
ACTATCGCCGGCTAAA-1,0.018207,0.624441,0.248118,0.109234
ACTATCTGCCCGCGTA-1,0.003411,0.041849,0.66416,0.29058
ACTATGTCCAGCTGCC-1,0.249703,0.743564,0.003365,0.003368
ACTATTTCCGGGCCCA-1,0.000096,0.423143,0.240815,0.335946
ACTCAACGAATGTATT-1,0.000013,0.115317,0.137005,0.747664
ACTCAAGTGCAAGGCT-1,0.000789,0.235297,0.445179,0.318735
ACTCAATAAAGGCACG-1,0.000044,0.349357,0.538007,0.112592
ACTCAGACCTGCTTCT-1,0.036564,0.197312,0.24528,0.520844
ACTCATGGCAGCCTTC-1,0.093001,0.904031,0.001483,0.001485
ACTCCAATATCATCAT-1,0.063086,0.744323,0.000321,0.19227
ACTCCCATTCCTAAAG-1,0.00643,0.225531,0.121895,0.646144
ACTCCCGAATTCGTTT-1,0.003642,0.603185,0.329457,0.063716
ACTCCCGTAGACTAGG-1,0.009356,0.415647,0.535789,0.039208
ACTCCCTAATGCTAAA-1,0.017243,0.647464,0.198382,0.136911
ACTCCCTAGAATAGTA-1,0.054771,0.60979,0.056062,0.279377
ACTCCGGCCGACCACT-1,0.926742,0.005009,0.035507,0.032742
ACTCGATGTATTTCAT-1,0.006671,0.562399,0.222471,0.20846
ACTCGCCGTTCGATAA-1,0.005392,0.889612,0.084814,0.020182
ACTCGCGATCTGACGC-1,0.040295,0.618414,0.27196,0.069331
ACTCGTAACCCGTCCT-1,0.000022,0.009749,0.199239,0.79099
ACTCGTCAGTAATCCC-1,0.000032,0.427824,0.52868,0.043464
ACTCTAAACCTGGGAT-1,0.000099,0.987575,0.012128,0.000199
ACTCTCTGACTTAGGT-1,0.000039,0.177055,0.422368,0.400538
ACTCTCTTATACACGA-1,0.013228,0.056439,0.634016,0.296317
ACTCTGACCTAATAGA-1,0.814123,0.070721,0.085765,0.029392
ACTCTTCAGCTCCCGC-1,0.058934,0.73916,0.000195,0.20171
ACTCTTGTATAGTAAC-1,0.00194,0.314798,0.541813,0.141449
ACTGAAACGCCGTTAG-1,0.000041,0.662569,0.323141,0.014249
ACTGAATGGCGAAAGT-1,0.000036,0.460331,0.105755,0.433878
ACTGATTTAGTGATTC-1,0.003061,0.534347,0.384397,0.078195
ACTGCCCGCCATTCTC-1,0.107041,0.711854,0.000695,0.180411
ACTGCCGTCGTAACTC-1,0.00004,0.495592,0.17836,0.326008
ACTGCGGACACACCGT-1,0.031317,0.86871,0.037984,0.061989
ACTGCTCGGAAGGATG-1,0.104791,0.892491,0.001359,0.001359
ACTGGCGAACCTGCGT-1,0.000086,0.662739,0.293503,0.043671
ACTGGGATGCCAGTGC-1,0.013802,0.517647,0.00439,0.464162
ACTGTACGATACACAT-1,0.000032,0.41545,0.540417,0.044101
ACTGTAGCACTTTGGA-1,0.012935,0.450801,0.315427,0.220837
ACTGTATACGCGAGCA-1,0.018617,0.200891,0.567172,0.21332
ACTGTCCAGGATTATA-1,0.010292,0.341469,0.504444,0.143794
ACTGTCTTCTTTAGAA-1,0.00003,0.142428,0.370474,0.487069
ACTGTGCTAGTAGATC-1,0.008976,0.088697,0.748517,0.15381
ACTGTTTAGTGTAGGC-1,0.00405,0.103161,0.571886,0.320904
ACTTACCGGGCGCGCA-1,0.000113,0.71111,0.286709,0.002069
ACTTACGCATCCACGC-1,0.032109,0.115122,0.517505,0.335264
ACTTAGTACGACAAGA-1,0.003145,0.417448,0.369705,0.209702
ACTTATACTTACCCGG-1,0.000087,0.481765,0.467189,0.05096
ACTTATCTGATCTATA-1,0.000165,0.233043,0.684564,0.082228
ACTTATTAGGATCGGT-1,0.021012,0.413732,0.188163,0.377092
ACTTATTTATGTGCCA-1,0.019839,0.870361,0.073713,0.036087
ACTTCAGGCTGATCCC-1,0.012564,0.769955,0.124052,0.093429
ACTTCCAGTGGAAGCT-1,0.178462,0.669012,0.000646,0.15188
ACTTCCATGCGGGACA-1,0.035062,0.309646,0.240246,0.415047
ACTTCCTGTCGTGCGA-1,0.001223,0.704255,0.072905,0.221617
ACTTCGCCATACGCAC-1,0.000529,0.096583,0.751101,0.151788
ACTTCGCTAGCGAGTG-1,0.075154,0.474601,0.217103,0.233143
ACTTGACTCCCTCTTT-1,0.019624,0.075795,0.350081,0.5545
ACTTGCCATATTGTAC-1,0.00051,0.062865,0.638233,0.298393
ACTTGCTCTATCTACC-1,0.002557,0.435892,0.00139,0.560161
ACTTGGGACCCGGTGG-1,0.000043,0.670273,0.20284,0.126844
ACTTGGGCTTTCGCCA-1,0.123726,0.429761,0.004245,0.442268
ACTTGTAGTCCCTTCA-1,0.052004,0.629514,0.00468,0.313801
ACTTGTGGATGGAACG-1,0.000054,0.318666,0.568876,0.112405
ACTTGTTACCGGATCA-1,0.238823,0.428482,0.006014,0.326681
ACTTTACCCTCATGAA-1,0.00005,0.566356,0.387197,0.046397
ACTTTATACACCACTT-1,0.050337,0.851159,0.000341,0.098163
ACTTTCCTATAGCTTC-1,0.054702,0.518187,0.226803,0.200308
ACTTTGACTGCATCCT-1,0.007335,0.49877,0.05046,0.443435
ACTTTGGTCGTGCTCC-1,0.18651,0.196824,0.054872,0.561793
ACTTTGTCGACGCACT-1,0.000049,0.80963,0.184361,0.00596
AGAAATTATGACTCGC-1,0.000046,0.868744,0.129643,0.001566
AGAACACGGCGATGGT-1,0.026352,0.971723,0.000962,0.000963
AGAACCCAGCGTGACA-1,0.001323,0.545347,0.269018,0.184311
AGAACCCTCAATTGGG-1,0.1658,0.831213,0.001464,0.001523
AGAACGTGGTACATTC-1,0.012387,0.265392,0.588003,0.134218
AGAAGAGCGCCGTTCC-1,0.000412,0.831104,0.16766,0.000824
AGAAGGTACACTTCAC-1,0.080441,0.891766,0.001087,0.026706
AGAAGGTTGCCGAATT-1,0.00005,0.958533,0.035601,0.005817
AGAAGGTTGTAGGTCG-1,0.395129,0.097328,0.063187,0.444356
AGAAGTGATTCGTGAT-1,0.000059,0.704567,0.186287,0.109087
AGAATAAATCTTCAGG-1,0.010906,0.34296,0.438495,0.20764
AGAATGCGGGTTCGGA-1,0.000065,0.793073,0.20554,0.001322
AGAATTATGGATTCGA-1,0.000047,0.467719,0.443609,0.088625
AGAATTGTTTGACATA-1,0.001847,0.577362,0.402752,0.018039
AGACAGCTCAGAATCC-1,0.014267,0.594741,0.31075,0.080242
AGACAGGCATCTCAGC-1,0.001022,0.608055,0.363454,0.027469
AGACATAGATCCTTCC-1,0.030612,0.665,0.249344,0.055044
AGACCAAACCACACCT-1,0.051908,0.338031,0.000421,0.60964
AGACCATGGGATACAA-1,0.000296,0.29545,0.573993,0.130261
AGACCCACCGCTGATC-1,0.010862,0.437402,0.131399,0.420337
AGACCCGCCCTCCTCG-1,0.000029,0.61443,0.301092,0.084449
AGACCGCTCCGCGGTT-1,0.000047,0.392725,0.605983,0.001244
AGACCGGGAAACCCTG-1,0.013609,0.556276,0.26531,0.164805
AGACGAAGTGCCGGTC-1,0.002594,0.50108,0.242871,0.253454
AGACGACGATGCCGCT-1,0.010076,0.534686,0.216831,0.238407
AGACGCCCACTTCGCC-1,0.000031,0.365389,0.581581,0.052999
AGACGGGATTGGTATA-1,0.00005,0.881535,0.092096,0.026318
AGACGGGCCGATTTAA-1,0.00007,0.711955,0.245193,0.042781
AGACTAGCCTTCCAGA-1,0.004034,0.564201,0.300357,0.131409
AGACTGTTACCGGGTC-1,0.001911,0.340876,0.321544,0.335669
AGAGAAACACCAGAAA-1,0.060501,0.772657,0.000663,0.166178
AGAGAACCGTCTAGGA-1,0.001793,0.578786,0.405146,0.014275
AGAGAAGGAGTACAAT-1,0.01926,0.391253,0.084339,0.505148
AGAGATCTCTAAAGCG-1,0.00018,0.759457,0.10608,0.134283
AGAGCAGTTATGAGAC-1,0.000055,0.311136,0.396256,0.292552
AGAGCCGCCGAGATTT-1,0.000047,0.485713,0.508499,0.005741
AGAGCGCTTGTAACGG-1,0.025126,0.490995,0.370272,0.113607
AGAGCGGGCTAATCAT-1,0.005182,0.137651,0.529551,0.327615
AGAGCGTACAAGCTCG-1,0.000545,0.969847,0.019731,0.009877
AGAGCTACGAAAGCAT-1,0.003633,0.537615,0.340962,0.11779
AGAGGCTTCGGAAACC-1,0.000064,0.650291,0.303674,0.04597
AGAGGGACAATTGTCC-1,0.000019,0.144028,0.796774,0.059179
AGAGGTATCTCGGTCC-1,0.000028,0.687928,0.291634,0.02041
AGAGTAAACTTCACTA-1,0.005646,0.626643,0.342238,0.025473
AGAGTATAGTGTTACG-1,0.014292,0.567637,0.363859,0.054212
AGAGTCTTAATGAAAG-1,0.920183,0.069904,0.002105,0.007808
AGAGTGAACAGACACC-1,0.000677,0.405096,0.494878,0.09935
AGAGTTAGAGACCGAT-1,0.000038,0.291683,0.098229,0.610051
AGAGTTGCAGGCCTCC-1,0.000054,0.808039,0.164115,0.027793
AGATAACTTCAGGGCC-1,0.000031,0.664664,0.195258,0.140048
AGATAATCACACCTAT-1,0.068545,0.824545,0.000559,0.106351
AGATACCAATAGAACC-1,0.000059,0.752316,0.231435,0.01619
AGATACCAGCACTTCA-1,0.149309,0.445719,0.247848,0.157124
AGATACCGGTGTTCAC-1,0.009984,0.396136,0.317463,0.276416
AGATACGACTTCATAT-1,0.010817,0.118869,0.477718,0.392596
AGATACTCAAGATCGA-1,0.020553,0.015145,0.593422,0.370879
AGATATAATACGACTA-1,0.18208,0.190731,0.207187,0.420002
AGATCGTGCATAAGAT-1,0.014443,0.616754,0.357258,0.011545
AGATCTCAGGTGTGAT-1,0.000038,0.361683,0.571883,0.066397
AGATCTGGAGAGGATA-1,0.047548,0.694086,0.000264,0.258103
AGATGACTCGCCCACG-1,0.001068,0.029445,0.724651,0.244836
AGATGAGGGTTGCGAT-1,0.036335,0.343649,0.543531,0.076484
AGATGATGGAGTCTGG-1,0.000108,0.561588,0.438088,0.000216
AGATGCAAGACGTGCA-1,0.051753,0.790041,0.0005,0.157706
AGATGCATCCTGTGTC-1,0.02923,0.200144,0.001728,0.768898
AGATGCTATAACGAGC-1,0.000023,0.106958,0.145122,0.747897
AGATTATAGGACGTTT-1,0.012559,0.191466,0.534138,0.261838
AGATTCAAGCGGGTCG-1,0.000066,0.999671,0.000131,0.000131
AGATTCACAACCGATA-1,0.225745,0.258445,0.003507,0.512303
AGCAAAGGCCGCTAGT-1,0.094236,0.560686,0.118411,0.226667
AGCAACATATCTTATT-1,0.015284,0.0357,0.688853,0.260162
AGCAACCGAAAGTAAT-1,0.109057,0.513736,0.001225,0.375982
AGCACACGTTTAGACT-1,0.211015,0.632808,0.001315,0.154862
AGCACCAGTACTCACG-1,0.032146,0.363032,0.49084,0.113982
AGCACTACCGGCCTGT-1,0.000453,0.102434,0.462421,0.434692
AGCACTACCTCACCAG-1,0.002183,0.119393,0.61899,0.259435
AGCACTTAAGGACGCC-1,0.000026,0.31331,0.367855,0.318808
AGCAGAAGGAGAAAGA-1,0.057219,0.65403,0.042136,0.246616
AGCAGCCAGATGAATA-1,0.000028,0.342067,0.445547,0.212357
AGCATATCAATATGCT-1,0.000049,0.39523,0.372786,0.231934
AGCATCATTTCGAAAG-1,0.000215,0.399315,0.00043,0.60004
AGCATCGTCGATAATT-1,0.052597,0.476943,0.160802,0.309659
AGCATTACGAGGCAAG-1,0.084262,0.695642,0.119284,0.100812
AGCCAAGCTTTGTGTC-1,0.016958,0.596589,0.098013,0.28844
AGCCACAGGTTACCCG-1,0.058312,0.726205,0.114003,0.10148
AGCCACTCCCGTGCTT-1,0.00004,0.70015,0.218209,0.081601
AGCCATATAGTATGTG-1,0.135406,0.551162,0.000092,0.31334
AGCCCATACATGTAAG-1,0.001342,0.804166,0.079449,0.115044
AGCCCGCAACAAGCAG-1,0.014583,0.414412,0.171952,0.399053
AGCCCGCACTACAATG-1,0.584684,0.239535,0.121397,0.054384
AGCCCGGCATTAGAGG-1,0.09787,0.881354,0.000558,0.020219
AGCCCGGTAGCCTGTA-1,0.002921,0.250593,0.325405,0.421082
AGCCCTAAGCGAAGTT-1,0.010814,0.3696,0.360123,0.259464
AGCCCTCCCTGGTGGC-1,0.000575,0.773541,0.00115,0.224733
AGCCCTGTCGCACCGT-1,0.000021,0.000021,0.001667,0.998291
AGCCCTTCTAATCCGA-1,0.03926,0.816541,0.121639,0.02256
AGCCCTTGGACATCCC-1,0.009835,0.873664,0.107666,0.008835
AGCCGCAAATTCAAAT-1,0.057906,0.940614,0.00074,0.000741
AGCCGCTTGATTAGCG-1,0.002637,0.514439,0.274765,0.208159
AGCCGTGGCTAAATGT-1,0.000024,0.000418,0.223558,0.776
AGCCTAATACCCACGT-1,0.079879,0.864189,0.000381,0.055551
AGCCTTAAAGCGGAAG-1,0.006344,0.807142,0.129907,0.056606
AGCCTTGTCACTGATA-1,0.07365,0.660084,0.00018,0.266086
AGCGACAGGAACGGTC-1,0.009565,0.615738,0.120824,0.253872
AGCGACATCCCATTCA-1,0.018482,0.695463,0.190847,0.095209
AGCGACCAACGATATT-1,0.000159,0.606588,0.317319,0.075934
AGCGACTTTGAAGACA-1,0.210622,0.558806,0.000362,0.23021
AGCGAGACGTGAAGGC-1,0.164867,0.833331,0.0009,0.000901
AGCGATGCGCCTAATA-1,0.00009,0.7251,0.235839,0.03897
AGCGCATAATGAATCG-1,0.002139,0.508787,0.37848,0.110594
AGCGCGGGTGCCAATG-1,0.000052,0.38523,0.59611,0.018608
AGCGCTAGAGCGATGT-1,0.053899,0.865851,0.000146,0.080103
AGCGCTTATGGGCAAG-1,0.000101,0.746299,0.218067,0.035533
AGCGGACACTTCGTAG-1,0.007209,0.46284,0.20348,0.326471
AGCGGCGGTTAGCGGT-1,0.000466,0.470242,0.000931,0.528361
AGCGGGAAGGGTCCAT-1,0.009916,0.621491,0.204766,0.163827
AGCGGGTCTGACACTC-1,0.045078,0.252124,0.227321,0.475476
AGCGGTTGAGATGTAC-1,0.000067,0.313459,0.370288,0.316186
AGCGGTTGCCGCTCTG-1,0.000597,0.044422,0.35359,0.601391
AGCGTACGAGAGCTAG-1,0.011238,0.198672,0.338318,0.451772
AGCGTAGCGCTAGACC-1,0.006287,0.112194,0.692978,0.188541
AGCGTCTGAACCCGCA-1,0.011962,0.30319,0.425548,0.2593
AGCGTGGTATTCTACT-1,0.024832,0.292527,0.414892,0.267748
AGCGTTCCGATTTAAA-1,0.000045,0.728651,0.264531,0.006773
AGCTAACAAGCAATGT-1,0.014904,0.475099,0.043236,0.466761
AGCTAAGCTCCGTCCG-1,0.160868,0.797444,0.000476,0.041212
