Barcode,Topic 1,Topic 2to3,Topic 4to9
AAACAACGAATAGTTC-1,0.000799,0.882655,0.116546
AAACAAGTATCTCCCA-1,0.044729,0.02119,0.934081
AAACAATCTACTAGCA-1,0.028385,0.897186,0.074429
AAACACCAATAACTGC-1,0.212324,0.039844,0.747832
AAACAGAGCGACTCCT-1,0.108445,0.132215,0.75934
AAACAGCTTTCAGAAG-1,0.942592,0.035293,0.022115
AAACAGGGTCTATATT-1,0.26951,0.211575,0.518915
AAACAGTGTTCCTGGG-1,0.032442,0.063335,0.904222
AAACATGGTGAGAGGA-1,0.47969,0.118935,0.401375
AAACATTTCCCGGATT-1,0.169123,0.071288,0.759589
AAACCACTACACAGAT-1,0.080015,0.753822,0.166163
AAACCCGAACGAAATC-1,0.001505,0.063271,0.935224
AAACCGGAAATGTTAA-1,0.238825,0.136876,0.624299
AAACCGGGTAGGTACC-1,0.667033,0.036206,0.296761
AAACCGTTCGTCCAGG-1,0.059597,0.090749,0.849654
AAACCTAAGCAGCCGG-1,0.021907,0.121647,0.856446
AAACCTCATGAAGTTG-1,0.24352,0.053078,0.703402
AAACGAAGAACATACC-1,0.003248,0.898456,0.098296
AAACGAAGATGGAGTA-1,0.111469,0.039775,0.848756
AAACGACAGTCTTGCC-1,0.032093,0.945454,0.022452
AAACGAGACGGTTGAT-1,0.027158,0.134556,0.838287
AAACGCCCGAGATCGG-1,0.131714,0.771498,0.096788
AAACGCTGGGCACGAC-1,0.255834,0.048367,0.695799
AAACGGGCGTACGGGT-1,0.007887,0.136003,0.85611
AAACGGGTTGGTATCC-1,0.000031,0.954554,0.045415
AAACGGTTGCGAACTG-1,0.086134,0.046616,0.867249
AAACGTGTTCGCCCTA-1,0.31984,0.373754,0.306406
AAACTAACGTGGCGAC-1,0.209246,0.727311,0.063443
AAACTCGGTTCGCAAT-1,0.017897,0.029332,0.952771
AAACTCGTGATATAAG-1,0.77694,0.000994,0.222066
AAACTGCTGGCTCCAA-1,0.023514,0.046153,0.930333
AAACTTAATTGCACGC-1,0.080592,0.056893,0.862515
AAACTTGCAAACGTAT-1,0.777014,0.016245,0.206741
AAAGAATGACCTTAGA-1,0.999884,0.000029,0.000087
AAAGAATGTGGACTAA-1,0.145071,0.027413,0.827515
AAAGACATGAAGTTTA-1,0.080329,0.827968,0.091704
AAAGACCCAAGTCGCG-1,0.067208,0.895398,0.037394
AAAGACTGGGCGCTTT-1,0.325468,0.598396,0.076136
AAAGCTTGCCTACATA-1,0.006802,0.045103,0.948095
AAAGGCCCTATAATAC-1,0.021434,0.053742,0.924824
AAAGGCTACGGACCAT-1,0.072326,0.042151,0.885523
AAAGGCTCTCGCGCCG-1,0.00002,0.017493,0.982486
AAAGGGATGTAGCAAG-1,0.000016,0.07751,0.922474
AAAGGGCAGCTTGAAT-1,0.606893,0.288064,0.105043
AAAGGTAAGCTGTACC-1,0.402425,0.427398,0.170177
AAAGGTCAACGACATG-1,0.034571,0.809342,0.156087
AAAGTAGCATTGCTCA-1,0.417152,0.080638,0.50221
AAAGTCACTGATGTAA-1,0.104933,0.790033,0.105034
AAAGTCGACCCTCAGT-1,0.717118,0.204654,0.078228
AAAGTGCCATCAATTA-1,0.091799,0.028118,0.880083
AAAGTGTGATTTATCT-1,0.00002,0.043197,0.956783
AAAGTTGACTCCCGTA-1,0.087609,0.042488,0.869903
AAATAACCATACGGGA-1,0.550276,0.277803,0.171921
AAATAAGGTAGTGCCC-1,0.066292,0.111203,0.822505
AAATACCTATAAGCAT-1,0.047584,0.119707,0.832709
AAATAGCTTAGACTTT-1,0.301303,0.058383,0.640315
AAATAGGGTGCTATTG-1,0.002818,0.111901,0.885281
AAATCACTCCTAAACG-1,0.00001,0.806767,0.193223
AAATCCGATACACGCC-1,0.052922,0.031391,0.915687
AAATCGCGGAAGGAGT-1,0.071454,0.064158,0.864388
AAATCGTGTACCACAA-1,0.085875,0.078783,0.835342
AAATCTAGCCCTGCTA-1,0.191181,0.030844,0.777974
AAATCTGCCCGCGTCC-1,0.307215,0.017116,0.675668
AAATGACTGATCAAAC-1,0.172725,0.074332,0.752943
AAATGATTCGATCAGC-1,0.042222,0.066046,0.891733
AAATGCTCGTTACGTT-1,0.263397,0.70469,0.031913
AAATGGCATGTCTTGT-1,0.000021,0.73851,0.261468
AAATGGCCCGTGCCCT-1,0.00289,0.032179,0.964931
AAATGGTCAATGTGCC-1,0.216068,0.23884,0.545092
AAATGTATCTTATCCC-1,0.424331,0.495384,0.080284
AAATGTGGGTGCTCCT-1,0.083296,0.902207,0.014497
AAATTAACGGGTAGCT-1,0.17654,0.25862,0.56484
AAATTAATAAGCGCGA-1,0.372927,0.603308,0.023765
AAATTACACGACTCTG-1,0.616059,0.245394,0.138547
AAATTACCTATCGATG-1,0.999803,0.000049,0.000148
AAATTCCAGGTCCAAA-1,0.002865,0.054157,0.942978
AAATTGATAGTCCTTT-1,0.205904,0.112647,0.681448
AAATTGCGGCGGTTCT-1,0.026475,0.949002,0.024523
AAATTGGTGAGAAGCA-1,0.319778,0.177325,0.502897
AAATTTACCGAAATCC-1,0.205171,0.622834,0.171995
AAATTTGCGGGTGTGG-1,0.21181,0.073701,0.714489
AACAACTGGTAGTTGC-1,0.505523,0.211624,0.282853
AACAATACATTGTCGA-1,0.012787,0.083536,0.903677
AACAATTACTCTACGC-1,0.581458,0.376371,0.042171
AACACACGCTCGCCGC-1,0.165646,0.138498,0.695856
AACACGACTGTACTGA-1,0.212994,0.634658,0.152349
AACACGAGACGCGGCC-1,0.783536,0.010634,0.20583
AACACGCGGCCGCGAA-1,0.056772,0.87665,0.066578
AACAGCTGTGTGGCAA-1,0.305868,0.039372,0.65476
AACAGGAAATCGAATA-1,0.129678,0.601656,0.268666
AACAGGATGGGCCGCG-1,0.692005,0.307572,0.000423
AACAGGTAGTATGGAT-1,0.075805,0.096217,0.827977
AACATAGCGTGTATCG-1,0.08808,0.053926,0.857994
AACATATCAACTGGTG-1,0.091628,0.146988,0.761384
AACATCGATACGTCTA-1,0.062843,0.073116,0.864041
AACATTGAAGTTGATC-1,0.1545,0.145837,0.699663
AACATTGGTCAGCCGT-1,0.061099,0.924528,0.014373
AACATTGTGACTCGAG-1,0.114054,0.027139,0.858807
AACCAAGACTTCTCTG-1,0.306088,0.110098,0.583814
AACCAGTATCACTCTT-1,0.192871,0.486666,0.320464
AACCATAGGGTTGAAC-1,0.056466,0.009245,0.934289
AACCATGGGATCGCTA-1,0.221619,0.731496,0.046885
AACCCAGAGACGGAGA-1,0.269019,0.629577,0.101403
AACCCATCCCATGATC-1,0.416461,0.120754,0.462785
AACCCGACAACCCGTG-1,0.05112,0.031545,0.917335
AACCCGAGCAGAATCG-1,0.144762,0.1516,0.703637
AACCCGATAGGGCTTC-1,0.000019,0.802289,0.197691
AACCCGCTGTATTCCA-1,0.112602,0.043343,0.844054
AACCCTACTGTCAATA-1,0.033184,0.067382,0.899433
AACCCTGGTGGAACCA-1,0.203045,0.704708,0.092247
AACCGAGCTTGGTCAT-1,0.076413,0.415604,0.507983
AACCGCTAAGGGATGC-1,0.035744,0.03545,0.928806
AACCGTTGTGTTTGCT-1,0.153576,0.798351,0.048073
AACCTAAAGCCGTCCG-1,0.040559,0.869274,0.090167
AACCTCGCTTTAGCCC-1,0.002293,0.056193,0.941514
AACCTGTCACGGAATT-1,0.00122,0.054688,0.944091
AACCTTTAAATACGGT-1,0.021288,0.079445,0.899267
AACCTTTACGACGTCT-1,0.230238,0.139961,0.629801
AACGAAAGTCGTCCCA-1,0.208616,0.029027,0.762357
AACGACCTCCTAGCCG-1,0.119536,0.070637,0.809827
AACGATAATGCCGTAG-1,0.0312,0.075361,0.893439
AACGATAGAAGGGCCG-1,0.170763,0.739215,0.090022
AACGATATGTCAACTG-1,0.361778,0.088369,0.549852
AACGCATGATCTGGGT-1,0.26587,0.10791,0.62622
AACGCGAACGGCAACA-1,0.027286,0.930743,0.04197
AACGCGACCTTGGGCG-1,0.16143,0.072166,0.766404
AACGCGGTCTCCAGCC-1,0.172487,0.193858,0.633655
AACGCTGTTGCTGAAA-1,0.036783,0.064612,0.898604
AACGGACGTACGTATA-1,0.016813,0.085909,0.897278
AACGGCCATCTCCGGT-1,0.018787,0.061211,0.920002
AACGTACTGTGGGTAC-1,0.146852,0.167915,0.685233
AACGTAGTCTACCCAT-1,0.011436,0.901766,0.086798
AACGTCAGACTAGTGG-1,0.193569,0.628331,0.1781
AACGTCATCCGGCTTG-1,0.080238,0.000151,0.919612
AACGTCGCTGCACTTC-1,0.023134,0.05059,0.926277
AACGTGATGAAGGACA-1,0.115876,0.750474,0.133649
AACGTGCGAAAGTCTC-1,0.0001,0.039645,0.960255
AACGTTATCAGCACCT-1,0.584225,0.371854,0.04392
AACGTTCTACCATTGT-1,0.290104,0.123885,0.586011
AACTACCCGTTTGTCA-1,0.000398,0.033234,0.966368
AACTAGCGTATCGCAC-1,0.047192,0.877485,0.075323
AACTAGGCTTGGGTGT-1,0.095281,0.002708,0.902011
AACTCAAGTTAATTGC-1,0.118766,0.132613,0.748621
AACTCCAGAGCGTGTT-1,0.094337,0.066781,0.838883
AACTCCTAATCCCATG-1,0.888398,0.103764,0.007838
AACTCGATAAACACGT-1,0.001985,0.946417,0.051598
AACTCGATGGCGCAGT-1,0.104039,0.883735,0.012227
AACTCTCAATAGAGCG-1,0.226895,0.186223,0.586883
AACTCTCAGTGTGCTC-1,0.229423,0.050314,0.720263
AACTGAGGTCAGCGTC-1,0.106199,0.721855,0.171946
AACTGAGTTATACTGA-1,0.066592,0.054634,0.878775
AACTGATATTAGGCCT-1,0.30621,0.58806,0.10573
AACTGGGTCCCGACGT-1,0.249964,0.257569,0.492467
AACTGGGTTCGAGCCG-1,0.098305,0.881212,0.020483
AACTGGTGTGGGCCTT-1,0.003698,0.986203,0.0101
AACTTCTGCGTCTATC-1,0.188268,0.799183,0.012549
AACTTGCCCGTATGCA-1,0.515056,0.46833,0.016614
AACTTGCGTTCTCGCG-1,0.158188,0.516954,0.324859
AACTTTACGGGAGCTT-1,0.502619,0.463209,0.034172
AACTTTAGCTGCTGAG-1,0.090529,0.548876,0.360594
AACTTTCTCGATCATG-1,0.835518,0.022585,0.141897
AAGAAAGTTTGATGGG-1,0.039557,0.010855,0.949588
AAGAAATCACCAGATT-1,0.01995,0.091238,0.888811
AAGAAGGATCAGTTAG-1,0.089497,0.796321,0.114182
AAGACATACGTGGTTT-1,0.068811,0.060036,0.871153
AAGACCAAATAACTCA-1,0.858361,0.027534,0.114105
AAGACCCAACTGAACA-1,0.068797,0.061229,0.869974
AAGACTAACCCGTTGT-1,0.015195,0.906561,0.078244
AAGACTCACGCCCACT-1,0.200684,0.716051,0.083265
AAGACTGCAAGCTACT-1,0.083754,0.132534,0.783712
AAGAGATGAATCGGTA-1,0.182282,0.639923,0.177795
AAGAGCTCTTTATCGG-1,0.334601,0.00845,0.65695
AAGAGGATGTACGCGA-1,0.185805,0.105415,0.70878
AAGAGGCATGGATCGC-1,0.110626,0.10908,0.780294
AAGAGGCCCTTTGGAA-1,0.203599,0.029386,0.767016
AAGATGGCACCGGACC-1,0.092231,0.03984,0.86793
AAGATTGGCGGAACGT-1,0.999597,0.000101,0.000302
AAGCACCCTGCGTATC-1,0.006281,0.10807,0.88565
AAGCATACTCTCCTGA-1,0.012182,0.030624,0.957194
AAGCCACTTGCAGGTA-1,0.02307,0.009907,0.967023
AAGCCGAAGCGGTTTA-1,0.050273,0.082384,0.867343
AAGCCGCCGTGAAATC-1,0.05848,0.037025,0.904494
AAGCCGCTTTACCTTG-1,0.129344,0.221066,0.64959
AAGCCGGAGAGCAGGA-1,0.318678,0.034567,0.646756
AAGCGCAGGGCTTTGA-1,0.101888,0.049139,0.848973
AAGCGGAGTGCGCGCA-1,0.505913,0.283747,0.210339
AAGCGGCGTCATGGGT-1,0.235303,0.667273,0.097424
AAGCGTCCCTCATCGA-1,0.282445,0.000849,0.716707
AAGCTAGATCGAGTAA-1,0.094156,0.058632,0.847212
AAGCTATGGATTGACC-1,0.041157,0.027014,0.931829
AAGCTCGTGCCAAGTC-1,0.080105,0.106069,0.813826
AAGCTCTTTCATGGTG-1,0.040576,0.099923,0.859501
AAGGAGAACTTATAAG-1,0.051107,0.872419,0.076473
AAGGAGCGGTTGGTGC-1,0.521538,0.23495,0.243512
AAGGATCGATCGCTTG-1,0.112442,0.044674,0.842884
AAGGATGAGGGACCTC-1,0.332389,0.032049,0.635562
AAGGCAGGCTGTCTCC-1,0.039266,0.048334,0.9124
AAGGCGCGTAAAGCTT-1,0.252495,0.662044,0.085461
AAGGCTGTGCTCATCG-1,0.661976,0.066233,0.27179
AAGGGAACGACTGGCT-1,0.00593,0.034286,0.959784
AAGGGACAGATTCTGT-1,0.99967,0.000082,0.000247
AAGGGACTATGCATTC-1,0.176435,0.045352,0.778213
AAGGGTTAGCCATGCG-1,0.028983,0.092974,0.878043
AAGGGTTTGATTTCAG-1,0.427965,0.210112,0.361923
AAGGTATCCTAATATA-1,0.722832,0.024568,0.2526
AAGGTGATAAACCAGC-1,0.028988,0.028091,0.942921
AAGTAAGCTTCCAAAC-1,0.042061,0.842097,0.115842
AAGTAGAAGACCGGGT-1,0.191505,0.668342,0.140153
AAGTAGTGACGCGAGG-1,0.308653,0.256089,0.435258
AAGTCAATTGTCGTCA-1,0.041319,0.013438,0.945243
AAGTCTAGTAGCTGCC-1,0.127692,0.148285,0.724022
AAGTCTTCTGTGGCCT-1,0.552436,0.436672,0.010892
AAGTGACGACCGAATT-1,0.919728,0.024579,0.055694
AAGTGAGTCGGGTTTA-1,0.003992,0.095265,0.900744
AAGTGCAAAGGTAGAC-1,0.231978,0.552818,0.215204
AAGTGCCTTGACTGTA-1,0.05672,0.124555,0.818725
AAGTGCGTTAGAATCT-1,0.205482,0.083023,0.711495
AAGTGCTTCTCTATTG-1,0.050674,0.019827,0.929499
AAGTGTTTGGAGACGG-1,0.059305,0.026093,0.914601
AAGTTCACTCCAAGCT-1,0.001575,0.154875,0.84355
AAGTTCAGTCTGCGTA-1,0.1342,0.137384,0.728416
AAGTTCGGCCAACAGG-1,0.179753,0.187504,0.632743
AAGTTGTGATGTTATA-1,0.000014,0.100058,0.899928
AAGTTTACTAATGGCA-1,0.142187,0.780809,0.077004
AAGTTTATGGGCCCAA-1,0.049105,0.055336,0.895559
AATAACAACGCTCGGC-1,0.759573,0.039132,0.201295
AATAACACTAGAACAA-1,0.099465,0.093153,0.807383
AATAACGTCGCGCCCA-1,0.18356,0.051473,0.764967
AATAAGTCCTCGAGAC-1,0.063567,0.781756,0.154677
AATAATCTTCGTATCG-1,0.084409,0.019991,0.8956
AATACAATGTTTCAGG-1,0.169857,0.754023,0.07612
AATACCGGAGGGCTGT-1,0.043385,0.023309,0.933306
AATACCTGATGTGAAC-1,0.171875,0.093539,0.734586
AATAGAACAGAGTGGC-1,0.080398,0.050479,0.869123
AATAGAATCTGTTTCA-1,0.164126,0.115979,0.719894
AATAGCAAGCCTCCTG-1,0.274806,0.608382,0.116812
AATAGCTACCGCGTGC-1,0.430844,0.062125,0.507031
AATAGGCACGACCCTT-1,0.059875,0.042404,0.897721
AATAGTCCGTCCCGAC-1,0.055597,0.040297,0.904107
AATAGTCGCGAGTCGG-1,0.371602,0.563678,0.064721
AATATCAAGGTCGGAT-1,0.143197,0.719294,0.137509
AATATCCTAGCAAACT-1,0.776969,0.158577,0.064454
AATATCGAATCAATGC-1,0.014573,0.039508,0.945919
AATATCGAGGGTTCTC-1,0.08156,0.043627,0.874813
AATATTGGAGTATTGA-1,0.11494,0.138253,0.746808
AATCAGACTGCAGGAC-1,0.043492,0.951086,0.005422
AATCAGGTTTCATTTA-1,0.08115,0.069632,0.849219
AATCATGTAAAGACTC-1,0.080289,0.101556,0.818155
AATCCAAGGGCCTGAG-1,0.092291,0.812436,0.095273
AATCCATGCAAGGGTG-1,0.059643,0.925395,0.014962
AATCCCGCTCAGAGCC-1,0.259454,0.006936,0.73361
AATCGAGGTCTCAAGG-1,0.324637,0.027498,0.647865
AATCGCCTCAGCGCCA-1,0.152274,0.080672,0.767054
AATCGCGCAGAGGACT-1,0.019737,0.084649,0.895614
AATCGGGACACTACGA-1,0.074999,0.797246,0.127755
AATCGGTATAGCCCTC-1,0.020589,0.048591,0.93082
AATCGTGAGCCGAGCA-1,0.040443,0.076763,0.882795
AATCTAGGTTTACTTG-1,0.25622,0.21151,0.53227
AATCTATGCCGGAGCC-1,0.022938,0.033552,0.94351
AATCTCTACTGTGGTT-1,0.889929,0.109628,0.000443
AATCTGCGTTGGGACG-1,0.069275,0.065131,0.865594
AATCTGGCTTTCTAGT-1,0.055824,0.070305,0.873871
AATCTGGGTAGACCCT-1,0.103057,0.814281,0.082662
AATGACAGCAATGTCT-1,0.229808,0.051151,0.719041
AATGACGTAGGATGTC-1,0.00888,0.059895,0.931225
AATGACTGTCAGCCGG-1,0.761162,0.177677,0.06116
AATGAGTTCGCATATG-1,0.209231,0.722568,0.068201
AATGATGATACGCTAT-1,0.196253,0.110991,0.692757
AATGATGCGACTCCTG-1,0.334235,0.00379,0.661975
AATGCAACCGGGTACC-1,0.021678,0.129395,0.848927
AATGCACCAAGCAATG-1,0.000014,0.226848,0.773139
AATGGCCGCCAATGCG-1,0.000014,0.849422,0.150564
AATGGTCCACCGTTCA-1,0.540402,0.378827,0.080771
AATGGTTCTCACAAGC-1,0.43188,0.524358,0.043762
AATGTATGGCACTGTA-1,0.119465,0.02164,0.858895
AATGTGCCCGAGGTGT-1,0.091203,0.018833,0.889964
AATGTGCTAATCTGAG-1,0.02009,0.037017,0.942892
AATGTTAAGACCCTGA-1,0.132857,0.01519,0.851953
AATGTTGTCGTGAGAC-1,0.318953,0.027704,0.653343
AATTAAAGGTCGGCGT-1,0.045586,0.094894,0.85952
AATTAACGGATTTCCA-1,0.10739,0.127321,0.765289
AATTACGAGACCCATC-1,0.558807,0.105995,0.335198
AATTACTCGTACGCTC-1,0.003907,0.983966,0.012127
AATTAGCGCTGCAGCG-1,0.000018,0.009757,0.990225
AATTATACCCAGCAAG-1,0.134492,0.028698,0.836809
AATTCATAAGGGATCT-1,0.224096,0.142877,0.633027
AATTCATTGTCATGCA-1,0.078417,0.118481,0.803103
AATTCCAACTTGGTGA-1,0.000032,0.962475,0.037492
AATTCCAAGCATGTAC-1,0.171786,0.063175,0.765039
AATTCGATTCGAGGAT-1,0.086728,0.052306,0.860966
AATTCTAGAGTTAGGC-1,0.167958,0.142909,0.689132
AATTGAACGCTCTGGT-1,0.17812,0.078718,0.743162
AATTGCAGCAATCGAC-1,0.168253,0.053444,0.778303
AATTGCGTGGATTACA-1,0.091716,0.074564,0.83372
AATTGTGGTTGCCAAA-1,0.079711,0.01513,0.905158
AATTTGGGACATAGTA-1,0.700988,0.153432,0.145581
AATTTGGTTCCAAAGA-1,0.068163,0.749892,0.181944
ACAAACCATGCGTCCT-1,0.093939,0.068341,0.83772
ACAAACCGACAAGGCG-1,0.000027,0.98756,0.012414
ACAAACTCCATCAGAG-1,0.043582,0.026847,0.929571
ACAAAGAAGGTAGGCC-1,0.904737,0.090129,0.005134
ACAAAGCATGACCTAG-1,0.077068,0.019889,0.903043
ACAAATCGCACCGAAT-1,0.11695,0.109299,0.773751
ACAAATGGTAGTGTTT-1,0.185209,0.0302,0.784592
ACAAATTCAGATCTGA-1,0.361798,0.515534,0.122668
ACAACAGCATGAGCTA-1,0.000878,0.047163,0.95196
ACAACGGTCCCTGCGA-1,0.24933,0.653423,0.097248
ACAAGCAGTGCCTAGC-1,0.592404,0.318388,0.089208
ACAAGCTATATGGAAG-1,0.355285,0.607722,0.036993
ACAAGGAAATCCGCCC-1,0.135791,0.101883,0.762326
ACAAGGACAAGAGGTT-1,0.281173,0.48795,0.230877
ACAAGGATGCTTTAGG-1,0.109603,0.058244,0.832153
ACAAGGCCTACCAGCC-1,0.365531,0.555352,0.079117
ACAAGGGCAGGCTCTG-1,0.043867,0.05025,0.905882
ACAAGTAATTGTAAGG-1,0.091001,0.031249,0.87775
ACAATAGTCGTACGTT-1,0.877762,0.051557,0.070681
ACAATCCATTTAAACC-1,0.350682,0.140272,0.509046
ACAATCGATCTTTATA-1,0.004203,0.948726,0.047071
ACAATGAATACGGAGA-1,0.763809,0.000066,0.236126
ACAATGATTCTTCTAC-1,0.331877,0.559845,0.108279
ACAATTGTGTCTCTTT-1,0.084574,0.042414,0.873011
ACAATTTAGGAGGCTC-1,0.344407,0.518022,0.137571
ACAATTTGAGCAGTGG-1,0.170794,0.110772,0.718434
ACAATTTGGCCATATT-1,0.032391,0.065837,0.901772
ACACAAAGACGGGTGG-1,0.220763,0.318307,0.46093
ACACAAATATTCCTAG-1,0.403117,0.161638,0.435244
ACACACCAGGACCAGT-1,0.046836,0.095569,0.857595
ACACACTTTCTACACG-1,0.071873,0.639203,0.288924
ACACATGATCAAATCT-1,0.007901,0.016486,0.975613
ACACATTGACGCAACA-1,0.001949,0.973973,0.024079
ACACATTTCCGTAGAC-1,0.002296,0.043071,0.954633
ACACCACATAATTAGC-1,0.004787,0.080961,0.914252
ACACCCAGCATGCAGC-1,0.168968,0.387658,0.443374
ACACCCGAGAAATCCG-1,0.298294,0.645321,0.056385
ACACCCGTAAATCTGT-1,0.028666,0.799088,0.172246
ACACCGAGCGCTCTTT-1,0.075929,0.900858,0.023213
ACACCGGTCTGACCGC-1,0.063747,0.022164,0.914089
ACACCTTAAGTAGGGC-1,0.578106,0.346622,0.075272
ACACCTTACTACTTGC-1,0.033025,0.037898,0.929076
ACACGAGACTCCTTCT-1,0.158823,0.11371,0.727467
ACACGGCACTATGCAT-1,0.127042,0.662916,0.210043
ACACGGGAACTTAGGG-1,0.268058,0.317361,0.414581
ACACGTAGGCCACAAG-1,0.104866,0.094481,0.800653
ACACTCCAATGTCACT-1,0.458884,0.524832,0.016284
ACACTGATCAAGGTGT-1,0.240737,0.103558,0.655705
ACACTGGGACAGTCGT-1,0.197159,0.059491,0.74335
ACAGAACTGAGAACAA-1,0.277397,0.013451,0.709152
ACAGATTAGGTTAGTG-1,0.082128,0.646139,0.271733
ACAGCATAGAGCCAGT-1,0.17561,0.667274,0.157116
ACAGCGACATTCTCAT-1,0.111269,0.096449,0.792282
ACAGCGCACCCGCAGC-1,0.138659,0.650418,0.210923
ACAGGAGGCGCAGCCG-1,0.005661,0.844298,0.150041
ACAGGCACGGATCCTT-1,0.04751,0.06242,0.890071
ACAGGCTTGCCCGACT-1,0.050316,0.073751,0.875933
ACAGGTGGAGGTGAGG-1,0.078618,0.108722,0.81266
ACAGGTGTGTTGTTGC-1,0.195582,0.666148,0.138269
ACAGTAATACAACTTG-1,0.331471,0.186121,0.482408
ACAGTATACCGTGGGA-1,0.055399,0.12375,0.820851
ACAGTGCAGCGCATTT-1,0.000012,0.783127,0.21686
ACATAAGTCGTGGTGA-1,0.999707,0.000073,0.00022
ACATAATAAGGCGGTG-1,0.312368,0.00968,0.677951
ACATACAATCAAGCGG-1,0.635287,0.009746,0.354966
ACATCAGCTGGGACGC-1,0.529545,0.384204,0.086251
ACATCCCGGCCATACG-1,0.050719,0.038209,0.911073
ACATCCTGGTAACTGT-1,0.057113,0.053504,0.889383
ACATCGATCGTTTACC-1,0.155504,0.249242,0.595254
ACATCGCAATATTCGG-1,0.167662,0.003364,0.828974
ACATCGGTCAGCCGCG-1,0.150408,0.086747,0.762844
ACATCGTATGCAATGG-1,0.073599,0.060087,0.866314
ACATCGTTAACCTAGT-1,0.087711,0.753266,0.159023
ACATCTCAACGCGTAA-1,0.029358,0.860985,0.109657
ACATGCTTACGGCAGC-1,0.261174,0.004668,0.734157
ACATGGCGCCAAAGTA-1,0.105856,0.10687,0.787274
ACATGGCTCAATTTAG-1,0.001425,0.878158,0.120418
ACATTAGTTTATATCC-1,0.089039,0.069696,0.841265
ACATTCGCGCGGAATA-1,0.214352,0.026243,0.759405
ACATTTGAAACCTAAC-1,0.845383,0.004053,0.150564
ACCAAACACCCAGCGA-1,0.118081,0.14737,0.734548
ACCAAACTAGAAATCC-1,0.092377,0.829794,0.077829
ACCAACACCACACACT-1,0.13733,0.149761,0.712909
ACCAACCGCACTCCAC-1,0.034869,0.065401,0.89973
ACCAACGCTTATTTAT-1,0.048976,0.043669,0.907354
ACCAAGAACGCGTGTC-1,0.462654,0.475321,0.062026
ACCAAGTCATCGGCAG-1,0.118714,0.04063,0.840657
ACCAATATGCAAGTTA-1,0.090454,0.131492,0.778054
ACCACAACTCAGAACA-1,0.199986,0.609365,0.190649
ACCACAAGTTTCTATC-1,0.089526,0.163839,0.746635
ACCACACGGTTGATGG-1,0.030778,0.023851,0.945372
ACCACCAATGTAACAA-1,0.086811,0.071315,0.841874
ACCACCCTCTCTTCTA-1,0.513971,0.121469,0.36456
ACCACGTGCAGCTATA-1,0.000022,0.012406,0.987572
ACCACTGTTCAAGAAG-1,0.002309,0.944744,0.052947
ACCAGACCATAACAAC-1,0.398535,0.477312,0.124154
ACCAGCCCGGTCTTTG-1,0.098203,0.855696,0.046101
ACCAGGAGTGTGATCT-1,0.000038,0.969476,0.030486
ACCAGTGCCCGGTCAA-1,0.173504,0.670732,0.155764
ACCAGTGCGGGAGACG-1,0.000023,0.081937,0.91804
ACCATATCCGCAATAA-1,0.326664,0.110428,0.562908
ACCATCCGCCAACTAG-1,0.999707,0.000073,0.00022
ACCATCGTATATGGTA-1,0.120258,0.061432,0.81831
ACCATTAAGGGTGTCA-1,0.039562,0.82381,0.136628
ACCCAACGCCCGTGGC-1,0.002763,0.042382,0.954855
ACCCACCTACATGCTC-1,0.435313,0.40853,0.156157
ACCCATCTTGAGGGTA-1,0.041151,0.086808,0.872041
ACCCATTTGTCCCTCT-1,0.130441,0.114689,0.75487
ACCCGAGCGAAATTAC-1,0.091687,0.15589,0.752423
ACCCGATTGGTTCCGA-1,0.091212,0.000539,0.908249
ACCCGGAAACTCCCAG-1,0.024602,0.105597,0.869802
ACCCGGAGCACCACAA-1,0.138066,0.108615,0.753319
ACCCGGATGACGCATC-1,0.080775,0.160479,0.758746
ACCCGGTTACACTTCC-1,0.164994,0.091994,0.743013
ACCCGTAGCAGAGAAT-1,0.151164,0.182989,0.665848
ACCCGTAGTCTAGTTG-1,0.09353,0.166667,0.739803
ACCCGTGTCATCAGTA-1,0.053284,0.004785,0.941931
ACCCTATAGGACTGAG-1,0.029964,0.930621,0.039414
ACCCTATGCCATATCG-1,0.074473,0.011032,0.914495
ACCCTCCCGTCAGGGC-1,0.059134,0.06996,0.870906
ACCCTCCCTTGCTATT-1,0.013402,0.153674,0.832924
ACCCTGGTAACGCCCT-1,0.259347,0.092887,0.647766
ACCCTTCATCTGCGAA-1,0.111565,0.625774,0.262661
ACCCTTGCCTGGGTCG-1,0.290123,0.297897,0.41198
ACCCTTTAGTTCTCCA-1,0.000733,0.911452,0.087816
ACCGAAAGGGCCCTGC-1,0.095437,0.808264,0.096299
ACCGAAGAGTCTGGTT-1,0.535195,0.095781,0.369024
ACCGACACATCTCCCA-1,0.000131,0.023216,0.976653
ACCGACTGAGTCCCAC-1,0.020463,0.239804,0.739733
ACCGAGTCTCCTTATT-1,0.107371,0.070593,0.822036
ACCGATAGGCATAACC-1,0.420276,0.008428,0.571295
ACCGATATTTAATCAT-1,0.09465,0.062534,0.842816
ACCGATGGTAGCATCG-1,0.061006,0.144241,0.794753
ACCGCAATAACTGCCT-1,0.019196,0.033265,0.947539
ACCGCGGTGGAAGTCG-1,0.021041,0.034085,0.944874
ACCGCTAGTCATTGGT-1,0.168034,0.044036,0.78793
ACCGGGCCTTTGTTGA-1,0.029545,0.067576,0.902879
ACCGGTCAGGTACACC-1,0.231749,0.123173,0.645078
ACCGGTCTGAGTACGG-1,0.095957,0.832713,0.07133
ACCGTCCACTGGGCCC-1,0.992101,0.000064,0.007836
ACCGTGACCACGTGGG-1,0.023407,0.059459,0.917134
ACCGTTCCCGCTCTGA-1,0.088211,0.873333,0.038455
ACCTAAGTACCTTTCA-1,0.024836,0.109621,0.865543
ACCTAATCGACTTCCT-1,0.919586,0.056561,0.023852
ACCTACAGTATGTGGT-1,0.081154,0.04392,0.874926
ACCTACTATAAATCTA-1,0.092956,0.025385,0.881659
ACCTCAGCGAGGCGCA-1,0.347678,0.028835,0.623487
ACCTCCGCCCTCGCTG-1,0.025501,0.070939,0.90356
ACCTCCGTTATTCACC-1,0.041627,0.243811,0.714562
ACCTCGAACTTATGCT-1,0.246115,0.029384,0.724501
ACCTGCGTGTCATGTT-1,0.238762,0.047901,0.713337
ACCTTTCCTTTAGAAG-1,0.006265,0.952825,0.04091
ACGAAATGGGCGGCAC-1,0.705689,0.220952,0.073358
ACGACCCATGAGTTGC-1,0.341452,0.01601,0.642539
ACGACTCTAGGGCCGA-1,0.021763,0.034698,0.943539
ACGACTGGTCATACTC-1,0.029285,0.059482,0.911234
ACGAGAACCCATCACG-1,0.020773,0.872212,0.107015
ACGAGATATTTGCTTA-1,0.192347,0.649702,0.15795
ACGAGGATACCACTCT-1,0.151429,0.031656,0.816915
ACGAGGTTTACAACGT-1,0.991975,0.000047,0.007978
ACGAGTACGGATGCCC-1,0.130424,0.077027,0.792549
ACGAGTCGCCGGCGTT-1,0.022071,0.906185,0.071744
ACGATACATAGAACTA-1,0.006009,0.127088,0.866902
ACGATACCTATCCTGA-1,0.278295,0.645187,0.076518
ACGATCATACATAGAG-1,0.000011,0.077585,0.922404
ACGATCATCTTGTAAA-1,0.029519,0.150682,0.819799
ACGATGCATATGTTAT-1,0.167211,0.075592,0.757197
ACGATGGATCCGATGC-1,0.188204,0.674306,0.13749
ACGCAAACTAATAGAT-1,0.004424,0.081534,0.914043
ACGCAATCACTACAGC-1,0.122307,0.06062,0.817074
ACGCATAAATGACATG-1,0.242426,0.596351,0.161223
ACGCATACGTTTACTA-1,0.103617,0.111605,0.784777
ACGCATTCGTGAGTAC-1,0.084772,0.098298,0.81693
ACGCCACTCGAAACAG-1,0.0213,0.092261,0.886439
ACGCCAGATGATTTCT-1,0.107359,0.10317,0.789472
ACGCCAGTGCGTTTGC-1,0.614301,0.000107,0.385592
ACGCCCAGCTGTCGAT-1,0.026856,0.922935,0.050209
ACGCCGCTAGACGACC-1,0.008075,0.250072,0.741853
ACGCCTGACACGCGCT-1,0.003119,0.781453,0.215428
ACGCGAAGTCAGACGA-1,0.227514,0.043319,0.729168
ACGCGCTACACAGGGT-1,0.357227,0.029073,0.6137
ACGCGGGCCAAGGACA-1,0.092746,0.072015,0.83524
ACGCGTTTCTTAAGAG-1,0.574537,0.356585,0.068878
ACGCTACTGAATGGGC-1,0.006399,0.011033,0.982567
ACGCTAGTATCAGTGC-1,0.000017,0.803181,0.196802
ACGCTAGTGATACACT-1,0.099072,0.148773,0.752155
ACGCTGTGAGGCGTAG-1,0.999156,0.000211,0.000633
ACGCTTAGTGTCTCTC-1,0.028909,0.894849,0.076242
ACGGAACACGAGTGCC-1,0.950291,0.000069,0.04964
ACGGAATTTAGCAAAT-1,0.120696,0.819726,0.059578
ACGGACGCAGCGACAA-1,0.123487,0.010852,0.865662
ACGGACTCTCAAAGCG-1,0.082158,0.018915,0.898927
ACGGAGCGCAAATTAC-1,0.452282,0.075387,0.472331
ACGGATGGTGCGGATA-1,0.013109,0.023418,0.963473
ACGGCACTTGCTTGGG-1,0.001857,0.080099,0.918044
ACGGCCAACATGGACT-1,0.030287,0.046578,0.923136
ACGGCGACGATGGGAA-1,0.133727,0.04201,0.824263
ACGGCGGGTTGCCCTG-1,0.010262,0.918488,0.07125
ACGGCTGGATGTAGAA-1,0.060596,0.143891,0.795513
ACGGGAGTGTCGGCCC-1,0.050079,0.109634,0.840287
ACGGGCGTATGCGACA-1,0.570263,0.029182,0.400554
ACGGGTCATGTGACTT-1,0.08907,0.82034,0.09059
ACGGGTTGTGACCTGT-1,0.131681,0.210285,0.658035
ACGGTACAGTTCAATG-1,0.045722,0.033915,0.920363
ACGGTCACCGAGAACA-1,0.131742,0.153465,0.714793
ACGTACAGATTTCTCT-1,0.239982,0.521759,0.238259
ACGTACTTTGGCACGG-1,0.063844,0.054228,0.881928
ACGTAGATTGCTGATG-1,0.000064,0.203224,0.796713
ACGTAGGAGAGTCGCT-1,0.102128,0.184884,0.712988
ACGTATTACTCCGATC-1,0.007486,0.219536,0.772977
ACGTCCTAAACGAGAT-1,0.036762,0.904574,0.058665
ACGTCGGGCAACTCGG-1,0.426801,0.025242,0.547957
ACGTCTCGTTCCGGGA-1,0.840108,0.091105,0.068787
ACGTGACAAAGTAAGT-1,0.308275,0.301412,0.390314
ACGTGCGCCTCGTGCA-1,0.429805,0.247097,0.323098
ACGTGGTCGAATGTGC-1,0.105079,0.791294,0.103626
ACGTTAATGTCGAAGA-1,0.059301,0.071079,0.86962
ACGTTAGATTTGCCCG-1,0.084805,0.08275,0.832444
ACGTTATTGGTCACTC-1,0.105705,0.843132,0.051163
ACGTTCACTATGCCGC-1,0.128034,0.001347,0.870618
ACGTTCCGCGCTCCGT-1,0.19575,0.757537,0.046714
ACGTTCGCAATCAATT-1,0.130113,0.141778,0.728109
ACGTTCGTTCAGGAAA-1,0.00426,0.112343,0.883397
ACGTTCTGTACAAGTC-1,0.001187,0.05332,0.945493
ACGTTGTCGTTGAAAG-1,0.087959,0.000083,0.911958
ACGTTTAGTTGTGATC-1,0.037393,0.732773,0.229834
ACGTTTCGGTGCACTT-1,0.058273,0.026441,0.915286
ACTAAGGACGCACACC-1,0.410677,0.400739,0.188584
ACTAATACGTCAGGCG-1,0.314817,0.535952,0.149231
ACTACAAAGAGAGGTG-1,0.137256,0.03148,0.831263
ACTACATCCCGACAAG-1,0.000009,0.030237,0.969754
ACTACCAGCTCTCTGG-1,0.548671,0.390706,0.060622
ACTACCATCCGAGGGC-1,0.419804,0.000258,0.579938
ACTACGCGTTAGAATT-1,0.095784,0.106968,0.797247
ACTAGTTGCGATCGTC-1,0.021259,0.014852,0.963888
ACTATATGCTGTGTTC-1,0.179976,0.239962,0.580062
ACTATCCAGGGCATGG-1,0.01707,0.049659,0.933271
ACTATCGCCGGCTAAA-1,0.000015,0.889797,0.110188
ACTATCTGCCCGCGTA-1,0.081431,0.048019,0.87055
ACTATGTCCAGCTGCC-1,0.137195,0.029635,0.83317
ACTATTCGTCCGTGGT-1,0.216598,0.631003,0.152399
ACTATTTCCGGGCCCA-1,0.136623,0.081369,0.782008
ACTCAACGAATGTATT-1,0.133323,0.827219,0.039459
ACTCAAGTGCAAGGCT-1,0.036134,0.023181,0.940685
ACTCAATAAAGGCACG-1,0.021217,0.234652,0.74413
ACTCAGACCTGCTTCT-1,0.180425,0.721244,0.09833
ACTCATGGCAGCCTTC-1,0.000018,0.005573,0.994409
ACTCCAATATCATCAT-1,0.146416,0.098916,0.754668
ACTCCCATTCCTAAAG-1,0.095516,0.115552,0.788932
ACTCCCGAATTCGTTT-1,0.176337,0.063427,0.760236
ACTCCCGTAGACTAGG-1,0.214845,0.093169,0.691986
ACTCCCTAATGCTAAA-1,0.025593,0.132776,0.841631
ACTCCCTAGAATAGTA-1,0.077497,0.065377,0.857126
ACTCCGGCCGACCACT-1,0.021039,0.137254,0.841708
ACTCGATGTATTTCAT-1,0.297465,0.579247,0.123288
ACTCGCCGTTCGATAA-1,0.112344,0.245905,0.64175
ACTCGCGATCTGACGC-1,0.021584,0.05211,0.926307
ACTCGTAACCCGTCCT-1,0.270215,0.054569,0.675216
ACTCGTCAGTAATCCC-1,0.091141,0.100028,0.808831
ACTCTAAACCTGGGAT-1,0.265125,0.599763,0.135112
ACTCTCTGACTTAGGT-1,0.056116,0.039202,0.904682
ACTCTCTTATACACGA-1,0.336247,0.567528,0.096224
ACTCTGACCTAATAGA-1,0.051697,0.043452,0.90485
ACTCTTCAGCTCCCGC-1,0.191287,0.059108,0.749605
ACTCTTGTATAGTAAC-1,0.056747,0.299675,0.643578
ACTGAAACGCCGTTAG-1,0.058561,0.13562,0.805819
ACTGAATGGCGAAAGT-1,0.000017,0.015494,0.984488
ACTGATTTAGTGATTC-1,0.030148,0.881998,0.087855
ACTGCCCGCCATTCTC-1,0.010519,0.072809,0.916672
ACTGCCGTCGTAACTC-1,0.373246,0.359939,0.266815
ACTGCGGACACACCGT-1,0.217641,0.046879,0.73548
ACTGCTCGGAAGGATG-1,0.110999,0.189077,0.699923
ACTGGCGAACCTGCGT-1,0.528287,0.323447,0.148266
ACTGGGATGCCAGTGC-1,0.031492,0.037731,0.930776
ACTGTACGATACACAT-1,0.06405,0.120985,0.814965
ACTGTAGCACTTTGGA-1,0.48394,0.285366,0.230694
ACTGTATACGCGAGCA-1,0.067417,0.891674,0.040909
ACTGTCCAGGATTATA-1,0.159955,0.074153,0.765893
ACTGTCTTCTTTAGAA-1,0.264792,0.123554,0.611654
ACTGTGCTAGTAGATC-1,0.09625,0.534559,0.369191
ACTGTTTAGTGTAGGC-1,0.026295,0.917804,0.055901
ACTTACCGGGCGCGCA-1,0.893536,0.105668,0.000796
ACTTACGCATCCACGC-1,0.105947,0.012332,0.881721
ACTTAGTACGACAAGA-1,0.255108,0.647053,0.097839
ACTTATACTTACCCGG-1,0.12921,0.233317,0.637472
ACTTATCTGATCTATA-1,0.074403,0.866235,0.059361
ACTTATTAGGATCGGT-1,0.070056,0.153114,0.77683
ACTTATTTATGTGCCA-1,0.183418,0.081741,0.734842
ACTTCAGGCTGATCCC-1,0.02142,0.034081,0.944499
ACTTCCAGTGGAAGCT-1,0.145363,0.188968,0.66567
ACTTCCATGCGGGACA-1,0.002651,0.046978,0.950371
ACTTCCTGTCGTGCGA-1,0.066255,0.863652,0.070093
ACTTCGCCATACGCAC-1,0.148054,0.181794,0.670152
ACTTCGCTAGCGAGTG-1,0.089475,0.06114,0.849385
ACTTGACTCCCTCTTT-1,0.019253,0.069336,0.911411
ACTTGCCATATTGTAC-1,0.112137,0.764244,0.123619
ACTTGCTCTATCTACC-1,0.299562,0.132499,0.567939
ACTTGGGACCCGGTGG-1,0.610379,0.14396,0.245662
ACTTGGGCTTTCGCCA-1,0.121499,0.071913,0.806587
ACTTGTAGTCCCTTCA-1,0.939308,0.000104,0.060587
ACTTGTGGATGGAACG-1,0.011187,0.106485,0.882329
ACTTGTTACCGGATCA-1,0.018436,0.100279,0.881285
ACTTTACCCTCATGAA-1,0.190249,0.080623,0.729128
ACTTTATACACCACTT-1,0.103851,0.025829,0.870321
ACTTTCCTATAGCTTC-1,0.005147,0.108353,0.8865
ACTTTGACTGCATCCT-1,0.981197,0.017967,0.000836
ACTTTGGTCGTGCTCC-1,0.011136,0.089449,0.899415
ACTTTGTCGACGCACT-1,0.287587,0.058789,0.653624
AGAAATTATGACTCGC-1,0.062235,0.080282,0.857483
AGAACACGGCGATGGT-1,0.006897,0.007644,0.985459
AGAACCCAGCGTGACA-1,0.032909,0.032903,0.934188
AGAACCCTCAATTGGG-1,0.335682,0.06852,0.595797
AGAACGTGGTACATTC-1,0.004179,0.082475,0.913346
AGAACTGTACTTTGTA-1,0.694733,0.001813,0.303453
AGAAGAGCGCCGTTCC-1,0.629585,0.004942,0.365473
AGAAGGTACACTTCAC-1,0.233228,0.219334,0.547438
AGAAGGTTGCCGAATT-1,0.096828,0.074333,0.828839
AGAAGGTTGTAGGTCG-1,0.010016,0.05836,0.931624
AGAAGTGATTCGTGAT-1,0.312342,0.069047,0.618612
AGAATAAATCTTCAGG-1,0.957422,0.016365,0.026213
AGAATACAGGCTATCC-1,0.369847,0.025389,0.604764
AGAATGCGGGTTCGGA-1,0.446415,0.271294,0.282291
AGAATTATGGATTCGA-1,0.126839,0.070354,0.802808
AGAATTGTTTGACATA-1,0.234066,0.748054,0.017881
AGACAGCTCAGAATCC-1,0.682869,0.315708,0.001423
AGACAGGCATCTCAGC-1,0.158891,0.111536,0.729573
AGACATAGATCCTTCC-1,0.062614,0.903019,0.034367
AGACCAAACCACACCT-1,0.448736,0.056772,0.494492
AGACCATGGGATACAA-1,0.58797,0.397624,0.014406
AGACCCACCGCTGATC-1,0.068091,0.152887,0.779022
AGACCCGCCCTCCTCG-1,0.18139,0.082049,0.736561
AGACCGCTCCGCGGTT-1,0.000021,0.047335,0.952644
AGACCGGGAAACCCTG-1,0.999516,0.000121,0.000363
AGACGAAGTGCCGGTC-1,0.178711,0.135754,0.685535
AGACGACGATGCCGCT-1,0.000187,0.112686,0.887127
AGACGCCCACTTCGCC-1,0.406873,0.014714,0.578414
AGACGGGATTGGTATA-1,0.070392,0.868948,0.06066
AGACGGGCCGATTTAA-1,0.335659,0.36744,0.296901
AGACTAGCCTTCCAGA-1,0.333081,0.341125,0.325794
AGACTGTTACCGGGTC-1,0.159103,0.095209,0.745688
AGAGAAACACCAGAAA-1,0.125189,0.003933,0.870878
AGAGAACCGTCTAGGA-1,0.836003,0.000136,0.16386
AGAGAAGGAGTACAAT-1,0.168803,0.071173,0.760023
AGAGATCTCTAAAGCG-1,0.960573,0.037084,0.002343
AGAGCAGTTATGAGAC-1,0.325994,0.53198,0.142025
AGAGCCGCCGAGATTT-1,0.193739,0.123665,0.682596
AGAGCGCTTGTAACGG-1,0.022751,0.251801,0.725449
AGAGCGGGCTAATCAT-1,0.347051,0.537338,0.115611
AGAGCGTACAAGCTCG-1,0.429774,0.539553,0.030673
AGAGCTACGAAAGCAT-1,0.039767,0.938481,0.021752
AGAGGCTTCGGAAACC-1,0.005192,0.04095,0.953858
AGAGGGACAATTGTCC-1,0.309323,0.564389,0.126288
AGAGGTATCTCGGTCC-1,0.092955,0.754321,0.152725
AGAGTAAACTTCACTA-1,0.017495,0.074413,0.908093
AGAGTATAGTGTTACG-1,0.033483,0.08301,0.883507
AGAGTCTTAATGAAAG-1,0.166619,0.114516,0.718865
AGAGTGAACAGACACC-1,0.0118,0.814259,0.173941
AGAGTTAGAGACCGAT-1,0.378579,0.54685,0.074572
AGAGTTGCAGGCCTCC-1,0.575699,0.295393,0.128908
AGATAACTTCAGGGCC-1,0.999723,0.000069,0.000207
AGATAATCACACCTAT-1,0.220942,0.032591,0.746467
AGATACCAATAGAACC-1,0.101721,0.165846,0.732433
AGATACCAGCACTTCA-1,0.083292,0.2687,0.648008
AGATACCGGTGTTCAC-1,0.223433,0.13774,0.638826
AGATACGACTTCATAT-1,0.243515,0.665819,0.090666
AGATACTCAAGATCGA-1,0.009969,0.0283,0.961731
AGATATAATACGACTA-1,0.118623,0.081762,0.799615
AGATCGTGCATAAGAT-1,0.160614,0.108351,0.731035
AGATCTCAGGTGTGAT-1,0.016675,0.257025,0.726299
AGATCTGGAGAGGATA-1,0.17024,0.019404,0.810357
AGATGACTCGCCCACG-1,0.180641,0.500073,0.319285
AGATGAGGGTTGCGAT-1,0.11561,0.12104,0.76335
AGATGATGGAGTCTGG-1,0.038072,0.070457,0.891471
AGATGCAAGACGTGCA-1,0.084102,0.139146,0.776752
AGATGCATCCTGTGTC-1,0.807247,0.137524,0.055229
AGATGCTATAACGAGC-1,0.000018,0.932064,0.067918
AGATTATAGGACGTTT-1,0.117705,0.07359,0.808706
AGATTCAAGCGGGTCG-1,0.272515,0.706447,0.021037
AGATTCACAACCGATA-1,0.226187,0.117201,0.656612
AGCAAAGGCCGCTAGT-1,0.140599,0.066204,0.793197
AGCAACATATCTTATT-1,0.213525,0.052925,0.733549
AGCAACCGAAAGTAAT-1,0.484291,0.024561,0.491147
AGCACACGTTTAGACT-1,0.076571,0.057684,0.865745
AGCACCAGTACTCACG-1,0.004579,0.076442,0.918979
AGCACTACCGGCCTGT-1,0.842173,0.144197,0.01363
AGCACTACCTCACCAG-1,0.012979,0.102207,0.884814
AGCACTTAAGGACGCC-1,0.395808,0.273149,0.331043
AGCAGAAGGAGAAAGA-1,0.101384,0.025346,0.873269
AGCAGCCAGATGAATA-1,0.021144,0.014704,0.964152
AGCAGTCGAAGCATGC-1,0.09643,0.039957,0.863613
AGCATATCAATATGCT-1,0.065292,0.038332,0.896375
AGCATCATTTCGAAAG-1,0.252755,0.126187,0.621058
AGCATCGTCGATAATT-1,0.589649,0.225802,0.184549
AGCATTACGAGGCAAG-1,0.082301,0.050649,0.86705
AGCCAAGCTTTGTGTC-1,0.000288,0.044241,0.955472
AGCCACAGGTTACCCG-1,0.032487,0.056099,0.911414
AGCCACTCCCGTGCTT-1,0.076337,0.19193,0.731733
AGCCATATAGTATGTG-1,0.139141,0.061614,0.799245
AGCCCATACATGTAAG-1,0.723904,0.069746,0.20635
AGCCCGCAACAAGCAG-1,0.186312,0.014539,0.799149
AGCCCGCACTACAATG-1,0.213032,0.011571,0.775398
AGCCCGGCATTAGAGG-1,0.136152,0.101912,0.761936
AGCCCGGTAGCCTGTA-1,0.000031,0.05672,0.943249
AGCCCTAAGCGAAGTT-1,0.01049,0.74365,0.24586
AGCCCTCCCTGGTGGC-1,0.015527,0.009709,0.974764
AGCCCTGTCGCACCGT-1,0.007834,0.05026,0.941905
AGCCCTTCTAATCCGA-1,0.116931,0.172614,0.710454
AGCCCTTGGACATCCC-1,0.284151,0.037938,0.677911
AGCCGCAAATTCAAAT-1,0.225683,0.548311,0.226006
AGCCGCTTGATTAGCG-1,0.067319,0.837198,0.095483
AGCCGTGGCTAAATGT-1,0.39099,0.009267,0.599743
AGCCTAATACCCACGT-1,0.028612,0.026614,0.944774
AGCCTTAAAGCGGAAG-1,0.558664,0.440438,0.000897
AGCCTTGTCACTGATA-1,0.226363,0.11117,0.662467
AGCGACAGGAACGGTC-1,0.09983,0.09255,0.80762
AGCGACATCCCATTCA-1,0.366763,0.500575,0.132662
AGCGACCAACGATATT-1,0.144273,0.157546,0.698181
AGCGACTTTGAAGACA-1,0.08181,0.13366,0.78453
AGCGAGACGTGAAGGC-1,0.035448,0.015721,0.948831
AGCGATGCGCCTAATA-1,0.061797,0.01018,0.928023
AGCGCATAATGAATCG-1,0.084434,0.048445,0.867121
AGCGCGGGTGCCAATG-1,0.164878,0.137658,0.697464
AGCGCTAGAGCGATGT-1,0.068776,0.027926,0.903298
AGCGCTTATGGGCAAG-1,0.465486,0.451051,0.083463
AGCGGACACTTCGTAG-1,0.087823,0.089979,0.822198
AGCGGCGGTTAGCGGT-1,0.077205,0.163177,0.759618
AGCGGGAAGGGTCCAT-1,0.224051,0.696338,0.079611
AGCGGGTCTGACACTC-1,0.04098,0.136521,0.822498
AGCGGTTGAGATGTAC-1,0.093305,0.850493,0.056203
AGCGGTTGCCGCTCTG-1,0.025745,0.248655,0.7256
AGCGTACGAGAGCTAG-1,0.022318,0.928381,0.0493
AGCGTAGCGCTAGACC-1,0.005207,0.97453,0.020263
AGCGTCTGAACCCGCA-1,0.010462,0.904129,0.08541
AGCGTGGTATTCTACT-1,0.167211,0.10424,0.728548
AGCGTTCCGATTTAAA-1,0.056041,0.896427,0.047533
AGCTAACAAGCAATGT-1,0.035828,0.038474,0.925698
AGCTAAGCTCCGTCCG-1,0.24439,0.000962,0.754648
AGCTAAGTACGCAGGC-1,0.248541,0.064728,0.686731
AGCTACGAATGGTGGT-1,0.24795,0.037158,0.714892
AGCTAGAAGCAGAAGT-1,0.261954,0.081791,0.656254
AGCTATTTAATCCAAC-1,0.180797,0.329455,0.489749
AGCTCCATATATGTTC-1,0.13947,0.092882,0.767648
AGCTCCTTCGCACATC-1,0.134131,0.113945,0.751924
AGCTCGTTGATGGAAA-1,0.284631,0.210998,0.50437
AGCTCTAGACGTTCCA-1,0.083347,0.110292,0.806362
AGCTCTTCCCAGTGCA-1,0.185768,0.141892,0.67234
AGCTCTTCGTAACCTT-1,0.039999,0.031591,0.92841
AGCTCTTTACTCAGTT-1,0.228092,0.118859,0.653049
AGCTGAAGTAAACCAA-1,0.000757,0.332549,0.666695
AGCTGCATTTGAGGTG-1,0.065077,0.85543,0.079493
AGCTGCTGTGCCGAAT-1,0.221459,0.63935,0.139191
AGCTGTAACCTCAATC-1,0.000343,0.040692,0.958965
AGCTTATAGAGACCTG-1,0.000044,0.962001,0.037955
AGCTTCAATACTTTGA-1,0.031638,0.624999,0.343363
AGCTTCTTCTCGAGCA-1,0.223717,0.006443,0.769839
AGCTTGATCAGGGTAG-1,0.201165,0.063247,0.735588
AGCTTGATCTTAACTT-1,0.999627,0.000093,0.00028
AGGAAAGCCTCTGATG-1,0.048285,0.818156,0.133559
AGGAACGAACGACTTC-1,0.074179,0.065465,0.860355
AGGAAGCTGTCCGCCG-1,0.011998,0.089937,0.898065
AGGACAGTCGAATCCC-1,0.022942,0.103924,0.873134
AGGACATCGCACGTCG-1,0.2947,0.60282,0.102479
AGGACATCGGCACACT-1,0.102444,0.088323,0.809233
AGGACGACCCATTAGA-1,0.65199,0.03599,0.31202
AGGACGCTCGATGTTG-1,0.211606,0.078579,0.709814
AGGACTTATAGGAGAA-1,0.001574,0.875913,0.122512
AGGAGACATCCACAGT-1,0.632514,0.000696,0.36679
AGGAGAGTCTGGCTAC-1,0.049766,0.053457,0.896776
AGGAGCGTTTATTATC-1,0.12995,0.017043,0.853007
AGGAGGCCTTCGCGCG-1,0.078989,0.083119,0.837892
AGGATAAAGTCGGGAT-1,0.038272,0.090759,0.870969
AGGATATAGGGATTTA-1,0.077123,0.0437,0.879177
AGGATATCCGACTGCA-1,0.054603,0.044126,0.901271
AGGATCACGCGATCTG-1,0.000068,0.04088,0.959052
AGGATTGCTTACGACA-1,0.009953,0.021416,0.968632
AGGCAAAGAGGAATCA-1,0.046953,0.811398,0.141649
AGGCAATACGGAGGAC-1,0.041436,0.873819,0.084745
AGGCACGTGACTGTCC-1,0.270812,0.057986,0.671202
AGGCAGATGCGTAAAC-1,0.794711,0.107437,0.097852
AGGCAGGGAGCGTACT-1,0.038778,0.061838,0.899384
AGGCATTGTCGTAGGG-1,0.016871,0.200363,0.782766
AGGCCACATTGGTTAC-1,0.016592,0.167638,0.81577
AGGCCACCCGTTATGA-1,0.262148,0.454887,0.282965
AGGCCCAGTGACTGGT-1,0.026191,0.955386,0.018423
AGGCCCATTGTACAGG-1,0.059723,0.838957,0.10132
AGGCCCTAGAACGCCA-1,0.208107,0.1093,0.682593
AGGCCTATCATACCAA-1,0.020975,0.015721,0.963304
AGGCCTGAGAATCTCG-1,0.176755,0.036433,0.786812
AGGCGATAACTGGCGT-1,0.122081,0.081242,0.796677
AGGCGGTTTGTCCCGC-1,0.05236,0.000051,0.947589
AGGCGTCTATGGACGG-1,0.372593,0.075073,0.552335
AGGCTATGGTTAGCTT-1,0.335261,0.587203,0.077536
AGGCTTAAGTTGCACA-1,0.121229,0.052625,0.826145
AGGCTTCCCGAAGAAG-1,0.116048,0.080272,0.803679
AGGCTTGCTAGACACC-1,0.576269,0.421681,0.00205
AGGGAAACGAGGTACT-1,0.870118,0.109664,0.020218
AGGGACAGCACGGCGG-1,0.000042,0.995548,0.00441
AGGGACCGGCTGCGTT-1,0.000009,0.012201,0.98779
AGGGACTCTACGCGAC-1,0.07373,0.01104,0.91523
AGGGAGACATACTTCG-1,0.064865,0.121616,0.813519
AGGGCAGCGGCGTGGT-1,0.174973,0.745606,0.079421
AGGGCCCTAATGTTCT-1,0.093358,0.083159,0.823483
AGGGCGAGCAGCTGAT-1,0.613006,0.027955,0.359039
AGGGCGTGATCGGCTA-1,0.349921,0.574159,0.07592
AGGGCTGCAGTTACAG-1,0.023156,0.080324,0.89652
AGGGTCAGAGCACTCG-1,0.01087,0.076363,0.912767
AGGGTCAGTAACCCTA-1,0.189786,0.289532,0.520682
AGGGTCGATGCGAACT-1,0.038122,0.062552,0.899325
AGGGTCTGGACGCAGT-1,0.167042,0.066559,0.766399
AGGGTGCCGTTCTTTA-1,0.000018,0.056807,0.943174
AGGGTGCTCTCGAGGG-1,0.119214,0.138646,0.74214
AGGGTGGATAGTGCAT-1,0.616268,0.308682,0.07505
AGGGTGTGCTACACGC-1,0.139841,0.746072,0.114087
AGGGTTCAGACGGTCC-1,0.000013,0.030332,0.969655
AGGGTTCCCTTTGGTT-1,0.040588,0.093735,0.865678
AGGGTTTAGTTCGGGA-1,0.158344,0.000119,0.841537
AGGTAACCTCCTATTC-1,0.226295,0.721222,0.052482
AGGTACGATATTGCCA-1,0.066079,0.82267,0.111251
AGGTAGATCGAGATAT-1,0.006286,0.036481,0.957233
AGGTAGGTACAAAGCT-1,0.850082,0.103917,0.046002
AGGTATAATTGATAGT-1,0.106028,0.053093,0.840879
AGGTATGCGGACATTA-1,0.108132,0.094691,0.797178
AGGTCAGGTGAGAGTG-1,0.143335,0.08184,0.774825
AGGTCGCCACTTCGGT-1,0.064407,0.869604,0.065989
AGGTCGCCTCCCAACA-1,0.914731,0.001297,0.083972
AGGTCGCGGAGTTACT-1,0.029819,0.209406,0.760775
AGGTGCACGTCCACAT-1,0.034587,0.038467,0.926946
AGGTGGTGACCTTCGC-1,0.000019,0.031493,0.968487
AGGTGTATCGCCATGA-1,0.403303,0.041012,0.555685
AGGTGTTGCCGACCAC-1,0.020898,0.079486,0.899616
AGGTTACACCATGCCG-1,0.00266,0.006492,0.990848
AGGTTCTCCTTTCCGG-1,0.146211,0.070564,0.783225
AGGTTGAGGCACGCTT-1,0.138926,0.163538,0.697536
AGGTTTCACACACCTT-1,0.115158,0.020865,0.863977
AGTAACGTTCATCCTG-1,0.185396,0.764482,0.050122
AGTAACTATAGCAGCC-1,0.073475,0.019223,0.907301
AGTAAGGGACAGAATC-1,0.182264,0.084426,0.73331
AGTAATCTAAGGGTGG-1,0.026624,0.083988,0.889388
AGTAATGTCTTGCCGC-1,0.111232,0.425554,0.463214
AGTAATTTGCAAGCGT-1,0.087579,0.028434,0.883987
AGTACAGAAGCTTATA-1,0.047412,0.103042,0.849546
AGTACATCATTTATCA-1,0.00563,0.088913,0.905458
AGTACCTTCGAGTGCT-1,0.360343,0.576938,0.062718
AGTACGGCCCGTATCG-1,0.852448,0.134481,0.013071
AGTACGGGCACCTGGC-1,0.554411,0.093689,0.351901
AGTACGTGGCCTGTCT-1,0.202328,0.627037,0.170635
AGTACTCTTATGCCCA-1,0.000027,0.04235,0.957623
AGTAGAAGGCGCCTCA-1,0.1123,0.130078,0.757621
AGTAGCGTGAACGAAC-1,0.026568,0.892605,0.080827
AGTAGCTAGACGCCGA-1,0.181643,0.690749,0.127608
AGTAGGAAGGAAGTTG-1,0.313169,0.295162,0.391669
AGTAGGTAACATACAT-1,0.164061,0.651739,0.184201
AGTATAATACTAGGCA-1,0.033325,0.824486,0.142189
AGTATACACAGCGACA-1,0.000206,0.110924,0.88887
AGTATCCATAATAACG-1,0.001697,0.961929,0.036374
AGTATGCTGGAGACCA-1,0.223765,0.027607,0.748628
AGTATTTGGCACGACC-1,0.016038,0.069528,0.914435
AGTCAAATGATGTGAT-1,0.317018,0.004619,0.678362
AGTCAACACCACCATC-1,0.13329,0.147787,0.718923
