Barcode,Topic 1,Topic 2,Topic 3to4,Topic 5to8
AAACAAGTATCTCCCA-1,0.001661,0.095567,0.265194,0.637578
AAACAATCTACTAGCA-1,0.016732,0.083725,0.376912,0.522631
AAACACCAATAACTGC-1,0.995237,0.00068,0.001361,0.002722
AAACAGAGCGACTCCT-1,0.000015,0.021448,0.303731,0.674805
AAACAGCTTTCAGAAG-1,0.963275,0.035948,0.000259,0.000518
AAACAGGGTCTATATT-1,0.99921,0.000113,0.000226,0.000452
AAACATGGTGAGAGGA-1,0.780092,0.000196,0.21893,0.000783
AAACATTTCCCGGATT-1,0.023877,0.038011,0.502104,0.436009
AAACCACTACACAGAT-1,0.180547,0.108862,0.366142,0.34445
AAACCCGAACGAAATC-1,0.001155,0.243008,0.616958,0.138879
AAACCGGAAATGTTAA-1,0.043763,0.110225,0.459708,0.386304
AAACCGGGTAGGTACC-1,0.259765,0.050531,0.358387,0.331316
AAACCGTTCGTCCAGG-1,0.124917,0.133027,0.454327,0.287729
AAACCTAAGCAGCCGG-1,0.983191,0.000059,0.016517,0.000234
AAACCTCATGAAGTTG-1,0.135585,0.012497,0.083317,0.768601
AAACGAAGAACATACC-1,0.04634,0.04237,0.789163,0.122128
AAACGAAGATGGAGTA-1,0.952272,0.000117,0.000234,0.047377
AAACGACAGTCTTGCC-1,0.023733,0.00152,0.005772,0.968975
AAACGAGACGGTTGAT-1,0.011158,0.070001,0.422411,0.49643
AAACGCCCGAGATCGG-1,0.016817,0.001412,0.935355,0.046416
AAACGGGCGTACGGGT-1,0.7929,0.008413,0.152057,0.046631
AAACGGGTTGGTATCC-1,0.076494,0.021777,0.712852,0.188877
AAACGGTTGCGAACTG-1,0.99927,0.000104,0.000209,0.000417
AAACGTGTTCGCCCTA-1,0.000013,0.019242,0.194314,0.786431
AAACTAACGTGGCGAC-1,0.007773,0.003168,0.673848,0.315211
AAACTCGGTTCGCAAT-1,0.998672,0.00019,0.00038,0.000759
AAACTCGTGATATAAG-1,0.011899,0.021169,0.51609,0.450842
AAACTGCTGGCTCCAA-1,0.044988,0.04238,0.320335,0.592297
AAACTTAATTGCACGC-1,0.939923,0.000206,0.059049,0.000822
AAACTTGCAAACGTAT-1,0.345611,0.005084,0.255919,0.393386
AAAGAATGACCTTAGA-1,0.985881,0.000185,0.013194,0.00074
AAAGACATGAAGTTTA-1,0.072923,0.012853,0.866876,0.047349
AAAGACCCAAGTCGCG-1,0.012831,0.016526,0.270759,0.699884
AAAGACTGGGCGCTTT-1,0.047899,0.144457,0.303914,0.50373
AAAGCTTGCCTACATA-1,0.068672,0.039636,0.186014,0.705678
AAAGGCCCTATAATAC-1,0.999031,0.000138,0.000277,0.000553
AAAGGCTACGGACCAT-1,0.999359,0.000092,0.000183,0.000366
AAAGGCTCTCGCGCCG-1,0.102629,0.110961,0.073613,0.712797
AAAGGGATGTAGCAAG-1,0.009201,0.022357,0.694617,0.273824
AAAGGGCAGCTTGAAT-1,0.012785,0.040112,0.546014,0.401088
AAAGGTAAGCTGTACC-1,0.031223,0.012748,0.445044,0.510985
AAAGGTCAACGACATG-1,0.006602,0.018087,0.442965,0.532346
AAAGTAGCATTGCTCA-1,0.734142,0.000189,0.264913,0.000756
AAAGTCACTGATGTAA-1,0.009425,0.032627,0.198474,0.759474
AAAGTCGACCCTCAGT-1,0.131363,0.053909,0.579483,0.235245
AAAGTGCCATCAATTA-1,0.159407,0.062542,0.367798,0.410253
AAAGTGTGATTTATCT-1,0.000814,0.01628,0.154678,0.828228
AAAGTTGACTCCCGTA-1,0.047687,0.096179,0.61943,0.236703
AAATAACCATACGGGA-1,0.024015,0.018622,0.238516,0.718846
AAATAAGGTAGTGCCC-1,0.031856,0.036479,0.759208,0.172456
AAATACCTATAAGCAT-1,0.110174,0.026272,0.50098,0.362574
AAATAGCTTAGACTTT-1,0.126851,0.016511,0.595204,0.261435
AAATAGGGTGCTATTG-1,0.019979,0.002607,0.649667,0.327747
AAATCACTCCTAAACG-1,0.12427,0.000029,0.816477,0.059225
AAATCCGATACACGCC-1,0.8332,0.000032,0.160288,0.00648
AAATCGCGGAAGGAGT-1,0.997841,0.000308,0.000617,0.001234
AAATCGTGTACCACAA-1,0.03963,0.027687,0.033683,0.899
AAATCTAGCCCTGCTA-1,0.039365,0.26096,0.401763,0.297912
AAATCTGCCCGCGTCC-1,0.999242,0.000108,0.000217,0.000433
AAATGATTCGATCAGC-1,0.000014,0.70759,0.088789,0.203607
AAATGCTCGTTACGTT-1,0.011035,0.007658,0.130074,0.851233
AAATGGCATGTCTTGT-1,0.023174,0.000935,0.782661,0.193229
AAATGGCCCGTGCCCT-1,0.998645,0.000194,0.000387,0.000774
AAATGGTCAATGTGCC-1,0.042589,0.046286,0.488058,0.423067
AAATGTATCTTATCCC-1,0.796082,0.041998,0.004882,0.157039
AAATGTGGGTGCTCCT-1,0.065198,0.069552,0.095449,0.769801
AAATTAACGGGTAGCT-1,0.012801,0.005237,0.661001,0.320961
AAATTAATAAGCGCGA-1,0.998529,0.00021,0.00042,0.00084
AAATTACACGACTCTG-1,0.028536,0.000032,0.788158,0.183274
AAATTACCTATCGATG-1,0.019688,0.013199,0.18528,0.781832
AAATTCCAGGTCCAAA-1,0.012228,0.023657,0.606848,0.357267
AAATTGATAGTCCTTT-1,0.914656,0.000169,0.006803,0.078373
AAATTGCGGCGGTTCT-1,0.086164,0.051816,0.389004,0.473016
AAATTGGTGAGAAGCA-1,0.015401,0.006251,0.92669,0.051658
AAATTTACCGAAATCC-1,0.019148,0.003406,0.672579,0.304867
AAATTTGCGGGTGTGG-1,0.208313,0.061069,0.354274,0.376345
AACAACTGGTAGTTGC-1,0.000024,0.008756,0.269206,0.722013
AACAATACATTGTCGA-1,0.997903,0.0003,0.000599,0.001198
AACAATTACTCTACGC-1,0.000018,0.157301,0.099032,0.743648
AACACACGCTCGCCGC-1,0.005535,0.025014,0.106954,0.862498
AACACGACTGTACTGA-1,0.000017,0.034049,0.507415,0.458518
AACACGCGGCCGCGAA-1,0.046396,0.013465,0.644905,0.295235
AACAGCTGTGTGGCAA-1,0.996333,0.000524,0.001048,0.002095
AACAGGAAATCGAATA-1,0.022828,0.01039,0.759802,0.20698
AACAGGATGGGCCGCG-1,0.001721,0.011935,0.000025,0.986319
AACAGGTAGTATGGAT-1,0.035538,0.082693,0.506585,0.375185
AACATATCAACTGGTG-1,0.027745,0.033525,0.582145,0.356586
AACATCGATACGTCTA-1,0.001933,0.018682,0.116348,0.863037
AACATTGAAGTTGATC-1,0.998613,0.000198,0.000396,0.000793
AACATTGGTCAGCCGT-1,0.126687,0.016136,0.495684,0.361493
AACATTGTGACTCGAG-1,0.999516,0.000069,0.000138,0.000276
AACCAAGACTTCTCTG-1,0.000011,0.995331,0.000023,0.004635
AACCAGTATCACTCTT-1,0.040571,0.00584,0.740842,0.212747
AACCATAGGGTTGAAC-1,0.997675,0.000332,0.000665,0.001329
AACCATGGGATCGCTA-1,0.0653,0.020436,0.249103,0.66516
AACCCAGAGACGGAGA-1,0.104491,0.05815,0.364509,0.47285
AACCCATCCCATGATC-1,0.999042,0.000137,0.000274,0.000547
AACCCGACAACCCGTG-1,0.999569,0.000062,0.000123,0.000246
AACCCGAGCAGAATCG-1,0.070599,0.160929,0.317767,0.450705
AACCCGATAGGGCTTC-1,0.000028,0.030238,0.360075,0.609658
AACCCTACTGTCAATA-1,0.031794,0.022475,0.680135,0.265596
AACCCTGGTGGAACCA-1,0.042276,0.007402,0.77736,0.172963
AACCGAGCTTGGTCAT-1,0.000019,0.005865,0.542032,0.452084
AACCGCTAAGGGATGC-1,0.001131,0.037108,0.026688,0.935074
AACCGTTGTGTTTGCT-1,0.00006,0.017508,0.484211,0.498221
AACCTAAAGCCGTCCG-1,0.243773,0.019514,0.716362,0.02035
AACCTCGCTTTAGCCC-1,0.734117,0.059124,0.098305,0.108454
AACCTGTCACGGAATT-1,0.015802,0.002518,0.79571,0.18597
AACCTTTAAATACGGT-1,0.092962,0.023947,0.628677,0.254414
AACCTTTACGACGTCT-1,0.000024,0.022304,0.342193,0.635479
AACGAAAGTCGTCCCA-1,0.998948,0.00015,0.000301,0.000601
AACGATAATGCCGTAG-1,0.054472,0.016989,0.304301,0.624237
AACGATAGAAGGGCCG-1,0.124708,0.02,0.398619,0.456673
AACGATATGTCAACTG-1,0.053454,0.000814,0.635956,0.309776
AACGCATGATCTGGGT-1,0.027502,0.019385,0.734062,0.219051
AACGCGAACGGCAACA-1,0.043511,0.039567,0.4544,0.462522
AACGCGACCTTGGGCG-1,0.999376,0.000089,0.000178,0.000357
AACGCGGTCTCCAGCC-1,0.025171,0.130795,0.775253,0.068781
AACGCTGTTGCTGAAA-1,0.012533,0.024741,0.276092,0.686635
AACGGACGTACGTATA-1,0.004093,0.026909,0.456467,0.512531
AACGGCCATCTCCGGT-1,0.522615,0.043363,0.30163,0.132392
AACGTACTGTGGGTAC-1,0.327914,0.041331,0.327883,0.302872
AACGTAGTCTACCCAT-1,0.059448,0.015833,0.573357,0.351362
AACGTCAGACTAGTGG-1,0.060835,0.099925,0.194985,0.644256
AACGTGATGAAGGACA-1,0.010758,0.005719,0.721234,0.262289
AACGTGCGAAAGTCTC-1,0.012406,0.070276,0.368269,0.549049
AACGTTATCAGCACCT-1,0.131634,0.043988,0.277943,0.546435
AACTACCCGTTTGTCA-1,0.103965,0.057867,0.191981,0.646187
AACTAGCGTATCGCAC-1,0.047002,0.057625,0.303403,0.59197
AACTAGGCTTGGGTGT-1,0.193516,0.046206,0.222609,0.537669
AACTCAAGTTAATTGC-1,0.058256,0.06506,0.324925,0.551758
AACTCCAGAGCGTGTT-1,0.02309,0.044393,0.563113,0.369404
AACTCCTAATCCCATG-1,0.006964,0.011585,0.70032,0.281131
AACTCGATAAACACGT-1,0.037105,0.021623,0.333438,0.607834
AACTCGATGGCGCAGT-1,0.022254,0.028641,0.04838,0.900725
AACTCTCAATAGAGCG-1,0.000018,0.024762,0.32395,0.65127
AACTCTCAGTGTGCTC-1,0.167468,0.017946,0.724255,0.090331
AACTGAGGTCAGCGTC-1,0.056334,0.022382,0.415665,0.505619
AACTGAGTTATACTGA-1,0.115175,0.127064,0.283687,0.474074
AACTGATATTAGGCCT-1,0.01654,0.058355,0.700603,0.224502
AACTGGGTCCCGACGT-1,0.009714,0.011519,0.503112,0.475654
AACTGGGTTCGAGCCG-1,0.015202,0.001191,0.931217,0.052391
AACTGGTGTGGGCCTT-1,0.032585,0.057357,0.340987,0.569072
AACTTCTGCGTCTATC-1,0.02437,0.021352,0.149179,0.805099
AACTTGCCCGTATGCA-1,0.034182,0.112952,0.228346,0.62452
AACTTGCGTTCTCGCG-1,0.030418,0.020033,0.38554,0.564009
AACTTTACGGGAGCTT-1,0.223621,0.033409,0.044019,0.698951
AACTTTAGCTGCTGAG-1,0.002283,0.03489,0.171826,0.791001
AACTTTCTCGATCATG-1,0.00404,0.088068,0.393122,0.51477
AAGAAATCACCAGATT-1,0.001438,0.223536,0.15297,0.622056
AAGAAGGATCAGTTAG-1,0.022922,0.055687,0.465261,0.45613
AAGACATACGTGGTTT-1,0.782667,0.006647,0.172453,0.038233
AAGACCAAATAACTCA-1,0.998275,0.000246,0.000493,0.000986
AAGACCCAACTGAACA-1,0.747756,0.010643,0.17195,0.069651
AAGACTAACCCGTTGT-1,0.081227,0.017292,0.614217,0.287264
AAGACTCACGCCCACT-1,0.049762,0.044762,0.152922,0.752555
AAGACTGCAAGCTACT-1,0.032449,0.024114,0.284435,0.659002
AAGAGATGAATCGGTA-1,0.036071,0.040839,0.513526,0.409564
AAGAGCTCTTTATCGG-1,0.00001,0.923308,0.00002,0.076663
AAGAGGATGTACGCGA-1,0.061349,0.017985,0.277126,0.64354
AAGAGGCATGGATCGC-1,0.000312,0.035177,0.214985,0.749526
AAGAGGCCCTTTGGAA-1,0.036677,0.075453,0.361639,0.526231
AAGATGGCACCGGACC-1,0.904529,0.000407,0.093437,0.001626
AAGATTGGCGGAACGT-1,0.000564,0.044431,0.389112,0.565894
AAGCACCCTGCGTATC-1,0.225835,0.021975,0.462458,0.289732
AAGCATACTCTCCTGA-1,0.064873,0.043116,0.230886,0.661126
AAGCCGAAGCGGTTTA-1,0.000303,0.053686,0.187662,0.75835
AAGCCGCCGTGAAATC-1,0.998386,0.000231,0.000461,0.000922
AAGCCGCTTTACCTTG-1,0.040452,0.039851,0.600756,0.318941
AAGCCGGAGAGCAGGA-1,0.088507,0.044118,0.691514,0.17586
AAGCGCAGGGCTTTGA-1,0.594109,0.404432,0.000486,0.000973
AAGCGGAGTGCGCGCA-1,0.027641,0.030707,0.532996,0.408656
AAGCGGCGTCATGGGT-1,0.00002,0.024929,0.64836,0.32669
AAGCGTCCCTCATCGA-1,0.939181,0.00026,0.000521,0.060038
AAGCTAGATCGAGTAA-1,0.137348,0.061597,0.445866,0.355189
AAGCTCGTGCCAAGTC-1,0.015834,0.103434,0.229187,0.651544
AAGCTCTTTCATGGTG-1,0.035593,0.00382,0.702745,0.257842
AAGGAGAACTTATAAG-1,0.069526,0.139992,0.245527,0.544955
AAGGAGCGGTTGGTGC-1,0.055593,0.018198,0.379936,0.546274
AAGGATCGATCGCTTG-1,0.00001,0.055944,0.020616,0.92343
AAGGATGAGGGACCTC-1,0.000012,0.047971,0.058253,0.893765
AAGGCAGGCTGTCTCC-1,0.000816,0.0506,0.44744,0.501145
AAGGCGCGTAAAGCTT-1,0.166732,0.174101,0.144425,0.514743
AAGGCTGTGCTCATCG-1,0.002296,0.005761,0.163675,0.828267
AAGGGAACGACTGGCT-1,0.998684,0.000188,0.000376,0.000752
AAGGGACAGATTCTGT-1,0.000022,0.024728,0.750644,0.224605
AAGGGACTATGCATTC-1,0.996069,0.000561,0.001123,0.002246
AAGGGTTTGATTTCAG-1,0.828811,0.115126,0.000694,0.055369
AAGGTATCCTAATATA-1,0.010436,0.008135,0.575566,0.405863
AAGGTGATAAACCAGC-1,0.004733,0.022312,0.194117,0.778838
AAGTAGAAGACCGGGT-1,0.099418,0.036534,0.363902,0.500147
AAGTAGTGACGCGAGG-1,0.028251,0.059227,0.512653,0.399869
AAGTCAATTGTCGTCA-1,0.007486,0.077235,0.203082,0.712197
AAGTCTAGTAGCTGCC-1,0.00001,0.624589,0.002592,0.372809
AAGTCTTCTGTGGCCT-1,0.877306,0.071488,0.000198,0.051007
AAGTGACGACCGAATT-1,0.450461,0.005237,0.438443,0.105859
AAGTGAGTCGGGTTTA-1,0.874237,0.071289,0.000244,0.054229
AAGTGCAAAGGTAGAC-1,0.065509,0.005748,0.374506,0.554237
AAGTGCCTTGACTGTA-1,0.005106,0.064634,0.422235,0.508026
AAGTGCGTTAGAATCT-1,0.181911,0.027983,0.347563,0.442543
AAGTGCTTCTCTATTG-1,0.846042,0.038567,0.000349,0.115042
AAGTGTTTGGAGACGG-1,0.052803,0.083324,0.317722,0.546151
AAGTTCACTCCAAGCT-1,0.036909,0.043742,0.095806,0.823544
AAGTTCAGTCTGCGTA-1,0.000157,0.045879,0.416366,0.537599
AAGTTCGGCCAACAGG-1,0.186986,0.032084,0.377384,0.403546
AAGTTGTGATGTTATA-1,0.837492,0.032256,0.077739,0.052513
AAGTTTACTAATGGCA-1,0.000015,0.075251,0.265297,0.659437
AAGTTTATGGGCCCAA-1,0.812085,0.00015,0.170128,0.017637
AATAACAACGCTCGGC-1,0.107488,0.042561,0.405136,0.444815
AATAACACTAGAACAA-1,0.146944,0.02701,0.25829,0.567756
AATAAGTCCTCGAGAC-1,0.046767,0.00422,0.831739,0.117274
AATAATCTTCGTATCG-1,0.09976,0.139966,0.288436,0.471838
AATACAATGTTTCAGG-1,0.10058,0.026493,0.018308,0.854619
AATACCGGAGGGCTGT-1,0.999275,0.000104,0.000207,0.000414
AATAGAACAGAGTGGC-1,0.088409,0.056157,0.284344,0.571089
AATAGAATCTGTTTCA-1,0.001141,0.022591,0.646008,0.33026
AATAGCAAGCCTCCTG-1,0.057736,0.069847,0.181408,0.69101
AATAGCTACCGCGTGC-1,0.000066,0.046279,0.424331,0.529323
AATAGTCCGTCCCGAC-1,0.134773,0.005663,0.825447,0.034117
AATAGTCGCGAGTCGG-1,0.019238,0.174796,0.117,0.688966
AATATCAAGGTCGGAT-1,0.101355,0.019135,0.686091,0.193419
AATATCCTAGCAAACT-1,0.998151,0.000264,0.000528,0.001057
AATATCGAATCAATGC-1,0.004468,0.048872,0.562834,0.383825
AATATCGAGGGTTCTC-1,0.040726,0.125966,0.707896,0.125413
AATATTGGAGTATTGA-1,0.118859,0.147446,0.19343,0.540265
AATCAGACTGCAGGAC-1,0.027672,0.087793,0.26063,0.623904
AATCAGGTTTCATTTA-1,0.88541,0.000103,0.114074,0.000413
AATCATGTAAAGACTC-1,0.029231,0.092139,0.364618,0.514011
AATCCAAGGGCCTGAG-1,0.197658,0.043288,0.728063,0.030991
AATCCATGCAAGGGTG-1,0.021817,0.127401,0.52177,0.329012
AATCGCCTCAGCGCCA-1,0.023484,0.016457,0.074909,0.885149
AATCGCGCAGAGGACT-1,0.011125,0.021411,0.810701,0.156764
AATCGGGACACTACGA-1,0.02996,0.03945,0.460219,0.470371
AATCGTGAGCCGAGCA-1,0.837317,0.000151,0.161928,0.000604
AATCTAGGTTTACTTG-1,0.993997,0.000858,0.001715,0.003431
AATCTATGCCGGAGCC-1,0.000018,0.053392,0.39176,0.554831
AATCTCTACTGTGGTT-1,0.272782,0.100976,0.567465,0.058777
AATCTGCGTTGGGACG-1,0.000019,0.02295,0.310751,0.66628
AATCTGGCTTTCTAGT-1,0.997217,0.000398,0.000795,0.00159
AATCTGGGTAGACCCT-1,0.011885,0.059601,0.193177,0.735337
AATGACAGCAATGTCT-1,0.230435,0.037532,0.226101,0.505932
AATGACGTAGGATGTC-1,0.09308,0.095939,0.121577,0.689404
AATGACTGTCAGCCGG-1,0.109398,0.046866,0.246635,0.597101
AATGAGTTCGCATATG-1,0.018026,0.055417,0.322608,0.603949
AATGATGATACGCTAT-1,0.008491,0.152582,0.293114,0.545813
AATGATGCGACTCCTG-1,0.001777,0.018747,0.094691,0.884785
AATGCAACCGGGTACC-1,0.015104,0.010339,0.196899,0.777657
AATGCACCAAGCAATG-1,0.051371,0.080913,0.267114,0.600602
AATGGCCGCCAATGCG-1,0.158633,0.029114,0.552516,0.259736
AATGGTCCACCGTTCA-1,0.001448,0.005765,0.077632,0.915154
AATGGTTCTCACAAGC-1,0.151022,0.029495,0.532566,0.286916
AATGTATGGCACTGTA-1,0.998226,0.000253,0.000507,0.001014
AATGTGCCCGAGGTGT-1,0.993043,0.000994,0.001988,0.003975
AATGTGCTAATCTGAG-1,0.998962,0.000148,0.000297,0.000593
AATGTTGTCGTGAGAC-1,0.695845,0.010016,0.282495,0.011644
AATTAAAGGTCGGCGT-1,0.034809,0.031115,0.279224,0.654851
AATTAACGGATTTCCA-1,0.217019,0.052018,0.330598,0.400365
AATTACGAGACCCATC-1,0.897364,0.000464,0.100318,0.001855
AATTACTCGTACGCTC-1,0.080046,0.09343,0.595232,0.231292
AATTAGCGCTGCAGCG-1,0.065039,0.04569,0.079211,0.810061
AATTCATAAGGGATCT-1,0.000027,0.067344,0.627999,0.304629
AATTCATTGTCATGCA-1,0.8508,0.00021,0.14815,0.00084
AATTCCAACTTGGTGA-1,0.052111,0.054848,0.309364,0.583677
AATTCCAAGCATGTAC-1,0.998857,0.000163,0.000327,0.000653
AATTCGATTCGAGGAT-1,0.970877,0.000109,0.028578,0.000436
AATTCTAGAGTTAGGC-1,0.042832,0.04099,0.322942,0.593236
AATTGAACGCTCTGGT-1,0.064253,0.166324,0.113101,0.656322
AATTGCAGCAATCGAC-1,0.315447,0.021481,0.42962,0.233452
AATTGCGTGGATTACA-1,0.997769,0.000319,0.000637,0.001275
AATTGTGGTTGCCAAA-1,0.771943,0.068582,0.036819,0.122656
AATTTGGGACATAGTA-1,0.03548,0.010259,0.588617,0.365644
AATTTGGTTCCAAAGA-1,0.041313,0.011841,0.710339,0.236508
ACAAACCATGCGTCCT-1,0.998409,0.000227,0.000455,0.000909
ACAAACCGACAAGGCG-1,0.306423,0.00392,0.686943,0.002715
ACAAAGAAGGTAGGCC-1,0.998155,0.000264,0.000527,0.001054
ACAAAGCATGACCTAG-1,0.03549,0.05048,0.072623,0.841406
ACAAATCGCACCGAAT-1,0.069608,0.054727,0.501439,0.374226
ACAAATGGTAGTGTTT-1,0.001992,0.064503,0.06257,0.870935
ACAAATTCAGATCTGA-1,0.010063,0.033042,0.495933,0.460963
ACAACAGCATGAGCTA-1,0.012734,0.022109,0.140207,0.824951
ACAACGGTCCCTGCGA-1,0.045192,0.021368,0.544392,0.389048
ACAAGCAGTGCCTAGC-1,0.041046,0.050853,0.43765,0.470451
ACAAGCTATATGGAAG-1,0.960712,0.026356,0.00019,0.012742
ACAAGGAAATCCGCCC-1,0.055712,0.026382,0.385989,0.531917
ACAAGGACAAGAGGTT-1,0.007598,0.032209,0.176083,0.784111
ACAAGGATGCTTTAGG-1,0.074235,0.023853,0.312748,0.589164
ACAAGGCCTACCAGCC-1,0.053143,0.000094,0.898418,0.048345
ACAAGGGCAGGCTCTG-1,0.089557,0.101997,0.195578,0.612867
ACAATAGTCGTACGTT-1,0.101004,0.000773,0.80058,0.097642
ACAATCCATTTAAACC-1,0.125997,0.016108,0.418598,0.439297
ACAATCGATCTTTATA-1,0.011957,0.031129,0.561349,0.395565
ACAATGAATACGGAGA-1,0.742921,0.038986,0.000325,0.217768
ACAATGATTCTTCTAC-1,0.060386,0.025557,0.575549,0.338507
ACAATTGTGTCTCTTT-1,0.030435,0.029959,0.256038,0.683568
ACAATTTAGGAGGCTC-1,0.125328,0.047851,0.742871,0.08395
ACAATTTGAGCAGTGG-1,0.046001,0.04234,0.324071,0.587587
ACAATTTGGCCATATT-1,0.000023,0.205151,0.431748,0.363079
ACACAAAGACGGGTGG-1,0.035484,0.075034,0.216156,0.673327
ACACAAATATTCCTAG-1,0.061405,0.035996,0.728922,0.173677
ACACACCAGGACCAGT-1,0.004789,0.039407,0.5781,0.377704
ACACACTTTCTACACG-1,0.003449,0.009803,0.124832,0.861916
ACACATGATCAAATCT-1,0.997352,0.000378,0.000757,0.001513
ACACATTGACGCAACA-1,0.021423,0.032609,0.05289,0.893078
ACACCACATAATTAGC-1,0.0029,0.06604,0.272603,0.658457
ACACCCAGCATGCAGC-1,0.108942,0.026676,0.541904,0.322478
ACACCCGAGAAATCCG-1,0.107183,0.036379,0.484166,0.372272
ACACCCGTAAATCTGT-1,0.049407,0.00914,0.711527,0.229927
ACACCGAGCGCTCTTT-1,0.045553,0.049034,0.443499,0.461915
ACACCGGTCTGACCGC-1,0.999368,0.00009,0.000181,0.000361
ACACCTTAAGTAGGGC-1,0.116001,0.095099,0.187855,0.601045
ACACCTTACTACTTGC-1,0.000016,0.018127,0.337919,0.643937
ACACGAGACTCCTTCT-1,0.017472,0.054616,0.228817,0.699094
ACACGGCACTATGCAT-1,0.578604,0.01096,0.355661,0.054775
ACACGGGAACTTAGGG-1,0.007732,0.007885,0.612222,0.37216
ACACGTAGGCCACAAG-1,0.032063,0.117765,0.291105,0.559067
ACACTCCAATGTCACT-1,0.015118,0.044729,0.154216,0.785937
ACACTGATCAAGGTGT-1,0.149207,0.011351,0.713449,0.125993
ACACTGGGACAGTCGT-1,0.004238,0.410481,0.061685,0.523597
ACAGAACTGAGAACAA-1,0.93265,0.000174,0.061295,0.005881
ACAGATTAGGTTAGTG-1,0.080646,0.014198,0.576621,0.328535
ACAGCATAGAGCCAGT-1,0.010105,0.01883,0.169966,0.801099
ACAGCGACATTCTCAT-1,0.040443,0.109424,0.487729,0.362404
ACAGCGCACCCGCAGC-1,0.005243,0.032507,0.181309,0.780942
ACAGGAGGCGCAGCCG-1,0.863573,0.000053,0.136163,0.000211
ACAGGCTTGCCCGACT-1,0.027199,0.06873,0.350966,0.553106
ACAGGTGGAGGTGAGG-1,0.16001,0.021926,0.232162,0.585902
ACAGGTGTGTTGTTGC-1,0.870378,0.000102,0.000205,0.129315
ACAGTAATACAACTTG-1,0.999414,0.000084,0.000168,0.000335
ACAGTATACCGTGGGA-1,0.00437,0.032432,0.556105,0.407092
ACAGTGCAGCGCATTT-1,0.000023,0.002071,0.72083,0.277075
ACATAAGTCGTGGTGA-1,0.998514,0.000212,0.000424,0.000849
ACATAATAAGGCGGTG-1,0.072293,0.010007,0.438519,0.479181
ACATCAGCTGGGACGC-1,0.081554,0.036453,0.232644,0.649348
ACATCCCGGCCATACG-1,0.105074,0.047815,0.332362,0.51475
ACATCCTGGTAACTGT-1,0.000019,0.03335,0.496352,0.470279
ACATCGATCGTTTACC-1,0.035798,0.048679,0.201885,0.713637
ACATCGGTCAGCCGCG-1,0.160368,0.081649,0.139021,0.618962
ACATCGTATGCAATGG-1,0.000016,0.032044,0.238314,0.729626
ACATCGTTAACCTAGT-1,0.083997,0.02112,0.212997,0.681886
ACATCTCAACGCGTAA-1,0.116064,0.032795,0.551092,0.300049
ACATGGCGCCAAAGTA-1,0.038232,0.050082,0.454292,0.457395
ACATGGCTCAATTTAG-1,0.01756,0.243303,0.194778,0.544359
ACATTAGTTTATATCC-1,0.096726,0.079642,0.281688,0.541944
ACCAAACACCCAGCGA-1,0.039932,0.004104,0.836462,0.119501
ACCAAACTAGAAATCC-1,0.05601,0.000431,0.869121,0.074438
ACCAACACCACACACT-1,0.007704,0.209617,0.069148,0.713531
ACCAACCGCACTCCAC-1,0.750109,0.031884,0.169385,0.048622
ACCAACGCTTATTTAT-1,0.086402,0.032591,0.275676,0.605331
ACCAAGAACGCGTGTC-1,0.174179,0.139996,0.338269,0.347556
ACCAATATGCAAGTTA-1,0.06433,0.011939,0.394564,0.529167
ACCACAACTCAGAACA-1,0.104609,0.008363,0.358243,0.528785
ACCACAAGTTTCTATC-1,0.007318,0.00342,0.226745,0.762518
ACCACCAATGTAACAA-1,0.017092,0.014156,0.737663,0.231089
ACCACCCTCTCTTCTA-1,0.062487,0.021928,0.670233,0.245353
ACCACGTGCAGCTATA-1,0.061331,0.077129,0.471318,0.390222
ACCACTGTTCAAGAAG-1,0.079335,0.061435,0.660779,0.198451
ACCAGACCATAACAAC-1,0.745394,0.028166,0.008734,0.217705
ACCAGCCCGGTCTTTG-1,0.066655,0.007109,0.872788,0.053448
ACCAGGAGTGTGATCT-1,0.015098,0.018699,0.063197,0.903006
ACCAGTGCCCGGTCAA-1,0.085507,0.052043,0.651977,0.210474
ACCAGTGCGGGAGACG-1,0.000016,0.008032,0.439059,0.552893
ACCATATCCGCAATAA-1,0.056099,0.020433,0.080022,0.843446
ACCATCCGCCAACTAG-1,0.928099,0.000148,0.024623,0.047131
ACCATCGTATATGGTA-1,0.029317,0.019888,0.483451,0.467344
ACCATTAAGGGTGTCA-1,0.093697,0.220954,0.343265,0.342084
ACCCAACGCCCGTGGC-1,0.000024,0.01135,0.364105,0.624522
ACCCACCTACATGCTC-1,0.023408,0.037465,0.176737,0.76239
ACCCATCTTGAGGGTA-1,0.037149,0.067922,0.330589,0.56434
ACCCATTTGTCCCTCT-1,0.008567,0.041365,0.701989,0.248079
ACCCGAGCGAAATTAC-1,0.996869,0.000447,0.000895,0.001789
ACCCGATTGGTTCCGA-1,0.909841,0.000098,0.000195,0.089866
ACCCGGAAACTCCCAG-1,0.336602,0.049827,0.267343,0.346228
ACCCGGAGCACCACAA-1,0.060115,0.03461,0.715674,0.189602
ACCCGGATGACGCATC-1,0.010307,0.087247,0.141552,0.760894
ACCCGGTTACACTTCC-1,0.079635,0.081762,0.449303,0.389301
ACCCGTAGTCTAGTTG-1,0.867829,0.073258,0.001711,0.057202
ACCCGTGTCATCAGTA-1,0.566986,0.09744,0.008496,0.327078
ACCCTATAGGACTGAG-1,0.016909,0.29353,0.442284,0.247277
ACCCTATGCCATATCG-1,0.703384,0.000173,0.287125,0.009318
ACCCTCCCTTGCTATT-1,0.016922,0.184843,0.537673,0.260562
ACCCTGGTAACGCCCT-1,0.000016,0.052178,0.07725,0.870556
ACCCTTCATCTGCGAA-1,0.00002,0.01279,0.246837,0.740354
ACCCTTGCCTGGGTCG-1,0.000037,0.086616,0.496659,0.416688
ACCCTTTAGTTCTCCA-1,0.010372,0.019719,0.351342,0.618567
ACCGAAAGGGCCCTGC-1,0.052676,0.036561,0.253393,0.65737
ACCGAAGAGTCTGGTT-1,0.998048,0.000279,0.000558,0.001115
ACCGACACATCTCCCA-1,0.999603,0.000057,0.000113,0.000227
ACCGACTGAGTCCCAC-1,0.027427,0.023161,0.655164,0.294248
ACCGATAGGCATAACC-1,0.071181,0.050586,0.489801,0.388432
ACCGATATTTAATCAT-1,0.00001,0.616076,0.02353,0.360384
ACCGATGGTAGCATCG-1,0.098946,0.03266,0.289927,0.578466
ACCGCAATAACTGCCT-1,0.067149,0.082937,0.335873,0.514042
ACCGCGGTGGAAGTCG-1,0.000012,0.016669,0.32146,0.661858
ACCGGGCCTTTGTTGA-1,0.017278,0.036062,0.100342,0.846318
ACCGGTCAGGTACACC-1,0.960634,0.00045,0.037114,0.001802
ACCGGTCTGAGTACGG-1,0.000138,0.018006,0.393139,0.588717
ACCGTCCACTGGGCCC-1,0.998475,0.000218,0.000436,0.000871
ACCGTGACCACGTGGG-1,0.998965,0.000148,0.000296,0.000591
ACCGTTCCCGCTCTGA-1,0.023859,0.011936,0.521614,0.44259
ACCTAAGTACCTTTCA-1,0.141364,0.02054,0.544753,0.293342
ACCTAATCGACTTCCT-1,0.005529,0.027377,0.167029,0.800064
ACCTACAGTATGTGGT-1,0.013339,0.032528,0.276327,0.677806
ACCTACTATAAATCTA-1,0.968323,0.000134,0.031005,0.000538
ACCTCCGCCCTCGCTG-1,0.002197,0.056329,0.558216,0.383258
ACCTCCGTTATTCACC-1,0.00002,0.006069,0.372182,0.621728
ACCTCGAACTTATGCT-1,0.974949,0.024197,0.000285,0.00057
ACCTGCGTGTCATGTT-1,0.326765,0.016913,0.549095,0.107227
ACCTTTCCTTTAGAAG-1,0.034828,0.001781,0.876208,0.087183
ACGAAATGGGCGGCAC-1,0.037565,0.009865,0.427712,0.524858
ACGACCCATGAGTTGC-1,0.103816,0.094622,0.543798,0.257764
ACGACTGGTCATACTC-1,0.873186,0.000211,0.125758,0.000845
ACGAGAACCCATCACG-1,0.083344,0.097883,0.09123,0.727542
ACGAGATATTTGCTTA-1,0.000719,0.003925,0.334901,0.660456
ACGAGGATACCACTCT-1,0.998803,0.000171,0.000342,0.000684
ACGAGGTTTACAACGT-1,0.966278,0.033035,0.000229,0.000458
ACGAGTACGGATGCCC-1,0.000015,0.043189,0.013322,0.943475
ACGATACATAGAACTA-1,0.012236,0.052604,0.795707,0.139453
ACGATACCTATCCTGA-1,0.879744,0.075279,0.000151,0.044826
ACGATCATACATAGAG-1,0.000027,0.03772,0.399886,0.562366
ACGATCATCTTGTAAA-1,0.010115,0.039134,0.667697,0.283054
ACGATGCATATGTTAT-1,0.053115,0.139194,0.043208,0.764483
ACGATGGATCCGATGC-1,0.135324,0.000049,0.59276,0.271868
ACGCAAACTAATAGAT-1,0.966631,0.000183,0.032452,0.000733
ACGCAATCACTACAGC-1,0.022376,0.063744,0.814559,0.09932
ACGCATAAATGACATG-1,0.000019,0.008624,0.555631,0.435726
ACGCATACGTTTACTA-1,0.108539,0.071866,0.300573,0.519022
ACGCATTCGTGAGTAC-1,0.004923,0.015037,0.717387,0.262653
ACGCCAGATGATTTCT-1,0.000631,0.017115,0.43179,0.550464
ACGCCCAGCTGTCGAT-1,0.075735,0.040615,0.326417,0.557232
ACGCCGCTAGACGACC-1,0.073663,0.113744,0.095673,0.71692
ACGCGAAGTCAGACGA-1,0.043413,0.030016,0.118287,0.808284
ACGCGCTACACAGGGT-1,0.247562,0.03504,0.483031,0.234367
ACGCGGGCCAAGGACA-1,0.000019,0.013704,0.110357,0.87592
ACGCGTTTCTTAAGAG-1,0.206911,0.005332,0.681389,0.106368
ACGCTAGTATCAGTGC-1,0.032329,0.000047,0.940457,0.027166
ACGCTAGTGATACACT-1,0.011598,0.004086,0.368355,0.61596
ACGCTGTGAGGCGTAG-1,0.190638,0.026417,0.761726,0.021219
ACGCTTAGTGTCTCTC-1,0.382023,0.007068,0.579063,0.031846
ACGGAATTTAGCAAAT-1,0.004401,0.041509,0.148029,0.806062
ACGGACTCTCAAAGCG-1,0.79408,0.075457,0.033373,0.097091
ACGGAGCGCAAATTAC-1,0.004703,0.207605,0.032814,0.754878
ACGGATGGTGCGGATA-1,0.096194,0.005032,0.474055,0.424719
ACGGCACTTGCTTGGG-1,0.08853,0.044363,0.282409,0.584697
ACGGCCAACATGGACT-1,0.114548,0.046227,0.399299,0.439925
ACGGCGACGATGGGAA-1,0.038626,0.027995,0.574798,0.35858
ACGGCGGGTTGCCCTG-1,0.083076,0.005305,0.551631,0.359987
ACGGCTGGATGTAGAA-1,0.998588,0.000202,0.000403,0.000807
ACGGGAGTGTCGGCCC-1,0.37451,0.065328,0.298333,0.261829
ACGGGCGTATGCGACA-1,0.002427,0.036218,0.455137,0.506218
ACGGGTCATGTGACTT-1,0.080578,0.082429,0.023082,0.813912
ACGTACAGATTTCTCT-1,0.027349,0.016488,0.533909,0.422253
ACGTAGATTGCTGATG-1,0.028649,0.035227,0.14587,0.790254
ACGTATTACTCCGATC-1,0.044046,0.031141,0.43824,0.486573
ACGTCCTAAACGAGAT-1,0.200379,0.035942,0.097828,0.665851
ACGTCGGGCAACTCGG-1,0.998443,0.000222,0.000445,0.00089
ACGTCTCGTTCCGGGA-1,0.99866,0.000191,0.000383,0.000766
ACGTGACAAAGTAAGT-1,0.998181,0.00026,0.00052,0.001039
ACGTGCGCCTCGTGCA-1,0.036891,0.013161,0.801587,0.14836
ACGTGGTCGAATGTGC-1,0.444789,0.000067,0.553714,0.00143
ACGTTAATGTCGAAGA-1,0.021111,0.028075,0.522562,0.428251
ACGTTAGATTTGCCCG-1,0.009773,0.058559,0.7081,0.223568
ACGTTATTGGTCACTC-1,0.052634,0.389678,0.281711,0.275977
ACGTTCCGCGCTCCGT-1,0.040744,0.027,0.321032,0.611224
ACGTTCGCAATCAATT-1,0.004793,0.124386,0.1233,0.747521
ACGTTCGTTCAGGAAA-1,0.998696,0.000186,0.000373,0.000745
ACGTTCTGTACAAGTC-1,0.866855,0.023772,0.074434,0.034939
ACGTTTAGTTGTGATC-1,0.036467,0.002305,0.554822,0.406406
ACTAAGGACGCACACC-1,0.034466,0.014985,0.549316,0.401233
ACTAATACGTCAGGCG-1,0.000365,0.029181,0.70657,0.263884
ACTACATCCCGACAAG-1,0.998233,0.000252,0.000505,0.00101
ACTACCAGCTCTCTGG-1,0.185963,0.083811,0.127509,0.602718
ACTACGCGTTAGAATT-1,0.800923,0.007264,0.170698,0.021115
ACTAGTTGCGATCGTC-1,0.002215,0.09832,0.114877,0.784588
ACTATATGCTGTGTTC-1,0.019078,0.052396,0.542373,0.386153
ACTATCCAGGGCATGG-1,0.001,0.130529,0.139309,0.729161
ACTATCGCCGGCTAAA-1,0.131379,0.835203,0.002946,0.030472
ACTATCTGCCCGCGTA-1,0.049782,0.026321,0.560257,0.36364
ACTATGTCCAGCTGCC-1,0.929626,0.00026,0.069075,0.001039
ACTATTCGTCCGTGGT-1,0.019274,0.002139,0.691903,0.286684
ACTATTTCCGGGCCCA-1,0.611947,0.000754,0.384281,0.003017
ACTCAACGAATGTATT-1,0.064488,0.032007,0.095677,0.807828
ACTCAAGTGCAAGGCT-1,0.040659,0.040521,0.315849,0.60297
ACTCAATAAAGGCACG-1,0.006762,0.024973,0.472236,0.496029
ACTCAGACCTGCTTCT-1,0.213467,0.012555,0.463609,0.310368
ACTCATGGCAGCCTTC-1,0.999017,0.00014,0.000281,0.000562
ACTCCAATATCATCAT-1,0.997407,0.00037,0.000741,0.001482
ACTCCCATTCCTAAAG-1,0.695446,0.00011,0.302435,0.00201
ACTCCCGAATTCGTTT-1,0.0291,0.053659,0.449328,0.467912
ACTCCCGTAGACTAGG-1,0.020902,0.180213,0.389768,0.409117
ACTCCCTAATGCTAAA-1,0.173737,0.054987,0.585016,0.18626
ACTCCCTAGAATAGTA-1,0.094593,0.071237,0.118218,0.715952
ACTCGATGTATTTCAT-1,0.063495,0.099777,0.11556,0.721168
ACTCGCCGTTCGATAA-1,0.81442,0.049266,0.036638,0.099676
ACTCGCGATCTGACGC-1,0.034665,0.053046,0.643997,0.268292
ACTCGTAACCCGTCCT-1,0.240702,0.016392,0.061794,0.681113
ACTCGTCAGTAATCCC-1,0.00002,0.123135,0.385139,0.491706
ACTCTAAACCTGGGAT-1,0.836669,0.05814,0.104072,0.001118
ACTCTCTGACTTAGGT-1,0.001948,0.004706,0.509222,0.484124
ACTCTCTTATACACGA-1,0.026191,0.001553,0.827832,0.144424
ACTCTTCAGCTCCCGC-1,0.046552,0.041225,0.298377,0.613847
ACTCTTGTATAGTAAC-1,0.032222,0.100609,0.03709,0.83008
ACTGAAACGCCGTTAG-1,0.008064,0.032122,0.458815,0.500999
ACTGAATGGCGAAAGT-1,0.013929,0.057067,0.418043,0.510961
ACTGATTTAGTGATTC-1,0.170441,0.124081,0.497402,0.208076
ACTGCCCGCCATTCTC-1,0.999415,0.000084,0.000167,0.000335
ACTGCCGTCGTAACTC-1,0.013445,0.061468,0.255303,0.669784
ACTGCGGACACACCGT-1,0.000466,0.028622,0.09933,0.871582
ACTGCTCGGAAGGATG-1,0.994233,0.000824,0.001648,0.003295
ACTGGCGAACCTGCGT-1,0.086506,0.049015,0.482102,0.382377
ACTGTACGATACACAT-1,0.00005,0.043647,0.793844,0.16246
ACTGTAGCACTTTGGA-1,0.023284,0.003825,0.500917,0.471974
ACTGTATACGCGAGCA-1,0.083523,0.060031,0.194836,0.66161
ACTGTCCAGGATTATA-1,0.014857,0.002337,0.627286,0.35552
ACTGTCTTCTTTAGAA-1,0.091922,0.074535,0.224099,0.609444
ACTGTGCTAGTAGATC-1,0.091985,0.123364,0.212403,0.572249
ACTGTTTAGTGTAGGC-1,0.038254,0.043164,0.436186,0.482396
ACTTACCGGGCGCGCA-1,0.002371,0.066874,0.771108,0.159646
ACTTACGCATCCACGC-1,0.070737,0.012641,0.252932,0.663689
ACTTAGTACGACAAGA-1,0.118884,0.084181,0.446356,0.350579
ACTTATACTTACCCGG-1,0.020123,0.013756,0.627963,0.338158
ACTTATTAGGATCGGT-1,0.037159,0.050417,0.058212,0.854212
ACTTATTTATGTGCCA-1,0.001228,0.028762,0.56144,0.40857
ACTTCAGGCTGATCCC-1,0.103759,0.062569,0.186965,0.646707
ACTTCCAGTGGAAGCT-1,0.990597,0.000268,0.008066,0.00107
ACTTCCATGCGGGACA-1,0.145495,0.047037,0.245711,0.561757
ACTTCCTGTCGTGCGA-1,0.01367,0.001343,0.90222,0.082767
ACTTCGCCATACGCAC-1,0.000594,0.000038,0.714917,0.284451
ACTTCGCTAGCGAGTG-1,0.043461,0.103929,0.593128,0.259482
ACTTGACTCCCTCTTT-1,0.083271,0.077247,0.340869,0.498613
ACTTGCCATATTGTAC-1,0.036847,0.014933,0.601661,0.346559
ACTTGCTCTATCTACC-1,0.998522,0.000211,0.000422,0.000845
ACTTGGGACCCGGTGG-1,0.043138,0.026982,0.404156,0.525724
ACTTGTAGTCCCTTCA-1,0.998676,0.000189,0.000378,0.000757
ACTTGTGGATGGAACG-1,0.012123,0.041335,0.206977,0.739564
ACTTTACCCTCATGAA-1,0.000026,0.037821,0.584958,0.377196
ACTTTCCTATAGCTTC-1,0.025427,0.018942,0.776634,0.178998
ACTTTGACTGCATCCT-1,0.17295,0.471629,0.326604,0.028817
ACTTTGGTCGTGCTCC-1,0.913823,0.00022,0.085076,0.00088
ACTTTGTCGACGCACT-1,0.038722,0.026776,0.839782,0.09472
AGAAATTATGACTCGC-1,0.000615,0.122787,0.197636,0.678962
AGAACCCAGCGTGACA-1,0.031038,0.388024,0.094508,0.48643
AGAACCCTCAATTGGG-1,0.998742,0.00018,0.000359,0.000719
AGAACGTGGTACATTC-1,0.029394,0.011663,0.683037,0.275907
AGAAGAGCGCCGTTCC-1,0.048674,0.000247,0.894023,0.057055
AGAAGGTACACTTCAC-1,0.997873,0.000304,0.000608,0.001216
AGAAGGTTGCCGAATT-1,0.04618,0.033699,0.02789,0.892232
AGAAGGTTGTAGGTCG-1,0.847954,0.000108,0.151506,0.000432
AGAAGTGATTCGTGAT-1,0.198436,0.046142,0.544461,0.210961
AGAATAAATCTTCAGG-1,0.097185,0.008657,0.718356,0.175802
AGAATGCGGGTTCGGA-1,0.000014,0.744221,0.203915,0.05185
AGAATTATGGATTCGA-1,0.013505,0.107536,0.23428,0.644679
AGAATTGTTTGACATA-1,0.002425,0.040137,0.461569,0.495869
AGACAGCTCAGAATCC-1,0.081706,0.018232,0.509115,0.390947
AGACAGGCATCTCAGC-1,0.028865,0.243729,0.475931,0.251474
AGACATAGATCCTTCC-1,0.041678,0.04988,0.307945,0.600497
AGACCAAACCACACCT-1,0.998579,0.000203,0.000406,0.000812
AGACCATGGGATACAA-1,0.066876,0.033972,0.335341,0.563811
AGACCCACCGCTGATC-1,0.177777,0.048882,0.283492,0.489849
AGACCCGCCCTCCTCG-1,0.01357,0.038544,0.215052,0.732834
AGACCGCTCCGCGGTT-1,0.005673,0.069114,0.602296,0.322916
AGACCGGGAAACCCTG-1,0.029526,0.415894,0.4247,0.12988
AGACGAAGTGCCGGTC-1,0.029341,0.048159,0.00707,0.91543
AGACGACGATGCCGCT-1,0.868498,0.000115,0.031792,0.099595
AGACGCCCACTTCGCC-1,0.089173,0.062879,0.603289,0.244659
AGACGGGATTGGTATA-1,0.760375,0.050704,0.124381,0.06454
AGACGGGCCGATTTAA-1,0.024865,0.012674,0.379783,0.582677
AGACTAGCCTTCCAGA-1,0.00552,0.01561,0.452685,0.526185
AGACTGTTACCGGGTC-1,0.964746,0.034449,0.000268,0.000537
AGAGAAACACCAGAAA-1,0.448066,0.343418,0.000115,0.2084
AGAGAACCGTCTAGGA-1,0.000018,0.02248,0.510428,0.467075
AGAGAAGGAGTACAAT-1,0.970882,0.000137,0.028431,0.00055
AGAGATCTCTAAAGCG-1,0.079909,0.003776,0.866677,0.049638
AGAGCAGTTATGAGAC-1,0.013982,0.026115,0.210423,0.749481
AGAGCCGCCGAGATTT-1,0.01276,0.132659,0.287999,0.566583
AGAGCGCTTGTAACGG-1,0.051514,0.111296,0.506227,0.330963
AGAGCGGGCTAATCAT-1,0.002844,0.006377,0.681488,0.309291
AGAGCGTACAAGCTCG-1,0.005742,0.012323,0.260815,0.72112
AGAGCTACGAAAGCAT-1,0.027596,0.048623,0.383867,0.539914
AGAGGCTTCGGAAACC-1,0.032026,0.089314,0.437796,0.440865
AGAGGGACAATTGTCC-1,0.040035,0.09824,0.791524,0.0702
AGAGGTATCTCGGTCC-1,0.087192,0.005761,0.412503,0.494544
AGAGTAAACTTCACTA-1,0.000566,0.018252,0.100117,0.881065
AGAGTATAGTGTTACG-1,0.000028,0.058432,0.274315,0.667225
AGAGTGAACAGACACC-1,0.060962,0.020014,0.783757,0.135267
AGAGTTAGAGACCGAT-1,0.000028,0.003362,0.862266,0.134344
AGAGTTGCAGGCCTCC-1,0.029045,0.034528,0.29511,0.641317
AGATAACTTCAGGGCC-1,0.080344,0.06036,0.305804,0.553492
AGATACCAATAGAACC-1,0.157918,0.16028,0.511072,0.170731
AGATACCAGCACTTCA-1,0.019513,0.010459,0.837279,0.132748
AGATACCGGTGTTCAC-1,0.030956,0.093926,0.221118,0.654001
AGATACGACTTCATAT-1,0.066609,0.124409,0.52996,0.279023
AGATACTCAAGATCGA-1,0.021399,0.034076,0.346387,0.598138
AGATATAATACGACTA-1,0.999415,0.000084,0.000167,0.000334
AGATCGTGCATAAGAT-1,0.003316,0.045622,0.827356,0.123705
AGATCTCAGGTGTGAT-1,0.027936,0.031085,0.545618,0.395361
AGATGACTCGCCCACG-1,0.027251,0.141029,0.245272,0.586448
AGATGATGGAGTCTGG-1,0.000024,0.07306,0.266863,0.660053
AGATGCAAGACGTGCA-1,0.996978,0.000432,0.000864,0.001727
AGATGCATCCTGTGTC-1,0.998415,0.000226,0.000453,0.000906
AGATGCTATAACGAGC-1,0.081269,0.033061,0.509376,0.376293
AGATTATAGGACGTTT-1,0.040182,0.039406,0.522134,0.398279
AGATTCAAGCGGGTCG-1,0.023443,0.01222,0.237655,0.726682
AGATTCACAACCGATA-1,0.942032,0.056587,0.00046,0.000921
AGCAAAGGCCGCTAGT-1,0.716068,0.017403,0.008269,0.258259
AGCAACATATCTTATT-1,0.005492,0.032431,0.357717,0.60436
AGCAACCGAAAGTAAT-1,0.998432,0.000224,0.000448,0.000896
AGCACACGTTTAGACT-1,0.99847,0.000219,0.000437,0.000874
AGCACCAGTACTCACG-1,0.003138,0.030664,0.2534,0.712798
AGCACTACCGGCCTGT-1,0.212456,0.014962,0.243834,0.528748
AGCACTACCTCACCAG-1,0.029973,0.009126,0.404355,0.556547
AGCACTTAAGGACGCC-1,0.004985,0.063438,0.352587,0.578989
AGCAGAAGGAGAAAGA-1,0.943099,0.000142,0.05619,0.000569
AGCAGCCAGATGAATA-1,0.124755,0.030303,0.725013,0.119929
AGCATATCAATATGCT-1,0.00931,0.019928,0.3676,0.603162
AGCATCATTTCGAAAG-1,0.996987,0.000431,0.000861,0.001722
AGCATCGTCGATAATT-1,0.02988,0.082826,0.112991,0.774303
AGCATTACGAGGCAAG-1,0.817244,0.001495,0.159347,0.021913
AGCCAAGCTTTGTGTC-1,0.959749,0.00023,0.039102,0.000919
AGCCACAGGTTACCCG-1,0.340785,0.159959,0.349814,0.149442
AGCCACTCCCGTGCTT-1,0.029066,0.03724,0.439816,0.493878
AGCCCATACATGTAAG-1,0.308317,0.052407,0.254417,0.384859
AGCCCGCAACAAGCAG-1,0.920913,0.000079,0.078691,0.000317
AGCCCGGCATTAGAGG-1,0.998746,0.000179,0.000358,0.000717
AGCCCGGTAGCCTGTA-1,0.998806,0.000171,0.000341,0.000682
AGCCCTAAGCGAAGTT-1,0.011995,0.038356,0.324341,0.625307
AGCCCTCCCTGGTGGC-1,0.999096,0.000129,0.000258,0.000517
AGCCCTGTCGCACCGT-1,0.060071,0.02897,0.655307,0.255653
AGCCCTTCTAATCCGA-1,0.024624,0.052399,0.580523,0.342453
AGCCCTTGGACATCCC-1,0.001779,0.134408,0.648051,0.215762
AGCCGCAAATTCAAAT-1,0.59412,0.048655,0.134749,0.222475
AGCCGCTTGATTAGCG-1,0.285692,0.035087,0.678563,0.000658
AGCCGTGGCTAAATGT-1,0.854356,0.000191,0.000382,0.145071
AGCCTAATACCCACGT-1,0.811532,0.000096,0.063526,0.124846
AGCCTTAAAGCGGAAG-1,0.006161,0.028238,0.126314,0.839287
AGCGACAGGAACGGTC-1,0.185582,0.047821,0.345513,0.421084
AGCGACATCCCATTCA-1,0.140015,0.03511,0.485745,0.33913
AGCGACCAACGATATT-1,0.02722,0.060242,0.22817,0.684368
AGCGAGACGTGAAGGC-1,0.994393,0.000104,0.005088,0.000415
AGCGATGCGCCTAATA-1,0.201428,0.039444,0.664992,0.094136
AGCGCATAATGAATCG-1,0.111615,0.041081,0.015774,0.83153
AGCGCGGGTGCCAATG-1,0.007863,0.026333,0.278618,0.687186
AGCGCTAGAGCGATGT-1,0.035668,0.016453,0.753413,0.194466
AGCGCTTATGGGCAAG-1,0.000014,0.678732,0.300264,0.020989
AGCGGACACTTCGTAG-1,0.986045,0.008447,0.005348,0.00016
AGCGGCGGTTAGCGGT-1,0.998298,0.000243,0.000486,0.000973
AGCGGGAAGGGTCCAT-1,0.083735,0.117761,0.180553,0.617952
AGCGGGTCTGACACTC-1,0.998473,0.000218,0.000436,0.000873
AGCGGTTGAGATGTAC-1,0.157688,0.020571,0.719122,0.102619
AGCGGTTGCCGCTCTG-1,0.05763,0.045554,0.81637,0.080447
AGCGTACGAGAGCTAG-1,0.026941,0.02299,0.696513,0.253556
AGCGTAGCGCTAGACC-1,0.034079,0.244847,0.288109,0.432965
AGCGTCTGAACCCGCA-1,0.079546,0.010271,0.626774,0.283409
AGCGTGGTATTCTACT-1,0.045179,0.064105,0.528407,0.362309
AGCGTTCCGATTTAAA-1,0.031882,0.005567,0.818329,0.144222
AGCTAACAAGCAATGT-1,0.917429,0.071723,0.000119,0.010729
AGCTAAGTACGCAGGC-1,0.897376,0.015727,0.063267,0.023631
AGCTAGAAGCAGAAGT-1,0.030292,0.112927,0.089865,0.766915
AGCTATTTAATCCAAC-1,0.000022,0.036429,0.504836,0.458712
AGCTCCATATATGTTC-1,0.039841,0.047573,0.550359,0.362227
AGCTCCTTCGCACATC-1,0.028283,0.043854,0.608531,0.319331
AGCTCGTTGATGGAAA-1,0.033196,0.050215,0.4975,0.419089
AGCTCTAGACGTTCCA-1,0.048275,0.008633,0.365497,0.577596
AGCTCTTCCCAGTGCA-1,0.000097,0.019909,0.409922,0.570072
AGCTCTTCGTAACCTT-1,0.000014,0.011922,0.218652,0.769413
AGCTCTTTACTCAGTT-1,0.05816,0.024835,0.705656,0.211349
AGCTGAAGTAAACCAA-1,0.00001,0.004464,0.105748,0.889778
AGCTGCATTTGAGGTG-1,0.011702,0.039784,0.660469,0.288044
AGCTGCTGTGCCGAAT-1,0.079565,0.045618,0.255449,0.619369
AGCTGTAACCTCAATC-1,0.995681,0.000617,0.001234,0.002468
AGCTTATAGAGACCTG-1,0.008611,0.048349,0.259789,0.683251
AGCTTCAATACTTTGA-1,0.822155,0.005071,0.112594,0.06018
AGCTTCTTCTCGAGCA-1,0.587182,0.000099,0.331356,0.081362
AGCTTGATCTTAACTT-1,0.128609,0.000037,0.833951,0.037403
AGGAAAGCCTCTGATG-1,0.035464,0.03327,0.195096,0.73617
AGGAACGAACGACTTC-1,0.118431,0.072293,0.323518,0.485759
AGGAAGCTGTCCGCCG-1,0.856445,0.000058,0.142182,0.001314
AGGACAGTCGAATCCC-1,0.031311,0.037935,0.360086,0.570668
AGGACATCGCACGTCG-1,0.018093,0.084337,0.080615,0.816955
AGGACATCGGCACACT-1,0.76961,0.0058,0.000051,0.224538
AGGACGACCCATTAGA-1,0.070322,0.054073,0.428118,0.447487
AGGACGCTCGATGTTG-1,0.030722,0.007266,0.168884,0.793128
AGGACTTATAGGAGAA-1,0.09225,0.1671,0.405304,0.335345
AGGAGACATCCACAGT-1,0.015165,0.002938,0.931514,0.050383
AGGAGAGTCTGGCTAC-1,0.052229,0.019389,0.759188,0.169194
AGGAGGCCTTCGCGCG-1,0.007004,0.033901,0.190304,0.768791
AGGATAAAGTCGGGAT-1,0.09132,0.047505,0.231766,0.62941
AGGATATAGGGATTTA-1,0.021759,0.047451,0.359573,0.571217
AGGATCACGCGATCTG-1,0.998151,0.000264,0.000528,0.001057
AGGATTGCTTACGACA-1,0.022621,0.029033,0.752265,0.19608
AGGCAAAGAGGAATCA-1,0.063905,0.122689,0.452913,0.360494
AGGCAATACGGAGGAC-1,0.611544,0.000034,0.388284,0.000137
AGGCACGTGACTGTCC-1,0.016458,0.08678,0.378432,0.518329
AGGCAGATGCGTAAAC-1,0.000011,0.060425,0.020276,0.919288
AGGCAGGGAGCGTACT-1,0.83572,0.000128,0.116122,0.04803
AGGCATTGTCGTAGGG-1,0.028588,0.049136,0.130175,0.792101
AGGCCACATTGGTTAC-1,0.00579,0.087497,0.425281,0.481432
AGGCCACCCGTTATGA-1,0.016172,0.003323,0.434144,0.54636
AGGCCCAGTGACTGGT-1,0.137264,0.099864,0.293074,0.469798
AGGCCCATTGTACAGG-1,0.158004,0.020226,0.596116,0.225653
AGGCCCTAGAACGCCA-1,0.369581,0.077796,0.143023,0.4096
AGGCCTGAGAATCTCG-1,0.085038,0.03808,0.405162,0.47172
AGGCGATAACTGGCGT-1,0.073346,0.036962,0.764795,0.124898
AGGCGGTTTGTCCCGC-1,0.997517,0.000355,0.000709,0.001419
AGGCGTCTATGGACGG-1,0.034105,0.008092,0.812004,0.145799
AGGCTATGGTTAGCTT-1,0.000021,0.012289,0.319353,0.668337
AGGCTTCCCGAAGAAG-1,0.307943,0.028389,0.37148,0.292188
AGGCTTGCTAGACACC-1,0.057145,0.031244,0.19559,0.716021
AGGGAAACGAGGTACT-1,0.000036,0.007867,0.284215,0.707883
AGGGACAGCACGGCGG-1,0.076352,0.020762,0.040862,0.862024
AGGGACCGGCTGCGTT-1,0.024299,0.014835,0.165839,0.795026
AGGGACTCTACGCGAC-1,0.0445,0.656763,0.084248,0.214489
AGGGAGACATACTTCG-1,0.003149,0.210961,0.352251,0.433639
AGGGCAGCGGCGTGGT-1,0.043399,0.00744,0.333,0.616161
AGGGCCCTAATGTTCT-1,0.115625,0.161419,0.135846,0.58711
AGGGCGAGCAGCTGAT-1,0.72651,0.000058,0.258054,0.015378
AGGGCGTGATCGGCTA-1,0.328268,0.052439,0.32944,0.289853
AGGGCTGCAGTTACAG-1,0.135775,0.01266,0.006969,0.844597
AGGGTCAGAGCACTCG-1,0.999266,0.000105,0.00021,0.000419
AGGGTCAGTAACCCTA-1,0.043409,0.034356,0.744884,0.177351
