Barcode,Topic 1,Topic 2,Topic 3to4,Topic 5to12
AAACAAGTATCTCCCA-1,0.00001,0.034929,0.019737,0.945323
AAACAATCTACTAGCA-1,0.004007,0.100959,0.142764,0.75227
AAACACCAATAACTGC-1,0.007808,0.064541,0.203623,0.724029
AAACAGAGCGACTCCT-1,0.612633,0.000522,0.384251,0.002594
AAACAGCTTTCAGAAG-1,0.013398,0.019614,0.1129,0.854088
AAACAGGGTCTATATT-1,0.02318,0.014447,0.005493,0.956881
AAACAGTGTTCCTGGG-1,0.013333,0.046527,0.009346,0.930795
AAACATTTCCCGGATT-1,0.009171,0.000025,0.009835,0.980968
AAACCACTACACAGAT-1,0.015624,0.145401,0.064623,0.774352
AAACCCGAACGAAATC-1,0.084122,0.001544,0.181702,0.732633
AAACCGGAAATGTTAA-1,0.045168,0.07352,0.012979,0.868333
AAACCGGGTAGGTACC-1,0.053112,0.024246,0.207325,0.715317
AAACCGTTCGTCCAGG-1,0.099268,0.022195,0.012578,0.86596
AAACCTAAGCAGCCGG-1,0.000007,0.087341,0.1929,0.719751
AAACCTCATGAAGTTG-1,0.000006,0.046415,0.045414,0.908165
AAACGAAGAACATACC-1,0.000005,0.093053,0.161525,0.745418
AAACGACAGTCTTGCC-1,0.001539,0.089758,0.027282,0.881421
AAACGAGACGGTTGAT-1,0.004476,0.011363,0.21363,0.770531
AAACGCCCGAGATCGG-1,0.000011,0.00838,0.004369,0.987241
AAACGGGCGTACGGGT-1,0.037903,0.393429,0.045813,0.522855
AAACGGGTTGGTATCC-1,0.000017,0.004045,0.072203,0.923735
AAACGGTTGCGAACTG-1,0.041872,0.016766,0.148522,0.79284
AAACGTGTTCGCCCTA-1,0.001335,0.24497,0.17688,0.576815
AAACTAACGTGGCGAC-1,0.055812,0.235199,0.16842,0.540569
AAACTCGGTTCGCAAT-1,0.000012,0.002667,0.063939,0.933383
AAACTCGTGATATAAG-1,0.02228,0.012451,0.139182,0.826087
AAACTGCTGGCTCCAA-1,0.000009,0.032803,0.139317,0.827871
AAACTTAATTGCACGC-1,0.000017,0.000017,0.000034,0.999931
AAACTTGCAAACGTAT-1,0.000005,0.049649,0.288499,0.661848
AAAGACATGAAGTTTA-1,0.007468,0.007715,0.072689,0.912127
AAAGACCCAAGTCGCG-1,0.062202,0.017751,0.376332,0.543715
AAAGACTGGGCGCTTT-1,0.000006,0.045122,0.25598,0.698893
AAAGCTTGCCTACATA-1,0.250833,0.215927,0.075513,0.457727
AAAGGCCCTATAATAC-1,0.000008,0.000855,0.390489,0.608647
AAAGGCTACGGACCAT-1,0.015256,0.015019,0.168038,0.801687
AAAGGCTCTCGCGCCG-1,0.000908,0.001564,0.421974,0.575554
AAAGGGATGTAGCAAG-1,0.030191,0.029601,0.36663,0.573578
AAAGGGCAGCTTGAAT-1,0.000006,0.001267,0.185169,0.813557
AAAGGTAAGCTGTACC-1,0.088979,0.072252,0.119,0.71977
AAAGGTCAACGACATG-1,0.007525,0.149081,0.020106,0.823288
AAAGTAGCATTGCTCA-1,0.003634,0.038528,0.056122,0.901716
AAAGTCACTGATGTAA-1,0.007766,0.05172,0.126797,0.813718
AAAGTCGACCCTCAGT-1,0.003307,0.011752,0.114915,0.870026
AAAGTGCCATCAATTA-1,0.023415,0.047056,0.05099,0.878539
AAAGTGTGATTTATCT-1,0.065282,0.138561,0.181138,0.61502
AAATAACCATACGGGA-1,0.003677,0.031847,0.223893,0.740583
AAATAAGGTAGTGCCC-1,0.482935,0.513225,0.000768,0.003072
AAATACCTATAAGCAT-1,0.000008,0.101865,0.202012,0.696116
AAATAGCTTAGACTTT-1,0.597223,0.402023,0.000151,0.000603
AAATAGGGTGCTATTG-1,0.000006,0.155626,0.283166,0.561202
AAATCACTCCTAAACG-1,0.046995,0.341,0.076518,0.535487
AAATCCGATACACGCC-1,0.00963,0.051574,0.234431,0.704365
AAATCGCGGAAGGAGT-1,0.000016,0.000016,0.003768,0.9962
AAATCGTGTACCACAA-1,0.000007,0.002005,0.559563,0.438425
AAATCTAGCCCTGCTA-1,0.009371,0.005053,0.065648,0.919929
AAATGACTGATCAAAC-1,0.003623,0.003623,0.007247,0.985507
AAATGATTCGATCAGC-1,0.016056,0.31635,0.012885,0.654709
AAATGCTCGTTACGTT-1,0.000009,0.018825,0.205628,0.775538
AAATGGCATGTCTTGT-1,0.000006,0.001898,0.505666,0.492431
AAATGGCCCGTGCCCT-1,0.01586,0.009122,0.087352,0.887665
AAATGGTCAATGTGCC-1,0.02688,0.142291,0.019814,0.811014
AAATGTGGGTGCTCCT-1,0.000007,0.153264,0.062202,0.784528
AAATTAACGGGTAGCT-1,0.012436,0.081881,0.057903,0.847779
AAATTAATAAGCGCGA-1,0.000012,0.000012,0.059377,0.940598
AAATTACACGACTCTG-1,0.014152,0.006024,0.097984,0.881841
AAATTACCTATCGATG-1,0.039655,0.005474,0.224335,0.730536
AAATTCCAGGTCCAAA-1,0.542455,0.45724,0.000061,0.000244
AAATTGATAGTCCTTT-1,0.019386,0.010279,0.243232,0.727103
AAATTGGTGAGAAGCA-1,0.004011,0.074795,0.051677,0.869517
AAATTTACCGAAATCC-1,0.009436,0.044406,0.096523,0.849635
AAATTTGCGGGTGTGG-1,0.00001,0.136823,0.013144,0.850022
AACAACTGGTAGTTGC-1,0.012776,0.017251,0.025943,0.94403
AACAATACATTGTCGA-1,0.004134,0.020509,0.040873,0.934485
AACAATTACTCTACGC-1,0.035764,0.01839,0.127344,0.818502
AACACACGCTCGCCGC-1,0.001916,0.203573,0.028746,0.765765
AACACGACTGTACTGA-1,0.000007,0.049885,0.162247,0.787861
AACACGAGACGCGGCC-1,0.009535,0.000702,0.213795,0.775968
AACACGCGGCCGCGAA-1,0.001813,0.087639,0.258414,0.652134
AACAGCTGTGTGGCAA-1,0.001191,0.134726,0.017171,0.846912
AACAGGAAATCGAATA-1,0.069464,0.141143,0.104131,0.685263
AACAGGATGGGCCGCG-1,0.000013,0.002322,0.000027,0.997638
AACAGGTAGTATGGAT-1,0.348887,0.11966,0.035361,0.496093
AACATAGCGTGTATCG-1,0.001208,0.001208,0.174065,0.823519
AACATATCAACTGGTG-1,0.0693,0.093613,0.137955,0.699132
AACATCGATACGTCTA-1,0.008355,0.066746,0.108909,0.81599
AACATTGAAGTTGATC-1,0.026158,0.075183,0.086273,0.812387
AACATTGTGACTCGAG-1,0.03766,0.15658,0.034397,0.771363
AACCAAGACTTCTCTG-1,0.082124,0.055994,0.022827,0.839056
AACCAGTATCACTCTT-1,0.000009,0.004327,0.475888,0.519776
AACCATAGGGTTGAAC-1,0.000011,0.000011,0.012567,0.98741
AACCATGGGATCGCTA-1,0.000012,0.014978,0.046526,0.938485
AACCCAGAGACGGAGA-1,0.00001,0.613313,0.002009,0.384667
AACCCATCCCATGATC-1,0.008382,0.021271,0.030134,0.940213
AACCCGACAACCCGTG-1,0.000016,0.000809,0.001806,0.99737
AACCCGAGCAGAATCG-1,0.089833,0.047049,0.005367,0.857751
AACCCGATAGGGCTTC-1,0.055898,0.054638,0.314608,0.574857
AACCCGCTGTATTCCA-1,0.001097,0.001097,0.452072,0.545735
AACCCTACTGTCAATA-1,0.165484,0.344355,0.062494,0.427667
AACCCTGGTGGAACCA-1,0.000008,0.001259,0.012239,0.986495
AACCGAGCTTGGTCAT-1,0.007773,0.03762,0.026448,0.928158
AACCGCTAAGGGATGC-1,0.126571,0.33534,0.084158,0.453931
AACCGTTGTGTTTGCT-1,0.015279,0.125397,0.099595,0.759729
AACCTAAAGCCGTCCG-1,0.045877,0.019924,0.517176,0.417023
AACCTCGCTTTAGCCC-1,0.029894,0.046239,0.134077,0.789789
AACCTGTCACGGAATT-1,0.725238,0.254,0.020395,0.000367
AACCTTTAAATACGGT-1,0.000007,0.262702,0.014419,0.722872
AACCTTTACGACGTCT-1,0.352566,0.559041,0.084277,0.004115
AACGAAAGTCGTCCCA-1,0.000007,0.000113,0.380474,0.619406
AACGATAATGCCGTAG-1,0.000008,0.058496,0.281012,0.660484
AACGATAGAAGGGCCG-1,0.000007,0.126514,0.308295,0.565185
AACGATATGTCAACTG-1,0.23052,0.722138,0.023281,0.024061
AACGCATGATCTGGGT-1,0.0256,0.05516,0.035899,0.883342
AACGCGACCTTGGGCG-1,0.00246,0.254633,0.061798,0.681109
AACGCGGTCTCCAGCC-1,0.015948,0.078293,0.063843,0.841915
AACGCTGTTGCTGAAA-1,0.00437,0.091718,0.042256,0.861656
AACGGACGTACGTATA-1,0.087044,0.0633,0.000049,0.849607
AACGGCCATCTCCGGT-1,0.000761,0.030466,0.31798,0.650792
AACGTACTGTGGGTAC-1,0.023928,0.150183,0.015823,0.810066
AACGTAGTCTACCCAT-1,0.000465,0.000813,0.212359,0.786364
AACGTCAGACTAGTGG-1,0.005108,0.01116,0.065509,0.918223
AACGTCATCCGGCTTG-1,0.041667,0.041668,0.083336,0.833329
AACGTGATGAAGGACA-1,0.046701,0.213492,0.009774,0.730033
AACGTGCGAAAGTCTC-1,0.000069,0.044437,0.672309,0.283184
AACGTTATCAGCACCT-1,0.000009,0.131957,0.003775,0.864259
AACGTTCTACCATTGT-1,0.000076,0.6268,0.012147,0.360977
AACTACCCGTTTGTCA-1,0.336633,0.076401,0.00023,0.586735
AACTAGCGTATCGCAC-1,0.000009,0.088314,0.130221,0.781456
AACTAGGCTTGGGTGT-1,0.000011,0.140022,0.049006,0.810962
AACTCAAGTTAATTGC-1,0.002491,0.03444,0.009728,0.953341
AACTCCAGAGCGTGTT-1,0.013442,0.032714,0.439649,0.514195
AACTCCTAATCCCATG-1,0.019004,0.000382,0.878767,0.101847
AACTCGATGGCGCAGT-1,0.000011,0.002347,0.046077,0.951565
AACTCTCAATAGAGCG-1,0.104786,0.020179,0.394035,0.481
AACTCTCAGTGTGCTC-1,0.021578,0.003865,0.027345,0.947212
AACTGAGGTCAGCGTC-1,0.095485,0.251653,0.104346,0.548517
AACTGAGTTATACTGA-1,0.088105,0.009159,0.283455,0.619281
AACTGATATTAGGCCT-1,0.011413,0.008485,0.084382,0.89572
AACTGGGTCCCGACGT-1,0.000007,0.001046,0.170106,0.828841
AACTGGGTTCGAGCCG-1,0.008067,0.26224,0.114078,0.615615
AACTGGTGTGGGCCTT-1,0.00001,0.04189,0.048941,0.909159
AACTTCTGCGTCTATC-1,0.019897,0.133203,0.000529,0.846372
AACTTGCCCGTATGCA-1,0.006989,0.044934,0.04286,0.905217
AACTTGCGTTCTCGCG-1,0.000012,0.012742,0.186165,0.801081
AACTTTAGCTGCTGAG-1,0.00001,0.356648,0.012069,0.631274
AACTTTCTCGATCATG-1,0.033028,0.417501,0.081093,0.468379
AAGAAAGTTTGATGGG-1,0.002874,0.002874,0.005747,0.988505
AAGAAATCACCAGATT-1,0.004993,0.035643,0.385759,0.573605
AAGAAGGATCAGTTAG-1,0.000011,0.009711,0.000023,0.990255
AAGACATACGTGGTTT-1,0.000031,0.000031,0.000063,0.999874
AAGACCAAATAACTCA-1,0.010999,0.013962,0.04327,0.931768
AAGACCCAACTGAACA-1,0.004257,0.024517,0.081053,0.890173
AAGACTAACCCGTTGT-1,0.000009,0.000009,0.052827,0.947156
AAGACTCACGCCCACT-1,0.000007,0.107646,0.066746,0.825601
AAGACTGCAAGCTACT-1,0.125464,0.569352,0.184399,0.120786
AAGAGATGAATCGGTA-1,0.00001,0.117635,0.006047,0.876308
AAGAGCTCTTTATCGG-1,0.000007,0.03655,0.349326,0.614118
AAGAGGATGTACGCGA-1,0.002802,0.12346,0.034314,0.839424
AAGAGGCATGGATCGC-1,0.000007,0.101008,0.404756,0.494228
AAGAGGCCCTTTGGAA-1,0.001879,0.215122,0.200922,0.582077
AAGATGGCACCGGACC-1,0.027551,0.009484,0.21005,0.752915
AAGATTGGCGGAACGT-1,0.178145,0.41767,0.000157,0.404028
AAGCACCCTGCGTATC-1,0.005269,0.290745,0.011624,0.692363
AAGCATACTCTCCTGA-1,0.00001,0.254328,0.030654,0.715009
AAGCCGAAGCGGTTTA-1,0.109176,0.022308,0.021949,0.846567
AAGCCGCCGTGAAATC-1,0.020288,0.002201,0.151988,0.825523
AAGCCGCTTTACCTTG-1,0.015521,0.328198,0.002303,0.653978
AAGCCGGAGAGCAGGA-1,0.000025,0.000025,0.000051,0.999899
AAGCGCAGGGCTTTGA-1,0.021105,0.014108,0.022157,0.94263
AAGCGGAGTGCGCGCA-1,0.006305,0.031295,0.005835,0.956566
AAGCGGCGTCATGGGT-1,0.000011,0.012508,0.070394,0.917087
AAGCGTCCCTCATCGA-1,0.023421,0.012352,0.052087,0.912141
AAGCTAGATCGAGTAA-1,0.000006,0.012116,0.384229,0.603649
AAGCTCGTGCCAAGTC-1,0.000009,0.219278,0.098121,0.682592
AAGCTCTTTCATGGTG-1,0.003418,0.005094,0.001032,0.990456
AAGGAGAACTTATAAG-1,0.000004,0.042541,0.189451,0.768003
AAGGAGCGGTTGGTGC-1,0.02976,0.048762,0.061089,0.860389
AAGGATCGATCGCTTG-1,0.855859,0.082237,0.048425,0.013479
AAGGATGAGGGACCTC-1,0.015107,0.171076,0.061516,0.752301
AAGGCAGGCTGTCTCC-1,0.506719,0.144803,0.000179,0.348298
AAGGCGCGTAAAGCTT-1,0.013214,0.018793,0.227694,0.740299
AAGGCTGTGCTCATCG-1,0.000006,0.000006,0.68933,0.310657
AAGGGAACGACTGGCT-1,0.031711,0.157332,0.013286,0.797671
AAGGGACAGATTCTGT-1,0.25748,0.000386,0.000772,0.741363
AAGGGACTATGCATTC-1,0.011516,0.311511,0.038263,0.63871
AAGGGTTAGCCATGCG-1,0.000043,0.213475,0.17388,0.612603
AAGGTATCCTAATATA-1,0.035607,0.000007,0.026598,0.937788
AAGGTGATAAACCAGC-1,0.072977,0.005351,0.000056,0.921617
AAGTAAGCTTCCAAAC-1,0.000005,0.006977,0.291313,0.701705
AAGTAGAAGACCGGGT-1,0.000007,0.072088,0.30898,0.618925
AAGTAGTGACGCGAGG-1,0.000017,0.000017,0.000033,0.999933
AAGTCAATTGTCGTCA-1,0.076955,0.027665,0.205461,0.689919
AAGTCTAGTAGCTGCC-1,0.021922,0.183195,0.293357,0.501525
AAGTCTTCTGTGGCCT-1,0.000035,0.071525,0.086808,0.841633
AAGTGACGACCGAATT-1,0.015052,0.013429,0.16579,0.805728
AAGTGAGTCGGGTTTA-1,0.000009,0.015393,0.000932,0.983665
AAGTGCCTTGACTGTA-1,0.312503,0.610174,0.000718,0.076604
AAGTGCGTTAGAATCT-1,0.009587,0.252511,0.00946,0.728442
AAGTGCTTCTCTATTG-1,0.000018,0.000019,0.015875,0.984088
AAGTGTTTGGAGACGG-1,0.001064,0.024063,0.112079,0.862794
AAGTTCACTCCAAGCT-1,0.030352,0.005641,0.139555,0.824451
AAGTTCAGTCTGCGTA-1,0.028323,0.047832,0.007032,0.916813
AAGTTCGGCCAACAGG-1,0.002751,0.029908,0.033209,0.934133
AAGTTGTGATGTTATA-1,0.009241,0.000026,0.000053,0.990679
AAGTTTACTAATGGCA-1,0.000009,0.153605,0.098601,0.747785
AAGTTTATGGGCCCAA-1,0.029079,0.005335,0.073453,0.892133
AATAACAACGCTCGGC-1,0.007731,0.000232,0.374436,0.617601
AATAACACTAGAACAA-1,0.067394,0.014286,0.006832,0.911487
AATAAGTCCTCGAGAC-1,0.000009,0.041604,0.000018,0.958369
AATAATCTTCGTATCG-1,0.04488,0.014008,0.231771,0.709341
AATACAATGTTTCAGG-1,0.019243,0.009833,0.148008,0.822916
AATACCGGAGGGCTGT-1,0.015188,0.02175,0.082778,0.880284
AATACCTGATGTGAAC-1,0.052438,0.000045,0.063696,0.883821
AATAGAACAGAGTGGC-1,0.000007,0.106079,0.250481,0.643433
AATAGAATCTGTTTCA-1,0.033536,0.043378,0.112133,0.810953
AATAGCAAGCCTCCTG-1,0.031464,0.037268,0.194708,0.736561
AATAGCTACCGCGTGC-1,0.030381,0.266443,0.012303,0.690872
AATAGGCACGACCCTT-1,0.083333,0.083333,0.166667,0.666667
AATAGTCCGTCCCGAC-1,0.000009,0.031835,0.021653,0.946503
AATATCAAGGTCGGAT-1,0.000008,0.185485,0.061728,0.75278
AATATCGAATCAATGC-1,0.457213,0.422012,0.018687,0.102088
AATATCGAGGGTTCTC-1,0.136224,0.160983,0.281876,0.420917
AATATTGGAGTATTGA-1,0.018946,0.025527,0.022639,0.932889
AATCAGACTGCAGGAC-1,0.000012,0.012155,0.117314,0.870519
AATCAGGTTTCATTTA-1,0.007202,0.010426,0.034959,0.947413
AATCCAAGGGCCTGAG-1,0.000006,0.003889,0.453408,0.542697
AATCCATGCAAGGGTG-1,0.00001,0.002333,0.032525,0.965132
AATCCCGCTCAGAGCC-1,0.003623,0.32452,0.007247,0.66461
AATCGAGGTCTCAAGG-1,0.002778,0.002778,0.406406,0.588038
AATCGCCTCAGCGCCA-1,0.003707,0.156962,0.137859,0.701473
AATCGCGCAGAGGACT-1,0.579674,0.412128,0.006776,0.001421
AATCGGGACACTACGA-1,0.000009,0.000863,0.0601,0.939028
AATCGTGAGCCGAGCA-1,0.00866,0.002546,0.29809,0.690704
AATCTAGGTTTACTTG-1,0.006028,0.005905,0.000047,0.988019
AATCTATGCCGGAGCC-1,0.015606,0.003558,0.00983,0.971006
AATCTCTACTGTGGTT-1,0.000393,0.000078,0.200193,0.799335
AATCTGCGTTGGGACG-1,0.12143,0.060682,0.033647,0.784241
AATCTGGCTTTCTAGT-1,0.001469,0.177595,0.018185,0.802751
AATCTGGGTAGACCCT-1,0.000008,0.024654,0.126255,0.849082
AATGACAGCAATGTCT-1,0.00972,0.01034,0.02615,0.953791
AATGACGTAGGATGTC-1,0.014022,0.082872,0.210865,0.69224
AATGACTGTCAGCCGG-1,0.113145,0.039643,0.363517,0.483695
AATGAGTTCGCATATG-1,0.000445,0.202579,0.011187,0.785789
AATGATGATACGCTAT-1,0.625041,0.292427,0.000783,0.08175
AATGATGCGACTCCTG-1,0.163331,0.182956,0.020684,0.633029
AATGCAACCGGGTACC-1,0.01826,0.040428,0.05837,0.882943
AATGCACCAAGCAATG-1,0.20552,0.395583,0.060956,0.337941
AATGGCCGCCAATGCG-1,0.010841,0.351825,0.000033,0.637301
AATGGTCCACCGTTCA-1,0.000005,0.041747,0.153823,0.804425
AATGGTTCTCACAAGC-1,0.000278,0.00176,0.19482,0.803143
AATGTATGGCACTGTA-1,0.00002,0.00002,0.000041,0.999919
AATGTGCCCGAGGTGT-1,0.000007,0.009942,0.142339,0.847712
AATGTGCTAATCTGAG-1,0.009054,0.088472,0.002464,0.900011
AATGTTAAGACCCTGA-1,0.000502,0.366952,0.335784,0.296763
AATGTTGTCGTGAGAC-1,0.012101,0.013375,0.343908,0.630617
AATTAAAGGTCGGCGT-1,0.081674,0.117499,0.109633,0.691194
AATTAACGGATTTCCA-1,0.000009,0.030747,0.144068,0.825176
AATTACGAGACCCATC-1,0.000026,0.001898,0.000052,0.998025
AATTAGCGCTGCAGCG-1,0.000012,0.05375,0.039818,0.90642
AATTATACCCAGCAAG-1,0.000916,0.000916,0.396795,0.601373
AATTCATAAGGGATCT-1,0.454982,0.346115,0.000585,0.198318
AATTCATTGTCATGCA-1,0.00001,0.00001,0.288691,0.711289
AATTCCAAGCATGTAC-1,0.005254,0.060994,0.083037,0.850716
AATTCGATTCGAGGAT-1,0.000017,0.006858,0.057806,0.935319
AATTCTAGAGTTAGGC-1,0.00001,0.018551,0.150892,0.830547
AATTGAACGCTCTGGT-1,0.000009,0.246792,0.096009,0.65719
AATTGCAGCAATCGAC-1,0.000036,0.058774,0.010443,0.930748
AATTGCGTGGATTACA-1,0.000025,0.000025,0.009005,0.990944
AATTGTGGTTGCCAAA-1,0.001767,0.000741,0.096586,0.900907
AATTTGGGACATAGTA-1,0.056739,0.044197,0.341476,0.557588
AATTTGGTTCCAAAGA-1,0.000279,0.094308,0.047206,0.858207
ACAAACCATGCGTCCT-1,0.033661,0.047892,0.140234,0.778213
ACAAACCGACAAGGCG-1,0.002913,0.000008,0.000016,0.997063
ACAAACTCCATCAGAG-1,0.027778,0.027779,0.72221,0.222233
ACAAAGCATGACCTAG-1,0.003678,0.004502,0.116025,0.875795
ACAAATCGCACCGAAT-1,0.031667,0.037161,0.197365,0.733807
ACAAATGGTAGTGTTT-1,0.007279,0.108574,0.371462,0.512684
ACAAATTCAGATCTGA-1,0.017304,0.016208,0.220144,0.746344
ACAACAGCATGAGCTA-1,0.003175,0.139716,0.572673,0.284435
ACAACGGTCCCTGCGA-1,0.000008,0.019121,0.113949,0.866922
ACAAGCAGTGCCTAGC-1,0.000009,0.780194,0.002575,0.217221
ACAAGGAAATCCGCCC-1,0.00001,0.155293,0.092355,0.752342
ACAAGGACAAGAGGTT-1,0.00263,0.000012,0.000025,0.997333
ACAAGGATGCTTTAGG-1,0.090465,0.013824,0.085997,0.809714
ACAAGGCCTACCAGCC-1,0.032291,0.26436,0.03327,0.670078
ACAAGGGCAGGCTCTG-1,0.017463,0.040624,0.088052,0.853861
ACAATAGTCGTACGTT-1,0.046166,0.049193,0.030339,0.874302
ACAATCCATTTAAACC-1,0.000007,0.000339,0.143571,0.856084
ACAATCGATCTTTATA-1,0.000007,0.00496,0.234984,0.760048
ACAATGAATACGGAGA-1,0.013815,0.026275,0.010437,0.949472
ACAATGATTCTTCTAC-1,0.072413,0.018504,0.178299,0.730784
ACAATTTAGGAGGCTC-1,0.014426,0.016181,0.166319,0.803074
ACAATTTGAGCAGTGG-1,0.041004,0.087509,0.127537,0.74395
ACAATTTGGCCATATT-1,0.59196,0.389693,0.000142,0.018205
ACACAAAGACGGGTGG-1,0.028272,0.18244,0.155846,0.633442
ACACAAATATTCCTAG-1,0.009834,0.00428,0.064884,0.921002
ACACACCAGGACCAGT-1,0.046377,0.064691,0.173758,0.715174
ACACACTTTCTACACG-1,0.013764,0.234259,0.205272,0.546706
ACACATGATCAAATCT-1,0.017029,0.017739,0.203322,0.76191
ACACATTTCCGTAGAC-1,0.001619,0.254048,0.217887,0.526446
ACACCACATAATTAGC-1,0.518922,0.070212,0.347949,0.062916
ACACCCAGCATGCAGC-1,0.049879,0.015402,0.332238,0.602481
ACACCCGAGAAATCCG-1,0.000006,0.227031,0.013006,0.759957
ACACCCGTAAATCTGT-1,0.074215,0.273091,0.065469,0.587225
ACACCGGTCTGACCGC-1,0.000009,0.12122,0.153533,0.725238
ACACCTTAAGTAGGGC-1,0.004662,0.150693,0.025355,0.81929
ACACCTTACTACTTGC-1,0.4649,0.127101,0.048205,0.359794
ACACGAGACTCCTTCT-1,0.000004,0.014771,0.816384,0.16884
ACACGGCACTATGCAT-1,0.00001,0.048941,0.003887,0.947161
ACACGGGAACTTAGGG-1,0.020167,0.022548,0.145573,0.811712
ACACGTAGGCCACAAG-1,0.022745,0.260544,0.000046,0.716665
ACACTCCAATGTCACT-1,0.000011,0.00022,0.007949,0.99182
ACACTGATCAAGGTGT-1,0.037226,0.033219,0.277976,0.651579
ACACTGGGACAGTCGT-1,0.022202,0.000026,0.066012,0.91176
ACAGAACTGAGAACAA-1,0.021593,0.014597,0.250177,0.713633
ACAGATTAGGTTAGTG-1,0.000008,0.037327,0.143646,0.81902
ACAGCATAGAGCCAGT-1,0.06371,0.007377,0.290977,0.637936
ACAGCGCACCCGCAGC-1,0.000009,0.565807,0.001357,0.432827
ACAGGCACGGATCCTT-1,0.034299,0.020879,0.105744,0.839077
ACAGGCTTGCCCGACT-1,0.041065,0.031192,0.240418,0.687326
ACAGGTGGAGGTGAGG-1,0.077354,0.031135,0.017889,0.873622
ACAGTAATACAACTTG-1,0.013162,0.008037,0.003439,0.975361
ACAGTATACCGTGGGA-1,0.017386,0.000938,0.176549,0.805128
ACAGTGCAGCGCATTT-1,0.14188,0.25876,0.10937,0.48999
ACATAAGTCGTGGTGA-1,0.023998,0.028708,0.004907,0.942387
ACATAATAAGGCGGTG-1,0.000009,0.074467,0.054748,0.870775
ACATCAGCTGGGACGC-1,0.047633,0.021142,0.03752,0.893704
ACATCCCGGCCATACG-1,0.003822,0.05748,0.53046,0.408238
ACATCCTGGTAACTGT-1,0.513619,0.485882,0.0001,0.0004
ACATCGATCGTTTACC-1,0.000013,0.011822,0.389225,0.59894
ACATCGGTCAGCCGCG-1,0.000008,0.056997,0.252474,0.690521
ACATCGTATGCAATGG-1,0.000012,0.170654,0.00422,0.825114
ACATCGTTAACCTAGT-1,0.000006,0.100302,0.368228,0.531463
ACATCTCAACGCGTAA-1,0.000009,0.052225,0.00022,0.947545
ACATGCTTACGGCAGC-1,0.001736,0.001736,0.198224,0.798304
ACATGGCGCCAAAGTA-1,0.483085,0.287969,0.000284,0.228662
ACATTAGTTTATATCC-1,0.000009,0.092018,0.152872,0.7551
ACCAAACACCCAGCGA-1,0.00879,0.079086,0.041303,0.870821
ACCAAACTAGAAATCC-1,0.000851,0.025214,0.067496,0.906439
ACCAACACCACACACT-1,0.023958,0.195611,0.148672,0.631759
ACCAACCGCACTCCAC-1,0.000015,0.067593,0.048932,0.883461
ACCAACGCTTATTTAT-1,0.015317,0.01176,0.107141,0.865782
ACCAAGAACGCGTGTC-1,0.000007,0.047669,0.383081,0.569244
ACCAAGTCATCGGCAG-1,0.000017,0.000017,0.06872,0.931246
ACCAATATGCAAGTTA-1,0.003143,0.027226,0.148156,0.821475
ACCACAACTCAGAACA-1,0.017885,0.272978,0.120556,0.588581
ACCACAAGTTTCTATC-1,0.004314,0.006951,0.247159,0.741575
ACCACACGGTTGATGG-1,0.001323,0.001323,0.002646,0.994709
ACCACCAATGTAACAA-1,0.58052,0.224248,0.00044,0.194792
ACCACCCTCTCTTCTA-1,0.008688,0.141266,0.014063,0.835983
ACCACGTGCAGCTATA-1,0.003404,0.086001,0.075263,0.835331
ACCAGACCATAACAAC-1,0.01496,0.172264,0.081909,0.730867
ACCAGCCCGGTCTTTG-1,0.00001,0.035742,0.045668,0.91858
ACCAGGAGTGTGATCT-1,0.000009,0.007993,0.028112,0.963886
ACCAGTGCCCGGTCAA-1,0.040054,0.018024,0.270803,0.671119
ACCAGTGCGGGAGACG-1,0.01141,0.025268,0.000035,0.963287
ACCATATCCGCAATAA-1,0.011367,0.054165,0.135653,0.798815
ACCATCCGCCAACTAG-1,0.000008,0.003096,0.006823,0.990072
ACCATCGTATATGGTA-1,0.002137,0.023729,0.060545,0.91359
ACCCAACGCCCGTGGC-1,0.05331,0.159937,0.612235,0.174518
ACCCACCTACATGCTC-1,0.000009,0.023035,0.083233,0.893723
ACCCATCTTGAGGGTA-1,0.000013,0.002688,0.044863,0.952436
ACCCATTTGTCCCTCT-1,0.00006,0.005027,0.000119,0.994794
ACCCGAGCGAAATTAC-1,0.008966,0.005894,0.124475,0.860664
ACCCGATTGGTTCCGA-1,0.000017,0.002387,0.055023,0.942572
ACCCGGAAACTCCCAG-1,0.000009,0.115638,0.048424,0.835929
ACCCGGAGCACCACAA-1,0.019858,0.310607,0.009379,0.660156
ACCCGGTTACACTTCC-1,0.00001,0.037839,0.221855,0.740297
ACCCGTAGCAGAGAAT-1,0.228198,0.070724,0.082318,0.61876
ACCCGTAGTCTAGTTG-1,0.055832,0.071468,0.000063,0.872637
ACCCGTGTCATCAGTA-1,0.000012,0.009567,0.162408,0.828014
ACCCTATGCCATATCG-1,0.051903,0.129058,0.087203,0.731836
ACCCTCCCGTCAGGGC-1,0.007842,0.010012,0.053701,0.928446
ACCCTCCCTTGCTATT-1,0.00001,0.038631,0.010899,0.950459
ACCCTGGTAACGCCCT-1,0.019536,0.002749,0.013223,0.964492
ACCCTTCATCTGCGAA-1,0.000009,0.154087,0.062631,0.783273
ACCCTTGCCTGGGTCG-1,0.013142,0.000014,0.000521,0.986322
ACCCTTTAGTTCTCCA-1,0.000011,0.18493,0.182431,0.632628
ACCGAAAGGGCCCTGC-1,0.000006,0.052638,0.29657,0.650786
ACCGAAGAGTCTGGTT-1,0.018895,0.000807,0.013047,0.967251
ACCGACACATCTCCCA-1,0.000008,0.020487,0.024344,0.955161
ACCGACTGAGTCCCAC-1,0.035033,0.053149,0.194298,0.71752
ACCGAGTCTCCTTATT-1,0.000011,0.13369,0.095501,0.770797
ACCGATAGGCATAACC-1,0.023286,0.040914,0.026003,0.909797
ACCGATATTTAATCAT-1,0.019009,0.071771,0.194362,0.714858
ACCGATGGTAGCATCG-1,0.434108,0.562134,0.000751,0.003008
ACCGCAATAACTGCCT-1,0.03106,0.00601,0.018847,0.944082
ACCGCGGTGGAAGTCG-1,0.54541,0.451775,0.000563,0.002252
ACCGCTAGTCATTGGT-1,0.000072,0.182982,0.524743,0.292202
ACCGGTCAGGTACACC-1,0.000013,0.097203,0.005451,0.897333
ACCGGTCTGAGTACGG-1,0.000007,0.008882,0.178833,0.812278
ACCGTGACCACGTGGG-1,0.015796,0.001666,0.027246,0.955293
ACCGTTCCCGCTCTGA-1,0.01158,0.063042,0.347306,0.578073
ACCTAAGTACCTTTCA-1,0.012099,0.234677,0.00805,0.745174
ACCTAATCGACTTCCT-1,0.001833,0.184824,0.123656,0.689687
ACCTACAGTATGTGGT-1,0.631298,0.333749,0.000074,0.034879
ACCTACTATAAATCTA-1,0.040686,0.010334,0.078096,0.870883
ACCTCCGCCCTCGCTG-1,0.023993,0.152754,0.015871,0.807381
ACCTCCGTTATTCACC-1,0.691363,0.307505,0.000226,0.000906
ACCTCGAACTTATGCT-1,0.0041,0.168593,0.020992,0.806314
ACCTGCGTGTCATGTT-1,0.048401,0.022939,0.05336,0.8753
ACCTTTCCTTTAGAAG-1,0.001416,0.043009,0.181541,0.774034
ACGAAATGGGCGGCAC-1,0.002076,0.368899,0.306857,0.322168
ACGACCCATGAGTTGC-1,0.010059,0.002038,0.152446,0.835457
ACGACTCTAGGGCCGA-1,0.008024,0.023412,0.088352,0.880212
ACGACTGGTCATACTC-1,0.028166,0.077341,0.054125,0.840369
ACGAGAACCCATCACG-1,0.01235,0.012853,0.091366,0.883431
ACGAGATATTTGCTTA-1,0.000012,0.649957,0.065825,0.284206
ACGAGGATACCACTCT-1,0.011699,0.022159,0.066738,0.899404
ACGAGGTTTACAACGT-1,0.007509,0.000023,0.001303,0.991166
ACGAGTACGGATGCCC-1,0.116417,0.032402,0.095628,0.755554
ACGATACATAGAACTA-1,0.010045,0.132156,0.051375,0.806424
ACGATCATACATAGAG-1,0.021744,0.14795,0.204658,0.625648
ACGATCATCTTGTAAA-1,0.271349,0.297719,0.000322,0.430609
ACGATGCATATGTTAT-1,0.0566,0.325027,0.00302,0.615353
ACGATGGATCCGATGC-1,0.000009,0.198983,0.024944,0.776064
ACGCAAACTAATAGAT-1,0.000007,0.312166,0.004273,0.683553
ACGCAATCACTACAGC-1,0.017077,0.041881,0.022564,0.918478
ACGCATAAATGACATG-1,0.013459,0.01707,0.014569,0.954902
ACGCATACGTTTACTA-1,0.000014,0.139674,0.03652,0.823792
ACGCATTCGTGAGTAC-1,0.034164,0.079205,0.034749,0.851883
ACGCCACTCGAAACAG-1,0.001208,0.001208,0.002416,0.995169
ACGCCAGATGATTTCT-1,0.046464,0.011691,0.063736,0.878109
ACGCCCAGCTGTCGAT-1,0.005887,0.129549,0.000021,0.864544
ACGCCGCTAGACGACC-1,0.032915,0.079914,0.14573,0.741441
ACGCGAAGTCAGACGA-1,0.000008,0.003773,0.240171,0.756048
ACGCGCTACACAGGGT-1,0.014022,0.004842,0.014304,0.966832
ACGCGGGCCAAGGACA-1,0.104215,0.001823,0.02884,0.865122
ACGCTAGTATCAGTGC-1,0.089828,0.212149,0.026346,0.671677
ACGCTAGTGATACACT-1,0.000014,0.461192,0.007689,0.531105
ACGCTGTGAGGCGTAG-1,0.013188,0.002989,0.013718,0.970105
ACGCTTAGTGTCTCTC-1,0.005713,0.045062,0.451262,0.497963
ACGGAATTTAGCAAAT-1,0.00001,0.078179,0.014825,0.906985
ACGGACGCAGCGACAA-1,0.062526,0.000196,0.64111,0.296168
ACGGACTCTCAAAGCG-1,0.000008,0.017115,0.084426,0.898451
ACGGAGCGCAAATTAC-1,0.051765,0.009809,0.391289,0.547137
ACGGATGGTGCGGATA-1,0.003124,0.016374,0.30739,0.673112
ACGGCACTTGCTTGGG-1,0.000012,0.127329,0.042959,0.829699
ACGGCCAACATGGACT-1,0.000007,0.013166,0.29856,0.688266
ACGGCGACGATGGGAA-1,0.000425,0.049344,0.01784,0.932391
ACGGCGGGTTGCCCTG-1,0.000011,0.012527,0.065677,0.921786
ACGGCTGGATGTAGAA-1,0.004349,0.004771,0.169868,0.821012
ACGGGAGTGTCGGCCC-1,0.006037,0.206073,0.061942,0.725948
ACGGGCGTATGCGACA-1,0.041999,0.078722,0.066601,0.812677
ACGGGTTGTGACCTGT-1,0.196824,0.238784,0.000159,0.564232
ACGGTACAGTTCAATG-1,0.003561,0.062504,0.044958,0.888977
ACGGTCACCGAGAACA-1,0.085046,0.029515,0.074991,0.810448
ACGTACAGATTTCTCT-1,0.000009,0.001787,0.050621,0.947583
ACGTACTTTGGCACGG-1,0.008376,0.045805,0.057434,0.888385
ACGTAGATTGCTGATG-1,0.025063,0.539625,0.009288,0.426025
ACGTAGGAGAGTCGCT-1,0.016612,0.011665,0.067297,0.904425
ACGTCCTAAACGAGAT-1,0.000008,0.126032,0.021636,0.852325
ACGTCTCGTTCCGGGA-1,0.014006,0.02426,0.031003,0.930731
ACGTGCGCCTCGTGCA-1,0.010156,0.018028,0.051714,0.920102
ACGTGGTCGAATGTGC-1,0.011892,0.009231,0.207171,0.771706
ACGTTAATGTCGAAGA-1,0.025221,0.017451,0.303656,0.653671
ACGTTAGATTTGCCCG-1,0.003793,0.00038,0.017425,0.978403
ACGTTATTGGTCACTC-1,0.018833,0.016759,0.038841,0.925567
ACGTTCACTATGCCGC-1,0.027558,0.4478,0.021749,0.502893
ACGTTCCGCGCTCCGT-1,0.000007,0.002622,0.051777,0.945593
ACGTTCGCAATCAATT-1,0.964481,0.000105,0.00021,0.035204
ACGTTCGTTCAGGAAA-1,0.012282,0.046219,0.280729,0.66077
ACGTTCTGTACAAGTC-1,0.002552,0.211092,0.013578,0.772778
ACGTTGTCGTTGAAAG-1,0.002137,0.002137,0.004274,0.991453
ACGTTTAGTTGTGATC-1,0.000008,0.051878,0.525451,0.422663
ACTAAGGACGCACACC-1,0.00001,0.038962,0.012089,0.948939
ACTAATACGTCAGGCG-1,0.000008,0.01474,0.258739,0.726513
ACTACAAAGAGAGGTG-1,0.000013,0.162517,0.069026,0.768444
ACTACATCCCGACAAG-1,0.007229,0.018785,0.02816,0.945827
ACTACCAGCTCTCTGG-1,0.018317,0.100343,0.05564,0.8257
ACTACGCGTTAGAATT-1,0.000008,0.033092,0.143948,0.822952
ACTAGTTGCGATCGTC-1,0.011351,0.161916,0.06199,0.764744
ACTATATGCTGTGTTC-1,0.03394,0.161772,0.079963,0.724325
ACTATCCAGGGCATGG-1,0.867353,0.085009,0.047442,0.000195
ACTATCTGCCCGCGTA-1,0.214742,0.232521,0.032527,0.52021
ACTATGTCCAGCTGCC-1,0.022461,0.000749,0.019697,0.957093
ACTATTCGTCCGTGGT-1,0.043017,0.172912,0.329001,0.45507
ACTATTTCCGGGCCCA-1,0.010741,0.014457,0.340348,0.634454
ACTCAACGAATGTATT-1,0.028913,0.06668,0.03626,0.868147
ACTCAATAAAGGCACG-1,0.000332,0.203273,0.134999,0.661395
ACTCAGACCTGCTTCT-1,0.000008,0.02352,0.420398,0.556073
ACTCATGGCAGCCTTC-1,0.000024,0.309677,0.000049,0.69025
ACTCCAATATCATCAT-1,0.00168,0.162315,0.015406,0.820599
ACTCCCATTCCTAAAG-1,0.039082,0.059344,0.057705,0.843869
ACTCCCGAATTCGTTT-1,0.51318,0.48219,0.000926,0.003704
ACTCCCGTAGACTAGG-1,0.000708,0.319168,0.027658,0.652465
ACTCCCTAATGCTAAA-1,0.000008,0.178831,0.008662,0.812499
ACTCCCTAGAATAGTA-1,0.00001,0.051625,0.042651,0.905714
ACTCCGGCCGACCACT-1,0.033237,0.090287,0.058566,0.81791
ACTCGATGTATTTCAT-1,0.000006,0.004016,0.130491,0.865486
ACTCGCGATCTGACGC-1,0.451185,0.546737,0.000416,0.001663
ACTCGTAACCCGTCCT-1,0.086449,0.024587,0.016242,0.872722
ACTCGTCAGTAATCCC-1,0.01943,0.053189,0.410056,0.517326
ACTCTCTGACTTAGGT-1,0.008043,0.026564,0.528529,0.436864
ACTCTCTTATACACGA-1,0.012293,0.113741,0.009829,0.864137
ACTCTGACCTAATAGA-1,0.034259,0.012931,0.122767,0.830043
ACTCTTCAGCTCCCGC-1,0.114584,0.137376,0.106115,0.641925
ACTCTTGTATAGTAAC-1,0.046673,0.027931,0.016861,0.908535
ACTGAAACGCCGTTAG-1,0.024135,0.178333,0.326818,0.470713
ACTGAATGGCGAAAGT-1,0.000007,0.014388,0.303921,0.681684
ACTGATTTAGTGATTC-1,0.000009,0.06376,0.377611,0.558621
ACTGCCGTCGTAACTC-1,0.095584,0.016808,0.039213,0.848395
ACTGCGGACACACCGT-1,0.767815,0.227897,0.000086,0.004202
ACTGCTCGGAAGGATG-1,0.000012,0.32456,0.000721,0.674707
ACTGGCGAACCTGCGT-1,0.000006,0.012809,0.278198,0.708987
ACTGGGATGCCAGTGC-1,0.009295,0.003894,0.011581,0.97523
ACTGTACGATACACAT-1,0.017098,0.120263,0.039673,0.822965
ACTGTAGCACTTTGGA-1,0.000007,0.039783,0.301135,0.659074
ACTGTATACGCGAGCA-1,0.000007,0.013803,0.373051,0.613138
ACTGTCCAGGATTATA-1,0.010338,0.027495,0.079037,0.88313
ACTGTCTTCTTTAGAA-1,0.030348,0.157289,0.010085,0.802279
ACTGTGCTAGTAGATC-1,0.000009,0.083598,0.700791,0.215602
ACTGTTTAGTGTAGGC-1,0.000007,0.003091,0.267217,0.729684
ACTTACCGGGCGCGCA-1,0.032788,0.129135,0.055808,0.782269
ACTTACGCATCCACGC-1,0.003798,0.001044,0.236867,0.758291
ACTTAGTACGACAAGA-1,0.000006,0.015636,0.296618,0.687741
ACTTATACTTACCCGG-1,0.137484,0.089038,0.125457,0.648021
ACTTATCTGATCTATA-1,0.001418,0.015305,0.249279,0.733999
ACTTATTAGGATCGGT-1,0.000018,0.371925,0.007172,0.620885
ACTTATTTATGTGCCA-1,0.016019,0.035341,0.396246,0.552395
ACTTCAGGCTGATCCC-1,0.00001,0.036303,0.009875,0.953812
ACTTCCATGCGGGACA-1,0.037485,0.033136,0.000045,0.929334
ACTTCCTGTCGTGCGA-1,0.078366,0.206736,0.000103,0.714794
ACTTCGCCATACGCAC-1,0.010958,0.103965,0.074517,0.81056
ACTTCGCTAGCGAGTG-1,0.027911,0.003817,0.198518,0.769753
ACTTGACTCCCTCTTT-1,0.048684,0.280621,0.163134,0.50756
ACTTGCCATATTGTAC-1,0.000008,0.08586,0.142274,0.771858
ACTTGGGACCCGGTGG-1,0.000009,0.050421,0.270221,0.679349
ACTTGGGCTTTCGCCA-1,0.027778,0.027778,0.055557,0.888887
ACTTGTAGTCCCTTCA-1,0.000011,0.002774,0.020663,0.976552
ACTTGTGGATGGAACG-1,0.069788,0.07543,0.102443,0.752338
ACTTGTTACCGGATCA-1,0.001852,0.001852,0.003704,0.992592
ACTTTACCCTCATGAA-1,0.849144,0.000464,0.000916,0.149476
ACTTTATACACCACTT-1,0.353969,0.376104,0.163214,0.106714
ACTTTCCTATAGCTTC-1,0.020394,0.127174,0.112297,0.740135
ACTTTGACTGCATCCT-1,0.005439,0.012534,0.22374,0.758288
ACTTTGGTCGTGCTCC-1,0.009864,0.001903,0.032543,0.95569
ACTTTGTCGACGCACT-1,0.025192,0.016686,0.080296,0.877826
AGAAATTATGACTCGC-1,0.096141,0.002749,0.014334,0.886776
AGAACACGGCGATGGT-1,0.096481,0.004167,0.008334,0.891019
AGAACCCAGCGTGACA-1,0.292789,0.298823,0.000114,0.408274
AGAACCCTCAATTGGG-1,0.018094,0.007249,0.004662,0.969994
AGAACGTGGTACATTC-1,0.013665,0.022728,0.290503,0.673105
AGAACTGTACTTTGTA-1,0.000015,0.005783,0.062443,0.931759
AGAAGAGCGCCGTTCC-1,0.00029,0.00029,0.000581,0.998839
AGAAGGTACACTTCAC-1,0.025808,0.008638,0.048232,0.917322
AGAAGGTTGCCGAATT-1,0.0137,0.026974,0.073992,0.885334
AGAAGGTTGTAGGTCG-1,0.000011,0.035413,0.016434,0.948141
AGAAGTGATTCGTGAT-1,0.01672,0.007176,0.227933,0.748171
AGAATAAATCTTCAGG-1,0.020009,0.012197,0.099445,0.86835
AGAATGCGGGTTCGGA-1,0.020546,0.029685,0.40263,0.54714
AGAATTATGGATTCGA-1,0.348506,0.247805,0.000206,0.403484
AGAATTGTTTGACATA-1,0.000009,0.006491,0.027676,0.965824
AGACAGCTCAGAATCC-1,0.019655,0.014381,0.106497,0.859467
AGACAGGCATCTCAGC-1,0.012126,0.102328,0.000054,0.885492
AGACATAGATCCTTCC-1,0.001175,0.212875,0.081469,0.704481
AGACCAAACCACACCT-1,0.005101,0.253624,0.006907,0.734368
AGACCATGGGATACAA-1,0.000005,0.066871,0.420586,0.512538
AGACCCACCGCTGATC-1,0.016598,0.039411,0.098299,0.845692
AGACCCGCCCTCCTCG-1,0.000007,0.119331,0.251922,0.62874
AGACCGCTCCGCGGTT-1,0.115379,0.403197,0.056003,0.425421
AGACCGGGAAACCCTG-1,0.009812,0.008805,0.073593,0.90779
AGACGACGATGCCGCT-1,0.007259,0.135972,0.00836,0.84841
AGACGCCCACTTCGCC-1,0.012386,0.008914,0.003837,0.974863
AGACGGGATTGGTATA-1,0.028373,0.0031,0.13164,0.836887
AGACGGGCCGATTTAA-1,0.000362,0.171853,0.141703,0.686082
AGACTAGCCTTCCAGA-1,0.013955,0.036233,0.070431,0.879381
AGACTGTTACCGGGTC-1,0.003028,0.002799,0.012392,0.981781
AGAGAAACACCAGAAA-1,0.000006,0.009523,0.328897,0.661574
AGAGAACCGTCTAGGA-1,0.039755,0.088949,0.409034,0.462261
AGAGAAGGAGTACAAT-1,0.037763,0.031826,0.036195,0.894215
AGAGATCTCTAAAGCG-1,0.028901,0.050723,0.086838,0.833537
AGAGCAGTTATGAGAC-1,0.000008,0.010592,0.054304,0.935097
AGAGCCGCCGAGATTT-1,0.07313,0.091443,0.135731,0.699695
AGAGCGCTTGTAACGG-1,0.00001,0.007426,0.400297,0.592267
AGAGCGGGCTAATCAT-1,0.000008,0.023935,0.198236,0.777821
AGAGCGTACAAGCTCG-1,0.000006,0.002075,0.378483,0.619436
AGAGGCTTCGGAAACC-1,0.000014,0.259783,0.000028,0.740175
AGAGGGACAATTGTCC-1,0.027099,0.139336,0.000488,0.833078
AGAGGTATCTCGGTCC-1,0.005649,0.01406,0.185142,0.795148
AGAGTAAACTTCACTA-1,0.023758,0.058689,0.22851,0.689043
AGAGTATAGTGTTACG-1,0.075466,0.026592,0.151524,0.746418
AGAGTCTTAATGAAAG-1,0.231272,0.004902,0.009804,0.754022
AGAGTGAACAGACACC-1,0.043256,0.029933,0.15588,0.770931
AGAGTTAGAGACCGAT-1,0.014752,0.009252,0.399807,0.576189
AGAGTTGCAGGCCTCC-1,0.051224,0.007383,0.080079,0.861314
AGATAACTTCAGGGCC-1,0.000011,0.019149,0.047928,0.932912
AGATACCAGCACTTCA-1,0.005259,0.108916,0.007304,0.878522
AGATACCGGTGTTCAC-1,0.000013,0.067425,0.004197,0.928366
AGATACGACTTCATAT-1,0.000012,0.006617,0.032321,0.96105
AGATACTCAAGATCGA-1,0.002952,0.035787,0.205766,0.755495
AGATATAATACGACTA-1,0.000011,0.026681,0.011473,0.961834
AGATCGTGCATAAGAT-1,0.164787,0.116819,0.176012,0.542383
AGATCTCAGGTGTGAT-1,0.015517,0.002566,0.879212,0.102704
AGATCTGGAGAGGATA-1,0.00641,0.006411,0.935895,0.051285
AGATGACTCGCCCACG-1,0.023271,0.179043,0.091537,0.70615
AGATGAGGGTTGCGAT-1,0.363595,0.400823,0.000829,0.234753
AGATGATGGAGTCTGG-1,0.901608,0.000356,0.000712,0.097323
AGATGCAAGACGTGCA-1,0.011519,0.024363,0.023846,0.940272
AGATGCATCCTGTGTC-1,0.019836,0.109493,0.114206,0.756465
AGATTATAGGACGTTT-1,0.00001,0.012847,0.438977,0.548166
AGATTCAAGCGGGTCG-1,0.000012,0.009715,0.000066,0.990207
AGATTCACAACCGATA-1,0.005237,0.039855,0.137574,0.817334
AGCAAAGGCCGCTAGT-1,0.012606,0.014536,0.182875,0.789983
AGCAACATATCTTATT-1,0.05575,0.051922,0.145016,0.747312
AGCAACCGAAAGTAAT-1,0.000007,0.347527,0.008368,0.644098
AGCACCAGTACTCACG-1,0.006862,0.068431,0.336762,0.587945
AGCACTACCGGCCTGT-1,0.022641,0.176876,0.079441,0.721042
AGCACTACCTCACCAG-1,0.043342,0.000383,0.000019,0.956256
AGCACTTAAGGACGCC-1,0.000007,0.024209,0.216735,0.759048
AGCAGAAGGAGAAAGA-1,0.000004,0.0168,0.359309,0.623887
AGCAGCCAGATGAATA-1,0.000008,0.078831,0.117178,0.803982
AGCAGTCGAAGCATGC-1,0.001345,0.222024,0.364518,0.412113
AGCATATCAATATGCT-1,0.000021,0.25606,0.034501,0.709418
AGCATCATTTCGAAAG-1,0.019155,0.034995,0.141309,0.804541
AGCATCGTCGATAATT-1,0.011561,0.165978,0.185798,0.636662
AGCATTACGAGGCAAG-1,0.007818,0.000017,0.007439,0.984726
AGCCAAGCTTTGTGTC-1,0.028808,0.045834,0.100222,0.825136
AGCCACAGGTTACCCG-1,0.045032,0.03323,0.004525,0.917213
AGCCACTCCCGTGCTT-1,0.012773,0.126264,0.460084,0.400879
AGCCATATAGTATGTG-1,0.01859,0.011326,0.104979,0.865105
AGCCCATACATGTAAG-1,0.000008,0.15127,0.029651,0.819071
AGCCCGCAACAAGCAG-1,0.006371,0.036142,0.057519,0.899968
AGCCCGCACTACAATG-1,0.000023,0.000023,0.000045,0.999909
AGCCCGGTAGCCTGTA-1,0.00786,0.022805,0.005552,0.963783
AGCCCTAAGCGAAGTT-1,0.021339,0.020334,0.138837,0.81949
AGCCCTGTCGCACCGT-1,0.641023,0.303759,0.000387,0.054832
AGCCCTTCTAATCCGA-1,0.041641,0.06841,0.028726,0.861223
AGCCCTTGGACATCCC-1,0.015748,0.001503,0.932983,0.049766
AGCCGCAAATTCAAAT-1,0.01305,0.20287,0.036809,0.747271
AGCCGTGGCTAAATGT-1,0.028709,0.01122,0.000189,0.959881
AGCCTAATACCCACGT-1,0.002851,0.168317,0.009034,0.819798
AGCCTTAAAGCGGAAG-1,0.011095,0.003438,0.102447,0.883021
AGCGACAGGAACGGTC-1,0.072994,0.005681,0.010673,0.910652
AGCGACATCCCATTCA-1,0.000006,0.017552,0.427993,0.554448
AGCGACCAACGATATT-1,0.007419,0.040649,0.07304,0.878892
AGCGACTTTGAAGACA-1,0.083333,0.083333,0.166667,0.666667
AGCGAGACGTGAAGGC-1,0.000018,0.028019,0.136201,0.835762
AGCGATGCGCCTAATA-1,0.011018,0.010638,0.164863,0.813481
AGCGCATAATGAATCG-1,0.000007,0.000943,0.197969,0.801082
AGCGCGGGTGCCAATG-1,0.392528,0.46927,0.001089,0.137112
AGCGCTAGAGCGATGT-1,0.810093,0.188059,0.00037,0.001478
AGCGCTTATGGGCAAG-1,0.000007,0.037804,0.164277,0.797912
AGCGGACACTTCGTAG-1,0.000007,0.009515,0.380629,0.609849
AGCGGCGGTTAGCGGT-1,0.016328,0.032838,0.042555,0.908278
AGCGGGAAGGGTCCAT-1,0.068384,0.239923,0.144735,0.546957
AGCGGGTCTGACACTC-1,0.000011,0.00984,0.354917,0.635232
AGCGGTTGAGATGTAC-1,0.037366,0.055477,0.425677,0.48148
AGCGGTTGCCGCTCTG-1,0.015146,0.036718,0.247419,0.700717
AGCGTACGAGAGCTAG-1,0.002822,0.0397,0.000217,0.957261
AGCGTAGCGCTAGACC-1,0.001255,0.010058,0.031221,0.957465
AGCGTCTGAACCCGCA-1,0.013499,0.103773,0.120311,0.762417
AGCGTGGTATTCTACT-1,0.000011,0.012584,0.262171,0.725234
AGCGTTCCGATTTAAA-1,0.014182,0.053905,0.111007,0.820906
AGCTAACAAGCAATGT-1,0.000005,0.00441,0.039112,0.956473
AGCTAAGCTCCGTCCG-1,0.445088,0.008334,0.479909,0.066669
AGCTAAGTACGCAGGC-1,0.024302,0.090307,0.017284,0.868106
AGCTACGAATGGTGGT-1,0.041667,0.041669,0.083337,0.833327
AGCTAGAAGCAGAAGT-1,0.071787,0.060263,0.005566,0.862384
AGCTATTTAATCCAAC-1,0.475757,0.521098,0.000629,0.002516
AGCTCCATATATGTTC-1,0.01562,0.172421,0.015544,0.796415
AGCTCGTTGATGGAAA-1,0.001711,0.000547,0.197465,0.800277
AGCTCTAGACGTTCCA-1,0.024704,0.099369,0.211837,0.66409
AGCTCTTCCCAGTGCA-1,0.374101,0.324095,0.000245,0.301559
AGCTCTTCGTAACCTT-1,0.676895,0.211572,0.000129,0.111404
AGCTCTTTACTCAGTT-1,0.000015,0.100101,0.020989,0.878895
AGCTGAAGTAAACCAA-1,0.057211,0.010171,0.126024,0.806594
AGCTGCATTTGAGGTG-1,0.01091,0.027486,0.001351,0.960253
AGCTGCTGTGCCGAAT-1,0.012325,0.110701,0.129079,0.747896
AGCTGTAACCTCAATC-1,0.000624,0.05095,0.020106,0.92832
AGCTTATAGAGACCTG-1,0.00327,0.094727,0.107036,0.794966
AGCTTCAATACTTTGA-1,0.000009,0.042627,0.020035,0.937329
AGCTTCTTCTCGAGCA-1,0.000014,0.000014,0.002742,0.997229
AGCTTGATCAGGGTAG-1,0.100632,0.108509,0.016668,0.774191
AGCTTGATCTTAACTT-1,0.000007,0.082927,0.007869,0.909196
AGGAACGAACGACTTC-1,0.02309,0.049036,0.052993,0.874881
AGGAAGCTGTCCGCCG-1,0.009402,0.004978,0.087861,0.897759
AGGACAGTCGAATCCC-1,0.000005,0.006304,0.385486,0.608206
AGGACATCGCACGTCG-1,0.00853,0.09597,0.033767,0.861733
AGGACATCGGCACACT-1,0.001663,0.00173,0.016474,0.980134
AGGACGACCCATTAGA-1,0.006073,0.010888,0.165116,0.817923
AGGACGCTCGATGTTG-1,0.193818,0.261085,0.000078,0.54502
AGGAGACATCCACAGT-1,0.050267,0.204203,0.025955,0.719575
AGGAGAGTCTGGCTAC-1,0.387581,0.000817,0.001634,0.609968
AGGAGCGTTTATTATC-1,0.011905,0.011905,0.023811,0.952379
AGGATAAAGTCGGGAT-1,0.00558,0.05854,0.059944,0.875936
AGGATATCCGACTGCA-1,0.00001,0.01258,0.255564,0.731845
AGGATCACGCGATCTG-1,0.015016,0.035717,0.009771,0.939496
AGGATTGCTTACGACA-1,0.164573,0.09562,0.000114,0.739693
AGGCAAAGAGGAATCA-1,0.000005,0.085136,0.22773,0.687128
AGGCACGTGACTGTCC-1,0.057379,0.066576,0.065637,0.810409
AGGCAGATGCGTAAAC-1,0.036079,0.071939,0.173046,0.718935
AGGCAGGGAGCGTACT-1,0.057922,0.122634,0.070884,0.748561
AGGCCACATTGGTTAC-1,0.414311,0.53225,0.000692,0.052747
AGGCCACCCGTTATGA-1,0.000015,0.023717,0.002042,0.974226
AGGCCCATTGTACAGG-1,0.056174,0.058531,0.046877,0.838417
AGGCCCTAGAACGCCA-1,0.005866,0.009269,0.219511,0.765354
AGGCCTATCATACCAA-1,0.056181,0.129703,0.011975,0.802142
AGGCCTGAGAATCTCG-1,0.028601,0.000104,0.150901,0.820394
AGGCGATAACTGGCGT-1,0.014436,0.187572,0.003804,0.794187
AGGCGGTTTGTCCCGC-1,0.000008,0.183633,0.152991,0.663368
AGGCGTCTATGGACGG-1,0.003769,0.028508,0.034282,0.933442
AGGCTATGGTTAGCTT-1,0.000011,0.211935,0.025835,0.762219
AGGCTTCCCGAAGAAG-1,0.010666,0.002173,0.014378,0.972784
AGGCTTGCTAGACACC-1,0.000009,0.004467,0.080237,0.915287
AGGGAAACGAGGTACT-1,0.008249,0.005866,0.145448,0.840437
AGGGACAGCACGGCGG-1,0.000007,0.069631,0.423441,0.506921
AGGGACCGGCTGCGTT-1,0.487646,0.507199,0.000116,0.005039
AGGGACTCTACGCGAC-1,0.000009,0.096821,0.085421,0.817749
AGGGAGACATACTTCG-1,0.031387,0.103836,0.48769,0.377087
AGGGCAGCGGCGTGGT-1,0.032651,0.077921,0.055666,0.833762
AGGGCCCTAATGTTCT-1,0.013944,0.070926,0.034106,0.881024
AGGGCGAGCAGCTGAT-1,0.000994,0.184015,0.147197,0.667795
AGGGCGTGATCGGCTA-1,0.00001,0.000803,0.143105,0.856082
AGGGCTGCAGTTACAG-1,0.023039,0.112798,0.079012,0.785151
AGGGTCAGAGCACTCG-1,0.01896,0.030471,0.086755,0.863814
AGGGTCAGTAACCCTA-1,0.009986,0.003366,0.114744,0.871903
AGGGTCGATGCGAACT-1,0.453015,0.132715,0.116239,0.298032
AGGGTCTGGACGCAGT-1,0.02157,0.022358,0.000063,0.956008
