Barcode,Topic 1,Topic 2to6,Topic 7,Topic 8to10
AAACAAGTATCTCCCA-1,0.999191,0.000449,0.00009,0.00027
AAACACCAATAACTGC-1,0.063992,0.621363,0.254572,0.060073
AAACAGAGCGACTCCT-1,0.01807,0.358592,0.021308,0.602029
AAACAGCTTTCAGAAG-1,0.583509,0.345942,0.015868,0.054681
AAACAGGGTCTATATT-1,0.150606,0.838276,0.005255,0.005863
AAACAGTGTTCCTGGG-1,0.28656,0.085536,0.085805,0.542099
AAACATGGTGAGAGGA-1,0.076185,0.833558,0.079803,0.010454
AAACATTTCCCGGATT-1,0.218596,0.574589,0.032589,0.174226
AAACCCGAACGAAATC-1,0.271201,0.193089,0.055925,0.479785
AAACCGGAAATGTTAA-1,0.192248,0.609663,0.043617,0.154472
AAACCGGGTAGGTACC-1,0.011075,0.483898,0.121047,0.38398
AAACCGTTCGTCCAGG-1,0.998815,0.000658,0.000132,0.000395
AAACCTAAGCAGCCGG-1,0.460297,0.300046,0.01067,0.228987
AAACCTCATGAAGTTG-1,0.075364,0.57075,0.026662,0.327223
AAACGAAGAACATACC-1,0.009656,0.058783,0.011883,0.919678
AAACGAAGATGGAGTA-1,0.137633,0.242269,0.112035,0.508064
AAACGAGACGGTTGAT-1,0.741844,0.006047,0.076807,0.175302
AAACGCCCGAGATCGG-1,0.000028,0.013087,0.000028,0.986857
AAACGGGCGTACGGGT-1,0.118176,0.707367,0.038056,0.136401
AAACGGTTGCGAACTG-1,0.299064,0.630146,0.029871,0.04092
AAACGTGTTCGCCCTA-1,0.044064,0.81675,0.02272,0.116467
AAACTAACGTGGCGAC-1,0.019597,0.51111,0.014225,0.455069
AAACTCGGTTCGCAAT-1,0.066154,0.166437,0.036235,0.731174
AAACTCGTGATATAAG-1,0.071065,0.43884,0.008136,0.48196
AAACTGCTGGCTCCAA-1,0.048694,0.702652,0.029009,0.219644
AAACTTAATTGCACGC-1,0.998968,0.000574,0.000115,0.000344
AAACTTGCAAACGTAT-1,0.042382,0.538057,0.199632,0.219929
AAAGAATGACCTTAGA-1,0.843052,0.138005,0.01644,0.002503
AAAGAATGTGGACTAA-1,0.16279,0.200586,0.045248,0.591377
AAAGACCCAAGTCGCG-1,0.002496,0.461706,0.009668,0.52613
AAAGACTGGGCGCTTT-1,0.145836,0.573166,0.046926,0.234073
AAAGCTTGCCTACATA-1,0.970959,0.016133,0.003227,0.00968
AAAGGCCCTATAATAC-1,0.124047,0.580092,0.050027,0.245835
AAAGGCTACGGACCAT-1,0.998785,0.000675,0.000135,0.000405
AAAGGCTCTCGCGCCG-1,0.033231,0.542606,0.04827,0.375894
AAAGGGATGTAGCAAG-1,0.027365,0.968673,0.001842,0.002119
AAAGGGCAGCTTGAAT-1,0.020349,0.640562,0.017995,0.321093
AAAGGTAAGCTGTACC-1,0.122999,0.620791,0.006337,0.249873
AAAGTAGCATTGCTCA-1,0.036425,0.782865,0.089668,0.091042
AAAGTCACTGATGTAA-1,0.00002,0.471161,0.047736,0.481082
AAAGTCGACCCTCAGT-1,0.004695,0.435382,0.174308,0.385615
AAAGTGTGATTTATCT-1,0.175406,0.414376,0.238883,0.171334
AAAGTTGACTCCCGTA-1,0.392431,0.350744,0.058434,0.198391
AAATAACCATACGGGA-1,0.000011,0.967179,0.004148,0.028662
AAATAAGGTAGTGCCC-1,0.196126,0.119823,0.08018,0.60387
AAATACCTATAAGCAT-1,0.504282,0.19816,0.297418,0.000139
AAATAGCTTAGACTTT-1,0.087712,0.806584,0.044983,0.06072
AAATAGGGTGCTATTG-1,0.00002,0.559288,0.015079,0.425613
AAATCCGATACACGCC-1,0.529051,0.138332,0.013159,0.319458
AAATCGCGGAAGGAGT-1,0.004284,0.855741,0.037019,0.102957
AAATCGTGTACCACAA-1,0.048947,0.391793,0.165494,0.393766
AAATCTAGCCCTGCTA-1,0.709371,0.046778,0.010522,0.233328
AAATCTGCCCGCGTCC-1,0.491494,0.306548,0.130295,0.071663
AAATGATTCGATCAGC-1,0.153057,0.820161,0.001793,0.024989
AAATGCTCGTTACGTT-1,0.000018,0.863186,0.028298,0.108498
AAATGGCATGTCTTGT-1,0.013142,0.623478,0.012132,0.351249
AAATGGCCCGTGCCCT-1,0.056756,0.935136,0.005503,0.002604
AAATGGTCAATGTGCC-1,0.050469,0.750407,0.081489,0.117636
AAATGTATCTTATCCC-1,0.021199,0.522542,0.023462,0.432797
AAATTAACGGGTAGCT-1,0.004961,0.901048,0.030755,0.063237
AAATTAATAAGCGCGA-1,0.327632,0.58264,0.010687,0.079041
AAATTACACGACTCTG-1,0.039605,0.935445,0.006301,0.018649
AAATTACCTATCGATG-1,0.223055,0.36728,0.134868,0.274797
AAATTCCAGGTCCAAA-1,0.068683,0.59764,0.046471,0.287207
AAATTGATAGTCCTTT-1,0.495103,0.227415,0.086692,0.190791
AAATTGCGGCGGTTCT-1,0.101337,0.052742,0.215823,0.630099
AAATTGGTGAGAAGCA-1,0.052843,0.633335,0.052641,0.261181
AAATTTACCGAAATCC-1,0.180368,0.2839,0.016491,0.519241
AAATTTGCGGGTGTGG-1,0.010074,0.560495,0.264102,0.165329
AACAACTGGTAGTTGC-1,0.000019,0.850735,0.002868,0.146378
AACAATACATTGTCGA-1,0.756623,0.197421,0.045383,0.000573
AACAATTACTCTACGC-1,0.000014,0.815105,0.010294,0.174587
AACACACGCTCGCCGC-1,0.998971,0.000572,0.000114,0.000343
AACACGACTGTACTGA-1,0.000836,0.438923,0.004469,0.555771
AACACGAGACGCGGCC-1,0.006441,0.957449,0.023465,0.012646
AACACGCGGCCGCGAA-1,0.024177,0.298086,0.056744,0.620994
AACAGCTGTGTGGCAA-1,0.438915,0.167214,0.03901,0.354861
AACAGGAAATCGAATA-1,0.080118,0.890501,0.024579,0.004802
AACAGGATGGGCCGCG-1,0.045394,0.918542,0.012417,0.023648
AACAGGTAGTATGGAT-1,0.466232,0.150054,0.000057,0.383657
AACATATCAACTGGTG-1,0.058604,0.55991,0.02069,0.360797
AACATCGATACGTCTA-1,0.101551,0.62638,0.025854,0.246215
AACATTGAAGTTGATC-1,0.052379,0.555181,0.270219,0.122221
AACATTGTGACTCGAG-1,0.189962,0.669902,0.015917,0.124219
AACCAAGACTTCTCTG-1,0.112969,0.717049,0.117703,0.052278
AACCAGTATCACTCTT-1,0.772193,0.093892,0.068497,0.065418
AACCATAGGGTTGAAC-1,0.270904,0.612669,0.029823,0.086604
AACCATGGGATCGCTA-1,0.007014,0.853552,0.051525,0.087909
AACCCAGAGACGGAGA-1,0.047575,0.932175,0.003659,0.01659
AACCCATCCCATGATC-1,0.077559,0.542497,0.081842,0.298101
AACCCGACAACCCGTG-1,0.049628,0.792337,0.020876,0.137159
AACCCGAGCAGAATCG-1,0.999172,0.00046,0.000092,0.000276
AACCCGATAGGGCTTC-1,0.288687,0.000366,0.000973,0.709975
AACCCTACTGTCAATA-1,0.046459,0.733046,0.034004,0.186491
AACCCTGGTGGAACCA-1,0.014746,0.747178,0.017443,0.220633
AACCGAGCTTGGTCAT-1,0.037393,0.688611,0.013474,0.260521
AACCGCTAAGGGATGC-1,0.771515,0.000241,0.204825,0.023419
AACCGTTGTGTTTGCT-1,0.018508,0.668703,0.038192,0.274598
AACCTCGCTTTAGCCC-1,0.188389,0.25113,0.011356,0.549125
AACCTGTCACGGAATT-1,0.056898,0.661503,0.042991,0.238609
AACCTTTAAATACGGT-1,0.099766,0.705254,0.034088,0.160892
AACCTTTACGACGTCT-1,0.022187,0.095228,0.167434,0.715151
AACGAAAGTCGTCCCA-1,0.026615,0.481337,0.286673,0.205375
AACGATAATGCCGTAG-1,0.086143,0.748619,0.012679,0.152559
AACGATAGAAGGGCCG-1,0.01824,0.620246,0.124114,0.2374
AACGATATGTCAACTG-1,0.02474,0.555243,0.012698,0.407318
AACGCATGATCTGGGT-1,0.428439,0.063707,0.08488,0.422974
AACGCGAACGGCAACA-1,0.02259,0.578316,0.023589,0.375505
AACGCGACCTTGGGCG-1,0.10761,0.771027,0.015141,0.106221
AACGCGGTCTCCAGCC-1,0.010861,0.411096,0.060183,0.51786
AACGCTGTTGCTGAAA-1,0.998725,0.000708,0.000142,0.000425
AACGGACGTACGTATA-1,0.999314,0.000381,0.000076,0.000229
AACGGCCATCTCCGGT-1,0.00546,0.503908,0.055241,0.435391
AACGTACTGTGGGTAC-1,0.00477,0.958111,0.013027,0.024092
AACGTCAGACTAGTGG-1,0.000015,0.804045,0.014492,0.181448
AACGTCGCTGCACTTC-1,0.999524,0.000264,0.000053,0.000159
AACGTGATGAAGGACA-1,0.005731,0.436868,0.001992,0.555409
AACGTGCGAAAGTCTC-1,0.064152,0.525313,0.049754,0.360781
AACGTTATCAGCACCT-1,0.000468,0.330205,0.509656,0.159672
AACTACCCGTTTGTCA-1,0.183803,0.461155,0.047146,0.307896
AACTAGCGTATCGCAC-1,0.0414,0.441185,0.118698,0.398716
AACTAGGCTTGGGTGT-1,0.133198,0.722393,0.017614,0.126795
AACTCAAGTTAATTGC-1,0.0108,0.914278,0.004576,0.070346
AACTCCAGAGCGTGTT-1,0.17935,0.753288,0.005485,0.061877
AACTCCTAATCCCATG-1,0.007939,0.97852,0.004027,0.009514
AACTCGATAAACACGT-1,0.000028,0.37438,0.019792,0.6058
AACTCGATGGCGCAGT-1,0.030801,0.679864,0.066438,0.222896
AACTCTCAATAGAGCG-1,0.097315,0.109436,0.014652,0.778598
AACTCTCAGTGTGCTC-1,0.787678,0.211753,0.000142,0.000427
AACTGAGGTCAGCGTC-1,0.000023,0.326933,0.014119,0.658925
AACTGATATTAGGCCT-1,0.000018,0.836,0.005852,0.15813
AACTGGGTCCCGACGT-1,0.007383,0.551157,0.025339,0.416121
AACTGGTGTGGGCCTT-1,0.014955,0.972067,0.007229,0.00575
AACTTCTGCGTCTATC-1,0.000015,0.968433,0.001623,0.029929
AACTTGCCCGTATGCA-1,0.000014,0.024686,0.975258,0.000042
AACTTGCGTTCTCGCG-1,0.116651,0.661613,0.036637,0.185099
AACTTTACGGGAGCTT-1,0.006113,0.904344,0.010077,0.079466
AACTTTAGCTGCTGAG-1,0.037455,0.803258,0.018876,0.140411
AACTTTCTCGATCATG-1,0.770327,0.001226,0.227712,0.000735
AAGAAGGATCAGTTAG-1,0.057299,0.838082,0.009403,0.095216
AAGACATACGTGGTTT-1,0.192215,0.229129,0.013081,0.565574
AAGACCAAATAACTCA-1,0.018149,0.669089,0.074254,0.238509
AAGACCCAACTGAACA-1,0.998423,0.000876,0.000175,0.000526
AAGACTAACCCGTTGT-1,0.057155,0.358367,0.027769,0.556709
AAGACTGCAAGCTACT-1,0.018205,0.510563,0.200528,0.270703
AAGAGATGAATCGGTA-1,0.000022,0.76102,0.003706,0.235253
AAGAGCTCTTTATCGG-1,0.246261,0.383026,0.148122,0.222591
AAGAGGATGTACGCGA-1,0.000012,0.950237,0.03132,0.01843
AAGAGGCATGGATCGC-1,0.527158,0.21448,0.011726,0.246636
AAGAGGCCCTTTGGAA-1,0.146665,0.206727,0.045664,0.600944
AAGATGGCACCGGACC-1,0.595573,0.384785,0.019349,0.000293
AAGATTGGCGGAACGT-1,0.753571,0.052221,0.02327,0.170939
AAGCACCCTGCGTATC-1,0.079821,0.589782,0.014188,0.31621
AAGCATACTCTCCTGA-1,0.05098,0.814946,0.002357,0.131717
AAGCCACTTGCAGGTA-1,0.099297,0.605494,0.102517,0.192692
AAGCCGAAGCGGTTTA-1,0.1951,0.395733,0.090537,0.31863
AAGCCGCCGTGAAATC-1,0.227762,0.315722,0.103775,0.352741
AAGCGCAGGGCTTTGA-1,0.068238,0.886788,0.001069,0.043905
AAGCGGCGTCATGGGT-1,0.005807,0.308226,0.023644,0.662323
AAGCGTCCCTCATCGA-1,0.241471,0.331526,0.271461,0.155542
AAGCTAGATCGAGTAA-1,0.159214,0.376775,0.076999,0.387012
AAGCTCGTGCCAAGTC-1,0.032298,0.278509,0.097244,0.591948
AAGCTCTTTCATGGTG-1,0.041664,0.177875,0.014557,0.765905
AAGGAGCGGTTGGTGC-1,0.011839,0.965782,0.021029,0.001351
AAGGATCGATCGCTTG-1,0.10733,0.544935,0.101859,0.245876
AAGGATGAGGGACCTC-1,0.199517,0.494624,0.047378,0.258481
AAGGCAGGCTGTCTCC-1,0.88072,0.021479,0.01453,0.083272
AAGGCGCGTAAAGCTT-1,0.124653,0.630683,0.122053,0.12261
AAGGCTGTGCTCATCG-1,0.000023,0.189529,0.047287,0.763161
AAGGGAACGACTGGCT-1,0.098903,0.428116,0.045558,0.427423
AAGGGACAGATTCTGT-1,0.199614,0.680334,0.027674,0.092379
AAGGGACTATGCATTC-1,0.204097,0.480403,0.070674,0.244825
AAGGGTTTGATTTCAG-1,0.403444,0.094791,0.098355,0.403411
AAGGTATCCTAATATA-1,0.027296,0.632141,0.01895,0.321613
AAGGTGATAAACCAGC-1,0.578203,0.000244,0.053816,0.367738
AAGTAGAAGACCGGGT-1,0.000696,0.697388,0.014798,0.287118
AAGTAGTGACGCGAGG-1,0.000014,0.877348,0.011066,0.111572
AAGTCAATTGTCGTCA-1,0.420326,0.476081,0.036436,0.067157
AAGTCTAGTAGCTGCC-1,0.496345,0.354385,0.000273,0.148996
AAGTCTTCTGTGGCCT-1,0.002706,0.322612,0.095452,0.57923
AAGTGACGACCGAATT-1,0.193724,0.286282,0.081354,0.43864
AAGTGAGTCGGGTTTA-1,0.081612,0.54517,0.166355,0.206863
AAGTGCAAAGGTAGAC-1,0.245058,0.111155,0.140602,0.503185
AAGTGCCTTGACTGTA-1,0.059575,0.734131,0.01259,0.193704
AAGTGCGTTAGAATCT-1,0.104384,0.593367,0.07951,0.222739
AAGTGCTTCTCTATTG-1,0.15838,0.736712,0.032141,0.072767
AAGTGTTTGGAGACGG-1,0.033663,0.881383,0.038494,0.046461
AAGTTCACTCCAAGCT-1,0.063789,0.648331,0.021273,0.266607
AAGTTCAGTCTGCGTA-1,0.391823,0.113789,0.032772,0.461615
AAGTTCGGCCAACAGG-1,0.078942,0.698868,0.044539,0.17765
AAGTTGTGATGTTATA-1,0.185216,0.36563,0.044778,0.404376
AAGTTTACTAATGGCA-1,0.012367,0.683318,0.06135,0.242965
AAGTTTATGGGCCCAA-1,0.654813,0.281789,0.01435,0.049048
AATAACAACGCTCGGC-1,0.000009,0.909503,0.016626,0.073862
AATAACACTAGAACAA-1,0.160488,0.587908,0.05201,0.199594
AATAAGTCCTCGAGAC-1,0.098426,0.892209,0.00151,0.007855
AATAATCTTCGTATCG-1,0.520638,0.133968,0.001474,0.34392
AATACAATGTTTCAGG-1,0.000032,0.384473,0.182658,0.432837
AATACCGGAGGGCTGT-1,0.285771,0.703921,0.002538,0.00777
AATACCTGATGTGAAC-1,0.060746,0.467167,0.014255,0.457832
AATAGAACAGAGTGGC-1,0.199085,0.268585,0.051458,0.480873
AATAGAATCTGTTTCA-1,0.99899,0.000561,0.000112,0.000337
AATAGCAAGCCTCCTG-1,0.003668,0.572796,0.000685,0.422851
AATAGCTACCGCGTGC-1,0.070375,0.883547,0.006001,0.040077
AATAGTCCGTCCCGAC-1,0.078589,0.739271,0.016064,0.166076
AATAGTCGCGAGTCGG-1,0.118906,0.613031,0.017562,0.250501
AATATCAAGGTCGGAT-1,0.022453,0.475303,0.078027,0.424218
AATATCCTAGCAAACT-1,0.071939,0.355134,0.112447,0.460481
AATATCGAATCAATGC-1,0.408287,0.244943,0.053441,0.293329
AATATCGAGGGTTCTC-1,0.136192,0.142173,0.126704,0.594931
AATATTGGAGTATTGA-1,0.014246,0.67223,0.091352,0.222172
AATCAGACTGCAGGAC-1,0.071642,0.020114,0.414584,0.49366
AATCAGGTTTCATTTA-1,0.062296,0.755706,0.144279,0.037719
AATCATGTAAAGACTC-1,0.999722,0.000155,0.000031,0.000093
AATCCAAGGGCCTGAG-1,0.000017,0.417795,0.552198,0.029989
AATCCATGCAAGGGTG-1,0.056632,0.920734,0.004555,0.018079
AATCGCCTCAGCGCCA-1,0.337251,0.265583,0.026487,0.37068
AATCGCGCAGAGGACT-1,0.998935,0.000592,0.000118,0.000355
AATCGGGACACTACGA-1,0.000016,0.736215,0.01111,0.252659
AATCGGTATAGCCCTC-1,0.999541,0.000255,0.000051,0.000153
AATCGTGAGCCGAGCA-1,0.117526,0.821731,0.014695,0.046048
AATCTAGGTTTACTTG-1,0.03037,0.401566,0.106671,0.461393
AATCTATGCCGGAGCC-1,0.273817,0.391153,0.000079,0.334951
AATCTCTACTGTGGTT-1,0.000012,0.91132,0.022797,0.065872
AATCTGCGTTGGGACG-1,0.012955,0.897669,0.018225,0.07115
AATCTGGCTTTCTAGT-1,0.034422,0.266464,0.088002,0.611113
AATCTGGGTAGACCCT-1,0.100961,0.009498,0.019642,0.869898
AATGACAGCAATGTCT-1,0.093539,0.589118,0.254132,0.063211
AATGACGTAGGATGTC-1,0.696718,0.189607,0.075183,0.038492
AATGACTGTCAGCCGG-1,0.000402,0.687671,0.007063,0.304864
AATGAGTTCGCATATG-1,0.061356,0.932033,0.002298,0.004313
AATGATGATACGCTAT-1,0.293486,0.237657,0.000153,0.468704
AATGATGCGACTCCTG-1,0.144482,0.840242,0.009659,0.005617
AATGCAACCGGGTACC-1,0.000014,0.864683,0.032647,0.102656
AATGCACCAAGCAATG-1,0.067166,0.285728,0.04392,0.603185
AATGGCCGCCAATGCG-1,0.102856,0.271261,0.00311,0.622773
AATGGTCCACCGTTCA-1,0.021302,0.846303,0.061483,0.070912
AATGGTTCTCACAAGC-1,0.001413,0.684138,0.020475,0.293973
AATGTATGGCACTGTA-1,0.176453,0.634078,0.082134,0.107334
AATGTGCCCGAGGTGT-1,0.235649,0.303071,0.153846,0.307435
AATGTGCTAATCTGAG-1,0.173043,0.385741,0.148247,0.29297
AATGTTGTCGTGAGAC-1,0.237511,0.193905,0.017466,0.551118
AATTAAAGGTCGGCGT-1,0.094673,0.603822,0.216404,0.085102
AATTAACGGATTTCCA-1,0.051344,0.320904,0.033431,0.594321
AATTACGAGACCCATC-1,0.365971,0.56771,0.050189,0.01613
AATTACTCGTACGCTC-1,0.018147,0.22064,0.082679,0.678533
AATTAGCGCTGCAGCG-1,0.017232,0.354069,0.448919,0.17978
AATTCATAAGGGATCT-1,0.838811,0.110219,0.026832,0.024137
AATTCATTGTCATGCA-1,0.116942,0.355144,0.122258,0.405655
AATTCCAAGCATGTAC-1,0.470302,0.194233,0.051632,0.283834
AATTCGATTCGAGGAT-1,0.9994,0.000333,0.000067,0.0002
AATTCTAGAGTTAGGC-1,0.025,0.971137,0.00382,0.000043
AATTGAACGCTCTGGT-1,0.999236,0.000424,0.000085,0.000255
AATTGCAGCAATCGAC-1,0.337645,0.227032,0.046896,0.388427
AATTGCGTGGATTACA-1,0.165709,0.581583,0.132584,0.120124
AATTGTGGTTGCCAAA-1,0.090557,0.561994,0.017929,0.32952
AATTTGGGACATAGTA-1,0.028712,0.289283,0.055252,0.626753
AATTTGGTTCCAAAGA-1,0.083774,0.341856,0.023784,0.550586
ACAAACCATGCGTCCT-1,0.449133,0.26538,0.097676,0.187812
ACAAAGAAGGTAGGCC-1,0.281771,0.647846,0.031352,0.039031
ACAAAGCATGACCTAG-1,0.999517,0.000268,0.000054,0.000161
ACAAATCGCACCGAAT-1,0.106458,0.44976,0.037823,0.405959
ACAAATGGTAGTGTTT-1,0.999252,0.000415,0.000083,0.000249
ACAAATTCAGATCTGA-1,0.136427,0.497927,0.054697,0.310949
ACAACAGCATGAGCTA-1,0.176903,0.269641,0.195006,0.35845
ACAACGGTCCCTGCGA-1,0.000018,0.641968,0.0202,0.337814
ACAAGCAGTGCCTAGC-1,0.006793,0.434788,0.145155,0.413264
ACAAGCTATATGGAAG-1,0.000021,0.623695,0.130946,0.245338
ACAAGGAAATCCGCCC-1,0.023754,0.519058,0.009729,0.447459
ACAAGGACAAGAGGTT-1,0.000388,0.828388,0.01889,0.152334
ACAAGGATGCTTTAGG-1,0.099212,0.704011,0.047288,0.149489
ACAAGGCCTACCAGCC-1,0.00008,0.339927,0.00008,0.659913
ACAAGGGCAGGCTCTG-1,0.074508,0.841646,0.031172,0.052674
ACAATAGTCGTACGTT-1,0.142732,0.165603,0.1541,0.537565
ACAATCCATTTAAACC-1,0.000013,0.767795,0.07032,0.161873
ACAATGAATACGGAGA-1,0.691268,0.072823,0.067558,0.168351
ACAATGATTCTTCTAC-1,0.028078,0.31627,0.00119,0.654462
ACAATTGTGTCTCTTT-1,0.848421,0.040872,0.097514,0.013193
ACAATTTAGGAGGCTC-1,0.03815,0.84264,0.022181,0.097028
ACAATTTGAGCAGTGG-1,0.035756,0.963087,0.000013,0.001144
ACACAAAGACGGGTGG-1,0.00002,0.535109,0.075532,0.389339
ACACAAATATTCCTAG-1,0.013602,0.398869,0.009981,0.577548
ACACACCAGGACCAGT-1,0.99782,0.001211,0.000242,0.000727
ACACACTTTCTACACG-1,0.000023,0.732513,0.000361,0.267103
ACACATGATCAAATCT-1,0.05269,0.768085,0.093756,0.085468
ACACATTGACGCAACA-1,0.00037,0.550127,0.00004,0.449463
ACACATTTCCGTAGAC-1,0.497098,0.013573,0.036078,0.453251
ACACCACATAATTAGC-1,0.388325,0.018368,0.386787,0.20652
ACACCCAGCATGCAGC-1,0.018899,0.610269,0.009427,0.361405
ACACCCGAGAAATCCG-1,0.019324,0.424938,0.264803,0.290934
ACACCGAGCGCTCTTT-1,0.005014,0.726891,0.029845,0.238249
ACACCGGTCTGACCGC-1,0.542276,0.096801,0.024875,0.336048
ACACCTTAAGTAGGGC-1,0.083026,0.681268,0.047624,0.188082
ACACCTTACTACTTGC-1,0.1924,0.605999,0.02074,0.180861
ACACGAGACTCCTTCT-1,0.163827,0.492833,0.067208,0.276133
ACACGGCACTATGCAT-1,0.008096,0.566401,0.033688,0.391815
ACACGGGAACTTAGGG-1,0.166358,0.302962,0.108056,0.422623
ACACGTAGGCCACAAG-1,0.078724,0.772167,0.116271,0.032839
ACACTCCAATGTCACT-1,0.004591,0.963882,0.026058,0.005469
ACACTGATCAAGGTGT-1,0.237229,0.407003,0.021017,0.334751
ACACTGGGACAGTCGT-1,0.998611,0.000772,0.000154,0.000463
ACAGAACTGAGAACAA-1,0.312962,0.622947,0.037149,0.026942
ACAGATTAGGTTAGTG-1,0.00002,0.743392,0.001669,0.254919
ACAGCATAGAGCCAGT-1,0.009267,0.789364,0.013506,0.187862
ACAGCGACATTCTCAT-1,0.99926,0.000411,0.000082,0.000247
ACAGCGCACCCGCAGC-1,0.141714,0.737293,0.031354,0.08964
ACAGGCACGGATCCTT-1,0.065136,0.686379,0.023625,0.22486
ACAGGCTTGCCCGACT-1,0.845304,0.103043,0.029909,0.021744
ACAGGTGGAGGTGAGG-1,0.098455,0.364046,0.325952,0.211547
ACAGGTGTGTTGTTGC-1,0.059675,0.854956,0.007898,0.077471
ACAGTAATACAACTTG-1,0.158085,0.530899,0.03722,0.273796
ACAGTATACCGTGGGA-1,0.068865,0.859932,0.013835,0.057369
ACATAAGTCGTGGTGA-1,0.058005,0.854468,0.031953,0.055575
ACATAATAAGGCGGTG-1,0.000722,0.702669,0.01536,0.281248
ACATCAGCTGGGACGC-1,0.020761,0.53774,0.022743,0.418756
ACATCCCGGCCATACG-1,0.10584,0.56517,0.02142,0.307569
ACATCCTGGTAACTGT-1,0.051631,0.294554,0.071506,0.582309
ACATCGATCGTTTACC-1,0.021138,0.392512,0.245255,0.341095
ACATCGGTCAGCCGCG-1,0.003296,0.94223,0.025041,0.029433
ACATCGTATGCAATGG-1,0.577248,0.195911,0.022826,0.204016
ACATCGTTAACCTAGT-1,0.000016,0.763051,0.054607,0.182327
ACATCTCAACGCGTAA-1,0.000028,0.126214,0.009633,0.864125
ACATGGCGCCAAAGTA-1,0.286612,0.242396,0.004086,0.466907
ACATGGCTCAATTTAG-1,0.034744,0.501059,0.022287,0.44191
ACATTAGTTTATATCC-1,0.058239,0.587648,0.023164,0.330949
ACATTCGCGCGGAATA-1,0.06953,0.518266,0.015238,0.396967
ACATTTGAAACCTAAC-1,0.019749,0.761914,0.009072,0.209265
ACCAAACACCCAGCGA-1,0.084855,0.561583,0.162009,0.191553
ACCAACACCACACACT-1,0.343335,0.056905,0.06246,0.5373
ACCAACCGCACTCCAC-1,0.263896,0.662963,0.029837,0.043304
ACCAACGCTTATTTAT-1,0.188463,0.541604,0.01277,0.257163
ACCAAGAACGCGTGTC-1,0.000019,0.383785,0.284644,0.331551
ACCAAGTCATCGGCAG-1,0.134189,0.548879,0.081052,0.23588
ACCAATATGCAAGTTA-1,0.055734,0.138617,0.012558,0.793091
ACCACAACTCAGAACA-1,0.055845,0.335825,0.000028,0.608302
ACCACAAGTTTCTATC-1,0.126467,0.381493,0.059651,0.432388
ACCACCAATGTAACAA-1,0.195449,0.321555,0.049,0.433996
ACCACCCTCTCTTCTA-1,0.421617,0.201095,0.020864,0.356424
ACCACGTGCAGCTATA-1,0.019702,0.501571,0.050073,0.428654
ACCACTGTTCAAGAAG-1,0.015109,0.443655,0.025377,0.515859
ACCAGACCATAACAAC-1,0.047792,0.701885,0.016031,0.234292
ACCAGCCCGGTCTTTG-1,0.000019,0.540235,0.000019,0.459727
ACCAGTGCCCGGTCAA-1,0.001045,0.756547,0.035774,0.206634
ACCAGTGCGGGAGACG-1,0.768569,0.231097,0.000083,0.00025
ACCATATCCGCAATAA-1,0.015973,0.387129,0.040083,0.556815
ACCATCCGCCAACTAG-1,0.00311,0.870114,0.042282,0.084493
ACCATCGTATATGGTA-1,0.033837,0.645962,0.06088,0.259322
ACCATTAAGGGTGTCA-1,0.00224,0.717725,0.000043,0.279992
ACCCAACGCCCGTGGC-1,0.011691,0.874867,0.000039,0.113402
ACCCACCTACATGCTC-1,0.001625,0.705436,0.030364,0.262575
ACCCATCTTGAGGGTA-1,0.00002,0.709451,0.13685,0.15368
ACCCATTTGTCCCTCT-1,0.999387,0.00034,0.000068,0.000204
ACCCGAGCGAAATTAC-1,0.123604,0.315208,0.091291,0.469896
ACCCGATTGGTTCCGA-1,0.026475,0.651374,0.079512,0.242639
ACCCGGAAACTCCCAG-1,0.134642,0.481955,0.15513,0.228273
ACCCGGAGCACCACAA-1,0.330326,0.539994,0.061256,0.068424
ACCCGGATGACGCATC-1,0.144357,0.769174,0.044035,0.042434
ACCCGGTTACACTTCC-1,0.024901,0.276962,0.232928,0.465209
ACCCGTAGCAGAGAAT-1,0.198695,0.755992,0.026476,0.018838
ACCCGTAGTCTAGTTG-1,0.056186,0.424254,0.056566,0.462994
ACCCGTGTCATCAGTA-1,0.15563,0.553784,0.005004,0.285581
ACCCTATAGGACTGAG-1,0.000025,0.341639,0.404609,0.253727
ACCCTATGCCATATCG-1,0.226437,0.13272,0.051782,0.589061
ACCCTCCCGTCAGGGC-1,0.882465,0.013849,0.000033,0.103652
ACCCTCCCTTGCTATT-1,0.998838,0.000645,0.000129,0.000387
ACCCTGGTAACGCCCT-1,0.160764,0.364087,0.029255,0.445894
ACCCTTCATCTGCGAA-1,0.000022,0.844464,0.000256,0.155258
ACCCTTTAGTTCTCCA-1,0.099587,0.056143,0.02914,0.81513
ACCGAAAGGGCCCTGC-1,0.02667,0.442095,0.102907,0.428328
ACCGAAGAGTCTGGTT-1,0.358557,0.480509,0.077731,0.083202
ACCGACACATCTCCCA-1,0.007296,0.846508,0.028339,0.117857
ACCGACTGAGTCCCAC-1,0.020944,0.941526,0.014499,0.023031
ACCGAGTCTCCTTATT-1,0.453022,0.275486,0.005472,0.26602
ACCGATAGGCATAACC-1,0.998585,0.000786,0.000157,0.000472
ACCGATATTTAATCAT-1,0.338924,0.108343,0.014335,0.538398
ACCGATGGTAGCATCG-1,0.250526,0.424372,0.026763,0.298339
ACCGCAATAACTGCCT-1,0.006679,0.48055,0.005606,0.507165
ACCGCGGTGGAAGTCG-1,0.007287,0.81922,0.011384,0.16211
ACCGCTAGTCATTGGT-1,0.147762,0.751835,0.00082,0.099583
ACCGGGCCTTTGTTGA-1,0.549187,0.011595,0.101542,0.337677
ACCGGTCAGGTACACC-1,0.060166,0.58527,0.163046,0.191519
ACCGGTCTGAGTACGG-1,0.012564,0.211133,0.011178,0.765124
ACCGTCCACTGGGCCC-1,0.328206,0.557024,0.079156,0.035613
ACCGTGACCACGTGGG-1,0.998777,0.00068,0.000136,0.000408
ACCGTTCCCGCTCTGA-1,0.056603,0.083404,0.000038,0.859956
ACCTAAGTACCTTTCA-1,0.578381,0.333047,0.088379,0.000194
ACCTAATCGACTTCCT-1,0.025318,0.585803,0.025714,0.363166
ACCTACAGTATGTGGT-1,0.437867,0.108803,0.039671,0.41366
ACCTACTATAAATCTA-1,0.54296,0.013033,0.138122,0.305885
ACCTCCGCCCTCGCTG-1,0.155983,0.572515,0.049074,0.222428
ACCTCCGTTATTCACC-1,0.10769,0.594487,0.037559,0.260264
ACCTCGAACTTATGCT-1,0.559814,0.210221,0.054763,0.175202
ACCTGCGTGTCATGTT-1,0.074518,0.392857,0.131187,0.401439
ACGAAATGGGCGGCAC-1,0.001804,0.539666,0.041002,0.417528
ACGACTCTAGGGCCGA-1,0.002936,0.988608,0.000012,0.008444
ACGACTGGTCATACTC-1,0.471036,0.403298,0.057232,0.068433
ACGAGAACCCATCACG-1,0.109628,0.684628,0.029551,0.176192
ACGAGATATTTGCTTA-1,0.037052,0.557784,0.078752,0.326412
ACGAGGATACCACTCT-1,0.117405,0.450397,0.199824,0.232374
ACGAGGTTTACAACGT-1,0.352874,0.422303,0.07628,0.148543
ACGAGTACGGATGCCC-1,0.297765,0.263716,0.010547,0.427972
ACGAGTCGCCGGCGTT-1,0.00002,0.565677,0.008009,0.426294
ACGATACATAGAACTA-1,0.000016,0.790266,0.0294,0.180318
ACGATACCTATCCTGA-1,0.000017,0.741637,0.004626,0.25372
ACGATCATACATAGAG-1,0.059997,0.515166,0.005303,0.419534
ACGATCATCTTGTAAA-1,0.998887,0.000618,0.000124,0.000371
ACGATGCATATGTTAT-1,0.047185,0.751132,0.109169,0.092513
ACGATGGATCCGATGC-1,0.001735,0.676545,0.069171,0.25255
ACGCAAACTAATAGAT-1,0.083224,0.547238,0.028718,0.34082
ACGCAATCACTACAGC-1,0.097609,0.513318,0.031667,0.357406
ACGCATAAATGACATG-1,0.006978,0.492263,0.002533,0.498227
ACGCATACGTTTACTA-1,0.854671,0.000246,0.072626,0.072457
ACGCATTCGTGAGTAC-1,0.147395,0.569217,0.006444,0.276944
ACGCCAGATGATTTCT-1,0.029376,0.817988,0.028992,0.123644
ACGCCAGTGCGTTTGC-1,0.080234,0.43663,0.050134,0.433001
ACGCCCAGCTGTCGAT-1,0.011772,0.62008,0.009114,0.359034
ACGCCGCTAGACGACC-1,0.431117,0.074546,0.177258,0.317079
ACGCGAAGTCAGACGA-1,0.064159,0.509051,0.033967,0.392823
ACGCGCTACACAGGGT-1,0.011406,0.747691,0.051664,0.18924
ACGCGGGCCAAGGACA-1,0.089173,0.623874,0.025923,0.26103
ACGCGTTTCTTAAGAG-1,0.027529,0.748112,0.036746,0.187613
ACGCTAGTGATACACT-1,0.103998,0.781312,0.062947,0.051743
ACGCTGTGAGGCGTAG-1,0.000009,0.993805,0.001132,0.005054
ACGGAACACGAGTGCC-1,0.003243,0.566792,0.027632,0.402333
ACGGAATTTAGCAAAT-1,0.015583,0.402426,0.080794,0.501197
ACGGACGCAGCGACAA-1,0.209713,0.086559,0.078079,0.625649
ACGGACTCTCAAAGCG-1,0.881371,0.000312,0.014848,0.10347
ACGGAGCGCAAATTAC-1,0.999383,0.000343,0.000069,0.000206
ACGGATGGTGCGGATA-1,0.026871,0.406767,0.004746,0.561616
ACGGCACTTGCTTGGG-1,0.000018,0.822986,0.059837,0.117159
ACGGCCAACATGGACT-1,0.016135,0.867824,0.070818,0.045224
ACGGCGACGATGGGAA-1,0.038714,0.926529,0.013335,0.021422
ACGGCGGGTTGCCCTG-1,0.028216,0.826484,0.018343,0.126957
ACGGCTGGATGTAGAA-1,0.074902,0.887831,0.01319,0.024077
ACGGGAGTGTCGGCCC-1,0.039525,0.515702,0.13895,0.305823
ACGGGCGTATGCGACA-1,0.226326,0.303043,0.025922,0.44471
ACGGGTCATGTGACTT-1,0.045817,0.524996,0.017553,0.411634
ACGGGTTGTGACCTGT-1,0.534002,0.112461,0.353325,0.000211
ACGGTACAGTTCAATG-1,0.047472,0.792981,0.000019,0.159527
ACGGTCACCGAGAACA-1,0.168379,0.294834,0.152507,0.38428
ACGTACAGATTTCTCT-1,0.020403,0.817681,0.01163,0.150287
ACGTACTTTGGCACGG-1,0.032386,0.751723,0.033718,0.182173
ACGTAGATTGCTGATG-1,0.005043,0.441483,0.073931,0.479543
ACGTAGGAGAGTCGCT-1,0.399612,0.347296,0.093856,0.159236
ACGTATTACTCCGATC-1,0.10404,0.696675,0.010244,0.189041
ACGTCGGGCAACTCGG-1,0.311189,0.618963,0.031123,0.038724
ACGTCTCGTTCCGGGA-1,0.002954,0.882736,0.023057,0.091253
ACGTGACAAAGTAAGT-1,0.065352,0.749859,0.100481,0.084307
ACGTGCGCCTCGTGCA-1,0.000029,0.366716,0.027672,0.605583
ACGTTAATGTCGAAGA-1,0.088461,0.781973,0.037782,0.091785
ACGTTAGATTTGCCCG-1,0.000016,0.938925,0.001862,0.059197
ACGTTATTGGTCACTC-1,0.000041,0.559992,0.041357,0.39861
ACGTTCACTATGCCGC-1,0.259509,0.106309,0.065002,0.56918
ACGTTCCGCGCTCCGT-1,0.004581,0.990052,0.002846,0.00252
ACGTTCGCAATCAATT-1,0.105776,0.101231,0.053037,0.739956
ACGTTCGTTCAGGAAA-1,0.224082,0.1191,0.265258,0.39156
ACGTTCTGTACAAGTC-1,0.245146,0.470618,0.009799,0.274437
ACGTTTAGTTGTGATC-1,0.000032,0.843956,0.013897,0.142115
ACTAATACGTCAGGCG-1,0.000015,0.623766,0.012267,0.363952
ACTACAAAGAGAGGTG-1,0.089766,0.852995,0.004789,0.05245
ACTACATCCCGACAAG-1,0.320377,0.498983,0.083366,0.097274
ACTACCAGCTCTCTGG-1,0.024848,0.757032,0.050294,0.167826
ACTACCATCCGAGGGC-1,0.148566,0.118218,0.028507,0.704709
ACTACGCGTTAGAATT-1,0.815864,0.043407,0.000073,0.140656
ACTAGTTGCGATCGTC-1,0.323481,0.39354,0.058276,0.224703
ACTATATGCTGTGTTC-1,0.015814,0.271409,0.125286,0.587491
ACTATCCAGGGCATGG-1,0.152666,0.591318,0.031026,0.22499
ACTATCGCCGGCTAAA-1,0.00001,0.950744,0.00516,0.044086
ACTATCTGCCCGCGTA-1,0.182598,0.502884,0.076363,0.238156
ACTATGTCCAGCTGCC-1,0.164735,0.238002,0.138026,0.459237
ACTATTCGTCCGTGGT-1,0.061715,0.533703,0.020102,0.38448
ACTATTTCCGGGCCCA-1,0.999049,0.000528,0.000106,0.000317
ACTCAACGAATGTATT-1,0.04522,0.634171,0.076488,0.244121
ACTCAAGTGCAAGGCT-1,0.059907,0.729927,0.02068,0.189486
ACTCAATAAAGGCACG-1,0.037741,0.854082,0.026826,0.081351
ACTCAGACCTGCTTCT-1,0.029232,0.959657,0.003843,0.007267
ACTCATGGCAGCCTTC-1,0.162383,0.515984,0.057162,0.264471
ACTCCAATATCATCAT-1,0.206061,0.694284,0.027625,0.07203
ACTCCCATTCCTAAAG-1,0.046283,0.232549,0.312338,0.40883
ACTCCCGAATTCGTTT-1,0.188168,0.629245,0.026297,0.156289
ACTCCCGTAGACTAGG-1,0.997921,0.001155,0.000231,0.000693
ACTCCCTAATGCTAAA-1,0.018183,0.885414,0.013579,0.082823
ACTCCCTAGAATAGTA-1,0.998804,0.000664,0.000133,0.000399
ACTCGATGTATTTCAT-1,0.005864,0.580963,0.041098,0.372074
ACTCGCCGTTCGATAA-1,0.333515,0.633789,0.000034,0.032662
ACTCGTAACCCGTCCT-1,0.11021,0.369317,0.108731,0.411742
ACTCGTCAGTAATCCC-1,0.137457,0.520702,0.070933,0.270907
ACTCTAAACCTGGGAT-1,0.011347,0.29044,0.043369,0.654844
ACTCTCTGACTTAGGT-1,0.65924,0.240448,0.038889,0.061423
ACTCTCTTATACACGA-1,0.01982,0.568922,0.031756,0.379502
ACTCTGACCTAATAGA-1,0.211403,0.432635,0.011127,0.344835
ACTCTTGTATAGTAAC-1,0.148647,0.096776,0.090173,0.664404
ACTGAAACGCCGTTAG-1,0.569647,0.010249,0.062883,0.357221
ACTGAATGGCGAAAGT-1,0.99907,0.000517,0.000103,0.00031
ACTGATTTAGTGATTC-1,0.000054,0.004349,0.000639,0.994958
ACTGCCCGCCATTCTC-1,0.163723,0.267927,0.09665,0.4717
ACTGCCGTCGTAACTC-1,0.001396,0.956854,0.004504,0.037246
ACTGCGGACACACCGT-1,0.034197,0.191623,0.025522,0.748659
ACTGCTCGGAAGGATG-1,0.086045,0.433658,0.083862,0.396434
ACTGGGATGCCAGTGC-1,0.525912,0.414684,0.014534,0.04487
ACTGTACGATACACAT-1,0.098163,0.358629,0.162723,0.380485
ACTGTAGCACTTTGGA-1,0.000022,0.712529,0.002346,0.285102
ACTGTATACGCGAGCA-1,0.243104,0.395744,0.111042,0.25011
ACTGTCCAGGATTATA-1,0.075654,0.509758,0.037367,0.377221
ACTGTCTTCTTTAGAA-1,0.061549,0.243198,0.082945,0.612309
ACTGTGCTAGTAGATC-1,0.000011,0.997498,0.002456,0.000034
ACTTACCGGGCGCGCA-1,0.000023,0.329796,0.007715,0.662466
ACTTACGCATCCACGC-1,0.252272,0.182131,0.014641,0.550955
ACTTAGTACGACAAGA-1,0.009432,0.638949,0.009679,0.34194
ACTTATACTTACCCGG-1,0.014329,0.60006,0.011918,0.373693
ACTTATTAGGATCGGT-1,0.044329,0.745403,0.02758,0.182689
ACTTATTTATGTGCCA-1,0.99858,0.000789,0.000158,0.000473
ACTTCAGGCTGATCCC-1,0.050973,0.935295,0.008971,0.004762
ACTTCCAGTGGAAGCT-1,0.000019,0.584574,0.007859,0.407548
ACTTCCATGCGGGACA-1,0.057961,0.744541,0.023312,0.174186
ACTTCGCCATACGCAC-1,0.097005,0.77233,0.006941,0.123724
ACTTGACTCCCTCTTT-1,0.250668,0.090837,0.31737,0.341125
ACTTGCCATATTGTAC-1,0.000016,0.611674,0.001928,0.386382
ACTTGCTCTATCTACC-1,0.284246,0.118224,0.155188,0.442341
ACTTGGGACCCGGTGG-1,0.083066,0.623032,0.046143,0.247758
ACTTGTAGTCCCTTCA-1,0.07854,0.909625,0.002358,0.009477
ACTTGTGGATGGAACG-1,0.331933,0.489858,0.10099,0.077219
ACTTTACCCTCATGAA-1,0.142383,0.190651,0.042666,0.6243
ACTTTATACACCACTT-1,0.119059,0.273693,0.342464,0.264785
ACTTTCCTATAGCTTC-1,0.100075,0.289085,0.055113,0.555727
ACTTTGACTGCATCCT-1,0.000015,0.779397,0.038457,0.182132
ACTTTGGTCGTGCTCC-1,0.755204,0.087742,0.021443,0.135611
ACTTTGTCGACGCACT-1,0.22213,0.44809,0.041391,0.288389
AGAAATTATGACTCGC-1,0.197826,0.487683,0.093985,0.220506
AGAACCCTCAATTGGG-1,0.118812,0.36634,0.223892,0.290956
AGAACGTGGTACATTC-1,0.283606,0.588199,0.061039,0.067156
AGAACTGTACTTTGTA-1,0.004855,0.200191,0.01096,0.783995
AGAAGAGCGCCGTTCC-1,0.090203,0.001634,0.413966,0.494197
AGAAGGTACACTTCAC-1,0.09231,0.35148,0.119779,0.436431
AGAAGGTTGCCGAATT-1,0.017025,0.422112,0.02896,0.531903
AGAAGGTTGTAGGTCG-1,0.33477,0.659201,0.001186,0.004842
AGAAGTGATTCGTGAT-1,0.458157,0.485248,0.04156,0.015035
AGAATAAATCTTCAGG-1,0.000009,0.975855,0.006082,0.018054
AGAATGCGGGTTCGGA-1,0.08964,0.814826,0.004502,0.091033
AGAATTATGGATTCGA-1,0.63825,0.327669,0.010743,0.023339
AGAATTGTTTGACATA-1,0.000013,0.924488,0.006119,0.06938
AGACAGCTCAGAATCC-1,0.000015,0.956096,0.026158,0.01773
AGACAGGCATCTCAGC-1,0.08111,0.854044,0.002908,0.061937
AGACATAGATCCTTCC-1,0.000029,0.477012,0.041488,0.481471
AGACCAAACCACACCT-1,0.055006,0.548175,0.148519,0.2483
AGACCATGGGATACAA-1,0.002137,0.826677,0.00048,0.170706
AGACCCACCGCTGATC-1,0.020688,0.887555,0.011242,0.080515
AGACCCGCCCTCCTCG-1,0.000022,0.57715,0.006468,0.41636
AGACCGCTCCGCGGTT-1,0.274322,0.382182,0.02577,0.317726
AGACCGGGAAACCCTG-1,0.027427,0.823602,0.014763,0.134207
AGACGAAGTGCCGGTC-1,0.998962,0.000577,0.000115,0.000346
AGACGACGATGCCGCT-1,0.22756,0.280975,0.162295,0.32917
AGACGCCCACTTCGCC-1,0.969573,0.030033,0.000287,0.000107
AGACGGGCCGATTTAA-1,0.048762,0.691066,0.052631,0.207541
AGACTAGCCTTCCAGA-1,0.001025,0.436277,0.063749,0.498949
AGACTGTTACCGGGTC-1,0.024398,0.637472,0.113032,0.225098
AGAGAAACACCAGAAA-1,0.021561,0.916668,0.017424,0.044347
AGAGAACCGTCTAGGA-1,0.176446,0.224473,0.010968,0.588112
AGAGAAGGAGTACAAT-1,0.737485,0.234937,0.027439,0.000139
AGAGATCTCTAAAGCG-1,0.089705,0.789371,0.016677,0.104247
AGAGCAGTTATGAGAC-1,0.000023,0.777265,0.01806,0.204652
AGAGCCGCCGAGATTT-1,0.999067,0.000518,0.000104,0.000311
AGAGCGGGCTAATCAT-1,0.004896,0.781166,0.03318,0.180758
AGAGCGTACAAGCTCG-1,0.003463,0.700871,0.011024,0.284642
AGAGCTACGAAAGCAT-1,0.012483,0.913413,0.014614,0.05949
AGAGGCTTCGGAAACC-1,0.411114,0.369391,0.082611,0.136885
AGAGGGACAATTGTCC-1,0.003331,0.629197,0.005161,0.362311
AGAGTAAACTTCACTA-1,0.198081,0.531,0.041112,0.229807
AGAGTATAGTGTTACG-1,0.578783,0.40578,0.000113,0.015325
AGAGTTAGAGACCGAT-1,0.01613,0.132499,0.010625,0.840746
AGATAACTTCAGGGCC-1,0.015617,0.351687,0.053043,0.579653
AGATACCAATAGAACC-1,0.103593,0.172171,0.169076,0.55516
AGATACCAGCACTTCA-1,0.177314,0.633122,0.017181,0.172383
AGATACCGGTGTTCAC-1,0.003167,0.89169,0.036429,0.068714
AGATACGACTTCATAT-1,0.023615,0.782256,0.063629,0.1305
AGATACTCAAGATCGA-1,0.802148,0.19727,0.000145,0.000436
AGATATAATACGACTA-1,0.068448,0.189501,0.052927,0.689125
AGATCGTGCATAAGAT-1,0.166755,0.272417,0.030951,0.529877
AGATCTCAGGTGTGAT-1,0.11994,0.203186,0.254304,0.422571
AGATGACTCGCCCACG-1,0.002519,0.945114,0.047739,0.004628
AGATGAGGGTTGCGAT-1,0.069427,0.18866,0.063893,0.67802
AGATGATGGAGTCTGG-1,0.134431,0.821305,0.0085,0.035764
AGATGCAAGACGTGCA-1,0.05448,0.336245,0.209669,0.399606
AGATGCATCCTGTGTC-1,0.070345,0.317928,0.379497,0.232229
AGATGCTATAACGAGC-1,0.000019,0.973896,0.006968,0.019116
AGATTATAGGACGTTT-1,0.002029,0.505671,0.004372,0.487929
AGATTCACAACCGATA-1,0.109669,0.596739,0.0288,0.264792
AGCAAAGGCCGCTAGT-1,0.063512,0.390768,0.041959,0.503761
AGCAACATATCTTATT-1,0.496318,0.355206,0.003831,0.144645
AGCAACCGAAAGTAAT-1,0.045904,0.664973,0.044361,0.244762
AGCACACGTTTAGACT-1,0.11847,0.277049,0.259945,0.344536
AGCACCAGTACTCACG-1,0.098023,0.888217,0.001016,0.012745
AGCACTACCGGCCTGT-1,0.000468,0.91189,0.016591,0.071051
AGCACTACCTCACCAG-1,0.055214,0.778165,0.010525,0.156096
AGCACTTAAGGACGCC-1,0.000825,0.49934,0.076507,0.423328
AGCAGAAGGAGAAAGA-1,0.045915,0.409857,0.088082,0.456146
AGCAGCCAGATGAATA-1,0.09806,0.410832,0.039173,0.451935
AGCAGTCGAAGCATGC-1,0.008831,0.000115,0.553887,0.437167
AGCATATCAATATGCT-1,0.999227,0.00043,0.000086,0.000258
AGCATCATTTCGAAAG-1,0.058752,0.833761,0.044309,0.063179
AGCATCGTCGATAATT-1,0.004869,0.627525,0.171318,0.196288
AGCATTACGAGGCAAG-1,0.251193,0.117792,0.111215,0.519799
AGCCAAGCTTTGTGTC-1,0.998714,0.000714,0.000143,0.000429
AGCCACAGGTTACCCG-1,0.113,0.760995,0.021354,0.104651
AGCCACTCCCGTGCTT-1,0.004397,0.654707,0.038543,0.302353
AGCCATATAGTATGTG-1,0.390856,0.096898,0.292377,0.219869
AGCCCATACATGTAAG-1,0.045558,0.831236,0.044302,0.078905
AGCCCGCAACAAGCAG-1,0.183399,0.776553,0.022589,0.017459
AGCCCGCACTACAATG-1,0.718152,0.00685,0.050942,0.224055
AGCCCGGCATTAGAGG-1,0.957811,0.000639,0.041167,0.000383
AGCCCGGTAGCCTGTA-1,0.222985,0.470243,0.121543,0.185229
AGCCCTAAGCGAAGTT-1,0.00002,0.540979,0.04696,0.412041
AGCCCTCCCTGGTGGC-1,0.055429,0.792256,0.086281,0.066035
AGCCCTGTCGCACCGT-1,0.153015,0.282795,0.034366,0.529825
AGCCCTTCTAATCCGA-1,0.069963,0.654179,0.05249,0.223369
AGCCCTTGGACATCCC-1,0.475004,0.126346,0.024919,0.37373
AGCCGCAAATTCAAAT-1,0.000013,0.329204,0.640601,0.030181
AGCCGCTTGATTAGCG-1,0.000013,0.841581,0.000013,0.158392
AGCCGTGGCTAAATGT-1,0.057614,0.718311,0.183893,0.040182
AGCCTAATACCCACGT-1,0.032163,0.599289,0.207647,0.160901
AGCCTTAAAGCGGAAG-1,0.000026,0.607074,0.034788,0.358112
AGCCTTGTCACTGATA-1,0.303224,0.120504,0.265312,0.31096
AGCGACAGGAACGGTC-1,0.237574,0.401749,0.15398,0.206697
AGCGACATCCCATTCA-1,0.031293,0.774659,0.014817,0.179231
AGCGACCAACGATATT-1,0.013465,0.766961,0.00761,0.211965
AGCGAGACGTGAAGGC-1,0.107833,0.444091,0.07375,0.374325
AGCGATGCGCCTAATA-1,0.334717,0.441663,0.013799,0.20982
AGCGCATAATGAATCG-1,0.054892,0.630618,0.047588,0.266903
AGCGCGGGTGCCAATG-1,0.931727,0.000725,0.000145,0.067403
AGCGCTAGAGCGATGT-1,0.144592,0.060942,0.384596,0.40987
AGCGCTTATGGGCAAG-1,0.000013,0.693391,0.000928,0.305667
AGCGGACACTTCGTAG-1,0.405249,0.206794,0.149674,0.238283
AGCGGCGGTTAGCGGT-1,0.001007,0.792358,0.014756,0.191879
AGCGGGAAGGGTCCAT-1,0.047191,0.679424,0.051398,0.221987
AGCGGGTCTGACACTC-1,0.958627,0.000289,0.011009,0.030075
AGCGGTTGCCGCTCTG-1,0.153713,0.617457,0.045164,0.183666
AGCGTACGAGAGCTAG-1,0.043092,0.54753,0.082785,0.326593
AGCGTCTGAACCCGCA-1,0.000016,0.854897,0.000974,0.144112
AGCGTGGTATTCTACT-1,0.839793,0.000257,0.159796,0.000154
AGCTAACAAGCAATGT-1,0.238153,0.554085,0.040692,0.16707
AGCTAAGTACGCAGGC-1,0.999596,0.000224,0.000045,0.000135
AGCTAGAAGCAGAAGT-1,0.580696,0.04403,0.043897,0.331377
AGCTATTTAATCCAAC-1,0.050581,0.834304,0.045456,0.069659
AGCTCCATATATGTTC-1,0.386392,0.447122,0.017869,0.148617
AGCTCCTTCGCACATC-1,0.999016,0.000547,0.000109,0.000328
AGCTCGTTGATGGAAA-1,0.093748,0.042397,0.043503,0.820353
AGCTCTAGACGTTCCA-1,0.26644,0.224794,0.040431,0.468335
AGCTCTTCCCAGTGCA-1,0.123936,0.463843,0.073197,0.339025
AGCTCTTCGTAACCTT-1,0.147082,0.086649,0.039496,0.726773
AGCTCTTTACTCAGTT-1,0.006645,0.572755,0.118234,0.302366
AGCTGAAGTAAACCAA-1,0.046463,0.22291,0.210859,0.519769
AGCTGTAACCTCAATC-1,0.320121,0.442009,0.170584,0.067286
AGCTTATAGAGACCTG-1,0.04204,0.764612,0.020427,0.172921
AGCTTCTTCTCGAGCA-1,0.191591,0.690338,0.001359,0.116712
AGCTTGATCAGGGTAG-1,0.699063,0.000258,0.241654,0.059024
AGCTTGATCTTAACTT-1,0.01729,0.692299,0.00799,0.282421
AGGAAAGCCTCTGATG-1,0.011628,0.605334,0.017031,0.366007
AGGAACGAACGACTTC-1,0.29568,0.498955,0.012742,0.192623
AGGAAGCTGTCCGCCG-1,0.101577,0.398616,0.123866,0.375941
AGGACAGTCGAATCCC-1,0.531612,0.02563,0.277589,0.165169
AGGACATCGCACGTCG-1,0.000028,0.896386,0.022032,0.081553
AGGACGACCCATTAGA-1,0.04021,0.410571,0.028345,0.520874
AGGACGCTCGATGTTG-1,0.037326,0.120161,0.074685,0.767828
AGGACTTATAGGAGAA-1,0.00013,0.734231,0.196525,0.069114
AGGAGACATCCACAGT-1,0.696529,0.200073,0.057318,0.04608
AGGAGGCCTTCGCGCG-1,0.796134,0.128327,0.028896,0.046644
AGGATAAAGTCGGGAT-1,0.102974,0.465379,0.06826,0.363387
AGGATATAGGGATTTA-1,0.805979,0.022177,0.017248,0.154595
AGGATATCCGACTGCA-1,0.104908,0.135378,0.067678,0.692037
AGGATCACGCGATCTG-1,0.008486,0.740849,0.019807,0.230858
AGGATTGCTTACGACA-1,0.998895,0.000614,0.000123,0.000368
AGGCACGTGACTGTCC-1,0.979424,0.000388,0.006228,0.01396
AGGCAGATGCGTAAAC-1,0.054235,0.686006,0.01594,0.243818
AGGCAGGGAGCGTACT-1,0.2161,0.337893,0.156459,0.289548
AGGCATTGTCGTAGGG-1,0.678573,0.049189,0.038043,0.234195
AGGCCACCCGTTATGA-1,0.000014,0.953793,0.001451,0.044742
AGGCCCAGTGACTGGT-1,0.010562,0.911071,0.005685,0.072683
AGGCCCATTGTACAGG-1,0.001308,0.844271,0.006217,0.148204
AGGCCCTAGAACGCCA-1,0.045338,0.631389,0.078729,0.244544
AGGCCTATCATACCAA-1,0.168054,0.208081,0.00477,0.619094
AGGCCTGAGAATCTCG-1,0.339656,0.30778,0.247221,0.105343
AGGCGATAACTGGCGT-1,0.313857,0.476912,0.018331,0.1909
AGGCGGTTTGTCCCGC-1,0.086224,0.751709,0.058078,0.10399
AGGCGTCTATGGACGG-1,0.052205,0.230408,0.02095,0.696436
AGGCTATGGTTAGCTT-1,0.000026,0.742438,0.020713,0.236822
AGGCTTCCCGAAGAAG-1,0.122986,0.644032,0.030753,0.202229
AGGCTTGCTAGACACC-1,0.000033,0.557956,0.079696,0.362315
AGGGAAACGAGGTACT-1,0.003641,0.447035,0.006757,0.542567
AGGGACAGCACGGCGG-1,0.122226,0.6387,0.029424,0.209649
AGGGACCGGCTGCGTT-1,0.103217,0.843544,0.013003,0.040236
AGGGACTCTACGCGAC-1,0.02111,0.841773,0.041353,0.095764
AGGGAGACATACTTCG-1,0.232613,0.560125,0.067186,0.140076
AGGGCAGCGGCGTGGT-1,0.00265,0.555808,0.15347,0.288072
AGGGCCCTAATGTTCT-1,0.465203,0.292404,0.105123,0.137269
AGGGCGAGCAGCTGAT-1,0.024107,0.713462,0.100559,0.161873
AGGGCGTGATCGGCTA-1,0.02249,0.806099,0.043064,0.128348
AGGGCTGCAGTTACAG-1,0.045308,0.436477,0.059673,0.458542
AGGGTCAGAGCACTCG-1,0.088996,0.572629,0.024486,0.31389
AGGGTCAGTAACCCTA-1,0.079954,0.143867,0.062474,0.713705
AGGGTCGATGCGAACT-1,0.174459,0.338755,0.070604,0.416182
AGGGTGCCGTTCTTTA-1,0.201231,0.534931,0.055544,0.208294
AGGGTGCTCTCGAGGG-1,0.059719,0.635496,0.081189,0.223597
AGGGTGGATAGTGCAT-1,0.252485,0.219606,0.0901,0.437809
AGGGTGTGCTACACGC-1,0.000076,0.457402,0.000076,0.542447
AGGGTTCAGACGGTCC-1,0.14631,0.438238,0.008267,0.407184
AGGGTTCCCTTTGGTT-1,0.009432,0.749797,0.020574,0.220196
AGGGTTTAGTTCGGGA-1,0.079528,0.580604,0.010167,0.329701
AGGTAACCTCCTATTC-1,0.045523,0.773468,0.049136,0.131873
AGGTACGATATTGCCA-1,0.099585,0.512403,0.045927,0.342085
AGGTAGATCGAGATAT-1,0.655662,0.041757,0.091431,0.21115
AGGTAGGTACAAAGCT-1,0.000008,0.843806,0.09672,0.059466
AGGTATAATTGATAGT-1,0.109173,0.601932,0.094193,0.194702
AGGTATGCGGACATTA-1,0.001452,0.056354,0.000018,0.942175
AGGTCAGGTGAGAGTG-1,0.088887,0.584216,0.097953,0.228944
AGGTCGCCTCCCAACA-1,0.999104,0.000498,0.0001,0.000299
AGGTCGCGGAGTTACT-1,0.037814,0.920966,0.003086,0.038134
AGGTGCACGTCCACAT-1,0.136095,0.517731,0.141047,0.205127
AGGTGGTGACCTTCGC-1,0.998825,0.000653,0.000131,0.000392
AGGTGTATCGCCATGA-1,0.005243,0.636641,0.069126,0.288991
