Barcode,Topic 1,Topic 2,Topic 3,Topic 4,Topic 5,Topic 6,Topic 7to9
AAACAACGAATAGTTC-1,0.000799,0.811036,0.071619,0.082337,0.013621,0.005538,0.01505
AAACAAGTATCTCCCA-1,0.044729,0.008544,0.012645,0.097043,0.032312,0.167592,0.637134
AAACAATCTACTAGCA-1,0.028385,0.819328,0.077858,0.002992,0.000042,0.068581,0.002814
AAACACCAATAACTGC-1,0.212324,0.022965,0.016879,0.00764,0.138877,0.069366,0.531949
AAACAGAGCGACTCCT-1,0.108445,0.094315,0.0379,0.521361,0.005169,0.161247,0.071562
AAACAGCTTTCAGAAG-1,0.942592,0.035232,0.000061,0.000061,0.02181,0.000061,0.000183
AAACAGGGTCTATATT-1,0.26951,0.033873,0.177702,0.274004,0.163756,0.059659,0.021496
AAACAGTGTTCCTGGG-1,0.032442,0.029915,0.033421,0.248956,0.009208,0.078156,0.567903
AAACATGGTGAGAGGA-1,0.47969,0.072875,0.04606,0.042777,0.29378,0.03511,0.029708
AAACATTTCCCGGATT-1,0.169123,0.016477,0.054811,0.202544,0.042145,0.023273,0.491628
AAACCACTACACAGAT-1,0.080015,0.700891,0.052931,0.079403,0.00005,0.012686,0.074023
AAACCCGAACGAAATC-1,0.001505,0.031343,0.031928,0.018752,0.093778,0.051106,0.771588
AAACCGGAAATGTTAA-1,0.238825,0.08234,0.054535,0.105544,0.06258,0.068863,0.387311
AAACCGGGTAGGTACC-1,0.667033,0.00515,0.031056,0.026983,0.00004,0.100558,0.16918
AAACCGTTCGTCCAGG-1,0.059597,0.033046,0.057703,0.389436,0.016047,0.259729,0.184443
AAACCTAAGCAGCCGG-1,0.021907,0.046538,0.075109,0.102199,0.096929,0.126408,0.530909
AAACCTCATGAAGTTG-1,0.24352,0.034723,0.018356,0.141935,0.013699,0.12723,0.420538
AAACGAAGAACATACC-1,0.003248,0.802067,0.096389,0.000023,0.066889,0.004257,0.027127
AAACGAAGATGGAGTA-1,0.111469,0.008351,0.031424,0.014407,0.509464,0.163125,0.16176
AAACGACAGTCTTGCC-1,0.032093,0.742222,0.203232,0.022276,0.000035,0.000035,0.000106
AAACGAGACGGTTGAT-1,0.027158,0.057243,0.077312,0.2842,0.044016,0.148555,0.361516
AAACGCCCGAGATCGG-1,0.131714,0.335365,0.436133,0.096465,0.000064,0.000064,0.000193
AAACGCTGGGCACGAC-1,0.255834,0.022649,0.025718,0.393585,0.013622,0.094164,0.194429
AAACGGGCGTACGGGT-1,0.007887,0.036613,0.099389,0.101791,0.049986,0.177865,0.526468
AAACGGGTTGGTATCC-1,0.000031,0.795251,0.159303,0.000031,0.005535,0.010904,0.028944
AAACGGTTGCGAACTG-1,0.086134,0.014332,0.032285,0.234359,0.039655,0.085452,0.507783
AAACGTGTTCGCCCTA-1,0.31984,0.121297,0.252456,0.141757,0.046921,0.095772,0.021956
AAACTAACGTGGCGAC-1,0.209246,0.406284,0.321027,0.053023,0.00316,0.007125,0.000135
AAACTCGGTTCGCAAT-1,0.017897,0.016047,0.013285,0.019288,0.065375,0.055322,0.812786
AAACTCGTGATATAAG-1,0.77694,0.000046,0.000948,0.17356,0.021394,0.026105,0.001008
AAACTGCTGGCTCCAA-1,0.023514,0.012546,0.033606,0.006563,0.066974,0.112956,0.74384
AAACTTAATTGCACGC-1,0.080592,0.006927,0.049966,0.676749,0.000036,0.023529,0.162201
AAACTTGCAAACGTAT-1,0.777014,0.011173,0.005072,0.159406,0.041959,0.002078,0.003299
AAAGAATGACCTTAGA-1,0.999884,0.000015,0.000015,0.000015,0.000015,0.000015,0.000044
AAAGAATGTGGACTAA-1,0.145071,0.010241,0.017173,0.464222,0.032713,0.143918,0.186663
AAAGACATGAAGTTTA-1,0.080329,0.666861,0.161107,0.073039,0.00005,0.013322,0.005294
AAAGACCCAAGTCGCG-1,0.067208,0.773752,0.121646,0.011335,0.000047,0.011532,0.01448
AAAGACTGGGCGCTTT-1,0.325468,0.405394,0.193002,0.039306,0.013998,0.021395,0.001437
AAAGCTTGCCTACATA-1,0.006802,0.009066,0.036037,0.170017,0.026523,0.150762,0.600794
AAAGGCCCTATAATAC-1,0.021434,0.014763,0.038979,0.085396,0.035492,0.137951,0.665984
AAAGGCTACGGACCAT-1,0.072326,0.007617,0.034534,0.593909,0.006438,0.048183,0.236992
AAAGGCTCTCGCGCCG-1,0.00002,0.003512,0.013982,0.006588,0.030085,0.064324,0.881489
AAAGGGATGTAGCAAG-1,0.000016,0.018224,0.059286,0.063695,0.632481,0.044041,0.182257
AAAGGGCAGCTTGAAT-1,0.606893,0.207009,0.081056,0.020606,0.058785,0.000058,0.025594
AAAGGTAAGCTGTACC-1,0.402425,0.304783,0.122615,0.161149,0.000061,0.007402,0.001565
AAAGGTCAACGACATG-1,0.034571,0.618187,0.191155,0.14597,0.00721,0.002818,0.000089
AAAGTAGCATTGCTCA-1,0.417152,0.048478,0.03216,0.190556,0.073529,0.091524,0.1466
AAAGTCACTGATGTAA-1,0.104933,0.629076,0.160958,0.050431,0.011568,0.018436,0.024598
AAAGTCGACCCTCAGT-1,0.717118,0.030585,0.174069,0.023711,0.010806,0.021455,0.022256
AAAGTGCCATCAATTA-1,0.091799,0.008887,0.019231,0.294064,0.017329,0.038019,0.530672
AAAGTGTGATTTATCT-1,0.00002,0.030391,0.012805,0.003184,0.020047,0.027781,0.905772
AAAGTTGACTCCCGTA-1,0.087609,0.015636,0.026853,0.200012,0.02009,0.182135,0.467666
AAATAACCATACGGGA-1,0.550276,0.099859,0.177944,0.170591,0.000058,0.000058,0.001214
AAATAAGGTAGTGCCC-1,0.066292,0.058795,0.052409,0.178557,0.153266,0.057236,0.433446
AAATACCTATAAGCAT-1,0.047584,0.06252,0.057188,0.183451,0.124394,0.03652,0.488344
AAATAGCTTAGACTTT-1,0.301303,0.017891,0.040491,0.122046,0.100943,0.053385,0.36394
AAATAGGGTGCTATTG-1,0.002818,0.089715,0.022186,0.057091,0.058352,0.099175,0.670663
AAATCACTCCTAAACG-1,0.00001,0.701704,0.105063,0.009011,0.04785,0.015549,0.120813
AAATCCGATACACGCC-1,0.052922,0.015907,0.015484,0.28412,0.008203,0.028132,0.595233
AAATCGCGGAAGGAGT-1,0.071454,0.015565,0.048593,0.034041,0.548164,0.090821,0.191362
AAATCGTGTACCACAA-1,0.085875,0.048141,0.030643,0.057429,0.042306,0.030581,0.705026
AAATCTAGCCCTGCTA-1,0.191181,0.015923,0.014921,0.535421,0.007495,0.035442,0.199616
AAATCTGCCCGCGTCC-1,0.307215,0.012647,0.00447,0.148345,0.057172,0.093174,0.376977
AAATGACTGATCAAAC-1,0.172725,0.009114,0.065217,0.256032,0.01157,0.075841,0.4095
AAATGATTCGATCAGC-1,0.042222,0.018255,0.047791,0.011553,0.521557,0.117298,0.241326
AAATGCTCGTTACGTT-1,0.263397,0.629764,0.074926,0.025977,0.000067,0.005669,0.0002
AAATGGCATGTCTTGT-1,0.000021,0.668227,0.070284,0.00026,0.142222,0.015059,0.103926
AAATGGCCCGTGCCCT-1,0.00289,0.005701,0.026478,0.00852,0.635493,0.085747,0.235171
AAATGGTCAATGTGCC-1,0.216068,0.098688,0.140152,0.302577,0.09594,0.027173,0.119401
AAATGTATCTTATCCC-1,0.424331,0.485614,0.00977,0.003964,0.064999,0.000021,0.0113
AAATGTGGGTGCTCCT-1,0.083296,0.775221,0.126987,0.000107,0.000107,0.010951,0.003333
AAATTAACGGGTAGCT-1,0.17654,0.159634,0.098986,0.201168,0.000053,0.042568,0.321051
AAATTAATAAGCGCGA-1,0.372927,0.561115,0.042193,0.019131,0.003631,0.000189,0.000814
AAATTACACGACTCTG-1,0.616059,0.204484,0.04091,0.138177,0.000074,0.000074,0.000222
AAATTACCTATCGATG-1,0.999803,0.000025,0.000025,0.000025,0.000025,0.000025,0.000074
AAATTCCAGGTCCAAA-1,0.002865,0.009734,0.044423,0.010643,0.573164,0.072806,0.286365
AAATTGATAGTCCTTT-1,0.205904,0.061456,0.051191,0.417856,0.007106,0.038652,0.217835
AAATTGCGGCGGTTCT-1,0.026475,0.829899,0.119102,0.000045,0.001007,0.007266,0.016205
AAATTGGTGAGAAGCA-1,0.319778,0.052856,0.124469,0.369226,0.062296,0.062913,0.008462
AAATTTACCGAAATCC-1,0.205171,0.529952,0.092882,0.124354,0.00005,0.045628,0.001964
AAATTTGCGGGTGTGG-1,0.21181,0.022118,0.051582,0.086258,0.039006,0.124703,0.464522
AACAACTGGTAGTTGC-1,0.505523,0.108181,0.103444,0.271257,0.010102,0.001313,0.000181
AACAATACATTGTCGA-1,0.012787,0.049733,0.033804,0.027933,0.007306,0.115475,0.752963
AACAATTACTCTACGC-1,0.581458,0.311728,0.064643,0.030299,0.009678,0.00201,0.000185
AACACACGCTCGCCGC-1,0.165646,0.093946,0.044552,0.202278,0.010084,0.206534,0.276961
AACACGACTGTACTGA-1,0.212994,0.384787,0.249871,0.122011,0.023874,0.006277,0.000187
AACACGAGACGCGGCC-1,0.783536,0.005565,0.005068,0.144594,0.026413,0.01558,0.019243
AACACGCGGCCGCGAA-1,0.056772,0.83446,0.042189,0.025648,0.009606,0.008488,0.022837
AACAGCTGTGTGGCAA-1,0.305868,0.008845,0.030527,0.321095,0.001776,0.230565,0.101324
AACAGGAAATCGAATA-1,0.129678,0.361697,0.239959,0.186425,0.011207,0.043449,0.027585
AACAGGATGGGCCGCG-1,0.692005,0.117002,0.19057,0.00007,0.00007,0.00007,0.000211
AACAGGTAGTATGGAT-1,0.075805,0.046129,0.050088,0.211729,0.017432,0.062533,0.536284
AACATAGCGTGTATCG-1,0.08808,0.023049,0.030877,0.282208,0.031678,0.088061,0.456047
AACATATCAACTGGTG-1,0.091628,0.013568,0.13342,0.204344,0.023994,0.094036,0.43901
AACATCGATACGTCTA-1,0.062843,0.009042,0.064074,0.324574,0.417445,0.05651,0.065512
AACATTGAAGTTGATC-1,0.1545,0.05311,0.092727,0.26156,0.004153,0.110063,0.323887
AACATTGGTCAGCCGT-1,0.061099,0.776585,0.147942,0.003715,0.00748,0.000777,0.0024
AACATTGTGACTCGAG-1,0.114054,0.005975,0.021164,0.126867,0.025802,0.066035,0.640103
AACCAAGACTTCTCTG-1,0.306088,0.019313,0.090784,0.224992,0.009796,0.145142,0.203885
AACCAGTATCACTCTT-1,0.192871,0.415402,0.071264,0.183663,0.04495,0.054103,0.037747
AACCATAGGGTTGAAC-1,0.056466,0.002499,0.006746,0.331314,0.002486,0.036808,0.563682
AACCATGGGATCGCTA-1,0.221619,0.614949,0.116547,0.046591,0.000059,0.000059,0.000176
AACCCAGAGACGGAGA-1,0.269019,0.591792,0.037785,0.055186,0.004338,0.007598,0.034282
AACCCATCCCATGATC-1,0.416461,0.014916,0.105839,0.273126,0.055912,0.115315,0.018432
AACCCGACAACCCGTG-1,0.05112,0.026929,0.004616,0.080964,0.005425,0.073148,0.757798
AACCCGAGCAGAATCG-1,0.144762,0.062609,0.088991,0.130721,0.282758,0.091011,0.199148
AACCCGATAGGGCTTC-1,0.000019,0.650207,0.152082,0.056204,0.05041,0.012956,0.07812
AACCCGCTGTATTCCA-1,0.112602,0.030203,0.01314,0.144912,0.025781,0.063036,0.610325
AACCCTACTGTCAATA-1,0.033184,0.028292,0.03909,0.158084,0.039248,0.063496,0.638606
AACCCTGGTGGAACCA-1,0.203045,0.561388,0.14332,0.030767,0.047903,0.013455,0.000123
AACCGAGCTTGGTCAT-1,0.076413,0.056564,0.35904,0.082627,0.162667,0.196164,0.066525
AACCGCTAAGGGATGC-1,0.035744,0.010045,0.025405,0.057986,0.019688,0.15113,0.700002
AACCGTTGTGTTTGCT-1,0.153576,0.585939,0.212412,0.017554,0.00892,0.0082,0.013399
AACCTAAAGCCGTCCG-1,0.040559,0.728132,0.141142,0.04046,0.004503,0.021566,0.023638
AACCTCGCTTTAGCCC-1,0.002293,0.026194,0.029999,0.085647,0.044466,0.334454,0.476947
AACCTGTCACGGAATT-1,0.00122,0.006949,0.047739,0.02012,0.596667,0.064446,0.262857
AACCTTTAAATACGGT-1,0.021288,0.02112,0.058325,0.161529,0.007386,0.229131,0.50122
AACCTTTACGACGTCT-1,0.230238,0.110309,0.029652,0.108091,0.117096,0.119311,0.285302
AACGAAAGTCGTCCCA-1,0.208616,0.005556,0.023471,0.064198,0.379013,0.152729,0.166416
AACGACCTCCTAGCCG-1,0.119536,0.032978,0.037659,0.167917,0.085775,0.124936,0.431199
AACGATAATGCCGTAG-1,0.0312,0.029565,0.045796,0.033626,0.03435,0.103046,0.722418
AACGATAGAAGGGCCG-1,0.170763,0.416202,0.323014,0.050161,0.021118,0.004698,0.014045
AACGATATGTCAACTG-1,0.361778,0.019458,0.068912,0.0096,0.341559,0.142282,0.056411
AACGCATGATCTGGGT-1,0.26587,0.038007,0.069903,0.413779,0.057391,0.055234,0.099817
AACGCGAACGGCAACA-1,0.027286,0.893705,0.037039,0.000025,0.014017,0.015427,0.0125
AACGCGACCTTGGGCG-1,0.16143,0.022779,0.049387,0.506152,0.001418,0.041262,0.217573
AACGCGGTCTCCAGCC-1,0.172487,0.12442,0.069438,0.183176,0.338043,0.094042,0.018394
AACGCTGTTGCTGAAA-1,0.036783,0.033533,0.031079,0.00603,0.05753,0.078349,0.756695
AACGGACGTACGTATA-1,0.016813,0.024198,0.06171,0.035441,0.09341,0.156701,0.611727
AACGGCCATCTCCGGT-1,0.018787,0.049606,0.011605,0.082901,0.01697,0.032398,0.787732
AACGTACTGTGGGTAC-1,0.146852,0.134199,0.033716,0.014561,0.173159,0.047243,0.450269
AACGTAGTCTACCCAT-1,0.011436,0.825121,0.076644,0.043275,0.028536,0.009063,0.005925
AACGTCAGACTAGTGG-1,0.193569,0.476512,0.151819,0.080845,0.02909,0.013671,0.054494
AACGTCATCCGGCTTG-1,0.080238,0.000075,0.000075,0.683101,0.0294,0.080793,0.126318
AACGTCGCTGCACTTC-1,0.023134,0.03816,0.01243,0.069338,0.093915,0.04181,0.721213
AACGTGATGAAGGACA-1,0.115876,0.606888,0.143586,0.0057,0.056271,0.012251,0.059427
AACGTGCGAAAGTCTC-1,0.0001,0.016372,0.023274,0.063583,0.027786,0.032072,0.836814
AACGTTATCAGCACCT-1,0.584225,0.267659,0.104195,0.042384,0.001318,0.000054,0.000163
AACGTTCTACCATTGT-1,0.290104,0.007537,0.116347,0.159734,0.012739,0.081775,0.331762
AACTACCCGTTTGTCA-1,0.000398,0.017755,0.015479,0.024694,0.029294,0.069748,0.842632
AACTAGCGTATCGCAC-1,0.047192,0.785202,0.092283,0.000054,0.039305,0.011666,0.024298
AACTAGGCTTGGGTGT-1,0.095281,0.000035,0.002673,0.321386,0.009686,0.025192,0.545747
AACTCAAGTTAATTGC-1,0.118766,0.090596,0.042017,0.144945,0.017357,0.079462,0.506858
AACTCCAGAGCGTGTT-1,0.094337,0.010215,0.056566,0.039209,0.215658,0.099209,0.484807
AACTCCTAATCCCATG-1,0.888398,0.060996,0.042769,0.002052,0.000065,0.001776,0.003944
AACTCGATAAACACGT-1,0.001985,0.731886,0.214531,0.035042,0.006088,0.002834,0.007634
AACTCGATGGCGCAGT-1,0.104039,0.543318,0.340417,0.00743,0.004644,0.000038,0.000114
AACTCTCAATAGAGCG-1,0.226895,0.006935,0.179288,0.368139,0.006235,0.057115,0.155394
AACTCTCAGTGTGCTC-1,0.229423,0.034292,0.016022,0.611922,0.005755,0.054189,0.048397
AACTGAGGTCAGCGTC-1,0.106199,0.703791,0.018065,0.000044,0.077852,0.017807,0.076243
AACTGAGTTATACTGA-1,0.066592,0.027965,0.026669,0.621837,0.03379,0.055876,0.167272
AACTGATATTAGGCCT-1,0.30621,0.085297,0.502763,0.023563,0.062262,0.002324,0.017581
AACTGGGTCCCGACGT-1,0.249964,0.072261,0.185308,0.084257,0.262776,0.065001,0.080434
AACTGGGTTCGAGCCG-1,0.098305,0.553743,0.327469,0.01031,0.008852,0.001131,0.000191
AACTGGTGTGGGCCTT-1,0.003698,0.875252,0.110951,0.000029,0.00826,0.001693,0.000117
AACTTCTGCGTCTATC-1,0.188268,0.481655,0.317528,0.006406,0.005261,0.000732,0.00015
AACTTGCCCGTATGCA-1,0.515056,0.394891,0.073439,0.002697,0.013647,0.000068,0.000203
AACTTGCGTTCTCGCG-1,0.158188,0.40524,0.111714,0.324504,0.000071,0.000071,0.000213
AACTTTACGGGAGCTT-1,0.502619,0.442588,0.020621,0.02672,0.000037,0.00441,0.003005
AACTTTAGCTGCTGAG-1,0.090529,0.503393,0.045484,0.360348,0.000049,0.000049,0.000148
AACTTTCTCGATCATG-1,0.835518,0.009574,0.013011,0.000036,0.055509,0.020229,0.066123
AAGAAAGTTTGATGGG-1,0.039557,0.008641,0.002213,0.0016,0.039905,0.075777,0.832307
AAGAAATCACCAGATT-1,0.01995,0.023467,0.067771,0.007173,0.61268,0.108879,0.160079
AAGAAGGATCAGTTAG-1,0.089497,0.638289,0.158032,0.056064,0.004801,0.030484,0.022833
AAGACATACGTGGTTT-1,0.068811,0.02916,0.030877,0.092721,0.07249,0.062921,0.643021
AAGACCAAATAACTCA-1,0.858361,0.027489,0.000045,0.000045,0.106153,0.000045,0.007862
AAGACCCAACTGAACA-1,0.068797,0.039544,0.021685,0.27988,0.011758,0.11011,0.468226
AAGACTAACCCGTTGT-1,0.015195,0.756809,0.149752,0.059018,0.018385,0.000733,0.000108
AAGACTCACGCCCACT-1,0.200684,0.684704,0.031347,0.082956,0.000062,0.000062,0.000185
AAGACTGCAAGCTACT-1,0.083754,0.02841,0.104124,0.087667,0.025356,0.381135,0.289554
AAGAGATGAATCGGTA-1,0.182282,0.587757,0.052166,0.001432,0.052901,0.021748,0.101713
AAGAGCTCTTTATCGG-1,0.334601,0.006072,0.002378,0.113963,0.242596,0.057488,0.242903
AAGAGGATGTACGCGA-1,0.185805,0.0566,0.048815,0.192974,0.023376,0.115893,0.376538
AAGAGGCATGGATCGC-1,0.110626,0.020859,0.088222,0.318386,0.012029,0.070192,0.379687
AAGAGGCCCTTTGGAA-1,0.203599,0.010479,0.018907,0.061963,0.086119,0.09369,0.525244
AAGATGGCACCGGACC-1,0.092231,0.022712,0.017128,0.045629,0.017318,0.046587,0.758396
AAGATTGGCGGAACGT-1,0.999597,0.00005,0.00005,0.00005,0.00005,0.00005,0.000151
AAGCACCCTGCGTATC-1,0.006281,0.031812,0.076258,0.062096,0.004061,0.122094,0.697399
AAGCATACTCTCCTGA-1,0.012182,0.020767,0.009856,0.014589,0.042716,0.0394,0.86049
AAGCCACTTGCAGGTA-1,0.02307,0.002918,0.006989,0.004664,0.030992,0.030734,0.900633
AAGCCGAAGCGGTTTA-1,0.050273,0.038307,0.044077,0.508252,0.000037,0.047127,0.311927
AAGCCGCCGTGAAATC-1,0.05848,0.004793,0.032233,0.584553,0.000031,0.034831,0.285079
AAGCCGCTTTACCTTG-1,0.129344,0.051936,0.16913,0.104879,0.223884,0.169419,0.151409
AAGCCGGAGAGCAGGA-1,0.318678,0.020004,0.014563,0.028143,0.238744,0.071755,0.308114
AAGCGCAGGGCTTTGA-1,0.101888,0.016379,0.03276,0.651644,0.021896,0.024028,0.151405
AAGCGGAGTGCGCGCA-1,0.505913,0.24798,0.035767,0.111319,0.098858,0.000041,0.000123
AAGCGGCGTCATGGGT-1,0.235303,0.622799,0.044474,0.00356,0.015766,0.077896,0.000202
AAGCGTCCCTCATCGA-1,0.282445,0.000062,0.000786,0.281771,0.000062,0.208521,0.226353
AAGCTAGATCGAGTAA-1,0.094156,0.020765,0.037867,0.22321,0.112257,0.117246,0.394499
AAGCTATGGATTGACC-1,0.041157,0.009507,0.017506,0.127386,0.001983,0.617768,0.184692
AAGCTCGTGCCAAGTC-1,0.080105,0.031609,0.07446,0.272124,0.006258,0.195448,0.339997
AAGCTCTTTCATGGTG-1,0.040576,0.05474,0.045184,0.311629,0.032375,0.102534,0.412964
AAGGAGAACTTATAAG-1,0.051107,0.666504,0.205915,0.02863,0.002822,0.019908,0.025114
AAGGAGCGGTTGGTGC-1,0.521538,0.132563,0.102387,0.011341,0.095654,0.108064,0.028453
AAGGATCGATCGCTTG-1,0.112442,0.017549,0.027125,0.241517,0.050526,0.067789,0.483052
AAGGATGAGGGACCTC-1,0.332389,0.000992,0.031057,0.446668,0.015659,0.038261,0.134974
AAGGCAGGCTGTCTCC-1,0.039266,0.012813,0.035521,0.10683,0.113719,0.190323,0.501529
AAGGCGCGTAAAGCTT-1,0.252495,0.519846,0.142198,0.047817,0.026683,0.010542,0.000419
AAGGCTGTGCTCATCG-1,0.661976,0.015974,0.050259,0.253228,0.018365,0.000049,0.000148
AAGGGAACGACTGGCT-1,0.00593,0.029521,0.004765,0.048567,0.023156,0.035255,0.852807
AAGGGACAGATTCTGT-1,0.99967,0.000041,0.000041,0.000041,0.000041,0.000041,0.000124
AAGGGACTATGCATTC-1,0.176435,0.035003,0.010349,0.771409,0.000035,0.000972,0.005797
AAGGGTTAGCCATGCG-1,0.028983,0.038308,0.054666,0.276612,0.023881,0.187315,0.390235
AAGGGTTTGATTTCAG-1,0.427965,0.088824,0.121288,0.091445,0.197042,0.029585,0.043851
AAGGTATCCTAATATA-1,0.722832,0.001329,0.023239,0.017531,0.085717,0.096567,0.052785
AAGGTGATAAACCAGC-1,0.028988,0.009711,0.01838,0.194414,0.062693,0.105396,0.580417
AAGTAAGCTTCCAAAC-1,0.042061,0.728346,0.113751,0.092444,0.014057,0.003713,0.005628
AAGTAGAAGACCGGGT-1,0.191505,0.662828,0.005514,0.039102,0.035486,0.019127,0.046438
AAGTAGTGACGCGAGG-1,0.308653,0.112085,0.144004,0.145805,0.098191,0.024133,0.167129
AAGTCAATTGTCGTCA-1,0.041319,0.009918,0.00352,0.180317,0.015465,0.065131,0.68433
AAGTCTAGTAGCTGCC-1,0.127692,0.009784,0.138501,0.25397,0.301227,0.094584,0.074242
AAGTCTTCTGTGGCCT-1,0.552436,0.417123,0.019549,0.000029,0.010744,0.000029,0.000088
AAGTGACGACCGAATT-1,0.919728,0.017905,0.006673,0.021263,0.000054,0.010967,0.023409
AAGTGAGTCGGGTTTA-1,0.003992,0.051009,0.044256,0.2429,0.006827,0.019934,0.631083
AAGTGCAAAGGTAGAC-1,0.231978,0.549759,0.003059,0.000134,0.200084,0.000473,0.014512
AAGTGCCTTGACTGTA-1,0.05672,0.061302,0.063253,0.024406,0.10083,0.036004,0.657484
AAGTGCGTTAGAATCT-1,0.205482,0.01988,0.063142,0.011988,0.018823,0.090744,0.589941
AAGTGCTTCTCTATTG-1,0.050674,0.011741,0.008086,0.130431,0.028579,0.148669,0.621819
AAGTGTTTGGAGACGG-1,0.059305,0.006692,0.019402,0.534138,0.002163,0.039714,0.338586
AAGTTCACTCCAAGCT-1,0.001575,0.105413,0.049462,0.018191,0.26005,0.148875,0.416434
AAGTTCAGTCTGCGTA-1,0.1342,0.035163,0.102222,0.14853,0.414342,0.062903,0.10264
AAGTTCGGCCAACAGG-1,0.179753,0.012435,0.175068,0.221355,0.001607,0.107258,0.302523
AAGTTGTGATGTTATA-1,0.000014,0.067042,0.033017,0.005356,0.177132,0.100946,0.616494
AAGTTTACTAATGGCA-1,0.142187,0.627391,0.153418,0.042177,0.012521,0.022129,0.000177
AAGTTTATGGGCCCAA-1,0.049105,0.042336,0.013001,0.285437,0.029514,0.078747,0.501861
AATAACAACGCTCGGC-1,0.759573,0.01289,0.026242,0.021177,0.040855,0.016416,0.122848
AATAACACTAGAACAA-1,0.099465,0.041011,0.052142,0.137481,0.0614,0.156607,0.451894
AATAACGTCGCGCCCA-1,0.18356,0.028774,0.022699,0.394742,0.071526,0.015665,0.283034
AATAAGTCCTCGAGAC-1,0.063567,0.6911,0.090656,0.053872,0.046373,0.047265,0.007167
AATAATCTTCGTATCG-1,0.084409,0.002328,0.017663,0.418005,0.006021,0.074618,0.396955
AATACAATGTTTCAGG-1,0.169857,0.700577,0.053446,0.021014,0.039266,0.003631,0.012209
AATACCGGAGGGCTGT-1,0.043385,0.007292,0.016017,0.058021,0.017496,0.11319,0.744598
AATACCTGATGTGAAC-1,0.171875,0.07033,0.023209,0.02167,0.227787,0.052664,0.432465
AATAGAACAGAGTGGC-1,0.080398,0.032409,0.01807,0.069482,0.029086,0.132364,0.63819
AATAGAATCTGTTTCA-1,0.164126,0.083856,0.032123,0.178258,0.029796,0.299195,0.212646
AATAGCAAGCCTCCTG-1,0.274806,0.454184,0.154198,0.111096,0.000064,0.004443,0.001209
AATAGCTACCGCGTGC-1,0.430844,0.006827,0.055298,0.162305,0.197367,0.031678,0.11568
AATAGGCACGACCCTT-1,0.059875,0.034404,0.008,0.038497,0.016158,0.088261,0.754805
AATAGTCCGTCCCGAC-1,0.055597,0.025947,0.01435,0.038376,0.014491,0.024143,0.827097
AATAGTCGCGAGTCGG-1,0.371602,0.457815,0.105863,0.01708,0.024574,0.010476,0.012591
AATATCAAGGTCGGAT-1,0.143197,0.551973,0.167321,0.135943,0.00138,0.000047,0.00014
AATATCCTAGCAAACT-1,0.776969,0.130824,0.027754,0.054253,0.010076,0.000031,0.000094
AATATCGAATCAATGC-1,0.014573,0.017447,0.022062,0.061901,0.04181,0.145335,0.696874
AATATCGAGGGTTCTC-1,0.08156,0.016754,0.026873,0.419036,0.000864,0.156264,0.29865
AATATTGGAGTATTGA-1,0.11494,0.045982,0.092271,0.072418,0.007223,0.091911,0.575255
AATCAGACTGCAGGAC-1,0.043492,0.516323,0.434763,0.005204,0.000042,0.000042,0.000134
AATCAGGTTTCATTTA-1,0.08115,0.012931,0.056701,0.355934,0.000048,0.039176,0.454061
AATCATGTAAAGACTC-1,0.080289,0.060177,0.041379,0.156645,0.077451,0.110439,0.473621
AATCCAAGGGCCTGAG-1,0.092291,0.500875,0.311561,0.012362,0.00135,0.04953,0.032031
AATCCATGCAAGGGTG-1,0.059643,0.849631,0.075764,0.006545,0.00004,0.00521,0.003167
AATCCCGCTCAGAGCC-1,0.259454,0.004304,0.002632,0.202476,0.075958,0.078742,0.376435
AATCGAGGTCTCAAGG-1,0.324637,0.024199,0.003299,0.058839,0.181797,0.050244,0.356984
AATCGCCTCAGCGCCA-1,0.152274,0.039174,0.041498,0.414627,0.000068,0.072598,0.279762
AATCGCGCAGAGGACT-1,0.019737,0.051217,0.033432,0.036078,0.115464,0.10176,0.642312
AATCGGGACACTACGA-1,0.074999,0.506871,0.290375,0.079253,0.021323,0.013403,0.013775
AATCGGTATAGCCCTC-1,0.020589,0.024554,0.024038,0.178035,0.2268,0.034225,0.491761
AATCGTGAGCCGAGCA-1,0.040443,0.028242,0.048521,0.207518,0.171331,0.075103,0.428842
AATCTAGGTTTACTTG-1,0.25622,0.019073,0.192438,0.227152,0.115435,0.114258,0.075424
AATCTATGCCGGAGCC-1,0.022938,0.008273,0.02528,0.114198,0.005655,0.107821,0.715836
AATCTCTACTGTGGTT-1,0.889929,0.105557,0.00407,0.000074,0.000074,0.000074,0.000221
AATCTGCGTTGGGACG-1,0.069275,0.030819,0.034312,0.270999,0.053736,0.05332,0.487539
AATCTGGCTTTCTAGT-1,0.055824,0.018578,0.051727,0.113315,0.39602,0.152388,0.212147
AATCTGGGTAGACCCT-1,0.103057,0.520417,0.293864,0.075267,0.002883,0.004314,0.000199
AATGACAGCAATGTCT-1,0.229808,0.044492,0.006659,0.082139,0.025133,0.112506,0.499263
AATGACGTAGGATGTC-1,0.00888,0.045311,0.014584,0.303543,0.158527,0.084808,0.384347
AATGACTGTCAGCCGG-1,0.761162,0.167465,0.010213,0.060922,0.000048,0.000048,0.000143
AATGAGTTCGCATATG-1,0.209231,0.378317,0.344251,0.050413,0.002025,0.002321,0.013443
AATGATGATACGCTAT-1,0.196253,0.031003,0.079987,0.394096,0.030186,0.076978,0.191497
AATGATGCGACTCCTG-1,0.334235,0.003643,0.000147,0.44576,0.010053,0.009631,0.19653
AATGCAACCGGGTACC-1,0.021678,0.045527,0.083868,0.05034,0.538505,0.136637,0.123444
AATGCACCAAGCAATG-1,0.000014,0.082801,0.144047,0.000044,0.57652,0.09862,0.097954
AATGGCCGCCAATGCG-1,0.000014,0.783972,0.06545,0.000793,0.057476,0.015887,0.076408
AATGGTCCACCGTTCA-1,0.540402,0.361033,0.017794,0.074588,0.002711,0.001277,0.002195
AATGGTTCTCACAAGC-1,0.43188,0.431943,0.092415,0.037115,0.00006,0.00006,0.006527
AATGTATGGCACTGTA-1,0.119465,0.015299,0.006341,0.330196,0.000132,0.101135,0.427431
AATGTGCCCGAGGTGT-1,0.091203,0.014307,0.004526,0.006025,0.038459,0.079786,0.765694
AATGTGCTAATCTGAG-1,0.02009,0.01767,0.019348,0.342617,0.006898,0.072216,0.521162
AATGTTAAGACCCTGA-1,0.132857,0.012435,0.002755,0.587708,0.004663,0.030735,0.228847
AATGTTGTCGTGAGAC-1,0.318953,0.020079,0.007625,0.016425,0.122487,0.138198,0.376233
AATTAAAGGTCGGCGT-1,0.045586,0.025464,0.06943,0.237006,0.033491,0.072255,0.516768
AATTAACGGATTTCCA-1,0.10739,0.053965,0.073356,0.266012,0.026102,0.029616,0.443559
AATTACGAGACCCATC-1,0.558807,0.016572,0.089424,0.211068,0.032972,0.08714,0.004018
AATTACTCGTACGCTC-1,0.003907,0.961107,0.022859,0.000033,0.010511,0.001486,0.000098
AATTAGCGCTGCAGCG-1,0.000018,0.006382,0.003375,0.002082,0.021731,0.05261,0.913802
AATTATACCCAGCAAG-1,0.134492,0.020896,0.007802,0.107462,0.138215,0.123133,0.468
AATTCATAAGGGATCT-1,0.224096,0.069736,0.073141,0.45516,0.01404,0.054938,0.108889
AATTCATTGTCATGCA-1,0.078417,0.015062,0.103419,0.080793,0.023383,0.140801,0.558126
AATTCCAACTTGGTGA-1,0.000032,0.760328,0.202148,0.000052,0.001868,0.021071,0.014501
AATTCCAAGCATGTAC-1,0.171786,0.039006,0.024169,0.03308,0.026015,0.024393,0.681551
AATTCGATTCGAGGAT-1,0.086728,0.033356,0.01895,0.074593,0.038336,0.156399,0.591639
AATTCTAGAGTTAGGC-1,0.167958,0.061164,0.081745,0.309402,0.041527,0.169247,0.168957
AATTGAACGCTCTGGT-1,0.17812,0.041404,0.037314,0.490814,0.007063,0.025355,0.219929
AATTGCAGCAATCGAC-1,0.168253,0.028767,0.024677,0.124682,0.04517,0.051295,0.557156
AATTGCGTGGATTACA-1,0.091716,0.022824,0.05174,0.28406,0.052219,0.065923,0.431517
AATTGTGGTTGCCAAA-1,0.079711,0.00589,0.00924,0.177644,0.053113,0.018061,0.65634
AATTTGGGACATAGTA-1,0.700988,0.033972,0.11946,0.076562,0.000084,0.03259,0.036345
AATTTGGTTCCAAAGA-1,0.068163,0.515412,0.23448,0.013239,0.066333,0.030464,0.071909
ACAAACCATGCGTCCT-1,0.093939,0.031215,0.037126,0.221895,0.006488,0.123475,0.485862
ACAAACCGACAAGGCG-1,0.000027,0.75497,0.232589,0.00339,0.004904,0.003616,0.000504
ACAAACTCCATCAGAG-1,0.043582,0.017168,0.009679,0.647913,0.006581,0.067201,0.207876
ACAAAGAAGGTAGGCC-1,0.904737,0.079838,0.01029,0.003319,0.001687,0.000032,0.000096
ACAAAGCATGACCTAG-1,0.077068,0.006124,0.013765,0.494021,0.010908,0.033731,0.364383
ACAAATCGCACCGAAT-1,0.11695,0.031903,0.077396,0.287906,0.011589,0.072495,0.401762
ACAAATGGTAGTGTTT-1,0.185209,0.010776,0.019424,0.107633,0.029951,0.108068,0.538938
ACAAATTCAGATCTGA-1,0.361798,0.358785,0.15675,0.075585,0.006996,0.012239,0.027847
ACAACAGCATGAGCTA-1,0.000878,0.03112,0.016043,0.396889,0.044747,0.024425,0.485898
ACAACGGTCCCTGCGA-1,0.24933,0.603152,0.050271,0.068973,0.000047,0.000114,0.028113
ACAAGCAGTGCCTAGC-1,0.592404,0.308986,0.009402,0.066497,0.003584,0.006574,0.012553
ACAAGCTATATGGAAG-1,0.355285,0.575668,0.032054,0.002152,0.019542,0.002528,0.012771
ACAAGGAAATCCGCCC-1,0.135791,0.03125,0.070633,0.114892,0.048164,0.072507,0.526764
ACAAGGACAAGAGGTT-1,0.281173,0.426521,0.061428,0.001647,0.227149,0.000038,0.002043
ACAAGGATGCTTTAGG-1,0.109603,0.033371,0.024872,0.454695,0.004954,0.065556,0.306949
ACAAGGCCTACCAGCC-1,0.365531,0.444381,0.110971,0.075114,0.003313,0.000409,0.000281
ACAAGGGCAGGCTCTG-1,0.043867,0.00845,0.0418,0.35233,0.064106,0.059335,0.430112
ACAAGTAATTGTAAGG-1,0.091001,0.031198,0.000051,0.349933,0.002055,0.071524,0.454238
ACAATAGTCGTACGTT-1,0.877762,0.049942,0.001615,0.005619,0.000072,0.000072,0.064918
ACAATCCATTTAAACC-1,0.350682,0.043228,0.097043,0.197069,0.08142,0.011566,0.218991
ACAATCGATCTTTATA-1,0.004203,0.709815,0.238911,0.030156,0.000045,0.000094,0.016777
ACAATGAATACGGAGA-1,0.763809,0.000033,0.000033,0.207325,0.000033,0.001682,0.027086
ACAATGATTCTTCTAC-1,0.331877,0.366341,0.193504,0.041624,0.004941,0.027195,0.034518
ACAATTGTGTCTCTTT-1,0.084574,0.025025,0.01739,0.145494,0.029229,0.114246,0.584042
ACAATTTAGGAGGCTC-1,0.344407,0.47533,0.042693,0.029967,0.029191,0.038915,0.039497
ACAATTTGAGCAGTGG-1,0.170794,0.069055,0.041717,0.481366,0.02758,0.171915,0.037573
ACAATTTGGCCATATT-1,0.032391,0.042699,0.023138,0.230439,0.016462,0.064431,0.59044
ACACAAAGACGGGTGG-1,0.220763,0.048466,0.269841,0.305208,0.097827,0.046376,0.011519
ACACAAATATTCCTAG-1,0.403117,0.060838,0.1008,0.321264,0.070236,0.015834,0.027911
ACACACCAGGACCAGT-1,0.046836,0.058376,0.037193,0.066717,0.015083,0.135549,0.640247
ACACACTTTCTACACG-1,0.071873,0.527341,0.111862,0.120602,0.141491,0.000043,0.026789
ACACATGATCAAATCT-1,0.007901,0.010646,0.00584,0.003124,0.044141,0.055164,0.873185
ACACATTGACGCAACA-1,0.001949,0.907473,0.0665,0.000022,0.022826,0.001164,0.000067
ACACATTTCCGTAGAC-1,0.002296,0.016163,0.026908,0.055428,0.089529,0.102672,0.707004
ACACCACATAATTAGC-1,0.004787,0.019088,0.061873,0.011427,0.410199,0.028888,0.463738
ACACCCAGCATGCAGC-1,0.168968,0.380908,0.00675,0.00002,0.433492,0.001966,0.007897
ACACCCGAGAAATCCG-1,0.298294,0.53403,0.111291,0.030683,0.000038,0.007856,0.017808
ACACCCGTAAATCTGT-1,0.028666,0.72667,0.072418,0.023557,0.049534,0.025871,0.073285
ACACCGAGCGCTCTTT-1,0.075929,0.801379,0.099479,0.022446,0.000629,0.000035,0.000104
ACACCGGTCTGACCGC-1,0.063747,0.00412,0.018044,0.23892,0.011069,0.075714,0.588387
ACACCTTAAGTAGGGC-1,0.578106,0.235298,0.111323,0.060643,0.005953,0.008504,0.000172
ACACCTTACTACTTGC-1,0.033025,0.026257,0.011642,0.034885,0.038223,0.13097,0.724998
ACACGAGACTCCTTCT-1,0.158823,0.04508,0.068631,0.189516,0.08968,0.192135,0.256136
ACACGGCACTATGCAT-1,0.127042,0.429422,0.233494,0.156005,0.048851,0.005055,0.000132
ACACGGGAACTTAGGG-1,0.268058,0.003728,0.313633,0.007838,0.116556,0.157614,0.132573
ACACGTAGGCCACAAG-1,0.104866,0.062898,0.031583,0.178961,0.043133,0.075469,0.50309
ACACTCCAATGTCACT-1,0.458884,0.478114,0.046718,0.004851,0.008575,0.002702,0.000156
ACACTGATCAAGGTGT-1,0.240737,0.068166,0.035392,0.484548,0.000058,0.07555,0.095549
ACACTGGGACAGTCGT-1,0.197159,0.023633,0.035859,0.292473,0.083617,0.081002,0.286258
ACAGAACTGAGAACAA-1,0.277397,0.005903,0.007547,0.000011,0.425861,0.055343,0.227938
ACAGATTAGGTTAGTG-1,0.082128,0.472548,0.173591,0.132306,0.045273,0.002314,0.09184
ACAGCATAGAGCCAGT-1,0.17561,0.447046,0.220228,0.044658,0.067685,0.001353,0.043421
ACAGCGACATTCTCAT-1,0.111269,0.062271,0.034178,0.158716,0.049455,0.150375,0.433736
ACAGCGCACCCGCAGC-1,0.138659,0.628776,0.021642,0.106852,0.005833,0.018023,0.080215
ACAGGAGGCGCAGCCG-1,0.005661,0.767769,0.076529,0.024045,0.073423,0.007097,0.045475
ACAGGCACGGATCCTT-1,0.04751,0.034322,0.028097,0.284297,0.050726,0.062054,0.492993
ACAGGCTTGCCCGACT-1,0.050316,0.02319,0.050561,0.292054,0.091712,0.043013,0.449154
ACAGGTGGAGGTGAGG-1,0.078618,0.081305,0.027417,0.159731,0.021458,0.101581,0.52989
ACAGGTGTGTTGTTGC-1,0.195582,0.642824,0.023324,0.001045,0.089062,0.005434,0.042729
ACAGTAATACAACTTG-1,0.331471,0.021786,0.164335,0.125318,0.170091,0.093541,0.093458
ACAGTATACCGTGGGA-1,0.055399,0.005029,0.118721,0.128361,0.278108,0.335202,0.079181
ACAGTGCAGCGCATTT-1,0.000012,0.720214,0.062913,0.003012,0.036237,0.008702,0.168909
ACATAAGTCGTGGTGA-1,0.999707,0.000037,0.000037,0.000037,0.000037,0.000037,0.00011
ACATAATAAGGCGGTG-1,0.312368,0.001179,0.008501,0.523871,0.153874,0.000052,0.000155
ACATACAATCAAGCGG-1,0.635287,0.00003,0.009717,0.115942,0.055104,0.067265,0.116655
ACATCAGCTGGGACGC-1,0.529545,0.286969,0.097235,0.083552,0.00253,0.000042,0.000127
ACATCCCGGCCATACG-1,0.050719,0.012296,0.025913,0.26895,0.00006,0.213747,0.428316
ACATCCTGGTAACTGT-1,0.057113,0.012046,0.041458,0.10457,0.01124,0.107759,0.665814
ACATCGATCGTTTACC-1,0.155504,0.086476,0.162766,0.341499,0.022936,0.096652,0.134167
ACATCGCAATATTCGG-1,0.167662,0.001548,0.001816,0.035138,0.051166,0.055313,0.687357
ACATCGGTCAGCCGCG-1,0.150408,0.061084,0.025664,0.107441,0.051734,0.07505,0.528619
ACATCGTATGCAATGG-1,0.073599,0.025336,0.034751,0.466466,0.028009,0.114446,0.257394
ACATCGTTAACCTAGT-1,0.087711,0.664271,0.088995,0.032785,0.003406,0.047383,0.075449
ACATCTCAACGCGTAA-1,0.029358,0.545704,0.315282,0.086278,0.009422,0.008669,0.005288
ACATGCTTACGGCAGC-1,0.261174,0.000065,0.004603,0.333454,0.039612,0.067164,0.293927
ACATGGCGCCAAAGTA-1,0.105856,0.019004,0.087866,0.157442,0.074453,0.1196,0.435779
ACATGGCTCAATTTAG-1,0.001425,0.837486,0.040672,0.078343,0.013132,0.005317,0.023626
ACATTAGTTTATATCC-1,0.089039,0.035304,0.034392,0.502475,0.000046,0.022074,0.316669
ACATTCGCGCGGAATA-1,0.214352,0.016917,0.009326,0.320369,0.048745,0.057214,0.333077
ACATTTGAAACCTAAC-1,0.845383,0.003238,0.000815,0.000278,0.007447,0.016902,0.125936
ACCAAACACCCAGCGA-1,0.118081,0.037016,0.110354,0.115899,0.263268,0.280418,0.074963
ACCAAACTAGAAATCC-1,0.092377,0.686465,0.143329,0.04354,0.013104,0.011605,0.009579
ACCAACACCACACACT-1,0.13733,0.014517,0.135244,0.134408,0.382961,0.144845,0.050695
ACCAACCGCACTCCAC-1,0.034869,0.030403,0.034998,0.166063,0.015437,0.051357,0.666873
ACCAACGCTTATTTAT-1,0.048976,0.028519,0.01515,0.10925,0.0241,0.036376,0.737629
ACCAAGAACGCGTGTC-1,0.462654,0.457059,0.018261,0.042283,0.00004,0.005935,0.013768
ACCAAGTCATCGGCAG-1,0.118714,0.027928,0.012702,0.239911,0.114414,0.0471,0.439232
ACCAATATGCAAGTTA-1,0.090454,0.069585,0.061907,0.365993,0.044943,0.087179,0.279939
ACCACAACTCAGAACA-1,0.199986,0.449086,0.160279,0.073264,0.006693,0.064754,0.045938
ACCACAAGTTTCTATC-1,0.089526,0.124285,0.039555,0.12226,0.391923,0.099165,0.133286
ACCACACGGTTGATGG-1,0.030778,0.013526,0.010325,0.138233,0.02796,0.031517,0.747661
ACCACCAATGTAACAA-1,0.086811,0.055172,0.016143,0.085735,0.037471,0.085657,0.633012
ACCACCCTCTCTTCTA-1,0.513971,0.082141,0.039328,0.130431,0.077803,0.117883,0.038443
ACCACGTGCAGCTATA-1,0.000022,0.007606,0.0048,0.027639,0.071522,0.095246,0.793165
ACCACTGTTCAAGAAG-1,0.002309,0.835453,0.109291,0.003755,0.026516,0.008907,0.013769
ACCAGACCATAACAAC-1,0.398535,0.449825,0.027487,0.001507,0.101263,0.00506,0.016324
ACCAGCCCGGTCTTTG-1,0.098203,0.658784,0.196912,0.030668,0.003993,0.011264,0.000176
ACCAGGAGTGTGATCT-1,0.000038,0.88668,0.082796,0.000038,0.028993,0.000127,0.001329
ACCAGTGCCCGGTCAA-1,0.173504,0.405938,0.264794,0.04934,0.00006,0.033107,0.073257
ACCAGTGCGGGAGACG-1,0.000023,0.023548,0.05839,0.033607,0.045597,0.074604,0.764232
ACCATATCCGCAATAA-1,0.326664,0.104622,0.005805,0.440471,0.051473,0.017437,0.053527
ACCATCCGCCAACTAG-1,0.999707,0.000037,0.000037,0.000037,0.000037,0.000037,0.00011
ACCATCGTATATGGTA-1,0.120258,0.049416,0.012016,0.040255,0.075589,0.173983,0.528483
ACCATTAAGGGTGTCA-1,0.039562,0.687621,0.136189,0.000025,0.122068,0.001249,0.013286
ACCCAACGCCCGTGGC-1,0.002763,0.031299,0.011083,0.058896,0.018677,0.028793,0.848489
ACCCACCTACATGCTC-1,0.435313,0.374063,0.034467,0.094158,0.060386,0.000793,0.00082
ACCCATCTTGAGGGTA-1,0.041151,0.014871,0.071937,0.263274,0.005758,0.086912,0.516098
ACCCATTTGTCCCTCT-1,0.130441,0.078238,0.036451,0.329127,0.006798,0.218529,0.200416
ACCCGAGCGAAATTAC-1,0.091687,0.097972,0.057918,0.070576,0.042696,0.093983,0.545169
ACCCGATTGGTTCCGA-1,0.091212,0.000048,0.000491,0.382004,0.000048,0.052642,0.473555
ACCCGGAAACTCCCAG-1,0.024602,0.047643,0.057954,0.083341,0.014338,0.100866,0.671256
ACCCGGAGCACCACAA-1,0.138066,0.08452,0.024095,0.116084,0.118159,0.058537,0.460538
ACCCGGATGACGCATC-1,0.080775,0.016197,0.144282,0.272989,0.01544,0.068282,0.402035
ACCCGGTTACACTTCC-1,0.164994,0.049281,0.042713,0.047912,0.054436,0.127375,0.513289
ACCCGTAGCAGAGAAT-1,0.151164,0.074123,0.108866,0.239359,0.027047,0.049006,0.350436
ACCCGTAGTCTAGTTG-1,0.09353,0.120286,0.04638,0.140503,0.091912,0.211024,0.296364
ACCCGTGTCATCAGTA-1,0.053284,0.004762,0.000023,0.000421,0.003716,0.043742,0.894053
ACCCTATAGGACTGAG-1,0.029964,0.86197,0.068651,0.021599,0.011699,0.005983,0.000133
ACCCTATGCCATATCG-1,0.074473,0.005152,0.00588,0.048446,0.290355,0.012751,0.562944
ACCCTCCCGTCAGGGC-1,0.059134,0.026983,0.042977,0.148482,0.203514,0.109748,0.409162
ACCCTCCCTTGCTATT-1,0.013402,0.103271,0.050404,0.240815,0.029395,0.113264,0.44945
ACCCTGGTAACGCCCT-1,0.259347,0.000649,0.092238,0.177192,0.310249,0.061625,0.0987
ACCCTTCATCTGCGAA-1,0.111565,0.472065,0.15371,0.059497,0.071064,0.104303,0.027798
ACCCTTGCCTGGGTCG-1,0.290123,0.017412,0.280486,0.110265,0.149371,0.084652,0.067691
ACCCTTTAGTTCTCCA-1,0.000733,0.820079,0.091372,0.002575,0.0559,0.016709,0.012632
ACCGAAAGGGCCCTGC-1,0.095437,0.736688,0.071576,0.049184,0.035356,0.000036,0.011723
ACCGAAGAGTCTGGTT-1,0.535195,0.069151,0.02663,0.239177,0.079598,0.010283,0.039965
ACCGACACATCTCCCA-1,0.000131,0.015852,0.007363,0.012877,0.035751,0.031992,0.896032
ACCGACTGAGTCCCAC-1,0.020463,0.045836,0.193968,0.015069,0.597088,0.026237,0.10134
ACCGAGTCTCCTTATT-1,0.107371,0.036512,0.03408,0.337386,0.007545,0.149631,0.327474
ACCGATAGGCATAACC-1,0.420276,0.002077,0.006351,0.426382,0.002213,0.016564,0.126136
ACCGATATTTAATCAT-1,0.09465,0.046114,0.01642,0.338743,0.034926,0.170823,0.298324
ACCGATGGTAGCATCG-1,0.061006,0.023485,0.120757,0.292336,0.00719,0.043064,0.452162
ACCGCAATAACTGCCT-1,0.019196,0.009114,0.024151,0.346171,0.015243,0.064709,0.521416
ACCGCGGTGGAAGTCG-1,0.021041,0.016975,0.017109,0.178797,0.051728,0.043222,0.671127
ACCGCTAGTCATTGGT-1,0.168034,0.004492,0.039544,0.17908,0.147136,0.04216,0.419554
ACCGGGCCTTTGTTGA-1,0.029545,0.009611,0.057965,0.048082,0.007875,0.172345,0.674577
ACCGGTCAGGTACACC-1,0.231749,0.04605,0.077123,0.360676,0.000162,0.026639,0.257601
ACCGGTCTGAGTACGG-1,0.095957,0.754349,0.078364,0.002112,0.016996,0.00745,0.044772
ACCGTCCACTGGGCCC-1,0.992101,0.000032,0.000032,0.001625,0.005538,0.000032,0.000641
ACCGTGACCACGTGGG-1,0.023407,0.043811,0.015648,0.049562,0.001706,0.109661,0.756205
ACCGTTCCCGCTCTGA-1,0.088211,0.644558,0.228776,0.035628,0.002623,0.000051,0.000153
ACCTAAGTACCTTTCA-1,0.024836,0.054078,0.055543,0.279154,0.040339,0.175375,0.370675
ACCTAATCGACTTCCT-1,0.919586,0.054535,0.002027,0.022893,0.000058,0.00073,0.000173
ACCTACAGTATGTGGT-1,0.081154,0.004428,0.039492,0.074075,0.023704,0.119687,0.657458
ACCTACTATAAATCTA-1,0.092956,0.016378,0.009008,0.245881,0.046014,0.095278,0.494485
ACCTCAGCGAGGCGCA-1,0.347678,0.024061,0.004774,0.129823,0.002888,0.170227,0.320549
ACCTCCGCCCTCGCTG-1,0.025501,0.040474,0.030465,0.27872,0.101969,0.06023,0.462641
ACCTCCGTTATTCACC-1,0.041627,0.079052,0.164759,0.198267,0.271608,0.099046,0.145641
ACCTCGAACTTATGCT-1,0.246115,0.012769,0.016615,0.209932,0.005246,0.01907,0.490253
ACCTGCGTGTCATGTT-1,0.238762,0.028763,0.019139,0.492047,0.142775,0.062204,0.016311
ACCTTTCCTTTAGAAG-1,0.006265,0.692092,0.260733,0.033226,0.000042,0.006604,0.001038
ACGAAATGGGCGGCAC-1,0.705689,0.094737,0.126215,0.073036,0.000065,0.000065,0.000194
ACGACCCATGAGTTGC-1,0.341452,0.002049,0.013961,0.45482,0.007685,0.052187,0.127847
ACGACTCTAGGGCCGA-1,0.021763,0.009776,0.024922,0.05129,0.041581,0.099779,0.750889
ACGACTGGTCATACTC-1,0.029285,0.033466,0.026015,0.164166,0.004275,0.239396,0.503396
ACGAGAACCCATCACG-1,0.020773,0.785069,0.087144,0.019655,0.050886,0.007557,0.028917
ACGAGATATTTGCTTA-1,0.192347,0.467389,0.182313,0.054642,0.00007,0.084012,0.019226
ACGAGGATACCACTCT-1,0.151429,0.006381,0.025275,0.210997,0.317532,0.147433,0.140953
ACGAGGTTTACAACGT-1,0.991975,0.000023,0.000023,0.000023,0.007684,0.000181,0.000089
ACGAGTACGGATGCCC-1,0.130424,0.049499,0.027528,0.311386,0.02221,0.106613,0.35234
ACGAGTCGCCGGCGTT-1,0.022071,0.854521,0.051665,0.051435,0.000807,0.006508,0.012994
ACGATACATAGAACTA-1,0.006009,0.044467,0.082622,0.002376,0.485767,0.273639,0.105121
ACGATACCTATCCTGA-1,0.278295,0.589225,0.055962,0.003007,0.055921,0.001752,0.015839
ACGATCATACATAGAG-1,0.000011,0.015778,0.061807,0.000011,0.720113,0.031567,0.170712
ACGATCATCTTGTAAA-1,0.029519,0.003289,0.147393,0.38893,0.083041,0.027932,0.319897
ACGATGCATATGTTAT-1,0.167211,0.017067,0.058525,0.092812,0.084677,0.045381,0.534327
ACGATGGATCCGATGC-1,0.188204,0.540737,0.13357,0.109816,0.015961,0.011098,0.000615
ACGCAAACTAATAGAT-1,0.004424,0.014665,0.066869,0.147638,0.005286,0.050607,0.710511
ACGCAATCACTACAGC-1,0.122307,0.006057,0.054562,0.187113,0.013995,0.295125,0.32084
ACGCATAAATGACATG-1,0.242426,0.366971,0.22938,0.155024,0.000056,0.005975,0.000168
ACGCATACGTTTACTA-1,0.103617,0.043844,0.067761,0.211762,0.103244,0.154267,0.315505
ACGCATTCGTGAGTAC-1,0.084772,0.057509,0.040789,0.208312,0.033053,0.556409,0.019156
ACGCCACTCGAAACAG-1,0.0213,0.017771,0.07449,0.182451,0.026662,0.19753,0.479795
ACGCCAGATGATTTCT-1,0.107359,0.070948,0.032222,0.086953,0.444084,0.05483,0.203605
ACGCCAGTGCGTTTGC-1,0.614301,0.000053,0.000053,0.27788,0.000053,0.015866,0.091793
ACGCCCAGCTGTCGAT-1,0.026856,0.840261,0.082674,0.006074,0.022199,0.015594,0.006341
ACGCCGCTAGACGACC-1,0.008075,0.183465,0.066607,0.056205,0.596777,0.035143,0.053728
ACGCCTGACACGCGCT-1,0.003119,0.726885,0.054568,0.021864,0.096103,0.005807,0.091655
ACGCGAAGTCAGACGA-1,0.227514,0.007918,0.0354,0.04004,0.079235,0.10153,0.508363
ACGCGCTACACAGGGT-1,0.357227,0.008114,0.020959,0.199393,0.009413,0.029382,0.375512
ACGCGGGCCAAGGACA-1,0.092746,0.061862,0.010153,0.126893,0.081996,0.197846,0.428504
ACGCGTTTCTTAAGAG-1,0.574537,0.351735,0.00485,0.042161,0.021926,0.000029,0.004761
ACGCTACTGAATGGGC-1,0.006399,0.004296,0.006737,0.127822,0.127492,0.074377,0.652876
ACGCTAGTATCAGTGC-1,0.000017,0.731,0.072181,0.000411,0.049642,0.005632,0.141118
ACGCTAGTGATACACT-1,0.099072,0.039998,0.108775,0.182257,0.023447,0.146506,0.399944
ACGCTGTGAGGCGTAG-1,0.999156,0.000106,0.000105,0.000105,0.000105,0.000105,0.000316
ACGCTTAGTGTCTCTC-1,0.028909,0.638127,0.256722,0.000033,0.047395,0.001666,0.027148
