Barcode,Topic 1to2,Topic 3,Topic 4to5,Topic 6,Topic 7,Topic 8,Topic 9,Topic 10
AAACAACGAATAGTTC-1,0.111172,0.011935,0.212367,0.299584,0.172791,0.031456,0.139048,0.021648
AAACAAGTATCTCCCA-1,0.715882,0.044707,0.037376,0.008177,0.018417,0.063994,0.072783,0.038665
AAACAATCTACTAGCA-1,0.541796,0.013191,0.001992,0.037199,0.377023,0.016945,0.010227,0.001627
AAACACCAATAACTGC-1,0.052921,0.012553,0.33962,0.182359,0.134539,0.08782,0.131987,0.0582
AAACAGAGCGACTCCT-1,0.128373,0.072215,0.292475,0.153427,0.179215,0.011866,0.154958,0.007471
AAACAGCTTTCAGAAG-1,0.284319,0.074747,0.114565,0.129573,0.146593,0.038593,0.153002,0.058608
AAACAGGGTCTATATT-1,0.558277,0.001039,0.001836,0.020117,0.184864,0.177486,0.005102,0.051281
AAACAGTGTTCCTGGG-1,0.519303,0.017073,0.001147,0.035512,0.117539,0.237511,0.02606,0.045854
AAACATGGTGAGAGGA-1,0.204865,0.065102,0.118568,0.107714,0.014861,0.133121,0.100586,0.255183
AAACATTTCCCGGATT-1,0.404461,0.00147,0.070034,0.013644,0.047122,0.272167,0.080719,0.110383
AAACCACTACACAGAT-1,0.462768,0.104729,0.098532,0.126557,0.205727,0.000493,0.001164,0.00003
AAACCCGAACGAAATC-1,0.300509,0.01682,0.150341,0.011691,0.007855,0.187142,0.193272,0.13237
AAACCGGAAATGTTAA-1,0.935679,0.001092,0.000063,0.000031,0.000899,0.016349,0.025721,0.020166
AAACCGGGTAGGTACC-1,0.533528,0.000033,0.026409,0.086623,0.3245,0.00741,0.009773,0.011725
AAACCGTTCGTCCAGG-1,0.002252,0.007485,0.10022,0.217103,0.043743,0.078106,0.015909,0.535183
AAACCTAAGCAGCCGG-1,0.239874,0.002876,0.018246,0.037084,0.171023,0.470937,0.020869,0.03909
AAACCTCATGAAGTTG-1,0.540032,0.001347,0.026918,0.065632,0.161779,0.164409,0.012647,0.027236
AAACGAAGAACATACC-1,0.760962,0.001431,0.014502,0.037437,0.148982,0.01354,0.017883,0.005264
AAACGAAGATGGAGTA-1,0.286066,0.023487,0.125194,0.097125,0.052074,0.227266,0.122382,0.066407
AAACGACAGTCTTGCC-1,0.5095,0.14535,0.038096,0.01877,0.28603,0.000037,0.002181,0.000037
AAACGAGACGGTTGAT-1,0.307775,0.065131,0.477786,0.016307,0.081165,0.018774,0.010487,0.022574
AAACGCCCGAGATCGG-1,0.5427,0.070316,0.036347,0.185647,0.149286,0.000041,0.015622,0.000041
AAACGCTGGGCACGAC-1,0.984611,0.010657,0.000072,0.000036,0.004515,0.000036,0.000036,0.000036
AAACGGGCGTACGGGT-1,0.294485,0.025318,0.056166,0.020012,0.090405,0.316428,0.077681,0.119505
AAACGGGTTGGTATCC-1,0.188744,0.004089,0.800601,0.000249,0.006245,0.000024,0.000024,0.000024
AAACGGTTGCGAACTG-1,0.015795,0.051047,0.276905,0.179319,0.04243,0.220577,0.089205,0.124722
AAACGTGTTCGCCCTA-1,0.119044,0.027418,0.316649,0.089509,0.400095,0.003589,0.042471,0.001225
AAACTAACGTGGCGAC-1,0.075586,0.010167,0.205593,0.246001,0.29649,0.00468,0.15349,0.007994
AAACTCGGTTCGCAAT-1,0.972233,0.027451,0.00009,0.000045,0.000045,0.000045,0.000045,0.000045
AAACTCGTGATATAAG-1,0.175144,0.042124,0.218761,0.189782,0.278354,0.029904,0.04591,0.02002
AAACTGCTGGCTCCAA-1,0.396706,0.017639,0.209415,0.045678,0.098035,0.084632,0.089797,0.058098
AAACTTAATTGCACGC-1,0.227533,0.005433,0.047488,0.142283,0.189995,0.290019,0.032842,0.064407
AAACTTGCAAACGTAT-1,0.149448,0.002745,0.072397,0.097162,0.102985,0.378115,0.031724,0.165424
AAAGAATGACCTTAGA-1,0.325079,0.007382,0.054767,0.114397,0.038542,0.305729,0.065356,0.088747
AAAGAATGTGGACTAA-1,0.153605,0.000018,0.737538,0.011284,0.071652,0.001761,0.004945,0.019198
AAAGACATGAAGTTTA-1,0.288664,0.038772,0.043706,0.162096,0.268142,0.052895,0.121515,0.024211
AAAGACCCAAGTCGCG-1,0.460497,0.06255,0.082096,0.169492,0.188124,0.017659,0.01054,0.009042
AAAGACTGGGCGCTTT-1,0.515871,0.014812,0.043242,0.072903,0.089483,0.122288,0.107212,0.03419
AAAGCTTGCCTACATA-1,0.686117,0.003959,0.064836,0.098624,0.114275,0.004164,0.010738,0.017287
AAAGGCCCTATAATAC-1,0.241219,0.003355,0.000053,0.05853,0.433351,0.241893,0.00473,0.01687
AAAGGCTACGGACCAT-1,0.102568,0.001676,0.208264,0.100913,0.056803,0.245454,0.083983,0.200339
AAAGGCTCTCGCGCCG-1,0.277391,0.01331,0.226921,0.009582,0.016109,0.079001,0.317763,0.059923
AAAGGGATGTAGCAAG-1,0.378198,0.128501,0.15423,0.207935,0.064365,0.023829,0.027872,0.01507
AAAGGGCAGCTTGAAT-1,0.24546,0.055016,0.079026,0.241037,0.190772,0.057207,0.074075,0.057406
AAAGGTAAGCTGTACC-1,0.394629,0.065908,0.045035,0.095128,0.392837,0.00637,0.000047,0.000047
AAAGGTCAACGACATG-1,0.366125,0.009286,0.173764,0.07676,0.348978,0.002327,0.019904,0.002856
AAAGTAGCATTGCTCA-1,0.638367,0.059594,0.068344,0.019413,0.036385,0.080887,0.048842,0.048168
AAAGTCACTGATGTAA-1,0.463299,0.059689,0.065674,0.261243,0.115492,0.019561,0.003312,0.01173
AAAGTCGACCCTCAGT-1,0.212224,0.01359,0.094943,0.10537,0.050504,0.236962,0.116382,0.170024
AAAGTGCCATCAATTA-1,0.679787,0.001393,0.022378,0.019886,0.187228,0.074426,0.007159,0.007744
AAAGTGTGATTTATCT-1,0.213212,0.020295,0.24648,0.028909,0.008367,0.063799,0.329088,0.089849
AAAGTTGACTCCCGTA-1,0.486455,0.066519,0.031861,0.200367,0.087675,0.040638,0.07686,0.009625
AAATAACCATACGGGA-1,0.24277,0.028626,0.185929,0.291895,0.117164,0.047047,0.029938,0.056631
AAATAAGGTAGTGCCC-1,0.233806,0.014399,0.126486,0.097089,0.198485,0.198545,0.03376,0.09743
AAATACCTATAAGCAT-1,0.317057,0.03536,0.386698,0.047566,0.024353,0.025246,0.090178,0.073542
AAATAGCTTAGACTTT-1,0.107789,0.013907,0.119877,0.285112,0.115636,0.180924,0.096674,0.08008
AAATAGGGTGCTATTG-1,0.651785,0.038291,0.051039,0.004759,0.166422,0.042647,0.027251,0.017807
AAATCACTCCTAAACG-1,0.431304,0.170538,0.116218,0.088103,0.193639,0.000066,0.000066,0.000066
AAATCCGATACACGCC-1,0.564206,0.000026,0.027997,0.012535,0.206465,0.159834,0.008205,0.020732
AAATCGCGGAAGGAGT-1,0.602341,0.069757,0.045446,0.014005,0.021493,0.115242,0.110558,0.021158
AAATCGTGTACCACAA-1,0.464819,0.010895,0.198055,0.024684,0.142527,0.063115,0.061247,0.034657
AAATCTAGCCCTGCTA-1,0.32197,0.005609,0.042225,0.031191,0.195447,0.27966,0.09282,0.031077
AAATCTGCCCGCGTCC-1,0.733415,0.089163,0.042149,0.028354,0.054976,0.003047,0.007014,0.041883
AAATGACTGATCAAAC-1,0.757789,0.112271,0.033191,0.000024,0.000024,0.003687,0.069238,0.023777
AAATGATTCGATCAGC-1,0.348592,0.055133,0.064724,0.050884,0.463413,0.005757,0.011461,0.000037
AAATGCTCGTTACGTT-1,0.085904,0.219266,0.249713,0.163319,0.158636,0.010391,0.059337,0.053434
AAATGGCATGTCTTGT-1,0.372235,0.061561,0.253184,0.050793,0.224145,0.025294,0.006345,0.006443
AAATGGCCCGTGCCCT-1,0.285463,0.078103,0.232633,0.034952,0.149397,0.125435,0.015818,0.078199
AAATGGTCAATGTGCC-1,0.060186,0.054373,0.311186,0.125972,0.148579,0.05063,0.095004,0.15407
AAATGTATCTTATCCC-1,0.18294,0.077247,0.145504,0.148692,0.139634,0.088844,0.198301,0.018838
AAATGTGGGTGCTCCT-1,0.214741,0.003335,0.084512,0.103033,0.451644,0.101813,0.028904,0.012019
AAATTAACGGGTAGCT-1,0.093144,0.003736,0.204789,0.24227,0.070556,0.108729,0.043931,0.232845
AAATTAATAAGCGCGA-1,0.314277,0.338948,0.025978,0.037253,0.233827,0.038051,0.010777,0.000888
AAATTACACGACTCTG-1,0.274692,0.031266,0.414253,0.123326,0.118312,0.00127,0.008528,0.028353
AAATTACCTATCGATG-1,0.016906,0.013905,0.228858,0.377761,0.084275,0.091591,0.059413,0.127292
AAATTCCAGGTCCAAA-1,0.598281,0.015017,0.022332,0.057583,0.18797,0.068624,0.035084,0.015109
AAATTGATAGTCCTTT-1,0.647628,0.068468,0.026557,0.045605,0.049682,0.115032,0.025202,0.021826
AAATTGCGGCGGTTCT-1,0.406655,0.020301,0.082923,0.077126,0.407045,0.000029,0.005891,0.000029
AAATTGGTGAGAAGCA-1,0.100263,0.094155,0.294884,0.188768,0.269424,0.013021,0.004258,0.035227
AAATTTACCGAAATCC-1,0.300935,0.02967,0.073805,0.160043,0.3421,0.034174,0.049672,0.009601
AAATTTGCGGGTGTGG-1,0.095653,0.012122,0.070484,0.137157,0.165642,0.254479,0.201473,0.06299
AACAACTGGTAGTTGC-1,0.210959,0.055949,0.360925,0.118521,0.043281,0.015111,0.122116,0.073137
AACAATACATTGTCGA-1,0.664958,0.007148,0.021811,0.00699,0.246252,0.029882,0.005047,0.017913
AACAATTACTCTACGC-1,0.202529,0.281807,0.020682,0.178716,0.131469,0.096799,0.034353,0.053645
AACACACGCTCGCCGC-1,0.505965,0.013541,0.039259,0.018944,0.189496,0.164265,0.060051,0.008479
AACACGACTGTACTGA-1,0.609036,0.094574,0.133972,0.040042,0.061669,0.014633,0.042513,0.003562
AACACGAGACGCGGCC-1,0.28348,0.01453,0.116484,0.02984,0.045245,0.288847,0.106652,0.114922
AACACGCGGCCGCGAA-1,0.252329,0.015949,0.113514,0.124858,0.464764,0.005381,0.01965,0.003556
AACAGCTGTGTGGCAA-1,0.335003,0.009169,0.128321,0.089997,0.06989,0.249013,0.028337,0.09027
AACAGGAAATCGAATA-1,0.552456,0.025299,0.118734,0.047772,0.217283,0.010212,0.021655,0.006589
AACAGGATGGGCCGCG-1,0.267883,0.00958,0.184947,0.063381,0.247561,0.051527,0.052415,0.122707
AACAGGTAGTATGGAT-1,0.396302,0.071054,0.025934,0.010266,0.065873,0.351823,0.03445,0.044299
AACATAGCGTGTATCG-1,0.269832,0.014713,0.030175,0.007706,0.005152,0.072758,0.515654,0.084011
AACATATCAACTGGTG-1,0.031567,0.155017,0.214747,0.187243,0.261387,0.039202,0.075758,0.035078
AACATCGATACGTCTA-1,0.122928,0.029582,0.11907,0.254243,0.407477,0.02597,0.032798,0.007933
AACATTGAAGTTGATC-1,0.520584,0.047128,0.001694,0.024868,0.209327,0.12252,0.013137,0.060741
AACATTGGTCAGCCGT-1,0.990367,0.000082,0.000164,0.000082,0.009057,0.000082,0.000082,0.000082
AACATTGTGACTCGAG-1,0.140549,0.006765,0.106618,0.14327,0.183293,0.180519,0.013133,0.225854
AACCAAGACTTCTCTG-1,0.152571,0.004004,0.084291,0.240733,0.17503,0.183706,0.036904,0.122761
AACCAGTATCACTCTT-1,0.078343,0.013817,0.230442,0.250031,0.191807,0.061982,0.080648,0.092931
AACCATAGGGTTGAAC-1,0.092971,0.001752,0.133305,0.175766,0.099235,0.321172,0.048274,0.127524
AACCATGGGATCGCTA-1,0.654992,0.08947,0.062579,0.011819,0.008139,0.020831,0.004698,0.147472
AACCCAGAGACGGAGA-1,0.392456,0.144545,0.058346,0.232749,0.076963,0.052586,0.020797,0.021559
AACCCATCCCATGATC-1,0.80681,0.015274,0.024223,0.019564,0.079598,0.028324,0.017312,0.008894
AACCCGACAACCCGTG-1,0.435659,0.002827,0.008231,0.061688,0.251519,0.166286,0.002293,0.071496
AACCCGAGCAGAATCG-1,0.001373,0.000008,0.997479,0.000008,0.000008,0.000008,0.000008,0.001107
AACCCGATAGGGCTTC-1,0.374887,0.028226,0.12161,0.275242,0.187921,0.00004,0.005006,0.007067
AACCCGCTGTATTCCA-1,0.608119,0.116115,0.04446,0.01941,0.033842,0.046986,0.039005,0.092063
AACCCTACTGTCAATA-1,0.332803,0.074938,0.158577,0.077612,0.102874,0.15355,0.025762,0.073884
AACCCTGGTGGAACCA-1,0.418851,0.010616,0.084381,0.058458,0.354772,0.027535,0.041371,0.004015
AACCGAGCTTGGTCAT-1,0.474256,0.025469,0.177903,0.052471,0.192833,0.008075,0.033044,0.035949
AACCGCTAAGGGATGC-1,0.73383,0.062787,0.082505,0.0009,0.008318,0.030856,0.046107,0.034696
AACCGTTGTGTTTGCT-1,0.30304,0.287115,0.016129,0.126164,0.179768,0.032706,0.018074,0.037004
AACCTAAAGCCGTCCG-1,0.224805,0.006061,0.03481,0.117011,0.469995,0.102778,0.025534,0.019005
AACCTCGCTTTAGCCC-1,0.125049,0.014076,0.027176,0.114328,0.127015,0.374459,0.056825,0.161072
AACCTGTCACGGAATT-1,0.752133,0.001686,0.028839,0.012131,0.137822,0.046115,0.01191,0.009364
AACCTTTAAATACGGT-1,0.003515,0.004791,0.098356,0.140006,0.010625,0.146195,0.119408,0.477104
AACCTTTACGACGTCT-1,0.185576,0.422795,0.112596,0.079589,0.06308,0.021715,0.092093,0.022556
AACGAAAGTCGTCCCA-1,0.738049,0.036882,0.007758,0.016135,0.149514,0.006035,0.000046,0.045582
AACGACCTCCTAGCCG-1,0.431238,0.021819,0.154827,0.001722,0.002916,0.045996,0.259162,0.082319
AACGATAATGCCGTAG-1,0.452818,0.060405,0.040791,0.026585,0.078104,0.147972,0.122113,0.071214
AACGATAGAAGGGCCG-1,0.403189,0.008052,0.071882,0.10175,0.35309,0.019382,0.02685,0.015805
AACGATATGTCAACTG-1,0.205507,0.009541,0.617507,0.060997,0.019065,0.014364,0.036862,0.036156
AACGCATGATCTGGGT-1,0.246376,0.028048,0.103452,0.155569,0.295256,0.052783,0.059165,0.05935
AACGCGAACGGCAACA-1,0.935634,0.03811,0.000072,0.000036,0.026041,0.000036,0.000036,0.000036
AACGCGACCTTGGGCG-1,0.174678,0.01445,0.118166,0.246573,0.079653,0.156511,0.056704,0.153265
AACGCGGTCTCCAGCC-1,0.157101,0.043278,0.191776,0.235543,0.127305,0.038612,0.13586,0.070524
AACGCTGTTGCTGAAA-1,0.385309,0.00736,0.048476,0.077027,0.057874,0.268198,0.103426,0.052331
AACGGACGTACGTATA-1,0.519012,0.015816,0.122846,0.031267,0.041029,0.125026,0.100125,0.044878
AACGGCCATCTCCGGT-1,0.197363,0.019458,0.126288,0.121919,0.326809,0.174964,0.003643,0.029556
AACGTACTGTGGGTAC-1,0.672362,0.012665,0.000095,0.034664,0.219784,0.046793,0.009448,0.004189
AACGTAGTCTACCCAT-1,0.377468,0.001451,0.000104,0.008059,0.612763,0.000052,0.000052,0.000052
AACGTCAGACTAGTGG-1,0.086638,0.159561,0.137584,0.138611,0.169199,0.127604,0.13492,0.045883
AACGTCATCCGGCTTG-1,0.701792,0.121081,0.048158,0.000483,0.000033,0.001511,0.1033,0.023642
AACGTCGCTGCACTTC-1,0.612688,0.000062,0.000124,0.000062,0.248919,0.138022,0.000062,0.000062
AACGTGATGAAGGACA-1,0.021733,0.044318,0.92412,0.000011,0.009785,0.000011,0.000011,0.000011
AACGTGCGAAAGTCTC-1,0.317696,0.01187,0.357354,0.058999,0.03597,0.081717,0.05105,0.085343
AACGTTATCAGCACCT-1,0.530077,0.056153,0.048196,0.072172,0.249818,0.026741,0.015782,0.001061
AACGTTCTACCATTGT-1,0.480171,0.009128,0.034159,0.017686,0.075375,0.29769,0.077668,0.008123
AACTACCCGTTTGTCA-1,0.127368,0.000023,0.586855,0.019659,0.230641,0.024088,0.002485,0.008882
AACTAGCGTATCGCAC-1,0.174756,0.004867,0.066543,0.107445,0.550071,0.046546,0.028091,0.02168
AACTAGGCTTGGGTGT-1,0.163135,0.040083,0.134748,0.075723,0.083673,0.083407,0.227907,0.191324
AACTCAAGTTAATTGC-1,0.770044,0.022871,0.081103,0.018951,0.060045,0.024378,0.013645,0.008961
AACTCCAGAGCGTGTT-1,0.551715,0.000032,0.006295,0.045644,0.133761,0.19861,0.03798,0.025962
AACTCCTAATCCCATG-1,0.154438,0.003252,0.177631,0.23668,0.298878,0.045108,0.018537,0.065477
AACTCGATAAACACGT-1,0.870637,0.129013,0.0001,0.00005,0.00005,0.00005,0.00005,0.00005
AACTCGATGGCGCAGT-1,0.346232,0.632524,0.002199,0.000051,0.018841,0.000051,0.000051,0.000051
AACTCTCAATAGAGCG-1,0.445953,0.062423,0.227001,0.056696,0.132303,0.026519,0.026021,0.023083
AACTCTCAGTGTGCTC-1,0.309501,0.014319,0.178846,0.098709,0.102989,0.087835,0.078525,0.129277
AACTGAGGTCAGCGTC-1,0.609788,0.067461,0.198213,0.032256,0.07952,0.000052,0.012658,0.000052
AACTGAGTTATACTGA-1,0.431413,0.006709,0.022428,0.014634,0.135644,0.301675,0.067809,0.019688
AACTGATATTAGGCCT-1,0.285002,0.023372,0.230851,0.169852,0.198465,0.02471,0.030833,0.036914
AACTGGGTCCCGACGT-1,0.263406,0.027814,0.161514,0.127532,0.372747,0.017551,0.012721,0.016714
AACTGGGTTCGAGCCG-1,0.302933,0.041643,0.179716,0.114766,0.353232,0.001539,0.002732,0.00344
AACTGGTGTGGGCCTT-1,0.567209,0.000091,0.052127,0.10321,0.231968,0.031278,0.012434,0.001682
AACTTCTGCGTCTATC-1,0.260375,0.009975,0.097074,0.127386,0.351072,0.069282,0.010784,0.074051
AACTTGCCCGTATGCA-1,0.107395,0.892261,0.000098,0.000049,0.000049,0.000049,0.000049,0.000049
AACTTGCGTTCTCGCG-1,0.402122,0.010424,0.42693,0.079263,0.07853,0.000111,0.002572,0.000047
AACTTTACGGGAGCTT-1,0.562984,0.008786,0.190936,0.025744,0.148292,0.038125,0.004942,0.020191
AACTTTAGCTGCTGAG-1,0.10876,0.003649,0.068332,0.336986,0.291673,0.084926,0.062746,0.042927
AACTTTCTCGATCATG-1,0.397144,0.138291,0.111661,0.056593,0.296211,0.000034,0.000034,0.000034
AAGAAAGTTTGATGGG-1,0.539919,0.14585,0.115682,0.025133,0.025546,0.101243,0.021897,0.02473
AAGAAATCACCAGATT-1,0.279276,0.467451,0.089906,0.013411,0.149867,0.00003,0.00003,0.00003
AAGAAGGATCAGTTAG-1,0.425782,0.132156,0.064169,0.210859,0.134985,0.007707,0.009316,0.015028
AAGACATACGTGGTTT-1,0.365503,0.00003,0.054926,0.025012,0.199067,0.287873,0.027151,0.040437
AAGACCAAATAACTCA-1,0.071309,0.004396,0.046051,0.22046,0.047922,0.275282,0.078798,0.255782
AAGACCCAACTGAACA-1,0.354926,0.017224,0.057498,0.065544,0.264423,0.125188,0.033079,0.082118
AAGACTAACCCGTTGT-1,0.889153,0.024367,0.022927,0.00023,0.063219,0.000035,0.000035,0.000035
AAGACTCACGCCCACT-1,0.432656,0.041315,0.0001,0.093619,0.432159,0.00005,0.00005,0.00005
AAGACTGCAAGCTACT-1,0.040322,0.036142,0.206191,0.34288,0.06515,0.178791,0.035086,0.095438
AAGAGATGAATCGGTA-1,0.506806,0.232151,0.055264,0.032769,0.038011,0.067245,0.044793,0.02296
AAGAGCTCTTTATCGG-1,0.669754,0.192599,0.065506,0.00279,0.017071,0.019344,0.01073,0.022206
AAGAGGATGTACGCGA-1,0.578804,0.187773,0.046535,0.00131,0.071318,0.044511,0.015204,0.054545
AAGAGGCATGGATCGC-1,0.024156,0.078655,0.108356,0.235409,0.152388,0.152539,0.087569,0.160929
AAGAGGCCCTTTGGAA-1,0.362021,0.102287,0.027386,0.007752,0.03197,0.406281,0.02175,0.040552
AAGATGGCACCGGACC-1,0.297585,0.023113,0.088683,0.047745,0.107618,0.313,0.061424,0.060833
AAGATTGGCGGAACGT-1,0.580061,0.03296,0.175431,0.055161,0.144915,0.001736,0.009656,0.000081
AAGCACCCTGCGTATC-1,0.513205,0.14971,0.144523,0.033019,0.008622,0.036153,0.087003,0.027766
AAGCATACTCTCCTGA-1,0.625231,0.068439,0.141649,0.005262,0.014681,0.022316,0.095497,0.026925
AAGCCACTTGCAGGTA-1,0.229203,0.025296,0.062384,0.034613,0.044539,0.131425,0.211191,0.261352
AAGCCGAAGCGGTTTA-1,0.098126,0.05584,0.062082,0.022565,0.041997,0.390801,0.231475,0.097115
AAGCCGCCGTGAAATC-1,0.170933,0.037354,0.035638,0.086428,0.164074,0.338266,0.023012,0.144296
AAGCCGCTTTACCTTG-1,0.220557,0.016891,0.364517,0.188054,0.142435,0.004284,0.033405,0.029857
AAGCCGGAGAGCAGGA-1,0.896252,0.000034,0.000068,0.000034,0.054981,0.048563,0.000034,0.000034
AAGCGCAGGGCTTTGA-1,0.635766,0.023266,0.059451,0.002356,0.004287,0.032245,0.223098,0.019532
AAGCGGAGTGCGCGCA-1,0.041467,0.009179,0.484096,0.221543,0.1188,0.032996,0.039394,0.052524
AAGCGGCGTCATGGGT-1,0.118795,0.046204,0.326672,0.259691,0.192641,0.009357,0.036796,0.009845
AAGCGTCCCTCATCGA-1,0.107983,0.889083,0.001752,0.000029,0.000029,0.001065,0.000029,0.000029
AAGCTAGATCGAGTAA-1,0.160893,0.026601,0.316429,0.061694,0.021659,0.075174,0.177967,0.159584
AAGCTATGGATTGACC-1,0.042771,0.089616,0.068326,0.013235,0.004943,0.188441,0.304485,0.288185
AAGCTCGTGCCAAGTC-1,0.169461,0.040456,0.048022,0.097311,0.06702,0.195967,0.027069,0.354694
AAGCTCTTTCATGGTG-1,0.530575,0.008289,0.06202,0.052075,0.088964,0.138423,0.063344,0.056309
AAGGAGAACTTATAAG-1,0.431256,0.004315,0.006962,0.038879,0.474852,0.019493,0.018323,0.00592
AAGGAGCGGTTGGTGC-1,0.417807,0.022365,0.138464,0.065934,0.134353,0.012954,0.162568,0.045554
AAGGATCGATCGCTTG-1,0.113093,0.007107,0.208779,0.147942,0.164599,0.246422,0.077881,0.034176
AAGGATGAGGGACCTC-1,0.034992,0.230782,0.128938,0.137511,0.088384,0.089228,0.040149,0.250017
AAGGCAGGCTGTCTCC-1,0.612669,0.128963,0.075506,0.000482,0.050798,0.067033,0.058676,0.005872
AAGGCGCGTAAAGCTT-1,0.333123,0.327482,0.223492,0.011578,0.103289,0.00003,0.000976,0.00003
AAGGCTGTGCTCATCG-1,0.197101,0.157505,0.334868,0.120148,0.107086,0.028972,0.021534,0.032785
AAGGGAACGACTGGCT-1,0.328788,0.024529,0.071999,0.115454,0.23717,0.151789,0.0128,0.057471
AAGGGACAGATTCTGT-1,0.000027,0.01594,0.979985,0.000014,0.000024,0.000013,0.000013,0.003984
AAGGGACTATGCATTC-1,0.002133,0.003584,0.059698,0.267333,0.050771,0.31436,0.036551,0.265569
AAGGGTTAGCCATGCG-1,0.784518,0.016208,0.000283,0.00005,0.072294,0.11419,0.007825,0.004631
AAGGGTTTGATTTCAG-1,0.483508,0.263871,0.15808,0.000034,0.000156,0.017225,0.053991,0.023134
AAGGTATCCTAATATA-1,0.022293,0.669066,0.224326,0.029342,0.023904,0.001006,0.007154,0.022908
AAGGTGATAAACCAGC-1,0.371913,0.144847,0.34605,0.014063,0.035605,0.0163,0.015444,0.055778
AAGTAAGCTTCCAAAC-1,0.312933,0.035685,0.089177,0.145164,0.338516,0.031871,0.028751,0.017902
AAGTAGAAGACCGGGT-1,0.388439,0.018066,0.188501,0.081042,0.190381,0.012923,0.016446,0.104202
AAGTAGTGACGCGAGG-1,0.177154,0.049686,0.594514,0.018788,0.023194,0.000524,0.068047,0.068093
AAGTCAATTGTCGTCA-1,0.740568,0.000047,0.002816,0.004205,0.192573,0.059694,0.000049,0.000047
AAGTCTAGTAGCTGCC-1,0.163411,0.043865,0.429039,0.191153,0.09634,0.017484,0.023956,0.034751
AAGTCTTCTGTGGCCT-1,0.340644,0.047788,0.07479,0.236214,0.058847,0.045373,0.119742,0.076601
AAGTGACGACCGAATT-1,0.495003,0.042213,0.104658,0.076622,0.127396,0.017258,0.056433,0.080417
AAGTGAGTCGGGTTTA-1,0.098722,0.014092,0.076029,0.085562,0.070144,0.290601,0.033714,0.331135
AAGTGCAAAGGTAGAC-1,0.897157,0.050263,0.037639,0.000039,0.014784,0.000039,0.00004,0.000039
AAGTGCCTTGACTGTA-1,0.808892,0.046766,0.050113,0.000033,0.012995,0.031254,0.039621,0.010326
AAGTGCGTTAGAATCT-1,0.556708,0.005149,0.037371,0.016525,0.047986,0.134368,0.152115,0.049777
AAGTGCTTCTCTATTG-1,0.377872,0.044694,0.008177,0.07943,0.305598,0.167252,0.00332,0.013658
AAGTGTTTGGAGACGG-1,0.252674,0.03053,0.341624,0.002404,0.000699,0.016275,0.184554,0.17124
AAGTTCACTCCAAGCT-1,0.122371,0.00916,0.056865,0.116215,0.149191,0.279207,0.137679,0.129312
AAGTTCAGTCTGCGTA-1,0.431414,0.018784,0.096054,0.140507,0.222287,0.011152,0.06885,0.010951
AAGTTCGGCCAACAGG-1,0.524806,0.04835,0.002561,0.0613,0.328887,0.031445,0.000045,0.002607
AAGTTGTGATGTTATA-1,0.385227,0.002696,0.058469,0.011258,0.02348,0.264188,0.207314,0.047368
AAGTTTACTAATGGCA-1,0.323394,0.105844,0.038165,0.061268,0.358329,0.091317,0.005416,0.016267
AAGTTTATGGGCCCAA-1,0.675874,0.128308,0.024131,0.002183,0.00199,0.029018,0.100638,0.037857
AATAACAACGCTCGGC-1,0.74326,0.009016,0.139213,0.039295,0.024934,0.01015,0.010067,0.024065
AATAACACTAGAACAA-1,0.259057,0.299168,0.264529,0.044677,0.087897,0.015814,0.004457,0.024399
AATAACGTCGCGCCCA-1,0.838771,0.059559,0.000152,0.000076,0.000076,0.060572,0.040718,0.000076
AATAAGTCCTCGAGAC-1,0.419638,0.1213,0.191942,0.084712,0.153541,0.016856,0.007573,0.004438
AATAATCTTCGTATCG-1,0.683398,0.006815,0.030189,0.00748,0.113322,0.132018,0.010441,0.016337
AATACAATGTTTCAGG-1,0.470313,0.00761,0.001961,0.019983,0.491256,0.004054,0.004782,0.000042
AATACCGGAGGGCTGT-1,0.458513,0.00839,0.098041,0.030846,0.029722,0.213781,0.030618,0.130089
AATACCTGATGTGAAC-1,0.566498,0.006263,0.018816,0.00431,0.006321,0.253473,0.091046,0.053273
AATAGAACAGAGTGGC-1,0.482751,0.038745,0.090485,0.037453,0.038806,0.088416,0.042544,0.180801
AATAGAATCTGTTTCA-1,0.164508,0.000748,0.369055,0.121501,0.096645,0.159963,0.042261,0.04532
AATAGCAAGCCTCCTG-1,0.096,0.000044,0.13492,0.064232,0.672119,0.020855,0.006768,0.005062
AATAGCTACCGCGTGC-1,0.287309,0.031261,0.046858,0.095646,0.531239,0.007605,0.000041,0.000041
AATAGGCACGACCCTT-1,0.183808,0.168331,0.398332,0.005678,0.009653,0.063226,0.106783,0.064188
AATAGTCCGTCCCGAC-1,0.122683,0.027226,0.078506,0.172643,0.067433,0.184368,0.040283,0.306858
AATAGTCGCGAGTCGG-1,0.363836,0.015969,0.038239,0.077372,0.422118,0.01535,0.067068,0.000048
AATATCAAGGTCGGAT-1,0.063058,0.041863,0.24734,0.240704,0.33868,0.018052,0.02627,0.024032
AATATCCTAGCAAACT-1,0.358725,0.070649,0.150368,0.06542,0.048124,0.13651,0.084824,0.08538
AATATCGAATCAATGC-1,0.398194,0.002936,0.031318,0.021506,0.18762,0.276968,0.019962,0.061497
AATATCGAGGGTTCTC-1,0.329499,0.054163,0.274065,0.144139,0.11516,0.026327,0.008679,0.047968
AATATTGGAGTATTGA-1,0.360388,0.014675,0.090181,0.074122,0.018017,0.128251,0.120576,0.19379
AATCAGACTGCAGGAC-1,0.354296,0.040383,0.263455,0.050351,0.178641,0.000671,0.109937,0.002267
AATCAGGTTTCATTTA-1,0.226986,0.061131,0.025914,0.045993,0.06807,0.416739,0.054738,0.100429
AATCATGTAAAGACTC-1,0.138645,0.021995,0.350987,0.042128,0.068683,0.153974,0.153064,0.070525
AATCCAAGGGCCTGAG-1,0.568472,0.082154,0.053704,0.061844,0.175075,0.002651,0.041435,0.014666
AATCCATGCAAGGGTG-1,0.507866,0.001954,0.009213,0.061104,0.419754,0.000036,0.000036,0.000036
AATCCCGCTCAGAGCC-1,0.591968,0.176992,0.096205,0.00382,0.000641,0.019129,0.10126,0.009985
AATCGAGGTCTCAAGG-1,0.479142,0.086921,0.02816,0.000034,0.000034,0.009508,0.347264,0.048936
AATCGCCTCAGCGCCA-1,0.316857,0.194637,0.111826,0.03932,0.121966,0.118921,0.03619,0.060283
AATCGCGCAGAGGACT-1,0.472967,0.016159,0.047417,0.04336,0.188628,0.145901,0.000657,0.084911
AATCGGGACACTACGA-1,0.447255,0.020925,0.084964,0.081592,0.286615,0.010835,0.043389,0.024423
AATCGGTATAGCCCTC-1,0.096647,0.015538,0.254384,0.014075,0.125396,0.075359,0.359212,0.059388
AATCGTGAGCCGAGCA-1,0.162118,0.008277,0.37117,0.004985,0.00956,0.166812,0.165043,0.112035
AATCTAGGTTTACTTG-1,0.998548,0.001149,0.000087,0.000043,0.000043,0.000043,0.000043,0.000043
AATCTATGCCGGAGCC-1,0.02665,0.016811,0.648329,0.169844,0.016129,0.022537,0.040062,0.059637
AATCTCTACTGTGGTT-1,0.301548,0.013678,0.082469,0.118419,0.090577,0.15652,0.16896,0.067829
AATCTGCGTTGGGACG-1,0.085586,0.020749,0.272988,0.145612,0.161371,0.138129,0.032877,0.142687
AATCTGGCTTTCTAGT-1,0.00268,0.005012,0.183372,0.159313,0.045211,0.325302,0.035309,0.2438
AATCTGGGTAGACCCT-1,0.129492,0.265598,0.200201,0.088682,0.253151,0.013407,0.024218,0.025251
AATGACAGCAATGTCT-1,0.347493,0.02193,0.00921,0.056723,0.472145,0.064697,0.000225,0.027577
AATGACGTAGGATGTC-1,0.48814,0.031384,0.095964,0.028868,0.025803,0.093961,0.143119,0.092762
AATGACTGTCAGCCGG-1,0.491734,0.018614,0.051136,0.088468,0.267112,0.035638,0.025289,0.02201
AATGAGTTCGCATATG-1,0.746618,0.042623,0.022345,0.052022,0.049433,0.033724,0.05307,0.000164
AATGATGATACGCTAT-1,0.608487,0.060803,0.080454,0.042345,0.200472,0.005068,0.002333,0.000038
AATGATGCGACTCCTG-1,0.113161,0.343174,0.203014,0.078431,0.078652,0.070533,0.072258,0.040777
AATGCAACCGGGTACC-1,0.052072,0.017099,0.487436,0.125721,0.06197,0.031424,0.079711,0.144567
AATGCACCAAGCAATG-1,0.213982,0.020373,0.067289,0.177552,0.190762,0.116229,0.03082,0.182993
AATGGCCGCCAATGCG-1,0.585577,0.000046,0.011331,0.041853,0.361057,0.000046,0.000046,0.000046
AATGGTCCACCGTTCA-1,0.028472,0.045273,0.123712,0.298468,0.091721,0.248703,0.007148,0.156503
AATGGTTCTCACAAGC-1,0.074854,0.022785,0.076121,0.501138,0.187947,0.089292,0.016958,0.030903
AATGTATGGCACTGTA-1,0.028555,0.013758,0.053534,0.099063,0.045072,0.148707,0.096125,0.515186
AATGTGCCCGAGGTGT-1,0.341701,0.024284,0.066038,0.16764,0.21733,0.109496,0.038355,0.035156
AATGTGCTAATCTGAG-1,0.407935,0.000033,0.039542,0.028159,0.305071,0.159664,0.000036,0.05956
AATGTTAAGACCCTGA-1,0.992217,0.007446,0.000096,0.000048,0.000048,0.000048,0.000048,0.000048
AATGTTGTCGTGAGAC-1,0.131799,0.00223,0.125901,0.057573,0.067549,0.459532,0.057745,0.097672
AATTAAAGGTCGGCGT-1,0.399823,0.095328,0.139543,0.083243,0.126404,0.025032,0.05287,0.077757
AATTAACGGATTTCCA-1,0.43102,0.032943,0.101148,0.065935,0.095451,0.115493,0.138163,0.019847
AATTACGAGACCCATC-1,0.385963,0.036523,0.03092,0.238846,0.106564,0.126146,0.020097,0.054942
AATTACTCGTACGCTC-1,0.584848,0.011315,0.188499,0.013382,0.000029,0.000418,0.164949,0.036559
AATTAGCGCTGCAGCG-1,0.459059,0.038174,0.221119,0.024503,0.010866,0.008151,0.188929,0.0492
AATTATACCCAGCAAG-1,0.7516,0.036991,0.00008,0.009875,0.066266,0.111283,0.005042,0.018863
AATTCATAAGGGATCT-1,0.308894,0.02422,0.171218,0.107646,0.300592,0.015486,0.050448,0.021496
AATTCATTGTCATGCA-1,0.158963,0.116099,0.225334,0.127205,0.093869,0.136714,0.017906,0.123909
AATTCCAACTTGGTGA-1,0.863061,0.023796,0.112849,0.000059,0.000059,0.000059,0.000059,0.000059
AATTCCAAGCATGTAC-1,0.130884,0.021686,0.220276,0.171794,0.057789,0.148739,0.087403,0.161429
AATTCGATTCGAGGAT-1,0.279092,0.018657,0.077353,0.046609,0.065221,0.116945,0.310811,0.085311
AATTCTAGAGTTAGGC-1,0.106973,0.033465,0.244659,0.080455,0.162662,0.183757,0.054076,0.133952
AATTGAACGCTCTGGT-1,0.12901,0.023695,0.09474,0.138244,0.257692,0.22842,0.07962,0.048579
AATTGCAGCAATCGAC-1,0.484429,0.001773,0.008411,0.020465,0.109691,0.319299,0.035941,0.01999
AATTGCGTGGATTACA-1,0.18581,0.003066,0.064429,0.111164,0.048437,0.376986,0.041906,0.168202
AATTGTGGTTGCCAAA-1,0.750967,0.001682,0.009655,0.000068,0.024052,0.196182,0.012119,0.005275
AATTTGGGACATAGTA-1,0.05713,0.016499,0.491208,0.220013,0.142394,0.009897,0.033936,0.028924
AATTTGGTTCCAAAGA-1,0.490584,0.083424,0.123237,0.072452,0.167048,0.009264,0.039155,0.014836
ACAAACCATGCGTCCT-1,0.534625,0.016106,0.017984,0.047722,0.236922,0.103609,0.009065,0.033966
ACAAACCGACAAGGCG-1,0.315459,0.003085,0.050564,0.164826,0.249812,0.109561,0.07915,0.027543
ACAAACTCCATCAGAG-1,0.10102,0.167703,0.067365,0.016677,0.002028,0.173091,0.183683,0.288434
ACAAAGAAGGTAGGCC-1,0.005331,0.0016,0.020977,0.063953,0.039292,0.277107,0.039567,0.552172
ACAAAGCATGACCTAG-1,0.400498,0.010786,0.033005,0.012918,0.066653,0.35743,0.062687,0.056023
ACAAATCGCACCGAAT-1,0.222121,0.018086,0.155739,0.110354,0.103057,0.108082,0.209367,0.073194
ACAAATGGTAGTGTTT-1,0.023592,0.011191,0.19139,0.203599,0.060482,0.212969,0.082595,0.214181
ACAAATTCAGATCTGA-1,0.323075,0.036234,0.086167,0.083784,0.423961,0.020951,0.01441,0.011419
ACAACAGCATGAGCTA-1,0.605559,0.075106,0.168099,0.008953,0.004265,0.018123,0.092586,0.02731
ACAACGGTCCCTGCGA-1,0.54205,0.011751,0.030255,0.084527,0.200119,0.018011,0.044098,0.06919
ACAAGCAGTGCCTAGC-1,0.14684,0.101978,0.112974,0.138635,0.051322,0.050926,0.303734,0.093591
ACAAGCTATATGGAAG-1,0.318097,0.053385,0.092071,0.0485,0.110441,0.080111,0.180846,0.116549
ACAAGGAAATCCGCCC-1,0.186319,0.008266,0.092326,0.110494,0.078413,0.187138,0.123652,0.213391
ACAAGGACAAGAGGTT-1,0.414595,0.109051,0.076581,0.164014,0.049064,0.078801,0.074923,0.032971
ACAAGGATGCTTTAGG-1,0.434301,0.03125,0.031208,0.004177,0.005328,0.24005,0.159151,0.094535
ACAAGGCCTACCAGCC-1,0.139776,0.013904,0.150171,0.183488,0.430749,0.029725,0.021675,0.030512
ACAAGGGCAGGCTCTG-1,0.283158,0.054621,0.171126,0.120613,0.046748,0.146585,0.071794,0.105357
ACAAGTAATTGTAAGG-1,0.213149,0.074195,0.138877,0.022291,0.002096,0.181135,0.228339,0.139917
ACAATAGTCGTACGTT-1,0.935222,0.000042,0.020099,0.000042,0.044338,0.000057,0.000145,0.000055
ACAATCCATTTAAACC-1,0.192434,0.009482,0.070713,0.149605,0.340184,0.142552,0.032001,0.063028
ACAATCGATCTTTATA-1,0.460573,0.011708,0.069077,0.056278,0.112317,0.12132,0.05067,0.118057
ACAATGAATACGGAGA-1,0.01928,0.007488,0.058818,0.093503,0.08729,0.090694,0.030021,0.612906
ACAATGATTCTTCTAC-1,0.290283,0.01208,0.111947,0.114677,0.448189,0.005555,0.010299,0.00697
ACAATTGTGTCTCTTT-1,0.691452,0.014418,0.053786,0.002765,0.006796,0.147872,0.050861,0.032051
ACAATTTAGGAGGCTC-1,0.279552,0.002112,0.109366,0.084394,0.358721,0.086618,0.005332,0.073905
ACAATTTGAGCAGTGG-1,0.280035,0.019159,0.285008,0.044852,0.018076,0.075275,0.184384,0.093211
ACAATTTGGCCATATT-1,0.4554,0.001759,0.065852,0.045317,0.109706,0.224056,0.038903,0.059009
ACACAAAGACGGGTGG-1,0.098945,0.04041,0.082531,0.277306,0.270506,0.057419,0.049018,0.123865
ACACAAATATTCCTAG-1,0.254676,0.034718,0.348382,0.147496,0.103843,0.024181,0.053365,0.033339
ACACACCAGGACCAGT-1,0.651996,0.012048,0.019459,0.073245,0.124463,0.074504,0.023751,0.020534
ACACACTTTCTACACG-1,0.728554,0.016475,0.070662,0.014426,0.169308,0.000037,0.000502,0.000037
ACACATGATCAAATCT-1,0.505774,0.005235,0.004235,0.039625,0.339575,0.082659,0.007382,0.015515
ACACATTGACGCAACA-1,0.982309,0.017292,0.000114,0.000057,0.000057,0.000057,0.000057,0.000057
ACACATTTCCGTAGAC-1,0.914136,0.085517,0.000099,0.00005,0.00005,0.00005,0.00005,0.00005
ACACCACATAATTAGC-1,0.659423,0.000029,0.004027,0.005721,0.283125,0.038041,0.006253,0.003381
ACACCCAGCATGCAGC-1,0.344576,0.193677,0.155552,0.058876,0.226209,0.007274,0.001543,0.012293
ACACCCGAGAAATCCG-1,0.718884,0.014523,0.032263,0.056077,0.149029,0.006753,0.01889,0.003579
ACACCCGTAAATCTGT-1,0.488801,0.03974,0.093651,0.12871,0.196037,0.00367,0.043452,0.005939
ACACCGAGCGCTCTTT-1,0.637056,0.045771,0.0001,0.018028,0.287987,0.010958,0.00005,0.00005
ACACCGGTCTGACCGC-1,0.778286,0.014491,0.000068,0.000642,0.178686,0.023922,0.000034,0.00387
ACACCTTAAGTAGGGC-1,0.679854,0.240576,0.064844,0.000058,0.014494,0.000058,0.000058,0.000058
ACACCTTACTACTTGC-1,0.532388,0.008444,0.070264,0.051159,0.200761,0.086697,0.029725,0.02056
ACACGAGACTCCTTCT-1,0.185075,0.044158,0.425762,0.129806,0.068093,0.04163,0.034825,0.070652
ACACGGCACTATGCAT-1,0.565647,0.017263,0.019842,0.019962,0.373675,0.003539,0.000036,0.000036
ACACGGGAACTTAGGG-1,0.051041,0.011923,0.184517,0.396658,0.056939,0.12424,0.057282,0.1174
ACACGTAGGCCACAAG-1,0.043456,0.015621,0.03381,0.054668,0.280639,0.45866,0.036721,0.076425
ACACTCCAATGTCACT-1,0.174802,0.011337,0.050147,0.132377,0.431321,0.08241,0.110415,0.007191
ACACTGATCAAGGTGT-1,0.184446,0.013233,0.136673,0.114468,0.144111,0.114535,0.024208,0.268326
ACACTGGGACAGTCGT-1,0.170157,0.002845,0.128091,0.037503,0.084397,0.437822,0.034138,0.105048
ACAGAACTGAGAACAA-1,0.278448,0.126566,0.112996,0.068882,0.058996,0.211996,0.09651,0.045607
ACAGATTAGGTTAGTG-1,0.353105,0.07749,0.068539,0.112603,0.374971,0.009922,0.00158,0.001788
ACAGCATAGAGCCAGT-1,0.166956,0.028626,0.213555,0.26089,0.270552,0.025979,0.02453,0.008912
ACAGCGACATTCTCAT-1,0.108291,0.006085,0.064195,0.064587,0.081363,0.465289,0.1328,0.07739
ACAGCGCACCCGCAGC-1,0.49331,0.000047,0.009892,0.127901,0.368708,0.000047,0.000047,0.000047
ACAGGAGGCGCAGCCG-1,0.50878,0.050449,0.292108,0.040335,0.013833,0.000034,0.085136,0.009324
ACAGGCACGGATCCTT-1,0.125413,0.020832,0.212495,0.01308,0.006459,0.181376,0.155315,0.28503
ACAGGCTTGCCCGACT-1,0.000019,0.00001,0.999681,0.00001,0.00001,0.00001,0.00001,0.000251
ACAGGTGGAGGTGAGG-1,0.644902,0.007067,0.131433,0.09687,0.030216,0.025959,0.03886,0.024692
ACAGGTGTGTTGTTGC-1,0.321986,0.054011,0.181701,0.024105,0.005939,0.070188,0.144195,0.197876
ACAGTAATACAACTTG-1,0.55875,0.010654,0.05003,0.05744,0.186701,0.078228,0.026643,0.031554
ACAGTATACCGTGGGA-1,0.598973,0.069608,0.031015,0.08509,0.204876,0.000034,0.01037,0.000034
ACAGTGCAGCGCATTT-1,0.509823,0.030998,0.064802,0.171728,0.221358,0.000057,0.001177,0.000057
ACATAAGTCGTGGTGA-1,0.055797,0.037061,0.116255,0.237296,0.114392,0.128713,0.092877,0.21761
ACATAATAAGGCGGTG-1,0.257443,0.040125,0.088532,0.214742,0.210622,0.047183,0.007876,0.133476
ACATACAATCAAGCGG-1,0.34177,0.029275,0.057561,0.003819,0.01294,0.346544,0.179402,0.028689
ACATCAGCTGGGACGC-1,0.194455,0.006487,0.200524,0.06928,0.196823,0.151799,0.061128,0.119504
ACATCCCGGCCATACG-1,0.043161,0.033509,0.16497,0.086721,0.03957,0.153793,0.246461,0.231815
ACATCCTGGTAACTGT-1,0.226401,0.074148,0.09366,0.189798,0.036439,0.092659,0.170245,0.116651
ACATCGATCGTTTACC-1,0.01195,0.005533,0.090408,0.166684,0.010149,0.115135,0.034671,0.565469
ACATCGCAATATTCGG-1,0.036559,0.088318,0.101285,0.004465,0.000207,0.144578,0.359809,0.264779
ACATCGGTCAGCCGCG-1,0.360669,0.001688,0.105747,0.107299,0.116038,0.120044,0.108793,0.079722
ACATCGTATGCAATGG-1,0.181558,0.003836,0.042613,0.171002,0.126863,0.286512,0.063968,0.123649
ACATCGTTAACCTAGT-1,0.376755,0.039306,0.12067,0.207297,0.167339,0.008643,0.072565,0.007426
ACATCTCAACGCGTAA-1,0.139236,0.013171,0.132859,0.173951,0.25065,0.174558,0.104239,0.011336
ACATGCTTACGGCAGC-1,0.520434,0.172632,0.046565,0.005829,0.023655,0.131336,0.072612,0.026937
ACATGGCGCCAAAGTA-1,0.220718,0.114988,0.233221,0.05644,0.115728,0.091527,0.067931,0.099447
ACATGGCTCAATTTAG-1,0.01135,0.003131,0.527836,0.159288,0.074106,0.019634,0.191015,0.01364
ACATTAGTTTATATCC-1,0.589314,0.008116,0.208792,0.023607,0.071237,0.019465,0.060081,0.019388
ACATTCGCGCGGAATA-1,0.685069,0.009879,0.000114,0.006704,0.126623,0.104882,0.046445,0.020284
ACATTTGAAACCTAAC-1,0.08047,0.015319,0.337782,0.018853,0.060389,0.230782,0.189415,0.06699
ACCAAACACCCAGCGA-1,0.227887,0.068554,0.32651,0.167656,0.156647,0.008418,0.032114,0.012212
ACCAAACTAGAAATCC-1,0.24182,0.027091,0.070046,0.133035,0.238032,0.133759,0.044018,0.112199
ACCAACACCACACACT-1,0.25199,0.027073,0.111616,0.236255,0.311888,0.035061,0.025048,0.00107
ACCAACCGCACTCCAC-1,0.431808,0.00334,0.017404,0.031886,0.064524,0.388062,0.013736,0.049239
ACCAACGCTTATTTAT-1,0.127018,0.014571,0.053696,0.049218,0.26041,0.158991,0.024941,0.311156
ACCAAGAACGCGTGTC-1,0.436354,0.027535,0.131169,0.100466,0.248582,0.002425,0.049208,0.004262
ACCAAGTCATCGGCAG-1,0.999519,0.00006,0.00012,0.00006,0.00006,0.00006,0.00006,0.00006
ACCAATATGCAAGTTA-1,0.892819,0.021751,0.052009,0.000031,0.00013,0.01723,0.007698,0.008331
ACCACAACTCAGAACA-1,0.150807,0.016694,0.093337,0.22379,0.396532,0.03422,0.067889,0.016731
ACCACAAGTTTCTATC-1,0.119819,0.036373,0.096529,0.227343,0.066054,0.181312,0.018216,0.254353
ACCACACGGTTGATGG-1,0.997118,0.002573,0.000088,0.000044,0.000044,0.000044,0.000044,0.000044
ACCACCAATGTAACAA-1,0.451896,0.015223,0.101555,0.087471,0.214449,0.04947,0.027035,0.052902
ACCACCCTCTCTTCTA-1,0.203469,0.035075,0.157613,0.358621,0.164987,0.040601,0.012962,0.026671
ACCACGTGCAGCTATA-1,0.162093,0.011609,0.068955,0.135983,0.050886,0.25821,0.185665,0.126599
ACCACTGTTCAAGAAG-1,0.253151,0.02786,0.716181,0.000017,0.000017,0.000017,0.000298,0.00246
ACCAGACCATAACAAC-1,0.444113,0.090308,0.05012,0.124069,0.07047,0.074324,0.041246,0.10535
ACCAGCCCGGTCTTTG-1,0.231719,0.014773,0.141924,0.073922,0.296759,0.129322,0.029509,0.082073
ACCAGGAGTGTGATCT-1,0.169403,0.000025,0.010725,0.212116,0.540501,0.060261,0.004024,0.002944
ACCAGTGCCCGGTCAA-1,0.011008,0.004352,0.409589,0.301088,0.13276,0.015217,0.112014,0.013972
ACCAGTGCGGGAGACG-1,0.329734,0.01147,0.099705,0.023273,0.035127,0.12373,0.200254,0.176707
ACCATATCCGCAATAA-1,0.401777,0.044393,0.128476,0.059467,0.213296,0.058562,0.044366,0.049663
ACCATCCGCCAACTAG-1,0.224185,0.746397,0.000046,0.002616,0.006147,0.012891,0.001633,0.006084
ACCATCGTATATGGTA-1,0.023446,0.001768,0.078373,0.430473,0.106585,0.250086,0.064194,0.045075
ACCATTAAGGGTGTCA-1,0.700993,0.05279,0.116976,0.01774,0.053907,0.00057,0.056988,0.000036
ACCCAACGCCCGTGGC-1,0.040436,0.031354,0.159853,0.278903,0.042969,0.184711,0.148136,0.113639
ACCCACCTACATGCTC-1,0.718857,0.009163,0.097495,0.05935,0.048273,0.005729,0.006414,0.05472
ACCCATCTTGAGGGTA-1,0.773238,0.000217,0.1098,0.014355,0.054162,0.019799,0.015875,0.012553
ACCCATTTGTCCCTCT-1,0.263707,0.016741,0.007998,0.0533,0.088063,0.48458,0.039955,0.045657
ACCCGAGCGAAATTAC-1,0.003359,0.000557,0.055108,0.23389,0.053232,0.354,0.036629,0.263225
ACCCGATTGGTTCCGA-1,0.268353,0.123876,0.029392,0.028196,0.037997,0.249495,0.070939,0.191753
ACCCGGAAACTCCCAG-1,0.005797,0.708328,0.209877,0.02084,0.025567,0.005049,0.013756,0.010786
ACCCGGAGCACCACAA-1,0.176276,0.012768,0.269283,0.020914,0.058708,0.279607,0.117897,0.064547
ACCCGGATGACGCATC-1,0.283758,0.096094,0.108588,0.139149,0.126792,0.156329,0.03668,0.05261
ACCCGGTTACACTTCC-1,0.116566,0.033129,0.252085,0.096901,0.128065,0.069792,0.016008,0.287456
ACCCGTAGCAGAGAAT-1,0.73627,0.030047,0.021303,0.000056,0.084594,0.084594,0.017039,0.026097
ACCCGTAGTCTAGTTG-1,0.3206,0.006217,0.05648,0.004594,0.002315,0.227337,0.254725,0.127733
ACCCGTGTCATCAGTA-1,0.542665,0.000196,0.006213,0.06447,0.101745,0.242034,0.009369,0.033307
ACCCTATAGGACTGAG-1,0.952776,0.000059,0.000118,0.000059,0.04681,0.000059,0.000059,0.000059
ACCCTATGCCATATCG-1,0.414759,0.003401,0.006111,0.086463,0.407046,0.040176,0.005576,0.036467
ACCCTCCCGTCAGGGC-1,0.632237,0.031441,0.000075,0.005202,0.149992,0.165355,0.006389,0.00931
ACCCTCCCTTGCTATT-1,0.045794,0.014847,0.176582,0.110046,0.039999,0.237703,0.150884,0.224145
ACCCTGGTAACGCCCT-1,0.321628,0.04166,0.149757,0.079164,0.193858,0.039565,0.013737,0.160631
ACCCTTCATCTGCGAA-1,0.583646,0.024051,0.098852,0.065358,0.192371,0.00458,0.024342,0.006799
ACCCTTGCCTGGGTCG-1,0.31261,0.021971,0.298373,0.180006,0.111939,0.009712,0.044398,0.020992
ACCCTTTAGTTCTCCA-1,0.051627,0.018167,0.083862,0.287628,0.263808,0.220443,0.050515,0.023949
ACCGAAAGGGCCCTGC-1,0.561569,0.055909,0.216106,0.014765,0.141192,0.000521,0.007793,0.002145
ACCGAAGAGTCTGGTT-1,0.638703,0.003202,0.000083,0.027677,0.278277,0.048513,0.000041,0.003504
ACCGACACATCTCCCA-1,0.091253,0.017237,0.053359,0.100571,0.114709,0.371901,0.043366,0.207604
ACCGACTGAGTCCCAC-1,0.1288,0.064975,0.295508,0.198374,0.18495,0.050478,0.059796,0.01712
ACCGAGTCTCCTTATT-1,0.655611,0.011851,0.000103,0.017342,0.237496,0.077402,0.000051,0.000144
ACCGATAGGCATAACC-1,0.564696,0.00003,0.006408,0.012343,0.211747,0.185818,0.014327,0.00463
ACCGATATTTAATCAT-1,0.322815,0.019372,0.163458,0.012271,0.07305,0.165621,0.215584,0.027831
ACCGATGGTAGCATCG-1,0.395494,0.004335,0.304527,0.061341,0.027205,0.126211,0.05548,0.025408
ACCGCAATAACTGCCT-1,0.146965,0.011195,0.388717,0.057537,0.011996,0.154173,0.109113,0.120303
ACCGCGGTGGAAGTCG-1,0.251701,0.042927,0.191527,0.042104,0.122824,0.211025,0.100687,0.037205
ACCGCTAGTCATTGGT-1,0.462836,0.038248,0.105264,0.018512,0.051497,0.194579,0.104155,0.024908
ACCGGGCCTTTGTTGA-1,0.852345,0.008312,0.030175,0.018795,0.060699,0.020538,0.009088,0.000047
ACCGGTCAGGTACACC-1,0.036478,0.00904,0.059863,0.232325,0.157667,0.250922,0.012853,0.240853
ACCGGTCTGAGTACGG-1,0.294277,0.204771,0.066004,0.116644,0.273712,0.001236,0.043314,0.000043
ACCGTCCACTGGGCCC-1,0.28461,0.062631,0.096768,0.07867,0.187376,0.239509,0.042508,0.007928
ACCGTGACCACGTGGG-1,0.132675,0.005004,0.031555,0.077769,0.25099,0.385499,0.029207,0.087301
