Barcode,Topic 1,Topic 2,Topic 3,Topic 4to10
AAACAAGTATCTCCCA-1,0.003862,0.008385,0.20317,0.784583
AAACACCAATAACTGC-1,0.013817,0.003918,0.02479,0.957475
AAACAGAGCGACTCCT-1,0.000026,0.110078,0.041341,0.848556
AAACAGCTTTCAGAAG-1,0.000213,0.159313,0.189773,0.650701
AAACAGGGTCTATATT-1,0.000997,0.000012,0.022416,0.976575
AAACAGTGTTCCTGGG-1,0.223358,0.536711,0.174664,0.065267
AAACATGGTGAGAGGA-1,0.030058,0.087429,0.313261,0.569251
AAACATTTCCCGGATT-1,0.000016,0.058067,0.606814,0.335103
AAACCACTACACAGAT-1,0.002791,0.068435,0.005414,0.92336
AAACCCGAACGAAATC-1,0.001537,0.06894,0.135187,0.794336
AAACCGGAAATGTTAA-1,0.032074,0.074618,0.336429,0.556879
AAACCGGGTAGGTACC-1,0.015381,0.000016,0.012674,0.971929
AAACCGTTCGTCCAGG-1,0.000015,0.00636,0.004968,0.988657
AAACCTAAGCAGCCGG-1,0.032948,0.002027,0.356503,0.608522
AAACCTCATGAAGTTG-1,0.000055,0.006483,0.213829,0.779633
AAACGAAGAACATACC-1,0.001702,0.000457,0.014366,0.983475
AAACGAAGATGGAGTA-1,0.004343,0.065988,0.31314,0.616528
AAACGACAGTCTTGCC-1,0.004988,0.466456,0.023682,0.504873
AAACGAGACGGTTGAT-1,0.000023,0.006642,0.342003,0.651332
AAACGCCCGAGATCGG-1,0.011112,0.038011,0.253997,0.69688
AAACGGGCGTACGGGT-1,0.026012,0.0327,0.048684,0.892603
AAACGGTTGCGAACTG-1,0.016695,0.027043,0.531293,0.424969
AAACGTGTTCGCCCTA-1,0.000016,0.10812,0.012374,0.87949
AAACTAACGTGGCGAC-1,0.000465,0.000194,0.000022,0.999319
AAACTCGGTTCGCAAT-1,0.010948,0.012521,0.613977,0.362555
AAACTCGTGATATAAG-1,0.007135,0.257507,0.012197,0.723161
AAACTGCTGGCTCCAA-1,0.002592,0.002908,0.061472,0.933027
AAACTTAATTGCACGC-1,0.005306,0.025667,0.075208,0.893819
AAACTTGCAAACGTAT-1,0.010333,0.027452,0.073963,0.888252
AAAGAATGACCTTAGA-1,0.033042,0.15351,0.423689,0.38976
AAAGAATGTGGACTAA-1,0.910876,0.016452,0.070853,0.001819
AAAGACCCAAGTCGCG-1,0.000022,0.034295,0.004016,0.961667
AAAGACTGGGCGCTTT-1,0.005309,0.007362,0.20778,0.779549
AAAGCTTGCCTACATA-1,0.006706,0.127624,0.048025,0.817645
AAAGGCCCTATAATAC-1,0.008803,0.008198,0.372679,0.61032
AAAGGCTACGGACCAT-1,0.003954,0.002473,0.141787,0.851786
AAAGGCTCTCGCGCCG-1,0.000024,0.067141,0.11264,0.820195
AAAGGGATGTAGCAAG-1,0.016845,0.020423,0.121628,0.841104
AAAGGGCAGCTTGAAT-1,0.003271,0.000014,0.068654,0.928061
AAAGGTAAGCTGTACC-1,0.000024,0.032829,0.004162,0.962986
AAAGTAGCATTGCTCA-1,0.007048,0.000022,0.33208,0.660851
AAAGTCACTGATGTAA-1,0.001332,0.056316,0.186369,0.755983
AAAGTCGACCCTCAGT-1,0.011407,0.002855,0.12596,0.859778
AAAGTGTGATTTATCT-1,0.000829,0.175558,0.041694,0.781919
AAAGTTGACTCCCGTA-1,0.000018,0.054051,0.050367,0.895564
AAATAACCATACGGGA-1,0.000018,0.031668,0.000018,0.968295
AAATAAGGTAGTGCCC-1,0.000842,0.02196,0.027116,0.950082
AAATACCTATAAGCAT-1,0.009556,0.150738,0.192482,0.647224
AAATAGCTTAGACTTT-1,0.000302,0.036325,0.024937,0.938436
AAATAGGGTGCTATTG-1,0.004382,0.081924,0.097736,0.815957
AAATCCGATACACGCC-1,0.025158,0.014783,0.288782,0.671277
AAATCGCGGAAGGAGT-1,0.004835,0.034704,0.115458,0.845003
AAATCGTGTACCACAA-1,0.000029,0.000029,0.08271,0.917232
AAATCTAGCCCTGCTA-1,0.025992,0.096389,0.541168,0.336452
AAATCTGCCCGCGTCC-1,0.000465,0.822798,0.000465,0.176272
AAATGATTCGATCAGC-1,0.000017,0.002103,0.002763,0.995117
AAATGCTCGTTACGTT-1,0.017908,0.211159,0.206202,0.564732
AAATGGCATGTCTTGT-1,0.017409,0.03452,0.087486,0.860585
AAATGGCCCGTGCCCT-1,0.018745,0.041386,0.204738,0.73513
AAATGGTCAATGTGCC-1,0.005172,0.027824,0.152547,0.814457
AAATGTATCTTATCCC-1,0.00002,0.170909,0.062584,0.766487
AAATTAACGGGTAGCT-1,0.000014,0.000014,0.003084,0.996888
AAATTAATAAGCGCGA-1,0.000023,0.033038,0.251872,0.715067
AAATTACACGACTCTG-1,0.000032,0.035645,0.12876,0.835563
AAATTACCTATCGATG-1,0.023625,0.015772,0.024472,0.936132
AAATTCCAGGTCCAAA-1,0.000014,0.099335,0.089763,0.810888
AAATTGATAGTCCTTT-1,0.002873,0.00002,0.431217,0.56589
AAATTGCGGCGGTTCT-1,0.007469,0.064117,0.186249,0.742165
AAATTGGTGAGAAGCA-1,0.000035,0.123507,0.084237,0.792221
AAATTTACCGAAATCC-1,0.000021,0.170718,0.259264,0.569997
AAATTTGCGGGTGTGG-1,0.000019,0.024289,0.032473,0.943219
AACAACTGGTAGTTGC-1,0.000016,0.000016,0.001348,0.99862
AACAATACATTGTCGA-1,0.00846,0.000013,0.260682,0.730845
AACAATTACTCTACGC-1,0.005265,0.03262,0.205853,0.756261
AACACACGCTCGCCGC-1,0.000021,0.16428,0.174809,0.66089
AACACGACTGTACTGA-1,0.006396,0.024917,0.041048,0.927638
AACACGAGACGCGGCC-1,0.014454,0.056143,0.430617,0.498786
AACACGCGGCCGCGAA-1,0.000019,0.39505,0.172215,0.432716
AACAGCTGTGTGGCAA-1,0.001972,0.000012,0.068766,0.929251
AACAGGAAATCGAATA-1,0.011837,0.018145,0.116292,0.853727
AACAGGATGGGCCGCG-1,0.000023,0.055956,0.051446,0.892575
AACAGGTAGTATGGAT-1,0.000012,0.000012,0.024623,0.975353
AACATAGCGTGTATCG-1,0.882518,0.032238,0.010328,0.074916
AACATATCAACTGGTG-1,0.000021,0.075252,0.009482,0.915245
AACATCGATACGTCTA-1,0.007391,0.06339,0.288801,0.640418
AACATTGAAGTTGATC-1,0.000046,0.018098,0.076098,0.905758
AACATTGTGACTCGAG-1,0.003311,0.049915,0.47576,0.471014
AACCAAGACTTCTCTG-1,0.00602,0.06769,0.020927,0.905362
AACCAGTATCACTCTT-1,0.00205,0.10561,0.077415,0.814925
AACCATAGGGTTGAAC-1,0.011805,0.121816,0.572546,0.293833
AACCATGGGATCGCTA-1,0.000022,0.001412,0.033578,0.964989
AACCCAGAGACGGAGA-1,0.003378,0.036947,0.077089,0.882586
AACCCATCCCATGATC-1,0.028605,0.039188,0.037455,0.894751
AACCCGACAACCCGTG-1,0.012591,0.022952,0.321563,0.642894
AACCCGAGCAGAATCG-1,0.009706,0.042388,0.44575,0.502156
AACCCGATAGGGCTTC-1,0.011097,0.079233,0.049552,0.860119
AACCCGCTGTATTCCA-1,0.350452,0.634116,0.007645,0.007787
AACCCTACTGTCAATA-1,0.005621,0.059141,0.151537,0.783701
AACCCTGGTGGAACCA-1,0.000017,0.000017,0.028052,0.971914
AACCGAGCTTGGTCAT-1,0.000019,0.000019,0.000019,0.999942
AACCGCTAAGGGATGC-1,0.02465,0.01012,0.213336,0.751894
AACCGTTGTGTTTGCT-1,0.000036,0.122536,0.154303,0.723125
AACCTCGCTTTAGCCC-1,0.011782,0.014694,0.45965,0.513874
AACCTGTCACGGAATT-1,0.000019,0.029583,0.059731,0.910667
AACCTTTAAATACGGT-1,0.003179,0.012227,0.26991,0.714685
AACCTTTACGACGTCT-1,0.00072,0.03721,0.036193,0.925877
AACGAAAGTCGTCCCA-1,0.013233,0.009958,0.120619,0.85619
AACGACCTCCTAGCCG-1,0.997613,0.002338,0.000006,0.000043
AACGATAATGCCGTAG-1,0.000016,0.000402,0.199243,0.800339
AACGATAGAAGGGCCG-1,0.000026,0.015049,0.061542,0.923383
AACGATATGTCAACTG-1,0.000026,0.079731,0.128528,0.791714
AACGCATGATCTGGGT-1,0.000038,0.140693,0.07014,0.78913
AACGCGAACGGCAACA-1,0.00002,0.162551,0.042473,0.794956
AACGCGACCTTGGGCG-1,0.012602,0.013054,0.022459,0.951885
AACGCGGTCTCCAGCC-1,0.000036,0.028372,0.277293,0.694298
AACGCTGTTGCTGAAA-1,0.002795,0.038356,0.448494,0.510356
AACGGACGTACGTATA-1,0.004409,0.001047,0.083564,0.910979
AACGGCCATCTCCGGT-1,0.005687,0.01024,0.311188,0.672885
AACGTACTGTGGGTAC-1,0.018898,0.001604,0.401364,0.578135
AACGTCAGACTAGTGG-1,0.000025,0.000025,0.002736,0.997215
AACGTCGCTGCACTTC-1,0.879398,0.073512,0.046214,0.000877
AACGTGATGAAGGACA-1,0.000032,0.05843,0.305899,0.635639
AACGTGCGAAAGTCTC-1,0.014668,0.000018,0.02676,0.958554
AACGTTATCAGCACCT-1,0.000026,0.01171,0.395113,0.593152
AACTACCCGTTTGTCA-1,0.000014,0.005139,0.044142,0.950705
AACTAGCGTATCGCAC-1,0.00004,0.00004,0.025283,0.974637
AACTAGGCTTGGGTGT-1,0.022965,0.000027,0.034465,0.942543
AACTCAAGTTAATTGC-1,0.00002,0.011408,0.355951,0.632621
AACTCCAGAGCGTGTT-1,0.009804,0.000039,0.340499,0.649658
AACTCCTAATCCCATG-1,0.000045,0.259165,0.050868,0.689922
AACTCGATAAACACGT-1,0.026972,0.250434,0.086888,0.635707
AACTCGATGGCGCAGT-1,0.000031,0.01996,0.367401,0.612608
AACTCTCAATAGAGCG-1,0.002305,0.055873,0.330912,0.61091
AACTCTCAGTGTGCTC-1,0.001939,0.048622,0.036908,0.912531
AACTGAGGTCAGCGTC-1,0.000043,0.14747,0.186662,0.665825
AACTGATATTAGGCCT-1,0.00002,0.000079,0.032965,0.966935
AACTGGGTCCCGACGT-1,0.000026,0.00144,0.003108,0.995426
AACTGGGTTCGAGCCG-1,0.000055,0.126085,0.245768,0.628091
AACTGGTGTGGGCCTT-1,0.006217,0.164851,0.054585,0.774347
AACTTCTGCGTCTATC-1,0.003601,0.002124,0.218247,0.776028
AACTTGCCCGTATGCA-1,0.000038,0.000038,0.040071,0.959853
AACTTGCGTTCTCGCG-1,0.003444,0.011511,0.017095,0.96795
AACTTTACGGGAGCTT-1,0.012175,0.000025,0.28558,0.702219
AACTTTAGCTGCTGAG-1,0.000034,0.029779,0.016191,0.953996
AACTTTCTCGATCATG-1,0.000028,0.102717,0.230692,0.666562
AAGAAAGTTTGATGGG-1,0.000079,0.999286,0.000079,0.000555
AAGAAATCACCAGATT-1,0.000012,0.083302,0.000012,0.916674
AAGAAGGATCAGTTAG-1,0.000828,0.033322,0.122255,0.843596
AAGACATACGTGGTTT-1,0.791771,0.050568,0.050849,0.106813
AAGACCAAATAACTCA-1,0.003512,0.090199,0.145486,0.760803
AAGACCCAACTGAACA-1,0.004729,0.051638,0.323324,0.620308
AAGACTAACCCGTTGT-1,0.000023,0.09772,0.1663,0.735957
AAGACTGCAAGCTACT-1,0.003834,0.047275,0.045452,0.903439
AAGAGATGAATCGGTA-1,0.009142,0.000022,0.161995,0.828842
AAGAGCTCTTTATCGG-1,0.000031,0.193383,0.015685,0.790901
AAGAGGATGTACGCGA-1,0.009368,0.002566,0.08695,0.901116
AAGAGGCATGGATCGC-1,0.010985,0.05494,0.06575,0.868325
AAGAGGCCCTTTGGAA-1,0.011723,0.04007,0.363098,0.585108
AAGATGGCACCGGACC-1,0.010309,0.000896,0.053475,0.935321
AAGATTGGCGGAACGT-1,0.001276,0.030986,0.070297,0.897441
AAGCACCCTGCGTATC-1,0.003492,0.001434,0.142596,0.852478
AAGCATACTCTCCTGA-1,0.00002,0.009883,0.117688,0.872408
AAGCCACTTGCAGGTA-1,0.068029,0.863669,0.005909,0.062394
AAGCCGAAGCGGTTTA-1,0.008193,0.005792,0.067377,0.918637
AAGCCGCCGTGAAATC-1,0.00975,0.005809,0.241217,0.743225
AAGCCGCTTTACCTTG-1,0.005079,0.218663,0.20452,0.571738
AAGCGCAGGGCTTTGA-1,0.013463,0.00121,0.184232,0.801095
AAGCGGAGTGCGCGCA-1,0.000015,0.189452,0.000015,0.810517
AAGCGGCGTCATGGGT-1,0.013915,0.087667,0.192273,0.706145
AAGCGTCCCTCATCGA-1,0.000169,0.001281,0.028107,0.970443
AAGCTAGATCGAGTAA-1,0.001541,0.068129,0.173165,0.757164
AAGCTCGTGCCAAGTC-1,0.000017,0.03759,0.00418,0.958214
AAGCTCTTTCATGGTG-1,0.008319,0.002653,0.24313,0.745897
AAGGAGAACTTATAAG-1,0.000082,0.093287,0.026298,0.880334
AAGGAGCGGTTGGTGC-1,0.005581,0.030451,0.034255,0.929712
AAGGATCGATCGCTTG-1,0.000024,0.144152,0.020694,0.83513
AAGGATGAGGGACCTC-1,0.000023,0.116183,0.220032,0.663762
AAGGCAGGCTGTCTCC-1,0.000016,0.054452,0.109728,0.835804
AAGGCGCGTAAAGCTT-1,0.000029,0.061261,0.301112,0.637599
AAGGCTGTGCTCATCG-1,0.002151,0.007046,0.068474,0.922329
AAGGGAACGACTGGCT-1,0.001503,0.111576,0.247344,0.639577
AAGGGACAGATTCTGT-1,0.000025,0.025576,0.167382,0.807017
AAGGGACTATGCATTC-1,0.004884,0.067847,0.159902,0.767368
AAGGGTTAGCCATGCG-1,0.938049,0.002083,0.000029,0.059839
AAGGGTTTGATTTCAG-1,0.000022,0.036502,0.084169,0.879308
AAGGTATCCTAATATA-1,0.000024,0.038851,0.044173,0.916952
AAGGTGATAAACCAGC-1,0.000024,0.03522,0.095393,0.869363
AAGTAGAAGACCGGGT-1,0.000038,0.039254,0.205777,0.754931
AAGTAGTGACGCGAGG-1,0.000016,0.000016,0.048148,0.951821
AAGTCAATTGTCGTCA-1,0.000017,0.000017,0.024972,0.974994
AAGTCTAGTAGCTGCC-1,0.000021,0.10665,0.080871,0.812458
AAGTCTTCTGTGGCCT-1,0.00408,0.000483,0.015807,0.97963
AAGTGACGACCGAATT-1,0.005241,0.010717,0.156527,0.827515
AAGTGAGTCGGGTTTA-1,0.0013,0.002057,0.057644,0.938999
AAGTGCAAAGGTAGAC-1,0.00342,0.000015,0.000189,0.996376
AAGTGCCTTGACTGTA-1,0.004226,0.04218,0.181358,0.772236
AAGTGCGTTAGAATCT-1,0.00002,0.075781,0.031894,0.892304
AAGTGCTTCTCTATTG-1,0.007455,0.067449,0.645557,0.279539
AAGTGTTTGGAGACGG-1,0.000025,0.019245,0.316118,0.664611
AAGTTCACTCCAAGCT-1,0.007148,0.001622,0.187382,0.803848
AAGTTCAGTCTGCGTA-1,0.0163,0.07831,0.192355,0.713036
AAGTTCGGCCAACAGG-1,0.000212,0.084372,0.047016,0.868399
AAGTTGTGATGTTATA-1,0.787266,0.028965,0.044645,0.139125
AAGTTTACTAATGGCA-1,0.000034,0.000034,0.019236,0.980696
AAGTTTATGGGCCCAA-1,0.00001,0.059186,0.01718,0.923623
AATAACAACGCTCGGC-1,0.000019,0.010168,0.075528,0.914285
AATAACACTAGAACAA-1,0.009908,0.019623,0.078436,0.892034
AATAACGTCGCGCCCA-1,0.838186,0.030983,0.032061,0.098771
AATAAGTCCTCGAGAC-1,0.000028,0.547772,0.018332,0.433867
AATAATCTTCGTATCG-1,0.005539,0.050341,0.318518,0.625602
AATACAATGTTTCAGG-1,0.008773,0.010373,0.110659,0.870195
AATACCGGAGGGCTGT-1,0.00771,0.007925,0.143344,0.841022
AATACCTGATGTGAAC-1,0.954174,0.008625,0.014257,0.022945
AATAGAACAGAGTGGC-1,0.008357,0.000019,0.265307,0.726318
AATAGAATCTGTTTCA-1,0.00681,0.000054,0.03431,0.958826
AATAGCAAGCCTCCTG-1,0.000044,0.010812,0.206355,0.78279
AATAGCTACCGCGTGC-1,0.001833,0.000175,0.010295,0.987698
AATAGTCCGTCCCGAC-1,0.00163,0.000019,0.26938,0.72897
AATAGTCGCGAGTCGG-1,0.000014,0.002648,0.024002,0.973337
AATATCAAGGTCGGAT-1,0.000035,0.07727,0.1507,0.771995
AATATCCTAGCAAACT-1,0.015497,0.016285,0.09204,0.876178
AATATCGAATCAATGC-1,0.000016,0.03878,0.21337,0.747834
AATATCGAGGGTTCTC-1,0.000036,0.077922,0.147847,0.774195
AATATTGGAGTATTGA-1,0.003895,0.042268,0.199391,0.754445
AATCAGACTGCAGGAC-1,0.000032,0.102665,0.127316,0.769988
AATCAGGTTTCATTTA-1,0.002661,0.014066,0.137122,0.846151
AATCATGTAAAGACTC-1,0.038447,0.031912,0.413423,0.516219
AATCCAAGGGCCTGAG-1,0.013845,0.073223,0.065093,0.847838
AATCCATGCAAGGGTG-1,0.000036,0.228873,0.05754,0.713551
AATCCCGCTCAGAGCC-1,0.26261,0.733091,0.003036,0.001264
AATCGCCTCAGCGCCA-1,0.000031,0.039403,0.330678,0.629888
AATCGCGCAGAGGACT-1,0.00002,0.24813,0.12557,0.62628
AATCGGGACACTACGA-1,0.000022,0.000022,0.000022,0.999933
AATCGGTATAGCCCTC-1,0.982636,0.006045,0.005805,0.005514
AATCGTGAGCCGAGCA-1,0.073765,0.050326,0.277582,0.598326
AATCTAGGTTTACTTG-1,0.000022,0.155427,0.016179,0.828372
AATCTATGCCGGAGCC-1,0.000025,0.041729,0.146243,0.812003
AATCTCTACTGTGGTT-1,0.000022,0.097288,0.06036,0.842331
AATCTGCGTTGGGACG-1,0.000021,0.072272,0.023753,0.903954
AATCTGGCTTTCTAGT-1,0.007289,0.053975,0.700842,0.237894
AATCTGGGTAGACCCT-1,0.000041,0.079147,0.176636,0.744176
AATGACAGCAATGTCT-1,0.000018,0.000018,0.004048,0.995917
AATGACGTAGGATGTC-1,0.031107,0.079657,0.149438,0.739797
AATGACTGTCAGCCGG-1,0.012023,0.062978,0.431241,0.493758
AATGAGTTCGCATATG-1,0.000034,0.139081,0.081621,0.779264
AATGATGATACGCTAT-1,0.005701,0.185781,0.037854,0.770665
AATGATGCGACTCCTG-1,0.000027,0.065467,0.078875,0.855631
AATGCAACCGGGTACC-1,0.0024,0.12648,0.058455,0.812665
AATGCACCAAGCAATG-1,0.003668,0.15568,0.015862,0.824791
AATGGCCGCCAATGCG-1,0.000021,0.098079,0.02763,0.87427
AATGGTCCACCGTTCA-1,0.009555,0.014799,0.112141,0.863505
AATGGTTCTCACAAGC-1,0.005442,0.0308,0.097211,0.866548
AATGTATGGCACTGTA-1,0.015301,0.0027,0.030421,0.951578
AATGTGCCCGAGGTGT-1,0.014146,0.000027,0.139102,0.846726
AATGTGCTAATCTGAG-1,0.000497,0.026858,0.013549,0.959096
AATGTTAAGACCCTGA-1,0.806903,0.17753,0.006647,0.00892
AATGTTGTCGTGAGAC-1,0.661199,0.110603,0.116534,0.111664
AATTAAAGGTCGGCGT-1,0.006979,0.050184,0.22299,0.719847
AATTAACGGATTTCCA-1,0.019513,0.069722,0.277966,0.632799
AATTACGAGACCCATC-1,0.000015,0.023934,0.063679,0.912372
AATTACTCGTACGCTC-1,0.000043,0.006259,0.246191,0.747507
AATTAGCGCTGCAGCG-1,0.000016,0.053095,0.005725,0.941165
AATTATACCCAGCAAG-1,0.948016,0.046982,0.001823,0.003179
AATTCATAAGGGATCT-1,0.000037,0.564227,0.00012,0.435616
AATTCATTGTCATGCA-1,0.009342,0.061297,0.063377,0.865984
AATTCCAAGCATGTAC-1,0.001007,0.009087,0.062055,0.927851
AATTCGATTCGAGGAT-1,0.049063,0.053521,0.250979,0.646437
AATTCTAGAGTTAGGC-1,0.013552,0.009577,0.413945,0.562925
AATTGAACGCTCTGGT-1,0.006561,0.06228,0.221197,0.709962
AATTGCAGCAATCGAC-1,0.210512,0.173709,0.337059,0.27872
AATTGCGTGGATTACA-1,0.024805,0.541542,0.134129,0.299524
AATTGTGGTTGCCAAA-1,0.878027,0.006492,0.020374,0.095108
AATTTGGGACATAGTA-1,0.00005,0.087595,0.121492,0.790863
AATTTGGTTCCAAAGA-1,0.000043,0.538043,0.01038,0.451534
ACAAACCATGCGTCCT-1,0.016539,0.006135,0.084853,0.892473
ACAAACTCCATCAGAG-1,0.009992,0.989757,0.000031,0.00022
ACAAAGAAGGTAGGCC-1,0.007481,0.000016,0.0695,0.923003
ACAAAGCATGACCTAG-1,0.017664,0.035419,0.674152,0.272765
ACAAATCGCACCGAAT-1,0.000013,0.022091,0.426588,0.551307
ACAAATGGTAGTGTTT-1,0.007715,0.152016,0.423608,0.416662
ACAAATTCAGATCTGA-1,0.005165,0.057837,0.024893,0.912106
ACAACAGCATGAGCTA-1,0.003629,0.05679,0.295519,0.644062
ACAACGGTCCCTGCGA-1,0.000034,0.012714,0.1701,0.817152
ACAAGCAGTGCCTAGC-1,0.000021,0.012621,0.143997,0.843361
ACAAGCTATATGGAAG-1,0.000025,0.087462,0.225386,0.687126
ACAAGGAAATCCGCCC-1,0.000207,0.019868,0.104622,0.875304
ACAAGGACAAGAGGTT-1,0.000019,0.006615,0.028451,0.964914
ACAAGGATGCTTTAGG-1,0.002251,0.001259,0.513321,0.483169
ACAAGGCCTACCAGCC-1,0.000044,0.246373,0.073147,0.680436
ACAAGGGCAGGCTCTG-1,0.017308,0.071984,0.086372,0.824336
ACAATAGTCGTACGTT-1,0.000019,0.000019,0.000769,0.999193
ACAATCCATTTAAACC-1,0.00207,0.050674,0.085538,0.861718
ACAATGAATACGGAGA-1,0.002723,0.000011,0.011445,0.985821
ACAATGATTCTTCTAC-1,0.00891,0.130726,0.279034,0.581331
ACAATTGTGTCTCTTT-1,0.001533,0.045125,0.447632,0.50571
ACAATTTAGGAGGCTC-1,0.003435,0.004593,0.044559,0.947413
ACAATTTGAGCAGTGG-1,0.000055,0.097186,0.085542,0.817217
ACAATTTGGCCATATT-1,0.004795,0.03893,0.159329,0.796947
ACACAAAGACGGGTGG-1,0.000026,0.077175,0.029906,0.892893
ACACAAATATTCCTAG-1,0.000017,0.147789,0.000485,0.851708
ACACACCAGGACCAGT-1,0.009688,0.016816,0.199302,0.774194
ACACACTTTCTACACG-1,0.000026,0.026718,0.000026,0.97323
ACACATGATCAAATCT-1,0.000019,0.02068,0.122464,0.856837
ACACATTGACGCAACA-1,0.00938,0.08477,0.164178,0.741672
ACACATTTCCGTAGAC-1,0.564102,0.236523,0.163177,0.036198
ACACCACATAATTAGC-1,0.004596,0.058858,0.242598,0.693948
ACACCCAGCATGCAGC-1,0.016145,0.022758,0.25705,0.704048
ACACCCGAGAAATCCG-1,0.000015,0.064398,0.010686,0.924901
ACACCGAGCGCTCTTT-1,0.009053,0.045145,0.180271,0.76553
ACACCGGTCTGACCGC-1,0.005472,0.041877,0.185287,0.767364
ACACCTTAAGTAGGGC-1,0.010237,0.060352,0.10286,0.826551
ACACCTTACTACTTGC-1,0.000023,0.086799,0.206045,0.707134
ACACGAGACTCCTTCT-1,0.01647,0.057095,0.203864,0.722571
ACACGGCACTATGCAT-1,0.000038,0.220012,0.057679,0.722271
ACACGGGAACTTAGGG-1,0.000034,0.019218,0.011337,0.969412
ACACGTAGGCCACAAG-1,0.032179,0.018405,0.283812,0.665604
ACACTCCAATGTCACT-1,0.005444,0.052929,0.13104,0.810587
ACACTGATCAAGGTGT-1,0.004125,0.000016,0.031579,0.96428
ACACTGGGACAGTCGT-1,0.061153,0.093831,0.541214,0.303803
ACAGAACTGAGAACAA-1,0.010102,0.003939,0.154709,0.83125
ACAGATTAGGTTAGTG-1,0.000028,0.006372,0.01445,0.97915
ACAGCATAGAGCCAGT-1,0.000039,0.022426,0.04391,0.933625
ACAGCGACATTCTCAT-1,0.000023,0.007171,0.527538,0.465268
ACAGCGCACCCGCAGC-1,0.000023,0.086965,0.026577,0.886436
ACAGGCACGGATCCTT-1,0.991042,0.001283,0.00054,0.007134
ACAGGCTTGCCCGACT-1,0.000015,0.001132,0.095531,0.903321
ACAGGTGGAGGTGAGG-1,0.005437,0.027785,0.037471,0.929307
ACAGGTGTGTTGTTGC-1,0.009115,0.000016,0.016329,0.974539
ACAGTAATACAACTTG-1,0.024572,0.041593,0.062863,0.870973
ACAGTATACCGTGGGA-1,0.000017,0.048579,0.005105,0.946299
ACATAAGTCGTGGTGA-1,0.013209,0.049235,0.18687,0.750685
ACATAATAAGGCGGTG-1,0.00772,0.107956,0.116108,0.768216
ACATCAGCTGGGACGC-1,0.000021,0.044095,0.272511,0.683373
ACATCCCGGCCATACG-1,0.01323,0.041423,0.494102,0.451245
ACATCCTGGTAACTGT-1,0.002504,0.077801,0.149681,0.770014
ACATCGATCGTTTACC-1,0.013742,0.046545,0.336397,0.603315
ACATCGGTCAGCCGCG-1,0.003331,0.000018,0.011315,0.985336
ACATCGTATGCAATGG-1,0.007796,0.023603,0.076561,0.89204
ACATCGTTAACCTAGT-1,0.000149,0.022237,0.077535,0.900079
ACATCTCAACGCGTAA-1,0.002243,0.350348,0.276915,0.370494
ACATGCTTACGGCAGC-1,0.000058,0.999475,0.000058,0.000408
ACATGGCGCCAAAGTA-1,0.000441,0.068826,0.185856,0.744877
ACATGGCTCAATTTAG-1,0.000051,0.437207,0.190409,0.372333
ACATTAGTTTATATCC-1,0.015036,0.031296,0.076467,0.877201
ACATTCGCGCGGAATA-1,0.274852,0.717149,0.007834,0.000165
ACATTTGAAACCTAAC-1,0.880093,0.027748,0.009693,0.082466
ACCAAACACCCAGCGA-1,0.00001,0.06344,0.00001,0.936541
ACCAAACTAGAAATCC-1,0.000024,0.309379,0.003829,0.686769
ACCAACACCACACACT-1,0.006011,0.057871,0.023161,0.912957
ACCAACCGCACTCCAC-1,0.044248,0.204492,0.53708,0.21418
ACCAACGCTTATTTAT-1,0.015733,0.005397,0.278319,0.700552
ACCAAGAACGCGTGTC-1,0.006483,0.00002,0.30835,0.685147
ACCAAGTCATCGGCAG-1,0.927922,0.010448,0.017298,0.044332
ACCAATATGCAAGTTA-1,0.014847,0.038333,0.063348,0.883473
ACCACAACTCAGAACA-1,0.010859,0.221972,0.241866,0.525303
ACCACAAGTTTCTATC-1,0.000025,0.024596,0.021339,0.95404
ACCACACGGTTGATGG-1,0.773783,0.20461,0.018692,0.002915
ACCACCAATGTAACAA-1,0.000021,0.054153,0.136092,0.809734
ACCACCCTCTCTTCTA-1,0.005601,0.037468,0.218291,0.73864
ACCACGTGCAGCTATA-1,0.008831,0.010982,0.103706,0.876482
ACCACTGTTCAAGAAG-1,0.000072,0.136214,0.081637,0.782077
ACCAGACCATAACAAC-1,0.004348,0.056986,0.177596,0.76107
ACCAGCCCGGTCTTTG-1,0.000026,0.009389,0.000026,0.990558
ACCAGGAGTGTGATCT-1,0.000139,0.000139,0.197167,0.802554
ACCAGTGCCCGGTCAA-1,0.01659,0.126267,0.096417,0.760726
ACCAGTGCGGGAGACG-1,0.000028,0.067159,0.635877,0.296936
ACCATATCCGCAATAA-1,0.015219,0.028439,0.226187,0.730154
ACCATCCGCCAACTAG-1,0.007979,0.011322,0.076976,0.903723
ACCATCGTATATGGTA-1,0.012986,0.011855,0.312672,0.662487
ACCATTAAGGGTGTCA-1,0.0151,0.065587,0.267962,0.651351
ACCCAACGCCCGTGGC-1,0.000021,0.007862,0.439858,0.552259
ACCCACCTACATGCTC-1,0.011213,0.053005,0.334322,0.60146
ACCCATCTTGAGGGTA-1,0.012257,0.020366,0.049023,0.918354
ACCCATTTGTCCCTCT-1,0.027329,0.019687,0.219247,0.733737
ACCCGAGCGAAATTAC-1,0.004946,0.003451,0.110212,0.881391
ACCCGATTGGTTCCGA-1,0.003318,0.042717,0.649204,0.304761
ACCCGGAAACTCCCAG-1,0.024559,0.023789,0.315033,0.63662
ACCCGGAGCACCACAA-1,0.824627,0.004302,0.039897,0.131175
ACCCGGATGACGCATC-1,0.006279,0.086051,0.348213,0.559457
ACCCGGTTACACTTCC-1,0.000026,0.147456,0.019379,0.833138
ACCCGTAGCAGAGAAT-1,0.000106,0.999047,0.000106,0.000741
ACCCGTAGTCTAGTTG-1,0.959055,0.003093,0.005612,0.03224
ACCCGTGTCATCAGTA-1,0.01339,0.024373,0.059534,0.902703
ACCCTATAGGACTGAG-1,0.000038,0.204417,0.295989,0.499556
ACCCTATGCCATATCG-1,0.011858,0.012815,0.226847,0.74848
ACCCTCCCGTCAGGGC-1,0.825965,0.006939,0.003539,0.163557
ACCCTCCCTTGCTATT-1,0.00002,0.000851,0.124859,0.87427
ACCCTGGTAACGCCCT-1,0.000016,0.011241,0.01873,0.970012
ACCCTTCATCTGCGAA-1,0.000029,0.076828,0.002971,0.920173
ACCCTTGCCTGGGTCG-1,0.000023,0.072193,0.170781,0.757003
ACCCTTTAGTTCTCCA-1,0.000023,0.004915,0.012393,0.982668
ACCGAAAGGGCCCTGC-1,0.000028,0.042164,0.038361,0.919446
ACCGAAGAGTCTGGTT-1,0.0395,0.116198,0.120259,0.724043
ACCGACACATCTCCCA-1,0.005161,0.009075,0.29337,0.692394
ACCGACTGAGTCCCAC-1,0.003338,0.032201,0.315441,0.649019
ACCGAGTCTCCTTATT-1,0.555928,0.156593,0.218896,0.068583
ACCGATAGGCATAACC-1,0.361022,0.063072,0.366454,0.209452
ACCGATATTTAATCAT-1,0.029651,0.068402,0.282276,0.619671
ACCGATGGTAGCATCG-1,0.001882,0.014864,0.005952,0.977301
ACCGCAATAACTGCCT-1,0.003048,0.046786,0.359092,0.591074
ACCGCGGTGGAAGTCG-1,0.000016,0.000399,0.020444,0.979141
ACCGCTAGTCATTGGT-1,0.031064,0.915698,0.006864,0.046373
ACCGGGCCTTTGTTGA-1,0.002423,0.155352,0.202045,0.64018
ACCGGTCAGGTACACC-1,0.000025,0.016618,0.220006,0.763351
ACCGGTCTGAGTACGG-1,0.000051,0.066824,0.043789,0.889336
ACCGTCCACTGGGCCC-1,0.001903,0.100415,0.095892,0.80179
ACCGTGACCACGTGGG-1,0.008632,0.001337,0.342763,0.647267
ACCGTTCCCGCTCTGA-1,0.004963,0.00789,0.004952,0.982195
ACCTAAGTACCTTTCA-1,0.00067,0.002458,0.025533,0.97134
ACCTAATCGACTTCCT-1,0.00004,0.00004,0.120672,0.879247
ACCTACAGTATGTGGT-1,0.006293,0.083939,0.224148,0.68562
ACCTACTATAAATCTA-1,0.010811,0.036787,0.503738,0.448664
ACCTCCGCCCTCGCTG-1,0.00158,0.000023,0.034618,0.963779
ACCTCCGTTATTCACC-1,0.00002,0.091646,0.002009,0.906325
ACCTCGAACTTATGCT-1,0.004736,0.003997,0.215092,0.776174
ACCTGCGTGTCATGTT-1,0.027061,0.241341,0.024758,0.70684
ACGAAATGGGCGGCAC-1,0.015976,0.010668,0.145261,0.828094
ACGACTCTAGGGCCGA-1,0.941101,0.002242,0.009117,0.04754
ACGACTGGTCATACTC-1,0.020409,0.000172,0.027889,0.95153
ACGAGAACCCATCACG-1,0.000032,0.079692,0.084371,0.835905
ACGAGATATTTGCTTA-1,0.00003,0.051081,0.307524,0.641365
ACGAGGATACCACTCT-1,0.000872,0.000822,0.103769,0.894537
ACGAGGTTTACAACGT-1,0.086649,0.380461,0.01293,0.519959
ACGAGTACGGATGCCC-1,0.004869,0.073305,0.04758,0.874246
ACGAGTCGCCGGCGTT-1,0.000118,0.250699,0.079324,0.669858
ACGATACATAGAACTA-1,0.001421,0.126525,0.074296,0.797758
ACGATACCTATCCTGA-1,0.000022,0.044675,0.092264,0.863039
ACGATCATACATAGAG-1,0.000029,0.015107,0.102312,0.882552
ACGATCATCTTGTAAA-1,0.002081,0.134479,0.25221,0.61123
ACGATGCATATGTTAT-1,0.010533,0.047148,0.14637,0.795948
ACGATGGATCCGATGC-1,0.000025,0.001694,0.114205,0.884076
ACGCAAACTAATAGAT-1,0.011704,0.002094,0.050737,0.935465
ACGCAATCACTACAGC-1,0.000045,0.04174,0.09499,0.863224
ACGCATAAATGACATG-1,0.000032,0.117443,0.070485,0.81204
ACGCATACGTTTACTA-1,0.008502,0.012369,0.602837,0.376292
ACGCATTCGTGAGTAC-1,0.000029,0.125148,0.079409,0.795413
ACGCCACTCGAAACAG-1,0.637611,0.226533,0.054642,0.081214
ACGCCAGATGATTTCT-1,0.003637,0.010529,0.002199,0.983635
ACGCCAGTGCGTTTGC-1,0.737067,0.011315,0.008694,0.242925
ACGCCCAGCTGTCGAT-1,0.000077,0.187838,0.020928,0.791157
ACGCCGCTAGACGACC-1,0.009004,0.117277,0.097719,0.776
ACGCGAAGTCAGACGA-1,0.002775,0.010043,0.035204,0.951978
ACGCGCTACACAGGGT-1,0.000042,0.000531,0.378846,0.620581
ACGCGGGCCAAGGACA-1,0.000018,0.045909,0.010999,0.943075
ACGCGTTTCTTAAGAG-1,0.000021,0.02453,0.028025,0.947423
ACGCTACTGAATGGGC-1,0.93336,0.04351,0.000015,0.023114
ACGCTAGTGATACACT-1,0.000035,0.228755,0.204534,0.566676
ACGCTGTGAGGCGTAG-1,0.017865,0.03166,0.071338,0.879137
ACGCTTAGTGTCTCTC-1,0.000035,0.023223,0.061377,0.915365
ACGGAACACGAGTGCC-1,0.638947,0.350182,0.000354,0.010517
ACGGAATTTAGCAAAT-1,0.007846,0.025873,0.070164,0.896118
ACGGACGCAGCGACAA-1,0.000088,0.999212,0.000088,0.000613
ACGGACTCTCAAAGCG-1,0.004841,0.003566,0.194958,0.796634
ACGGAGCGCAAATTAC-1,0.000295,0.063814,0.000012,0.935879
ACGGATGGTGCGGATA-1,0.009128,0.001655,0.11256,0.876658
ACGGCACTTGCTTGGG-1,0.013148,0.000044,0.227489,0.759319
ACGGCCAACATGGACT-1,0.001548,0.002159,0.226799,0.769494
ACGGCGACGATGGGAA-1,0.005288,0.071999,0.434303,0.488411
ACGGCGGGTTGCCCTG-1,0.000025,0.013853,0.069912,0.91621
ACGGCTGGATGTAGAA-1,0.008493,0.04651,0.315312,0.629685
ACGGGAGTGTCGGCCC-1,0.00239,0.000018,0.051754,0.945838
ACGGGCGTATGCGACA-1,0.000029,0.109412,0.200636,0.689923
ACGGGTCATGTGACTT-1,0.006381,0.018259,0.166355,0.809005
ACGGGTTGTGACCTGT-1,0.000148,0.960031,0.000148,0.039673
ACGGTACAGTTCAATG-1,0.960032,0.006802,0.001827,0.031339
ACGGTCACCGAGAACA-1,0.068748,0.661664,0.026251,0.243337
ACGTACAGATTTCTCT-1,0.000033,0.011276,0.116593,0.872099
ACGTACTTTGGCACGG-1,0.05579,0.073618,0.124625,0.745967
ACGTAGATTGCTGATG-1,0.000031,0.000031,0.526694,0.473243
ACGTAGGAGAGTCGCT-1,0.173286,0.02922,0.366705,0.43079
ACGTATTACTCCGATC-1,0.002245,0.093825,0.092086,0.811844
ACGTCGGGCAACTCGG-1,0.077338,0.921123,0.001345,0.000194
ACGTCTCGTTCCGGGA-1,0.000019,0.002063,0.078144,0.919773
ACGTGACAAAGTAAGT-1,0.009426,0.000424,0.150364,0.839786
ACGTGCGCCTCGTGCA-1,0.000018,0.021278,0.000056,0.978647
ACGTTAATGTCGAAGA-1,0.004837,0.000022,0.048613,0.946528
ACGTTAGATTTGCCCG-1,0.00003,0.00003,0.096848,0.903092
ACGTTATTGGTCACTC-1,0.000028,0.000028,0.010806,0.989138
ACGTTCACTATGCCGC-1,0.322816,0.672594,0.001498,0.003092
ACGTTCCGCGCTCCGT-1,0.000031,0.22054,0.002085,0.777344
ACGTTCGCAATCAATT-1,0.007504,0.032957,0.009711,0.949829
ACGTTCGTTCAGGAAA-1,0.000013,0.000013,0.017179,0.982795
ACGTTCTGTACAAGTC-1,0.007375,0.005201,0.01192,0.975503
ACGTTGTCGTTGAAAG-1,0.0007,0.993705,0.000699,0.004896
ACGTTTAGTTGTGATC-1,0.004114,0.000042,0.024585,0.971259
ACTAAGGACGCACACC-1,0.000039,0.311614,0.016686,0.671661
ACTAATACGTCAGGCG-1,0.002138,0.065932,0.23106,0.700871
ACTACAAAGAGAGGTG-1,0.033949,0.075469,0.293041,0.597541
ACTACATCCCGACAAG-1,0.01227,0.000513,0.155056,0.832161
ACTACCAGCTCTCTGG-1,0.000026,0.000026,0.004411,0.995537
ACTACCATCCGAGGGC-1,0.000114,0.935751,0.000114,0.064021
ACTACGCGTTAGAATT-1,0.031651,0.052335,0.496092,0.419922
ACTAGTTGCGATCGTC-1,0.00002,0.000917,0.031042,0.968021
ACTATATGCTGTGTTC-1,0.002248,0.136446,0.071493,0.789813
ACTATCCAGGGCATGG-1,0.002274,0.059489,0.019204,0.919032
ACTATCGCCGGCTAAA-1,0.000023,0.06404,0.299213,0.636724
ACTATCTGCCCGCGTA-1,0.005719,0.018373,0.179375,0.796533
ACTATGTCCAGCTGCC-1,0.008526,0.006094,0.459798,0.525582
ACTATTCGTCCGTGGT-1,0.000029,0.060325,0.012992,0.926654
ACTATTTCCGGGCCCA-1,0.012662,0.000642,0.202711,0.783985
ACTCAACGAATGTATT-1,0.00281,0.059592,0.091507,0.846091
ACTCAAGTGCAAGGCT-1,0.000012,0.000012,0.006984,0.992993
ACTCAATAAAGGCACG-1,0.000025,0.012171,0.036891,0.950913
ACTCAGACCTGCTTCT-1,0.000027,0.048144,0.010474,0.941355
ACTCATGGCAGCCTTC-1,0.019045,0.076398,0.256368,0.648189
ACTCCAATATCATCAT-1,0.000018,0.000018,0.285867,0.714096
ACTCCCATTCCTAAAG-1,0.008964,0.00023,0.144856,0.84595
ACTCCCGAATTCGTTT-1,0.002694,0.109532,0.25994,0.627834
ACTCCCGTAGACTAGG-1,0.006169,0.086243,0.290627,0.616962
ACTCCCTAATGCTAAA-1,0.002891,0.000009,0.004401,0.992699
ACTCCCTAGAATAGTA-1,0.011182,0.095477,0.079522,0.813819
ACTCCGGCCGACCACT-1,0.832379,0.048849,0.102755,0.016017
ACTCGATGTATTTCAT-1,0.000033,0.057418,0.234514,0.708035
ACTCGCCGTTCGATAA-1,0.768503,0.065843,0.031916,0.133738
ACTCGCGATCTGACGC-1,0.026816,0.38154,0.51559,0.076054
ACTCGTAACCCGTCCT-1,0.021352,0.00263,0.129201,0.846817
ACTCGTCAGTAATCCC-1,0.000015,0.000015,0.01603,0.98394
ACTCTAAACCTGGGAT-1,0.012708,0.063325,0.272732,0.651235
ACTCTCTGACTTAGGT-1,0.000038,0.098147,0.16892,0.732895
ACTCTCTTATACACGA-1,0.003521,0.083839,0.042371,0.87027
ACTCTGACCTAATAGA-1,0.928653,0.006449,0.012892,0.052006
ACTCTTCAGCTCCCGC-1,0.011886,0.627412,0.179942,0.180761
ACTCTTGTATAGTAAC-1,0.000043,0.078675,0.047713,0.873569
ACTGAAACGCCGTTAG-1,0.021838,0.002599,0.042264,0.933299
ACTGAATGGCGAAAGT-1,0.009679,0.031278,0.067108,0.891935
ACTGATTTAGTGATTC-1,0.000028,0.026217,0.085402,0.888352
ACTGCCCGCCATTCTC-1,0.008899,0.018351,0.254908,0.717842
ACTGCCGTCGTAACTC-1,0.000039,0.303093,0.079744,0.617124
ACTGCGGACACACCGT-1,0.000013,0.013268,0.000013,0.986707
ACTGCTCGGAAGGATG-1,0.007247,0.038922,0.040447,0.913384
ACTGGCGAACCTGCGT-1,0.00002,0.159608,0.00002,0.840351
ACTGGGATGCCAGTGC-1,0.443592,0.349879,0.083243,0.123286
ACTGTACGATACACAT-1,0.004399,0.021881,0.049432,0.924288
ACTGTAGCACTTTGGA-1,0.000023,0.047667,0.010703,0.941608
ACTGTATACGCGAGCA-1,0.00591,0.081102,0.186297,0.726691
ACTGTCCAGGATTATA-1,0.009606,0.005332,0.191535,0.793527
ACTGTCTTCTTTAGAA-1,0.000031,0.06075,0.298688,0.640532
ACTGTGCTAGTAGATC-1,0.00004,0.00004,0.013012,0.986907
ACTGTTTAGTGTAGGC-1,0.000093,0.000093,0.120688,0.879125
ACTTACCGGGCGCGCA-1,0.008999,0.222175,0.355827,0.413
ACTTACGCATCCACGC-1,0.003961,0.002548,0.2857,0.707791
ACTTAGTACGACAAGA-1,0.000046,0.00941,0.042879,0.947664
ACTTATACTTACCCGG-1,0.003603,0.029472,0.032721,0.934205
ACTTATTAGGATCGGT-1,0.020846,0.028165,0.062593,0.888396
ACTTATTTATGTGCCA-1,0.000033,0.104642,0.350328,0.544996
ACTTCAGGCTGATCCC-1,0.000019,0.001048,0.041201,0.957732
ACTTCCAGTGGAAGCT-1,0.051425,0.041943,0.122157,0.784475
ACTTCCATGCGGGACA-1,0.003059,0.008819,0.115511,0.872611
ACTTCGCCATACGCAC-1,0.000022,0.045978,0.013293,0.940707
ACTTCGCTAGCGAGTG-1,0.000027,0.170232,0.156657,0.673084
ACTTGACTCCCTCTTT-1,0.000024,0.09274,0.000024,0.907211
ACTTGCCATATTGTAC-1,0.01335,0.05365,0.109452,0.823548
ACTTGCTCTATCTACC-1,0.124576,0.734794,0.024187,0.116443
ACTTGGGACCCGGTGG-1,0.008712,0.000021,0.032699,0.958568
ACTTGTAGTCCCTTCA-1,0.006645,0.002965,0.051465,0.938925
ACTTGTGGATGGAACG-1,0.003849,0.013557,0.288159,0.694436
ACTTGTTACCGGATCA-1,0.631335,0.36332,0.004129,0.001216
ACTTTACCCTCATGAA-1,0.00053,0.093897,0.088627,0.816945
ACTTTATACACCACTT-1,0.000239,0.997851,0.000239,0.001671
ACTTTCCTATAGCTTC-1,0.006527,0.052537,0.321544,0.619391
ACTTTGACTGCATCCT-1,0.000027,0.011904,0.339869,0.6482
ACTTTGGTCGTGCTCC-1,0.011429,0.010623,0.111672,0.866275
ACTTTGTCGACGCACT-1,0.032146,0.068748,0.315144,0.583962
AGAAATTATGACTCGC-1,0.003192,0.007437,0.252324,0.737047
AGAACACGGCGATGGT-1,0.000125,0.998879,0.000125,0.000872
AGAACCCAGCGTGACA-1,0.007027,0.085918,0.291388,0.615667
AGAACCCTCAATTGGG-1,0.018483,0.021594,0.178261,0.781662
AGAACGTGGTACATTC-1,0.003672,0.090206,0.006941,0.89918
AGAACTGTACTTTGTA-1,0.999967,0.000004,0.000004,0.000026
AGAAGAGCGCCGTTCC-1,0.000211,0.062561,0.095144,0.842084
AGAAGGTACACTTCAC-1,0.00873,0.048578,0.224908,0.717784
AGAAGGTTGCCGAATT-1,0.003547,0.000029,0.062043,0.934381
AGAAGGTTGTAGGTCG-1,0.011,0.002664,0.2802,0.706136
AGAAGTGATTCGTGAT-1,0.000018,0.016517,0.052449,0.931016
AGAATAAATCTTCAGG-1,0.004238,0.01424,0.022135,0.959386
AGAATACAGGCTATCC-1,0.933451,0.034964,0.030095,0.00149
AGAATGCGGGTTCGGA-1,0.01554,0.002243,0.00768,0.974537
AGAATTATGGATTCGA-1,0.000022,0.072688,0.004651,0.922639
AGAATTGTTTGACATA-1,0.000018,0.002194,0.309873,0.687915
AGACAGCTCAGAATCC-1,0.00002,0.000728,0.089204,0.910048
AGACAGGCATCTCAGC-1,0.115729,0.035783,0.610474,0.238014
AGACATAGATCCTTCC-1,0.000057,0.084402,0.109377,0.806164
AGACCAAACCACACCT-1,0.013839,0.051719,0.120995,0.813447
AGACCATGGGATACAA-1,0.000016,0.003206,0.216433,0.780344
AGACCCACCGCTGATC-1,0.006395,0.000017,0.026752,0.966836
AGACCCGCCCTCCTCG-1,0.003221,0.053993,0.061118,0.881668
AGACCGCTCCGCGGTT-1,0.001135,0.11822,0.364449,0.516196
AGACCGGGAAACCCTG-1,0.002284,0.000016,0.099562,0.898137
AGACGAAGTGCCGGTC-1,0.006468,0.015741,0.026906,0.950885
AGACGACGATGCCGCT-1,0.004326,0.000027,0.331307,0.66434
AGACGCCCACTTCGCC-1,0.942625,0.003042,0.007302,0.04703
AGACGGGCCGATTTAA-1,0.003587,0.018766,0.043991,0.933656
AGACTAGCCTTCCAGA-1,0.000027,0.023896,0.110236,0.865841
AGACTGTTACCGGGTC-1,0.019821,0.035017,0.381714,0.563447
AGAGAAACACCAGAAA-1,0.011303,0.122018,0.546182,0.320496
AGAGAACCGTCTAGGA-1,0.000027,0.129846,0.223262,0.646865
AGAGAAGGAGTACAAT-1,0.016007,0.000015,0.064495,0.919483
AGAGATCTCTAAAGCG-1,0.000013,0.000013,0.007294,0.992679
AGAGCAGTTATGAGAC-1,0.012184,0.040711,0.207593,0.739512
AGAGCCGCCGAGATTT-1,0.011029,0.004043,0.322497,0.66243
AGAGCGCTTGTAACGG-1,0.001261,0.068018,0.004142,0.926578
AGAGCGGGCTAATCAT-1,0.014581,0.10054,0.225786,0.659093
AGAGCGTACAAGCTCG-1,0.005126,0.047479,0.21503,0.732365
AGAGCTACGAAAGCAT-1,0.000026,0.253286,0.049361,0.697327
AGAGGCTTCGGAAACC-1,0.00904,0.046078,0.38734,0.557541
AGAGGGACAATTGTCC-1,0.000025,0.016727,0.007905,0.975343
AGAGGTATCTCGGTCC-1,0.000154,0.076223,0.027508,0.896115
AGAGTAAACTTCACTA-1,0.008495,0.000014,0.085101,0.906391
AGAGTATAGTGTTACG-1,0.000023,0.162299,0.095773,0.741904
AGAGTGAACAGACACC-1,0.000074,0.151126,0.178254,0.670546
AGAGTTAGAGACCGAT-1,0.00003,0.078629,0.003645,0.917696
AGAGTTGCAGGCCTCC-1,0.000029,0.362978,0.00574,0.631253
AGATAACTTCAGGGCC-1,0.000021,0.004763,0.358274,0.636943
AGATACCAATAGAACC-1,0.730705,0.043138,0.088488,0.137668
AGATACCAGCACTTCA-1,0.000021,0.119897,0.094024,0.786059
AGATACCGGTGTTCAC-1,0.000867,0.000016,0.025514,0.973603
AGATACGACTTCATAT-1,0.003699,0.04513,0.22369,0.72748
AGATACTCAAGATCGA-1,0.002775,0.000017,0.0259,0.971307
AGATATAATACGACTA-1,0.011296,0.009225,0.338182,0.641297
AGATCGTGCATAAGAT-1,0.00217,0.148623,0.059369,0.789838
AGATCTCAGGTGTGAT-1,0.000027,0.038031,0.110332,0.85161
AGATCTGGAGAGGATA-1,0.000106,0.999048,0.000106,0.00074
AGATGACTCGCCCACG-1,0.000036,0.038106,0.115565,0.846293
AGATGAGGGTTGCGAT-1,0.002344,0.101897,0.380433,0.515326
AGATGATGGAGTCTGG-1,0.000018,0.000018,0.000018,0.999946
AGATGCAAGACGTGCA-1,0.018282,0.030171,0.271944,0.679603
AGATGCATCCTGTGTC-1,0.02898,0.023517,0.174946,0.772557
AGATGCTATAACGAGC-1,0.000028,0.043724,0.028333,0.927915
AGATTATAGGACGTTT-1,0.007471,0.054877,0.109011,0.828641
AGATTCAAGCGGGTCG-1,0.00003,0.00003,0.008375,0.991565
AGATTCACAACCGATA-1,0.007275,0.052294,0.193949,0.746483
AGCAAAGGCCGCTAGT-1,0.005528,0.000686,0.255789,0.737997
AGCAACATATCTTATT-1,0.000018,0.037542,0.015505,0.946935
AGCAACCGAAAGTAAT-1,0.000017,0.000017,0.182689,0.817276
AGCACACGTTTAGACT-1,0.019352,0.002972,0.215122,0.762554
AGCACCAGTACTCACG-1,0.027403,0.032747,0.032563,0.907287
AGCACTACCGGCCTGT-1,0.000016,0.000016,0.160109,0.839859
AGCACTACCTCACCAG-1,0.012218,0.095947,0.749684,0.142151
AGCACTTAAGGACGCC-1,0.000023,0.000023,0.019123,0.980832
AGCAGAAGGAGAAAGA-1,0.002809,0.010578,0.549925,0.436688
AGCAGCCAGATGAATA-1,0.008602,0.001003,0.061173,0.929222
AGCAGTCGAAGCATGC-1,0.936522,0.0443,0.00153,0.017649
AGCATATCAATATGCT-1,0.000223,0.012037,0.149656,0.838084
AGCATCATTTCGAAAG-1,0.006489,0.010425,0.014313,0.968773
AGCATCGTCGATAATT-1,0.000022,0.000022,0.262479,0.737477
AGCATTACGAGGCAAG-1,0.539841,0.08302,0.215086,0.162052
AGCCAAGCTTTGTGTC-1,0.000014,0.000014,0.008603,0.991369
AGCCACAGGTTACCCG-1,0.002399,0.028216,0.368018,0.601368
AGCCACTCCCGTGCTT-1,0.018673,0.048917,0.099064,0.833345
AGCCATATAGTATGTG-1,0.056205,0.165185,0.26216,0.51645
AGCCCATACATGTAAG-1,0.000017,0.000017,0.034003,0.965963
AGCCCGCAACAAGCAG-1,0.014554,0.040418,0.162512,0.782516
AGCCCGCACTACAATG-1,0.899662,0.0664,0.031423,0.002514
AGCCCGGCATTAGAGG-1,0.004407,0.006186,0.005446,0.983961
AGCCCGGTAGCCTGTA-1,0.026958,0.071468,0.016028,0.885545
AGCCCTAAGCGAAGTT-1,0.005505,0.01277,0.277663,0.704062
AGCCCTCCCTGGTGGC-1,0.006833,0.055467,0.355271,0.582429
AGCCCTGTCGCACCGT-1,0.000018,0.051814,0.157825,0.790343
AGCCCTTCTAATCCGA-1,0.000037,0.105989,0.143179,0.750795
AGCCCTTGGACATCCC-1,0.05356,0.01807,0.364049,0.564321
AGCCGCAAATTCAAAT-1,0.005622,0.012616,0.148675,0.833088
AGCCGCTTGATTAGCG-1,0.000037,0.005711,0.09081,0.903442
AGCCGTGGCTAAATGT-1,0.000024,0.010044,0.385995,0.603938
AGCCTAATACCCACGT-1,0.027943,0.051376,0.288165,0.632516
AGCCTTAAAGCGGAAG-1,0.000022,0.063979,0.066625,0.869375
AGCCTTGTCACTGATA-1,0.015108,0.891336,0.000078,0.093478
AGCGACAGGAACGGTC-1,0.003563,0.000019,0.456967,0.53945
AGCGACATCCCATTCA-1,0.016186,0.075033,0.050871,0.85791
AGCGACCAACGATATT-1,0.000028,0.057349,0.274106,0.668517
AGCGAGACGTGAAGGC-1,0.002893,0.073377,0.335681,0.588049
AGCGATGCGCCTAATA-1,0.630733,0.064772,0.124131,0.180364
AGCGCATAATGAATCG-1,0.01382,0.187625,0.14086,0.657695
AGCGCGGGTGCCAATG-1,0.000022,0.137018,0.002972,0.859987
AGCGCTAGAGCGATGT-1,0.002291,0.054668,0.150039,0.793003
AGCGCTTATGGGCAAG-1,0.000038,0.141395,0.055774,0.802792
AGCGGACACTTCGTAG-1,0.016735,0.001551,0.184894,0.79682
AGCGGCGGTTAGCGGT-1,0.014964,0.016121,0.200407,0.768508
AGCGGGAAGGGTCCAT-1,0.000027,0.050314,0.005228,0.944432
AGCGGGTCTGACACTC-1,0.001301,0.009123,0.204711,0.784865
AGCGGTTGCCGCTCTG-1,0.000029,0.076799,0.052258,0.870914
AGCGTACGAGAGCTAG-1,0.000022,0.080712,0.054036,0.86523
AGCGTCTGAACCCGCA-1,0.0002,0.9982,0.0002,0.0014
AGCGTGGTATTCTACT-1,0.000033,0.056694,0.145741,0.797532
AGCTAACAAGCAATGT-1,0.01564,0.003303,0.45838,0.522676
AGCTAAGCTCCGTCCG-1,0.03005,0.969621,0.000041,0.000287
AGCTAAGTACGCAGGC-1,0.015834,0.000267,0.232665,0.751234
AGCTAGAAGCAGAAGT-1,0.000028,0.067316,0.360532,0.572124
AGCTATTTAATCCAAC-1,0.000535,0.0137,0.037302,0.948463
AGCTCCATATATGTTC-1,0.000022,0.000647,0.534791,0.46454
AGCTCCTTCGCACATC-1,0.007607,0.009506,0.257629,0.725258
AGCTCGTTGATGGAAA-1,0.000025,0.142771,0.033505,0.823699
AGCTCTAGACGTTCCA-1,0.024941,0.036824,0.320283,0.617951
AGCTCTTCCCAGTGCA-1,0.000047,0.102006,0.006642,0.891306
AGCTCTTCGTAACCTT-1,0.000017,0.153895,0.291189,0.554898
AGCTCTTTACTCAGTT-1,0.000044,0.000044,0.072994,0.926918
AGCTGAAGTAAACCAA-1,0.000024,0.039279,0.04254,0.918157
AGCTGTAACCTCAATC-1,0.003144,0.000682,0.082512,0.913663
AGCTTATAGAGACCTG-1,0.000032,0.146625,0.008802,0.84454
AGCTTCTTCTCGAGCA-1,0.61762,0.247161,0.018136,0.117083
AGCTTGATCAGGGTAG-1,0.154713,0.844741,0.000068,0.000478
AGCTTGATCTTAACTT-1,0.000022,0.000022,0.075915,0.924041
AGGAAAGCCTCTGATG-1,0.028945,0.475154,0.223113,0.272788
AGGAACGAACGACTTC-1,0.681202,0.04176,0.050019,0.227019
AGGAAGCTGTCCGCCG-1,0.022786,0.078596,0.279519,0.6191
AGGACAGTCGAATCCC-1,0.000564,0.016852,0.486172,0.496412
AGGACATCGCACGTCG-1,0.000033,0.124345,0.201479,0.674142
AGGACATCGGCACACT-1,0.555721,0.021191,0.048719,0.374369
AGGACGACCCATTAGA-1,0.000023,0.000023,0.000152,0.999801
AGGACGCTCGATGTTG-1,0.000021,0.029239,0.000021,0.970719
AGGACTTATAGGAGAA-1,0.000023,0.021844,0.000504,0.977629
AGGAGACATCCACAGT-1,0.000035,0.126377,0.064341,0.809247
AGGAGAGTCTGGCTAC-1,0.000029,0.279024,0.013418,0.707529
AGGAGGCCTTCGCGCG-1,0.010254,0.107532,0.562694,0.31952
AGGATAAAGTCGGGAT-1,0.006519,0.001198,0.046547,0.945737
AGGATATAGGGATTTA-1,0.007004,0.092006,0.218923,0.682067
AGGATATCCGACTGCA-1,0.854347,0.011905,0.002459,0.131289
AGGATCACGCGATCTG-1,0.000021,0.000934,0.150132,0.848913
AGGATTGCTTACGACA-1,0.000018,0.11306,0.02493,0.861992
AGGCACGTGACTGTCC-1,0.015683,0.000019,0.078472,0.905826
