Barcode,Topic 1,Topic 2to3,Topic 4,Topic 5to6
AAACAACGAATAGTTC-1,0.236039,0.439291,0.297204,0.027467
AAACAAGTATCTCCCA-1,0.197726,0.329486,0.059969,0.412818
AAACAATCTACTAGCA-1,0.171248,0.123012,0.6767,0.02904
AAACACCAATAACTGC-1,0.011818,0.696258,0.031088,0.260837
AAACAGAGCGACTCCT-1,0.962684,0.037068,0.000083,0.000165
AAACAGCTTTCAGAAG-1,0.011751,0.079107,0.160958,0.748184
AAACAGGGTCTATATT-1,0.042587,0.382175,0.075468,0.49977
AAACAGTGTTCCTGGG-1,0.023455,0.396189,0.053534,0.526822
AAACATGGTGAGAGGA-1,0.213017,0.287796,0.102189,0.396998
AAACATTTCCCGGATT-1,0.151954,0.43339,0.050334,0.364322
AAACCACTACACAGAT-1,0.819356,0.045725,0.106375,0.028545
AAACCCGAACGAAATC-1,0.039179,0.488632,0.174086,0.298103
AAACCGGAAATGTTAA-1,0.039923,0.53591,0.135668,0.288499
AAACCGGGTAGGTACC-1,0.018344,0.668166,0.074223,0.239267
AAACCGTTCGTCCAGG-1,0.012822,0.566583,0.117578,0.303017
AAACCTAAGCAGCCGG-1,0.200792,0.157451,0.072351,0.569406
AAACCTCATGAAGTTG-1,0.002429,0.245965,0.078122,0.673483
AAACGAAGAACATACC-1,0.999674,0.000131,0.000065,0.00013
AAACGAAGATGGAGTA-1,0.231249,0.329316,0.042646,0.396789
AAACGACAGTCTTGCC-1,0.852334,0.008001,0.109798,0.029867
AAACGAGACGGTTGAT-1,0.027788,0.227144,0.21982,0.525248
AAACGCCCGAGATCGG-1,0.572955,0.001542,0.421317,0.004186
AAACGCTGGGCACGAC-1,0.060744,0.536936,0.035332,0.366988
AAACGGGCGTACGGGT-1,0.51375,0.176524,0.009801,0.299924
AAACGGGTTGGTATCC-1,0.152816,0.403607,0.378082,0.065495
AAACGGTTGCGAACTG-1,0.008752,0.693167,0.05791,0.240172
AAACGTGTTCGCCCTA-1,0.628178,0.052754,0.031499,0.287569
AAACTAACGTGGCGAC-1,0.742546,0.001048,0.25395,0.002456
AAACTCGGTTCGCAAT-1,0.014367,0.002864,0.163815,0.818954
AAACTCGTGATATAAG-1,0.035978,0.183129,0.193233,0.58766
AAACTGCTGGCTCCAA-1,0.054959,0.559486,0.07821,0.307344
AAACTTAATTGCACGC-1,0.008788,0.344507,0.067684,0.579021
AAACTTGCAAACGTAT-1,0.486648,0.412941,0.000059,0.100352
AAAGAATGACCTTAGA-1,0.029364,0.187322,0.079551,0.703763
AAAGAATGTGGACTAA-1,0.200354,0.025079,0.561328,0.213239
AAAGACATGAAGTTTA-1,0.642094,0.357646,0.000087,0.000174
AAAGACCCAAGTCGCG-1,0.371268,0.076377,0.156556,0.395798
AAAGACTGGGCGCTTT-1,0.209219,0.395302,0.036675,0.358804
AAAGCTTGCCTACATA-1,0.000691,0.237,0.191229,0.571081
AAAGGCCCTATAATAC-1,0.034408,0.304219,0.094443,0.56693
AAAGGCTACGGACCAT-1,0.091413,0.218932,0.055836,0.633819
AAAGGCTCTCGCGCCG-1,0.072102,0.227696,0.060993,0.639209
AAAGGGATGTAGCAAG-1,0.084655,0.090148,0.244636,0.580561
AAAGGGCAGCTTGAAT-1,0.084708,0.915032,0.000087,0.000173
AAAGGTAAGCTGTACC-1,0.920128,0.053622,0.004639,0.021611
AAAGGTCAACGACATG-1,0.847874,0.151898,0.000076,0.000152
AAAGTAGCATTGCTCA-1,0.011505,0.410241,0.005597,0.572656
AAAGTCACTGATGTAA-1,0.159069,0.242887,0.515106,0.082938
AAAGTCGACCCTCAGT-1,0.064398,0.529716,0.059126,0.346761
AAAGTGCCATCAATTA-1,0.064964,0.364342,0.164555,0.406138
AAAGTGTGATTTATCT-1,0.008096,0.251645,0.279898,0.460361
AAAGTTGACTCCCGTA-1,0.000038,0.096943,0.162047,0.740972
AAATAACCATACGGGA-1,0.811705,0.188037,0.000086,0.000172
AAATAAGGTAGTGCCC-1,0.005429,0.274364,0.223436,0.496771
AAATACCTATAAGCAT-1,0.0019,0.188232,0.084075,0.725793
AAATAGCTTAGACTTT-1,0.010926,0.89963,0.040934,0.04851
AAATAGGGTGCTATTG-1,0.093378,0.024208,0.280836,0.601578
AAATCACTCCTAAACG-1,0.805281,0.001991,0.185578,0.00715
AAATCCGATACACGCC-1,0.740372,0.206857,0.000042,0.052729
AAATCGCGGAAGGAGT-1,0.443458,0.100843,0.133237,0.322461
AAATCGTGTACCACAA-1,0.022361,0.68678,0.140031,0.150828
AAATCTAGCCCTGCTA-1,0.208547,0.16067,0.049972,0.580811
AAATCTGCCCGCGTCC-1,0.035046,0.126395,0.026984,0.811574
AAATGATTCGATCAGC-1,0.004189,0.016222,0.243126,0.736463
AAATGCTCGTTACGTT-1,0.034077,0.057511,0.578991,0.329421
AAATGGCATGTCTTGT-1,0.568087,0.382333,0.039572,0.010008
AAATGGCCCGTGCCCT-1,0.020305,0.43195,0.064805,0.482939
AAATGGTCAATGTGCC-1,0.016422,0.368017,0.229974,0.385587
AAATGTATCTTATCCC-1,0.04476,0.159128,0.211997,0.584115
AAATGTGGGTGCTCCT-1,0.294342,0.079687,0.612569,0.013401
AAATTAACGGGTAGCT-1,0.029175,0.368048,0.108981,0.493797
AAATTAATAAGCGCGA-1,0.086661,0.426787,0.051602,0.43495
AAATTACACGACTCTG-1,0.780479,0.219219,0.000101,0.000202
AAATTACCTATCGATG-1,0.012054,0.305071,0.097174,0.585701
AAATTCCAGGTCCAAA-1,0.039139,0.384162,0.186107,0.390592
AAATTGATAGTCCTTT-1,0.055071,0.457653,0.151606,0.33567
AAATTGCGGCGGTTCT-1,0.609578,0.377154,0.000088,0.013179
AAATTGGTGAGAAGCA-1,0.957281,0.042438,0.000094,0.000188
AAATTTACCGAAATCC-1,0.953732,0.033871,0.009102,0.003294
AAATTTGCGGGTGTGG-1,0.00073,0.526251,0.08078,0.39224
AACAACTGGTAGTTGC-1,0.086944,0.005411,0.211069,0.696576
AACAATACATTGTCGA-1,0.056525,0.301943,0.288562,0.35297
AACAATTACTCTACGC-1,0.053166,0.804021,0.046667,0.096146
AACACACGCTCGCCGC-1,0.169003,0.315264,0.122693,0.39304
AACACGACTGTACTGA-1,0.480859,0.001464,0.450527,0.06715
AACACGAGACGCGGCC-1,0.023949,0.228223,0.128092,0.619736
AACACGCGGCCGCGAA-1,0.685491,0.255232,0.019082,0.040195
AACAGCTGTGTGGCAA-1,0.011661,0.48976,0.05788,0.440699
AACAGGAAATCGAATA-1,0.598163,0.268086,0.074228,0.059524
AACAGGATGGGCCGCG-1,0.037605,0.715242,0.030503,0.216649
AACAGGTAGTATGGAT-1,0.014442,0.314024,0.187648,0.483886
AACATATCAACTGGTG-1,0.045626,0.395072,0.059707,0.499595
AACATCGATACGTCTA-1,0.666127,0.226707,0.008262,0.098903
AACATTGAAGTTGATC-1,0.037878,0.274212,0.102122,0.585788
AACATTGGTCAGCCGT-1,0.132884,0.411605,0.437465,0.018046
AACATTGTGACTCGAG-1,0.035868,0.470585,0.021947,0.4716
AACCAAGACTTCTCTG-1,0.009009,0.352959,0.205694,0.432339
AACCAGTATCACTCTT-1,0.794624,0.102245,0.094128,0.009004
AACCATAGGGTTGAAC-1,0.000022,0.025197,0.058929,0.915852
AACCATGGGATCGCTA-1,0.030004,0.278028,0.436787,0.255181
AACCCAGAGACGGAGA-1,0.023724,0.228636,0.562565,0.185075
AACCCATCCCATGATC-1,0.207156,0.038328,0.113073,0.641443
AACCCGACAACCCGTG-1,0.031462,0.256585,0.179775,0.532178
AACCCGAGCAGAATCG-1,0.00146,0.365507,0.082148,0.550885
AACCCGATAGGGCTTC-1,0.896007,0.103775,0.000073,0.000145
AACCCTACTGTCAATA-1,0.000068,0.175614,0.153565,0.670753
AACCCTGGTGGAACCA-1,0.715857,0.270213,0.008931,0.004999
AACCGAGCTTGGTCAT-1,0.213319,0.412847,0.224016,0.149817
AACCGCTAAGGGATGC-1,0.000084,0.010498,0.318997,0.670421
AACCGTTGTGTTTGCT-1,0.781184,0.167162,0.013256,0.038398
AACCTAAAGCCGTCCG-1,0.769256,0.230463,0.000094,0.000188
AACCTCGCTTTAGCCC-1,0.088393,0.622559,0.022696,0.266352
AACCTGTCACGGAATT-1,0.003256,0.234328,0.25212,0.510297
AACCTTTAAATACGGT-1,0.037253,0.470656,0.244694,0.247397
AACCTTTACGACGTCT-1,0.645225,0.193095,0.020141,0.141539
AACGAAAGTCGTCCCA-1,0.28101,0.313136,0.050891,0.354962
AACGACCTCCTAGCCG-1,0.049851,0.449845,0.082818,0.417486
AACGATAATGCCGTAG-1,0.189364,0.287395,0.109639,0.413602
AACGATAGAAGGGCCG-1,0.156914,0.068761,0.518638,0.255687
AACGATATGTCAACTG-1,0.018352,0.644938,0.07314,0.26357
AACGCATGATCTGGGT-1,0.031695,0.210034,0.11811,0.640161
AACGCGAACGGCAACA-1,0.563971,0.299309,0.112957,0.023763
AACGCGACCTTGGGCG-1,0.043493,0.40676,0.148898,0.400849
AACGCGGTCTCCAGCC-1,0.165243,0.557135,0.119509,0.158113
AACGCTGTTGCTGAAA-1,0.06214,0.401627,0.059254,0.476979
AACGGACGTACGTATA-1,0.064602,0.214381,0.494965,0.226051
AACGGCCATCTCCGGT-1,0.004458,0.097487,0.127006,0.77105
AACGTACTGTGGGTAC-1,0.005724,0.369493,0.14482,0.479963
AACGTAGTCTACCCAT-1,0.151985,0.258499,0.442599,0.146917
AACGTCAGACTAGTGG-1,0.069692,0.693552,0.056183,0.180573
AACGTGATGAAGGACA-1,0.327719,0.459928,0.045115,0.167238
AACGTGCGAAAGTCTC-1,0.011323,0.162751,0.131073,0.694853
AACGTTATCAGCACCT-1,0.00043,0.062557,0.093307,0.843706
AACTACCCGTTTGTCA-1,0.041764,0.526575,0.076143,0.355518
AACTAGCGTATCGCAC-1,0.198412,0.437792,0.316541,0.047256
AACTAGGCTTGGGTGT-1,0.062096,0.056398,0.070168,0.811337
AACTCAAGTTAATTGC-1,0.033338,0.20658,0.148919,0.611163
AACTCCAGAGCGTGTT-1,0.115568,0.555513,0.010561,0.318358
AACTCCTAATCCCATG-1,0.615726,0.038005,0.30621,0.040059
AACTCGATAAACACGT-1,0.228611,0.128228,0.566869,0.076292
AACTCGATGGCGCAGT-1,0.025528,0.581969,0.27538,0.117123
AACTCTCAATAGAGCG-1,0.000038,0.035711,0.305688,0.658563
AACTCTCAGTGTGCTC-1,0.011439,0.402435,0.04637,0.539756
AACTGAGGTCAGCGTC-1,0.85158,0.148144,0.000092,0.000184
AACTGAGTTATACTGA-1,0.422547,0.568195,0.004668,0.004591
AACTGATATTAGGCCT-1,0.252858,0.083045,0.475632,0.188465
AACTGGGTCCCGACGT-1,0.191092,0.561364,0.161121,0.086423
AACTGGGTTCGAGCCG-1,0.955159,0.044603,0.000079,0.000159
AACTGGTGTGGGCCTT-1,0.670431,0.320313,0.000131,0.009126
AACTTCTGCGTCTATC-1,0.404997,0.457402,0.10204,0.035561
AACTTGCCCGTATGCA-1,0.023148,0.538615,0.152137,0.2861
AACTTGCGTTCTCGCG-1,0.120416,0.081061,0.551236,0.247287
AACTTTACGGGAGCTT-1,0.129324,0.53265,0.155057,0.182969
AACTTTAGCTGCTGAG-1,0.46349,0.15959,0.285376,0.091543
AACTTTCTCGATCATG-1,0.047736,0.484378,0.303537,0.164349
AAGAAATCACCAGATT-1,0.004699,0.046135,0.207873,0.741292
AAGAAGGATCAGTTAG-1,0.122733,0.19944,0.375783,0.302044
AAGACATACGTGGTTT-1,0.262836,0.677721,0.012417,0.047026
AAGACCAAATAACTCA-1,0.05425,0.032512,0.553289,0.359949
AAGACCCAACTGAACA-1,0.079327,0.344645,0.079733,0.496295
AAGACTAACCCGTTGT-1,0.963285,0.03652,0.000065,0.00013
AAGACTCACGCCCACT-1,0.819702,0.176041,0.004102,0.000155
AAGACTGCAAGCTACT-1,0.002305,0.10026,0.370468,0.526967
AAGAGATGAATCGGTA-1,0.001403,0.552384,0.045907,0.400305
AAGAGCTCTTTATCGG-1,0.0311,0.111879,0.349338,0.507683
AAGAGGATGTACGCGA-1,0.060729,0.395789,0.09961,0.443872
AAGAGGCATGGATCGC-1,0.013631,0.508544,0.174867,0.302958
AAGAGGCCCTTTGGAA-1,0.005226,0.081234,0.135495,0.778045
AAGATGGCACCGGACC-1,0.113914,0.090053,0.407424,0.388609
AAGATTGGCGGAACGT-1,0.062439,0.191461,0.107658,0.638442
AAGCACCCTGCGTATC-1,0.049094,0.476533,0.065105,0.409268
AAGCATACTCTCCTGA-1,0.190199,0.623842,0.039978,0.145981
AAGCCGAAGCGGTTTA-1,0.029137,0.687218,0.069063,0.214582
AAGCCGCCGTGAAATC-1,0.002573,0.317852,0.080214,0.599361
AAGCCGCTTTACCTTG-1,0.156698,0.768519,0.007506,0.067277
AAGCCGGAGAGCAGGA-1,0.043964,0.457922,0.178515,0.319599
AAGCGCAGGGCTTTGA-1,0.065591,0.291943,0.022488,0.619978
AAGCGGAGTGCGCGCA-1,0.999694,0.000122,0.000061,0.000122
AAGCGGCGTCATGGGT-1,0.879733,0.043525,0.048526,0.028216
AAGCGTCCCTCATCGA-1,0.012174,0.556369,0.067781,0.363676
AAGCTAGATCGAGTAA-1,0.298869,0.007837,0.625015,0.06828
AAGCTCGTGCCAAGTC-1,0.000055,0.39145,0.299108,0.309387
AAGCTCTTTCATGGTG-1,0.08881,0.333939,0.065254,0.511997
AAGGAGAACTTATAAG-1,0.517623,0.229296,0.192837,0.060243
AAGGAGCGGTTGGTGC-1,0.046177,0.460349,0.244571,0.248903
AAGGATCGATCGCTTG-1,0.00149,0.070666,0.292469,0.635376
AAGGATGAGGGACCTC-1,0.061585,0.306112,0.160083,0.472221
AAGGCAGGCTGTCTCC-1,0.02791,0.471587,0.168551,0.331952
AAGGCGCGTAAAGCTT-1,0.084904,0.229128,0.267259,0.418709
AAGGCTGTGCTCATCG-1,0.025364,0.035296,0.674945,0.264395
AAGGGAACGACTGGCT-1,0.017044,0.308139,0.059428,0.615389
AAGGGACAGATTCTGT-1,0.0631,0.538143,0.262081,0.136677
AAGGGACTATGCATTC-1,0.011933,0.236419,0.151347,0.6003
AAGGGTTTGATTTCAG-1,0.274267,0.52585,0.01382,0.186064
AAGGTATCCTAATATA-1,0.009191,0.067327,0.435118,0.488363
AAGGTGATAAACCAGC-1,0.008759,0.376871,0.152598,0.461772
AAGTAAGCTTCCAAAC-1,0.116015,0.181731,0.67097,0.031285
AAGTAGAAGACCGGGT-1,0.080956,0.397824,0.18632,0.3349
AAGTAGTGACGCGAGG-1,0.113979,0.252198,0.184232,0.449591
AAGTCAATTGTCGTCA-1,0.00004,0.339811,0.218726,0.441422
AAGTCTAGTAGCTGCC-1,0.000019,0.008805,0.265214,0.725962
AAGTCTTCTGTGGCCT-1,0.06861,0.26437,0.030618,0.636402
AAGTGACGACCGAATT-1,0.031932,0.672062,0.059434,0.236572
AAGTGAGTCGGGTTTA-1,0.056706,0.191691,0.123539,0.628064
AAGTGCAAAGGTAGAC-1,0.050573,0.249264,0.180076,0.520087
AAGTGCCTTGACTGTA-1,0.041682,0.067146,0.2352,0.655972
AAGTGCGTTAGAATCT-1,0.009444,0.120407,0.109937,0.760211
AAGTGCTTCTCTATTG-1,0.003094,0.486672,0.003431,0.506802
AAGTGTTTGGAGACGG-1,0.131684,0.667829,0.040163,0.160323
AAGTTCACTCCAAGCT-1,0.116443,0.350967,0.053207,0.479382
AAGTTCAGTCTGCGTA-1,0.058797,0.511626,0.053308,0.376269
AAGTTCGGCCAACAGG-1,0.038984,0.206256,0.151191,0.603569
AAGTTGTGATGTTATA-1,0.085205,0.288952,0.280496,0.345347
AAGTTTACTAATGGCA-1,0.9994,0.00024,0.00012,0.00024
AAGTTTATGGGCCCAA-1,0.062884,0.512594,0.074429,0.350093
AATAACAACGCTCGGC-1,0.011884,0.196604,0.041967,0.749546
AATAACACTAGAACAA-1,0.00567,0.16639,0.201359,0.626581
AATAAGTCCTCGAGAC-1,0.765075,0.234772,0.000051,0.000102
AATAATCTTCGTATCG-1,0.155192,0.671683,0.059797,0.113328
AATACAATGTTTCAGG-1,0.006874,0.540488,0.114555,0.338082
AATACCGGAGGGCTGT-1,0.108442,0.328289,0.014764,0.548505
AATAGAACAGAGTGGC-1,0.002465,0.331951,0.048503,0.617081
AATAGAATCTGTTTCA-1,0.000604,0.0052,0.107764,0.886432
AATAGCAAGCCTCCTG-1,0.684801,0.000152,0.314811,0.000236
AATAGCTACCGCGTGC-1,0.07102,0.47199,0.111486,0.345503
AATAGTCCGTCCCGAC-1,0.120571,0.272824,0.06727,0.539334
AATAGTCGCGAGTCGG-1,0.042163,0.4517,0.409834,0.096303
AATATCAAGGTCGGAT-1,0.639374,0.213011,0.000083,0.147533
AATATCCTAGCAAACT-1,0.058233,0.373238,0.060824,0.507705
AATATCGAATCAATGC-1,0.00134,0.213583,0.190202,0.594875
AATATCGAGGGTTCTC-1,0.002813,0.610427,0.070409,0.316351
AATATTGGAGTATTGA-1,0.042488,0.435058,0.098323,0.424131
AATCAGACTGCAGGAC-1,0.720807,0.267462,0.009477,0.002255
AATCAGGTTTCATTTA-1,0.073636,0.435716,0.137889,0.352758
AATCATGTAAAGACTC-1,0.015602,0.475687,0.062192,0.446519
AATCCAAGGGCCTGAG-1,0.118178,0.04082,0.679976,0.161027
AATCCATGCAAGGGTG-1,0.639359,0.23214,0.090631,0.03787
AATCGCCTCAGCGCCA-1,0.003029,0.428394,0.058228,0.510348
AATCGCGCAGAGGACT-1,0.109049,0.678038,0.088436,0.124477
AATCGGGACACTACGA-1,0.772245,0.226938,0.000642,0.000175
AATCGGTATAGCCCTC-1,0.675033,0.069467,0.007848,0.247652
AATCGTGAGCCGAGCA-1,0.471026,0.258293,0.074475,0.196206
AATCTAGGTTTACTTG-1,0.020895,0.085465,0.098283,0.795357
AATCTATGCCGGAGCC-1,0.010007,0.252254,0.119429,0.61831
AATCTCTACTGTGGTT-1,0.032195,0.135643,0.06622,0.765942
AATCTGCGTTGGGACG-1,0.017731,0.591429,0.060535,0.330305
AATCTGGCTTTCTAGT-1,0.026688,0.120697,0.283007,0.569609
AATCTGGGTAGACCCT-1,0.886176,0.030784,0.062393,0.020647
AATGACAGCAATGTCT-1,0.017016,0.477892,0.240301,0.264791
AATGACGTAGGATGTC-1,0.002472,0.302995,0.053968,0.640564
AATGACTGTCAGCCGG-1,0.06262,0.680318,0.058979,0.198083
AATGAGTTCGCATATG-1,0.11619,0.230794,0.424061,0.228956
AATGATGATACGCTAT-1,0.041104,0.639076,0.037843,0.281978
AATGATGCGACTCCTG-1,0.027244,0.603337,0.104702,0.264717
AATGCAACCGGGTACC-1,0.125992,0.235141,0.110807,0.52806
AATGCACCAAGCAATG-1,0.00332,0.252889,0.079926,0.663865
AATGGCCGCCAATGCG-1,0.878518,0.105187,0.005647,0.010648
AATGGTCCACCGTTCA-1,0.05748,0.449191,0.185035,0.308293
AATGGTTCTCACAAGC-1,0.769546,0.179552,0.001275,0.049627
AATGTATGGCACTGTA-1,0.05045,0.250967,0.068637,0.629946
AATGTGCCCGAGGTGT-1,0.012577,0.378696,0.028739,0.579988
AATGTGCTAATCTGAG-1,0.150524,0.401505,0.052832,0.395138
AATGTTGTCGTGAGAC-1,0.102529,0.672559,0.065163,0.159749
AATTAAAGGTCGGCGT-1,0.000236,0.420303,0.152552,0.426908
AATTAACGGATTTCCA-1,0.109389,0.024328,0.067105,0.799179
AATTACGAGACCCATC-1,0.208409,0.300568,0.042728,0.448296
AATTACTCGTACGCTC-1,0.039933,0.144929,0.37191,0.443228
AATTAGCGCTGCAGCG-1,0.053958,0.42845,0.103527,0.414066
AATTCATAAGGGATCT-1,0.06437,0.604073,0.073155,0.258401
AATTCATTGTCATGCA-1,0.027003,0.069946,0.104853,0.798197
AATTCCAACTTGGTGA-1,0.300929,0.326067,0.322204,0.0508
AATTCCAAGCATGTAC-1,0.000526,0.043801,0.080949,0.874724
AATTCGATTCGAGGAT-1,0.049128,0.454412,0.012349,0.484111
AATTCTAGAGTTAGGC-1,0.001461,0.222471,0.047508,0.72856
AATTGAACGCTCTGGT-1,0.001493,0.35615,0.06492,0.577438
AATTGCAGCAATCGAC-1,0.215436,0.035435,0.728222,0.020907
AATTGCGTGGATTACA-1,0.05072,0.207518,0.423915,0.317847
AATTGTGGTTGCCAAA-1,0.020105,0.157794,0.324361,0.497741
AATTTGGGACATAGTA-1,0.839684,0.112093,0.034934,0.013289
AATTTGGTTCCAAAGA-1,0.752261,0.235123,0.003185,0.009431
ACAAACCATGCGTCCT-1,0.0064,0.053757,0.051344,0.888499
ACAAACCGACAAGGCG-1,0.723204,0.276546,0.000083,0.000167
ACAAAGAAGGTAGGCC-1,0.029114,0.53717,0.042335,0.391382
ACAAAGCATGACCTAG-1,0.278195,0.59015,0.027059,0.104596
ACAAATCGCACCGAAT-1,0.024873,0.298837,0.095957,0.580333
ACAAATGGTAGTGTTT-1,0.000281,0.395137,0.106831,0.497751
ACAAATTCAGATCTGA-1,0.837919,0.042884,0.071299,0.047899
ACAACAGCATGAGCTA-1,0.166547,0.066026,0.208801,0.558626
ACAACGGTCCCTGCGA-1,0.110745,0.723291,0.048421,0.117544
ACAAGCAGTGCCTAGC-1,0.147637,0.433415,0.108841,0.310106
ACAAGCTATATGGAAG-1,0.05446,0.170916,0.046405,0.728218
ACAAGGAAATCCGCCC-1,0.020822,0.295562,0.098181,0.585435
ACAAGGACAAGAGGTT-1,0.034234,0.474387,0.1536,0.337779
ACAAGGATGCTTTAGG-1,0.065667,0.572186,0.040159,0.321988
ACAAGGCCTACCAGCC-1,0.773948,0.015837,0.1921,0.018115
ACAAGGGCAGGCTCTG-1,0.008051,0.187962,0.152115,0.651872
ACAATAGTCGTACGTT-1,0.084934,0.416698,0.193898,0.304471
ACAATCCATTTAAACC-1,0.037032,0.054027,0.271101,0.63784
ACAATCGATCTTTATA-1,0.354679,0.262754,0.331423,0.051145
ACAATGAATACGGAGA-1,0.031509,0.317286,0.066635,0.584569
ACAATGATTCTTCTAC-1,0.833023,0.154669,0.000077,0.012231
ACAATTGTGTCTCTTT-1,0.057119,0.890297,0.050915,0.00167
ACAATTTAGGAGGCTC-1,0.056207,0.470283,0.053869,0.419641
ACAATTTGAGCAGTGG-1,0.024529,0.346913,0.128622,0.499936
ACAATTTGGCCATATT-1,0.020145,0.500196,0.15406,0.325599
ACACAAAGACGGGTGG-1,0.031097,0.126754,0.329457,0.512693
ACACAAATATTCCTAG-1,0.999574,0.000171,0.000085,0.000171
ACACACCAGGACCAGT-1,0.012919,0.278304,0.112556,0.596221
ACACACTTTCTACACG-1,0.651243,0.102537,0.196771,0.049448
ACACATGATCAAATCT-1,0.016095,0.618843,0.039802,0.32526
ACACATTGACGCAACA-1,0.573552,0.423851,0.000219,0.002378
ACACATTTCCGTAGAC-1,0.299817,0.421501,0.00009,0.278592
ACACCACATAATTAGC-1,0.026586,0.413242,0.108883,0.45129
ACACCCAGCATGCAGC-1,0.017446,0.144449,0.280708,0.557397
ACACCCGAGAAATCCG-1,0.424875,0.408868,0.069217,0.09704
ACACCCGTAAATCTGT-1,0.953376,0.01034,0.028402,0.007883
ACACCGAGCGCTCTTT-1,0.000025,0.00649,0.643749,0.349736
ACACCGGTCTGACCGC-1,0.08559,0.034118,0.362622,0.51767
ACACCTTAAGTAGGGC-1,0.140872,0.243839,0.217515,0.397774
ACACCTTACTACTTGC-1,0.000127,0.390734,0.241376,0.367763
ACACGAGACTCCTTCT-1,0.040737,0.241421,0.253859,0.463983
ACACGGCACTATGCAT-1,0.798231,0.147624,0.018265,0.03588
ACACGGGAACTTAGGG-1,0.301501,0.140402,0.116831,0.441265
ACACGTAGGCCACAAG-1,0.001899,0.030669,0.134895,0.832537
ACACTCCAATGTCACT-1,0.133075,0.142685,0.504644,0.219596
ACACTGATCAAGGTGT-1,0.003054,0.291972,0.154042,0.550932
ACACTGGGACAGTCGT-1,0.017911,0.201827,0.112555,0.667708
ACAGAACTGAGAACAA-1,0.00263,0.271994,0.090802,0.634574
ACAGATTAGGTTAGTG-1,0.682657,0.006982,0.296581,0.013781
ACAGCATAGAGCCAGT-1,0.186139,0.037014,0.744842,0.032004
ACAGCGACATTCTCAT-1,0.100328,0.476245,0.194303,0.229125
ACAGCGCACCCGCAGC-1,0.450259,0.477153,0.00799,0.064598
ACAGGAGGCGCAGCCG-1,0.233959,0.271156,0.475078,0.019807
ACAGGCACGGATCCTT-1,0.19079,0.35046,0.060393,0.398357
ACAGGCTTGCCCGACT-1,0.27668,0.606244,0.024783,0.092293
ACAGGTGGAGGTGAGG-1,0.043699,0.217119,0.064227,0.674955
ACAGGTGTGTTGTTGC-1,0.02046,0.137244,0.143284,0.699011
ACAGTAATACAACTTG-1,0.069485,0.584659,0.027719,0.318137
ACAGTATACCGTGGGA-1,0.076757,0.320615,0.244375,0.358253
ACAGTGCAGCGCATTT-1,0.416894,0.00007,0.582751,0.000285
ACATAAGTCGTGGTGA-1,0.199466,0.383109,0.042786,0.374639
ACATAATAAGGCGGTG-1,0.210179,0.179702,0.464752,0.145367
ACATCAGCTGGGACGC-1,0.059941,0.205039,0.241676,0.493344
ACATCCCGGCCATACG-1,0.000081,0.3019,0.062542,0.635477
ACATCCTGGTAACTGT-1,0.018839,0.14842,0.266219,0.566522
ACATCGATCGTTTACC-1,0.000066,0.11314,0.132654,0.75414
ACATCGGTCAGCCGCG-1,0.002259,0.01225,0.187849,0.797642
ACATCGTATGCAATGG-1,0.0001,0.005285,0.174148,0.820467
ACATCGTTAACCTAGT-1,0.752655,0.104721,0.096822,0.045803
ACATCTCAACGCGTAA-1,0.979876,0.011046,0.007233,0.001846
ACATGGCGCCAAAGTA-1,0.006377,0.416276,0.186965,0.390383
ACATGGCTCAATTTAG-1,0.484795,0.037228,0.399445,0.078532
ACATTAGTTTATATCC-1,0.003332,0.723349,0.057886,0.215433
ACATTCGCGCGGAATA-1,0.002094,0.622635,0.011013,0.364259
ACCAAACACCCAGCGA-1,0.663974,0.335824,0.000067,0.000134
ACCAAACTAGAAATCC-1,0.620588,0.288423,0.074447,0.016543
ACCAACACCACACACT-1,0.001289,0.005385,0.19161,0.801715
ACCAACCGCACTCCAC-1,0.010785,0.001317,0.063825,0.924073
ACCAACGCTTATTTAT-1,0.071141,0.203703,0.110541,0.614616
ACCAAGAACGCGTGTC-1,0.023394,0.020655,0.838687,0.117265
ACCAAGTCATCGGCAG-1,0.283939,0.566686,0.069506,0.079869
ACCAATATGCAAGTTA-1,0.021869,0.214744,0.141858,0.621529
ACCACAACTCAGAACA-1,0.893959,0.105855,0.000062,0.000124
ACCACAAGTTTCTATC-1,0.064888,0.141837,0.159267,0.634009
ACCACCAATGTAACAA-1,0.023427,0.419412,0.174446,0.382715
ACCACCCTCTCTTCTA-1,0.009106,0.133914,0.190965,0.666014
ACCACGTGCAGCTATA-1,0.002761,0.028767,0.140201,0.828271
ACCACTGTTCAAGAAG-1,0.165245,0.282588,0.271202,0.280966
ACCAGACCATAACAAC-1,0.039855,0.275994,0.037631,0.64652
ACCAGCCCGGTCTTTG-1,0.787771,0.069575,0.123339,0.019315
ACCAGGAGTGTGATCT-1,0.046269,0.209003,0.690514,0.054215
ACCAGTGCCCGGTCAA-1,0.796619,0.112703,0.087505,0.003173
ACCAGTGCGGGAGACG-1,0.010197,0.214169,0.191619,0.584015
ACCATATCCGCAATAA-1,0.018941,0.311882,0.103693,0.565484
ACCATCCGCCAACTAG-1,0.105041,0.498719,0.032426,0.363814
ACCATCGTATATGGTA-1,0.026678,0.589159,0.149439,0.234725
ACCATTAAGGGTGTCA-1,0.059489,0.264284,0.524344,0.151883
ACCCAACGCCCGTGGC-1,0.056785,0.278319,0.227595,0.437301
ACCCACCTACATGCTC-1,0.069319,0.438682,0.079182,0.412817
ACCCATCTTGAGGGTA-1,0.052861,0.562128,0.027395,0.357615
ACCCATTTGTCCCTCT-1,0.080802,0.16476,0.241039,0.513399
ACCCGAGCGAAATTAC-1,0.034897,0.682708,0.021062,0.261334
ACCCGATTGGTTCCGA-1,0.000429,0.356842,0.10422,0.53851
ACCCGGAAACTCCCAG-1,0.039495,0.198636,0.103357,0.658512
ACCCGGAGCACCACAA-1,0.012798,0.611966,0.112453,0.262783
ACCCGGATGACGCATC-1,0.001205,0.07831,0.338078,0.582408
ACCCGGTTACACTTCC-1,0.010014,0.11544,0.202135,0.672411
ACCCGTAGCAGAGAAT-1,0.219939,0.555192,0.035211,0.189658
ACCCGTAGTCTAGTTG-1,0.463179,0.424489,0.000083,0.112249
ACCCGTGTCATCAGTA-1,0.041549,0.10785,0.120656,0.729945
ACCCTATAGGACTGAG-1,0.096973,0.205289,0.421915,0.275822
ACCCTATGCCATATCG-1,0.052877,0.260444,0.187017,0.499662
ACCCTCCCGTCAGGGC-1,0.019002,0.250203,0.057687,0.673108
ACCCTCCCTTGCTATT-1,0.005113,0.14249,0.108593,0.743804
ACCCTGGTAACGCCCT-1,0.057698,0.351215,0.135093,0.455994
ACCCTTCATCTGCGAA-1,0.808095,0.191662,0.000081,0.000162
ACCCTTGCCTGGGTCG-1,0.909407,0.090363,0.000077,0.000154
ACCCTTTAGTTCTCCA-1,0.713434,0.000116,0.283815,0.002635
ACCGAAAGGGCCCTGC-1,0.332689,0.258772,0.379625,0.028914
ACCGAAGAGTCTGGTT-1,0.281191,0.189928,0.242026,0.286855
ACCGACACATCTCCCA-1,0.015263,0.061308,0.04014,0.883288
ACCGACTGAGTCCCAC-1,0.00004,0.051807,0.336158,0.611996
ACCGAGTCTCCTTATT-1,0.300329,0.530087,0.004627,0.164958
ACCGATAGGCATAACC-1,0.015936,0.56086,0.062619,0.360584
ACCGATATTTAATCAT-1,0.023668,0.319557,0.30257,0.354205
ACCGATGGTAGCATCG-1,0.019676,0.420859,0.133217,0.426248
ACCGCAATAACTGCCT-1,0.002515,0.07771,0.329438,0.590337
ACCGCGGTGGAAGTCG-1,0.008671,0.528958,0.069994,0.392377
ACCGCTAGTCATTGGT-1,0.000145,0.522196,0.000145,0.477514
ACCGGGCCTTTGTTGA-1,0.017571,0.459969,0.221501,0.30096
ACCGGTCAGGTACACC-1,0.02052,0.318807,0.14061,0.520063
ACCGGTCTGAGTACGG-1,0.560855,0.000088,0.437133,0.001924
ACCGTCCACTGGGCCC-1,0.011921,0.052666,0.097414,0.838
ACCGTGACCACGTGGG-1,0.103781,0.51329,0.028674,0.354256
ACCGTTCCCGCTCTGA-1,0.966286,0.033417,0.000099,0.000198
ACCTAAGTACCTTTCA-1,0.000236,0.293122,0.067007,0.639635
ACCTAATCGACTTCCT-1,0.083528,0.272643,0.148636,0.495193
ACCTACAGTATGTGGT-1,0.006303,0.425071,0.185745,0.382881
ACCTACTATAAATCTA-1,0.090786,0.156583,0.034856,0.717775
ACCTCCGCCCTCGCTG-1,0.010473,0.713087,0.071152,0.205288
ACCTCCGTTATTCACC-1,0.019304,0.36643,0.213033,0.401232
ACCTCGAACTTATGCT-1,0.024461,0.347596,0.056032,0.571911
ACCTGCGTGTCATGTT-1,0.030497,0.824726,0.001682,0.143094
ACCTTTCCTTTAGAAG-1,0.325835,0.673971,0.000065,0.000129
ACGAAATGGGCGGCAC-1,0.015291,0.446403,0.20735,0.330955
ACGACCCATGAGTTGC-1,0.002416,0.231345,0.121312,0.644926
ACGACTCTAGGGCCGA-1,0.127832,0.244267,0.096451,0.53145
ACGACTGGTCATACTC-1,0.06582,0.265973,0.055784,0.612422
ACGAGAACCCATCACG-1,0.602419,0.201086,0.196313,0.000182
ACGAGATATTTGCTTA-1,0.429779,0.282143,0.070941,0.217136
ACGAGGATACCACTCT-1,0.000059,0.223755,0.081486,0.6947
ACGAGGTTTACAACGT-1,0.122154,0.380719,0.066274,0.430853
ACGAGTACGGATGCCC-1,0.003019,0.324689,0.119301,0.552991
ACGAGTCGCCGGCGTT-1,0.362312,0.458042,0.161947,0.0177
ACGATACATAGAACTA-1,0.005869,0.086093,0.387128,0.520909
ACGATACCTATCCTGA-1,0.023076,0.049683,0.297764,0.629477
ACGATCATACATAGAG-1,0.204493,0.171304,0.187517,0.436687
ACGATCATCTTGTAAA-1,0.008724,0.435329,0.16991,0.386037
ACGATGCATATGTTAT-1,0.024991,0.321177,0.086905,0.566927
ACGATGGATCCGATGC-1,0.504657,0.009021,0.476461,0.009861
ACGCAAACTAATAGAT-1,0.040296,0.122489,0.581291,0.255924
ACGCAATCACTACAGC-1,0.013406,0.612968,0.200272,0.173355
ACGCATAAATGACATG-1,0.918763,0.081109,0.000043,0.000085
ACGCATACGTTTACTA-1,0.013302,0.371635,0.223376,0.391687
ACGCATTCGTGAGTAC-1,0.214919,0.57316,0.005626,0.206295
ACGCCAGATGATTTCT-1,0.194106,0.162499,0.365118,0.278277
ACGCCAGTGCGTTTGC-1,0.527412,0.202804,0.063014,0.20677
ACGCCCAGCTGTCGAT-1,0.68954,0.310098,0.000121,0.000242
ACGCCGCTAGACGACC-1,0.041682,0.264624,0.261538,0.432156
ACGCCTGACACGCGCT-1,0.110588,0.050204,0.811084,0.028124
ACGCGAAGTCAGACGA-1,0.043669,0.025734,0.080865,0.849732
ACGCGCTACACAGGGT-1,0.028599,0.175754,0.158485,0.637162
ACGCGGGCCAAGGACA-1,0.006617,0.218117,0.287559,0.487707
ACGCGTTTCTTAAGAG-1,0.048554,0.469352,0.176693,0.305401
ACGCTAGTATCAGTGC-1,0.97808,0.021759,0.000054,0.000108
ACGCTAGTGATACACT-1,0.026936,0.349399,0.196511,0.427155
ACGCTGTGAGGCGTAG-1,0.029841,0.828853,0.009974,0.131332
ACGCTTAGTGTCTCTC-1,0.90917,0.044117,0.033545,0.013169
ACGGAATTTAGCAAAT-1,0.088979,0.218649,0.534481,0.157891
ACGGACTCTCAAAGCG-1,0.015976,0.245961,0.049202,0.688861
ACGGAGCGCAAATTAC-1,0.133734,0.559691,0.059319,0.247256
ACGGATGGTGCGGATA-1,0.08349,0.310836,0.089476,0.516198
ACGGCACTTGCTTGGG-1,0.025815,0.147341,0.103567,0.723277
ACGGCCAACATGGACT-1,0.029186,0.150793,0.072908,0.747113
ACGGCGACGATGGGAA-1,0.028058,0.360549,0.136947,0.474446
ACGGCGGGTTGCCCTG-1,0.759487,0.224834,0.012621,0.003058
ACGGCTGGATGTAGAA-1,0.025612,0.188299,0.058313,0.727775
ACGGGAGTGTCGGCCC-1,0.011033,0.474156,0.074363,0.440447
ACGGGCGTATGCGACA-1,0.000033,0.004767,0.272116,0.723085
ACGGGTCATGTGACTT-1,0.102814,0.071589,0.452948,0.372649
ACGGGTTGTGACCTGT-1,0.118854,0.518447,0.034035,0.328665
ACGGTACAGTTCAATG-1,0.223925,0.549541,0.012525,0.214008
ACGGTCACCGAGAACA-1,0.298211,0.028503,0.424879,0.248406
ACGTACAGATTTCTCT-1,0.548853,0.442601,0.000107,0.008438
ACGTACTTTGGCACGG-1,0.202134,0.280225,0.012941,0.5047
ACGTAGATTGCTGATG-1,0.011177,0.049549,0.625736,0.313538
ACGTAGGAGAGTCGCT-1,0.197055,0.491762,0.010284,0.300899
ACGTATTACTCCGATC-1,0.011505,0.287497,0.118951,0.582047
ACGTCCTAAACGAGAT-1,0.535636,0.463948,0.000139,0.000278
ACGTCGGGCAACTCGG-1,0.121326,0.014234,0.078376,0.786064
ACGTCTCGTTCCGGGA-1,0.046583,0.706853,0.040624,0.20594
ACGTGACAAAGTAAGT-1,0.18866,0.390903,0.030218,0.390219
ACGTGCGCCTCGTGCA-1,0.052207,0.193658,0.50386,0.250274
ACGTGGTCGAATGTGC-1,0.907717,0.092054,0.000076,0.000153
ACGTTAATGTCGAAGA-1,0.004742,0.316395,0.178396,0.500467
ACGTTAGATTTGCCCG-1,0.013066,0.05708,0.099235,0.830618
ACGTTATTGGTCACTC-1,0.849753,0.145035,0.00011,0.005102
ACGTTCCGCGCTCCGT-1,0.823809,0.140417,0.01212,0.023654
ACGTTCGCAATCAATT-1,0.002773,0.580173,0.255107,0.161947
ACGTTCGTTCAGGAAA-1,0.026185,0.435427,0.0475,0.490889
ACGTTCTGTACAAGTC-1,0.510897,0.075065,0.009648,0.40439
ACGTTTAGTTGTGATC-1,0.720216,0.219119,0.037696,0.022969
ACTAAGGACGCACACC-1,0.706473,0.006041,0.280808,0.006678
ACTAATACGTCAGGCG-1,0.572386,0.000061,0.425574,0.00198
ACTACAAAGAGAGGTG-1,0.00709,0.354353,0.035774,0.602783
ACTACATCCCGACAAG-1,0.004666,0.799505,0.007194,0.188636
ACTACCAGCTCTCTGG-1,0.277783,0.39799,0.048397,0.275831
ACTACGCGTTAGAATT-1,0.000047,0.144914,0.042309,0.81273
ACTAGTTGCGATCGTC-1,0.059931,0.444392,0.321478,0.174199
ACTATATGCTGTGTTC-1,0.774411,0.225236,0.000117,0.000235
ACTATCCAGGGCATGG-1,0.043,0.20491,0.141897,0.610192
ACTATCGCCGGCTAAA-1,0.017525,0.012814,0.559657,0.410003
ACTATCTGCCCGCGTA-1,0.148841,0.522844,0.02354,0.304775
ACTATGTCCAGCTGCC-1,0.078128,0.399938,0.327713,0.194221
ACTATTCGTCCGTGGT-1,0.895853,0.073522,0.0001,0.030525
ACTATTTCCGGGCCCA-1,0.03809,0.060476,0.155979,0.745456
ACTCAACGAATGTATT-1,0.676103,0.17738,0.126965,0.019551
ACTCAAGTGCAAGGCT-1,0.066315,0.920317,0.003015,0.010353
ACTCAATAAAGGCACG-1,0.07199,0.464757,0.130241,0.333012
ACTCAGACCTGCTTCT-1,0.045173,0.036263,0.228715,0.68985
ACTCATGGCAGCCTTC-1,0.010283,0.31923,0.028254,0.642232
ACTCCAATATCATCAT-1,0.116623,0.43445,0.029948,0.418979
ACTCCCATTCCTAAAG-1,0.053759,0.565538,0.023798,0.356905
ACTCCCGAATTCGTTT-1,0.002895,0.536697,0.173631,0.286777
ACTCCCGTAGACTAGG-1,0.032551,0.435605,0.144691,0.387153
ACTCCCTAATGCTAAA-1,0.265992,0.639722,0.000077,0.094209
ACTCCCTAGAATAGTA-1,0.003137,0.163826,0.073966,0.759071
ACTCCGGCCGACCACT-1,0.070697,0.304242,0.055343,0.569717
ACTCGATGTATTTCAT-1,0.740492,0.213656,0.000832,0.045021
ACTCGCCGTTCGATAA-1,0.051682,0.317293,0.079339,0.551685
ACTCGCGATCTGACGC-1,0.049358,0.607708,0.13258,0.210354
ACTCGTAACCCGTCCT-1,0.067132,0.078066,0.117287,0.737515
ACTCGTCAGTAATCCC-1,0.012936,0.297509,0.187216,0.502339
ACTCTAAACCTGGGAT-1,0.010491,0.49793,0.146315,0.345264
ACTCTCTGACTTAGGT-1,0.012335,0.082514,0.291174,0.613977
ACTCTCTTATACACGA-1,0.706962,0.277091,0.000834,0.015113
ACTCTGACCTAATAGA-1,0.031845,0.204976,0.055578,0.707602
ACTCTTCAGCTCCCGC-1,0.017239,0.588038,0.123874,0.270849
ACTCTTGTATAGTAAC-1,0.000031,0.008432,0.219888,0.771649
ACTGAAACGCCGTTAG-1,0.085382,0.521759,0.043511,0.349348
ACTGAATGGCGAAAGT-1,0.00609,0.564067,0.056871,0.372972
ACTGATTTAGTGATTC-1,0.847677,0.00166,0.128672,0.021991
ACTGCCCGCCATTCTC-1,0.399525,0.163115,0.009109,0.428251
ACTGCCGTCGTAACTC-1,0.171829,0.090952,0.58995,0.147269
ACTGCGGACACACCGT-1,0.003203,0.10776,0.298621,0.590415
ACTGCTCGGAAGGATG-1,0.14937,0.395824,0.114753,0.340053
ACTGGCGAACCTGCGT-1,0.992811,0.006963,0.000075,0.000151
ACTGGGATGCCAGTGC-1,0.011415,0.015213,0.079967,0.893405
ACTGTACGATACACAT-1,0.020504,0.269481,0.212454,0.497561
ACTGTAGCACTTTGGA-1,0.086237,0.088064,0.378839,0.44686
ACTGTATACGCGAGCA-1,0.691761,0.146385,0.08166,0.080195
ACTGTCCAGGATTATA-1,0.0859,0.207588,0.474732,0.23178
ACTGTCTTCTTTAGAA-1,0.01956,0.366718,0.152973,0.460749
ACTGTGCTAGTAGATC-1,0.08521,0.129806,0.377302,0.407681
ACTGTTTAGTGTAGGC-1,0.393598,0.605945,0.000152,0.000304
ACTTACCGGGCGCGCA-1,0.747886,0.03107,0.220022,0.001022
ACTTACGCATCCACGC-1,0.089302,0.381321,0.119961,0.409417
ACTTAGTACGACAAGA-1,0.016485,0.190771,0.557788,0.234956
ACTTATACTTACCCGG-1,0.039311,0.441386,0.391367,0.127936
ACTTATCTGATCTATA-1,0.142644,0.237723,0.594158,0.025476
ACTTATTAGGATCGGT-1,0.011938,0.311721,0.158444,0.517897
ACTTATTTATGTGCCA-1,0.005725,0.117747,0.134519,0.742009
ACTTCAGGCTGATCCC-1,0.021913,0.248667,0.206105,0.523315
ACTTCCAGTGGAAGCT-1,0.264878,0.396483,0.075316,0.263322
ACTTCCATGCGGGACA-1,0.091773,0.482343,0.015143,0.410742
ACTTCCTGTCGTGCGA-1,0.504405,0.005352,0.487772,0.00247
ACTTCGCCATACGCAC-1,0.019014,0.347563,0.099167,0.534257
ACTTCGCTAGCGAGTG-1,0.083916,0.76747,0.062952,0.085662
ACTTGACTCCCTCTTT-1,0.002406,0.057371,0.385041,0.555183
ACTTGCCATATTGTAC-1,0.382895,0.395274,0.204585,0.017245
ACTTGCTCTATCTACC-1,0.223658,0.226708,0.055461,0.494173
ACTTGGGACCCGGTGG-1,0.065023,0.183141,0.134553,0.617283
ACTTGTAGTCCCTTCA-1,0.103796,0.226857,0.007296,0.662051
ACTTGTGGATGGAACG-1,0.292756,0.70317,0.000071,0.004002
ACTTTACCCTCATGAA-1,0.005614,0.09988,0.268343,0.626162
ACTTTATACACCACTT-1,0.015692,0.582992,0.164586,0.23673
ACTTTCCTATAGCTTC-1,0.004336,0.146101,0.146455,0.703108
ACTTTGACTGCATCCT-1,0.000792,0.338902,0.125005,0.535301
ACTTTGGTCGTGCTCC-1,0.038797,0.304179,0.198486,0.458538
ACTTTGTCGACGCACT-1,0.00983,0.719603,0.108923,0.161644
AGAAATTATGACTCGC-1,0.163498,0.666447,0.028063,0.141992
AGAACCCAGCGTGACA-1,0.056004,0.598897,0.133629,0.21147
AGAACCCTCAATTGGG-1,0.000015,0.001477,0.068013,0.930495
AGAACGTGGTACATTC-1,0.092369,0.544761,0.097826,0.265045
AGAAGAGCGCCGTTCC-1,0.000517,0.08229,0.260766,0.656426
AGAAGGTACACTTCAC-1,0.036995,0.091128,0.053808,0.818069
AGAAGGTTGCCGAATT-1,0.002761,0.418378,0.087537,0.491324
AGAAGGTTGTAGGTCG-1,0.219684,0.5332,0.017674,0.229441
AGAAGTGATTCGTGAT-1,0.122633,0.433356,0.098358,0.345653
AGAATAAATCTTCAGG-1,0.004051,0.563038,0.117083,0.315828
AGAATGCGGGTTCGGA-1,0.993776,0.006038,0.000062,0.000124
AGAATTATGGATTCGA-1,0.005903,0.388347,0.15574,0.45001
AGAATTGTTTGACATA-1,0.28094,0.211473,0.405623,0.101964
AGACAGCTCAGAATCC-1,0.08147,0.611788,0.052957,0.253785
AGACAGGCATCTCAGC-1,0.007257,0.638242,0.080048,0.274453
AGACATAGATCCTTCC-1,0.774137,0.201613,0.000135,0.024114
AGACCAAACCACACCT-1,0.046741,0.364272,0.045102,0.543884
AGACCATGGGATACAA-1,0.061252,0.535708,0.284993,0.118047
AGACCCACCGCTGATC-1,0.000976,0.628385,0.007285,0.363354
AGACCCGCCCTCCTCG-1,0.082558,0.055307,0.428392,0.433743
AGACCGCTCCGCGGTT-1,0.087915,0.911939,0.000049,0.000097
AGACCGGGAAACCCTG-1,0.198138,0.413702,0.039887,0.348273
AGACGAAGTGCCGGTC-1,0.002406,0.076384,0.118702,0.802509
AGACGACGATGCCGCT-1,0.017751,0.091088,0.137793,0.753368
AGACGCCCACTTCGCC-1,0.00784,0.28882,0.198949,0.504391
AGACGGGATTGGTATA-1,0.750483,0.198139,0.026168,0.025211
AGACGGGCCGATTTAA-1,0.691772,0.011121,0.286596,0.010511
AGACTAGCCTTCCAGA-1,0.051348,0.422532,0.034764,0.491356
AGACTGTTACCGGGTC-1,0.045683,0.235952,0.118254,0.600111
AGAGAAACACCAGAAA-1,0.145633,0.413009,0.282978,0.15838
AGAGAACCGTCTAGGA-1,0.075973,0.373875,0.034221,0.515931
AGAGAAGGAGTACAAT-1,0.051259,0.373034,0.014219,0.561488
AGAGATCTCTAAAGCG-1,0.184276,0.807638,0.000068,0.008017
AGAGCAGTTATGAGAC-1,0.023559,0.700032,0.038346,0.238063
AGAGCCGCCGAGATTT-1,0.000482,0.545174,0.073547,0.380796
AGAGCGCTTGTAACGG-1,0.6745,0.117416,0.195534,0.012551
AGAGCGGGCTAATCAT-1,0.164598,0.021016,0.532638,0.281748
AGAGCGTACAAGCTCG-1,0.15187,0.38486,0.172194,0.291076
AGAGCTACGAAAGCAT-1,0.108971,0.210666,0.568826,0.111537
AGAGGCTTCGGAAACC-1,0.112959,0.454662,0.05962,0.372759
AGAGGGACAATTGTCC-1,0.986468,0.013266,0.000089,0.000177
AGAGGTATCTCGGTCC-1,0.153432,0.219441,0.544731,0.082396
AGAGTAAACTTCACTA-1,0.02624,0.490869,0.183105,0.299786
AGAGTATAGTGTTACG-1,0.092037,0.648864,0.102931,0.156168
AGAGTGAACAGACACC-1,0.907448,0.066141,0.015592,0.010818
AGAGTTAGAGACCGAT-1,0.834913,0.065594,0.081525,0.017968
AGAGTTGCAGGCCTCC-1,0.999701,0.00012,0.00006,0.00012
AGATAACTTCAGGGCC-1,0.040091,0.071841,0.264489,0.623578
AGATACCAATAGAACC-1,0.135015,0.791522,0.009999,0.063463
AGATACCAGCACTTCA-1,0.746104,0.253608,0.000096,0.000192
AGATACCGGTGTTCAC-1,0.000048,0.236178,0.079802,0.683972
AGATACGACTTCATAT-1,0.040969,0.101028,0.49593,0.362073
AGATACTCAAGATCGA-1,0.025381,0.106093,0.37637,0.492156
AGATATAATACGACTA-1,0.022087,0.009009,0.159187,0.809717
AGATCGTGCATAAGAT-1,0.017168,0.482549,0.078079,0.422204
AGATCTCAGGTGTGAT-1,0.023445,0.428883,0.251611,0.296062
AGATGACTCGCCCACG-1,0.077937,0.578772,0.064447,0.278844
AGATGAGGGTTGCGAT-1,0.66977,0.329907,0.000107,0.000215
AGATGATGGAGTCTGG-1,0.012465,0.274164,0.304495,0.408876
AGATGCAAGACGTGCA-1,0.014696,0.432584,0.05049,0.50223
AGATGCATCCTGTGTC-1,0.06101,0.461827,0.053658,0.423506
AGATGCTATAACGAGC-1,0.151818,0.368141,0.339087,0.140953
AGATTATAGGACGTTT-1,0.031175,0.284292,0.150782,0.533751
AGATTCAAGCGGGTCG-1,0.661827,0.171644,0.157497,0.009031
AGATTCACAACCGATA-1,0.017222,0.80721,0.007944,0.167624
AGCAAAGGCCGCTAGT-1,0.015777,0.575267,0.057956,0.351
AGCAACATATCTTATT-1,0.003562,0.270632,0.215837,0.509968
AGCAACCGAAAGTAAT-1,0.056989,0.151409,0.175841,0.61576
AGCACACGTTTAGACT-1,0.000042,0.005379,0.145824,0.848755
AGCACCAGTACTCACG-1,0.094449,0.431831,0.118534,0.355187
AGCACTACCGGCCTGT-1,0.002441,0.691676,0.032543,0.273341
AGCACTACCTCACCAG-1,0.12644,0.768238,0.012328,0.092994
AGCACTTAAGGACGCC-1,0.026559,0.173663,0.13745,0.662327
AGCAGAAGGAGAAAGA-1,0.129306,0.466622,0.035501,0.368572
AGCAGCCAGATGAATA-1,0.036195,0.806232,0.005554,0.15202
AGCATATCAATATGCT-1,0.058675,0.162711,0.352449,0.426165
AGCATCATTTCGAAAG-1,0.01449,0.03895,0.065484,0.881076
AGCATCGTCGATAATT-1,0.018958,0.548387,0.073937,0.358718
AGCATTACGAGGCAAG-1,0.068584,0.516132,0.227766,0.187518
AGCCAAGCTTTGTGTC-1,0.12285,0.41334,0.075883,0.387927
AGCCACAGGTTACCCG-1,0.385096,0.054521,0.470695,0.089688
AGCCACTCCCGTGCTT-1,0.017587,0.037755,0.220615,0.724043
AGCCATATAGTATGTG-1,0.0538,0.612031,0.119743,0.214426
AGCCCATACATGTAAG-1,0.086799,0.337406,0.091023,0.484772
AGCCCGCAACAAGCAG-1,0.021681,0.12244,0.112271,0.743607
AGCCCGGCATTAGAGG-1,0.052055,0.272558,0.078962,0.596425
AGCCCGGTAGCCTGTA-1,0.094384,0.496518,0.135943,0.273155
AGCCCTAAGCGAAGTT-1,0.926582,0.005601,0.033074,0.034744
AGCCCTCCCTGGTGGC-1,0.153724,0.560766,0.046872,0.238637
AGCCCTGTCGCACCGT-1,0.011526,0.199695,0.205601,0.583178
AGCCCTTCTAATCCGA-1,0.489362,0.443105,0.018188,0.049345
AGCCCTTGGACATCCC-1,0.007543,0.148271,0.148452,0.695733
AGCCGCAAATTCAAAT-1,0.017261,0.482156,0.123558,0.377024
AGCCGCTTGATTAGCG-1,0.157532,0.225292,0.517327,0.099849
AGCCGTGGCTAAATGT-1,0.010355,0.11612,0.072543,0.800981
AGCCTAATACCCACGT-1,0.000034,0.059027,0.131624,0.809314
AGCCTTAAAGCGGAAG-1,0.065983,0.280322,0.150247,0.503449
AGCCTTGTCACTGATA-1,0.031915,0.359809,0.053149,0.555126
AGCGACAGGAACGGTC-1,0.00199,0.353952,0.097276,0.546782
AGCGACATCCCATTCA-1,0.007168,0.002534,0.738156,0.252142
AGCGACCAACGATATT-1,0.022998,0.11047,0.138868,0.727664
AGCGAGACGTGAAGGC-1,0.030872,0.044635,0.109036,0.815457
AGCGATGCGCCTAATA-1,0.304395,0.235013,0.023535,0.437057
AGCGCATAATGAATCG-1,0.073234,0.158798,0.064161,0.703806
AGCGCGGGTGCCAATG-1,0.191107,0.544346,0.081688,0.18286
AGCGCTAGAGCGATGT-1,0.004389,0.191193,0.260708,0.543711
AGCGCTTATGGGCAAG-1,0.86647,0.052223,0.079731,0.001576
AGCGGACACTTCGTAG-1,0.024183,0.044768,0.186541,0.744509
AGCGGCGGTTAGCGGT-1,0.074077,0.136573,0.043404,0.745945
AGCGGGAAGGGTCCAT-1,0.016218,0.263224,0.46156,0.258998
AGCGGGTCTGACACTC-1,0.047392,0.047976,0.104575,0.800056
AGCGGTTGAGATGTAC-1,0.75572,0.244053,0.000076,0.000152
AGCGGTTGCCGCTCTG-1,0.60048,0.171517,0.209624,0.01838
AGCGTACGAGAGCTAG-1,0.374861,0.004272,0.620773,0.000095
AGCGTAGCGCTAGACC-1,0.204803,0.184636,0.580339,0.030222
AGCGTCTGAACCCGCA-1,0.750254,0.122135,0.11721,0.010401
AGCGTGGTATTCTACT-1,0.005529,0.177286,0.115493,0.701692
AGCGTTCCGATTTAAA-1,0.739263,0.097806,0.137205,0.025726
AGCTAACAAGCAATGT-1,0.072239,0.536862,0.076767,0.314132
AGCTAAGTACGCAGGC-1,0.321373,0.398303,0.017505,0.262818
AGCTAGAAGCAGAAGT-1,0.001476,0.520544,0.058288,0.419692
AGCTATTTAATCCAAC-1,0.198889,0.261331,0.462155,0.077625
AGCTCCATATATGTTC-1,0.020863,0.184441,0.122923,0.671774
AGCTCCTTCGCACATC-1,0.087794,0.687785,0.02808,0.196342
AGCTCGTTGATGGAAA-1,0.847912,0.15185,0.000079,0.000158
AGCTCTAGACGTTCCA-1,0.014169,0.060034,0.192842,0.732955
AGCTCTTCCCAGTGCA-1,0.030916,0.249482,0.113359,0.606243
AGCTCTTCGTAACCTT-1,0.000094,0.45,0.339873,0.210033
AGCTCTTTACTCAGTT-1,0.047052,0.346425,0.017137,0.589387
AGCTGAAGTAAACCAA-1,0.012453,0.01182,0.189562,0.786164
AGCTGCATTTGAGGTG-1,0.932376,0.059295,0.000096,0.008233
AGCTGCTGTGCCGAAT-1,0.733884,0.105496,0.153257,0.007363
AGCTGTAACCTCAATC-1,0.034719,0.357851,0.108121,0.499309
AGCTTATAGAGACCTG-1,0.601022,0.378138,0.01342,0.00742
AGCTTCAATACTTTGA-1,0.514443,0.485135,0.00014,0.000281
AGCTTCTTCTCGAGCA-1,0.070929,0.022409,0.836316,0.070346
AGCTTGATCAGGGTAG-1,0.141158,0.262531,0.086632,0.509679
AGCTTGATCTTAACTT-1,0.114276,0.469166,0.07022,0.346339
AGGAAAGCCTCTGATG-1,0.63579,0.112077,0.246468,0.005665
AGGAACGAACGACTTC-1,0.022294,0.144032,0.178829,0.654846
AGGAAGCTGTCCGCCG-1,0.021798,0.27625,0.042622,0.659329
AGGACAGTCGAATCCC-1,0.000034,0.202693,0.166106,0.631166
AGGACATCGCACGTCG-1,0.06627,0.19475,0.464671,0.274309
AGGACATCGGCACACT-1,0.289261,0.274902,0.043978,0.391859
AGGACGACCCATTAGA-1,0.027038,0.343153,0.065861,0.563948
AGGACGCTCGATGTTG-1,0.024926,0.480921,0.092952,0.401201
AGGACTTATAGGAGAA-1,0.115247,0.175946,0.45214,0.256667
AGGAGACATCCACAGT-1,0.008321,0.548938,0.033345,0.409395
AGGAGAGTCTGGCTAC-1,0.10647,0.386855,0.26438,0.242295
