Barcode,Topic 1,Topic 2to4,Topic 5to6
AAACAAGTATCTCCCA-1,0.021175,0.466965,0.51186
AAACAATCTACTAGCA-1,0.999394,0.000363,0.000242
AAACACCAATAACTGC-1,0.020947,0.278806,0.700247
AAACAGAGCGACTCCT-1,0.018478,0.574724,0.406798
AAACAGCTTTCAGAAG-1,0.076436,0.385948,0.537616
AAACAGGGTCTATATT-1,0.000023,0.971303,0.028674
AAACATGGTGAGAGGA-1,0.025059,0.911113,0.063828
AAACATTTCCCGGATT-1,0.216796,0.414194,0.36901
AAACCACTACACAGAT-1,0.999265,0.000441,0.000294
AAACCCGAACGAAATC-1,0.000859,0.74734,0.251801
AAACCGGAAATGTTAA-1,0.042651,0.403351,0.553998
AAACCGGGTAGGTACC-1,0.039428,0.275661,0.684911
AAACCGTTCGTCCAGG-1,0.04185,0.026226,0.931923
AAACCTAAGCAGCCGG-1,0.025751,0.593355,0.380894
AAACCTCATGAAGTTG-1,0.039087,0.367155,0.593758
AAACGAAGAACATACC-1,0.99392,0.000311,0.005769
AAACGAAGATGGAGTA-1,0.018016,0.55869,0.423294
AAACGACAGTCTTGCC-1,0.997366,0.00158,0.001053
AAACGAGACGGTTGAT-1,0.010181,0.195105,0.794714
AAACGCCCGAGATCGG-1,0.998475,0.000915,0.00061
AAACGCTGGGCACGAC-1,0.970671,0.018742,0.010587
AAACGGGCGTACGGGT-1,0.068016,0.636213,0.295771
AAACGGTTGCGAACTG-1,0.093035,0.74434,0.162625
AAACGTGTTCGCCCTA-1,0.010389,0.467786,0.521825
AAACTAACGTGGCGAC-1,0.097571,0.000132,0.902297
AAACTCGGTTCGCAAT-1,0.021444,0.054793,0.923763
AAACTCGTGATATAAG-1,0.023673,0.475307,0.501019
AAACTGCTGGCTCCAA-1,0.665866,0.266806,0.067329
AAACTTAATTGCACGC-1,0.008818,0.46183,0.529352
AAACTTGCAAACGTAT-1,0.00136,0.762692,0.235948
AAAGAATGACCTTAGA-1,0.000653,0.396922,0.602425
AAAGAATGTGGACTAA-1,0.232323,0.467277,0.3004
AAAGACATGAAGTTTA-1,0.999477,0.000314,0.000209
AAAGACCCAAGTCGCG-1,0.015486,0.178998,0.805516
AAAGACTGGGCGCTTT-1,0.000036,0.953085,0.046879
AAAGCTTGCCTACATA-1,0.030041,0.679616,0.290344
AAAGGCCCTATAATAC-1,0.097335,0.201391,0.701275
AAAGGCTACGGACCAT-1,0.097011,0.129255,0.773734
AAAGGCTCTCGCGCCG-1,0.022206,0.159012,0.818781
AAAGGGATGTAGCAAG-1,0.008186,0.57746,0.414354
AAAGGGCAGCTTGAAT-1,0.004256,0.595776,0.399968
AAAGGTAAGCTGTACC-1,0.073037,0.264305,0.662658
AAAGGTCAACGACATG-1,0.998453,0.000928,0.000619
AAAGTAGCATTGCTCA-1,0.006303,0.591304,0.402393
AAAGTCACTGATGTAA-1,0.096717,0.881078,0.022204
AAAGTCGACCCTCAGT-1,0.000012,0.997244,0.002743
AAAGTGCCATCAATTA-1,0.008573,0.839686,0.15174
AAAGTGTGATTTATCT-1,0.091912,0.240781,0.667308
AAAGTTGACTCCCGTA-1,0.018177,0.821896,0.159928
AAATAACCATACGGGA-1,0.045891,0.346285,0.607824
AAATAAGGTAGTGCCC-1,0.100968,0.50666,0.392372
AAATACCTATAAGCAT-1,0.010078,0.080485,0.909437
AAATAGCTTAGACTTT-1,0.058627,0.647282,0.294091
AAATAGGGTGCTATTG-1,0.122544,0.213226,0.66423
AAATCACTCCTAAACG-1,0.997917,0.00125,0.000834
AAATCCGATACACGCC-1,0.038893,0.805198,0.155909
AAATCGCGGAAGGAGT-1,0.001727,0.950291,0.047982
AAATCGTGTACCACAA-1,0.01807,0.207838,0.774092
AAATCTAGCCCTGCTA-1,0.049702,0.342254,0.608044
AAATGATTCGATCAGC-1,0.043147,0.648699,0.308154
AAATGCTCGTTACGTT-1,0.000038,0.861466,0.138496
AAATGGCATGTCTTGT-1,0.077269,0.182254,0.740477
AAATGGCCCGTGCCCT-1,0.023781,0.174452,0.801766
AAATGGTCAATGTGCC-1,0.018667,0.205168,0.776165
AAATGTATCTTATCCC-1,0.000182,0.80984,0.189978
AAATGTGGGTGCTCCT-1,0.999132,0.000521,0.000347
AAATTAACGGGTAGCT-1,0.102769,0.344761,0.55247
AAATTAATAAGCGCGA-1,0.009733,0.573317,0.416949
AAATTACACGACTCTG-1,0.021017,0.838336,0.140647
AAATTACCTATCGATG-1,0.009755,0.460403,0.529842
AAATTCCAGGTCCAAA-1,0.061802,0.618771,0.319427
AAATTGATAGTCCTTT-1,0.01878,0.453978,0.527241
AAATTGGTGAGAAGCA-1,0.049986,0.143105,0.806909
AAATTTACCGAAATCC-1,0.603882,0.100396,0.295722
AAATTTGCGGGTGTGG-1,0.000053,0.33776,0.662186
AACAACTGGTAGTTGC-1,0.013798,0.152868,0.833333
AACAATACATTGTCGA-1,0.751342,0.031841,0.216817
AACAATTACTCTACGC-1,0.002338,0.43913,0.558532
AACACACGCTCGCCGC-1,0.037496,0.66258,0.299924
AACACGACTGTACTGA-1,0.335021,0.101281,0.563698
AACACGAGACGCGGCC-1,0.000041,0.897098,0.102861
AACACGCGGCCGCGAA-1,0.409219,0.001162,0.58962
AACAGCTGTGTGGCAA-1,0.121109,0.234264,0.644627
AACAGGAAATCGAATA-1,0.058438,0.66491,0.276652
AACAGGATGGGCCGCG-1,0.011044,0.575611,0.413345
AACAGGTAGTATGGAT-1,0.03712,0.748675,0.214204
AACATATCAACTGGTG-1,0.015059,0.964762,0.020179
AACATCGATACGTCTA-1,0.027458,0.254763,0.717779
AACATTGAAGTTGATC-1,0.05882,0.700995,0.240185
AACATTGTGACTCGAG-1,0.041044,0.305113,0.653843
AACCAAGACTTCTCTG-1,0.00002,0.962311,0.037669
AACCAGTATCACTCTT-1,0.669413,0.00061,0.329977
AACCATAGGGTTGAAC-1,0.000055,0.332211,0.667734
AACCATGGGATCGCTA-1,0.001949,0.787468,0.210583
AACCCAGAGACGGAGA-1,0.029042,0.792851,0.178107
AACCCATCCCATGATC-1,0.063317,0.673544,0.263138
AACCCGACAACCCGTG-1,0.035303,0.571611,0.393086
AACCCGAGCAGAATCG-1,0.05465,0.48195,0.463401
AACCCGATAGGGCTTC-1,0.997152,0.001708,0.00114
AACCCTACTGTCAATA-1,0.095345,0.342524,0.562131
AACCCTGGTGGAACCA-1,0.31518,0.001402,0.683418
AACCGAGCTTGGTCAT-1,0.058681,0.132699,0.80862
AACCGCTAAGGGATGC-1,0.999638,0.000217,0.000145
AACCGTTGTGTTTGCT-1,0.073573,0.085795,0.840633
AACCTAAAGCCGTCCG-1,0.998672,0.000797,0.000531
AACCTCGCTTTAGCCC-1,0.081066,0.483106,0.435828
AACCTGTCACGGAATT-1,0.145133,0.366177,0.48869
AACCTTTAAATACGGT-1,0.08576,0.366295,0.547945
AACCTTTACGACGTCT-1,0.027167,0.139045,0.833788
AACGAAAGTCGTCCCA-1,0.067756,0.401468,0.530775
AACGACCTCCTAGCCG-1,0.055458,0.599894,0.344649
AACGATAATGCCGTAG-1,0.052687,0.287175,0.660138
AACGATAGAAGGGCCG-1,0.001853,0.542951,0.455196
AACGATATGTCAACTG-1,0.074037,0.305317,0.620646
AACGCATGATCTGGGT-1,0.006183,0.189819,0.803998
AACGCGACCTTGGGCG-1,0.199202,0.25601,0.544788
AACGCGGTCTCCAGCC-1,0.079564,0.123374,0.797062
AACGCTGTTGCTGAAA-1,0.058861,0.160684,0.780454
AACGGACGTACGTATA-1,0.082754,0.692522,0.224724
AACGGCCATCTCCGGT-1,0.024078,0.513944,0.461978
AACGTACTGTGGGTAC-1,0.05916,0.539641,0.401199
AACGTAGTCTACCCAT-1,0.886472,0.000375,0.113153
AACGTCAGACTAGTGG-1,0.001796,0.047199,0.951005
AACGTGATGAAGGACA-1,0.148885,0.57132,0.279795
AACGTGCGAAAGTCTC-1,0.009156,0.65783,0.333014
AACGTTATCAGCACCT-1,0.00006,0.399817,0.600123
AACTACCCGTTTGTCA-1,0.047581,0.416897,0.535522
AACTAGCGTATCGCAC-1,0.999324,0.000405,0.00027
AACTAGGCTTGGGTGT-1,0.06511,0.146615,0.788275
AACTCAAGTTAATTGC-1,0.01372,0.062215,0.924065
AACTCCAGAGCGTGTT-1,0.14589,0.256459,0.597651
AACTCCTAATCCCATG-1,0.026766,0.037552,0.935682
AACTCGATGGCGCAGT-1,0.018592,0.683049,0.298358
AACTCTCAATAGAGCG-1,0.04261,0.317291,0.640098
AACTCTCAGTGTGCTC-1,0.197667,0.06503,0.737303
AACTGAGGTCAGCGTC-1,0.011718,0.35653,0.631752
AACTGAGTTATACTGA-1,0.055492,0.716637,0.227871
AACTGATATTAGGCCT-1,0.057089,0.891226,0.051685
AACTGGGTCCCGACGT-1,0.042111,0.048072,0.909817
AACTGGGTTCGAGCCG-1,0.998898,0.000662,0.000441
AACTGGTGTGGGCCTT-1,0.366146,0.003549,0.630305
AACTTCTGCGTCTATC-1,0.002335,0.214509,0.783156
AACTTGCCCGTATGCA-1,0.003799,0.76016,0.236041
AACTTGCGTTCTCGCG-1,0.017446,0.035772,0.946783
AACTTTACGGGAGCTT-1,0.018116,0.113202,0.868682
AACTTTAGCTGCTGAG-1,0.742741,0.000287,0.256972
AACTTTCTCGATCATG-1,0.027405,0.673529,0.299066
AAGAAATCACCAGATT-1,0.03238,0.892398,0.075222
AAGAAGGATCAGTTAG-1,0.000049,0.660995,0.338955
AAGACATACGTGGTTT-1,0.197564,0.227656,0.57478
AAGACCAAATAACTCA-1,0.003328,0.386615,0.610058
AAGACCCAACTGAACA-1,0.093795,0.313332,0.592873
AAGACTCACGCCCACT-1,0.999227,0.000464,0.000309
AAGACTGCAAGCTACT-1,0.000093,0.168804,0.831104
AAGAGATGAATCGGTA-1,0.000068,0.31402,0.685912
AAGAGCTCTTTATCGG-1,0.039395,0.580209,0.380396
AAGAGGATGTACGCGA-1,0.000063,0.721364,0.278573
AAGAGGCATGGATCGC-1,0.070056,0.768484,0.161461
AAGAGGCCCTTTGGAA-1,0.133499,0.176205,0.690296
AAGATGGCACCGGACC-1,0.053258,0.21029,0.736452
AAGATTGGCGGAACGT-1,0.009265,0.27966,0.711075
AAGCACCCTGCGTATC-1,0.191045,0.16448,0.644475
AAGCATACTCTCCTGA-1,0.000042,0.748091,0.251866
AAGCCGAAGCGGTTTA-1,0.086478,0.15422,0.759302
AAGCCGCCGTGAAATC-1,0.019124,0.393645,0.587231
AAGCCGCTTTACCTTG-1,0.039106,0.67049,0.290403
AAGCCGGAGAGCAGGA-1,0.026411,0.647669,0.32592
AAGCGCAGGGCTTTGA-1,0.020328,0.530531,0.449141
AAGCGGAGTGCGCGCA-1,0.137358,0.475827,0.386815
AAGCGGCGTCATGGGT-1,0.040398,0.748406,0.211196
AAGCGTCCCTCATCGA-1,0.013953,0.540593,0.445454
AAGCTAGATCGAGTAA-1,0.137922,0.268434,0.593644
AAGCTCGTGCCAAGTC-1,0.057935,0.66478,0.277285
AAGCTCTTTCATGGTG-1,0.193671,0.429984,0.376345
AAGGAGAACTTATAAG-1,0.999121,0.000528,0.000352
AAGGAGCGGTTGGTGC-1,0.012515,0.447288,0.540197
AAGGATCGATCGCTTG-1,0.157958,0.637236,0.204806
AAGGATGAGGGACCTC-1,0.001723,0.819717,0.178561
AAGGCAGGCTGTCTCC-1,0.139142,0.229158,0.631701
AAGGCGCGTAAAGCTT-1,0.029428,0.284187,0.686385
AAGGCTGTGCTCATCG-1,0.000081,0.049229,0.95069
AAGGGAACGACTGGCT-1,0.059515,0.323677,0.616809
AAGGGACAGATTCTGT-1,0.005342,0.313711,0.680947
AAGGGACTATGCATTC-1,0.091328,0.329009,0.579663
AAGGGTTTGATTTCAG-1,0.001894,0.905918,0.092188
AAGGTATCCTAATATA-1,0.002821,0.939363,0.057815
AAGGTGATAAACCAGC-1,0.041363,0.582823,0.375814
AAGTAGAAGACCGGGT-1,0.015385,0.914327,0.070288
AAGTAGTGACGCGAGG-1,0.000095,0.181144,0.81876
AAGTCAATTGTCGTCA-1,0.043057,0.773174,0.183769
AAGTCTAGTAGCTGCC-1,0.016496,0.86053,0.122974
AAGTCTTCTGTGGCCT-1,0.04301,0.344348,0.612642
AAGTGACGACCGAATT-1,0.371246,0.233455,0.395299
AAGTGAGTCGGGTTTA-1,0.031271,0.575419,0.39331
AAGTGCAAAGGTAGAC-1,0.000116,0.192456,0.807427
AAGTGCCTTGACTGTA-1,0.011287,0.513916,0.474798
AAGTGCGTTAGAATCT-1,0.007961,0.43094,0.561099
AAGTGCTTCTCTATTG-1,0.017541,0.167936,0.814523
AAGTGTTTGGAGACGG-1,0.175949,0.231032,0.593019
AAGTTCACTCCAAGCT-1,0.085802,0.878768,0.035429
AAGTTCAGTCTGCGTA-1,0.007622,0.244838,0.747541
AAGTTCGGCCAACAGG-1,0.047161,0.054997,0.897842
AAGTTGTGATGTTATA-1,0.116109,0.385546,0.498345
AAGTTTACTAATGGCA-1,0.999197,0.000482,0.000321
AAGTTTATGGGCCCAA-1,0.125674,0.542273,0.332053
AATAACAACGCTCGGC-1,0.002953,0.065772,0.931275
AATAACACTAGAACAA-1,0.04676,0.198388,0.754852
AATAAGTCCTCGAGAC-1,0.998956,0.000626,0.000418
AATAATCTTCGTATCG-1,0.07845,0.393899,0.527651
AATACAATGTTTCAGG-1,0.000091,0.375889,0.62402
AATACCGGAGGGCTGT-1,0.066921,0.256989,0.67609
AATAGAACAGAGTGGC-1,0.010668,0.292482,0.69685
AATAGAATCTGTTTCA-1,0.275882,0.200583,0.523535
AATAGCAAGCCTCCTG-1,0.619709,0.0026,0.377691
AATAGCTACCGCGTGC-1,0.040847,0.592072,0.367081
AATAGTCCGTCCCGAC-1,0.066869,0.463292,0.469839
AATAGTCGCGAGTCGG-1,0.010879,0.450089,0.539032
AATATCAAGGTCGGAT-1,0.273217,0.501187,0.225596
AATATCCTAGCAAACT-1,0.017607,0.837136,0.145257
AATATCGAATCAATGC-1,0.068619,0.134881,0.7965
AATATCGAGGGTTCTC-1,0.029658,0.473172,0.49717
AATATTGGAGTATTGA-1,0.00011,0.26936,0.73053
AATCAGGTTTCATTTA-1,0.040893,0.389952,0.569155
AATCATGTAAAGACTC-1,0.064595,0.134366,0.80104
AATCCAAGGGCCTGAG-1,0.014345,0.166051,0.819603
AATCGCCTCAGCGCCA-1,0.018565,0.479217,0.502218
AATCGCGCAGAGGACT-1,0.108113,0.609167,0.282721
AATCGGGACACTACGA-1,0.178468,0.574677,0.246855
AATCGGTATAGCCCTC-1,0.100528,0.751634,0.147838
AATCGTGAGCCGAGCA-1,0.042028,0.340945,0.617026
AATCTAGGTTTACTTG-1,0.004514,0.349387,0.646099
AATCTATGCCGGAGCC-1,0.036384,0.936523,0.027093
AATCTCTACTGTGGTT-1,0.005178,0.257304,0.737517
AATCTGCGTTGGGACG-1,0.004359,0.866936,0.128704
AATCTGGCTTTCTAGT-1,0.018645,0.608347,0.373008
AATCTGGGTAGACCCT-1,0.852435,0.064238,0.083327
AATGACAGCAATGTCT-1,0.000056,0.324967,0.674976
AATGACGTAGGATGTC-1,0.000105,0.845511,0.154384
AATGACTGTCAGCCGG-1,0.000055,0.139992,0.859952
AATGAGTTCGCATATG-1,0.006301,0.67921,0.314489
AATGATGATACGCTAT-1,0.040675,0.475455,0.48387
AATGATGCGACTCCTG-1,0.124099,0.475773,0.400128
AATGCAACCGGGTACC-1,0.003464,0.838585,0.157951
AATGCACCAAGCAATG-1,0.003126,0.844176,0.152697
AATGGCCGCCAATGCG-1,0.997953,0.001228,0.000819
AATGGTCCACCGTTCA-1,0.012071,0.410699,0.577231
AATGGTTCTCACAAGC-1,0.004871,0.073551,0.921579
AATGTATGGCACTGTA-1,0.067733,0.382629,0.549638
AATGTGCCCGAGGTGT-1,0.106962,0.615494,0.277544
AATGTGCTAATCTGAG-1,0.131701,0.48745,0.38085
AATGTTGTCGTGAGAC-1,0.09068,0.197247,0.712074
AATTAAAGGTCGGCGT-1,0.000074,0.175271,0.824655
AATTAACGGATTTCCA-1,0.095955,0.205398,0.698647
AATTACGAGACCCATC-1,0.029747,0.397917,0.572336
AATTAGCGCTGCAGCG-1,0.059671,0.068745,0.871584
AATTCATAAGGGATCT-1,0.037484,0.116357,0.846158
AATTCATTGTCATGCA-1,0.041973,0.489843,0.468183
AATTCCAAGCATGTAC-1,0.092551,0.346519,0.56093
AATTCGATTCGAGGAT-1,0.067527,0.174618,0.757855
AATTCTAGAGTTAGGC-1,0.091658,0.492636,0.415706
AATTGAACGCTCTGGT-1,0.016034,0.093564,0.890402
AATTGCAGCAATCGAC-1,0.067842,0.50447,0.427688
AATTGCGTGGATTACA-1,0.575632,0.192326,0.232042
AATTGTGGTTGCCAAA-1,0.028837,0.64445,0.326713
AATTTGGGACATAGTA-1,0.020662,0.117695,0.861642
AATTTGGTTCCAAAGA-1,0.099724,0.596397,0.30388
ACAAACCATGCGTCCT-1,0.017089,0.230551,0.75236
ACAAACCGACAAGGCG-1,0.998911,0.000654,0.000436
ACAAAGAAGGTAGGCC-1,0.052203,0.295747,0.65205
ACAAAGCATGACCTAG-1,0.143576,0.163157,0.693267
ACAAATCGCACCGAAT-1,0.160471,0.38118,0.458349
ACAAATGGTAGTGTTT-1,0.087792,0.516191,0.396017
ACAAATTCAGATCTGA-1,0.451541,0.073467,0.474993
ACAACAGCATGAGCTA-1,0.002029,0.851855,0.146116
ACAACGGTCCCTGCGA-1,0.001298,0.431333,0.567368
ACAAGCAGTGCCTAGC-1,0.000057,0.075015,0.924928
ACAAGCTATATGGAAG-1,0.050461,0.661891,0.287648
ACAAGGAAATCCGCCC-1,0.18539,0.349855,0.464756
ACAAGGACAAGAGGTT-1,0.018196,0.57436,0.407444
ACAAGGATGCTTTAGG-1,0.057181,0.433661,0.509158
ACAAGGCCTACCAGCC-1,0.998475,0.000915,0.00061
ACAAGGGCAGGCTCTG-1,0.020104,0.169956,0.809941
ACAATAGTCGTACGTT-1,0.03856,0.562587,0.398853
ACAATCCATTTAAACC-1,0.000043,0.455288,0.544669
ACAATCGATCTTTATA-1,0.998738,0.000757,0.000505
ACAATGAATACGGAGA-1,0.000035,0.829585,0.17038
ACAATGATTCTTCTAC-1,0.168444,0.008846,0.82271
ACAATTGTGTCTCTTT-1,0.019132,0.429183,0.551685
ACAATTTAGGAGGCTC-1,0.026685,0.112927,0.860388
ACAATTTGAGCAGTGG-1,0.028997,0.479618,0.491384
ACAATTTGGCCATATT-1,0.070338,0.757288,0.172374
ACACAAAGACGGGTGG-1,0.017703,0.386135,0.596162
ACACAAATATTCCTAG-1,0.032555,0.629039,0.338407
ACACACCAGGACCAGT-1,0.039172,0.169404,0.791424
ACACACTTTCTACACG-1,0.058137,0.715083,0.226779
ACACATGATCAAATCT-1,0.000013,0.998421,0.001566
ACACCACATAATTAGC-1,0.034046,0.301207,0.664747
ACACCCAGCATGCAGC-1,0.000023,0.964775,0.035202
ACACCCGAGAAATCCG-1,0.010398,0.503868,0.485734
ACACCCGTAAATCTGT-1,0.998221,0.001067,0.000712
ACACCGAGCGCTCTTT-1,0.189231,0.275952,0.534817
ACACCGGTCTGACCGC-1,0.054224,0.485219,0.460558
ACACCTTAAGTAGGGC-1,0.049158,0.032663,0.91818
ACACCTTACTACTTGC-1,0.082999,0.817763,0.099238
ACACGAGACTCCTTCT-1,0.085418,0.448393,0.466189
ACACGGCACTATGCAT-1,0.509075,0.000234,0.490691
ACACGGGAACTTAGGG-1,0.095953,0.386766,0.517282
ACACGTAGGCCACAAG-1,0.105095,0.439774,0.455131
ACACTCCAATGTCACT-1,0.03952,0.451098,0.509382
ACACTGATCAAGGTGT-1,0.098173,0.677204,0.224623
ACACTGGGACAGTCGT-1,0.045671,0.631341,0.322988
ACAGAACTGAGAACAA-1,0.010406,0.460684,0.528911
ACAGATTAGGTTAGTG-1,0.487085,0.020295,0.492619
ACAGCATAGAGCCAGT-1,0.131163,0.214369,0.654468
ACAGCGACATTCTCAT-1,0.055051,0.09587,0.849079
ACAGCGCACCCGCAGC-1,0.174707,0.353345,0.471948
ACAGGCACGGATCCTT-1,0.00003,0.997883,0.002086
ACAGGCTTGCCCGACT-1,0.058098,0.266148,0.675754
ACAGGTGGAGGTGAGG-1,0.033389,0.361677,0.604934
ACAGGTGTGTTGTTGC-1,0.041701,0.746781,0.211517
ACAGTAATACAACTTG-1,0.087635,0.252096,0.660268
ACAGTATACCGTGGGA-1,0.000338,0.750503,0.249159
ACAGTGCAGCGCATTT-1,0.997931,0.001241,0.000828
ACATAAGTCGTGGTGA-1,0.215768,0.259175,0.525058
ACATAATAAGGCGGTG-1,0.067562,0.845015,0.087423
ACATCAGCTGGGACGC-1,0.028656,0.835014,0.13633
ACATCCCGGCCATACG-1,0.046949,0.583982,0.369069
ACATCCTGGTAACTGT-1,0.075245,0.56143,0.363325
ACATCGATCGTTTACC-1,0.109984,0.577347,0.312668
ACATCGGTCAGCCGCG-1,0.070636,0.051966,0.877399
ACATCGTATGCAATGG-1,0.060812,0.576987,0.362201
ACATCGTTAACCTAGT-1,0.427361,0.33803,0.234609
ACATCTCAACGCGTAA-1,0.999281,0.000431,0.000288
ACATGGCGCCAAAGTA-1,0.051273,0.425038,0.523689
ACATTAGTTTATATCC-1,0.104869,0.20947,0.685661
ACCAAACACCCAGCGA-1,0.000382,0.57335,0.426268
ACCAAACTAGAAATCC-1,0.999211,0.000474,0.000316
ACCAACACCACACACT-1,0.055457,0.453637,0.490906
ACCAACCGCACTCCAC-1,0.051391,0.889651,0.058959
ACCAACGCTTATTTAT-1,0.062605,0.632068,0.305326
ACCAAGAACGCGTGTC-1,0.037361,0.184043,0.778596
ACCAAGTCATCGGCAG-1,0.167937,0.463885,0.368178
ACCAATATGCAAGTTA-1,0.055746,0.718319,0.225936
ACCACAACTCAGAACA-1,0.382209,0.000125,0.617666
ACCACAAGTTTCTATC-1,0.002207,0.804088,0.193705
ACCACCAATGTAACAA-1,0.199031,0.467965,0.333004
ACCACCCTCTCTTCTA-1,0.0094,0.935175,0.055424
ACCACGTGCAGCTATA-1,0.095012,0.469267,0.435721
ACCAGACCATAACAAC-1,0.006651,0.489023,0.504326
ACCAGCCCGGTCTTTG-1,0.998907,0.000656,0.000437
ACCAGGAGTGTGATCT-1,0.998669,0.000799,0.000533
ACCAGTGCCCGGTCAA-1,0.072319,0.108654,0.819027
ACCAGTGCGGGAGACG-1,0.145516,0.504304,0.35018
ACCATATCCGCAATAA-1,0.002286,0.775601,0.222113
ACCATCCGCCAACTAG-1,0.000051,0.870718,0.129231
ACCATCGTATATGGTA-1,0.065302,0.342263,0.592435
ACCCAACGCCCGTGGC-1,0.037841,0.920039,0.042121
ACCCACCTACATGCTC-1,0.00003,0.714869,0.285101
ACCCATCTTGAGGGTA-1,0.000516,0.543206,0.456278
ACCCATTTGTCCCTCT-1,0.086877,0.220416,0.692707
ACCCGAGCGAAATTAC-1,0.032281,0.582812,0.384907
ACCCGATTGGTTCCGA-1,0.053234,0.835565,0.111201
ACCCGGAAACTCCCAG-1,0.037813,0.782349,0.179838
ACCCGGAGCACCACAA-1,0.064971,0.654903,0.280126
ACCCGGATGACGCATC-1,0.017781,0.563335,0.418884
ACCCGGTTACACTTCC-1,0.068311,0.127917,0.803771
ACCCGTAGTCTAGTTG-1,0.138616,0.746386,0.114998
ACCCGTGTCATCAGTA-1,0.088887,0.593025,0.318088
ACCCTATAGGACTGAG-1,0.070731,0.657676,0.271593
ACCCTATGCCATATCG-1,0.000029,0.945203,0.054768
ACCCTCCCGTCAGGGC-1,0.049458,0.649109,0.301433
ACCCTCCCTTGCTATT-1,0.025134,0.162978,0.811888
ACCCTGGTAACGCCCT-1,0.0673,0.288399,0.644301
ACCCTTCATCTGCGAA-1,0.123081,0.033761,0.843158
ACCCTTGCCTGGGTCG-1,0.017904,0.838375,0.143721
ACCCTTTAGTTCTCCA-1,0.927588,0.001046,0.071367
ACCGAAAGGGCCCTGC-1,0.082059,0.201392,0.716549
ACCGAAGAGTCTGGTT-1,0.037219,0.306904,0.655877
ACCGACACATCTCCCA-1,0.020909,0.302804,0.676286
ACCGACTGAGTCCCAC-1,0.005654,0.565952,0.428394
ACCGAGTCTCCTTATT-1,0.135848,0.214782,0.64937
ACCGATAGGCATAACC-1,0.015681,0.873181,0.111139
ACCGATATTTAATCAT-1,0.000043,0.881317,0.118639
ACCGATGGTAGCATCG-1,0.091348,0.640224,0.268427
ACCGCAATAACTGCCT-1,0.221199,0.258934,0.519867
ACCGCGGTGGAAGTCG-1,0.004549,0.808912,0.186539
ACCGGGCCTTTGTTGA-1,0.015858,0.488627,0.495515
ACCGGTCAGGTACACC-1,0.017129,0.182312,0.800559
ACCGGTCTGAGTACGG-1,0.998648,0.000812,0.000541
ACCGTCCACTGGGCCC-1,0.039689,0.451805,0.508505
ACCGTGACCACGTGGG-1,0.064057,0.475175,0.460769
ACCGTTCCCGCTCTGA-1,0.999232,0.000461,0.000307
ACCTAAGTACCTTTCA-1,0.018193,0.314997,0.66681
ACCTAATCGACTTCCT-1,0.000257,0.32844,0.671303
ACCTACAGTATGTGGT-1,0.020977,0.375755,0.603268
ACCTACTATAAATCTA-1,0.086606,0.106946,0.806448
ACCTCCGCCCTCGCTG-1,0.046068,0.643669,0.310263
ACCTCCGTTATTCACC-1,0.101791,0.682896,0.215313
ACCTCGAACTTATGCT-1,0.028864,0.35864,0.612496
ACCTGCGTGTCATGTT-1,0.000021,0.998392,0.001587
ACCTTTCCTTTAGAAG-1,0.997417,0.00155,0.001034
ACGAAATGGGCGGCAC-1,0.002467,0.737671,0.259862
ACGACCCATGAGTTGC-1,0.067851,0.795872,0.136277
ACGACTCTAGGGCCGA-1,0.026953,0.811082,0.161965
ACGACTGGTCATACTC-1,0.079703,0.502521,0.417777
ACGAGAACCCATCACG-1,0.062539,0.772575,0.164887
ACGAGATATTTGCTTA-1,0.3374,0.142394,0.520206
ACGAGGATACCACTCT-1,0.033126,0.585789,0.381085
ACGAGGTTTACAACGT-1,0.071045,0.183436,0.745519
ACGAGTACGGATGCCC-1,0.084605,0.383018,0.532377
ACGATACATAGAACTA-1,0.05879,0.687738,0.253473
ACGATACCTATCCTGA-1,0.02788,0.728614,0.243506
ACGATCATACATAGAG-1,0.000992,0.889088,0.109919
ACGATCATCTTGTAAA-1,0.072378,0.682866,0.244756
ACGATGCATATGTTAT-1,0.008387,0.110512,0.881102
ACGATGGATCCGATGC-1,0.20163,0.239647,0.558723
ACGCAAACTAATAGAT-1,0.080064,0.161775,0.758161
ACGCAATCACTACAGC-1,0.028217,0.547923,0.42386
ACGCATAAATGACATG-1,0.997736,0.001358,0.000906
ACGCATACGTTTACTA-1,0.036338,0.567469,0.396194
ACGCATTCGTGAGTAC-1,0.095123,0.424447,0.48043
ACGCCAGATGATTTCT-1,0.054544,0.652977,0.292479
ACGCCAGTGCGTTTGC-1,0.186999,0.581623,0.231378
ACGCCCAGCTGTCGAT-1,0.998568,0.000859,0.000573
ACGCCGCTAGACGACC-1,0.045316,0.915899,0.038785
ACGCGAAGTCAGACGA-1,0.017147,0.173201,0.809652
ACGCGCTACACAGGGT-1,0.002515,0.280741,0.716744
ACGCGGGCCAAGGACA-1,0.061989,0.353083,0.584928
ACGCGTTTCTTAAGAG-1,0.010662,0.381828,0.60751
ACGCTAGTATCAGTGC-1,0.998073,0.001156,0.000771
ACGCTAGTGATACACT-1,0.000849,0.741071,0.25808
ACGCTGTGAGGCGTAG-1,0.000109,0.054675,0.945216
ACGCTTAGTGTCTCTC-1,0.998856,0.000686,0.000457
ACGGAATTTAGCAAAT-1,0.000101,0.04351,0.956389
ACGGACTCTCAAAGCG-1,0.101577,0.471432,0.426991
ACGGAGCGCAAATTAC-1,0.000049,0.721832,0.27812
ACGGATGGTGCGGATA-1,0.092771,0.907151,0.000078
ACGGCACTTGCTTGGG-1,0.084515,0.016129,0.899356
ACGGCCAACATGGACT-1,0.306289,0.342701,0.35101
ACGGCGACGATGGGAA-1,0.092174,0.154803,0.753023
ACGGCGGGTTGCCCTG-1,0.999243,0.000454,0.000303
ACGGCTGGATGTAGAA-1,0.000019,0.987212,0.012769
ACGGGAGTGTCGGCCC-1,0.005891,0.468762,0.525347
ACGGGCGTATGCGACA-1,0.009527,0.845735,0.144738
ACGGGTCATGTGACTT-1,0.099035,0.660553,0.240411
ACGGTACAGTTCAATG-1,0.064865,0.826558,0.108577
ACGTACAGATTTCTCT-1,0.046111,0.789246,0.164643
ACGTACTTTGGCACGG-1,0.111305,0.406702,0.481994
ACGTAGATTGCTGATG-1,0.039065,0.418989,0.541946
ACGTAGGAGAGTCGCT-1,0.071195,0.629581,0.299224
ACGTATTACTCCGATC-1,0.062403,0.645255,0.292342
ACGTCCTAAACGAGAT-1,0.999256,0.000446,0.000297
ACGTCGGGCAACTCGG-1,0.09029,0.255166,0.654544
ACGTCTCGTTCCGGGA-1,0.000014,0.97354,0.026446
ACGTGACAAAGTAAGT-1,0.032074,0.67348,0.294446
ACGTGCGCCTCGTGCA-1,0.002914,0.879614,0.117472
ACGTGGTCGAATGTGC-1,0.999457,0.000326,0.000217
ACGTTAATGTCGAAGA-1,0.000733,0.897054,0.102213
ACGTTAGATTTGCCCG-1,0.034261,0.171168,0.79457
ACGTTATTGGTCACTC-1,0.007725,0.099021,0.893254
ACGTTCCGCGCTCCGT-1,0.379127,0.249798,0.371075
ACGTTCGCAATCAATT-1,0.010056,0.814568,0.175376
ACGTTCGTTCAGGAAA-1,0.000587,0.841343,0.158071
ACGTTCTGTACAAGTC-1,0.088199,0.497489,0.414312
ACGTTTAGTTGTGATC-1,0.134847,0.070569,0.794584
ACTAAGGACGCACACC-1,0.518494,0.13443,0.347076
ACTAATACGTCAGGCG-1,0.14394,0.03304,0.82302
ACTACAAAGAGAGGTG-1,0.028605,0.665485,0.305909
ACTACATCCCGACAAG-1,0.004301,0.282339,0.71336
ACTACCAGCTCTCTGG-1,0.000031,0.983265,0.016705
ACTACGCGTTAGAATT-1,0.084647,0.512659,0.402693
ACTAGTTGCGATCGTC-1,0.039099,0.339195,0.621706
ACTATATGCTGTGTTC-1,0.000057,0.858053,0.141891
ACTATCCAGGGCATGG-1,0.052094,0.755638,0.192267
ACTATCTGCCCGCGTA-1,0.045748,0.247854,0.706398
ACTATGTCCAGCTGCC-1,0.05411,0.454363,0.491527
ACTATTCGTCCGTGGT-1,0.161678,0.076895,0.761427
ACTATTTCCGGGCCCA-1,0.008073,0.916568,0.075359
ACTCAACGAATGTATT-1,0.251983,0.116309,0.631708
ACTCAAGTGCAAGGCT-1,0.087485,0.373282,0.539233
ACTCAATAAAGGCACG-1,0.048725,0.109893,0.841382
ACTCAGACCTGCTTCT-1,0.1388,0.107334,0.753866
ACTCATGGCAGCCTTC-1,0.038621,0.649444,0.311935
ACTCCAATATCATCAT-1,0.187589,0.326013,0.486398
ACTCCCATTCCTAAAG-1,0.023332,0.740719,0.235949
ACTCCCGAATTCGTTT-1,0.058169,0.746411,0.19542
ACTCCCGTAGACTAGG-1,0.01436,0.729729,0.255911
ACTCCCTAATGCTAAA-1,0.000029,0.988905,0.011066
ACTCCCTAGAATAGTA-1,0.086143,0.239399,0.674458
ACTCCGGCCGACCACT-1,0.008544,0.932194,0.059262
ACTCGATGTATTTCAT-1,0.000039,0.904232,0.095729
ACTCGCCGTTCGATAA-1,0.057812,0.708094,0.234094
ACTCGCGATCTGACGC-1,0.044314,0.512353,0.443333
ACTCGTAACCCGTCCT-1,0.028966,0.868322,0.102712
ACTCGTCAGTAATCCC-1,0.029057,0.561739,0.409204
ACTCTAAACCTGGGAT-1,0.064893,0.881413,0.053694
ACTCTCTGACTTAGGT-1,0.000065,0.831304,0.168631
ACTCTCTTATACACGA-1,0.408599,0.081221,0.51018
ACTCTGACCTAATAGA-1,0.064951,0.822291,0.112758
ACTCTTCAGCTCCCGC-1,0.052045,0.749035,0.198921
ACTCTTGTATAGTAAC-1,0.069935,0.404544,0.525521
ACTGAAACGCCGTTAG-1,0.013039,0.582299,0.404663
ACTGAATGGCGAAAGT-1,0.057355,0.177952,0.764692
ACTGATTTAGTGATTC-1,0.999087,0.000548,0.000365
ACTGCCCGCCATTCTC-1,0.396804,0.53499,0.068207
ACTGCCGTCGTAACTC-1,0.050964,0.58461,0.364427
ACTGCGGACACACCGT-1,0.061615,0.289358,0.649027
ACTGCTCGGAAGGATG-1,0.000035,0.975297,0.024669
ACTGGCGAACCTGCGT-1,0.688999,0.16806,0.142941
ACTGTACGATACACAT-1,0.013566,0.414757,0.571677
ACTGTAGCACTTTGGA-1,0.000042,0.988574,0.011384
ACTGTATACGCGAGCA-1,0.066595,0.073907,0.859498
ACTGTCCAGGATTATA-1,0.040722,0.536856,0.422422
ACTGTCTTCTTTAGAA-1,0.09453,0.598082,0.307389
ACTGTGCTAGTAGATC-1,0.000072,0.544296,0.455632
ACTGTTTAGTGTAGGC-1,0.998688,0.000787,0.000525
ACTTACCGGGCGCGCA-1,0.037436,0.048222,0.914342
ACTTACGCATCCACGC-1,0.088306,0.580381,0.331313
ACTTAGTACGACAAGA-1,0.047737,0.359027,0.593236
ACTTATACTTACCCGG-1,0.055468,0.593514,0.351018
ACTTATTAGGATCGGT-1,0.01996,0.100024,0.880016
ACTTATTTATGTGCCA-1,0.000044,0.933793,0.066163
ACTTCAGGCTGATCCC-1,0.340929,0.129015,0.530056
ACTTCCAGTGGAAGCT-1,0.029883,0.403535,0.566582
ACTTCCATGCGGGACA-1,0.039569,0.659597,0.300835
ACTTCCTGTCGTGCGA-1,0.998417,0.000949,0.000633
ACTTCGCCATACGCAC-1,0.000041,0.989037,0.010921
ACTTCGCTAGCGAGTG-1,0.159812,0.317233,0.522954
ACTTGACTCCCTCTTT-1,0.097906,0.386545,0.515549
ACTTGCCATATTGTAC-1,0.998777,0.000734,0.000489
ACTTGCTCTATCTACC-1,0.089248,0.283877,0.626874
ACTTGGGACCCGGTGG-1,0.009389,0.136573,0.854038
ACTTGTAGTCCCTTCA-1,0.000084,0.819483,0.180433
ACTTGTGGATGGAACG-1,0.053513,0.577617,0.36887
ACTTTACCCTCATGAA-1,0.09768,0.306493,0.595828
ACTTTCCTATAGCTTC-1,0.000096,0.495628,0.504277
ACTTTGACTGCATCCT-1,0.0883,0.392375,0.519324
ACTTTGGTCGTGCTCC-1,0.004247,0.847685,0.148069
ACTTTGTCGACGCACT-1,0.033905,0.686813,0.279282
AGAAATTATGACTCGC-1,0.000019,0.999942,0.000039
AGAACCCAGCGTGACA-1,0.015065,0.914809,0.070126
AGAACCCTCAATTGGG-1,0.000034,0.999898,0.000068
AGAACGTGGTACATTC-1,0.052794,0.677084,0.270122
AGAAGAGCGCCGTTCC-1,0.134804,0.356869,0.508327
AGAAGGTACACTTCAC-1,0.003171,0.774402,0.222426
AGAAGGTTGCCGAATT-1,0.008157,0.869908,0.121936
AGAAGGTTGTAGGTCG-1,0.013346,0.963162,0.023492
AGAAGTGATTCGTGAT-1,0.000039,0.5986,0.401361
AGAATAAATCTTCAGG-1,0.032704,0.335627,0.631669
AGAATGCGGGTTCGGA-1,0.024778,0.45868,0.516541
AGAATTATGGATTCGA-1,0.114662,0.756097,0.12924
AGAATTGTTTGACATA-1,0.005271,0.317159,0.67757
AGACAGCTCAGAATCC-1,0.000038,0.579547,0.420415
AGACAGGCATCTCAGC-1,0.025672,0.619345,0.354984
AGACATAGATCCTTCC-1,0.551178,0.345043,0.103779
AGACCAAACCACACCT-1,0.064342,0.675532,0.260125
AGACCATGGGATACAA-1,0.010309,0.562352,0.427339
AGACCCACCGCTGATC-1,0.041789,0.471467,0.486744
AGACCCGCCCTCCTCG-1,0.031041,0.46982,0.49914
AGACCGCTCCGCGGTT-1,0.138922,0.392663,0.468415
AGACCGGGAAACCCTG-1,0.102234,0.259314,0.638453
AGACGAAGTGCCGGTC-1,0.045851,0.383231,0.570919
AGACGACGATGCCGCT-1,0.054267,0.220341,0.725392
AGACGCCCACTTCGCC-1,0.081148,0.250647,0.668205
AGACGGGATTGGTATA-1,0.999087,0.000548,0.000365
AGACGGGCCGATTTAA-1,0.06885,0.007552,0.923598
AGACTAGCCTTCCAGA-1,0.000084,0.09141,0.908507
AGACTGTTACCGGGTC-1,0.018937,0.529398,0.451665
AGAGAAACACCAGAAA-1,0.056015,0.710326,0.233659
AGAGAACCGTCTAGGA-1,0.043787,0.459504,0.496709
AGAGAAGGAGTACAAT-1,0.020981,0.192058,0.786962
AGAGATCTCTAAAGCG-1,0.168253,0.331956,0.499791
AGAGCAGTTATGAGAC-1,0.000037,0.951843,0.04812
AGAGCCGCCGAGATTT-1,0.110235,0.608602,0.281163
AGAGCGCTTGTAACGG-1,0.002933,0.927742,0.069324
AGAGCGGGCTAATCAT-1,0.045264,0.693504,0.261232
AGAGCGTACAAGCTCG-1,0.000071,0.160706,0.839223
AGAGGCTTCGGAAACC-1,0.043741,0.118932,0.837327
AGAGGGACAATTGTCC-1,0.999263,0.000442,0.000295
AGAGGTATCTCGGTCC-1,0.998681,0.000791,0.000527
AGAGTAAACTTCACTA-1,0.019623,0.145381,0.834995
AGAGTATAGTGTTACG-1,0.02931,0.703358,0.267332
AGAGTGAACAGACACC-1,0.998142,0.001114,0.000743
AGAGTTAGAGACCGAT-1,0.861689,0.049919,0.088393
AGAGTTGCAGGCCTCC-1,0.285359,0.162753,0.551888
AGATAACTTCAGGGCC-1,0.000051,0.392609,0.607339
AGATACCAATAGAACC-1,0.022077,0.8352,0.142723
AGATACCAGCACTTCA-1,0.116203,0.559864,0.323934
AGATACCGGTGTTCAC-1,0.000054,0.525391,0.474555
AGATACGACTTCATAT-1,0.000076,0.241476,0.758448
AGATACTCAAGATCGA-1,0.043715,0.761554,0.194732
AGATATAATACGACTA-1,0.052741,0.215208,0.732051
AGATCGTGCATAAGAT-1,0.00004,0.893164,0.106796
AGATCTCAGGTGTGAT-1,0.000056,0.714457,0.285487
AGATGACTCGCCCACG-1,0.067894,0.81812,0.113986
AGATGAGGGTTGCGAT-1,0.014804,0.325087,0.660109
AGATGATGGAGTCTGG-1,0.135941,0.44612,0.41794
AGATGCAAGACGTGCA-1,0.036856,0.79284,0.170304
AGATGCATCCTGTGTC-1,0.041335,0.01291,0.945754
AGATTATAGGACGTTT-1,0.012119,0.861023,0.126858
AGATTCAAGCGGGTCG-1,0.99832,0.001008,0.000672
AGATTCACAACCGATA-1,0.095485,0.300307,0.604207
AGCAAAGGCCGCTAGT-1,0.087132,0.262268,0.650599
AGCAACATATCTTATT-1,0.125419,0.481038,0.393542
AGCAACCGAAAGTAAT-1,0.003494,0.754431,0.242074
AGCACACGTTTAGACT-1,0.058275,0.626861,0.314864
AGCACCAGTACTCACG-1,0.024453,0.403524,0.572023
AGCACTACCGGCCTGT-1,0.000064,0.639205,0.360731
AGCACTACCTCACCAG-1,0.09419,0.367631,0.538179
AGCACTTAAGGACGCC-1,0.008704,0.873951,0.117345
AGCAGAAGGAGAAAGA-1,0.018334,0.247822,0.733844
AGCAGCCAGATGAATA-1,0.041581,0.558294,0.400125
AGCATATCAATATGCT-1,0.046794,0.13466,0.818546
AGCATCATTTCGAAAG-1,0.005184,0.354591,0.640225
AGCATCGTCGATAATT-1,0.019809,0.362961,0.61723
AGCATTACGAGGCAAG-1,0.927731,0.041587,0.030682
AGCCAAGCTTTGTGTC-1,0.079956,0.188235,0.731809
AGCCACAGGTTACCCG-1,0.072637,0.627532,0.299831
AGCCACTCCCGTGCTT-1,0.033767,0.729016,0.237217
AGCCATATAGTATGTG-1,0.022195,0.367733,0.610072
AGCCCATACATGTAAG-1,0.005291,0.994658,0.00005
AGCCCGCAACAAGCAG-1,0.000026,0.885883,0.114091
AGCCCGGCATTAGAGG-1,0.105426,0.078419,0.816155
AGCCCGGTAGCCTGTA-1,0.090872,0.484862,0.424266
AGCCCTAAGCGAAGTT-1,0.043545,0.421621,0.534834
AGCCCTCCCTGGTGGC-1,0.199836,0.135052,0.665113
AGCCCTGTCGCACCGT-1,0.047312,0.530767,0.421921
AGCCCTTCTAATCCGA-1,0.000067,0.472105,0.527827
AGCCCTTGGACATCCC-1,0.05421,0.44351,0.502281
AGCCGCAAATTCAAAT-1,0.011231,0.418637,0.570132
AGCCGTGGCTAAATGT-1,0.095684,0.259087,0.645229
AGCCTAATACCCACGT-1,0.034164,0.158491,0.807345
AGCCTTAAAGCGGAAG-1,0.00674,0.557789,0.435471
AGCGACAGGAACGGTC-1,0.156604,0.442508,0.400888
AGCGACATCCCATTCA-1,0.003632,0.120878,0.875489
AGCGACCAACGATATT-1,0.002084,0.437885,0.560031
AGCGAGACGTGAAGGC-1,0.054898,0.625445,0.319657
AGCGATGCGCCTAATA-1,0.049186,0.83064,0.120173
AGCGCATAATGAATCG-1,0.01132,0.900234,0.088446
AGCGCGGGTGCCAATG-1,0.000556,0.590505,0.408938
AGCGCTAGAGCGATGT-1,0.04351,0.611534,0.344956
AGCGCTTATGGGCAAG-1,0.278641,0.120843,0.600516
AGCGGACACTTCGTAG-1,0.635449,0.187674,0.176876
AGCGGCGGTTAGCGGT-1,0.064654,0.118454,0.816891
AGCGGGAAGGGTCCAT-1,0.094498,0.105955,0.799547
AGCGGGTCTGACACTC-1,0.044126,0.325091,0.630784
AGCGGTTGAGATGTAC-1,0.998586,0.000848,0.000566
AGCGGTTGCCGCTCTG-1,0.002866,0.857331,0.139804
AGCGTCTGAACCCGCA-1,0.456196,0.189729,0.354075
AGCGTGGTATTCTACT-1,0.135105,0.37323,0.491665
AGCGTTCCGATTTAAA-1,0.998996,0.000602,0.000402
AGCTAACAAGCAATGT-1,0.278072,0.344157,0.377771
AGCTAAGTACGCAGGC-1,0.023019,0.580787,0.396194
AGCTAGAAGCAGAAGT-1,0.018703,0.169585,0.811712
AGCTATTTAATCCAAC-1,0.097537,0.306749,0.595714
AGCTCCATATATGTTC-1,0.086803,0.705138,0.208059
AGCTCCTTCGCACATC-1,0.152955,0.366512,0.480533
AGCTCGTTGATGGAAA-1,0.020832,0.821089,0.158078
AGCTCTAGACGTTCCA-1,0.031922,0.868467,0.099611
AGCTCTTCCCAGTGCA-1,0.008334,0.289646,0.702021
AGCTCTTCGTAACCTT-1,0.06817,0.492953,0.438877
AGCTCTTTACTCAGTT-1,0.047058,0.698855,0.254087
AGCTGAAGTAAACCAA-1,0.030889,0.602765,0.366346
AGCTGCATTTGAGGTG-1,0.999201,0.000479,0.000319
AGCTGCTGTGCCGAAT-1,0.998344,0.000994,0.000663
AGCTGTAACCTCAATC-1,0.017096,0.197604,0.7853
AGCTTATAGAGACCTG-1,0.706813,0.003061,0.290127
AGCTTCAATACTTTGA-1,0.997953,0.001228,0.000819
AGCTTCTTCTCGAGCA-1,0.011357,0.833263,0.155379
AGCTTGATCTTAACTT-1,0.182343,0.421158,0.396499
AGGAACGAACGACTTC-1,0.022635,0.79329,0.184075
AGGAAGCTGTCCGCCG-1,0.060541,0.148195,0.791264
AGGACAGTCGAATCCC-1,0.024787,0.65939,0.315823
AGGACATCGCACGTCG-1,0.060207,0.003675,0.936119
AGGACATCGGCACACT-1,0.295197,0.341345,0.363458
AGGACGACCCATTAGA-1,0.042058,0.811391,0.146551
AGGACGCTCGATGTTG-1,0.070434,0.225962,0.703604
AGGAGACATCCACAGT-1,0.064513,0.484153,0.451334
AGGAGAGTCTGGCTAC-1,0.061743,0.434295,0.503961
AGGAGGCCTTCGCGCG-1,0.063677,0.463949,0.472374
AGGATAAAGTCGGGAT-1,0.027767,0.885304,0.086928
AGGATATAGGGATTTA-1,0.045625,0.825322,0.129053
AGGATATCCGACTGCA-1,0.008618,0.659212,0.33217
AGGATCACGCGATCTG-1,0.06218,0.786598,0.151222
AGGATTGCTTACGACA-1,0.056493,0.317496,0.626011
AGGCAAAGAGGAATCA-1,0.761158,0.177835,0.061007
AGGCACGTGACTGTCC-1,0.059811,0.265949,0.67424
AGGCAGATGCGTAAAC-1,0.068021,0.381767,0.550212
AGGCAGGGAGCGTACT-1,0.040645,0.298762,0.660593
AGGCATTGTCGTAGGG-1,0.000042,0.947343,0.052614
AGGCCACATTGGTTAC-1,0.033803,0.238167,0.72803
AGGCCACCCGTTATGA-1,0.012442,0.240787,0.746771
AGGCCCATTGTACAGG-1,0.000041,0.922458,0.077502
AGGCCCTAGAACGCCA-1,0.000056,0.040307,0.959638
AGGCCTGAGAATCTCG-1,0.04115,0.596601,0.362249
AGGCGATAACTGGCGT-1,0.015375,0.847117,0.137508
AGGCGGTTTGTCCCGC-1,0.034111,0.639702,0.326187
AGGCGTCTATGGACGG-1,0.003688,0.926252,0.07006
AGGCTATGGTTAGCTT-1,0.031159,0.141443,0.827398
AGGCTTCCCGAAGAAG-1,0.006836,0.677506,0.315658
AGGCTTGCTAGACACC-1,0.000031,0.984905,0.015064
AGGGAAACGAGGTACT-1,0.030951,0.575088,0.393961
AGGGACAGCACGGCGG-1,0.999166,0.0005,0.000333
AGGGACCGGCTGCGTT-1,0.925469,0.074366,0.000165
AGGGACTCTACGCGAC-1,0.109739,0.033466,0.856795
AGGGAGACATACTTCG-1,0.053526,0.18758,0.758894
AGGGCAGCGGCGTGGT-1,0.507455,0.002883,0.489662
AGGGCCCTAATGTTCT-1,0.097316,0.494329,0.408355
AGGGCGAGCAGCTGAT-1,0.020493,0.580975,0.398532
AGGGCGTGATCGGCTA-1,0.008087,0.716937,0.274977
AGGGCTGCAGTTACAG-1,0.002093,0.588117,0.409789
AGGGTCAGAGCACTCG-1,0.122885,0.35233,0.524785
AGGGTCAGTAACCCTA-1,0.00004,0.951998,0.047962
AGGGTCGATGCGAACT-1,0.107362,0.605329,0.287309
AGGGTCTGGACGCAGT-1,0.198908,0.091587,0.709505
AGGGTGCCGTTCTTTA-1,0.143855,0.352463,0.503683
AGGGTGCTCTCGAGGG-1,0.015167,0.236987,0.747846
AGGGTGGATAGTGCAT-1,0.000169,0.123278,0.876553
AGGGTGTGCTACACGC-1,0.997538,0.001477,0.000985
AGGGTTCAGACGGTCC-1,0.097221,0.096958,0.805821
AGGGTTCCCTTTGGTT-1,0.036789,0.936414,0.026797
AGGGTTTAGTTCGGGA-1,0.046337,0.563736,0.389928
AGGTAACCTCCTATTC-1,0.017094,0.067427,0.915478
AGGTACGATATTGCCA-1,0.113081,0.324123,0.562796
AGGTAGATCGAGATAT-1,0.021459,0.93994,0.038601
AGGTAGGTACAAAGCT-1,0.00007,0.146528,0.853403
AGGTATAATTGATAGT-1,0.123803,0.448126,0.42807
AGGTATGCGGACATTA-1,0.038119,0.440054,0.521827
AGGTCAGGTGAGAGTG-1,0.000045,0.372456,0.627499
AGGTCGCCTCCCAACA-1,0.061737,0.342982,0.595281
AGGTCGCGGAGTTACT-1,0.076435,0.685496,0.238069
AGGTGCACGTCCACAT-1,0.079995,0.620021,0.299984
AGGTGGTGACCTTCGC-1,0.058981,0.51614,0.424879
AGGTGTATCGCCATGA-1,0.011271,0.266761,0.721968
AGGTGTTGCCGACCAC-1,0.066398,0.826153,0.107448
AGGTTACACCATGCCG-1,0.006897,0.477838,0.515265
AGGTTCTCCTTTCCGG-1,0.000145,0.341828,0.658027
AGGTTGAGGCACGCTT-1,0.000035,0.993271,0.006695
AGGTTTCACACACCTT-1,0.061312,0.614614,0.324074
AGTAACGTTCATCCTG-1,0.999181,0.000492,0.000328
AGTAACTATAGCAGCC-1,0.069229,0.915789,0.014982
AGTAATGTCTTGCCGC-1,0.002235,0.735188,0.262576
AGTAATTTGCAAGCGT-1,0.112105,0.494481,0.393414
AGTACAGAAGCTTATA-1,0.041977,0.554372,0.40365
AGTACATCATTTATCA-1,0.115432,0.516722,0.367847
AGTACCTTCGAGTGCT-1,0.045848,0.399948,0.554203
AGTACGGCCCGTATCG-1,0.024958,0.514753,0.460289
AGTACGGGCACCTGGC-1,0.054391,0.650199,0.29541
AGTACGTGGCCTGTCT-1,0.866845,0.000493,0.132662
AGTACTCTTATGCCCA-1,0.083446,0.288905,0.627649
AGTAGAAGGCGCCTCA-1,0.075458,0.418466,0.506076
AGTAGCGTGAACGAAC-1,0.998154,0.001107,0.000738
AGTAGCTAGACGCCGA-1,0.998448,0.000931,0.000621
AGTAGGAAGGAAGTTG-1,0.000066,0.236881,0.763053
AGTAGGTAACATACAT-1,0.006238,0.487417,0.506344
AGTATAATACTAGGCA-1,0.035379,0.317275,0.647346
AGTATACACAGCGACA-1,0.03607,0.236883,0.727047
AGTATGCTGGAGACCA-1,0.079581,0.160275,0.760144
AGTATTTGGCACGACC-1,0.062127,0.868118,0.069756
AGTCAAATGATGTGAT-1,0.038682,0.873708,0.08761
AGTCAACACCACCATC-1,0.016761,0.254785,0.728455
AGTCAAGATGACACTT-1,0.138993,0.396956,0.464051
AGTCACTAGCTCTCGA-1,0.008381,0.852628,0.138991
AGTCACTCCGCCTCAT-1,0.594999,0.145201,0.2598
AGTCAGCCACCGCCTG-1,0.039507,0.213326,0.747167
AGTCCATTGGCTGATG-1,0.020983,0.624061,0.354956
AGTCCCGCCTTTAATT-1,0.021152,0.086367,0.892481
AGTCCCTCGCAGAAAG-1,0.048373,0.505808,0.445819
AGTCGACGGTCTCAAG-1,0.014015,0.832392,0.153593
AGTCGGCCCAAACGAC-1,0.012056,0.530661,0.457283
AGTCGGCTCAACTTTA-1,0.319663,0.189855,0.490482
AGTCGGTTGCGTGAGA-1,0.061296,0.396332,0.542372
AGTCGTATAAAGCAGA-1,0.085526,0.464667,0.449808
AGTCGTCGACCACCAA-1,0.132342,0.176955,0.690703
AGTCGTGGGCATTACG-1,0.047008,0.135669,0.817323
AGTCTAAAGTATACTC-1,0.165515,0.458553,0.375932
AGTCTCACAAGACTAC-1,0.019744,0.275861,0.704396
AGTCTGGACATCCTTG-1,0.024553,0.273859,0.701588
AGTCTTCTCCTCAAAT-1,0.018548,0.830222,0.151229
AGTCTTTAAAGTGTCC-1,0.000029,0.981966,0.018006
AGTGAACAAACTTCTC-1,0.12715,0.321229,0.551621
AGTGAAGATGGTGTCC-1,0.018447,0.444828,0.536725
AGTGACCTACTTTACG-1,0.115918,0.481467,0.402615
AGTGACTGTGACACAA-1,0.159782,0.312034,0.528184
AGTGAGACTTCCAGTA-1,0.022148,0.282458,0.695394
AGTGAGCCTCGCCGCC-1,0.130509,0.591735,0.277756
AGTGAGGGTTTCTGAC-1,0.176281,0.400638,0.42308
AGTGAGTCGAATTAAC-1,0.07781,0.751876,0.170314
AGTGATAACCTGCGCG-1,0.809731,0.16081,0.029459
AGTGATATGAGTAGTT-1,0.11435,0.462365,0.423285
AGTGATTCAAGCAGGA-1,0.009198,0.801784,0.189018
AGTGCACGCTTAAGAA-1,0.000081,0.01624,0.983679
AGTGCGTAGCTCGTAA-1,0.019844,0.072148,0.908008
AGTGCTAAACACAGCA-1,0.149612,0.358685,0.491702
AGTGCTTGCACGAATA-1,0.04359,0.217659,0.738752
AGTGGCGGCAATTTGA-1,0.005194,0.456363,0.538442
AGTGGCGTCTGAAGGT-1,0.070158,0.448291,0.48155
AGTGGCTCCGTCGGCC-1,0.08568,0.315746,0.598574
AGTGGTGTTACCCGTG-1,0.000057,0.808973,0.19097
AGTGGTTGCGTATAGG-1,0.1129,0.53803,0.349071
AGTGTATTGCGCATTG-1,0.000052,0.81885,0.181098
AGTGTGCTAAGATCGC-1,0.039194,0.4877,0.473106
AGTGTGGTCTATTGTG-1,0.044459,0.681184,0.274357
AGTTAAACACTTGCGA-1,0.035871,0.665142,0.298986
AGTTAAGCGGTCCCGG-1,0.038188,0.628233,0.333579
AGTTAAGTCAACCGCT-1,0.00004,0.752597,0.247364
AGTTACCCTTAAGACT-1,0.00228,0.195008,0.802712
AGTTACCGCACATGGT-1,0.011994,0.632562,0.355444
AGTTACTCTATCGTGG-1,0.04435,0.210589,0.745061
AGTTATTGAAAGGTAA-1,0.998992,0.000605,0.000403
AGTTCACCGGTTGGAC-1,0.013436,0.44641,0.540153
AGTTCCTACAGAATTA-1,0.008334,0.810698,0.180967
AGTTCCTATTTATGTT-1,0.038335,0.01347,0.948195
AGTTCTGCGTTGTATC-1,0.001877,0.06043,0.937693
AGTTGACATCGGCTGG-1,0.171105,0.159832,0.669063
AGTTGACGGTCCTTGC-1,0.125587,0.152409,0.722004
AGTTGCTGACTGATAT-1,0.000042,0.675845,0.324113
AGTTGGCAAGGCTAGA-1,0.115715,0.78158,0.102705
AGTTTATGTAAAGACA-1,0.042812,0.655449,0.301738
AGTTTCGCAGGTCGGA-1,0.001201,0.927808,0.070991
AGTTTGCACCTGCCTC-1,0.000036,0.981284,0.01868
AGTTTGGCACGGGTTG-1,0.066596,0.301223,0.632181
AGTTTGGCCAGACCTA-1,0.000059,0.078843,0.921098
ATAAACCATTGGACGG-1,0.998999,0.0006,0.0004
ATAAACGGACCCGTAA-1,0.081812,0.17592,0.742268
ATAAACGTTGCACCAC-1,0.206375,0.053897,0.739728
ATAAAGGCTCGGTCGT-1,0.039422,0.070065,0.890513
ATAAAGGTCAAGTACG-1,0.999399,0.00036,0.00024
ATAAATATTAGCAGCT-1,0.014639,0.250142,0.73522
ATAACGCCGGAGGGTC-1,0.027854,0.529422,0.442724
ATAACGGAGTCCAACG-1,0.003127,0.954154,0.042718
ATAACGTTACCTCCAC-1,0.05412,0.656995,0.288885
ATAAGCAAACACCGAG-1,0.439019,0.000211,0.56077
ATAAGGTGGAGAACAT-1,0.051979,0.64908,0.298941
ATAAGTACCCGATTGT-1,0.159925,0.063608,0.776467
ATAAGTAGGATTCAGA-1,0.034299,0.649405,0.316296
ATAAGTAGGGCGACTC-1,0.139389,0.346881,0.51373
ATAAGTTACCGCGACG-1,0.162385,0.407596,0.430019
ATAATACCGTTAGCCG-1,0.024585,0.175762,0.799653
ATAATAGCTGTTGAAT-1,0.037582,0.795315,0.167102
ATAATAGTGTAGGGAC-1,0.041503,0.331662,0.626835
ATAATCTTGGAGAACC-1,0.10624,0.188968,0.704793
ATAATTAGCTAAGTAG-1,0.121364,0.089237,0.7894
ATACAGGCCCTCCAAT-1,0.006337,0.678677,0.314987
ATACCACGGGCAACTT-1,0.00007,0.101102,0.898827
ATACCAGCAAATTGCT-1,0.999499,0.000301,0.0002
ATACCAGGCTAATAGA-1,0.235179,0.183494,0.581327
ATACCAGGTGAGCGAT-1,0.998874,0.000676,0.00045
ATACCGTCATCCATAA-1,0.109703,0.547124,0.343173
ATACCTAACCAAGAAA-1,0.034644,0.763491,0.201865
ATACGAAGGCTTTCCA-1,0.065658,0.481059,0.453283
ATACGACAGATGGGTA-1,0.997107,0.001736,0.001157
ATACGCCGGCGAAACC-1,0.050338,0.337092,0.612569
ATACGGAACGTCGTTT-1,0.03433,0.437558,0.528113
ATACGGGTTTCGATTG-1,0.065197,0.628083,0.306721
