Barcode,Topic 1,Topic 2,Topic 3,Topic 4,Topic 5,Topic 6,Topic 7,Topic 8,Topic 9,Topic 10,Topic 11,Topic 12,Topic 13
AAACAAGTATCTCCCA-1,0.000039,0.114672,0.277806,0.000039,0.000039,0.000039,0.000039,0.295197,0.049601,0.175137,0.040661,0.033743,0.012989
AAACAATCTACTAGCA-1,0.012492,0.010089,0.008023,0.099094,0.070328,0.079763,0.048702,0.065088,0.154991,0.172495,0.069178,0.07324,0.136517
AAACACCAATAACTGC-1,0.6873,0.154027,0.045045,0.000053,0.000053,0.000053,0.000053,0.000053,0.016324,0.096879,0.000053,0.000053,0.000053
AAACAGAGCGACTCCT-1,0.022909,0.066965,0.050043,0.004896,0.003738,0.02705,0.044462,0.244655,0.043156,0.105874,0.299811,0.015987,0.070453
AAACAGCTTTCAGAAG-1,0.601284,0.327772,0.03442,0.013511,0.022664,0.000044,0.000044,0.000044,0.000044,0.000044,0.000044,0.000044,0.000044
AAACAGGGTCTATATT-1,0.000111,0.606355,0.392421,0.000111,0.000111,0.000111,0.000111,0.000111,0.000111,0.000111,0.000111,0.000111,0.000111
AAACAGTGTTCCTGGG-1,0.784984,0.148119,0.046528,0.003217,0.016888,0.000033,0.000033,0.000033,0.000033,0.000033,0.000033,0.000033,0.000033
AAACATGGTGAGAGGA-1,0.001832,0.001832,0.001832,0.4669,0.001832,0.001832,0.001832,0.001832,0.001832,0.001832,0.001832,0.001832,0.512953
AAACATTTCCCGGATT-1,0.000009,0.017461,0.011815,0.033417,0.041708,0.036954,0.014086,0.223357,0.141412,0.096298,0.283533,0.046955,0.052996
AAACCACTACACAGAT-1,0.098048,0.001248,0.005957,0.328848,0.203619,0.151959,0.170979,0.00075,0.000531,0.000012,0.014964,0.009274,0.013811
AAACCCGAACGAAATC-1,0.010593,0.000083,0.070586,0.488329,0.264964,0.02619,0.035496,0.002265,0.01595,0.014556,0.004017,0.028297,0.038675
AAACCGGAAATGTTAA-1,0.027266,0.004918,0.040945,0.263561,0.244148,0.052832,0.107045,0.013641,0.050881,0.069761,0.016618,0.060219,0.048166
AAACCGGGTAGGTACC-1,0.000256,0.682269,0.032108,0.000256,0.000256,0.000256,0.000256,0.061734,0.000256,0.000256,0.221581,0.000256,0.000256
AAACCGTTCGTCCAGG-1,0.000264,0.578406,0.279398,0.000264,0.000264,0.000264,0.000264,0.000264,0.000264,0.000264,0.139553,0.000264,0.000264
AAACCTAAGCAGCCGG-1,0.037717,0.000008,0.000006,0.046936,0.035229,0.003954,0.007176,0.035784,0.334207,0.34649,0.013001,0.09795,0.041542
AAACCTCATGAAGTTG-1,0.000192,0.620687,0.377203,0.000192,0.000192,0.000192,0.000192,0.000192,0.000192,0.000192,0.000192,0.000192,0.000192
AAACGAAGAACATACC-1,0.028401,0.013108,0.007091,0.148333,0.049688,0.084865,0.170991,0.049645,0.026608,0.024003,0.299239,0.038532,0.059497
AAACGAAGATGGAGTA-1,0.204086,0.570256,0.000028,0.000028,0.000028,0.000028,0.000028,0.130112,0.007763,0.013885,0.0737,0.000028,0.000028
AAACGACAGTCTTGCC-1,0.013566,0.012571,0.006941,0.098988,0.045221,0.09631,0.193197,0.067425,0.07541,0.103234,0.144241,0.035896,0.106999
AAACGAGACGGTTGAT-1,0.000026,0.027031,0.622633,0.000026,0.000857,0.000026,0.000026,0.104716,0.141518,0.061324,0.016164,0.011906,0.013746
AAACGCCCGAGATCGG-1,0.000009,0.00279,0.000009,0.005645,0.000921,0.009161,0.050077,0.21778,0.093075,0.240893,0.311246,0.017495,0.050898
AAACGCTGGGCACGAC-1,0.000014,0.052983,0.11411,0.038118,0.061682,0.226578,0.03168,0.065403,0.087567,0.209292,0.025547,0.024728,0.062298
AAACGGGCGTACGGGT-1,0.071437,0.002954,0.005185,0.145154,0.225023,0.051046,0.03034,0.027627,0.115681,0.122521,0.019023,0.09281,0.091199
AAACGGTTGCGAACTG-1,0.000174,0.760089,0.000174,0.000174,0.000174,0.000174,0.000174,0.0998,0.000174,0.138375,0.000174,0.000174,0.000174
AAACGTGTTCGCCCTA-1,0.019572,0.06234,0.180419,0.067108,0.03634,0.054626,0.079657,0.157482,0.056222,0.055032,0.130605,0.050239,0.050359
AAACTAACGTGGCGAC-1,0.068827,0.001528,0.000781,0.285354,0.141772,0.149369,0.176962,0.009148,0.018297,0.019254,0.046642,0.028121,0.053945
AAACTCGGTTCGCAAT-1,0.061933,0.292846,0.000363,0.000363,0.000363,0.000363,0.000363,0.180386,0.101646,0.360287,0.000363,0.000363,0.000363
AAACTCGTGATATAAG-1,0.016975,0.011414,0.050207,0.065448,0.218896,0.065893,0.028763,0.108731,0.097753,0.064898,0.047166,0.20244,0.021416
AAACTGCTGGCTCCAA-1,0.015781,0.034599,0.039295,0.110381,0.103013,0.08127,0.039423,0.025037,0.104852,0.148112,0.007037,0.116424,0.174776
AAACTTAATTGCACGC-1,0.29064,0.448004,0.000033,0.000033,0.000033,0.000033,0.000033,0.054659,0.047532,0.148436,0.000033,0.010495,0.000033
AAACTTGCAAACGTAT-1,0.000269,0.921836,0.032072,0.000269,0.000269,0.000269,0.000269,0.043402,0.000269,0.000269,0.000269,0.000269,0.000269
AAAGAATGACCTTAGA-1,0.413559,0.401759,0.000018,0.005896,0.005445,0.001175,0.000963,0.028347,0.041535,0.029527,0.013226,0.038292,0.020258
AAAGAATGTGGACTAA-1,0.046713,0.021589,0.306138,0.01835,0.055883,0.021884,0.027574,0.029254,0.168118,0.153167,0.012681,0.061476,0.077173
AAAGACATGAAGTTTA-1,0.0099,0.012979,0.061601,0.043671,0.02692,0.02572,0.079408,0.17604,0.106921,0.128077,0.138897,0.098763,0.091103
AAAGACCCAAGTCGCG-1,0.260032,0.045611,0.204776,0.000011,0.000011,0.000786,0.003193,0.078194,0.112639,0.240057,0.034734,0.005516,0.014441
AAAGACTGGGCGCTTT-1,0.000189,0.704346,0.094639,0.000189,0.000189,0.000189,0.000189,0.199125,0.000189,0.000189,0.000189,0.000189,0.000189
AAAGCTTGCCTACATA-1,0.007192,0.001847,0.054714,0.066262,0.064183,0.021251,0.039407,0.045851,0.153387,0.35123,0.024453,0.050274,0.119951
AAAGGCCCTATAATAC-1,0.515522,0.390056,0.000016,0.002386,0.000108,0.000016,0.007533,0.008027,0.013826,0.026845,0.006966,0.012781,0.015917
AAAGGCTACGGACCAT-1,0.000212,0.388805,0.000212,0.182119,0.000212,0.000212,0.000212,0.000212,0.047482,0.3018,0.063911,0.0144,0.000212
AAAGGCTCTCGCGCCG-1,0.026833,0.009782,0.023438,0.296762,0.510192,0.013985,0.007901,0.000551,0.020658,0.01232,0.000013,0.06758,0.009986
AAAGGGATGTAGCAAG-1,0.026544,0.103382,0.068319,0.002535,0.006748,0.007271,0.010255,0.170461,0.303204,0.147455,0.044098,0.08192,0.027807
AAAGGGCAGCTTGAAT-1,0.451443,0.359014,0.076918,0.111268,0.000151,0.000151,0.000151,0.000151,0.000151,0.000151,0.000151,0.000151,0.000151
AAAGGTAAGCTGTACC-1,0.004369,0.04039,0.086311,0.009526,0.00813,0.39565,0.020756,0.088517,0.050612,0.155465,0.088464,0.018422,0.033388
AAAGGTCAACGACATG-1,0.00811,0.010744,0.000008,0.010883,0.008186,0.030617,0.088584,0.148479,0.146518,0.249914,0.212932,0.022934,0.062091
AAAGTAGCATTGCTCA-1,0.00057,0.660759,0.00057,0.00057,0.00057,0.00057,0.00057,0.00057,0.00057,0.332973,0.00057,0.00057,0.00057
AAAGTCACTGATGTAA-1,0.078213,0.083523,0.227155,0.027747,0.05515,0.054374,0.052487,0.095949,0.067754,0.10662,0.049978,0.062223,0.038827
AAAGTCGACCCTCAGT-1,0.000263,0.729729,0.003484,0.000263,0.000263,0.000263,0.000263,0.043619,0.000263,0.000263,0.220796,0.000263,0.000263
AAAGTGCCATCAATTA-1,0.002886,0.000934,0.073745,0.193958,0.125854,0.027233,0.047278,0.018621,0.147475,0.208835,0.003744,0.063373,0.086063
AAAGTGTGATTTATCT-1,0.000014,0.008596,0.079492,0.008551,0.007826,0.002957,0.018168,0.209167,0.259487,0.282372,0.047668,0.031753,0.043948
AAAGTTGACTCCCGTA-1,0.005626,0.00939,0.088435,0.128995,0.054957,0.069714,0.03758,0.053668,0.127881,0.229128,0.024628,0.076743,0.093256
AAATAACCATACGGGA-1,0.000013,0.005462,0.00885,0.024997,0.014341,0.059559,0.115539,0.088193,0.164134,0.224431,0.085274,0.06189,0.147316
AAATAAGGTAGTGCCC-1,0.016337,0.001622,0.009721,0.162514,0.17008,0.031182,0.058649,0.019365,0.160199,0.163306,0.00803,0.084734,0.114262
AAATACCTATAAGCAT-1,0.013899,0.012256,0.031005,0.083379,0.035166,0.009599,0.034314,0.096257,0.266803,0.212853,0.052568,0.047761,0.104141
AAATAGCTTAGACTTT-1,0.005612,0.000468,0.008582,0.14076,0.107662,0.022236,0.059874,0.03901,0.145224,0.174637,0.099332,0.101485,0.095118
AAATAGGGTGCTATTG-1,0.003542,0.013696,0.019444,0.067264,0.033827,0.009238,0.011786,0.052774,0.275638,0.281493,0.037328,0.144024,0.049946
AAATCACTCCTAAACG-1,0.004487,0.144623,0.106715,0.002041,0.001566,0.721074,0.004446,0.005135,0.000006,0.000187,0.006342,0.000014,0.003364
AAATCCGATACACGCC-1,0.004493,0.00029,0.00001,0.066331,0.10369,0.010187,0.014587,0.102105,0.245455,0.182281,0.069104,0.123177,0.07829
AAATCGCGGAAGGAGT-1,0.08507,0.599251,0.000033,0.000033,0.000033,0.000033,0.000033,0.057942,0.065574,0.18969,0.000037,0.000033,0.002239
AAATCGTGTACCACAA-1,0.022282,0.046768,0.018002,0.045769,0.056919,0.059055,0.029581,0.109878,0.148609,0.151986,0.067362,0.091389,0.152399
AAATCTAGCCCTGCTA-1,0.000085,0.08255,0.916513,0.000085,0.000085,0.000085,0.000085,0.000085,0.000085,0.000085,0.000085,0.000085,0.000085
AAATCTGCCCGCGTCC-1,0.943535,0.044534,0.000024,0.000024,0.011692,0.000024,0.000024,0.000024,0.000024,0.000024,0.000024,0.000024,0.000024
AAATGACTGATCAAAC-1,0.897434,0.008547,0.008547,0.008547,0.008547,0.008547,0.008547,0.008547,0.008547,0.008547,0.008547,0.008547,0.008547
AAATGATTCGATCAGC-1,0.026133,0.017751,0.038866,0.09158,0.086929,0.017273,0.048577,0.062592,0.172618,0.161125,0.02584,0.191901,0.058814
AAATGCTCGTTACGTT-1,0.001693,0.152878,0.000049,0.000049,0.000049,0.000049,0.000049,0.125631,0.220864,0.327539,0.003943,0.166747,0.000461
AAATGGCATGTCTTGT-1,0.044825,0.001719,0.002945,0.191351,0.219514,0.048417,0.209507,0.026889,0.035687,0.022182,0.100597,0.022662,0.073704
AAATGGCCCGTGCCCT-1,0.000399,0.727409,0.000399,0.000399,0.000399,0.000399,0.000399,0.000399,0.068667,0.199939,0.000399,0.000399,0.000399
AAATGGTCAATGTGCC-1,0.048206,0.006464,0.027241,0.050751,0.06869,0.035715,0.198988,0.051427,0.10842,0.206239,0.028167,0.04884,0.120852
AAATGTATCTTATCCC-1,0.012821,0.012821,0.012821,0.012821,0.012821,0.012821,0.012821,0.846151,0.012821,0.012821,0.012821,0.012821,0.012821
AAATTAACGGGTAGCT-1,0.055638,0.034388,0.009883,0.087389,0.051918,0.060435,0.109916,0.108443,0.089816,0.07465,0.118011,0.099386,0.100127
AAATTAATAAGCGCGA-1,0.000387,0.96028,0.035468,0.000387,0.000387,0.000387,0.000387,0.000387,0.000387,0.000387,0.000387,0.000387,0.000387
AAATTACACGACTCTG-1,0.019928,0.003009,0.003484,0.046325,0.052172,0.038512,0.207469,0.101629,0.072779,0.098647,0.189397,0.056498,0.110151
AAATTACCTATCGATG-1,0.098159,0.056765,0.17822,0.071211,0.155605,0.258528,0.044727,0.01742,0.016392,0.015226,0.018826,0.036535,0.032386
AAATTCCAGGTCCAAA-1,0.005896,0.002546,0.029919,0.094757,0.085064,0.038953,0.070706,0.100606,0.126597,0.145666,0.087725,0.111719,0.099846
AAATTGATAGTCCTTT-1,0.000785,0.416101,0.344447,0.000785,0.000785,0.000785,0.000785,0.000785,0.000785,0.231602,0.000785,0.000785,0.000785
AAATTGCGGCGGTTCT-1,0.000043,0.14938,0.092712,0.000043,0.000043,0.000043,0.000043,0.324825,0.073401,0.330191,0.029193,0.000043,0.000043
AAATTGGTGAGAAGCA-1,0.019112,0.015593,0.025596,0.073217,0.042435,0.086244,0.062628,0.139739,0.134184,0.14264,0.133878,0.088446,0.03629
AAATTTACCGAAATCC-1,0.011339,0.003986,0.000174,0.035657,0.021331,0.056377,0.12723,0.018381,0.133052,0.275191,0.029238,0.047595,0.240449
AAATTTGCGGGTGTGG-1,0.39503,0.172934,0.123362,0.000235,0.000235,0.000235,0.000235,0.232497,0.000235,0.000235,0.074301,0.000235,0.000235
AACAACTGGTAGTTGC-1,0.039519,0.01079,0.005499,0.172329,0.244767,0.067834,0.101276,0.027453,0.031404,0.024141,0.110797,0.040971,0.12322
AACAATACATTGTCGA-1,0.105447,0.596581,0.000273,0.000273,0.000273,0.000273,0.000273,0.000273,0.000273,0.295244,0.000273,0.000273,0.000273
AACAATTACTCTACGC-1,0.276852,0.222632,0.045982,0.064691,0.000082,0.000082,0.000082,0.140243,0.000082,0.000082,0.23906,0.010048,0.000082
AACACACGCTCGCCGC-1,0.000107,0.364032,0.634791,0.000107,0.000107,0.000107,0.000107,0.000107,0.000107,0.000107,0.000107,0.000107,0.000107
AACACGACTGTACTGA-1,0.021858,0.013025,0.113233,0.080029,0.084293,0.132608,0.107655,0.040347,0.097764,0.079112,0.061032,0.041689,0.127354
AACACGAGACGCGGCC-1,0.000435,0.813538,0.000435,0.000435,0.000435,0.000435,0.000435,0.000435,0.000435,0.181681,0.000435,0.000435,0.000435
AACACGCGGCCGCGAA-1,0.000009,0.214482,0.180085,0.004462,0.007163,0.190933,0.005231,0.108353,0.049309,0.146395,0.030493,0.009625,0.053461
AACAGCTGTGTGGCAA-1,0.000481,0.678334,0.000481,0.000481,0.000481,0.000481,0.000481,0.000481,0.316378,0.000481,0.000481,0.000481,0.000481
AACAGGAAATCGAATA-1,0.002775,0.014491,0.002119,0.015985,0.009061,0.033901,0.124721,0.094694,0.110859,0.341527,0.13077,0.056103,0.062994
AACAGGATGGGCCGCG-1,0.000387,0.37652,0.619228,0.000387,0.000387,0.000387,0.000387,0.000387,0.000387,0.000387,0.000387,0.000387,0.000387
AACAGGTAGTATGGAT-1,0.017376,0.000513,0.000171,0.271669,0.412905,0.032297,0.062653,0.016909,0.023881,0.011618,0.056104,0.04567,0.048233
AACATAGCGTGTATCG-1,0.002481,0.002481,0.002481,0.002481,0.002481,0.002481,0.002481,0.002481,0.46601,0.002481,0.002481,0.002481,0.506695
AACATATCAACTGGTG-1,0.005572,0.046253,0.27015,0.002754,0.004957,0.002535,0.006341,0.237886,0.101703,0.265044,0.003522,0.025886,0.027398
AACATCGATACGTCTA-1,0.018158,0.005909,0.117945,0.180436,0.229129,0.04833,0.052495,0.030995,0.079732,0.071263,0.021378,0.107363,0.036868
AACATTGAAGTTGATC-1,0.385196,0.405211,0.001447,0.000041,0.000041,0.000041,0.000179,0.021983,0.054967,0.105883,0.000127,0.007995,0.01689
AACATTGGTCAGCCGT-1,0.000044,0.090348,0.178973,0.000044,0.000044,0.000044,0.000044,0.111536,0.130952,0.487839,0.000044,0.000044,0.000044
AACATTGTGACTCGAG-1,0.218843,0.262055,0.187219,0.000142,0.000142,0.000142,0.000142,0.000142,0.071857,0.000142,0.000142,0.20671,0.05232
AACCAAGACTTCTCTG-1,0.000343,0.259266,0.428992,0.000343,0.000343,0.000343,0.000343,0.308309,0.000343,0.000343,0.000343,0.000343,0.000343
AACCAGTATCACTCTT-1,0.005985,0.000063,0.002436,0.144906,0.090299,0.052543,0.190475,0.027332,0.075712,0.14191,0.035684,0.092725,0.139931
AACCATAGGGTTGAAC-1,0.275358,0.451137,0.02266,0.000024,0.000024,0.000024,0.000024,0.066588,0.093808,0.05247,0.004362,0.033495,0.000024
AACCATGGGATCGCTA-1,0.000475,0.383037,0.389313,0.000475,0.000475,0.000475,0.000475,0.222902,0.000475,0.000475,0.000475,0.000475,0.000475
AACCCAGAGACGGAGA-1,0.104856,0.027551,0.061764,0.091381,0.070473,0.033626,0.035233,0.130335,0.167884,0.070016,0.047901,0.142468,0.016513
AACCCATCCCATGATC-1,0.000218,0.857184,0.000218,0.000218,0.000218,0.000218,0.000218,0.000218,0.000218,0.140419,0.000218,0.000218,0.000218
AACCCGACAACCCGTG-1,0.074109,0.434614,0.089565,0.000081,0.000081,0.000081,0.000081,0.019412,0.131632,0.233267,0.000081,0.000081,0.016912
AACCCGAGCAGAATCG-1,0.000049,0.028833,0.362311,0.000049,0.001765,0.006677,0.000049,0.035756,0.21217,0.249839,0.000049,0.019212,0.08324
AACCCGATAGGGCTTC-1,0.000019,0.227692,0.037257,0.000019,0.000019,0.453455,0.017124,0.078697,0.017972,0.093848,0.060588,0.000636,0.012675
AACCCGCTGTATTCCA-1,0.00157,0.19876,0.00157,0.456923,0.00157,0.00157,0.00157,0.00157,0.328618,0.00157,0.00157,0.00157,0.00157
AACCCTACTGTCAATA-1,0.072603,0.00984,0.021933,0.149907,0.125531,0.041788,0.073753,0.105147,0.039203,0.029472,0.204395,0.069393,0.057033
AACCCTGGTGGAACCA-1,0.041137,0.016214,0.14622,0.133272,0.074133,0.097782,0.125066,0.02107,0.04556,0.058373,0.058221,0.030953,0.151998
AACCGAGCTTGGTCAT-1,0.016147,0.039396,0.048883,0.113564,0.076703,0.053427,0.129657,0.060174,0.082181,0.150453,0.054508,0.094849,0.080059
AACCGCTAAGGGATGC-1,0.000012,0.004409,0.032934,0.005794,0.000617,0.004664,0.003781,0.265782,0.196744,0.321645,0.091876,0.027453,0.044289
AACCGTTGTGTTTGCT-1,0.00686,0.000011,0.000092,0.046602,0.028889,0.042081,0.11065,0.042758,0.208318,0.353421,0.027588,0.018228,0.114501
AACCTCGCTTTAGCCC-1,0.015927,0.000007,0.000402,0.180801,0.237991,0.024443,0.018034,0.006239,0.130935,0.183878,0.001866,0.110604,0.088873
AACCTGTCACGGAATT-1,0.007951,0.014721,0.126074,0.103461,0.088191,0.045507,0.040871,0.03739,0.134346,0.17095,0.014642,0.059184,0.156712
AACCTTTAAATACGGT-1,0.264335,0.016133,0.024382,0.010266,0.017924,0.020556,0.021175,0.138656,0.084368,0.094151,0.20915,0.081162,0.017741
AACCTTTACGACGTCT-1,0.085228,0.012978,0.001151,0.074655,0.044092,0.0588,0.160297,0.051451,0.011902,0.008439,0.408208,0.055085,0.027715
AACGAAAGTCGTCCCA-1,0.133495,0.61173,0.006387,0.000036,0.000036,0.000036,0.000036,0.082855,0.050784,0.104874,0.003483,0.006214,0.000036
AACGACCTCCTAGCCG-1,0.010709,0.014896,0.016117,0.074329,0.115432,0.036131,0.027419,0.068258,0.212996,0.255298,0.008883,0.105463,0.05407
AACGATAATGCCGTAG-1,0.007364,0.001365,0.012378,0.086325,0.047252,0.004244,0.023372,0.061369,0.354514,0.227951,0.014901,0.111018,0.047947
AACGATAGAAGGGCCG-1,0.006063,0.012545,0.356724,0.02522,0.016606,0.006014,0.011187,0.181988,0.111993,0.106439,0.063978,0.084891,0.016353
AACGATATGTCAACTG-1,0.073552,0.005416,0.003301,0.013185,0.006224,0.019153,0.054685,0.254614,0.135496,0.139618,0.181025,0.077842,0.035888
AACGCATGATCTGGGT-1,0.039269,0.004443,0.003211,0.133849,0.118068,0.178128,0.152733,0.020804,0.04037,0.048027,0.097617,0.057192,0.106289
AACGCGAACGGCAACA-1,0.000145,0.043695,0.449751,0.000145,0.000145,0.000145,0.000145,0.132167,0.059676,0.313552,0.000145,0.000145,0.000145
AACGCGACCTTGGGCG-1,0.228993,0.295238,0.000078,0.000078,0.000078,0.000078,0.000078,0.240723,0.022266,0.206418,0.000078,0.005814,0.000078
AACGCGGTCTCCAGCC-1,0.012952,0.034523,0.156705,0.056661,0.049736,0.045473,0.046635,0.195189,0.132181,0.105607,0.102885,0.041105,0.020351
AACGCTGTTGCTGAAA-1,0.000028,0.200423,0.255347,0.052374,0.035255,0.003857,0.000031,0.025319,0.14916,0.125342,0.014343,0.040378,0.098142
AACGGACGTACGTATA-1,0.000334,0.107144,0.889177,0.000334,0.000334,0.000334,0.000334,0.000334,0.000334,0.000334,0.000334,0.000334,0.000334
AACGGCCATCTCCGGT-1,0.36653,0.272522,0.201279,0.000088,0.000088,0.000088,0.108517,0.000088,0.036414,0.000088,0.000088,0.014122,0.000088
AACGTACTGTGGGTAC-1,0.0005,0.116511,0.660075,0.0005,0.0005,0.0005,0.0005,0.0005,0.0005,0.165389,0.0005,0.053529,0.0005
AACGTCAGACTAGTGG-1,0.000154,0.154116,0.204933,0.000154,0.000154,0.117027,0.000154,0.383063,0.000154,0.139625,0.000154,0.000154,0.000154
AACGTCGCTGCACTTC-1,0.00488,0.083479,0.189542,0.065576,0.062486,0.06545,0.020705,0.155201,0.0602,0.013757,0.217011,0.058487,0.003226
AACGTGATGAAGGACA-1,0.02303,0.016873,0.024864,0.08916,0.056291,0.082269,0.099779,0.097403,0.054741,0.0699,0.256222,0.039404,0.090065
AACGTGCGAAAGTCTC-1,0.023229,0.022658,0.049471,0.115767,0.164794,0.026813,0.096827,0.036695,0.103246,0.095467,0.021811,0.142824,0.100398
AACGTTATCAGCACCT-1,0.33053,0.539105,0.072169,0.01288,0.000062,0.00398,0.022816,0.018149,0.000062,0.000062,0.000062,0.000062,0.000062
AACGTTCTACCATTGT-1,0.243886,0.048202,0.090065,0.000193,0.555882,0.060422,0.000193,0.000193,0.000193,0.000193,0.000193,0.000193,0.000193
AACTACCCGTTTGTCA-1,0.000014,0.072273,0.089837,0.009219,0.009045,0.015938,0.008874,0.128556,0.135393,0.305181,0.135071,0.013673,0.076925
AACTAGCGTATCGCAC-1,0.157853,0.008931,0.003504,0.162041,0.278302,0.093221,0.087254,0.031277,0.019512,0.010523,0.064412,0.052186,0.030984
AACTAGGCTTGGGTGT-1,0.042454,0.009376,0.000018,0.086001,0.235966,0.017585,0.012371,0.097884,0.171964,0.138786,0.017837,0.148502,0.021257
AACTCAAGTTAATTGC-1,0.022988,0.01072,0.006742,0.023937,0.042404,0.017775,0.043236,0.049841,0.276949,0.322276,0.008731,0.086499,0.087903
AACTCCAGAGCGTGTT-1,0.003018,0.00348,0.009758,0.09386,0.098771,0.012155,0.01374,0.040464,0.287354,0.268925,0.007872,0.075738,0.084865
AACTCCTAATCCCATG-1,0.000043,0.013109,0.014575,0.008612,0.002385,0.014551,0.04986,0.277374,0.068863,0.145502,0.315578,0.016442,0.073105
AACTCGATAAACACGT-1,0.061718,0.047961,0.070338,0.170374,0.279084,0.047915,0.034603,0.00955,0.08974,0.084302,0.000108,0.085266,0.019042
AACTCGATGGCGCAGT-1,0.31848,0.117332,0.475511,0.000084,0.000084,0.000084,0.000084,0.056183,0.000084,0.000084,0.011815,0.020089,0.000084
AACTCTCAATAGAGCG-1,0.049445,0.01487,0.019438,0.106053,0.077806,0.037418,0.05862,0.101859,0.091786,0.124974,0.167571,0.060892,0.089269
AACTCTCAGTGTGCTC-1,0.00062,0.541998,0.190789,0.00062,0.00062,0.00062,0.00062,0.00062,0.00062,0.00062,0.00062,0.00062,0.261009
AACTGAGGTCAGCGTC-1,0.373487,0.010548,0.006803,0.024071,0.010732,0.194411,0.036277,0.092361,0.008678,0.023601,0.16175,0.027296,0.029985
AACTGAGTTATACTGA-1,0.00001,0.015936,0.00001,0.015532,0.011322,0.023033,0.017993,0.069985,0.290058,0.389446,0.034157,0.029047,0.103472
AACTGATATTAGGCCT-1,0.039613,0.014395,0.027818,0.012819,0.015202,0.02758,0.241941,0.075261,0.160587,0.206701,0.046435,0.02854,0.103108
AACTGGGTCCCGACGT-1,0.031432,0.005008,0.026897,0.123764,0.097052,0.057203,0.169549,0.055938,0.115039,0.131944,0.044681,0.070451,0.071042
AACTGGGTTCGAGCCG-1,0.144095,0.000005,0.000005,0.238404,0.242133,0.05465,0.195313,0.001419,0.017369,0.011703,0.010668,0.029971,0.054266
AACTGGTGTGGGCCTT-1,0.026122,0.105217,0.133258,0.002123,0.001414,0.016169,0.022103,0.169703,0.242387,0.206391,0.017842,0.022946,0.034325
AACTTCTGCGTCTATC-1,0.028371,0.646855,0.323275,0.00015,0.00015,0.00015,0.00015,0.00015,0.00015,0.00015,0.00015,0.00015,0.00015
AACTTGCCCGTATGCA-1,0.091852,0.321987,0.121834,0.000227,0.000227,0.000227,0.000227,0.000227,0.067687,0.150578,0.244474,0.000227,0.000227
AACTTGCGTTCTCGCG-1,0.077078,0.021398,0.000086,0.000086,0.000086,0.000086,0.000086,0.519768,0.056044,0.267872,0.000086,0.05724,0.000086
AACTTTACGGGAGCTT-1,0.000102,0.149084,0.849791,0.000102,0.000102,0.000102,0.000102,0.000102,0.000102,0.000102,0.000102,0.000102,0.000102
AACTTTAGCTGCTGAG-1,0.000016,0.014856,0.035253,0.000016,0.000016,0.000113,0.00776,0.066951,0.206877,0.620196,0.025881,0.008065,0.013998
AACTTTCTCGATCATG-1,0.005624,0.009484,0.029517,0.036856,0.036628,0.010492,0.018234,0.080064,0.31591,0.229531,0.046263,0.085253,0.096142
AAGAAAGTTTGATGGG-1,0.003663,0.003663,0.003663,0.003663,0.003663,0.003663,0.003663,0.956043,0.003663,0.003663,0.003663,0.003663,0.003663
AAGAAATCACCAGATT-1,0.001535,0.015075,0.026021,0.010856,0.009324,0.010506,0.021339,0.177011,0.168538,0.39935,0.035949,0.047671,0.076825
AAGAAGGATCAGTTAG-1,0.142796,0.016904,0.408983,0.060808,0.195502,0.000072,0.025618,0.000072,0.001152,0.050985,0.000072,0.001782,0.095254
AAGACATACGTGGTTT-1,0.003088,0.000012,0.000686,0.181343,0.084544,0.008372,0.041287,0.011985,0.224787,0.317061,0.00592,0.032623,0.088292
AAGACCAAATAACTCA-1,0.169547,0.589791,0.000017,0.000017,0.000017,0.000017,0.00002,0.050032,0.080032,0.092307,0.008655,0.006167,0.003381
AAGACCCAACTGAACA-1,0.160006,0.212937,0.200347,0.000093,0.004283,0.000093,0.020751,0.044893,0.03812,0.187994,0.047865,0.016903,0.065715
AAGACTAACCCGTTGT-1,0.029249,0.015939,0.001027,0.025697,0.062202,0.003887,0.026232,0.101376,0.214363,0.276227,0.051628,0.147104,0.045071
AAGACTCACGCCCACT-1,0.021651,0.038059,0.057901,0.024286,0.017477,0.018003,0.064013,0.135777,0.100303,0.135944,0.249179,0.035489,0.101917
AAGACTGCAAGCTACT-1,0.014601,0.018409,0.002696,0.189808,0.138402,0.072547,0.078742,0.11317,0.046715,0.037934,0.150207,0.081349,0.055418
AAGAGATGAATCGGTA-1,0.352393,0.530825,0.115131,0.000165,0.000165,0.000165,0.000165,0.000165,0.000165,0.000165,0.000165,0.000165,0.000165
AAGAGCTCTTTATCGG-1,0.000014,0.059281,0.868431,0.000014,0.000014,0.000014,0.000014,0.013494,0.01753,0.040707,0.000014,0.000014,0.000458
AAGAGGATGTACGCGA-1,0.000506,0.622243,0.113518,0.000506,0.000506,0.000506,0.000506,0.000506,0.000506,0.259178,0.000506,0.000506,0.000506
AAGAGGCATGGATCGC-1,0.000437,0.070832,0.088208,0.046795,0.048827,0.007214,0.009863,0.095056,0.180968,0.270249,0.061125,0.084885,0.035542
AAGAGGCCCTTTGGAA-1,0.00006,0.180439,0.13803,0.00006,0.00006,0.00006,0.00006,0.139184,0.091996,0.433158,0.002134,0.00006,0.0147
AAGATGGCACCGGACC-1,0.515188,0.340794,0.000178,0.136562,0.00585,0.000178,0.000178,0.000178,0.000178,0.000178,0.000178,0.000178,0.000178
AAGATTGGCGGAACGT-1,0.04199,0.001791,0.007225,0.419038,0.119217,0.151808,0.118961,0.006386,0.007348,0.002953,0.063726,0.024271,0.035286
AAGCACCCTGCGTATC-1,0.002667,0.000012,0.000012,0.134856,0.083377,0.020804,0.010448,0.057278,0.246811,0.222377,0.018709,0.109504,0.093146
AAGCATACTCTCCTGA-1,0.076122,0.052344,0.075974,0.000828,0.000016,0.000016,0.00094,0.201198,0.086489,0.312804,0.15013,0.018462,0.024678
AAGCCACTTGCAGGTA-1,0.465041,0.530575,0.000399,0.000399,0.000399,0.000399,0.000399,0.000399,0.000399,0.000399,0.000399,0.000399,0.000399
AAGCCGAAGCGGTTTA-1,0.00002,0.002407,0.024845,0.00002,0.00002,0.00002,0.00002,0.279238,0.266433,0.329241,0.050698,0.010802,0.036234
AAGCCGCCGTGAAATC-1,0.403714,0.248931,0.000028,0.000028,0.000028,0.000028,0.000028,0.061987,0.081434,0.055691,0.07788,0.070019,0.000203
AAGCCGCTTTACCTTG-1,0.055189,0.068248,0.111195,0.000151,0.000504,0.025279,0.014989,0.183415,0.137215,0.258599,0.093116,0.015832,0.036266
AAGCCGGAGAGCAGGA-1,0.000011,0.005409,0.044133,0.000011,0.000011,0.000011,0.001358,0.054669,0.241962,0.629744,0.004963,0.005182,0.012539
AAGCGCAGGGCTTTGA-1,0.045393,0.059188,0.010003,0.072258,0.125855,0.022473,0.013236,0.185641,0.156256,0.121161,0.04328,0.082393,0.062864
AAGCGGAGTGCGCGCA-1,0.000026,0.118468,0.258256,0.000026,0.000026,0.000026,0.007939,0.107803,0.057725,0.248291,0.180009,0.001568,0.01984
AAGCGGCGTCATGGGT-1,0.009765,0.001273,0.019821,0.091322,0.063088,0.147606,0.206884,0.023474,0.060542,0.113286,0.057514,0.032602,0.172823
AAGCGTCCCTCATCGA-1,0.066362,0.182543,0.447114,0.000418,0.000418,0.000418,0.000418,0.300218,0.000418,0.000418,0.000418,0.000418,0.000418
AAGCTAGATCGAGTAA-1,0.012139,0.007563,0.0036,0.142501,0.124155,0.029943,0.068127,0.049646,0.178158,0.143178,0.024672,0.123721,0.092595
AAGCTCGTGCCAAGTC-1,0.051169,0.030961,0.02435,0.192398,0.27026,0.095583,0.076516,0.013393,0.045435,0.022684,0.045101,0.059033,0.073118
AAGCTCTTTCATGGTG-1,0.003199,0.005512,0.001087,0.004769,0.002256,0.003047,0.003345,0.519061,0.060718,0.03935,0.334071,0.021172,0.002412
AAGGAGAACTTATAAG-1,0.029571,0.072128,0.09022,0.046373,0.107055,0.024999,0.041062,0.089119,0.110845,0.101953,0.02751,0.217191,0.041974
AAGGAGCGGTTGGTGC-1,0.055851,0.00155,0.019315,0.273153,0.24167,0.063373,0.119586,0.00733,0.052923,0.024004,0.009721,0.03888,0.092644
AAGGATCGATCGCTTG-1,0.00001,0.052622,0.004368,0.026491,0.032966,0.017275,0.024058,0.139541,0.149977,0.18071,0.181139,0.077916,0.112927
AAGGATGAGGGACCTC-1,0.014209,0.032447,0.007524,0.07223,0.054875,0.080106,0.14726,0.063824,0.077254,0.187569,0.063786,0.091982,0.106934
AAGGCAGGCTGTCTCC-1,0.169706,0.003068,0.019944,0.121788,0.09173,0.05252,0.073429,0.037646,0.10735,0.122101,0.029577,0.065598,0.10554
AAGGCGCGTAAAGCTT-1,0.116708,0.25275,0.220857,0.000128,0.000128,0.057344,0.000128,0.284356,0.000128,0.059297,0.000128,0.000128,0.007921
AAGGCTGTGCTCATCG-1,0.005407,0.013185,0.003421,0.266219,0.156796,0.025598,0.097283,0.012712,0.068077,0.103638,0.024032,0.1017,0.121932
AAGGGAACGACTGGCT-1,0.3056,0.466121,0.00005,0.00005,0.00005,0.00005,0.00005,0.073443,0.01792,0.083758,0.048721,0.004139,0.00005
AAGGGACAGATTCTGT-1,0.015079,0.031562,0.075686,0.164342,0.058156,0.048241,0.122208,0.097217,0.039239,0.053851,0.173578,0.052845,0.067996
AAGGGACTATGCATTC-1,0.000561,0.774496,0.000561,0.000561,0.000561,0.000561,0.000561,0.000561,0.000561,0.219328,0.000561,0.000561,0.000561
AAGGGTTAGCCATGCG-1,0.021805,0.218123,0.02468,0.000177,0.7338,0.000177,0.000177,0.000177,0.000177,0.000177,0.000177,0.000177,0.000177
AAGGGTTTGATTTCAG-1,0.001148,0.239282,0.001148,0.001148,0.001148,0.190132,0.001148,0.001148,0.001148,0.001148,0.559105,0.001148,0.001148
AAGGTATCCTAATATA-1,0.070769,0.023148,0.082368,0.141895,0.312559,0.140699,0.102145,0.008596,0.001803,0.00035,0.084289,0.015977,0.015402
AAGGTGATAAACCAGC-1,0.003059,0.012943,0.168964,0.015632,0.01336,0.001376,0.00469,0.07254,0.287072,0.31525,0.017509,0.049429,0.038176
AAGTAGAAGACCGGGT-1,0.027559,0.026734,0.057898,0.062644,0.151821,0.005755,0.024391,0.030689,0.277506,0.098753,0.002634,0.192424,0.041193
AAGTAGTGACGCGAGG-1,0.000063,0.280155,0.719149,0.000063,0.000063,0.000063,0.000063,0.000063,0.000063,0.000063,0.000063,0.000063,0.000063
AAGTCAATTGTCGTCA-1,0.00013,0.039638,0.081254,0.017135,0.014856,0.016868,0.030402,0.075958,0.16019,0.374827,0.026077,0.031155,0.13151
AAGTCTAGTAGCTGCC-1,0.010082,0.038957,0.006913,0.160115,0.222777,0.032954,0.044164,0.060154,0.108171,0.088297,0.0408,0.09841,0.088206
AAGTCTTCTGTGGCCT-1,0.05476,0.41287,0.525439,0.000693,0.000693,0.000693,0.000693,0.000693,0.000693,0.000693,0.000693,0.000693,0.000693
AAGTGACGACCGAATT-1,0.000538,0.819334,0.174748,0.000538,0.000538,0.000538,0.000538,0.000538,0.000538,0.000538,0.000538,0.000538,0.000538
AAGTGAGTCGGGTTTA-1,0.449683,0.091058,0.227607,0.000111,0.040959,0.000111,0.000111,0.000111,0.129498,0.060419,0.000111,0.000111,0.000111
AAGTGCAAAGGTAGAC-1,0.129019,0.555517,0.246492,0.000121,0.000121,0.000121,0.002016,0.000121,0.000121,0.065988,0.000121,0.000121,0.000121
AAGTGCCTTGACTGTA-1,0.000014,0.010602,0.032874,0.007345,0.003442,0.001906,0.007399,0.096892,0.220457,0.50266,0.029402,0.01657,0.070438
AAGTGCGTTAGAATCT-1,0.00057,0.704556,0.289176,0.00057,0.00057,0.00057,0.00057,0.00057,0.00057,0.00057,0.00057,0.00057,0.00057
AAGTGCTTCTCTATTG-1,0.162145,0.585241,0.000088,0.000088,0.000088,0.000088,0.000088,0.089602,0.044896,0.044995,0.072505,0.000088,0.000088
AAGTGTTTGGAGACGG-1,0.000018,0.014382,0.035199,0.002337,0.005776,0.003911,0.004353,0.071377,0.218354,0.563933,0.012172,0.022574,0.045614
AAGTTCACTCCAAGCT-1,0.020663,0.004142,0.005645,0.204438,0.182678,0.023439,0.019995,0.068204,0.159858,0.089198,0.057621,0.097101,0.067018
AAGTTCAGTCTGCGTA-1,0.00274,0.008507,0.000228,0.010469,0.014871,0.0491,0.093376,0.091341,0.089827,0.197655,0.2769,0.033025,0.131961
AAGTTCGGCCAACAGG-1,0.000273,0.644005,0.235251,0.000273,0.000273,0.000273,0.000273,0.000273,0.000273,0.118016,0.000273,0.000273,0.000273
AAGTTGTGATGTTATA-1,0.000009,0.000009,0.000009,0.321978,0.144105,0.007698,0.009155,0.005539,0.153464,0.243692,0.000967,0.066572,0.046804
AAGTTTACTAATGGCA-1,0.000012,0.073512,0.433497,0.000012,0.000095,0.015166,0.036139,0.14678,0.074458,0.178725,0.010633,0.008827,0.022144
AAGTTTATGGGCCCAA-1,0.182347,0.156161,0.0623,0.085008,0.079606,0.046603,0.017302,0.031747,0.050157,0.166402,0.02473,0.049472,0.048166
AATAACAACGCTCGGC-1,0.000187,0.794786,0.190556,0.000187,0.000187,0.000187,0.000187,0.000187,0.000187,0.000187,0.012791,0.000187,0.000187
AATAACACTAGAACAA-1,0.129436,0.000452,0.714933,0.000452,0.000452,0.000452,0.000452,0.000452,0.000452,0.000452,0.000452,0.000452,0.151106
AATAACGTCGCGCCCA-1,0.258418,0.098622,0.040315,0.189011,0.29518,0.117244,0.000173,0.000173,0.000173,0.000173,0.000173,0.000173,0.000173
AATAAGTCCTCGAGAC-1,0.070179,0.032749,0.026617,0.02424,0.03559,0.150968,0.092687,0.077903,0.084829,0.2103,0.069744,0.044413,0.079781
AATAATCTTCGTATCG-1,0.136884,0.00001,0.001828,0.010024,0.005318,0.007169,0.026311,0.044906,0.269025,0.329435,0.0155,0.016092,0.137498
AATACAATGTTTCAGG-1,0.111664,0.4993,0.265114,0.000144,0.000144,0.122631,0.000144,0.000144,0.000144,0.000144,0.000144,0.000144,0.000144
AATACCGGAGGGCTGT-1,0.024623,0.809968,0.000174,0.000174,0.000174,0.000174,0.000174,0.109167,0.000174,0.05468,0.000174,0.000174,0.000174
AATACCTGATGTGAAC-1,0.029759,0.209173,0.029056,0.076817,0.388638,0.150503,0.012375,0.010845,0.009764,0.002993,0.014764,0.05269,0.012623
AATAGAACAGAGTGGC-1,0.000463,0.001376,0.596716,0.000463,0.000463,0.000463,0.000463,0.000463,0.000463,0.35535,0.042387,0.000463,0.000463
AATAGAATCTGTTTCA-1,0.000012,0.036038,0.076448,0.011004,0.008077,0.01257,0.010545,0.135833,0.166479,0.361645,0.068363,0.037604,0.075381
AATAGCAAGCCTCCTG-1,0.008359,0.001087,0.000231,0.153862,0.047462,0.101434,0.193435,0.026569,0.047647,0.111999,0.035259,0.044371,0.228285
AATAGCTACCGCGTGC-1,0.009479,0.072016,0.120499,0.006189,0.009259,0.021085,0.022044,0.336201,0.105991,0.12378,0.117339,0.020347,0.03577
AATAGTCCGTCCCGAC-1,0.000041,0.14217,0.000041,0.000041,0.000041,0.000041,0.000041,0.035688,0.207379,0.598297,0.000041,0.000041,0.016139
AATAGTCGCGAGTCGG-1,0.015917,0.801478,0.181388,0.000122,0.000122,0.000122,0.000122,0.000122,0.000122,0.000122,0.000122,0.000122,0.000122
AATATCAAGGTCGGAT-1,0.013618,0.042882,0.02955,0.068902,0.058481,0.089111,0.021595,0.18406,0.067022,0.046698,0.288299,0.046322,0.04346
AATATCCTAGCAAACT-1,0.001876,0.313179,0.001876,0.601359,0.001876,0.001876,0.001876,0.001876,0.001876,0.001876,0.001876,0.0667,0.001876
AATATCGAATCAATGC-1,0.000011,0.003376,0.031378,0.027119,0.023588,0.005571,0.019106,0.038288,0.174439,0.543393,0.009,0.045578,0.079153
AATATCGAGGGTTCTC-1,0.000016,0.072003,0.270113,0.002881,0.004768,0.03131,0.016866,0.20346,0.118022,0.192167,0.052787,0.011472,0.024135
AATATTGGAGTATTGA-1,0.000487,0.291943,0.702701,0.000487,0.000487,0.000487,0.000487,0.000487,0.000487,0.000487,0.000487,0.000487,0.000487
AATCAGACTGCAGGAC-1,0.045782,0.038322,0.389169,0.003805,0.004643,0.005416,0.001185,0.229316,0.098012,0.090331,0.054881,0.026724,0.012415
AATCAGGTTTCATTTA-1,0.000133,0.64088,0.000133,0.000133,0.000133,0.000133,0.000133,0.026369,0.038668,0.29289,0.000133,0.000133,0.000133
AATCATGTAAAGACTC-1,0.000049,0.229585,0.692095,0.000049,0.000049,0.000049,0.000049,0.000049,0.004431,0.072316,0.000049,0.000049,0.001182
AATCCAAGGGCCTGAG-1,0.57945,0.000121,0.018259,0.010276,0.007674,0.006056,0.004078,0.111507,0.074542,0.105188,0.054644,0.014152,0.014053
AATCCATGCAAGGGTG-1,0.000013,0.028609,0.028916,0.000013,0.000013,0.000013,0.000013,0.192789,0.303817,0.423612,0.006428,0.012259,0.003503
AATCCCGCTCAGAGCC-1,0.005917,0.005917,0.005917,0.005917,0.005917,0.005917,0.005917,0.005917,0.928993,0.005917,0.005917,0.005917,0.005917
AATCGAGGTCTCAAGG-1,0.003345,0.003345,0.253556,0.709654,0.003345,0.003345,0.003345,0.003345,0.003345,0.003345,0.003345,0.003345,0.003345
AATCGCCTCAGCGCCA-1,0.038222,0.028658,0.053756,0.096004,0.148219,0.017454,0.025319,0.090703,0.095493,0.108554,0.136398,0.107232,0.053988
AATCGCGCAGAGGACT-1,0.030945,0.000471,0.003121,0.194654,0.134919,0.035448,0.077697,0.022285,0.137878,0.155186,0.026791,0.075521,0.105084
AATCGGGACACTACGA-1,0.000248,0.007665,0.000011,0.000256,0.00001,0.01106,0.018083,0.234623,0.116619,0.385157,0.150617,0.004619,0.071032
AATCGGTATAGCCCTC-1,0.000017,0.146054,0.031753,0.000017,0.000902,0.105906,0.001508,0.137709,0.190332,0.294,0.052884,0.009064,0.029855
AATCGTGAGCCGAGCA-1,0.035719,0.001811,0.010015,0.099787,0.058942,0.013572,0.00769,0.039992,0.276273,0.250511,0.014488,0.1459,0.0453
AATCTAGGTTTACTTG-1,0.00034,0.842022,0.00034,0.00034,0.00034,0.00034,0.00034,0.117531,0.00034,0.037043,0.00034,0.00034,0.00034
AATCTATGCCGGAGCC-1,0.000907,0.013918,0.034994,0.037884,0.05706,0.047439,0.034155,0.15668,0.165727,0.218402,0.07174,0.080735,0.080359
AATCTCTACTGTGGTT-1,0.000173,0.72679,0.042271,0.000173,0.000173,0.000173,0.000173,0.152199,0.000173,0.077184,0.000173,0.000173,0.000173
AATCTGCGTTGGGACG-1,0.022933,0.019398,0.109804,0.057077,0.031252,0.011924,0.042779,0.188126,0.114356,0.078268,0.158617,0.111116,0.054348
AATCTGGCTTTCTAGT-1,0.00045,0.495976,0.26965,0.00045,0.00045,0.00045,0.00045,0.229875,0.00045,0.00045,0.00045,0.00045,0.00045
AATCTGGGTAGACCCT-1,0.015861,0.000737,0.001094,0.106814,0.049689,0.071731,0.162633,0.020709,0.111614,0.194603,0.067914,0.033199,0.163404
AATGACAGCAATGTCT-1,0.602165,0.394805,0.000474,0.000251,0.000251,0.000251,0.000251,0.000251,0.000251,0.000251,0.000294,0.000251,0.000251
AATGACGTAGGATGTC-1,0.010371,0.006178,0.074853,0.125945,0.135892,0.018115,0.028299,0.115417,0.117918,0.091163,0.124361,0.09641,0.055078
AATGACTGTCAGCCGG-1,0.000093,0.382126,0.484406,0.000093,0.000093,0.000093,0.000093,0.131014,0.000093,0.001614,0.000093,0.000093,0.000093
AATGAGTTCGCATATG-1,0.000162,0.371184,0.010972,0.000162,0.000162,0.000162,0.000162,0.330893,0.041968,0.180863,0.062983,0.000162,0.000162
AATGATGATACGCTAT-1,0.027733,0.0229,0.039419,0.027724,0.018862,0.032664,0.086785,0.239046,0.077617,0.097029,0.242251,0.030835,0.057136
AATGATGCGACTCCTG-1,0.000047,0.231007,0.304897,0.000047,0.000047,0.066027,0.027397,0.114431,0.04075,0.185596,0.012911,0.000047,0.016795
AATGCAACCGGGTACC-1,0.048103,0.04554,0.112302,0.062166,0.056119,0.019508,0.072409,0.088677,0.097374,0.15389,0.029409,0.053917,0.160585
AATGCACCAAGCAATG-1,0.007195,0.083249,0.072339,0.009533,0.013273,0.201022,0.058351,0.094294,0.0192,0.01796,0.385479,0.008069,0.030036
AATGGCCGCCAATGCG-1,0.000008,0.048189,0.244322,0.000008,0.000008,0.00932,0.021767,0.110083,0.067025,0.403296,0.047158,0.003025,0.04579
AATGGTCCACCGTTCA-1,0.00029,0.312969,0.419964,0.00029,0.00029,0.00029,0.00029,0.00029,0.00029,0.264164,0.00029,0.00029,0.00029
AATGGTTCTCACAAGC-1,0.007901,0.066797,0.072139,0.00003,0.00003,0.00003,0.00003,0.134153,0.307838,0.368165,0.023686,0.011513,0.007688
AATGTATGGCACTGTA-1,0.127201,0.570473,0.000027,0.000027,0.000027,0.000027,0.000027,0.010763,0.099703,0.152061,0.002942,0.023551,0.013169
AATGTGCCCGAGGTGT-1,0.000538,0.327468,0.113523,0.000538,0.000538,0.000538,0.000538,0.55363,0.000538,0.000538,0.000538,0.000538,0.000538
AATGTGCTAATCTGAG-1,0.000187,0.591081,0.000187,0.000187,0.000187,0.000187,0.000187,0.000187,0.1408,0.266252,0.000187,0.000187,0.000187
AATGTTAAGACCCTGA-1,0.002137,0.002137,0.002137,0.715347,0.002137,0.002137,0.002137,0.002137,0.002137,0.261148,0.002137,0.002137,0.002137
AATGTTGTCGTGAGAC-1,0.000015,0.000015,0.000015,0.195656,0.066544,0.013958,0.022044,0.011676,0.266297,0.19369,0.001286,0.066889,0.161915
AATTAAAGGTCGGCGT-1,0.004484,0.00187,0.001781,0.043922,0.076447,0.022562,0.048165,0.058323,0.276234,0.273311,0.033371,0.057406,0.102122
AATTAACGGATTTCCA-1,0.000269,0.047541,0.003475,0.002294,0.007005,0.003959,0.000714,0.361142,0.032096,0.017683,0.511488,0.009349,0.002987
AATTACGAGACCCATC-1,0.079395,0.581385,0.000024,0.000024,0.000024,0.000024,0.000024,0.083659,0.000024,0.000024,0.255347,0.000024,0.000024
AATTACTCGTACGCTC-1,0.000146,0.676466,0.321928,0.000146,0.000146,0.000146,0.000146,0.000146,0.000146,0.000146,0.000146,0.000146,0.000146
AATTAGCGCTGCAGCG-1,0.012738,0.093428,0.016136,0.096639,0.079087,0.028776,0.028091,0.038861,0.165398,0.178699,0.064528,0.101913,0.095705
AATTATACCCAGCAAG-1,0.001832,0.001832,0.173991,0.001832,0.001832,0.001832,0.001832,0.001832,0.439956,0.001832,0.001832,0.001832,0.367737
AATTCATAAGGGATCT-1,0.013872,0.028004,0.053838,0.055618,0.037008,0.058993,0.153038,0.053008,0.107417,0.143441,0.060678,0.053118,0.181968
AATTCATTGTCATGCA-1,0.139796,0.513544,0.000027,0.000027,0.000027,0.000027,0.000027,0.127786,0.044727,0.085047,0.082614,0.006326,0.000027
AATTCCAACTTGGTGA-1,0.114929,0.209015,0.246359,0.00008,0.00008,0.00008,0.00008,0.057771,0.004991,0.15836,0.110946,0.00008,0.09723
AATTCCAAGCATGTAC-1,0.003667,0.841932,0.151912,0.000249,0.000249,0.000249,0.000249,0.000249,0.000249,0.000249,0.000249,0.000249,0.000249
AATTCGATTCGAGGAT-1,0.00001,0.00001,0.00001,0.005941,0.004109,0.000612,0.004574,0.068629,0.377699,0.468747,0.021782,0.019834,0.028043
AATTCTAGAGTTAGGC-1,0.022426,0.028031,0.024427,0.056007,0.085414,0.020431,0.03654,0.138197,0.142633,0.22353,0.114442,0.054265,0.053658
AATTGAACGCTCTGGT-1,0.049625,0.021464,0.085487,0.092367,0.231824,0.20273,0.042098,0.053234,0.056794,0.057988,0.028027,0.039087,0.039275
AATTGCAGCAATCGAC-1,0.000932,0.000009,0.001645,0.094738,0.105349,0.013194,0.027922,0.016932,0.17931,0.389795,0.006598,0.080216,0.083361
AATTGCGTGGATTACA-1,0.693377,0.126907,0.000485,0.005148,0.010469,0.000684,0.001114,0.000034,0.000017,0.000017,0.160901,0.000828,0.000017
AATTGTGGTTGCCAAA-1,0.000014,0.000201,0.041308,0.0075,0.004819,0.005606,0.008584,0.088955,0.281953,0.43832,0.021702,0.026095,0.074944
AATTTGGGACATAGTA-1,0.020039,0.002533,0.000011,0.056345,0.021374,0.035451,0.171109,0.100111,0.05861,0.086813,0.222523,0.052154,0.172928
AATTTGGTTCCAAAGA-1,0.015918,0.00228,0.001068,0.18825,0.123496,0.10037,0.100186,0.026054,0.116874,0.10618,0.056452,0.035593,0.127279
ACAAACCATGCGTCCT-1,0.538326,0.295043,0.023122,0.013128,0.020845,0.004702,0.010968,0.006448,0.013529,0.008376,0.007193,0.045877,0.012443
ACAAACTCCATCAGAG-1,0.019231,0.019231,0.769226,0.019231,0.019231,0.019231,0.019231,0.019231,0.019231,0.019231,0.019231,0.019231,0.019231
ACAAAGAAGGTAGGCC-1,0.957199,0.042506,0.000027,0.000027,0.000027,0.000027,0.000027,0.000027,0.000027,0.000027,0.000027,0.000027,0.000027
ACAAAGCATGACCTAG-1,0.005201,0.002033,0.008,0.116594,0.116851,0.021637,0.018666,0.051114,0.15691,0.235069,0.024714,0.088117,0.155095
ACAAATCGCACCGAAT-1,0.022176,0.028571,0.027902,0.136588,0.265109,0.027333,0.00849,0.044176,0.093922,0.165097,0.017987,0.131229,0.03142
ACAAATGGTAGTGTTT-1,0.019872,0.022915,0.222014,0.114866,0.080677,0.037349,0.030228,0.083948,0.104776,0.107677,0.031274,0.065344,0.079059
