Barcode,Topic 1,Topic 2,Topic 3,Topic 4,Topic 5,Topic 6,Topic 7,Topic 8to10
AAACAAGTATCTCCCA-1,0.999191,0.00009,0.00009,0.00009,0.00009,0.00009,0.00009,0.00027
AAACACCAATAACTGC-1,0.063992,0.256916,0.221987,0.072627,0.043307,0.026526,0.254572,0.060073
AAACAGAGCGACTCCT-1,0.01807,0.041153,0.08763,0.03505,0.014821,0.179938,0.021308,0.602029
AAACAGCTTTCAGAAG-1,0.583509,0.111316,0.067575,0.071364,0.076242,0.019445,0.015868,0.054681
AAACAGGGTCTATATT-1,0.150606,0.203825,0.186636,0.399927,0.033064,0.014823,0.005255,0.005863
AAACAGTGTTCCTGGG-1,0.28656,0.004539,0.001167,0.000034,0.069328,0.010468,0.085805,0.542099
AAACATGGTGAGAGGA-1,0.076185,0.240983,0.068383,0.455071,0.029232,0.039888,0.079803,0.010454
AAACATTTCCCGGATT-1,0.218596,0.018941,0.067034,0.313376,0.100962,0.074276,0.032589,0.174226
AAACCCGAACGAAATC-1,0.271201,0.141184,0.002661,0.003285,0.008952,0.037007,0.055925,0.479785
AAACCGGAAATGTTAA-1,0.192248,0.07222,0.252907,0.08302,0.055649,0.145867,0.043617,0.154472
AAACCGGGTAGGTACC-1,0.011075,0.087472,0.098846,0.112946,0.143921,0.040714,0.121047,0.38398
AAACCGTTCGTCCAGG-1,0.998815,0.000132,0.000132,0.000132,0.000132,0.000132,0.000132,0.000395
AAACCTAAGCAGCCGG-1,0.460297,0.031177,0.066785,0.034075,0.064868,0.103141,0.01067,0.228987
AAACCTCATGAAGTTG-1,0.075364,0.152931,0.041181,0.211301,0.076394,0.088944,0.026662,0.327223
AAACGAAGAACATACC-1,0.009656,0.004496,0.003399,0.002457,0.03423,0.014202,0.011883,0.919678
AAACGAAGATGGAGTA-1,0.137633,0.024093,0.04935,0.0501,0.047261,0.071465,0.112035,0.508064
AAACGAGACGGTTGAT-1,0.741844,0.000068,0.000068,0.000068,0.001225,0.004617,0.076807,0.175302
AAACGCCCGAGATCGG-1,0.000028,0.000028,0.000028,0.000028,0.003026,0.009978,0.000028,0.986857
AAACGGGCGTACGGGT-1,0.118176,0.049138,0.286196,0.22975,0.096971,0.045312,0.038056,0.136401
AAACGGTTGCGAACTG-1,0.299064,0.553751,0.021024,0.014921,0.023368,0.017082,0.029871,0.04092
AAACGTGTTCGCCCTA-1,0.044064,0.184708,0.089751,0.332525,0.051796,0.157969,0.02272,0.116467
AAACTAACGTGGCGAC-1,0.019597,0.008962,0.07033,0.070597,0.026732,0.33449,0.014225,0.455069
AAACTCGGTTCGCAAT-1,0.066154,0.01024,0.005042,0.012926,0.10017,0.038059,0.036235,0.731174
AAACTCGTGATATAAG-1,0.071065,0.076778,0.106552,0.090946,0.0138,0.150764,0.008136,0.48196
AAACTGCTGGCTCCAA-1,0.048694,0.209986,0.195344,0.157377,0.024717,0.115229,0.029009,0.219644
AAACTTAATTGCACGC-1,0.998968,0.000115,0.000115,0.000115,0.000115,0.000115,0.000115,0.000344
AAACTTGCAAACGTAT-1,0.042382,0.111913,0.149415,0.061333,0.185619,0.029776,0.199632,0.219929
AAAGAATGACCTTAGA-1,0.843052,0.075255,0.038176,0.008969,0.01421,0.001394,0.01644,0.002503
AAAGAATGTGGACTAA-1,0.16279,0.013963,0.048304,0.013747,0.017821,0.106751,0.045248,0.591377
AAAGACCCAAGTCGCG-1,0.002496,0.043723,0.035314,0.077857,0.17465,0.130161,0.009668,0.52613
AAAGACTGGGCGCTTT-1,0.145836,0.047407,0.112991,0.061449,0.326605,0.024714,0.046926,0.234073
AAAGCTTGCCTACATA-1,0.970959,0.003227,0.003227,0.003227,0.003227,0.003227,0.003227,0.00968
AAAGGCCCTATAATAC-1,0.124047,0.372024,0.124569,0.019653,0.03416,0.029685,0.050027,0.245835
AAAGGCTACGGACCAT-1,0.998785,0.000135,0.000135,0.000135,0.000135,0.000135,0.000135,0.000405
AAAGGCTCTCGCGCCG-1,0.033231,0.433766,0.01543,0.017957,0.04091,0.034543,0.04827,0.375894
AAAGGGATGTAGCAAG-1,0.027365,0.091681,0.135428,0.674578,0.030441,0.036544,0.001842,0.002119
AAAGGGCAGCTTGAAT-1,0.020349,0.105722,0.019606,0.094521,0.225118,0.195596,0.017995,0.321093
AAAGGTAAGCTGTACC-1,0.122999,0.042615,0.169004,0.280385,0.01994,0.108847,0.006337,0.249873
AAAGTAGCATTGCTCA-1,0.036425,0.089672,0.351523,0.221243,0.059432,0.060994,0.089668,0.091042
AAAGTCACTGATGTAA-1,0.00002,0.028389,0.042137,0.106958,0.270997,0.02268,0.047736,0.481082
AAAGTCGACCCTCAGT-1,0.004695,0.128823,0.106798,0.035778,0.151675,0.012308,0.174308,0.385615
AAAGTGTGATTTATCT-1,0.175406,0.076746,0.231235,0.03541,0.03985,0.031134,0.238883,0.171334
AAAGTTGACTCCCGTA-1,0.392431,0.0199,0.061735,0.11285,0.08798,0.068279,0.058434,0.198391
AAATAACCATACGGGA-1,0.000011,0.130397,0.226251,0.490992,0.00653,0.113009,0.004148,0.028662
AAATAAGGTAGTGCCC-1,0.196126,0.001472,0.073515,0.01401,0.01536,0.015467,0.08018,0.60387
AAATACCTATAAGCAT-1,0.504282,0.197974,0.000046,0.000046,0.000046,0.000046,0.297418,0.000139
AAATAGCTTAGACTTT-1,0.087712,0.10375,0.09761,0.299603,0.062209,0.243412,0.044983,0.06072
AAATAGGGTGCTATTG-1,0.00002,0.052283,0.034716,0.213193,0.090308,0.168788,0.015079,0.425613
AAATCCGATACACGCC-1,0.529051,0.009192,0.023782,0.015702,0.053239,0.036417,0.013159,0.319458
AAATCGCGGAAGGAGT-1,0.004284,0.157962,0.124653,0.344846,0.123941,0.104338,0.037019,0.102957
AAATCGTGTACCACAA-1,0.048947,0.045063,0.103601,0.071244,0.120472,0.051413,0.165494,0.393766
AAATCTAGCCCTGCTA-1,0.709371,0.000027,0.000027,0.000027,0.002192,0.044507,0.010522,0.233328
AAATCTGCCCGCGTCC-1,0.491494,0.10232,0.105387,0.0698,0.024502,0.004539,0.130295,0.071663
AAATGATTCGATCAGC-1,0.153057,0.053783,0.383755,0.273957,0.008649,0.100018,0.001793,0.024989
AAATGCTCGTTACGTT-1,0.000018,0.144435,0.148463,0.37964,0.07932,0.111328,0.028298,0.108498
AAATGGCATGTCTTGT-1,0.013142,0.017226,0.02954,0.284708,0.04624,0.245764,0.012132,0.351249
AAATGGCCCGTGCCCT-1,0.056756,0.935096,0.00001,0.00001,0.00001,0.00001,0.005503,0.002604
AAATGGTCAATGTGCC-1,0.050469,0.08194,0.176105,0.351137,0.076982,0.064243,0.081489,0.117636
AAATGTATCTTATCCC-1,0.021199,0.052484,0.005597,0.074884,0.284259,0.105318,0.023462,0.432797
AAATTAACGGGTAGCT-1,0.004961,0.035077,0.211786,0.415087,0.031403,0.207695,0.030755,0.063237
AAATTAATAAGCGCGA-1,0.327632,0.107756,0.050348,0.315799,0.061895,0.046842,0.010687,0.079041
AAATTACACGACTCTG-1,0.039605,0.04138,0.247536,0.481715,0.014263,0.150552,0.006301,0.018649
AAATTACCTATCGATG-1,0.223055,0.020711,0.033778,0.002869,0.004215,0.305707,0.134868,0.274797
AAATTCCAGGTCCAAA-1,0.068683,0.054348,0.096374,0.154906,0.172759,0.119252,0.046471,0.287207
AAATTGATAGTCCTTT-1,0.495103,0.017821,0.137765,0.000876,0.061508,0.009444,0.086692,0.190791
AAATTGCGGCGGTTCT-1,0.101337,0.000026,0.001082,0.000026,0.032657,0.01895,0.215823,0.630099
AAATTGGTGAGAAGCA-1,0.052843,0.113759,0.168979,0.249837,0.030998,0.069763,0.052641,0.261181
AAATTTACCGAAATCC-1,0.180368,0.019977,0.029168,0.09223,0.013518,0.129007,0.016491,0.519241
AAATTTGCGGGTGTGG-1,0.010074,0.151651,0.190782,0.039488,0.159784,0.01879,0.264102,0.165329
AACAACTGGTAGTTGC-1,0.000019,0.174469,0.047558,0.331482,0.086346,0.210879,0.002868,0.146378
AACAATACATTGTCGA-1,0.756623,0.091402,0.064423,0.02811,0.004206,0.00928,0.045383,0.000573
AACAATTACTCTACGC-1,0.000014,0.104943,0.1533,0.225017,0.259831,0.072013,0.010294,0.174587
AACACACGCTCGCCGC-1,0.998971,0.000114,0.000114,0.000114,0.000114,0.000114,0.000114,0.000343
AACACGACTGTACTGA-1,0.000836,0.028895,0.068637,0.146234,0.068986,0.126171,0.004469,0.555771
AACACGAGACGCGGCC-1,0.006441,0.083355,0.209028,0.578501,0.044558,0.042006,0.023465,0.012646
AACACGCGGCCGCGAA-1,0.024177,0.111438,0.024826,0.02208,0.099906,0.039835,0.056744,0.620994
AACAGCTGTGTGGCAA-1,0.438915,0.037345,0.031681,0.004143,0.034401,0.059642,0.03901,0.354861
AACAGGAAATCGAATA-1,0.080118,0.447692,0.156721,0.250192,0.00781,0.028085,0.024579,0.004802
AACAGGATGGGCCGCG-1,0.045394,0.134041,0.089666,0.552845,0.068453,0.073537,0.012417,0.023648
AACAGGTAGTATGGAT-1,0.466232,0.000057,0.000057,0.000057,0.060391,0.089492,0.000057,0.383657
AACATATCAACTGGTG-1,0.058604,0.063131,0.346576,0.05837,0.051303,0.04053,0.02069,0.360797
AACATCGATACGTCTA-1,0.101551,0.072077,0.13497,0.298358,0.041323,0.079652,0.025854,0.246215
AACATTGAAGTTGATC-1,0.052379,0.095474,0.327445,0.054243,0.040281,0.037737,0.270219,0.122221
AACATTGTGACTCGAG-1,0.189962,0.118464,0.13344,0.135117,0.254106,0.028776,0.015917,0.124219
AACCAAGACTTCTCTG-1,0.112969,0.112185,0.135987,0.285846,0.057575,0.125456,0.117703,0.052278
AACCAGTATCACTCTT-1,0.772193,0.004879,0.031993,0.03613,0.011401,0.009489,0.068497,0.065418
AACCATAGGGTTGAAC-1,0.270904,0.289956,0.09687,0.152158,0.040438,0.033246,0.029823,0.086604
AACCATGGGATCGCTA-1,0.007014,0.096782,0.157458,0.355282,0.116975,0.127055,0.051525,0.087909
AACCCAGAGACGGAGA-1,0.047575,0.108479,0.106384,0.643949,0.044875,0.028488,0.003659,0.01659
AACCCATCCCATGATC-1,0.077559,0.052474,0.354145,0.02983,0.084953,0.021095,0.081842,0.298101
AACCCGACAACCCGTG-1,0.049628,0.12664,0.158486,0.274542,0.158199,0.07447,0.020876,0.137159
AACCCGAGCAGAATCG-1,0.999172,0.000092,0.000092,0.000092,0.000092,0.000092,0.000092,0.000276
AACCCGATAGGGCTTC-1,0.288687,0.000073,0.000073,0.000073,0.000073,0.000073,0.000973,0.709975
AACCCTACTGTCAATA-1,0.046459,0.057999,0.173664,0.285921,0.134411,0.08105,0.034004,0.186491
AACCCTGGTGGAACCA-1,0.014746,0.06607,0.094818,0.416535,0.035399,0.134355,0.017443,0.220633
AACCGAGCTTGGTCAT-1,0.037393,0.094854,0.104224,0.292989,0.069487,0.127057,0.013474,0.260521
AACCGCTAAGGGATGC-1,0.771515,0.000048,0.000048,0.000048,0.000048,0.000048,0.204825,0.023419
AACCGTTGTGTTTGCT-1,0.018508,0.038679,0.128744,0.252094,0.121857,0.12733,0.038192,0.274598
AACCTCGCTTTAGCCC-1,0.188389,0.001035,0.07183,0.034851,0.055424,0.087989,0.011356,0.549125
AACCTGTCACGGAATT-1,0.056898,0.057047,0.036305,0.18807,0.115569,0.264512,0.042991,0.238609
AACCTTTAAATACGGT-1,0.099766,0.070742,0.252825,0.238209,0.066439,0.077039,0.034088,0.160892
AACCTTTACGACGTCT-1,0.022187,0.025397,0.040462,0.00004,0.025341,0.003987,0.167434,0.715151
AACGAAAGTCGTCCCA-1,0.026615,0.066384,0.306387,0.00638,0.09706,0.005127,0.286673,0.205375
AACGATAATGCCGTAG-1,0.086143,0.046093,0.126767,0.290004,0.092731,0.193025,0.012679,0.152559
AACGATAGAAGGGCCG-1,0.01824,0.119535,0.110314,0.183961,0.133422,0.073014,0.124114,0.2374
AACGATATGTCAACTG-1,0.02474,0.028432,0.071794,0.237438,0.111357,0.106222,0.012698,0.407318
AACGCATGATCTGGGT-1,0.428439,0.000035,0.001529,0.000035,0.006529,0.05558,0.08488,0.422974
AACGCGAACGGCAACA-1,0.02259,0.446018,0.035295,0.026276,0.031281,0.039445,0.023589,0.375505
AACGCGACCTTGGGCG-1,0.10761,0.023814,0.098273,0.305583,0.158432,0.184925,0.015141,0.106221
AACGCGGTCTCCAGCC-1,0.010861,0.055447,0.028782,0.131848,0.069859,0.125161,0.060183,0.51786
AACGCTGTTGCTGAAA-1,0.998725,0.000142,0.000142,0.000142,0.000142,0.000142,0.000142,0.000425
AACGGACGTACGTATA-1,0.999314,0.000076,0.000076,0.000076,0.000076,0.000076,0.000076,0.000229
AACGGCCATCTCCGGT-1,0.00546,0.102381,0.134212,0.06028,0.181637,0.025398,0.055241,0.435391
AACGTACTGTGGGTAC-1,0.00477,0.248658,0.125112,0.438513,0.114278,0.031549,0.013027,0.024092
AACGTCAGACTAGTGG-1,0.000015,0.08906,0.092384,0.427298,0.134412,0.060892,0.014492,0.181448
AACGTCGCTGCACTTC-1,0.999524,0.000053,0.000053,0.000053,0.000053,0.000053,0.000053,0.000159
AACGTGATGAAGGACA-1,0.005731,0.021664,0.028676,0.131275,0.02305,0.232203,0.001992,0.555409
AACGTGCGAAAGTCTC-1,0.064152,0.129419,0.096528,0.084847,0.038192,0.176326,0.049754,0.360781
AACGTTATCAGCACCT-1,0.000468,0.030224,0.049098,0.064539,0.109208,0.077136,0.509656,0.159672
AACTACCCGTTTGTCA-1,0.183803,0.008986,0.104157,0.158913,0.075287,0.113811,0.047146,0.307896
AACTAGCGTATCGCAC-1,0.0414,0.011175,0.026738,0.098837,0.032131,0.272304,0.118698,0.398716
AACTAGGCTTGGGTGT-1,0.133198,0.224005,0.038286,0.236354,0.118843,0.104904,0.017614,0.126795
AACTCAAGTTAATTGC-1,0.0108,0.140752,0.06009,0.580837,0.051841,0.080758,0.004576,0.070346
AACTCCAGAGCGTGTT-1,0.17935,0.024576,0.197359,0.28173,0.177382,0.072243,0.005485,0.061877
AACTCCTAATCCCATG-1,0.007939,0.08384,0.359695,0.4335,0.007688,0.093796,0.004027,0.009514
AACTCGATAAACACGT-1,0.000028,0.105161,0.022936,0.05318,0.145979,0.047124,0.019792,0.6058
AACTCGATGGCGCAGT-1,0.030801,0.042492,0.135228,0.258554,0.149915,0.093675,0.066438,0.222896
AACTCTCAATAGAGCG-1,0.097315,0.000037,0.000775,0.007554,0.008143,0.092927,0.014652,0.778598
AACTCTCAGTGTGCTC-1,0.787678,0.125019,0.086307,0.000142,0.000142,0.000142,0.000142,0.000427
AACTGAGGTCAGCGTC-1,0.000023,0.009338,0.068634,0.125855,0.029031,0.094075,0.014119,0.658925
AACTGATATTAGGCCT-1,0.000018,0.106834,0.125462,0.342631,0.099521,0.161553,0.005852,0.15813
AACTGGGTCCCGACGT-1,0.007383,0.047978,0.048135,0.328157,0.036132,0.090756,0.025339,0.416121
AACTGGTGTGGGCCTT-1,0.014955,0.331977,0.137393,0.418666,0.019762,0.064268,0.007229,0.00575
AACTTCTGCGTCTATC-1,0.000015,0.162576,0.160317,0.480429,0.094743,0.070368,0.001623,0.029929
AACTTGCCCGTATGCA-1,0.000014,0.006541,0.000034,0.011086,0.006554,0.000471,0.975258,0.000042
AACTTGCGTTCTCGCG-1,0.116651,0.019975,0.057126,0.300281,0.09147,0.19276,0.036637,0.185099
AACTTTACGGGAGCTT-1,0.006113,0.341055,0.048401,0.402831,0.041001,0.071057,0.010077,0.079466
AACTTTAGCTGCTGAG-1,0.037455,0.039649,0.268802,0.333379,0.099466,0.061962,0.018876,0.140411
AACTTTCTCGATCATG-1,0.770327,0.000245,0.000245,0.000245,0.000245,0.000245,0.227712,0.000735
AAGAAGGATCAGTTAG-1,0.057299,0.159618,0.135786,0.324927,0.106955,0.110795,0.009403,0.095216
AAGACATACGTGGTTT-1,0.192215,0.000059,0.000059,0.035267,0.010435,0.183309,0.013081,0.565574
AAGACCAAATAACTCA-1,0.018149,0.449152,0.069658,0.057469,0.050362,0.042448,0.074254,0.238509
AAGACCCAACTGAACA-1,0.998423,0.000175,0.000175,0.000175,0.000175,0.000175,0.000175,0.000526
AAGACTAACCCGTTGT-1,0.057155,0.076407,0.04363,0.10297,0.089164,0.046196,0.027769,0.556709
AAGACTGCAAGCTACT-1,0.018205,0.098693,0.169533,0.041319,0.049042,0.151976,0.200528,0.270703
AAGAGATGAATCGGTA-1,0.000022,0.066011,0.0506,0.299162,0.16578,0.179467,0.003706,0.235253
AAGAGCTCTTTATCGG-1,0.246261,0.030562,0.220724,0.042582,0.050862,0.038295,0.148122,0.222591
AAGAGGATGTACGCGA-1,0.000012,0.140494,0.083728,0.618663,0.074664,0.032687,0.03132,0.01843
AAGAGGCATGGATCGC-1,0.527158,0.000043,0.091863,0.028914,0.018888,0.074773,0.011726,0.246636
AAGAGGCCCTTTGGAA-1,0.146665,0.090397,0.014991,0.010687,0.047165,0.043486,0.045664,0.600944
AAGATGGCACCGGACC-1,0.595573,0.08938,0.174849,0.12036,0.000098,0.000098,0.019349,0.000293
AAGATTGGCGGAACGT-1,0.753571,0.020785,0.000039,0.000039,0.029322,0.002035,0.02327,0.170939
AAGCACCCTGCGTATC-1,0.079821,0.108806,0.051899,0.135115,0.104005,0.189956,0.014188,0.31621
AAGCATACTCTCCTGA-1,0.05098,0.084859,0.055891,0.392054,0.048523,0.23362,0.002357,0.131717
AAGCCACTTGCAGGTA-1,0.099297,0.081814,0.035645,0.094761,0.068374,0.3249,0.102517,0.192692
AAGCCGAAGCGGTTTA-1,0.1951,0.073976,0.059263,0.097491,0.034699,0.130305,0.090537,0.31863
AAGCCGCCGTGAAATC-1,0.227762,0.194075,0.080456,0.003784,0.019735,0.017673,0.103775,0.352741
AAGCGCAGGGCTTTGA-1,0.068238,0.077247,0.072478,0.514833,0.052527,0.169703,0.001069,0.043905
AAGCGGCGTCATGGGT-1,0.005807,0.008221,0.079129,0.046293,0.055759,0.118825,0.023644,0.662323
AAGCGTCCCTCATCGA-1,0.241471,0.053316,0.168709,0.036718,0.043888,0.028897,0.271461,0.155542
AAGCTAGATCGAGTAA-1,0.159214,0.246448,0.076147,0.007788,0.035974,0.010417,0.076999,0.387012
AAGCTCGTGCCAAGTC-1,0.032298,0.03753,0.04682,0.034879,0.024318,0.134963,0.097244,0.591948
AAGCTCTTTCATGGTG-1,0.041664,0.013106,0.008303,0.019875,0.089276,0.047314,0.014557,0.765905
AAGGAGCGGTTGGTGC-1,0.011839,0.932676,0.008757,0.01742,0.00367,0.003259,0.021029,0.001351
AAGGATCGATCGCTTG-1,0.10733,0.501804,0.014248,0.00292,0.02348,0.002483,0.101859,0.245876
AAGGATGAGGGACCTC-1,0.199517,0.020598,0.04566,0.211435,0.06995,0.146981,0.047378,0.258481
AAGGCAGGCTGTCTCC-1,0.88072,0.000052,0.000052,0.000052,0.021269,0.000052,0.01453,0.083272
AAGGCGCGTAAAGCTT-1,0.124653,0.050125,0.053856,0.250021,0.187147,0.089533,0.122053,0.12261
AAGGCTGTGCTCATCG-1,0.000023,0.039855,0.037845,0.019931,0.078437,0.013462,0.047287,0.763161
AAGGGAACGACTGGCT-1,0.098903,0.152072,0.087299,0.030547,0.085351,0.072847,0.045558,0.427423
AAGGGACAGATTCTGT-1,0.199614,0.373604,0.143959,0.070409,0.016132,0.076231,0.027674,0.092379
AAGGGACTATGCATTC-1,0.204097,0.398633,0.053368,0.000354,0.024087,0.003961,0.070674,0.244825
AAGGGTTTGATTTCAG-1,0.403444,0.019362,0.002699,0.000055,0.067119,0.005555,0.098355,0.403411
AAGGTATCCTAATATA-1,0.027296,0.076183,0.10894,0.260897,0.059705,0.126416,0.01895,0.321613
AAGGTGATAAACCAGC-1,0.578203,0.000049,0.000048,0.000048,0.000048,0.00005,0.053816,0.367738
AAGTAGAAGACCGGGT-1,0.000696,0.047898,0.082943,0.253108,0.120945,0.192494,0.014798,0.287118
AAGTAGTGACGCGAGG-1,0.000014,0.14338,0.204309,0.219988,0.273935,0.035734,0.011066,0.111572
AAGTCAATTGTCGTCA-1,0.420326,0.014539,0.207082,0.156701,0.02386,0.0739,0.036436,0.067157
AAGTCTAGTAGCTGCC-1,0.496345,0.000273,0.000273,0.000273,0.000273,0.353292,0.000273,0.148996
AAGTCTTCTGTGGCCT-1,0.002706,0.073423,0.021749,0.075657,0.098286,0.053497,0.095452,0.57923
AAGTGACGACCGAATT-1,0.193724,0.056598,0.008828,0.025472,0.160869,0.034516,0.081354,0.43864
AAGTGAGTCGGGTTTA-1,0.081612,0.468256,0.017895,0.005437,0.050179,0.003404,0.166355,0.206863
AAGTGCAAAGGTAGAC-1,0.245058,0.002739,0.004993,0.002739,0.089011,0.011673,0.140602,0.503185
AAGTGCCTTGACTGTA-1,0.059575,0.024957,0.057581,0.269071,0.062855,0.319667,0.01259,0.193704
AAGTGCGTTAGAATCT-1,0.104384,0.049665,0.149386,0.171974,0.153279,0.069063,0.07951,0.222739
AAGTGCTTCTCTATTG-1,0.15838,0.294101,0.045533,0.251689,0.126364,0.019026,0.032141,0.072767
AAGTGTTTGGAGACGG-1,0.033663,0.07275,0.057317,0.66271,0.052971,0.035634,0.038494,0.046461
AAGTTCACTCCAAGCT-1,0.063789,0.046738,0.067487,0.2516,0.149175,0.133331,0.021273,0.266607
AAGTTCAGTCTGCGTA-1,0.391823,0.000042,0.086419,0.000042,0.024743,0.002543,0.032772,0.461615
AAGTTCGGCCAACAGG-1,0.078942,0.138522,0.282743,0.10399,0.128365,0.045248,0.044539,0.17765
AAGTTGTGATGTTATA-1,0.185216,0.005988,0.055402,0.080274,0.153947,0.070019,0.044778,0.404376
AAGTTTACTAATGGCA-1,0.012367,0.070521,0.182575,0.208647,0.149363,0.072213,0.06135,0.242965
AAGTTTATGGGCCCAA-1,0.654813,0.025058,0.077004,0.120854,0.041527,0.017345,0.01435,0.049048
AATAACAACGCTCGGC-1,0.000009,0.111058,0.057918,0.545447,0.100266,0.094814,0.016626,0.073862
AATAACACTAGAACAA-1,0.160488,0.094095,0.187085,0.140407,0.063049,0.103272,0.05201,0.199594
AATAAGTCCTCGAGAC-1,0.098426,0.050346,0.127823,0.638321,0.008483,0.067235,0.00151,0.007855
AATAATCTTCGTATCG-1,0.520638,0.000083,0.000083,0.015935,0.067058,0.050809,0.001474,0.34392
AATACAATGTTTCAGG-1,0.000032,0.030705,0.026168,0.109541,0.145507,0.072552,0.182658,0.432837
AATACCGGAGGGCTGT-1,0.285771,0.21237,0.121809,0.235825,0.071318,0.062599,0.002538,0.00777
AATACCTGATGTGAAC-1,0.060746,0.009551,0.036504,0.138807,0.031087,0.251218,0.014255,0.457832
AATAGAACAGAGTGGC-1,0.199085,0.068106,0.038342,0.06383,0.06395,0.034356,0.051458,0.480873
AATAGAATCTGTTTCA-1,0.99899,0.000112,0.000112,0.000112,0.000112,0.000112,0.000112,0.000337
AATAGCAAGCCTCCTG-1,0.003668,0.015309,0.063872,0.224416,0.027028,0.242172,0.000685,0.422851
AATAGCTACCGCGTGC-1,0.070375,0.090625,0.510397,0.204332,0.009332,0.06886,0.006001,0.040077
AATAGTCCGTCCCGAC-1,0.078589,0.102692,0.068184,0.280538,0.157678,0.130179,0.016064,0.166076
AATAGTCGCGAGTCGG-1,0.118906,0.148299,0.076871,0.099707,0.043411,0.244742,0.017562,0.250501
AATATCAAGGTCGGAT-1,0.022453,0.047746,0.045884,0.078852,0.049993,0.252827,0.078027,0.424218
AATATCCTAGCAAACT-1,0.071939,0.162844,0.061737,0.032705,0.077605,0.020243,0.112447,0.460481
AATATCGAATCAATGC-1,0.408287,0.03575,0.036653,0.049202,0.046358,0.076981,0.053441,0.293329
AATATCGAGGGTTCTC-1,0.136192,0.003093,0.048488,0.01007,0.031755,0.048767,0.126704,0.594931
AATATTGGAGTATTGA-1,0.014246,0.051373,0.099546,0.250704,0.239304,0.031303,0.091352,0.222172
AATCAGACTGCAGGAC-1,0.071642,0.000022,0.001792,0.000022,0.016856,0.001422,0.414584,0.49366
AATCAGGTTTCATTTA-1,0.062296,0.228141,0.119755,0.263931,0.07966,0.064219,0.144279,0.037719
AATCATGTAAAGACTC-1,0.999722,0.000031,0.000031,0.000031,0.000031,0.000031,0.000031,0.000093
AATCCAAGGGCCTGAG-1,0.000017,0.02586,0.04492,0.256496,0.019712,0.070808,0.552198,0.029989
AATCCATGCAAGGGTG-1,0.056632,0.210532,0.10607,0.536225,0.016875,0.051032,0.004555,0.018079
AATCGCCTCAGCGCCA-1,0.337251,0.133212,0.020716,0.004736,0.037838,0.069082,0.026487,0.37068
AATCGCGCAGAGGACT-1,0.998935,0.000118,0.000118,0.000118,0.000118,0.000118,0.000118,0.000355
AATCGGGACACTACGA-1,0.000016,0.304835,0.088043,0.238553,0.050076,0.054708,0.01111,0.252659
AATCGGTATAGCCCTC-1,0.999541,0.000051,0.000051,0.000051,0.000051,0.000051,0.000051,0.000153
AATCGTGAGCCGAGCA-1,0.117526,0.144182,0.144549,0.421688,0.024296,0.087015,0.014695,0.046048
AATCTAGGTTTACTTG-1,0.03037,0.146704,0.163577,0.027971,0.034448,0.028867,0.106671,0.461393
AATCTATGCCGGAGCC-1,0.273817,0.005491,0.106271,0.134312,0.001666,0.143414,0.000079,0.334951
AATCTCTACTGTGGTT-1,0.000012,0.275305,0.157603,0.299839,0.165106,0.013466,0.022797,0.065872
AATCTGCGTTGGGACG-1,0.012955,0.080789,0.41717,0.282562,0.087319,0.02983,0.018225,0.07115
AATCTGGCTTTCTAGT-1,0.034422,0.059318,0.075966,0.018109,0.088773,0.024298,0.088002,0.611113
AATCTGGGTAGACCCT-1,0.100961,0.000036,0.000036,0.000036,0.000084,0.009307,0.019642,0.869898
AATGACAGCAATGTCT-1,0.093539,0.166072,0.22429,0.113831,0.066589,0.018337,0.254132,0.063211
AATGACGTAGGATGTC-1,0.696718,0.069925,0.063898,0.015522,0.034519,0.005743,0.075183,0.038492
AATGACTGTCAGCCGG-1,0.000402,0.090659,0.096682,0.222325,0.125691,0.152314,0.007063,0.304864
AATGAGTTCGCATATG-1,0.061356,0.226746,0.063191,0.572313,0.018207,0.051576,0.002298,0.004313
AATGATGATACGCTAT-1,0.293486,0.114674,0.02865,0.002846,0.001113,0.090374,0.000153,0.468704
AATGATGCGACTCCTG-1,0.144482,0.219999,0.337182,0.200565,0.006702,0.075794,0.009659,0.005617
AATGCAACCGGGTACC-1,0.000014,0.077139,0.098386,0.41991,0.067982,0.201265,0.032647,0.102656
AATGCACCAAGCAATG-1,0.067166,0.000388,0.097386,0.000476,0.075242,0.112235,0.04392,0.603185
AATGGCCGCCAATGCG-1,0.102856,0.000077,0.000077,0.000077,0.000077,0.270952,0.00311,0.622773
AATGGTCCACCGTTCA-1,0.021302,0.123587,0.198915,0.21078,0.241405,0.071615,0.061483,0.070912
AATGGTTCTCACAAGC-1,0.001413,0.037344,0.060776,0.234736,0.203059,0.148224,0.020475,0.293973
AATGTATGGCACTGTA-1,0.176453,0.203715,0.151671,0.112537,0.134666,0.03149,0.082134,0.107334
AATGTGCCCGAGGTGT-1,0.235649,0.123476,0.076116,0.017517,0.022207,0.063755,0.153846,0.307435
AATGTGCTAATCTGAG-1,0.173043,0.184658,0.077708,0.003039,0.117459,0.002877,0.148247,0.29297
AATGTTGTCGTGAGAC-1,0.237511,0.088764,0.007666,0.016858,0.01736,0.063258,0.017466,0.551118
AATTAAAGGTCGGCGT-1,0.094673,0.564987,0.010748,0.00359,0.013803,0.010694,0.216404,0.085102
AATTAACGGATTTCCA-1,0.051344,0.046486,0.009683,0.018755,0.110404,0.135576,0.033431,0.594321
AATTACGAGACCCATC-1,0.365971,0.110308,0.179555,0.213196,0.050286,0.014364,0.050189,0.01613
AATTACTCGTACGCTC-1,0.018147,0.035773,0.025668,0.022307,0.118766,0.018125,0.082679,0.678533
AATTAGCGCTGCAGCG-1,0.017232,0.04806,0.037407,0.147739,0.061006,0.059857,0.448919,0.17978
AATTCATAAGGGATCT-1,0.838811,0.064339,0.029858,0.000073,0.000073,0.015876,0.026832,0.024137
AATTCATTGTCATGCA-1,0.116942,0.112294,0.094343,0.025191,0.116082,0.007234,0.122258,0.405655
AATTCCAAGCATGTAC-1,0.470302,0.029297,0.022481,0.001577,0.086033,0.054845,0.051632,0.283834
AATTCGATTCGAGGAT-1,0.9994,0.000067,0.000067,0.000067,0.000067,0.000067,0.000067,0.0002
AATTCTAGAGTTAGGC-1,0.025,0.13033,0.108894,0.705786,0.004763,0.021363,0.00382,0.000043
AATTGAACGCTCTGGT-1,0.999236,0.000085,0.000085,0.000085,0.000085,0.000085,0.000085,0.000255
AATTGCAGCAATCGAC-1,0.337645,0.021039,0.025519,0.034027,0.038177,0.108271,0.046896,0.388427
AATTGCGTGGATTACA-1,0.165709,0.203546,0.300547,0.029697,0.028643,0.019149,0.132584,0.120124
AATTGTGGTTGCCAAA-1,0.090557,0.036384,0.041209,0.086934,0.05925,0.338217,0.017929,0.32952
AATTTGGGACATAGTA-1,0.028712,0.015299,0.203432,0.015846,0.039608,0.015098,0.055252,0.626753
AATTTGGTTCCAAAGA-1,0.083774,0.009319,0.042627,0.140979,0.07933,0.069602,0.023784,0.550586
ACAAACCATGCGTCCT-1,0.449133,0.215533,0.008745,0.000161,0.016819,0.024123,0.097676,0.187812
ACAAAGAAGGTAGGCC-1,0.281771,0.261949,0.096682,0.180928,0.066844,0.041443,0.031352,0.039031
ACAAAGCATGACCTAG-1,0.999517,0.000054,0.000054,0.000054,0.000054,0.000054,0.000054,0.000161
ACAAATCGCACCGAAT-1,0.106458,0.267128,0.015141,0.063022,0.047516,0.056953,0.037823,0.405959
ACAAATGGTAGTGTTT-1,0.999252,0.000083,0.000083,0.000083,0.000083,0.000083,0.000083,0.000249
ACAAATTCAGATCTGA-1,0.136427,0.04681,0.047669,0.137172,0.034944,0.231333,0.054697,0.310949
ACAACAGCATGAGCTA-1,0.176903,0.016306,0.028734,0.031715,0.074305,0.118581,0.195006,0.35845
ACAACGGTCCCTGCGA-1,0.000018,0.106449,0.028042,0.283888,0.098309,0.12528,0.0202,0.337814
ACAAGCAGTGCCTAGC-1,0.006793,0.117314,0.035658,0.056328,0.122717,0.102771,0.145155,0.413264
ACAAGCTATATGGAAG-1,0.000021,0.201769,0.128559,0.090842,0.173884,0.028641,0.130946,0.245338
ACAAGGAAATCCGCCC-1,0.023754,0.040425,0.067719,0.123679,0.08185,0.205385,0.009729,0.447459
ACAAGGACAAGAGGTT-1,0.000388,0.152324,0.179778,0.233713,0.192442,0.070131,0.01889,0.152334
ACAAGGATGCTTTAGG-1,0.099212,0.018006,0.070381,0.339111,0.13187,0.144642,0.047288,0.149489
ACAAGGCCTACCAGCC-1,0.00008,0.014383,0.00008,0.055004,0.002619,0.267842,0.00008,0.659913
ACAAGGGCAGGCTCTG-1,0.074508,0.192922,0.096772,0.319283,0.088283,0.144387,0.031172,0.052674
ACAATAGTCGTACGTT-1,0.142732,0.098652,0.011046,0.00729,0.025667,0.022948,0.1541,0.537565
ACAATCCATTTAAACC-1,0.000013,0.076948,0.054958,0.298527,0.285797,0.051564,0.07032,0.161873
ACAATGAATACGGAGA-1,0.691268,0.000087,0.052835,0.000087,0.019726,0.000087,0.067558,0.168351
ACAATGATTCTTCTAC-1,0.028078,0.011418,0.04862,0.076697,0.014277,0.165259,0.00119,0.654462
ACAATTGTGTCTCTTT-1,0.848421,0.011644,0.000046,0.024857,0.001296,0.003028,0.097514,0.013193
ACAATTTAGGAGGCTC-1,0.03815,0.082291,0.088799,0.408009,0.060262,0.203279,0.022181,0.097028
ACAATTTGAGCAGTGG-1,0.035756,0.136528,0.078564,0.678871,0.032001,0.037122,0.000013,0.001144
ACACAAAGACGGGTGG-1,0.00002,0.041512,0.090681,0.098767,0.215739,0.088411,0.075532,0.389339
ACACAAATATTCCTAG-1,0.013602,0.024322,0.044289,0.161141,0.046226,0.122891,0.009981,0.577548
ACACACCAGGACCAGT-1,0.99782,0.000242,0.000242,0.000242,0.000242,0.000242,0.000242,0.000727
ACACACTTTCTACACG-1,0.000023,0.034482,0.116822,0.332467,0.098259,0.150483,0.000361,0.267103
ACACATGATCAAATCT-1,0.05269,0.094377,0.469425,0.111288,0.037447,0.055548,0.093756,0.085468
ACACATTGACGCAACA-1,0.00037,0.025108,0.011566,0.074491,0.284788,0.154173,0.00004,0.449463
ACACATTTCCGTAGAC-1,0.497098,0.003018,0.000038,0.000038,0.005196,0.005283,0.036078,0.453251
ACACCACATAATTAGC-1,0.388325,0.000071,0.000817,0.000071,0.006036,0.011374,0.386787,0.20652
ACACCCAGCATGCAGC-1,0.018899,0.019801,0.07239,0.186303,0.180385,0.15139,0.009427,0.361405
ACACCCGAGAAATCCG-1,0.019324,0.051466,0.073569,0.113714,0.11122,0.074969,0.264803,0.290934
ACACCGAGCGCTCTTT-1,0.005014,0.079907,0.074981,0.237817,0.240223,0.093964,0.029845,0.238249
ACACCGGTCTGACCGC-1,0.542276,0.022026,0.011132,0.020247,0.021897,0.021498,0.024875,0.336048
ACACCTTAAGTAGGGC-1,0.083026,0.067098,0.137382,0.191551,0.186577,0.09866,0.047624,0.188082
ACACCTTACTACTTGC-1,0.1924,0.07259,0.090167,0.287705,0.072337,0.0832,0.02074,0.180861
ACACGAGACTCCTTCT-1,0.163827,0.023664,0.056543,0.145205,0.026486,0.240935,0.067208,0.276133
ACACGGCACTATGCAT-1,0.008096,0.033934,0.067884,0.160915,0.150791,0.152877,0.033688,0.391815
ACACGGGAACTTAGGG-1,0.166358,0.052609,0.144598,0.02525,0.069189,0.011316,0.108056,0.422623
ACACGTAGGCCACAAG-1,0.078724,0.069795,0.150307,0.421284,0.043823,0.086958,0.116271,0.032839
ACACTCCAATGTCACT-1,0.004591,0.176871,0.061766,0.672904,0.029486,0.022855,0.026058,0.005469
ACACTGATCAAGGTGT-1,0.237229,0.07444,0.08451,0.082729,0.098902,0.066422,0.021017,0.334751
ACACTGGGACAGTCGT-1,0.998611,0.000154,0.000154,0.000154,0.000154,0.000154,0.000154,0.000463
ACAGAACTGAGAACAA-1,0.312962,0.092765,0.222961,0.223977,0.029309,0.053934,0.037149,0.026942
ACAGATTAGGTTAGTG-1,0.00002,0.454582,0.01201,0.184185,0.013607,0.079008,0.001669,0.254919
ACAGCATAGAGCCAGT-1,0.009267,0.13209,0.225126,0.298201,0.104922,0.029026,0.013506,0.187862
ACAGCGACATTCTCAT-1,0.99926,0.000082,0.000082,0.000082,0.000082,0.000082,0.000082,0.000247
ACAGCGCACCCGCAGC-1,0.141714,0.151033,0.253581,0.254086,0.029195,0.049397,0.031354,0.08964
ACAGGCACGGATCCTT-1,0.065136,0.072965,0.222091,0.185313,0.097589,0.108421,0.023625,0.22486
ACAGGCTTGCCCGACT-1,0.845304,0.000037,0.005213,0.040889,0.036788,0.020118,0.029909,0.021744
ACAGGTGGAGGTGAGG-1,0.098455,0.109242,0.150545,0.016527,0.078189,0.009544,0.325952,0.211547
ACAGGTGTGTTGTTGC-1,0.059675,0.116702,0.205215,0.326256,0.104507,0.102276,0.007898,0.077471
ACAGTAATACAACTTG-1,0.158085,0.069298,0.119675,0.107482,0.129523,0.104921,0.03722,0.273796
ACAGTATACCGTGGGA-1,0.068865,0.071265,0.239599,0.385722,0.018243,0.145103,0.013835,0.057369
ACATAAGTCGTGGTGA-1,0.058005,0.237629,0.24389,0.257555,0.082724,0.032669,0.031953,0.055575
ACATAATAAGGCGGTG-1,0.000722,0.03641,0.083246,0.349224,0.028827,0.204961,0.01536,0.281248
ACATCAGCTGGGACGC-1,0.020761,0.197561,0.039768,0.074144,0.101663,0.124604,0.022743,0.418756
ACATCCCGGCCATACG-1,0.10584,0.056265,0.087551,0.078426,0.079791,0.263137,0.02142,0.307569
ACATCCTGGTAACTGT-1,0.051631,0.016499,0.032203,0.031315,0.076055,0.138483,0.071506,0.582309
ACATCGATCGTTTACC-1,0.021138,0.091664,0.238779,0.005369,0.053768,0.002932,0.245255,0.341095
ACATCGGTCAGCCGCG-1,0.003296,0.15938,0.087901,0.591431,0.063822,0.039696,0.025041,0.029433
ACATCGTATGCAATGG-1,0.577248,0.055357,0.06817,0.015431,0.017029,0.039924,0.022826,0.204016
ACATCGTTAACCTAGT-1,0.000016,0.195148,0.17724,0.261139,0.053957,0.075567,0.054607,0.182327
ACATCTCAACGCGTAA-1,0.000028,0.040758,0.000836,0.009031,0.017624,0.057965,0.009633,0.864125
ACATGGCGCCAAAGTA-1,0.286612,0.010163,0.025197,0.039361,0.034865,0.132809,0.004086,0.466907
ACATGGCTCAATTTAG-1,0.034744,0.088114,0.052772,0.201596,0.031348,0.127229,0.022287,0.44191
ACATTAGTTTATATCC-1,0.058239,0.15728,0.083328,0.143263,0.110109,0.093669,0.023164,0.330949
ACATTCGCGCGGAATA-1,0.06953,0.164885,0.013203,0.116469,0.084918,0.13879,0.015238,0.396967
ACATTTGAAACCTAAC-1,0.019749,0.026593,0.094503,0.289825,0.169335,0.181658,0.009072,0.209265
ACCAAACACCCAGCGA-1,0.084855,0.10876,0.116432,0.157192,0.044806,0.134393,0.162009,0.191553
ACCAACACCACACACT-1,0.343335,0.000026,0.016918,0.001294,0.013243,0.025425,0.06246,0.5373
ACCAACCGCACTCCAC-1,0.263896,0.022962,0.07658,0.409449,0.069006,0.084967,0.029837,0.043304
ACCAACGCTTATTTAT-1,0.188463,0.083218,0.022473,0.316503,0.090129,0.029281,0.01277,0.257163
ACCAAGAACGCGTGTC-1,0.000019,0.037003,0.040206,0.052815,0.168583,0.085178,0.284644,0.331551
ACCAAGTCATCGGCAG-1,0.134189,0.008398,0.045776,0.259936,0.147207,0.087561,0.081052,0.23588
ACCAATATGCAAGTTA-1,0.055734,0.000029,0.000784,0.001479,0.081567,0.054758,0.012558,0.793091
ACCACAACTCAGAACA-1,0.055845,0.025845,0.009137,0.043546,0.008361,0.248937,0.000028,0.608302
ACCACAAGTTTCTATC-1,0.126467,0.056102,0.026119,0.058132,0.19251,0.04863,0.059651,0.432388
ACCACCAATGTAACAA-1,0.195449,0.014306,0.036586,0.097142,0.021474,0.152046,0.049,0.433996
ACCACCCTCTCTTCTA-1,0.421617,0.189692,0.000044,0.000044,0.000044,0.011272,0.020864,0.356424
ACCACGTGCAGCTATA-1,0.019702,0.063375,0.045526,0.166403,0.0926,0.133669,0.050073,0.428654
ACCACTGTTCAAGAAG-1,0.015109,0.314713,0.010365,0.004782,0.050705,0.063091,0.025377,0.515859
ACCAGACCATAACAAC-1,0.047792,0.1021,0.059217,0.374924,0.070764,0.094879,0.016031,0.234292
ACCAGCCCGGTCTTTG-1,0.000019,0.041799,0.01385,0.224993,0.021215,0.238378,0.000019,0.459727
ACCAGTGCCCGGTCAA-1,0.001045,0.049132,0.197123,0.281558,0.026883,0.201852,0.035774,0.206634
ACCAGTGCGGGAGACG-1,0.768569,0.230763,0.000083,0.000083,0.000083,0.000083,0.000083,0.00025
ACCATATCCGCAATAA-1,0.015973,0.0782,0.061829,0.078928,0.060069,0.108103,0.040083,0.556815
ACCATCCGCCAACTAG-1,0.00311,0.070644,0.288336,0.267676,0.2132,0.030259,0.042282,0.084493
ACCATCGTATATGGTA-1,0.033837,0.464963,0.006159,0.004769,0.156519,0.013552,0.06088,0.259322
ACCATTAAGGGTGTCA-1,0.00224,0.134815,0.047171,0.189644,0.103402,0.242694,0.000043,0.279992
ACCCAACGCCCGTGGC-1,0.011691,0.027039,0.054665,0.553298,0.045082,0.194783,0.000039,0.113402
ACCCACCTACATGCTC-1,0.001625,0.105187,0.083715,0.233805,0.21002,0.07271,0.030364,0.262575
ACCCATCTTGAGGGTA-1,0.00002,0.210243,0.092032,0.196983,0.181962,0.02823,0.13685,0.15368
ACCCATTTGTCCCTCT-1,0.999387,0.000068,0.000068,0.000068,0.000068,0.000068,0.000068,0.000204
ACCCGAGCGAAATTAC-1,0.123604,0.142002,0.084423,0.014141,0.046126,0.028516,0.091291,0.469896
ACCCGATTGGTTCCGA-1,0.026475,0.088003,0.039568,0.257109,0.162976,0.103718,0.079512,0.242639
ACCCGGAAACTCCCAG-1,0.134642,0.014379,0.033477,0.13611,0.04498,0.25301,0.15513,0.228273
ACCCGGAGCACCACAA-1,0.330326,0.153737,0.155361,0.114407,0.062965,0.053525,0.061256,0.068424
ACCCGGATGACGCATC-1,0.144357,0.034658,0.18283,0.376959,0.098113,0.076615,0.044035,0.042434
ACCCGGTTACACTTCC-1,0.024901,0.074166,0.079565,0.013367,0.091185,0.018679,0.232928,0.465209
ACCCGTAGCAGAGAAT-1,0.198695,0.711517,0.018374,0.009148,0.006962,0.009991,0.026476,0.018838
ACCCGTAGTCTAGTTG-1,0.056186,0.002491,0.015999,0.162208,0.065451,0.178106,0.056566,0.462994
ACCCGTGTCATCAGTA-1,0.15563,0.093903,0.032757,0.185433,0.141065,0.100627,0.005004,0.285581
ACCCTATAGGACTGAG-1,0.000025,0.026194,0.122727,0.031726,0.150067,0.010925,0.404609,0.253727
ACCCTATGCCATATCG-1,0.226437,0.05491,0.036218,0.000028,0.032074,0.00949,0.051782,0.589061
ACCCTCCCGTCAGGGC-1,0.882465,0.008926,0.000033,0.000033,0.003691,0.001166,0.000033,0.103652
ACCCTCCCTTGCTATT-1,0.998838,0.000129,0.000129,0.000129,0.000129,0.000129,0.000129,0.000387
ACCCTGGTAACGCCCT-1,0.160764,0.04198,0.104706,0.090123,0.022605,0.104672,0.029255,0.445894
ACCCTTCATCTGCGAA-1,0.000022,0.058643,0.009142,0.55044,0.041531,0.184708,0.000256,0.155258
ACCCTTTAGTTCTCCA-1,0.099587,0.004048,0.001975,0.006497,0.010062,0.03356,0.02914,0.81513
ACCGAAAGGGCCCTGC-1,0.02667,0.068165,0.086867,0.144409,0.053195,0.089458,0.102907,0.428328
ACCGAAGAGTCTGGTT-1,0.358557,0.062194,0.194639,0.104693,0.018558,0.100426,0.077731,0.083202
ACCGACACATCTCCCA-1,0.007296,0.43818,0.079287,0.176664,0.068316,0.084061,0.028339,0.117857
ACCGACTGAGTCCCAC-1,0.020944,0.126236,0.285165,0.464643,0.018406,0.047075,0.014499,0.023031
ACCGAGTCTCCTTATT-1,0.453022,0.031685,0.009273,0.050528,0.01337,0.17063,0.005472,0.26602
ACCGATAGGCATAACC-1,0.998585,0.000157,0.000157,0.000157,0.000157,0.000157,0.000157,0.000472
ACCGATATTTAATCAT-1,0.338924,0.034925,0.003347,0.005519,0.020512,0.04404,0.014335,0.538398
ACCGATGGTAGCATCG-1,0.250526,0.023048,0.064021,0.048374,0.091151,0.197778,0.026763,0.298339
ACCGCAATAACTGCCT-1,0.006679,0.044083,0.061598,0.208018,0.048953,0.117898,0.005606,0.507165
ACCGCGGTGGAAGTCG-1,0.007287,0.250548,0.113605,0.201338,0.081884,0.171845,0.011384,0.16211
ACCGCTAGTCATTGGT-1,0.147762,0.203559,0.047758,0.194989,0.134066,0.171463,0.00082,0.099583
ACCGGGCCTTTGTTGA-1,0.549187,0.000047,0.011405,0.000047,0.000047,0.000047,0.101542,0.337677
ACCGGTCAGGTACACC-1,0.060166,0.087294,0.339012,0.052341,0.069508,0.037115,0.163046,0.191519
ACCGGTCTGAGTACGG-1,0.012564,0.004576,0.013773,0.022184,0.014294,0.156306,0.011178,0.765124
ACCGTCCACTGGGCCC-1,0.328206,0.139298,0.063759,0.13995,0.200187,0.01383,0.079156,0.035613
ACCGTGACCACGTGGG-1,0.998777,0.000136,0.000136,0.000136,0.000136,0.000136,0.000136,0.000408
ACCGTTCCCGCTCTGA-1,0.056603,0.000038,0.000038,0.000038,0.006498,0.076793,0.000038,0.859956
ACCTAAGTACCTTTCA-1,0.578381,0.060009,0.05638,0.203552,0.002641,0.010465,0.088379,0.000194
ACCTAATCGACTTCCT-1,0.025318,0.092542,0.134107,0.221598,0.079477,0.058078,0.025714,0.363166
ACCTACAGTATGTGGT-1,0.437867,0.000038,0.02579,0.017408,0.0179,0.047667,0.039671,0.41366
ACCTACTATAAATCTA-1,0.54296,0.000061,0.00933,0.000061,0.003519,0.000061,0.138122,0.305885
ACCTCCGCCCTCGCTG-1,0.155983,0.344619,0.061263,0.045648,0.024677,0.096308,0.049074,0.222428
ACCTCCGTTATTCACC-1,0.10769,0.07318,0.088156,0.128689,0.121469,0.182993,0.037559,0.260264
ACCTCGAACTTATGCT-1,0.559814,0.063163,0.072918,0.003905,0.029099,0.041136,0.054763,0.175202
ACCTGCGTGTCATGTT-1,0.074518,0.051923,0.184042,0.039199,0.087357,0.030335,0.131187,0.401439
ACGAAATGGGCGGCAC-1,0.001804,0.09478,0.10526,0.101718,0.209409,0.0285,0.041002,0.417528
ACGACTCTAGGGCCGA-1,0.002936,0.029327,0.057734,0.72313,0.018814,0.159602,0.000012,0.008444
ACGACTGGTCATACTC-1,0.471036,0.150932,0.086578,0.058972,0.039213,0.067603,0.057232,0.068433
ACGAGAACCCATCACG-1,0.109628,0.112192,0.143267,0.27774,0.047801,0.103629,0.029551,0.176192
ACGAGATATTTGCTTA-1,0.037052,0.019868,0.122176,0.172034,0.028206,0.2155,0.078752,0.326412
ACGAGGATACCACTCT-1,0.117405,0.271609,0.06831,0.042124,0.043988,0.024366,0.199824,0.232374
ACGAGGTTTACAACGT-1,0.352874,0.065939,0.144246,0.051657,0.117004,0.043456,0.07628,0.148543
ACGAGTACGGATGCCC-1,0.297765,0.024189,0.053734,0.027669,0.003537,0.154586,0.010547,0.427972
ACGAGTCGCCGGCGTT-1,0.00002,0.047579,0.014528,0.250415,0.166659,0.086496,0.008009,0.426294
ACGATACATAGAACTA-1,0.000016,0.114075,0.131143,0.254083,0.217868,0.073096,0.0294,0.180318
ACGATACCTATCCTGA-1,0.000017,0.457505,0.022682,0.087009,0.119554,0.054887,0.004626,0.25372
ACGATCATACATAGAG-1,0.059997,0.073344,0.037474,0.155525,0.097672,0.151152,0.005303,0.419534
ACGATCATCTTGTAAA-1,0.998887,0.000124,0.000124,0.000124,0.000124,0.000124,0.000124,0.000371
ACGATGCATATGTTAT-1,0.047185,0.137988,0.077065,0.431691,0.038019,0.066369,0.109169,0.092513
ACGATGGATCCGATGC-1,0.001735,0.047262,0.069102,0.314435,0.162148,0.083597,0.069171,0.25255
ACGCAAACTAATAGAT-1,0.083224,0.246837,0.020123,0.121292,0.099452,0.059534,0.028718,0.34082
ACGCAATCACTACAGC-1,0.097609,0.085905,0.258964,0.052743,0.086227,0.02948,0.031667,0.357406
ACGCATAAATGACATG-1,0.006978,0.035974,0.091902,0.217135,0.023677,0.123575,0.002533,0.498227
ACGCATACGTTTACTA-1,0.854671,0.000049,0.000049,0.000049,0.000049,0.000049,0.072626,0.072457
ACGCATTCGTGAGTAC-1,0.147395,0.089589,0.096382,0.162176,0.047452,0.173619,0.006444,0.276944
ACGCCAGATGATTTCT-1,0.029376,0.07957,0.306392,0.337003,0.060012,0.035011,0.028992,0.123644
ACGCCAGTGCGTTTGC-1,0.080234,0.112523,0.094057,0.092368,0.049608,0.088075,0.050134,0.433001
ACGCCCAGCTGTCGAT-1,0.011772,0.112594,0.01392,0.161701,0.063221,0.268644,0.009114,0.359034
ACGCCGCTAGACGACC-1,0.431117,0.024654,0.02731,0.000047,0.022033,0.000501,0.177258,0.317079
ACGCGAAGTCAGACGA-1,0.064159,0.129749,0.041203,0.086182,0.159347,0.09257,0.033967,0.392823
ACGCGCTACACAGGGT-1,0.011406,0.152743,0.176183,0.217447,0.147324,0.053993,0.051664,0.18924
ACGCGGGCCAAGGACA-1,0.089173,0.030377,0.185275,0.235425,0.077514,0.095283,0.025923,0.26103
ACGCGTTTCTTAAGAG-1,0.027529,0.107716,0.100118,0.243052,0.184121,0.113104,0.036746,0.187613
ACGCTAGTGATACACT-1,0.103998,0.077962,0.330288,0.241585,0.043113,0.088364,0.062947,0.051743
ACGCTGTGAGGCGTAG-1,0.000009,0.278098,0.065186,0.592252,0.037411,0.020858,0.001132,0.005054
ACGGAACACGAGTGCC-1,0.003243,0.072647,0.135358,0.119968,0.140736,0.098083,0.027632,0.402333
ACGGAATTTAGCAAAT-1,0.015583,0.043825,0.046517,0.073611,0.152453,0.086021,0.080794,0.501197
ACGGACGCAGCGACAA-1,0.209713,0.024746,0.046099,0.000087,0.000087,0.01554,0.078079,0.625649
ACGGACTCTCAAAGCG-1,0.881371,0.000062,0.000062,0.000062,0.000062,0.000062,0.014848,0.10347
ACGGAGCGCAAATTAC-1,0.999383,0.000069,0.000069,0.000069,0.000069,0.000069,0.000069,0.000206
ACGGATGGTGCGGATA-1,0.026871,0.00461,0.030343,0.106322,0.160925,0.104567,0.004746,0.561616
ACGGCACTTGCTTGGG-1,0.000018,0.089555,0.057382,0.491628,0.095968,0.088453,0.059837,0.117159
ACGGCCAACATGGACT-1,0.016135,0.179922,0.1376,0.442054,0.050338,0.057909,0.070818,0.045224
ACGGCGACGATGGGAA-1,0.038714,0.130307,0.169396,0.488599,0.054275,0.083953,0.013335,0.021422
ACGGCGGGTTGCCCTG-1,0.028216,0.174976,0.062088,0.423466,0.031759,0.134195,0.018343,0.126957
ACGGCTGGATGTAGAA-1,0.074902,0.28276,0.230429,0.259401,0.015224,0.100017,0.01319,0.024077
ACGGGAGTGTCGGCCC-1,0.039525,0.080054,0.243876,0.032781,0.126729,0.032261,0.13895,0.305823
ACGGGCGTATGCGACA-1,0.226326,0.051621,0.048222,0.01498,0.028066,0.160153,0.025922,0.44471
ACGGGTCATGTGACTT-1,0.045817,0.030097,0.092032,0.164523,0.107216,0.131127,0.017553,0.411634
ACGGGTTGTGACCTGT-1,0.534002,0.070198,0.042052,0.00007,0.00007,0.00007,0.353325,0.000211
