Barcode,Topic 1,Topic 2,Topic 3,Topic 4to5,Topic 6,Topic 7,Topic 8,Topic 9
AAACAACGAATAGTTC-1,0.005667,0.083833,0.187919,0.52881,0.021378,0.028547,0.057235,0.086611
AAACAAGTATCTCCCA-1,0.000064,0.286399,0.175434,0.381146,0.000064,0.016925,0.023901,0.116068
AAACAATCTACTAGCA-1,0.000077,0.110097,0.01411,0.652298,0.075892,0.012232,0.07421,0.061085
AAACACCAATAACTGC-1,0.998066,0.000242,0.000242,0.000483,0.000242,0.000242,0.000242,0.000242
AAACAGAGCGACTCCT-1,0.000075,0.070534,0.037514,0.353428,0.166192,0.000301,0.213429,0.158528
AAACAGCTTTCAGAAG-1,0.765592,0.232546,0.000266,0.000532,0.000266,0.000266,0.000266,0.000266
AAACAGGGTCTATATT-1,0.571489,0.423252,0.000751,0.001503,0.000751,0.000751,0.000751,0.000751
AAACAGTGTTCCTGGG-1,0.71731,0.032116,0.000371,0.120905,0.128187,0.000371,0.000371,0.000371
AAACATGGTGAGAGGA-1,0.947651,0.006543,0.006544,0.013086,0.006541,0.006545,0.006542,0.006546
AAACATTTCCCGGATT-1,0.000088,0.565487,0.000088,0.433987,0.000088,0.000088,0.000088,0.000088
AAACCACTACACAGAT-1,0.000074,0.161413,0.042338,0.602171,0.082833,0.014641,0.059157,0.037374
AAACCCGAACGAAATC-1,0.000027,0.060652,0.159812,0.382543,0.005601,0.065517,0.072988,0.252862
AAACCGGAAATGTTAA-1,0.000039,0.335156,0.05684,0.388305,0.009431,0.06422,0.003238,0.14277
AAACCGGGTAGGTACC-1,0.730412,0.143384,0.000806,0.122175,0.000806,0.000806,0.000806,0.000806
AAACCGTTCGTCCAGG-1,0.995086,0.000614,0.000614,0.001229,0.000614,0.000614,0.000614,0.000614
AAACCTAAGCAGCCGG-1,0.848192,0.000242,0.000242,0.000485,0.110849,0.039506,0.000242,0.000242
AAACCTCATGAAGTTG-1,0.961015,0.037612,0.000196,0.000392,0.000196,0.000196,0.000196,0.000196
AAACGAAGAACATACC-1,0.000045,0.055764,0.135534,0.556073,0.065975,0.031534,0.080883,0.074192
AAACGAAGATGGAGTA-1,0.422187,0.000153,0.000153,0.000305,0.012921,0.000153,0.338002,0.226127
AAACGACAGTCTTGCC-1,0.000084,0.219614,0.000084,0.628938,0.15103,0.000084,0.000084,0.000084
AAACGAGACGGTTGAT-1,0.000059,0.265433,0.028999,0.098754,0.046605,0.295484,0.031486,0.233181
AAACGCCCGAGATCGG-1,0.000085,0.154373,0.301689,0.178008,0.000085,0.331594,0.011584,0.022583
AAACGCTGGGCACGAC-1,0.009539,0.561811,0.066214,0.293129,0.024796,0.023498,0.002918,0.018095
AAACGGGCGTACGGGT-1,0.895259,0.000356,0.000356,0.000713,0.102247,0.000356,0.000356,0.000356
AAACGGGTTGGTATCC-1,0.014338,0.008946,0.138452,0.346485,0.053841,0.051815,0.002532,0.383591
AAACGGTTGCGAACTG-1,0.708183,0.286374,0.000778,0.001555,0.000778,0.000778,0.000778,0.000778
AAACGTGTTCGCCCTA-1,0.013795,0.229074,0.030276,0.489358,0.217936,0.009325,0.01015,0.000087
AAACTAACGTGGCGAC-1,0.000116,0.07198,0.008035,0.571772,0.087851,0.139886,0.054669,0.065691
AAACTCGGTTCGCAAT-1,0.780244,0.212744,0.001002,0.002004,0.001002,0.001002,0.001002,0.001002
AAACTCGTGATATAAG-1,0.017187,0.062287,0.256823,0.272209,0.355247,0.031006,0.000066,0.005175
AAACTGCTGGCTCCAA-1,0.088689,0.503089,0.016448,0.291713,0.045142,0.011041,0.00007,0.043808
AAACTTAATTGCACGC-1,0.476054,0.233873,0.000327,0.075803,0.000092,0.000092,0.160802,0.052956
AAACTTGCAAACGTAT-1,0.547588,0.000263,0.000263,0.054342,0.024579,0.000263,0.069623,0.303079
AAAGAATGACCTTAGA-1,0.474651,0.000087,0.000087,0.000175,0.000087,0.000087,0.424097,0.100728
AAAGAATGTGGACTAA-1,0.451085,0.380342,0.004713,0.000299,0.163111,0.00015,0.00015,0.00015
AAAGACATGAAGTTTA-1,0.053675,0.020952,0.11536,0.37724,0.222023,0.008167,0.068864,0.13372
AAAGACCCAAGTCGCG-1,0.000064,0.071117,0.170661,0.394702,0.022909,0.043032,0.07051,0.227005
AAAGACTGGGCGCTTT-1,0.33469,0.323178,0.000248,0.000495,0.064961,0.275934,0.000248,0.000248
AAAGCTTGCCTACATA-1,0.026881,0.060438,0.037971,0.451749,0.09973,0.096524,0.031537,0.195171
AAAGGCCCTATAATAC-1,0.481513,0.301884,0.000428,0.000855,0.000428,0.000428,0.214038,0.000428
AAAGGCTACGGACCAT-1,0.774978,0.221883,0.000448,0.000897,0.000448,0.000448,0.000448,0.000448
AAAGGCTCTCGCGCCG-1,0.990734,0.001158,0.001158,0.002317,0.001158,0.001158,0.001158,0.001158
AAAGGGATGTAGCAAG-1,0.101246,0.065228,0.00559,0.030766,0.203787,0.18916,0.01307,0.391154
AAAGGGCAGCTTGAAT-1,0.000033,0.075906,0.000035,0.013771,0.00652,0.001455,0.600532,0.301748
AAAGGTAAGCTGTACC-1,0.059731,0.030134,0.438731,0.264075,0.180803,0.000089,0.002024,0.024412
AAAGGTCAACGACATG-1,0.000076,0.201499,0.056118,0.464741,0.025631,0.00746,0.131681,0.112795
AAAGTAGCATTGCTCA-1,0.925053,0.000311,0.000311,0.073078,0.000311,0.000311,0.000311,0.000311
AAAGTCACTGATGTAA-1,0.07993,0.178086,0.300167,0.218929,0.143942,0.001575,0.051827,0.025545
AAAGTCGACCCTCAGT-1,0.702847,0.294857,0.000328,0.000656,0.000328,0.000328,0.000328,0.000328
AAAGTGCCATCAATTA-1,0.000036,0.648079,0.019671,0.311146,0.007235,0.013524,0.000036,0.000274
AAAGTGTGATTTATCT-1,0.000096,0.232286,0.200259,0.382087,0.039638,0.034383,0.0119,0.099352
AAAGTTGACTCCCGTA-1,0.056631,0.121038,0.145131,0.319933,0.215087,0.041913,0.000067,0.100199
AAATAACCATACGGGA-1,0.000064,0.065328,0.032561,0.122772,0.510974,0.015872,0.001152,0.251275
AAATAAGGTAGTGCCC-1,0.013226,0.071474,0.127911,0.247559,0.124819,0.13687,0.046789,0.23135
AAATACCTATAAGCAT-1,0.22298,0.277304,0.025267,0.336726,0.092087,0.025921,0.018978,0.000738
AAATAGCTTAGACTTT-1,0.000085,0.234787,0.231538,0.384315,0.055069,0.009763,0.04799,0.036452
AAATAGGGTGCTATTG-1,0.076489,0.290532,0.098923,0.116251,0.000104,0.371,0.000104,0.046597
AAATCACTCCTAAACG-1,0.009551,0.122474,0.089064,0.62523,0.09619,0.039949,0.007373,0.010168
AAATCCGATACACGCC-1,0.849617,0.148854,0.000218,0.000437,0.000218,0.000218,0.000218,0.000218
AAATCGCGGAAGGAGT-1,0.431306,0.115804,0.00024,0.000479,0.00024,0.195902,0.25579,0.00024
AAATCGTGTACCACAA-1,0.078408,0.361689,0.011608,0.287309,0.077991,0.072749,0.110186,0.000058
AAATCTAGCCCTGCTA-1,0.004738,0.000033,0.157943,0.055384,0.14068,0.024683,0.021174,0.595366
AAATCTGCCCGCGTCC-1,0.542951,0.000199,0.000199,0.000399,0.000199,0.000199,0.455654,0.000199
AAATGACTGATCAAAC-1,0.698399,0.000089,0.000089,0.000178,0.130476,0.000089,0.167983,0.002696
AAATGATTCGATCAGC-1,0.025288,0.000044,0.258599,0.058265,0.09379,0.043913,0.190861,0.32924
AAATGCTCGTTACGTT-1,0.000112,0.134772,0.103738,0.548882,0.000112,0.011547,0.200725,0.000112
AAATGGCATGTCTTGT-1,0.000068,0.058816,0.036876,0.364381,0.327263,0.045654,0.061535,0.105406
AAATGGCCCGTGCCCT-1,0.611138,0.383222,0.000806,0.001611,0.000806,0.000806,0.000806,0.000806
AAATGGTCAATGTGCC-1,0.000073,0.089398,0.09541,0.254821,0.040639,0.12029,0.034201,0.365169
AAATGTATCTTATCCC-1,0.013898,0.888815,0.0139,0.027796,0.013897,0.013898,0.013898,0.013898
AAATGTGGGTGCTCCT-1,0.000069,0.065384,0.060209,0.696523,0.050352,0.000069,0.115581,0.011814
AAATTAACGGGTAGCT-1,0.452911,0.207299,0.011917,0.254852,0.055558,0.017326,0.000068,0.000068
AAATTAATAAGCGCGA-1,0.791454,0.090598,0.000394,0.000789,0.115582,0.000394,0.000394,0.000394
AAATTACACGACTCTG-1,0.000076,0.010506,0.114136,0.392448,0.27728,0.022394,0.028769,0.154391
AAATTACCTATCGATG-1,0.046494,0.226485,0.059134,0.478996,0.145074,0.013186,0.025268,0.005363
AAATTCCAGGTCCAAA-1,0.007632,0.299143,0.030017,0.525334,0.113092,0.00591,0.015112,0.003759
AAATTGATAGTCCTTT-1,0.691699,0.000756,0.000756,0.001513,0.000756,0.000756,0.303006,0.000756
AAATTGCGGCGGTTCT-1,0.000041,0.000041,0.117039,0.151438,0.000041,0.011084,0.072363,0.647952
AAATTGGTGAGAAGCA-1,0.000064,0.017248,0.085817,0.546175,0.24621,0.011179,0.075937,0.01737
AAATTTACCGAAATCC-1,0.018027,0.014325,0.319087,0.303372,0.189712,0.012491,0.054722,0.088262
AAATTTGCGGGTGTGG-1,0.99564,0.000545,0.000545,0.00109,0.000545,0.000545,0.000545,0.000545
AACAACTGGTAGTTGC-1,0.000095,0.329873,0.041031,0.483965,0.000095,0.084287,0.002748,0.057906
AACAATACATTGTCGA-1,0.998374,0.000203,0.000203,0.000407,0.000203,0.000203,0.000203,0.000203
AACAATTACTCTACGC-1,0.082112,0.260707,0.093167,0.350826,0.030315,0.029339,0.090643,0.06289
AACACACGCTCGCCGC-1,0.000072,0.355229,0.128433,0.363169,0.000072,0.049818,0.042398,0.060809
AACACGACTGTACTGA-1,0.000053,0.085858,0.045518,0.559443,0.054246,0.104777,0.025144,0.124961
AACACGAGACGCGGCC-1,0.844838,0.153492,0.000239,0.000477,0.000239,0.000239,0.000239,0.000239
AACACGCGGCCGCGAA-1,0.010321,0.128271,0.089882,0.456957,0.155952,0.063825,0.080893,0.013899
AACAGCTGTGTGGCAA-1,0.730241,0.266285,0.000496,0.000993,0.000496,0.000496,0.000496,0.000496
AACAGGAAATCGAATA-1,0.027865,0.231263,0.055666,0.168917,0.157077,0.022764,0.230303,0.106145
AACAGGATGGGCCGCG-1,0.000098,0.352841,0.026444,0.127472,0.449935,0.016115,0.026998,0.000098
AACAGGTAGTATGGAT-1,0.000046,0.025218,0.114234,0.490333,0.017187,0.033711,0.057835,0.261436
AACATAGCGTGTATCG-1,0.998713,0.000161,0.000161,0.000322,0.000161,0.000161,0.000161,0.000161
AACATATCAACTGGTG-1,0.227727,0.042402,0.094274,0.147185,0.376552,0.030603,0.004189,0.077067
AACATCGATACGTCTA-1,0.000057,0.03729,0.113976,0.23958,0.028081,0.143802,0.103047,0.334168
AACATTGAAGTTGATC-1,0.578366,0.122627,0.000424,0.000849,0.105036,0.000424,0.191848,0.000424
AACATTGGTCAGCCGT-1,0.000068,0.004758,0.029509,0.438498,0.000068,0.147542,0.048686,0.330872
AACATTGTGACTCGAG-1,0.998075,0.000241,0.000241,0.000481,0.000241,0.000241,0.000241,0.000241
AACCAAGACTTCTCTG-1,0.815946,0.00031,0.061484,0.121022,0.00031,0.00031,0.00031,0.00031
AACCAGTATCACTCTT-1,0.083046,0.113978,0.096409,0.027629,0.218253,0.010022,0.047327,0.403337
AACCATAGGGTTGAAC-1,0.476115,0.26917,0.000165,0.075496,0.035016,0.00616,0.137712,0.000165
AACCATGGGATCGCTA-1,0.000112,0.159355,0.025926,0.573337,0.045219,0.142428,0.013784,0.039838
AACCCAGAGACGGAGA-1,0.004372,0.196194,0.133167,0.572033,0.010189,0.03846,0.045493,0.000092
AACCCATCCCATGATC-1,0.829823,0.039792,0.000553,0.127619,0.000553,0.000553,0.000553,0.000553
AACCCGACAACCCGTG-1,0.997167,0.000354,0.000354,0.000708,0.000354,0.000354,0.000354,0.000354
AACCCGAGCAGAATCG-1,0.03606,0.020782,0.125343,0.309308,0.044151,0.063588,0.0999,0.300868
AACCCGATAGGGCTTC-1,0.000042,0.003828,0.240482,0.318708,0.005568,0.082088,0.092762,0.256521
AACCCGCTGTATTCCA-1,0.998658,0.000168,0.000168,0.000335,0.000168,0.000168,0.000168,0.000168
AACCCTACTGTCAATA-1,0.000081,0.322986,0.083744,0.469918,0.006293,0.012638,0.041289,0.06305
AACCCTGGTGGAACCA-1,0.00777,0.031429,0.033432,0.512773,0.099025,0.055598,0.081417,0.178556
AACCGAGCTTGGTCAT-1,0.034287,0.06449,0.062759,0.102356,0.032546,0.362182,0.067518,0.273861
AACCGCTAAGGGATGC-1,0.226481,0.143454,0.029692,0.321663,0.254224,0.020165,0.00008,0.004243
AACCGTTGTGTTTGCT-1,0.000049,0.000205,0.26969,0.212824,0.009004,0.049297,0.015944,0.442988
AACCTAAAGCCGTCCG-1,0.000193,0.001739,0.21344,0.111277,0.091982,0.000193,0.329883,0.251292
AACCTCGCTTTAGCCC-1,0.998696,0.000163,0.000163,0.000326,0.000163,0.000163,0.000163,0.000163
AACCTGTCACGGAATT-1,0.000056,0.127887,0.178451,0.40153,0.00504,0.058009,0.055174,0.173853
AACCTTTAAATACGGT-1,0.095648,0.449831,0.028268,0.287409,0.062132,0.030962,0.009324,0.036426
AACCTTTACGACGTCT-1,0.000057,0.007891,0.170501,0.225775,0.000057,0.0414,0.124737,0.429583
AACGAAAGTCGTCCCA-1,0.539975,0.287964,0.000245,0.00049,0.000245,0.000245,0.170592,0.000245
AACGACCTCCTAGCCG-1,0.038945,0.578642,0.028148,0.233256,0.014615,0.049599,0.000046,0.05675
AACGATAATGCCGTAG-1,0.063809,0.404137,0.185235,0.102597,0.000073,0.020045,0.061058,0.163045
AACGATAGAAGGGCCG-1,0.000059,0.200428,0.378013,0.240878,0.085362,0.018133,0.026127,0.050999
AACGATATGTCAACTG-1,0.446719,0.000033,0.000033,0.000065,0.188412,0.008709,0.095506,0.260524
AACGCATGATCTGGGT-1,0.000096,0.067114,0.077474,0.643584,0.118905,0.047034,0.008352,0.03744
AACGCGAACGGCAACA-1,0.000118,0.277021,0.000118,0.717992,0.004397,0.000118,0.000118,0.000118
AACGCGACCTTGGGCG-1,0.776043,0.000741,0.000741,0.001483,0.000741,0.218768,0.000741,0.000741
AACGCGGTCTCCAGCC-1,0.000067,0.062638,0.08128,0.473123,0.215853,0.050221,0.022455,0.094362
AACGCTGTTGCTGAAA-1,0.000074,0.505499,0.01793,0.315457,0.000074,0.055166,0.029043,0.076758
AACGGACGTACGTATA-1,0.000063,0.162464,0.142365,0.383834,0.020631,0.013096,0.179256,0.098292
AACGGCCATCTCCGGT-1,0.992587,0.000927,0.000927,0.001853,0.000927,0.000927,0.000927,0.000927
AACGTACTGTGGGTAC-1,0.657137,0.001853,0.001853,0.331745,0.001853,0.001853,0.001853,0.001853
AACGTAGTCTACCCAT-1,0.0001,0.077525,0.031258,0.564739,0.020077,0.175634,0.081766,0.048902
AACGTCAGACTAGTGG-1,0.01395,0.386629,0.141044,0.262931,0.000085,0.04989,0.034529,0.110942
AACGTCATCCGGCTTG-1,0.89092,0.00103,0.00103,0.002059,0.00103,0.101873,0.00103,0.00103
AACGTCGCTGCACTTC-1,0.793246,0.205503,0.000179,0.000358,0.000179,0.000179,0.000179,0.000179
AACGTGATGAAGGACA-1,0.000086,0.078758,0.120035,0.324858,0.235766,0.000088,0.009813,0.230596
AACGTGCGAAAGTCTC-1,0.000066,0.073284,0.157057,0.263667,0.280405,0.070484,0.048811,0.106225
AACGTTATCAGCACCT-1,0.008096,0.10477,0.030188,0.715674,0.000121,0.003736,0.019356,0.118059
AACGTTCTACCATTGT-1,0.172796,0.490149,0.000045,0.000758,0.006003,0.000045,0.009675,0.320528
AACTACCCGTTTGTCA-1,0.009572,0.084831,0.124461,0.403569,0.032643,0.107756,0.11695,0.120217
AACTAGCGTATCGCAC-1,0.000062,0.132601,0.082929,0.338933,0.000062,0.174734,0.158204,0.112474
AACTAGGCTTGGGTGT-1,0.55865,0.062849,0.000601,0.375496,0.000601,0.000601,0.000601,0.000601
AACTCAAGTTAATTGC-1,0.023031,0.709198,0.000135,0.101117,0.069181,0.008035,0.000135,0.089169
AACTCCAGAGCGTGTT-1,0.005831,0.483609,0.146439,0.135495,0.191661,0.000103,0.036758,0.000103
AACTCCTAATCCCATG-1,0.000058,0.020091,0.35418,0.248048,0.018717,0.027591,0.045529,0.285786
AACTCGATAAACACGT-1,0.000099,0.000099,0.094377,0.522647,0.185076,0.053315,0.084788,0.059598
AACTCGATGGCGCAGT-1,0.000153,0.112436,0.044989,0.841813,0.000153,0.000153,0.000153,0.000153
AACTCTCAATAGAGCG-1,0.017652,0.265963,0.079998,0.285793,0.259542,0.076902,0.012292,0.001858
AACTCTCAGTGTGCTC-1,0.167228,0.000342,0.000342,0.000684,0.000342,0.000342,0.439619,0.3911
AACTGAGGTCAGCGTC-1,0.000078,0.052178,0.021735,0.216002,0.089219,0.01278,0.095599,0.512411
AACTGAGTTATACTGA-1,0.011406,0.10681,0.2165,0.282026,0.012974,0.10935,0.023859,0.237075
AACTGATATTAGGCCT-1,0.000063,0.11192,0.037812,0.352584,0.105243,0.087672,0.133372,0.171335
AACTGGGTCCCGACGT-1,0.000049,0.103255,0.237089,0.313386,0.04111,0.20755,0.034043,0.063517
AACTGGGTTCGAGCCG-1,0.040094,0.1856,0.171176,0.29331,0.099505,0.012945,0.077448,0.119921
AACTGGTGTGGGCCTT-1,0.000092,0.104804,0.001804,0.774702,0.067182,0.02356,0.011773,0.016084
AACTTCTGCGTCTATC-1,0.000099,0.144062,0.008979,0.718454,0.000099,0.06912,0.011842,0.047346
AACTTGCCCGTATGCA-1,0.000094,0.365586,0.001787,0.144796,0.000094,0.000094,0.050512,0.437036
AACTTGCGTTCTCGCG-1,0.000164,0.051621,0.103013,0.611953,0.008169,0.000165,0.030072,0.194842
AACTTTACGGGAGCTT-1,0.998584,0.000177,0.000177,0.000354,0.000177,0.000177,0.000177,0.000177
AACTTTAGCTGCTGAG-1,0.000075,0.041706,0.0451,0.336243,0.147032,0.044878,0.102436,0.282529
AACTTTCTCGATCATG-1,0.011017,0.130223,0.13845,0.450106,0.080271,0.081951,0.089351,0.018631
AAGAAAGTTTGATGGG-1,0.387704,0.130161,0.00011,0.000219,0.00011,0.00011,0.481477,0.00011
AAGAAATCACCAGATT-1,0.000055,0.141172,0.19758,0.296918,0.288461,0.003857,0.031056,0.0409
AAGAAGGATCAGTTAG-1,0.000099,0.129789,0.000099,0.817819,0.014422,0.030947,0.000099,0.006728
AAGACATACGTGGTTT-1,0.11563,0.458982,0.233535,0.082009,0.030241,0.030912,0.00006,0.048631
AAGACCAAATAACTCA-1,0.72422,0.161163,0.00012,0.009832,0.00012,0.00012,0.104303,0.00012
AAGACCCAACTGAACA-1,0.815626,0.000666,0.000666,0.001332,0.000666,0.179713,0.000666,0.000666
AAGACTAACCCGTTGT-1,0.010561,0.083445,0.23934,0.252291,0.054716,0.055851,0.187865,0.11593
AAGACTCACGCCCACT-1,0.008538,0.042822,0.33744,0.254022,0.018573,0.013915,0.043158,0.281533
AAGACTGCAAGCTACT-1,0.049644,0.178064,0.011506,0.246767,0.010747,0.3146,0.039537,0.149136
AAGAGATGAATCGGTA-1,0.00008,0.192782,0.199745,0.165011,0.002685,0.00008,0.126903,0.312713
AAGAGCTCTTTATCGG-1,0.000071,0.054403,0.317099,0.155953,0.3609,0.009799,0.038979,0.062796
AAGAGGATGTACGCGA-1,0.566982,0.233477,0.000611,0.196487,0.000611,0.000611,0.000611,0.000611
AAGAGGCATGGATCGC-1,0.015098,0.003466,0.022241,0.01108,0.049928,0.128948,0.197374,0.571864
AAGAGGCCCTTTGGAA-1,0.000028,0.062962,0.066358,0.31686,0.000028,0.013854,0.021026,0.518885
AAGATGGCACCGGACC-1,0.839502,0.15615,0.000621,0.001242,0.000621,0.000621,0.000621,0.000621
AAGATTGGCGGAACGT-1,0.600808,0.012135,0.18365,0.079734,0.095677,0.014446,0.006267,0.007282
AAGCACCCTGCGTATC-1,0.785015,0.000362,0.000362,0.000724,0.10763,0.000362,0.000362,0.105182
AAGCATACTCTCCTGA-1,0.048216,0.670534,0.017092,0.263803,0.000089,0.000089,0.000089,0.000089
AAGCCACTTGCAGGTA-1,0.467245,0.243431,0.000099,0.000198,0.03386,0.000099,0.254968,0.000099
AAGCCGAAGCGGTTTA-1,0.073067,0.173799,0.132152,0.482288,0.013385,0.077039,0.006705,0.041565
AAGCCGCCGTGAAATC-1,0.344411,0.412228,0.000479,0.000959,0.000479,0.000479,0.16324,0.077724
AAGCCGCTTTACCTTG-1,0.000085,0.178414,0.306484,0.234321,0.151334,0.004102,0.060899,0.064361
AAGCCGGAGAGCAGGA-1,0.000053,0.349289,0.06678,0.47885,0.072426,0.032008,0.000541,0.000053
AAGCGCAGGGCTTTGA-1,0.807663,0.000382,0.000382,0.000764,0.189662,0.000382,0.000382,0.000382
AAGCGGAGTGCGCGCA-1,0.000059,0.067679,0.083417,0.719409,0.012793,0.000097,0.109823,0.006724
AAGCGGCGTCATGGGT-1,0.022312,0.02166,0.059765,0.307472,0.026815,0.011727,0.239133,0.311117
AAGCGTCCCTCATCGA-1,0.452144,0.000275,0.000275,0.00055,0.000275,0.000275,0.482449,0.063755
AAGCTAGATCGAGTAA-1,0.071237,0.860987,0.006284,0.048327,0.012925,0.00008,0.00008,0.00008
AAGCTATGGATTGACC-1,0.848008,0.001544,0.001544,0.003089,0.001544,0.001544,0.141181,0.001544
AAGCTCGTGCCAAGTC-1,0.00009,0.245729,0.094898,0.321036,0.066659,0.107077,0.155954,0.008556
AAGCTCTTTCATGGTG-1,0.176316,0.227355,0.182674,0.257752,0.051975,0.021421,0.000096,0.082411
AAGGAGAACTTATAAG-1,0.000034,0.026279,0.070483,0.333138,0.37359,0.014571,0.152868,0.029037
AAGGAGCGGTTGGTGC-1,0.023058,0.292326,0.010518,0.371136,0.143162,0.159655,0.000073,0.000073
AAGGATCGATCGCTTG-1,0.03798,0.09342,0.209328,0.406066,0.036718,0.020699,0.019637,0.176153
AAGGATGAGGGACCTC-1,0.062581,0.005259,0.003736,0.024486,0.313509,0.004349,0.334159,0.251921
AAGGCAGGCTGTCTCC-1,0.02259,0.088402,0.044183,0.458922,0.044354,0.0197,0.044825,0.277025
AAGGCGCGTAAAGCTT-1,0.084624,0.197907,0.100446,0.550636,0.000062,0.058322,0.007936,0.000067
AAGGCTGTGCTCATCG-1,0.001272,0.13476,0.073435,0.420844,0.089089,0.139084,0.024227,0.117288
AAGGGAACGACTGGCT-1,0.378329,0.618387,0.000469,0.000938,0.000469,0.000469,0.000469,0.000469
AAGGGACAGATTCTGT-1,0.047674,0.204654,0.250162,0.182051,0.124498,0.110355,0.063117,0.017488
AAGGGACTATGCATTC-1,0.745769,0.247635,0.000942,0.001885,0.000942,0.000942,0.000942,0.000942
AAGGGTTAGCCATGCG-1,0.805787,0.082278,0.000142,0.057351,0.000142,0.054016,0.000142,0.000142
AAGGGTTTGATTTCAG-1,0.319239,0.003971,0.003971,0.007942,0.003971,0.003971,0.652962,0.003971
AAGGTATCCTAATATA-1,0.013123,0.000053,0.091246,0.022412,0.000053,0.538571,0.234954,0.099588
AAGGTGATAAACCAGC-1,0.00005,0.152006,0.062158,0.43799,0.019504,0.036066,0.121012,0.171214
AAGTAAGCTTCCAAAC-1,0.000086,0.092978,0.183394,0.566382,0.093457,0.003825,0.008703,0.051176
AAGTAGAAGACCGGGT-1,0.028338,0.096835,0.138429,0.362494,0.077575,0.061301,0.052661,0.182368
AAGTAGTGACGCGAGG-1,0.000117,0.678057,0.080639,0.087085,0.000117,0.00506,0.019206,0.12972
AAGTCAATTGTCGTCA-1,0.019255,0.049351,0.160383,0.360807,0.011299,0.143638,0.010091,0.245177
AAGTCTAGTAGCTGCC-1,0.000055,0.015866,0.176914,0.486639,0.145025,0.027712,0.044277,0.103512
AAGTCTTCTGTGGCCT-1,0.731079,0.002316,0.002317,0.004633,0.002316,0.252706,0.002317,0.002317
AAGTGACGACCGAATT-1,0.563237,0.060862,0.00044,0.000879,0.203278,0.000439,0.000439,0.170426
AAGTGAGTCGGGTTTA-1,0.836697,0.149005,0.000604,0.011276,0.000604,0.000604,0.000604,0.000604
AAGTGCAAAGGTAGAC-1,0.64946,0.335988,0.000152,0.013791,0.000152,0.000152,0.000152,0.000152
AAGTGCCTTGACTGTA-1,0.000057,0.287235,0.07145,0.194076,0.0281,0.030436,0.260037,0.128609
AAGTGCGTTAGAATCT-1,0.632886,0.359483,0.00109,0.00218,0.00109,0.00109,0.00109,0.00109
AAGTGCTTCTCTATTG-1,0.86051,0.135518,0.000567,0.001135,0.000567,0.000567,0.000567,0.000567
AAGTGTTTGGAGACGG-1,0.085545,0.251803,0.054256,0.037046,0.000148,0.000148,0.558396,0.012658
AAGTTCACTCCAAGCT-1,0.140118,0.3763,0.395519,0.046853,0.028907,0.000144,0.000144,0.012015
AAGTTCAGTCTGCGTA-1,0.000104,0.069595,0.067872,0.428757,0.19126,0.039807,0.035605,0.167
AAGTTCGGCCAACAGG-1,0.582182,0.000373,0.000373,0.000746,0.019599,0.000373,0.395981,0.000373
AAGTTGTGATGTTATA-1,0.000039,0.069952,0.036838,0.274384,0.000039,0.015978,0.250969,0.351802
AAGTTTACTAATGGCA-1,0.000067,0.042119,0.275649,0.312389,0.009202,0.066397,0.162516,0.131662
AAGTTTATGGGCCCAA-1,0.99503,0.000621,0.000621,0.001242,0.000621,0.000621,0.000621,0.000621
AATAACAACGCTCGGC-1,0.35625,0.426964,0.000119,0.134458,0.081852,0.000119,0.000119,0.000119
AATAACACTAGAACAA-1,0.590792,0.065991,0.000608,0.34018,0.000608,0.000608,0.000608,0.000608
AATAACGTCGCGCCCA-1,0.897648,0.000094,0.015804,0.000187,0.070862,0.010412,0.000094,0.004899
AATAAGTCCTCGAGAC-1,0.000078,0.036145,0.048358,0.373889,0.394082,0.000078,0.096956,0.050416
AATAATCTTCGTATCG-1,0.009724,0.250573,0.02939,0.641173,0.036721,0.007414,0.017144,0.007861
AATACAATGTTTCAGG-1,0.000113,0.229983,0.040578,0.621128,0.000113,0.106353,0.000113,0.001618
AATACCGGAGGGCTGT-1,0.998286,0.000214,0.000214,0.000428,0.000214,0.000214,0.000214,0.000214
AATACCTGATGTGAAC-1,0.570353,0.000076,0.000076,0.000152,0.000076,0.000076,0.234636,0.194556
AATAGAACAGAGTGGC-1,0.990636,0.001171,0.00117,0.002341,0.00117,0.00117,0.00117,0.00117
AATAGAATCTGTTTCA-1,0.000081,0.295001,0.153167,0.536953,0.011524,0.000081,0.000081,0.003111
AATAGCAAGCCTCCTG-1,0.006561,0.09213,0.154396,0.080088,0.051763,0.591825,0.023137,0.000099
AATAGCTACCGCGTGC-1,0.000065,0.040462,0.062157,0.199068,0.026494,0.1366,0.439336,0.095818
AATAGGCACGACCCTT-1,0.33963,0.000159,0.000159,0.000317,0.005235,0.000159,0.542161,0.112181
AATAGTCCGTCCCGAC-1,0.817131,0.179571,0.000471,0.000942,0.000471,0.000471,0.000471,0.000471
AATAGTCGCGAGTCGG-1,0.702314,0.296543,0.000163,0.000327,0.000163,0.000163,0.000163,0.000163
AATATCAAGGTCGGAT-1,0.000079,0.100715,0.036618,0.47307,0.039959,0.019797,0.037408,0.292355
AATATCCTAGCAAACT-1,0.557747,0.004277,0.004276,0.008554,0.412315,0.004277,0.004277,0.004277
AATATCGAATCAATGC-1,0.000072,0.283781,0.022496,0.522498,0.170598,0.000072,0.000072,0.000411
AATATCGAGGGTTCTC-1,0.109926,0.05974,0.066757,0.349017,0.149764,0.083654,0.130783,0.05036
AATATTGGAGTATTGA-1,0.776384,0.114774,0.000361,0.107037,0.000361,0.000361,0.000361,0.000361
AATCAGACTGCAGGAC-1,0.000054,0.032871,0.062728,0.480753,0.005654,0.013835,0.226816,0.177289
AATCAGGTTTCATTTA-1,0.851929,0.145019,0.000436,0.000872,0.000436,0.000436,0.000436,0.000436
AATCATGTAAAGACTC-1,0.002949,0.235996,0.104431,0.327281,0.0927,0.083802,0.062596,0.090245
AATCCAAGGGCCTGAG-1,0.000059,0.005009,0.055904,0.555029,0.154534,0.147648,0.035425,0.046392
AATCCATGCAAGGGTG-1,0.000086,0.060533,0.07714,0.583575,0.000086,0.150274,0.081388,0.046919
AATCCCGCTCAGAGCC-1,0.99911,0.000111,0.000111,0.000222,0.000111,0.000111,0.000111,0.000111
AATCGAGGTCTCAAGG-1,0.937795,0.000201,0.000201,0.000401,0.000201,0.0608,0.000201,0.000201
AATCGCCTCAGCGCCA-1,0.006467,0.0025,0.081357,0.047593,0.174852,0.235629,0.103631,0.34797
AATCGCGCAGAGGACT-1,0.01682,0.153239,0.136617,0.234628,0.159261,0.014627,0.12963,0.15518
AATCGGGACACTACGA-1,0.000053,0.009803,0.100205,0.387394,0.023822,0.019459,0.288583,0.170681
AATCGGTATAGCCCTC-1,0.31341,0.35281,0.0002,0.01759,0.071745,0.028833,0.050823,0.164588
AATCGTGAGCCGAGCA-1,0.964461,0.030549,0.000713,0.001426,0.000713,0.000713,0.000713,0.000713
AATCTAGGTTTACTTG-1,0.992398,0.00095,0.00095,0.001901,0.00095,0.00095,0.00095,0.00095
AATCTATGCCGGAGCC-1,0.000051,0.008923,0.118178,0.082198,0.095475,0.117718,0.040733,0.536724
AATCTCTACTGTGGTT-1,0.484522,0.000096,0.000096,0.000192,0.000096,0.000096,0.355367,0.159535
AATCTGCGTTGGGACG-1,0.032817,0.115599,0.504832,0.05543,0.085074,0.119898,0.000112,0.086239
AATCTGGCTTTCTAGT-1,0.864185,0.126549,0.001324,0.002647,0.001324,0.001324,0.001324,0.001324
AATCTGGGTAGACCCT-1,0.000092,0.126075,0.000092,0.341301,0.409273,0.002476,0.01049,0.110201
AATGACAGCAATGTCT-1,0.440565,0.254298,0.000993,0.001986,0.000993,0.000993,0.231964,0.068209
AATGACGTAGGATGTC-1,0.067714,0.110819,0.032284,0.311014,0.013831,0.232726,0.087837,0.143775
AATGACTGTCAGCCGG-1,0.01587,0.214497,0.081948,0.515801,0.00006,0.010935,0.109562,0.051328
AATGAGTTCGCATATG-1,0.000146,0.122274,0.013141,0.745013,0.000146,0.000146,0.102469,0.016666
AATGATGATACGCTAT-1,0.089277,0.183724,0.052164,0.256392,0.214606,0.019337,0.012795,0.171705
AATGATGCGACTCCTG-1,0.355517,0.000042,0.056172,0.065907,0.036322,0.030012,0.022855,0.433173
AATGCAACCGGGTACC-1,0.023773,0.102548,0.108023,0.254906,0.10592,0.019129,0.07034,0.315362
AATGCACCAAGCAATG-1,0.088328,0.276224,0.013596,0.455933,0.118212,0.04467,0.000407,0.00263
AATGGCCGCCAATGCG-1,0.022835,0.054069,0.131775,0.5573,0.006734,0.030816,0.023409,0.173062
AATGGTCCACCGTTCA-1,0.376596,0.055946,0.197491,0.103402,0.000314,0.000314,0.000513,0.265425
AATGGTTCTCACAAGC-1,0.000073,0.055962,0.11511,0.636991,0.004761,0.002747,0.012002,0.172354
AATGTATGGCACTGTA-1,0.438575,0.240428,0.000143,0.000286,0.000143,0.000143,0.226417,0.093864
AATGTGCCCGAGGTGT-1,0.49696,0.128334,0.000783,0.001566,0.000783,0.000783,0.089051,0.28174
AATGTGCTAATCTGAG-1,0.881294,0.11705,0.000237,0.000473,0.000237,0.000237,0.000237,0.000237
AATGTTAAGACCCTGA-1,0.998923,0.000135,0.000135,0.000269,0.000135,0.000135,0.000135,0.000135
AATGTTGTCGTGAGAC-1,0.000094,0.440894,0.076002,0.343708,0.000094,0.000095,0.108684,0.030429
AATTAAAGGTCGGCGT-1,0.000092,0.532984,0.090428,0.075979,0.000092,0.000252,0.038939,0.261234
AATTAACGGATTTCCA-1,0.634785,0.358886,0.000904,0.001808,0.000904,0.000904,0.000904,0.000904
AATTACGAGACCCATC-1,0.475636,0.00011,0.00011,0.00022,0.00011,0.00011,0.436132,0.087572
AATTACTCGTACGCTC-1,0.00011,0.218508,0.024886,0.492079,0.172937,0.00011,0.069395,0.021973
AATTAGCGCTGCAGCG-1,0.114958,0.687396,0.000113,0.115619,0.005016,0.04032,0.036465,0.000113
AATTATACCCAGCAAG-1,0.791671,0.206937,0.000199,0.000398,0.000199,0.000199,0.000199,0.000199
AATTCATAAGGGATCT-1,0.035898,0.118654,0.170698,0.358719,0.12554,0.000075,0.000075,0.190341
AATTCATTGTCATGCA-1,0.516337,0.170698,0.000156,0.000311,0.000156,0.000156,0.305223,0.006965
AATTCCAACTTGGTGA-1,0.000136,0.002922,0.031301,0.536891,0.068413,0.000136,0.02937,0.330831
AATTCCAAGCATGTAC-1,0.710813,0.000211,0.000211,0.000421,0.000211,0.000211,0.256162,0.031762
AATTCGATTCGAGGAT-1,0.820841,0.172932,0.000889,0.001779,0.00089,0.00089,0.00089,0.00089
AATTCTAGAGTTAGGC-1,0.116626,0.304027,0.015822,0.497037,0.000847,0.004567,0.000081,0.060993
AATTGAACGCTCTGGT-1,0.00009,0.180664,0.500789,0.262289,0.046897,0.000095,0.004779,0.004397
AATTGCAGCAATCGAC-1,0.00007,0.577891,0.034473,0.268995,0.001362,0.057615,0.008087,0.051506
AATTGCGTGGATTACA-1,0.429648,0.418221,0.000135,0.100454,0.000135,0.000135,0.051138,0.000135
AATTGTGGTTGCCAAA-1,0.000059,0.724539,0.000059,0.275107,0.000059,0.000059,0.000059,0.000059
AATTTGGGACATAGTA-1,0.007982,0.018133,0.159032,0.345099,0.05154,0.038629,0.021155,0.35843
AATTTGGTTCCAAAGA-1,0.000049,0.065715,0.12146,0.464641,0.004447,0.055665,0.107827,0.180195
ACAAACCATGCGTCCT-1,0.418807,0.372758,0.000371,0.206582,0.000371,0.000371,0.000371,0.000371
ACAAACCGACAAGGCG-1,0.000099,0.000099,0.067446,0.175705,0.076847,0.456792,0.111094,0.111918
ACAAACTCCATCAGAG-1,0.538865,0.000069,0.000069,0.000139,0.112069,0.000069,0.347076,0.001643
ACAAAGAAGGTAGGCC-1,0.50494,0.000532,0.000532,0.001064,0.000532,0.000532,0.491336,0.000532
ACAAAGCATGACCTAG-1,0.000055,0.404885,0.017984,0.328257,0.000055,0.016515,0.038557,0.193692
ACAAATCGCACCGAAT-1,0.027873,0.072136,0.125659,0.356641,0.189968,0.024284,0.09012,0.113319
ACAAATGGTAGTGTTT-1,0.054144,0.000039,0.012496,0.009751,0.025496,0.404448,0.044121,0.449504
ACAAATTCAGATCTGA-1,0.010094,0.016457,0.049311,0.450387,0.275376,0.000116,0.136591,0.061668
ACAACAGCATGAGCTA-1,0.005505,0.00914,0.072044,0.14104,0.03569,0.097406,0.038331,0.600843
ACAACGGTCCCTGCGA-1,0.000078,0.051593,0.065324,0.750311,0.000078,0.008659,0.015626,0.10833
ACAAGCAGTGCCTAGC-1,0.024649,0.595706,0.016117,0.304245,0.000167,0.024879,0.000167,0.034069
ACAAGCTATATGGAAG-1,0.145085,0.007943,0.007942,0.807266,0.007941,0.007941,0.007941,0.007941
ACAAGGAAATCCGCCC-1,0.070084,0.124909,0.186843,0.096571,0.059107,0.000533,0.314869,0.147084
ACAAGGACAAGAGGTT-1,0.046373,0.463917,0.000135,0.457236,0.031933,0.000135,0.000135,0.000135
ACAAGGATGCTTTAGG-1,0.247125,0.736165,0.000119,0.016115,0.000119,0.000119,0.000119,0.000119
ACAAGGCCTACCAGCC-1,0.000107,0.027584,0.033688,0.525214,0.070609,0.122679,0.073815,0.146304
ACAAGGGCAGGCTCTG-1,0.060628,0.144581,0.225863,0.197003,0.117101,0.055255,0.09185,0.107719
ACAAGTAATTGTAAGG-1,0.181328,0.000089,0.000089,0.000178,0.000089,0.000089,0.81666,0.001477
ACAATAGTCGTACGTT-1,0.637667,0.358811,0.000503,0.001006,0.000503,0.000503,0.000503,0.000503
ACAATCCATTTAAACC-1,0.031207,0.114205,0.038332,0.523869,0.178028,0.009983,0.091867,0.012509
ACAATCGATCTTTATA-1,0.000066,0.006013,0.325094,0.402746,0.039139,0.00529,0.129155,0.092498
ACAATGAATACGGAGA-1,0.59771,0.146272,0.000967,0.001934,0.000967,0.000967,0.250216,0.000967
ACAATGATTCTTCTAC-1,0.000126,0.230653,0.002953,0.478682,0.095672,0.04889,0.019624,0.123399
ACAATTGTGTCTCTTT-1,0.000078,0.215466,0.012674,0.719994,0.002052,0.027407,0.004236,0.018092
ACAATTTAGGAGGCTC-1,0.540218,0.001407,0.000147,0.000295,0.174665,0.000147,0.193298,0.089822
ACAATTTGAGCAGTGG-1,0.027545,0.094254,0.085826,0.111438,0.192225,0.009344,0.405726,0.073642
ACAATTTGGCCATATT-1,0.085166,0.26718,0.027822,0.343925,0.19891,0.002527,0.000052,0.074419
ACACAAAGACGGGTGG-1,0.089953,0.292907,0.015453,0.133889,0.209344,0.195001,0.033669,0.029783
ACACAAATATTCCTAG-1,0.000055,0.118882,0.236912,0.333582,0.030587,0.033013,0.113833,0.133137
ACACACCAGGACCAGT-1,0.01221,0.000026,0.002236,0.007207,0.103442,0.011017,0.174583,0.68928
ACACACTTTCTACACG-1,0.000071,0.341531,0.073724,0.261967,0.085393,0.0486,0.033437,0.155278
ACACATGATCAAATCT-1,0.912275,0.085388,0.000334,0.000668,0.000334,0.000334,0.000334,0.000334
ACACATTGACGCAACA-1,0.000147,0.138089,0.000147,0.861031,0.000147,0.000147,0.000147,0.000147
ACACATTTCCGTAGAC-1,0.807104,0.190501,0.000342,0.000684,0.000342,0.000342,0.000342,0.000342
ACACCACATAATTAGC-1,0.001683,0.232252,0.137711,0.188518,0.204766,0.140291,0.0452,0.049579
ACACCCAGCATGCAGC-1,0.000046,0.18425,0.136222,0.228048,0.000046,0.167497,0.106167,0.177725
ACACCCGAGAAATCCG-1,0.033814,0.196269,0.035387,0.605851,0.033475,0.003171,0.063477,0.028557
ACACCCGTAAATCTGT-1,0.026459,0.120304,0.056121,0.300371,0.056319,0.385589,0.005988,0.04885
ACACCGAGCGCTCTTT-1,0.087824,0.245986,0.196933,0.079859,0.057555,0.008224,0.024051,0.299568
ACACCGGTCTGACCGC-1,0.234092,0.761029,0.000334,0.00321,0.000334,0.000334,0.000334,0.000334
ACACCTTAAGTAGGGC-1,0.009436,0.249014,0.047958,0.054658,0.567097,0.000321,0.069961,0.001556
ACACCTTACTACTTGC-1,0.000064,0.19284,0.089737,0.392362,0.073751,0.05956,0.14663,0.045057
ACACGAGACTCCTTCT-1,0.013037,0.015393,0.437334,0.139472,0.141554,0.193955,0.01873,0.040525
ACACGGCACTATGCAT-1,0.000048,0.032095,0.087597,0.262838,0.040641,0.035812,0.255271,0.285699
ACACGGGAACTTAGGG-1,0.00008,0.019093,0.148159,0.430197,0.183779,0.046604,0.030803,0.141285
ACACGTAGGCCACAAG-1,0.000071,0.556905,0.087346,0.323861,0.000071,0.02535,0.003312,0.003084
ACACTCCAATGTCACT-1,0.000094,0.108804,0.348642,0.166099,0.206715,0.059795,0.050099,0.059753
ACACTGATCAAGGTGT-1,0.566882,0.00108,0.001079,0.002159,0.001079,0.425562,0.001079,0.001079
ACACTGGGACAGTCGT-1,0.024018,0.008077,0.177827,0.033321,0.000544,0.114565,0.048114,0.593533
ACAGAACTGAGAACAA-1,0.300411,0.455909,0.006655,0.236342,0.000157,0.000157,0.000157,0.000213
ACAGATTAGGTTAGTG-1,0.000084,0.120721,0.15913,0.331645,0.056165,0.051943,0.201926,0.078387
ACAGCATAGAGCCAGT-1,0.011272,0.004964,0.027383,0.592168,0.137968,0.031116,0.020383,0.174747
ACAGCGACATTCTCAT-1,0.000092,0.306605,0.000092,0.639381,0.000092,0.000092,0.053555,0.000092
ACAGCGCACCCGCAGC-1,0.023888,0.042745,0.011407,0.240141,0.45895,0.000145,0.063947,0.158777
ACAGGAGGCGCAGCCG-1,0.030958,0.000044,0.000044,0.000088,0.113296,0.000044,0.068355,0.787172
ACAGGCACGGATCCTT-1,0.997892,0.000263,0.000263,0.000527,0.000264,0.000263,0.000263,0.000263
ACAGGCTTGCCCGACT-1,0.000102,0.000102,0.027362,0.387892,0.177763,0.168815,0.140111,0.097852
ACAGGTGGAGGTGAGG-1,0.762081,0.000508,0.000508,0.001015,0.000508,0.000508,0.234365,0.000508
ACAGGTGTGTTGTTGC-1,0.851734,0.018529,0.018539,0.037059,0.018534,0.018539,0.018532,0.018535
ACAGTAATACAACTTG-1,0.655135,0.341554,0.000473,0.000946,0.000473,0.000473,0.000473,0.000473
ACAGTATACCGTGGGA-1,0.000085,0.116904,0.030642,0.553525,0.032762,0.044685,0.131516,0.089881
ACAGTGCAGCGCATTT-1,0.037702,0.122979,0.097396,0.352145,0.173531,0.11637,0.059721,0.040157
ACATAAGTCGTGGTGA-1,0.378626,0.395752,0.000278,0.014065,0.000278,0.000278,0.210445,0.000278
ACATAATAAGGCGGTG-1,0.002079,0.224437,0.050755,0.077779,0.062828,0.037084,0.279388,0.26565
ACATACAATCAAGCGG-1,0.997399,0.000325,0.000325,0.00065,0.000325,0.000325,0.000325,0.000325
ACATCAGCTGGGACGC-1,0.647068,0.025822,0.000601,0.324105,0.000601,0.000601,0.000601,0.000601
ACATCCCGGCCATACG-1,0.575175,0.000608,0.000608,0.163263,0.118602,0.000608,0.000608,0.14053
ACATCCTGGTAACTGT-1,0.007968,0.415016,0.011433,0.142735,0.044292,0.026004,0.113231,0.23932
ACATCGATCGTTTACC-1,0.109119,0.306076,0.00071,0.043324,0.404573,0.070013,0.046439,0.019747
ACATCGCAATATTCGG-1,0.367443,0.000131,0.000131,0.000262,0.000131,0.000131,0.631642,0.000131
ACATCGGTCAGCCGCG-1,0.817038,0.100271,0.000259,0.000517,0.081139,0.000259,0.000259,0.000259
ACATCGTATGCAATGG-1,0.004917,0.091682,0.248384,0.252323,0.154044,0.034723,0.048188,0.165739
ACATCGTTAACCTAGT-1,0.000076,0.001532,0.162161,0.341958,0.126269,0.030337,0.06983,0.267837
ACATCTCAACGCGTAA-1,0.000065,0.011623,0.079601,0.351574,0.20739,0.001821,0.166257,0.181669
ACATGCTTACGGCAGC-1,0.370783,0.221608,0.000093,0.010177,0.055664,0.000093,0.34149,0.000093
ACATGGCGCCAAAGTA-1,0.000048,0.005922,0.334504,0.251548,0.126152,0.016438,0.027325,0.238063
ACATGGCTCAATTTAG-1,0.030653,0.00019,0.008191,0.879672,0.014707,0.00019,0.011477,0.05492
ACATTAGTTTATATCC-1,0.147712,0.399809,0.000105,0.324947,0.087078,0.000105,0.022997,0.017248
ACATTCGCGCGGAATA-1,0.532576,0.274795,0.000117,0.000234,0.000117,0.000117,0.189669,0.002375
ACATTTGAAACCTAAC-1,0.684882,0.313542,0.000225,0.00045,0.000225,0.000225,0.000225,0.000225
ACCAAACACCCAGCGA-1,0.110037,0.072305,0.085353,0.446063,0.083685,0.063834,0.109818,0.028906
ACCAAACTAGAAATCC-1,0.000041,0.014321,0.05161,0.189152,0.082954,0.039813,0.212897,0.409213
ACCAACACCACACACT-1,0.021107,0.137342,0.000072,0.381303,0.158414,0.041379,0.093934,0.166449
ACCAACCGCACTCCAC-1,0.181851,0.620252,0.003738,0.036763,0.157131,0.000088,0.000088,0.000088
ACCAACGCTTATTTAT-1,0.470221,0.000499,0.000499,0.000997,0.000499,0.000499,0.000499,0.526289
ACCAAGAACGCGTGTC-1,0.000057,0.227998,0.039468,0.525982,0.022809,0.024869,0.102577,0.05624
ACCAAGTCATCGGCAG-1,0.831649,0.167292,0.000151,0.000303,0.000151,0.000151,0.000151,0.000151
ACCAATATGCAAGTTA-1,0.096836,0.651021,0.000103,0.23481,0.004828,0.000103,0.000103,0.012195
ACCACAACTCAGAACA-1,0.000082,0.235138,0.035419,0.401847,0.044816,0.125178,0.024019,0.1335
ACCACAAGTTTCTATC-1,0.00004,0.034043,0.151397,0.350489,0.018343,0.008847,0.05087,0.385971
ACCACACGGTTGATGG-1,0.881797,0.000102,0.000102,0.000205,0.084679,0.000102,0.000505,0.032506
ACCACCAATGTAACAA-1,0.000051,0.161878,0.060065,0.350464,0.158726,0.026314,0.126887,0.115616
ACCACCCTCTCTTCTA-1,0.01002,0.166091,0.019269,0.376108,0.083078,0.188436,0.116182,0.040815
ACCACGTGCAGCTATA-1,0.132047,0.12421,0.011351,0.236885,0.170434,0.139222,0.03099,0.154862
ACCACTGTTCAAGAAG-1,0.042389,0.00004,0.03721,0.085143,0.093546,0.149276,0.025992,0.566404
ACCAGACCATAACAAC-1,0.862579,0.000772,0.000772,0.001544,0.000772,0.000772,0.132016,0.000772
ACCAGCCCGGTCTTTG-1,0.000089,0.000327,0.362787,0.310814,0.257895,0.032026,0.009038,0.027023
ACCAGGAGTGTGATCT-1,0.037532,0.051457,0.120746,0.55294,0.010435,0.004669,0.034717,0.187504
ACCAGTGCCCGGTCAA-1,0.000084,0.042368,0.112138,0.471568,0.072384,0.022527,0.153309,0.125623
ACCAGTGCGGGAGACG-1,0.000086,0.320487,0.023078,0.33473,0.000086,0.021938,0.024092,0.275504
ACCATATCCGCAATAA-1,0.028454,0.433361,0.010839,0.217757,0.020456,0.06597,0.201411,0.021751
ACCATCCGCCAACTAG-1,0.577535,0.031606,0.000175,0.018387,0.164963,0.145837,0.061321,0.000175
ACCATCGTATATGGTA-1,0.759118,0.128977,0.000278,0.000556,0.023458,0.000278,0.087058,0.000278
ACCATTAAGGGTGTCA-1,0.026299,0.223271,0.07216,0.221026,0.103929,0.043364,0.016016,0.293934
ACCCAACGCCCGTGGC-1,0.030111,0.033384,0.14522,0.166872,0.259339,0.037121,0.002141,0.325813
ACCCACCTACATGCTC-1,0.000086,0.155532,0.100387,0.259115,0.000086,0.094888,0.19052,0.199387
ACCCATCTTGAGGGTA-1,0.019502,0.172242,0.015769,0.541498,0.000082,0.000082,0.115758,0.135066
ACCCATTTGTCCCTCT-1,0.000082,0.732709,0.010377,0.220301,0.034506,0.00186,0.000082,0.000082
ACCCGAGCGAAATTAC-1,0.998406,0.000199,0.000199,0.000399,0.000199,0.000199,0.000199,0.000199
ACCCGATTGGTTCCGA-1,0.851186,0.146639,0.000311,0.000621,0.000311,0.000311,0.000311,0.000311
ACCCGGAAACTCCCAG-1,0.46171,0.039183,0.000166,0.000331,0.131475,0.000166,0.269579,0.09739
ACCCGGAGCACCACAA-1,0.00003,0.224321,0.136001,0.226837,0.108182,0.122854,0.03344,0.148334
ACCCGGATGACGCATC-1,0.0251,0.04098,0.187562,0.163019,0.012095,0.056753,0.009187,0.505304
ACCCGGTTACACTTCC-1,0.090611,0.417936,0.125841,0.139279,0.021675,0.001936,0.06271,0.140011
ACCCGTAGCAGAGAAT-1,0.256034,0.038308,0.000048,0.000095,0.000048,0.000048,0.705373,0.000048
ACCCGTAGTCTAGTTG-1,0.000052,0.299815,0.177873,0.383703,0.000052,0.003744,0.019769,0.114993
ACCCGTGTCATCAGTA-1,0.676944,0.000386,0.000386,0.000772,0.000386,0.000386,0.320354,0.000386
ACCCTATAGGACTGAG-1,0.000176,0.000176,0.000573,0.830221,0.059263,0.038193,0.000176,0.071223
ACCCTATGCCATATCG-1,0.87105,0.125038,0.000559,0.001118,0.000559,0.000559,0.000559,0.000559
ACCCTCCCGTCAGGGC-1,0.846103,0.00021,0.018775,0.066903,0.06738,0.00021,0.00021,0.00021
ACCCTCCCTTGCTATT-1,0.000102,0.462625,0.147878,0.128792,0.043631,0.118983,0.000102,0.097889
ACCCTGGTAACGCCCT-1,0.013059,0.065891,0.00389,0.442587,0.148776,0.08856,0.044994,0.192243
ACCCTTCATCTGCGAA-1,0.00005,0.128529,0.095739,0.446757,0.003626,0.035581,0.01396,0.275758
ACCCTTGCCTGGGTCG-1,0.000054,0.103865,0.148931,0.442275,0.042935,0.099981,0.037526,0.124434
ACCCTTTAGTTCTCCA-1,0.000102,0.068073,0.155387,0.3631,0.028553,0.014233,0.062134,0.308418
ACCGAAAGGGCCCTGC-1,0.071713,0.149767,0.041094,0.493073,0.050735,0.00007,0.113614,0.079933
ACCGAAGAGTCTGGTT-1,0.997892,0.000263,0.000263,0.000527,0.000263,0.000263,0.000263,0.000263
ACCGACACATCTCCCA-1,0.810186,0.00054,0.00054,0.00108,0.186036,0.00054,0.00054,0.00054
ACCGACTGAGTCCCAC-1,0.000075,0.222491,0.083511,0.295739,0.021902,0.006489,0.103017,0.266778
ACCGAGTCTCCTTATT-1,0.82192,0.175281,0.0004,0.0008,0.0004,0.0004,0.0004,0.0004
ACCGATAGGCATAACC-1,0.00005,0.487098,0.110574,0.401589,0.00005,0.000538,0.00005,0.00005
ACCGATATTTAATCAT-1,0.032798,0.100858,0.13844,0.292787,0.005295,0.142234,0.008008,0.279579
ACCGATGGTAGCATCG-1,0.095032,0.345115,0.000102,0.168068,0.171583,0.016725,0.203273,0.000102
ACCGCAATAACTGCCT-1,0.130702,0.42284,0.000091,0.067437,0.031829,0.000092,0.00987,0.337139
ACCGCGGTGGAAGTCG-1,0.000077,0.177293,0.041036,0.628346,0.095519,0.000524,0.000077,0.057128
ACCGCTAGTCATTGGT-1,0.412709,0.200331,0.000129,0.003489,0.000129,0.000129,0.382956,0.000129
ACCGGGCCTTTGTTGA-1,0.0015,0.017323,0.047626,0.120385,0.00245,0.170862,0.106749,0.533105
ACCGGTCAGGTACACC-1,0.853907,0.142942,0.00045,0.0009,0.00045,0.00045,0.00045,0.00045
ACCGGTCTGAGTACGG-1,0.032911,0.062023,0.079317,0.318039,0.313545,0.04116,0.072327,0.080679
ACCGTCCACTGGGCCC-1,0.361231,0.348921,0.000138,0.015096,0.000138,0.000138,0.274201,0.000138
ACCGTGACCACGTGGG-1,0.996132,0.000483,0.000484,0.000967,0.000483,0.000483,0.000483,0.000483
