Barcode,Topic 1,Topic 2,Topic 3,Topic 4,Topic 5,Topic 6,Topic 7,Topic 8
AAACAACGAATAGTTC-1,0.070514,0.003179,0.000023,0.055044,0.871172,0.000023,0.000023,0.000023
AAACAAGTATCTCCCA-1,0.066115,0.154205,0.105116,0.315597,0.089833,0.112253,0.095061,0.061821
AAACAATCTACTAGCA-1,0.803722,0.090554,0.105042,0.000069,0.000069,0.000408,0.000069,0.000069
AAACACCAATAACTGC-1,0.00002,0.030844,0.010944,0.004292,0.137514,0.10737,0.480749,0.228268
AAACAGAGCGACTCCT-1,0.21129,0.297901,0.19846,0.054301,0.078696,0.091346,0.035769,0.032237
AAACAGCTTTCAGAAG-1,0.118036,0.680177,0.17422,0.000067,0.000067,0.000067,0.000067,0.027298
AAACAGGGTCTATATT-1,0.001694,0.424449,0.269119,0.038125,0.060946,0.022504,0.151019,0.032145
AAACAGTGTTCCTGGG-1,0.022193,0.064278,0.028406,0.060593,0.553037,0.035967,0.131321,0.104204
AAACATGGTGAGAGGA-1,0.998944,0.000151,0.000151,0.000151,0.000151,0.000151,0.000151,0.000151
AAACATTTCCCGGATT-1,0.161101,0.044546,0.055506,0.076299,0.138176,0.110419,0.190271,0.223682
AAACCACTACACAGAT-1,0.530191,0.178941,0.138462,0.023973,0.088633,0.015385,0.022132,0.002282
AAACCCGAACGAAATC-1,0.248173,0.113339,0.261377,0.094198,0.013747,0.06792,0.097126,0.10412
AAACCGGAAATGTTAA-1,0.093235,0.139969,0.18372,0.118787,0.01881,0.187354,0.118257,0.139869
AAACCGGGTAGGTACC-1,0.022111,0.06814,0.118306,0.053193,0.067269,0.038749,0.117608,0.514624
AAACCGTTCGTCCAGG-1,0.092624,0.117693,0.078241,0.104211,0.105088,0.04493,0.163507,0.293704
AAACCTAAGCAGCCGG-1,0.166826,0.164796,0.155768,0.319836,0.060882,0.014368,0.007837,0.109687
AAACCTCATGAAGTTG-1,0.053052,0.548097,0.223532,0.048071,0.004046,0.021,0.052956,0.049246
AAACGAAGAACATACC-1,0.039063,0.16758,0.326718,0.127341,0.124165,0.077093,0.058838,0.079202
AAACGAAGATGGAGTA-1,0.239806,0.412641,0.245014,0.006613,0.011601,0.05467,0.018455,0.011201
AAACGACAGTCTTGCC-1,0.119976,0.053034,0.036109,0.028468,0.27535,0.134289,0.191955,0.160818
AAACGAGACGGTTGAT-1,0.00123,0.000029,0.021404,0.0965,0.30959,0.20521,0.150309,0.215728
AAACGCCCGAGATCGG-1,0.150611,0.092986,0.414128,0.253972,0.026963,0.029542,0.004108,0.02769
AAACGCTGGGCACGAC-1,0.805267,0.104228,0.041282,0.000031,0.000031,0.01012,0.015371,0.02367
AAACGGGCGTACGGGT-1,0.195974,0.114776,0.074253,0.025619,0.050568,0.205519,0.151832,0.18146
AAACGGGTTGGTATCC-1,0.000048,0.145742,0.300057,0.079711,0.083229,0.027407,0.206691,0.157115
AAACGGTTGCGAACTG-1,0.100036,0.158693,0.005151,0.207157,0.047632,0.11514,0.132031,0.234161
AAACGTGTTCGCCCTA-1,0.00702,0.2776,0.402151,0.257058,0.000077,0.011638,0.009857,0.034598
AAACTAACGTGGCGAC-1,0.055942,0.123115,0.497682,0.138627,0.024474,0.065266,0.028786,0.066108
AAACTCGGTTCGCAAT-1,0.033505,0.116372,0.08357,0.024263,0.100209,0.090204,0.420529,0.131348
AAACTCGTGATATAAG-1,0.013725,0.089509,0.485871,0.293386,0.009956,0.055254,0.019663,0.032634
AAACTGCTGGCTCCAA-1,0.170116,0.072366,0.246925,0.232521,0.03244,0.082736,0.086284,0.076612
AAACTTAATTGCACGC-1,0.327998,0.243229,0.097795,0.006671,0.02451,0.065392,0.219778,0.014628
AAACTTGCAAACGTAT-1,0.25423,0.457435,0.222333,0.013536,0.000054,0.010926,0.00716,0.034327
AAAGAATGACCTTAGA-1,0.406939,0.420021,0.08035,0.004246,0.017873,0.021607,0.041663,0.007301
AAAGAATGTGGACTAA-1,0.010381,0.032244,0.139359,0.026006,0.091278,0.175035,0.334652,0.191045
AAAGACATGAAGTTTA-1,0.045202,0.246349,0.161043,0.125057,0.171293,0.087048,0.09208,0.071928
AAAGACCCAAGTCGCG-1,0.000068,0.179904,0.327027,0.128482,0.086065,0.075924,0.118872,0.083658
AAAGACTGGGCGCTTT-1,0.00056,0.753123,0.212577,0.000099,0.033343,0.000099,0.000099,0.000099
AAAGCTTGCCTACATA-1,0.011767,0.040803,0.117248,0.19212,0.05073,0.144225,0.299294,0.143813
AAAGGCCCTATAATAC-1,0.547119,0.351532,0.098827,0.000264,0.000042,0.002133,0.000042,0.000042
AAAGGCTACGGACCAT-1,0.045211,0.356928,0.225671,0.098512,0.057876,0.125721,0.035997,0.054085
AAAGGCTCTCGCGCCG-1,0.261913,0.331147,0.191017,0.074447,0.034852,0.041871,0.023167,0.041587
AAAGGGATGTAGCAAG-1,0.019139,0.070152,0.046684,0.366119,0.155027,0.030262,0.276095,0.036522
AAAGGGCAGCTTGAAT-1,0.057582,0.462864,0.339761,0.02386,0.029454,0.00987,0.059342,0.017266
AAAGGTAAGCTGTACC-1,0.041485,0.1468,0.558182,0.081194,0.055563,0.049666,0.031109,0.036
AAAGGTCAACGACATG-1,0.059123,0.121192,0.082267,0.182983,0.233965,0.025164,0.177876,0.11743
AAAGTAGCATTGCTCA-1,0.036558,0.074688,0.08557,0.246534,0.119253,0.108778,0.087371,0.241248
AAAGTCACTGATGTAA-1,0.012192,0.199061,0.251587,0.069739,0.053802,0.12633,0.2026,0.08469
AAAGTCGACCCTCAGT-1,0.000048,0.621082,0.256316,0.004597,0.038255,0.003269,0.054742,0.021691
AAAGTGCCATCAATTA-1,0.050429,0.226096,0.077585,0.022281,0.053593,0.144759,0.304185,0.121071
AAAGTGTGATTTATCT-1,0.179228,0.002427,0.007331,0.084804,0.663116,0.034131,0.012069,0.016894
AAAGTTGACTCCCGTA-1,0.000335,0.00002,0.00099,0.033477,0.355254,0.149469,0.341573,0.118882
AAATAACCATACGGGA-1,0.209664,0.129942,0.090065,0.03479,0.113927,0.180402,0.087867,0.153343
AAATAAGGTAGTGCCC-1,0.078918,0.219722,0.315899,0.108481,0.05541,0.10596,0.058907,0.056703
AAATACCTATAAGCAT-1,0.077322,0.126698,0.068077,0.040129,0.671274,0.008734,0.002583,0.005183
AAATAGCTTAGACTTT-1,0.078994,0.036102,0.146549,0.157756,0.097162,0.083169,0.261362,0.138906
AAATAGGGTGCTATTG-1,0.006975,0.025777,0.051416,0.043894,0.104214,0.147628,0.206695,0.4134
AAATCACTCCTAAACG-1,0.054602,0.442051,0.287412,0.163781,0.00011,0.010021,0.00158,0.040442
AAATCCGATACACGCC-1,0.057215,0.040063,0.209963,0.324124,0.018372,0.101551,0.065425,0.183287
AAATCGCGGAAGGAGT-1,0.335733,0.254153,0.163665,0.030881,0.037154,0.056159,0.066827,0.055428
AAATCGTGTACCACAA-1,0.043481,0.155869,0.107764,0.156947,0.032393,0.091628,0.237672,0.174246
AAATCTAGCCCTGCTA-1,0.391761,0.227468,0.193319,0.013881,0.000039,0.044711,0.004378,0.124443
AAATCTGCCCGCGTCC-1,0.123097,0.575221,0.078228,0.029818,0.021586,0.042545,0.088193,0.041312
AAATGACTGATCAAAC-1,0.120195,0.169857,0.061106,0.015504,0.593548,0.013182,0.017175,0.009433
AAATGATTCGATCAGC-1,0.015831,0.09185,0.349076,0.142621,0.141459,0.037367,0.123316,0.098481
AAATGCTCGTTACGTT-1,0.061865,0.564717,0.263255,0.082913,0.000103,0.000876,0.025004,0.001267
AAATGGCATGTCTTGT-1,0.076245,0.139052,0.388098,0.12703,0.123936,0.037539,0.039284,0.068816
AAATGGCCCGTGCCCT-1,0.000222,0.25103,0.06813,0.013411,0.094795,0.079918,0.327605,0.16489
AAATGGTCAATGTGCC-1,0.148647,0.276068,0.102947,0.161303,0.09057,0.091395,0.032582,0.096487
AAATGTATCTTATCCC-1,0.386757,0.179681,0.009138,0.363276,0.056824,0.00376,0.000523,0.000041
AAATGTGGGTGCTCCT-1,0.049006,0.301096,0.340625,0.01331,0.06847,0.117872,0.037899,0.071721
AAATTAACGGGTAGCT-1,0.568856,0.000034,0.007455,0.112488,0.022664,0.137848,0.016783,0.133871
AAATTAATAAGCGCGA-1,0.097394,0.32251,0.006571,0.156253,0.213886,0.004152,0.19884,0.000395
AAATTACACGACTCTG-1,0.041219,0.077629,0.280613,0.081,0.116874,0.182596,0.098828,0.121241
AAATTACCTATCGATG-1,0.177076,0.130598,0.106677,0.04505,0.274342,0.028897,0.182725,0.054635
AAATTCCAGGTCCAAA-1,0.048662,0.080994,0.105016,0.061159,0.122273,0.152255,0.309655,0.119985
AAATTGATAGTCCTTT-1,0.021019,0.002931,0.002006,0.006516,0.310177,0.059811,0.496729,0.100811
AAATTGCGGCGGTTCT-1,0.003105,0.537586,0.234606,0.016822,0.141898,0.018852,0.044408,0.002722
AAATTGGTGAGAAGCA-1,0.006098,0.316584,0.303852,0.053863,0.143202,0.062146,0.022211,0.092044
AAATTTACCGAAATCC-1,0.132471,0.307537,0.190548,0.200722,0.017608,0.041025,0.028327,0.081762
AAATTTGCGGGTGTGG-1,0.090086,0.028613,0.033235,0.039046,0.111435,0.1212,0.346712,0.229675
AACAACTGGTAGTTGC-1,0.042427,0.117721,0.102299,0.288062,0.409177,0.030208,0.008024,0.002082
AACAATACATTGTCGA-1,0.015997,0.252203,0.053012,0.014615,0.114931,0.045158,0.278627,0.225457
AACAATTACTCTACGC-1,0.312967,0.350374,0.234737,0.038658,0.016098,0.003006,0.0355,0.00866
AACACACGCTCGCCGC-1,0.14406,0.1428,0.186605,0.061733,0.15864,0.054524,0.188467,0.063171
AACACGACTGTACTGA-1,0.067745,0.126082,0.386112,0.152571,0.018142,0.019595,0.19602,0.033732
AACACGAGACGCGGCC-1,0.005624,0.356388,0.376511,0.039938,0.020253,0.029618,0.07163,0.100037
AACACGCGGCCGCGAA-1,0.013096,0.327094,0.532691,0.028617,0.000097,0.067842,0.000097,0.030465
AACAGCTGTGTGGCAA-1,0.148687,0.257617,0.145352,0.033371,0.052478,0.100061,0.211197,0.051239
AACAGGAAATCGAATA-1,0.20209,0.151871,0.130821,0.07692,0.405068,0.02388,0.00879,0.00056
AACAGGATGGGCCGCG-1,0.000676,0.564239,0.066782,0.205101,0.025947,0.034422,0.044967,0.057866
AACAGGTAGTATGGAT-1,0.125457,0.183033,0.168811,0.168434,0.00991,0.019377,0.007461,0.317517
AACATAGCGTGTATCG-1,0.048136,0.030476,0.022904,0.043131,0.096779,0.079546,0.528003,0.151025
AACATATCAACTGGTG-1,0.006689,0.077971,0.186922,0.097801,0.130876,0.122038,0.261829,0.115874
AACATCGATACGTCTA-1,0.001031,0.140463,0.351955,0.051815,0.168834,0.047217,0.069435,0.169249
AACATTGAAGTTGATC-1,0.182677,0.376378,0.177888,0.16327,0.007047,0.04077,0.014534,0.037435
AACATTGGTCAGCCGT-1,0.194233,0.645725,0.002002,0.013437,0.144334,0.00009,0.00009,0.00009
AACATTGTGACTCGAG-1,0.046496,0.150622,0.103773,0.070298,0.085869,0.13502,0.17395,0.233973
AACCAAGACTTCTCTG-1,0.095332,0.201659,0.039119,0.011501,0.197381,0.047015,0.370759,0.037233
AACCAGTATCACTCTT-1,0.016437,0.012513,0.246348,0.436635,0.052734,0.046976,0.010357,0.178
AACCATAGGGTTGAAC-1,0.17653,0.254941,0.155766,0.011776,0.082522,0.100776,0.19496,0.02273
AACCATGGGATCGCTA-1,0.061665,0.601926,0.209709,0.004114,0.009194,0.018689,0.061948,0.032755
AACCCAGAGACGGAGA-1,0.028673,0.195556,0.348026,0.208559,0.035503,0.070587,0.058221,0.054875
AACCCATCCCATGATC-1,0.00463,0.474185,0.173211,0.045776,0.143129,0.039624,0.070964,0.048481
AACCCGACAACCCGTG-1,0.014306,0.345089,0.19341,0.082267,0.004035,0.30107,0.028402,0.031423
AACCCGAGCAGAATCG-1,0.139278,0.197661,0.100846,0.023723,0.042898,0.071975,0.234627,0.188991
AACCCGATAGGGCTTC-1,0.047481,0.224257,0.124633,0.544737,0.050489,0.000085,0.003069,0.005248
AACCCGCTGTATTCCA-1,0.224082,0.026858,0.019373,0.025052,0.086176,0.29746,0.214854,0.106147
AACCCTACTGTCAATA-1,0.189192,0.184818,0.103093,0.109243,0.071188,0.035262,0.158087,0.149117
AACCCTGGTGGAACCA-1,0.016176,0.095401,0.272136,0.186319,0.047755,0.094375,0.131755,0.156083
AACCGAGCTTGGTCAT-1,0.078173,0.030778,0.28945,0.113429,0.117373,0.014905,0.146424,0.209468
AACCGCTAAGGGATGC-1,0.135487,0.000022,0.000142,0.003349,0.128731,0.081306,0.351953,0.299011
AACCGTTGTGTTTGCT-1,0.103585,0.182273,0.155046,0.078906,0.136569,0.03813,0.281295,0.024196
AACCTAAAGCCGTCCG-1,0.086282,0.422761,0.149464,0.19111,0.047354,0.053365,0.013813,0.035852
AACCTCGCTTTAGCCC-1,0.089732,0.09966,0.068894,0.04772,0.072531,0.127052,0.39642,0.097991
AACCTGTCACGGAATT-1,0.087433,0.102479,0.345097,0.103732,0.126909,0.034256,0.078706,0.121388
AACCTTTAAATACGGT-1,0.901595,0.075236,0.018928,0.000044,0.000044,0.000185,0.003264,0.000705
AACCTTTACGACGTCT-1,0.045008,0.083154,0.502515,0.30018,0.00722,0.017197,0.003721,0.041005
AACGAAAGTCGTCCCA-1,0.01091,0.405982,0.209883,0.013618,0.214211,0.030018,0.054625,0.060753
AACGACCTCCTAGCCG-1,0.110311,0.020035,0.012128,0.014811,0.075431,0.161703,0.526678,0.078902
AACGATAATGCCGTAG-1,0.095317,0.17908,0.305949,0.17406,0.065521,0.029898,0.044541,0.105633
AACGATAGAAGGGCCG-1,0.032019,0.1116,0.142231,0.071723,0.20637,0.080527,0.216893,0.138638
AACGATATGTCAACTG-1,0.653964,0.154993,0.017683,0.111609,0.009079,0.02839,0.000086,0.024196
AACGCATGATCTGGGT-1,0.040278,0.183256,0.276251,0.155468,0.019176,0.301919,0.011377,0.012274
AACGCGAACGGCAACA-1,0.008376,0.125448,0.682155,0.151023,0.002111,0.000706,0.000057,0.030123
AACGCGACCTTGGGCG-1,0.062738,0.14157,0.098009,0.100196,0.171594,0.06621,0.325623,0.03406
AACGCGGTCTCCAGCC-1,0.00506,0.025268,0.042123,0.189816,0.225244,0.217036,0.191841,0.103611
AACGCTGTTGCTGAAA-1,0.115473,0.00002,0.00002,0.015959,0.622102,0.031902,0.075328,0.139194
AACGGACGTACGTATA-1,0.103853,0.168932,0.174585,0.113896,0.132032,0.111473,0.111341,0.083889
AACGGCCATCTCCGGT-1,0.011366,0.090422,0.226398,0.131972,0.328027,0.075699,0.071444,0.064672
AACGTACTGTGGGTAC-1,0.06848,0.19444,0.054735,0.214887,0.136555,0.073477,0.132033,0.125393
AACGTAGTCTACCCAT-1,0.022325,0.381789,0.430866,0.114077,0.004562,0.019734,0.01691,0.009738
AACGTCAGACTAGTGG-1,0.000063,0.100401,0.365189,0.0877,0.148797,0.074722,0.114856,0.108272
AACGTCATCCGGCTTG-1,0.08666,0.589419,0.037849,0.004603,0.005526,0.144374,0.031245,0.100323
AACGTCGCTGCACTTC-1,0.12435,0.272363,0.317671,0.026127,0.019739,0.07388,0.052764,0.113106
AACGTGATGAAGGACA-1,0.003782,0.084438,0.376642,0.076743,0.133393,0.037756,0.102066,0.185179
AACGTGCGAAAGTCTC-1,0.082358,0.047085,0.114125,0.362833,0.03158,0.138088,0.02675,0.197181
AACGTTATCAGCACCT-1,0.119636,0.479365,0.031743,0.105084,0.088133,0.06397,0.104246,0.007823
AACGTTCTACCATTGT-1,0.325151,0.189954,0.238656,0.041297,0.029351,0.03481,0.020628,0.120154
AACTACCCGTTTGTCA-1,0.048628,0.176117,0.322544,0.014617,0.06602,0.12327,0.178461,0.070344
AACTAGCGTATCGCAC-1,0.059312,0.194077,0.197494,0.112974,0.097458,0.039153,0.261999,0.037533
AACTAGGCTTGGGTGT-1,0.003887,0.194007,0.183379,0.083263,0.125562,0.258863,0.095069,0.055968
AACTCAAGTTAATTGC-1,0.135353,0.088868,0.050851,0.071207,0.107605,0.083368,0.20021,0.262538
AACTCCAGAGCGTGTT-1,0.058644,0.071535,0.13328,0.278937,0.035778,0.276736,0.059031,0.086061
AACTCCTAATCCCATG-1,0.061812,0.213479,0.331087,0.057946,0.073292,0.067235,0.146964,0.048184
AACTCGATAAACACGT-1,0.257588,0.736144,0.00017,0.003885,0.001702,0.00017,0.00017,0.00017
AACTCGATGGCGCAGT-1,0.035389,0.29568,0.446841,0.021306,0.013544,0.001021,0.094232,0.091986
AACTCTCAATAGAGCG-1,0.599416,0.000037,0.000037,0.000043,0.399907,0.000484,0.000037,0.000037
AACTCTCAGTGTGCTC-1,0.056614,0.016153,0.027087,0.046451,0.308767,0.101157,0.257624,0.186147
AACTGAGGTCAGCGTC-1,0.003945,0.174338,0.258554,0.041743,0.064225,0.012618,0.142346,0.302231
AACTGAGTTATACTGA-1,0.557407,0.021071,0.048279,0.065888,0.017374,0.08512,0.058196,0.146665
AACTGATATTAGGCCT-1,0.667544,0.00003,0.00003,0.008099,0.115066,0.093684,0.05536,0.060188
AACTGGGTCCCGACGT-1,0.095743,0.112678,0.359363,0.06482,0.205714,0.01899,0.045786,0.096905
AACTGGGTTCGAGCCG-1,0.040019,0.090619,0.319997,0.022225,0.152967,0.068323,0.085326,0.220524
AACTGGTGTGGGCCTT-1,0.11936,0.102374,0.65352,0.045812,0.000121,0.018259,0.043455,0.017099
AACTTCTGCGTCTATC-1,0.00008,0.30676,0.2014,0.028842,0.126253,0.066008,0.199594,0.071064
AACTTGCCCGTATGCA-1,0.02587,0.231743,0.185383,0.262765,0.132271,0.068845,0.044722,0.048401
AACTTGCGTTCTCGCG-1,0.000113,0.458166,0.114192,0.03599,0.222656,0.053361,0.101998,0.013526
AACTTTACGGGAGCTT-1,0.354597,0.632622,0.0124,0.000076,0.000076,0.000076,0.000076,0.000076
AACTTTAGCTGCTGAG-1,0.000734,0.100861,0.535053,0.011497,0.201102,0.001577,0.094002,0.055174
AACTTTCTCGATCATG-1,0.384967,0.060493,0.143834,0.046126,0.055741,0.042837,0.029862,0.236139
AAGAAAGTTTGATGGG-1,0.04794,0.704039,0.119548,0.066219,0.02099,0.004994,0.031756,0.004513
AAGAAATCACCAGATT-1,0.071519,0.09532,0.234321,0.158643,0.067753,0.038826,0.084169,0.249447
AAGAAGGATCAGTTAG-1,0.030027,0.229028,0.553089,0.027693,0.02562,0.08621,0.018264,0.03007
AAGACATACGTGGTTT-1,0.03199,0.199684,0.084639,0.017931,0.058333,0.060347,0.392728,0.154348
AAGACCAAATAACTCA-1,0.322414,0.451386,0.023072,0.006362,0.025315,0.070805,0.092843,0.007803
AAGACCCAACTGAACA-1,0.24869,0.142119,0.092995,0.032506,0.042688,0.041394,0.138614,0.260993
AAGACTAACCCGTTGT-1,0.006358,0.347964,0.232398,0.082647,0.165144,0.006378,0.046216,0.112895
AAGACTCACGCCCACT-1,0.098967,0.11407,0.463873,0.201462,0.03134,0.046923,0.010156,0.033209
AAGACTGCAAGCTACT-1,0.032692,0.059982,0.058342,0.100487,0.088453,0.023882,0.41713,0.219031
AAGAGATGAATCGGTA-1,0.002727,0.529432,0.060222,0.032345,0.247911,0.020571,0.063847,0.042946
AAGAGCTCTTTATCGG-1,0.000038,0.000038,0.000038,0.047704,0.193623,0.138537,0.482563,0.137457
AAGAGGATGTACGCGA-1,0.000516,0.073863,0.130485,0.032504,0.167021,0.175671,0.320443,0.099496
AAGAGGCATGGATCGC-1,0.045533,0.081688,0.388746,0.072128,0.035514,0.082962,0.035859,0.25757
AAGAGGCCCTTTGGAA-1,0.149313,0.199106,0.32624,0.050911,0.031254,0.111796,0.09583,0.03555
AAGATGGCACCGGACC-1,0.06666,0.204771,0.094083,0.083735,0.059877,0.096441,0.283198,0.111235
AAGATTGGCGGAACGT-1,0.054124,0.035274,0.097455,0.030698,0.109553,0.046197,0.295862,0.330836
AAGCACCCTGCGTATC-1,0.061375,0.10115,0.206889,0.265298,0.006906,0.137674,0.019903,0.200804
AAGCATACTCTCCTGA-1,0.424232,0.022818,0.018158,0.018897,0.073557,0.059179,0.200775,0.182385
AAGCCACTTGCAGGTA-1,0.445614,0.020862,0.001413,0.017668,0.021716,0.063088,0.388478,0.041161
AAGCCGAAGCGGTTTA-1,0.061314,0.155292,0.098473,0.057945,0.097253,0.05375,0.252663,0.22331
AAGCCGCCGTGAAATC-1,0.280485,0.408466,0.117354,0.015323,0.009917,0.053821,0.070711,0.043923
AAGCCGCTTTACCTTG-1,0.000127,0.007326,0.014095,0.022646,0.370008,0.08202,0.26749,0.236289
AAGCCGGAGAGCAGGA-1,0.062733,0.21854,0.108949,0.050788,0.039816,0.137012,0.303386,0.078776
AAGCGCAGGGCTTTGA-1,0.123734,0.077771,0.456089,0.211933,0.013808,0.017427,0.018183,0.081056
AAGCGGAGTGCGCGCA-1,0.065168,0.202213,0.332169,0.164379,0.100835,0.018767,0.023211,0.093258
AAGCGGCGTCATGGGT-1,0.18703,0.375083,0.382226,0.045808,0.000078,0.000078,0.000078,0.00962
AAGCGTCCCTCATCGA-1,0.158345,0.093828,0.054917,0.036609,0.364629,0.029103,0.18916,0.073409
AAGCTAGATCGAGTAA-1,0.126539,0.045881,0.073214,0.083759,0.087276,0.336793,0.109923,0.136615
AAGCTATGGATTGACC-1,0.000049,0.689067,0.224801,0.002963,0.029199,0.003287,0.041838,0.008796
AAGCTCGTGCCAAGTC-1,0.187749,0.009464,0.008113,0.022735,0.256243,0.039122,0.361051,0.115523
AAGCTCTTTCATGGTG-1,0.258713,0.240494,0.144489,0.099536,0.032168,0.061066,0.063641,0.099893
AAGGAGAACTTATAAG-1,0.000109,0.353729,0.237312,0.191113,0.017384,0.006709,0.166928,0.026716
AAGGAGCGGTTGGTGC-1,0.000086,0.472544,0.205808,0.173291,0.022766,0.000086,0.000086,0.125334
AAGGATCGATCGCTTG-1,0.162243,0.092756,0.090474,0.252498,0.046789,0.059535,0.075342,0.220363
AAGGATGAGGGACCTC-1,0.561064,0.132399,0.104228,0.112103,0.001271,0.057899,0.027013,0.004023
AAGGCAGGCTGTCTCC-1,0.249411,0.172544,0.071283,0.326573,0.015167,0.076727,0.018623,0.069672
AAGGCGCGTAAAGCTT-1,0.000038,0.110021,0.159851,0.080993,0.287009,0.057916,0.167788,0.136385
AAGGCTGTGCTCATCG-1,0.004936,0.035417,0.1581,0.119244,0.258687,0.156013,0.150643,0.116959
AAGGGAACGACTGGCT-1,0.032419,0.026258,0.010346,0.033207,0.148676,0.130219,0.374975,0.2439
AAGGGACAGATTCTGT-1,0.104654,0.480639,0.11032,0.125107,0.011027,0.110294,0.039882,0.018077
AAGGGACTATGCATTC-1,0.016536,0.135586,0.108576,0.092392,0.097303,0.038736,0.133058,0.377814
AAGGGTTAGCCATGCG-1,0.18064,0.255864,0.182701,0.047747,0.046415,0.082255,0.130171,0.074206
AAGGGTTTGATTTCAG-1,0.394382,0.588248,0.00308,0.008187,0.005838,0.000089,0.000089,0.000088
AAGGTATCCTAATATA-1,0.826294,0.047582,0.075529,0.0162,0.000234,0.001385,0.003172,0.029605
AAGGTGATAAACCAGC-1,0.312808,0.058034,0.219199,0.056589,0.04657,0.1384,0.036516,0.131884
AAGTAAGCTTCCAAAC-1,0.054657,0.527193,0.306449,0.092925,0.000053,0.00349,0.000053,0.015179
AAGTAGAAGACCGGGT-1,0.011086,0.135871,0.156147,0.13379,0.073189,0.057671,0.204977,0.227269
AAGTAGTGACGCGAGG-1,0.000063,0.281902,0.14551,0.082056,0.06359,0.072489,0.026323,0.328068
AAGTCAATTGTCGTCA-1,0.080395,0.17184,0.11365,0.120143,0.183072,0.052739,0.162691,0.11547
AAGTCTAGTAGCTGCC-1,0.044445,0.005352,0.036872,0.122197,0.263458,0.143813,0.253788,0.130075
AAGTCTTCTGTGGCCT-1,0.622934,0.376174,0.000149,0.000149,0.000149,0.000149,0.000149,0.000149
AAGTGACGACCGAATT-1,0.000059,0.216492,0.129863,0.05367,0.101263,0.058645,0.267873,0.172135
AAGTGAGTCGGGTTTA-1,0.180232,0.273636,0.232973,0.029523,0.108193,0.043799,0.082862,0.048782
AAGTGCAAAGGTAGAC-1,0.321575,0.356019,0.006222,0.068549,0.238073,0.003761,0.005728,0.000072
AAGTGCCTTGACTGTA-1,0.066259,0.165668,0.256029,0.088457,0.149611,0.115922,0.083416,0.074639
AAGTGCGTTAGAATCT-1,0.037575,0.143625,0.095439,0.106397,0.443193,0.083818,0.051959,0.037994
AAGTGCTTCTCTATTG-1,0.110437,0.38334,0.109941,0.078941,0.073493,0.115492,0.115201,0.013155
AAGTGTTTGGAGACGG-1,0.083064,0.221089,0.291001,0.063859,0.085059,0.17365,0.050481,0.031797
AAGTTCACTCCAAGCT-1,0.076309,0.14265,0.211673,0.089009,0.061017,0.195329,0.090557,0.133455
AAGTTCAGTCTGCGTA-1,0.14474,0.209399,0.251459,0.079322,0.124285,0.132292,0.035593,0.02291
AAGTTCGGCCAACAGG-1,0.052481,0.177793,0.189242,0.16996,0.098425,0.065211,0.09769,0.149197
AAGTTGTGATGTTATA-1,0.478315,0.078706,0.094896,0.029935,0.02628,0.1066,0.103101,0.082167
AAGTTTACTAATGGCA-1,0.112507,0.237148,0.111588,0.0082,0.085372,0.148603,0.136793,0.159789
AAGTTTATGGGCCCAA-1,0.0982,0.089352,0.092119,0.254955,0.096676,0.082804,0.111299,0.174594
AATAACAACGCTCGGC-1,0.025275,0.581619,0.263189,0.054519,0.005218,0.010562,0.039041,0.020576
AATAACACTAGAACAA-1,0.045224,0.444444,0.062932,0.098269,0.203666,0.045536,0.069868,0.030061
AATAACGTCGCGCCCA-1,0.011861,0.255188,0.08602,0.015418,0.065036,0.045243,0.276454,0.244779
AATAAGTCCTCGAGAC-1,0.007921,0.110618,0.191981,0.129417,0.094842,0.188318,0.126481,0.150421
AATAATCTTCGTATCG-1,0.207373,0.199645,0.148577,0.093711,0.023496,0.057245,0.093808,0.176145
AATACAATGTTTCAGG-1,0.000118,0.596268,0.360553,0.000118,0.000118,0.000118,0.042587,0.000118
AATACCGGAGGGCTGT-1,0.129015,0.123059,0.051476,0.047541,0.160408,0.184583,0.181574,0.122345
AATACCTGATGTGAAC-1,0.089781,0.222854,0.182645,0.162984,0.079422,0.105415,0.103393,0.053504
AATAGAACAGAGTGGC-1,0.103151,0.352046,0.19843,0.053433,0.096429,0.050551,0.015269,0.13069
AATAGAATCTGTTTCA-1,0.031705,0.003741,0.0155,0.021847,0.315878,0.122752,0.196248,0.292329
AATAGCAAGCCTCCTG-1,0.010271,0.097464,0.254042,0.103201,0.207865,0.119013,0.096421,0.111724
AATAGCTACCGCGTGC-1,0.018734,0.00844,0.085643,0.345475,0.124213,0.031552,0.046306,0.339636
AATAGGCACGACCCTT-1,0.78413,0.133693,0.016371,0.010252,0.000034,0.011429,0.017013,0.027077
AATAGTCCGTCCCGAC-1,0.184097,0.25331,0.165155,0.081421,0.073177,0.034816,0.075543,0.132481
AATAGTCGCGAGTCGG-1,0.112251,0.544874,0.244665,0.098058,0.000038,0.000038,0.000038,0.000038
AATATCAAGGTCGGAT-1,0.000108,0.256321,0.344984,0.004297,0.11771,0.233116,0.009452,0.034011
AATATCCTAGCAAACT-1,0.211081,0.645643,0.046541,0.021388,0.044304,0.01433,0.00828,0.008432
AATATCGAATCAATGC-1,0.16917,0.202588,0.040535,0.073878,0.404506,0.053869,0.023557,0.031898
AATATCGAGGGTTCTC-1,0.092075,0.185211,0.197848,0.285815,0.001003,0.053924,0.007352,0.176772
AATATTGGAGTATTGA-1,0.000104,0.419814,0.114453,0.001466,0.039025,0.003529,0.336075,0.085535
AATCAGACTGCAGGAC-1,0.03198,0.401757,0.372353,0.127766,0.011611,0.005935,0.041426,0.007172
AATCAGGTTTCATTTA-1,0.013064,0.272755,0.31068,0.025902,0.05664,0.139946,0.107898,0.073114
AATCATGTAAAGACTC-1,0.107034,0.193699,0.121486,0.094927,0.248005,0.028314,0.182893,0.023643
AATCCAAGGGCCTGAG-1,0.017986,0.176428,0.554472,0.054312,0.057276,0.02853,0.072222,0.038774
AATCCATGCAAGGGTG-1,0.000078,0.131485,0.503447,0.024126,0.168023,0.04393,0.113347,0.015564
AATCCCGCTCAGAGCC-1,0.021751,0.121419,0.073443,0.020964,0.138745,0.260722,0.258532,0.104424
AATCGAGGTCTCAAGG-1,0.313048,0.235693,0.263509,0.019497,0.005144,0.027365,0.072269,0.063475
AATCGCCTCAGCGCCA-1,0.003134,0.091299,0.097407,0.159423,0.163274,0.035544,0.231469,0.21845
AATCGCGCAGAGGACT-1,0.115571,0.150351,0.05428,0.054827,0.110596,0.225809,0.108751,0.179814
AATCGGGACACTACGA-1,0.000131,0.132269,0.498129,0.058328,0.125847,0.009378,0.174615,0.001302
AATCGGTATAGCCCTC-1,0.046832,0.267287,0.203513,0.026548,0.031945,0.047441,0.181386,0.195048
AATCGTGAGCCGAGCA-1,0.121943,0.032616,0.057497,0.180619,0.084564,0.105823,0.211772,0.205165
AATCTAGGTTTACTTG-1,0.000063,0.337561,0.43138,0.02155,0.049181,0.019519,0.092835,0.04791
AATCTATGCCGGAGCC-1,0.011123,0.034986,0.147368,0.101853,0.228256,0.074636,0.28357,0.118208
AATCTCTACTGTGGTT-1,0.000103,0.449104,0.524386,0.000103,0.000103,0.001648,0.000103,0.024448
AATCTGCGTTGGGACG-1,0.036373,0.13168,0.148465,0.182003,0.063208,0.032272,0.298135,0.107865
AATCTGGCTTTCTAGT-1,0.000045,0.196018,0.101997,0.022104,0.137714,0.12839,0.285099,0.128633
AATCTGGGTAGACCCT-1,0.144446,0.449967,0.167479,0.066685,0.064631,0.005031,0.025592,0.07617
AATGACAGCAATGTCT-1,0.00003,0.133468,0.046046,0.026874,0.165394,0.077472,0.350214,0.200503
AATGACGTAGGATGTC-1,0.756039,0.022189,0.027038,0.00677,0.039849,0.057634,0.027397,0.063084
AATGACTGTCAGCCGG-1,0.008676,0.299808,0.25658,0.110687,0.106447,0.130857,0.045464,0.041481
AATGAGTTCGCATATG-1,0.012492,0.62027,0.150389,0.0081,0.02948,0.019648,0.0844,0.07522
AATGATGATACGCTAT-1,0.205619,0.193299,0.171853,0.206531,0.19773,0.007572,0.017319,0.000075
AATGATGCGACTCCTG-1,0.000037,0.044939,0.054972,0.067132,0.134461,0.058049,0.392906,0.247503
AATGCAACCGGGTACC-1,0.105751,0.027723,0.174378,0.271246,0.18776,0.069649,0.027894,0.135599
AATGCACCAAGCAATG-1,0.306701,0.169431,0.376852,0.126881,0.000047,0.00206,0.000047,0.017981
AATGGCCGCCAATGCG-1,0.115821,0.247538,0.360271,0.217955,0.003593,0.025655,0.00713,0.022038
AATGGTCCACCGTTCA-1,0.007863,0.891375,0.035826,0.006294,0.027243,0.002746,0.01998,0.008674
AATGGTTCTCACAAGC-1,0.02217,0.36263,0.203589,0.21057,0.08917,0.040396,0.02783,0.043647
AATGTATGGCACTGTA-1,0.202535,0.254896,0.140625,0.011516,0.083181,0.133036,0.12959,0.044622
AATGTGCCCGAGGTGT-1,0.095169,0.189891,0.059839,0.020195,0.063385,0.12661,0.376196,0.068714
AATGTGCTAATCTGAG-1,0.014024,0.654646,0.196843,0.019739,0.009172,0.002895,0.041624,0.061056
AATGTTAAGACCCTGA-1,0.046438,0.214567,0.209043,0.055681,0.080501,0.126634,0.207638,0.059499
AATGTTGTCGTGAGAC-1,0.854855,0.064371,0.028057,0.000298,0.000029,0.003657,0.040674,0.00806
AATTAAAGGTCGGCGT-1,0.123532,0.1684,0.026679,0.23385,0.173424,0.148823,0.092665,0.032627
AATTAACGGATTTCCA-1,0.08235,0.279769,0.376665,0.04607,0.089045,0.023641,0.01662,0.08584
AATTACGAGACCCATC-1,0.260348,0.392231,0.174601,0.009518,0.020738,0.006875,0.109535,0.026154
AATTACTCGTACGCTC-1,0.942123,0.042779,0.002497,0.012028,0.000143,0.000143,0.000143,0.000143
AATTAGCGCTGCAGCG-1,0.323102,0.035773,0.005594,0.042698,0.411714,0.097163,0.064467,0.01949
AATTATACCCAGCAAG-1,0.320952,0.203995,0.138768,0.029403,0.012496,0.089565,0.080804,0.124016
AATTCATAAGGGATCT-1,0.364071,0.170768,0.10754,0.072982,0.136631,0.028758,0.059376,0.059872
AATTCATTGTCATGCA-1,0.424718,0.249977,0.029712,0.000041,0.020489,0.009796,0.235051,0.030215
AATTCCAACTTGGTGA-1,0.306383,0.463268,0.000104,0.006832,0.20652,0.003355,0.013434,0.000104
AATTCCAAGCATGTAC-1,0.044969,0.028323,0.042339,0.016788,0.259196,0.175771,0.270352,0.162262
AATTCGATTCGAGGAT-1,0.119482,0.103776,0.062074,0.065686,0.124991,0.174087,0.248927,0.100977
AATTCTAGAGTTAGGC-1,0.810427,0.051423,0.009554,0.01169,0.004147,0.015604,0.075114,0.02204
AATTGAACGCTCTGGT-1,0.053767,0.000024,0.000028,0.029149,0.196701,0.068894,0.368035,0.283402
AATTGCAGCAATCGAC-1,0.212795,0.075325,0.08127,0.026452,0.064918,0.128401,0.242634,0.168206
AATTGCGTGGATTACA-1,0.225287,0.271247,0.114101,0.002904,0.124339,0.012362,0.224769,0.024991
AATTGTGGTTGCCAAA-1,0.290268,0.025446,0.019782,0.02784,0.056782,0.065521,0.288628,0.225734
AATTTGGGACATAGTA-1,0.12674,0.124462,0.24896,0.151431,0.064676,0.046992,0.102341,0.134399
AATTTGGTTCCAAAGA-1,0.361376,0.04811,0.207708,0.009979,0.023798,0.192128,0.080884,0.076017
ACAAACCATGCGTCCT-1,0.752611,0.110852,0.023203,0.000079,0.000079,0.044313,0.055849,0.013013
ACAAACCGACAAGGCG-1,0.253468,0.221314,0.154579,0.170385,0.007919,0.030948,0.062686,0.098701
ACAAACTCCATCAGAG-1,0.074589,0.011407,0.004639,0.031198,0.551258,0.053348,0.162982,0.110578
ACAAAGAAGGTAGGCC-1,0.161237,0.668059,0.03485,0.050915,0.084741,0.000045,0.000107,0.000045
ACAAAGCATGACCTAG-1,0.033268,0.05176,0.093668,0.133328,0.27161,0.195292,0.049495,0.171579
ACAAATCGCACCGAAT-1,0.077464,0.082539,0.03246,0.031185,0.106457,0.424676,0.155068,0.09015
ACAAATGGTAGTGTTT-1,0.299582,0.032018,0.081256,0.138097,0.068638,0.043673,0.143173,0.193563
ACAAATTCAGATCTGA-1,0.406955,0.15732,0.144902,0.071051,0.084462,0.043921,0.064684,0.026706
ACAACAGCATGAGCTA-1,0.034108,0.00841,0.081795,0.212622,0.058988,0.268573,0.078896,0.256608
ACAACGGTCCCTGCGA-1,0.213204,0.239583,0.269326,0.133068,0.000076,0.096219,0.007661,0.040863
ACAAGCAGTGCCTAGC-1,0.000026,0.10149,0.019431,0.026601,0.383766,0.065358,0.353989,0.049338
ACAAGCTATATGGAAG-1,0.340443,0.000034,0.000034,0.059586,0.596849,0.002988,0.000034,0.000034
ACAAGGAAATCCGCCC-1,0.166197,0.157585,0.119837,0.196041,0.193796,0.044721,0.041176,0.080647
ACAAGGACAAGAGGTT-1,0.016317,0.414865,0.15819,0.232179,0.055537,0.026084,0.027582,0.069247
ACAAGGATGCTTTAGG-1,0.001474,0.02444,0.073562,0.157563,0.230493,0.181494,0.133879,0.197095
ACAAGGCCTACCAGCC-1,0.261324,0.09166,0.409139,0.057628,0.053076,0.081574,0.031111,0.014489
ACAAGGGCAGGCTCTG-1,0.315235,0.019184,0.071756,0.028324,0.115,0.228,0.097585,0.124915
ACAAGTAATTGTAAGG-1,0.370578,0.48519,0.131349,0.003219,0.000054,0.007527,0.002027,0.000054
ACAATAGTCGTACGTT-1,0.240893,0.013818,0.008771,0.004091,0.14329,0.092127,0.298138,0.198871
ACAATCCATTTAAACC-1,0.021589,0.475865,0.457176,0.003404,0.009389,0.000139,0.020706,0.011732
ACAATCGATCTTTATA-1,0.000102,0.352941,0.335828,0.08775,0.139914,0.010969,0.020644,0.051852
ACAATGAATACGGAGA-1,0.100801,0.320359,0.171135,0.075916,0.083707,0.037287,0.157304,0.053491
ACAATGATTCTTCTAC-1,0.067667,0.143594,0.250227,0.283225,0.00485,0.013927,0.021,0.21551
ACAATTGTGTCTCTTT-1,0.145068,0.142904,0.300081,0.031175,0.089488,0.047661,0.118003,0.12562
ACAATTTAGGAGGCTC-1,0.002682,0.865743,0.13119,0.000077,0.000077,0.000077,0.000077,0.000077
ACAATTTGAGCAGTGG-1,0.009963,0.084728,0.222399,0.550098,0.000066,0.000066,0.00077,0.131911
ACAATTTGGCCATATT-1,0.020505,0.073857,0.154528,0.187624,0.04932,0.227634,0.07367,0.212862
ACACAAAGACGGGTGG-1,0.024194,0.219646,0.047444,0.100507,0.315492,0.168006,0.087126,0.037584
ACACAAATATTCCTAG-1,0.258675,0.042155,0.507303,0.048124,0.069142,0.018987,0.012851,0.042764
ACACACCAGGACCAGT-1,0.088657,0.000198,0.04109,0.137486,0.06924,0.284355,0.175768,0.203206
ACACACTTTCTACACG-1,0.000037,0.00175,0.026211,0.033883,0.245659,0.070351,0.460059,0.162051
ACACATGATCAAATCT-1,0.000019,0.019885,0.011646,0.016355,0.230835,0.110258,0.548824,0.062179
ACACATTGACGCAACA-1,0.998057,0.000278,0.000278,0.000278,0.000278,0.000278,0.000278,0.000278
ACACATTTCCGTAGAC-1,0.434508,0.030166,0.007569,0.065277,0.385786,0.045474,0.029482,0.001736
ACACCACATAATTAGC-1,0.047853,0.118284,0.435923,0.132677,0.074099,0.060929,0.107464,0.022771
ACACCCAGCATGCAGC-1,0.133678,0.225163,0.404199,0.106322,0.059454,0.011778,0.033027,0.026381
ACACCCGAGAAATCCG-1,0.000034,0.121013,0.105305,0.029902,0.158513,0.096948,0.379356,0.108928
ACACCCGTAAATCTGT-1,0.058603,0.077545,0.191782,0.214516,0.075852,0.115283,0.065073,0.201347
ACACCGAGCGCTCTTT-1,0.867919,0.094364,0.000136,0.006986,0.030185,0.000136,0.000136,0.000136
ACACCGGTCTGACCGC-1,0.689385,0.039833,0.055581,0.001864,0.030482,0.059261,0.101838,0.021756
ACACCTTAAGTAGGGC-1,0.006622,0.381592,0.150688,0.20437,0.066692,0.112198,0.047209,0.03063
ACACCTTACTACTTGC-1,0.15659,0.016966,0.016255,0.033097,0.142011,0.168585,0.294337,0.17216
ACACGAGACTCCTTCT-1,0.060388,0.096422,0.179086,0.073401,0.145461,0.125984,0.117177,0.20208
ACACGGCACTATGCAT-1,0.141635,0.1141,0.305204,0.109852,0.093628,0.088485,0.11183,0.035264
ACACGGGAACTTAGGG-1,0.091225,0.132525,0.10419,0.288656,0.100375,0.112877,0.095041,0.075112
ACACGTAGGCCACAAG-1,0.067831,0.141472,0.33478,0.085651,0.069614,0.031816,0.100919,0.167917
ACACTCCAATGTCACT-1,0.006933,0.442685,0.203099,0.093497,0.144455,0.021374,0.051494,0.036463
ACACTGATCAAGGTGT-1,0.152168,0.216006,0.11834,0.071696,0.124938,0.126438,0.098848,0.091566
ACACTGGGACAGTCGT-1,0.028197,0.086484,0.065257,0.134772,0.078717,0.226105,0.18906,0.191409
ACAGAACTGAGAACAA-1,0.000015,0.005022,0.023867,0.041523,0.142478,0.121154,0.491841,0.1741
ACAGATTAGGTTAGTG-1,0.000137,0.124724,0.571185,0.046508,0.056867,0.008581,0.174076,0.017922
ACAGCATAGAGCCAGT-1,0.000123,0.102596,0.76316,0.000123,0.000123,0.00079,0.129713,0.003373
ACAGCGACATTCTCAT-1,0.05568,0.007403,0.099757,0.130086,0.038083,0.149185,0.202667,0.317138
ACAGCGCACCCGCAGC-1,0.234095,0.104507,0.174551,0.283344,0.052045,0.015816,0.027837,0.107804
ACAGGAGGCGCAGCCG-1,0.362985,0.06449,0.003265,0.397581,0.171602,0.000026,0.000026,0.000026
ACAGGCACGGATCCTT-1,0.041315,0.180149,0.121973,0.038026,0.078823,0.140757,0.065583,0.333374
ACAGGCTTGCCCGACT-1,0.039304,0.06483,0.085484,0.058453,0.430958,0.122794,0.031999,0.166177
ACAGGTGGAGGTGAGG-1,0.087294,0.172052,0.335052,0.202688,0.014888,0.058748,0.04096,0.088318
ACAGGTGTGTTGTTGC-1,0.503838,0.000041,0.000041,0.178332,0.317626,0.000041,0.000041,0.000041
ACAGTAATACAACTTG-1,0.047459,0.166277,0.209211,0.079917,0.462154,0.013447,0.018804,0.002731
ACAGTATACCGTGGGA-1,0.000069,0.483839,0.293905,0.041694,0.029254,0.007381,0.123278,0.02058
ACAGTGCAGCGCATTT-1,0.391034,0.029051,0.085432,0.173708,0.129244,0.10627,0.030776,0.054483
ACATAAGTCGTGGTGA-1,0.081156,0.194263,0.055517,0.02237,0.090289,0.114221,0.291362,0.15082
ACATAATAAGGCGGTG-1,0.010116,0.034958,0.058891,0.138809,0.303928,0.07711,0.264761,0.111427
ACATACAATCAAGCGG-1,0.082017,0.267983,0.139384,0.016223,0.048812,0.164011,0.218772,0.062798
ACATCAGCTGGGACGC-1,0.009962,0.701694,0.284703,0.001981,0.001479,0.00006,0.00006,0.00006
ACATCCCGGCCATACG-1,0.009237,0.042577,0.011529,0.084813,0.19872,0.166066,0.253457,0.233602
ACATCCTGGTAACTGT-1,0.125627,0.168345,0.121786,0.092247,0.042272,0.260598,0.057892,0.131232
ACATCGATCGTTTACC-1,0.000042,0.000042,0.000042,0.006988,0.374021,0.027822,0.435159,0.155885
ACATCGCAATATTCGG-1,0.957053,0.042547,0.000067,0.000067,0.000067,0.000067,0.000067,0.000067
ACATCGGTCAGCCGCG-1,0.00003,0.028128,0.070859,0.038204,0.327899,0.060999,0.306466,0.167415
ACATCGTATGCAATGG-1,0.24665,0.185512,0.162716,0.108238,0.010755,0.154011,0.019582,0.112536
ACATCGTTAACCTAGT-1,0.714903,0.051121,0.159069,0.057272,0.00006,0.004798,0.00006,0.012718
ACATCTCAACGCGTAA-1,0.011056,0.108932,0.396974,0.119161,0.011496,0.209732,0.024242,0.118408
ACATGCTTACGGCAGC-1,0.226651,0.727361,0.045576,0.000082,0.000082,0.000082,0.000082,0.000082
ACATGGCGCCAAAGTA-1,0.027962,0.055878,0.089535,0.1088,0.044557,0.089528,0.192123,0.391617
ACATGGCTCAATTTAG-1,0.068854,0.464072,0.124534,0.005707,0.113822,0.048088,0.159424,0.015498
ACATTAGTTTATATCC-1,0.077456,0.23481,0.041667,0.028971,0.062499,0.065819,0.368422,0.120356
ACATTCGCGCGGAATA-1,0.833134,0.127075,0.021557,0.017956,0.000069,0.000069,0.000069,0.000069
ACATTTGAAACCTAAC-1,0.111927,0.046327,0.042442,0.086615,0.178195,0.222111,0.199827,0.112557
ACCAAACACCCAGCGA-1,0.033414,0.042485,0.137188,0.253716,0.095931,0.026522,0.046494,0.364249
ACCAAACTAGAAATCC-1,0.060747,0.115799,0.299093,0.048137,0.200209,0.075199,0.132484,0.068333
ACCAACACCACACACT-1,0.001162,0.183009,0.285092,0.104772,0.141454,0.026052,0.119171,0.139288
ACCAACCGCACTCCAC-1,0.278354,0.255899,0.281627,0.023715,0.021611,0.081912,0.012989,0.043893
ACCAACGCTTATTTAT-1,0.081747,0.130498,0.057862,0.239992,0.054507,0.134251,0.106402,0.194741
ACCAAGAACGCGTGTC-1,0.003071,0.067476,0.089309,0.043663,0.18204,0.046315,0.400017,0.168108
ACCAAGTCATCGGCAG-1,0.121868,0.117693,0.384689,0.024959,0.028236,0.079313,0.167508,0.075733
ACCAATATGCAAGTTA-1,0.009172,0.0398,0.047292,0.025456,0.117521,0.044185,0.308715,0.407859
ACCACAACTCAGAACA-1,0.147211,0.311237,0.440986,0.017947,0.030855,0.015876,0.013202,0.022686
ACCACAAGTTTCTATC-1,0.024553,0.147615,0.27878,0.331685,0.025021,0.034278,0.01092,0.147148
ACCACACGGTTGATGG-1,0.167292,0.045307,0.013213,0.036556,0.071131,0.10777,0.376803,0.181928
ACCACCAATGTAACAA-1,0.07167,0.090878,0.073726,0.05149,0.10459,0.116151,0.221998,0.269497
ACCACCCTCTCTTCTA-1,0.088293,0.097779,0.411398,0.043272,0.015586,0.094068,0.102754,0.146851
ACCACGTGCAGCTATA-1,0.104626,0.189266,0.107867,0.221987,0.086515,0.017455,0.15619,0.116093
ACCACTGTTCAAGAAG-1,0.414997,0.066637,0.000179,0.218453,0.299196,0.000179,0.000179,0.000179
ACCAGACCATAACAAC-1,0.393693,0.568933,0.01963,0.011738,0.002699,0.000041,0.003225,0.000041
ACCAGCCCGGTCTTTG-1,0.03171,0.205492,0.349275,0.05481,0.084728,0.047253,0.094488,0.132243
ACCAGGAGTGTGATCT-1,0.241347,0.205033,0.252484,0.062034,0.05141,0.000156,0.155639,0.031897
ACCAGTGCCCGGTCAA-1,0.039857,0.123599,0.374009,0.045158,0.246806,0.116311,0.021678,0.03258
ACCAGTGCGGGAGACG-1,0.245194,0.101455,0.139878,0.063316,0.040078,0.196474,0.080491,0.133114
ACCATATCCGCAATAA-1,0.01276,0.121412,0.108869,0.058532,0.194593,0.27365,0.116668,0.113516
ACCATCCGCCAACTAG-1,0.069681,0.511058,0.326683,0.006793,0.012173,0.007394,0.058289,0.007929
ACCATCGTATATGGTA-1,0.170686,0.203476,0.137519,0.091064,0.095041,0.217185,0.04103,0.043999
ACCATTAAGGGTGTCA-1,0.694938,0.303323,0.00029,0.00029,0.00029,0.00029,0.00029,0.00029
ACCCAACGCCCGTGGC-1,0.040037,0.350988,0.186731,0.075492,0.0092,0.242284,0.043843,0.051424
ACCCACCTACATGCTC-1,0.012456,0.627903,0.075267,0.03605,0.093614,0.098591,0.035667,0.020452
ACCCATCTTGAGGGTA-1,0.124945,0.317307,0.252176,0.091736,0.115277,0.027511,0.043459,0.027588
ACCCATTTGTCCCTCT-1,0.137741,0.049034,0.074545,0.0171,0.078042,0.12462,0.198736,0.320181
ACCCGAGCGAAATTAC-1,0.999807,0.000028,0.000028,0.000028,0.000028,0.000028,0.000028,0.000028
ACCCGATTGGTTCCGA-1,0.299397,0.198162,0.203731,0.126314,0.016823,0.090627,0.056045,0.008901
ACCCGGAAACTCCCAG-1,0.03829,0.138718,0.28974,0.258098,0.115899,0.114144,0.023404,0.021707
ACCCGGAGCACCACAA-1,0.547715,0.01067,0.112158,0.16726,0.003207,0.090315,0.00766,0.061015
ACCCGGATGACGCATC-1,0.071656,0.149352,0.117637,0.140077,0.062762,0.052662,0.166339,0.239514
ACCCGGTTACACTTCC-1,0.044138,0.009289,0.006012,0.189398,0.72651,0.008202,0.008875,0.007576
ACCCGTAGCAGAGAAT-1,0.008096,0.002883,0.000012,0.008327,0.980645,0.000012,0.000012,0.000012
ACCCGTAGTCTAGTTG-1,0.091468,0.128095,0.239085,0.037091,0.030321,0.066926,0.206946,0.200068
ACCCGTGTCATCAGTA-1,0.000898,0.282119,0.102078,0.138127,0.057419,0.037372,0.157088,0.224899
ACCCTATAGGACTGAG-1,0.000092,0.328954,0.232195,0.034243,0.10755,0.105285,0.114361,0.07732
ACCCTATGCCATATCG-1,0.173747,0.086823,0.121611,0.044099,0.067591,0.128239,0.195577,0.182313
ACCCTCCCGTCAGGGC-1,0.374202,0.097699,0.069802,0.004123,0.054402,0.058876,0.120067,0.220828
ACCCTCCCTTGCTATT-1,0.067048,0.005729,0.136812,0.52441,0.047231,0.072878,0.000043,0.14585
ACCCTGGTAACGCCCT-1,0.072944,0.172795,0.366762,0.126936,0.055753,0.139571,0.010497,0.054743
ACCCTTCATCTGCGAA-1,0.000178,0.34303,0.370789,0.047952,0.075266,0.040871,0.099886,0.022028
ACCCTTGCCTGGGTCG-1,0.957542,0.0091,0.018223,0.000055,0.000055,0.002345,0.007699,0.00498
ACCCTTTAGTTCTCCA-1,0.084184,0.019364,0.587474,0.193612,0.02639,0.063389,0.002737,0.022851
ACCGAAAGGGCCCTGC-1,0.000085,0.486732,0.160531,0.084448,0.11737,0.008666,0.10012,0.042048
ACCGAAGAGTCTGGTT-1,0.000289,0.319827,0.265778,0.068731,0.007958,0.135302,0.110137,0.091977
ACCGACACATCTCCCA-1,0.208622,0.181729,0.210049,0.01526,0.372218,0.004049,0.000042,0.008032
ACCGACTGAGTCCCAC-1,0.025004,0.214756,0.081866,0.05907,0.209066,0.065321,0.143684,0.201233
ACCGAGTCTCCTTATT-1,0.196447,0.009579,0.018854,0.078195,0.073082,0.381932,0.171619,0.070291
ACCGATAGGCATAACC-1,0.089205,0.089279,0.160832,0.097121,0.04176,0.094194,0.112445,0.315163
ACCGATATTTAATCAT-1,0.163456,0.166239,0.140899,0.065185,0.046351,0.083114,0.133451,0.201305
ACCGATGGTAGCATCG-1,0.099356,0.197456,0.345732,0.202111,0.029476,0.029594,0.00906,0.087215
ACCGCAATAACTGCCT-1,0.002176,0.000019,0.000019,0.000547,0.214878,0.040623,0.420666,0.32107
ACCGCGGTGGAAGTCG-1,0.113265,0.038052,0.125652,0.058375,0.661408,0.002128,0.000029,0.001091
ACCGCTAGTCATTGGT-1,0.30104,0.450787,0.083237,0.021681,0.029509,0.011427,0.078397,0.023921
ACCGGGCCTTTGTTGA-1,0.092612,0.327999,0.122867,0.080321,0.10253,0.045057,0.128768,0.099846
ACCGGTCAGGTACACC-1,0.043382,0.147406,0.106321,0.023582,0.022606,0.319351,0.253247,0.084106
ACCGGTCTGAGTACGG-1,0.250018,0.383971,0.262987,0.102785,0.000059,0.000059,0.000059,0.000059
ACCGTCCACTGGGCCC-1,0.23752,0.293815,0.149875,0.005721,0.111294,0.021763,0.147147,0.032864
ACCGTGACCACGTGGG-1,0.007914,0.329561,0.212821,0.013081,0.051593,0.149856,0.085565,0.14961
