Barcode,Topic 1,Topic 2to3,Topic 4to7,Topic 8to9,Topic 10to11
AAACAACGAATAGTTC-1,0.642455,0.352195,0.005171,0.000089,0.000089
AAACAAGTATCTCCCA-1,0.294954,0.00008,0.00016,0.028707,0.676099
AAACAATCTACTAGCA-1,0.000022,0.026549,0.829667,0.143718,0.000044
AAACACCAATAACTGC-1,0.007688,0.088063,0.562954,0.23487,0.106426
AAACAGAGCGACTCCT-1,0.002986,0.012197,0.448068,0.492894,0.043855
AAACAGCTTTCAGAAG-1,0.004684,0.134822,0.000451,0.295935,0.564108
AAACAGGGTCTATATT-1,0.034269,0.533441,0.198934,0.130703,0.102653
AAACAGTGTTCCTGGG-1,0.097118,0.042243,0.855217,0.000048,0.005375
AAACATGGTGAGAGGA-1,0.008266,0.016531,0.033062,0.92561,0.016531
AAACATTTCCCGGATT-1,0.999538,0.000092,0.000185,0.000092,0.000092
AAACCACTACACAGAT-1,0.000046,0.041215,0.896855,0.06179,0.000093
AAACCCGAACGAAATC-1,0.975718,0.023892,0.000195,0.000098,0.000098
AAACCGGAAATGTTAA-1,0.733182,0.069904,0.161128,0.000081,0.035706
AAACCGGGTAGGTACC-1,0.002316,0.328107,0.339869,0.26766,0.062049
AAACCGTTCGTCCAGG-1,0.002769,0.05691,0.623236,0.294311,0.022773
AAACCTAAGCAGCCGG-1,0.012655,0.00164,0.72333,0.013728,0.248648
AAACCTCATGAAGTTG-1,0.00003,0.270709,0.631736,0.061933,0.035592
AAACGAAGAACATACC-1,0.020523,0.06149,0.352398,0.488869,0.07672
AAACGAAGATGGAGTA-1,0.008922,0.00006,0.00012,0.097383,0.893516
AAACGACAGTCTTGCC-1,0.032915,0.133605,0.740251,0.077787,0.015441
AAACGAGACGGTTGAT-1,0.084237,0.193549,0.529441,0.16482,0.027953
AAACGCCCGAGATCGG-1,0.022402,0.05898,0.418177,0.486226,0.014216
AAACGGGCGTACGGGT-1,0.873985,0.000086,0.125757,0.000086,0.000086
AAACGGGTTGGTATCC-1,0.122563,0.08725,0.368965,0.23894,0.182282
AAACGGTTGCGAACTG-1,0.127582,0.0456,0.539046,0.000659,0.287113
AAACGTGTTCGCCCTA-1,0.067627,0.134534,0.776465,0.000142,0.021232
AAACTAACGTGGCGAC-1,0.011057,0.082616,0.507568,0.363995,0.034764
AAACTCGGTTCGCAAT-1,0.148321,0.05233,0.658794,0.000044,0.140511
AAACTCGTGATATAAG-1,0.052164,0.104647,0.731548,0.098447,0.013194
AAACTGCTGGCTCCAA-1,0.067033,0.052714,0.590884,0.19811,0.091258
AAACTTAATTGCACGC-1,0.000695,0.22245,0.663389,0.046314,0.067152
AAACTTGCAAACGTAT-1,0.011179,0.691697,0.111309,0.105701,0.080115
AAAGAATGACCTTAGA-1,0.004708,0.000264,0.000528,0.004241,0.990259
AAAGAATGTGGACTAA-1,0.483287,0.125059,0.330729,0.000073,0.060852
AAAGACATGAAGTTTA-1,0.046605,0.204993,0.380576,0.277571,0.090255
AAAGACCCAAGTCGCG-1,0.01946,0.290154,0.364567,0.305708,0.020111
AAAGACTGGGCGCTTT-1,0.029639,0.109815,0.089547,0.584895,0.186104
AAAGGCCCTATAATAC-1,0.017395,0.395668,0.390585,0.074604,0.121749
AAAGGCTACGGACCAT-1,0.001377,0.077579,0.706847,0.157529,0.056668
AAAGGCTCTCGCGCCG-1,0.004406,0.098717,0.616719,0.143247,0.136911
AAAGGGATGTAGCAAG-1,0.057922,0.07866,0.407975,0.372847,0.082596
AAAGGGCAGCTTGAAT-1,0.006164,0.088244,0.388746,0.475211,0.041635
AAAGGTAAGCTGTACC-1,0.259099,0.071947,0.501046,0.167827,0.000081
AAAGGTCAACGACATG-1,0.029656,0.017264,0.421533,0.377701,0.153846
AAAGTAGCATTGCTCA-1,0.07692,0.295282,0.489464,0.082642,0.055691
AAAGTCACTGATGTAA-1,0.000018,0.060523,0.525729,0.408894,0.004837
AAAGTCGACCCTCAGT-1,0.008511,0.387093,0.365665,0.051961,0.186771
AAAGTGTGATTTATCT-1,0.235405,0.154169,0.431339,0.02749,0.151596
AAAGTTGACTCCCGTA-1,0.295424,0.140858,0.563577,0.00007,0.00007
AAATAACCATACGGGA-1,0.037688,0.1737,0.40424,0.235462,0.14891
AAATACCTATAAGCAT-1,0.05214,0.072109,0.807994,0.049186,0.01857
AAATAGCTTAGACTTT-1,0.271848,0.170422,0.366953,0.163736,0.027041
AAATAGGGTGCTATTG-1,0.008238,0.022852,0.801548,0.08706,0.080303
AAATCCGATACACGCC-1,0.053579,0.000037,0.858838,0.00024,0.087305
AAATCGCGGAAGGAGT-1,0.029051,0.000087,0.000175,0.346458,0.62423
AAATCGTGTACCACAA-1,0.0272,0.068354,0.82261,0.067685,0.014151
AAATCTAGCCCTGCTA-1,0.834228,0.000558,0.164098,0.000558,0.000558
AAATCTGCCCGCGTCC-1,0.000033,0.079181,0.061881,0.484576,0.374329
AAATGACTGATCAAAC-1,0.463043,0.031187,0.285193,0.000086,0.22049
AAATGATTCGATCAGC-1,0.027678,0.120818,0.760801,0.04795,0.042754
AAATGCTCGTTACGTT-1,0.02485,0.244887,0.517801,0.06926,0.143202
AAATGGCATGTCTTGT-1,0.00002,0.069494,0.41156,0.417289,0.101636
AAATGGCCCGTGCCCT-1,0.011317,0.429527,0.510061,0.028879,0.020216
AAATGGTCAATGTGCC-1,0.031836,0.286721,0.496663,0.100554,0.084227
AAATGTATCTTATCCC-1,0.003497,0.006994,0.013988,0.968528,0.006994
AAATGTGGGTGCTCCT-1,0.000017,0.034782,0.576955,0.352806,0.03544
AAATTAACGGGTAGCT-1,0.015596,0.338002,0.458461,0.179257,0.008684
AAATTAATAAGCGCGA-1,0.02495,0.058513,0.00319,0.394534,0.518812
AAATTACACGACTCTG-1,0.083952,0.103054,0.640301,0.165073,0.00762
AAATTACCTATCGATG-1,0.004291,0.169362,0.571933,0.204617,0.049796
AAATTCCAGGTCCAAA-1,0.164106,0.059982,0.689643,0.086221,0.000047
AAATTGATAGTCCTTT-1,0.030026,0.256534,0.649444,0.010258,0.053738
AAATTGCGGCGGTTCT-1,0.014123,0.605793,0.361646,0.01835,0.000087
AAATTGGTGAGAAGCA-1,0.031788,0.091932,0.793139,0.032337,0.050804
AAATTTACCGAAATCC-1,0.045734,0.131454,0.624329,0.190058,0.008425
AAATTTGCGGGTGTGG-1,0.015305,0.14241,0.16251,0.233669,0.446106
AACAACTGGTAGTTGC-1,0.000021,0.082253,0.436643,0.432394,0.04869
AACAATACATTGTCGA-1,0.000013,0.054081,0.658333,0.120384,0.167189
AACAATTACTCTACGC-1,0.001519,0.425642,0.269305,0.188363,0.11517
AACACACGCTCGCCGC-1,0.777271,0.000203,0.22212,0.000203,0.000203
AACACGACTGTACTGA-1,0.000021,0.227239,0.446588,0.245117,0.081035
AACACGAGACGCGGCC-1,0.042903,0.184405,0.459943,0.150704,0.162045
AACACGCGGCCGCGAA-1,0.000027,0.080609,0.808118,0.111191,0.000055
AACAGCTGTGTGGCAA-1,0.007311,0.171527,0.638766,0.067419,0.114977
AACAGGAAATCGAATA-1,0.01728,0.316293,0.39425,0.177935,0.094241
AACAGGATGGGCCGCG-1,0.002303,0.718268,0.212747,0.032841,0.033842
AACAGGTAGTATGGAT-1,0.800419,0.000394,0.1984,0.000394,0.000394
AACATAGCGTGTATCG-1,0.58004,0.244292,0.12058,0.000125,0.054963
AACATATCAACTGGTG-1,0.017505,0.021752,0.625163,0.305803,0.029778
AACATCGATACGTCTA-1,0.011366,0.1404,0.644854,0.122561,0.08082
AACATTGAAGTTGATC-1,0.005718,0.015234,0.151534,0.295255,0.532259
AACATTGGTCAGCCGT-1,0.102567,0.512998,0.06106,0.2555,0.067874
AACATTGTGACTCGAG-1,0.000019,0.037361,0.797044,0.1351,0.030477
AACCAAGACTTCTCTG-1,0.000028,0.190058,0.691623,0.117053,0.001239
AACCAGTATCACTCTT-1,0.026189,0.14217,0.629898,0.171195,0.030548
AACCATAGGGTTGAAC-1,0.005676,0.247809,0.702233,0.023319,0.020962
AACCATGGGATCGCTA-1,0.005571,0.267234,0.516762,0.198672,0.011761
AACCCAGAGACGGAGA-1,0.000028,0.002551,0.939649,0.057717,0.000056
AACCCATCCCATGATC-1,0.000013,0.019818,0.345556,0.332151,0.302461
AACCCGACAACCCGTG-1,0.044603,0.212145,0.429574,0.220823,0.092855
AACCCGAGCAGAATCG-1,0.900169,0.00012,0.099471,0.00012,0.00012
AACCCGATAGGGCTTC-1,0.000042,0.126844,0.74869,0.124338,0.000085
AACCCGCTGTATTCCA-1,0.401366,0.070653,0.158511,0.005682,0.363788
AACCCTACTGTCAATA-1,0.081053,0.012417,0.906413,0.000058,0.000058
AACCCTGGTGGAACCA-1,0.00504,0.190122,0.504718,0.269249,0.030871
AACCGAGCTTGGTCAT-1,0.023897,0.087235,0.257596,0.539547,0.091725
AACCGCTAAGGGATGC-1,0.188604,0.025373,0.499246,0.080865,0.205912
AACCGTTGTGTTTGCT-1,0.003741,0.295613,0.554341,0.137525,0.00878
AACCTAAAGCCGTCCG-1,0.036154,0.107772,0.378775,0.439438,0.03786
AACCTCGCTTTAGCCC-1,0.137274,0.00083,0.861799,0.000049,0.000049
AACCTGTCACGGAATT-1,0.357381,0.605326,0.028128,0.009088,0.000077
AACCTTTAAATACGGT-1,0.000013,0.004636,0.81046,0.084227,0.100665
AACCTTTACGACGTCT-1,0.0023,0.105469,0.57006,0.270467,0.051705
AACGAAAGTCGTCCCA-1,0.008798,0.295298,0.080552,0.204108,0.411244
AACGACCTCCTAGCCG-1,0.445198,0.098536,0.2539,0.000053,0.202313
AACGATAATGCCGTAG-1,0.000018,0.017391,0.918381,0.049729,0.014481
AACGATAGAAGGGCCG-1,0.000023,0.458006,0.37502,0.124524,0.042427
AACGATATGTCAACTG-1,0.116414,0.443155,0.02494,0.281297,0.134193
AACGCATGATCTGGGT-1,0.052291,0.149781,0.619093,0.161831,0.017004
AACGCGAACGGCAACA-1,0.000019,0.00941,0.756501,0.232294,0.001776
AACGCGACCTTGGGCG-1,0.032167,0.030066,0.631223,0.023461,0.283083
AACGCGGTCTCCAGCC-1,0.10792,0.285859,0.119774,0.360418,0.12603
AACGCTGTTGCTGAAA-1,0.767226,0.076475,0.019786,0.000172,0.136341
AACGGACGTACGTATA-1,0.60874,0.002994,0.388,0.000133,0.000133
AACGGCCATCTCCGGT-1,0.031202,0.092374,0.69983,0.130886,0.045708
AACGTACTGTGGGTAC-1,0.041529,0.062266,0.405665,0.427236,0.063305
AACGTAGTCTACCCAT-1,0.00002,0.016221,0.52026,0.4621,0.001398
AACGTCAGACTAGTGG-1,0.001564,0.096514,0.441498,0.418735,0.041689
AACGTCATCCGGCTTG-1,0.117311,0.000104,0.000209,0.030868,0.851509
AACGTGATGAAGGACA-1,0.031844,0.169321,0.653,0.131274,0.014561
AACGTGCGAAAGTCTC-1,0.073866,0.248063,0.091268,0.371007,0.215795
AACGTTATCAGCACCT-1,0.031635,0.19646,0.08353,0.395538,0.292837
AACTACCCGTTTGTCA-1,0.998316,0.000337,0.000673,0.000337,0.000337
AACTAGCGTATCGCAC-1,0.012807,0.130317,0.666325,0.183084,0.007466
AACTAGGCTTGGGTGT-1,0.000022,0.118357,0.811449,0.018519,0.051653
AACTCAAGTTAATTGC-1,0.018526,0.977475,0.000095,0.000047,0.003856
AACTCCAGAGCGTGTT-1,0.927523,0.022655,0.049549,0.000136,0.000136
AACTCCTAATCCCATG-1,0.06136,0.053212,0.339158,0.450312,0.095958
AACTCGATAAACACGT-1,0.122689,0.228923,0.219899,0.200906,0.227583
AACTCGATGGCGCAGT-1,0.012939,0.110983,0.676511,0.182513,0.017055
AACTCTCAATAGAGCG-1,0.036405,0.192483,0.653819,0.116026,0.001268
AACTCTCAGTGTGCTC-1,0.002058,0.19766,0.673356,0.120268,0.006657
AACTGAGGTCAGCGTC-1,0.000042,0.049075,0.903228,0.047571,0.000084
AACTGAGTTATACTGA-1,0.378703,0.000041,0.01603,0.008386,0.596839
AACTGATATTAGGCCT-1,0.000022,0.084709,0.691194,0.219339,0.004736
AACTGGGTCCCGACGT-1,0.016967,0.107909,0.468307,0.380889,0.025929
AACTGGGTTCGAGCCG-1,0.059651,0.250206,0.63166,0.048798,0.009686
AACTGGTGTGGGCCTT-1,0.000025,0.04489,0.792202,0.162833,0.000049
AACTTCTGCGTCTATC-1,0.000029,0.247777,0.554776,0.178123,0.019295
AACTTGCCCGTATGCA-1,0.000016,0.274397,0.093983,0.573896,0.057708
AACTTGCGTTCTCGCG-1,0.004347,0.059123,0.716384,0.189361,0.030785
AACTTTACGGGAGCTT-1,0.008251,0.000108,0.000217,0.057495,0.933929
AACTTTAGCTGCTGAG-1,0.013759,0.150954,0.801629,0.03343,0.000227
AAGAAAGTTTGATGGG-1,0.017611,0.11859,0.524766,0.112645,0.226389
AAGAAATCACCAGATT-1,0.031973,0.107073,0.75751,0.001307,0.102137
AAGAAGGATCAGTTAG-1,0.00634,0.132752,0.705806,0.149055,0.006046
AAGACCAAATAACTCA-1,0.021401,0.233489,0.037158,0.348503,0.359448
AAGACCCAACTGAACA-1,0.000009,0.017848,0.561454,0.176034,0.244655
AAGACTAACCCGTTGT-1,0.000031,0.06408,0.820517,0.113954,0.001417
AAGACTCACGCCCACT-1,0.027305,0.13712,0.711628,0.093476,0.030471
AAGACTGCAAGCTACT-1,0.043192,0.295356,0.184803,0.206555,0.270093
AAGAGATGAATCGGTA-1,0.005661,0.187699,0.587999,0.192018,0.026622
AAGAGCTCTTTATCGG-1,0.121094,0.05313,0.362775,0.311435,0.151566
AAGAGGATGTACGCGA-1,0.003381,0.257881,0.552862,0.165488,0.020388
AAGAGGCATGGATCGC-1,0.017623,0.023285,0.269218,0.640333,0.049541
AAGAGGCCCTTTGGAA-1,0.832014,0.06139,0.088322,0.000103,0.018171
AAGATGGCACCGGACC-1,0.000017,0.029471,0.711792,0.193798,0.064922
AAGATTGGCGGAACGT-1,0.025298,0.380957,0.118127,0.406455,0.069163
AAGCACCCTGCGTATC-1,0.006534,0.020012,0.658936,0.234235,0.080283
AAGCATACTCTCCTGA-1,0.004556,0.075273,0.716809,0.144335,0.059027
AAGCCACTTGCAGGTA-1,0.079791,0.099708,0.563797,0.004557,0.252147
AAGCCGAAGCGGTTTA-1,0.856706,0.000399,0.142097,0.000399,0.000399
AAGCCGCCGTGAAATC-1,0.039277,0.195487,0.534216,0.006076,0.224945
AAGCCGCTTTACCTTG-1,0.025509,0.153394,0.80637,0.000081,0.014646
AAGCCGGAGAGCAGGA-1,0.485289,0.068025,0.198831,0.000176,0.24768
AAGCGCAGGGCTTTGA-1,0.085775,0.010701,0.884367,0.000058,0.0191
AAGCGGAGTGCGCGCA-1,0.021524,0.204534,0.650436,0.117255,0.006251
AAGCGGCGTCATGGGT-1,0.061135,0.029309,0.607208,0.29384,0.008508
AAGCGTCCCTCATCGA-1,0.000095,0.235574,0.635632,0.070203,0.058495
AAGCTAGATCGAGTAA-1,0.001857,0.087342,0.852539,0.02731,0.030953
AAGCTATGGATTGACC-1,0.00716,0.035705,0.13261,0.305227,0.519298
AAGCTCGTGCCAAGTC-1,0.486022,0.269939,0.00654,0.058477,0.179023
AAGCTCTTTCATGGTG-1,0.557164,0.10728,0.334116,0.001332,0.000107
AAGGAGAACTTATAAG-1,0.031063,0.840119,0.064308,0.064463,0.000047
AAGGAGCGGTTGGTGC-1,0.000029,0.0586,0.421774,0.503362,0.016235
AAGGATCGATCGCTTG-1,0.22307,0.371459,0.380436,0.00006,0.024976
AAGGATGAGGGACCTC-1,0.005496,0.085012,0.557847,0.301522,0.050122
AAGGCAGGCTGTCTCC-1,0.731009,0.081202,0.11805,0.000104,0.069636
AAGGCGCGTAAAGCTT-1,0.01117,0.396007,0.371704,0.195569,0.02555
AAGGCTGTGCTCATCG-1,0.030573,0.391668,0.402436,0.153907,0.021416
AAGGGAACGACTGGCT-1,0.001768,0.029757,0.560414,0.135427,0.272635
AAGGGACAGATTCTGT-1,0.017626,0.613862,0.212121,0.087402,0.068989
AAGGGACTATGCATTC-1,0.022488,0.199311,0.752261,0.002707,0.023232
AAGGGTTTGATTTCAG-1,0.007577,0.931811,0.030306,0.015153,0.015153
AAGGTATCCTAATATA-1,0.097103,0.238895,0.429759,0.164174,0.07007
AAGGTGATAAACCAGC-1,0.134343,0.037369,0.826864,0.001375,0.00005
AAGTAAGCTTCCAAAC-1,0.034004,0.391091,0.534016,0.040582,0.000306
AAGTAGAAGACCGGGT-1,0.000029,0.134374,0.56323,0.285974,0.016393
AAGTAGTGACGCGAGG-1,0.008353,0.19273,0.638221,0.156008,0.004689
AAGTCAATTGTCGTCA-1,0.667376,0.120741,0.211623,0.00013,0.00013
AAGTCTTCTGTGGCCT-1,0.002273,0.004546,0.984089,0.004546,0.004546
AAGTGACGACCGAATT-1,0.011598,0.330593,0.415225,0.211798,0.030787
AAGTGAGTCGGGTTTA-1,0.010482,0.203194,0.652115,0.078724,0.055484
AAGTGCAAAGGTAGAC-1,0.06855,0.062448,0.00061,0.399744,0.468648
AAGTGCCTTGACTGTA-1,0.838478,0.088785,0.072376,0.00018,0.00018
AAGTGCGTTAGAATCT-1,0.00564,0.165077,0.446399,0.265384,0.117501
AAGTGCTTCTCTATTG-1,0.436256,0.200398,0.348118,0.00011,0.015118
AAGTGTTTGGAGACGG-1,0.026691,0.022411,0.593632,0.007188,0.350078
AAGTTCACTCCAAGCT-1,0.940743,0.00015,0.058808,0.00015,0.00015
AAGTTCAGTCTGCGTA-1,0.006814,0.046819,0.479344,0.389734,0.077289
AAGTTCGGCCAACAGG-1,0.021362,0.226881,0.358327,0.194754,0.198675
AAGTTGTGATGTTATA-1,0.712545,0.008446,0.278487,0.00009,0.000433
AAGTTTACTAATGGCA-1,0.000026,0.058082,0.699654,0.233777,0.008461
AAGTTTATGGGCCCAA-1,0.068018,0.001141,0.647428,0.004254,0.27916
AATAACAACGCTCGGC-1,0.000012,0.023579,0.554619,0.377191,0.044599
AATAACACTAGAACAA-1,0.099484,0.288032,0.358748,0.094697,0.159039
AATAAGTCCTCGAGAC-1,0.074861,0.200686,0.462894,0.057214,0.204344
AATAATCTTCGTATCG-1,0.851238,0.027415,0.112326,0.00012,0.008902
AATACAATGTTTCAGG-1,0.017255,0.173093,0.655068,0.154533,0.000051
AATACCGGAGGGCTGT-1,0.078816,0.514495,0.190448,0.096853,0.119388
AATACCTGATGTGAAC-1,0.443207,0.078138,0.150721,0.000061,0.327873
AATAGAACAGAGTGGC-1,0.006309,0.247923,0.569384,0.142552,0.033832
AATAGAATCTGTTTCA-1,0.085924,0.067196,0.719674,0.110087,0.017119
AATAGCAAGCCTCCTG-1,0.000035,0.008509,0.917097,0.07429,0.000069
AATAGCTACCGCGTGC-1,0.000034,0.029691,0.675753,0.258177,0.036344
AATAGGCACGACCCTT-1,0.065227,0.229855,0.317707,0.061093,0.326119
AATAGTCCGTCCCGAC-1,0.002377,0.044187,0.768176,0.09271,0.09255
AATAGTCGCGAGTCGG-1,0.065396,0.000082,0.000164,0.161239,0.773119
AATATCAAGGTCGGAT-1,0.000033,0.204321,0.700488,0.082709,0.012449
AATATCCTAGCAAACT-1,0.006061,0.012122,0.024245,0.945449,0.012123
AATATCGAATCAATGC-1,0.998522,0.000296,0.000591,0.000296,0.000296
AATATCGAGGGTTCTC-1,0.040877,0.107501,0.678948,0.15943,0.013243
AATATTGGAGTATTGA-1,0.000013,0.007595,0.200404,0.764805,0.027182
AATCAGACTGCAGGAC-1,0.000021,0.049697,0.513211,0.387921,0.04915
AATCAGGTTTCATTTA-1,0.097165,0.03029,0.161286,0.077134,0.634125
AATCATGTAAAGACTC-1,0.999412,0.000118,0.000235,0.000118,0.000118
AATCCAAGGGCCTGAG-1,0.000027,0.293631,0.497262,0.209026,0.000054
AATCCATGCAAGGGTG-1,0.019322,0.360589,0.289031,0.283994,0.047064
AATCCCGCTCAGAGCC-1,0.335683,0.018086,0.087223,0.011579,0.547429
AATCGAGGTCTCAAGG-1,0.356873,0.029109,0.000164,0.002345,0.61151
AATCGCCTCAGCGCCA-1,0.05363,0.159516,0.31453,0.379565,0.092759
AATCGCGCAGAGGACT-1,0.683938,0.02042,0.237179,0.00013,0.058333
AATCGGGACACTACGA-1,0.035127,0.134896,0.620231,0.201711,0.008036
AATCGTGAGCCGAGCA-1,0.00069,0.006903,0.559088,0.064117,0.369201
AATCTAGGTTTACTTG-1,0.0156,0.373199,0.470519,0.021283,0.119399
AATCTATGCCGGAGCC-1,0.011053,0.269164,0.315974,0.394042,0.009768
AATCTCTACTGTGGTT-1,0.008318,0.267426,0.023471,0.182659,0.518126
AATCTGCGTTGGGACG-1,0.02405,0.154702,0.774425,0.039718,0.007106
AATCTGGCTTTCTAGT-1,0.000024,0.074232,0.436989,0.33293,0.155825
AATCTGGGTAGACCCT-1,0.015956,0.201053,0.587826,0.192783,0.002382
AATGACAGCAATGTCT-1,0.024609,0.194087,0.316251,0.343087,0.121966
AATGACGTAGGATGTC-1,0.089376,0.044645,0.397551,0.117787,0.35064
AATGACTGTCAGCCGG-1,0.000024,0.133532,0.595242,0.246277,0.024925
AATGAGTTCGCATATG-1,0.006926,0.126248,0.452622,0.221638,0.192567
AATGATGATACGCTAT-1,0.070805,0.095069,0.626189,0.181093,0.026844
AATGATGCGACTCCTG-1,0.000024,0.048999,0.796298,0.152958,0.001721
AATGCAACCGGGTACC-1,0.04196,0.053515,0.486841,0.376973,0.04071
AATGCACCAAGCAATG-1,0.156586,0.391347,0.262731,0.036542,0.152795
AATGGTCCACCGTTCA-1,0.144025,0.031437,0.124156,0.576347,0.124035
AATGGTTCTCACAAGC-1,0.000022,0.169964,0.501449,0.306323,0.022241
AATGTATGGCACTGTA-1,0.039432,0.165946,0.620134,0.016601,0.157888
AATGTGCCCGAGGTGT-1,0.012386,0.090771,0.45272,0.054929,0.389195
AATGTGCTAATCTGAG-1,0.267985,0.115814,0.495417,0.08053,0.040253
AATGTTAAGACCCTGA-1,0.275047,0.12915,0.398379,0.000574,0.196849
AATTAAAGGTCGGCGT-1,0.000016,0.152181,0.231003,0.481868,0.134932
AATTAACGGATTTCCA-1,0.000012,0.066673,0.599312,0.210972,0.123031
AATTACGAGACCCATC-1,0.019525,0.016045,0.000115,0.234873,0.729442
AATTACTCGTACGCTC-1,0.079944,0.114202,0.000075,0.325144,0.480636
AATTAGCGCTGCAGCG-1,0.00061,0.015848,0.952084,0.000045,0.031414
AATTATACCCAGCAAG-1,0.534598,0.103346,0.221489,0.00008,0.140486
AATTCATAAGGGATCT-1,0.069702,0.363742,0.371165,0.148185,0.047205
AATTCATTGTCATGCA-1,0.000893,0.193359,0.30379,0.318572,0.183385
AATTCCAACTTGGTGA-1,0.280276,0.199624,0.516923,0.000075,0.003102
AATTCCAAGCATGTAC-1,0.092474,0.083022,0.751642,0.008136,0.064726
AATTCGATTCGAGGAT-1,0.179033,0.005034,0.68968,0.003609,0.122644
AATTCTAGAGTTAGGC-1,0.040224,0.024976,0.779593,0.140567,0.014641
AATTGAACGCTCTGGT-1,0.02103,0.020572,0.552368,0.371999,0.03403
AATTGCAGCAATCGAC-1,0.310227,0.000239,0.121432,0.000792,0.56731
AATTGCGTGGATTACA-1,0.025163,0.427736,0.347191,0.105158,0.094752
AATTTGGGACATAGTA-1,0.21301,0.383758,0.302993,0.100113,0.000126
AATTTGGTTCCAAAGA-1,0.000023,0.302937,0.594955,0.081985,0.0201
ACAAACCATGCGTCCT-1,0.042677,0.079332,0.660165,0.055839,0.161986
ACAAACCGACAAGGCG-1,0.056777,0.149823,0.360379,0.342566,0.090455
ACAAACTCCATCAGAG-1,0.086787,0.093608,0.18286,0.071383,0.565363
ACAAAGAAGGTAGGCC-1,0.000526,0.001051,0.002102,0.898197,0.098124
ACAAAGCATGACCTAG-1,0.718129,0.093215,0.188421,0.000117,0.000117
ACAAATCGCACCGAAT-1,0.036503,0.025249,0.736073,0.002027,0.200148
ACAAATGGTAGTGTTT-1,0.055917,0.046252,0.892931,0.004848,0.000051
ACAAATTCAGATCTGA-1,0.030459,0.080998,0.617478,0.254299,0.016766
ACAACAGCATGAGCTA-1,0.110386,0.291758,0.19411,0.264514,0.139232
ACAACGGTCCCTGCGA-1,0.001849,0.059287,0.551254,0.153296,0.234314
ACAAGCAGTGCCTAGC-1,0.008552,0.407338,0.26047,0.168888,0.154753
ACAAGCTATATGGAAG-1,0.003637,0.007274,0.014547,0.967269,0.007274
ACAAGGAAATCCGCCC-1,0.015398,0.19405,0.487077,0.242313,0.061162
ACAAGGACAAGAGGTT-1,0.00045,0.085357,0.80003,0.09337,0.020794
ACAAGGATGCTTTAGG-1,0.241855,0.001591,0.756394,0.00008,0.00008
ACAAGGCCTACCAGCC-1,0.000037,0.031058,0.653547,0.311657,0.003701
ACAAGGGCAGGCTCTG-1,0.072543,0.228238,0.507206,0.143855,0.048158
ACAAGTAATTGTAAGG-1,0.008152,0.129415,0.603682,0.03963,0.219121
ACAATAGTCGTACGTT-1,0.064126,0.15126,0.399365,0.191566,0.193683
ACAATCCATTTAAACC-1,0.001974,0.210641,0.753869,0.033474,0.000041
ACAATCGATCTTTATA-1,0.016776,0.225998,0.567127,0.15923,0.03087
ACAATGAATACGGAGA-1,0.000016,0.074799,0.791694,0.088256,0.045235
ACAATGATTCTTCTAC-1,0.000024,0.008811,0.547463,0.443654,0.000048
ACAATTGTGTCTCTTT-1,0.833205,0.000272,0.165979,0.000272,0.000272
ACAATTTAGGAGGCTC-1,0.074613,0.054323,0.000067,0.190223,0.680774
ACAATTTGAGCAGTGG-1,0.01696,0.203888,0.056253,0.518023,0.204875
ACAATTTGGCCATATT-1,0.996989,0.000602,0.001204,0.000602,0.000602
ACACAAAGACGGGTGG-1,0.062239,0.116811,0.547972,0.242303,0.030675
ACACAAATATTCCTAG-1,0.047434,0.013435,0.727941,0.193638,0.017551
ACACACCAGGACCAGT-1,0.107349,0.039856,0.850302,0.00244,0.000053
ACACACTTTCTACACG-1,0.037134,0.218645,0.513549,0.190938,0.039734
ACACATGATCAAATCT-1,0.027005,0.214142,0.582945,0.079598,0.096311
ACACATTGACGCAACA-1,0.106126,0.093455,0.000063,0.251036,0.54932
ACACATTTCCGTAGAC-1,0.106257,0.030243,0.688037,0.00852,0.166942
ACACCACATAATTAGC-1,0.323447,0.217073,0.39864,0.0507,0.01014
ACACCCAGCATGCAGC-1,0.021169,0.122283,0.456591,0.380131,0.019826
ACACCCGAGAAATCCG-1,0.026637,0.078697,0.658046,0.20928,0.02734
ACACCGAGCGCTCTTT-1,0.000196,0.000392,0.000784,0.000392,0.998236
ACACCGGTCTGACCGC-1,0.000038,0.166721,0.640586,0.058039,0.134616
ACACCTTAAGTAGGGC-1,0.000019,0.333682,0.473468,0.18407,0.008761
ACACCTTACTACTTGC-1,0.647511,0.098257,0.253914,0.000159,0.000159
ACACGAGACTCCTTCT-1,0.078231,0.136304,0.244501,0.186897,0.354067
ACACGGCACTATGCAT-1,0.081719,0.254599,0.180435,0.093493,0.389754
ACACGGGAACTTAGGG-1,0.002268,0.100909,0.47797,0.335408,0.083445
ACACGTAGGCCACAAG-1,0.648015,0.001789,0.349837,0.00018,0.00018
ACACTCCAATGTCACT-1,0.000015,0.016992,0.32769,0.591453,0.063849
ACACTGATCAAGGTGT-1,0.005247,0.293547,0.445194,0.221144,0.034868
ACACTGGGACAGTCGT-1,0.777447,0.01387,0.20836,0.000161,0.000161
ACAGAACTGAGAACAA-1,0.043344,0.17807,0.355153,0.30911,0.114323
ACAGATTAGGTTAGTG-1,0.01343,0.169466,0.424072,0.382332,0.0107
ACAGCATAGAGCCAGT-1,0.018364,0.087876,0.446347,0.405657,0.041756
ACAGCGACATTCTCAT-1,0.885291,0.067109,0.0424,0.000144,0.005057
ACAGCGCACCCGCAGC-1,0.046125,0.165512,0.575281,0.13578,0.077302
ACAGGAGGCGCAGCCG-1,0.001716,0.003431,0.006862,0.419692,0.568299
ACAGGCACGGATCCTT-1,0.489999,0.000059,0.336906,0.03305,0.139987
ACAGGCTTGCCCGACT-1,0.793141,0.000103,0.206549,0.000103,0.000103
ACAGGTGGAGGTGAGG-1,0.054477,0.390302,0.190229,0.285884,0.079108
ACAGGTGTGTTGTTGC-1,0.00433,0.008659,0.017318,0.619699,0.349994
ACAGTAATACAACTTG-1,0.035746,0.050677,0.237827,0.6108,0.064949
ACAGTATACCGTGGGA-1,0.016679,0.134902,0.57112,0.008264,0.269035
ACAGTGCAGCGCATTT-1,0.093321,0.304157,0.30173,0.088815,0.211976
ACATAAGTCGTGGTGA-1,0.006957,0.034405,0.203662,0.414804,0.340171
ACATAATAAGGCGGTG-1,0.101406,0.093234,0.304843,0.100993,0.399525
ACATCAGCTGGGACGC-1,0.051537,0.384205,0.038112,0.243555,0.282591
ACATCCCGGCCATACG-1,0.000019,0.017438,0.909897,0.038711,0.033935
ACATCCTGGTAACTGT-1,0.429423,0.147792,0.336607,0.01493,0.071247
ACATCGATCGTTTACC-1,0.001736,0.048445,0.76725,0.16643,0.016139
ACATCGCAATATTCGG-1,0.003001,0.132108,0.370418,0.241908,0.252564
ACATCGGTCAGCCGCG-1,0.021793,0.205668,0.242309,0.350504,0.179725
ACATCGTATGCAATGG-1,0.07037,0.181315,0.57443,0.043957,0.129928
ACATCGTTAACCTAGT-1,0.007102,0.209426,0.496291,0.264819,0.022361
ACATCTCAACGCGTAA-1,0.088586,0.128011,0.555974,0.180875,0.046554
ACATGCTTACGGCAGC-1,0.01535,0.249062,0.658257,0.017475,0.059857
ACATGGCGCCAAAGTA-1,0.277404,0.247554,0.474843,0.000099,0.000099
ACATGGCTCAATTTAG-1,0.051277,0.122064,0.217268,0.507355,0.102036
ACATTAGTTTATATCC-1,0.022396,0.015995,0.791298,0.148318,0.021992
ACATTCGCGCGGAATA-1,0.006569,0.104473,0.610012,0.03011,0.248836
ACATTTGAAACCTAAC-1,0.488513,0.198602,0.098792,0.005682,0.208411
ACCAAACACCCAGCGA-1,0.114713,0.082729,0.652386,0.119327,0.030845
ACCAAACTAGAAATCC-1,0.292504,0.282128,0.256378,0.166873,0.002117
ACCAACACCACACACT-1,0.007481,0.094197,0.687537,0.186383,0.024401
ACCAACCGCACTCCAC-1,0.622948,0.001934,0.010029,0.010918,0.354171
ACCAACGCTTATTTAT-1,0.02881,0.468005,0.369149,0.10418,0.029856
ACCAAGAACGCGTGTC-1,0.004188,0.229633,0.532667,0.219703,0.013809
ACCAAGTCATCGGCAG-1,0.443066,0.187963,0.000279,0.00014,0.368552
ACCAATATGCAAGTTA-1,0.058245,0.065769,0.476198,0.020806,0.378982
ACCACAACTCAGAACA-1,0.058181,0.453662,0.420116,0.023827,0.044214
ACCACAAGTTTCTATC-1,0.065681,0.289098,0.29821,0.343915,0.003096
ACCACACGGTTGATGG-1,0.151459,0.239661,0.204625,0.000392,0.403863
ACCACCAATGTAACAA-1,0.475423,0.036638,0.02116,0.076312,0.390466
ACCACGTGCAGCTATA-1,0.002295,0.304949,0.501093,0.087681,0.103982
ACCACTGTTCAAGAAG-1,0.043545,0.000092,0.000181,0.188178,0.768004
ACCAGACCATAACAAC-1,0.000466,0.000932,0.001865,0.000933,0.995804
ACCAGCCCGGTCTTTG-1,0.311064,0.323594,0.3545,0.01078,0.000061
ACCAGGAGTGTGATCT-1,0.000022,0.04193,0.568301,0.384106,0.005641
ACCAGTGCCCGGTCAA-1,0.000027,0.060539,0.701215,0.238164,0.000055
ACCAGTGCGGGAGACG-1,0.582373,0.073746,0.343626,0.000127,0.000127
ACCATATCCGCAATAA-1,0.023947,0.134053,0.419084,0.12851,0.294406
ACCATCCGCCAACTAG-1,0.021818,0.238009,0.232556,0.207574,0.300043
ACCATCGTATATGGTA-1,0.028599,0.099014,0.521132,0.220631,0.130623
ACCATTAAGGGTGTCA-1,0.000223,0.000446,0.000891,0.06515,0.93329
ACCCAACGCCCGTGGC-1,0.001629,0.005176,0.160059,0.740908,0.092229
ACCCACCTACATGCTC-1,0.000013,0.033553,0.31995,0.576147,0.070336
ACCCATCTTGAGGGTA-1,0.010312,0.392036,0.56127,0.034364,0.002017
ACCCATTTGTCCCTCT-1,0.947603,0.051809,0.000294,0.000147,0.000147
ACCCGAGCGAAATTAC-1,0.000012,0.007177,0.833172,0.136612,0.023027
ACCCGATTGGTTCCGA-1,0.143386,0.259341,0.457184,0.072745,0.067344
ACCCGGAAACTCCCAG-1,0.000017,0.015679,0.907391,0.055381,0.021533
ACCCGGATGACGCATC-1,0.084636,0.028093,0.867804,0.019395,0.000072
ACCCGGTTACACTTCC-1,0.013676,0.123708,0.750486,0.094372,0.017758
ACCCGTAGCAGAGAAT-1,0.000026,0.057895,0.393615,0.361898,0.186566
ACCCGTGTCATCAGTA-1,0.000346,0.042349,0.756037,0.120387,0.080882
ACCCTATAGGACTGAG-1,0.000026,0.268241,0.500579,0.220482,0.010672
ACCCTATGCCATATCG-1,0.053981,0.14997,0.74078,0.046224,0.009045
ACCCTCCCGTCAGGGC-1,0.698898,0.029953,0.120527,0.000048,0.150574
ACCCTCCCTTGCTATT-1,0.051861,0.084608,0.765464,0.015979,0.082087
ACCCTGGTAACGCCCT-1,0.000021,0.047201,0.889825,0.056004,0.006948
ACCCTTCATCTGCGAA-1,0.049401,0.076943,0.330467,0.144503,0.398687
ACCCTTGCCTGGGTCG-1,0.000024,0.003052,0.996829,0.000048,0.000048
ACCCTTTAGTTCTCCA-1,0.003634,0.241407,0.702846,0.048411,0.003702
ACCGAAAGGGCCCTGC-1,0.061062,0.379629,0.298635,0.231668,0.029005
ACCGAAGAGTCTGGTT-1,0.004883,0.083044,0.238178,0.395179,0.278716
ACCGACACATCTCCCA-1,0.000019,0.016405,0.945077,0.037029,0.00147
ACCGACTGAGTCCCAC-1,0.02009,0.13648,0.627007,0.212188,0.004235
ACCGAGTCTCCTTATT-1,0.001682,0.00089,0.638856,0.037078,0.321494
ACCGATAGGCATAACC-1,0.71152,0.127911,0.083372,0.000206,0.07699
ACCGATATTTAATCAT-1,0.800778,0.001193,0.163785,0.000105,0.034138
ACCGATGGTAGCATCG-1,0.05325,0.016506,0.636867,0.281085,0.012293
ACCGCAATAACTGCCT-1,0.020811,0.018368,0.657205,0.127162,0.176454
ACCGCGGTGGAAGTCG-1,0.999475,0.000105,0.00021,0.000105,0.000105
ACCGCTAGTCATTGGT-1,0.036074,0.32866,0.499363,0.001809,0.134094
ACCGGGCCTTTGTTGA-1,0.763562,0.000152,0.136497,0.000152,0.099637
ACCGGTCAGGTACACC-1,0.013726,0.291648,0.614668,0.024782,0.055175
ACCGGTCTGAGTACGG-1,0.04023,0.138013,0.536818,0.284861,0.000078
ACCGTCCACTGGGCCC-1,0.014905,0.157545,0.081673,0.098913,0.646963
ACCGTGACCACGTGGG-1,0.000012,0.017696,0.632933,0.241166,0.108194
ACCGTTCCCGCTCTGA-1,0.038231,0.409639,0.499714,0.020191,0.032226
ACCTAAGTACCTTTCA-1,0.178712,0.301268,0.382035,0.070583,0.067402
ACCTAATCGACTTCCT-1,0.00774,0.266361,0.642595,0.076231,0.007074
ACCTACAGTATGTGGT-1,0.769023,0.000211,0.114433,0.000211,0.116121
ACCTACTATAAATCTA-1,0.129836,0.007618,0.649076,0.002251,0.211219
ACCTCAGCGAGGCGCA-1,0.146493,0.000268,0.000536,0.000268,0.852434
ACCTCCGCCCTCGCTG-1,0.98095,0.01848,0.000285,0.000143,0.000143
ACCTCGAACTTATGCT-1,0.001231,0.24186,0.469155,0.119134,0.168619
ACCTGCGTGTCATGTT-1,0.019466,0.078178,0.07517,0.705591,0.121595
ACCTTTCCTTTAGAAG-1,0.174612,0.305639,0.385735,0.081464,0.052549
ACGAAATGGGCGGCAC-1,0.137269,0.020544,0.09084,0.514216,0.237131
ACGACTCTAGGGCCGA-1,0.508502,0.000088,0.375572,0.000085,0.115753
ACGACTGGTCATACTC-1,0.173724,0.063756,0.431423,0.271812,0.059284
ACGAGAACCCATCACG-1,0.000021,0.178452,0.419041,0.372325,0.030161
ACGAGATATTTGCTTA-1,0.022174,0.192807,0.634656,0.107762,0.042601
ACGAGGATACCACTCT-1,0.025339,0.288091,0.370753,0.089997,0.225819
ACGAGGTTTACAACGT-1,0.038149,0.634031,0.213801,0.008449,0.105569
ACGAGTACGGATGCCC-1,0.003227,0.047966,0.566311,0.3707,0.011796
ACGAGTCGCCGGCGTT-1,0.184261,0.106697,0.091673,0.133444,0.483925
ACGATACATAGAACTA-1,0.204242,0.538038,0.000088,0.125673,0.131959
ACGATACCTATCCTGA-1,0.002841,0.005683,0.011365,0.974429,0.005682
ACGATCATACATAGAG-1,0.047726,0.218219,0.428013,0.156003,0.150039
ACGATCATCTTGTAAA-1,0.106149,0.058377,0.703781,0.121385,0.010308
ACGATGCATATGTTAT-1,0.000024,0.070917,0.623362,0.273635,0.032061
ACGATGGATCCGATGC-1,0.081988,0.201172,0.506357,0.183471,0.027012
ACGCAAACTAATAGAT-1,0.015385,0.04036,0.850286,0.048591,0.045378
ACGCAATCACTACAGC-1,0.000039,0.212703,0.558794,0.228195,0.000269
ACGCATAAATGACATG-1,0.014664,0.003486,0.340716,0.638764,0.002369
ACGCATACGTTTACTA-1,0.82915,0.000232,0.170156,0.000232,0.000232
ACGCATTCGTGAGTAC-1,0.059752,0.151834,0.302575,0.381778,0.104061
ACGCCACTCGAAACAG-1,0.053119,0.022715,0.374401,0.014015,0.535749
ACGCCAGATGATTTCT-1,0.069224,0.334167,0.438866,0.145688,0.012054
ACGCCAGTGCGTTTGC-1,0.413928,0.015986,0.321975,0.000049,0.248062
ACGCCCAGCTGTCGAT-1,0.161252,0.377729,0.441351,0.007612,0.012056
ACGCCGCTAGACGACC-1,0.01253,0.17323,0.460266,0.288116,0.065858
ACGCCTGACACGCGCT-1,0.349285,0.62274,0.013988,0.006994,0.006994
ACGCGAAGTCAGACGA-1,0.000028,0.06719,0.85448,0.059716,0.018586
ACGCGCTACACAGGGT-1,0.004826,0.112749,0.1455,0.618287,0.118638
ACGCGGGCCAAGGACA-1,0.015076,0.053621,0.485026,0.428696,0.017581
ACGCGTTTCTTAAGAG-1,0.000406,0.000812,0.001624,0.156874,0.840285
ACGCTAGTGATACACT-1,0.000028,0.241068,0.461885,0.275802,0.021216
ACGCTGTGAGGCGTAG-1,0.003308,0.450243,0.263408,0.168053,0.114988
ACGCTTAGTGTCTCTC-1,0.039626,0.044236,0.536549,0.1658,0.213789
ACGGAACACGAGTGCC-1,0.3822,0.001654,0.263504,0.000056,0.352586
ACGGAATTTAGCAAAT-1,0.007162,0.425339,0.350511,0.158106,0.058883
ACGGACGCAGCGACAA-1,0.013832,0.118915,0.658901,0.053189,0.155163
ACGGACTCTCAAAGCG-1,0.752932,0.000165,0.234958,0.000165,0.011781
ACGGAGCGCAAATTAC-1,0.01878,0.134866,0.742467,0.038195,0.065691
ACGGATGGTGCGGATA-1,0.030898,0.002189,0.271284,0.071799,0.623829
ACGGCACTTGCTTGGG-1,0.000024,0.00826,0.974244,0.000048,0.017424
ACGGCCAACATGGACT-1,0.032582,0.108683,0.661907,0.117387,0.079441
ACGGCGACGATGGGAA-1,0.017597,0.141741,0.431032,0.02649,0.383141
ACGGCGGGTTGCCCTG-1,0.000031,0.15716,0.725265,0.117482,0.000062
ACGGCTGGATGTAGAA-1,0.009128,0.232711,0.303359,0.203725,0.251077
ACGGGAGTGTCGGCCC-1,0.05593,0.103134,0.625876,0.156031,0.05903
ACGGGCGTATGCGACA-1,0.026437,0.011232,0.962237,0.000047,0.000047
ACGGGTCATGTGACTT-1,0.02144,0.144603,0.031482,0.428048,0.374427
ACGGGTTGTGACCTGT-1,0.000013,0.010945,0.18107,0.468483,0.33949
ACGGTACAGTTCAATG-1,0.310593,0.007806,0.145813,0.000038,0.535749
ACGGTCACCGAGAACA-1,0.000015,0.000249,0.02295,0.037997,0.938789
ACGTACAGATTTCTCT-1,0.039356,0.172739,0.631034,0.104566,0.052305
ACGTACTTTGGCACGG-1,0.077106,0.193639,0.676893,0.00617,0.046192
ACGTAGATTGCTGATG-1,0.013257,0.446403,0.368569,0.154393,0.017378
ACGTAGGAGAGTCGCT-1,0.066531,0.003209,0.687137,0.015715,0.227408
ACGTATTACTCCGATC-1,0.173979,0.163037,0.661654,0.001259,0.000071
ACGTCCTAAACGAGAT-1,0.014551,0.105832,0.296602,0.515454,0.067561
ACGTCGGGCAACTCGG-1,0.07495,0.000236,0.000473,0.330948,0.593392
ACGTCTCGTTCCGGGA-1,0.00007,0.000139,0.000279,0.114418,0.885094
ACGTGACAAAGTAAGT-1,0.000362,0.000724,0.001449,0.000724,0.99674
ACGTGCGCCTCGTGCA-1,0.011768,0.226458,0.408714,0.316156,0.036904
ACGTGGTCGAATGTGC-1,0.044265,0.077548,0.877376,0.000713,0.000099
ACGTTAATGTCGAAGA-1,0.016868,0.23553,0.584305,0.096006,0.067292
ACGTTAGATTTGCCCG-1,0.331475,0.274676,0.2964,0.097373,0.000076
ACGTTATTGGTCACTC-1,0.017888,0.522038,0.240478,0.197164,0.022432
ACGTTCACTATGCCGC-1,0.066107,0.264373,0.489789,0.018944,0.160787
ACGTTCCGCGCTCCGT-1,0.002007,0.240547,0.193025,0.522644,0.041777
ACGTTCGTTCAGGAAA-1,0.015083,0.045063,0.393916,0.229116,0.316822
ACGTTCTGTACAAGTC-1,0.868281,0.000139,0.131303,0.000139,0.000139
ACGTTGTCGTTGAAAG-1,0.037584,0.082952,0.491509,0.103413,0.284543
ACGTTTAGTTGTGATC-1,0.000584,0.016742,0.517738,0.444608,0.020327
ACTAAGGACGCACACC-1,0.05142,0.087297,0.785089,0.051472,0.024722
ACTAATACGTCAGGCG-1,0.006876,0.000558,0.374951,0.277159,0.340456
ACTACAAAGAGAGGTG-1,0.063438,0.06329,0.743224,0.003996,0.126051
ACTACATCCCGACAAG-1,0.015106,0.235901,0.516029,0.037715,0.195248
ACTACCAGCTCTCTGG-1,0.002452,0.13981,0.741028,0.111654,0.005056
ACTACCATCCGAGGGC-1,0.071291,0.029802,0.511097,0.066339,0.321471
ACTACGCGTTAGAATT-1,0.01558,0.164321,0.786634,0.000034,0.033432
ACTAGTTGCGATCGTC-1,0.99868,0.000264,0.000528,0.000264,0.000264
ACTATATGCTGTGTTC-1,0.00003,0.017605,0.735258,0.225344,0.021762
ACTATCGCCGGCTAAA-1,0.00202,0.004041,0.008082,0.602316,0.383541
ACTATCTGCCCGCGTA-1,0.688903,0.000075,0.00015,0.007082,0.303789
ACTATGTCCAGCTGCC-1,0.000015,0.085668,0.573943,0.026965,0.31341
ACTATTCGTCCGTGGT-1,0.016811,0.226214,0.258139,0.331774,0.167062
ACTATTTCCGGGCCCA-1,0.000017,0.091349,0.833915,0.046378,0.028341
ACTCAACGAATGTATT-1,0.000021,0.171825,0.43571,0.383101,0.009343
ACTCAAGTGCAAGGCT-1,0.099015,0.000048,0.90084,0.000048,0.000048
ACTCAATAAAGGCACG-1,0.003628,0.093328,0.388002,0.503482,0.01156
ACTCAGACCTGCTTCT-1,0.01704,0.086898,0.534699,0.353193,0.008171
ACTCATGGCAGCCTTC-1,0.001787,0.130847,0.460702,0.274042,0.132621
ACTCCAATATCATCAT-1,0.016119,0.073505,0.860826,0.018295,0.031256
ACTCCCATTCCTAAAG-1,0.00304,0.170543,0.332102,0.417608,0.076706
ACTCCCGAATTCGTTT-1,0.046848,0.209784,0.706162,0.031252,0.005954
ACTCCCTAATGCTAAA-1,0.000019,0.001882,0.977714,0.014492,0.005893
ACTCCCTAGAATAGTA-1,0.019162,0.027902,0.938568,0.000048,0.01432
ACTCCGGCCGACCACT-1,0.80543,0.00007,0.194361,0.00007,0.00007
ACTCGATGTATTTCAT-1,0.024988,0.172796,0.02243,0.447655,0.33213
ACTCGCGATCTGACGC-1,0.999012,0.000198,0.000395,0.000198,0.000198
ACTCGTAACCCGTCCT-1,0.008745,0.173795,0.238259,0.378238,0.200963
ACTCGTCAGTAATCCC-1,0.030423,0.009365,0.106558,0.70814,0.145514
ACTCTAAACCTGGGAT-1,0.002218,0.004435,0.273361,0.004435,0.715551
ACTCTCTGACTTAGGT-1,0.017887,0.063765,0.181172,0.53667,0.200505
ACTCTCTTATACACGA-1,0.08064,0.09582,0.439249,0.368495,0.015796
ACTCTGACCTAATAGA-1,0.540328,0.054938,0.404161,0.000063,0.00051
ACTCTTCAGCTCCCGC-1,0.884532,0.076824,0.038326,0.00016,0.00016
ACTCTTGTATAGTAAC-1,0.067312,0.285608,0.52967,0.067976,0.049433
ACTGAAACGCCGTTAG-1,0.855184,0.002402,0.107105,0.035203,0.000106
ACTGAATGGCGAAAGT-1,0.023852,0.066666,0.783416,0.04718,0.078886
ACTGATTTAGTGATTC-1,0.059305,0.180666,0.568314,0.103188,0.088528
ACTGCCCGCCATTCTC-1,0.258254,0.365759,0.366314,0.000367,0.009305
ACTGCCGTCGTAACTC-1,0.012193,0.193922,0.318728,0.17838,0.296778
ACTGCGGACACACCGT-1,0.909845,0.019998,0.035637,0.03441,0.000111
ACTGCTCGGAAGGATG-1,0.004944,0.234141,0.190886,0.248833,0.321196
ACTGGCGAACCTGCGT-1,0.00417,0.232981,0.627424,0.10825,0.027176
ACTGGGATGCCAGTGC-1,0.053853,0.004495,0.338634,0.040895,0.562124
ACTGTACGATACACAT-1,0.038295,0.124691,0.276234,0.300278,0.260502
ACTGTAGCACTTTGGA-1,0.000029,0.163602,0.727836,0.087594,0.02094
ACTGTATACGCGAGCA-1,0.000031,0.169756,0.640175,0.189975,0.000063
ACTGTCCAGGATTATA-1,0.000198,0.290269,0.311057,0.288837,0.109639
ACTGTCTTCTTTAGAA-1,0.027584,0.414998,0.376434,0.094954,0.08603
ACTGTGCTAGTAGATC-1,0.000038,0.250752,0.710171,0.038963,0.000076
ACTGTTTAGTGTAGGC-1,0.062486,0.320791,0.404902,0.196351,0.01547
ACTTACCGGGCGCGCA-1,0.050019,0.084962,0.300626,0.4383,0.126093
ACTTACGCATCCACGC-1,0.390354,0.058392,0.523411,0.000268,0.027575
ACTTAGTACGACAAGA-1,0.174859,0.036988,0.73178,0.056317,0.000055
ACTTATACTTACCCGG-1,0.047977,0.047585,0.565185,0.334213,0.00504
ACTTATCTGATCTATA-1,0.223943,0.547696,0.224117,0.004146,0.000098
ACTTATTAGGATCGGT-1,0.152002,0.487108,0.190033,0.072548,0.098309
ACTTATTTATGTGCCA-1,0.202482,0.042806,0.754588,0.000062,0.000062
ACTTCAGGCTGATCCC-1,0.055859,0.188338,0.558405,0.003894,0.193503
ACTTCCAGTGGAAGCT-1,0.000218,0.000436,0.000872,0.071143,0.927331
ACTTCCATGCGGGACA-1,0.109567,0.000053,0.890273,0.000053,0.000053
ACTTCGCCATACGCAC-1,0.025514,0.05453,0.375426,0.494652,0.049876
ACTTCGCTAGCGAGTG-1,0.846993,0.054781,0.097633,0.000297,0.000297
ACTTGACTCCCTCTTT-1,0.001847,0.114936,0.812524,0.059363,0.01133
ACTTGCCATATTGTAC-1,0.018923,0.106913,0.567419,0.27246,0.034285
ACTTGCTCTATCTACC-1,0.000318,0.511585,0.05464,0.096795,0.336662
ACTTGGGACCCGGTGG-1,0.034371,0.384036,0.415444,0.158966,0.007183
ACTTGGGCTTTCGCCA-1,0.094026,0.000169,0.000337,0.000169,0.905299
ACTTGTAGTCCCTTCA-1,0.012379,0.314787,0.00006,0.185007,0.487767
ACTTGTGGATGGAACG-1,0.818458,0.000311,0.180608,0.000311,0.000311
ACTTGTTACCGGATCA-1,0.488681,0.178401,0.28799,0.000148,0.04478
ACTTTACCCTCATGAA-1,0.028546,0.060027,0.83137,0.053912,0.026144
ACTTTATACACCACTT-1,0.009075,0.193362,0.343365,0.000046,0.454152
ACTTTCCTATAGCTTC-1,0.190169,0.075645,0.510556,0.220589,0.003042
ACTTTGACTGCATCCT-1,0.00211,0.316787,0.00846,0.325456,0.347187
ACTTTGGTCGTGCTCC-1,0.019689,0.266855,0.382533,0.077362,0.253561
ACTTTGTCGACGCACT-1,0.733799,0.025419,0.100285,0.000097,0.140399
AGAAATTATGACTCGC-1,0.894252,0.105288,0.00023,0.000115,0.000115
AGAACACGGCGATGGT-1,0.000012,0.002234,0.462881,0.374094,0.160778
AGAACCCAGCGTGACA-1,0.99897,0.000206,0.000412,0.000206,0.000206
AGAACCCTCAATTGGG-1,0.069288,0.272712,0.201688,0.097186,0.359127
AGAACGTGGTACATTC-1,0.026037,0.309655,0.544361,0.104621,0.015327
AGAAGAGCGCCGTTCC-1,0.000874,0.001748,0.333689,0.341637,0.322051
AGAAGGTACACTTCAC-1,0.06571,0.332027,0.315733,0.071753,0.214778
AGAAGGTTGCCGAATT-1,0.000015,0.010777,0.497965,0.420127,0.071116
AGAAGGTTGTAGGTCG-1,0.114155,0.012504,0.853261,0.000059,0.020021
AGAAGTGATTCGTGAT-1,0.066055,0.274679,0.553212,0.087398,0.018656
AGAATAAATCTTCAGG-1,0.058013,0.437578,0.043027,0.13984,0.321542
AGAATACAGGCTATCC-1,0.326764,0.134046,0.245231,0.00005,0.293908
AGAATGCGGGTTCGGA-1,0.013328,0.084,0.664393,0.233536,0.004742
AGAATTATGGATTCGA-1,0.008862,0.178188,0.370655,0.425285,0.01701
AGAATTGTTTGACATA-1,0.000012,0.235287,0.135406,0.446011,0.183284
AGACAGCTCAGAATCC-1,0.027145,0.197896,0.292017,0.380642,0.102299
AGACAGGCATCTCAGC-1,0.078765,0.000032,0.000064,0.000032,0.921107
AGACATAGATCCTTCC-1,0.002381,0.105147,0.510805,0.377208,0.00446
AGACCAAACCACACCT-1,0.00103,0.373502,0.10433,0.330544,0.190593
AGACCATGGGATACAA-1,0.005159,0.066037,0.420521,0.387856,0.120428
AGACCCACCGCTGATC-1,0.011601,0.220378,0.694692,0.002446,0.070882
AGACCCGCCCTCCTCG-1,0.015614,0.247313,0.49013,0.246893,0.000051
AGACCGCTCCGCGGTT-1,0.96389,0.03318,0.00047,0.000235,0.002224
AGACCGGGAAACCCTG-1,0.001504,0.141339,0.225573,0.53457,0.097013
AGACGAAGTGCCGGTC-1,0.929271,0.000277,0.069899,0.000277,0.000277
AGACGACGATGCCGCT-1,0.034373,0.166138,0.485553,0.219185,0.094752
AGACGGGATTGGTATA-1,0.069865,0.448934,0.375644,0.105135,0.000422
AGACGGGCCGATTTAA-1,0.003982,0.000679,0.684995,0.284395,0.025948
AGACTAGCCTTCCAGA-1,0.006877,0.041346,0.421089,0.496132,0.034556
AGACTGTTACCGGGTC-1,0.029129,0.12077,0.781498,0.027693,0.040911
AGAGAAACACCAGAAA-1,0.086346,0.887354,0.000121,0.007001,0.019178
AGAGAACCGTCTAGGA-1,0.005352,0.090269,0.472071,0.355492,0.076816
AGAGAAGGAGTACAAT-1,0.021583,0.176876,0.528388,0.094287,0.178866
AGAGATCTCTAAAGCG-1,0.008363,0.309354,0.281423,0.140923,0.259938
AGAGCAGTTATGAGAC-1,0.043942,0.236123,0.49556,0.197251,0.027124
AGAGCCGCCGAGATTT-1,0.727566,0.140571,0.035707,0.002878,0.093277
AGAGCGCTTGTAACGG-1,0.053622,0.133953,0.793411,0.000082,0.018933
AGAGCGGGCTAATCAT-1,0.000641,0.253457,0.224979,0.480766,0.040157
AGAGCGTACAAGCTCG-1,0.033518,0.331046,0.490662,0.093468,0.051305
AGAGCTACGAAAGCAT-1,0.00289,0.168316,0.544626,0.190184,0.093983
AGAGGCTTCGGAAACC-1,0.998402,0.00032,0.000639,0.00032,0.00032
AGAGGTATCTCGGTCC-1,0.058609,0.130661,0.670176,0.139742,0.000811
AGAGTAAACTTCACTA-1,0.998241,0.000352,0.000703,0.000352,0.000352
AGAGTTAGAGACCGAT-1,0.000027,0.00574,0.600253,0.391151,0.002829
AGAGTTGCAGGCCTCC-1,0.064756,0.145349,0.748936,0.040898,0.00006
AGATAACTTCAGGGCC-1,0.003705,0.136503,0.487422,0.351304,0.021067
