Barcode,Topic 1,Topic 2to3,Topic 4,Topic 5to7
AAACAACGAATAGTTC-1,0.089417,0.190456,0.096992,0.623136
AAACAAGTATCTCCCA-1,0.088838,0.011288,0.044879,0.854995
AAACAATCTACTAGCA-1,0.027249,0.112984,0.111485,0.748282
AAACACCAATAACTGC-1,0.000049,0.003004,0.173326,0.823621
AAACAGAGCGACTCCT-1,0.216528,0.382232,0.062559,0.33868
AAACAGCTTTCAGAAG-1,0.042325,0.6332,0.124915,0.199559
AAACAGGGTCTATATT-1,0.000597,0.529681,0.183881,0.285842
AAACATTTCCCGGATT-1,0.09836,0.208427,0.103433,0.589779
AAACCACTACACAGAT-1,0.499251,0.032943,0.010363,0.457443
AAACCCGAACGAAATC-1,0.853826,0.030447,0.044155,0.071572
AAACCGGAAATGTTAA-1,0.037115,0.528839,0.104933,0.329113
AAACCGGGTAGGTACC-1,0.059979,0.406142,0.214706,0.319173
AAACCGTTCGTCCAGG-1,0.000023,0.795908,0.119741,0.084329
AAACCTAAGCAGCCGG-1,0.000021,0.29201,0.195975,0.511994
AAACCTCATGAAGTTG-1,0.077256,0.130424,0.197813,0.594508
AAACGAAGAACATACC-1,0.005299,0.086812,0.06518,0.842709
AAACGACAGTCTTGCC-1,0.917715,0.000242,0.000121,0.081921
AAACGAGACGGTTGAT-1,0.7545,0.000336,0.022477,0.222687
AAACGCCCGAGATCGG-1,0.035783,0.016903,0.047846,0.899468
AAACGCTGGGCACGAC-1,0.047614,0.498121,0.03011,0.424155
AAACGGGCGTACGGGT-1,0.018663,0.317367,0.094798,0.569172
AAACGGGTTGGTATCC-1,0.053779,0.145221,0.041462,0.759538
AAACGGTTGCGAACTG-1,0.107765,0.161031,0.333862,0.397343
AAACGTGTTCGCCCTA-1,0.117677,0.320444,0.046648,0.51523
AAACTAACGTGGCGAC-1,0.21946,0.385721,0.056888,0.337931
AAACTCGGTTCGCAAT-1,0.000909,0.092323,0.466494,0.440274
AAACTCGTGATATAAG-1,0.076103,0.119118,0.081831,0.722948
AAACTGCTGGCTCCAA-1,0.085926,0.026737,0.049747,0.83759
AAACTTGCAAACGTAT-1,0.019523,0.124551,0.212521,0.643406
AAAGAATGTGGACTAA-1,0.153998,0.000054,0.011411,0.834537
AAAGACATGAAGTTTA-1,0.172083,0.013589,0.09156,0.722768
AAAGACCCAAGTCGCG-1,0.101706,0.498345,0.13674,0.263209
AAAGACTGGGCGCTTT-1,0.483292,0.08157,0.144836,0.290301
AAAGCTTGCCTACATA-1,0.029264,0.841223,0.027497,0.102017
AAAGGCCCTATAATAC-1,0.154006,0.013551,0.296726,0.535717
AAAGGCTACGGACCAT-1,0.010227,0.777303,0.083386,0.129083
AAAGGCTCTCGCGCCG-1,0.013375,0.542199,0.125342,0.319084
AAAGGGATGTAGCAAG-1,0.79077,0.000234,0.000119,0.208877
AAAGGGCAGCTTGAAT-1,0.107864,0.411806,0.131643,0.348688
AAAGGTAAGCTGTACC-1,0.017553,0.079038,0.021649,0.88176
AAAGGTCAACGACATG-1,0.016159,0.437616,0.097635,0.44859
AAAGTAGCATTGCTCA-1,0.005873,0.413101,0.32402,0.257006
AAAGTCACTGATGTAA-1,0.4153,0.008288,0.043739,0.532673
AAAGTCGACCCTCAGT-1,0.088372,0.141555,0.331897,0.438175
AAAGTGCCATCAATTA-1,0.042814,0.399843,0.039558,0.517785
AAAGTGTGATTTATCT-1,0.039597,0.193665,0.065584,0.701155
AAAGTTGACTCCCGTA-1,0.06496,0.819736,0.052924,0.06238
AAATAACCATACGGGA-1,0.244834,0.207821,0.046372,0.500974
AAATAAGGTAGTGCCC-1,0.121012,0.059327,0.045957,0.773705
AAATACCTATAAGCAT-1,0.000722,0.006294,0.113337,0.879647
AAATAGGGTGCTATTG-1,0.000045,0.489546,0.183706,0.326703
AAATCCGATACACGCC-1,0.012917,0.033912,0.084976,0.868195
AAATCGTGTACCACAA-1,0.022392,0.081545,0.103287,0.792776
AAATCTAGCCCTGCTA-1,0.026202,0.165729,0.311446,0.496623
AAATGCTCGTTACGTT-1,0.234947,0.064504,0.208595,0.491954
AAATGGCATGTCTTGT-1,0.002069,0.390814,0.05586,0.551257
AAATGGCCCGTGCCCT-1,0.004669,0.045391,0.211868,0.738073
AAATGGTCAATGTGCC-1,0.000046,0.000091,0.004169,0.995694
AAATGTATCTTATCCC-1,0.119458,0.150171,0.262488,0.467883
AAATGTGGGTGCTCCT-1,0.231591,0.046191,0.096419,0.625799
AAATTAACGGGTAGCT-1,0.143873,0.108359,0.184755,0.563013
AAATTAATAAGCGCGA-1,0.144333,0.125723,0.14353,0.586414
AAATTACACGACTCTG-1,0.046899,0.512432,0.117667,0.323001
AAATTACCTATCGATG-1,0.050396,0.125721,0.022229,0.801654
AAATTCCAGGTCCAAA-1,0.085213,0.23706,0.078388,0.599339
AAATTGATAGTCCTTT-1,0.184603,0.00927,0.081826,0.724301
AAATTGCGGCGGTTCT-1,0.398983,0.00016,0.058662,0.542195
AAATTGGTGAGAAGCA-1,0.125775,0.228568,0.096367,0.54929
AAATTTACCGAAATCC-1,0.841883,0.000632,0.000316,0.157169
AAATTTGCGGGTGTGG-1,0.000024,0.700849,0.112535,0.186592
AACAACTGGTAGTTGC-1,0.068461,0.691509,0.131992,0.108039
AACAATACATTGTCGA-1,0.000041,0.151264,0.463044,0.385652
AACAATTACTCTACGC-1,0.032859,0.211509,0.195849,0.559783
AACACACGCTCGCCGC-1,0.026447,0.220147,0.093435,0.65997
AACACGACTGTACTGA-1,0.058874,0.308942,0.115921,0.516262
AACACGAGACGCGGCC-1,0.000038,0.07309,0.139417,0.787456
AACACGCGGCCGCGAA-1,0.0593,0.001402,0.091575,0.847722
AACAGCTGTGTGGCAA-1,0.002242,0.092691,0.208186,0.696881
AACAGGAAATCGAATA-1,0.168041,0.132962,0.110006,0.588991
AACAGGATGGGCCGCG-1,0.297802,0.327624,0.111327,0.263247
AACAGGTAGTATGGAT-1,0.378328,0.084885,0.096777,0.44001
AACATATCAACTGGTG-1,0.093717,0.247897,0.076254,0.582132
AACATCGATACGTCTA-1,0.201834,0.158341,0.040292,0.599533
AACATTGAAGTTGATC-1,0.242087,0.025172,0.09583,0.63691
AACATTGGTCAGCCGT-1,0.156463,0.017423,0.163815,0.662299
AACATTGTGACTCGAG-1,0.000024,0.508582,0.188218,0.303175
AACCAAGACTTCTCTG-1,0.131938,0.091805,0.297748,0.478509
AACCAGTATCACTCTT-1,0.252641,0.297177,0.251692,0.198489
AACCATGGGATCGCTA-1,0.005388,0.65764,0.145323,0.191649
AACCCAGAGACGGAGA-1,0.462424,0.000148,0.011925,0.525503
AACCCATCCCATGATC-1,0.000034,0.001007,0.063527,0.935431
AACCCGACAACCCGTG-1,0.038709,0.273465,0.294522,0.393305
AACCCGAGCAGAATCG-1,0.109238,0.235998,0.262101,0.392664
AACCCTACTGTCAATA-1,0.099476,0.005646,0.016732,0.878146
AACCCTGGTGGAACCA-1,0.913685,0.000217,0.000108,0.08599
AACCGAGCTTGGTCAT-1,0.03572,0.473299,0.075881,0.4151
AACCGCTAAGGGATGC-1,0.035523,0.134216,0.055557,0.774704
AACCGTTGTGTTTGCT-1,0.734197,0.000168,0.010267,0.255368
AACCTAAAGCCGTCCG-1,0.071047,0.000081,0.012259,0.916613
AACCTCGCTTTAGCCC-1,0.043447,0.327899,0.197769,0.430884
AACCTGTCACGGAATT-1,0.107208,0.331442,0.067953,0.493397
AACCTTTAAATACGGT-1,0.031275,0.184852,0.096923,0.68695
AACCTTTACGACGTCT-1,0.000042,0.018213,0.024721,0.957023
AACGACCTCCTAGCCG-1,0.044574,0.32706,0.032563,0.595802
AACGATAATGCCGTAG-1,0.032068,0.736365,0.117936,0.113631
AACGATAGAAGGGCCG-1,0.006499,0.961938,0.012929,0.018635
AACGATATGTCAACTG-1,0.06375,0.226056,0.100188,0.610005
AACGCATGATCTGGGT-1,0.275265,0.056614,0.018711,0.64941
AACGCGAACGGCAACA-1,0.095234,0.153952,0.085811,0.665003
AACGCGACCTTGGGCG-1,0.013464,0.629953,0.120459,0.236124
AACGCGGTCTCCAGCC-1,0.414286,0.012371,0.106712,0.46663
AACGCTGTTGCTGAAA-1,0.017589,0.22909,0.11293,0.640391
AACGGACGTACGTATA-1,0.013853,0.113795,0.037255,0.835097
AACGGCCATCTCCGGT-1,0.000032,0.33769,0.103505,0.558773
AACGTACTGTGGGTAC-1,0.000038,0.33082,0.164215,0.504928
AACGTAGTCTACCCAT-1,0.03184,0.061191,0.170357,0.736612
AACGTCAGACTAGTGG-1,0.079125,0.403654,0.192811,0.324409
AACGTCGCTGCACTTC-1,0.000052,0.006451,0.066568,0.926928
AACGTGATGAAGGACA-1,0.041398,0.320733,0.056925,0.580944
AACGTGCGAAAGTCTC-1,0.056243,0.000089,0.000982,0.942686
AACGTTATCAGCACCT-1,0.175491,0.208202,0.317757,0.298551
AACTACCCGTTTGTCA-1,0.128745,0.790475,0.057959,0.022821
AACTAGCGTATCGCAC-1,0.573125,0.040664,0.025756,0.360455
AACTAGGCTTGGGTGT-1,0.000054,0.013851,0.098481,0.887614
AACTCAAGTTAATTGC-1,0.004798,0.709955,0.079866,0.205381
AACTCCAGAGCGTGTT-1,0.000039,0.103118,0.202659,0.694184
AACTCCTAATCCCATG-1,0.952015,0.000209,0.000105,0.047671
AACTCGATAAACACGT-1,0.016502,0.374483,0.3292,0.279815
AACTCGATGGCGCAGT-1,0.004531,0.968452,0.019731,0.007286
AACTCTCAATAGAGCG-1,0.045143,0.580653,0.054603,0.319601
AACTCTCAGTGTGCTC-1,0.00052,0.217811,0.204303,0.577367
AACTGAGGTCAGCGTC-1,0.295316,0.000145,0.018109,0.68643
AACTGAGTTATACTGA-1,0.019875,0.344621,0.044556,0.590949
AACTGATATTAGGCCT-1,0.005173,0.166973,0.146533,0.681321
AACTGGGTCCCGACGT-1,0.042827,0.025972,0.124369,0.806831
AACTGGGTTCGAGCCG-1,0.040277,0.810055,0.033866,0.115802
AACTGGTGTGGGCCTT-1,0.22919,0.284494,0.162098,0.324218
AACTTCTGCGTCTATC-1,0.227639,0.000191,0.211835,0.560335
AACTTGCCCGTATGCA-1,0.110421,0.000092,0.018277,0.87121
AACTTGCGTTCTCGCG-1,0.078333,0.051204,0.160458,0.710005
AACTTTACGGGAGCTT-1,0.190776,0.197956,0.143405,0.467862
AACTTTAGCTGCTGAG-1,0.831789,0.047486,0.012886,0.107839
AACTTTCTCGATCATG-1,0.080722,0.553852,0.04893,0.316496
AAGAAATCACCAGATT-1,0.114395,0.107841,0.04694,0.730824
AAGAAGGATCAGTTAG-1,0.198071,0.209893,0.115068,0.476969
AAGACATACGTGGTTT-1,0.016567,0.038175,0.037406,0.907853
AAGACCCAACTGAACA-1,0.002401,0.582731,0.183353,0.231514
AAGACTAACCCGTTGT-1,0.054409,0.062988,0.108553,0.77405
AAGACTCACGCCCACT-1,0.17147,0.473972,0.128468,0.22609
AAGACTGCAAGCTACT-1,0.16186,0.202994,0.222413,0.412733
AAGAGATGAATCGGTA-1,0.189267,0.03752,0.121366,0.651847
AAGAGCTCTTTATCGG-1,0.319031,0.319361,0.029007,0.332601
AAGAGGATGTACGCGA-1,0.078075,0.167886,0.243661,0.510377
AAGAGGCATGGATCGC-1,0.997865,0.000712,0.000356,0.001068
AAGAGGCCCTTTGGAA-1,0.070538,0.164242,0.161053,0.604167
AAGATGGCACCGGACC-1,0.003347,0.0513,0.216495,0.728858
AAGATTGGCGGAACGT-1,0.017109,0.904996,0.01048,0.067415
AAGCACCCTGCGTATC-1,0.006456,0.118726,0.175644,0.699174
AAGCATACTCTCCTGA-1,0.011419,0.372637,0.186896,0.429047
AAGCCGAAGCGGTTTA-1,0.075707,0.64234,0.072124,0.209829
AAGCCGCCGTGAAATC-1,0.000041,0.107237,0.237549,0.655173
AAGCCGCTTTACCTTG-1,0.14268,0.160806,0.051532,0.644982
AAGCCGGAGAGCAGGA-1,0.126071,0.416555,0.091184,0.36619
AAGCGCAGGGCTTTGA-1,0.015764,0.405245,0.182851,0.39614
AAGCGGAGTGCGCGCA-1,0.097053,0.162828,0.016522,0.723597
AAGCGGCGTCATGGGT-1,0.250477,0.029333,0.026306,0.693884
AAGCGTCCCTCATCGA-1,0.143557,0.007627,0.60342,0.245395
AAGCTAGATCGAGTAA-1,0.000033,0.170893,0.228204,0.600869
AAGCTCGTGCCAAGTC-1,0.341414,0.000618,0.010909,0.647059
AAGCTCTTTCATGGTG-1,0.000944,0.203834,0.112901,0.682322
AAGGAGAACTTATAAG-1,0.285123,0.043824,0.056997,0.614057
AAGGAGCGGTTGGTGC-1,0.005157,0.000113,0.003296,0.991435
AAGGATCGATCGCTTG-1,0.167318,0.196109,0.030896,0.605678
AAGGATGAGGGACCTC-1,0.01167,0.0298,0.066442,0.892089
AAGGCAGGCTGTCTCC-1,0.500877,0.175434,0.074613,0.249077
AAGGCGCGTAAAGCTT-1,0.937142,0.000132,0.003535,0.05919
AAGGCTGTGCTCATCG-1,0.091698,0.807506,0.022747,0.078049
AAGGGAACGACTGGCT-1,0.000018,0.778275,0.11182,0.109887
AAGGGACAGATTCTGT-1,0.024406,0.532577,0.055993,0.387025
AAGGGACTATGCATTC-1,0.003007,0.313443,0.284526,0.399023
AAGGTATCCTAATATA-1,0.033634,0.161151,0.025522,0.779693
AAGGTGATAAACCAGC-1,0.025374,0.16834,0.051368,0.754919
AAGTAAGCTTCCAAAC-1,0.090765,0.528243,0.119924,0.261068
AAGTAGAAGACCGGGT-1,0.00175,0.000086,0.007249,0.990916
AAGTAGTGACGCGAGG-1,0.016404,0.15976,0.142844,0.680992
AAGTCAATTGTCGTCA-1,0.819089,0.180555,0.000089,0.000267
AAGTCTAGTAGCTGCC-1,0.12682,0.105397,0.041071,0.726712
AAGTCTTCTGTGGCCT-1,0.003008,0.560378,0.138608,0.298005
AAGTGACGACCGAATT-1,0.165408,0.000105,0.113251,0.721236
AAGTGAGTCGGGTTTA-1,0.002171,0.37702,0.11678,0.504029
AAGTGCAAAGGTAGAC-1,0.399823,0.000196,0.123984,0.475996
AAGTGCCTTGACTGTA-1,0.715567,0.126956,0.019641,0.137836
AAGTGCGTTAGAATCT-1,0.002099,0.801578,0.126584,0.069739
AAGTGCTTCTCTATTG-1,0.145467,0.009599,0.56496,0.279974
AAGTGTTTGGAGACGG-1,0.015068,0.084443,0.090362,0.810127
AAGTTCACTCCAAGCT-1,0.000036,0.035035,0.09484,0.870089
AAGTTCAGTCTGCGTA-1,0.015171,0.567186,0.080023,0.33762
AAGTTCGGCCAACAGG-1,0.00478,0.425844,0.142385,0.426991
AAGTTGTGATGTTATA-1,0.000339,0.621401,0.10402,0.27424
AAGTTTACTAATGGCA-1,0.031816,0.121874,0.134918,0.711392
AAGTTTATGGGCCCAA-1,0.000604,0.41308,0.24714,0.339175
AATAACAACGCTCGGC-1,0.000022,0.757484,0.108601,0.133893
AATAACACTAGAACAA-1,0.008185,0.472399,0.126456,0.392959
AATAAGTCCTCGAGAC-1,0.050521,0.343903,0.168027,0.437549
AATAATCTTCGTATCG-1,0.097193,0.669364,0.062069,0.171375
AATACAATGTTTCAGG-1,0.232418,0.044645,0.216485,0.506451
AATACCGGAGGGCTGT-1,0.050187,0.002692,0.097346,0.849775
AATACCTGATGTGAAC-1,0.000129,0.267329,0.229788,0.502754
AATAGAACAGAGTGGC-1,0.04671,0.328015,0.172025,0.45325
AATAGAATCTGTTTCA-1,0.030353,0.076383,0.024253,0.869011
AATAGCAAGCCTCCTG-1,0.803017,0.000244,0.000122,0.196617
AATAGCTACCGCGTGC-1,0.036522,0.098099,0.023082,0.842297
AATAGTCCGTCCCGAC-1,0.048604,0.88186,0.051276,0.01826
AATAGTCGCGAGTCGG-1,0.286774,0.002716,0.320111,0.390399
AATATCAAGGTCGGAT-1,0.063863,0.325511,0.323825,0.286801
AATATCCTAGCAAACT-1,0.006342,0.428258,0.147894,0.417506
AATATCGAATCAATGC-1,0.114769,0.02793,0.068553,0.788747
AATATCGAGGGTTCTC-1,0.111106,0.080374,0.139958,0.668562
AATATTGGAGTATTGA-1,0.10832,0.092619,0.121007,0.678053
AATCAGGTTTCATTTA-1,0.728963,0.016067,0.023884,0.231085
AATCATGTAAAGACTC-1,0.012361,0.34051,0.257234,0.389896
AATCCAAGGGCCTGAG-1,0.240014,0.078517,0.198705,0.482763
AATCCATGCAAGGGTG-1,0.015948,0.146732,0.443974,0.393347
AATCGCCTCAGCGCCA-1,0.004247,0.737971,0.114476,0.143305
AATCGCGCAGAGGACT-1,0.11138,0.038299,0.097128,0.753193
AATCGGGACACTACGA-1,0.047016,0.786191,0.019529,0.147264
AATCGGTATAGCCCTC-1,0.001797,0.229296,0.034119,0.734788
AATCGTGAGCCGAGCA-1,0.100795,0.113836,0.06916,0.71621
AATCTAGGTTTACTTG-1,0.000075,0.063778,0.237543,0.698603
AATCTATGCCGGAGCC-1,0.11506,0.000119,0.004785,0.880036
AATCTCTACTGTGGTT-1,0.005131,0.052207,0.134907,0.807754
AATCTGCGTTGGGACG-1,0.034002,0.000134,0.000067,0.965797
AATCTGGCTTTCTAGT-1,0.000031,0.679203,0.133192,0.187573
AATCTGGGTAGACCCT-1,0.290366,0.094413,0.070864,0.544357
AATGACAGCAATGTCT-1,0.000038,0.371983,0.237489,0.39049
AATGACGTAGGATGTC-1,0.00054,0.60338,0.128235,0.267845
AATGACTGTCAGCCGG-1,0.030312,0.009309,0.050802,0.909577
AATGAGTTCGCATATG-1,0.190853,0.377148,0.117458,0.314541
AATGATGATACGCTAT-1,0.015326,0.447938,0.069349,0.467386
AATGATGCGACTCCTG-1,0.000034,0.062961,0.046334,0.890671
AATGCAACCGGGTACC-1,0.136752,0.081841,0.120157,0.66125
AATGCACCAAGCAATG-1,0.000047,0.002817,0.016934,0.980202
AATGGCCGCCAATGCG-1,0.771931,0.00044,0.00022,0.227409
AATGGTCCACCGTTCA-1,0.662071,0.001305,0.119759,0.216865
AATGGTTCTCACAAGC-1,0.229672,0.039691,0.289072,0.441565
AATGTGCCCGAGGTGT-1,0.000039,0.614586,0.185906,0.19947
AATGTTGTCGTGAGAC-1,0.01371,0.001556,0.030506,0.954228
AATTAAAGGTCGGCGT-1,0.39511,0.000136,0.053036,0.551718
AATTAACGGATTTCCA-1,0.01889,0.469249,0.177595,0.334266
AATTACTCGTACGCTC-1,0.00004,0.148475,0.119921,0.731563
AATTAGCGCTGCAGCG-1,0.032118,0.274861,0.156617,0.536404
AATTCATAAGGGATCT-1,0.00006,0.101579,0.097035,0.801327
AATTCCAACTTGGTGA-1,0.044859,0.158289,0.408615,0.388237
AATTCCAAGCATGTAC-1,0.194157,0.318387,0.261216,0.22624
AATTCGATTCGAGGAT-1,0.035783,0.62851,0.076352,0.259354
AATTCTAGAGTTAGGC-1,0.002663,0.211334,0.178305,0.607698
AATTGAACGCTCTGGT-1,0.004961,0.023539,0.044287,0.927214
AATTGCAGCAATCGAC-1,0.020174,0.071243,0.136989,0.771594
AATTGTGGTTGCCAAA-1,0.022555,0.848041,0.025501,0.103903
AATTTGGGACATAGTA-1,0.48545,0.000141,0.008391,0.506018
AATTTGGTTCCAAAGA-1,0.091123,0.000094,0.022563,0.88622
ACAAAGAAGGTAGGCC-1,0.006918,0.213206,0.220036,0.55984
ACAAAGCATGACCTAG-1,0.037455,0.177184,0.130814,0.654548
ACAAATCGCACCGAAT-1,0.002883,0.014858,0.085546,0.896713
ACAAATGGTAGTGTTT-1,0.07821,0.154009,0.063982,0.703799
ACAAATTCAGATCTGA-1,0.100939,0.548587,0.058547,0.291927
ACAACAGCATGAGCTA-1,0.91063,0.00035,0.000175,0.088844
ACAACGGTCCCTGCGA-1,0.000461,0.283441,0.204417,0.511681
ACAAGCAGTGCCTAGC-1,0.045079,0.063797,0.105534,0.78559
ACAAGCTATATGGAAG-1,0.00541,0.388805,0.216405,0.38938
ACAAGGAAATCCGCCC-1,0.398365,0.0278,0.147009,0.426826
ACAAGGACAAGAGGTT-1,0.140642,0.242059,0.104857,0.512442
ACAAGGATGCTTTAGG-1,0.000049,0.598682,0.125567,0.275702
ACAAGGCCTACCAGCC-1,0.031402,0.198352,0.052176,0.718069
ACAAGGGCAGGCTCTG-1,0.00005,0.000681,0.025233,0.974035
ACAATAGTCGTACGTT-1,0.059446,0.793366,0.086497,0.060691
ACAATCCATTTAAACC-1,0.001632,0.520364,0.236851,0.241153
ACAATCGATCTTTATA-1,0.025551,0.46344,0.160829,0.35018
ACAATGAATACGGAGA-1,0.00311,0.951771,0.028218,0.016901
ACAATGATTCTTCTAC-1,0.686292,0.000244,0.000122,0.313343
ACAATTGTGTCTCTTT-1,0.003551,0.123793,0.051048,0.821608
ACAATTTAGGAGGCTC-1,0.147051,0.849385,0.0035,0.000063
ACAATTTGAGCAGTGG-1,0.115545,0.370495,0.023109,0.490851
ACAATTTGGCCATATT-1,0.208854,0.373452,0.027094,0.3906
ACACAAAGACGGGTGG-1,0.211804,0.630749,0.053845,0.103601
ACACAAATATTCCTAG-1,0.137426,0.09928,0.035917,0.727377
ACACACCAGGACCAGT-1,0.017593,0.266908,0.071685,0.643814
ACACACTTTCTACACG-1,0.26054,0.25459,0.121196,0.363673
ACACATGATCAAATCT-1,0.030021,0.000195,0.312858,0.656926
ACACATTGACGCAACA-1,0.07375,0.168588,0.122851,0.634811
ACACATTTCCGTAGAC-1,0.131907,0.03312,0.2171,0.617873
ACACCACATAATTAGC-1,0.055622,0.010696,0.015217,0.918466
ACACCCAGCATGCAGC-1,0.02307,0.096227,0.172357,0.708346
ACACCCGAGAAATCCG-1,0.187349,0.554404,0.068577,0.189669
ACACCGAGCGCTCTTT-1,0.085788,0.12225,0.205741,0.58622
ACACCGGTCTGACCGC-1,0.000096,0.203624,0.494463,0.301817
ACACCTTAAGTAGGGC-1,0.000041,0.176905,0.224119,0.598934
ACACCTTACTACTTGC-1,0.063772,0.106592,0.09475,0.734887
ACACGAGACTCCTTCT-1,0.328723,0.000166,0.034888,0.636224
ACACGGCACTATGCAT-1,0.157493,0.138615,0.271526,0.432366
ACACGGGAACTTAGGG-1,0.860688,0.000244,0.014549,0.124518
ACACTCCAATGTCACT-1,0.283201,0.002401,0.216474,0.497923
ACACTGATCAAGGTGT-1,0.058716,0.443791,0.13913,0.358363
ACACTGGGACAGTCGT-1,0.046497,0.53076,0.086156,0.336586
ACAGAACTGAGAACAA-1,0.000057,0.013921,0.384064,0.601958
ACAGATTAGGTTAGTG-1,0.130961,0.283007,0.125705,0.460327
ACAGCATAGAGCCAGT-1,0.000049,0.000098,0.002369,0.997484
ACAGCGACATTCTCAT-1,0.052153,0.352005,0.297834,0.298007
ACAGCGCACCCGCAGC-1,0.020866,0.099175,0.057625,0.822334
ACAGGAGGCGCAGCCG-1,0.062552,0.198161,0.171923,0.567363
ACAGGCACGGATCCTT-1,0.024968,0.213489,0.059657,0.701887
ACAGGCTTGCCCGACT-1,0.003036,0.143987,0.241681,0.611297
ACAGGTGGAGGTGAGG-1,0.042942,0.140155,0.098364,0.718539
ACAGGTGTGTTGTTGC-1,0.01438,0.200365,0.149298,0.635958
ACAGTAATACAACTTG-1,0.000026,0.171272,0.180771,0.647931
ACAGTATACCGTGGGA-1,0.322764,0.115573,0.079031,0.482632
ACAGTGCAGCGCATTT-1,0.012634,0.067826,0.033414,0.886126
ACATAAGTCGTGGTGA-1,0.000156,0.000311,0.034011,0.965523
ACATAATAAGGCGGTG-1,0.163726,0.289712,0.145948,0.400614
ACATCAGCTGGGACGC-1,0.0944,0.030927,0.157889,0.716784
ACATCCCGGCCATACG-1,0.000032,0.467498,0.245775,0.286695
ACATCCTGGTAACTGT-1,0.027238,0.392825,0.075531,0.504406
ACATCGATCGTTTACC-1,0.005611,0.00476,0.132415,0.857213
ACATCGGTCAGCCGCG-1,0.060261,0.234384,0.305068,0.400287
ACATCGTATGCAATGG-1,0.037514,0.021919,0.08069,0.859878
ACATCGTTAACCTAGT-1,0.080135,0.33576,0.080851,0.503254
ACATCTCAACGCGTAA-1,0.999372,0.000209,0.000105,0.000314
ACATGGCGCCAAAGTA-1,0.077073,0.241617,0.048504,0.632806
ACATGGCTCAATTTAG-1,0.451383,0.000202,0.006847,0.541568
ACATTAGTTTATATCC-1,0.015056,0.040025,0.102688,0.842231
ACATTTGAAACCTAAC-1,0.000069,0.190578,0.19533,0.614023
ACCAAACACCCAGCGA-1,0.205434,0.000071,0.000415,0.79408
ACCAAACTAGAAATCC-1,0.069427,0.25214,0.167248,0.511184
ACCAACCGCACTCCAC-1,0.058054,0.233591,0.067792,0.640563
ACCAACGCTTATTTAT-1,0.029396,0.968441,0.002102,0.000061
ACCAAGAACGCGTGTC-1,0.057237,0.03354,0.114099,0.795124
ACCAAGTCATCGGCAG-1,0.011332,0.13145,0.089129,0.768089
ACCAATATGCAAGTTA-1,0.041709,0.131347,0.269821,0.557123
ACCACAACTCAGAACA-1,0.052683,0.220151,0.08398,0.643186
ACCACAAGTTTCTATC-1,0.063079,0.000111,0.041767,0.895043
ACCACCAATGTAACAA-1,0.036414,0.288243,0.089353,0.58599
ACCACCCTCTCTTCTA-1,0.287553,0.344566,0.131616,0.236265
ACCACGTGCAGCTATA-1,0.203849,0.604067,0.057875,0.13421
ACCACTGTTCAAGAAG-1,0.013569,0.013943,0.263675,0.708813
ACCAGACCATAACAAC-1,0.001206,0.006527,0.043641,0.948626
ACCAGCCCGGTCTTTG-1,0.01559,0.310849,0.141395,0.532166
ACCAGGAGTGTGATCT-1,0.443418,0.278199,0.104891,0.173492
ACCAGTGCCCGGTCAA-1,0.037346,0.251964,0.150291,0.560398
ACCAGTGCGGGAGACG-1,0.049356,0.352996,0.084933,0.512715
ACCATATCCGCAATAA-1,0.110026,0.826951,0.021404,0.041619
ACCATCCGCCAACTAG-1,0.13799,0.197529,0.074831,0.58965
ACCATCGTATATGGTA-1,0.037083,0.936213,0.005849,0.020855
ACCATTAAGGGTGTCA-1,0.05207,0.207304,0.2497,0.490926
ACCCAACGCCCGTGGC-1,0.401789,0.109606,0.077216,0.411389
ACCCACCTACATGCTC-1,0.117064,0.104084,0.271689,0.507163
ACCCATCTTGAGGGTA-1,0.000059,0.07532,0.181051,0.743569
ACCCATTTGTCCCTCT-1,0.112812,0.142632,0.102383,0.642173
ACCCGAGCGAAATTAC-1,0.021577,0.249749,0.294502,0.434172
ACCCGATTGGTTCCGA-1,0.425023,0.080829,0.082788,0.411361
ACCCGGAAACTCCCAG-1,0.019515,0.463373,0.152673,0.364439
ACCCGGAGCACCACAA-1,0.901502,0.097893,0.000151,0.000454
ACCCGGATGACGCATC-1,0.162935,0.05676,0.203213,0.577092
ACCCGGTTACACTTCC-1,0.01654,0.928613,0.040481,0.014366
ACCCGTAGTCTAGTTG-1,0.000012,0.799143,0.018051,0.182794
ACCCGTGTCATCAGTA-1,0.000024,0.735303,0.105989,0.158684
ACCCTATAGGACTGAG-1,0.079084,0.005829,0.174639,0.740448
ACCCTATGCCATATCG-1,0.020749,0.00997,0.109972,0.859309
ACCCTCCCGTCAGGGC-1,0.12066,0.017323,0.018892,0.843124
ACCCTCCCTTGCTATT-1,0.016166,0.000094,0.007547,0.976194
ACCCTGGTAACGCCCT-1,0.091904,0.183421,0.121796,0.602879
ACCCTTCATCTGCGAA-1,0.494032,0.000191,0.024234,0.481543
ACCCTTGCCTGGGTCG-1,0.123436,0.154871,0.072672,0.64902
ACCCTTTAGTTCTCCA-1,0.027821,0.047304,0.108123,0.816752
ACCGAAAGGGCCCTGC-1,0.110437,0.160001,0.285258,0.444303
ACCGACACATCTCCCA-1,0.000028,0.035896,0.163692,0.800384
ACCGACTGAGTCCCAC-1,0.088242,0.750967,0.048462,0.112329
ACCGAGTCTCCTTATT-1,0.000028,0.172743,0.128656,0.698574
ACCGATAGGCATAACC-1,0.053547,0.108225,0.345926,0.492301
ACCGATATTTAATCAT-1,0.048062,0.038524,0.082469,0.830945
ACCGATGGTAGCATCG-1,0.064848,0.150767,0.036572,0.747812
ACCGCAATAACTGCCT-1,0.000074,0.053141,0.321269,0.625516
ACCGCGGTGGAAGTCG-1,0.225073,0.259479,0.035774,0.479674
ACCGGGCCTTTGTTGA-1,0.059078,0.00109,0.042393,0.897438
ACCGGTCAGGTACACC-1,0.000063,0.150821,0.487582,0.361535
ACCGGTCTGAGTACGG-1,0.194763,0.281679,0.103547,0.42001
ACCGTGACCACGTGGG-1,0.004973,0.017922,0.192035,0.78507
ACCGTTCCCGCTCTGA-1,0.01241,0.690067,0.145639,0.151883
ACCTAAGTACCTTTCA-1,0.000042,0.138561,0.243532,0.617866
ACCTAATCGACTTCCT-1,0.023001,0.325025,0.172374,0.4796
ACCTACAGTATGTGGT-1,0.019672,0.123668,0.07187,0.784789
ACCTACTATAAATCTA-1,0.018701,0.976092,0.004234,0.000974
ACCTCCGCCCTCGCTG-1,0.226983,0.043314,0.107228,0.622475
ACCTCCGTTATTCACC-1,0.054702,0.56954,0.044135,0.331622
ACCTGCGTGTCATGTT-1,0.057102,0.000126,0.091134,0.851639
ACCTTTCCTTTAGAAG-1,0.215264,0.125322,0.147171,0.512243
ACGAAATGGGCGGCAC-1,0.008503,0.124426,0.170018,0.697053
ACGACCCATGAGTTGC-1,0.692096,0.00578,0.016511,0.285613
ACGACTCTAGGGCCGA-1,0.000022,0.103169,0.091327,0.805482
ACGACTGGTCATACTC-1,0.000029,0.392494,0.170863,0.436613
ACGAGAACCCATCACG-1,0.084929,0.000073,0.006394,0.908604
ACGAGATATTTGCTTA-1,0.241997,0.035333,0.033454,0.689215
ACGAGGATACCACTCT-1,0.167134,0.15144,0.321502,0.359924
ACGAGGTTTACAACGT-1,0.000029,0.329246,0.238541,0.432184
ACGAGTACGGATGCCC-1,0.259293,0.237727,0.01507,0.48791
ACGAGTCGCCGGCGTT-1,0.105512,0.117354,0.274382,0.502752
ACGATACATAGAACTA-1,0.003277,0.281476,0.142502,0.572745
ACGATACCTATCCTGA-1,0.053903,0.79856,0.044299,0.103238
ACGATCATACATAGAG-1,0.415564,0.001693,0.097079,0.485664
ACGATCATCTTGTAAA-1,0.030771,0.012952,0.003211,0.953066
ACGATGCATATGTTAT-1,0.000037,0.284489,0.053842,0.661633
ACGATGGATCCGATGC-1,0.07008,0.658808,0.057546,0.213567
ACGCAAACTAATAGAT-1,0.011695,0.365627,0.247345,0.375333
ACGCAATCACTACAGC-1,0.170567,0.028729,0.020346,0.780358
ACGCATAAATGACATG-1,0.10778,0.323252,0.027122,0.541845
ACGCATACGTTTACTA-1,0.026278,0.274581,0.24257,0.456571
ACGCATTCGTGAGTAC-1,0.327796,0.046803,0.041526,0.583875
ACGCCAGATGATTTCT-1,0.08989,0.651237,0.078872,0.180001
ACGCCAGTGCGTTTGC-1,0.062103,0.787026,0.03878,0.11209
ACGCCCAGCTGTCGAT-1,0.031335,0.891459,0.037679,0.039527
ACGCCGCTAGACGACC-1,0.113861,0.513525,0.088577,0.284036
ACGCCTGACACGCGCT-1,0.046437,0.468922,0.233772,0.25087
ACGCGAAGTCAGACGA-1,0.000028,0.586512,0.181688,0.231772
ACGCGCTACACAGGGT-1,0.007926,0.269013,0.168773,0.554288
ACGCGGGCCAAGGACA-1,0.065962,0.73002,0.122057,0.081961
ACGCGTTTCTTAAGAG-1,0.062509,0.654848,0.131174,0.151469
ACGCTACTGAATGGGC-1,0.000183,0.169564,0.193121,0.637132
ACGCTAGTGATACACT-1,0.042904,0.125549,0.063524,0.768023
ACGCTGTGAGGCGTAG-1,0.015839,0.293839,0.446808,0.243514
ACGCTTAGTGTCTCTC-1,0.062404,0.189179,0.272374,0.476044
ACGGAACACGAGTGCC-1,0.004409,0.324399,0.150305,0.520887
ACGGAATTTAGCAAAT-1,0.063654,0.04619,0.286746,0.60341
ACGGACTCTCAAAGCG-1,0.010977,0.234741,0.221311,0.532971
ACGGAGCGCAAATTAC-1,0.312466,0.188601,0.116503,0.38243
ACGGATGGTGCGGATA-1,0.000966,0.208342,0.112795,0.677897
ACGGCACTTGCTTGGG-1,0.039962,0.253007,0.340246,0.366785
ACGGCCAACATGGACT-1,0.021914,0.729498,0.063881,0.184707
ACGGCGACGATGGGAA-1,0.059029,0.119441,0.186946,0.634585
ACGGCGGGTTGCCCTG-1,0.070541,0.403203,0.167418,0.358838
ACGGGAGTGTCGGCCC-1,0.000055,0.091834,0.237671,0.67044
ACGGGCGTATGCGACA-1,0.879047,0.000643,0.000322,0.119988
ACGGGTCATGTGACTT-1,0.000038,0.367267,0.218946,0.413749
ACGGTACAGTTCAATG-1,0.000028,0.353085,0.096395,0.550492
ACGTACAGATTTCTCT-1,0.046173,0.037333,0.025421,0.891073
ACGTACTTTGGCACGG-1,0.638875,0.056148,0.15582,0.149156
ACGTAGATTGCTGATG-1,0.209043,0.221239,0.204415,0.365303
ACGTAGGAGAGTCGCT-1,0.007257,0.078909,0.088501,0.825332
ACGTATTACTCCGATC-1,0.521714,0.032962,0.013104,0.432219
ACGTCCTAAACGAGAT-1,0.091822,0.067355,0.070333,0.770491
ACGTCTCGTTCCGGGA-1,0.024375,0.537381,0.134797,0.303447
ACGTGCGCCTCGTGCA-1,0.308714,0.027717,0.208259,0.455309
ACGTGGTCGAATGTGC-1,0.000152,0.137085,0.150677,0.712086
ACGTTAATGTCGAAGA-1,0.113958,0.047098,0.319283,0.519661
ACGTTAGATTTGCCCG-1,0.00003,0.574809,0.068637,0.356524
ACGTTCCGCGCTCCGT-1,0.107381,0.355422,0.152418,0.384779
ACGTTCGCAATCAATT-1,0.157614,0.347876,0.064831,0.429679
ACGTTCGTTCAGGAAA-1,0.003578,0.28062,0.128346,0.587456
ACGTTCTGTACAAGTC-1,0.073075,0.755862,0.049779,0.121284
ACGTTTAGTTGTGATC-1,0.00374,0.456424,0.068851,0.470985
ACGTTTCGGTGCACTT-1,0.02816,0.085518,0.462375,0.423948
ACTAATACGTCAGGCG-1,0.12043,0.076141,0.080415,0.723014
ACTACAAAGAGAGGTG-1,0.998897,0.001032,0.000018,0.000053
ACTACATCCCGACAAG-1,0.015864,0.149043,0.309789,0.525303
ACTACCAGCTCTCTGG-1,0.04669,0.246052,0.081095,0.626163
ACTACGCGTTAGAATT-1,0.000769,0.595376,0.077864,0.325992
ACTAGTTGCGATCGTC-1,0.030751,0.015264,0.107198,0.846786
ACTATATGCTGTGTTC-1,0.000034,0.138962,0.024699,0.836305
ACTATCCAGGGCATGG-1,0.076434,0.475264,0.029017,0.419285
ACTATCGCCGGCTAAA-1,0.106171,0.301954,0.140263,0.451612
ACTATCTGCCCGCGTA-1,0.134366,0.486245,0.070313,0.309076
ACTATGTCCAGCTGCC-1,0.000059,0.117804,0.265112,0.617025
ACTATTCGTCCGTGGT-1,0.07825,0.013684,0.075333,0.832734
ACTATTTCCGGGCCCA-1,0.054907,0.733645,0.063737,0.147711
ACTCAACGAATGTATT-1,0.022262,0.569276,0.096808,0.311654
ACTCAAGTGCAAGGCT-1,0.00025,0.077296,0.208954,0.7135
ACTCAATAAAGGCACG-1,0.043341,0.807434,0.058897,0.090329
ACTCAGACCTGCTTCT-1,0.101235,0.010789,0.068523,0.819453
ACTCATGGCAGCCTTC-1,0.142558,0.30375,0.460253,0.093439
ACTCCAATATCATCAT-1,0.008628,0.007107,0.050455,0.93381
ACTCCCATTCCTAAAG-1,0.02703,0.000075,0.057341,0.915554
ACTCCCGAATTCGTTT-1,0.392917,0.530489,0.013176,0.063417
ACTCCCGTAGACTAGG-1,0.093622,0.125051,0.037205,0.744122
ACTCCCTAATGCTAAA-1,0.183903,0.125257,0.064245,0.626596
ACTCCCTAGAATAGTA-1,0.00373,0.602765,0.101481,0.292023
ACTCCGGCCGACCACT-1,0.000017,0.604996,0.093835,0.301151
ACTCGATGTATTTCAT-1,0.001274,0.161254,0.208534,0.628938
ACTCGCCGTTCGATAA-1,0.014227,0.698557,0.063654,0.223562
ACTCGCGATCTGACGC-1,0.125486,0.268175,0.022019,0.58432
ACTCGTAACCCGTCCT-1,0.000053,0.014493,0.09725,0.888204
ACTCGTCAGTAATCCC-1,0.920227,0.000396,0.000198,0.079179
ACTCTAAACCTGGGAT-1,0.136532,0.066194,0.181674,0.6156
ACTCTCTGACTTAGGT-1,0.02743,0.350851,0.089609,0.53211
ACTCTCTTATACACGA-1,0.191112,0.333311,0.085658,0.389919
ACTCTGACCTAATAGA-1,0.008195,0.114471,0.0789,0.798435
ACTCTTCAGCTCCCGC-1,0.145121,0.02876,0.066442,0.759677
ACTCTTGTATAGTAAC-1,0.188093,0.447307,0.094486,0.270114
ACTGAAACGCCGTTAG-1,0.025107,0.068481,0.082403,0.824009
ACTGAATGGCGAAAGT-1,0.001014,0.026343,0.170102,0.802541
ACTGATTTAGTGATTC-1,0.022786,0.056489,0.130623,0.790103
ACTGCCCGCCATTCTC-1,0.199704,0.326929,0.430716,0.042651
ACTGCCGTCGTAACTC-1,0.000073,0.109037,0.131122,0.759768
ACTGCGGACACACCGT-1,0.130295,0.0175,0.00871,0.843495
ACTGCTCGGAAGGATG-1,0.000032,0.240839,0.189138,0.569992
ACTGGCGAACCTGCGT-1,0.071463,0.169204,0.090299,0.669034
ACTGTACGATACACAT-1,0.407299,0.00011,0.028548,0.564043
ACTGTAGCACTTTGGA-1,0.388317,0.000175,0.01959,0.591918
ACTGTATACGCGAGCA-1,0.108744,0.157659,0.193573,0.540024
ACTGTCCAGGATTATA-1,0.01072,0.165704,0.235914,0.587662
ACTGTCTTCTTTAGAA-1,0.084062,0.257924,0.159783,0.498231
ACTGTGCTAGTAGATC-1,0.00387,0.503929,0.230416,0.261785
ACTGTTTAGTGTAGGC-1,0.068474,0.074116,0.065086,0.792324
ACTTACCGGGCGCGCA-1,0.17191,0.06066,0.169282,0.598148
ACTTACGCATCCACGC-1,0.015711,0.21488,0.23079,0.538619
ACTTAGTACGACAAGA-1,0.004834,0.349421,0.148461,0.497284
ACTTATACTTACCCGG-1,0.065277,0.015021,0.038612,0.881091
ACTTATCTGATCTATA-1,0.056828,0.272314,0.152205,0.518653
ACTTATTAGGATCGGT-1,0.577538,0.076193,0.084443,0.261827
ACTTATTTATGTGCCA-1,0.0096,0.157986,0.107133,0.72528
ACTTCAGGCTGATCCC-1,0.003391,0.366309,0.150851,0.479449
ACTTCCATGCGGGACA-1,0.003409,0.241124,0.132928,0.62254
ACTTCCTGTCGTGCGA-1,0.001951,0.088186,0.036788,0.873075
ACTTCGCCATACGCAC-1,0.024571,0.462804,0.133703,0.378922
ACTTCGCTAGCGAGTG-1,0.172586,0.051419,0.031117,0.744878
ACTTGACTCCCTCTTT-1,0.814705,0.000153,0.000493,0.184649
ACTTGCCATATTGTAC-1,0.255917,0.003758,0.039688,0.700637
ACTTGGGACCCGGTGG-1,0.020582,0.188302,0.08819,0.702926
ACTTGTAGTCCCTTCA-1,0.002296,0.534126,0.163785,0.299793
ACTTGTGGATGGAACG-1,0.068606,0.419029,0.143311,0.369054
ACTTTACCCTCATGAA-1,0.803124,0.00079,0.000395,0.19569
ACTTTCCTATAGCTTC-1,0.15202,0.211921,0.177419,0.45864
ACTTTGACTGCATCCT-1,0.035208,0.002986,0.254235,0.707572
ACTTTGTCGACGCACT-1,0.036657,0.340216,0.086286,0.536841
AGAAATTATGACTCGC-1,0.084476,0.337311,0.094128,0.484085
AGAACCCAGCGTGACA-1,0.081792,0.237031,0.051013,0.630164
AGAACGTGGTACATTC-1,0.050128,0.7041,0.045872,0.1999
AGAAGAGCGCCGTTCC-1,0.107922,0.001075,0.000537,0.890465
AGAAGGTACACTTCAC-1,0.000039,0.047797,0.223129,0.729035
AGAAGGTTGCCGAATT-1,0.000063,0.104197,0.15523,0.74051
AGAAGGTTGTAGGTCG-1,0.000169,0.056822,0.190519,0.75249
AGAAGTGATTCGTGAT-1,0.000035,0.331642,0.331144,0.33718
AGAATAAATCTTCAGG-1,0.069042,0.28204,0.154681,0.494237
AGAATGCGGGTTCGGA-1,0.00004,0.202062,0.064143,0.733755
AGAATTATGGATTCGA-1,0.05646,0.00009,0.000045,0.943405
AGAATTGTTTGACATA-1,0.529882,0.010277,0.128211,0.33163
AGACAGCTCAGAATCC-1,0.119919,0.222472,0.22053,0.437079
AGACAGGCATCTCAGC-1,0.044296,0.48798,0.030441,0.437282
AGACATAGATCCTTCC-1,0.274817,0.249537,0.128207,0.347439
AGACCAAACCACACCT-1,0.021093,0.767959,0.104535,0.106412
AGACCATGGGATACAA-1,0.040616,0.423036,0.357022,0.179326
AGACCCACCGCTGATC-1,0.004057,0.288085,0.14391,0.563948
AGACCCGCCCTCCTCG-1,0.100081,0.169531,0.080666,0.649722
AGACCGCTCCGCGGTT-1,0.196677,0.296939,0.061355,0.445028
AGACCGGGAAACCCTG-1,0.061881,0.488903,0.082916,0.3663
AGACGAAGTGCCGGTC-1,0.031272,0.168698,0.024792,0.775238
AGACGACGATGCCGCT-1,0.000062,0.06203,0.145068,0.79284
AGACGCCCACTTCGCC-1,0.162439,0.05644,0.012309,0.768813
AGACGGGATTGGTATA-1,0.000041,0.005518,0.018568,0.975873
AGACGGGCCGATTTAA-1,0.153566,0.761948,0.016528,0.067958
AGACTAGCCTTCCAGA-1,0.097234,0.434487,0.043637,0.424642
AGACTGTTACCGGGTC-1,0.015078,0.402754,0.256593,0.325575
AGAGAAACACCAGAAA-1,0.240687,0.122939,0.131544,0.50483
AGAGAACCGTCTAGGA-1,0.006023,0.17851,0.044565,0.770901
AGAGAAGGAGTACAAT-1,0.124245,0.000744,0.152175,0.722836
AGAGATCTCTAAAGCG-1,0.000827,0.058977,0.120574,0.819622
AGAGCAGTTATGAGAC-1,0.17262,0.602989,0.17361,0.050781
AGAGCCGCCGAGATTT-1,0.079376,0.076197,0.070217,0.77421
AGAGCGCTTGTAACGG-1,0.13184,0.049585,0.305267,0.513308
AGAGCGGGCTAATCAT-1,0.116984,0.667685,0.085366,0.129965
AGAGCGTACAAGCTCG-1,0.106071,0.555042,0.245676,0.09321
AGAGCTACGAAAGCAT-1,0.11251,0.013139,0.105208,0.769143
AGAGGCTTCGGAAACC-1,0.072323,0.086629,0.26175,0.579299
AGAGGGACAATTGTCC-1,0.782168,0.00254,0.00127,0.214021
AGAGGTATCTCGGTCC-1,0.158197,0.117846,0.041423,0.682535
AGAGTAAACTTCACTA-1,0.086467,0.120906,0.11462,0.678007
AGAGTATAGTGTTACG-1,0.286125,0.435668,0.001962,0.276244
AGAGTTAGAGACCGAT-1,0.424552,0.001307,0.037003,0.537139
AGAGTTGCAGGCCTCC-1,0.10623,0.150014,0.054612,0.689144
AGATAACTTCAGGGCC-1,0.08945,0.115945,0.203383,0.591221
AGATACCAATAGAACC-1,0.029722,0.443117,0.114998,0.412162
AGATACCAGCACTTCA-1,0.638895,0.235224,0.007647,0.118234
AGATACCGGTGTTCAC-1,0.000092,0.470555,0.177909,0.351444
AGATACGACTTCATAT-1,0.062704,0.217052,0.233005,0.487239
AGATACTCAAGATCGA-1,0.033339,0.031841,0.042641,0.89218
AGATATAATACGACTA-1,0.00006,0.710443,0.135619,0.153878
AGATCGTGCATAAGAT-1,0.07167,0.164959,0.032814,0.730558
AGATCTCAGGTGTGAT-1,0.153277,0.329932,0.121625,0.395166
AGATGACTCGCCCACG-1,0.087977,0.561795,0.091987,0.258241
AGATGAGGGTTGCGAT-1,0.010291,0.093971,0.050929,0.844809
AGATGATGGAGTCTGG-1,0.021867,0.328746,0.053892,0.595495
AGATGCAAGACGTGCA-1,0.11352,0.696411,0.129478,0.06059
AGATGCATCCTGTGTC-1,0.019192,0.332486,0.247363,0.400959
AGATGCTATAACGAGC-1,0.067508,0.116448,0.521609,0.294434
AGATTATAGGACGTTT-1,0.078291,0.042991,0.054808,0.823909
AGATTCAAGCGGGTCG-1,0.00004,0.085656,0.039539,0.874766
AGATTCACAACCGATA-1,0.000037,0.025934,0.316003,0.658026
AGCAAAGGCCGCTAGT-1,0.091742,0.184868,0.207016,0.516374
AGCAACATATCTTATT-1,0.000439,0.791795,0.037046,0.17072
AGCAACCGAAAGTAAT-1,0.46141,0.116128,0.098831,0.323631
AGCACACGTTTAGACT-1,0.530967,0.041751,0.087464,0.339819
AGCACCAGTACTCACG-1,0.062571,0.490923,0.135326,0.31118
AGCACTACCGGCCTGT-1,0.041435,0.095897,0.118931,0.743737
AGCACTACCTCACCAG-1,0.000368,0.676653,0.103928,0.219051
AGCACTTAAGGACGCC-1,0.42932,0.035012,0.117471,0.418197
AGCAGAAGGAGAAAGA-1,0.006824,0.365486,0.126734,0.500956
AGCAGCCAGATGAATA-1,0.00003,0.401795,0.087927,0.510248
AGCATATCAATATGCT-1,0.000028,0.227785,0.15116,0.621027
AGCATCATTTCGAAAG-1,0.000049,0.004528,0.256277,0.739146
AGCATCGTCGATAATT-1,0.012247,0.417825,0.210643,0.359285
AGCATTACGAGGCAAG-1,0.002792,0.743886,0.099308,0.154014
AGCCAAGCTTTGTGTC-1,0.053723,0.101263,0.123182,0.721831
AGCCACAGGTTACCCG-1,0.097256,0.868195,0.013061,0.021489
AGCCACTCCCGTGCTT-1,0.016843,0.243279,0.085369,0.654509
AGCCATATAGTATGTG-1,0.024422,0.256319,0.331373,0.387886
AGCCCATACATGTAAG-1,0.338582,0.650304,0.010998,0.000116
AGCCCGCAACAAGCAG-1,0.089443,0.414964,0.195144,0.300449
AGCCCGCACTACAATG-1,0.000032,0.237789,0.077185,0.684994
AGCCCGGCATTAGAGG-1,0.003915,0.376742,0.343302,0.276042
AGCCCGGTAGCCTGTA-1,0.033678,0.34398,0.154581,0.467761
AGCCCTAAGCGAAGTT-1,0.099628,0.321081,0.119432,0.459859
AGCCCTCCCTGGTGGC-1,0.14878,0.195803,0.208975,0.446443
AGCCCTGTCGCACCGT-1,0.532549,0.023336,0.021583,0.422532
AGCCCTTCTAATCCGA-1,0.052208,0.01147,0.02925,0.907072
AGCCCTTGGACATCCC-1,0.041179,0.278708,0.150277,0.529836
AGCCGCAAATTCAAAT-1,0.014106,0.059062,0.182651,0.744181
AGCCGCTTGATTAGCG-1,0.010993,0.023256,0.165947,0.799803
AGCCGTGGCTAAATGT-1,0.016703,0.14099,0.220658,0.621649
AGCCTAATACCCACGT-1,0.007894,0.939313,0.026836,0.025958
AGCCTTAAAGCGGAAG-1,0.340924,0.000168,0.201944,0.456964
AGCGACAGGAACGGTC-1,0.017367,0.055022,0.371452,0.556159
AGCGACATCCCATTCA-1,0.133264,0.287053,0.158897,0.420786
AGCGACCAACGATATT-1,0.023003,0.361546,0.119863,0.495589
AGCGAGACGTGAAGGC-1,0.95147,0.008311,0.021164,0.019054
AGCGATGCGCCTAATA-1,0.063942,0.252352,0.195798,0.487908
AGCGCATAATGAATCG-1,0.000034,0.128417,0.241069,0.63048
AGCGCGGGTGCCAATG-1,0.000047,0.000095,0.000446,0.999412
AGCGCTAGAGCGATGT-1,0.483618,0.141585,0.038364,0.336432
AGCGCTTATGGGCAAG-1,0.209933,0.193416,0.141477,0.455173
AGCGGACACTTCGTAG-1,0.009725,0.185131,0.191409,0.613735
AGCGGCGGTTAGCGGT-1,0.092487,0.155759,0.233867,0.517887
AGCGGGAAGGGTCCAT-1,0.094061,0.080294,0.557596,0.268049
AGCGGGTCTGACACTC-1,0.239968,0.155991,0.300863,0.303178
AGCGGTTGAGATGTAC-1,0.232575,0.000066,0.002218,0.765141
AGCGGTTGCCGCTCTG-1,0.851988,0.14624,0.000443,0.001329
AGCGTACGAGAGCTAG-1,0.031753,0.405258,0.094199,0.46879
AGCGTAGCGCTAGACC-1,0.043558,0.174025,0.177444,0.604973
AGCGTCTGAACCCGCA-1,0.031816,0.00011,0.034857,0.933218
AGCGTGGTATTCTACT-1,0.035743,0.407597,0.124289,0.432371
AGCGTTCCGATTTAAA-1,0.112378,0.002354,0.023168,0.8621
AGCTAACAAGCAATGT-1,0.004809,0.076877,0.260556,0.657759
AGCTAAGTACGCAGGC-1,0.000034,0.104134,0.111964,0.783869
AGCTAGAAGCAGAAGT-1,0.021563,0.081621,0.040186,0.85663
AGCTATTTAATCCAAC-1,0.148613,0.203183,0.095795,0.552409
AGCTCCATATATGTTC-1,0.664546,0.115967,0.07913,0.140357
AGCTCCTTCGCACATC-1,0.0333,0.081079,0.276329,0.609293
AGCTCGTTGATGGAAA-1,0.199841,0.027178,0.022706,0.750274
AGCTCTAGACGTTCCA-1,0.052124,0.376617,0.11516,0.456099
AGCTCTTCCCAGTGCA-1,0.009142,0.244274,0.169084,0.5775
AGCTCTTCGTAACCTT-1,0.553567,0.000132,0.008239,0.438062
AGCTCTTTACTCAGTT-1,0.000033,0.708331,0.072696,0.21894
AGCTGAAGTAAACCAA-1,0.024061,0.033114,0.033309,0.909516
AGCTGCATTTGAGGTG-1,0.165951,0.00025,0.131693,0.702107
AGCTGCTGTGCCGAAT-1,0.03518,0.288352,0.258051,0.418417
AGCTGTAACCTCAATC-1,0.001026,0.63255,0.192845,0.173579
AGCTTATAGAGACCTG-1,0.533822,0.000132,0.041806,0.42424
AGCTTCAATACTTTGA-1,0.040108,0.755483,0.116532,0.087876
AGCTTCTTCTCGAGCA-1,0.007789,0.111974,0.262182,0.618055
AGCTTGATCTTAACTT-1,0.034682,0.330354,0.137423,0.497541
AGGAAAGCCTCTGATG-1,0.010644,0.651908,0.239294,0.098154
AGGAACGAACGACTTC-1,0.00361,0.552155,0.126373,0.317861
AGGAAGCTGTCCGCCG-1,0.001285,0.228065,0.428313,0.342337
AGGACAGTCGAATCCC-1,0.015758,0.046322,0.021439,0.916481
AGGACATCGCACGTCG-1,0.247906,0.000123,0.040592,0.711378
AGGACATCGGCACACT-1,0.065611,0.776496,0.01618,0.141712
AGGACGACCCATTAGA-1,0.002284,0.650465,0.138785,0.208466
AGGACGCTCGATGTTG-1,0.004767,0.000373,0.038966,0.955894
AGGACTTATAGGAGAA-1,0.013248,0.004745,0.153474,0.828533
AGGAGACATCCACAGT-1,0.065545,0.000074,0.00611,0.928271
AGGAGAGTCTGGCTAC-1,0.161518,0.095739,0.026563,0.716181
AGGAGGCCTTCGCGCG-1,0.000078,0.145506,0.051408,0.803007
AGGATAAAGTCGGGAT-1,0.000034,0.245449,0.24316,0.511358
AGGATATAGGGATTTA-1,0.06303,0.232056,0.049698,0.655217
AGGATATCCGACTGCA-1,0.016613,0.185297,0.335923,0.462168
AGGATCACGCGATCTG-1,0.02747,0.507735,0.30745,0.157345
AGGCAAAGAGGAATCA-1,0.138599,0.415345,0.10973,0.336326
AGGCAATACGGAGGAC-1,0.040128,0.426586,0.280925,0.252361
AGGCACGTGACTGTCC-1,0.0361,0.153769,0.073295,0.736836
AGGCAGATGCGTAAAC-1,0.000025,0.406627,0.150159,0.443188
AGGCAGGGAGCGTACT-1,0.000036,0.30698,0.233964,0.459019
AGGCATTGTCGTAGGG-1,0.244999,0.015386,0.131767,0.607848
AGGCCACATTGGTTAC-1,0.021534,0.023492,0.017343,0.937631
AGGCCACCCGTTATGA-1,0.092366,0.370918,0.057592,0.479124
AGGCCCAGTGACTGGT-1,0.205471,0.091206,0.071022,0.6323
AGGCCCATTGTACAGG-1,0.018742,0.296011,0.318467,0.36678
AGGCCCTAGAACGCCA-1,0.053699,0.170007,0.104037,0.672256
AGGCCTATCATACCAA-1,0.999922,0.000026,0.000013,0.000039
AGGCCTGAGAATCTCG-1,0.075969,0.510147,0.098035,0.31585
AGGCGATAACTGGCGT-1,0.053074,0.791729,0.071409,0.083789
AGGCGGTTTGTCCCGC-1,0.004411,0.000104,0.027052,0.968433
AGGCGTCTATGGACGG-1,0.237721,0.006087,0.008596,0.747596
AGGCTATGGTTAGCTT-1,0.25587,0.000157,0.0236,0.720373
AGGCTTCCCGAAGAAG-1,0.000065,0.113488,0.326998,0.559449
AGGCTTGCTAGACACC-1,0.201183,0.021238,0.59475,0.18283
AGGGAAACGAGGTACT-1,0.318999,0.07928,0.038619,0.563101
AGGGACAGCACGGCGG-1,0.192314,0.587897,0.061651,0.158138
AGGGACCGGCTGCGTT-1,0.103208,0.000122,0.000061,0.89661
AGGGACTCTACGCGAC-1,0.120876,0.155805,0.099104,0.624215
AGGGAGACATACTTCG-1,0.170848,0.026359,0.015656,0.787138
AGGGCAGCGGCGTGGT-1,0.079123,0.09811,0.191756,0.631011
AGGGCCCTAATGTTCT-1,0.044201,0.708382,0.030303,0.217114
AGGGCGAGCAGCTGAT-1,0.038593,0.151103,0.192139,0.618165
AGGGCGTGATCGGCTA-1,0.113964,0.000133,0.047582,0.838322
AGGGCTGCAGTTACAG-1,0.306517,0.22472,0.121837,0.346925
AGGGTCAGAGCACTCG-1,0.030848,0.560998,0.194771,0.213383
AGGGTCAGTAACCCTA-1,0.181356,0.00485,0.014061,0.799733
AGGGTCGATGCGAACT-1,0.022978,0.150988,0.10217,0.723864
AGGGTCTGGACGCAGT-1,0.016735,0.366456,0.10222,0.514589
AGGGTGCCGTTCTTTA-1,0.000046,0.089675,0.397109,0.513169
AGGGTGCTCTCGAGGG-1,0.082681,0.000116,0.000177,0.917026
AGGGTGGATAGTGCAT-1,0.247903,0.086518,0.362078,0.303501
AGGGTGTGCTACACGC-1,0.994299,0.0019,0.00095,0.002851
