Barcode,Topic 1,Topic 2,Topic 3to6,Topic 7,Topic 8to10
AAACAAGTATCTCCCA-1,0.999191,0.00009,0.000359,0.00009,0.00027
AAACACCAATAACTGC-1,0.063992,0.256916,0.364447,0.254572,0.060073
AAACAGAGCGACTCCT-1,0.01807,0.041153,0.31744,0.021308,0.602029
AAACAGCTTTCAGAAG-1,0.583509,0.111316,0.234627,0.015868,0.054681
AAACAGGGTCTATATT-1,0.150606,0.203825,0.634451,0.005255,0.005863
AAACAGTGTTCCTGGG-1,0.28656,0.004539,0.080998,0.085805,0.542099
AAACATGGTGAGAGGA-1,0.076185,0.240983,0.592575,0.079803,0.010454
AAACATTTCCCGGATT-1,0.218596,0.018941,0.555648,0.032589,0.174226
AAACCCGAACGAAATC-1,0.271201,0.141184,0.051905,0.055925,0.479785
AAACCGGAAATGTTAA-1,0.192248,0.07222,0.537443,0.043617,0.154472
AAACCGGGTAGGTACC-1,0.011075,0.087472,0.396426,0.121047,0.38398
AAACCGTTCGTCCAGG-1,0.998815,0.000132,0.000526,0.000132,0.000395
AAACCTAAGCAGCCGG-1,0.460297,0.031177,0.268869,0.01067,0.228987
AAACCTCATGAAGTTG-1,0.075364,0.152931,0.417819,0.026662,0.327223
AAACGAAGAACATACC-1,0.009656,0.004496,0.054287,0.011883,0.919678
AAACGAAGATGGAGTA-1,0.137633,0.024093,0.218176,0.112035,0.508064
AAACGAGACGGTTGAT-1,0.741844,0.000068,0.005979,0.076807,0.175302
AAACGCCCGAGATCGG-1,0.000028,0.000028,0.013059,0.000028,0.986857
AAACGGGCGTACGGGT-1,0.118176,0.049138,0.658229,0.038056,0.136401
AAACGGTTGCGAACTG-1,0.299064,0.553751,0.076394,0.029871,0.04092
AAACGTGTTCGCCCTA-1,0.044064,0.184708,0.632042,0.02272,0.116467
AAACTAACGTGGCGAC-1,0.019597,0.008962,0.502148,0.014225,0.455069
AAACTCGGTTCGCAAT-1,0.066154,0.01024,0.156197,0.036235,0.731174
AAACTCGTGATATAAG-1,0.071065,0.076778,0.362061,0.008136,0.48196
AAACTGCTGGCTCCAA-1,0.048694,0.209986,0.492667,0.029009,0.219644
AAACTTAATTGCACGC-1,0.998968,0.000115,0.000459,0.000115,0.000344
AAACTTGCAAACGTAT-1,0.042382,0.111913,0.426143,0.199632,0.219929
AAAGAATGACCTTAGA-1,0.843052,0.075255,0.062749,0.01644,0.002503
AAAGAATGTGGACTAA-1,0.16279,0.013963,0.186623,0.045248,0.591377
AAAGACCCAAGTCGCG-1,0.002496,0.043723,0.417983,0.009668,0.52613
AAAGACTGGGCGCTTT-1,0.145836,0.047407,0.525759,0.046926,0.234073
AAAGCTTGCCTACATA-1,0.970959,0.003227,0.012907,0.003227,0.00968
AAAGGCCCTATAATAC-1,0.124047,0.372024,0.208067,0.050027,0.245835
AAAGGCTACGGACCAT-1,0.998785,0.000135,0.00054,0.000135,0.000405
AAAGGCTCTCGCGCCG-1,0.033231,0.433766,0.10884,0.04827,0.375894
AAAGGGATGTAGCAAG-1,0.027365,0.091681,0.876992,0.001842,0.002119
AAAGGGCAGCTTGAAT-1,0.020349,0.105722,0.53484,0.017995,0.321093
AAAGGTAAGCTGTACC-1,0.122999,0.042615,0.578176,0.006337,0.249873
AAAGTAGCATTGCTCA-1,0.036425,0.089672,0.693193,0.089668,0.091042
AAAGTCACTGATGTAA-1,0.00002,0.028389,0.442772,0.047736,0.481082
AAAGTCGACCCTCAGT-1,0.004695,0.128823,0.306559,0.174308,0.385615
AAAGTGTGATTTATCT-1,0.175406,0.076746,0.33763,0.238883,0.171334
AAAGTTGACTCCCGTA-1,0.392431,0.0199,0.330844,0.058434,0.198391
AAATAACCATACGGGA-1,0.000011,0.130397,0.836782,0.004148,0.028662
AAATAAGGTAGTGCCC-1,0.196126,0.001472,0.118352,0.08018,0.60387
AAATACCTATAAGCAT-1,0.504282,0.197974,0.000186,0.297418,0.000139
AAATAGCTTAGACTTT-1,0.087712,0.10375,0.702834,0.044983,0.06072
AAATAGGGTGCTATTG-1,0.00002,0.052283,0.507005,0.015079,0.425613
AAATCCGATACACGCC-1,0.529051,0.009192,0.12914,0.013159,0.319458
AAATCGCGGAAGGAGT-1,0.004284,0.157962,0.697779,0.037019,0.102957
AAATCGTGTACCACAA-1,0.048947,0.045063,0.346731,0.165494,0.393766
AAATCTAGCCCTGCTA-1,0.709371,0.000027,0.046752,0.010522,0.233328
AAATCTGCCCGCGTCC-1,0.491494,0.10232,0.204228,0.130295,0.071663
AAATGATTCGATCAGC-1,0.153057,0.053783,0.766379,0.001793,0.024989
AAATGCTCGTTACGTT-1,0.000018,0.144435,0.718751,0.028298,0.108498
AAATGGCATGTCTTGT-1,0.013142,0.017226,0.606252,0.012132,0.351249
AAATGGCCCGTGCCCT-1,0.056756,0.935096,0.00004,0.005503,0.002604
AAATGGTCAATGTGCC-1,0.050469,0.08194,0.668467,0.081489,0.117636
AAATGTATCTTATCCC-1,0.021199,0.052484,0.470058,0.023462,0.432797
AAATTAACGGGTAGCT-1,0.004961,0.035077,0.865971,0.030755,0.063237
AAATTAATAAGCGCGA-1,0.327632,0.107756,0.474884,0.010687,0.079041
AAATTACACGACTCTG-1,0.039605,0.04138,0.894065,0.006301,0.018649
AAATTACCTATCGATG-1,0.223055,0.020711,0.346569,0.134868,0.274797
AAATTCCAGGTCCAAA-1,0.068683,0.054348,0.543292,0.046471,0.287207
AAATTGATAGTCCTTT-1,0.495103,0.017821,0.209593,0.086692,0.190791
AAATTGCGGCGGTTCT-1,0.101337,0.000026,0.052715,0.215823,0.630099
AAATTGGTGAGAAGCA-1,0.052843,0.113759,0.519576,0.052641,0.261181
AAATTTACCGAAATCC-1,0.180368,0.019977,0.263923,0.016491,0.519241
AAATTTGCGGGTGTGG-1,0.010074,0.151651,0.408844,0.264102,0.165329
AACAACTGGTAGTTGC-1,0.000019,0.174469,0.676265,0.002868,0.146378
AACAATACATTGTCGA-1,0.756623,0.091402,0.106019,0.045383,0.000573
AACAATTACTCTACGC-1,0.000014,0.104943,0.710162,0.010294,0.174587
AACACACGCTCGCCGC-1,0.998971,0.000114,0.000457,0.000114,0.000343
AACACGACTGTACTGA-1,0.000836,0.028895,0.410028,0.004469,0.555771
AACACGAGACGCGGCC-1,0.006441,0.083355,0.874093,0.023465,0.012646
AACACGCGGCCGCGAA-1,0.024177,0.111438,0.186647,0.056744,0.620994
AACAGCTGTGTGGCAA-1,0.438915,0.037345,0.129868,0.03901,0.354861
AACAGGAAATCGAATA-1,0.080118,0.447692,0.442809,0.024579,0.004802
AACAGGATGGGCCGCG-1,0.045394,0.134041,0.784501,0.012417,0.023648
AACAGGTAGTATGGAT-1,0.466232,0.000057,0.149997,0.000057,0.383657
AACATATCAACTGGTG-1,0.058604,0.063131,0.496779,0.02069,0.360797
AACATCGATACGTCTA-1,0.101551,0.072077,0.554303,0.025854,0.246215
AACATTGAAGTTGATC-1,0.052379,0.095474,0.459706,0.270219,0.122221
AACATTGTGACTCGAG-1,0.189962,0.118464,0.551438,0.015917,0.124219
AACCAAGACTTCTCTG-1,0.112969,0.112185,0.604864,0.117703,0.052278
AACCAGTATCACTCTT-1,0.772193,0.004879,0.089013,0.068497,0.065418
AACCATAGGGTTGAAC-1,0.270904,0.289956,0.322713,0.029823,0.086604
AACCATGGGATCGCTA-1,0.007014,0.096782,0.75677,0.051525,0.087909
AACCCAGAGACGGAGA-1,0.047575,0.108479,0.823696,0.003659,0.01659
AACCCATCCCATGATC-1,0.077559,0.052474,0.490023,0.081842,0.298101
AACCCGACAACCCGTG-1,0.049628,0.12664,0.665696,0.020876,0.137159
AACCCGAGCAGAATCG-1,0.999172,0.000092,0.000368,0.000092,0.000276
AACCCGATAGGGCTTC-1,0.288687,0.000073,0.000292,0.000973,0.709975
AACCCTACTGTCAATA-1,0.046459,0.057999,0.675047,0.034004,0.186491
AACCCTGGTGGAACCA-1,0.014746,0.06607,0.681108,0.017443,0.220633
AACCGAGCTTGGTCAT-1,0.037393,0.094854,0.593757,0.013474,0.260521
AACCGCTAAGGGATGC-1,0.771515,0.000048,0.000193,0.204825,0.023419
AACCGTTGTGTTTGCT-1,0.018508,0.038679,0.630024,0.038192,0.274598
AACCTCGCTTTAGCCC-1,0.188389,0.001035,0.250094,0.011356,0.549125
AACCTGTCACGGAATT-1,0.056898,0.057047,0.604455,0.042991,0.238609
AACCTTTAAATACGGT-1,0.099766,0.070742,0.634512,0.034088,0.160892
AACCTTTACGACGTCT-1,0.022187,0.025397,0.069831,0.167434,0.715151
AACGAAAGTCGTCCCA-1,0.026615,0.066384,0.414954,0.286673,0.205375
AACGATAATGCCGTAG-1,0.086143,0.046093,0.702526,0.012679,0.152559
AACGATAGAAGGGCCG-1,0.01824,0.119535,0.500711,0.124114,0.2374
AACGATATGTCAACTG-1,0.02474,0.028432,0.526811,0.012698,0.407318
AACGCATGATCTGGGT-1,0.428439,0.000035,0.063673,0.08488,0.422974
AACGCGAACGGCAACA-1,0.02259,0.446018,0.132298,0.023589,0.375505
AACGCGACCTTGGGCG-1,0.10761,0.023814,0.747213,0.015141,0.106221
AACGCGGTCTCCAGCC-1,0.010861,0.055447,0.355649,0.060183,0.51786
AACGCTGTTGCTGAAA-1,0.998725,0.000142,0.000567,0.000142,0.000425
AACGGACGTACGTATA-1,0.999314,0.000076,0.000305,0.000076,0.000229
AACGGCCATCTCCGGT-1,0.00546,0.102381,0.401527,0.055241,0.435391
AACGTACTGTGGGTAC-1,0.00477,0.248658,0.709453,0.013027,0.024092
AACGTCAGACTAGTGG-1,0.000015,0.08906,0.714985,0.014492,0.181448
AACGTCGCTGCACTTC-1,0.999524,0.000053,0.000211,0.000053,0.000159
AACGTGATGAAGGACA-1,0.005731,0.021664,0.415204,0.001992,0.555409
AACGTGCGAAAGTCTC-1,0.064152,0.129419,0.395893,0.049754,0.360781
AACGTTATCAGCACCT-1,0.000468,0.030224,0.299981,0.509656,0.159672
AACTACCCGTTTGTCA-1,0.183803,0.008986,0.452169,0.047146,0.307896
AACTAGCGTATCGCAC-1,0.0414,0.011175,0.43001,0.118698,0.398716
AACTAGGCTTGGGTGT-1,0.133198,0.224005,0.498387,0.017614,0.126795
AACTCAAGTTAATTGC-1,0.0108,0.140752,0.773526,0.004576,0.070346
AACTCCAGAGCGTGTT-1,0.17935,0.024576,0.728713,0.005485,0.061877
AACTCCTAATCCCATG-1,0.007939,0.08384,0.894679,0.004027,0.009514
AACTCGATAAACACGT-1,0.000028,0.105161,0.269219,0.019792,0.6058
AACTCGATGGCGCAGT-1,0.030801,0.042492,0.637373,0.066438,0.222896
AACTCTCAATAGAGCG-1,0.097315,0.000037,0.109398,0.014652,0.778598
AACTCTCAGTGTGCTC-1,0.787678,0.125019,0.086734,0.000142,0.000427
AACTGAGGTCAGCGTC-1,0.000023,0.009338,0.317595,0.014119,0.658925
AACTGATATTAGGCCT-1,0.000018,0.106834,0.729166,0.005852,0.15813
AACTGGGTCCCGACGT-1,0.007383,0.047978,0.503179,0.025339,0.416121
AACTGGTGTGGGCCTT-1,0.014955,0.331977,0.640089,0.007229,0.00575
AACTTCTGCGTCTATC-1,0.000015,0.162576,0.805857,0.001623,0.029929
AACTTGCCCGTATGCA-1,0.000014,0.006541,0.018145,0.975258,0.000042
AACTTGCGTTCTCGCG-1,0.116651,0.019975,0.641638,0.036637,0.185099
AACTTTACGGGAGCTT-1,0.006113,0.341055,0.56329,0.010077,0.079466
AACTTTAGCTGCTGAG-1,0.037455,0.039649,0.763609,0.018876,0.140411
AACTTTCTCGATCATG-1,0.770327,0.000245,0.000981,0.227712,0.000735
AAGAAGGATCAGTTAG-1,0.057299,0.159618,0.678464,0.009403,0.095216
AAGACATACGTGGTTT-1,0.192215,0.000059,0.22907,0.013081,0.565574
AAGACCAAATAACTCA-1,0.018149,0.449152,0.219937,0.074254,0.238509
AAGACCCAACTGAACA-1,0.998423,0.000175,0.000701,0.000175,0.000526
AAGACTAACCCGTTGT-1,0.057155,0.076407,0.28196,0.027769,0.556709
AAGACTGCAAGCTACT-1,0.018205,0.098693,0.41187,0.200528,0.270703
AAGAGATGAATCGGTA-1,0.000022,0.066011,0.695009,0.003706,0.235253
AAGAGCTCTTTATCGG-1,0.246261,0.030562,0.352464,0.148122,0.222591
AAGAGGATGTACGCGA-1,0.000012,0.140494,0.809743,0.03132,0.01843
AAGAGGCATGGATCGC-1,0.527158,0.000043,0.214437,0.011726,0.246636
AAGAGGCCCTTTGGAA-1,0.146665,0.090397,0.11633,0.045664,0.600944
AAGATGGCACCGGACC-1,0.595573,0.08938,0.295404,0.019349,0.000293
AAGATTGGCGGAACGT-1,0.753571,0.020785,0.031436,0.02327,0.170939
AAGCACCCTGCGTATC-1,0.079821,0.108806,0.480975,0.014188,0.31621
AAGCATACTCTCCTGA-1,0.05098,0.084859,0.730088,0.002357,0.131717
AAGCCACTTGCAGGTA-1,0.099297,0.081814,0.523681,0.102517,0.192692
AAGCCGAAGCGGTTTA-1,0.1951,0.073976,0.321757,0.090537,0.31863
AAGCCGCCGTGAAATC-1,0.227762,0.194075,0.121647,0.103775,0.352741
AAGCGCAGGGCTTTGA-1,0.068238,0.077247,0.809541,0.001069,0.043905
AAGCGGCGTCATGGGT-1,0.005807,0.008221,0.300005,0.023644,0.662323
AAGCGTCCCTCATCGA-1,0.241471,0.053316,0.27821,0.271461,0.155542
AAGCTAGATCGAGTAA-1,0.159214,0.246448,0.130327,0.076999,0.387012
AAGCTCGTGCCAAGTC-1,0.032298,0.03753,0.24098,0.097244,0.591948
AAGCTCTTTCATGGTG-1,0.041664,0.013106,0.164769,0.014557,0.765905
AAGGAGCGGTTGGTGC-1,0.011839,0.932676,0.033106,0.021029,0.001351
AAGGATCGATCGCTTG-1,0.10733,0.501804,0.043131,0.101859,0.245876
AAGGATGAGGGACCTC-1,0.199517,0.020598,0.474026,0.047378,0.258481
AAGGCAGGCTGTCTCC-1,0.88072,0.000052,0.021426,0.01453,0.083272
AAGGCGCGTAAAGCTT-1,0.124653,0.050125,0.580558,0.122053,0.12261
AAGGCTGTGCTCATCG-1,0.000023,0.039855,0.149675,0.047287,0.763161
AAGGGAACGACTGGCT-1,0.098903,0.152072,0.276044,0.045558,0.427423
AAGGGACAGATTCTGT-1,0.199614,0.373604,0.30673,0.027674,0.092379
AAGGGACTATGCATTC-1,0.204097,0.398633,0.081771,0.070674,0.244825
AAGGGTTTGATTTCAG-1,0.403444,0.019362,0.075428,0.098355,0.403411
AAGGTATCCTAATATA-1,0.027296,0.076183,0.555958,0.01895,0.321613
AAGGTGATAAACCAGC-1,0.578203,0.000049,0.000195,0.053816,0.367738
AAGTAGAAGACCGGGT-1,0.000696,0.047898,0.64949,0.014798,0.287118
AAGTAGTGACGCGAGG-1,0.000014,0.14338,0.733967,0.011066,0.111572
AAGTCAATTGTCGTCA-1,0.420326,0.014539,0.461543,0.036436,0.067157
AAGTCTAGTAGCTGCC-1,0.496345,0.000273,0.354112,0.000273,0.148996
AAGTCTTCTGTGGCCT-1,0.002706,0.073423,0.24919,0.095452,0.57923
AAGTGACGACCGAATT-1,0.193724,0.056598,0.229685,0.081354,0.43864
AAGTGAGTCGGGTTTA-1,0.081612,0.468256,0.076914,0.166355,0.206863
AAGTGCAAAGGTAGAC-1,0.245058,0.002739,0.108416,0.140602,0.503185
AAGTGCCTTGACTGTA-1,0.059575,0.024957,0.709174,0.01259,0.193704
AAGTGCGTTAGAATCT-1,0.104384,0.049665,0.543702,0.07951,0.222739
AAGTGCTTCTCTATTG-1,0.15838,0.294101,0.442611,0.032141,0.072767
AAGTGTTTGGAGACGG-1,0.033663,0.07275,0.808633,0.038494,0.046461
AAGTTCACTCCAAGCT-1,0.063789,0.046738,0.601593,0.021273,0.266607
AAGTTCAGTCTGCGTA-1,0.391823,0.000042,0.113747,0.032772,0.461615
AAGTTCGGCCAACAGG-1,0.078942,0.138522,0.560347,0.044539,0.17765
AAGTTGTGATGTTATA-1,0.185216,0.005988,0.359641,0.044778,0.404376
AAGTTTACTAATGGCA-1,0.012367,0.070521,0.612797,0.06135,0.242965
AAGTTTATGGGCCCAA-1,0.654813,0.025058,0.25673,0.01435,0.049048
AATAACAACGCTCGGC-1,0.000009,0.111058,0.798445,0.016626,0.073862
AATAACACTAGAACAA-1,0.160488,0.094095,0.493813,0.05201,0.199594
AATAAGTCCTCGAGAC-1,0.098426,0.050346,0.841863,0.00151,0.007855
AATAATCTTCGTATCG-1,0.520638,0.000083,0.133885,0.001474,0.34392
AATACAATGTTTCAGG-1,0.000032,0.030705,0.353768,0.182658,0.432837
AATACCGGAGGGCTGT-1,0.285771,0.21237,0.491551,0.002538,0.00777
AATACCTGATGTGAAC-1,0.060746,0.009551,0.457616,0.014255,0.457832
AATAGAACAGAGTGGC-1,0.199085,0.068106,0.200478,0.051458,0.480873
AATAGAATCTGTTTCA-1,0.99899,0.000112,0.000449,0.000112,0.000337
AATAGCAAGCCTCCTG-1,0.003668,0.015309,0.557487,0.000685,0.422851
AATAGCTACCGCGTGC-1,0.070375,0.090625,0.792921,0.006001,0.040077
AATAGTCCGTCCCGAC-1,0.078589,0.102692,0.636579,0.016064,0.166076
AATAGTCGCGAGTCGG-1,0.118906,0.148299,0.464732,0.017562,0.250501
AATATCAAGGTCGGAT-1,0.022453,0.047746,0.427556,0.078027,0.424218
AATATCCTAGCAAACT-1,0.071939,0.162844,0.19229,0.112447,0.460481
AATATCGAATCAATGC-1,0.408287,0.03575,0.209193,0.053441,0.293329
AATATCGAGGGTTCTC-1,0.136192,0.003093,0.13908,0.126704,0.594931
AATATTGGAGTATTGA-1,0.014246,0.051373,0.620857,0.091352,0.222172
AATCAGACTGCAGGAC-1,0.071642,0.000022,0.020092,0.414584,0.49366
AATCAGGTTTCATTTA-1,0.062296,0.228141,0.527565,0.144279,0.037719
AATCATGTAAAGACTC-1,0.999722,0.000031,0.000124,0.000031,0.000093
AATCCAAGGGCCTGAG-1,0.000017,0.02586,0.391935,0.552198,0.029989
AATCCATGCAAGGGTG-1,0.056632,0.210532,0.710202,0.004555,0.018079
AATCGCCTCAGCGCCA-1,0.337251,0.133212,0.132371,0.026487,0.37068
AATCGCGCAGAGGACT-1,0.998935,0.000118,0.000474,0.000118,0.000355
AATCGGGACACTACGA-1,0.000016,0.304835,0.43138,0.01111,0.252659
AATCGGTATAGCCCTC-1,0.999541,0.000051,0.000204,0.000051,0.000153
AATCGTGAGCCGAGCA-1,0.117526,0.144182,0.677549,0.014695,0.046048
AATCTAGGTTTACTTG-1,0.03037,0.146704,0.254863,0.106671,0.461393
AATCTATGCCGGAGCC-1,0.273817,0.005491,0.385663,0.000079,0.334951
AATCTCTACTGTGGTT-1,0.000012,0.275305,0.636015,0.022797,0.065872
AATCTGCGTTGGGACG-1,0.012955,0.080789,0.816881,0.018225,0.07115
AATCTGGCTTTCTAGT-1,0.034422,0.059318,0.207146,0.088002,0.611113
AATCTGGGTAGACCCT-1,0.100961,0.000036,0.009463,0.019642,0.869898
AATGACAGCAATGTCT-1,0.093539,0.166072,0.423046,0.254132,0.063211
AATGACGTAGGATGTC-1,0.696718,0.069925,0.119682,0.075183,0.038492
AATGACTGTCAGCCGG-1,0.000402,0.090659,0.597013,0.007063,0.304864
AATGAGTTCGCATATG-1,0.061356,0.226746,0.705287,0.002298,0.004313
AATGATGATACGCTAT-1,0.293486,0.114674,0.122983,0.000153,0.468704
AATGATGCGACTCCTG-1,0.144482,0.219999,0.620243,0.009659,0.005617
AATGCAACCGGGTACC-1,0.000014,0.077139,0.787544,0.032647,0.102656
AATGCACCAAGCAATG-1,0.067166,0.000388,0.28534,0.04392,0.603185
AATGGCCGCCAATGCG-1,0.102856,0.000077,0.271184,0.00311,0.622773
AATGGTCCACCGTTCA-1,0.021302,0.123587,0.722716,0.061483,0.070912
AATGGTTCTCACAAGC-1,0.001413,0.037344,0.646794,0.020475,0.293973
AATGTATGGCACTGTA-1,0.176453,0.203715,0.430363,0.082134,0.107334
AATGTGCCCGAGGTGT-1,0.235649,0.123476,0.179594,0.153846,0.307435
AATGTGCTAATCTGAG-1,0.173043,0.184658,0.201082,0.148247,0.29297
AATGTTGTCGTGAGAC-1,0.237511,0.088764,0.105141,0.017466,0.551118
AATTAAAGGTCGGCGT-1,0.094673,0.564987,0.038835,0.216404,0.085102
AATTAACGGATTTCCA-1,0.051344,0.046486,0.274418,0.033431,0.594321
AATTACGAGACCCATC-1,0.365971,0.110308,0.457402,0.050189,0.01613
AATTACTCGTACGCTC-1,0.018147,0.035773,0.184867,0.082679,0.678533
AATTAGCGCTGCAGCG-1,0.017232,0.04806,0.306009,0.448919,0.17978
AATTCATAAGGGATCT-1,0.838811,0.064339,0.04588,0.026832,0.024137
AATTCATTGTCATGCA-1,0.116942,0.112294,0.24285,0.122258,0.405655
AATTCCAAGCATGTAC-1,0.470302,0.029297,0.164936,0.051632,0.283834
AATTCGATTCGAGGAT-1,0.9994,0.000067,0.000267,0.000067,0.0002
AATTCTAGAGTTAGGC-1,0.025,0.13033,0.840806,0.00382,0.000043
AATTGAACGCTCTGGT-1,0.999236,0.000085,0.000339,0.000085,0.000255
AATTGCAGCAATCGAC-1,0.337645,0.021039,0.205994,0.046896,0.388427
AATTGCGTGGATTACA-1,0.165709,0.203546,0.378037,0.132584,0.120124
AATTGTGGTTGCCAAA-1,0.090557,0.036384,0.52561,0.017929,0.32952
AATTTGGGACATAGTA-1,0.028712,0.015299,0.273983,0.055252,0.626753
AATTTGGTTCCAAAGA-1,0.083774,0.009319,0.332537,0.023784,0.550586
ACAAACCATGCGTCCT-1,0.449133,0.215533,0.049848,0.097676,0.187812
ACAAAGAAGGTAGGCC-1,0.281771,0.261949,0.385897,0.031352,0.039031
ACAAAGCATGACCTAG-1,0.999517,0.000054,0.000215,0.000054,0.000161
ACAAATCGCACCGAAT-1,0.106458,0.267128,0.182632,0.037823,0.405959
ACAAATGGTAGTGTTT-1,0.999252,0.000083,0.000332,0.000083,0.000249
ACAAATTCAGATCTGA-1,0.136427,0.04681,0.451117,0.054697,0.310949
ACAACAGCATGAGCTA-1,0.176903,0.016306,0.253335,0.195006,0.35845
ACAACGGTCCCTGCGA-1,0.000018,0.106449,0.535519,0.0202,0.337814
ACAAGCAGTGCCTAGC-1,0.006793,0.117314,0.317474,0.145155,0.413264
ACAAGCTATATGGAAG-1,0.000021,0.201769,0.421926,0.130946,0.245338
ACAAGGAAATCCGCCC-1,0.023754,0.040425,0.478633,0.009729,0.447459
ACAAGGACAAGAGGTT-1,0.000388,0.152324,0.676064,0.01889,0.152334
ACAAGGATGCTTTAGG-1,0.099212,0.018006,0.686004,0.047288,0.149489
ACAAGGCCTACCAGCC-1,0.00008,0.014383,0.325544,0.00008,0.659913
ACAAGGGCAGGCTCTG-1,0.074508,0.192922,0.648724,0.031172,0.052674
ACAATAGTCGTACGTT-1,0.142732,0.098652,0.066951,0.1541,0.537565
ACAATCCATTTAAACC-1,0.000013,0.076948,0.690846,0.07032,0.161873
ACAATGAATACGGAGA-1,0.691268,0.000087,0.072735,0.067558,0.168351
ACAATGATTCTTCTAC-1,0.028078,0.011418,0.304852,0.00119,0.654462
ACAATTGTGTCTCTTT-1,0.848421,0.011644,0.029227,0.097514,0.013193
ACAATTTAGGAGGCTC-1,0.03815,0.082291,0.760349,0.022181,0.097028
ACAATTTGAGCAGTGG-1,0.035756,0.136528,0.826559,0.000013,0.001144
ACACAAAGACGGGTGG-1,0.00002,0.041512,0.493597,0.075532,0.389339
ACACAAATATTCCTAG-1,0.013602,0.024322,0.374547,0.009981,0.577548
ACACACCAGGACCAGT-1,0.99782,0.000242,0.000969,0.000242,0.000727
ACACACTTTCTACACG-1,0.000023,0.034482,0.698031,0.000361,0.267103
ACACATGATCAAATCT-1,0.05269,0.094377,0.673709,0.093756,0.085468
ACACATTGACGCAACA-1,0.00037,0.025108,0.525019,0.00004,0.449463
ACACATTTCCGTAGAC-1,0.497098,0.003018,0.010555,0.036078,0.453251
ACACCACATAATTAGC-1,0.388325,0.000071,0.018297,0.386787,0.20652
ACACCCAGCATGCAGC-1,0.018899,0.019801,0.590468,0.009427,0.361405
ACACCCGAGAAATCCG-1,0.019324,0.051466,0.373473,0.264803,0.290934
ACACCGAGCGCTCTTT-1,0.005014,0.079907,0.646984,0.029845,0.238249
ACACCGGTCTGACCGC-1,0.542276,0.022026,0.074774,0.024875,0.336048
ACACCTTAAGTAGGGC-1,0.083026,0.067098,0.61417,0.047624,0.188082
ACACCTTACTACTTGC-1,0.1924,0.07259,0.533408,0.02074,0.180861
ACACGAGACTCCTTCT-1,0.163827,0.023664,0.469169,0.067208,0.276133
ACACGGCACTATGCAT-1,0.008096,0.033934,0.532467,0.033688,0.391815
ACACGGGAACTTAGGG-1,0.166358,0.052609,0.250353,0.108056,0.422623
ACACGTAGGCCACAAG-1,0.078724,0.069795,0.702372,0.116271,0.032839
ACACTCCAATGTCACT-1,0.004591,0.176871,0.787011,0.026058,0.005469
ACACTGATCAAGGTGT-1,0.237229,0.07444,0.332563,0.021017,0.334751
ACACTGGGACAGTCGT-1,0.998611,0.000154,0.000617,0.000154,0.000463
ACAGAACTGAGAACAA-1,0.312962,0.092765,0.530183,0.037149,0.026942
ACAGATTAGGTTAGTG-1,0.00002,0.454582,0.28881,0.001669,0.254919
ACAGCATAGAGCCAGT-1,0.009267,0.13209,0.657274,0.013506,0.187862
ACAGCGACATTCTCAT-1,0.99926,0.000082,0.000329,0.000082,0.000247
ACAGCGCACCCGCAGC-1,0.141714,0.151033,0.58626,0.031354,0.08964
ACAGGCACGGATCCTT-1,0.065136,0.072965,0.613414,0.023625,0.22486
ACAGGCTTGCCCGACT-1,0.845304,0.000037,0.103007,0.029909,0.021744
ACAGGTGGAGGTGAGG-1,0.098455,0.109242,0.254805,0.325952,0.211547
ACAGGTGTGTTGTTGC-1,0.059675,0.116702,0.738254,0.007898,0.077471
ACAGTAATACAACTTG-1,0.158085,0.069298,0.461601,0.03722,0.273796
ACAGTATACCGTGGGA-1,0.068865,0.071265,0.788668,0.013835,0.057369
ACATAAGTCGTGGTGA-1,0.058005,0.237629,0.616838,0.031953,0.055575
ACATAATAAGGCGGTG-1,0.000722,0.03641,0.666259,0.01536,0.281248
ACATCAGCTGGGACGC-1,0.020761,0.197561,0.340179,0.022743,0.418756
ACATCCCGGCCATACG-1,0.10584,0.056265,0.508906,0.02142,0.307569
ACATCCTGGTAACTGT-1,0.051631,0.016499,0.278055,0.071506,0.582309
ACATCGATCGTTTACC-1,0.021138,0.091664,0.300848,0.245255,0.341095
ACATCGGTCAGCCGCG-1,0.003296,0.15938,0.78285,0.025041,0.029433
ACATCGTATGCAATGG-1,0.577248,0.055357,0.140554,0.022826,0.204016
ACATCGTTAACCTAGT-1,0.000016,0.195148,0.567903,0.054607,0.182327
ACATCTCAACGCGTAA-1,0.000028,0.040758,0.085456,0.009633,0.864125
ACATGGCGCCAAAGTA-1,0.286612,0.010163,0.232233,0.004086,0.466907
ACATGGCTCAATTTAG-1,0.034744,0.088114,0.412944,0.022287,0.44191
ACATTAGTTTATATCC-1,0.058239,0.15728,0.430368,0.023164,0.330949
ACATTCGCGCGGAATA-1,0.06953,0.164885,0.353381,0.015238,0.396967
ACATTTGAAACCTAAC-1,0.019749,0.026593,0.735322,0.009072,0.209265
ACCAAACACCCAGCGA-1,0.084855,0.10876,0.452823,0.162009,0.191553
ACCAACACCACACACT-1,0.343335,0.000026,0.056879,0.06246,0.5373
ACCAACCGCACTCCAC-1,0.263896,0.022962,0.640001,0.029837,0.043304
ACCAACGCTTATTTAT-1,0.188463,0.083218,0.458386,0.01277,0.257163
ACCAAGAACGCGTGTC-1,0.000019,0.037003,0.346782,0.284644,0.331551
ACCAAGTCATCGGCAG-1,0.134189,0.008398,0.54048,0.081052,0.23588
ACCAATATGCAAGTTA-1,0.055734,0.000029,0.138588,0.012558,0.793091
ACCACAACTCAGAACA-1,0.055845,0.025845,0.309981,0.000028,0.608302
ACCACAAGTTTCTATC-1,0.126467,0.056102,0.325391,0.059651,0.432388
ACCACCAATGTAACAA-1,0.195449,0.014306,0.307249,0.049,0.433996
ACCACCCTCTCTTCTA-1,0.421617,0.189692,0.011403,0.020864,0.356424
ACCACGTGCAGCTATA-1,0.019702,0.063375,0.438197,0.050073,0.428654
ACCACTGTTCAAGAAG-1,0.015109,0.314713,0.128943,0.025377,0.515859
ACCAGACCATAACAAC-1,0.047792,0.1021,0.599785,0.016031,0.234292
ACCAGCCCGGTCTTTG-1,0.000019,0.041799,0.498436,0.000019,0.459727
ACCAGTGCCCGGTCAA-1,0.001045,0.049132,0.707415,0.035774,0.206634
ACCAGTGCGGGAGACG-1,0.768569,0.230763,0.000334,0.000083,0.00025
ACCATATCCGCAATAA-1,0.015973,0.0782,0.30893,0.040083,0.556815
ACCATCCGCCAACTAG-1,0.00311,0.070644,0.799471,0.042282,0.084493
ACCATCGTATATGGTA-1,0.033837,0.464963,0.180999,0.06088,0.259322
ACCATTAAGGGTGTCA-1,0.00224,0.134815,0.58291,0.000043,0.279992
ACCCAACGCCCGTGGC-1,0.011691,0.027039,0.847828,0.000039,0.113402
ACCCACCTACATGCTC-1,0.001625,0.105187,0.600249,0.030364,0.262575
ACCCATCTTGAGGGTA-1,0.00002,0.210243,0.499208,0.13685,0.15368
ACCCATTTGTCCCTCT-1,0.999387,0.000068,0.000272,0.000068,0.000204
ACCCGAGCGAAATTAC-1,0.123604,0.142002,0.173206,0.091291,0.469896
ACCCGATTGGTTCCGA-1,0.026475,0.088003,0.563372,0.079512,0.242639
ACCCGGAAACTCCCAG-1,0.134642,0.014379,0.467576,0.15513,0.228273
ACCCGGAGCACCACAA-1,0.330326,0.153737,0.386257,0.061256,0.068424
ACCCGGATGACGCATC-1,0.144357,0.034658,0.734516,0.044035,0.042434
ACCCGGTTACACTTCC-1,0.024901,0.074166,0.202797,0.232928,0.465209
ACCCGTAGCAGAGAAT-1,0.198695,0.711517,0.044475,0.026476,0.018838
ACCCGTAGTCTAGTTG-1,0.056186,0.002491,0.421763,0.056566,0.462994
ACCCGTGTCATCAGTA-1,0.15563,0.093903,0.459882,0.005004,0.285581
ACCCTATAGGACTGAG-1,0.000025,0.026194,0.315445,0.404609,0.253727
ACCCTATGCCATATCG-1,0.226437,0.05491,0.07781,0.051782,0.589061
ACCCTCCCGTCAGGGC-1,0.882465,0.008926,0.004924,0.000033,0.103652
ACCCTCCCTTGCTATT-1,0.998838,0.000129,0.000516,0.000129,0.000387
ACCCTGGTAACGCCCT-1,0.160764,0.04198,0.322107,0.029255,0.445894
ACCCTTCATCTGCGAA-1,0.000022,0.058643,0.785821,0.000256,0.155258
ACCCTTTAGTTCTCCA-1,0.099587,0.004048,0.052095,0.02914,0.81513
ACCGAAAGGGCCCTGC-1,0.02667,0.068165,0.373929,0.102907,0.428328
ACCGAAGAGTCTGGTT-1,0.358557,0.062194,0.418315,0.077731,0.083202
ACCGACACATCTCCCA-1,0.007296,0.43818,0.408328,0.028339,0.117857
ACCGACTGAGTCCCAC-1,0.020944,0.126236,0.81529,0.014499,0.023031
ACCGAGTCTCCTTATT-1,0.453022,0.031685,0.243801,0.005472,0.26602
ACCGATAGGCATAACC-1,0.998585,0.000157,0.000629,0.000157,0.000472
ACCGATATTTAATCAT-1,0.338924,0.034925,0.073417,0.014335,0.538398
ACCGATGGTAGCATCG-1,0.250526,0.023048,0.401324,0.026763,0.298339
ACCGCAATAACTGCCT-1,0.006679,0.044083,0.436467,0.005606,0.507165
ACCGCGGTGGAAGTCG-1,0.007287,0.250548,0.568672,0.011384,0.16211
ACCGCTAGTCATTGGT-1,0.147762,0.203559,0.548275,0.00082,0.099583
ACCGGGCCTTTGTTGA-1,0.549187,0.000047,0.011547,0.101542,0.337677
ACCGGTCAGGTACACC-1,0.060166,0.087294,0.497975,0.163046,0.191519
ACCGGTCTGAGTACGG-1,0.012564,0.004576,0.206557,0.011178,0.765124
ACCGTCCACTGGGCCC-1,0.328206,0.139298,0.417726,0.079156,0.035613
ACCGTGACCACGTGGG-1,0.998777,0.000136,0.000544,0.000136,0.000408
ACCGTTCCCGCTCTGA-1,0.056603,0.000038,0.083366,0.000038,0.859956
ACCTAAGTACCTTTCA-1,0.578381,0.060009,0.273038,0.088379,0.000194
ACCTAATCGACTTCCT-1,0.025318,0.092542,0.493261,0.025714,0.363166
ACCTACAGTATGTGGT-1,0.437867,0.000038,0.108765,0.039671,0.41366
ACCTACTATAAATCTA-1,0.54296,0.000061,0.012972,0.138122,0.305885
ACCTCCGCCCTCGCTG-1,0.155983,0.344619,0.227896,0.049074,0.222428
ACCTCCGTTATTCACC-1,0.10769,0.07318,0.521307,0.037559,0.260264
ACCTCGAACTTATGCT-1,0.559814,0.063163,0.147058,0.054763,0.175202
ACCTGCGTGTCATGTT-1,0.074518,0.051923,0.340933,0.131187,0.401439
ACGAAATGGGCGGCAC-1,0.001804,0.09478,0.444887,0.041002,0.417528
ACGACTCTAGGGCCGA-1,0.002936,0.029327,0.959281,0.000012,0.008444
ACGACTGGTCATACTC-1,0.471036,0.150932,0.252366,0.057232,0.068433
ACGAGAACCCATCACG-1,0.109628,0.112192,0.572436,0.029551,0.176192
ACGAGATATTTGCTTA-1,0.037052,0.019868,0.537916,0.078752,0.326412
ACGAGGATACCACTCT-1,0.117405,0.271609,0.178788,0.199824,0.232374
ACGAGGTTTACAACGT-1,0.352874,0.065939,0.356364,0.07628,0.148543
ACGAGTACGGATGCCC-1,0.297765,0.024189,0.239526,0.010547,0.427972
ACGAGTCGCCGGCGTT-1,0.00002,0.047579,0.518098,0.008009,0.426294
ACGATACATAGAACTA-1,0.000016,0.114075,0.676191,0.0294,0.180318
ACGATACCTATCCTGA-1,0.000017,0.457505,0.284131,0.004626,0.25372
ACGATCATACATAGAG-1,0.059997,0.073344,0.441822,0.005303,0.419534
ACGATCATCTTGTAAA-1,0.998887,0.000124,0.000495,0.000124,0.000371
ACGATGCATATGTTAT-1,0.047185,0.137988,0.613144,0.109169,0.092513
ACGATGGATCCGATGC-1,0.001735,0.047262,0.629282,0.069171,0.25255
ACGCAAACTAATAGAT-1,0.083224,0.246837,0.300401,0.028718,0.34082
ACGCAATCACTACAGC-1,0.097609,0.085905,0.427413,0.031667,0.357406
ACGCATAAATGACATG-1,0.006978,0.035974,0.456288,0.002533,0.498227
ACGCATACGTTTACTA-1,0.854671,0.000049,0.000197,0.072626,0.072457
ACGCATTCGTGAGTAC-1,0.147395,0.089589,0.479628,0.006444,0.276944
ACGCCAGATGATTTCT-1,0.029376,0.07957,0.738418,0.028992,0.123644
ACGCCAGTGCGTTTGC-1,0.080234,0.112523,0.324108,0.050134,0.433001
ACGCCCAGCTGTCGAT-1,0.011772,0.112594,0.507487,0.009114,0.359034
ACGCCGCTAGACGACC-1,0.431117,0.024654,0.049892,0.177258,0.317079
ACGCGAAGTCAGACGA-1,0.064159,0.129749,0.379301,0.033967,0.392823
ACGCGCTACACAGGGT-1,0.011406,0.152743,0.594947,0.051664,0.18924
ACGCGGGCCAAGGACA-1,0.089173,0.030377,0.593497,0.025923,0.26103
ACGCGTTTCTTAAGAG-1,0.027529,0.107716,0.640396,0.036746,0.187613
ACGCTAGTGATACACT-1,0.103998,0.077962,0.70335,0.062947,0.051743
ACGCTGTGAGGCGTAG-1,0.000009,0.278098,0.715707,0.001132,0.005054
ACGGAACACGAGTGCC-1,0.003243,0.072647,0.494145,0.027632,0.402333
ACGGAATTTAGCAAAT-1,0.015583,0.043825,0.358602,0.080794,0.501197
ACGGACGCAGCGACAA-1,0.209713,0.024746,0.061813,0.078079,0.625649
ACGGACTCTCAAAGCG-1,0.881371,0.000062,0.000249,0.014848,0.10347
ACGGAGCGCAAATTAC-1,0.999383,0.000069,0.000274,0.000069,0.000206
ACGGATGGTGCGGATA-1,0.026871,0.00461,0.402157,0.004746,0.561616
ACGGCACTTGCTTGGG-1,0.000018,0.089555,0.73343,0.059837,0.117159
ACGGCCAACATGGACT-1,0.016135,0.179922,0.687901,0.070818,0.045224
ACGGCGACGATGGGAA-1,0.038714,0.130307,0.796222,0.013335,0.021422
ACGGCGGGTTGCCCTG-1,0.028216,0.174976,0.651508,0.018343,0.126957
ACGGCTGGATGTAGAA-1,0.074902,0.28276,0.605071,0.01319,0.024077
ACGGGAGTGTCGGCCC-1,0.039525,0.080054,0.435647,0.13895,0.305823
ACGGGCGTATGCGACA-1,0.226326,0.051621,0.251422,0.025922,0.44471
ACGGGTCATGTGACTT-1,0.045817,0.030097,0.494899,0.017553,0.411634
ACGGGTTGTGACCTGT-1,0.534002,0.070198,0.042263,0.353325,0.000211
ACGGTACAGTTCAATG-1,0.047472,0.014708,0.778274,0.000019,0.159527
ACGGTCACCGAGAACA-1,0.168379,0.075215,0.219619,0.152507,0.38428
ACGTACAGATTTCTCT-1,0.020403,0.135947,0.681734,0.01163,0.150287
ACGTACTTTGGCACGG-1,0.032386,0.385346,0.366377,0.033718,0.182173
ACGTAGATTGCTGATG-1,0.005043,0.053838,0.387645,0.073931,0.479543
ACGTAGGAGAGTCGCT-1,0.399612,0.041713,0.305583,0.093856,0.159236
ACGTATTACTCCGATC-1,0.10404,0.072959,0.623716,0.010244,0.189041
ACGTCGGGCAACTCGG-1,0.311189,0.126239,0.492724,0.031123,0.038724
ACGTCTCGTTCCGGGA-1,0.002954,0.118501,0.764236,0.023057,0.091253
ACGTGACAAAGTAAGT-1,0.065352,0.072453,0.677407,0.100481,0.084307
ACGTGCGCCTCGTGCA-1,0.000029,0.061556,0.305161,0.027672,0.605583
ACGTTAATGTCGAAGA-1,0.088461,0.092476,0.689497,0.037782,0.091785
ACGTTAGATTTGCCCG-1,0.000016,0.212255,0.72667,0.001862,0.059197
ACGTTATTGGTCACTC-1,0.000041,0.073219,0.486773,0.041357,0.39861
ACGTTCACTATGCCGC-1,0.259509,0.019991,0.086318,0.065002,0.56918
ACGTTCCGCGCTCCGT-1,0.004581,0.207109,0.782943,0.002846,0.00252
ACGTTCGCAATCAATT-1,0.105776,0.019386,0.081845,0.053037,0.739956
ACGTTCGTTCAGGAAA-1,0.224082,0.020934,0.098166,0.265258,0.39156
ACGTTCTGTACAAGTC-1,0.245146,0.108256,0.362362,0.009799,0.274437
ACGTTTAGTTGTGATC-1,0.000032,0.065693,0.778263,0.013897,0.142115
ACTAATACGTCAGGCG-1,0.000015,0.035082,0.588684,0.012267,0.363952
ACTACAAAGAGAGGTG-1,0.089766,0.089767,0.763228,0.004789,0.05245
ACTACATCCCGACAAG-1,0.320377,0.48864,0.010344,0.083366,0.097274
ACTACCAGCTCTCTGG-1,0.024848,0.044125,0.712907,0.050294,0.167826
ACTACCATCCGAGGGC-1,0.148566,0.01554,0.102678,0.028507,0.704709
ACTACGCGTTAGAATT-1,0.815864,0.000073,0.043334,0.000073,0.140656
ACTAGTTGCGATCGTC-1,0.323481,0.047503,0.346037,0.058276,0.224703
ACTATATGCTGTGTTC-1,0.015814,0.027439,0.24397,0.125286,0.587491
ACTATCCAGGGCATGG-1,0.152666,0.412239,0.179079,0.031026,0.22499
ACTATCGCCGGCTAAA-1,0.00001,0.18581,0.764934,0.00516,0.044086
ACTATCTGCCCGCGTA-1,0.182598,0.065399,0.437485,0.076363,0.238156
ACTATGTCCAGCTGCC-1,0.164735,0.06499,0.173013,0.138026,0.459237
ACTATTCGTCCGTGGT-1,0.061715,0.031376,0.502326,0.020102,0.38448
ACTATTTCCGGGCCCA-1,0.999049,0.000106,0.000423,0.000106,0.000317
ACTCAACGAATGTATT-1,0.04522,0.0565,0.577671,0.076488,0.244121
ACTCAAGTGCAAGGCT-1,0.059907,0.01093,0.718997,0.02068,0.189486
ACTCAATAAAGGCACG-1,0.037741,0.081564,0.772519,0.026826,0.081351
ACTCAGACCTGCTTCT-1,0.029232,0.154856,0.804801,0.003843,0.007267
ACTCATGGCAGCCTTC-1,0.162383,0.127313,0.388671,0.057162,0.264471
ACTCCAATATCATCAT-1,0.206061,0.141723,0.552561,0.027625,0.07203
ACTCCCATTCCTAAAG-1,0.046283,0.014511,0.218037,0.312338,0.40883
ACTCCCGAATTCGTTT-1,0.188168,0.08031,0.548935,0.026297,0.156289
ACTCCCGTAGACTAGG-1,0.997921,0.000231,0.000924,0.000231,0.000693
ACTCCCTAATGCTAAA-1,0.018183,0.060453,0.824961,0.013579,0.082823
ACTCCCTAGAATAGTA-1,0.998804,0.000133,0.000531,0.000133,0.000399
ACTCGATGTATTTCAT-1,0.005864,0.029879,0.551084,0.041098,0.372074
ACTCGCCGTTCGATAA-1,0.333515,0.015103,0.618687,0.000034,0.032662
ACTCGTAACCCGTCCT-1,0.11021,0.09988,0.269437,0.108731,0.411742
ACTCGTCAGTAATCCC-1,0.137457,0.24237,0.278332,0.070933,0.270907
ACTCTAAACCTGGGAT-1,0.011347,0.044004,0.246436,0.043369,0.654844
ACTCTCTGACTTAGGT-1,0.65924,0.240176,0.000272,0.038889,0.061423
ACTCTCTTATACACGA-1,0.01982,0.056055,0.512866,0.031756,0.379502
ACTCTGACCTAATAGA-1,0.211403,0.042837,0.389798,0.011127,0.344835
ACTCTTGTATAGTAAC-1,0.148647,0.009076,0.0877,0.090173,0.664404
ACTGAAACGCCGTTAG-1,0.569647,0.00003,0.01022,0.062883,0.357221
ACTGAATGGCGAAAGT-1,0.99907,0.000103,0.000413,0.000103,0.00031
ACTGATTTAGTGATTC-1,0.000054,0.000054,0.004295,0.000639,0.994958
ACTGCCCGCCATTCTC-1,0.163723,0.109465,0.158462,0.09665,0.4717
ACTGCCGTCGTAACTC-1,0.001396,0.126286,0.830569,0.004504,0.037246
ACTGCGGACACACCGT-1,0.034197,0.018841,0.172782,0.025522,0.748659
ACTGCTCGGAAGGATG-1,0.086045,0.056151,0.377507,0.083862,0.396434
ACTGGGATGCCAGTGC-1,0.525912,0.059265,0.35542,0.014534,0.04487
ACTGTACGATACACAT-1,0.098163,0.059327,0.299302,0.162723,0.380485
ACTGTAGCACTTTGGA-1,0.000022,0.074717,0.637812,0.002346,0.285102
ACTGTATACGCGAGCA-1,0.243104,0.048382,0.347363,0.111042,0.25011
ACTGTCCAGGATTATA-1,0.075654,0.046216,0.463543,0.037367,0.377221
ACTGTCTTCTTTAGAA-1,0.061549,0.043547,0.199651,0.082945,0.612309
ACTGTGCTAGTAGATC-1,0.000011,0.52046,0.477038,0.002456,0.000034
ACTTACCGGGCGCGCA-1,0.000023,0.032144,0.297652,0.007715,0.662466
ACTTACGCATCCACGC-1,0.252272,0.011888,0.170243,0.014641,0.550955
ACTTAGTACGACAAGA-1,0.009432,0.050524,0.588425,0.009679,0.34194
ACTTATACTTACCCGG-1,0.014329,0.043606,0.556454,0.011918,0.373693
ACTTATTAGGATCGGT-1,0.044329,0.051142,0.69426,0.02758,0.182689
ACTTATTTATGTGCCA-1,0.99858,0.000158,0.000631,0.000158,0.000473
ACTTCAGGCTGATCCC-1,0.050973,0.323912,0.611384,0.008971,0.004762
ACTTCCAGTGGAAGCT-1,0.000019,0.133706,0.450868,0.007859,0.407548
ACTTCCATGCGGGACA-1,0.057961,0.041915,0.702626,0.023312,0.174186
ACTTCGCCATACGCAC-1,0.097005,0.096246,0.676084,0.006941,0.123724
ACTTGACTCCCTCTTT-1,0.250668,0.002766,0.088071,0.31737,0.341125
ACTTGCCATATTGTAC-1,0.000016,0.042682,0.568993,0.001928,0.386382
ACTTGCTCTATCTACC-1,0.284246,0.00926,0.108965,0.155188,0.442341
ACTTGGGACCCGGTGG-1,0.083066,0.453365,0.169667,0.046143,0.247758
ACTTGTAGTCCCTTCA-1,0.07854,0.156202,0.753423,0.002358,0.009477
ACTTGTGGATGGAACG-1,0.331933,0.023153,0.466705,0.10099,0.077219
ACTTTACCCTCATGAA-1,0.142383,0.008128,0.182524,0.042666,0.6243
ACTTTATACACCACTT-1,0.119059,0.196543,0.077149,0.342464,0.264785
ACTTTCCTATAGCTTC-1,0.100075,0.039554,0.249532,0.055113,0.555727
ACTTTGACTGCATCCT-1,0.000015,0.369861,0.409536,0.038457,0.182132
ACTTTGGTCGTGCTCC-1,0.755204,0.066393,0.021349,0.021443,0.135611
ACTTTGTCGACGCACT-1,0.22213,0.397714,0.050377,0.041391,0.288389
AGAAATTATGACTCGC-1,0.197826,0.106952,0.380731,0.093985,0.220506
AGAACCCTCAATTGGG-1,0.118812,0.089891,0.276449,0.223892,0.290956
AGAACGTGGTACATTC-1,0.283606,0.056748,0.53145,0.061039,0.067156
AGAACTGTACTTTGTA-1,0.004855,0.000167,0.200024,0.01096,0.783995
AGAAGAGCGCCGTTCC-1,0.090203,0.000327,0.001308,0.413966,0.494197
AGAAGGTACACTTCAC-1,0.09231,0.039877,0.311603,0.119779,0.436431
AGAAGGTTGCCGAATT-1,0.017025,0.05155,0.370563,0.02896,0.531903
AGAAGGTTGTAGGTCG-1,0.33477,0.083791,0.575411,0.001186,0.004842
AGAAGTGATTCGTGAT-1,0.458157,0.166295,0.318953,0.04156,0.015035
AGAATAAATCTTCAGG-1,0.000009,0.236023,0.739831,0.006082,0.018054
AGAATGCGGGTTCGGA-1,0.08964,0.03419,0.780636,0.004502,0.091033
AGAATTATGGATTCGA-1,0.63825,0.038013,0.289656,0.010743,0.023339
AGAATTGTTTGACATA-1,0.000013,0.044132,0.880356,0.006119,0.06938
AGACAGCTCAGAATCC-1,0.000015,0.107087,0.849009,0.026158,0.01773
AGACAGGCATCTCAGC-1,0.08111,0.040105,0.81394,0.002908,0.061937
AGACATAGATCCTTCC-1,0.000029,0.121957,0.355055,0.041488,0.481471
AGACCAAACCACACCT-1,0.055006,0.073629,0.474546,0.148519,0.2483
AGACCATGGGATACAA-1,0.002137,0.075445,0.751232,0.00048,0.170706
AGACCCACCGCTGATC-1,0.020688,0.137038,0.750517,0.011242,0.080515
AGACCCGCCCTCCTCG-1,0.000022,0.019172,0.557978,0.006468,0.41636
AGACCGCTCCGCGGTT-1,0.274322,0.066962,0.315219,0.02577,0.317726
AGACCGGGAAACCCTG-1,0.027427,0.180825,0.642777,0.014763,0.134207
AGACGAAGTGCCGGTC-1,0.998962,0.000115,0.000461,0.000115,0.000346
AGACGACGATGCCGCT-1,0.22756,0.085006,0.195969,0.162295,0.32917
AGACGCCCACTTCGCC-1,0.969573,0.02989,0.000143,0.000287,0.000107
AGACGGGCCGATTTAA-1,0.048762,0.045468,0.645598,0.052631,0.207541
AGACTAGCCTTCCAGA-1,0.001025,0.039935,0.396343,0.063749,0.498949
AGACTGTTACCGGGTC-1,0.024398,0.173836,0.463636,0.113032,0.225098
AGAGAAACACCAGAAA-1,0.021561,0.17831,0.738358,0.017424,0.044347
AGAGAACCGTCTAGGA-1,0.176446,0.018489,0.205985,0.010968,0.588112
AGAGAAGGAGTACAAT-1,0.737485,0.148097,0.08684,0.027439,0.000139
AGAGATCTCTAAAGCG-1,0.089705,0.095545,0.693826,0.016677,0.104247
AGAGCAGTTATGAGAC-1,0.000023,0.106933,0.670332,0.01806,0.204652
AGAGCCGCCGAGATTT-1,0.999067,0.000104,0.000415,0.000104,0.000311
AGAGCGGGCTAATCAT-1,0.004896,0.073742,0.707424,0.03318,0.180758
AGAGCGTACAAGCTCG-1,0.003463,0.106135,0.594736,0.011024,0.284642
AGAGCTACGAAAGCAT-1,0.012483,0.063426,0.849988,0.014614,0.05949
AGAGGCTTCGGAAACC-1,0.411114,0.06567,0.303721,0.082611,0.136885
AGAGGGACAATTGTCC-1,0.003331,0.036019,0.593178,0.005161,0.362311
AGAGTAAACTTCACTA-1,0.198081,0.254441,0.276559,0.041112,0.229807
AGAGTATAGTGTTACG-1,0.578783,0.000154,0.405626,0.000113,0.015325
AGAGTTAGAGACCGAT-1,0.01613,0.002365,0.130135,0.010625,0.840746
AGATAACTTCAGGGCC-1,0.015617,0.059205,0.292482,0.053043,0.579653
AGATACCAATAGAACC-1,0.103593,0.013356,0.158816,0.169076,0.55516
AGATACCAGCACTTCA-1,0.177314,0.033427,0.599695,0.017181,0.172383
AGATACCGGTGTTCAC-1,0.003167,0.173926,0.717764,0.036429,0.068714
AGATACGACTTCATAT-1,0.023615,0.085851,0.696406,0.063629,0.1305
AGATACTCAAGATCGA-1,0.802148,0.196689,0.000582,0.000145,0.000436
AGATATAATACGACTA-1,0.068448,0.055511,0.13399,0.052927,0.689125
AGATCGTGCATAAGAT-1,0.166755,0.031275,0.241142,0.030951,0.529877
AGATCTCAGGTGTGAT-1,0.11994,0.013455,0.189731,0.254304,0.422571
AGATGACTCGCCCACG-1,0.002519,0.927472,0.017641,0.047739,0.004628
AGATGAGGGTTGCGAT-1,0.069427,0.024069,0.164591,0.063893,0.67802
AGATGATGGAGTCTGG-1,0.134431,0.016574,0.804731,0.0085,0.035764
AGATGCAAGACGTGCA-1,0.05448,0.056572,0.279673,0.209669,0.399606
AGATGCATCCTGTGTC-1,0.070345,0.030045,0.287884,0.379497,0.232229
AGATGCTATAACGAGC-1,0.000019,0.26123,0.712667,0.006968,0.019116
AGATTATAGGACGTTT-1,0.002029,0.032968,0.472703,0.004372,0.487929
AGATTCACAACCGATA-1,0.109669,0.115441,0.481298,0.0288,0.264792
AGCAAAGGCCGCTAGT-1,0.063512,0.075618,0.31515,0.041959,0.503761
AGCAACATATCTTATT-1,0.496318,0.324527,0.030679,0.003831,0.144645
AGCAACCGAAAGTAAT-1,0.045904,0.052179,0.612794,0.044361,0.244762
AGCACACGTTTAGACT-1,0.11847,0.057002,0.220047,0.259945,0.344536
AGCACCAGTACTCACG-1,0.098023,0.093018,0.795199,0.001016,0.012745
AGCACTACCGGCCTGT-1,0.000468,0.285332,0.626558,0.016591,0.071051
AGCACTACCTCACCAG-1,0.055214,0.08283,0.695335,0.010525,0.156096
AGCACTTAAGGACGCC-1,0.000825,0.072677,0.426663,0.076507,0.423328
AGCAGAAGGAGAAAGA-1,0.045915,0.058284,0.351573,0.088082,0.456146
AGCAGCCAGATGAATA-1,0.09806,0.05508,0.355752,0.039173,0.451935
AGCAGTCGAAGCATGC-1,0.008831,0.000023,0.000093,0.553887,0.437167
AGCATATCAATATGCT-1,0.999227,0.000086,0.000344,0.000086,0.000258
AGCATCATTTCGAAAG-1,0.058752,0.50913,0.324631,0.044309,0.063179
AGCATCGTCGATAATT-1,0.004869,0.06522,0.562305,0.171318,0.196288
AGCATTACGAGGCAAG-1,0.251193,0.000031,0.117761,0.111215,0.519799
AGCCAAGCTTTGTGTC-1,0.998714,0.000143,0.000572,0.000143,0.000429
AGCCACAGGTTACCCG-1,0.113,0.072138,0.688858,0.021354,0.104651
AGCCACTCCCGTGCTT-1,0.004397,0.048649,0.606058,0.038543,0.302353
AGCCATATAGTATGTG-1,0.390856,0.082023,0.014875,0.292377,0.219869
AGCCCATACATGTAAG-1,0.045558,0.164897,0.666338,0.044302,0.078905
AGCCCGCAACAAGCAG-1,0.183399,0.340753,0.4358,0.022589,0.017459
AGCCCGCACTACAATG-1,0.718152,0.000045,0.006805,0.050942,0.224055
AGCCCGGCATTAGAGG-1,0.957811,0.000128,0.000511,0.041167,0.000383
AGCCCGGTAGCCTGTA-1,0.222985,0.250671,0.219573,0.121543,0.185229
AGCCCTAAGCGAAGTT-1,0.00002,0.029196,0.511784,0.04696,0.412041
AGCCCTCCCTGGTGGC-1,0.055429,0.212736,0.579519,0.086281,0.066035
AGCCCTGTCGCACCGT-1,0.153015,0.011028,0.271766,0.034366,0.529825
AGCCCTTCTAATCCGA-1,0.069963,0.038969,0.61521,0.05249,0.223369
AGCCCTTGGACATCCC-1,0.475004,0.001999,0.124347,0.024919,0.37373
AGCCGCAAATTCAAAT-1,0.000013,0.070422,0.258783,0.640601,0.030181
AGCCGCTTGATTAGCG-1,0.000013,0.128016,0.713565,0.000013,0.158392
AGCCGTGGCTAAATGT-1,0.057614,0.222305,0.496006,0.183893,0.040182
