Barcode,Topic 1to2,Topic 3to5,Topic 6to8
AAACAACGAATAGTTC-1,0.007908,0.383693,0.608399
AAACAAGTATCTCCCA-1,0.034394,0.51821,0.447396
AAACAATCTACTAGCA-1,0.032687,0.354747,0.612566
AAACACCAATAACTGC-1,0.384694,0.614909,0.000398
AAACAGAGCGACTCCT-1,0.41735,0.494419,0.088232
AAACAGCTTTCAGAAG-1,0.99964,0.00018,0.00018
AAACAGGGTCTATATT-1,0.932695,0.067,0.000304
AAACAGTGTTCCTGGG-1,0.002874,0.830891,0.166234
AAACATGGTGAGAGGA-1,0.998229,0.001551,0.000221
AAACATTTCCCGGATT-1,0.101081,0.434674,0.464244
AAACCACTACACAGAT-1,0.156566,0.505095,0.338339
AAACCCGAACGAAATC-1,0.057755,0.201453,0.740791
AAACCGGAAATGTTAA-1,0.174607,0.477629,0.347765
AAACCGGGTAGGTACC-1,0.932233,0.000779,0.066987
AAACCGTTCGTCCAGG-1,0.75215,0.245739,0.00211
AAACCTAAGCAGCCGG-1,0.092919,0.643007,0.264075
AAACCTCATGAAGTTG-1,0.907184,0.092406,0.00041
AAACGAAGAACATACC-1,0.063695,0.63491,0.301394
AAACGAAGATGGAGTA-1,0.991858,0.007909,0.000233
AAACGACAGTCTTGCC-1,0.103224,0.603646,0.293129
AAACGAGACGGTTGAT-1,0.07243,0.256932,0.670638
AAACGCCCGAGATCGG-1,0.049794,0.419694,0.530512
AAACGCTGGGCACGAC-1,0.048215,0.919363,0.032422
AAACGGGCGTACGGGT-1,0.130658,0.13147,0.737872
AAACGGGTTGGTATCC-1,0.008252,0.484157,0.507591
AAACGGTTGCGAACTG-1,0.000112,0.665535,0.334354
AAACGTGTTCGCCCTA-1,0.198927,0.312299,0.488773
AAACTAACGTGGCGAC-1,0.018938,0.049468,0.931594
AAACTCGGTTCGCAAT-1,0.015031,0.15832,0.826649
AAACTCGTGATATAAG-1,0.999237,0.000381,0.000381
AAACTGCTGGCTCCAA-1,0.000132,0.583655,0.416213
AAACTTAATTGCACGC-1,0.999496,0.000252,0.000252
AAACTTGCAAACGTAT-1,0.867734,0.110387,0.021879
AAAGAATGACCTTAGA-1,0.982355,0.017499,0.000146
AAAGAATGTGGACTAA-1,0.002469,0.742589,0.254942
AAAGACATGAAGTTTA-1,0.018003,0.878272,0.103725
AAAGACCCAAGTCGCG-1,0.099044,0.769565,0.131391
AAAGACTGGGCGCTTT-1,0.88286,0.000494,0.116646
AAAGCTTGCCTACATA-1,0.996422,0.001789,0.001789
AAAGGCCCTATAATAC-1,0.802985,0.055774,0.141241
AAAGGCTACGGACCAT-1,0.105895,0.450286,0.443818
AAAGGCTCTCGCGCCG-1,0.000115,0.297247,0.702638
AAAGGGATGTAGCAAG-1,0.084205,0.203106,0.712689
AAAGGGCAGCTTGAAT-1,0.081672,0.696529,0.221799
AAAGGTAAGCTGTACC-1,0.013962,0.523616,0.462423
AAAGGTCAACGACATG-1,0.149692,0.03898,0.811329
AAAGTAGCATTGCTCA-1,0.066451,0.358146,0.575403
AAAGTCACTGATGTAA-1,0.00011,0.469343,0.530547
AAAGTCGACCCTCAGT-1,0.906052,0.060489,0.03346
AAAGTGCCATCAATTA-1,0.133665,0.339223,0.527112
AAAGTGTGATTTATCT-1,0.000111,0.248585,0.751303
AAAGTTGACTCCCGTA-1,0.004911,0.175237,0.819853
AAATAACCATACGGGA-1,0.940228,0.059635,0.000137
AAATAAGGTAGTGCCC-1,0.916554,0.083228,0.000218
AAATACCTATAAGCAT-1,0.074868,0.63198,0.293153
AAATAGCTTAGACTTT-1,0.875008,0.117987,0.007006
AAATAGGGTGCTATTG-1,0.000075,0.298112,0.701813
AAATCACTCCTAAACG-1,0.122743,0.000118,0.87714
AAATCCGATACACGCC-1,0.000063,0.17018,0.829757
AAATCGCGGAAGGAGT-1,0.846969,0.000144,0.152887
AAATCGTGTACCACAA-1,0.000082,0.116994,0.882925
AAATCTAGCCCTGCTA-1,0.24953,0.197394,0.553076
AAATCTGCCCGCGTCC-1,0.785202,0.006907,0.207891
AAATGACTGATCAAAC-1,0.014524,0.820333,0.165144
AAATGATTCGATCAGC-1,0.923319,0.000269,0.076412
AAATGCTCGTTACGTT-1,0.000141,0.409057,0.590803
AAATGGCATGTCTTGT-1,0.644824,0.084841,0.270335
AAATGGCCCGTGCCCT-1,0.649533,0.268497,0.08197
AAATGGTCAATGTGCC-1,0.0197,0.21305,0.76725
AAATGTATCTTATCCC-1,0.996261,0.001869,0.001869
AAATGTGGGTGCTCCT-1,0.009715,0.226276,0.764008
AAATTAACGGGTAGCT-1,0.000167,0.377666,0.622168
AAATTAATAAGCGCGA-1,0.892219,0.10717,0.000611
AAATTACACGACTCTG-1,0.951972,0.028194,0.019834
AAATTACCTATCGATG-1,0.979327,0.003598,0.017075
AAATTCCAGGTCCAAA-1,0.918503,0.081235,0.000262
AAATTGATAGTCCTTT-1,0.047138,0.708921,0.243941
AAATTGCGGCGGTTCT-1,0.044633,0.067031,0.888336
AAATTGGTGAGAAGCA-1,0.567307,0.430962,0.001731
AAATTTACCGAAATCC-1,0.206607,0.265994,0.527399
AAATTTGCGGGTGTGG-1,0.002062,0.521074,0.476864
AACAACTGGTAGTTGC-1,0.020352,0.979326,0.000322
AACAATACATTGTCGA-1,0.000084,0.557747,0.442168
AACAATTACTCTACGC-1,0.128306,0.48202,0.389674
AACACACGCTCGCCGC-1,0.000103,0.75517,0.244727
AACACGACTGTACTGA-1,0.148919,0.433998,0.417083
AACACGAGACGCGGCC-1,0.770967,0.199233,0.0298
AACACGCGGCCGCGAA-1,0.000118,0.958836,0.041047
AACAGCTGTGTGGCAA-1,0.000102,0.906108,0.09379
AACAGGAAATCGAATA-1,0.204395,0.077935,0.71767
AACAGGATGGGCCGCG-1,0.107931,0.099931,0.792139
AACAGGTAGTATGGAT-1,0.041253,0.003177,0.95557
AACATAGCGTGTATCG-1,0.000102,0.127092,0.872806
AACATATCAACTGGTG-1,0.3806,0.418615,0.200785
AACATCGATACGTCTA-1,0.1229,0.765309,0.111792
AACATTGAAGTTGATC-1,0.910581,0.089183,0.000236
AACATTGGTCAGCCGT-1,0.008403,0.175426,0.816171
AACATTGTGACTCGAG-1,0.005749,0.70538,0.288871
AACCAAGACTTCTCTG-1,0.532566,0.02364,0.443794
AACCAGTATCACTCTT-1,0.929805,0.0484,0.021795
AACCATAGGGTTGAAC-1,0.826011,0.173612,0.000377
AACCATGGGATCGCTA-1,0.000126,0.550935,0.448939
AACCCAGAGACGGAGA-1,0.000114,0.421915,0.577971
AACCCATCCCATGATC-1,0.79759,0.012554,0.189856
AACCCGACAACCCGTG-1,0.000108,0.964564,0.035328
AACCCGAGCAGAATCG-1,0.086817,0.227746,0.685437
AACCCGATAGGGCTTC-1,0.321462,0.586721,0.091817
AACCCGCTGTATTCCA-1,0.037036,0.283625,0.679338
AACCCTACTGTCAATA-1,0.000129,0.717105,0.282766
AACCCTGGTGGAACCA-1,0.718438,0.062163,0.219398
AACCGAGCTTGGTCAT-1,0.814413,0.024297,0.16129
AACCGCTAAGGGATGC-1,0.068171,0.659235,0.272594
AACCGTTGTGTTTGCT-1,0.062506,0.358272,0.579223
AACCTAAAGCCGTCCG-1,0.058562,0.409631,0.531807
AACCTCGCTTTAGCCC-1,0.000145,0.662077,0.337777
AACCTGTCACGGAATT-1,0.361383,0.354314,0.284302
AACCTTTAAATACGGT-1,0.035623,0.631358,0.333019
AACCTTTACGACGTCT-1,0.13,0.70094,0.16906
AACGAAAGTCGTCCCA-1,0.97868,0.021062,0.000258
AACGACCTCCTAGCCG-1,0.005398,0.522087,0.472514
AACGATAATGCCGTAG-1,0.070697,0.521103,0.4082
AACGATAGAAGGGCCG-1,0.10883,0.341312,0.549858
AACGATATGTCAACTG-1,0.684655,0.315131,0.000214
AACGCATGATCTGGGT-1,0.359667,0.421971,0.218362
AACGCGAACGGCAACA-1,0.00013,0.58682,0.413051
AACGCGACCTTGGGCG-1,0.112537,0.852133,0.03533
AACGCGGTCTCCAGCC-1,0.260752,0.224436,0.514813
AACGCTGTTGCTGAAA-1,0.030251,0.443329,0.52642
AACGGACGTACGTATA-1,0.033192,0.122123,0.844685
AACGGCCATCTCCGGT-1,0.000136,0.870048,0.129816
AACGTACTGTGGGTAC-1,0.000155,0.847307,0.152538
AACGTAGTCTACCCAT-1,0.000106,0.377485,0.622409
AACGTCAGACTAGTGG-1,0.07347,0.439634,0.486896
AACGTCATCCGGCTTG-1,0.151129,0.17184,0.677031
AACGTCGCTGCACTTC-1,0.213978,0.571726,0.214296
AACGTGATGAAGGACA-1,0.999466,0.000267,0.000267
AACGTGCGAAAGTCTC-1,0.019648,0.048845,0.931507
AACGTTATCAGCACCT-1,0.995632,0.002184,0.002184
AACTACCCGTTTGTCA-1,0.040558,0.373923,0.58552
AACTAGCGTATCGCAC-1,0.000129,0.575722,0.424149
AACTAGGCTTGGGTGT-1,0.000408,0.722519,0.277073
AACTCAAGTTAATTGC-1,0.156869,0.58757,0.255561
AACTCCAGAGCGTGTT-1,0.000107,0.251747,0.748146
AACTCCTAATCCCATG-1,0.242137,0.518578,0.239285
AACTCGATAAACACGT-1,0.001364,0.625331,0.373305
AACTCGATGGCGCAGT-1,0.000188,0.756356,0.243457
AACTCTCAATAGAGCG-1,0.317176,0.220277,0.462548
AACTCTCAGTGTGCTC-1,0.388185,0.477391,0.134423
AACTGAGGTCAGCGTC-1,0.080341,0.087736,0.831924
AACTGAGTTATACTGA-1,0.024877,0.618462,0.35666
AACTGATATTAGGCCT-1,0.195863,0.344304,0.459833
AACTGGGTCCCGACGT-1,0.047099,0.666639,0.286262
AACTGGGTTCGAGCCG-1,0.128639,0.628714,0.242647
AACTGGTGTGGGCCTT-1,0.000087,0.11442,0.885493
AACTTCTGCGTCTATC-1,0.004231,0.367724,0.628045
AACTTGCCCGTATGCA-1,0.139667,0.047306,0.813027
AACTTGCGTTCTCGCG-1,0.000194,0.664253,0.335553
AACTTTACGGGAGCTT-1,0.874079,0.082747,0.043174
AACTTTAGCTGCTGAG-1,0.00007,0.052348,0.947583
AACTTTCTCGATCATG-1,0.969206,0.028584,0.00221
AAGAAAGTTTGATGGG-1,0.670036,0.089588,0.240376
AAGAAATCACCAGATT-1,0.731809,0.267582,0.000609
AAGAAGGATCAGTTAG-1,0.000167,0.683427,0.316406
AAGACATACGTGGTTT-1,0.383277,0.150754,0.465969
AAGACCAAATAACTCA-1,0.999619,0.000191,0.000191
AAGACCCAACTGAACA-1,0.021756,0.38814,0.590104
AAGACTAACCCGTTGT-1,0.000122,0.496358,0.503521
AAGACTCACGCCCACT-1,0.100276,0.404147,0.495577
AAGACTGCAAGCTACT-1,0.205043,0.593415,0.201541
AAGAGATGAATCGGTA-1,0.001081,0.466328,0.532591
AAGAGCTCTTTATCGG-1,0.547149,0.348979,0.103872
AAGAGGATGTACGCGA-1,0.313188,0.210276,0.476536
AAGAGGCATGGATCGC-1,0.069163,0.380371,0.550466
AAGAGGCCCTTTGGAA-1,0.132235,0.309007,0.558757
AAGATGGCACCGGACC-1,0.000074,0.417525,0.582401
AAGATTGGCGGAACGT-1,0.148809,0.10499,0.746201
AAGCACCCTGCGTATC-1,0.000136,0.459258,0.540606
AAGCATACTCTCCTGA-1,0.02957,0.009105,0.961326
AAGCCACTTGCAGGTA-1,0.560882,0.438776,0.000342
AAGCCGAAGCGGTTTA-1,0.02664,0.679525,0.293835
AAGCCGCCGTGAAATC-1,0.206208,0.587295,0.206496
AAGCCGCTTTACCTTG-1,0.665737,0.239861,0.094402
AAGCCGGAGAGCAGGA-1,0.577663,0.250498,0.171839
AAGCGCAGGGCTTTGA-1,0.028819,0.678345,0.292836
AAGCGGAGTGCGCGCA-1,0.356705,0.527244,0.116052
AAGCGGCGTCATGGGT-1,0.088364,0.354901,0.556735
AAGCGTCCCTCATCGA-1,0.000183,0.891612,0.108205
AAGCTAGATCGAGTAA-1,0.000117,0.429987,0.569896
AAGCTATGGATTGACC-1,0.761304,0.146714,0.091982
AAGCTCGTGCCAAGTC-1,0.253597,0.247007,0.499396
AAGCTCTTTCATGGTG-1,0.108597,0.1841,0.707304
AAGGAGAACTTATAAG-1,0.041025,0.575099,0.383876
AAGGAGCGGTTGGTGC-1,0.000304,0.807124,0.192572
AAGGATCGATCGCTTG-1,0.832074,0.030229,0.137697
AAGGATGAGGGACCTC-1,0.018339,0.650374,0.331287
AAGGCAGGCTGTCTCC-1,0.055068,0.417186,0.527746
AAGGCGCGTAAAGCTT-1,0.061248,0.488905,0.449847
AAGGCTGTGCTCATCG-1,0.00017,0.644331,0.355499
AAGGGAACGACTGGCT-1,0.174936,0.568047,0.257017
AAGGGACAGATTCTGT-1,0.698301,0.273421,0.028278
AAGGGACTATGCATTC-1,0.128193,0.250507,0.621299
AAGGGTTAGCCATGCG-1,0.001449,0.97849,0.020062
AAGGGTTTGATTTCAG-1,0.999351,0.000325,0.000325
AAGGTATCCTAATATA-1,0.019869,0.232214,0.747917
AAGGTGATAAACCAGC-1,0.014257,0.576881,0.408862
AAGTAAGCTTCCAAAC-1,0.000048,0.06741,0.932542
AAGTAGAAGACCGGGT-1,0.000122,0.458892,0.540985
AAGTAGTGACGCGAGG-1,0.172757,0.826856,0.000387
AAGTCAATTGTCGTCA-1,0.085203,0.518549,0.396248
AAGTCTAGTAGCTGCC-1,0.993464,0.003268,0.003269
AAGTCTTCTGTGGCCT-1,0.99877,0.000615,0.000615
AAGTGACGACCGAATT-1,0.857097,0.141491,0.001412
AAGTGAGTCGGGTTTA-1,0.010761,0.231104,0.758135
AAGTGCAAAGGTAGAC-1,0.828441,0.000193,0.171366
AAGTGCCTTGACTGTA-1,0.06654,0.481413,0.452047
AAGTGCGTTAGAATCT-1,0.000083,0.259283,0.740633
AAGTGCTTCTCTATTG-1,0.000127,0.761967,0.237906
AAGTGTTTGGAGACGG-1,0.007936,0.589671,0.402393
AAGTTCACTCCAAGCT-1,0.000964,0.003261,0.995776
AAGTTCAGTCTGCGTA-1,0.863101,0.126744,0.010154
AAGTTCGGCCAACAGG-1,0.117975,0.616326,0.265699
AAGTTGTGATGTTATA-1,0.116653,0.453832,0.429515
AAGTTTACTAATGGCA-1,0.0001,0.001702,0.998198
AAGTTTATGGGCCCAA-1,0.097567,0.519512,0.382921
AATAACAACGCTCGGC-1,0.26631,0.238589,0.495102
AATAACACTAGAACAA-1,0.015431,0.45606,0.528509
AATAACGTCGCGCCCA-1,0.043762,0.592345,0.363893
AATAAGTCCTCGAGAC-1,0.348655,0.259991,0.391354
AATAATCTTCGTATCG-1,0.111895,0.607147,0.280958
AATACAATGTTTCAGG-1,0.898862,0.016585,0.084553
AATACCGGAGGGCTGT-1,0.011008,0.988805,0.000187
AATACCTGATGTGAAC-1,0.128108,0.577453,0.294439
AATAGAACAGAGTGGC-1,0.000098,0.751282,0.24862
AATAGAATCTGTTTCA-1,0.077922,0.076734,0.845344
AATAGCAAGCCTCCTG-1,0.05103,0.69393,0.255041
AATAGCTACCGCGTGC-1,0.851451,0.125079,0.02347
AATAGGCACGACCCTT-1,0.047382,0.814343,0.138276
AATAGTCCGTCCCGAC-1,0.99666,0.00167,0.00167
AATAGTCGCGAGTCGG-1,0.698111,0.298706,0.003184
AATATCAAGGTCGGAT-1,0.000132,0.565341,0.434526
AATATCCTAGCAAACT-1,0.99836,0.00082,0.00082
AATATCGAATCAATGC-1,0.015734,0.481578,0.502688
AATATCGAGGGTTCTC-1,0.956322,0.015913,0.027765
AATATTGGAGTATTGA-1,0.643603,0.190413,0.165984
AATCAGACTGCAGGAC-1,0.000198,0.664486,0.335316
AATCAGGTTTCATTTA-1,0.000116,0.79849,0.201394
AATCATGTAAAGACTC-1,0.08358,0.32703,0.58939
AATCCAAGGGCCTGAG-1,0.000101,0.51777,0.482129
AATCCATGCAAGGGTG-1,0.002797,0.903977,0.093226
AATCCCGCTCAGAGCC-1,0.055604,0.35717,0.587226
AATCGAGGTCTCAAGG-1,0.094902,0.152077,0.753022
AATCGCCTCAGCGCCA-1,0.451926,0.151277,0.396797
AATCGCGCAGAGGACT-1,0.923507,0.025734,0.050759
AATCGGGACACTACGA-1,0.04559,0.277374,0.677036
AATCGGTATAGCCCTC-1,0.064626,0.383178,0.552196
AATCGTGAGCCGAGCA-1,0.03612,0.453508,0.510371
AATCTAGGTTTACTTG-1,0.602471,0.183496,0.214033
AATCTATGCCGGAGCC-1,0.918445,0.033344,0.048211
AATCTCTACTGTGGTT-1,0.839763,0.091522,0.068715
AATCTGCGTTGGGACG-1,0.031481,0.478777,0.489742
AATCTGGCTTTCTAGT-1,0.892968,0.043417,0.063615
AATCTGGGTAGACCCT-1,0.156148,0.685888,0.157964
AATGACAGCAATGTCT-1,0.000086,0.212849,0.787065
AATGACGTAGGATGTC-1,0.000102,0.210784,0.789114
AATGACTGTCAGCCGG-1,0.177521,0.50446,0.318018
AATGAGTTCGCATATG-1,0.000167,0.550206,0.449627
AATGATGATACGCTAT-1,0.20393,0.501601,0.29447
AATGATGCGACTCCTG-1,0.800276,0.124047,0.075677
AATGCAACCGGGTACC-1,0.094142,0.9048,0.001058
AATGCACCAAGCAATG-1,0.129841,0.163366,0.706793
AATGGCCGCCAATGCG-1,0.05225,0.098853,0.848897
AATGGTCCACCGTTCA-1,0.894583,0.105091,0.000326
AATGGTTCTCACAAGC-1,0.000105,0.133773,0.866123
AATGTATGGCACTGTA-1,0.808305,0.066726,0.124969
AATGTGCCCGAGGTGT-1,0.000095,0.209187,0.790718
AATGTGCTAATCTGAG-1,0.000141,0.84872,0.151139
AATGTTAAGACCCTGA-1,0.032461,0.324855,0.642684
AATGTTGTCGTGAGAC-1,0.068697,0.229485,0.701818
AATTAAAGGTCGGCGT-1,0.196625,0.452294,0.351081
AATTAACGGATTTCCA-1,0.042376,0.042236,0.915388
AATTACGAGACCCATC-1,0.999302,0.000349,0.000349
AATTACTCGTACGCTC-1,0.550441,0.44632,0.003239
AATTAGCGCTGCAGCG-1,0.023124,0.367446,0.609429
AATTATACCCAGCAAG-1,0.082184,0.448412,0.469405
AATTCATAAGGGATCT-1,0.04202,0.767508,0.190472
AATTCATTGTCATGCA-1,0.942647,0.057051,0.000302
AATTCCAACTTGGTGA-1,0.065698,0.822902,0.1114
AATTCCAAGCATGTAC-1,0.050048,0.57456,0.375391
AATTCGATTCGAGGAT-1,0.000135,0.501757,0.498108
AATTCTAGAGTTAGGC-1,0.000139,0.000208,0.999653
AATTGAACGCTCTGGT-1,0.077997,0.438999,0.483003
AATTGCAGCAATCGAC-1,0.003014,0.51855,0.478436
AATTGCGTGGATTACA-1,0.951155,0.000215,0.04863
AATTGTGGTTGCCAAA-1,0.448814,0.153127,0.398059
AATTTGGGACATAGTA-1,0.744216,0.238942,0.016842
AATTTGGTTCCAAAGA-1,0.118582,0.301387,0.580031
ACAAACCATGCGTCCT-1,0.533992,0.465743,0.000265
ACAAACCGACAAGGCG-1,0.251701,0.362374,0.385925
ACAAACTCCATCAGAG-1,0.013927,0.985382,0.000691
ACAAAGAAGGTAGGCC-1,0.999579,0.000211,0.000211
ACAAAGCATGACCTAG-1,0.033951,0.177187,0.788862
ACAAATCGCACCGAAT-1,0.002431,0.468616,0.528953
ACAAATGGTAGTGTTT-1,0.119087,0.30561,0.575303
ACAAATTCAGATCTGA-1,0.00439,0.455257,0.540353
ACAACAGCATGAGCTA-1,0.037612,0.000112,0.962276
ACAACGGTCCCTGCGA-1,0.032902,0.611564,0.355534
ACAAGCAGTGCCTAGC-1,0.174084,0.61748,0.208436
ACAAGCTATATGGAAG-1,0.484082,0.07381,0.442108
ACAAGGAAATCCGCCC-1,0.064152,0.280733,0.655115
ACAAGGACAAGAGGTT-1,0.067936,0.631686,0.300377
ACAAGGATGCTTTAGG-1,0.00924,0.17845,0.81231
ACAAGGCCTACCAGCC-1,0.024252,0.247579,0.728169
ACAAGGGCAGGCTCTG-1,0.00669,0.389095,0.604215
ACAAGTAATTGTAAGG-1,0.585042,0.084797,0.330161
ACAATAGTCGTACGTT-1,0.679115,0.1523,0.168585
ACAATCCATTTAAACC-1,0.130478,0.59416,0.275362
ACAATCGATCTTTATA-1,0.152101,0.602903,0.244996
ACAATGAATACGGAGA-1,0.072798,0.926868,0.000335
ACAATGATTCTTCTAC-1,0.153332,0.634463,0.212205
ACAATTGTGTCTCTTT-1,0.000096,0.261735,0.738169
ACAATTTAGGAGGCTC-1,0.998646,0.000677,0.000677
ACAATTTGAGCAGTGG-1,0.041406,0.046493,0.912102
ACAATTTGGCCATATT-1,0.000194,0.245174,0.754631
ACACAAAGACGGGTGG-1,0.010719,0.504743,0.484538
ACACAAATATTCCTAG-1,0.458507,0.419017,0.122476
ACACACCAGGACCAGT-1,0.730586,0.232961,0.036453
ACACACTTTCTACACG-1,0.148376,0.696416,0.155208
ACACATGATCAAATCT-1,0.749137,0.2506,0.000263
ACACATTGACGCAACA-1,0.140706,0.571134,0.288159
ACACATTTCCGTAGAC-1,0.064643,0.837281,0.098076
ACACCACATAATTAGC-1,0.999202,0.000399,0.000399
ACACCCAGCATGCAGC-1,0.059703,0.588192,0.352105
ACACCCGAGAAATCCG-1,0.332219,0.417154,0.250627
ACACCCGTAAATCTGT-1,0.037993,0.444117,0.517889
ACACCGAGCGCTCTTT-1,0.99225,0.003875,0.003875
ACACCGGTCTGACCGC-1,0.600205,0.168687,0.231108
ACACCTTAAGTAGGGC-1,0.117484,0.706384,0.176132
ACACCTTACTACTTGC-1,0.192022,0.695942,0.112036
ACACGAGACTCCTTCT-1,0.05304,0.293961,0.652999
ACACGGCACTATGCAT-1,0.756741,0.028467,0.214793
ACACGGGAACTTAGGG-1,0.659033,0.194803,0.146164
ACACGTAGGCCACAAG-1,0.622729,0.250041,0.12723
ACACTCCAATGTCACT-1,0.030069,0.013028,0.956903
ACACTGATCAAGGTGT-1,0.000101,0.272448,0.727452
ACACTGGGACAGTCGT-1,0.000743,0.609172,0.390084
ACAGAACTGAGAACAA-1,0.018024,0.769941,0.212035
ACAGATTAGGTTAGTG-1,0.025138,0.206252,0.76861
ACAGCATAGAGCCAGT-1,0.085017,0.201724,0.713258
ACAGCGACATTCTCAT-1,0.000078,0.022435,0.977487
ACAGCGCACCCGCAGC-1,0.708707,0.213923,0.07737
ACAGGAGGCGCAGCCG-1,0.843844,0.002522,0.153634
ACAGGCACGGATCCTT-1,0.000098,0.540078,0.459824
ACAGGCTTGCCCGACT-1,0.713538,0.286032,0.00043
ACAGGTGGAGGTGAGG-1,0.000167,0.988807,0.011026
ACAGGTGTGTTGTTGC-1,0.996761,0.001619,0.001619
ACAGTAATACAACTTG-1,0.804011,0.086648,0.10934
ACAGTATACCGTGGGA-1,0.865544,0.133623,0.000833
ACAGTGCAGCGCATTT-1,0.000119,0.982118,0.017762
ACATAAGTCGTGGTGA-1,0.952716,0.014462,0.032822
ACATAATAAGGCGGTG-1,0.061789,0.786475,0.151736
ACATACAATCAAGCGG-1,0.000199,0.543445,0.456356
ACATCAGCTGGGACGC-1,0.90295,0.000402,0.096648
ACATCCCGGCCATACG-1,0.025742,0.654865,0.319393
ACATCCTGGTAACTGT-1,0.034413,0.29682,0.668767
ACATCGATCGTTTACC-1,0.023589,0.258075,0.718336
ACATCGCAATATTCGG-1,0.789668,0.016153,0.194179
ACATCGGTCAGCCGCG-1,0.000309,0.498047,0.501644
ACATCGTATGCAATGG-1,0.739001,0.022934,0.238065
ACATCGTTAACCTAGT-1,0.838459,0.15985,0.001691
ACATCTCAACGCGTAA-1,0.514999,0.255548,0.229454
ACATGCTTACGGCAGC-1,0.674329,0.325341,0.000331
ACATGGCGCCAAAGTA-1,0.020206,0.440193,0.539601
ACATGGCTCAATTTAG-1,0.00021,0.739474,0.260315
ACATTAGTTTATATCC-1,0.049012,0.208684,0.742304
ACATTCGCGCGGAATA-1,0.600461,0.399336,0.000203
ACATTTGAAACCTAAC-1,0.074754,0.588688,0.336558
ACCAAACACCCAGCGA-1,0.248031,0.000243,0.751726
ACCAAACTAGAAATCC-1,0.904301,0.046799,0.0489
ACCAACACCACACACT-1,0.869553,0.130224,0.000223
ACCAACCGCACTCCAC-1,0.000097,0.554588,0.445315
ACCAACGCTTATTTAT-1,0.00013,0.567092,0.432778
ACCAAGAACGCGTGTC-1,0.052864,0.519862,0.427273
ACCAAGTCATCGGCAG-1,0.129506,0.247881,0.622613
ACCAATATGCAAGTTA-1,0.000072,0.050876,0.949052
ACCACAACTCAGAACA-1,0.377409,0.170524,0.452066
ACCACAAGTTTCTATC-1,0.000194,0.59154,0.408266
ACCACACGGTTGATGG-1,0.083353,0.192222,0.724425
ACCACCAATGTAACAA-1,0.517196,0.282576,0.200228
ACCACCCTCTCTTCTA-1,0.946852,0.000745,0.052403
ACCACGTGCAGCTATA-1,0.000129,0.489773,0.510098
ACCACTGTTCAAGAAG-1,0.844378,0.151938,0.003684
ACCAGACCATAACAAC-1,0.937192,0.000572,0.062236
ACCAGCCCGGTCTTTG-1,0.39623,0.182022,0.421747
ACCAGGAGTGTGATCT-1,0.013005,0.175556,0.811439
ACCAGTGCCCGGTCAA-1,0.038612,0.34597,0.615418
ACCAGTGCGGGAGACG-1,0.082366,0.255917,0.661717
ACCATATCCGCAATAA-1,0.032151,0.641447,0.326401
ACCATCCGCCAACTAG-1,0.999543,0.000229,0.000229
ACCATCGTATATGGTA-1,0.035644,0.032645,0.931712
ACCATTAAGGGTGTCA-1,0.989848,0.005076,0.005076
ACCCAACGCCCGTGGC-1,0.031977,0.428173,0.53985
ACCCACCTACATGCTC-1,0.054219,0.751644,0.194136
ACCCATCTTGAGGGTA-1,0.05609,0.170215,0.773694
ACCCATTTGTCCCTCT-1,0.067325,0.235448,0.697227
ACCCGAGCGAAATTAC-1,0.00007,0.406388,0.593542
ACCCGATTGGTTCCGA-1,0.000089,0.343229,0.656682
ACCCGGAAACTCCCAG-1,0.000128,0.336529,0.663343
ACCCGGAGCACCACAA-1,0.256762,0.09939,0.643849
ACCCGGATGACGCATC-1,0.058907,0.37742,0.563673
ACCCGGTTACACTTCC-1,0.023429,0.000086,0.976485
ACCCGTAGCAGAGAAT-1,0.71533,0.000113,0.284557
ACCCGTAGTCTAGTTG-1,0.200691,0.309018,0.490291
ACCCGTGTCATCAGTA-1,0.794438,0.062691,0.142871
ACCCTATAGGACTGAG-1,0.000106,0.057381,0.942513
ACCCTATGCCATATCG-1,0.000174,0.740053,0.259774
ACCCTCCCGTCAGGGC-1,0.077439,0.522732,0.399828
ACCCTCCCTTGCTATT-1,0.034919,0.69038,0.274701
ACCCTGGTAACGCCCT-1,0.855962,0.000586,0.143452
ACCCTTCATCTGCGAA-1,0.065325,0.103006,0.831669
ACCCTTGCCTGGGTCG-1,0.326386,0.331023,0.342591
ACCCTTTAGTTCTCCA-1,0.245329,0.369268,0.385403
ACCGAAAGGGCCCTGC-1,0.000063,0.003829,0.996108
ACCGAAGAGTCTGGTT-1,0.999514,0.000243,0.000243
ACCGACACATCTCCCA-1,0.009957,0.167121,0.822922
ACCGACTGAGTCCCAC-1,0.163033,0.45883,0.378137
ACCGAGTCTCCTTATT-1,0.060935,0.660506,0.278559
ACCGATAGGCATAACC-1,0.232063,0.359297,0.408639
ACCGATATTTAATCAT-1,0.298818,0.472502,0.22868
ACCGATGGTAGCATCG-1,0.107434,0.528741,0.363825
ACCGCAATAACTGCCT-1,0.000096,0.285321,0.714583
ACCGCGGTGGAAGTCG-1,0.032369,0.289956,0.677675
ACCGCTAGTCATTGGT-1,0.043151,0.956596,0.000254
ACCGGGCCTTTGTTGA-1,0.044507,0.601907,0.353586
ACCGGTCAGGTACACC-1,0.862227,0.096945,0.040828
ACCGGTCTGAGTACGG-1,0.052966,0.298892,0.648142
ACCGTCCACTGGGCCC-1,0.772603,0.006993,0.220404
ACCGTGACCACGTGGG-1,0.000121,0.919414,0.080465
ACCGTTCCCGCTCTGA-1,0.150538,0.173661,0.675801
ACCTAAGTACCTTTCA-1,0.000203,0.540465,0.459332
ACCTAATCGACTTCCT-1,0.115613,0.423073,0.461314
ACCTACAGTATGTGGT-1,0.743978,0.000826,0.255196
ACCTACTATAAATCTA-1,0.115765,0.45654,0.427695
ACCTCCGCCCTCGCTG-1,0.346558,0.219491,0.433951
ACCTCCGTTATTCACC-1,0.601657,0.356491,0.041852
ACCTCGAACTTATGCT-1,0.744904,0.254758,0.000338
ACCTGCGTGTCATGTT-1,0.709076,0.045108,0.245816
ACCTTTCCTTTAGAAG-1,0.136422,0.231937,0.631641
ACGAAATGGGCGGCAC-1,0.469368,0.52858,0.002053
ACGACCCATGAGTTGC-1,0.270007,0.008526,0.721468
ACGACTCTAGGGCCGA-1,0.086659,0.280943,0.632398
ACGACTGGTCATACTC-1,0.00008,0.578593,0.421327
ACGAGAACCCATCACG-1,0.000834,0.35733,0.641836
ACGAGATATTTGCTTA-1,0.322258,0.307823,0.36992
ACGAGGATACCACTCT-1,0.931869,0.027584,0.040548
ACGAGGTTTACAACGT-1,0.899125,0.084951,0.015924
ACGAGTACGGATGCCC-1,0.999398,0.000301,0.000301
ACGAGTCGCCGGCGTT-1,0.061618,0.329109,0.609273
ACGATACATAGAACTA-1,0.196095,0.432234,0.371671
ACGATACCTATCCTGA-1,0.997669,0.001606,0.000725
ACGATCATACATAGAG-1,0.06488,0.803118,0.132003
ACGATCATCTTGTAAA-1,0.934866,0.018203,0.046931
ACGATGCATATGTTAT-1,0.087652,0.159189,0.753159
ACGATGGATCCGATGC-1,0.916344,0.000097,0.08356
ACGCAAACTAATAGAT-1,0.19655,0.502516,0.300934
ACGCAATCACTACAGC-1,0.9471,0.052321,0.000579
ACGCATAAATGACATG-1,0.000055,0.239933,0.760013
ACGCATACGTTTACTA-1,0.123144,0.048419,0.828438
ACGCATTCGTGAGTAC-1,0.205698,0.106808,0.687495
ACGCCACTCGAAACAG-1,0.001899,0.86917,0.128931
ACGCCAGATGATTTCT-1,0.875433,0.033228,0.091339
ACGCCAGTGCGTTTGC-1,0.031457,0.016753,0.951791
ACGCCCAGCTGTCGAT-1,0.302704,0.387526,0.30977
ACGCCGCTAGACGACC-1,0.010959,0.204263,0.784778
ACGCCTGACACGCGCT-1,0.131255,0.86852,0.000226
ACGCGAAGTCAGACGA-1,0.238074,0.000084,0.761841
ACGCGCTACACAGGGT-1,0.071577,0.126615,0.801808
ACGCGGGCCAAGGACA-1,0.071541,0.294544,0.633915
ACGCGTTTCTTAAGAG-1,0.896,0.103282,0.000718
ACGCTACTGAATGGGC-1,0.000177,0.847276,0.152546
ACGCTAGTATCAGTGC-1,0.188832,0.592265,0.218903
ACGCTAGTGATACACT-1,0.735553,0.007434,0.257013
ACGCTGTGAGGCGTAG-1,0.999447,0.000277,0.000277
ACGCTTAGTGTCTCTC-1,0.169467,0.275112,0.555421
ACGGAACACGAGTGCC-1,0.000078,0.371575,0.628346
ACGGAATTTAGCAAAT-1,0.000161,0.723154,0.276685
ACGGACGCAGCGACAA-1,0.78282,0.216738,0.000441
ACGGACTCTCAAAGCG-1,0.000137,0.781516,0.218347
ACGGAGCGCAAATTAC-1,0.217103,0.410409,0.372488
ACGGATGGTGCGGATA-1,0.000072,0.073339,0.926589
ACGGCACTTGCTTGGG-1,0.406116,0.348698,0.245186
ACGGCCAACATGGACT-1,0.029458,0.288975,0.681567
ACGGCGACGATGGGAA-1,0.05266,0.35863,0.58871
ACGGCGGGTTGCCCTG-1,0.000129,0.250539,0.749332
ACGGCTGGATGTAGAA-1,0.766728,0.052904,0.180368
ACGGGAGTGTCGGCCC-1,0.199693,0.466677,0.33363
ACGGGCGTATGCGACA-1,0.716209,0.178502,0.105289
ACGGGTCATGTGACTT-1,0.995089,0.002455,0.002456
ACGGGTTGTGACCTGT-1,0.685739,0.058963,0.255298
ACGGTACAGTTCAATG-1,0.143523,0.119838,0.73664
ACGGTCACCGAGAACA-1,0.621162,0.075575,0.303263
ACGTACAGATTTCTCT-1,0.038087,0.010271,0.951642
ACGTACTTTGGCACGG-1,0.000123,0.440593,0.559284
ACGTAGATTGCTGATG-1,0.009443,0.550263,0.440294
ACGTAGGAGAGTCGCT-1,0.169978,0.829667,0.000355
ACGTATTACTCCGATC-1,0.053883,0.195007,0.751111
ACGTCCTAAACGAGAT-1,0.1447,0.363473,0.491827
ACGTCGGGCAACTCGG-1,0.999411,0.000295,0.000295
ACGTCTCGTTCCGGGA-1,0.999208,0.000396,0.000396
ACGTGACAAAGTAAGT-1,0.999255,0.000373,0.000373
ACGTGCGCCTCGTGCA-1,0.885873,0.042143,0.071984
ACGTGGTCGAATGTGC-1,0.082832,0.261135,0.656033
ACGTTAATGTCGAAGA-1,0.000131,0.198875,0.800995
ACGTTAGATTTGCCCG-1,0.036683,0.140703,0.822614
ACGTTATTGGTCACTC-1,0.995982,0.002009,0.002009
ACGTTCACTATGCCGC-1,0.038352,0.961398,0.00025
ACGTTCCGCGCTCCGT-1,0.000123,0.422339,0.577539
ACGTTCGCAATCAATT-1,0.926089,0.07354,0.000371
ACGTTCGTTCAGGAAA-1,0.042121,0.948585,0.009294
ACGTTCTGTACAAGTC-1,0.087544,0.000445,0.912011
ACGTTGTCGTTGAAAG-1,0.193444,0.721474,0.085082
ACGTTTAGTTGTGATC-1,0.48961,0.11305,0.397341
ACGTTTCGGTGCACTT-1,0.000156,0.986649,0.013196
ACTAAGGACGCACACC-1,0.234282,0.181642,0.584076
ACTAATACGTCAGGCG-1,0.009959,0.572703,0.417338
ACTACAAAGAGAGGTG-1,0.065062,0.88162,0.053319
ACTACATCCCGACAAG-1,0.167554,0.775286,0.057159
ACTACCAGCTCTCTGG-1,0.000262,0.766904,0.232834
ACTACCATCCGAGGGC-1,0.760189,0.238911,0.000899
ACTACGCGTTAGAATT-1,0.025389,0.473561,0.501051
ACTAGTTGCGATCGTC-1,0.063619,0.271182,0.6652
ACTATATGCTGTGTTC-1,0.141787,0.648004,0.210209
ACTATCCAGGGCATGG-1,0.662191,0.337585,0.000224
ACTATCGCCGGCTAAA-1,0.881673,0.116217,0.00211
ACTATCTGCCCGCGTA-1,0.793533,0.000394,0.206073
ACTATGTCCAGCTGCC-1,0.532224,0.321589,0.146186
ACTATTCGTCCGTGGT-1,0.99937,0.000315,0.000315
ACTATTTCCGGGCCCA-1,0.000084,0.494081,0.505835
ACTCAACGAATGTATT-1,0.000102,0.349956,0.649942
ACTCAAGTGCAAGGCT-1,0.00007,0.004664,0.995266
ACTCAATAAAGGCACG-1,0.619985,0.205516,0.174498
ACTCAGACCTGCTTCT-1,0.000125,0.41602,0.583855
ACTCATGGCAGCCTTC-1,0.883688,0.102426,0.013885
ACTCCAATATCATCAT-1,0.03134,0.247296,0.721364
ACTCCCATTCCTAAAG-1,0.500477,0.157368,0.342155
ACTCCCGAATTCGTTT-1,0.986073,0.013755,0.000172
ACTCCCGTAGACTAGG-1,0.957304,0.041229,0.001468
ACTCCCTAATGCTAAA-1,0.000063,0.133751,0.866186
ACTCCCTAGAATAGTA-1,0.045025,0.237181,0.717794
ACTCCGGCCGACCACT-1,0.025986,0.258616,0.715398
ACTCGATGTATTTCAT-1,0.944476,0.001112,0.054412
ACTCGCCGTTCGATAA-1,0.095544,0.19864,0.705816
ACTCGCGATCTGACGC-1,0.020209,0.457856,0.521934
ACTCGTAACCCGTCCT-1,0.201337,0.691349,0.107314
ACTCGTCAGTAATCCC-1,0.09299,0.468488,0.438522
ACTCTAAACCTGGGAT-1,0.951335,0.046988,0.001677
ACTCTCTGACTTAGGT-1,0.067066,0.123119,0.809815
ACTCTCTTATACACGA-1,0.203971,0.54075,0.255279
ACTCTGACCTAATAGA-1,0.032149,0.418579,0.549272
ACTCTTCAGCTCCCGC-1,0.086773,0.486313,0.426914
ACTCTTGTATAGTAAC-1,0.148886,0.259505,0.591609
ACTGAAACGCCGTTAG-1,0.000121,0.579866,0.420013
ACTGAATGGCGAAAGT-1,0.00784,0.482468,0.509692
ACTGATTTAGTGATTC-1,0.690048,0.173789,0.136163
ACTGCCCGCCATTCTC-1,0.000128,0.587852,0.41202
ACTGCCGTCGTAACTC-1,0.892479,0.062685,0.044836
ACTGCGGACACACCGT-1,0.142306,0.312853,0.544841
ACTGCTCGGAAGGATG-1,0.737207,0.135209,0.127584
ACTGGCGAACCTGCGT-1,0.747461,0.108366,0.144174
ACTGGGATGCCAGTGC-1,0.086191,0.750848,0.162961
ACTGTACGATACACAT-1,0.363045,0.246845,0.39011
ACTGTAGCACTTTGGA-1,0.997695,0.001152,0.001152
ACTGTATACGCGAGCA-1,0.000173,0.832907,0.166921
ACTGTCCAGGATTATA-1,0.000269,0.449378,0.550353
ACTGTCTTCTTTAGAA-1,0.06055,0.302262,0.637188
ACTGTGCTAGTAGATC-1,0.00012,0.0237,0.97618
ACTGTTTAGTGTAGGC-1,0.027738,0.009839,0.962422
ACTTACCGGGCGCGCA-1,0.052634,0.621125,0.326241
ACTTACGCATCCACGC-1,0.000075,0.000122,0.999802
ACTTAGTACGACAAGA-1,0.000111,0.430283,0.569606
ACTTATACTTACCCGG-1,0.286824,0.007439,0.705737
ACTTATCTGATCTATA-1,0.022378,0.838051,0.139571
ACTTATTAGGATCGGT-1,0.016,0.397264,0.586736
ACTTATTTATGTGCCA-1,0.146379,0.585819,0.267802
ACTTCAGGCTGATCCC-1,0.051484,0.044432,0.904084
ACTTCCAGTGGAAGCT-1,0.999539,0.000231,0.000231
ACTTCCATGCGGGACA-1,0.000108,0.343745,0.656147
ACTTCCTGTCGTGCGA-1,0.19423,0.340964,0.464806
ACTTCGCCATACGCAC-1,0.220327,0.751075,0.028598
ACTTCGCTAGCGAGTG-1,0.291229,0.682118,0.026653
ACTTGACTCCCTCTTT-1,0.000211,0.612685,0.387104
ACTTGCCATATTGTAC-1,0.023441,0.455914,0.520645
ACTTGCTCTATCTACC-1,0.735995,0.000266,0.26374
ACTTGGGACCCGGTGG-1,0.00019,0.578,0.42181
ACTTGGGCTTTCGCCA-1,0.000089,0.190009,0.809902
ACTTGTAGTCCCTTCA-1,0.999555,0.000222,0.000222
ACTTGTGGATGGAACG-1,0.049992,0.326028,0.62398
ACTTGTTACCGGATCA-1,0.000112,0.219087,0.780801
ACTTTACCCTCATGAA-1,0.999763,0.000119,0.000119
ACTTTATACACCACTT-1,0.851396,0.028395,0.120209
ACTTTCCTATAGCTTC-1,0.035274,0.167619,0.797107
ACTTTGACTGCATCCT-1,0.999107,0.000447,0.000447
ACTTTGGTCGTGCTCC-1,0.386026,0.046446,0.567529
ACTTTGTCGACGCACT-1,0.129689,0.451072,0.419239
AGAAATTATGACTCGC-1,0.064445,0.294724,0.640831
AGAACACGGCGATGGT-1,0.686872,0.116487,0.196641
AGAACCCAGCGTGACA-1,0.151241,0.521047,0.327711
AGAACCCTCAATTGGG-1,0.767303,0.00018,0.232517
AGAACGTGGTACATTC-1,0.13073,0.201791,0.667479
AGAACTGTACTTTGTA-1,0.000144,0.854599,0.145257
AGAAGAGCGCCGTTCC-1,0.197768,0.798654,0.003578
AGAAGGTACACTTCAC-1,0.686563,0.053831,0.259606
AGAAGGTTGCCGAATT-1,0.000146,0.577093,0.422761
AGAAGGTTGTAGGTCG-1,0.00058,0.257765,0.741655
AGAAGTGATTCGTGAT-1,0.000117,0.400575,0.599308
AGAATAAATCTTCAGG-1,0.998634,0.000683,0.000683
AGAATGCGGGTTCGGA-1,0.235012,0.360786,0.404202
AGAATTATGGATTCGA-1,0.346864,0.000115,0.653021
AGAATTGTTTGACATA-1,0.000085,0.014378,0.985537
AGACAGCTCAGAATCC-1,0.997409,0.001295,0.001295
AGACAGGCATCTCAGC-1,0.076426,0.591044,0.33253
AGACATAGATCCTTCC-1,0.000162,0.437047,0.562791
AGACCAAACCACACCT-1,0.963196,0.033418,0.003385
AGACCATGGGATACAA-1,0.002642,0.745645,0.251713
AGACCCACCGCTGATC-1,0.000168,0.567914,0.431918
AGACCCGCCCTCCTCG-1,0.030459,0.077168,0.892374
AGACCGCTCCGCGGTT-1,0.001049,0.126039,0.872912
AGACCGGGAAACCCTG-1,0.687229,0.050337,0.262434
AGACGAAGTGCCGGTC-1,0.27048,0.18955,0.53997
AGACGACGATGCCGCT-1,0.197315,0.80188,0.000804
AGACGCCCACTTCGCC-1,0.49524,0.171459,0.3333
AGACGGGATTGGTATA-1,0.080052,0.448639,0.471309
AGACGGGCCGATTTAA-1,0.009208,0.804413,0.18638
AGACTAGCCTTCCAGA-1,0.000199,0.766038,0.233764
AGACTGTTACCGGGTC-1,0.0001,0.450523,0.549377
AGAGAAACACCAGAAA-1,0.015203,0.961338,0.023459
AGAGAACCGTCTAGGA-1,0.041113,0.000071,0.958816
AGAGAAGGAGTACAAT-1,0.011481,0.918037,0.070483
AGAGATCTCTAAAGCG-1,0.633316,0.002228,0.364456
AGAGCAGTTATGAGAC-1,0.934764,0.064648,0.000588
AGAGCCGCCGAGATTT-1,0.127975,0.331291,0.540734
AGAGCGCTTGTAACGG-1,0.231544,0.599666,0.16879
AGAGCGGGCTAATCAT-1,0.622903,0.374689,0.002408
AGAGCGTACAAGCTCG-1,0.110833,0.824474,0.064693
AGAGCTACGAAAGCAT-1,0.0001,0.355681,0.644219
AGAGGCTTCGGAAACC-1,0.214087,0.004495,0.781417
AGAGGGACAATTGTCC-1,0.816616,0.0017,0.181684
AGAGGTATCTCGGTCC-1,0.000266,0.413903,0.585831
AGAGTAAACTTCACTA-1,0.081195,0.545542,0.373263
AGAGTATAGTGTTACG-1,0.822584,0.173047,0.004368
AGAGTCTTAATGAAAG-1,0.000061,0.960656,0.039283
AGAGTGAACAGACACC-1,0.09689,0.173645,0.729466
AGAGTTAGAGACCGAT-1,0.052887,0.680937,0.266176
AGAGTTGCAGGCCTCC-1,0.284695,0.577948,0.137357
AGATAACTTCAGGGCC-1,0.053993,0.637197,0.30881
AGATAATCACACCTAT-1,0.799226,0.20039,0.000384
AGATACCAATAGAACC-1,0.020894,0.48421,0.494896
AGATACCAGCACTTCA-1,0.992632,0.003684,0.003684
AGATACCGGTGTTCAC-1,0.101909,0.536091,0.361999
AGATACGACTTCATAT-1,0.031413,0.492599,0.475989
AGATACTCAAGATCGA-1,0.039805,0.000066,0.960128
AGATATAATACGACTA-1,0.110739,0.420232,0.46903
AGATCGTGCATAAGAT-1,0.974042,0.004825,0.021133
AGATCTCAGGTGTGAT-1,0.000119,0.064175,0.935705
AGATCTGGAGAGGATA-1,0.732821,0.199782,0.067398
AGATGACTCGCCCACG-1,0.775932,0.220937,0.003131
AGATGAGGGTTGCGAT-1,0.000116,0.492451,0.507433
AGATGATGGAGTCTGG-1,0.999474,0.000263,0.000263
AGATGCAAGACGTGCA-1,0.096951,0.722222,0.180827
AGATGCATCCTGTGTC-1,0.939223,0.060318,0.000459
AGATGCTATAACGAGC-1,0.959603,0.002305,0.038093
AGATTATAGGACGTTT-1,0.09452,0.017095,0.888386
AGATTCAAGCGGGTCG-1,0.005617,0.797172,0.19721
AGATTCACAACCGATA-1,0.749485,0.079726,0.170789
AGCAAAGGCCGCTAGT-1,0.000059,0.041022,0.958919
AGCAACATATCTTATT-1,0.000114,0.125514,0.874371
AGCAACCGAAAGTAAT-1,0.793834,0.205763,0.000403
AGCACACGTTTAGACT-1,0.03101,0.577265,0.391725
AGCACCAGTACTCACG-1,0.662223,0.336946,0.000831
AGCACTACCGGCCTGT-1,0.725702,0.000193,0.274104
AGCACTACCTCACCAG-1,0.000086,0.150519,0.849396
AGCACTTAAGGACGCC-1,0.136673,0.134341,0.728986
AGCAGAAGGAGAAAGA-1,0.019478,0.339282,0.64124
AGCAGCCAGATGAATA-1,0.220987,0.501058,0.277955
AGCAGTCGAAGCATGC-1,0.007926,0.212832,0.779242
AGCATATCAATATGCT-1,0.000155,0.785593,0.214253
AGCATCATTTCGAAAG-1,0.092153,0.907519,0.000327
AGCATCGTCGATAATT-1,0.085937,0.787767,0.126295
AGCATTACGAGGCAAG-1,0.002494,0.625161,0.372345
AGCCAAGCTTTGTGTC-1,0.100862,0.38769,0.511448
AGCCACAGGTTACCCG-1,0.000104,0.312975,0.686921
AGCCACTCCCGTGCTT-1,0.919078,0.028845,0.052077
AGCCATATAGTATGTG-1,0.086102,0.165145,0.748754
AGCCCATACATGTAAG-1,0.778834,0.220105,0.001061
AGCCCGCAACAAGCAG-1,0.069689,0.331404,0.598908
AGCCCGCACTACAATG-1,0.00901,0.517753,0.473237
AGCCCGGCATTAGAGG-1,0.000064,0.125818,0.874118
AGCCCGGTAGCCTGTA-1,0.000102,0.439542,0.560356
AGCCCTAAGCGAAGTT-1,0.567836,0.313679,0.118485
AGCCCTCCCTGGTGGC-1,0.0681,0.774152,0.157748
AGCCCTGTCGCACCGT-1,0.014124,0.102135,0.883741
AGCCCTTCTAATCCGA-1,0.898774,0.060177,0.041049
AGCCCTTGGACATCCC-1,0.786536,0.105838,0.107626
AGCCGCAAATTCAAAT-1,0.786297,0.209029,0.004674
AGCCGCTTGATTAGCG-1,0.996127,0.001937,0.001936
AGCCGTGGCTAAATGT-1,0.206476,0.22265,0.570874
AGCCTAATACCCACGT-1,0.955702,0.008429,0.035869
AGCCTTAAAGCGGAAG-1,0.830411,0.030602,0.138987
AGCCTTGTCACTGATA-1,0.741007,0.054146,0.204847
AGCGACAGGAACGGTC-1,0.000097,0.30494,0.694962
AGCGACATCCCATTCA-1,0.815882,0.001559,0.182559
AGCGACCAACGATATT-1,0.017966,0.33988,0.642154
AGCGACTTTGAAGACA-1,0.067749,0.423123,0.509128
AGCGAGACGTGAAGGC-1,0.761794,0.00959,0.228616
AGCGATGCGCCTAATA-1,0.095806,0.385938,0.518256
AGCGCATAATGAATCG-1,0.641415,0.357294,0.001291
AGCGCGGGTGCCAATG-1,0.241175,0.130294,0.628531
AGCGCTAGAGCGATGT-1,0.085577,0.392705,0.521718
AGCGCTTATGGGCAAG-1,0.114311,0.159445,0.726244
AGCGGACACTTCGTAG-1,0.000078,0.001185,0.998737
AGCGGCGGTTAGCGGT-1,0.847439,0.152276,0.000284
AGCGGGAAGGGTCCAT-1,0.000132,0.404388,0.59548
AGCGGGTCTGACACTC-1,0.005927,0.330429,0.663644
AGCGGTTGAGATGTAC-1,0.034934,0.737,0.228067
AGCGGTTGCCGCTCTG-1,0.863956,0.09417,0.041874
AGCGTACGAGAGCTAG-1,0.000187,0.998743,0.00107
AGCGTAGCGCTAGACC-1,0.020828,0.373144,0.606028
AGCGTCTGAACCCGCA-1,0.000089,0.14591,0.854001
AGCGTGGTATTCTACT-1,0.0001,0.006949,0.992951
AGCGTTCCGATTTAAA-1,0.18458,0.605566,0.209854
AGCTAACAAGCAATGT-1,0.025455,0.896111,0.078434
AGCTAAGCTCCGTCCG-1,0.051468,0.943908,0.004625
AGCTAAGTACGCAGGC-1,0.00168,0.394069,0.604252
AGCTAGAAGCAGAAGT-1,0.803754,0.144886,0.05136
AGCTATTTAATCCAAC-1,0.990337,0.000154,0.009509
AGCTCCATATATGTTC-1,0.793133,0.034778,0.172089
AGCTCCTTCGCACATC-1,0.000135,0.442571,0.557294
AGCTCGTTGATGGAAA-1,0.49054,0.507901,0.001559
AGCTCTAGACGTTCCA-1,0.999163,0.000418,0.000418
AGCTCTTCCCAGTGCA-1,0.655109,0.1015,0.243391
AGCTCTTCGTAACCTT-1,0.810632,0.186611,0.002757
AGCTCTTTACTCAGTT-1,0.01563,0.54843,0.435939
AGCTGAAGTAAACCAA-1,0.115398,0.415491,0.469111
AGCTGCATTTGAGGTG-1,0.003359,0.086521,0.91012
AGCTGCTGTGCCGAAT-1,0.137649,0.282457,0.579894
AGCTGTAACCTCAATC-1,0.071225,0.168035,0.76074
AGCTTATAGAGACCTG-1,0.000094,0.114996,0.88491
AGCTTCAATACTTTGA-1,0.66324,0.160492,0.176268
AGCTTCTTCTCGAGCA-1,0.048475,0.505031,0.446494
AGCTTGATCAGGGTAG-1,0.900497,0.051795,0.047708
AGCTTGATCTTAACTT-1,0.722268,0.2772,0.000533
AGGAAAGCCTCTGATG-1,0.041149,0.523299,0.435552
AGGAACGAACGACTTC-1,0.433001,0.175144,0.391855
AGGAAGCTGTCCGCCG-1,0.000025,0.000038,0.999937
AGGACAGTCGAATCCC-1,0.019825,0.514943,0.465232
AGGACATCGCACGTCG-1,0.08263,0.201338,0.716032
AGGACATCGGCACACT-1,0.040373,0.077374,0.882252
AGGACGACCCATTAGA-1,0.060719,0.938848,0.000433
AGGACGCTCGATGTTG-1,0.088537,0.637373,0.27409
AGGACTTATAGGAGAA-1,0.995826,0.002087,0.002087
AGGAGACATCCACAGT-1,0.961093,0.000937,0.03797
AGGAGAGTCTGGCTAC-1,0.313477,0.572861,0.113662
AGGAGCGTTTATTATC-1,0.000221,0.6347,0.36508
AGGAGGCCTTCGCGCG-1,0.058183,0.057647,0.88417
AGGATAAAGTCGGGAT-1,0.000081,0.205627,0.794293
AGGATATAGGGATTTA-1,0.000163,0.677775,0.322062
AGGATATCCGACTGCA-1,0.03419,0.355672,0.610138
AGGATCACGCGATCTG-1,0.869813,0.013577,0.11661
AGGATTGCTTACGACA-1,0.937507,0.001897,0.060595
AGGCAAAGAGGAATCA-1,0.046327,0.003042,0.950631
AGGCAATACGGAGGAC-1,0.856943,0.001089,0.141968
AGGCACGTGACTGTCC-1,0.110157,0.342881,0.546962
AGGCAGATGCGTAAAC-1,0.16452,0.558433,0.277047
AGGCAGGGAGCGTACT-1,0.000123,0.536839,0.463038
AGGCATTGTCGTAGGG-1,0.125784,0.283122,0.591094
AGGCCACATTGGTTAC-1,0.000157,0.702603,0.29724
AGGCCACCCGTTATGA-1,0.18568,0.009795,0.804525
AGGCCCAGTGACTGGT-1,0.000082,0.189734,0.810184
AGGCCCATTGTACAGG-1,0.073156,0.2999,0.626943
AGGCCCTAGAACGCCA-1,0.239928,0.242553,0.517519
AGGCCTATCATACCAA-1,0.030968,0.482914,0.486118
AGGCCTGAGAATCTCG-1,0.000088,0.19145,0.808462
AGGCGATAACTGGCGT-1,0.433204,0.384852,0.181944
AGGCGGTTTGTCCCGC-1,0.578336,0.188942,0.232723
AGGCGTCTATGGACGG-1,0.22665,0.289082,0.484268
AGGCTATGGTTAGCTT-1,0.052263,0.87221,0.075526
AGGCTTAAGTTGCACA-1,0.144243,0.008961,0.846796
AGGCTTCCCGAAGAAG-1,0.03563,0.916552,0.047818
AGGCTTGCTAGACACC-1,0.918631,0.000804,0.080565
AGGGAAACGAGGTACT-1,0.853348,0.044025,0.102627
AGGGACAGCACGGCGG-1,0.023782,0.445065,0.531153
AGGGACCGGCTGCGTT-1,0.64487,0.245663,0.109467
AGGGACTCTACGCGAC-1,0.000157,0.630827,0.369016
AGGGAGACATACTTCG-1,0.999494,0.000253,0.000253
AGGGCAGCGGCGTGGT-1,0.999599,0.0002,0.0002
AGGGCCCTAATGTTCT-1,0.06101,0.491165,0.447825
AGGGCGAGCAGCTGAT-1,0.906992,0.087099,0.00591
AGGGCGTGATCGGCTA-1,0.000176,0.674153,0.325671
AGGGCTGCAGTTACAG-1,0.72395,0.274162,0.001888
AGGGTCAGAGCACTCG-1,0.000135,0.999662,0.000203
AGGGTCAGTAACCCTA-1,0.051248,0.214177,0.734575
AGGGTCGATGCGAACT-1,0.591012,0.408247,0.000741
AGGGTCTGGACGCAGT-1,0.072055,0.630444,0.297502
AGGGTGCCGTTCTTTA-1,0.002565,0.534058,0.463377
AGGGTGCTCTCGAGGG-1,0.872611,0.125689,0.0017
AGGGTGGATAGTGCAT-1,0.999573,0.000214,0.000214
AGGGTGTGCTACACGC-1,0.000798,0.812611,0.186591
AGGGTTCAGACGGTCC-1,0.018605,0.830198,0.151198
AGGGTTCCCTTTGGTT-1,0.078131,0.330086,0.591783
AGGGTTTAGTTCGGGA-1,0.048424,0.000207,0.951369
AGGTAACCTCCTATTC-1,0.031488,0.051864,0.916648
AGGTACGATATTGCCA-1,0.999418,0.000291,0.000291
AGGTAGATCGAGATAT-1,0.002732,0.58852,0.408749
AGGTAGGTACAAAGCT-1,0.106292,0.392083,0.501625
AGGTATAATTGATAGT-1,0.958613,0.000335,0.041052
AGGTATGCGGACATTA-1,0.28832,0.175253,0.536427
AGGTCAGGTGAGAGTG-1,0.352762,0.283867,0.363371
AGGTCGCCACTTCGGT-1,0.028337,0.40592,0.565743
AGGTCGCCTCCCAACA-1,0.246498,0.203799,0.549704
AGGTCGCGGAGTTACT-1,0.999386,0.000307,0.000307
AGGTGCACGTCCACAT-1,0.042575,0.003967,0.953458
AGGTGGTGACCTTCGC-1,0.02796,0.557643,0.414398
AGGTGTATCGCCATGA-1,0.392389,0.000142,0.607469
AGGTGTTGCCGACCAC-1,0.041644,0.753979,0.204378
AGGTTACACCATGCCG-1,0.23812,0.255923,0.505957
AGGTTCTCCTTTCCGG-1,0.998622,0.000689,0.000689
AGGTTGAGGCACGCTT-1,0.999389,0.000306,0.000306
AGGTTTCACACACCTT-1,0.030067,0.132789,0.837144
AGTAACGTTCATCCTG-1,0.240528,0.438307,0.321166
AGTAACTATAGCAGCC-1,0.295711,0.308109,0.39618
AGTAATCTAAGGGTGG-1,0.000123,0.43242,0.567458
AGTAATGTCTTGCCGC-1,0.307361,0.496617,0.196022
AGTAATTTGCAAGCGT-1,0.921953,0.077472,0.000575
AGTACAGAAGCTTATA-1,0.052511,0.329182,0.618306
AGTACATCATTTATCA-1,0.999316,0.000342,0.000342
AGTACCTTCGAGTGCT-1,0.062802,0.508438,0.42876
AGTACGGCCCGTATCG-1,0.907198,0.091639,0.001163
AGTACGGGCACCTGGC-1,0.030233,0.137585,0.832181
AGTACGTGGCCTGTCT-1,0.179678,0.20077,0.619553
AGTACTCTTATGCCCA-1,0.014403,0.038825,0.946772
AGTAGAAGGCGCCTCA-1,0.171184,0.455027,0.373789
AGTAGCGTGAACGAAC-1,0.752178,0.091748,0.156074
AGTAGCTAGACGCCGA-1,0.010611,0.442486,0.546903
AGTAGGAAGGAAGTTG-1,0.000071,0.281269,0.71866
AGTAGGTAACATACAT-1,0.013413,0.05907,0.927517
AGTATAATACTAGGCA-1,0.077834,0.749212,0.172954
AGTATACACAGCGACA-1,0.116655,0.69687,0.186476
AGTATCCATAATAACG-1,0.000142,0.573014,0.426844
AGTATGCTGGAGACCA-1,0.000105,0.419413,0.580481
AGTATTTGGCACGACC-1,0.015761,0.102992,0.881247
AGTCAAATGATGTGAT-1,0.031771,0.635081,0.333148
AGTCAACACCACCATC-1,0.00498,0.609767,0.385252
AGTCAAGATGACACTT-1,0.000089,0.117235,0.882675
AGTCACTAGCTCTCGA-1,0.709411,0.118277,0.172312
AGTCACTCCGCCTCAT-1,0.000262,0.805377,0.194361
AGTCAGCCACCGCCTG-1,0.000201,0.454272,0.545527
AGTCCAGCGGGTACGT-1,0.000129,0.310091,0.68978
