Barcode,Topic 1,Topic 2,Topic 3,Topic 4,Topic 5,Topic 6,Topic 7to8,Topic 9,Topic 10,Topic 11,Topic 12
AAACAAGTATCTCCCA-1,0.00001,0.034929,0.012244,0.007494,0.00522,0.00583,0.075817,0.162325,0.576062,0.1173,0.002768
AAACAATCTACTAGCA-1,0.004007,0.100959,0.078896,0.063869,0.135008,0.043324,0.164989,0.115144,0.16938,0.116718,0.007707
AAACACCAATAACTGC-1,0.007808,0.064541,0.000292,0.203331,0.176509,0.081661,0.044607,0.072378,0.329836,0.005067,0.013971
AAACAGAGCGACTCCT-1,0.612633,0.000522,0.169335,0.214916,0.000324,0.000324,0.000649,0.000324,0.000324,0.000324,0.000324
AAACAGCTTTCAGAAG-1,0.013398,0.019614,0.026771,0.086129,0.146612,0.352308,0.206704,0.051399,0.081737,0.009131,0.006197
AAACAGGGTCTATATT-1,0.02318,0.014447,0.00001,0.005483,0.01289,0.10737,0.065724,0.070653,0.685067,0.0051,0.010076
AAACAGTGTTCCTGGG-1,0.013333,0.046527,0.005854,0.003491,0.005374,0.047223,0.060419,0.087301,0.465472,0.261012,0.003994
AAACATTTCCCGGATT-1,0.009171,0.000025,0.00763,0.002205,0.001619,0.103588,0.146047,0.116926,0.560492,0.033148,0.019149
AAACCACTACACAGAT-1,0.015624,0.145401,0.046036,0.018587,0.017529,0.011496,0.083852,0.089992,0.171294,0.394372,0.005818
AAACCCGAACGAAATC-1,0.084122,0.001544,0.003373,0.178329,0.007407,0.110273,0.070604,0.091096,0.429644,0.020044,0.003564
AAACCGGAAATGTTAA-1,0.045168,0.07352,0.012025,0.000955,0.014668,0.057068,0.138643,0.138551,0.462886,0.055146,0.001371
AAACCGGGTAGGTACC-1,0.053112,0.024246,0.162665,0.044661,0.120997,0.355888,0.150588,0.027473,0.019331,0.02826,0.012779
AAACCGTTCGTCCAGG-1,0.099268,0.022195,0.00754,0.005038,0.007135,0.077502,0.106847,0.129097,0.473734,0.051543,0.020102
AAACCTAAGCAGCCGG-1,0.000007,0.087341,0.029774,0.163126,0.066398,0.132738,0.131947,0.108033,0.18751,0.082319,0.010805
AAACCTCATGAAGTTG-1,0.000006,0.046415,0.010553,0.034861,0.19666,0.330614,0.100226,0.086131,0.176816,0.014744,0.002974
AAACGAAGAACATACC-1,0.000005,0.093053,0.127175,0.03435,0.03956,0.057691,0.193104,0.121972,0.084828,0.228749,0.019514
AAACGACAGTCTTGCC-1,0.001539,0.089758,0.021824,0.005458,0.018948,0.009864,0.076523,0.164158,0.367439,0.242777,0.001711
AAACGAGACGGTTGAT-1,0.004476,0.011363,0.152298,0.061333,0.017114,0.020965,0.140851,0.152352,0.09308,0.250295,0.095875
AAACGCCCGAGATCGG-1,0.000011,0.00838,0.003764,0.000605,0.007164,0.002753,0.037043,0.204919,0.535589,0.197687,0.002086
AAACGGGCGTACGGGT-1,0.037903,0.393429,0.017873,0.02794,0.028556,0.085756,0.115572,0.073921,0.19676,0.013593,0.008697
AAACGGGTTGGTATCC-1,0.000017,0.004045,0.001501,0.070701,0.000993,0.002361,0.024224,0.076947,0.667011,0.059896,0.092304
AAACGGTTGCGAACTG-1,0.041872,0.016766,0.131625,0.016897,0.027852,0.112711,0.343916,0.090877,0.091493,0.119895,0.006095
AAACGTGTTCGCCCTA-1,0.001335,0.24497,0.000341,0.176538,0.063867,0.000673,0.015353,0.084719,0.372801,0.019239,0.020164
AAACTAACGTGGCGAC-1,0.055812,0.235199,0.083136,0.085284,0.190929,0.012958,0.045242,0.067332,0.036145,0.175036,0.012927
AAACTCGGTTCGCAAT-1,0.000012,0.002667,0.059923,0.004016,0.012728,0.183581,0.321106,0.113871,0.242812,0.059273,0.000012
AAACTCGTGATATAAG-1,0.02228,0.012451,0.113677,0.025504,0.016522,0.299698,0.272597,0.072677,0.104173,0.057126,0.003294
AAACTGCTGGCTCCAA-1,0.000009,0.032803,0.118533,0.020784,0.009544,0.114004,0.198845,0.157534,0.19563,0.150155,0.00216
AAACTTAATTGCACGC-1,0.000017,0.000017,0.000017,0.000017,0.001121,0.0338,0.009524,0.039989,0.915463,0.000017,0.000017
AAACTTGCAAACGTAT-1,0.000005,0.049649,0.034598,0.253901,0.212384,0.282022,0.110298,0.02384,0.019317,0.006578,0.007409
AAAGACATGAAGTTTA-1,0.007468,0.007715,0.038838,0.033852,0.004401,0.005702,0.059783,0.139434,0.281636,0.355972,0.065199
AAAGACCCAAGTCGCG-1,0.062202,0.017751,0.28872,0.087611,0.026593,0.057271,0.153696,0.086511,0.048151,0.165655,0.005838
AAAGACTGGGCGCTTT-1,0.000006,0.045122,0.063325,0.192654,0.080394,0.108873,0.211077,0.091198,0.086959,0.114358,0.006033
AAAGCTTGCCTACATA-1,0.250833,0.215927,0.000189,0.075325,0.000189,0.000189,0.000377,0.000189,0.200441,0.256154,0.000189
AAAGGCCCTATAATAC-1,0.000008,0.000855,0.372902,0.017588,0.041132,0.442035,0.108837,0.003989,0.00026,0.004593,0.007801
AAAGGCTACGGACCAT-1,0.015256,0.015019,0.127223,0.040814,0.028172,0.177037,0.216621,0.110982,0.122002,0.136111,0.010763
AAAGGCTCTCGCGCCG-1,0.000908,0.001564,0.391225,0.030749,0.00831,0.089919,0.241908,0.049827,0.025685,0.150559,0.009345
AAAGGGATGTAGCAAG-1,0.030191,0.029601,0.309348,0.057282,0.068229,0.121433,0.140324,0.033499,0.03183,0.146055,0.032208
AAAGGGCAGCTTGAAT-1,0.000006,0.001267,0.143776,0.041393,0.012437,0.136773,0.193514,0.122806,0.125993,0.215424,0.006611
AAAGGTAAGCTGTACC-1,0.088979,0.072252,0.063651,0.055348,0.028476,0.009146,0.053569,0.127571,0.122917,0.316523,0.061569
AAAGGTCAACGACATG-1,0.007525,0.149081,0.010859,0.009247,0.081467,0.009138,0.060453,0.112071,0.413139,0.137306,0.009712
AAAGTAGCATTGCTCA-1,0.003634,0.038528,0.024176,0.031946,0.377535,0.316408,0.112704,0.048119,0.026946,0.011977,0.008027
AAAGTCACTGATGTAA-1,0.007766,0.05172,0.06198,0.064817,0.076317,0.027655,0.136029,0.137725,0.204148,0.182429,0.049414
AAAGTCGACCCTCAGT-1,0.003307,0.011752,0.025209,0.089706,0.189269,0.379682,0.144189,0.032992,0.048661,0.011862,0.063372
AAAGTGCCATCAATTA-1,0.023415,0.047056,0.018343,0.032646,0.053413,0.115446,0.139615,0.111826,0.390523,0.052791,0.014925
AAAGTGTGATTTATCT-1,0.065282,0.138561,0.103861,0.077277,0.056282,0.157427,0.092577,0.068703,0.113491,0.110932,0.015608
AAATAACCATACGGGA-1,0.003677,0.031847,0.151341,0.072552,0.119081,0.127427,0.257179,0.046629,0.048726,0.109978,0.031563
AAATAAGGTAGTGCCC-1,0.482935,0.513225,0.000384,0.000384,0.000384,0.000384,0.000768,0.000384,0.000384,0.000384,0.000384
AAATACCTATAAGCAT-1,0.000008,0.101865,0.169434,0.032578,0.024073,0.028038,0.162782,0.087756,0.073523,0.30988,0.010064
AAATAGCTTAGACTTT-1,0.597223,0.402023,0.000075,0.000075,0.000075,0.000075,0.000151,0.000075,0.000075,0.000075,0.000075
AAATAGGGTGCTATTG-1,0.000006,0.155626,0.2563,0.026866,0.118251,0.076261,0.175513,0.063483,0.033804,0.081652,0.012239
AAATCACTCCTAAACG-1,0.046995,0.341,0.042721,0.033797,0.111296,0.008921,0.098166,0.117128,0.109004,0.072448,0.018523
AAATCCGATACACGCC-1,0.00963,0.051574,0.090514,0.143917,0.217566,0.23832,0.131466,0.044121,0.042137,0.028944,0.00181
AAATCGCGGAAGGAGT-1,0.000016,0.000016,0.003752,0.000016,0.000016,0.208858,0.092617,0.098595,0.585228,0.010869,0.000016
AAATCGTGTACCACAA-1,0.000007,0.002005,0.546856,0.012708,0.008956,0.223202,0.167023,0.011011,0.002862,0.024754,0.000617
AAATCTAGCCCTGCTA-1,0.009371,0.005053,0.005628,0.06002,0.000379,0.039308,0.144672,0.184077,0.417242,0.113042,0.021209
AAATGACTGATCAAAC-1,0.003623,0.003623,0.003623,0.003623,0.003623,0.003623,0.963767,0.003623,0.003623,0.003623,0.003623
AAATGATTCGATCAGC-1,0.016056,0.31635,0.008842,0.004042,0.010923,0.036319,0.068288,0.112123,0.319976,0.088244,0.018836
AAATGCTCGTTACGTT-1,0.000009,0.018825,0.186098,0.01953,0.020805,0.139621,0.229089,0.13947,0.119601,0.124492,0.00246
AAATGGCATGTCTTGT-1,0.000006,0.001898,0.445968,0.059697,0.01548,0.071543,0.198703,0.037567,0.018951,0.146044,0.004142
AAATGGCCCGTGCCCT-1,0.01586,0.009122,0.079254,0.008098,0.068141,0.584616,0.18258,0.017818,0.01939,0.008126,0.006995
AAATGGTCAATGTGCC-1,0.02688,0.142291,0.011329,0.008486,0.085269,0.072429,0.093408,0.120029,0.356188,0.079772,0.00392
AAATGTGGGTGCTCCT-1,0.000007,0.153264,0.052496,0.009706,0.098841,0.011434,0.174464,0.114785,0.178186,0.178063,0.028755
AAATTAACGGGTAGCT-1,0.012436,0.081881,0.014461,0.043442,0.190687,0.060981,0.124586,0.174409,0.218426,0.075215,0.003474
AAATTAATAAGCGCGA-1,0.000012,0.000012,0.003871,0.055506,0.001227,0.054349,0.058426,0.195041,0.493261,0.105679,0.032615
AAATTACACGACTCTG-1,0.014152,0.006024,0.055191,0.042792,0.026328,0.061814,0.18276,0.113118,0.355268,0.137527,0.005025
AAATTACCTATCGATG-1,0.039655,0.005474,0.207895,0.01644,0.01231,0.176854,0.300249,0.071916,0.052387,0.101562,0.015257
AAATTCCAGGTCCAAA-1,0.542455,0.45724,0.000031,0.000031,0.000031,0.000031,0.000061,0.000031,0.000031,0.000031,0.000031
AAATTGATAGTCCTTT-1,0.019386,0.010279,0.218821,0.02441,0.082769,0.556046,0.077739,0.004409,0.002047,0.003293,0.000801
AAATTGGTGAGAAGCA-1,0.004011,0.074795,0.022955,0.028722,0.030693,0.060784,0.121599,0.17354,0.408021,0.071432,0.003447
AAATTTACCGAAATCC-1,0.009436,0.044406,0.057388,0.039135,0.026985,0.041909,0.119018,0.0883,0.295054,0.259395,0.018974
AAATTTGCGGGTGTGG-1,0.00001,0.136823,0.002404,0.010741,0.13963,0.095871,0.094721,0.110752,0.388876,0.011354,0.008819
AACAACTGGTAGTTGC-1,0.012776,0.017251,0.008676,0.017267,0.030822,0.092843,0.084613,0.107672,0.543461,0.072966,0.011654
AACAATACATTGTCGA-1,0.004134,0.020509,0.026161,0.014712,0.032473,0.356433,0.157275,0.132261,0.223072,0.028318,0.004654
AACAATTACTCTACGC-1,0.035764,0.01839,0.114006,0.013338,0.021454,0.268595,0.304426,0.06444,0.114464,0.04012,0.005004
AACACACGCTCGCCGC-1,0.001916,0.203573,0.0173,0.011446,0.070363,0.013817,0.123958,0.178609,0.29282,0.080597,0.005601
AACACGACTGTACTGA-1,0.000007,0.049885,0.111971,0.050276,0.03537,0.032513,0.250006,0.085036,0.181597,0.183358,0.01998
AACACGAGACGCGGCC-1,0.009535,0.000702,0.006524,0.207271,0.041422,0.293064,0.063801,0.093352,0.252123,0.011138,0.021067
AACACGCGGCCGCGAA-1,0.001813,0.087639,0.032044,0.22637,0.047856,0.043571,0.063701,0.06387,0.060165,0.05595,0.317023
AACAGCTGTGTGGCAA-1,0.001191,0.134726,0.010266,0.006905,0.244469,0.223964,0.141672,0.082026,0.13175,0.009632,0.0134
AACAGGAAATCGAATA-1,0.069464,0.141143,0.028369,0.075762,0.119733,0.019126,0.081396,0.11247,0.207072,0.123356,0.022111
AACAGGATGGGCCGCG-1,0.000013,0.002322,0.000013,0.000013,0.001503,0.025555,0.042567,0.085059,0.806325,0.036616,0.000013
AACAGGTAGTATGGAT-1,0.348887,0.11966,0.001894,0.033467,0.001944,0.082444,0.062887,0.082193,0.201643,0.060297,0.004685
AACATAGCGTGTATCG-1,0.001208,0.001208,0.001208,0.172858,0.001208,0.001208,0.816272,0.001208,0.001208,0.001208,0.001208
AACATATCAACTGGTG-1,0.0693,0.093613,0.106991,0.030965,0.079338,0.072934,0.138662,0.086539,0.125326,0.141622,0.054711
AACATCGATACGTCTA-1,0.008355,0.066746,0.098613,0.010296,0.099269,0.067487,0.167001,0.111134,0.194631,0.167061,0.009407
AACATTGAAGTTGATC-1,0.026158,0.075183,0.086217,0.000055,0.02352,0.448406,0.102917,0.172104,0.055575,0.00981,0.000055
AACATTGTGACTCGAG-1,0.03766,0.15658,0.021848,0.012549,0.0134,0.084325,0.112065,0.083812,0.339933,0.089474,0.048355
AACCAAGACTTCTCTG-1,0.082124,0.055994,0.005336,0.017491,0.169271,0.121416,0.076848,0.120715,0.298821,0.032252,0.019732
AACCAGTATCACTCTT-1,0.000009,0.004327,0.425548,0.05034,0.010204,0.078569,0.174017,0.106712,0.035002,0.108611,0.006662
AACCATAGGGTTGAAC-1,0.000011,0.000011,0.008003,0.004565,0.001845,0.341718,0.18321,0.099609,0.347712,0.013304,0.000011
AACCATGGGATCGCTA-1,0.000012,0.014978,0.02582,0.020706,0.003139,0.045053,0.148021,0.202976,0.430506,0.064494,0.044296
AACCCAGAGACGGAGA-1,0.00001,0.613313,0.000038,0.001972,0.00001,0.004628,0.014179,0.039772,0.262446,0.056367,0.007265
AACCCATCCCATGATC-1,0.008382,0.021271,0.010321,0.019813,0.021262,0.31357,0.448725,0.05885,0.094692,0.00309,0.000023
AACCCGACAACCCGTG-1,0.000016,0.000809,0.000016,0.00179,0.00425,0.167952,0.053573,0.108575,0.603391,0.012221,0.047407
AACCCGAGCAGAATCG-1,0.089833,0.047049,0.000035,0.005332,0.000035,0.004523,0.026892,0.094712,0.633683,0.0903,0.007605
AACCCGATAGGGCTTC-1,0.055898,0.054638,0.285989,0.028619,0.094908,0.042521,0.140912,0.077702,0.050055,0.16369,0.00507
AACCCGCTGTATTCCA-1,0.001097,0.001097,0.450976,0.001097,0.001097,0.001097,0.002193,0.001097,0.001097,0.538059,0.001097
AACCCTACTGTCAATA-1,0.165484,0.344355,0.04546,0.017034,0.002127,0.033833,0.106979,0.092602,0.122203,0.064447,0.005476
AACCCTGGTGGAACCA-1,0.000008,0.001259,0.004956,0.007282,0.006329,0.018368,0.064035,0.138868,0.563974,0.171514,0.023407
AACCGAGCTTGGTCAT-1,0.007773,0.03762,0.004976,0.021473,0.01017,0.005225,0.044988,0.15481,0.519874,0.184254,0.008837
AACCGCTAAGGGATGC-1,0.126571,0.33534,0.053382,0.030776,0.220457,0.029922,0.06281,0.056148,0.036949,0.042713,0.004933
AACCGTTGTGTTTGCT-1,0.015279,0.125397,0.070786,0.028809,0.092376,0.032933,0.15047,0.089746,0.164212,0.213228,0.016764
AACCTAAAGCCGTCCG-1,0.045877,0.019924,0.001282,0.515893,0.01767,0.006246,0.019866,0.060724,0.277921,0.020762,0.013834
AACCTCGCTTTAGCCC-1,0.029894,0.046239,0.095215,0.038862,0.052993,0.231448,0.272544,0.097001,0.101084,0.033859,0.00086
AACCTGTCACGGAATT-1,0.725238,0.254,0.000046,0.020349,0.000046,0.000046,0.000092,0.000046,0.000046,0.000046,0.000046
AACCTTTAAATACGGT-1,0.000007,0.262702,0.004452,0.009967,0.103719,0.003635,0.05308,0.101682,0.316785,0.114179,0.029791
AACCTTTACGACGTCT-1,0.352566,0.559041,0.000514,0.083763,0.000514,0.000514,0.001029,0.000514,0.000514,0.000514,0.000514
AACGAAAGTCGTCCCA-1,0.000007,0.000113,0.362482,0.017992,0.018441,0.464094,0.112853,0.007878,0.000813,0.004689,0.010638
AACGATAATGCCGTAG-1,0.000008,0.058496,0.153493,0.127518,0.036018,0.045982,0.195067,0.124782,0.085485,0.12933,0.04382
AACGATAGAAGGGCCG-1,0.000007,0.126514,0.111599,0.196695,0.193088,0.025902,0.115594,0.068351,0.041553,0.098106,0.02259
AACGATATGTCAACTG-1,0.23052,0.722138,0.000078,0.023203,0.023515,0.000078,0.000156,0.000078,0.000078,0.000078,0.000078
AACGCATGATCTGGGT-1,0.0256,0.05516,0.024112,0.011787,0.059777,0.043449,0.105513,0.218019,0.356626,0.097858,0.002101
AACGCGACCTTGGGCG-1,0.00246,0.254633,0.023304,0.038494,0.166713,0.073644,0.146732,0.097961,0.130085,0.053323,0.012652
AACGCGGTCTCCAGCC-1,0.015948,0.078293,0.031692,0.032151,0.03548,0.079483,0.102333,0.135639,0.267618,0.147369,0.073994
AACGCTGTTGCTGAAA-1,0.00437,0.091718,0.036065,0.006191,0.024035,0.048706,0.125995,0.195467,0.307934,0.147284,0.012235
AACGGACGTACGTATA-1,0.087044,0.0633,0.000025,0.000025,0.005004,0.017183,0.027016,0.095409,0.636715,0.062948,0.005331
AACGGCCATCTCCGGT-1,0.000761,0.030466,0.290339,0.027642,0.056783,0.201829,0.284187,0.029271,0.013383,0.058742,0.006597
AACGTACTGTGGGTAC-1,0.023928,0.150183,0.005283,0.010541,0.030432,0.061784,0.096932,0.14347,0.424605,0.033893,0.018951
AACGTAGTCTACCCAT-1,0.000465,0.000813,0.164729,0.047629,0.039422,0.116028,0.189215,0.086876,0.134993,0.217853,0.001977
AACGTCAGACTAGTGG-1,0.005108,0.01116,0.033393,0.032116,0.074601,0.136847,0.1837,0.155984,0.294189,0.06859,0.004313
AACGTCATCCGGCTTG-1,0.041667,0.041668,0.041668,0.041668,0.041669,0.541651,0.083337,0.041669,0.041668,0.041668,0.041668
AACGTGATGAAGGACA-1,0.046701,0.213492,0.003338,0.006436,0.002595,0.003344,0.033826,0.103597,0.416163,0.160495,0.010014
AACGTGCGAAAGTCTC-1,0.000069,0.044437,0.625036,0.047274,0.105769,0.022561,0.081608,0.011604,0.002903,0.050146,0.008593
AACGTTATCAGCACCT-1,0.000009,0.131957,0.000998,0.002777,0.096878,0.032808,0.071489,0.091468,0.534551,0.030006,0.00706
AACGTTCTACCATTGT-1,0.000076,0.6268,0.010781,0.001366,0.049231,0.021981,0.242149,0.000076,0.000076,0.047389,0.000076
AACTACCCGTTTGTCA-1,0.336633,0.076401,0.000115,0.000115,0.000115,0.000115,0.00023,0.038261,0.54467,0.003228,0.000115
AACTAGCGTATCGCAC-1,0.000009,0.088314,0.052887,0.077334,0.078445,0.040019,0.094802,0.180872,0.205461,0.176249,0.005608
AACTAGGCTTGGGTGT-1,0.000011,0.140022,0.013247,0.035759,0.071076,0.009438,0.06225,0.144412,0.330003,0.165646,0.028136
AACTCAAGTTAATTGC-1,0.002491,0.03444,0.004423,0.005306,0.006026,0.024113,0.10433,0.171554,0.563341,0.072166,0.01181
AACTCCAGAGCGTGTT-1,0.013442,0.032714,0.000072,0.439577,0.018492,0.002392,0.015435,0.127249,0.314291,0.026827,0.009508
AACTCCTAATCCCATG-1,0.019004,0.000382,0.000007,0.87876,0.000007,0.000007,0.000014,0.000007,0.000007,0.000007,0.101797
AACTCGATGGCGCAGT-1,0.000011,0.002347,0.03018,0.015898,0.007673,0.091583,0.141102,0.173683,0.348343,0.183453,0.005728
AACTCTCAATAGAGCG-1,0.104786,0.020179,0.377847,0.016188,0.006071,0.072638,0.208333,0.034795,0.017014,0.142124,0.000024
AACTCTCAGTGTGCTC-1,0.021578,0.003865,0.012981,0.014364,0.008574,0.074476,0.166481,0.071743,0.519623,0.093569,0.012747
AACTGAGGTCAGCGTC-1,0.095485,0.251653,0.07928,0.025066,0.046719,0.029007,0.123523,0.12322,0.115059,0.060104,0.050884
AACTGAGTTATACTGA-1,0.088105,0.009159,0.00317,0.280285,0.005211,0.039215,0.082956,0.117486,0.275222,0.096656,0.002535
AACTGATATTAGGCCT-1,0.011413,0.008485,0.060235,0.024147,0.011133,0.032497,0.178923,0.105136,0.399043,0.158838,0.01015
AACTGGGTCCCGACGT-1,0.000007,0.001046,0.127327,0.04278,0.014609,0.107144,0.257425,0.131434,0.165763,0.145129,0.007337
AACTGGGTTCGAGCCG-1,0.008067,0.26224,0.062275,0.051803,0.023715,0.009767,0.082745,0.100225,0.123733,0.263874,0.011554
AACTGGTGTGGGCCTT-1,0.00001,0.04189,0.029693,0.019248,0.078696,0.010227,0.074404,0.154174,0.36626,0.213038,0.01236
AACTTCTGCGTCTATC-1,0.019897,0.133203,0.000518,0.00001,0.041213,0.017163,0.058096,0.106011,0.601391,0.020761,0.001736
AACTTGCCCGTATGCA-1,0.006989,0.044934,0.036973,0.005887,0.048525,0.09434,0.171058,0.160513,0.278063,0.145705,0.007013
AACTTGCGTTCTCGCG-1,0.000012,0.012742,0.104832,0.081332,0.108495,0.191098,0.126372,0.090072,0.136369,0.147704,0.00097
AACTTTAGCTGCTGAG-1,0.00001,0.356648,0.000537,0.011532,0.017652,0.001721,0.034177,0.102141,0.395938,0.060703,0.018941
AACTTTCTCGATCATG-1,0.033028,0.417501,0.01153,0.069563,0.093251,0.050748,0.120417,0.046283,0.114142,0.043502,0.000035
AAGAAAGTTTGATGGG-1,0.002874,0.002874,0.002874,0.002874,0.423444,0.547819,0.005747,0.002874,0.002874,0.002874,0.002874
AAGAAATCACCAGATT-1,0.004993,0.035643,0.162214,0.223544,0.039419,0.222009,0.219783,0.032837,0.029482,0.026192,0.003884
AAGAAGGATCAGTTAG-1,0.000011,0.009711,0.000011,0.000011,0.002335,0.011089,0.044446,0.081577,0.824736,0.017401,0.008673
AAGACATACGTGGTTT-1,0.000031,0.000031,0.000031,0.000031,0.000031,0.000031,0.001658,0.029625,0.966686,0.001811,0.000031
AAGACCAAATAACTCA-1,0.010999,0.013962,0.000981,0.04229,0.054716,0.209966,0.188895,0.100857,0.356094,0.021041,0.0002
AAGACCCAACTGAACA-1,0.004257,0.024517,0.05484,0.026213,0.026214,0.039812,0.129356,0.129644,0.183355,0.101146,0.280648
AAGACTAACCCGTTGT-1,0.000009,0.000009,0.042681,0.010146,0.00211,0.115229,0.226413,0.116257,0.376856,0.091795,0.018496
AAGACTCACGCCCACT-1,0.000007,0.107646,0.028184,0.038562,0.083177,0.009346,0.077822,0.114491,0.262259,0.25031,0.028196
AAGACTGCAAGCTACT-1,0.125464,0.569352,0.051462,0.132937,0.103303,0.006654,0.004562,0.000029,0.000018,0.002928,0.003292
AAGAGATGAATCGGTA-1,0.00001,0.117635,0.003544,0.002503,0.0891,0.020079,0.097039,0.158756,0.449567,0.048635,0.013132
AAGAGCTCTTTATCGG-1,0.000007,0.03655,0.315747,0.033578,0.033645,0.014518,0.112475,0.100443,0.03664,0.289061,0.027335
AAGAGGATGTACGCGA-1,0.002802,0.12346,0.029106,0.005207,0.039807,0.259503,0.14981,0.110805,0.224959,0.048764,0.005776
AAGAGGCATGGATCGC-1,0.000007,0.101008,0.304526,0.100231,0.111443,0.019968,0.102282,0.076518,0.034078,0.127987,0.021953
AAGAGGCCCTTTGGAA-1,0.001879,0.215122,0.182875,0.018047,0.124323,0.090108,0.251553,0.048939,0.026179,0.039586,0.001388
AAGATGGCACCGGACC-1,0.027551,0.009484,0.152902,0.057147,0.076103,0.332178,0.165761,0.060458,0.063587,0.044775,0.010053
AAGATTGGCGGAACGT-1,0.178145,0.41767,0.000079,0.000079,0.000079,0.000079,0.000157,0.028256,0.250171,0.079124,0.046161
AAGCACCCTGCGTATC-1,0.005269,0.290745,0.009845,0.001779,0.039395,0.009774,0.102457,0.108119,0.260437,0.163535,0.008645
AAGCATACTCTCCTGA-1,0.00001,0.254328,0.013123,0.017531,0.01247,0.012219,0.077557,0.166271,0.290995,0.139998,0.015499
AAGCCGAAGCGGTTTA-1,0.109176,0.022308,0.003377,0.018572,0.000028,0.000028,0.018837,0.044857,0.110084,0.066611,0.606123
AAGCCGCCGTGAAATC-1,0.020288,0.002201,0.082392,0.069596,0.074888,0.492701,0.170728,0.02135,0.027164,0.007988,0.030705
AAGCCGCTTTACCTTG-1,0.015521,0.328198,0.000014,0.002289,0.034916,0.006364,0.051035,0.056231,0.463386,0.030055,0.011993
AAGCCGGAGAGCAGGA-1,0.000025,0.000025,0.000025,0.000025,0.000025,0.027175,0.015484,0.085578,0.468548,0.0035,0.399588
AAGCGCAGGGCTTTGA-1,0.021105,0.014108,0.00605,0.016106,0.008267,0.075217,0.142783,0.116541,0.5265,0.064802,0.00852
AAGCGGAGTGCGCGCA-1,0.006305,0.031295,0.002105,0.00373,0.013139,0.039897,0.083581,0.105777,0.697758,0.013906,0.002507
AAGCGGCGTCATGGGT-1,0.000011,0.012508,0.040452,0.029942,0.020595,0.01307,0.056646,0.104818,0.321138,0.391864,0.008956
AAGCGTCCCTCATCGA-1,0.023421,0.012352,0.008571,0.043516,0.049971,0.138941,0.076794,0.175443,0.415923,0.038788,0.016281
AAGCTAGATCGAGTAA-1,0.000006,0.012116,0.322679,0.06155,0.019842,0.032853,0.244618,0.085265,0.063326,0.152206,0.00554
AAGCTCGTGCCAAGTC-1,0.000009,0.219278,0.065288,0.032833,0.035819,0.005777,0.067941,0.114519,0.148065,0.26572,0.044753
AAGCTCTTTCATGGTG-1,0.003418,0.005094,0.000012,0.00102,0.0057,0.050041,0.058621,0.108672,0.745121,0.011206,0.011094
AAGGAGAACTTATAAG-1,0.000004,0.042541,0.091441,0.09801,0.09118,0.030261,0.133814,0.10239,0.093325,0.26344,0.053593
AAGGAGCGGTTGGTGC-1,0.02976,0.048762,0.029375,0.031714,0.09785,0.082011,0.1158,0.216707,0.30912,0.036675,0.002226
AAGGATCGATCGCTTG-1,0.855859,0.082237,0.002961,0.045464,0.011444,0.000038,0.001847,0.000038,0.000038,0.000038,0.000038
AAGGATGAGGGACCTC-1,0.015107,0.171076,0.039873,0.021643,0.110392,0.026669,0.132553,0.138409,0.163698,0.1541,0.026481
AAGGCAGGCTGTCTCC-1,0.506719,0.144803,0.00009,0.00009,0.00009,0.00009,0.000179,0.00009,0.347671,0.00009,0.00009
AAGGCGCGTAAAGCTT-1,0.013214,0.018793,0.13221,0.095484,0.131411,0.155182,0.12596,0.125582,0.112219,0.082578,0.007367
AAGGCTGTGCTCATCG-1,0.000006,0.000006,0.678469,0.010861,0.021816,0.250045,0.038539,0.000072,0.000006,0.000174,0.000006
AAGGGAACGACTGGCT-1,0.031711,0.157332,0.004639,0.008647,0.028676,0.321833,0.097783,0.063264,0.25996,0.010407,0.015747
AAGGGACAGATTCTGT-1,0.25748,0.000386,0.000386,0.000386,0.000386,0.000386,0.000772,0.000386,0.172482,0.540465,0.026487
AAGGGACTATGCATTC-1,0.011516,0.311511,0.028674,0.009589,0.129919,0.169418,0.158075,0.044208,0.074754,0.014204,0.048131
AAGGGTTAGCCATGCG-1,0.000043,0.213475,0.146225,0.027655,0.232221,0.04753,0.186348,0.047417,0.010132,0.085703,0.003252
AAGGTATCCTAATATA-1,0.035607,0.000007,0.007262,0.019335,0.000007,0.000007,0.000086,0.000007,0.000007,0.000786,0.936888
AAGGTGATAAACCAGC-1,0.072977,0.005351,0.000028,0.000028,0.000028,0.009498,0.055508,0.046648,0.744263,0.065644,0.000028
AAGTAAGCTTCCAAAC-1,0.000005,0.006977,0.179146,0.112167,0.057268,0.095169,0.211769,0.086582,0.104685,0.136372,0.00986
AAGTAGAAGACCGGGT-1,0.000007,0.072088,0.216525,0.092455,0.082455,0.055329,0.13187,0.081435,0.061702,0.178767,0.027366
AAGTAGTGACGCGAGG-1,0.000017,0.000017,0.000017,0.000017,0.000017,0.073077,0.068559,0.119209,0.690464,0.039147,0.00946
AAGTCAATTGTCGTCA-1,0.076955,0.027665,0.047389,0.158072,0.044354,0.029253,0.040335,0.138715,0.316355,0.116103,0.004805
AAGTCTAGTAGCTGCC-1,0.021922,0.183195,0.015543,0.277815,0.038385,0.022372,0.056226,0.076898,0.17941,0.056297,0.071938
AAGTCTTCTGTGGCCT-1,0.000035,0.071525,0.010867,0.075941,0.176915,0.070776,0.058743,0.154511,0.130547,0.15055,0.099591
AAGTGACGACCGAATT-1,0.015052,0.013429,0.116015,0.049775,0.076705,0.553178,0.141744,0.016322,0.00687,0.006713,0.004197
AAGTGAGTCGGGTTTA-1,0.000009,0.015393,0.000387,0.000545,0.011103,0.052274,0.056127,0.150004,0.69005,0.023999,0.000108
AAGTGCCTTGACTGTA-1,0.312503,0.610174,0.000359,0.000359,0.07409,0.000359,0.000718,0.000359,0.000359,0.000359,0.000359
AAGTGCGTTAGAATCT-1,0.009587,0.252511,0.001899,0.007561,0.028453,0.204727,0.056911,0.07689,0.34576,0.008147,0.007554
AAGTGCTTCTCTATTG-1,0.000018,0.000019,0.015401,0.000474,0.00643,0.136293,0.296629,0.101198,0.375801,0.041748,0.025989
AAGTGTTTGGAGACGG-1,0.001064,0.024063,0.092581,0.019498,0.020702,0.078702,0.219603,0.162419,0.247885,0.12362,0.009863
AAGTTCACTCCAAGCT-1,0.030352,0.005641,0.015238,0.124318,0.003688,0.114889,0.068395,0.054117,0.218966,0.018941,0.345455
AAGTTCAGTCTGCGTA-1,0.028323,0.047832,0.000014,0.007018,0.008462,0.014503,0.023353,0.098918,0.732326,0.039237,0.000014
AAGTTCGGCCAACAGG-1,0.002751,0.029908,0.003596,0.029613,0.053851,0.157181,0.101767,0.114131,0.486071,0.016902,0.00423
AAGTTGTGATGTTATA-1,0.009241,0.000026,0.000026,0.000026,0.000026,0.05172,0.008509,0.0231,0.907271,0.000026,0.000026
AAGTTTACTAATGGCA-1,0.000009,0.153605,0.037369,0.061231,0.056068,0.01211,0.113467,0.137499,0.149844,0.235021,0.043776
AAGTTTATGGGCCCAA-1,0.029079,0.005335,0.067798,0.005655,0.017424,0.121245,0.237951,0.096312,0.275023,0.140012,0.004166
AATAACAACGCTCGGC-1,0.007731,0.000232,0.326584,0.047852,0.040959,0.418488,0.101071,0.021767,0.007982,0.026084,0.00125
AATAACACTAGAACAA-1,0.067394,0.014286,0.004726,0.002106,0.014719,0.175971,0.089883,0.142721,0.443181,0.03761,0.007403
AATAAGTCCTCGAGAC-1,0.000009,0.041604,0.000009,0.000009,0.001448,0.000908,0.01001,0.104786,0.772968,0.067068,0.00118
AATAATCTTCGTATCG-1,0.04488,0.014008,0.221548,0.010223,0.04889,0.341946,0.21522,0.036169,0.035385,0.031719,0.000011
AATACAATGTTTCAGG-1,0.019243,0.009833,0.11941,0.028598,0.028542,0.06463,0.085208,0.019349,0.010858,0.021237,0.593092
AATACCGGAGGGCTGT-1,0.015188,0.02175,0.032715,0.050063,0.056589,0.30449,0.28116,0.059551,0.109057,0.029063,0.040373
AATACCTGATGTGAAC-1,0.052438,0.000045,0.059217,0.004479,0.000045,0.239386,0.371841,0.056609,0.06963,0.146263,0.000045
AATAGAACAGAGTGGC-1,0.000007,0.106079,0.230931,0.01955,0.142853,0.129854,0.240868,0.046198,0.021823,0.051187,0.010652
AATAGAATCTGTTTCA-1,0.033536,0.043378,0.005246,0.106886,0.014263,0.014265,0.048592,0.099206,0.501963,0.12474,0.007922
AATAGCAAGCCTCCTG-1,0.031464,0.037268,0.163393,0.031315,0.006732,0.013232,0.170113,0.104152,0.11625,0.308506,0.017576
AATAGCTACCGCGTGC-1,0.030381,0.266443,0.003065,0.009238,0.009851,0.01276,0.065805,0.111361,0.417305,0.072049,0.001741
AATAGGCACGACCCTT-1,0.083333,0.083333,0.083333,0.083333,0.083333,0.083333,0.166667,0.083333,0.083333,0.083333,0.083333
AATAGTCCGTCCCGAC-1,0.000009,0.031835,0.013499,0.008154,0.042033,0.040644,0.104233,0.21099,0.407765,0.134223,0.006614
AATATCAAGGTCGGAT-1,0.000008,0.185485,0.041055,0.020673,0.287787,0.018548,0.101966,0.088825,0.096483,0.094425,0.064746
AATATCGAATCAATGC-1,0.457213,0.422012,0.000068,0.018619,0.000068,0.000068,0.000136,0.000068,0.069258,0.001951,0.030538
AATATCGAGGGTTCTC-1,0.136224,0.160983,0.20129,0.080586,0.103573,0.036089,0.055557,0.094047,0.013789,0.093977,0.023885
AATATTGGAGTATTGA-1,0.018946,0.025527,0.007731,0.014908,0.169687,0.270933,0.150856,0.108729,0.211236,0.011901,0.009547
AATCAGACTGCAGGAC-1,0.000012,0.012155,0.032241,0.085073,0.130501,0.071874,0.082366,0.139161,0.141139,0.17976,0.125718
AATCAGGTTTCATTTA-1,0.007202,0.010426,0.030283,0.004676,0.055101,0.187111,0.284787,0.133245,0.231759,0.045504,0.009907
AATCCAAGGGCCTGAG-1,0.000006,0.003889,0.341952,0.111456,0.132882,0.130779,0.154362,0.048268,0.013664,0.055189,0.007553
AATCCATGCAAGGGTG-1,0.00001,0.002333,0.028015,0.004509,0.023995,0.112657,0.193635,0.14457,0.410453,0.076833,0.002991
AATCCCGCTCAGAGCC-1,0.003623,0.32452,0.003623,0.003623,0.003623,0.639246,0.007247,0.003623,0.003623,0.003623,0.003623
AATCGAGGTCTCAAGG-1,0.002778,0.002778,0.002778,0.403628,0.002778,0.002778,0.005556,0.002778,0.002778,0.568593,0.002778
AATCGCCTCAGCGCCA-1,0.003707,0.156962,0.071169,0.06669,0.063153,0.015497,0.111667,0.110596,0.181037,0.208706,0.010816
AATCGCGCAGAGGACT-1,0.579674,0.412128,0.000023,0.006753,0.000023,0.000023,0.000047,0.000023,0.001257,0.000023,0.000023
AATCGGGACACTACGA-1,0.000009,0.000863,0.040703,0.019398,0.001569,0.039081,0.096049,0.186948,0.390535,0.168071,0.056775
AATCGTGAGCCGAGCA-1,0.00866,0.002546,0.223374,0.074716,0.029241,0.268698,0.23242,0.062652,0.035838,0.050932,0.010924
AATCTAGGTTTACTTG-1,0.006028,0.005905,0.000013,0.000034,0.046208,0.223067,0.063873,0.092557,0.557895,0.002501,0.001919
AATCTATGCCGGAGCC-1,0.015606,0.003558,0.006558,0.003272,0.002117,0.05175,0.056656,0.272751,0.522474,0.063304,0.001953
AATCTCTACTGTGGTT-1,0.000393,0.000078,0.12549,0.074703,0.04486,0.583384,0.12208,0.01583,0.01082,0.005635,0.016726
AATCTGCGTTGGGACG-1,0.12143,0.060682,0.003411,0.030236,0.046335,0.035737,0.044947,0.06382,0.277378,0.311705,0.00432
AATCTGGCTTTCTAGT-1,0.001469,0.177595,0.011466,0.006719,0.139941,0.225726,0.178503,0.094238,0.152719,0.005921,0.005703
AATCTGGGTAGACCCT-1,0.000008,0.024654,0.093056,0.0332,0.011816,0.024816,0.125356,0.155844,0.17679,0.279009,0.075452
AATGACAGCAATGTCT-1,0.00972,0.01034,0.001201,0.024949,0.046524,0.097572,0.087385,0.191105,0.503274,0.023807,0.004124
AATGACGTAGGATGTC-1,0.014022,0.082872,0.164593,0.046272,0.046201,0.073349,0.206881,0.081135,0.083009,0.171828,0.029838
AATGACTGTCAGCCGG-1,0.113145,0.039643,0.278039,0.085478,0.143465,0.096882,0.112274,0.043782,0.019788,0.048503,0.019001
AATGAGTTCGCATATG-1,0.000445,0.202579,0.00631,0.004877,0.086713,0.035362,0.110656,0.127809,0.388667,0.031043,0.005539
AATGATGATACGCTAT-1,0.625041,0.292427,0.000391,0.000391,0.000391,0.000391,0.000783,0.000391,0.079011,0.000391,0.000391
AATGATGCGACTCCTG-1,0.163331,0.182956,0.000036,0.020648,0.046206,0.010665,0.049982,0.155172,0.297751,0.047352,0.025902
AATGCAACCGGGTACC-1,0.01826,0.040428,0.013712,0.044658,0.059981,0.026178,0.101745,0.162596,0.421812,0.099594,0.011038
AATGCACCAAGCAATG-1,0.20552,0.395583,0.000049,0.060907,0.069664,0.000049,0.003957,0.079976,0.168642,0.014805,0.000848
AATGGCCGCCAATGCG-1,0.010841,0.351825,0.000016,0.000016,0.058999,0.000016,0.00474,0.06073,0.466456,0.029006,0.017354
AATGGTCCACCGTTCA-1,0.000005,0.041747,0.146946,0.006876,0.04752,0.180317,0.305153,0.10063,0.064083,0.072549,0.034171
AATGGTTCTCACAAGC-1,0.000278,0.00176,0.159935,0.034885,0.011628,0.128357,0.198339,0.101983,0.207195,0.150983,0.004659
AATGTATGGCACTGTA-1,0.00002,0.00002,0.00002,0.00002,0.00002,0.063483,0.028534,0.056921,0.848476,0.002465,0.00002
AATGTGCCCGAGGTGT-1,0.000007,0.009942,0.128849,0.01349,0.151131,0.509699,0.127267,0.036141,0.011076,0.00782,0.004578
AATGTGCTAATCTGAG-1,0.009054,0.088472,0.000011,0.002453,0.025727,0.081068,0.062704,0.098631,0.612458,0.011802,0.007621
AATGTTAAGACCCTGA-1,0.000502,0.366952,0.000502,0.335282,0.000502,0.000502,0.282236,0.000502,0.012017,0.000502,0.000502
AATGTTGTCGTGAGAC-1,0.012101,0.013375,0.063194,0.280714,0.016322,0.221174,0.212072,0.053409,0.094867,0.031637,0.001136
AATTAAAGGTCGGCGT-1,0.081674,0.117499,0.087838,0.021795,0.189837,0.101825,0.164405,0.075842,0.098847,0.056667,0.003771
AATTAACGGATTTCCA-1,0.000009,0.030747,0.124595,0.019473,0.021385,0.058074,0.302438,0.107585,0.169888,0.15723,0.008576
AATTACGAGACCCATC-1,0.000026,0.001898,0.000026,0.000026,0.00636,0.101807,0.057584,0.115856,0.712707,0.003685,0.000026
AATTAGCGCTGCAGCG-1,0.000012,0.05375,0.0212,0.018618,0.011781,0.014978,0.102217,0.223898,0.363594,0.172533,0.017419
AATTATACCCAGCAAG-1,0.000916,0.000916,0.000916,0.395879,0.395126,0.200753,0.001832,0.000916,0.000916,0.000916,0.000916
AATTCATAAGGGATCT-1,0.454982,0.346115,0.000292,0.000292,0.196271,0.000292,0.000585,0.000292,0.000292,0.000292,0.000292
AATTCATTGTCATGCA-1,0.00001,0.00001,0.272731,0.01596,0.008088,0.540273,0.121595,0.010259,0.001228,0.01363,0.016216
AATTCCAAGCATGTAC-1,0.005254,0.060994,0.073824,0.009212,0.024063,0.078158,0.186451,0.161866,0.235723,0.152821,0.011633
AATTCGATTCGAGGAT-1,0.000017,0.006858,0.002258,0.055548,0.020759,0.01785,0.062633,0.348599,0.431286,0.046114,0.008077
AATTCTAGAGTTAGGC-1,0.00001,0.018551,0.092968,0.057924,0.083314,0.032017,0.210142,0.102185,0.168242,0.21705,0.017597
AATTGAACGCTCTGGT-1,0.000009,0.246792,0.068937,0.027072,0.076815,0.019526,0.134648,0.163636,0.124053,0.127252,0.011261
AATTGCAGCAATCGAC-1,0.000036,0.058774,0.004343,0.0061,0.001224,0.144938,0.252123,0.119353,0.394455,0.013075,0.00558
AATTGCGTGGATTACA-1,0.000025,0.000025,0.008956,0.000049,0.00941,0.362871,0.140947,0.051459,0.412459,0.010727,0.003072
AATTGTGGTTGCCAAA-1,0.001767,0.000741,0.065235,0.031351,0.00629,0.226478,0.235283,0.208178,0.176114,0.048547,0.000016
AATTTGGGACATAGTA-1,0.056739,0.044197,0.121077,0.2204,0.118875,0.019421,0.070691,0.045047,0.040806,0.168515,0.094232
AATTTGGTTCCAAAGA-1,0.000279,0.094308,0.034182,0.013024,0.062049,0.015331,0.098088,0.196754,0.251057,0.226846,0.008081
ACAAACCATGCGTCCT-1,0.033661,0.047892,0.005397,0.134837,0.057324,0.286576,0.099394,0.05583,0.266517,0.009653,0.002921
ACAAACCGACAAGGCG-1,0.002913,0.000008,0.000008,0.000008,0.000008,0.000008,0.002938,0.046474,0.573749,0.036186,0.3377
ACAAACTCCATCAGAG-1,0.027778,0.027779,0.02778,0.69443,0.027779,0.027779,0.055559,0.027779,0.027779,0.027779,0.027779
ACAAAGCATGACCTAG-1,0.003678,0.004502,0.095907,0.020118,0.038592,0.291987,0.187459,0.109156,0.166752,0.079853,0.001996
ACAAATCGCACCGAAT-1,0.031667,0.037161,0.151614,0.045751,0.039335,0.164833,0.230255,0.114762,0.118817,0.056213,0.009592
ACAAATGGTAGTGTTT-1,0.007279,0.108574,0.325595,0.045868,0.108575,0.058488,0.136996,0.064398,0.021788,0.115978,0.006461
ACAAATTCAGATCTGA-1,0.017304,0.016208,0.169269,0.050875,0.035261,0.027669,0.109973,0.142429,0.113709,0.311217,0.006086
ACAACAGCATGAGCTA-1,0.003175,0.139716,0.36392,0.208753,0.025786,0.016969,0.077436,0.021293,0.006097,0.124355,0.012498
ACAACGGTCCCTGCGA-1,0.000008,0.019121,0.031155,0.082794,0.023651,0.033137,0.178563,0.120737,0.292539,0.1923,0.025997
ACAAGCAGTGCCTAGC-1,0.000009,0.780194,0.002551,0.000024,0.001127,0.003787,0.019411,0.025815,0.100389,0.064148,0.002544
ACAAGGAAATCCGCCC-1,0.00001,0.155293,0.018114,0.074241,0.021804,0.013631,0.095948,0.146478,0.26729,0.198853,0.008338
ACAAGGACAAGAGGTT-1,0.00263,0.000012,0.000012,0.000012,0.000012,0.009916,0.012794,0.056152,0.900407,0.012851,0.0052
ACAAGGATGCTTTAGG-1,0.090465,0.013824,0.045386,0.040611,0.031242,0.19814,0.123967,0.161317,0.212504,0.063008,0.019538
ACAAGGCCTACCAGCC-1,0.032291,0.26436,0.024765,0.008505,0.00616,0.001488,0.038256,0.122395,0.306562,0.175147,0.020072
ACAAGGGCAGGCTCTG-1,0.017463,0.040624,0.047661,0.040391,0.021252,0.035369,0.165115,0.112582,0.349298,0.166256,0.003989
ACAATAGTCGTACGTT-1,0.046166,0.049193,0.015237,0.015102,0.061366,0.373144,0.09293,0.098773,0.227627,0.018672,0.00179
ACAATCCATTTAAACC-1,0.000007,0.000339,0.132579,0.010991,0.011309,0.205676,0.280856,0.106013,0.096924,0.143616,0.011689
ACAATCGATCTTTATA-1,0.000007,0.00496,0.207537,0.027447,0.014025,0.053651,0.202086,0.100074,0.115132,0.260561,0.01452
ACAATGAATACGGAGA-1,0.013815,0.026275,0.004701,0.005736,0.100351,0.212842,0.093391,0.137519,0.392115,0.008614,0.00464
ACAATGATTCTTCTAC-1,0.072413,0.018504,0.063297,0.115002,0.101446,0.050598,0.087873,0.08618,0.148431,0.236043,0.020214
ACAATTTAGGAGGCTC-1,0.014426,0.016181,0.134982,0.031337,0.044288,0.306045,0.281695,0.060557,0.037348,0.051604,0.021537
ACAATTTGAGCAGTGG-1,0.041004,0.087509,0.0541,0.073437,0.041416,0.038802,0.116337,0.090016,0.130915,0.233819,0.092646
ACAATTTGGCCATATT-1,0.59196,0.389693,0.000071,0.000071,0.000071,0.000071,0.000142,0.000071,0.017709,0.000071,0.000071
ACACAAAGACGGGTGG-1,0.028272,0.18244,0.112586,0.04326,0.408032,0.051577,0.054353,0.039912,0.022387,0.054193,0.002988
ACACAAATATTCCTAG-1,0.009834,0.00428,0.051874,0.01301,0.004911,0.132984,0.210472,0.152907,0.355959,0.058267,0.005502
ACACACCAGGACCAGT-1,0.046377,0.064691,0.150699,0.023059,0.033471,0.089082,0.184059,0.092509,0.104524,0.18865,0.02288
ACACACTTTCTACACG-1,0.013764,0.234259,0.160051,0.045221,0.010799,0.067395,0.129605,0.047277,0.042778,0.23844,0.01041
ACACATGATCAAATCT-1,0.017029,0.017739,0.032188,0.171134,0.092978,0.388477,0.142467,0.044257,0.075747,0.011569,0.006415
ACACATTTCCGTAGAC-1,0.001619,0.254048,0.173272,0.044615,0.038328,0.112189,0.138925,0.033204,0.009696,0.185748,0.008356
ACACCACATAATTAGC-1,0.518922,0.070212,0.347764,0.000185,0.000185,0.010632,0.051359,0.000185,0.000185,0.000185,0.000185
ACACCCAGCATGCAGC-1,0.049879,0.015402,0.215383,0.116855,0.060263,0.125366,0.137698,0.088892,0.059742,0.120832,0.009688
ACACCCGAGAAATCCG-1,0.000006,0.227031,0.007911,0.005095,0.26512,0.014223,0.067879,0.131299,0.212475,0.058368,0.010594
ACACCCGTAAATCTGT-1,0.074215,0.273091,0.006534,0.058935,0.039861,0.001214,0.049104,0.179476,0.168918,0.135479,0.013174
ACACCGGTCTGACCGC-1,0.000009,0.12122,0.083768,0.069765,0.14606,0.428481,0.106786,0.02451,0.012261,0.005441,0.001699
ACACCTTAAGTAGGGC-1,0.004662,0.150693,0.005411,0.019944,0.272957,0.025474,0.132334,0.101542,0.206784,0.056561,0.023639
ACACCTTACTACTTGC-1,0.4649,0.127101,0.000071,0.048134,0.000071,0.000071,0.000142,0.000071,0.000071,0.000071,0.359298
ACACGAGACTCCTTCT-1,0.000004,0.014771,0.767286,0.049097,0.024947,0.015049,0.065314,0.006415,0.000683,0.054989,0.001442
ACACGGCACTATGCAT-1,0.00001,0.048941,0.00001,0.003877,0.012741,0.002042,0.029751,0.093577,0.749556,0.054056,0.005438
ACACGGGAACTTAGGG-1,0.020167,0.022548,0.109481,0.036092,0.023045,0.051231,0.148305,0.15121,0.142123,0.264088,0.031711
ACACGTAGGCCACAAG-1,0.022745,0.260544,0.000023,0.000023,0.000023,0.000023,0.000046,0.014225,0.694749,0.005733,0.001865
ACACTCCAATGTCACT-1,0.000011,0.00022,0.005383,0.002567,0.008006,0.046748,0.081302,0.121263,0.70085,0.031767,0.001884
ACACTGATCAAGGTGT-1,0.037226,0.033219,0.264137,0.01384,0.054055,0.218396,0.229051,0.051172,0.037246,0.059412,0.002248
ACACTGGGACAGTCGT-1,0.022202,0.000026,0.065986,0.000026,0.000802,0.193619,0.193464,0.29235,0.164301,0.067198,0.000026
ACAGAACTGAGAACAA-1,0.021593,0.014597,0.019155,0.231022,0.04462,0.265751,0.11828,0.092611,0.150147,0.020583,0.02164
ACAGATTAGGTTAGTG-1,0.000008,0.037327,0.119049,0.024597,0.103478,0.031214,0.158339,0.135413,0.173439,0.20559,0.011547
ACAGCATAGAGCCAGT-1,0.06371,0.007377,0.242117,0.048859,0.011602,0.061549,0.224863,0.086329,0.102349,0.144038,0.007205
ACAGCGCACCCGCAGC-1,0.000009,0.565807,0.000009,0.001348,0.000628,0.001866,0.009602,0.056606,0.30074,0.061812,0.001573
ACAGGCACGGATCCTT-1,0.034299,0.020879,0.070292,0.035452,0.023412,0.191901,0.169507,0.142016,0.247317,0.054976,0.009948
ACAGGCTTGCCCGACT-1,0.041065,0.031192,0.130588,0.10983,0.016942,0.216232,0.174308,0.068963,0.109241,0.04613,0.055508
ACAGGTGGAGGTGAGG-1,0.077354,0.031135,0.000021,0.017867,0.099195,0.049019,0.043219,0.157846,0.484785,0.02361,0.015947
ACAGTAATACAACTTG-1,0.013162,0.008037,0.000587,0.002853,0.055887,0.201769,0.077755,0.078029,0.517676,0.00384,0.040405
ACAGTATACCGTGGGA-1,0.017386,0.000938,0.165869,0.010679,0.022617,0.298488,0.230923,0.092961,0.096585,0.040955,0.022599
ACAGTGCAGCGCATTT-1,0.14188,0.25876,0.072868,0.036502,0.034391,0.017165,0.073281,0.114276,0.082743,0.166321,0.001813
ACATAAGTCGTGGTGA-1,0.023998,0.028708,0.00014,0.004767,0.025421,0.397892,0.04225,0.045772,0.425119,0.002803,0.003129
ACATAATAAGGCGGTG-1,0.000009,0.074467,0.019175,0.035573,0.045436,0.015961,0.130922,0.12597,0.386441,0.160188,0.005858
ACATCAGCTGGGACGC-1,0.047633,0.021142,0.022612,0.014908,0.047528,0.264052,0.122904,0.117762,0.283663,0.030567,0.027227
ACATCCCGGCCATACG-1,0.003822,0.05748,0.325658,0.204802,0.13201,0.043117,0.08814,0.035826,0.014574,0.091436,0.003134
ACATCCTGGTAACTGT-1,0.513619,0.485882,0.00005,0.00005,0.00005,0.00005,0.0001,0.00005,0.00005,0.00005,0.00005
ACATCGATCGTTTACC-1,0.000013,0.011822,0.009137,0.380089,0.016105,0.016026,0.061943,0.123066,0.308015,0.050699,0.023087
ACATCGGTCAGCCGCG-1,0.000008,0.056997,0.174401,0.078073,0.133385,0.16824,0.229188,0.05202,0.029207,0.068698,0.009784
ACATCGTATGCAATGG-1,0.000012,0.170654,0.000994,0.003227,0.029703,0.0037,0.037585,0.136567,0.537229,0.078069,0.00226
ACATCGTTAACCTAGT-1,0.000006,0.100302,0.289936,0.078292,0.032042,0.033985,0.150662,0.044932,0.028101,0.172308,0.069433
ACATCTCAACGCGTAA-1,0.000009,0.052225,0.00009,0.000131,0.000487,0.003986,0.020129,0.055324,0.729937,0.13676,0.000921
ACATGCTTACGGCAGC-1,0.001736,0.001736,0.001736,0.196488,0.001736,0.001736,0.003472,0.215472,0.572414,0.001736,0.001736
ACATGGCGCCAAAGTA-1,0.483085,0.287969,0.000142,0.000142,0.000142,0.000142,0.000284,0.000142,0.227666,0.000142,0.000142
ACATTAGTTTATATCC-1,0.000009,0.092018,0.107598,0.045274,0.112378,0.054196,0.162492,0.142206,0.128194,0.142345,0.013289
ACCAAACACCCAGCGA-1,0.00879,0.079086,0.022448,0.018855,0.092523,0.073395,0.140479,0.150781,0.313556,0.092175,0.007914
ACCAAACTAGAAATCC-1,0.000851,0.025214,0.044446,0.023049,0.009561,0.038766,0.130896,0.134196,0.371557,0.213351,0.008112
