Barcode,Topic 1,Topic 2,Topic 3to6
AAACAACGAATAGTTC-1,0.004917,0.291689,0.703394
AAACAAGTATCTCCCA-1,0.021584,0.74521,0.233206
AAACAATCTACTAGCA-1,0.012572,0.521735,0.465693
AAACACCAATAACTGC-1,0.114531,0.771234,0.114235
AAACAGAGCGACTCCT-1,0.000085,0.692252,0.307663
AAACAGCTTTCAGAAG-1,0.002805,0.136556,0.860639
AAACAGGGTCTATATT-1,0.031686,0.559038,0.409276
AAACAGTGTTCCTGGG-1,0.013422,0.780548,0.20603
AAACATGGTGAGAGGA-1,0.078711,0.720894,0.200395
AAACATTTCCCGGATT-1,0.0033,0.160761,0.83594
AAACCACTACACAGAT-1,0.000805,0.513786,0.485409
AAACCCGAACGAAATC-1,0.000035,0.765003,0.234962
AAACCGGAAATGTTAA-1,0.000606,0.239421,0.759973
AAACCGGGTAGGTACC-1,0.000033,0.366089,0.633877
AAACCGTTCGTCCAGG-1,0.004978,0.599278,0.395744
AAACCTAAGCAGCCGG-1,0.996043,0.000012,0.003945
AAACCTCATGAAGTTG-1,0.06228,0.840431,0.097289
AAACGAAGAACATACC-1,0.005047,0.494802,0.500151
AAACGAAGATGGAGTA-1,0.263203,0.690828,0.04597
AAACGACAGTCTTGCC-1,0.021101,0.160313,0.818586
AAACGAGACGGTTGAT-1,0.000051,0.73756,0.262389
AAACGCCCGAGATCGG-1,0.000067,0.941543,0.05839
AAACGCTGGGCACGAC-1,0.032833,0.141581,0.825587
AAACGGGCGTACGGGT-1,0.720556,0.095713,0.183732
AAACGGGTTGGTATCC-1,0.009372,0.101807,0.888821
AAACGGTTGCGAACTG-1,0.006583,0.334793,0.658624
AAACGTGTTCGCCCTA-1,0.09095,0.526846,0.382204
AAACTAACGTGGCGAC-1,0.000048,0.353033,0.646919
AAACTCGGTTCGCAAT-1,0.045603,0.063605,0.890792
AAACTCGTGATATAAG-1,0.000063,0.606665,0.393272
AAACTGCTGGCTCCAA-1,0.005919,0.591284,0.402797
AAACTTAATTGCACGC-1,0.095748,0.829605,0.074646
AAACTTGCAAACGTAT-1,0.000604,0.610533,0.388863
AAAGAATGACCTTAGA-1,0.130697,0.802034,0.067269
AAAGAATGTGGACTAA-1,0.687005,0.197323,0.115673
AAAGACATGAAGTTTA-1,0.000024,0.516119,0.483857
AAAGACCCAAGTCGCG-1,0.003395,0.18144,0.815165
AAAGACTGGGCGCTTT-1,0.000047,0.475638,0.524315
AAAGCTTGCCTACATA-1,0.008831,0.369233,0.621936
AAAGGCCCTATAATAC-1,0.109019,0.881354,0.009627
AAAGGCTACGGACCAT-1,0.000019,0.168591,0.83139
AAAGGCTCTCGCGCCG-1,0.024219,0.119596,0.856185
AAAGGGATGTAGCAAG-1,0.011348,0.107115,0.881537
AAAGGGCAGCTTGAAT-1,0.000036,0.739717,0.260247
AAAGGTAAGCTGTACC-1,0.000049,0.487089,0.512862
AAAGGTCAACGACATG-1,0.006031,0.737677,0.256293
AAAGTAGCATTGCTCA-1,0.001651,0.464773,0.533576
AAAGTCACTGATGTAA-1,0.000028,0.684766,0.315206
AAAGTCGACCCTCAGT-1,0.007327,0.543597,0.449076
AAAGTGCCATCAATTA-1,0.000036,0.492085,0.507878
AAAGTGTGATTTATCT-1,0.000048,0.563167,0.436785
AAAGTTGACTCCCGTA-1,0.016521,0.06029,0.92319
AAATAACCATACGGGA-1,0.022537,0.559991,0.417472
AAATAAGGTAGTGCCC-1,0.042063,0.496942,0.460995
AAATACCTATAAGCAT-1,0.000359,0.355135,0.644507
AAATAGCTTAGACTTT-1,0.000052,0.876039,0.123909
AAATAGGGTGCTATTG-1,0.000031,0.218728,0.781241
AAATCACTCCTAAACG-1,0.000347,0.443502,0.556151
AAATCCGATACACGCC-1,0.999947,0.000011,0.000042
AAATCGCGGAAGGAGT-1,0.000437,0.444213,0.555351
AAATCGTGTACCACAA-1,0.000505,0.243488,0.756007
AAATCTAGCCCTGCTA-1,0.003476,0.702491,0.294033
AAATCTGCCCGCGTCC-1,0.119504,0.76272,0.117776
AAATGACTGATCAAAC-1,0.120993,0.510845,0.368162
AAATGATTCGATCAGC-1,0.006642,0.433781,0.559577
AAATGCTCGTTACGTT-1,0.022277,0.483618,0.494105
AAATGGCATGTCTTGT-1,0.016398,0.512382,0.471219
AAATGGCCCGTGCCCT-1,0.025134,0.951762,0.023104
AAATGGTCAATGTGCC-1,0.019582,0.092738,0.88768
AAATGTATCTTATCCC-1,0.274476,0.392536,0.332988
AAATGTGGGTGCTCCT-1,0.000438,0.556672,0.44289
AAATTAACGGGTAGCT-1,0.025707,0.128407,0.845886
AAATTAATAAGCGCGA-1,0.00928,0.573126,0.417594
AAATTACACGACTCTG-1,0.000119,0.571075,0.428806
AAATTACCTATCGATG-1,0.000043,0.029829,0.970128
AAATTCCAGGTCCAAA-1,0.00005,0.50172,0.49823
AAATTGATAGTCCTTT-1,0.049933,0.614523,0.335544
AAATTGCGGCGGTTCT-1,0.010627,0.604507,0.384866
AAATTGGTGAGAAGCA-1,0.023524,0.976288,0.000188
AAATTTACCGAAATCC-1,0.015042,0.460576,0.524382
AAATTTGCGGGTGTGG-1,0.004251,0.453875,0.541873
AACAACTGGTAGTTGC-1,0.000026,0.406842,0.593132
AACAATACATTGTCGA-1,0.000024,0.154511,0.845466
AACAATTACTCTACGC-1,0.000032,0.739852,0.260117
AACACGACTGTACTGA-1,0.022408,0.449918,0.527673
AACACGAGACGCGGCC-1,0.000032,0.325747,0.674221
AACACGCGGCCGCGAA-1,0.00484,0.157472,0.837688
AACAGCTGTGTGGCAA-1,0.001878,0.003438,0.994684
AACAGGAAATCGAATA-1,0.030719,0.526829,0.442452
AACAGGATGGGCCGCG-1,0.000109,0.430083,0.569807
AACAGGTAGTATGGAT-1,0.002212,0.5881,0.409688
AACATAGCGTGTATCG-1,0.455065,0.130622,0.414313
AACATATCAACTGGTG-1,0.000057,0.45777,0.542173
AACATCGATACGTCTA-1,0.000069,0.046208,0.953723
AACATTGAAGTTGATC-1,0.059249,0.454498,0.486253
AACATTGGTCAGCCGT-1,0.000602,0.109448,0.88995
AACATTGTGACTCGAG-1,0.000018,0.200172,0.79981
AACCAAGACTTCTCTG-1,0.002431,0.166858,0.830711
AACCAGTATCACTCTT-1,0.009212,0.320721,0.670066
AACCATAGGGTTGAAC-1,0.131866,0.642625,0.225508
AACCATGGGATCGCTA-1,0.000028,0.201255,0.798717
AACCCAGAGACGGAGA-1,0.015453,0.387539,0.597008
AACCCATCCCATGATC-1,0.040999,0.36438,0.594621
AACCCGACAACCCGTG-1,0.000036,0.227021,0.772943
AACCCGAGCAGAATCG-1,0.00004,0.599773,0.400186
AACCCGATAGGGCTTC-1,0.000048,0.962005,0.037947
AACCCGCTGTATTCCA-1,0.115905,0.379347,0.504749
AACCCTACTGTCAATA-1,0.014845,0.628374,0.356782
AACCCTGGTGGAACCA-1,0.047253,0.644449,0.308298
AACCGAGCTTGGTCAT-1,0.021575,0.711945,0.266481
AACCGCTAAGGGATGC-1,0.001254,0.371613,0.627133
AACCGTTGTGTTTGCT-1,0.005877,0.457288,0.536835
AACCTAAAGCCGTCCG-1,0.000037,0.745756,0.254208
AACCTCGCTTTAGCCC-1,0.494366,0.303742,0.201892
AACCTGTCACGGAATT-1,0.000065,0.999678,0.000258
AACCTTTAAATACGGT-1,0.02026,0.304824,0.674917
AACCTTTACGACGTCT-1,0.013331,0.693786,0.292883
AACGAAAGTCGTCCCA-1,0.084305,0.775283,0.140413
AACGACCTCCTAGCCG-1,0.102685,0.619917,0.277397
AACGATAATGCCGTAG-1,0.068058,0.669711,0.262231
AACGATAGAAGGGCCG-1,0.022821,0.385241,0.591939
AACGATATGTCAACTG-1,0.000028,0.086575,0.913397
AACGCATGATCTGGGT-1,0.031584,0.551175,0.417241
AACGCGAACGGCAACA-1,0.033871,0.776259,0.18987
AACGCGACCTTGGGCG-1,0.003479,0.520808,0.475714
AACGCGGTCTCCAGCC-1,0.024472,0.759849,0.21568
AACGCTGTTGCTGAAA-1,0.000041,0.381483,0.618476
AACGGCCATCTCCGGT-1,0.003776,0.534798,0.461427
AACGTACTGTGGGTAC-1,0.017815,0.795504,0.186681
AACGTAGTCTACCCAT-1,0.032005,0.797484,0.170511
AACGTCAGACTAGTGG-1,0.000026,0.3051,0.694875
AACGTCATCCGGCTTG-1,0.143776,0.436725,0.419499
AACGTCGCTGCACTTC-1,0.658679,0.175358,0.165963
AACGTGATGAAGGACA-1,0.016422,0.607507,0.376071
AACGTGCGAAAGTCTC-1,0.039516,0.474952,0.485532
AACGTTATCAGCACCT-1,0.031296,0.482068,0.486636
AACTACCCGTTTGTCA-1,0.000052,0.938587,0.06136
AACTAGCGTATCGCAC-1,0.001776,0.098742,0.899482
AACTAGGCTTGGGTGT-1,0.000058,0.840155,0.159787
AACTCAAGTTAATTGC-1,0.002579,0.710072,0.287349
AACTCCAGAGCGTGTT-1,0.003735,0.379418,0.616847
AACTCCTAATCCCATG-1,0.000046,0.901861,0.098093
AACTCGATAAACACGT-1,0.025406,0.542835,0.431759
AACTCGATGGCGCAGT-1,0.026853,0.296493,0.676654
AACTCTCAATAGAGCG-1,0.006101,0.205529,0.78837
AACTCTCAGTGTGCTC-1,0.014184,0.751207,0.234609
AACTGAGGTCAGCGTC-1,0.00003,0.083954,0.916016
AACTGAGTTATACTGA-1,0.000029,0.168724,0.831246
AACTGATATTAGGCCT-1,0.006944,0.256446,0.73661
AACTGGGTCCCGACGT-1,0.025189,0.318195,0.656616
AACTGGGTTCGAGCCG-1,0.02746,0.297097,0.675444
AACTGGTGTGGGCCTT-1,0.012034,0.622975,0.364991
AACTTCTGCGTCTATC-1,0.00928,0.529766,0.460954
AACTTGCCCGTATGCA-1,0.000032,0.731488,0.268479
AACTTGCGTTCTCGCG-1,0.01776,0.444932,0.537308
AACTTTACGGGAGCTT-1,0.000046,0.958808,0.041145
AACTTTAGCTGCTGAG-1,0.000022,0.378683,0.621296
AACTTTCTCGATCATG-1,0.000083,0.623379,0.376537
AAGAAAGTTTGATGGG-1,0.053531,0.484847,0.461622
AAGAAATCACCAGATT-1,0.022867,0.737364,0.239769
AAGAAGGATCAGTTAG-1,0.000016,0.04758,0.952404
AAGACATACGTGGTTT-1,0.00009,0.767921,0.231989
AAGACCAAATAACTCA-1,0.142792,0.699784,0.157424
AAGACCCAACTGAACA-1,0.000018,0.128223,0.871758
AAGACTAACCCGTTGT-1,0.015813,0.260116,0.724072
AAGACTCACGCCCACT-1,0.010528,0.592648,0.396825
AAGACTGCAAGCTACT-1,0.00003,0.00144,0.99853
AAGAGATGAATCGGTA-1,0.01189,0.045691,0.942419
AAGAGCTCTTTATCGG-1,0.012064,0.434838,0.553098
AAGAGGATGTACGCGA-1,0.053089,0.311853,0.635058
AAGAGGCATGGATCGC-1,0.002351,0.225919,0.77173
AAGAGGCCCTTTGGAA-1,0.00487,0.770554,0.224576
AAGATGGCACCGGACC-1,0.007073,0.650375,0.342552
AAGATTGGCGGAACGT-1,0.010974,0.013109,0.975917
AAGCACCCTGCGTATC-1,0.024781,0.416784,0.558436
AAGCATACTCTCCTGA-1,0.032973,0.526323,0.440704
AAGCCACTTGCAGGTA-1,0.095344,0.775365,0.129291
AAGCCGAAGCGGTTTA-1,0.011643,0.077747,0.91061
AAGCCGCCGTGAAATC-1,0.142672,0.5477,0.309628
AAGCCGCTTTACCTTG-1,0.000039,0.621078,0.378883
AAGCCGGAGAGCAGGA-1,0.000044,0.390622,0.609334
AAGCGCAGGGCTTTGA-1,0.187935,0.113252,0.698812
AAGCGGAGTGCGCGCA-1,0.025761,0.224716,0.749523
AAGCGGCGTCATGGGT-1,0.000116,0.978812,0.021072
AAGCGTCCCTCATCGA-1,0.009587,0.748521,0.241892
AAGCTAGATCGAGTAA-1,0.000244,0.237333,0.762423
AAGCTATGGATTGACC-1,0.031567,0.409105,0.559328
AAGCTCGTGCCAAGTC-1,0.03891,0.415986,0.545104
AAGCTCTTTCATGGTG-1,0.071344,0.420382,0.508273
AAGGAGAACTTATAAG-1,0.028769,0.529128,0.442104
AAGGAGCGGTTGGTGC-1,0.0009,0.339532,0.659569
AAGGATCGATCGCTTG-1,0.024436,0.618908,0.356656
AAGGATGAGGGACCTC-1,0.000033,0.151533,0.848434
AAGGCAGGCTGTCTCC-1,0.01608,0.813351,0.170569
AAGGCGCGTAAAGCTT-1,0.000025,0.578367,0.421607
AAGGCTGTGCTCATCG-1,0.017127,0.323479,0.659394
AAGGGAACGACTGGCT-1,0.301523,0.693523,0.004954
AAGGGACAGATTCTGT-1,0.000086,0.40628,0.593634
AAGGGACTATGCATTC-1,0.019717,0.369167,0.611116
AAGGGTTAGCCATGCG-1,0.840234,0.131351,0.028415
AAGGGTTTGATTTCAG-1,0.220929,0.588938,0.190133
AAGGTATCCTAATATA-1,0.007853,0.501041,0.491106
AAGGTGATAAACCAGC-1,0.00188,0.34186,0.656261
AAGTAAGCTTCCAAAC-1,0.00497,0.71415,0.28088
AAGTAGAAGACCGGGT-1,0.007688,0.056237,0.936075
AAGTAGTGACGCGAGG-1,0.033777,0.560378,0.405846
AAGTCAATTGTCGTCA-1,0.000036,0.235543,0.764421
AAGTCTAGTAGCTGCC-1,0.025493,0.426215,0.548291
AAGTCTTCTGTGGCCT-1,0.205329,0.660572,0.134098
AAGTGACGACCGAATT-1,0.033574,0.736382,0.230044
AAGTGAGTCGGGTTTA-1,0.021408,0.199618,0.778974
AAGTGCAAAGGTAGAC-1,0.029713,0.347788,0.622499
AAGTGCCTTGACTGTA-1,0.000086,0.598895,0.401019
AAGTGCGTTAGAATCT-1,0.005279,0.213476,0.781245
AAGTGCTTCTCTATTG-1,0.151828,0.606265,0.241907
AAGTGTTTGGAGACGG-1,0.024034,0.761883,0.214082
AAGTTCACTCCAAGCT-1,0.026918,0.438014,0.535069
AAGTTCAGTCTGCGTA-1,0.014162,0.855792,0.130046
AAGTTCGGCCAACAGG-1,0.007911,0.372093,0.619996
AAGTTGTGATGTTATA-1,0.039076,0.675819,0.285105
AAGTTTACTAATGGCA-1,0.032419,0.300779,0.666803
AAGTTTATGGGCCCAA-1,0.060342,0.150645,0.789012
AATAACAACGCTCGGC-1,0.000022,0.083629,0.916349
AATAACACTAGAACAA-1,0.002075,0.001014,0.996911
AATAACGTCGCGCCCA-1,0.999933,0.000013,0.000054
AATAAGTCCTCGAGAC-1,0.000031,0.357342,0.642627
AATAATCTTCGTATCG-1,0.000037,0.864803,0.13516
AATACAATGTTTCAGG-1,0.009961,0.055256,0.934783
AATACCGGAGGGCTGT-1,0.042293,0.545141,0.412565
AATAGAACAGAGTGGC-1,0.011023,0.588098,0.400878
AATAGAATCTGTTTCA-1,0.000257,0.178696,0.821047
AATAGCAAGCCTCCTG-1,0.000065,0.688563,0.311372
AATAGCTACCGCGTGC-1,0.000063,0.905901,0.094036
AATAGGCACGACCCTT-1,0.178305,0.629042,0.192652
AATAGTCCGTCCCGAC-1,0.002024,0.260141,0.737835
AATAGTCGCGAGTCGG-1,0.00384,0.575027,0.421134
AATATCAAGGTCGGAT-1,0.000022,0.525287,0.474691
AATATCCTAGCAAACT-1,0.189844,0.807324,0.002831
AATATCGAATCAATGC-1,0.00236,0.749827,0.247813
AATATCGAGGGTTCTC-1,0.007871,0.098088,0.894041
AATATTGGAGTATTGA-1,0.000058,0.463988,0.535954
AATCAGACTGCAGGAC-1,0.013494,0.411698,0.574809
AATCAGGTTTCATTTA-1,0.222052,0.646182,0.131767
AATCATGTAAAGACTC-1,0.000039,0.410273,0.589689
AATCCAAGGGCCTGAG-1,0.072359,0.468432,0.459209
AATCCATGCAAGGGTG-1,0.008042,0.44825,0.543708
AATCCCGCTCAGAGCC-1,0.208241,0.5596,0.232159
AATCGAGGTCTCAAGG-1,0.234503,0.213061,0.552436
AATCGCCTCAGCGCCA-1,0.006882,0.57784,0.415278
AATCGCGCAGAGGACT-1,0.000042,0.493012,0.506946
AATCGGGACACTACGA-1,0.025353,0.504915,0.469732
AATCGGTATAGCCCTC-1,0.256747,0.456467,0.286786
AATCGTGAGCCGAGCA-1,0.911431,0.031415,0.057154
AATCTAGGTTTACTTG-1,0.001918,0.653569,0.344513
AATCTATGCCGGAGCC-1,0.000094,0.575225,0.424681
AATCTCTACTGTGGTT-1,0.029923,0.558924,0.411153
AATCTGCGTTGGGACG-1,0.008377,0.095743,0.89588
AATCTGGCTTTCTAGT-1,0.064038,0.676991,0.258971
AATCTGGGTAGACCCT-1,0.000044,0.928271,0.071685
AATGACAGCAATGTCT-1,0.008399,0.359012,0.632589
AATGACGTAGGATGTC-1,0.023298,0.329937,0.646765
AATGACTGTCAGCCGG-1,0.000195,0.699039,0.300766
AATGAGTTCGCATATG-1,0.000014,0.000014,0.999972
AATGATGATACGCTAT-1,0.007138,0.216101,0.77676
AATGATGCGACTCCTG-1,0.000075,0.726944,0.272981
AATGCAACCGGGTACC-1,0.001807,0.44847,0.549723
AATGCACCAAGCAATG-1,0.007291,0.547897,0.444812
AATGGCCGCCAATGCG-1,0.000034,0.872102,0.127864
AATGGTCCACCGTTCA-1,0.00009,0.340143,0.659767
AATGGTTCTCACAAGC-1,0.004174,0.186002,0.809825
AATGTATGGCACTGTA-1,0.079889,0.803919,0.116192
AATGTGCCCGAGGTGT-1,0.027499,0.500578,0.471923
AATGTGCTAATCTGAG-1,0.034886,0.647671,0.317443
AATGTTAAGACCCTGA-1,0.474912,0.331949,0.193139
AATGTTGTCGTGAGAC-1,0.03342,0.909132,0.057448
AATTAAAGGTCGGCGT-1,0.002042,0.59466,0.403298
AATTAACGGATTTCCA-1,0.024678,0.263216,0.712106
AATTACGAGACCCATC-1,0.067986,0.613051,0.318963
AATTACTCGTACGCTC-1,0.002301,0.541122,0.456577
AATTAGCGCTGCAGCG-1,0.007444,0.235416,0.75714
AATTATACCCAGCAAG-1,0.775008,0.000027,0.224965
AATTCATAAGGGATCT-1,0.000036,0.514138,0.485825
AATTCATTGTCATGCA-1,0.156298,0.762203,0.081498
AATTCCAACTTGGTGA-1,0.012326,0.425701,0.561973
AATTCCAAGCATGTAC-1,0.018065,0.622607,0.359328
AATTCGATTCGAGGAT-1,0.549756,0.17531,0.274934
AATTCTAGAGTTAGGC-1,0.0005,0.252381,0.747119
AATTGAACGCTCTGGT-1,0.000041,0.846896,0.153063
AATTGCAGCAATCGAC-1,0.02549,0.534892,0.439618
AATTGCGTGGATTACA-1,0.139717,0.658681,0.201602
AATTGTGGTTGCCAAA-1,0.000043,0.184433,0.815524
AATTTGGGACATAGTA-1,0.000097,0.76646,0.233443
AATTTGGTTCCAAAGA-1,0.002399,0.493463,0.504139
ACAAACCATGCGTCCT-1,0.096866,0.46511,0.438023
ACAAACCGACAAGGCG-1,0.000495,0.284005,0.715499
ACAAACTCCATCAGAG-1,0.115578,0.804397,0.080025
ACAAAGAAGGTAGGCC-1,0.002765,0.986187,0.011048
ACAAAGCATGACCTAG-1,0.002463,0.422655,0.574882
ACAAATCGCACCGAAT-1,0.010205,0.258416,0.73138
ACAAATGGTAGTGTTT-1,0.000048,0.604494,0.395458
ACAAATTCAGATCTGA-1,0.000071,0.956743,0.043186
ACAACAGCATGAGCTA-1,0.00003,0.628721,0.371249
ACAACGGTCCCTGCGA-1,0.015995,0.344215,0.63979
ACAAGCAGTGCCTAGC-1,0.000027,0.57458,0.425393
ACAAGCTATATGGAAG-1,0.042125,0.837466,0.120409
ACAAGGAAATCCGCCC-1,0.041685,0.527948,0.430366
ACAAGGACAAGAGGTT-1,0.000462,0.193343,0.806195
ACAAGGATGCTTTAGG-1,0.016185,0.253118,0.730696
ACAAGGCCTACCAGCC-1,0.000094,0.982867,0.017038
ACAAGGGCAGGCTCTG-1,0.027312,0.486763,0.485925
ACAAGTAATTGTAAGG-1,0.103639,0.692843,0.203518
ACAATAGTCGTACGTT-1,0.028447,0.75191,0.219644
ACAATCCATTTAAACC-1,0.005028,0.379272,0.6157
ACAATCGATCTTTATA-1,0.003705,0.26066,0.735635
ACAATGAATACGGAGA-1,0.000805,0.316439,0.682756
ACAATGATTCTTCTAC-1,0.000038,0.473271,0.526691
ACAATTGTGTCTCTTT-1,0.000027,0.150898,0.849076
ACAATTTAGGAGGCTC-1,0.000027,0.353747,0.646226
ACAATTTGAGCAGTGG-1,0.024254,0.92197,0.053776
ACAATTTGGCCATATT-1,0.000944,0.478079,0.520977
ACACAAAGACGGGTGG-1,0.000035,0.545397,0.454568
ACACAAATATTCCTAG-1,0.000025,0.310497,0.689478
ACACACCAGGACCAGT-1,0.006967,0.254546,0.738488
ACACACTTTCTACACG-1,0.017194,0.225042,0.757763
ACACATGATCAAATCT-1,0.156121,0.656772,0.187107
ACACATTGACGCAACA-1,0.004013,0.452555,0.543431
ACACATTTCCGTAGAC-1,0.148453,0.224717,0.62683
ACACCACATAATTAGC-1,0.072283,0.743826,0.183891
ACACCCAGCATGCAGC-1,0.000025,0.357364,0.642611
ACACCCGAGAAATCCG-1,0.000021,0.123961,0.876017
ACACCCGTAAATCTGT-1,0.006777,0.324482,0.66874
ACACCGAGCGCTCTTT-1,0.033683,0.60699,0.359328
ACACCGGTCTGACCGC-1,0.085276,0.863707,0.051017
ACACCTTAAGTAGGGC-1,0.004992,0.301555,0.693453
ACACCTTACTACTTGC-1,0.000064,0.713999,0.285937
ACACGAGACTCCTTCT-1,0.001159,0.506112,0.492729
ACACGGCACTATGCAT-1,0.00004,0.971747,0.028212
ACACGGGAACTTAGGG-1,0.000072,0.948831,0.051097
ACACGTAGGCCACAAG-1,0.000038,0.19425,0.805712
ACACTCCAATGTCACT-1,0.00425,0.181742,0.814008
ACACTGGGACAGTCGT-1,0.000026,0.091472,0.908502
ACAGAACTGAGAACAA-1,0.000031,0.252253,0.747716
ACAGATTAGGTTAGTG-1,0.000045,0.835688,0.164267
ACAGCATAGAGCCAGT-1,0.006962,0.658609,0.334428
ACAGCGACATTCTCAT-1,0.008188,0.304112,0.6877
ACAGCGCACCCGCAGC-1,0.023816,0.459826,0.516358
ACAGGAGGCGCAGCCG-1,0.000032,0.74694,0.253028
ACAGGCACGGATCCTT-1,0.780093,0.134874,0.085033
ACAGGCTTGCCCGACT-1,0.01619,0.325718,0.658092
ACAGGTGGAGGTGAGG-1,0.015734,0.252589,0.731678
ACAGGTGTGTTGTTGC-1,0.000592,0.819515,0.179893
ACAGTAATACAACTTG-1,0.043633,0.81324,0.143126
ACAGTATACCGTGGGA-1,0.000028,0.714066,0.285905
ACAGTGCAGCGCATTT-1,0.020961,0.233165,0.745875
ACATAAGTCGTGGTGA-1,0.189852,0.566906,0.243242
ACATAATAAGGCGGTG-1,0.066103,0.684214,0.249683
ACATACAATCAAGCGG-1,0.94667,0.052333,0.000997
ACATCAGCTGGGACGC-1,0.000033,0.313867,0.6861
ACATCCCGGCCATACG-1,0.003625,0.320533,0.675842
ACATCCTGGTAACTGT-1,0.000032,0.377294,0.622675
ACATCGATCGTTTACC-1,0.042006,0.417515,0.540478
ACATCGCAATATTCGG-1,0.064407,0.806615,0.128978
ACATCGGTCAGCCGCG-1,0.000046,0.649083,0.350871
ACATCGTATGCAATGG-1,0.000151,0.002423,0.997426
ACATCGTTAACCTAGT-1,0.000138,0.725843,0.274019
ACATCTCAACGCGTAA-1,0.000037,0.829704,0.170259
ACATGCTTACGGCAGC-1,0.117303,0.80259,0.080107
ACATGGCGCCAAAGTA-1,0.003692,0.421907,0.574401
ACATGGCTCAATTTAG-1,0.007342,0.243288,0.74937
ACATTAGTTTATATCC-1,0.003417,0.042787,0.953796
ACATTCGCGCGGAATA-1,0.097255,0.214995,0.68775
ACCAAACACCCAGCGA-1,0.000031,0.473261,0.526708
ACCAAACTAGAAATCC-1,0.000284,0.122358,0.877358
ACCAACACCACACACT-1,0.010012,0.41337,0.576618
ACCAACCGCACTCCAC-1,0.017577,0.660718,0.321705
ACCAACGCTTATTTAT-1,0.002433,0.272325,0.725241
ACCAAGAACGCGTGTC-1,0.001337,0.597107,0.401555
ACCAAGTCATCGGCAG-1,0.785527,0.000024,0.214449
ACCAATATGCAAGTTA-1,0.010055,0.266245,0.7237
ACCACAACTCAGAACA-1,0.000025,0.619492,0.380483
ACCACAAGTTTCTATC-1,0.022716,0.470111,0.507173
ACCACACGGTTGATGG-1,0.254763,0.181227,0.564011
ACCACCAATGTAACAA-1,0.000048,0.983802,0.01615
ACCACCCTCTCTTCTA-1,0.000039,0.909565,0.090396
ACCACGTGCAGCTATA-1,0.018515,0.372228,0.609257
ACCACTGTTCAAGAAG-1,0.006703,0.485286,0.508011
ACCAGACCATAACAAC-1,0.014568,0.645393,0.340039
ACCAGGAGTGTGATCT-1,0.019209,0.286026,0.694765
ACCAGTGCCCGGTCAA-1,0.00006,0.969356,0.030584
ACCAGTGCGGGAGACG-1,0.041671,0.440767,0.517562
ACCATATCCGCAATAA-1,0.017569,0.475472,0.506959
ACCATCCGCCAACTAG-1,0.062203,0.749196,0.188602
ACCATCGTATATGGTA-1,0.000068,0.559171,0.440761
ACCATTAAGGGTGTCA-1,0.000018,0.015006,0.984975
ACCCAACGCCCGTGGC-1,0.000037,0.288094,0.711869
ACCCACCTACATGCTC-1,0.029703,0.747403,0.222895
ACCCATCTTGAGGGTA-1,0.044221,0.61559,0.340189
ACCCATTTGTCCCTCT-1,0.021807,0.229036,0.749157
ACCCGAGCGAAATTAC-1,0.000139,0.876001,0.123861
ACCCGATTGGTTCCGA-1,0.000733,0.870936,0.12833
ACCCGGAAACTCCCAG-1,0.043081,0.236651,0.720268
ACCCGGAGCACCACAA-1,0.00002,0.031409,0.968571
ACCCGGATGACGCATC-1,0.025363,0.247517,0.72712
ACCCGGTTACACTTCC-1,0.025205,0.487775,0.48702
ACCCGTAGCAGAGAAT-1,0.112348,0.843571,0.044081
ACCCGTAGTCTAGTTG-1,0.06298,0.40081,0.53621
ACCCGTGTCATCAGTA-1,0.009898,0.050376,0.939726
ACCCTATAGGACTGAG-1,0.002336,0.135059,0.862605
ACCCTATGCCATATCG-1,0.000849,0.536387,0.462765
ACCCTCCCGTCAGGGC-1,0.803197,0.088371,0.108432
ACCCTCCCTTGCTATT-1,0.017476,0.293564,0.688961
ACCCTGGTAACGCCCT-1,0.003464,0.742854,0.253682
ACCCTTCATCTGCGAA-1,0.022743,0.292958,0.684299
ACCCTTGCCTGGGTCG-1,0.000039,0.918076,0.081885
ACCCTTTAGTTCTCCA-1,0.000059,0.492756,0.507185
ACCGAAAGGGCCCTGC-1,0.000019,0.39779,0.602191
ACCGAAGAGTCTGGTT-1,0.0007,0.420162,0.579139
ACCGACACATCTCCCA-1,0.024181,0.005567,0.970252
ACCGACTGAGTCCCAC-1,0.013673,0.217379,0.768948
ACCGAGTCTCCTTATT-1,0.742297,0.030292,0.22741
ACCGATAGGCATAACC-1,0.000028,0.529669,0.470303
ACCGATATTTAATCAT-1,0.007532,0.430828,0.56164
ACCGATGGTAGCATCG-1,0.00005,0.315315,0.684635
ACCGCAATAACTGCCT-1,0.016796,0.683739,0.299465
ACCGCGGTGGAAGTCG-1,0.000049,0.519131,0.48082
ACCGCTAGTCATTGGT-1,0.082235,0.801405,0.11636
ACCGGGCCTTTGTTGA-1,0.00008,0.471,0.52892
ACCGGTCAGGTACACC-1,0.000721,0.846658,0.152621
ACCGGTCTGAGTACGG-1,0.004132,0.518304,0.477564
ACCGTCCACTGGGCCC-1,0.069729,0.476731,0.45354
ACCGTGACCACGTGGG-1,0.002568,0.162733,0.834699
ACCGTTCCCGCTCTGA-1,0.000032,0.34769,0.652278
ACCTAAGTACCTTTCA-1,0.006496,0.514676,0.478828
ACCTAATCGACTTCCT-1,0.023898,0.420387,0.555715
ACCTACAGTATGTGGT-1,0.000065,0.879893,0.120041
ACCTACTATAAATCTA-1,0.053994,0.596273,0.349733
ACCTCAGCGAGGCGCA-1,0.931422,0.068382,0.000196
ACCTCCGCCCTCGCTG-1,0.000039,0.134008,0.865953
ACCTCCGTTATTCACC-1,0.000075,0.964275,0.03565
ACCTCGAACTTATGCT-1,0.000912,0.767958,0.23113
ACCTGCGTGTCATGTT-1,0.020311,0.17974,0.799949
ACCTTTCCTTTAGAAG-1,0.005997,0.384108,0.609895
ACGAAATGGGCGGCAC-1,0.003684,0.76511,0.231206
ACGACCCATGAGTTGC-1,0.000043,0.723562,0.276395
ACGACTCTAGGGCCGA-1,0.727411,0.107235,0.165354
ACGACTGGTCATACTC-1,0.00014,0.738875,0.260984
ACGAGAACCCATCACG-1,0.002594,0.11524,0.882166
ACGAGATATTTGCTTA-1,0.00307,0.938558,0.058372
ACGAGGATACCACTCT-1,0.000201,0.828769,0.17103
ACGAGGTTTACAACGT-1,0.147699,0.848063,0.004237
ACGAGTACGGATGCCC-1,0.022164,0.627171,0.350665
ACGAGTCGCCGGCGTT-1,0.000041,0.768696,0.231264
ACGATACATAGAACTA-1,0.012809,0.18794,0.799251
ACGATACCTATCCTGA-1,0.001005,0.994981,0.004014
ACGATCATACATAGAG-1,0.021292,0.408507,0.570201
ACGATCATCTTGTAAA-1,0.052234,0.508096,0.43967
ACGATGCATATGTTAT-1,0.035188,0.546663,0.41815
ACGATGGATCCGATGC-1,0.000047,0.992207,0.007746
ACGCAAACTAATAGAT-1,0.000021,0.253207,0.746773
ACGCAATCACTACAGC-1,0.000061,0.529039,0.4709
ACGCATAAATGACATG-1,0.000067,0.999664,0.000269
ACGCATACGTTTACTA-1,0.032475,0.533861,0.433664
ACGCATTCGTGAGTAC-1,0.000593,0.0685,0.930907
ACGCCACTCGAAACAG-1,0.169591,0.352685,0.477724
ACGCCAGATGATTTCT-1,0.005744,0.334835,0.659421
ACGCCGCTAGACGACC-1,0.005933,0.408819,0.585248
ACGCCTGACACGCGCT-1,0.000023,0.517237,0.48274
ACGCGAAGTCAGACGA-1,0.002385,0.489908,0.507707
ACGCGCTACACAGGGT-1,0.023457,0.680059,0.296483
ACGCGGGCCAAGGACA-1,0.000352,0.42156,0.578087
ACGCGTTTCTTAAGAG-1,0.000019,0.091842,0.908139
ACGCTACTGAATGGGC-1,0.985777,0.000012,0.01421
ACGCTAGTATCAGTGC-1,0.000031,0.389268,0.610701
ACGCTAGTGATACACT-1,0.000099,0.142542,0.85736
ACGCTGTGAGGCGTAG-1,0.009858,0.308824,0.681318
ACGCTTAGTGTCTCTC-1,0.000026,0.395884,0.60409
ACGGAATTTAGCAAAT-1,0.007819,0.020609,0.971571
ACGGACGCAGCGACAA-1,0.144495,0.751404,0.104101
ACGGACTCTCAAAGCG-1,0.068123,0.299975,0.631901
ACGGAGCGCAAATTAC-1,0.000086,0.923748,0.076167
ACGGATGGTGCGGATA-1,0.020181,0.281802,0.698017
ACGGCACTTGCTTGGG-1,0.000046,0.718615,0.281339
ACGGCCAACATGGACT-1,0.021967,0.785786,0.192246
ACGGCGACGATGGGAA-1,0.012794,0.579158,0.408048
ACGGCGGGTTGCCCTG-1,0.000028,0.545445,0.454527
ACGGCTGGATGTAGAA-1,0.035383,0.42759,0.537027
ACGGGAGTGTCGGCCC-1,0.000052,0.46261,0.537338
ACGGGCGTATGCGACA-1,0.002519,0.95694,0.040541
ACGGGTCATGTGACTT-1,0.000793,0.375872,0.623335
ACGGGTTGTGACCTGT-1,0.065819,0.651897,0.282284
ACGGTACAGTTCAATG-1,0.715228,0.110753,0.174019
ACGGTCACCGAGAACA-1,0.021168,0.476668,0.502164
ACGTACAGATTTCTCT-1,0.029198,0.684136,0.286667
ACGTACTTTGGCACGG-1,0.015583,0.626133,0.358284
ACGTAGATTGCTGATG-1,0.002473,0.531063,0.466464
ACGTATTACTCCGATC-1,0.036698,0.163334,0.799968
ACGTCCTAAACGAGAT-1,0.017552,0.419272,0.563176
ACGTCGGGCAACTCGG-1,0.053023,0.573918,0.373059
ACGTCTCGTTCCGGGA-1,0.030778,0.722669,0.246554
ACGTGACAAAGTAAGT-1,0.163438,0.833543,0.003018
ACGTGCGCCTCGTGCA-1,0.007041,0.14577,0.84719
ACGTGGTCGAATGTGC-1,0.000717,0.740352,0.258931
ACGTTAATGTCGAAGA-1,0.000023,0.096076,0.903901
ACGTTAGATTTGCCCG-1,0.079035,0.414653,0.506312
ACGTTATTGGTCACTC-1,0.009311,0.045745,0.944944
ACGTTCACTATGCCGC-1,0.178844,0.757562,0.063594
ACGTTCCGCGCTCCGT-1,0.012186,0.069964,0.91785
ACGTTCGCAATCAATT-1,0.000075,0.938179,0.061745
ACGTTCGTTCAGGAAA-1,0.003774,0.545097,0.451128
ACGTTCTGTACAAGTC-1,0.084877,0.182162,0.732961
ACGTTGTCGTTGAAAG-1,0.081899,0.791566,0.126535
ACGTTTAGTTGTGATC-1,0.043288,0.524524,0.432188
ACGTTTCGGTGCACTT-1,0.544714,0.432426,0.02286
ACTAAGGACGCACACC-1,0.000048,0.921987,0.077965
ACTAATACGTCAGGCG-1,0.02987,0.320161,0.649968
ACTACAAAGAGAGGTG-1,0.000855,0.774521,0.224624
ACTACATCCCGACAAG-1,0.066302,0.686841,0.246856
ACTACCAGCTCTCTGG-1,0.000936,0.671229,0.327835
ACTACCATCCGAGGGC-1,0.024826,0.960898,0.014276
ACTACGCGTTAGAATT-1,0.000047,0.096413,0.90354
ACTAGTTGCGATCGTC-1,0.00006,0.761927,0.238012
ACTATATGCTGTGTTC-1,0.000035,0.35835,0.641615
ACTATCCAGGGCATGG-1,0.000078,0.56105,0.438872
ACTATCGCCGGCTAAA-1,0.018207,0.624441,0.357352
ACTATCTGCCCGCGTA-1,0.003411,0.041849,0.95474
ACTATGTCCAGCTGCC-1,0.249703,0.743564,0.006733
ACTATTTCCGGGCCCA-1,0.000096,0.423143,0.576761
ACTCAACGAATGTATT-1,0.000013,0.115317,0.88467
ACTCAAGTGCAAGGCT-1,0.000789,0.235297,0.763914
ACTCAATAAAGGCACG-1,0.000044,0.349357,0.650599
ACTCAGACCTGCTTCT-1,0.036564,0.197312,0.766124
ACTCATGGCAGCCTTC-1,0.093001,0.904031,0.002968
ACTCCAATATCATCAT-1,0.063086,0.744323,0.192591
ACTCCCATTCCTAAAG-1,0.00643,0.225531,0.768038
ACTCCCGAATTCGTTT-1,0.003642,0.603185,0.393173
ACTCCCGTAGACTAGG-1,0.009356,0.415647,0.574997
ACTCCCTAATGCTAAA-1,0.017243,0.647464,0.335292
ACTCCCTAGAATAGTA-1,0.054771,0.60979,0.335439
ACTCCGGCCGACCACT-1,0.926742,0.005009,0.068249
ACTCGATGTATTTCAT-1,0.006671,0.562399,0.43093
ACTCGCCGTTCGATAA-1,0.005392,0.889612,0.104996
ACTCGCGATCTGACGC-1,0.040295,0.618414,0.341291
ACTCGTAACCCGTCCT-1,0.000022,0.009749,0.990229
ACTCGTCAGTAATCCC-1,0.000032,0.427824,0.572143
ACTCTAAACCTGGGAT-1,0.000099,0.987575,0.012326
ACTCTCTGACTTAGGT-1,0.000039,0.177055,0.822905
ACTCTCTTATACACGA-1,0.013228,0.056439,0.930333
ACTCTGACCTAATAGA-1,0.814123,0.070721,0.115156
ACTCTTCAGCTCCCGC-1,0.058934,0.73916,0.201905
ACTCTTGTATAGTAAC-1,0.00194,0.314798,0.683261
ACTGAAACGCCGTTAG-1,0.000041,0.662569,0.33739
ACTGAATGGCGAAAGT-1,0.000036,0.460331,0.539633
ACTGATTTAGTGATTC-1,0.003061,0.534347,0.462592
ACTGCCCGCCATTCTC-1,0.107041,0.711854,0.181105
ACTGCCGTCGTAACTC-1,0.00004,0.495592,0.504368
ACTGCGGACACACCGT-1,0.031317,0.86871,0.099973
ACTGCTCGGAAGGATG-1,0.104791,0.892491,0.002718
ACTGGCGAACCTGCGT-1,0.000086,0.662739,0.337174
ACTGGGATGCCAGTGC-1,0.013802,0.517647,0.468552
ACTGTACGATACACAT-1,0.000032,0.41545,0.584518
ACTGTAGCACTTTGGA-1,0.012935,0.450801,0.536264
ACTGTATACGCGAGCA-1,0.018617,0.200891,0.780492
ACTGTCCAGGATTATA-1,0.010292,0.341469,0.648238
ACTGTCTTCTTTAGAA-1,0.00003,0.142428,0.857542
ACTGTGCTAGTAGATC-1,0.008976,0.088697,0.902327
ACTGTTTAGTGTAGGC-1,0.00405,0.103161,0.892789
ACTTACCGGGCGCGCA-1,0.000113,0.71111,0.288778
ACTTACGCATCCACGC-1,0.032109,0.115122,0.852769
ACTTAGTACGACAAGA-1,0.003145,0.417448,0.579407
ACTTATACTTACCCGG-1,0.000087,0.481765,0.518148
ACTTATCTGATCTATA-1,0.000165,0.233043,0.766793
ACTTATTAGGATCGGT-1,0.021012,0.413732,0.565256
ACTTATTTATGTGCCA-1,0.019839,0.870361,0.109799
ACTTCAGGCTGATCCC-1,0.012564,0.769955,0.217481
ACTTCCAGTGGAAGCT-1,0.178462,0.669012,0.152526
ACTTCCATGCGGGACA-1,0.035062,0.309646,0.655293
ACTTCCTGTCGTGCGA-1,0.001223,0.704255,0.294522
ACTTCGCCATACGCAC-1,0.000529,0.096583,0.902888
ACTTCGCTAGCGAGTG-1,0.075154,0.474601,0.450245
ACTTGACTCCCTCTTT-1,0.019624,0.075795,0.904581
ACTTGCCATATTGTAC-1,0.00051,0.062865,0.936626
ACTTGCTCTATCTACC-1,0.002557,0.435892,0.561551
ACTTGGGACCCGGTGG-1,0.000043,0.670273,0.329684
ACTTGGGCTTTCGCCA-1,0.123726,0.429761,0.446513
ACTTGTAGTCCCTTCA-1,0.052004,0.629514,0.318482
ACTTGTGGATGGAACG-1,0.000054,0.318666,0.681281
ACTTGTTACCGGATCA-1,0.238823,0.428482,0.332695
ACTTTACCCTCATGAA-1,0.00005,0.566356,0.433594
ACTTTATACACCACTT-1,0.050337,0.851159,0.098504
ACTTTCCTATAGCTTC-1,0.054702,0.518187,0.42711
ACTTTGACTGCATCCT-1,0.007335,0.49877,0.493895
ACTTTGGTCGTGCTCC-1,0.18651,0.196824,0.616665
ACTTTGTCGACGCACT-1,0.000049,0.80963,0.190321
AGAAATTATGACTCGC-1,0.000046,0.868744,0.131209
AGAACACGGCGATGGT-1,0.026352,0.971723,0.001925
AGAACCCAGCGTGACA-1,0.001323,0.545347,0.453329
AGAACCCTCAATTGGG-1,0.1658,0.831213,0.002988
AGAACGTGGTACATTC-1,0.012387,0.265392,0.722221
AGAAGAGCGCCGTTCC-1,0.000412,0.831104,0.168484
AGAAGGTACACTTCAC-1,0.080441,0.891766,0.027793
AGAAGGTTGCCGAATT-1,0.00005,0.958533,0.041418
AGAAGGTTGTAGGTCG-1,0.395129,0.097328,0.507543
AGAAGTGATTCGTGAT-1,0.000059,0.704567,0.295374
AGAATAAATCTTCAGG-1,0.010906,0.34296,0.646135
AGAATGCGGGTTCGGA-1,0.000065,0.793073,0.206862
AGAATTATGGATTCGA-1,0.000047,0.467719,0.532235
AGAATTGTTTGACATA-1,0.001847,0.577362,0.420791
AGACAGCTCAGAATCC-1,0.014267,0.594741,0.390992
AGACAGGCATCTCAGC-1,0.001022,0.608055,0.390923
AGACATAGATCCTTCC-1,0.030612,0.665,0.304387
AGACCAAACCACACCT-1,0.051908,0.338031,0.610061
AGACCATGGGATACAA-1,0.000296,0.29545,0.704254
AGACCCACCGCTGATC-1,0.010862,0.437402,0.551736
AGACCCGCCCTCCTCG-1,0.000029,0.61443,0.385541
AGACCGCTCCGCGGTT-1,0.000047,0.392725,0.607228
AGACCGGGAAACCCTG-1,0.013609,0.556276,0.430115
AGACGAAGTGCCGGTC-1,0.002594,0.50108,0.496325
AGACGACGATGCCGCT-1,0.010076,0.534686,0.455238
AGACGCCCACTTCGCC-1,0.000031,0.365389,0.63458
AGACGGGATTGGTATA-1,0.00005,0.881535,0.118414
AGACGGGCCGATTTAA-1,0.00007,0.711955,0.287975
AGACTAGCCTTCCAGA-1,0.004034,0.564201,0.431765
AGACTGTTACCGGGTC-1,0.001911,0.340876,0.657213
AGAGAAACACCAGAAA-1,0.060501,0.772657,0.166841
AGAGAACCGTCTAGGA-1,0.001793,0.578786,0.419421
AGAGAAGGAGTACAAT-1,0.01926,0.391253,0.589487
AGAGATCTCTAAAGCG-1,0.00018,0.759457,0.240363
AGAGCAGTTATGAGAC-1,0.000055,0.311136,0.688808
AGAGCCGCCGAGATTT-1,0.000047,0.485713,0.51424
AGAGCGCTTGTAACGG-1,0.025126,0.490995,0.483879
AGAGCGGGCTAATCAT-1,0.005182,0.137651,0.857166
AGAGCGTACAAGCTCG-1,0.000545,0.969847,0.029608
AGAGCTACGAAAGCAT-1,0.003633,0.537615,0.458752
AGAGGCTTCGGAAACC-1,0.000064,0.650291,0.349644
AGAGGGACAATTGTCC-1,0.000019,0.144028,0.855953
AGAGGTATCTCGGTCC-1,0.000028,0.687928,0.312044
AGAGTAAACTTCACTA-1,0.005646,0.626643,0.367711
AGAGTATAGTGTTACG-1,0.014292,0.567637,0.418072
AGAGTCTTAATGAAAG-1,0.920183,0.069904,0.009913
AGAGTGAACAGACACC-1,0.000677,0.405096,0.594228
AGAGTTAGAGACCGAT-1,0.000038,0.291683,0.70828
AGAGTTGCAGGCCTCC-1,0.000054,0.808039,0.191907
AGATAACTTCAGGGCC-1,0.000031,0.664664,0.335305
AGATAATCACACCTAT-1,0.068545,0.824545,0.106909
AGATACCAATAGAACC-1,0.000059,0.752316,0.247625
AGATACCAGCACTTCA-1,0.149309,0.445719,0.404972
AGATACCGGTGTTCAC-1,0.009984,0.396136,0.593879
AGATACGACTTCATAT-1,0.010817,0.118869,0.870314
AGATACTCAAGATCGA-1,0.020553,0.015145,0.964301
AGATATAATACGACTA-1,0.18208,0.190731,0.627189
AGATCGTGCATAAGAT-1,0.014443,0.616754,0.368803
AGATCTCAGGTGTGAT-1,0.000038,0.361683,0.63828
AGATCTGGAGAGGATA-1,0.047548,0.694086,0.258366
AGATGACTCGCCCACG-1,0.001068,0.029445,0.969487
AGATGAGGGTTGCGAT-1,0.036335,0.343649,0.620016
AGATGATGGAGTCTGG-1,0.000108,0.561588,0.438304
AGATGCAAGACGTGCA-1,0.051753,0.790041,0.158206
AGATGCATCCTGTGTC-1,0.02923,0.200144,0.770626
AGATGCTATAACGAGC-1,0.000023,0.106958,0.893019
AGATTATAGGACGTTT-1,0.012559,0.191466,0.795976
AGATTCAAGCGGGTCG-1,0.000066,0.999671,0.000263
AGATTCACAACCGATA-1,0.225745,0.258445,0.515811
AGCAAAGGCCGCTAGT-1,0.094236,0.560686,0.345078
AGCAACATATCTTATT-1,0.015284,0.0357,0.949016
AGCAACCGAAAGTAAT-1,0.109057,0.513736,0.377207
AGCACACGTTTAGACT-1,0.211015,0.632808,0.156177
AGCACCAGTACTCACG-1,0.032146,0.363032,0.604822
AGCACTACCGGCCTGT-1,0.000453,0.102434,0.897113
AGCACTACCTCACCAG-1,0.002183,0.119393,0.878425
AGCACTTAAGGACGCC-1,0.000026,0.31331,0.686663
AGCAGAAGGAGAAAGA-1,0.057219,0.65403,0.288751
AGCAGCCAGATGAATA-1,0.000028,0.342067,0.657905
AGCATATCAATATGCT-1,0.000049,0.39523,0.60472
AGCATCATTTCGAAAG-1,0.000215,0.399315,0.60047
AGCATCGTCGATAATT-1,0.052597,0.476943,0.470461
AGCATTACGAGGCAAG-1,0.084262,0.695642,0.220096
AGCCAAGCTTTGTGTC-1,0.016958,0.596589,0.386454
AGCCACAGGTTACCCG-1,0.058312,0.726205,0.215483
AGCCACTCCCGTGCTT-1,0.00004,0.70015,0.299811
AGCCATATAGTATGTG-1,0.135406,0.551162,0.313432
AGCCCATACATGTAAG-1,0.001342,0.804166,0.194492
AGCCCGCAACAAGCAG-1,0.014583,0.414412,0.571005
AGCCCGCACTACAATG-1,0.584684,0.239535,0.175781
AGCCCGGCATTAGAGG-1,0.09787,0.881354,0.020776
AGCCCGGTAGCCTGTA-1,0.002921,0.250593,0.746487
AGCCCTAAGCGAAGTT-1,0.010814,0.3696,0.619586
AGCCCTCCCTGGTGGC-1,0.000575,0.773541,0.225884
AGCCCTGTCGCACCGT-1,0.000021,0.000021,0.999958
AGCCCTTCTAATCCGA-1,0.03926,0.816541,0.144199
AGCCCTTGGACATCCC-1,0.009835,0.873664,0.116501
AGCCGCAAATTCAAAT-1,0.057906,0.940614,0.001481
AGCCGCTTGATTAGCG-1,0.002637,0.514439,0.482924
AGCCGTGGCTAAATGT-1,0.000024,0.000418,0.999558
AGCCTAATACCCACGT-1,0.079879,0.864189,0.055932
AGCCTTAAAGCGGAAG-1,0.006344,0.807142,0.186513
AGCCTTGTCACTGATA-1,0.07365,0.660084,0.266266
AGCGACAGGAACGGTC-1,0.009565,0.615738,0.374697
AGCGACATCCCATTCA-1,0.018482,0.695463,0.286056
AGCGACCAACGATATT-1,0.000159,0.606588,0.393253
AGCGACTTTGAAGACA-1,0.210622,0.558806,0.230572
AGCGAGACGTGAAGGC-1,0.164867,0.833331,0.001802
AGCGATGCGCCTAATA-1,0.00009,0.7251,0.274809
AGCGCATAATGAATCG-1,0.002139,0.508787,0.489074
AGCGCGGGTGCCAATG-1,0.000052,0.38523,0.614718
AGCGCTAGAGCGATGT-1,0.053899,0.865851,0.080249
AGCGCTTATGGGCAAG-1,0.000101,0.746299,0.2536
AGCGGACACTTCGTAG-1,0.007209,0.46284,0.529951
AGCGGCGGTTAGCGGT-1,0.000466,0.470242,0.529292
AGCGGGAAGGGTCCAT-1,0.009916,0.621491,0.368594
AGCGGGTCTGACACTC-1,0.045078,0.252124,0.702798
AGCGGTTGAGATGTAC-1,0.000067,0.313459,0.686474
AGCGGTTGCCGCTCTG-1,0.000597,0.044422,0.954981
AGCGTACGAGAGCTAG-1,0.011238,0.198672,0.79009
AGCGTAGCGCTAGACC-1,0.006287,0.112194,0.881519
AGCGTCTGAACCCGCA-1,0.011962,0.30319,0.684848
AGCGTGGTATTCTACT-1,0.024832,0.292527,0.682641
AGCGTTCCGATTTAAA-1,0.000045,0.728651,0.271304
AGCTAACAAGCAATGT-1,0.014904,0.475099,0.509997
AGCTAAGCTCCGTCCG-1,0.160868,0.797444,0.041688
AGCTAAGTACGCAGGC-1,0.533411,0.0681,0.398489
AGCTAGAAGCAGAAGT-1,0.087644,0.173142,0.739213
AGCTATTTAATCCAAC-1,0.000046,0.709787,0.290167
AGCTCCATATATGTTC-1,0.000051,0.661318,0.33863
AGCTCCTTCGCACATC-1,0.000026,0.158873,0.841101
AGCTCGTTGATGGAAA-1,0.000049,0.758462,0.241489
AGCTCTAGACGTTCCA-1,0.00893,0.770624,0.220446
AGCTCTTCCCAGTGCA-1,0.000037,0.153219,0.846744
AGCTCTTCGTAACCTT-1,0.029144,0.516982,0.453873
AGCTCTTTACTCAGTT-1,0.029783,0.405459,0.564758
AGCTGAAGTAAACCAA-1,0.002122,0.590801,0.407077
AGCTGCATTTGAGGTG-1,0.005132,0.994483,0.000384
AGCTGCTGTGCCGAAT-1,0.00169,0.228865,0.769445
AGCTGTAACCTCAATC-1,0.01813,0.662995,0.318874
AGCTTATAGAGACCTG-1,0.049874,0.48302,0.467107
AGCTTCAATACTTTGA-1,0.026908,0.621118,0.351974
AGCTTCTTCTCGAGCA-1,0.639353,0.246731,0.113917
AGCTTGATCAGGGTAG-1,0.08216,0.883881,0.033959
AGCTTGATCTTAACTT-1,0.01096,0.250575,0.738465
AGGAAAGCCTCTGATG-1,0.006813,0.334899,0.658288
AGGAACGAACGACTTC-1,0.000039,0.202585,0.797376
AGGAAGCTGTCCGCCG-1,0.011821,0.161377,0.826801
AGGACAGTCGAATCCC-1,0.010843,0.11933,0.869827
AGGACATCGCACGTCG-1,0.066039,0.443336,0.490625
AGGACATCGGCACACT-1,0.017611,0.947378,0.035011
AGGACGACCCATTAGA-1,0.000058,0.609953,0.389988
AGGACGCTCGATGTTG-1,0.000084,0.75926,0.240655
AGGACTTATAGGAGAA-1,0.000026,0.288767,0.711207
AGGAGACATCCACAGT-1,0.014686,0.78201,0.203305
AGGAGAGTCTGGCTAC-1,0.001703,0.560041,0.438256
AGGAGGCCTTCGCGCG-1,0.038025,0.41689,0.545085
AGGATAAAGTCGGGAT-1,0.022459,0.405495,0.572046
AGGATATAGGGATTTA-1,0.013907,0.134302,0.851791
AGGATATCCGACTGCA-1,0.826251,0.069273,0.104476
AGGATCACGCGATCTG-1,0.000379,0.954854,0.044767
AGGATTGCTTACGACA-1,0.000033,0.095059,0.904908
AGGCAAAGAGGAATCA-1,0.00387,0.781327,0.214803
AGGCAATACGGAGGAC-1,0.000155,0.953748,0.046098
AGGCACGTGACTGTCC-1,0.00003,0.064745,0.935225
AGGCAGATGCGTAAAC-1,0.003405,0.349025,0.64757
AGGCAGGGAGCGTACT-1,0.000038,0.59239,0.407572
AGGCATTGTCGTAGGG-1,0.000038,0.172514,0.827448
AGGCCACATTGGTTAC-1,0.000051,0.447763,0.552186
AGGCCACCCGTTATGA-1,0.005023,0.708421,0.286556
AGGCCCAGTGACTGGT-1,0.000026,0.288298,0.711676
AGGCCCATTGTACAGG-1,0.012628,0.569179,0.418193
AGGCCCTAGAACGCCA-1,0.001286,0.657011,0.341703
AGGCCTATCATACCAA-1,0.031431,0.394786,0.573783
AGGCCTGAGAATCTCG-1,0.056155,0.59831,0.345535
AGGCGATAACTGGCGT-1,0.000039,0.388497,0.611465
AGGCGGTTTGTCCCGC-1,0.122529,0.544993,0.332478
AGGCGTCTATGGACGG-1,0.008471,0.085296,0.906234
AGGCTATGGTTAGCTT-1,0.000073,0.464617,0.53531
AGGCTTAAGTTGCACA-1,0.201521,0.589836,0.208643
AGGCTTCCCGAAGAAG-1,0.012526,0.450518,0.536955
AGGCTTGCTAGACACC-1,0.023252,0.358309,0.618439
AGGGAAACGAGGTACT-1,0.000183,0.43655,0.563267
AGGGACAGCACGGCGG-1,0.012338,0.348373,0.639289
AGGGACCGGCTGCGTT-1,0.006408,0.993313,0.000279
AGGGACTCTACGCGAC-1,0.011765,0.192337,0.795898
AGGGAGACATACTTCG-1,0.000063,0.674352,0.325584
AGGGCAGCGGCGTGGT-1,0.000266,0.691969,0.307765
AGGGCCCTAATGTTCT-1,0.000041,0.403074,0.596885
AGGGCGAGCAGCTGAT-1,0.000042,0.38194,0.618017
AGGGCGTGATCGGCTA-1,0.011634,0.249676,0.73869
AGGGCTGCAGTTACAG-1,0.008046,0.358526,0.633428
AGGGTCAGAGCACTCG-1,0.03837,0.691543,0.270086
AGGGTCAGTAACCCTA-1,0.076987,0.869345,0.053668
AGGGTCGATGCGAACT-1,0.006019,0.251163,0.742818
AGGGTCTGGACGCAGT-1,0.048067,0.786401,0.165532
AGGGTGCCGTTCTTTA-1,0.001531,0.596043,0.402426
AGGGTGCTCTCGAGGG-1,0.006965,0.334997,0.658039
AGGGTGGATAGTGCAT-1,0.000044,0.663246,0.33671
AGGGTGTGCTACACGC-1,0.005634,0.024286,0.97008
AGGGTTCAGACGGTCC-1,0.000109,0.682605,0.317285
AGGGTTCCCTTTGGTT-1,0.000042,0.214578,0.78538
AGGGTTTAGTTCGGGA-1,0.000067,0.446979,0.552954
AGGTAACCTCCTATTC-1,0.006171,0.190367,0.803463
AGGTACGATATTGCCA-1,0.000044,0.367856,0.632099
AGGTAGATCGAGATAT-1,0.000088,0.905529,0.094383
AGGTAGGTACAAAGCT-1,0.000049,0.232427,0.767524
AGGTATAATTGATAGT-1,0.003197,0.370491,0.626312
AGGTATGCGGACATTA-1,0.027713,0.339537,0.63275
AGGTCAGGTGAGAGTG-1,0.002061,0.786339,0.2116
AGGTCGCCACTTCGGT-1,0.000019,0.158944,0.841037
AGGTCGCCTCCCAACA-1,0.000045,0.657964,0.341992
AGGTCGCGGAGTTACT-1,0.03314,0.397249,0.569612
AGGTGCACGTCCACAT-1,0.684628,0.200702,0.114671
AGGTGGTGACCTTCGC-1,0.000027,0.649984,0.349988
AGGTGTATCGCCATGA-1,0.000024,0.072673,0.927302
AGGTGTTGCCGACCAC-1,0.000047,0.560283,0.439671
AGGTTACACCATGCCG-1,0.002794,0.532529,0.464677
AGGTTCTCCTTTCCGG-1,0.112088,0.495182,0.392731
AGGTTGAGGCACGCTT-1,0.000038,0.679039,0.320923
AGGTTTCACACACCTT-1,0.000052,0.63473,0.365218
AGTAACGTTCATCCTG-1,0.005312,0.097308,0.89738
AGTAACTATAGCAGCC-1,0.571034,0.249274,0.179692
AGTAATCTAAGGGTGG-1,0.839531,0.085809,0.07466
AGTAATGTCTTGCCGC-1,0.008586,0.43851,0.552904
AGTAATTTGCAAGCGT-1,0.117505,0.625891,0.256604
AGTACATCATTTATCA-1,0.000067,0.844937,0.154996
AGTACCTTCGAGTGCT-1,0.002988,0.145945,0.851067
AGTACGGCCCGTATCG-1,0.000031,0.334798,0.665171
AGTACGGGCACCTGGC-1,0.00203,0.057901,0.940069
AGTACGTGGCCTGTCT-1,0.000043,0.496404,0.503553
AGTACTCTTATGCCCA-1,0.000041,0.427114,0.572845
AGTAGAAGGCGCCTCA-1,0.0059,0.000586,0.993514
AGTAGCGTGAACGAAC-1,0.006274,0.564533,0.429193
AGTAGCTAGACGCCGA-1,0.000059,0.433235,0.566706
AGTAGGAAGGAAGTTG-1,0.000033,0.151353,0.848614
AGTAGGTAACATACAT-1,0.061343,0.328209,0.610449
AGTATAATACTAGGCA-1,0.090718,0.674826,0.234456
AGTATACACAGCGACA-1,0.000018,0.456516,0.543466
AGTATCCATAATAACG-1,0.000131,0.219118,0.78075
AGTATGCTGGAGACCA-1,0.061425,0.712442,0.226134
AGTATTTGGCACGACC-1,0.008311,0.118454,0.873235
AGTCAAATGATGTGAT-1,0.008211,0.204688,0.787101
AGTCAACACCACCATC-1,0.0209,0.427864,0.551235
AGTCAAGATGACACTT-1,0.028731,0.29189,0.679379
AGTCACTAGCTCTCGA-1,0.052359,0.380924,0.566717
AGTCACTCCGCCTCAT-1,0.000025,0.460331,0.539643
AGTCAGCCACCGCCTG-1,0.011868,0.238795,0.749336
AGTCCAGCGGGTACGT-1,0.007589,0.057553,0.934859
AGTCCATTGGCTGATG-1,0.000041,0.51795,0.482009
AGTCCCGCCTTTAATT-1,0.02463,0.660578,0.314791
AGTCCCTCGCAGAAAG-1,0.002967,0.446349,0.550684
AGTCGAAACGATTCAG-1,0.06233,0.523385,0.414285
AGTCGAATTAGCGTAA-1,0.898266,0.062655,0.039079
AGTCGACGGTCTCAAG-1,0.000058,0.568322,0.43162
AGTCGGCCCAAACGAC-1,0.000763,0.43949,0.559747
AGTCGGCTCAACTTTA-1,0.000306,0.751764,0.247929
AGTCGGTTGCGTGAGA-1,0.046946,0.583256,0.369798
AGTCGTATAAAGCAGA-1,0.85175,0.028653,0.119597
AGTCGTCGACCACCAA-1,0.016363,0.570532,0.413104
AGTCGTGGGCATTACG-1,0.000051,0.931596,0.068353
AGTCTAAAGTATACTC-1,0.00397,0.707718,0.288312
AGTCTCACAAGACTAC-1,0.027894,0.474343,0.497762
