Barcode,Topic 1,Topic 2,Topic 3to5,Topic 6,Topic 7to8
AAACAACGAATAGTTC-1,0.008908,0.001492,0.803228,0.155321,0.031051
AAACAAGTATCTCCCA-1,0.508183,0.064702,0.426971,0.000048,0.000096
AAACAATCTACTAGCA-1,0.018482,0.000523,0.739721,0.172666,0.068607
AAACACCAATAACTGC-1,0.000015,0.027484,0.523165,0.246689,0.202647
AAACAGAGCGACTCCT-1,0.969699,0.000426,0.028598,0.000426,0.000852
AAACAGCTTTCAGAAG-1,0.001777,0.065306,0.375358,0.03992,0.51764
AAACAGGGTCTATATT-1,0.051464,0.001626,0.372007,0.559063,0.015839
AAACAGTGTTCCTGGG-1,0.004394,0.055268,0.5167,0.141581,0.282057
AAACATGGTGAGAGGA-1,0.000944,0.031154,0.37631,0.302552,0.28904
AAACATTTCCCGGATT-1,0.000031,0.02247,0.883493,0.010886,0.08312
AAACCACTACACAGAT-1,0.693524,0.016722,0.288142,0.000537,0.001075
AAACCCGAACGAAATC-1,0.369236,0.374031,0.255762,0.00003,0.000942
AAACCGGAAATGTTAA-1,0.000008,0.979425,0.000023,0.000008,0.020537
AAACCGGGTAGGTACC-1,0.000754,0.058893,0.427672,0.069584,0.443096
AAACCGTTCGTCCAGG-1,0.014656,0.106416,0.363913,0.242586,0.272429
AAACCTAAGCAGCCGG-1,0.017195,0.058232,0.541517,0.087671,0.295384
AAACCTCATGAAGTTG-1,0.021057,0.012818,0.322673,0.226853,0.416598
AAACGAAGAACATACC-1,0.231129,0.003866,0.586079,0.004274,0.174652
AAACGAAGATGGAGTA-1,0.004619,0.082849,0.46365,0.039976,0.408905
AAACGACAGTCTTGCC-1,0.679972,0.074997,0.243324,0.000569,0.001138
AAACGAGACGGTTGAT-1,0.073307,0.059233,0.387673,0.288003,0.191784
AAACGCCCGAGATCGG-1,0.889211,0.000852,0.107381,0.000852,0.001704
AAACGCTGGGCACGAC-1,0.142998,0.513155,0.279435,0.061099,0.003313
AAACGGGCGTACGGGT-1,0.044867,0.000032,0.83932,0.075025,0.040756
AAACGGGTTGGTATCC-1,0.11885,0.000039,0.836094,0.038763,0.006253
AAACGGTTGCGAACTG-1,0.000025,0.021066,0.71242,0.049442,0.217047
AAACGTGTTCGCCCTA-1,0.989834,0.009653,0.000257,0.000085,0.000171
AAACTAACGTGGCGAC-1,0.998003,0.000285,0.000856,0.000285,0.000571
AAACTCGGTTCGCAAT-1,0.058263,0.040908,0.611816,0.162297,0.126717
AAACTCGTGATATAAG-1,0.858527,0.116586,0.007865,0.016909,0.000113
AAACTGCTGGCTCCAA-1,0.035858,0.024379,0.772211,0.030348,0.137205
AAACTTAATTGCACGC-1,0.010917,0.07426,0.329581,0.270589,0.314652
AAACTTGCAAACGTAT-1,0.010749,0.13655,0.239012,0.029924,0.583765
AAAGAATGACCTTAGA-1,0.003954,0.02398,0.529533,0.089531,0.353002
AAAGAATGTGGACTAA-1,0.004163,0.047232,0.907447,0.014375,0.026784
AAAGACATGAAGTTTA-1,0.997599,0.000343,0.001029,0.000343,0.000686
AAAGACCCAAGTCGCG-1,0.083497,0.026796,0.491484,0.072195,0.326028
AAAGACTGGGCGCTTT-1,0.220861,0.03185,0.238519,0.325764,0.183007
AAAGCTTGCCTACATA-1,0.722947,0.000173,0.276362,0.000173,0.000345
AAAGGCCCTATAATAC-1,0.007777,0.038408,0.576662,0.119323,0.25783
AAAGGCTACGGACCAT-1,0.04729,0.004429,0.765626,0.059007,0.123648
AAAGGCTCTCGCGCCG-1,0.010205,0.001272,0.530857,0.292722,0.164944
AAAGGGATGTAGCAAG-1,0.183185,0.000035,0.374319,0.439884,0.002577
AAAGGGCAGCTTGAAT-1,0.011277,0.056722,0.607913,0.063203,0.260885
AAAGGTAAGCTGTACC-1,0.816109,0.06705,0.041836,0.074885,0.000121
AAAGGTCAACGACATG-1,0.816,0.081336,0.049337,0.000229,0.053099
AAAGTAGCATTGCTCA-1,0.032447,0.021416,0.300965,0.252871,0.392301
AAAGTCACTGATGTAA-1,0.072593,0.010795,0.217501,0.372894,0.326216
AAAGTCGACCCTCAGT-1,0.009764,0.008019,0.608308,0.27811,0.095799
AAAGTGCCATCAATTA-1,0.002253,0.953739,0.004559,0.023246,0.016202
AAAGTGTGATTTATCT-1,0.03679,0.032081,0.349947,0.053676,0.527506
AAAGTTGACTCCCGTA-1,0.119643,0.037259,0.619596,0.011615,0.211887
AAATAACCATACGGGA-1,0.997654,0.000095,0.000285,0.001776,0.00019
AAATAAGGTAGTGCCC-1,0.99724,0.000022,0.000065,0.002629,0.000044
AAATACCTATAAGCAT-1,0.000866,0.036937,0.016996,0.240178,0.705023
AAATAGCTTAGACTTT-1,0.463763,0.499245,0.000056,0.001014,0.035921
AAATAGGGTGCTATTG-1,0.000025,0.008332,0.462976,0.138479,0.390187
AAATCACTCCTAAACG-1,0.534364,0.000768,0.462563,0.000768,0.001536
AAATCCGATACACGCC-1,0.01604,0.015725,0.316078,0.287702,0.364455
AAATCGCGGAAGGAGT-1,0.000084,0.065522,0.576774,0.156794,0.200825
AAATCGTGTACCACAA-1,0.000031,0.034273,0.414321,0.375141,0.176234
AAATCTAGCCCTGCTA-1,0.264967,0.000214,0.734177,0.000214,0.000428
AAATCTGCCCGCGTCC-1,0.00524,0.080607,0.202073,0.132985,0.579094
AAATGACTGATCAAAC-1,0.012209,0.020975,0.837305,0.008295,0.121216
AAATGATTCGATCAGC-1,0.78351,0.041112,0.120168,0.037075,0.018135
AAATGCTCGTTACGTT-1,0.009289,0.003843,0.5659,0.225425,0.195544
AAATGGCATGTCTTGT-1,0.039362,0.000046,0.837343,0.003613,0.119636
AAATGGCCCGTGCCCT-1,0.024046,0.019284,0.379958,0.405133,0.171579
AAATGGTCAATGTGCC-1,0.092647,0.06896,0.593026,0.1363,0.109066
AAATGTATCTTATCCC-1,0.02102,0.07306,0.211155,0.129891,0.564874
AAATGTGGGTGCTCCT-1,0.035473,0.139539,0.347775,0.006258,0.470954
AAATTAACGGGTAGCT-1,0.064457,0.002168,0.714313,0.141173,0.077889
AAATTAATAAGCGCGA-1,0.090287,0.008908,0.520645,0.323087,0.057074
AAATTACACGACTCTG-1,0.71856,0.09614,0.179572,0.000104,0.005624
AAATTACCTATCGATG-1,0.674614,0.018232,0.300112,0.000068,0.006973
AAATTCCAGGTCCAAA-1,0.891551,0.051321,0.000087,0.056983,0.000058
AAATTGATAGTCCTTT-1,0.024479,0.021859,0.518862,0.188429,0.246371
AAATTGCGGCGGTTCT-1,0.009541,0.024288,0.783028,0.039311,0.143831
AAATTGGTGAGAAGCA-1,0.956719,0.000133,0.04275,0.000133,0.000265
AAATTTACCGAAATCC-1,0.365813,0.00483,0.529959,0.03895,0.060448
AAATTTGCGGGTGTGG-1,0.000029,0.005721,0.696306,0.118896,0.179047
AACAACTGGTAGTTGC-1,0.02438,0.051216,0.123691,0.07525,0.725462
AACAATACATTGTCGA-1,0.009025,0.120322,0.068914,0.285156,0.516583
AACAATTACTCTACGC-1,0.004563,0.040012,0.225435,0.057175,0.672816
AACACACGCTCGCCGC-1,0.017847,0.039993,0.678694,0.153175,0.110292
AACACGACTGTACTGA-1,0.257207,0.000032,0.427296,0.002882,0.312584
AACACGAGACGCGGCC-1,0.016385,0.038068,0.629315,0.048869,0.267363
AACACGCGGCCGCGAA-1,0.054931,0.05726,0.670362,0.015351,0.202096
AACAGCTGTGTGGCAA-1,0.020897,0.108937,0.368016,0.099375,0.402775
AACAGGAAATCGAATA-1,0.055422,0.005401,0.469582,0.184575,0.28502
AACAGGATGGGCCGCG-1,0.057198,0.034478,0.331716,0.104288,0.472321
AACAGGTAGTATGGAT-1,0.011698,0.9438,0.01568,0.000019,0.028803
AACATAGCGTGTATCG-1,0.232544,0.092114,0.424677,0.123036,0.127629
AACATATCAACTGGTG-1,0.979302,0.000038,0.00298,0.017603,0.000077
AACATCGATACGTCTA-1,0.99967,0.000047,0.000141,0.000047,0.000094
AACATTGAAGTTGATC-1,0.000722,0.074758,0.507868,0.1136,0.303052
AACATTGGTCAGCCGT-1,0.003157,0.028463,0.496304,0.105847,0.366229
AACATTGTGACTCGAG-1,0.030848,0.260683,0.397568,0.19232,0.118581
AACCAAGACTTCTCTG-1,0.087666,0.005736,0.705631,0.119458,0.081509
AACCAGTATCACTCTT-1,0.813149,0.000252,0.185841,0.000252,0.000505
AACCATAGGGTTGAAC-1,0.047194,0.046038,0.461551,0.187525,0.257692
AACCATGGGATCGCTA-1,0.054662,0.051471,0.117403,0.006367,0.770097
AACCCAGAGACGGAGA-1,0.016388,0.010677,0.782334,0.124732,0.065869
AACCCATCCCATGATC-1,0.000014,0.07607,0.365088,0.073941,0.484887
AACCCGACAACCCGTG-1,0.017903,0.04229,0.547875,0.229671,0.162262
AACCCGAGCAGAATCG-1,0.185021,0.518808,0.160834,0.133406,0.001932
AACCCGATAGGGCTTC-1,0.527288,0.276562,0.195302,0.000283,0.000565
AACCCGCTGTATTCCA-1,0.05497,0.049143,0.701341,0.023467,0.171079
AACCCTACTGTCAATA-1,0.157958,0.046123,0.625525,0.038424,0.131971
AACCCTGGTGGAACCA-1,0.201422,0.009275,0.446035,0.053522,0.289745
AACCGAGCTTGGTCAT-1,0.09801,0.027057,0.354317,0.270102,0.250514
AACCGCTAAGGGATGC-1,0.018744,0.050325,0.610671,0.013461,0.306799
AACCGTTGTGTTTGCT-1,0.106181,0.002753,0.669037,0.182006,0.040023
AACCTAAAGCCGTCCG-1,0.541776,0.366501,0.068013,0.000055,0.023655
AACCTCGCTTTAGCCC-1,0.08113,0.000034,0.682905,0.168906,0.067025
AACCTGTCACGGAATT-1,0.744911,0.120101,0.000485,0.134426,0.000076
AACCTTTAAATACGGT-1,0.000027,0.01645,0.465877,0.005235,0.512412
AACCTTTACGACGTCT-1,0.914045,0.000288,0.084804,0.000288,0.000576
AACGAAAGTCGTCCCA-1,0.000649,0.03574,0.502586,0.131061,0.329964
AACGACCTCCTAGCCG-1,0.263285,0.002338,0.674885,0.059419,0.000073
AACGATAATGCCGTAG-1,0.002856,0.050916,0.495061,0.066277,0.38489
AACGATAGAAGGGCCG-1,0.158359,0.003907,0.416785,0.171687,0.249262
AACGATATGTCAACTG-1,0.035375,0.846825,0.000031,0.003782,0.113987
AACGCATGATCTGGGT-1,0.699973,0.000485,0.298086,0.000485,0.000971
AACGCGAACGGCAACA-1,0.012154,0.001436,0.877998,0.032507,0.075906
AACGCGACCTTGGGCG-1,0.000011,0.125076,0.084135,0.000126,0.790653
AACGCGGTCTCCAGCC-1,0.10139,0.000056,0.526789,0.148357,0.223407
AACGCTGTTGCTGAAA-1,0.120566,0.001782,0.670352,0.127039,0.08026
AACGGACGTACGTATA-1,0.023674,0.057815,0.720538,0.025439,0.172534
AACGGCCATCTCCGGT-1,0.000017,0.071708,0.345,0.102789,0.480486
AACGTACTGTGGGTAC-1,0.007876,0.068929,0.346659,0.238745,0.337791
AACGTAGTCTACCCAT-1,0.033555,0.012455,0.768211,0.058484,0.127294
AACGTCAGACTAGTGG-1,0.121466,0.047939,0.140701,0.009961,0.679932
AACGTCATCCGGCTTG-1,0.006669,0.003656,0.86762,0.008443,0.113612
AACGTCGCTGCACTTC-1,0.019519,0.328594,0.439797,0.000662,0.211427
AACGTGATGAAGGACA-1,0.997699,0.000329,0.000986,0.000329,0.000657
AACGTGCGAAAGTCTC-1,0.169077,0.000204,0.486652,0.023541,0.320526
AACGTTATCAGCACCT-1,0.155613,0.007165,0.405391,0.220012,0.21182
AACGTTCTACCATTGT-1,0.497839,0.22982,0.221416,0.040533,0.010391
AACTACCCGTTTGTCA-1,0.246213,0.261433,0.479158,0.000092,0.013104
AACTAGCGTATCGCAC-1,0.070773,0.381876,0.179918,0.172939,0.194494
AACTAGGCTTGGGTGT-1,0.004368,0.106879,0.075257,0.004773,0.808722
AACTCAAGTTAATTGC-1,0.004561,0.053164,0.113118,0.586189,0.242968
AACTCCAGAGCGTGTT-1,0.000036,0.029404,0.639886,0.003637,0.327036
AACTCCTAATCCCATG-1,0.892799,0.000283,0.106068,0.000283,0.000567
AACTCGATAAACACGT-1,0.022199,0.000032,0.853844,0.012066,0.111859
AACTCGATGGCGCAGT-1,0.012553,0.00749,0.581015,0.316194,0.082748
AACTCTCAATAGAGCG-1,0.132763,0.017086,0.537717,0.29755,0.014885
AACTCTCAGTGTGCTC-1,0.08355,0.145856,0.135149,0.306747,0.328697
AACTGAGGTCAGCGTC-1,0.986643,0.000135,0.012815,0.000135,0.000271
AACTGAGTTATACTGA-1,0.072161,0.811974,0.006667,0.078545,0.030653
AACTGATATTAGGCCT-1,0.109471,0.007632,0.423636,0.149893,0.309369
AACTGGGTCCCGACGT-1,0.148043,0.011207,0.036925,0.000705,0.803121
AACTGGGTTCGAGCCG-1,0.84813,0.000196,0.151085,0.000196,0.000393
AACTGGTGTGGGCCTT-1,0.020071,0.011044,0.478525,0.145087,0.345274
AACTTCTGCGTCTATC-1,0.051704,0.074823,0.375758,0.168519,0.329196
AACTTGCCCGTATGCA-1,0.029751,0.030424,0.410472,0.276218,0.253136
AACTTGCGTTCTCGCG-1,0.001039,0.004234,0.668518,0.088352,0.237857
AACTTTACGGGAGCTT-1,0.052107,0.000682,0.673163,0.181329,0.092719
AACTTTAGCTGCTGAG-1,0.029269,0.011707,0.56688,0.010522,0.381622
AACTTTCTCGATCATG-1,0.772644,0.000094,0.226993,0.00009,0.000179
AAGAAAGTTTGATGGG-1,0.005033,0.088903,0.322138,0.071809,0.512116
AAGAAATCACCAGATT-1,0.929677,0.068393,0.000125,0.000042,0.001764
AAGAAGGATCAGTTAG-1,0.051465,0.012158,0.351879,0.230489,0.354009
AAGACATACGTGGTTT-1,0.064435,0.284174,0.651217,0.000058,0.000116
AAGACCAAATAACTCA-1,0.000012,0.027055,0.409794,0.199134,0.364005
AAGACCCAACTGAACA-1,0.000421,0.059343,0.562199,0.024325,0.353712
AAGACTAACCCGTTGT-1,0.039363,0.002997,0.625279,0.267305,0.065056
AAGACTCACGCCCACT-1,0.997384,0.000374,0.001121,0.000374,0.000748
AAGACTGCAAGCTACT-1,0.159813,0.015225,0.439876,0.112372,0.272715
AAGAGATGAATCGGTA-1,0.076858,0.197796,0.263463,0.062296,0.399586
AAGAGCTCTTTATCGG-1,0.015972,0.107258,0.075809,0.004012,0.796948
AAGAGGATGTACGCGA-1,0.047067,0.054162,0.365652,0.144505,0.388616
AAGAGGCATGGATCGC-1,0.056412,0.170956,0.49165,0.015817,0.265165
AAGAGGCCCTTTGGAA-1,0.000029,0.170135,0.816162,0.000029,0.013645
AAGATGGCACCGGACC-1,0.294217,0.034983,0.535322,0.046695,0.088783
AAGATTGGCGGAACGT-1,0.093064,0.183168,0.173916,0.033374,0.516478
AAGCACCCTGCGTATC-1,0.061314,0.025647,0.581736,0.255104,0.0762
AAGCATACTCTCCTGA-1,0.001127,0.007987,0.74207,0.117378,0.131438
AAGCCACTTGCAGGTA-1,0.007454,0.052006,0.52956,0.2989,0.11208
AAGCCGAAGCGGTTTA-1,0.320827,0.000355,0.677755,0.000355,0.000709
AAGCCGCCGTGAAATC-1,0.054581,0.058223,0.656209,0.091622,0.139366
AAGCCGCTTTACCTTG-1,0.82427,0.068801,0.073985,0.00012,0.032825
AAGCCGGAGAGCAGGA-1,0.001728,0.924792,0.01345,0.053645,0.006385
AAGCGCAGGGCTTTGA-1,0.002291,0.46906,0.301001,0.181414,0.046234
AAGCGGAGTGCGCGCA-1,0.798846,0.14147,0.058766,0.000306,0.000612
AAGCGGCGTCATGGGT-1,0.774233,0.00011,0.22163,0.00011,0.003918
AAGCGTCCCTCATCGA-1,0.036123,0.167942,0.160043,0.23649,0.399402
AAGCTAGATCGAGTAA-1,0.001853,0.00858,0.754592,0.139079,0.095896
AAGCTATGGATTGACC-1,0.016653,0.061602,0.429952,0.31886,0.172933
AAGCTCGTGCCAAGTC-1,0.084821,0.030472,0.080999,0.074752,0.728955
AAGCTCTTTCATGGTG-1,0.000046,0.014186,0.735957,0.069751,0.18006
AAGGAGAACTTATAAG-1,0.109336,0.00003,0.768296,0.049523,0.072815
AAGGAGCGGTTGGTGC-1,0.056664,0.202175,0.486681,0.041389,0.213091
AAGGATCGATCGCTTG-1,0.479383,0.226908,0.289334,0.000047,0.004328
AAGGATGAGGGACCTC-1,0.169948,0.018988,0.654728,0.087656,0.06868
AAGGCAGGCTGTCTCC-1,0.538364,0.24918,0.212249,0.000069,0.000138
AAGGCGCGTAAAGCTT-1,0.109414,0.064523,0.405457,0.065509,0.355097
AAGGCTGTGCTCATCG-1,0.001732,0.08127,0.0188,0.009151,0.889048
AAGGGAACGACTGGCT-1,0.00371,0.040984,0.706087,0.102318,0.146901
AAGGGACAGATTCTGT-1,0.257495,0.002323,0.449124,0.003869,0.28719
AAGGGACTATGCATTC-1,0.019099,0.05504,0.619758,0.122673,0.18343
AAGGGTTAGCCATGCG-1,0.366098,0.005899,0.395793,0.232122,0.000088
AAGGGTTTGATTTCAG-1,0.005603,0.052748,0.429081,0.400021,0.112547
AAGGTATCCTAATATA-1,0.089142,0.00004,0.737363,0.007613,0.165841
AAGGTGATAAACCAGC-1,0.012066,0.05088,0.237045,0.005647,0.694361
AAGTAAGCTTCCAAAC-1,0.043675,0.063025,0.754651,0.024433,0.114217
AAGTAGAAGACCGGGT-1,0.145564,0.137756,0.080235,0.057181,0.579265
AAGTAGTGACGCGAGG-1,0.062652,0.003458,0.319179,0.404656,0.210056
AAGTCAATTGTCGTCA-1,0.615975,0.058506,0.302113,0.002045,0.021361
AAGTCTAGTAGCTGCC-1,0.949826,0.049725,0.000224,0.000075,0.00015
AAGTCTTCTGTGGCCT-1,0.048591,0.068704,0.441033,0.078841,0.362831
AAGTGACGACCGAATT-1,0.038802,0.362781,0.134244,0.13159,0.332585
AAGTGAGTCGGGTTTA-1,0.040807,0.012184,0.598242,0.303057,0.045709
AAGTGCAAAGGTAGAC-1,0.000015,0.034618,0.160012,0.041471,0.763883
AAGTGCCTTGACTGTA-1,0.68905,0.115494,0.121525,0.001083,0.072848
AAGTGCGTTAGAATCT-1,0.000023,0.018409,0.667172,0.15451,0.159887
AAGTGCTTCTCTATTG-1,0.035368,0.015398,0.651447,0.063714,0.234073
AAGTGTTTGGAGACGG-1,0.007838,0.063605,0.337203,0.389382,0.201972
AAGTTCACTCCAAGCT-1,0.073386,0.004284,0.271664,0.003025,0.64764
AAGTTCAGTCTGCGTA-1,0.684116,0.000549,0.313688,0.000549,0.001098
AAGTTCGGCCAACAGG-1,0.000012,0.177126,0.048072,0.007959,0.76683
AAGTTGTGATGTTATA-1,0.000035,0.065324,0.764891,0.000805,0.168944
AAGTTTACTAATGGCA-1,0.08592,0.000087,0.913731,0.000087,0.000175
AAGTTTATGGGCCCAA-1,0.000013,0.183979,0.187473,0.002897,0.625639
AATAACAACGCTCGGC-1,0.131971,0.040277,0.224435,0.175709,0.427607
AATAACACTAGAACAA-1,0.002168,0.051488,0.148051,0.221329,0.576963
AATAACGTCGCGCCCA-1,0.501145,0.000034,0.487843,0.010911,0.000067
AATAAGTCCTCGAGAC-1,0.362604,0.214822,0.421558,0.000338,0.000677
AATAATCTTCGTATCG-1,0.082941,0.708007,0.186972,0.002029,0.02005
AATACAATGTTTCAGG-1,0.000016,0.532241,0.06895,0.147457,0.251335
AATACCGGAGGGCTGT-1,0.010049,0.074227,0.227192,0.093715,0.594817
AATACCTGATGTGAAC-1,0.033233,0.121525,0.749046,0.015683,0.080513
AATAGAACAGAGTGGC-1,0.093878,0.141382,0.091416,0.378489,0.294834
AATAGAATCTGTTTCA-1,0.148966,0.000042,0.553382,0.257262,0.040348
AATAGCAAGCCTCCTG-1,0.586627,0.412826,0.000274,0.000091,0.000183
AATAGCTACCGCGTGC-1,0.89667,0.021227,0.031942,0.050056,0.000106
AATAGGCACGACCCTT-1,0.01886,0.079738,0.453988,0.270809,0.176605
AATAGTCCGTCCCGAC-1,0.00015,0.01589,0.764808,0.013988,0.205164
AATAGTCGCGAGTCGG-1,0.034681,0.023641,0.134036,0.355189,0.452454
AATATCAAGGTCGGAT-1,0.043854,0.023452,0.777478,0.081615,0.073601
AATATCCTAGCAAACT-1,0.019308,0.019841,0.647033,0.151214,0.162604
AATATCGAATCAATGC-1,0.311586,0.270363,0.256822,0.000074,0.161155
AATATCGAGGGTTCTC-1,0.89931,0.000069,0.079302,0.021183,0.000137
AATATTGGAGTATTGA-1,0.035569,0.000079,0.812277,0.069438,0.082638
AATCAGACTGCAGGAC-1,0.241442,0.003091,0.487742,0.040569,0.227155
AATCAGGTTTCATTTA-1,0.000249,0.028963,0.44513,0.095859,0.429799
AATCATGTAAAGACTC-1,0.219714,0.041268,0.670797,0.012936,0.055285
AATCCAAGGGCCTGAG-1,0.168972,0.012806,0.527726,0.100705,0.189792
AATCCATGCAAGGGTG-1,0.030773,0.014507,0.823792,0.017608,0.11332
AATCCCGCTCAGAGCC-1,0.000026,0.04597,0.855794,0.000177,0.098034
AATCGAGGTCTCAAGG-1,0.097352,0.050111,0.536634,0.01976,0.296143
AATCGCCTCAGCGCCA-1,0.026649,0.000033,0.21943,0.732845,0.021043
AATCGCGCAGAGGACT-1,0.206214,0.765531,0.027351,0.000046,0.000858
AATCGGGACACTACGA-1,0.06305,0.033949,0.322384,0.096757,0.483859
AATCGGTATAGCCCTC-1,0.002804,0.290705,0.440972,0.017102,0.248417
AATCGTGAGCCGAGCA-1,0.106457,0.017405,0.007423,0.009265,0.859451
AATCTAGGTTTACTTG-1,0.099425,0.055141,0.380781,0.072552,0.392101
AATCTATGCCGGAGCC-1,0.836206,0.013198,0.150213,0.000127,0.000255
AATCTCTACTGTGGTT-1,0.00778,0.325187,0.228323,0.178737,0.259973
AATCTGCGTTGGGACG-1,0.181647,0.009036,0.483248,0.021194,0.304876
AATCTGGCTTTCTAGT-1,0.001781,0.04688,0.198151,0.093757,0.659431
AATCTGGGTAGACCCT-1,0.953639,0.000067,0.042671,0.003489,0.000134
AATGACAGCAATGTCT-1,0.00003,0.02946,0.416202,0.303138,0.25117
AATGACGTAGGATGTC-1,0.012827,0.060932,0.113992,0.028499,0.78375
AATGACTGTCAGCCGG-1,0.043434,0.071887,0.367919,0.0261,0.490661
AATGAGTTCGCATATG-1,0.031089,0.001292,0.880041,0.039006,0.048572
AATGATGATACGCTAT-1,0.783285,0.000266,0.21565,0.000266,0.000533
AATGATGCGACTCCTG-1,0.833527,0.000086,0.048122,0.118094,0.000172
AATGCAACCGGGTACC-1,0.058032,0.020026,0.266099,0.283034,0.372809
AATGCACCAAGCAATG-1,0.850714,0.000125,0.06093,0.087982,0.000249
AATGGCCGCCAATGCG-1,0.599632,0.224476,0.175134,0.000252,0.000505
AATGGTCCACCGTTCA-1,0.050969,0.020175,0.711981,0.100448,0.116427
AATGGTTCTCACAAGC-1,0.070239,0.023949,0.148026,0.096892,0.660894
AATGTATGGCACTGTA-1,0.017068,0.005728,0.738333,0.184833,0.054038
AATGTGCCCGAGGTGT-1,0.000105,0.076098,0.392353,0.230394,0.30105
AATGTGCTAATCTGAG-1,0.000009,0.211558,0.002882,0.19489,0.590661
AATGTTAAGACCCTGA-1,0.297116,0.124356,0.38684,0.011512,0.180175
AATGTTGTCGTGAGAC-1,0.000017,0.175292,0.628912,0.001023,0.194755
AATTAAAGGTCGGCGT-1,0.057015,0.035044,0.462753,0.116252,0.328936
AATTAACGGATTTCCA-1,0.055135,0.159446,0.315969,0.015518,0.453932
AATTACGAGACCCATC-1,0.001796,0.026031,0.69585,0.066545,0.209778
AATTACTCGTACGCTC-1,0.014651,0.008492,0.709509,0.139936,0.127413
AATTAGCGCTGCAGCG-1,0.02424,0.00004,0.796802,0.033959,0.144959
AATTATACCCAGCAAG-1,0.001822,0.092023,0.685847,0.090455,0.129854
AATTCATAAGGGATCT-1,0.17589,0.016861,0.457165,0.015021,0.335062
AATTCATTGTCATGCA-1,0.00002,0.011601,0.231983,0.628459,0.127936
AATTCCAACTTGGTGA-1,0.000564,0.016904,0.414519,0.01717,0.550843
AATTCCAAGCATGTAC-1,0.000021,0.058118,0.635578,0.004239,0.302044
AATTCGATTCGAGGAT-1,0.000037,0.001251,0.960788,0.001555,0.036369
AATTCTAGAGTTAGGC-1,0.04725,0.005849,0.535758,0.352527,0.058616
AATTGAACGCTCTGGT-1,0.021044,0.000042,0.766259,0.081703,0.130952
AATTGCAGCAATCGAC-1,0.000576,0.036804,0.659316,0.01409,0.289213
AATTGCGTGGATTACA-1,0.061185,0.046803,0.00151,0.004601,0.885901
AATTGTGGTTGCCAAA-1,0.001044,0.671983,0.322514,0.002839,0.00162
AATTTGGGACATAGTA-1,0.837159,0.000591,0.160479,0.000591,0.001181
AATTTGGTTCCAAAGA-1,0.088177,0.00004,0.854978,0.011076,0.045729
ACAAACCATGCGTCCT-1,0.14563,0.076622,0.342209,0.357165,0.078374
ACAAACCGACAAGGCG-1,0.914849,0.00005,0.084949,0.00005,0.000101
ACAAACTCCATCAGAG-1,0.023145,0.094828,0.548829,0.103601,0.229598
ACAAAGAAGGTAGGCC-1,0.008007,0.022241,0.500458,0.066506,0.402788
ACAAAGCATGACCTAG-1,0.001744,0.207434,0.498289,0.099788,0.192745
ACAAATCGCACCGAAT-1,0.009956,0.003386,0.803496,0.022859,0.160303
ACAAATGGTAGTGTTT-1,0.02051,0.02931,0.511873,0.003705,0.434602
ACAAATTCAGATCTGA-1,0.999129,0.000124,0.000373,0.000124,0.000249
ACAACAGCATGAGCTA-1,0.071456,0.048351,0.507496,0.088147,0.284551
ACAACGGTCCCTGCGA-1,0.03127,0.056348,0.294798,0.321712,0.295872
ACAAGCAGTGCCTAGC-1,0.026843,0.019447,0.316878,0.19896,0.437872
ACAAGCTATATGGAAG-1,0.404609,0.009254,0.483679,0.027693,0.074765
ACAAGGAAATCCGCCC-1,0.000016,0.061571,0.112906,0.03471,0.790797
ACAAGGACAAGAGGTT-1,0.023435,0.042632,0.025527,0.216314,0.692092
ACAAGGATGCTTTAGG-1,0.008134,0.00004,0.827327,0.045937,0.118561
ACAAGGCCTACCAGCC-1,0.737841,0.039757,0.221442,0.00032,0.000641
ACAAGGGCAGGCTCTG-1,0.000015,0.07853,0.002387,0.441423,0.477645
ACAAGTAATTGTAAGG-1,0.001773,0.103519,0.19854,0.03137,0.664798
ACAATAGTCGTACGTT-1,0.410759,0.052312,0.107866,0.228377,0.200687
ACAATCCATTTAAACC-1,0.126148,0.049272,0.21795,0.015007,0.591622
ACAATCGATCTTTATA-1,0.770704,0.000099,0.209416,0.000099,0.019682
ACAATGAATACGGAGA-1,0.032739,0.104596,0.222526,0.295644,0.344495
ACAATGATTCTTCTAC-1,0.863449,0.134862,0.000642,0.000619,0.000428
ACAATTGTGTCTCTTT-1,0.191666,0.093826,0.620235,0.008533,0.085739
ACAATTTAGGAGGCTC-1,0.117876,0.021124,0.442593,0.277498,0.140909
ACAATTTGAGCAGTGG-1,0.029887,0.329152,0.211096,0.094094,0.335772
ACAATTTGGCCATATT-1,0.160753,0.668891,0.132688,0.00004,0.037628
ACACAAAGACGGGTGG-1,0.057128,0.011731,0.601335,0.192779,0.137027
ACACAAATATTCCTAG-1,0.545708,0.430375,0.023643,0.000091,0.000183
ACACACCAGGACCAGT-1,0.015926,0.061315,0.642784,0.00242,0.277555
ACACACTTTCTACACG-1,0.048043,0.024346,0.250489,0.178761,0.498361
ACACATGATCAAATCT-1,0.001003,0.047278,0.474364,0.112314,0.36504
ACACATTGACGCAACA-1,0.000022,0.086411,0.11806,0.03169,0.763817
ACACATTTCCGTAGAC-1,0.023057,0.009881,0.540006,0.02018,0.406875
ACACCACATAATTAGC-1,0.916894,0.000106,0.050079,0.032708,0.000213
ACACCCAGCATGCAGC-1,0.039557,0.047393,0.530632,0.050686,0.331732
ACACCCGAGAAATCCG-1,0.042532,0.030412,0.505601,0.028068,0.393387
ACACCCGTAAATCTGT-1,0.898972,0.000422,0.001265,0.000422,0.09892
ACACCGAGCGCTCTTT-1,0.03302,0.044511,0.238398,0.100164,0.583907
ACACCGGTCTGACCGC-1,0.026698,0.279785,0.089683,0.227002,0.376832
ACACCTTAAGTAGGGC-1,0.043488,0.036757,0.283793,0.365178,0.270784
ACACCTTACTACTTGC-1,0.546045,0.042319,0.411081,0.000185,0.000369
ACACGAGACTCCTTCT-1,0.182377,0.000047,0.493152,0.231039,0.093385
ACACGGCACTATGCAT-1,0.998902,0.000157,0.000471,0.000157,0.000314
ACACGGGAACTTAGGG-1,0.055887,0.077036,0.488847,0.241129,0.137101
ACACGTAGGCCACAAG-1,0.034572,0.418191,0.54229,0.000038,0.00491
ACACTCCAATGTCACT-1,0.01844,0.003386,0.737125,0.164558,0.07649
ACACTGATCAAGGTGT-1,0.166382,0.137282,0.208455,0.33695,0.150931
ACACTGGGACAGTCGT-1,0.026888,0.62826,0.344732,0.00004,0.00008
ACAGAACTGAGAACAA-1,0.152302,0.040988,0.304554,0.129373,0.372783
ACAGATTAGGTTAGTG-1,0.107165,0.000055,0.75806,0.071948,0.062772
ACAGCATAGAGCCAGT-1,0.080966,0.538665,0.070627,0.091025,0.218717
ACAGCGACATTCTCAT-1,0.00969,0.003381,0.860845,0.019015,0.107069
ACAGCGCACCCGCAGC-1,0.894499,0.000184,0.101941,0.003009,0.000367
ACAGGAGGCGCAGCCG-1,0.065875,0.059272,0.521262,0.05433,0.299261
ACAGGCACGGATCCTT-1,0.001705,0.080091,0.424907,0.147163,0.346133
ACAGGCTTGCCCGACT-1,0.021341,0.023889,0.586739,0.051604,0.316427
ACAGGTGGAGGTGAGG-1,0.001993,0.065223,0.070613,0.253614,0.608557
ACAGGTGTGTTGTTGC-1,0.02528,0.093158,0.036947,0.093342,0.751274
ACAGTAATACAACTTG-1,0.02648,0.002253,0.503603,0.435382,0.032282
ACAGTATACCGTGGGA-1,0.884981,0.026541,0.000138,0.08654,0.0018
ACAGTGCAGCGCATTT-1,0.448886,0.518956,0.030812,0.000449,0.000898
ACATAAGTCGTGGTGA-1,0.000493,0.037123,0.577297,0.116113,0.268974
ACATAATAAGGCGGTG-1,0.218911,0.115344,0.05442,0.002029,0.609295
ACATACAATCAAGCGG-1,0.002467,0.026229,0.780391,0.013749,0.177164
ACATCAGCTGGGACGC-1,0.042239,0.003263,0.438162,0.264701,0.251635
ACATCCCGGCCATACG-1,0.163896,0.045467,0.551471,0.162933,0.076233
ACATCCTGGTAACTGT-1,0.516193,0.281894,0.201519,0.000087,0.000307
ACATCGATCGTTTACC-1,0.080936,0.006277,0.472618,0.000055,0.440113
ACATCGCAATATTCGG-1,0.001974,0.030149,0.618189,0.284014,0.065674
ACATCGGTCAGCCGCG-1,0.000021,0.035293,0.359268,0.022367,0.58305
ACATCGTATGCAATGG-1,0.010869,0.025947,0.401209,0.039962,0.522014
ACATCGTTAACCTAGT-1,0.269677,0.00008,0.716023,0.00008,0.01414
ACATCTCAACGCGTAA-1,0.684422,0.000222,0.314691,0.000222,0.000443
ACATGCTTACGGCAGC-1,0.037776,0.045337,0.267405,0.140783,0.508699
ACATGGCGCCAAAGTA-1,0.849191,0.000073,0.150517,0.000073,0.000146
ACATGGCTCAATTTAG-1,0.055108,0.01817,0.447279,0.015911,0.463534
ACATTAGTTTATATCC-1,0.046341,0.037196,0.154907,0.186074,0.575482
ACATTCGCGCGGAATA-1,0.008458,0.057706,0.201993,0.074852,0.656992
ACATTTGAAACCTAAC-1,0.023829,0.005183,0.452574,0.518365,0.000049
ACCAAACACCCAGCGA-1,0.916753,0.000036,0.000107,0.083033,0.000071
ACCAAACTAGAAATCC-1,0.70988,0.000168,0.289449,0.000168,0.000336
ACCAACACCACACACT-1,0.846336,0.025962,0.049934,0.077682,0.000087
ACCAACCGCACTCCAC-1,0.004519,0.008484,0.580326,0.00648,0.400191
ACCAACGCTTATTTAT-1,0.136413,0.088086,0.153632,0.534627,0.087242
ACCAAGAACGCGTGTC-1,0.055017,0.096048,0.340524,0.01376,0.494651
ACCAAGTCATCGGCAG-1,0.00003,0.073748,0.869974,0.00206,0.054189
ACCAATATGCAAGTTA-1,0.014528,0.024585,0.363608,0.079819,0.51746
ACCACAACTCAGAACA-1,0.845655,0.000098,0.11828,0.000098,0.035868
ACCACAAGTTTCTATC-1,0.141164,0.008361,0.461913,0.008434,0.380129
ACCACACGGTTGATGG-1,0.180472,0.011564,0.717257,0.060827,0.02988
ACCACCAATGTAACAA-1,0.346004,0.000379,0.652478,0.000379,0.000759
ACCACCCTCTCTTCTA-1,0.79845,0.110258,0.000109,0.040017,0.051167
ACCACGTGCAGCTATA-1,0.025582,0.013018,0.552572,0.318567,0.090261
ACCACTGTTCAAGAAG-1,0.005543,0.036075,0.804945,0.065287,0.088151
ACCAGACCATAACAAC-1,0.044338,0.126098,0.183719,0.069753,0.576093
ACCAGCCCGGTCTTTG-1,0.873711,0.000436,0.124544,0.000436,0.000873
ACCAGGAGTGTGATCT-1,0.103452,0.027871,0.568836,0.054495,0.245345
ACCAGTGCCCGGTCAA-1,0.998781,0.000069,0.000208,0.000803,0.000139
ACCAGTGCGGGAGACG-1,0.019467,0.050514,0.43771,0.101395,0.390914
ACCATATCCGCAATAA-1,0.110503,0.020957,0.161302,0.025813,0.681426
ACCATCCGCCAACTAG-1,0.026258,0.010834,0.449165,0.389194,0.124549
ACCATCGTATATGGTA-1,0.000048,0.003798,0.503966,0.118354,0.373833
ACCATTAAGGGTGTCA-1,0.000046,0.000046,0.498728,0.497257,0.003923
ACCCAACGCCCGTGGC-1,0.05577,0.009177,0.253134,0.013654,0.668265
ACCCACCTACATGCTC-1,0.027857,0.031068,0.221014,0.36773,0.352331
ACCCATCTTGAGGGTA-1,0.031755,0.019731,0.400608,0.388263,0.159643
ACCCATTTGTCCCTCT-1,0.000688,0.055211,0.686288,0.039837,0.217976
ACCCGAGCGAAATTAC-1,0.016118,0.084447,0.513732,0.089681,0.296022
ACCCGATTGGTTCCGA-1,0.007595,0.024307,0.252062,0.493819,0.222218
ACCCGGAAACTCCCAG-1,0.038638,0.049712,0.666759,0.135685,0.109205
ACCCGGAGCACCACAA-1,0.000006,0.977539,0.00089,0.000036,0.021528
ACCCGGATGACGCATC-1,0.455223,0.021569,0.32838,0.101456,0.093372
ACCCGGTTACACTTCC-1,0.000023,0.049974,0.03817,0.004028,0.907806
ACCCGTAGCAGAGAAT-1,0.000454,0.062788,0.480362,0.312895,0.143502
ACCCGTAGTCTAGTTG-1,0.166129,0.156034,0.392596,0.285176,0.000065
ACCCGTGTCATCAGTA-1,0.261915,0.000614,0.48238,0.145554,0.109538
ACCCTATAGGACTGAG-1,0.094568,0.067763,0.306644,0.032521,0.498504
ACCCTATGCCATATCG-1,0.004451,0.116802,0.494444,0.306143,0.07816
ACCCTCCCGTCAGGGC-1,0.054594,0.005004,0.660188,0.262261,0.017953
ACCCTCCCTTGCTATT-1,0.027341,0.00453,0.419036,0.338306,0.210788
ACCCTGGTAACGCCCT-1,0.987544,0.000033,0.000099,0.012258,0.000066
ACCCTTCATCTGCGAA-1,0.146523,0.000605,0.357371,0.377567,0.117934
ACCCTTGCCTGGGTCG-1,0.786253,0.002136,0.211058,0.000185,0.000369
ACCCTTTAGTTCTCCA-1,0.97941,0.000067,0.020322,0.000067,0.000134
ACCGAAAGGGCCCTGC-1,0.043312,0.009691,0.667193,0.008508,0.271296
ACCGAAGAGTCTGGTT-1,0.00983,0.035625,0.171968,0.080542,0.702035
ACCGACACATCTCCCA-1,0.032116,0.082534,0.475385,0.283353,0.126612
ACCGACTGAGTCCCAC-1,0.158361,0.020228,0.387007,0.108691,0.325713
ACCGAGTCTCCTTATT-1,0.03238,0.008128,0.481556,0.344583,0.133353
ACCGATAGGCATAACC-1,0.000008,0.975773,0.000431,0.000551,0.023238
ACCGATATTTAATCAT-1,0.010627,0.73764,0.225758,0.01163,0.014344
ACCGATGGTAGCATCG-1,0.114002,0.032709,0.617369,0.076646,0.159274
ACCGCAATAACTGCCT-1,0.000862,0.022027,0.232768,0.006773,0.73757
ACCGCGGTGGAAGTCG-1,0.510692,0.137097,0.351558,0.000218,0.000436
ACCGCTAGTCATTGGT-1,0.010667,0.066525,0.053517,0.549805,0.319486
ACCGGGCCTTTGTTGA-1,0.064633,0.024504,0.809237,0.024676,0.07695
ACCGGTCAGGTACACC-1,0.000019,0.022024,0.536351,0.009591,0.432014
ACCGGTCTGAGTACGG-1,0.998658,0.000192,0.000575,0.000192,0.000383
ACCGTCCACTGGGCCC-1,0.000015,0.037213,0.58549,0.047342,0.32994
ACCGTGACCACGTGGG-1,0.007904,0.051922,0.217196,0.090015,0.632963
ACCGTTCCCGCTCTGA-1,0.796947,0.000138,0.202502,0.000138,0.000276
ACCTAAGTACCTTTCA-1,0.006989,0.040211,0.450237,0.181389,0.321174
ACCTAATCGACTTCCT-1,0.083351,0.062327,0.000057,0.000019,0.854246
ACCTACAGTATGTGGT-1,0.374516,0.00084,0.622124,0.00084,0.00168
ACCTACTATAAATCTA-1,0.000017,0.050425,0.47054,0.006072,0.472946
ACCTCAGCGAGGCGCA-1,0.016034,0.106854,0.296355,0.031921,0.548837
ACCTCCGCCCTCGCTG-1,0.167387,0.270226,0.451564,0.000091,0.110732
ACCTCCGTTATTCACC-1,0.942205,0.003797,0.000133,0.053776,0.000089
ACCTCGAACTTATGCT-1,0.018434,0.105517,0.22766,0.249143,0.399245
ACCTGCGTGTCATGTT-1,0.027599,0.080172,0.640599,0.154095,0.097535
ACCTTTCCTTTAGAAG-1,0.981078,0.000137,0.00041,0.000137,0.018238
ACGAAATGGGCGGCAC-1,0.202851,0.030633,0.270851,0.3228,0.172866
ACGACCCATGAGTTGC-1,0.011746,0.865853,0.081746,0.032344,0.00831
ACGACTCTAGGGCCGA-1,0.00268,0.049338,0.586459,0.069844,0.291679
ACGACTGGTCATACTC-1,0.076167,0.196227,0.014656,0.638881,0.074069
ACGAGAACCCATCACG-1,0.145929,0.025224,0.505056,0.129226,0.194565
ACGAGATATTTGCTTA-1,0.981537,0.000278,0.000835,0.016793,0.000557
ACGAGGATACCACTCT-1,0.049495,0.239998,0.241794,0.054551,0.414161
ACGAGGTTTACAACGT-1,0.001551,0.008921,0.419774,0.431941,0.137814
ACGAGTACGGATGCCC-1,0.985281,0.000046,0.000137,0.014445,0.000091
ACGAGTCGCCGGCGTT-1,0.027467,0.020697,0.444252,0.030422,0.477162
ACGATACATAGAACTA-1,0.04947,0.002413,0.736642,0.030531,0.180944
ACGATACCTATCCTGA-1,0.061994,0.052949,0.20937,0.651757,0.02393
ACGATCATACATAGAG-1,0.075538,0.057329,0.55528,0.039955,0.271899
ACGATCATCTTGTAAA-1,0.845248,0.021895,0.129054,0.003684,0.00012
ACGATGCATATGTTAT-1,0.084402,0.033365,0.385409,0.091515,0.405308
ACGATGGATCCGATGC-1,0.317006,0.000048,0.509875,0.001928,0.171143
ACGCAAACTAATAGAT-1,0.056114,0.025257,0.657267,0.206015,0.055347
ACGCAATCACTACAGC-1,0.840665,0.016079,0.142787,0.000157,0.000313
ACGCATAAATGACATG-1,0.519246,0.479901,0.000426,0.000142,0.000284
ACGCATACGTTTACTA-1,0.381352,0.000075,0.618348,0.000075,0.00015
ACGCATTCGTGAGTAC-1,0.077077,0.000076,0.808688,0.007334,0.106824
ACGCCACTCGAAACAG-1,0.023388,0.137488,0.006019,0.000012,0.833093
ACGCCAGATGATTTCT-1,0.067839,0.003712,0.712508,0.069764,0.146176
ACGCCAGTGCGTTTGC-1,0.015191,0.045516,0.779887,0.016837,0.142569
ACGCCCAGCTGTCGAT-1,0.761303,0.00037,0.237215,0.00037,0.000741
ACGCCGCTAGACGACC-1,0.003047,0.048563,0.760981,0.030346,0.157063
ACGCCTGACACGCGCT-1,0.100186,0.010444,0.202202,0.156279,0.530888
ACGCGAAGTCAGACGA-1,0.049749,0.38018,0.016494,0.217935,0.335643
ACGCGCTACACAGGGT-1,0.000018,0.260744,0.192158,0.013008,0.534072
ACGCGGGCCAAGGACA-1,0.031834,0.013856,0.336106,0.410302,0.207903
ACGCGTTTCTTAAGAG-1,0.007422,0.006138,0.553069,0.318378,0.114994
ACGCTACTGAATGGGC-1,0.3176,0.128353,0.550872,0.003066,0.000109
ACGCTAGTATCAGTGC-1,0.331019,0.668012,0.000485,0.000162,0.000323
ACGCTAGTGATACACT-1,0.898731,0.000047,0.00014,0.10099,0.000093
ACGCTGTGAGGCGTAG-1,0.006876,0.010984,0.545557,0.062276,0.374308
ACGCTTAGTGTCTCTC-1,0.398992,0.000073,0.600717,0.000073,0.000145
ACGGAACACGAGTGCC-1,0.006514,0.065857,0.724093,0.007104,0.196433
ACGGAATTTAGCAAAT-1,0.013191,0.035246,0.572893,0.064976,0.313694
ACGGACGCAGCGACAA-1,0.000012,0.044512,0.335175,0.037586,0.582716
ACGGACTCTCAAAGCG-1,0.002781,0.093055,0.239456,0.003989,0.660719
ACGGAGCGCAAATTAC-1,0.688046,0.032566,0.065631,0.078461,0.135296
ACGGATGGTGCGGATA-1,0.013328,0.000046,0.750804,0.195823,0.039999
ACGGCACTTGCTTGGG-1,0.007203,0.019603,0.634829,0.096416,0.241948
ACGGCCAACATGGACT-1,0.045706,0.104592,0.266443,0.229925,0.353335
ACGGCGACGATGGGAA-1,0.075574,0.035801,0.636418,0.114126,0.13808
ACGGCGGGTTGCCCTG-1,0.066013,0.022948,0.703415,0.096538,0.111085
ACGGCTGGATGTAGAA-1,0.000017,0.035936,0.611214,0.102936,0.249898
ACGGGAGTGTCGGCCC-1,0.00002,0.049388,0.278238,0.082061,0.590293
ACGGGCGTATGCGACA-1,0.996459,0.000048,0.000143,0.003254,0.000096
ACGGGTCATGTGACTT-1,0.328829,0.000025,0.112688,0.558409,0.000049
ACGGGTTGTGACCTGT-1,0.021427,0.107113,0.384586,0.137449,0.349425
ACGGTACAGTTCAATG-1,0.000025,0.123949,0.513881,0.114653,0.247491
ACGGTCACCGAGAACA-1,0.000885,0.093004,0.222671,0.203266,0.480174
ACGTACAGATTTCTCT-1,0.106789,0.000066,0.716583,0.001447,0.175115
ACGTACTTTGGCACGG-1,0.000384,0.024553,0.456655,0.131172,0.387235
ACGTAGATTGCTGATG-1,0.083224,0.150942,0.512028,0.061526,0.19228
ACGTAGGAGAGTCGCT-1,0.031304,0.025426,0.683398,0.005808,0.254064
ACGTATTACTCCGATC-1,0.131749,0.101515,0.483341,0.078495,0.2049
ACGTCCTAAACGAGAT-1,0.830216,0.000289,0.16863,0.000289,0.000577
ACGTCGGGCAACTCGG-1,0.000234,0.036021,0.289153,0.269666,0.404927
ACGTCTCGTTCCGGGA-1,0.087087,0.000034,0.54719,0.355792,0.009897
ACGTGACAAAGTAAGT-1,0.025914,0.118117,0.421214,0.202605,0.23215
ACGTGCGCCTCGTGCA-1,0.03517,0.000045,0.732174,0.09884,0.133771
ACGTGGTCGAATGTGC-1,0.586851,0.00073,0.411448,0.000859,0.000112
ACGTTAATGTCGAAGA-1,0.043501,0.023537,0.279829,0.033726,0.619408
ACGTTAGATTTGCCCG-1,0.000031,0.012142,0.203684,0.045921,0.738222
ACGTTATTGGTCACTC-1,0.039912,0.116214,0.301387,0.160908,0.381579
ACGTTCACTATGCCGC-1,0.056963,0.015605,0.410243,0.3779,0.139289
ACGTTCCGCGCTCCGT-1,0.072556,0.000036,0.543067,0.180297,0.204045
ACGTTCGCAATCAATT-1,0.905741,0.022832,0.00007,0.070467,0.00089
ACGTTCGTTCAGGAAA-1,0.000044,0.108845,0.294848,0.074377,0.521886
ACGTTCTGTACAAGTC-1,0.036113,0.011353,0.888548,0.009431,0.054555
ACGTTGTCGTTGAAAG-1,0.016756,0.072834,0.40665,0.254838,0.248921
ACGTTTAGTTGTGATC-1,0.015949,0.023503,0.14637,0.397794,0.416385
ACGTTTCGGTGCACTT-1,0.401019,0.074028,0.390339,0.134503,0.00011
ACTAAGGACGCACACC-1,0.827797,0.170946,0.000628,0.000209,0.000419
ACTAATACGTCAGGCG-1,0.969813,0.000092,0.000275,0.029636,0.000184
ACTACAAAGAGAGGTG-1,0.006636,0.070227,0.707481,0.05874,0.156917
ACTACATCCCGACAAG-1,0.371885,0.055498,0.372525,0.091978,0.108114
ACTACCAGCTCTCTGG-1,0.103595,0.106547,0.124898,0.023673,0.641286
ACTACCATCCGAGGGC-1,0.00903,0.016784,0.052813,0.9054,0.015972
ACTACGCGTTAGAATT-1,0.007235,0.053958,0.822759,0.016203,0.099844
ACTAGTTGCGATCGTC-1,0.535285,0.045797,0.418606,0.000104,0.000208
ACTATATGCTGTGTTC-1,0.963611,0.000093,0.03186,0.00425,0.000186
ACTATCCAGGGCATGG-1,0.662703,0.137703,0.191711,0.000059,0.007824
ACTATCGCCGGCTAAA-1,0.124719,0.006165,0.708206,0.084245,0.076665
ACTATCTGCCCGCGTA-1,0.170995,0.649726,0.167692,0.001557,0.01003
ACTATGTCCAGCTGCC-1,0.009914,0.077763,0.434775,0.009974,0.467574
ACTATTCGTCCGTGGT-1,0.01857,0.000331,0.839454,0.000043,0.141601
ACTATTTCCGGGCCCA-1,0.132777,0.017078,0.567142,0.163625,0.119378
ACTCAACGAATGTATT-1,0.061743,0.031569,0.472087,0.190771,0.243829
ACTCAAGTGCAAGGCT-1,0.007152,0.019263,0.503964,0.010003,0.459619
ACTCAATAAAGGCACG-1,0.091806,0.018315,0.678607,0.055554,0.155719
ACTCAGACCTGCTTCT-1,0.144561,0.011548,0.635813,0.079556,0.128521
ACTCATGGCAGCCTTC-1,0.000016,0.056419,0.239545,0.013769,0.690251
ACTCCAATATCATCAT-1,0.071237,0.083491,0.263838,0.012827,0.568608
ACTCCCATTCCTAAAG-1,0.228022,0.068626,0.378988,0.029498,0.294867
ACTCCCGAATTCGTTT-1,0.999742,0.000037,0.000111,0.000037,0.000074
ACTCCCGTAGACTAGG-1,0.788396,0.099581,0.000118,0.008124,0.10378
ACTCCCTAATGCTAAA-1,0.021864,0.000505,0.630857,0.333839,0.012935
ACTCCCTAGAATAGTA-1,0.006142,0.036798,0.098623,0.411931,0.446505
ACTCCGGCCGACCACT-1,0.002649,0.061243,0.495009,0.017496,0.423604
ACTCGATGTATTTCAT-1,0.000038,0.085593,0.425565,0.134551,0.354252
ACTCGCCGTTCGATAA-1,0.078551,0.063566,0.627514,0.228656,0.001713
ACTCGCGATCTGACGC-1,0.513053,0.350708,0.136137,0.000034,0.000069
ACTCGTAACCCGTCCT-1,0.021248,0.0395,0.37759,0.427414,0.134248
ACTCGTCAGTAATCCC-1,0.000021,0.117389,0.021336,0.000495,0.860759
ACTCTAAACCTGGGAT-1,0.026015,0.017633,0.671559,0.207639,0.077154
ACTCTCTGACTTAGGT-1,0.059936,0.017723,0.717911,0.11403,0.0904
ACTCTCTTATACACGA-1,0.997699,0.000329,0.000986,0.000329,0.000657
ACTCTGACCTAATAGA-1,0.01358,0.038109,0.788934,0.100544,0.058833
ACTCTTCAGCTCCCGC-1,0.650354,0.231276,0.058645,0.059632,0.000093
ACTCTTGTATAGTAAC-1,0.235091,0.030868,0.307275,0.030304,0.396461
ACTGAAACGCCGTTAG-1,0.001766,0.035615,0.733288,0.01851,0.210821
ACTGAATGGCGAAAGT-1,0.074921,0.043233,0.786604,0.060983,0.034259
ACTGATTTAGTGATTC-1,0.576814,0.000059,0.422107,0.000059,0.000962
ACTGCCCGCCATTCTC-1,0.009429,0.068499,0.358769,0.254678,0.308626
ACTGCCGTCGTAACTC-1,0.038747,0.000051,0.365755,0.473474,0.121973
ACTGCGGACACACCGT-1,0.734414,0.14005,0.125356,0.00006,0.000119
ACTGCTCGGAAGGATG-1,0.00337,0.082913,0.346641,0.221791,0.345286
ACTGGCGAACCTGCGT-1,0.618032,0.219665,0.161439,0.000288,0.000576
ACTGGGATGCCAGTGC-1,0.00002,0.034239,0.425733,0.004428,0.535581
ACTGTACGATACACAT-1,0.099625,0.051158,0.54159,0.018804,0.288823
ACTGTAGCACTTTGGA-1,0.001599,0.073977,0.274233,0.524538,0.125654
ACTGTATACGCGAGCA-1,0.033643,0.033735,0.511367,0.093901,0.327354
ACTGTCCAGGATTATA-1,0.01624,0.041387,0.058846,0.004854,0.878673
ACTGTCTTCTTTAGAA-1,0.309402,0.045841,0.034755,0.115861,0.494142
ACTGTGCTAGTAGATC-1,0.006167,0.00006,0.759117,0.201143,0.033513
ACTGTTTAGTGTAGGC-1,0.238141,0.00011,0.703216,0.00011,0.058421
ACTTACCGGGCGCGCA-1,0.72338,0.03936,0.236908,0.000117,0.000235
ACTTACGCATCCACGC-1,0.076076,0.017946,0.403196,0.003495,0.499287
ACTTAGTACGACAAGA-1,0.038317,0.019261,0.374671,0.101973,0.465778
ACTTATACTTACCCGG-1,0.099196,0.003046,0.768657,0.098578,0.030524
ACTTATCTGATCTATA-1,0.190371,0.027235,0.611754,0.08732,0.083319
ACTTATTAGGATCGGT-1,0.042842,0.018429,0.023299,0.119228,0.796203
ACTTATTTATGTGCCA-1,0.006165,0.03443,0.526372,0.205774,0.227261
ACTTCAGGCTGATCCC-1,0.000466,0.008439,0.903852,0.047052,0.040191
ACTTCCAGTGGAAGCT-1,0.026911,0.090916,0.396304,0.205286,0.280583
ACTTCCATGCGGGACA-1,0.013986,0.019514,0.819499,0.034644,0.112357
ACTTCCTGTCGTGCGA-1,0.657178,0.140937,0.200585,0.000433,0.000867
ACTTCGCCATACGCAC-1,0.044508,0.071797,0.107039,0.384575,0.392081
ACTTCGCTAGCGAGTG-1,0.748238,0.087841,0.163769,0.000051,0.000102
ACTTGACTCCCTCTTT-1,0.038174,0.101607,0.311368,0.00251,0.54634
ACTTGCCATATTGTAC-1,0.15847,0.000656,0.520344,0.290689,0.029841
ACTTGCTCTATCTACC-1,0.00833,0.085686,0.174876,0.076245,0.654863
ACTTGGGACCCGGTGG-1,0.179787,0.020674,0.154944,0.416243,0.228352
ACTTGGGCTTTCGCCA-1,0.016408,0.349764,0.399246,0.078456,0.156126
ACTTGTAGTCCCTTCA-1,0.047199,0.097347,0.471908,0.059803,0.323743
ACTTGTGGATGGAACG-1,0.262744,0.503061,0.23397,0.000075,0.00015
ACTTGTTACCGGATCA-1,0.023094,0.044816,0.730011,0.003485,0.198593
ACTTTACCCTCATGAA-1,0.938936,0.000034,0.001079,0.059523,0.000428
ACTTTATACACCACTT-1,0.018155,0.097304,0.451578,0.193337,0.239626
ACTTTCCTATAGCTTC-1,0.029083,0.012413,0.372335,0.028872,0.557297
ACTTTGACTGCATCCT-1,0.019165,0.031196,0.380678,0.26562,0.303341
ACTTTGGTCGTGCTCC-1,0.015625,0.063998,0.344236,0.28774,0.288401
ACTTTGTCGACGCACT-1,0.039911,0.873647,0.054382,0.026681,0.005379
AGAAATTATGACTCGC-1,0.001183,0.917289,0.049002,0.000256,0.03227
AGAACACGGCGATGGT-1,0.008216,0.120684,0.329099,0.1615,0.380502
AGAACCCAGCGTGACA-1,0.288995,0.509416,0.201494,0.000032,0.000064
AGAACCCTCAATTGGG-1,0.00001,0.080257,0.217654,0.196216,0.505863
AGAACGTGGTACATTC-1,0.103431,0.003735,0.492066,0.134908,0.26586
AGAACTGTACTTTGTA-1,0.02594,0.101233,0.596339,0.014763,0.261726
AGAAGAGCGCCGTTCC-1,0.000895,0.000894,0.995528,0.000895,0.001789
AGAAGGTACACTTCAC-1,0.004395,0.126211,0.064105,0.226838,0.578452
AGAAGGTTGCCGAATT-1,0.000033,0.107155,0.329057,0.064896,0.498859
AGAAGGTTGTAGGTCG-1,0.004311,0.041302,0.405628,0.045929,0.50283
AGAAGTGATTCGTGAT-1,0.076377,0.014852,0.274677,0.350647,0.283448
AGAATAAATCTTCAGG-1,0.129469,0.010966,0.408402,0.355448,0.095715
AGAATACAGGCTATCC-1,0.013629,0.074722,0.8399,0.011541,0.060208
AGAATGCGGGTTCGGA-1,0.999483,0.000074,0.000221,0.000074,0.000148
