Barcode,Topic 1,Topic 2,Topic 3,Topic 4,Topic 5,Topic 6
AAACAAGTATCTCCCA-1,0.021175,0.00238,0.02627,0.438315,0.370664,0.141196
AAACAATCTACTAGCA-1,0.999394,0.000121,0.000121,0.000121,0.000121,0.000121
AAACACCAATAACTGC-1,0.020947,0.045742,0.068685,0.164379,0.539791,0.160456
AAACAGAGCGACTCCT-1,0.018478,0.109739,0.182688,0.282297,0.30569,0.101108
AAACAGCTTTCAGAAG-1,0.076436,0.206774,0.068517,0.110657,0.179951,0.357665
AAACAGGGTCTATATT-1,0.000023,0.026023,0.543744,0.401536,0.021732,0.006941
AAACATGGTGAGAGGA-1,0.025059,0.207584,0.684382,0.019147,0.032425,0.031403
AAACATTTCCCGGATT-1,0.216796,0.21252,0.099632,0.102042,0.217166,0.151844
AAACCACTACACAGAT-1,0.999265,0.000147,0.000147,0.000147,0.000147,0.000147
AAACCCGAACGAAATC-1,0.000859,0.042654,0.24212,0.462566,0.215811,0.03599
AAACCGGAAATGTTAA-1,0.042651,0.036049,0.022971,0.344331,0.21184,0.342159
AAACCGGGTAGGTACC-1,0.039428,0.008855,0.118517,0.14829,0.516846,0.168065
AAACCGTTCGTCCAGG-1,0.04185,0.017224,0.001803,0.0072,0.428847,0.503076
AAACCTAAGCAGCCGG-1,0.025751,0.066142,0.10327,0.423943,0.263779,0.117115
AAACCTCATGAAGTTG-1,0.039087,0.021726,0.143793,0.201637,0.272317,0.321441
AAACGAAGAACATACC-1,0.99392,0.000104,0.000104,0.000104,0.000104,0.005665
AAACGAAGATGGAGTA-1,0.018016,0.103636,0.31654,0.138514,0.266758,0.156536
AAACGACAGTCTTGCC-1,0.997366,0.000526,0.000527,0.000527,0.000527,0.000526
AAACGAGACGGTTGAT-1,0.010181,0.040117,0.052287,0.102701,0.427836,0.366878
AAACGCCCGAGATCGG-1,0.998475,0.000305,0.000305,0.000305,0.000305,0.000305
AAACGCTGGGCACGAC-1,0.970671,0.000079,0.010771,0.007892,0.009008,0.001579
AAACGGGCGTACGGGT-1,0.068016,0.090353,0.327199,0.21866,0.174916,0.120854
AAACGGTTGCGAACTG-1,0.093035,0.0702,0.467756,0.206385,0.113936,0.048689
AAACGTGTTCGCCCTA-1,0.010389,0.050146,0.051465,0.366175,0.079658,0.442167
AAACTAACGTGGCGAC-1,0.097571,0.000044,0.000044,0.000044,0.000044,0.902254
AAACTCGGTTCGCAAT-1,0.021444,0.020822,0.006724,0.027246,0.718601,0.205162
AAACTCGTGATATAAG-1,0.023673,0.010379,0.021895,0.443033,0.161111,0.339909
AAACTGCTGGCTCCAA-1,0.665866,0.102765,0.152527,0.011513,0.038325,0.029004
AAACTTAATTGCACGC-1,0.008818,0.112479,0.217529,0.131822,0.167229,0.362123
AAACTTGCAAACGTAT-1,0.00136,0.080605,0.495929,0.186158,0.212826,0.023122
AAAGAATGACCTTAGA-1,0.000653,0.111806,0.204534,0.080583,0.226874,0.375551
AAAGAATGTGGACTAA-1,0.232323,0.022352,0.268232,0.176693,0.223527,0.076873
AAAGACATGAAGTTTA-1,0.999477,0.000105,0.000105,0.000105,0.000105,0.000105
AAAGACCCAAGTCGCG-1,0.015486,0.041079,0.030502,0.107417,0.478356,0.32716
AAAGACTGGGCGCTTT-1,0.000036,0.012662,0.67489,0.265533,0.043573,0.003307
AAAGCTTGCCTACATA-1,0.030041,0.10673,0.221866,0.351019,0.191192,0.099152
AAAGGCCCTATAATAC-1,0.097335,0.030886,0.040264,0.13024,0.408462,0.292812
AAAGGCTACGGACCAT-1,0.097011,0.010739,0.06251,0.056006,0.523731,0.250004
AAAGGCTCTCGCGCCG-1,0.022206,0.01019,0.064125,0.084697,0.43159,0.387191
AAAGGGATGTAGCAAG-1,0.008186,0.066909,0.341569,0.168982,0.244864,0.16949
AAAGGGCAGCTTGAAT-1,0.004256,0.046775,0.364159,0.184842,0.371871,0.028097
AAAGGTAAGCTGTACC-1,0.073037,0.073334,0.016882,0.174088,0.189457,0.473201
AAAGGTCAACGACATG-1,0.998453,0.000309,0.000309,0.000309,0.000309,0.00031
AAAGTAGCATTGCTCA-1,0.006303,0.168752,0.173523,0.249029,0.301809,0.100584
AAAGTCACTGATGTAA-1,0.096717,0.152523,0.430651,0.297904,0.009996,0.012208
AAAGTCGACCCTCAGT-1,0.000012,0.861746,0.120433,0.015066,0.002713,0.00003
AAAGTGCCATCAATTA-1,0.008573,0.051359,0.363352,0.424975,0.104463,0.047277
AAAGTGTGATTTATCT-1,0.091912,0.05122,0.09979,0.08977,0.160004,0.507304
AAAGTTGACTCCCGTA-1,0.018177,0.054103,0.601297,0.166496,0.109398,0.050529
AAATAACCATACGGGA-1,0.045891,0.045919,0.039488,0.260878,0.280686,0.327138
AAATAAGGTAGTGCCC-1,0.100968,0.057362,0.112111,0.337187,0.272831,0.119541
AAATACCTATAAGCAT-1,0.010078,0.057844,0.013406,0.009236,0.436338,0.473099
AAATAGCTTAGACTTT-1,0.058627,0.035891,0.123206,0.488185,0.213806,0.080285
AAATAGGGTGCTATTG-1,0.122544,0.038407,0.077116,0.097703,0.400517,0.263713
AAATCACTCCTAAACG-1,0.997917,0.000416,0.000417,0.000417,0.000417,0.000417
AAATCCGATACACGCC-1,0.038893,0.090171,0.517408,0.197619,0.088687,0.067222
AAATCGCGGAAGGAGT-1,0.001727,0.448952,0.388747,0.112591,0.032393,0.015589
AAATCGTGTACCACAA-1,0.01807,0.017826,0.035418,0.154594,0.31914,0.454952
AAATCTAGCCCTGCTA-1,0.049702,0.036548,0.031479,0.274227,0.540511,0.067533
AAATGATTCGATCAGC-1,0.043147,0.123983,0.247231,0.277485,0.128111,0.180044
AAATGCTCGTTACGTT-1,0.000038,0.251543,0.292894,0.31703,0.045166,0.09333
AAATGGCATGTCTTGT-1,0.077269,0.02404,0.00994,0.148274,0.036584,0.703892
AAATGGCCCGTGCCCT-1,0.023781,0.023184,0.014736,0.136532,0.456416,0.345351
AAATGGTCAATGTGCC-1,0.018667,0.04978,0.079677,0.075711,0.245695,0.53047
AAATGTATCTTATCCC-1,0.000182,0.032953,0.776706,0.000182,0.009813,0.180165
AAATGTGGGTGCTCCT-1,0.999132,0.000174,0.000174,0.000174,0.000174,0.000174
AAATTAACGGGTAGCT-1,0.102769,0.077726,0.174934,0.092101,0.219891,0.332579
AAATTAATAAGCGCGA-1,0.009733,0.140447,0.365789,0.067081,0.333951,0.082998
AAATTACACGACTCTG-1,0.021017,0.145206,0.378011,0.31512,0.117517,0.023129
AAATTACCTATCGATG-1,0.009755,0.019222,0.074407,0.366773,0.246606,0.283236
AAATTCCAGGTCCAAA-1,0.061802,0.110974,0.131176,0.37662,0.235678,0.08375
AAATTGATAGTCCTTT-1,0.01878,0.060064,0.107411,0.286503,0.414426,0.112815
AAATTGGTGAGAAGCA-1,0.049986,0.035627,0.002684,0.104794,0.362717,0.444192
AAATTTACCGAAATCC-1,0.603882,0.028646,0.048948,0.022801,0.024218,0.271504
AAATTTGCGGGTGTGG-1,0.000053,0.012774,0.080749,0.244237,0.577523,0.084663
AACAACTGGTAGTTGC-1,0.013798,0.022143,0.000089,0.130636,0.493596,0.339737
AACAATACATTGTCGA-1,0.751342,0.017331,0.010353,0.004157,0.139542,0.077275
AACAATTACTCTACGC-1,0.002338,0.064435,0.192729,0.181965,0.426086,0.132446
AACACACGCTCGCCGC-1,0.037496,0.029433,0.156006,0.477141,0.279896,0.020028
AACACGACTGTACTGA-1,0.335021,0.013365,0.025142,0.062773,0.118497,0.445201
AACACGAGACGCGGCC-1,0.000041,0.020372,0.549028,0.327698,0.079654,0.023206
AACACGCGGCCGCGAA-1,0.409219,0.000481,0.000431,0.000249,0.196603,0.393017
AACAGCTGTGTGGCAA-1,0.121109,0.043695,0.146223,0.044345,0.291596,0.353031
AACAGGAAATCGAATA-1,0.058438,0.069106,0.406428,0.189376,0.16674,0.109913
AACAGGATGGGCCGCG-1,0.011044,0.067674,0.432673,0.075264,0.235252,0.178093
AACAGGTAGTATGGAT-1,0.03712,0.024088,0.246254,0.478334,0.173653,0.040551
AACATATCAACTGGTG-1,0.015059,0.128019,0.449696,0.387047,0.014121,0.006059
AACATCGATACGTCTA-1,0.027458,0.036916,0.011222,0.206624,0.421186,0.296593
AACATTGAAGTTGATC-1,0.05882,0.052774,0.442603,0.205618,0.154103,0.086082
AACATTGTGACTCGAG-1,0.041044,0.016756,0.125473,0.162884,0.299626,0.354217
AACCAAGACTTCTCTG-1,0.00002,0.035395,0.554195,0.37272,0.034844,0.002825
AACCAGTATCACTCTT-1,0.669413,0.000203,0.000203,0.000203,0.133045,0.196932
AACCATAGGGTTGAAC-1,0.000055,0.025414,0.156641,0.150156,0.37366,0.294074
AACCATGGGATCGCTA-1,0.001949,0.035216,0.375452,0.376801,0.195402,0.015181
AACCCAGAGACGGAGA-1,0.029042,0.025226,0.505704,0.261921,0.144265,0.033842
AACCCATCCCATGATC-1,0.063317,0.041369,0.282282,0.349893,0.176095,0.087044
AACCCGACAACCCGTG-1,0.035303,0.112646,0.234241,0.224724,0.244792,0.148294
AACCCGAGCAGAATCG-1,0.05465,0.017026,0.103493,0.36143,0.445648,0.017752
AACCCGATAGGGCTTC-1,0.997152,0.00057,0.000569,0.00057,0.00057,0.00057
AACCCTACTGTCAATA-1,0.095345,0.016898,0.101212,0.224415,0.470149,0.091983
AACCCTGGTGGAACCA-1,0.31518,0.001344,0.000029,0.000029,0.000029,0.683389
AACCGAGCTTGGTCAT-1,0.058681,0.013521,0.00009,0.119088,0.358146,0.450473
AACCGCTAAGGGATGC-1,0.999638,0.000072,0.000073,0.000072,0.000072,0.000072
AACCGTTGTGTTTGCT-1,0.073573,0.010257,0.001857,0.07368,0.293718,0.546915
AACCTAAAGCCGTCCG-1,0.998672,0.000265,0.000266,0.000266,0.000266,0.000266
AACCTCGCTTTAGCCC-1,0.081066,0.187597,0.107547,0.187962,0.244991,0.190837
AACCTGTCACGGAATT-1,0.145133,0.030055,0.061785,0.274338,0.364853,0.123838
AACCTTTAAATACGGT-1,0.08576,0.036637,0.178638,0.15102,0.50775,0.040195
AACCTTTACGACGTCT-1,0.027167,0.043451,0.000456,0.095138,0.302179,0.531609
AACGAAAGTCGTCCCA-1,0.067756,0.160932,0.080502,0.160034,0.342889,0.187886
AACGACCTCCTAGCCG-1,0.055458,0.039217,0.461306,0.099371,0.182512,0.162137
AACGATAATGCCGTAG-1,0.052687,0.077739,0.035445,0.173991,0.552066,0.108072
AACGATAGAAGGGCCG-1,0.001853,0.049011,0.207569,0.286371,0.306687,0.148509
AACGATATGTCAACTG-1,0.074037,0.093005,0.145576,0.066737,0.289548,0.331097
AACGCATGATCTGGGT-1,0.006183,0.00009,0.000123,0.189607,0.313255,0.490743
AACGCGACCTTGGGCG-1,0.199202,0.080144,0.043467,0.132398,0.359344,0.185444
AACGCGGTCTCCAGCC-1,0.079564,0.012932,0.011389,0.099053,0.447782,0.34928
AACGCTGTTGCTGAAA-1,0.058861,0.069404,0.020893,0.070387,0.462575,0.317879
AACGGACGTACGTATA-1,0.082754,0.125868,0.294898,0.271756,0.160544,0.06418
AACGGCCATCTCCGGT-1,0.024078,0.116473,0.250181,0.14729,0.334083,0.127895
AACGTACTGTGGGTAC-1,0.05916,0.109797,0.216682,0.213161,0.140725,0.260474
AACGTAGTCTACCCAT-1,0.886472,0.000125,0.000125,0.000125,0.000125,0.113028
AACGTCAGACTAGTGG-1,0.001796,0.00681,0.005995,0.034394,0.597519,0.353487
AACGTGATGAAGGACA-1,0.148885,0.119511,0.228823,0.222986,0.097946,0.181849
AACGTGCGAAAGTCTC-1,0.009156,0.037605,0.37883,0.241395,0.226495,0.106519
AACGTTATCAGCACCT-1,0.00006,0.061122,0.138618,0.200077,0.450994,0.149129
AACTACCCGTTTGTCA-1,0.047581,0.026213,0.088835,0.301849,0.478883,0.056639
AACTAGCGTATCGCAC-1,0.999324,0.000135,0.000135,0.000135,0.000135,0.000135
AACTAGGCTTGGGTGT-1,0.06511,0.018949,0.113577,0.014089,0.12982,0.658455
AACTCAAGTTAATTGC-1,0.01372,0.000082,0.000082,0.062051,0.703555,0.22051
AACTCCAGAGCGTGTT-1,0.14589,0.030066,0.056767,0.169626,0.185531,0.41212
AACTCCTAATCCCATG-1,0.026766,0.0031,0.007739,0.026713,0.444173,0.491509
AACTCGATGGCGCAGT-1,0.018592,0.058272,0.292356,0.332421,0.056473,0.241886
AACTCTCAATAGAGCG-1,0.04261,0.042153,0.039895,0.235243,0.539301,0.100797
AACTCTCAGTGTGCTC-1,0.197667,0.014539,0.012349,0.038142,0.373499,0.363804
AACTGAGGTCAGCGTC-1,0.011718,0.356438,0.000046,0.000046,0.000046,0.631706
AACTGAGTTATACTGA-1,0.055492,0.031231,0.130825,0.554581,0.175596,0.052275
AACTGATATTAGGCCT-1,0.057089,0.066366,0.261261,0.563599,0.034727,0.016957
AACTGGGTCCCGACGT-1,0.042111,0.013736,0.001346,0.03299,0.166363,0.743454
AACTGGGTTCGAGCCG-1,0.998898,0.00022,0.000221,0.00022,0.00022,0.00022
AACTGGTGTGGGCCTT-1,0.366146,0.003413,0.000068,0.000068,0.000068,0.630238
AACTTCTGCGTCTATC-1,0.002335,0.045374,0.070782,0.098352,0.253972,0.529184
AACTTGCCCGTATGCA-1,0.003799,0.091426,0.110338,0.558396,0.158877,0.077164
AACTTGCGTTCTCGCG-1,0.017446,0.003155,0.000083,0.032533,0.617935,0.328848
AACTTTACGGGAGCTT-1,0.018116,0.017326,0.037508,0.058368,0.687587,0.181095
AACTTTAGCTGCTGAG-1,0.742741,0.000096,0.000096,0.000095,0.000095,0.256877
AACTTTCTCGATCATG-1,0.027405,0.021091,0.089074,0.563363,0.194213,0.104854
AAGAAATCACCAGATT-1,0.03238,0.146288,0.392921,0.353189,0.028716,0.046506
AAGAAGGATCAGTTAG-1,0.000049,0.064677,0.393545,0.202773,0.310648,0.028307
AAGACATACGTGGTTT-1,0.197564,0.216137,0.002539,0.00898,0.247645,0.327135
AAGACCAAATAACTCA-1,0.003328,0.14833,0.189573,0.048711,0.166324,0.443733
AAGACCCAACTGAACA-1,0.093795,0.097121,0.114687,0.101524,0.417902,0.174971
AAGACTCACGCCCACT-1,0.999227,0.000155,0.000155,0.000155,0.000154,0.000155
AAGACTGCAAGCTACT-1,0.000093,0.011777,0.013764,0.143263,0.57896,0.252144
AAGAGATGAATCGGTA-1,0.000068,0.048183,0.057541,0.208296,0.276339,0.409573
AAGAGCTCTTTATCGG-1,0.039395,0.275398,0.17767,0.127141,0.204428,0.175968
AAGAGGATGTACGCGA-1,0.000063,0.038682,0.473659,0.209022,0.140674,0.137899
AAGAGGCATGGATCGC-1,0.070056,0.087924,0.157035,0.523525,0.105898,0.055562
AAGAGGCCCTTTGGAA-1,0.133499,0.041607,0.043143,0.091455,0.249857,0.440438
AAGATGGCACCGGACC-1,0.053258,0.015721,0.025145,0.169424,0.630399,0.106053
AAGATTGGCGGAACGT-1,0.009265,0.009984,0.022554,0.247122,0.540753,0.170323
AAGCACCCTGCGTATC-1,0.191045,0.090075,0.014463,0.059943,0.37998,0.264495
AAGCATACTCTCCTGA-1,0.000042,0.06317,0.37029,0.314631,0.140411,0.111455
AAGCCGAAGCGGTTTA-1,0.086478,0.004306,0.033413,0.116501,0.376173,0.383129
AAGCCGCCGTGAAATC-1,0.019124,0.109902,0.164069,0.119674,0.375338,0.211893
AAGCCGCTTTACCTTG-1,0.039106,0.070951,0.143089,0.456451,0.188817,0.101586
AAGCCGGAGAGCAGGA-1,0.026411,0.116325,0.288692,0.242652,0.258971,0.066948
AAGCGCAGGGCTTTGA-1,0.020328,0.018513,0.275285,0.236733,0.403087,0.046054
AAGCGGAGTGCGCGCA-1,0.137358,0.15473,0.0965,0.224597,0.057519,0.329295
AAGCGGCGTCATGGGT-1,0.040398,0.081409,0.418581,0.248416,0.134431,0.076765
AAGCGTCCCTCATCGA-1,0.013953,0.039844,0.276282,0.224467,0.361422,0.084032
AAGCTAGATCGAGTAA-1,0.137922,0.020492,0.110255,0.137687,0.461094,0.13255
AAGCTCGTGCCAAGTC-1,0.057935,0.403781,0.177279,0.083719,0.164809,0.112476
AAGCTCTTTCATGGTG-1,0.193671,0.019273,0.337578,0.073134,0.238402,0.137943
AAGGAGAACTTATAAG-1,0.999121,0.000176,0.000176,0.000176,0.000176,0.000176
AAGGAGCGGTTGGTGC-1,0.012515,0.070238,0.088672,0.288377,0.347771,0.192427
AAGGATCGATCGCTTG-1,0.157958,0.06339,0.314933,0.258913,0.056889,0.147917
AAGGATGAGGGACCTC-1,0.001723,0.128971,0.473332,0.217414,0.144531,0.034029
AAGGCAGGCTGTCTCC-1,0.139142,0.045365,0.02332,0.160472,0.451598,0.180102
AAGGCGCGTAAAGCTT-1,0.029428,0.013967,0.057372,0.212848,0.287923,0.398462
AAGGCTGTGCTCATCG-1,0.000081,0.024457,0.003186,0.021587,0.602275,0.348415
AAGGGAACGACTGGCT-1,0.059515,0.019544,0.103024,0.201108,0.320695,0.296114
AAGGGACAGATTCTGT-1,0.005342,0.049309,0.121654,0.142748,0.184498,0.49645
AAGGGACTATGCATTC-1,0.091328,0.040538,0.123426,0.165045,0.430259,0.149404
AAGGGTTTGATTTCAG-1,0.001894,0.187336,0.701494,0.017088,0.035547,0.05664
AAGGTATCCTAATATA-1,0.002821,0.088815,0.606096,0.244452,0.051219,0.006596
AAGGTGATAAACCAGC-1,0.041363,0.067168,0.291628,0.224027,0.32257,0.053244
AAGTAGAAGACCGGGT-1,0.015385,0.057714,0.464062,0.392551,0.054651,0.015637
AAGTAGTGACGCGAGG-1,0.000095,0.077375,0.013977,0.089793,0.703057,0.115703
AAGTCAATTGTCGTCA-1,0.043057,0.034041,0.218908,0.520224,0.105856,0.077913
AAGTCTAGTAGCTGCC-1,0.016496,0.045747,0.266347,0.548436,0.095931,0.027043
AAGTCTTCTGTGGCCT-1,0.04301,0.140715,0.176328,0.027306,0.465631,0.147011
AAGTGACGACCGAATT-1,0.371246,0.073789,0.094195,0.065471,0.010585,0.384713
AAGTGAGTCGGGTTTA-1,0.031271,0.047869,0.262862,0.264688,0.266989,0.126321
AAGTGCAAAGGTAGAC-1,0.000116,0.03142,0.034892,0.126145,0.393082,0.414345
AAGTGCCTTGACTGTA-1,0.011287,0.056754,0.200367,0.256795,0.072719,0.402078
AAGTGCGTTAGAATCT-1,0.007961,0.336488,0.055339,0.039113,0.455301,0.105798
AAGTGCTTCTCTATTG-1,0.017541,0.031039,0.085084,0.051813,0.450114,0.364409
AAGTGTTTGGAGACGG-1,0.175949,0.020594,0.147286,0.063152,0.082934,0.510086
AAGTTCACTCCAAGCT-1,0.085802,0.475253,0.265589,0.137927,0.012189,0.02324
AAGTTCAGTCTGCGTA-1,0.007622,0.0743,0.010066,0.160472,0.092992,0.654549
AAGTTCGGCCAACAGG-1,0.047161,0.000081,0.000081,0.054834,0.724309,0.173532
AAGTTGTGATGTTATA-1,0.116109,0.309108,0.06059,0.015848,0.214794,0.283552
AAGTTTACTAATGGCA-1,0.999197,0.000161,0.000161,0.000161,0.000161,0.000161
AAGTTTATGGGCCCAA-1,0.125674,0.056205,0.11137,0.374697,0.106597,0.225456
AATAACAACGCTCGGC-1,0.002953,0.002822,0.003102,0.059849,0.568631,0.362644
AATAACACTAGAACAA-1,0.04676,0.027768,0.097847,0.072773,0.388746,0.366106
AATAAGTCCTCGAGAC-1,0.998956,0.000209,0.000209,0.000209,0.000209,0.000209
AATAATCTTCGTATCG-1,0.07845,0.035639,0.172242,0.186019,0.494253,0.033398
AATACAATGTTTCAGG-1,0.000091,0.06069,0.031704,0.283495,0.463918,0.160102
AATACCGGAGGGCTGT-1,0.066921,0.058127,0.156248,0.042614,0.339737,0.336353
AATAGAACAGAGTGGC-1,0.010668,0.054903,0.135788,0.101791,0.393861,0.302989
AATAGAATCTGTTTCA-1,0.275882,0.103311,0.028368,0.068904,0.368968,0.154566
AATAGCAAGCCTCCTG-1,0.619709,0.002356,0.000122,0.000122,0.000122,0.377569
AATAGCTACCGCGTGC-1,0.040847,0.165336,0.035885,0.390851,0.142719,0.224362
AATAGTCCGTCCCGAC-1,0.066869,0.167324,0.143703,0.152265,0.094926,0.374913
AATAGTCGCGAGTCGG-1,0.010879,0.446309,0.00004,0.00374,0.202384,0.336648
AATATCAAGGTCGGAT-1,0.273217,0.029664,0.351228,0.120295,0.193199,0.032397
AATATCCTAGCAAACT-1,0.017607,0.07519,0.736338,0.025608,0.114597,0.03066
AATATCGAATCAATGC-1,0.068619,0.040273,0.032426,0.062183,0.425858,0.370642
AATATCGAGGGTTCTC-1,0.029658,0.009421,0.06114,0.402612,0.355924,0.141246
AATATTGGAGTATTGA-1,0.00011,0.021753,0.166736,0.080871,0.463106,0.267424
AATCAGGTTTCATTTA-1,0.040893,0.040486,0.21262,0.136846,0.338694,0.230461
AATCATGTAAAGACTC-1,0.064595,0.019816,0.014618,0.099932,0.429394,0.371646
AATCCAAGGGCCTGAG-1,0.014345,0.012827,0.019273,0.133951,0.527084,0.292519
AATCGCCTCAGCGCCA-1,0.018565,0.083457,0.062277,0.333483,0.197304,0.304914
AATCGCGCAGAGGACT-1,0.108113,0.090742,0.40125,0.117176,0.048248,0.234472
AATCGGGACACTACGA-1,0.178468,0.115342,0.290655,0.16868,0.006405,0.240449
AATCGGTATAGCCCTC-1,0.100528,0.062391,0.547684,0.141558,0.06919,0.078647
AATCGTGAGCCGAGCA-1,0.042028,0.110159,0.070422,0.160364,0.479731,0.137295
AATCTAGGTTTACTTG-1,0.004514,0.007683,0.043703,0.298001,0.393524,0.252575
AATCTATGCCGGAGCC-1,0.036384,0.090426,0.240175,0.605923,0.023381,0.003712
AATCTCTACTGTGGTT-1,0.005178,0.029183,0.036562,0.19156,0.260506,0.477012
AATCTGCGTTGGGACG-1,0.004359,0.099512,0.451059,0.316366,0.082984,0.04572
AATCTGGCTTTCTAGT-1,0.018645,0.038384,0.320415,0.249549,0.261249,0.111759
AATCTGGGTAGACCCT-1,0.852435,0.000166,0.000201,0.063871,0.011128,0.072199
AATGACAGCAATGTCT-1,0.000056,0.024173,0.128419,0.172374,0.21717,0.457806
AATGACGTAGGATGTC-1,0.000105,0.115314,0.39678,0.333417,0.138976,0.015408
AATGACTGTCAGCCGG-1,0.000055,0.03177,0.029486,0.078737,0.530631,0.329321
AATGAGTTCGCATATG-1,0.006301,0.016061,0.186112,0.477038,0.195771,0.118718
AATGATGATACGCTAT-1,0.040675,0.007214,0.0506,0.417641,0.301686,0.182185
AATGATGCGACTCCTG-1,0.124099,0.114397,0.068707,0.29267,0.228517,0.17161
AATGCAACCGGGTACC-1,0.003464,0.086582,0.351371,0.400632,0.074294,0.083656
AATGCACCAAGCAATG-1,0.003126,0.099439,0.351192,0.393545,0.077104,0.075593
AATGGCCGCCAATGCG-1,0.997953,0.00041,0.000409,0.000409,0.000409,0.000409
AATGGTCCACCGTTCA-1,0.012071,0.151295,0.15272,0.106683,0.357769,0.219461
AATGGTTCTCACAAGC-1,0.004871,0.005615,0.000098,0.067838,0.444239,0.47734
AATGTATGGCACTGTA-1,0.067733,0.168681,0.166185,0.047763,0.449125,0.100513
AATGTGCCCGAGGTGT-1,0.106962,0.127283,0.25018,0.238031,0.150024,0.12752
AATGTGCTAATCTGAG-1,0.131701,0.143053,0.232781,0.111616,0.187826,0.193024
AATGTTGTCGTGAGAC-1,0.09068,0.04757,0.038792,0.110885,0.472632,0.239441
AATTAAAGGTCGGCGT-1,0.000074,0.039243,0.040562,0.095466,0.537807,0.286849
AATTAACGGATTTCCA-1,0.095955,0.007599,0.020882,0.176916,0.507402,0.191246
AATTACGAGACCCATC-1,0.029747,0.081968,0.130399,0.18555,0.430913,0.141423
AATTAGCGCTGCAGCG-1,0.059671,0.01193,0.021109,0.035707,0.674356,0.197228
AATTCATAAGGGATCT-1,0.037484,0.02257,0.001509,0.092278,0.454183,0.391976
AATTCATTGTCATGCA-1,0.041973,0.099967,0.121164,0.268712,0.203288,0.264895
AATTCCAAGCATGTAC-1,0.092551,0.013917,0.24231,0.090292,0.363886,0.197044
AATTCGATTCGAGGAT-1,0.067527,0.060946,0.023216,0.090456,0.25921,0.498645
AATTCTAGAGTTAGGC-1,0.091658,0.077962,0.083597,0.331077,0.278588,0.137118
AATTGAACGCTCTGGT-1,0.016034,0.024893,0.000148,0.068522,0.554701,0.335701
AATTGCAGCAATCGAC-1,0.067842,0.077146,0.292007,0.135317,0.281837,0.145851
AATTGCGTGGATTACA-1,0.575632,0.111122,0.048595,0.032609,0.157302,0.07474
AATTGTGGTTGCCAAA-1,0.028837,0.203273,0.210589,0.230587,0.267969,0.058744
AATTTGGGACATAGTA-1,0.020662,0.037839,0.021312,0.058545,0.224869,0.636773
AATTTGGTTCCAAAGA-1,0.099724,0.108248,0.131657,0.356491,0.134133,0.169747
ACAAACCATGCGTCCT-1,0.017089,0.023261,0.105994,0.101295,0.508957,0.243403
ACAAACCGACAAGGCG-1,0.998911,0.000218,0.000218,0.000218,0.000218,0.000218
ACAAAGAAGGTAGGCC-1,0.052203,0.105829,0.139679,0.050239,0.470971,0.181079
ACAAAGCATGACCTAG-1,0.143576,0.045949,0.054191,0.063017,0.268687,0.42458
ACAAATCGCACCGAAT-1,0.160471,0.13631,0.135525,0.109345,0.335358,0.122991
ACAAATGGTAGTGTTT-1,0.087792,0.223175,0.242927,0.050089,0.310472,0.085545
ACAAATTCAGATCTGA-1,0.451541,0.034352,0.039041,0.000074,0.000074,0.474918
ACAACAGCATGAGCTA-1,0.002029,0.053307,0.488147,0.310402,0.095548,0.050568
ACAACGGTCCCTGCGA-1,0.001298,0.050137,0.27183,0.109367,0.556392,0.010976
ACAAGCAGTGCCTAGC-1,0.000057,0.009201,0.001382,0.064433,0.392345,0.532583
ACAAGCTATATGGAAG-1,0.050461,0.154908,0.49674,0.010243,0.099734,0.187913
ACAAGGAAATCCGCCC-1,0.18539,0.052234,0.056851,0.240769,0.248375,0.216381
ACAAGGACAAGAGGTT-1,0.018196,0.072686,0.220072,0.281602,0.261825,0.14562
ACAAGGATGCTTTAGG-1,0.057181,0.035957,0.114352,0.283352,0.40751,0.101648
ACAAGGCCTACCAGCC-1,0.998475,0.000305,0.000305,0.000305,0.000305,0.000305
ACAAGGGCAGGCTCTG-1,0.020104,0.016428,0.065647,0.087881,0.304721,0.505219
ACAATAGTCGTACGTT-1,0.03856,0.076381,0.182492,0.303714,0.166134,0.232719
ACAATCCATTTAAACC-1,0.000043,0.038987,0.348724,0.067577,0.107482,0.437187
ACAATCGATCTTTATA-1,0.998738,0.000253,0.000252,0.000252,0.000252,0.000252
ACAATGAATACGGAGA-1,0.000035,0.07625,0.3782,0.375135,0.146179,0.024201
ACAATGATTCTTCTAC-1,0.168444,0.007563,0.001206,0.000077,0.000077,0.822633
ACAATTGTGTCTCTTT-1,0.019132,0.071689,0.032021,0.325473,0.377121,0.174564
ACAATTTAGGAGGCTC-1,0.026685,0.031858,0.002785,0.078284,0.457528,0.40286
ACAATTTGAGCAGTGG-1,0.028997,0.19729,0.145777,0.136552,0.303405,0.187979
ACAATTTGGCCATATT-1,0.070338,0.217125,0.231694,0.308468,0.046082,0.126293
ACACAAAGACGGGTGG-1,0.017703,0.065182,0.12024,0.200713,0.488961,0.1072
ACACAAATATTCCTAG-1,0.032555,0.075783,0.239891,0.313365,0.118048,0.220358
ACACACCAGGACCAGT-1,0.039172,0.032977,0.023292,0.113135,0.407724,0.3837
ACACACTTTCTACACG-1,0.058137,0.066171,0.089572,0.559341,0.112585,0.114195
ACACATGATCAAATCT-1,0.000013,0.022273,0.825129,0.151019,0.001553,0.000013
ACACCACATAATTAGC-1,0.034046,0.028561,0.065126,0.20752,0.38854,0.276206
ACACCCAGCATGCAGC-1,0.000023,0.101535,0.757751,0.105489,0.005909,0.029293
ACACCCGAGAAATCCG-1,0.010398,0.041111,0.262165,0.200592,0.331811,0.153923
ACACCCGTAAATCTGT-1,0.998221,0.000356,0.000356,0.000356,0.000356,0.000356
ACACCGAGCGCTCTTT-1,0.189231,0.104803,0.085427,0.085722,0.354556,0.180261
ACACCGGTCTGACCGC-1,0.054224,0.288379,0.161099,0.03574,0.270743,0.189815
ACACCTTAAGTAGGGC-1,0.049158,0.000935,0.000102,0.031626,0.630097,0.288082
ACACCTTACTACTTGC-1,0.082999,0.061584,0.293477,0.462701,0.061689,0.037549
ACACGAGACTCCTTCT-1,0.085418,0.057887,0.247104,0.143402,0.380976,0.085213
ACACGGCACTATGCAT-1,0.509075,0.000078,0.000078,0.000078,0.000078,0.490613
ACACGGGAACTTAGGG-1,0.095953,0.108552,0.068435,0.209779,0.423763,0.093519
ACACGTAGGCCACAAG-1,0.105095,0.049434,0.062533,0.327808,0.289449,0.165681
ACACTCCAATGTCACT-1,0.03952,0.036709,0.105436,0.308953,0.441917,0.067465
ACACTGATCAAGGTGT-1,0.098173,0.03218,0.555023,0.090002,0.140618,0.084005
ACACTGGGACAGTCGT-1,0.045671,0.143199,0.265733,0.222409,0.26593,0.057058
ACAGAACTGAGAACAA-1,0.010406,0.061204,0.304881,0.094599,0.281281,0.24763
ACAGATTAGGTTAGTG-1,0.487085,0.020191,0.000052,0.000052,0.000052,0.492567
ACAGCATAGAGCCAGT-1,0.131163,0.079635,0.073375,0.061359,0.291861,0.362608
ACAGCGACATTCTCAT-1,0.055051,0.000128,0.000128,0.095613,0.574893,0.274186
ACAGCGCACCCGCAGC-1,0.174707,0.158637,0.130675,0.064033,0.0926,0.379348
ACAGGCACGGATCCTT-1,0.00003,0.043011,0.53024,0.424632,0.002056,0.00003
ACAGGCTTGCCCGACT-1,0.058098,0.04529,0.015023,0.205836,0.282307,0.393447
ACAGGTGGAGGTGAGG-1,0.033389,0.088167,0.051003,0.222507,0.453764,0.151171
ACAGGTGTGTTGTTGC-1,0.041701,0.271612,0.441016,0.034154,0.064378,0.14714
ACAGTAATACAACTTG-1,0.087635,0.02022,0.052766,0.17911,0.359209,0.301059
ACAGTATACCGTGGGA-1,0.000338,0.046042,0.326567,0.377894,0.05026,0.198899
ACAGTGCAGCGCATTT-1,0.997931,0.000414,0.000414,0.000414,0.000414,0.000414
ACATAAGTCGTGGTGA-1,0.215768,0.145423,0.047444,0.066307,0.269846,0.255212
ACATAATAAGGCGGTG-1,0.067562,0.067328,0.638022,0.139665,0.025466,0.061957
ACATCAGCTGGGACGC-1,0.028656,0.08613,0.572838,0.176046,0.088648,0.047682
ACATCCCGGCCATACG-1,0.046949,0.061492,0.353413,0.169076,0.240038,0.129031
ACATCCTGGTAACTGT-1,0.075245,0.202478,0.195184,0.163768,0.08969,0.273635
ACATCGATCGTTTACC-1,0.109984,0.094314,0.068873,0.41416,0.165605,0.147063
ACATCGGTCAGCCGCG-1,0.070636,0.043483,0.000078,0.008404,0.594017,0.283382
ACATCGTATGCAATGG-1,0.060812,0.10792,0.167588,0.30148,0.173244,0.188956
ACATCGTTAACCTAGT-1,0.427361,0.062381,0.243027,0.032622,0.010003,0.224606
ACATCTCAACGCGTAA-1,0.999281,0.000144,0.000144,0.000144,0.000144,0.000144
ACATGGCGCCAAAGTA-1,0.051273,0.029151,0.174086,0.221801,0.260701,0.262988
ACATTAGTTTATATCC-1,0.104869,0.03621,0.063302,0.109958,0.501919,0.183742
ACCAAACACCCAGCGA-1,0.000382,0.074621,0.378626,0.120104,0.04287,0.383398
ACCAAACTAGAAATCC-1,0.999211,0.000158,0.000158,0.000158,0.000158,0.000158
ACCAACACCACACACT-1,0.055457,0.108323,0.075427,0.269887,0.12746,0.363446
ACCAACCGCACTCCAC-1,0.051391,0.054485,0.628313,0.206853,0.050845,0.008114
ACCAACGCTTATTTAT-1,0.062605,0.047183,0.393387,0.191498,0.192532,0.112795
ACCAAGAACGCGTGTC-1,0.037361,0.00349,0.039784,0.140769,0.691833,0.086764
ACCAAGTCATCGGCAG-1,0.167937,0.055514,0.088558,0.319812,0.164319,0.203859
ACCAATATGCAAGTTA-1,0.055746,0.088637,0.196283,0.433398,0.123561,0.102374
ACCACAACTCAGAACA-1,0.382209,0.000042,0.000042,0.000042,0.000042,0.617625
ACCACAAGTTTCTATC-1,0.002207,0.16474,0.14291,0.496438,0.128009,0.065696
ACCACCAATGTAACAA-1,0.199031,0.050459,0.177299,0.240207,0.169788,0.163216
ACCACCCTCTCTTCTA-1,0.0094,0.108569,0.138501,0.688105,0.024176,0.031248
ACCACGTGCAGCTATA-1,0.095012,0.105334,0.181372,0.182561,0.354559,0.081162
ACCAGACCATAACAAC-1,0.006651,0.088561,0.297837,0.102625,0.34074,0.163585
ACCAGCCCGGTCTTTG-1,0.998907,0.000219,0.000218,0.000219,0.000218,0.000219
ACCAGGAGTGTGATCT-1,0.998669,0.000266,0.000266,0.000266,0.000266,0.000266
ACCAGTGCCCGGTCAA-1,0.072319,0.074447,0.016529,0.017678,0.015066,0.803962
ACCAGTGCGGGAGACG-1,0.145516,0.017724,0.212437,0.274143,0.209978,0.140203
ACCATATCCGCAATAA-1,0.002286,0.047593,0.601637,0.126371,0.069814,0.152299
ACCATCCGCCAACTAG-1,0.000051,0.047653,0.563231,0.259835,0.129177,0.000053
ACCATCGTATATGGTA-1,0.065302,0.09453,0.086764,0.160969,0.522415,0.070021
ACCCAACGCCCGTGGC-1,0.037841,0.119096,0.612773,0.18817,0.026515,0.015606
ACCCACCTACATGCTC-1,0.00003,0.091459,0.339663,0.283747,0.257623,0.027477
ACCCATCTTGAGGGTA-1,0.000516,0.066395,0.167009,0.309803,0.369687,0.086591
ACCCATTTGTCCCTCT-1,0.086877,0.038549,0.006132,0.175735,0.335267,0.357439
ACCCGAGCGAAATTAC-1,0.032281,0.095093,0.330832,0.156888,0.274111,0.110795
ACCCGATTGGTTCCGA-1,0.053234,0.06947,0.669977,0.096118,0.07461,0.03659
ACCCGGAAACTCCCAG-1,0.037813,0.041542,0.557075,0.183732,0.158909,0.020928
ACCCGGAGCACCACAA-1,0.064971,0.208734,0.23928,0.20689,0.153529,0.126597
ACCCGGATGACGCATC-1,0.017781,0.095856,0.304371,0.163108,0.094428,0.324456
ACCCGGTTACACTTCC-1,0.068311,0.093437,0.006779,0.027702,0.20454,0.599231
ACCCGTAGTCTAGTTG-1,0.138616,0.302347,0.292144,0.151895,0.060756,0.054242
ACCCGTGTCATCAGTA-1,0.088887,0.438929,0.118877,0.03522,0.067661,0.250427
ACCCTATAGGACTGAG-1,0.070731,0.148262,0.335481,0.173933,0.199521,0.072072
ACCCTATGCCATATCG-1,0.000029,0.048045,0.669012,0.228146,0.047372,0.007396
ACCCTCCCGTCAGGGC-1,0.049458,0.170065,0.127601,0.351442,0.201316,0.100117
ACCCTCCCTTGCTATT-1,0.025134,0.10729,0.010979,0.044708,0.206255,0.605633
ACCCTGGTAACGCCCT-1,0.0673,0.014037,0.034131,0.240232,0.162222,0.482079
ACCCTTCATCTGCGAA-1,0.123081,0.002752,0.000746,0.030263,0.059638,0.783521
ACCCTTGCCTGGGTCG-1,0.017904,0.539258,0.128623,0.170495,0.075238,0.068483
ACCCTTTAGTTCTCCA-1,0.927588,0.000805,0.000121,0.00012,0.00012,0.071246
ACCGAAAGGGCCCTGC-1,0.082059,0.080127,0.020124,0.101141,0.083908,0.63264
ACCGAAGAGTCTGGTT-1,0.037219,0.005644,0.050163,0.251097,0.257438,0.39844
ACCGACACATCTCCCA-1,0.020909,0.225343,0.049092,0.028369,0.219209,0.457077
ACCGACTGAGTCCCAC-1,0.005654,0.138845,0.229713,0.197394,0.089232,0.339162
ACCGAGTCTCCTTATT-1,0.135848,0.028108,0.02342,0.163254,0.430621,0.218749
ACCGATAGGCATAACC-1,0.015681,0.018235,0.607524,0.247421,0.100627,0.010512
ACCGATATTTAATCAT-1,0.000043,0.068054,0.418818,0.394446,0.107884,0.010756
ACCGATGGTAGCATCG-1,0.091348,0.080532,0.230624,0.329069,0.172159,0.096268
ACCGCAATAACTGCCT-1,0.221199,0.086712,0.064013,0.108208,0.049804,0.470063
ACCGCGGTGGAAGTCG-1,0.004549,0.095711,0.304257,0.408943,0.135401,0.051138
ACCGGGCCTTTGTTGA-1,0.015858,0.015737,0.156823,0.316067,0.298637,0.196878
ACCGGTCAGGTACACC-1,0.017129,0.079652,0.062855,0.039805,0.20566,0.594899
ACCGGTCTGAGTACGG-1,0.998648,0.000271,0.000271,0.00027,0.00027,0.00027
ACCGTCCACTGGGCCC-1,0.039689,0.089458,0.190504,0.171843,0.385243,0.123262
ACCGTGACCACGTGGG-1,0.064057,0.046704,0.155283,0.273188,0.425327,0.035442
ACCGTTCCCGCTCTGA-1,0.999232,0.000154,0.000154,0.000154,0.000153,0.000154
ACCTAAGTACCTTTCA-1,0.018193,0.079771,0.075951,0.159275,0.400823,0.265987
ACCTAATCGACTTCCT-1,0.000257,0.034814,0.10732,0.186306,0.253747,0.417556
ACCTACAGTATGTGGT-1,0.020977,0.078854,0.068325,0.228575,0.226294,0.376974
ACCTACTATAAATCTA-1,0.086606,0.00309,0.033184,0.070671,0.488692,0.317756
ACCTCCGCCCTCGCTG-1,0.046068,0.04377,0.169157,0.430741,0.209852,0.100411
ACCTCCGTTATTCACC-1,0.101791,0.225836,0.164742,0.292318,0.19013,0.025183
ACCTCGAACTTATGCT-1,0.028864,0.059576,0.220107,0.078957,0.385274,0.227222
ACCTGCGTGTCATGTT-1,0.000021,0.017887,0.821915,0.15859,0.001566,0.000021
ACCTTTCCTTTAGAAG-1,0.997417,0.000517,0.000517,0.000516,0.000516,0.000517
ACGAAATGGGCGGCAC-1,0.002467,0.042682,0.25787,0.43712,0.205787,0.054075
ACGACCCATGAGTTGC-1,0.067851,0.325788,0.183493,0.286591,0.102575,0.033702
ACGACTCTAGGGCCGA-1,0.026953,0.091915,0.183132,0.536035,0.102672,0.059293
ACGACTGGTCATACTC-1,0.079703,0.0975,0.373925,0.031096,0.029578,0.388198
ACGAGAACCCATCACG-1,0.062539,0.082362,0.480177,0.210036,0.158549,0.006337
ACGAGATATTTGCTTA-1,0.3374,0.065484,0.070043,0.006867,0.001858,0.518348
ACGAGGATACCACTCT-1,0.033126,0.02195,0.364459,0.19938,0.259046,0.122039
ACGAGGTTTACAACGT-1,0.071045,0.116996,0.006653,0.059787,0.418643,0.326876
ACGAGTACGGATGCCC-1,0.084605,0.058622,0.041478,0.282919,0.302957,0.22942
ACGATACATAGAACTA-1,0.05879,0.272002,0.211854,0.203882,0.02683,0.226643
ACGATACCTATCCTGA-1,0.02788,0.287188,0.434413,0.007013,0.121408,0.122098
ACGATCATACATAGAG-1,0.000992,0.065664,0.347453,0.475971,0.072148,0.037771
ACGATCATCTTGTAAA-1,0.072378,0.149627,0.149352,0.383888,0.160262,0.084494
ACGATGCATATGTTAT-1,0.008387,0.039853,0.012645,0.058013,0.552108,0.328993
ACGATGGATCCGATGC-1,0.20163,0.036294,0.076782,0.126571,0.10447,0.454253
ACGCAAACTAATAGAT-1,0.080064,0.053128,0.046549,0.062098,0.605173,0.152988
ACGCAATCACTACAGC-1,0.028217,0.039577,0.084121,0.424225,0.265596,0.158264
ACGCATAAATGACATG-1,0.997736,0.000452,0.000453,0.000453,0.000453,0.000453
ACGCATACGTTTACTA-1,0.036338,0.011475,0.351713,0.204281,0.317332,0.078861
ACGCATTCGTGAGTAC-1,0.095123,0.178838,0.11617,0.129438,0.202953,0.277477
ACGCCAGATGATTTCT-1,0.054544,0.515465,0.078381,0.059131,0.163234,0.129245
ACGCCAGTGCGTTTGC-1,0.186999,0.009115,0.10098,0.471528,0.16227,0.069109
ACGCCCAGCTGTCGAT-1,0.998568,0.000286,0.000286,0.000286,0.000286,0.000287
ACGCCGCTAGACGACC-1,0.045316,0.043051,0.761233,0.111615,0.03685,0.001935
ACGCGAAGTCAGACGA-1,0.017147,0.028067,0.043765,0.10137,0.25282,0.556832
ACGCGCTACACAGGGT-1,0.002515,0.135222,0.068563,0.076955,0.467219,0.249525
ACGCGGGCCAAGGACA-1,0.061989,0.073272,0.174437,0.105374,0.220931,0.363997
ACGCGTTTCTTAAGAG-1,0.010662,0.035428,0.272948,0.073451,0.478862,0.128648
ACGCTAGTATCAGTGC-1,0.998073,0.000385,0.000385,0.000385,0.000385,0.000385
ACGCTAGTGATACACT-1,0.000849,0.162818,0.256158,0.322094,0.078698,0.179383
ACGCTGTGAGGCGTAG-1,0.000109,0.049705,0.004861,0.000109,0.030295,0.914921
ACGCTTAGTGTCTCTC-1,0.998856,0.000229,0.000229,0.000229,0.000229,0.000229
ACGGAATTTAGCAAAT-1,0.000101,0.010589,0.000101,0.03282,0.522244,0.434146
ACGGACTCTCAAAGCG-1,0.101577,0.038179,0.306914,0.126339,0.157862,0.26913
ACGGAGCGCAAATTAC-1,0.000049,0.049935,0.133365,0.538532,0.164894,0.113226
ACGGATGGTGCGGATA-1,0.092771,0.874336,0.021222,0.011594,0.000039,0.000039
ACGGCACTTGCTTGGG-1,0.084515,0.014285,0.00011,0.001734,0.47102,0.428336
ACGGCCAACATGGACT-1,0.306289,0.05008,0.157334,0.135288,0.129079,0.22193
ACGGCGACGATGGGAA-1,0.092174,0.082228,0.039385,0.03319,0.173231,0.579792
ACGGCGGGTTGCCCTG-1,0.999243,0.000151,0.000151,0.000151,0.000151,0.000151
ACGGCTGGATGTAGAA-1,0.000019,0.017958,0.705023,0.264231,0.012305,0.000464
ACGGGAGTGTCGGCCC-1,0.005891,0.019353,0.22431,0.2251,0.2612,0.264147
ACGGGCGTATGCGACA-1,0.009527,0.604715,0.056755,0.184265,0.073575,0.071164
ACGGGTCATGTGACTT-1,0.099035,0.597092,0.049507,0.013954,0.184071,0.056341
ACGGTACAGTTCAATG-1,0.064865,0.365852,0.24562,0.215086,0.073637,0.03494
ACGTACAGATTTCTCT-1,0.046111,0.13188,0.498804,0.158562,0.028847,0.135797
ACGTACTTTGGCACGG-1,0.111305,0.058016,0.204721,0.143965,0.249906,0.232087
ACGTAGATTGCTGATG-1,0.039065,0.07536,0.054215,0.289414,0.354309,0.187636
ACGTAGGAGAGTCGCT-1,0.071195,0.118629,0.416607,0.094344,0.177891,0.121333
ACGTATTACTCCGATC-1,0.062403,0.045467,0.322272,0.277516,0.241059,0.051283
ACGTCCTAAACGAGAT-1,0.999256,0.000149,0.000149,0.000149,0.000149,0.000149
ACGTCGGGCAACTCGG-1,0.09029,0.071091,0.115851,0.068223,0.443812,0.210732
ACGTCTCGTTCCGGGA-1,0.000014,0.023137,0.837778,0.112625,0.026432,0.000015
ACGTGACAAAGTAAGT-1,0.032074,0.369004,0.28077,0.023706,0.122639,0.171806
ACGTGCGCCTCGTGCA-1,0.002914,0.203247,0.541722,0.134644,0.05086,0.066612
ACGTGGTCGAATGTGC-1,0.999457,0.000109,0.000109,0.000108,0.000108,0.000109
ACGTTAATGTCGAAGA-1,0.000733,0.067279,0.643676,0.186099,0.028101,0.074112
ACGTTAGATTTGCCCG-1,0.034261,0.007622,0.055064,0.108482,0.366,0.42857
ACGTTATTGGTCACTC-1,0.007725,0.001273,0.003369,0.094379,0.713039,0.180216
ACGTTCCGCGCTCCGT-1,0.379127,0.216864,0.019427,0.013507,0.024304,0.346771
ACGTTCGCAATCAATT-1,0.010056,0.067203,0.131354,0.616012,0.133264,0.042111
ACGTTCGTTCAGGAAA-1,0.000587,0.082761,0.483335,0.275246,0.151178,0.006892
ACGTTCTGTACAAGTC-1,0.088199,0.046911,0.163669,0.28691,0.392118,0.022194
ACGTTTAGTTGTGATC-1,0.134847,0.024,0.001058,0.04551,0.355181,0.439403
ACTAAGGACGCACACC-1,0.518494,0.076494,0.055046,0.00289,0.000065,0.347012
ACTAATACGTCAGGCG-1,0.14394,0.000104,0.008008,0.024928,0.000104,0.822916
ACTACAAAGAGAGGTG-1,0.028605,0.371323,0.094872,0.199291,0.135484,0.170426
ACTACATCCCGACAAG-1,0.004301,0.082829,0.072178,0.127332,0.451737,0.261624
ACTACCAGCTCTCTGG-1,0.000031,0.062736,0.714821,0.205707,0.016674,0.000031
ACTACGCGTTAGAATT-1,0.084647,0.041403,0.342024,0.129233,0.322536,0.080157
ACTAGTTGCGATCGTC-1,0.039099,0.058087,0.097041,0.184067,0.372289,0.249417
ACTATATGCTGTGTTC-1,0.000057,0.04034,0.147309,0.670404,0.084779,0.057112
ACTATCCAGGGCATGG-1,0.052094,0.092798,0.362028,0.300812,0.156515,0.035752
ACTATCTGCCCGCGTA-1,0.045748,0.093264,0.037713,0.116877,0.479674,0.226723
ACTATGTCCAGCTGCC-1,0.05411,0.033215,0.265597,0.155551,0.418163,0.073364
ACTATTCGTCCGTGGT-1,0.161678,0.026757,0.008741,0.041396,0.219532,0.541895
ACTATTTCCGGGCCCA-1,0.008073,0.129208,0.406336,0.381023,0.070066,0.005293
ACTCAACGAATGTATT-1,0.251983,0.025908,0.082124,0.008277,0.107031,0.524677
ACTCAAGTGCAAGGCT-1,0.087485,0.058274,0.088605,0.226402,0.436076,0.103157
ACTCAATAAAGGCACG-1,0.048725,0.000099,0.000099,0.109694,0.277009,0.564373
ACTCAGACCTGCTTCT-1,0.1388,0.018804,0.002843,0.085687,0.468954,0.284913
ACTCATGGCAGCCTTC-1,0.038621,0.182893,0.190308,0.276244,0.177525,0.13441
ACTCCAATATCATCAT-1,0.187589,0.048632,0.156062,0.121319,0.256868,0.22953
ACTCCCATTCCTAAAG-1,0.023332,0.044574,0.533401,0.162744,0.040684,0.195264
ACTCCCGAATTCGTTT-1,0.058169,0.034642,0.333632,0.378137,0.112428,0.082991
ACTCCCGTAGACTAGG-1,0.01436,0.047045,0.075832,0.606852,0.176666,0.079244
ACTCCCTAATGCTAAA-1,0.000029,0.147737,0.495223,0.345945,0.011015,0.000051
ACTCCCTAGAATAGTA-1,0.086143,0.013818,0.012028,0.213553,0.58127,0.093188
ACTCCGGCCGACCACT-1,0.008544,0.303236,0.508303,0.120655,0.055395,0.003867
ACTCGATGTATTTCAT-1,0.000039,0.068015,0.651795,0.184422,0.094014,0.001715
ACTCGCCGTTCGATAA-1,0.057812,0.206003,0.284228,0.217863,0.165269,0.068825
ACTCGCGATCTGACGC-1,0.044314,0.066742,0.051356,0.394255,0.34474,0.098593
ACTCGTAACCCGTCCT-1,0.028966,0.032909,0.523967,0.311446,0.062787,0.039925
ACTCGTCAGTAATCCC-1,0.029057,0.056817,0.27353,0.231392,0.314069,0.095135
ACTCTAAACCTGGGAT-1,0.064893,0.148528,0.711942,0.020943,0.044194,0.0095
ACTCTCTGACTTAGGT-1,0.000065,0.128134,0.499065,0.204106,0.156606,0.012026
ACTCTCTTATACACGA-1,0.408599,0.052856,0.028279,0.000086,0.000086,0.510094
ACTCTGACCTAATAGA-1,0.064951,0.091226,0.205551,0.525515,0.098292,0.014466
ACTCTTCAGCTCCCGC-1,0.052045,0.068618,0.269124,0.411292,0.153253,0.045668
ACTCTTGTATAGTAAC-1,0.069935,0.073558,0.065637,0.265349,0.155201,0.37032
ACTGAAACGCCGTTAG-1,0.013039,0.022342,0.25566,0.304296,0.184732,0.21993
ACTGAATGGCGAAAGT-1,0.057355,0.064582,0.057242,0.056129,0.557997,0.206695
ACTGATTTAGTGATTC-1,0.999087,0.000183,0.000183,0.000183,0.000183,0.000183
ACTGCCCGCCATTCTC-1,0.396804,0.070737,0.371724,0.092529,0.030428,0.037779
ACTGCCGTCGTAACTC-1,0.050964,0.106899,0.206482,0.271229,0.086422,0.278004
ACTGCGGACACACCGT-1,0.061615,0.021924,0.000258,0.267176,0.351659,0.297368
ACTGCTCGGAAGGATG-1,0.000035,0.012925,0.870622,0.09175,0.024634,0.000035
ACTGGCGAACCTGCGT-1,0.688999,0.042681,0.010451,0.114928,0.010758,0.132183
ACTGTACGATACACAT-1,0.013566,0.098492,0.039142,0.277123,0.371853,0.199824
ACTGTAGCACTTTGGA-1,0.000042,0.085188,0.461435,0.44195,0.011342,0.000042
ACTGTATACGCGAGCA-1,0.066595,0.000771,0.032577,0.040559,0.451587,0.407911
ACTGTCCAGGATTATA-1,0.040722,0.055062,0.129973,0.351822,0.256951,0.165471
ACTGTCTTCTTTAGAA-1,0.09453,0.392702,0.031909,0.17347,0.161321,0.146068
ACTGTGCTAGTAGATC-1,0.000072,0.026976,0.358514,0.158805,0.308315,0.147317
ACTGTTTAGTGTAGGC-1,0.998688,0.000263,0.000262,0.000262,0.000262,0.000263
ACTTACCGGGCGCGCA-1,0.037436,0.009954,0.000322,0.037946,0.111689,0.802653
ACTTACGCATCCACGC-1,0.088306,0.136189,0.142457,0.301735,0.246268,0.085045
ACTTAGTACGACAAGA-1,0.047737,0.049161,0.161767,0.148099,0.478032,0.115204
ACTTATACTTACCCGG-1,0.055468,0.034156,0.171527,0.387831,0.306228,0.04479
ACTTATTAGGATCGGT-1,0.01996,0.006307,0.029591,0.064127,0.625718,0.254298
ACTTATTTATGTGCCA-1,0.000044,0.821153,0.103578,0.009062,0.060277,0.005886
ACTTCAGGCTGATCCC-1,0.340929,0.004283,0.00151,0.123222,0.366104,0.163952
ACTTCCAGTGGAAGCT-1,0.029883,0.104586,0.239253,0.059696,0.364087,0.202496
ACTTCCATGCGGGACA-1,0.039569,0.06376,0.376393,0.219443,0.163068,0.137767
ACTTCCTGTCGTGCGA-1,0.998417,0.000317,0.000316,0.000316,0.000316,0.000317
ACTTCGCCATACGCAC-1,0.000041,0.075424,0.553176,0.360438,0.009714,0.001207
ACTTCGCTAGCGAGTG-1,0.159812,0.067465,0.016981,0.232787,0.429322,0.093632
ACTTGACTCCCTCTTT-1,0.097906,0.111002,0.157333,0.118211,0.344583,0.170966
ACTTGCCATATTGTAC-1,0.998777,0.000245,0.000245,0.000245,0.000245,0.000245
ACTTGCTCTATCTACC-1,0.089248,0.000286,0.016923,0.266668,0.393689,0.233185
ACTTGGGACCCGGTGG-1,0.009389,0.091985,0.034225,0.010363,0.142751,0.711287
ACTTGTAGTCCCTTCA-1,0.000084,0.125369,0.411738,0.282376,0.172549,0.007884
ACTTGTGGATGGAACG-1,0.053513,0.055909,0.111087,0.410621,0.247755,0.121115
ACTTTACCCTCATGAA-1,0.09768,0.003674,0.00113,0.301689,0.284289,0.311539
ACTTTCCTATAGCTTC-1,0.000096,0.055138,0.08557,0.354919,0.283972,0.220305
ACTTTGACTGCATCCT-1,0.0883,0.056147,0.213928,0.1223,0.131405,0.38792
ACTTTGGTCGTGCTCC-1,0.004247,0.022479,0.681294,0.143911,0.099698,0.048371
ACTTTGTCGACGCACT-1,0.033905,0.064111,0.117809,0.504893,0.202815,0.076467
AGAAATTATGACTCGC-1,0.000019,0.999903,0.000019,0.000019,0.000019,0.000019
AGAACCCAGCGTGACA-1,0.015065,0.224764,0.219089,0.470956,0.054462,0.015664
AGAACCCTCAATTGGG-1,0.000034,0.996188,0.003675,0.000034,0.000034,0.000034
AGAACGTGGTACATTC-1,0.052794,0.027914,0.417552,0.231618,0.078267,0.191854
