Barcode,Topic 1,Topic 2,Topic 3,Topic 4,Topic 5,Topic 6to8,Topic 9to10,Topic 11,Topic 12
AAACAAGTATCTCCCA-1,0.00001,0.034929,0.012244,0.007494,0.00522,0.081647,0.738387,0.1173,0.002768
AAACAATCTACTAGCA-1,0.004007,0.100959,0.078896,0.063869,0.135008,0.208313,0.284525,0.116718,0.007707
AAACACCAATAACTGC-1,0.007808,0.064541,0.000292,0.203331,0.176509,0.126268,0.402215,0.005067,0.013971
AAACAGAGCGACTCCT-1,0.612633,0.000522,0.169335,0.214916,0.000324,0.000973,0.000649,0.000324,0.000324
AAACAGCTTTCAGAAG-1,0.013398,0.019614,0.026771,0.086129,0.146612,0.559013,0.133135,0.009131,0.006197
AAACAGGGTCTATATT-1,0.02318,0.014447,0.00001,0.005483,0.01289,0.173094,0.755721,0.0051,0.010076
AAACAGTGTTCCTGGG-1,0.013333,0.046527,0.005854,0.003491,0.005374,0.107643,0.552772,0.261012,0.003994
AAACATTTCCCGGATT-1,0.009171,0.000025,0.00763,0.002205,0.001619,0.249635,0.677418,0.033148,0.019149
AAACCACTACACAGAT-1,0.015624,0.145401,0.046036,0.018587,0.017529,0.095347,0.261286,0.394372,0.005818
AAACCCGAACGAAATC-1,0.084122,0.001544,0.003373,0.178329,0.007407,0.180877,0.52074,0.020044,0.003564
AAACCGGAAATGTTAA-1,0.045168,0.07352,0.012025,0.000955,0.014668,0.195711,0.601437,0.055146,0.001371
AAACCGGGTAGGTACC-1,0.053112,0.024246,0.162665,0.044661,0.120997,0.506477,0.046804,0.02826,0.012779
AAACCGTTCGTCCAGG-1,0.099268,0.022195,0.00754,0.005038,0.007135,0.184349,0.602831,0.051543,0.020102
AAACCTAAGCAGCCGG-1,0.000007,0.087341,0.029774,0.163126,0.066398,0.264686,0.295543,0.082319,0.010805
AAACCTCATGAAGTTG-1,0.000006,0.046415,0.010553,0.034861,0.19666,0.430841,0.262947,0.014744,0.002974
AAACGAAGAACATACC-1,0.000005,0.093053,0.127175,0.03435,0.03956,0.250795,0.2068,0.228749,0.019514
AAACGACAGTCTTGCC-1,0.001539,0.089758,0.021824,0.005458,0.018948,0.086387,0.531597,0.242777,0.001711
AAACGAGACGGTTGAT-1,0.004476,0.011363,0.152298,0.061333,0.017114,0.161815,0.245432,0.250295,0.095875
AAACGCCCGAGATCGG-1,0.000011,0.00838,0.003764,0.000605,0.007164,0.039796,0.740508,0.197687,0.002086
AAACGGGCGTACGGGT-1,0.037903,0.393429,0.017873,0.02794,0.028556,0.201328,0.270681,0.013593,0.008697
AAACGGGTTGGTATCC-1,0.000017,0.004045,0.001501,0.070701,0.000993,0.026585,0.743958,0.059896,0.092304
AAACGGTTGCGAACTG-1,0.041872,0.016766,0.131625,0.016897,0.027852,0.456627,0.18237,0.119895,0.006095
AAACGTGTTCGCCCTA-1,0.001335,0.24497,0.000341,0.176538,0.063867,0.016026,0.45752,0.019239,0.020164
AAACTAACGTGGCGAC-1,0.055812,0.235199,0.083136,0.085284,0.190929,0.0582,0.103477,0.175036,0.012927
AAACTCGGTTCGCAAT-1,0.000012,0.002667,0.059923,0.004016,0.012728,0.504687,0.356683,0.059273,0.000012
AAACTCGTGATATAAG-1,0.02228,0.012451,0.113677,0.025504,0.016522,0.572295,0.17685,0.057126,0.003294
AAACTGCTGGCTCCAA-1,0.000009,0.032803,0.118533,0.020784,0.009544,0.312849,0.353164,0.150155,0.00216
AAACTTAATTGCACGC-1,0.000017,0.000017,0.000017,0.000017,0.001121,0.043324,0.955452,0.000017,0.000017
AAACTTGCAAACGTAT-1,0.000005,0.049649,0.034598,0.253901,0.212384,0.39232,0.043157,0.006578,0.007409
AAAGACATGAAGTTTA-1,0.007468,0.007715,0.038838,0.033852,0.004401,0.065485,0.42107,0.355972,0.065199
AAAGACCCAAGTCGCG-1,0.062202,0.017751,0.28872,0.087611,0.026593,0.210967,0.134662,0.165655,0.005838
AAAGACTGGGCGCTTT-1,0.000006,0.045122,0.063325,0.192654,0.080394,0.31995,0.178157,0.114358,0.006033
AAAGCTTGCCTACATA-1,0.250833,0.215927,0.000189,0.075325,0.000189,0.000566,0.20063,0.256154,0.000189
AAAGGCCCTATAATAC-1,0.000008,0.000855,0.372902,0.017588,0.041132,0.550872,0.004249,0.004593,0.007801
AAAGGCTACGGACCAT-1,0.015256,0.015019,0.127223,0.040814,0.028172,0.393657,0.232984,0.136111,0.010763
AAAGGCTCTCGCGCCG-1,0.000908,0.001564,0.391225,0.030749,0.00831,0.331827,0.075512,0.150559,0.009345
AAAGGGATGTAGCAAG-1,0.030191,0.029601,0.309348,0.057282,0.068229,0.261757,0.065329,0.146055,0.032208
AAAGGGCAGCTTGAAT-1,0.000006,0.001267,0.143776,0.041393,0.012437,0.330286,0.248799,0.215424,0.006611
AAAGGTAAGCTGTACC-1,0.088979,0.072252,0.063651,0.055348,0.028476,0.062714,0.250488,0.316523,0.061569
AAAGGTCAACGACATG-1,0.007525,0.149081,0.010859,0.009247,0.081467,0.069592,0.525211,0.137306,0.009712
AAAGTAGCATTGCTCA-1,0.003634,0.038528,0.024176,0.031946,0.377535,0.429112,0.075065,0.011977,0.008027
AAAGTCACTGATGTAA-1,0.007766,0.05172,0.06198,0.064817,0.076317,0.163684,0.341873,0.182429,0.049414
AAAGTCGACCCTCAGT-1,0.003307,0.011752,0.025209,0.089706,0.189269,0.523871,0.081652,0.011862,0.063372
AAAGTGCCATCAATTA-1,0.023415,0.047056,0.018343,0.032646,0.053413,0.255061,0.50235,0.052791,0.014925
AAAGTGTGATTTATCT-1,0.065282,0.138561,0.103861,0.077277,0.056282,0.250004,0.182194,0.110932,0.015608
AAATAACCATACGGGA-1,0.003677,0.031847,0.151341,0.072552,0.119081,0.384606,0.095355,0.109978,0.031563
AAATAAGGTAGTGCCC-1,0.482935,0.513225,0.000384,0.000384,0.000384,0.001152,0.000768,0.000384,0.000384
AAATACCTATAAGCAT-1,0.000008,0.101865,0.169434,0.032578,0.024073,0.19082,0.161279,0.30988,0.010064
AAATAGCTTAGACTTT-1,0.597223,0.402023,0.000075,0.000075,0.000075,0.000226,0.000151,0.000075,0.000075
AAATAGGGTGCTATTG-1,0.000006,0.155626,0.2563,0.026866,0.118251,0.251774,0.097287,0.081652,0.012239
AAATCACTCCTAAACG-1,0.046995,0.341,0.042721,0.033797,0.111296,0.107088,0.226132,0.072448,0.018523
AAATCCGATACACGCC-1,0.00963,0.051574,0.090514,0.143917,0.217566,0.369787,0.086258,0.028944,0.00181
AAATCGCGGAAGGAGT-1,0.000016,0.000016,0.003752,0.000016,0.000016,0.301475,0.683823,0.010869,0.000016
AAATCGTGTACCACAA-1,0.000007,0.002005,0.546856,0.012708,0.008956,0.390226,0.013873,0.024754,0.000617
AAATCTAGCCCTGCTA-1,0.009371,0.005053,0.005628,0.06002,0.000379,0.18398,0.601318,0.113042,0.021209
AAATGACTGATCAAAC-1,0.003623,0.003623,0.003623,0.003623,0.003623,0.96739,0.007247,0.003623,0.003623
AAATGATTCGATCAGC-1,0.016056,0.31635,0.008842,0.004042,0.010923,0.104607,0.4321,0.088244,0.018836
AAATGCTCGTTACGTT-1,0.000009,0.018825,0.186098,0.01953,0.020805,0.36871,0.259071,0.124492,0.00246
AAATGGCATGTCTTGT-1,0.000006,0.001898,0.445968,0.059697,0.01548,0.270246,0.056518,0.146044,0.004142
AAATGGCCCGTGCCCT-1,0.01586,0.009122,0.079254,0.008098,0.068141,0.767196,0.037207,0.008126,0.006995
AAATGGTCAATGTGCC-1,0.02688,0.142291,0.011329,0.008486,0.085269,0.165837,0.476217,0.079772,0.00392
AAATGTGGGTGCTCCT-1,0.000007,0.153264,0.052496,0.009706,0.098841,0.185898,0.292971,0.178063,0.028755
AAATTAACGGGTAGCT-1,0.012436,0.081881,0.014461,0.043442,0.190687,0.185568,0.392835,0.075215,0.003474
AAATTAATAAGCGCGA-1,0.000012,0.000012,0.003871,0.055506,0.001227,0.112775,0.688302,0.105679,0.032615
AAATTACACGACTCTG-1,0.014152,0.006024,0.055191,0.042792,0.026328,0.244574,0.468386,0.137527,0.005025
AAATTACCTATCGATG-1,0.039655,0.005474,0.207895,0.01644,0.01231,0.477104,0.124302,0.101562,0.015257
AAATTCCAGGTCCAAA-1,0.542455,0.45724,0.000031,0.000031,0.000031,0.000092,0.000061,0.000031,0.000031
AAATTGATAGTCCTTT-1,0.019386,0.010279,0.218821,0.02441,0.082769,0.633785,0.006456,0.003293,0.000801
AAATTGGTGAGAAGCA-1,0.004011,0.074795,0.022955,0.028722,0.030693,0.182383,0.581561,0.071432,0.003447
AAATTTACCGAAATCC-1,0.009436,0.044406,0.057388,0.039135,0.026985,0.160927,0.383354,0.259395,0.018974
AAATTTGCGGGTGTGG-1,0.00001,0.136823,0.002404,0.010741,0.13963,0.190592,0.499628,0.011354,0.008819
AACAACTGGTAGTTGC-1,0.012776,0.017251,0.008676,0.017267,0.030822,0.177456,0.651133,0.072966,0.011654
AACAATACATTGTCGA-1,0.004134,0.020509,0.026161,0.014712,0.032473,0.513708,0.355332,0.028318,0.004654
AACAATTACTCTACGC-1,0.035764,0.01839,0.114006,0.013338,0.021454,0.573021,0.178903,0.04012,0.005004
AACACACGCTCGCCGC-1,0.001916,0.203573,0.0173,0.011446,0.070363,0.137776,0.471428,0.080597,0.005601
AACACGACTGTACTGA-1,0.000007,0.049885,0.111971,0.050276,0.03537,0.282519,0.266634,0.183358,0.01998
AACACGAGACGCGGCC-1,0.009535,0.000702,0.006524,0.207271,0.041422,0.356866,0.345475,0.011138,0.021067
AACACGCGGCCGCGAA-1,0.001813,0.087639,0.032044,0.22637,0.047856,0.107272,0.124034,0.05595,0.317023
AACAGCTGTGTGGCAA-1,0.001191,0.134726,0.010266,0.006905,0.244469,0.365636,0.213776,0.009632,0.0134
AACAGGAAATCGAATA-1,0.069464,0.141143,0.028369,0.075762,0.119733,0.100521,0.319542,0.123356,0.022111
AACAGGATGGGCCGCG-1,0.000013,0.002322,0.000013,0.000013,0.001503,0.068121,0.891384,0.036616,0.000013
AACAGGTAGTATGGAT-1,0.348887,0.11966,0.001894,0.033467,0.001944,0.145331,0.283836,0.060297,0.004685
AACATAGCGTGTATCG-1,0.001208,0.001208,0.001208,0.172858,0.001208,0.81748,0.002416,0.001208,0.001208
AACATATCAACTGGTG-1,0.0693,0.093613,0.106991,0.030965,0.079338,0.211596,0.211865,0.141622,0.054711
AACATCGATACGTCTA-1,0.008355,0.066746,0.098613,0.010296,0.099269,0.234488,0.305765,0.167061,0.009407
AACATTGAAGTTGATC-1,0.026158,0.075183,0.086217,0.000055,0.02352,0.551322,0.227679,0.00981,0.000055
AACATTGTGACTCGAG-1,0.03766,0.15658,0.021848,0.012549,0.0134,0.196389,0.423744,0.089474,0.048355
AACCAAGACTTCTCTG-1,0.082124,0.055994,0.005336,0.017491,0.169271,0.198264,0.419536,0.032252,0.019732
AACCAGTATCACTCTT-1,0.000009,0.004327,0.425548,0.05034,0.010204,0.252586,0.141713,0.108611,0.006662
AACCATAGGGTTGAAC-1,0.000011,0.000011,0.008003,0.004565,0.001845,0.524928,0.447321,0.013304,0.000011
AACCATGGGATCGCTA-1,0.000012,0.014978,0.02582,0.020706,0.003139,0.193074,0.633481,0.064494,0.044296
AACCCAGAGACGGAGA-1,0.00001,0.613313,0.000038,0.001972,0.00001,0.018807,0.302218,0.056367,0.007265
AACCCATCCCATGATC-1,0.008382,0.021271,0.010321,0.019813,0.021262,0.762296,0.153542,0.00309,0.000023
AACCCGACAACCCGTG-1,0.000016,0.000809,0.000016,0.00179,0.00425,0.221525,0.711966,0.012221,0.047407
AACCCGAGCAGAATCG-1,0.089833,0.047049,0.000035,0.005332,0.000035,0.031415,0.728395,0.0903,0.007605
AACCCGATAGGGCTTC-1,0.055898,0.054638,0.285989,0.028619,0.094908,0.183432,0.127756,0.16369,0.00507
AACCCGCTGTATTCCA-1,0.001097,0.001097,0.450976,0.001097,0.001097,0.00329,0.002193,0.538059,0.001097
AACCCTACTGTCAATA-1,0.165484,0.344355,0.04546,0.017034,0.002127,0.140812,0.214805,0.064447,0.005476
AACCCTGGTGGAACCA-1,0.000008,0.001259,0.004956,0.007282,0.006329,0.082402,0.702842,0.171514,0.023407
AACCGAGCTTGGTCAT-1,0.007773,0.03762,0.004976,0.021473,0.01017,0.050213,0.674684,0.184254,0.008837
AACCGCTAAGGGATGC-1,0.126571,0.33534,0.053382,0.030776,0.220457,0.092732,0.093097,0.042713,0.004933
AACCGTTGTGTTTGCT-1,0.015279,0.125397,0.070786,0.028809,0.092376,0.183403,0.253958,0.213228,0.016764
AACCTAAAGCCGTCCG-1,0.045877,0.019924,0.001282,0.515893,0.01767,0.026112,0.338645,0.020762,0.013834
AACCTCGCTTTAGCCC-1,0.029894,0.046239,0.095215,0.038862,0.052993,0.503992,0.198085,0.033859,0.00086
AACCTGTCACGGAATT-1,0.725238,0.254,0.000046,0.020349,0.000046,0.000138,0.000092,0.000046,0.000046
AACCTTTAAATACGGT-1,0.000007,0.262702,0.004452,0.009967,0.103719,0.056715,0.418467,0.114179,0.029791
AACCTTTACGACGTCT-1,0.352566,0.559041,0.000514,0.083763,0.000514,0.001543,0.001029,0.000514,0.000514
AACGAAAGTCGTCCCA-1,0.000007,0.000113,0.362482,0.017992,0.018441,0.576948,0.008691,0.004689,0.010638
AACGATAATGCCGTAG-1,0.000008,0.058496,0.153493,0.127518,0.036018,0.24105,0.210267,0.12933,0.04382
AACGATAGAAGGGCCG-1,0.000007,0.126514,0.111599,0.196695,0.193088,0.141496,0.109905,0.098106,0.02259
AACGATATGTCAACTG-1,0.23052,0.722138,0.000078,0.023203,0.023515,0.000234,0.000156,0.000078,0.000078
AACGCATGATCTGGGT-1,0.0256,0.05516,0.024112,0.011787,0.059777,0.148962,0.574644,0.097858,0.002101
AACGCGACCTTGGGCG-1,0.00246,0.254633,0.023304,0.038494,0.166713,0.220376,0.228045,0.053323,0.012652
AACGCGGTCTCCAGCC-1,0.015948,0.078293,0.031692,0.032151,0.03548,0.181816,0.403257,0.147369,0.073994
AACGCTGTTGCTGAAA-1,0.00437,0.091718,0.036065,0.006191,0.024035,0.174701,0.503401,0.147284,0.012235
AACGGACGTACGTATA-1,0.087044,0.0633,0.000025,0.000025,0.005004,0.044199,0.732125,0.062948,0.005331
AACGGCCATCTCCGGT-1,0.000761,0.030466,0.290339,0.027642,0.056783,0.486016,0.042654,0.058742,0.006597
AACGTACTGTGGGTAC-1,0.023928,0.150183,0.005283,0.010541,0.030432,0.158715,0.568075,0.033893,0.018951
AACGTAGTCTACCCAT-1,0.000465,0.000813,0.164729,0.047629,0.039422,0.305243,0.221869,0.217853,0.001977
AACGTCAGACTAGTGG-1,0.005108,0.01116,0.033393,0.032116,0.074601,0.320546,0.450173,0.06859,0.004313
AACGTCATCCGGCTTG-1,0.041667,0.041668,0.041668,0.041668,0.041669,0.624988,0.083337,0.041668,0.041668
AACGTGATGAAGGACA-1,0.046701,0.213492,0.003338,0.006436,0.002595,0.03717,0.519761,0.160495,0.010014
AACGTGCGAAAGTCTC-1,0.000069,0.044437,0.625036,0.047274,0.105769,0.104169,0.014507,0.050146,0.008593
AACGTTATCAGCACCT-1,0.000009,0.131957,0.000998,0.002777,0.096878,0.104297,0.626019,0.030006,0.00706
AACGTTCTACCATTGT-1,0.000076,0.6268,0.010781,0.001366,0.049231,0.26413,0.000152,0.047389,0.000076
AACTACCCGTTTGTCA-1,0.336633,0.076401,0.000115,0.000115,0.000115,0.000345,0.582932,0.003228,0.000115
AACTAGCGTATCGCAC-1,0.000009,0.088314,0.052887,0.077334,0.078445,0.134822,0.386332,0.176249,0.005608
AACTAGGCTTGGGTGT-1,0.000011,0.140022,0.013247,0.035759,0.071076,0.071688,0.474415,0.165646,0.028136
AACTCAAGTTAATTGC-1,0.002491,0.03444,0.004423,0.005306,0.006026,0.128443,0.734895,0.072166,0.01181
AACTCCAGAGCGTGTT-1,0.013442,0.032714,0.000072,0.439577,0.018492,0.017827,0.44154,0.026827,0.009508
AACTCCTAATCCCATG-1,0.019004,0.000382,0.000007,0.87876,0.000007,0.000021,0.000014,0.000007,0.101797
AACTCGATGGCGCAGT-1,0.000011,0.002347,0.03018,0.015898,0.007673,0.232685,0.522026,0.183453,0.005728
AACTCTCAATAGAGCG-1,0.104786,0.020179,0.377847,0.016188,0.006071,0.280971,0.051809,0.142124,0.000024
AACTCTCAGTGTGCTC-1,0.021578,0.003865,0.012981,0.014364,0.008574,0.240957,0.591366,0.093569,0.012747
AACTGAGGTCAGCGTC-1,0.095485,0.251653,0.07928,0.025066,0.046719,0.15253,0.238279,0.060104,0.050884
AACTGAGTTATACTGA-1,0.088105,0.009159,0.00317,0.280285,0.005211,0.122171,0.392708,0.096656,0.002535
AACTGATATTAGGCCT-1,0.011413,0.008485,0.060235,0.024147,0.011133,0.211419,0.50418,0.158838,0.01015
AACTGGGTCCCGACGT-1,0.000007,0.001046,0.127327,0.04278,0.014609,0.364569,0.297198,0.145129,0.007337
AACTGGGTTCGAGCCG-1,0.008067,0.26224,0.062275,0.051803,0.023715,0.092513,0.223958,0.263874,0.011554
AACTGGTGTGGGCCTT-1,0.00001,0.04189,0.029693,0.019248,0.078696,0.084631,0.520434,0.213038,0.01236
AACTTCTGCGTCTATC-1,0.019897,0.133203,0.000518,0.00001,0.041213,0.075259,0.707402,0.020761,0.001736
AACTTGCCCGTATGCA-1,0.006989,0.044934,0.036973,0.005887,0.048525,0.265398,0.438576,0.145705,0.007013
AACTTGCGTTCTCGCG-1,0.000012,0.012742,0.104832,0.081332,0.108495,0.317471,0.226441,0.147704,0.00097
AACTTTAGCTGCTGAG-1,0.00001,0.356648,0.000537,0.011532,0.017652,0.035899,0.498079,0.060703,0.018941
AACTTTCTCGATCATG-1,0.033028,0.417501,0.01153,0.069563,0.093251,0.171165,0.160425,0.043502,0.000035
AAGAAAGTTTGATGGG-1,0.002874,0.002874,0.002874,0.002874,0.423444,0.553567,0.005747,0.002874,0.002874
AAGAAATCACCAGATT-1,0.004993,0.035643,0.162214,0.223544,0.039419,0.441792,0.062318,0.026192,0.003884
AAGAAGGATCAGTTAG-1,0.000011,0.009711,0.000011,0.000011,0.002335,0.055534,0.906312,0.017401,0.008673
AAGACATACGTGGTTT-1,0.000031,0.000031,0.000031,0.000031,0.000031,0.00169,0.996311,0.001811,0.000031
AAGACCAAATAACTCA-1,0.010999,0.013962,0.000981,0.04229,0.054716,0.398862,0.45695,0.021041,0.0002
AAGACCCAACTGAACA-1,0.004257,0.024517,0.05484,0.026213,0.026214,0.169168,0.312998,0.101146,0.280648
AAGACTAACCCGTTGT-1,0.000009,0.000009,0.042681,0.010146,0.00211,0.341642,0.493113,0.091795,0.018496
AAGACTCACGCCCACT-1,0.000007,0.107646,0.028184,0.038562,0.083177,0.087168,0.376749,0.25031,0.028196
AAGACTGCAAGCTACT-1,0.125464,0.569352,0.051462,0.132937,0.103303,0.011216,0.000047,0.002928,0.003292
AAGAGATGAATCGGTA-1,0.00001,0.117635,0.003544,0.002503,0.0891,0.117118,0.608323,0.048635,0.013132
AAGAGCTCTTTATCGG-1,0.000007,0.03655,0.315747,0.033578,0.033645,0.126993,0.137083,0.289061,0.027335
AAGAGGATGTACGCGA-1,0.002802,0.12346,0.029106,0.005207,0.039807,0.409313,0.335764,0.048764,0.005776
AAGAGGCATGGATCGC-1,0.000007,0.101008,0.304526,0.100231,0.111443,0.12225,0.110596,0.127987,0.021953
AAGAGGCCCTTTGGAA-1,0.001879,0.215122,0.182875,0.018047,0.124323,0.341661,0.075118,0.039586,0.001388
AAGATGGCACCGGACC-1,0.027551,0.009484,0.152902,0.057147,0.076103,0.49794,0.124045,0.044775,0.010053
AAGATTGGCGGAACGT-1,0.178145,0.41767,0.000079,0.000079,0.000079,0.000236,0.278427,0.079124,0.046161
AAGCACCCTGCGTATC-1,0.005269,0.290745,0.009845,0.001779,0.039395,0.112231,0.368556,0.163535,0.008645
AAGCATACTCTCCTGA-1,0.00001,0.254328,0.013123,0.017531,0.01247,0.089776,0.457266,0.139998,0.015499
AAGCCGAAGCGGTTTA-1,0.109176,0.022308,0.003377,0.018572,0.000028,0.018865,0.15494,0.066611,0.606123
AAGCCGCCGTGAAATC-1,0.020288,0.002201,0.082392,0.069596,0.074888,0.663429,0.048514,0.007988,0.030705
AAGCCGCTTTACCTTG-1,0.015521,0.328198,0.000014,0.002289,0.034916,0.057399,0.519616,0.030055,0.011993
AAGCCGGAGAGCAGGA-1,0.000025,0.000025,0.000025,0.000025,0.000025,0.04266,0.554126,0.0035,0.399588
AAGCGCAGGGCTTTGA-1,0.021105,0.014108,0.00605,0.016106,0.008267,0.218001,0.643041,0.064802,0.00852
AAGCGGAGTGCGCGCA-1,0.006305,0.031295,0.002105,0.00373,0.013139,0.123478,0.803535,0.013906,0.002507
AAGCGGCGTCATGGGT-1,0.000011,0.012508,0.040452,0.029942,0.020595,0.069717,0.425956,0.391864,0.008956
AAGCGTCCCTCATCGA-1,0.023421,0.012352,0.008571,0.043516,0.049971,0.215736,0.591365,0.038788,0.016281
AAGCTAGATCGAGTAA-1,0.000006,0.012116,0.322679,0.06155,0.019842,0.277471,0.148591,0.152206,0.00554
AAGCTCGTGCCAAGTC-1,0.000009,0.219278,0.065288,0.032833,0.035819,0.073717,0.262583,0.26572,0.044753
AAGCTCTTTCATGGTG-1,0.003418,0.005094,0.000012,0.00102,0.0057,0.108662,0.853793,0.011206,0.011094
AAGGAGAACTTATAAG-1,0.000004,0.042541,0.091441,0.09801,0.09118,0.164074,0.195715,0.26344,0.053593
AAGGAGCGGTTGGTGC-1,0.02976,0.048762,0.029375,0.031714,0.09785,0.197811,0.525827,0.036675,0.002226
AAGGATCGATCGCTTG-1,0.855859,0.082237,0.002961,0.045464,0.011444,0.001885,0.000075,0.000038,0.000038
AAGGATGAGGGACCTC-1,0.015107,0.171076,0.039873,0.021643,0.110392,0.159222,0.302106,0.1541,0.026481
AAGGCAGGCTGTCTCC-1,0.506719,0.144803,0.00009,0.00009,0.00009,0.000269,0.347761,0.00009,0.00009
AAGGCGCGTAAAGCTT-1,0.013214,0.018793,0.13221,0.095484,0.131411,0.281142,0.237801,0.082578,0.007367
AAGGCTGTGCTCATCG-1,0.000006,0.000006,0.678469,0.010861,0.021816,0.288584,0.000078,0.000174,0.000006
AAGGGAACGACTGGCT-1,0.031711,0.157332,0.004639,0.008647,0.028676,0.419616,0.323224,0.010407,0.015747
AAGGGACAGATTCTGT-1,0.25748,0.000386,0.000386,0.000386,0.000386,0.001157,0.172868,0.540465,0.026487
AAGGGACTATGCATTC-1,0.011516,0.311511,0.028674,0.009589,0.129919,0.327494,0.118962,0.014204,0.048131
AAGGGTTAGCCATGCG-1,0.000043,0.213475,0.146225,0.027655,0.232221,0.233879,0.057549,0.085703,0.003252
AAGGTATCCTAATATA-1,0.035607,0.000007,0.007262,0.019335,0.000007,0.000093,0.000014,0.000786,0.936888
AAGGTGATAAACCAGC-1,0.072977,0.005351,0.000028,0.000028,0.000028,0.065006,0.790911,0.065644,0.000028
AAGTAAGCTTCCAAAC-1,0.000005,0.006977,0.179146,0.112167,0.057268,0.306938,0.191267,0.136372,0.00986
AAGTAGAAGACCGGGT-1,0.000007,0.072088,0.216525,0.092455,0.082455,0.1872,0.143138,0.178767,0.027366
AAGTAGTGACGCGAGG-1,0.000017,0.000017,0.000017,0.000017,0.000017,0.141636,0.809673,0.039147,0.00946
AAGTCAATTGTCGTCA-1,0.076955,0.027665,0.047389,0.158072,0.044354,0.069587,0.455069,0.116103,0.004805
AAGTCTAGTAGCTGCC-1,0.021922,0.183195,0.015543,0.277815,0.038385,0.078598,0.256308,0.056297,0.071938
AAGTCTTCTGTGGCCT-1,0.000035,0.071525,0.010867,0.075941,0.176915,0.129519,0.285058,0.15055,0.099591
AAGTGACGACCGAATT-1,0.015052,0.013429,0.116015,0.049775,0.076705,0.694921,0.023192,0.006713,0.004197
AAGTGAGTCGGGTTTA-1,0.000009,0.015393,0.000387,0.000545,0.011103,0.1084,0.840055,0.023999,0.000108
AAGTGCCTTGACTGTA-1,0.312503,0.610174,0.000359,0.000359,0.07409,0.001078,0.000718,0.000359,0.000359
AAGTGCGTTAGAATCT-1,0.009587,0.252511,0.001899,0.007561,0.028453,0.261638,0.422649,0.008147,0.007554
AAGTGCTTCTCTATTG-1,0.000018,0.000019,0.015401,0.000474,0.00643,0.432922,0.476999,0.041748,0.025989
AAGTGTTTGGAGACGG-1,0.001064,0.024063,0.092581,0.019498,0.020702,0.298305,0.410303,0.12362,0.009863
AAGTTCACTCCAAGCT-1,0.030352,0.005641,0.015238,0.124318,0.003688,0.183284,0.273083,0.018941,0.345455
AAGTTCAGTCTGCGTA-1,0.028323,0.047832,0.000014,0.007018,0.008462,0.037856,0.831244,0.039237,0.000014
AAGTTCGGCCAACAGG-1,0.002751,0.029908,0.003596,0.029613,0.053851,0.258948,0.600202,0.016902,0.00423
AAGTTGTGATGTTATA-1,0.009241,0.000026,0.000026,0.000026,0.000026,0.060229,0.930371,0.000026,0.000026
AAGTTTACTAATGGCA-1,0.000009,0.153605,0.037369,0.061231,0.056068,0.125577,0.287343,0.235021,0.043776
AAGTTTATGGGCCCAA-1,0.029079,0.005335,0.067798,0.005655,0.017424,0.359196,0.371335,0.140012,0.004166
AATAACAACGCTCGGC-1,0.007731,0.000232,0.326584,0.047852,0.040959,0.519559,0.029749,0.026084,0.00125
AATAACACTAGAACAA-1,0.067394,0.014286,0.004726,0.002106,0.014719,0.265854,0.585902,0.03761,0.007403
AATAAGTCCTCGAGAC-1,0.000009,0.041604,0.000009,0.000009,0.001448,0.010918,0.877755,0.067068,0.00118
AATAATCTTCGTATCG-1,0.04488,0.014008,0.221548,0.010223,0.04889,0.557166,0.071554,0.031719,0.000011
AATACAATGTTTCAGG-1,0.019243,0.009833,0.11941,0.028598,0.028542,0.149838,0.030207,0.021237,0.593092
AATACCGGAGGGCTGT-1,0.015188,0.02175,0.032715,0.050063,0.056589,0.58565,0.168609,0.029063,0.040373
AATACCTGATGTGAAC-1,0.052438,0.000045,0.059217,0.004479,0.000045,0.611228,0.126239,0.146263,0.000045
AATAGAACAGAGTGGC-1,0.000007,0.106079,0.230931,0.01955,0.142853,0.370721,0.068021,0.051187,0.010652
AATAGAATCTGTTTCA-1,0.033536,0.043378,0.005246,0.106886,0.014263,0.062857,0.60117,0.12474,0.007922
AATAGCAAGCCTCCTG-1,0.031464,0.037268,0.163393,0.031315,0.006732,0.183344,0.220403,0.308506,0.017576
AATAGCTACCGCGTGC-1,0.030381,0.266443,0.003065,0.009238,0.009851,0.078565,0.528666,0.072049,0.001741
AATAGGCACGACCCTT-1,0.083333,0.083333,0.083333,0.083333,0.083333,0.25,0.166667,0.083333,0.083333
AATAGTCCGTCCCGAC-1,0.000009,0.031835,0.013499,0.008154,0.042033,0.144878,0.618755,0.134223,0.006614
AATATCAAGGTCGGAT-1,0.000008,0.185485,0.041055,0.020673,0.287787,0.120514,0.185308,0.094425,0.064746
AATATCGAATCAATGC-1,0.457213,0.422012,0.000068,0.018619,0.000068,0.000204,0.069326,0.001951,0.030538
AATATCGAGGGTTCTC-1,0.136224,0.160983,0.20129,0.080586,0.103573,0.091646,0.107836,0.093977,0.023885
AATATTGGAGTATTGA-1,0.018946,0.025527,0.007731,0.014908,0.169687,0.421789,0.319964,0.011901,0.009547
AATCAGACTGCAGGAC-1,0.000012,0.012155,0.032241,0.085073,0.130501,0.15424,0.2803,0.17976,0.125718
AATCAGGTTTCATTTA-1,0.007202,0.010426,0.030283,0.004676,0.055101,0.471898,0.365003,0.045504,0.009907
AATCCAAGGGCCTGAG-1,0.000006,0.003889,0.341952,0.111456,0.132882,0.285141,0.061933,0.055189,0.007553
AATCCATGCAAGGGTG-1,0.00001,0.002333,0.028015,0.004509,0.023995,0.306292,0.555022,0.076833,0.002991
AATCCCGCTCAGAGCC-1,0.003623,0.32452,0.003623,0.003623,0.003623,0.646493,0.007247,0.003623,0.003623
AATCGAGGTCTCAAGG-1,0.002778,0.002778,0.002778,0.403628,0.002778,0.008334,0.005556,0.568593,0.002778
AATCGCCTCAGCGCCA-1,0.003707,0.156962,0.071169,0.06669,0.063153,0.127164,0.291633,0.208706,0.010816
AATCGCGCAGAGGACT-1,0.579674,0.412128,0.000023,0.006753,0.000023,0.00007,0.00128,0.000023,0.000023
AATCGGGACACTACGA-1,0.000009,0.000863,0.040703,0.019398,0.001569,0.135129,0.577483,0.168071,0.056775
AATCGTGAGCCGAGCA-1,0.00866,0.002546,0.223374,0.074716,0.029241,0.501118,0.09849,0.050932,0.010924
AATCTAGGTTTACTTG-1,0.006028,0.005905,0.000013,0.000034,0.046208,0.28694,0.650452,0.002501,0.001919
AATCTATGCCGGAGCC-1,0.015606,0.003558,0.006558,0.003272,0.002117,0.108406,0.795225,0.063304,0.001953
AATCTCTACTGTGGTT-1,0.000393,0.000078,0.12549,0.074703,0.04486,0.705464,0.026649,0.005635,0.016726
AATCTGCGTTGGGACG-1,0.12143,0.060682,0.003411,0.030236,0.046335,0.080684,0.341198,0.311705,0.00432
AATCTGGCTTTCTAGT-1,0.001469,0.177595,0.011466,0.006719,0.139941,0.404229,0.246957,0.005921,0.005703
AATCTGGGTAGACCCT-1,0.000008,0.024654,0.093056,0.0332,0.011816,0.150172,0.332634,0.279009,0.075452
AATGACAGCAATGTCT-1,0.00972,0.01034,0.001201,0.024949,0.046524,0.184957,0.694379,0.023807,0.004124
AATGACGTAGGATGTC-1,0.014022,0.082872,0.164593,0.046272,0.046201,0.28023,0.164144,0.171828,0.029838
AATGACTGTCAGCCGG-1,0.113145,0.039643,0.278039,0.085478,0.143465,0.209155,0.06357,0.048503,0.019001
AATGAGTTCGCATATG-1,0.000445,0.202579,0.00631,0.004877,0.086713,0.146018,0.516476,0.031043,0.005539
AATGATGATACGCTAT-1,0.625041,0.292427,0.000391,0.000391,0.000391,0.001174,0.079402,0.000391,0.000391
AATGATGCGACTCCTG-1,0.163331,0.182956,0.000036,0.020648,0.046206,0.060647,0.452923,0.047352,0.025902
AATGCAACCGGGTACC-1,0.01826,0.040428,0.013712,0.044658,0.059981,0.127923,0.584408,0.099594,0.011038
AATGCACCAAGCAATG-1,0.20552,0.395583,0.000049,0.060907,0.069664,0.004005,0.248618,0.014805,0.000848
AATGGCCGCCAATGCG-1,0.010841,0.351825,0.000016,0.000016,0.058999,0.004756,0.527187,0.029006,0.017354
AATGGTCCACCGTTCA-1,0.000005,0.041747,0.146946,0.006876,0.04752,0.485471,0.164714,0.072549,0.034171
AATGGTTCTCACAAGC-1,0.000278,0.00176,0.159935,0.034885,0.011628,0.326695,0.309177,0.150983,0.004659
AATGTATGGCACTGTA-1,0.00002,0.00002,0.00002,0.00002,0.00002,0.092016,0.905396,0.002465,0.00002
AATGTGCCCGAGGTGT-1,0.000007,0.009942,0.128849,0.01349,0.151131,0.636967,0.047217,0.00782,0.004578
AATGTGCTAATCTGAG-1,0.009054,0.088472,0.000011,0.002453,0.025727,0.143772,0.711089,0.011802,0.007621
AATGTTAAGACCCTGA-1,0.000502,0.366952,0.000502,0.335282,0.000502,0.282738,0.012519,0.000502,0.000502
AATGTTGTCGTGAGAC-1,0.012101,0.013375,0.063194,0.280714,0.016322,0.433246,0.148276,0.031637,0.001136
AATTAAAGGTCGGCGT-1,0.081674,0.117499,0.087838,0.021795,0.189837,0.26623,0.174689,0.056667,0.003771
AATTAACGGATTTCCA-1,0.000009,0.030747,0.124595,0.019473,0.021385,0.360512,0.277473,0.15723,0.008576
AATTACGAGACCCATC-1,0.000026,0.001898,0.000026,0.000026,0.00636,0.159391,0.828563,0.003685,0.000026
AATTAGCGCTGCAGCG-1,0.000012,0.05375,0.0212,0.018618,0.011781,0.117195,0.587492,0.172533,0.017419
AATTATACCCAGCAAG-1,0.000916,0.000916,0.000916,0.395879,0.395126,0.202585,0.001832,0.000916,0.000916
AATTCATAAGGGATCT-1,0.454982,0.346115,0.000292,0.000292,0.196271,0.000877,0.000585,0.000292,0.000292
AATTCATTGTCATGCA-1,0.00001,0.00001,0.272731,0.01596,0.008088,0.661868,0.011487,0.01363,0.016216
AATTCCAAGCATGTAC-1,0.005254,0.060994,0.073824,0.009212,0.024063,0.264609,0.39759,0.152821,0.011633
AATTCGATTCGAGGAT-1,0.000017,0.006858,0.002258,0.055548,0.020759,0.080484,0.779886,0.046114,0.008077
AATTCTAGAGTTAGGC-1,0.00001,0.018551,0.092968,0.057924,0.083314,0.242159,0.270426,0.21705,0.017597
AATTGAACGCTCTGGT-1,0.000009,0.246792,0.068937,0.027072,0.076815,0.154173,0.287689,0.127252,0.011261
AATTGCAGCAATCGAC-1,0.000036,0.058774,0.004343,0.0061,0.001224,0.397061,0.513808,0.013075,0.00558
AATTGCGTGGATTACA-1,0.000025,0.000025,0.008956,0.000049,0.00941,0.503818,0.463918,0.010727,0.003072
AATTGTGGTTGCCAAA-1,0.001767,0.000741,0.065235,0.031351,0.00629,0.461761,0.384292,0.048547,0.000016
AATTTGGGACATAGTA-1,0.056739,0.044197,0.121077,0.2204,0.118875,0.090112,0.085854,0.168515,0.094232
AATTTGGTTCCAAAGA-1,0.000279,0.094308,0.034182,0.013024,0.062049,0.11342,0.447812,0.226846,0.008081
ACAAACCATGCGTCCT-1,0.033661,0.047892,0.005397,0.134837,0.057324,0.38597,0.322346,0.009653,0.002921
ACAAACCGACAAGGCG-1,0.002913,0.000008,0.000008,0.000008,0.000008,0.002946,0.620223,0.036186,0.3377
ACAAACTCCATCAGAG-1,0.027778,0.027779,0.02778,0.69443,0.027779,0.083338,0.055558,0.027779,0.027779
ACAAAGCATGACCTAG-1,0.003678,0.004502,0.095907,0.020118,0.038592,0.479446,0.275908,0.079853,0.001996
ACAAATCGCACCGAAT-1,0.031667,0.037161,0.151614,0.045751,0.039335,0.395087,0.233579,0.056213,0.009592
ACAAATGGTAGTGTTT-1,0.007279,0.108574,0.325595,0.045868,0.108575,0.195484,0.086186,0.115978,0.006461
ACAAATTCAGATCTGA-1,0.017304,0.016208,0.169269,0.050875,0.035261,0.137642,0.256138,0.311217,0.006086
ACAACAGCATGAGCTA-1,0.003175,0.139716,0.36392,0.208753,0.025786,0.094405,0.027391,0.124355,0.012498
ACAACGGTCCCTGCGA-1,0.000008,0.019121,0.031155,0.082794,0.023651,0.211699,0.413275,0.1923,0.025997
ACAAGCAGTGCCTAGC-1,0.000009,0.780194,0.002551,0.000024,0.001127,0.023199,0.126204,0.064148,0.002544
ACAAGGAAATCCGCCC-1,0.00001,0.155293,0.018114,0.074241,0.021804,0.109579,0.413768,0.198853,0.008338
ACAAGGACAAGAGGTT-1,0.00263,0.000012,0.000012,0.000012,0.000012,0.02271,0.95656,0.012851,0.0052
ACAAGGATGCTTTAGG-1,0.090465,0.013824,0.045386,0.040611,0.031242,0.322106,0.37382,0.063008,0.019538
ACAAGGCCTACCAGCC-1,0.032291,0.26436,0.024765,0.008505,0.00616,0.039743,0.428957,0.175147,0.020072
ACAAGGGCAGGCTCTG-1,0.017463,0.040624,0.047661,0.040391,0.021252,0.200485,0.46188,0.166256,0.003989
ACAATAGTCGTACGTT-1,0.046166,0.049193,0.015237,0.015102,0.061366,0.466074,0.3264,0.018672,0.00179
ACAATCCATTTAAACC-1,0.000007,0.000339,0.132579,0.010991,0.011309,0.486532,0.202937,0.143616,0.011689
ACAATCGATCTTTATA-1,0.000007,0.00496,0.207537,0.027447,0.014025,0.255737,0.215206,0.260561,0.01452
ACAATGAATACGGAGA-1,0.013815,0.026275,0.004701,0.005736,0.100351,0.306233,0.529634,0.008614,0.00464
ACAATGATTCTTCTAC-1,0.072413,0.018504,0.063297,0.115002,0.101446,0.138471,0.234611,0.236043,0.020214
ACAATTTAGGAGGCTC-1,0.014426,0.016181,0.134982,0.031337,0.044288,0.58774,0.097905,0.051604,0.021537
ACAATTTGAGCAGTGG-1,0.041004,0.087509,0.0541,0.073437,0.041416,0.155139,0.220931,0.233819,0.092646
ACAATTTGGCCATATT-1,0.59196,0.389693,0.000071,0.000071,0.000071,0.000213,0.01778,0.000071,0.000071
ACACAAAGACGGGTGG-1,0.028272,0.18244,0.112586,0.04326,0.408032,0.10593,0.062299,0.054193,0.002988
ACACAAATATTCCTAG-1,0.009834,0.00428,0.051874,0.01301,0.004911,0.343457,0.508866,0.058267,0.005502
ACACACCAGGACCAGT-1,0.046377,0.064691,0.150699,0.023059,0.033471,0.273141,0.197033,0.18865,0.02288
ACACACTTTCTACACG-1,0.013764,0.234259,0.160051,0.045221,0.010799,0.197001,0.090055,0.23844,0.01041
ACACATGATCAAATCT-1,0.017029,0.017739,0.032188,0.171134,0.092978,0.530944,0.120004,0.011569,0.006415
ACACATTTCCGTAGAC-1,0.001619,0.254048,0.173272,0.044615,0.038328,0.251114,0.042901,0.185748,0.008356
ACACCACATAATTAGC-1,0.518922,0.070212,0.347764,0.000185,0.000185,0.06199,0.00037,0.000185,0.000185
ACACCCAGCATGCAGC-1,0.049879,0.015402,0.215383,0.116855,0.060263,0.263064,0.148634,0.120832,0.009688
ACACCCGAGAAATCCG-1,0.000006,0.227031,0.007911,0.005095,0.26512,0.082102,0.343773,0.058368,0.010594
ACACCCGTAAATCTGT-1,0.074215,0.273091,0.006534,0.058935,0.039861,0.050318,0.348394,0.135479,0.013174
ACACCGGTCTGACCGC-1,0.000009,0.12122,0.083768,0.069765,0.14606,0.535267,0.036771,0.005441,0.001699
ACACCTTAAGTAGGGC-1,0.004662,0.150693,0.005411,0.019944,0.272957,0.157808,0.308326,0.056561,0.023639
ACACCTTACTACTTGC-1,0.4649,0.127101,0.000071,0.048134,0.000071,0.000213,0.000142,0.000071,0.359298
ACACGAGACTCCTTCT-1,0.000004,0.014771,0.767286,0.049097,0.024947,0.080363,0.007099,0.054989,0.001442
ACACGGCACTATGCAT-1,0.00001,0.048941,0.00001,0.003877,0.012741,0.031794,0.843133,0.054056,0.005438
ACACGGGAACTTAGGG-1,0.020167,0.022548,0.109481,0.036092,0.023045,0.199536,0.293332,0.264088,0.031711
ACACGTAGGCCACAAG-1,0.022745,0.260544,0.000023,0.000023,0.000023,0.000069,0.708974,0.005733,0.001865
ACACTCCAATGTCACT-1,0.000011,0.00022,0.005383,0.002567,0.008006,0.128051,0.822113,0.031767,0.001884
ACACTGATCAAGGTGT-1,0.037226,0.033219,0.264137,0.01384,0.054055,0.447446,0.088418,0.059412,0.002248
ACACTGGGACAGTCGT-1,0.022202,0.000026,0.065986,0.000026,0.000802,0.387082,0.456651,0.067198,0.000026
ACAGAACTGAGAACAA-1,0.021593,0.014597,0.019155,0.231022,0.04462,0.384031,0.242758,0.020583,0.02164
ACAGATTAGGTTAGTG-1,0.000008,0.037327,0.119049,0.024597,0.103478,0.189553,0.308853,0.20559,0.011547
ACAGCATAGAGCCAGT-1,0.06371,0.007377,0.242117,0.048859,0.011602,0.286412,0.188679,0.144038,0.007205
ACAGCGCACCCGCAGC-1,0.000009,0.565807,0.000009,0.001348,0.000628,0.011468,0.357346,0.061812,0.001573
ACAGGCACGGATCCTT-1,0.034299,0.020879,0.070292,0.035452,0.023412,0.361409,0.389333,0.054976,0.009948
ACAGGCTTGCCCGACT-1,0.041065,0.031192,0.130588,0.10983,0.016942,0.39054,0.178204,0.04613,0.055508
ACAGGTGGAGGTGAGG-1,0.077354,0.031135,0.000021,0.017867,0.099195,0.092238,0.642631,0.02361,0.015947
ACAGTAATACAACTTG-1,0.013162,0.008037,0.000587,0.002853,0.055887,0.279524,0.595705,0.00384,0.040405
ACAGTATACCGTGGGA-1,0.017386,0.000938,0.165869,0.010679,0.022617,0.529411,0.189546,0.040955,0.022599
ACAGTGCAGCGCATTT-1,0.14188,0.25876,0.072868,0.036502,0.034391,0.090446,0.197019,0.166321,0.001813
ACATAAGTCGTGGTGA-1,0.023998,0.028708,0.00014,0.004767,0.025421,0.440142,0.470891,0.002803,0.003129
ACATAATAAGGCGGTG-1,0.000009,0.074467,0.019175,0.035573,0.045436,0.146883,0.512411,0.160188,0.005858
ACATCAGCTGGGACGC-1,0.047633,0.021142,0.022612,0.014908,0.047528,0.386956,0.401425,0.030567,0.027227
ACATCCCGGCCATACG-1,0.003822,0.05748,0.325658,0.204802,0.13201,0.131257,0.0504,0.091436,0.003134
ACATCCTGGTAACTGT-1,0.513619,0.485882,0.00005,0.00005,0.00005,0.00015,0.0001,0.00005,0.00005
ACATCGATCGTTTACC-1,0.000013,0.011822,0.009137,0.380089,0.016105,0.077969,0.43108,0.050699,0.023087
ACATCGGTCAGCCGCG-1,0.000008,0.056997,0.174401,0.078073,0.133385,0.397427,0.081227,0.068698,0.009784
ACATCGTATGCAATGG-1,0.000012,0.170654,0.000994,0.003227,0.029703,0.041285,0.673797,0.078069,0.00226
ACATCGTTAACCTAGT-1,0.000006,0.100302,0.289936,0.078292,0.032042,0.184647,0.073034,0.172308,0.069433
ACATCTCAACGCGTAA-1,0.000009,0.052225,0.00009,0.000131,0.000487,0.024115,0.785261,0.13676,0.000921
ACATGCTTACGGCAGC-1,0.001736,0.001736,0.001736,0.196488,0.001736,0.005209,0.787886,0.001736,0.001736
ACATGGCGCCAAAGTA-1,0.483085,0.287969,0.000142,0.000142,0.000142,0.000427,0.227809,0.000142,0.000142
ACATTAGTTTATATCC-1,0.000009,0.092018,0.107598,0.045274,0.112378,0.216688,0.2704,0.142345,0.013289
ACCAAACACCCAGCGA-1,0.00879,0.079086,0.022448,0.018855,0.092523,0.213873,0.464337,0.092175,0.007914
ACCAAACTAGAAATCC-1,0.000851,0.025214,0.044446,0.023049,0.009561,0.169662,0.505754,0.213351,0.008112
ACCAACACCACACACT-1,0.023958,0.195611,0.103665,0.045007,0.131139,0.211554,0.199831,0.079249,0.009986
ACCAACCGCACTCCAC-1,0.000015,0.067593,0.023434,0.025498,0.080962,0.403769,0.325878,0.041428,0.031423
ACCAACGCTTATTTAT-1,0.015317,0.01176,0.079334,0.027807,0.03976,0.487037,0.242305,0.081313,0.015368
ACCAAGAACGCGTGTC-1,0.000007,0.047669,0.216892,0.166189,0.278186,0.139572,0.035108,0.109913,0.006465
ACCAAGTCATCGGCAG-1,0.000017,0.000017,0.057412,0.011307,0.003936,0.596458,0.287465,0.039468,0.003919
ACCAATATGCAAGTTA-1,0.003143,0.027226,0.115512,0.032644,0.027557,0.381779,0.282859,0.116837,0.012443
ACCACAACTCAGAACA-1,0.017885,0.272978,0.071062,0.049494,0.15476,0.107834,0.18266,0.114785,0.028542
ACCACAAGTTTCTATC-1,0.004314,0.006951,0.200886,0.046273,0.142054,0.396612,0.121982,0.065626,0.015301
ACCACACGGTTGATGG-1,0.001323,0.001323,0.001323,0.001323,0.001323,0.988095,0.002646,0.001323,0.001323
ACCACCAATGTAACAA-1,0.58052,0.224248,0.00022,0.00022,0.00022,0.00066,0.193473,0.00022,0.00022
ACCACCCTCTCTTCTA-1,0.008688,0.141266,0.001455,0.012608,0.068523,0.072359,0.651487,0.028584,0.015028
ACCACGTGCAGCTATA-1,0.003404,0.086001,0.048586,0.026678,0.020698,0.151455,0.437866,0.223124,0.002187
ACCAGACCATAACAAC-1,0.01496,0.172264,0.057946,0.023962,0.207707,0.243025,0.160121,0.075924,0.044089
ACCAGCCCGGTCTTTG-1,0.00001,0.035742,0.034943,0.010725,0.006922,0.153982,0.507316,0.202434,0.047927
ACCAGGAGTGTGATCT-1,0.000009,0.007993,0.019112,0.009,0.004313,0.059288,0.635408,0.238033,0.026845
ACCAGTGCCCGGTCAA-1,0.040054,0.018024,0.197501,0.073301,0.027242,0.105845,0.127933,0.403523,0.006576
ACCAGTGCGGGAGACG-1,0.01141,0.025268,0.000018,0.000018,0.000762,0.008877,0.804833,0.148779,0.000037
ACCATATCCGCAATAA-1,0.011367,0.054165,0.104051,0.031602,0.12516,0.387825,0.201975,0.073282,0.010573
ACCATCCGCCAACTAG-1,0.000008,0.003096,0.002983,0.00384,0.03977,0.32831,0.599301,0.00977,0.012921
ACCATCGTATATGGTA-1,0.002137,0.023729,0.006701,0.053844,0.029869,0.208469,0.603061,0.069457,0.002733
ACCCAACGCCCGTGGC-1,0.05331,0.159937,0.577193,0.035042,0.079287,0.059951,0.006416,0.02684,0.002024
ACCCACCTACATGCTC-1,0.000009,0.023035,0.042314,0.040919,0.031639,0.198163,0.431696,0.229397,0.002829
ACCCATCTTGAGGGTA-1,0.000013,0.002688,0.042877,0.001986,0.008616,0.308589,0.483737,0.146166,0.005328
ACCCATTTGTCCCTCT-1,0.00006,0.005027,0.00006,0.00006,0.005294,0.271441,0.692426,0.00754,0.018092
ACCCGAGCGAAATTAC-1,0.008966,0.005894,0.100512,0.023963,0.05833,0.722823,0.064229,0.010696,0.004588
ACCCGATTGGTTCCGA-1,0.000017,0.002387,0.039062,0.015961,0.024624,0.382623,0.457373,0.053405,0.024548
ACCCGGAAACTCCCAG-1,0.000009,0.115638,0.03703,0.011393,0.035897,0.17484,0.396728,0.218521,0.009943
ACCCGGAGCACCACAA-1,0.019858,0.310607,0.000019,0.00936,0.016538,0.036883,0.584087,0.016103,0.006545
ACCCGGTTACACTTCC-1,0.00001,0.037839,0.194602,0.027252,0.050245,0.46079,0.12076,0.101607,0.006894
ACCCGTAGCAGAGAAT-1,0.228198,0.070724,0.00853,0.073788,0.083577,0.217076,0.295972,0.016145,0.005991
ACCCGTAGTCTAGTTG-1,0.055832,0.071468,0.000032,0.000032,0.000391,0.054928,0.760196,0.036575,0.020548
ACCCGTGTCATCAGTA-1,0.000012,0.009567,0.14155,0.020858,0.02056,0.263847,0.341574,0.189245,0.012788
ACCCTATGCCATATCG-1,0.051903,0.129058,0.048103,0.039101,0.014301,0.369408,0.289342,0.057101,0.001684
ACCCTCCCGTCAGGGC-1,0.007842,0.010012,0.026081,0.027619,0.022753,0.429999,0.434542,0.038825,0.002326
ACCCTCCCTTGCTATT-1,0.00001,0.038631,0.003061,0.007839,0.008389,0.061844,0.833622,0.039951,0.006653
ACCCTGGTAACGCCCT-1,0.019536,0.002749,0.003702,0.009521,0.015938,0.200651,0.710162,0.032989,0.004753
ACCCTTCATCTGCGAA-1,0.000009,0.154087,0.047583,0.015048,0.016689,0.174892,0.367918,0.214445,0.009328
ACCCTTGCCTGGGTCG-1,0.013142,0.000014,0.000507,0.000014,0.002924,0.13335,0.842331,0.007704,0.000014
ACCCTTTAGTTCTCCA-1,0.000011,0.18493,0.07766,0.104771,0.044946,0.112126,0.185697,0.274946,0.014913
ACCGAAAGGGCCCTGC-1,0.000006,0.052638,0.245238,0.051332,0.044009,0.242344,0.137682,0.21746,0.009292
ACCGAAGAGTCTGGTT-1,0.018895,0.000807,0.000024,0.013023,0.007424,0.200337,0.735834,0.003233,0.020422
ACCGACACATCTCCCA-1,0.000008,0.020487,0.015944,0.0084,0.026712,0.110883,0.28272,0.098259,0.436587
ACCGACTGAGTCCCAC-1,0.035033,0.053149,0.149694,0.044603,0.033863,0.245678,0.192813,0.215158,0.030008
ACCGAGTCTCCTTATT-1,0.000011,0.13369,0.020561,0.07494,0.169999,0.201457,0.316066,0.048055,0.03522
ACCGATAGGCATAACC-1,0.023286,0.040914,0.013427,0.012576,0.055628,0.2739,0.53549,0.044751,0.000029
ACCGATATTTAATCAT-1,0.019009,0.071771,0.040705,0.153657,0.036697,0.288308,0.311048,0.067219,0.011586
ACCGATGGTAGCATCG-1,0.434108,0.562134,0.000375,0.000375,0.00038,0.001126,0.000751,0.000375,0.000375
ACCGCAATAACTGCCT-1,0.03106,0.00601,0.010551,0.008297,0.006891,0.170892,0.647355,0.11893,0.000015
ACCGCGGTGGAAGTCG-1,0.54541,0.451775,0.000282,0.000282,0.000282,0.000845,0.000563,0.000282,0.000282
ACCGCTAGTCATTGGT-1,0.000072,0.182982,0.139968,0.384775,0.104578,0.186848,0.000145,0.000559,0.000072
ACCGGTCAGGTACACC-1,0.000013,0.097203,0.001471,0.00398,0.177469,0.316313,0.386756,0.003061,0.013734
ACCGGTCTGAGTACGG-1,0.000007,0.008882,0.128447,0.050386,0.031808,0.17418,0.347057,0.250525,0.008708
ACCGTGACCACGTGGG-1,0.015796,0.001666,0.01892,0.008326,0.012459,0.352129,0.523875,0.058115,0.008715
ACCGTTCCCGCTCTGA-1,0.01158,0.063042,0.209485,0.137821,0.04523,0.184054,0.169633,0.167356,0.0118
ACCTAAGTACCTTTCA-1,0.012099,0.234677,0.006235,0.001815,0.206546,0.26787,0.257026,0.009137,0.004595
ACCTAATCGACTTCCT-1,0.001833,0.184824,0.019085,0.104571,0.021545,0.176061,0.425081,0.060619,0.00638
ACCTACAGTATGTGGT-1,0.631298,0.333749,0.000037,0.000037,0.000037,0.000111,0.034658,0.000037,0.000037
ACCTACTATAAATCTA-1,0.040686,0.010334,0.024229,0.053867,0.012426,0.297876,0.487744,0.072071,0.000766
ACCTCCGCCCTCGCTG-1,0.023993,0.152754,0.003036,0.012835,0.000026,0.194301,0.604243,0.008785,0.000026
ACCTCCGTTATTCACC-1,0.691363,0.307505,0.000113,0.000113,0.000113,0.00034,0.000226,0.000113,0.000113
ACCTCGAACTTATGCT-1,0.0041,0.168593,0.000039,0.020953,0.154788,0.373008,0.268787,0.007934,0.001797
