Barcode,Topic 1to2,Topic 3to4,Topic 5,Topic 6to7
AAACAACGAATAGTTC-1,0.000755,0.065786,0.78752,0.145938
AAACAAGTATCTCCCA-1,0.918896,0.008274,0.00003,0.0728
AAACAATCTACTAGCA-1,0.001237,0.001237,0.65549,0.342036
AAACACCAATAACTGC-1,0.00031,0.060732,0.657792,0.281167
AAACAGAGCGACTCCT-1,0.83747,0.081667,0.000034,0.08083
AAACAGCTTTCAGAAG-1,0.000385,0.000385,0.847516,0.151713
AAACAGGGTCTATATT-1,0.000556,0.000556,0.621911,0.376978
AAACAGTGTTCCTGGG-1,0.000891,0.000891,0.784368,0.213849
AAACATGGTGAGAGGA-1,0.000219,0.000219,0.645969,0.353594
AAACATTTCCCGGATT-1,0.001772,0.00177,0.393775,0.602683
AAACCACTACACAGAT-1,0.452098,0.044469,0.000029,0.503404
AAACCCGAACGAAATC-1,0.742506,0.144941,0.017745,0.094808
AAACCGGAAATGTTAA-1,0.448898,0.374665,0.000026,0.176411
AAACCGGGTAGGTACC-1,0.00043,0.076965,0.702627,0.219978
AAACCGTTCGTCCAGG-1,0.000888,0.000888,0.736301,0.261923
AAACCTAAGCAGCCGG-1,0.000747,0.087442,0.731639,0.180172
AAACCTCATGAAGTTG-1,0.000594,0.000594,0.632658,0.366153
AAACGAAGAACATACC-1,0.001816,0.000099,0.000049,0.998036
AAACGAAGATGGAGTA-1,0.00018,0.00018,0.795212,0.204428
AAACGACAGTCTTGCC-1,0.909291,0.036405,0.000018,0.054287
AAACGAGACGGTTGAT-1,0.284402,0.000224,0.000112,0.715262
AAACGCCCGAGATCGG-1,0.185154,0.003534,0.000046,0.811266
AAACGCTGGGCACGAC-1,0.000571,0.044189,0.954669,0.000571
AAACGGGCGTACGGGT-1,0.174294,0.007979,0.81672,0.001007
AAACGGGTTGGTATCC-1,0.000619,0.036266,0.962497,0.000619
AAACGGTTGCGAACTG-1,0.063259,0.017957,0.768438,0.150346
AAACGTGTTCGCCCTA-1,0.829869,0.0001,0.00005,0.169981
AAACTAACGTGGCGAC-1,0.302374,0.062385,0.087273,0.547968
AAACTCGGTTCGCAAT-1,0.001472,0.001471,0.675959,0.321097
AAACTCGTGATATAAG-1,0.452321,0.000102,0.000051,0.547525
AAACTGCTGGCTCCAA-1,0.331586,0.161717,0.071889,0.434808
AAACTTAATTGCACGC-1,0.000313,0.000312,0.394428,0.604947
AAACTTGCAAACGTAT-1,0.000611,0.000611,0.556891,0.441886
AAAGAATGACCTTAGA-1,0.010826,0.155872,0.695934,0.137368
AAAGAATGTGGACTAA-1,0.000603,0.000603,0.998191,0.000603
AAAGACATGAAGTTTA-1,0.503782,0.105561,0.00045,0.390208
AAAGACCCAAGTCGCG-1,0.000148,0.000148,0.000074,0.999629
AAAGACTGGGCGCTTT-1,0.000429,0.089227,0.519068,0.391275
AAAGCTTGCCTACATA-1,0.322531,0.277418,0.000038,0.400013
AAAGGCCCTATAATAC-1,0.00026,0.00026,0.835878,0.163603
AAAGGCTACGGACCAT-1,0.000829,0.000829,0.953498,0.044843
AAAGGCTCTCGCGCCG-1,0.002126,0.002124,0.821722,0.174028
AAAGGGATGTAGCAAG-1,0.227769,0.046113,0.000086,0.726033
AAAGGGCAGCTTGAAT-1,0.000526,0.000526,0.731574,0.267375
AAAGGTAAGCTGTACC-1,0.402263,0.026516,0.000052,0.571169
AAAGGTCAACGACATG-1,0.536975,0.007152,0.000026,0.455848
AAAGTAGCATTGCTCA-1,0.000986,0.000986,0.618059,0.379969
AAAGTCACTGATGTAA-1,0.888368,0.032472,0.000036,0.079124
AAAGTCGACCCTCAGT-1,0.00061,0.00061,0.61506,0.38372
AAAGTGCCATCAATTA-1,0.114249,0.193781,0.691255,0.000716
AAAGTGTGATTTATCT-1,0.260862,0.051538,0.043411,0.644189
AAAGTTGACTCCCGTA-1,0.406925,0.0935,0.015025,0.48455
AAATAACCATACGGGA-1,0.086031,0.329152,0.000052,0.584765
AAATAAGGTAGTGCCC-1,0.342462,0.01892,0.000043,0.638574
AAATACCTATAAGCAT-1,0.387392,0.049191,0.004023,0.559394
AAATAGCTTAGACTTT-1,0.536095,0.087955,0.013431,0.36252
AAATAGGGTGCTATTG-1,0.50157,0.201647,0.068339,0.228445
AAATCACTCCTAAACG-1,0.482785,0.026679,0.000025,0.49051
AAATCCGATACACGCC-1,0.001449,0.001449,0.867454,0.129647
AAATCGCGGAAGGAGT-1,0.000183,0.114109,0.63422,0.251488
AAATCGTGTACCACAA-1,0.66444,0.025036,0.036764,0.273761
AAATCTAGCCCTGCTA-1,0.789887,0.123812,0.037432,0.048869
AAATCTGCCCGCGTCC-1,0.013446,0.000243,0.80803,0.178281
AAATGACTGATCAAAC-1,0.000181,0.282348,0.717291,0.000181
AAATGATTCGATCAGC-1,0.383303,0.103946,0.000062,0.512689
AAATGCTCGTTACGTT-1,0.000549,0.000549,0.88807,0.110833
AAATGGCATGTCTTGT-1,0.450541,0.135323,0.000065,0.414071
AAATGGCCCGTGCCCT-1,0.000717,0.000717,0.435787,0.562778
AAATGGTCAATGTGCC-1,0.356243,0.202211,0.000094,0.441453
AAATGTATCTTATCCC-1,0.00012,0.654185,0.345575,0.00012
AAATGTGGGTGCTCCT-1,0.000194,0.000193,0.118416,0.881197
AAATTAACGGGTAGCT-1,0.565954,0.048859,0.076857,0.30833
AAATTAATAAGCGCGA-1,0.000215,0.150617,0.65949,0.189677
AAATTACACGACTCTG-1,0.074508,0.00014,0.00007,0.925282
AAATTACCTATCGATG-1,0.862521,0.007296,0.000037,0.130146
AAATTCCAGGTCCAAA-1,0.299605,0.007518,0.000045,0.692832
AAATTGATAGTCCTTT-1,0.000883,0.000883,0.780934,0.2173
AAATTGCGGCGGTTCT-1,0.000588,0.000588,0.842308,0.156516
AAATTGGTGAGAAGCA-1,0.687289,0.006952,0.000052,0.305706
AAATTTACCGAAATCC-1,0.456164,0.000849,0.000045,0.542942
AAATTTGCGGGTGTGG-1,0.000636,0.000636,0.753037,0.24569
AACAACTGGTAGTTGC-1,0.001322,0.001322,0.423917,0.573438
AACAATACATTGTCGA-1,0.00044,0.106995,0.868214,0.024352
AACAATTACTCTACGC-1,0.039796,0.000604,0.719712,0.239888
AACACACGCTCGCCGC-1,0.667926,0.172841,0.059686,0.099547
AACACGACTGTACTGA-1,0.701299,0.063771,0.197716,0.037214
AACACGAGACGCGGCC-1,0.000373,0.162482,0.812589,0.024556
AACACGCGGCCGCGAA-1,0.073629,0.001032,0.650915,0.274424
AACAGCTGTGTGGCAA-1,0.000541,0.000541,0.804521,0.194396
AACAGGAAATCGAATA-1,0.06917,0.000143,0.009015,0.921672
AACAGGATGGGCCGCG-1,0.000753,0.000753,0.794292,0.204202
AACAGGTAGTATGGAT-1,0.743787,0.115152,0.000026,0.141035
AACATAGCGTGTATCG-1,0.056305,0.167817,0.77558,0.000297
AACATATCAACTGGTG-1,0.950479,0.044819,0.000031,0.004672
AACATCGATACGTCTA-1,0.765972,0.024808,0.000049,0.209171
AACATTGAAGTTGATC-1,0.085921,0.000534,0.629205,0.284339
AACATTGGTCAGCCGT-1,0.000438,0.09171,0.907415,0.000437
AACATTGTGACTCGAG-1,0.000857,0.000857,0.878047,0.12024
AACCAAGACTTCTCTG-1,0.000633,0.000633,0.743967,0.254766
AACCAGTATCACTCTT-1,0.75974,0.007398,0.000053,0.23281
AACCATAGGGTTGAAC-1,0.000373,0.000373,0.47816,0.521094
AACCATGGGATCGCTA-1,0.000308,0.181504,0.809263,0.008925
AACCCAGAGACGGAGA-1,0.000642,0.000642,0.347407,0.651308
AACCCATCCCATGATC-1,0.000415,0.000415,0.500521,0.498648
AACCCGACAACCCGTG-1,0.000834,0.048282,0.947979,0.002904
AACCCGAGCAGAATCG-1,0.576066,0.112914,0.091858,0.219163
AACCCGATAGGGCTTC-1,0.310815,0.003651,0.003857,0.681678
AACCCGCTGTATTCCA-1,0.076081,0.000439,0.717629,0.205851
AACCCTACTGTCAATA-1,0.444436,0.170755,0.109527,0.275283
AACCCTGGTGGAACCA-1,0.846275,0.017825,0.000027,0.135874
AACCGAGCTTGGTCAT-1,0.968615,0.031311,0.000024,0.000049
AACCGCTAAGGGATGC-1,0.367647,0.017887,0.075748,0.538719
AACCGTTGTGTTTGCT-1,0.713656,0.000148,0.063498,0.222698
AACCTAAAGCCGTCCG-1,0.513613,0.003044,0.000033,0.483309
AACCTCGCTTTAGCCC-1,0.00062,0.239646,0.623837,0.135897
AACCTGTCACGGAATT-1,0.7217,0.032941,0.000035,0.245324
AACCTTTAAATACGGT-1,0.001112,0.08032,0.917455,0.001113
AACCTTTACGACGTCT-1,0.197046,0.065396,0.000093,0.737465
AACGAAAGTCGTCCCA-1,0.000217,0.000217,0.717222,0.282344
AACGACCTCCTAGCCG-1,0.00043,0.131305,0.867836,0.00043
AACGATAATGCCGTAG-1,0.367643,0.129279,0.19295,0.310127
AACGATAGAAGGGCCG-1,0.018292,0.000203,0.055782,0.925724
AACGATATGTCAACTG-1,0.920735,0.023427,0.036091,0.019748
AACGCATGATCTGGGT-1,0.265958,0.002962,0.009768,0.721312
AACGCGAACGGCAACA-1,0.000701,0.000702,0.843013,0.155584
AACGCGACCTTGGGCG-1,0.000677,0.110377,0.808077,0.08087
AACGCGGTCTCCAGCC-1,0.404997,0.098405,0.011462,0.485136
AACGCTGTTGCTGAAA-1,0.518487,0.162562,0.053146,0.265806
AACGGACGTACGTATA-1,0.74453,0.146318,0.079209,0.029943
AACGGCCATCTCCGGT-1,0.089048,0.000889,0.909175,0.000888
AACGTACTGTGGGTAC-1,0.01409,0.00083,0.854954,0.130126
AACGTAGTCTACCCAT-1,0.001503,0.001503,0.694901,0.302093
AACGTCAGACTAGTGG-1,0.00073,0.00073,0.600045,0.398495
AACGTCATCCGGCTTG-1,0.345184,0.304357,0.227493,0.122967
AACGTCGCTGCACTTC-1,0.000482,0.100358,0.871123,0.028037
AACGTGATGAAGGACA-1,0.344291,0.000467,0.499319,0.155924
AACGTGCGAAAGTCTC-1,0.670304,0.009674,0.000078,0.319944
AACGTTATCAGCACCT-1,0.000438,0.000438,0.680103,0.319021
AACGTTCTACCATTGT-1,0.007966,0.160854,0.830742,0.000437
AACTACCCGTTTGTCA-1,0.765141,0.071581,0.00176,0.161517
AACTAGCGTATCGCAC-1,0.013773,0.027478,0.000081,0.958669
AACTAGGCTTGGGTGT-1,0.001442,0.001442,0.74088,0.256236
AACTCAAGTTAATTGC-1,0.040524,0.028178,0.930656,0.000642
AACTCCAGAGCGTGTT-1,0.002453,0.002452,0.8029,0.192195
AACTCCTAATCCCATG-1,0.750397,0.012466,0.000034,0.237104
AACTCGATAAACACGT-1,0.00053,0.00053,0.730342,0.268599
AACTCGATGGCGCAGT-1,0.000598,0.000598,0.944582,0.054222
AACTCTCAATAGAGCG-1,0.219492,0.016079,0.000064,0.764364
AACTCTCAGTGTGCTC-1,0.081355,0.005409,0.562965,0.35027
AACTGAGGTCAGCGTC-1,0.237289,0.115054,0.010016,0.637641
AACTGAGTTATACTGA-1,0.403339,0.243756,0.000026,0.352879
AACTGATATTAGGCCT-1,0.594481,0.021161,0.010005,0.374353
AACTGGGTCCCGACGT-1,0.686281,0.190831,0.000039,0.122849
AACTGGGTTCGAGCCG-1,0.247217,0.365475,0.05118,0.336129
AACTGGTGTGGGCCTT-1,0.002389,0.024005,0.000082,0.973524
AACTTCTGCGTCTATC-1,0.084655,0.576912,0.312723,0.02571
AACTTGCCCGTATGCA-1,0.000755,0.000702,0.825281,0.173262
AACTTGCGTTCTCGCG-1,0.000587,0.000587,0.77529,0.223536
AACTTTACGGGAGCTT-1,0.000306,0.000306,0.689679,0.309709
AACTTTAGCTGCTGAG-1,0.006334,0.000182,0.011146,0.982338
AACTTTCTCGATCATG-1,0.754078,0.009339,0.000051,0.236533
AAGAAAGTTTGATGGG-1,0.000235,0.042983,0.691566,0.265216
AAGAAATCACCAGATT-1,0.632446,0.009442,0.000039,0.358073
AAGAAGGATCAGTTAG-1,0.000394,0.000394,0.998817,0.000394
AAGACATACGTGGTTT-1,0.001347,0.001348,0.828833,0.168472
AAGACCAAATAACTCA-1,0.000096,0.206116,0.662987,0.130802
AAGACCCAACTGAACA-1,0.001117,0.001117,0.783063,0.214703
AAGACTAACCCGTTGT-1,0.000873,0.000872,0.896707,0.101548
AAGACTCACGCCCACT-1,0.771165,0.024171,0.002447,0.202216
AAGACTGCAAGCTACT-1,0.372305,0.219963,0.000111,0.407621
AAGAGATGAATCGGTA-1,0.016869,0.000872,0.724822,0.257437
AAGAGCTCTTTATCGG-1,0.226391,0.000254,0.000127,0.773229
AAGAGGATGTACGCGA-1,0.000741,0.000741,0.856012,0.142506
AAGAGGCATGGATCGC-1,0.183616,0.14599,0.000081,0.670313
AAGAGGCCCTTTGGAA-1,0.109991,0.216655,0.406092,0.267263
AAGATGGCACCGGACC-1,0.037224,0.500794,0.461698,0.000284
AAGATTGGCGGAACGT-1,0.645822,0.031288,0.00005,0.322841
AAGCACCCTGCGTATC-1,0.001216,0.167376,0.830192,0.001216
AAGCATACTCTCCTGA-1,0.000857,0.19304,0.310073,0.496031
AAGCCACTTGCAGGTA-1,0.000383,0.035279,0.846826,0.117512
AAGCCGAAGCGGTTTA-1,0.622516,0.076598,0.000047,0.300839
AAGCCGCCGTGAAATC-1,0.000207,0.137764,0.764805,0.097224
AAGCCGCTTTACCTTG-1,0.450499,0.000125,0.000063,0.549313
AAGCCGGAGAGCAGGA-1,0.074869,0.504613,0.175923,0.244595
AAGCGCAGGGCTTTGA-1,0.001428,0.168753,0.828392,0.001428
AAGCGGAGTGCGCGCA-1,0.720879,0.04214,0.000032,0.236949
AAGCGGCGTCATGGGT-1,0.250279,0.000154,0.000077,0.74949
AAGCGTCCCTCATCGA-1,0.000705,0.023935,0.757704,0.217656
AAGCTAGATCGAGTAA-1,0.310543,0.084465,0.152737,0.452255
AAGCTATGGATTGACC-1,0.000209,0.081991,0.764784,0.153016
AAGCTCGTGCCAAGTC-1,0.515657,0.0919,0.000097,0.392346
AAGCTCTTTCATGGTG-1,0.260085,0.030659,0.708293,0.000963
AAGGAGAACTTATAAG-1,0.155265,0.000297,0.40109,0.443348
AAGGAGCGGTTGGTGC-1,0.023485,0.528454,0.000076,0.447985
AAGGATCGATCGCTTG-1,0.561855,0.318777,0.001168,0.1182
AAGGATGAGGGACCTC-1,0.724233,0.024814,0.025306,0.225647
AAGGCAGGCTGTCTCC-1,0.498089,0.251661,0.001149,0.249101
AAGGCGCGTAAAGCTT-1,0.048955,0.000617,0.749149,0.201279
AAGGCTGTGCTCATCG-1,0.170472,0.131483,0.110735,0.58731
AAGGGAACGACTGGCT-1,0.00032,0.00032,0.98461,0.014749
AAGGGACAGATTCTGT-1,0.745809,0.018377,0.012008,0.223807
AAGGGACTATGCATTC-1,0.000459,0.094829,0.534131,0.370581
AAGGGTTAGCCATGCG-1,0.101473,0.097942,0.800032,0.000553
AAGGGTTTGATTTCAG-1,0.000163,0.194549,0.692771,0.112517
AAGGTATCCTAATATA-1,0.749963,0.057424,0.000053,0.19256
AAGGTGATAAACCAGC-1,0.664706,0.071168,0.009753,0.254372
AAGTAAGCTTCCAAAC-1,0.001639,0.001639,0.555701,0.44102
AAGTAGAAGACCGGGT-1,0.21087,0.008759,0.052443,0.727928
AAGTAGTGACGCGAGG-1,0.000755,0.000755,0.751036,0.247454
AAGTCAATTGTCGTCA-1,0.589356,0.053164,0.007376,0.350105
AAGTCTAGTAGCTGCC-1,0.292977,0.036633,0.000064,0.670326
AAGTCTTCTGTGGCCT-1,0.000321,0.083387,0.894927,0.021364
AAGTGACGACCGAATT-1,0.000472,0.000481,0.705585,0.293463
AAGTGAGTCGGGTTTA-1,0.000654,0.249017,0.693233,0.057096
AAGTGCAAAGGTAGAC-1,0.004484,0.664862,0.330101,0.000553
AAGTGCCTTGACTGTA-1,0.699644,0.085756,0.000054,0.214546
AAGTGCGTTAGAATCT-1,0.001013,0.001013,0.766077,0.231897
AAGTGCTTCTCTATTG-1,0.09344,0.000425,0.804976,0.10116
AAGTGTTTGGAGACGG-1,0.383721,0.041857,0.08752,0.486902
AAGTTCACTCCAAGCT-1,0.082148,0.295103,0.572665,0.050084
AAGTTCAGTCTGCGTA-1,0.116117,0.21411,0.000067,0.669706
AAGTTCGGCCAACAGG-1,0.000488,0.140287,0.822792,0.036433
AAGTTGTGATGTTATA-1,0.001051,0.001051,0.846941,0.150957
AAGTTTACTAATGGCA-1,0.153171,0.000143,0.010709,0.835977
AAGTTTATGGGCCCAA-1,0.141595,0.001029,0.826029,0.031348
AATAACAACGCTCGGC-1,0.000534,0.000534,0.870987,0.127945
AATAACACTAGAACAA-1,0.000481,0.000481,0.719751,0.279287
AATAACGTCGCGCCCA-1,0.000301,0.252146,0.730647,0.016906
AATAAGTCCTCGAGAC-1,0.687293,0.026934,0.001719,0.284054
AATAATCTTCGTATCG-1,0.485006,0.137063,0.010634,0.367298
AATACAATGTTTCAGG-1,0.00055,0.00055,0.882234,0.116667
AATACCGGAGGGCTGT-1,0.000337,0.232272,0.708461,0.058929
AATACCTGATGTGAAC-1,0.075332,0.054433,0.858037,0.012198
AATAGAACAGAGTGGC-1,0.001185,0.001185,0.686488,0.311141
AATAGAATCTGTTTCA-1,0.844159,0.048866,0.000061,0.106914
AATAGCAAGCCTCCTG-1,0.284337,0.00919,0.012816,0.693657
AATAGCTACCGCGTGC-1,0.295578,0.168411,0.000081,0.53593
AATAGGCACGACCCTT-1,0.000277,0.177803,0.703848,0.118072
AATAGTCCGTCCCGAC-1,0.001568,0.001567,0.79647,0.200395
AATAGTCGCGAGTCGG-1,0.000284,0.013859,0.535772,0.450086
AATATCAAGGTCGGAT-1,0.020229,0.000163,0.000081,0.979527
AATATCCTAGCAAACT-1,0.000182,0.167736,0.831635,0.000447
AATATCGAATCAATGC-1,0.818281,0.124538,0.000029,0.057152
AATATCGAGGGTTCTC-1,0.502566,0.097073,0.000062,0.400298
AATATTGGAGTATTGA-1,0.000598,0.000598,0.998207,0.000598
AATCAGACTGCAGGAC-1,0.001087,0.001087,0.970757,0.027069
AATCAGGTTTCATTTA-1,0.000512,0.000512,0.790983,0.207993
AATCATGTAAAGACTC-1,0.853665,0.112775,0.002738,0.030822
AATCCAAGGGCCTGAG-1,0.036586,0.023329,0.000091,0.939994
AATCCATGCAAGGGTG-1,0.000784,0.000784,0.842778,0.155654
AATCCCGCTCAGAGCC-1,0.057639,0.437206,0.504991,0.000164
AATCGAGGTCTCAAGG-1,0.01425,0.221112,0.663425,0.101214
AATCGCCTCAGCGCCA-1,0.785999,0.174829,0.012517,0.026655
AATCGCGCAGAGGACT-1,0.450804,0.159411,0.000042,0.389743
AATCGGGACACTACGA-1,0.776303,0.044872,0.006323,0.172502
AATCGGTATAGCCCTC-1,0.000648,0.126086,0.872618,0.000648
AATCGTGAGCCGAGCA-1,0.000665,0.081545,0.917126,0.000664
AATCTAGGTTTACTTG-1,0.000638,0.000638,0.628688,0.370036
AATCTATGCCGGAGCC-1,0.281803,0.021773,0.00006,0.696365
AATCTCTACTGTGGTT-1,0.000465,0.000465,0.82285,0.17622
AATCTGCGTTGGGACG-1,0.359065,0.495289,0.007244,0.138402
AATCTGGCTTTCTAGT-1,0.00041,0.136884,0.818882,0.043824
AATCTGGGTAGACCCT-1,0.93137,0.001873,0.000023,0.066733
AATGACAGCAATGTCT-1,0.000875,0.000875,0.655687,0.342563
AATGACGTAGGATGTC-1,0.484442,0.129498,0.051337,0.334722
AATGACTGTCAGCCGG-1,0.148546,0.073799,0.011099,0.766555
AATGAGTTCGCATATG-1,0.020959,0.145547,0.80065,0.032845
AATGATGATACGCTAT-1,0.243292,0.00022,0.052945,0.703544
AATGATGCGACTCCTG-1,0.827607,0.02739,0.000051,0.144952
AATGCAACCGGGTACC-1,0.543031,0.024512,0.002739,0.429719
AATGCACCAAGCAATG-1,0.267435,0.382865,0.000069,0.34963
AATGGCCGCCAATGCG-1,0.287464,0.020574,0.0005,0.691461
AATGGTCCACCGTTCA-1,0.101149,0.00043,0.876337,0.022084
AATGGTTCTCACAAGC-1,0.000551,0.000551,0.751424,0.247475
AATGTATGGCACTGTA-1,0.001332,0.08395,0.914546,0.000172
AATGTGCCCGAGGTGT-1,0.000555,0.000555,0.872061,0.126829
AATGTGCTAATCTGAG-1,0.033642,0.000438,0.861514,0.104406
AATGTTAAGACCCTGA-1,0.024862,0.21779,0.667779,0.089569
AATGTTGTCGTGAGAC-1,0.000477,0.374971,0.624075,0.000477
AATTAAAGGTCGGCGT-1,0.082639,0.000705,0.199415,0.717241
AATTAACGGATTTCCA-1,0.001083,0.200356,0.797478,0.001083
AATTACGAGACCCATC-1,0.0002,0.0002,0.548508,0.451092
AATTACTCGTACGCTC-1,0.115289,0.567015,0.317537,0.00016
AATTAGCGCTGCAGCG-1,0.000714,0.246267,0.623505,0.129514
AATTATACCCAGCAAG-1,0.006742,0.100311,0.710387,0.182561
AATTCATAAGGGATCT-1,0.6181,0.011675,0.000063,0.370162
AATTCATTGTCATGCA-1,0.000213,0.013551,0.853347,0.132889
AATTCCAACTTGGTGA-1,0.019824,0.094577,0.885221,0.000379
AATTCCAAGCATGTAC-1,0.000669,0.100215,0.898447,0.000669
AATTCGATTCGAGGAT-1,0.237804,0.001944,0.758726,0.001527
AATTCTAGAGTTAGGC-1,0.447425,0.008907,0.188005,0.355664
AATTGAACGCTCTGGT-1,0.390885,0.023045,0.024088,0.561983
AATTGCAGCAATCGAC-1,0.053394,0.001739,0.722549,0.222318
AATTGCGTGGATTACA-1,0.129201,0.14316,0.715149,0.012489
AATTGTGGTTGCCAAA-1,0.000548,0.165512,0.833393,0.000547
AATTTGGGACATAGTA-1,0.646152,0.077776,0.000054,0.276017
AATTTGGTTCCAAAGA-1,0.078755,0.003632,0.072193,0.845421
ACAAACCATGCGTCCT-1,0.000216,0.000216,0.673712,0.325856
ACAAACCGACAAGGCG-1,0.348996,0.039947,0.044716,0.566341
ACAAACTCCATCAGAG-1,0.000497,0.073283,0.752875,0.173345
ACAAAGAAGGTAGGCC-1,0.000183,0.06073,0.755173,0.183914
ACAAAGCATGACCTAG-1,0.110801,0.000986,0.887227,0.000986
ACAAATCGCACCGAAT-1,0.396666,0.092667,0.154919,0.355749
ACAAATGGTAGTGTTT-1,0.414462,0.014241,0.000093,0.571203
ACAAATTCAGATCTGA-1,0.095277,0.000126,0.000063,0.904534
ACAACAGCATGAGCTA-1,0.517565,0.047331,0.00009,0.435014
ACAACGGTCCCTGCGA-1,0.000537,0.000538,0.557889,0.441036
ACAAGCAGTGCCTAGC-1,0.000759,0.000759,0.678109,0.320373
ACAAGCTATATGGAAG-1,0.000332,0.41093,0.588406,0.000332
ACAAGGAAATCCGCCC-1,0.168439,0.052415,0.006254,0.772892
ACAAGGACAAGAGGTT-1,0.000702,0.000701,0.691306,0.307291
ACAAGGATGCTTTAGG-1,0.148185,0.055734,0.664883,0.131198
ACAAGGCCTACCAGCC-1,0.660721,0.039994,0.000038,0.299247
ACAAGGGCAGGCTCTG-1,0.884042,0.106753,0.009111,0.000094
ACAAGTAATTGTAAGG-1,0.000205,0.109665,0.824944,0.065186
ACAATAGTCGTACGTT-1,0.019251,0.110038,0.870404,0.000307
ACAATCCATTTAAACC-1,0.000658,0.000658,0.805209,0.193474
ACAATCGATCTTTATA-1,0.206758,0.189157,0.058879,0.545207
ACAATGAATACGGAGA-1,0.03245,0.000864,0.795103,0.171583
ACAATGATTCTTCTAC-1,0.691109,0.033695,0.025368,0.249828
ACAATTGTGTCTCTTT-1,0.374066,0.091902,0.005176,0.528856
ACAATTTAGGAGGCTC-1,0.000188,0.185476,0.660256,0.15408
ACAATTTGAGCAGTGG-1,0.161814,0.072515,0.000092,0.765578
ACAATTTGGCCATATT-1,0.482219,0.044574,0.000045,0.473161
ACACAAAGACGGGTGG-1,0.74224,0.000127,0.021449,0.236184
ACACAAATATTCCTAG-1,0.939599,0.017035,0.000029,0.043337
ACACACCAGGACCAGT-1,0.222038,0.131309,0.001203,0.64545
ACACACTTTCTACACG-1,0.273226,0.000192,0.000096,0.726485
ACACATGATCAAATCT-1,0.000334,0.000334,0.638752,0.36058
ACACATTGACGCAACA-1,0.000513,0.177718,0.680626,0.141143
ACACATTTCCGTAGAC-1,0.000532,0.174108,0.630465,0.194896
ACACCACATAATTAGC-1,0.579189,0.032162,0.000042,0.388607
ACACCCAGCATGCAGC-1,0.367331,0.102321,0.072743,0.457604
ACACCCGAGAAATCCG-1,0.137447,0.000508,0.861537,0.000508
ACACCCGTAAATCTGT-1,0.347383,0.01227,0.000029,0.640317
ACACCGAGCGCTCTTT-1,0.000409,0.12194,0.481591,0.396059
ACACCGGTCTGACCGC-1,0.00024,0.00024,0.670792,0.328728
ACACCTTAAGTAGGGC-1,0.087454,0.00069,0.703246,0.20861
ACACCTTACTACTTGC-1,0.43023,0.125646,0.032079,0.412045
ACACGAGACTCCTTCT-1,0.58394,0.153007,0.176095,0.086958
ACACGGCACTATGCAT-1,0.172762,0.00012,0.00006,0.827058
ACACGGGAACTTAGGG-1,0.520914,0.037931,0.00008,0.441075
ACACGTAGGCCACAAG-1,0.170395,0.469124,0.165576,0.194905
ACACTCCAATGTCACT-1,0.000513,0.000513,0.743243,0.25573
ACACTGATCAAGGTGT-1,0.00164,0.307417,0.689304,0.00164
ACACTGGGACAGTCGT-1,0.000132,0.665458,0.138385,0.196025
ACAGAACTGAGAACAA-1,0.000608,0.000608,0.675983,0.3228
ACAGATTAGGTTAGTG-1,0.2799,0.044913,0.000111,0.675076
ACAGCATAGAGCCAGT-1,0.000203,0.000203,0.000102,0.999492
ACAGCGACATTCTCAT-1,0.161447,0.001569,0.644168,0.192815
ACAGCGCACCCGCAGC-1,0.512815,0.058865,0.000046,0.428274
ACAGGAGGCGCAGCCG-1,0.070444,0.819441,0.032952,0.077162
ACAGGCACGGATCCTT-1,0.000635,0.073683,0.743523,0.182159
ACAGGCTTGCCCGACT-1,0.189383,0.212184,0.000086,0.598347
ACAGGTGGAGGTGAGG-1,0.000396,0.000396,0.998811,0.000396
ACAGGTGTGTTGTTGC-1,0.000548,0.469974,0.528932,0.000547
ACAGTAATACAACTTG-1,0.000509,0.000509,0.612995,0.385988
ACAGTATACCGTGGGA-1,0.319891,0.001173,0.000054,0.678881
ACAGTGCAGCGCATTT-1,0.302971,0.326091,0.301736,0.069203
ACATAAGTCGTGGTGA-1,0.00026,0.00026,0.842845,0.156634
ACATAATAAGGCGGTG-1,0.179379,0.002108,0.000095,0.818419
ACATACAATCAAGCGG-1,0.000219,0.25029,0.728719,0.020772
ACATCAGCTGGGACGC-1,0.078993,0.032303,0.888456,0.000249
ACATCCCGGCCATACG-1,0.002372,0.002372,0.001186,0.994069
ACATCCTGGTAACTGT-1,0.603372,0.078044,0.000052,0.318533
ACATCGATCGTTTACC-1,0.871582,0.051436,0.076807,0.000175
ACATCGCAATATTCGG-1,0.084787,0.123292,0.676947,0.114974
ACATCGGTCAGCCGCG-1,0.13986,0.022307,0.762302,0.075531
ACATCGTATGCAATGG-1,0.562973,0.058287,0.000106,0.378634
ACATCGTTAACCTAGT-1,0.151032,0.021255,0.000067,0.827646
ACATCTCAACGCGTAA-1,0.07575,0.000104,0.000052,0.924094
ACATGCTTACGGCAGC-1,0.00029,0.056523,0.503358,0.439829
ACATGGCGCCAAAGTA-1,0.343472,0.180279,0.050585,0.425663
ACATGGCTCAATTTAG-1,0.121655,0.152491,0.725303,0.000551
ACATTAGTTTATATCC-1,0.145793,0.001221,0.242898,0.610088
ACATTCGCGCGGAATA-1,0.00029,0.00029,0.881328,0.118092
ACATTTGAAACCTAAC-1,0.000303,0.130847,0.868548,0.000303
ACCAAACACCCAGCGA-1,0.120118,0.139691,0.000053,0.740138
ACCAAACTAGAAATCC-1,0.150358,0.039858,0.000039,0.809744
ACCAACACCACACACT-1,0.1549,0.006186,0.000057,0.838857
ACCAACCGCACTCCAC-1,0.001275,0.001275,0.848734,0.148716
ACCAACGCTTATTTAT-1,0.001649,0.00165,0.771633,0.225068
ACCAAGAACGCGTGTC-1,0.902484,0.079523,0.000034,0.017959
ACCAAGTCATCGGCAG-1,0.000693,0.3492,0.649414,0.000693
ACCAATATGCAAGTTA-1,0.001264,0.12962,0.572479,0.296637
ACCACAACTCAGAACA-1,0.280304,0.002675,0.174012,0.543009
ACCACAAGTTTCTATC-1,0.000281,0.000281,0.015425,0.984013
ACCACACGGTTGATGG-1,0.000375,0.271175,0.688948,0.039503
ACCACCAATGTAACAA-1,0.613114,0.150583,0.011165,0.225138
ACCACCCTCTCTTCTA-1,0.320482,0.029295,0.000073,0.65015
ACCACGTGCAGCTATA-1,0.873877,0.038295,0.024881,0.062948
ACCACTGTTCAAGAAG-1,0.039031,0.270716,0.251091,0.439163
ACCAGACCATAACAAC-1,0.028957,0.068653,0.633317,0.269073
ACCAGCCCGGTCTTTG-1,0.763144,0.01942,0.0135,0.203937
ACCAGGAGTGTGATCT-1,0.070044,0.06442,0.399696,0.46584
ACCAGTGCCCGGTCAA-1,0.518387,0.000096,0.000048,0.48147
ACCAGTGCGGGAGACG-1,0.321978,0.13172,0.024366,0.521936
ACCATATCCGCAATAA-1,0.560967,0.155243,0.032134,0.251656
ACCATCCGCCAACTAG-1,0.00044,0.000439,0.773769,0.225352
ACCATCGTATATGGTA-1,0.164894,0.000818,0.625001,0.209287
ACCATTAAGGGTGTCA-1,0.000282,0.264277,0.352582,0.382859
ACCCAACGCCCGTGGC-1,0.744918,0.076827,0.00004,0.178215
ACCCACCTACATGCTC-1,0.120514,0.000421,0.757169,0.121896
ACCCATCTTGAGGGTA-1,0.000697,0.195593,0.480747,0.322964
ACCCATTTGTCCCTCT-1,0.002315,0.111945,0.883425,0.002315
ACCCGAGCGAAATTAC-1,0.000376,0.149834,0.844055,0.005735
ACCCGATTGGTTCCGA-1,0.000674,0.018658,0.807844,0.172824
ACCCGGAAACTCCCAG-1,0.001993,0.001992,0.541958,0.454057
ACCCGGAGCACCACAA-1,0.24938,0.36466,0.092283,0.293677
ACCCGGATGACGCATC-1,0.382198,0.134135,0.020159,0.463508
ACCCGGTTACACTTCC-1,0.096117,0.00104,0.605634,0.29721
ACCCGTAGCAGAGAAT-1,0.04014,0.008157,0.911097,0.040606
ACCCGTAGTCTAGTTG-1,0.000568,0.000568,0.998295,0.000568
ACCCGTGTCATCAGTA-1,0.001567,0.001502,0.665939,0.330992
ACCCTATAGGACTGAG-1,0.05346,0.044119,0.636485,0.265937
ACCCTATGCCATATCG-1,0.000568,0.157908,0.70003,0.141494
ACCCTCCCGTCAGGGC-1,0.001,0.151801,0.716472,0.130727
ACCCTCCCTTGCTATT-1,0.262158,0.052477,0.070159,0.615207
ACCCTGGTAACGCCCT-1,0.802311,0.009838,0.000051,0.1878
ACCCTTCATCTGCGAA-1,0.637641,0.061137,0.092533,0.208689
ACCCTTGCCTGGGTCG-1,0.16697,0.00012,0.00006,0.83285
ACCCTTTAGTTCTCCA-1,0.490155,0.008841,0.01205,0.488954
ACCGAAAGGGCCCTGC-1,0.788312,0.004416,0.005941,0.201331
ACCGAAGAGTCTGGTT-1,0.00045,0.00045,0.525504,0.473597
ACCGACACATCTCCCA-1,0.001237,0.001237,0.560355,0.437171
ACCGACTGAGTCCCAC-1,0.164695,0.021635,0.003206,0.810464
ACCGAGTCTCCTTATT-1,0.001248,0.001248,0.700331,0.297173
ACCGATAGGCATAACC-1,0.127323,0.078053,0.379791,0.414832
ACCGATATTTAATCAT-1,0.449011,0.123799,0.000039,0.42715
ACCGATGGTAGCATCG-1,0.384727,0.38696,0.00005,0.228263
ACCGCAATAACTGCCT-1,0.262555,0.163254,0.110628,0.463562
ACCGCGGTGGAAGTCG-1,0.678332,0.080305,0.000042,0.241321
ACCGCTAGTCATTGGT-1,0.000496,0.000496,0.666135,0.332874
ACCGGGCCTTTGTTGA-1,0.288834,0.049614,0.009633,0.65192
ACCGGTCAGGTACACC-1,0.0003,0.0003,0.702937,0.296463
ACCGGTCTGAGTACGG-1,0.568232,0.03499,0.01143,0.385348
ACCGTCCACTGGGCCC-1,0.000108,0.104191,0.889068,0.006633
ACCGTGACCACGTGGG-1,0.000705,0.000705,0.850968,0.147622
ACCGTTCCCGCTCTGA-1,0.642152,0.047085,0.006575,0.304188
ACCTAAGTACCTTTCA-1,0.000815,0.000815,0.757035,0.241335
ACCTAATCGACTTCCT-1,0.000519,0.085991,0.912971,0.000519
ACCTACAGTATGTGGT-1,0.647426,0.115079,0.00005,0.237446
ACCTACTATAAATCTA-1,0.000694,0.000693,0.997919,0.000693
ACCTCAGCGAGGCGCA-1,0.000191,0.18719,0.812428,0.000191
ACCTCCGCCCTCGCTG-1,0.521179,0.122278,0.016561,0.339982
ACCTCCGTTATTCACC-1,0.796091,0.046533,0.000041,0.157335
ACCTCGAACTTATGCT-1,0.000347,0.000347,0.452643,0.546664
ACCTGCGTGTCATGTT-1,0.000491,0.000491,0.547707,0.451312
ACCTTTCCTTTAGAAG-1,0.60141,0.064313,0.012894,0.321383
ACGAAATGGGCGGCAC-1,0.041488,0.00131,0.663725,0.293477
ACGACCCATGAGTTGC-1,0.533387,0.210145,0.024534,0.231933
ACGACTCTAGGGCCGA-1,0.000378,0.073453,0.925791,0.000378
ACGACTGGTCATACTC-1,0.000427,0.04311,0.720438,0.236026
ACGAGAACCCATCACG-1,0.023519,0.00078,0.635202,0.340499
ACGAGATATTTGCTTA-1,0.371004,0.016302,0.003885,0.608809
ACGAGGATACCACTCT-1,0.04002,0.000637,0.660266,0.299078
ACGAGGTTTACAACGT-1,0.000643,0.000643,0.411812,0.586902
ACGAGTACGGATGCCC-1,0.317137,0.065804,0.001093,0.615965
ACGAGTCGCCGGCGTT-1,0.000446,0.03132,0.644681,0.323554
ACGATACATAGAACTA-1,0.586322,0.002676,0.026697,0.384305
ACGATACCTATCCTGA-1,0.00076,0.458446,0.540638,0.000156
ACGATCATACATAGAG-1,0.900184,0.069126,0.004835,0.025855
ACGATCATCTTGTAAA-1,0.387073,0.09491,0.000069,0.517948
ACGATGCATATGTTAT-1,0.00156,0.001559,0.573501,0.42338
ACGATGGATCCGATGC-1,0.735926,0.021263,0.000043,0.242769
ACGCAAACTAATAGAT-1,0.001354,0.001353,0.787066,0.210227
ACGCAATCACTACAGC-1,0.735172,0.032555,0.000048,0.232225
ACGCATAAATGACATG-1,0.379255,0.124541,0.23655,0.259654
ACGCATACGTTTACTA-1,0.92142,0.050134,0.019611,0.008835
ACGCATTCGTGAGTAC-1,0.892104,0.076656,0.000747,0.030494
ACGCCACTCGAAACAG-1,0.00712,0.175307,0.817262,0.000312
ACGCCAGATGATTTCT-1,0.114303,0.000183,0.002215,0.883299
ACGCCAGTGCGTTTGC-1,0.000501,0.104166,0.71883,0.176503
ACGCCCAGCTGTCGAT-1,0.580318,0.104494,0.00004,0.315147
ACGCCGCTAGACGACC-1,0.637966,0.049284,0.024231,0.288519
ACGCCTGACACGCGCT-1,0.063748,0.794371,0.098367,0.043513
ACGCGAAGTCAGACGA-1,0.119705,0.139863,0.338717,0.401716
ACGCGCTACACAGGGT-1,0.000897,0.000897,0.867372,0.130835
ACGCGGGCCAAGGACA-1,0.302378,0.000231,0.081228,0.616163
ACGCGTTTCTTAAGAG-1,0.000251,0.000251,0.647666,0.351832
ACGCTACTGAATGGGC-1,0.035391,0.189503,0.774674,0.000432
ACGCTAGTATCAGTGC-1,0.210825,0.140119,0.000045,0.649012
ACGCTAGTGATACACT-1,0.594027,0.116288,0.028163,0.261522
ACGCTGTGAGGCGTAG-1,0.000352,0.256483,0.313262,0.429903
ACGCTTAGTGTCTCTC-1,0.875381,0.015027,0.000032,0.109561
ACGGAACACGAGTGCC-1,0.000278,0.34569,0.653755,0.000278
ACGGAATTTAGCAAAT-1,0.000374,0.000374,0.962612,0.036639
ACGGACGCAGCGACAA-1,0.000244,0.082233,0.592691,0.324833
ACGGACTCTCAAAGCG-1,0.000923,0.207701,0.790453,0.000923
ACGGAGCGCAAATTAC-1,0.943242,0.010009,0.00003,0.04672
ACGGATGGTGCGGATA-1,0.002541,0.113398,0.691791,0.19227
ACGGCACTTGCTTGGG-1,0.095076,0.001901,0.461493,0.441531
ACGGCCAACATGGACT-1,0.001394,0.001394,0.995818,0.001394
ACGGCGACGATGGGAA-1,0.516124,0.095094,0.054939,0.333843
ACGGCGGGTTGCCCTG-1,0.000729,0.111564,0.886979,0.000728
ACGGCTGGATGTAGAA-1,0.000406,0.000406,0.699431,0.299757
ACGGGAGTGTCGGCCC-1,0.000529,0.000528,0.895274,0.103669
ACGGGCGTATGCGACA-1,0.466848,0.141895,0.001505,0.389752
ACGGGTCATGTGACTT-1,0.015006,0.619564,0.233473,0.131957
ACGGGTTGTGACCTGT-1,0.000228,0.000228,0.802114,0.197431
ACGGTACAGTTCAATG-1,0.109593,0.000689,0.810578,0.07914
ACGGTCACCGAGAACA-1,0.068857,0.090412,0.597356,0.243376
ACGTACAGATTTCTCT-1,0.345991,0.394682,0.179347,0.079981
ACGTACTTTGGCACGG-1,0.000614,0.081197,0.573906,0.344283
ACGTAGATTGCTGATG-1,0.880751,0.019485,0.034743,0.065021
ACGTAGGAGAGTCGCT-1,0.065876,0.080921,0.792105,0.061098
ACGTATTACTCCGATC-1,0.704525,0.127787,0.033259,0.134429
ACGTCCTAAACGAGAT-1,0.379112,0.032473,0.083572,0.504844
ACGTCGGGCAACTCGG-1,0.000229,0.000229,0.783085,0.216456
ACGTCTCGTTCCGGGA-1,0.000308,0.000308,0.555173,0.444212
ACGTGACAAAGTAAGT-1,0.000274,0.000274,0.578703,0.420748
ACGTGCGCCTCGTGCA-1,0.011694,0.000201,0.000101,0.988004
ACGTGGTCGAATGTGC-1,0.827532,0.014965,0.000027,0.157477
ACGTTAATGTCGAAGA-1,0.221825,0.140751,0.031589,0.605834
ACGTTAGATTTGCCCG-1,0.000723,0.000723,0.721867,0.276687
ACGTTATTGGTCACTC-1,0.000625,0.000625,0.66052,0.33823
ACGTTCACTATGCCGC-1,0.057892,0.077817,0.863904,0.000387
ACGTTCCGCGCTCCGT-1,0.38103,0.02137,0.000059,0.597541
ACGTTCGCAATCAATT-1,0.754581,0.011716,0.000043,0.233661
ACGTTCGTTCAGGAAA-1,0.001036,0.001036,0.994261,0.003667
ACGTTCTGTACAAGTC-1,0.001157,0.001157,0.853357,0.144329
ACGTTGTCGTTGAAAG-1,0.003149,0.173405,0.804875,0.018571
ACGTTTAGTTGTGATC-1,0.244899,0.004622,0.035699,0.714781
ACGTTTCGGTGCACTT-1,0.103012,0.119949,0.776363,0.000677
ACTAAGGACGCACACC-1,0.155324,0.000095,0.000047,0.844534
ACTAATACGTCAGGCG-1,0.266055,0.007084,0.006777,0.720084
ACTACAAAGAGAGGTG-1,0.000473,0.157438,0.841616,0.000473
ACTACATCCCGACAAG-1,0.000185,0.041437,0.753072,0.205305
ACTACCAGCTCTCTGG-1,0.001157,0.001158,0.422251,0.575435
ACTACCATCCGAGGGC-1,0.00026,0.148129,0.749318,0.102292
ACTACGCGTTAGAATT-1,0.000906,0.171359,0.82683,0.000905
ACTAGTTGCGATCGTC-1,0.858693,0.063197,0.000044,0.078066
ACTATATGCTGTGTTC-1,0.804993,0.016486,0.02988,0.148641
ACTATCCAGGGCATGG-1,0.853155,0.119827,0.00003,0.026987
ACTATCGCCGGCTAAA-1,0.02777,0.847849,0.049749,0.074632
ACTATCTGCCCGCGTA-1,0.495518,0.196155,0.000037,0.30829
ACTATGTCCAGCTGCC-1,0.000356,0.139824,0.657516,0.202304
ACTATTCGTCCGTGGT-1,0.304624,0.024986,0.000073,0.670317
ACTATTTCCGGGCCCA-1,0.068866,0.000909,0.704979,0.225246
ACTCAACGAATGTATT-1,0.000732,0.000732,0.740414,0.258122
ACTCAAGTGCAAGGCT-1,0.104837,0.000954,0.893256,0.000953
ACTCAATAAAGGCACG-1,0.370302,0.059814,0.037967,0.531917
ACTCAGACCTGCTTCT-1,0.370223,0.003441,0.060297,0.566039
ACTCATGGCAGCCTTC-1,0.000366,0.000366,0.507933,0.491336
ACTCCAATATCATCAT-1,0.153688,0.016669,0.553637,0.276005
ACTCCCATTCCTAAAG-1,0.000463,0.000463,0.815107,0.183967
ACTCCCGAATTCGTTT-1,0.779033,0.076666,0.053038,0.091262
ACTCCCGTAGACTAGG-1,0.808244,0.02072,0.000043,0.170993
ACTCCCTAATGCTAAA-1,0.0459,0.078108,0.875083,0.000908
ACTCCCTAGAATAGTA-1,0.476049,0.207182,0.044464,0.272304
ACTCCGGCCGACCACT-1,0.000578,0.072294,0.771618,0.155511
ACTCGATGTATTTCAT-1,0.133549,0.000706,0.653608,0.212136
ACTCGCCGTTCGATAA-1,0.225966,0.044113,0.7289,0.001021
ACTCGCGATCTGACGC-1,0.33443,0.068259,0.02777,0.569541
ACTCGTAACCCGTCCT-1,0.0004,0.174689,0.824511,0.0004
ACTCGTCAGTAATCCC-1,0.433282,0.045616,0.072094,0.449008
ACTCTAAACCTGGGAT-1,0.00011,0.468341,0.53144,0.00011
ACTCTCTGACTTAGGT-1,0.729891,0.108091,0.000329,0.16169
ACTCTCTTATACACGA-1,0.282598,0.229242,0.001384,0.486776
ACTCTGACCTAATAGA-1,0.000426,0.036482,0.962666,0.000426
ACTCTTCAGCTCCCGC-1,0.243181,0.041908,0.000059,0.714853
ACTCTTGTATAGTAAC-1,0.240352,0.223391,0.000122,0.536135
ACTGAAACGCCGTTAG-1,0.114906,0.338965,0.236616,0.309512
ACTGAATGGCGAAAGT-1,0.447565,0.063759,0.000092,0.488583
ACTGATTTAGTGATTC-1,0.775377,0.117592,0.013103,0.093928
ACTGCCCGCCATTCTC-1,0.000303,0.151418,0.678712,0.169567
ACTGCCGTCGTAACTC-1,0.307554,0.030867,0.018104,0.643475
ACTGCGGACACACCGT-1,0.489225,0.000156,0.028661,0.481957
ACTGCTCGGAAGGATG-1,0.000576,0.000576,0.748781,0.250067
ACTGGCGAACCTGCGT-1,0.169198,0.161994,0.000055,0.668753
ACTGGGATGCCAGTGC-1,0.0007,0.047992,0.824635,0.126673
ACTGTACGATACACAT-1,0.939077,0.036308,0.024519,0.000096
ACTGTAGCACTTTGGA-1,0.000875,0.000874,0.365134,0.633116
ACTGTATACGCGAGCA-1,0.028605,0.000649,0.740042,0.230704
ACTGTCCAGGATTATA-1,0.912759,0.00292,0.037379,0.046942
ACTGTCTTCTTTAGAA-1,0.300135,0.194284,0.000097,0.505484
ACTGTGCTAGTAGATC-1,0.00096,0.00096,0.599115,0.398965
ACTGTTTAGTGTAGGC-1,0.838846,0.018202,0.024928,0.118024
ACTTACCGGGCGCGCA-1,0.73566,0.013768,0.000038,0.250534
ACTTACGCATCCACGC-1,0.111016,0.028773,0.859403,0.000808
ACTTAGTACGACAAGA-1,0.054863,0.029154,0.873923,0.04206
ACTTATACTTACCCGG-1,0.654111,0.037691,0.000064,0.308135
ACTTATCTGATCTATA-1,0.001206,0.001207,0.631082,0.366505
ACTTATTAGGATCGGT-1,0.740261,0.008315,0.032433,0.218991
ACTTATTTATGTGCCA-1,0.141207,0.000216,0.070891,0.787686
ACTTCAGGCTGATCCC-1,0.208055,0.164143,0.093491,0.534311
ACTTCCAGTGGAAGCT-1,0.000281,0.000281,0.554629,0.44481
ACTTCCATGCGGGACA-1,0.001863,0.001863,0.816738,0.179536
ACTTCCTGTCGTGCGA-1,0.83826,0.052526,0.013547,0.095667
ACTTCGCCATACGCAC-1,0.435938,0.001201,0.000107,0.562753
ACTTCGCTAGCGAGTG-1,0.431955,0.248882,0.000031,0.319131
ACTTGACTCCCTCTTT-1,0.167308,0.000301,0.013371,0.81902
ACTTGCCATATTGTAC-1,0.329313,0.000929,0.31699,0.352768
ACTTGCTCTATCTACC-1,0.017873,0.049123,0.793448,0.139556
ACTTGGGACCCGGTGG-1,0.086674,0.10921,0.087083,0.717034
ACTTGGGCTTTCGCCA-1,0.002039,0.510699,0.483492,0.003769
ACTTGTAGTCCCTTCA-1,0.000483,0.000483,0.779167,0.219867
ACTTGTGGATGGAACG-1,0.337427,0.338442,0.008087,0.316044
ACTTGTTACCGGATCA-1,0.000544,0.169624,0.829289,0.000544
ACTTTACCCTCATGAA-1,0.434359,0.175858,0.000643,0.38914
ACTTTATACACCACTT-1,0.014487,0.063147,0.705493,0.216873
ACTTTCCTATAGCTTC-1,0.86419,0.115363,0.018603,0.001844
ACTTTGACTGCATCCT-1,0.00036,0.070779,0.700513,0.228347
ACTTTGGTCGTGCTCC-1,0.000346,0.000346,0.523297,0.47601
ACTTTGTCGACGCACT-1,0.658721,0.145083,0.000037,0.196159
AGAAATTATGACTCGC-1,0.868632,0.115659,0.000013,0.015695
AGAACACGGCGATGGT-1,0.003618,0.000211,0.789889,0.206282
AGAACCCAGCGTGACA-1,0.861642,0.049975,0.00002,0.088363
AGAACCCTCAATTGGG-1,0.000208,0.074517,0.696816,0.228459
AGAACGTGGTACATTC-1,0.734889,0.000138,0.000069,0.264904
AGAACTGTACTTTGTA-1,0.00037,0.115505,0.878901,0.005225
AGAAGAGCGCCGTTCC-1,0.349867,0.001341,0.00067,0.648122
AGAAGGTACACTTCAC-1,0.00051,0.00051,0.474875,0.524106
AGAAGGTTGCCGAATT-1,0.001281,0.001281,0.43148,0.565957
AGAAGGTTGTAGGTCG-1,0.001421,0.273401,0.723757,0.001421
AGAAGTGATTCGTGAT-1,0.000859,0.000859,0.910144,0.088138
AGAATAAATCTTCAGG-1,0.000338,0.000338,0.521626,0.477698
AGAATACAGGCTATCC-1,0.16588,0.00038,0.83336,0.00038
AGAATGCGGGTTCGGA-1,0.442498,0.066688,0.000214,0.490599
AGAATTATGGATTCGA-1,0.246863,0.519182,0.032314,0.201641
AGAATTGTTTGACATA-1,0.00043,0.071978,0.91595,0.011642
AGACAGCTCAGAATCC-1,0.000524,0.000524,0.763606,0.235346
AGACAGGCATCTCAGC-1,0.383773,0.249606,0.044677,0.321945
AGACATAGATCCTTCC-1,0.014237,0.000199,0.0001,0.985465
AGACCAAACCACACCT-1,0.000449,0.000449,0.629767,0.369335
AGACCATGGGATACAA-1,0.000426,0.000426,0.738221,0.260927
AGACCCACCGCTGATC-1,0.465622,0.107104,0.067642,0.359632
AGACCCGCCCTCCTCG-1,0.267383,0.023632,0.000081,0.708905
AGACCGCTCCGCGGTT-1,0.662728,0.063493,0.020326,0.253453
AGACCGGGAAACCCTG-1,0.000412,0.000412,0.812843,0.186332
AGACGAAGTGCCGGTC-1,0.377025,0.043235,0.039682,0.540057
AGACGACGATGCCGCT-1,0.000669,0.000669,0.900022,0.09864
AGACGCCCACTTCGCC-1,0.028961,0.166513,0.377744,0.426782
AGACGGGATTGGTATA-1,0.379891,0.170209,0.000029,0.44987
AGACGGGCCGATTTAA-1,0.026354,0.000113,0.000056,0.973476
AGACTAGCCTTCCAGA-1,0.023107,0.164993,0.037393,0.774506
AGACTGTTACCGGGTC-1,0.001176,0.001176,0.730928,0.266721
AGAGAAACACCAGAAA-1,0.000336,0.076561,0.846427,0.076676
AGAGAACCGTCTAGGA-1,0.567587,0.014982,0.000067,0.417364
AGAGAAGGAGTACAAT-1,0.000897,0.000897,0.863071,0.135136
AGAGATCTCTAAAGCG-1,0.033063,0.000539,0.706382,0.260016
AGAGCAGTTATGAGAC-1,0.000797,0.000797,0.597942,0.400463
AGAGCCGCCGAGATTT-1,0.000197,0.459523,0.084792,0.455488
AGAGCGCTTGTAACGG-1,0.531094,0.097544,0.000039,0.371322
AGAGCGGGCTAATCAT-1,0.522121,0.010714,0.000064,0.467101
AGAGCGTACAAGCTCG-1,0.092994,0.000742,0.732841,0.173423
AGAGCTACGAAAGCAT-1,0.000307,0.072307,0.927078,0.000307
AGAGGCTTCGGAAACC-1,0.40317,0.075582,0.031521,0.489727
AGAGGGACAATTGTCC-1,0.530004,0.029701,0.006178,0.434117
AGAGGTATCTCGGTCC-1,0.275492,0.000115,0.024258,0.700134
AGAGTAAACTTCACTA-1,0.622149,0.095471,0.00004,0.282339
AGAGTATAGTGTTACG-1,0.299531,0.032189,0.001802,0.666478
AGAGTCTTAATGAAAG-1,0.000367,0.185188,0.768543,0.045902
AGAGTGAACAGACACC-1,0.28052,0.048702,0.007139,0.663638
AGAGTTAGAGACCGAT-1,0.132033,0.000116,0.000058,0.867793
AGAGTTGCAGGCCTCC-1,0.720572,0.001394,0.000036,0.277997
AGATAACTTCAGGGCC-1,0.073982,0.097998,0.125879,0.702141
AGATAATCACACCTAT-1,0.000239,0.036616,0.698954,0.264191
AGATACCAATAGAACC-1,0.110646,0.165871,0.663558,0.059926
AGATACCAGCACTTCA-1,0.550511,0.025227,0.000051,0.424211
AGATACCGGTGTTCAC-1,0.000811,0.000811,0.653011,0.345368
AGATACGACTTCATAT-1,0.052053,0.05303,0.572884,0.322033
AGATACTCAAGATCGA-1,0.448839,0.114175,0.155976,0.28101
AGATATAATACGACTA-1,0.001167,0.088136,0.792972,0.117725
AGATCGTGCATAAGAT-1,0.840665,0.008622,0.000029,0.150684
AGATCTCAGGTGTGAT-1,0.261146,0.015795,0.011652,0.711408
AGATCTGGAGAGGATA-1,0.051144,0.034252,0.631969,0.282634
AGATGACTCGCCCACG-1,0.000268,0.000268,0.130972,0.868492
AGATGAGGGTTGCGAT-1,0.087547,0.109489,0.000089,0.802875
AGATGATGGAGTCTGG-1,0.832714,0.101351,0.000048,0.065886
AGATGCAAGACGTGCA-1,0.000475,0.078251,0.773633,0.147641
AGATGCATCCTGTGTC-1,0.000268,0.060558,0.658884,0.280289
AGATGCTATAACGAGC-1,0.00041,0.007085,0.631062,0.361442
AGATTATAGGACGTTT-1,0.153617,0.000343,0.000171,0.845869
AGATTCAAGCGGGTCG-1,0.68412,0.027687,0.000032,0.288161
AGATTCACAACCGATA-1,0.000432,0.000432,0.697057,0.302079
AGCAAAGGCCGCTAGT-1,0.153134,0.024107,0.8212,0.00156
AGCAACATATCTTATT-1,0.709148,0.010153,0.000055,0.280644
AGCAACCGAAAGTAAT-1,0.000276,0.047504,0.580173,0.372047
AGCACACGTTTAGACT-1,0.000438,0.000438,0.80036,0.198765
AGCACCAGTACTCACG-1,0.296093,0.055802,0.000122,0.647983
AGCACTACCGGCCTGT-1,0.000582,0.000582,0.810984,0.187851
AGCACTACCTCACCAG-1,0.479544,0.171993,0.110345,0.238118
AGCACTTAAGGACGCC-1,0.000582,0.000582,0.779239,0.219596
AGCAGAAGGAGAAAGA-1,0.000527,0.13045,0.868495,0.000527
AGCAGCCAGATGAATA-1,0.000929,0.132334,0.865808,0.000929
AGCAGTCGAAGCATGC-1,0.127738,0.123621,0.748263,0.000379
AGCATATCAATATGCT-1,0.496212,0.395526,0.000042,0.108219
AGCATCATTTCGAAAG-1,0.000214,0.188015,0.811558,0.000214
AGCATCGTCGATAATT-1,0.000283,0.000283,0.000141,0.999292
AGCATTACGAGGCAAG-1,0.001341,0.051906,0.945412,0.001341
AGCCAAGCTTTGTGTC-1,0.001953,0.001952,0.574603,0.421492
AGCCACAGGTTACCCG-1,0.078801,0.132175,0.61128,0.177745
AGCCACTCCCGTGCTT-1,0.299382,0.000242,0.000121,0.700254
AGCCATATAGTATGTG-1,0.000725,0.066127,0.807369,0.125779
AGCCCATACATGTAAG-1,0.023134,0.000357,0.925717,0.050792
AGCCCGCAACAAGCAG-1,0.000714,0.093542,0.90503,0.000714
AGCCCGCACTACAATG-1,0.000582,0.000582,0.68911,0.309726
AGCCCGGCATTAGAGG-1,0.00036,0.085114,0.572146,0.34238
AGCCCGGTAGCCTGTA-1,0.035511,0.092979,0.757127,0.114383
AGCCCTAAGCGAAGTT-1,0.162688,0.574398,0.000038,0.262876
AGCCCTCCCTGGTGGC-1,0.000511,0.000511,0.792446,0.206533
AGCCCTGTCGCACCGT-1,0.293668,0.082819,0.000048,0.623465
AGCCCTTCTAATCCGA-1,0.286247,0.073558,0.133378,0.506817
AGCCCTTGGACATCCC-1,0.423399,0.246283,0.022538,0.30778
AGCCGCAAATTCAAAT-1,0.000173,0.254431,0.74447,0.000927
AGCCGCTTGATTAGCG-1,0.065038,0.897566,0.017987,0.019409
AGCCGTGGCTAAATGT-1,0.090984,0.000505,0.652629,0.255882
AGCCTAATACCCACGT-1,0.000604,0.000604,0.589443,0.40935
AGCCTTAAAGCGGAAG-1,0.000622,0.000622,0.659494,0.339261
AGCCTTGTCACTGATA-1,0.000125,0.109258,0.890493,0.000125
AGCGACAGGAACGGTC-1,0.008706,0.095539,0.711876,0.183879
AGCGACATCCCATTCA-1,0.525562,0.104928,0.000081,0.369429
AGCGACCAACGATATT-1,0.642653,0.003186,0.03851,0.315651
AGCGACTTTGAAGACA-1,0.091163,0.163867,0.728941,0.016029
AGCGAGACGTGAAGGC-1,0.000304,0.000304,0.831368,0.168025
AGCGATGCGCCTAATA-1,0.000743,0.091215,0.907299,0.000743
AGCGCATAATGAATCG-1,0.001067,0.001067,0.689055,0.308811
