Barcode,Topic 1,Topic 2to3,Topic 4to13
AAACAAGTATCTCCCA-1,0.000039,0.392478,0.607483
AAACAATCTACTAGCA-1,0.012492,0.018111,0.969396
AAACACCAATAACTGC-1,0.6873,0.199072,0.113628
AAACAGAGCGACTCCT-1,0.022909,0.117008,0.860083
AAACAGCTTTCAGAAG-1,0.601284,0.362191,0.036524
AAACAGGGTCTATATT-1,0.000111,0.998775,0.001113
AAACAGTGTTCCTGGG-1,0.784984,0.194647,0.02037
AAACATGGTGAGAGGA-1,0.001832,0.003663,0.994505
AAACATTTCCCGGATT-1,0.000009,0.029276,0.970715
AAACCACTACACAGAT-1,0.098048,0.007205,0.894746
AAACCCGAACGAAATC-1,0.010593,0.070669,0.918738
AAACCGGAAATGTTAA-1,0.027266,0.045863,0.926871
AAACCGGGTAGGTACC-1,0.000256,0.714378,0.285366
AAACCGTTCGTCCAGG-1,0.000264,0.857804,0.141932
AAACCTAAGCAGCCGG-1,0.037717,0.000015,0.962268
AAACCTCATGAAGTTG-1,0.000192,0.99789,0.001918
AAACGAAGAACATACC-1,0.028401,0.020199,0.9514
AAACGAAGATGGAGTA-1,0.204086,0.570284,0.225629
AAACGACAGTCTTGCC-1,0.013566,0.019512,0.966922
AAACGAGACGGTTGAT-1,0.000026,0.649665,0.350309
AAACGCCCGAGATCGG-1,0.000009,0.0028,0.997191
AAACGCTGGGCACGAC-1,0.000014,0.167093,0.832893
AAACGGGCGTACGGGT-1,0.071437,0.008139,0.920424
AAACGGTTGCGAACTG-1,0.000174,0.760263,0.239564
AAACGTGTTCGCCCTA-1,0.019572,0.242758,0.737669
AAACTAACGTGGCGAC-1,0.068827,0.002309,0.928865
AAACTCGGTTCGCAAT-1,0.061933,0.293209,0.644858
AAACTCGTGATATAAG-1,0.016975,0.061621,0.921404
AAACTGCTGGCTCCAA-1,0.015781,0.073894,0.910325
AAACTTAATTGCACGC-1,0.29064,0.448038,0.261322
AAACTTGCAAACGTAT-1,0.000269,0.953909,0.045822
AAAGAATGACCTTAGA-1,0.413559,0.401777,0.184664
AAAGAATGTGGACTAA-1,0.046713,0.327728,0.625559
AAAGACATGAAGTTTA-1,0.0099,0.07458,0.91552
AAAGACCCAAGTCGCG-1,0.260032,0.250387,0.489582
AAAGACTGGGCGCTTT-1,0.000189,0.798985,0.200826
AAAGCTTGCCTACATA-1,0.007192,0.056561,0.936247
AAAGGCCCTATAATAC-1,0.515522,0.390072,0.094406
AAAGGCTACGGACCAT-1,0.000212,0.389017,0.610772
AAAGGCTCTCGCGCCG-1,0.026833,0.03322,0.939947
AAAGGGATGTAGCAAG-1,0.026544,0.171702,0.801754
AAAGGGCAGCTTGAAT-1,0.451443,0.435932,0.112625
AAAGGTAAGCTGTACC-1,0.004369,0.126701,0.868931
AAAGGTCAACGACATG-1,0.00811,0.010751,0.981139
AAAGTAGCATTGCTCA-1,0.00057,0.661329,0.338101
AAAGTCACTGATGTAA-1,0.078213,0.310678,0.611109
AAAGTCGACCCTCAGT-1,0.000263,0.733214,0.266523
AAAGTGCCATCAATTA-1,0.002886,0.074679,0.922435
AAAGTGTGATTTATCT-1,0.000014,0.088089,0.911897
AAAGTTGACTCCCGTA-1,0.005626,0.097824,0.89655
AAATAACCATACGGGA-1,0.000013,0.014312,0.985674
AAATAAGGTAGTGCCC-1,0.016337,0.011343,0.972319
AAATACCTATAAGCAT-1,0.013899,0.043261,0.942839
AAATAGCTTAGACTTT-1,0.005612,0.00905,0.985338
AAATAGGGTGCTATTG-1,0.003542,0.033139,0.963319
AAATCACTCCTAAACG-1,0.004487,0.251338,0.744175
AAATCCGATACACGCC-1,0.004493,0.000301,0.995206
AAATCGCGGAAGGAGT-1,0.08507,0.599284,0.315647
AAATCGTGTACCACAA-1,0.022282,0.06477,0.912949
AAATCTAGCCCTGCTA-1,0.000085,0.999063,0.000852
AAATCTGCCCGCGTCC-1,0.943535,0.044558,0.011907
AAATGACTGATCAAAC-1,0.897434,0.017094,0.085472
AAATGATTCGATCAGC-1,0.026133,0.056617,0.91725
AAATGCTCGTTACGTT-1,0.001693,0.152927,0.84538
AAATGGCATGTCTTGT-1,0.044825,0.004665,0.950511
AAATGGCCCGTGCCCT-1,0.000399,0.727807,0.271794
AAATGGTCAATGTGCC-1,0.048206,0.033705,0.918089
AAATGTATCTTATCCC-1,0.012821,0.025641,0.961538
AAATTAACGGGTAGCT-1,0.055638,0.044271,0.900091
AAATTAATAAGCGCGA-1,0.000387,0.995748,0.003866
AAATTACACGACTCTG-1,0.019928,0.006493,0.973579
AAATTACCTATCGATG-1,0.098159,0.234985,0.666856
AAATTCCAGGTCCAAA-1,0.005896,0.032465,0.961638
AAATTGATAGTCCTTT-1,0.000785,0.760548,0.238667
AAATTGCGGCGGTTCT-1,0.000043,0.242093,0.757865
AAATTGGTGAGAAGCA-1,0.019112,0.041188,0.9397
AAATTTACCGAAATCC-1,0.011339,0.00416,0.9845
AAATTTGCGGGTGTGG-1,0.39503,0.296296,0.308674
AACAACTGGTAGTTGC-1,0.039519,0.016289,0.944193
AACAATACATTGTCGA-1,0.105447,0.596854,0.297699
AACAATTACTCTACGC-1,0.276852,0.268614,0.454534
AACACACGCTCGCCGC-1,0.000107,0.998823,0.00107
AACACGACTGTACTGA-1,0.021858,0.126258,0.851884
AACACGAGACGCGGCC-1,0.000435,0.813973,0.185592
AACACGCGGCCGCGAA-1,0.000009,0.394567,0.605423
AACAGCTGTGTGGCAA-1,0.000481,0.678814,0.320705
AACAGGAAATCGAATA-1,0.002775,0.01661,0.980615
AACAGGATGGGCCGCG-1,0.000387,0.995748,0.003866
AACAGGTAGTATGGAT-1,0.017376,0.000684,0.98194
AACATAGCGTGTATCG-1,0.002481,0.004963,0.992556
AACATATCAACTGGTG-1,0.005572,0.316403,0.678024
AACATCGATACGTCTA-1,0.018158,0.123854,0.857988
AACATTGAAGTTGATC-1,0.385196,0.406658,0.208147
AACATTGGTCAGCCGT-1,0.000044,0.269321,0.730635
AACATTGTGACTCGAG-1,0.218843,0.449274,0.331883
AACCAAGACTTCTCTG-1,0.000343,0.688257,0.311399
AACCAGTATCACTCTT-1,0.005985,0.002499,0.991516
AACCATAGGGTTGAAC-1,0.275358,0.473797,0.250845
AACCATGGGATCGCTA-1,0.000475,0.77235,0.227175
AACCCAGAGACGGAGA-1,0.104856,0.089315,0.805829
AACCCATCCCATGATC-1,0.000218,0.857402,0.14238
AACCCGACAACCCGTG-1,0.074109,0.524179,0.401712
AACCCGAGCAGAATCG-1,0.000049,0.391144,0.608807
AACCCGATAGGGCTTC-1,0.000019,0.264949,0.735032
AACCCGCTGTATTCCA-1,0.00157,0.20033,0.7981
AACCCTACTGTCAATA-1,0.072603,0.031773,0.895624
AACCCTGGTGGAACCA-1,0.041137,0.162434,0.796428
AACCGAGCTTGGTCAT-1,0.016147,0.088278,0.895574
AACCGCTAAGGGATGC-1,0.000012,0.037344,0.962644
AACCGTTGTGTTTGCT-1,0.00686,0.000103,0.993036
AACCTCGCTTTAGCCC-1,0.015927,0.000409,0.983664
AACCTGTCACGGAATT-1,0.007951,0.140795,0.851254
AACCTTTAAATACGGT-1,0.264335,0.040515,0.69515
AACCTTTACGACGTCT-1,0.085228,0.014129,0.900643
AACGAAAGTCGTCCCA-1,0.133495,0.618116,0.248389
AACGACCTCCTAGCCG-1,0.010709,0.031013,0.958278
AACGATAATGCCGTAG-1,0.007364,0.013744,0.978893
AACGATAGAAGGGCCG-1,0.006063,0.369269,0.624669
AACGATATGTCAACTG-1,0.073552,0.008717,0.917731
AACGCATGATCTGGGT-1,0.039269,0.007654,0.953077
AACGCGAACGGCAACA-1,0.000145,0.493446,0.506409
AACGCGACCTTGGGCG-1,0.228993,0.295316,0.475691
AACGCGGTCTCCAGCC-1,0.012952,0.191227,0.795821
AACGCTGTTGCTGAAA-1,0.000028,0.45577,0.544202
AACGGACGTACGTATA-1,0.000334,0.996321,0.003345
AACGGCCATCTCCGGT-1,0.36653,0.473801,0.159669
AACGTACTGTGGGTAC-1,0.0005,0.776586,0.222914
AACGTCAGACTAGTGG-1,0.000154,0.359049,0.640797
AACGTCGCTGCACTTC-1,0.00488,0.273022,0.722099
AACGTGATGAAGGACA-1,0.02303,0.041736,0.935234
AACGTGCGAAAGTCTC-1,0.023229,0.072129,0.904642
AACGTTATCAGCACCT-1,0.33053,0.611275,0.058195
AACGTTCTACCATTGT-1,0.243886,0.138268,0.617846
AACTACCCGTTTGTCA-1,0.000014,0.16211,0.837876
AACTAGCGTATCGCAC-1,0.157853,0.012435,0.829711
AACTAGGCTTGGGTGT-1,0.042454,0.009393,0.948153
AACTCAAGTTAATTGC-1,0.022988,0.017462,0.95955
AACTCCAGAGCGTGTT-1,0.003018,0.013238,0.983744
AACTCCTAATCCCATG-1,0.000043,0.027684,0.972273
AACTCGATAAACACGT-1,0.061718,0.118299,0.819983
AACTCGATGGCGCAGT-1,0.31848,0.592843,0.088677
AACTCTCAATAGAGCG-1,0.049445,0.034307,0.916248
AACTCTCAGTGTGCTC-1,0.00062,0.732787,0.266593
AACTGAGGTCAGCGTC-1,0.373487,0.017351,0.609162
AACTGAGTTATACTGA-1,0.00001,0.015945,0.984045
AACTGATATTAGGCCT-1,0.039613,0.042213,0.918173
AACTGGGTCCCGACGT-1,0.031432,0.031906,0.936662
AACTGGGTTCGAGCCG-1,0.144095,0.00001,0.855895
AACTGGTGTGGGCCTT-1,0.026122,0.238474,0.735403
AACTTCTGCGTCTATC-1,0.028371,0.97013,0.0015
AACTTGCCCGTATGCA-1,0.091852,0.443821,0.464327
AACTTGCGTTCTCGCG-1,0.077078,0.021484,0.901438
AACTTTACGGGAGCTT-1,0.000102,0.998875,0.001023
AACTTTAGCTGCTGAG-1,0.000016,0.050109,0.949875
AACTTTCTCGATCATG-1,0.005624,0.039001,0.955375
AAGAAAGTTTGATGGG-1,0.003663,0.007326,0.989011
AAGAAATCACCAGATT-1,0.001535,0.041096,0.95737
AAGAAGGATCAGTTAG-1,0.142796,0.425887,0.431317
AAGACATACGTGGTTT-1,0.003088,0.000698,0.996213
AAGACCAAATAACTCA-1,0.169547,0.589808,0.240646
AAGACCCAACTGAACA-1,0.160006,0.413284,0.426709
AAGACTAACCCGTTGT-1,0.029249,0.016965,0.953786
AAGACTCACGCCCACT-1,0.021651,0.09596,0.882389
AAGACTGCAAGCTACT-1,0.014601,0.021105,0.964294
AAGAGATGAATCGGTA-1,0.352393,0.645956,0.001651
AAGAGCTCTTTATCGG-1,0.000014,0.927711,0.072274
AAGAGGATGTACGCGA-1,0.000506,0.735761,0.263733
AAGAGGCATGGATCGC-1,0.000437,0.159039,0.840524
AAGAGGCCCTTTGGAA-1,0.00006,0.31847,0.681471
AAGATGGCACCGGACC-1,0.515188,0.340972,0.143839
AAGATTGGCGGAACGT-1,0.04199,0.009015,0.948995
AAGCACCCTGCGTATC-1,0.002667,0.000023,0.99731
AAGCATACTCTCCTGA-1,0.076122,0.128317,0.795561
AAGCCACTTGCAGGTA-1,0.465041,0.530973,0.003986
AAGCCGAAGCGGTTTA-1,0.00002,0.027252,0.972728
AAGCCGCCGTGAAATC-1,0.403714,0.248959,0.347327
AAGCCGCTTTACCTTG-1,0.055189,0.179443,0.765368
AAGCCGGAGAGCAGGA-1,0.000011,0.049542,0.950448
AAGCGCAGGGCTTTGA-1,0.045393,0.069191,0.885416
AAGCGGAGTGCGCGCA-1,0.000026,0.376724,0.62325
AAGCGGCGTCATGGGT-1,0.009765,0.021094,0.969141
AAGCGTCCCTCATCGA-1,0.066362,0.629657,0.303981
AAGCTAGATCGAGTAA-1,0.012139,0.011163,0.976697
AAGCTCGTGCCAAGTC-1,0.051169,0.055311,0.893521
AAGCTCTTTCATGGTG-1,0.003199,0.006599,0.990202
AAGGAGAACTTATAAG-1,0.029571,0.162348,0.808081
AAGGAGCGGTTGGTGC-1,0.055851,0.020864,0.923284
AAGGATCGATCGCTTG-1,0.00001,0.056989,0.943001
AAGGATGAGGGACCTC-1,0.014209,0.039971,0.94582
AAGGCAGGCTGTCTCC-1,0.169706,0.023012,0.807282
AAGGCGCGTAAAGCTT-1,0.116708,0.473607,0.409686
AAGGCTGTGCTCATCG-1,0.005407,0.016606,0.977987
AAGGGAACGACTGGCT-1,0.3056,0.46617,0.22823
AAGGGACAGATTCTGT-1,0.015079,0.107248,0.877673
AAGGGACTATGCATTC-1,0.000561,0.775057,0.224381
AAGGGTTAGCCATGCG-1,0.021805,0.242803,0.735392
AAGGGTTTGATTTCAG-1,0.001148,0.24043,0.758422
AAGGTATCCTAATATA-1,0.070769,0.105516,0.823715
AAGGTGATAAACCAGC-1,0.003059,0.181906,0.815035
AAGTAGAAGACCGGGT-1,0.027559,0.084631,0.88781
AAGTAGTGACGCGAGG-1,0.000063,0.999304,0.000633
AAGTCAATTGTCGTCA-1,0.00013,0.120892,0.878977
AAGTCTAGTAGCTGCC-1,0.010082,0.04587,0.944048
AAGTCTTCTGTGGCCT-1,0.05476,0.938309,0.00693
AAGTGACGACCGAATT-1,0.000538,0.994083,0.005379
AAGTGAGTCGGGTTTA-1,0.449683,0.318665,0.231652
AAGTGCAAAGGTAGAC-1,0.129019,0.802008,0.068973
AAGTGCCTTGACTGTA-1,0.000014,0.043476,0.95651
AAGTGCGTTAGAATCT-1,0.00057,0.993732,0.005698
AAGTGCTTCTCTATTG-1,0.162145,0.585329,0.252527
AAGTGTTTGGAGACGG-1,0.000018,0.04958,0.950402
AAGTTCACTCCAAGCT-1,0.020663,0.009786,0.96955
AAGTTCAGTCTGCGTA-1,0.00274,0.008735,0.988525
AAGTTCGGCCAACAGG-1,0.000273,0.879256,0.120471
AAGTTGTGATGTTATA-1,0.000009,0.000017,0.999974
AAGTTTACTAATGGCA-1,0.000012,0.507009,0.492979
AAGTTTATGGGCCCAA-1,0.182347,0.218461,0.599193
AATAACAACGCTCGGC-1,0.000187,0.985342,0.014472
AATAACACTAGAACAA-1,0.129436,0.715386,0.155178
AATAACGTCGCGCCCA-1,0.258418,0.138937,0.602645
AATAAGTCCTCGAGAC-1,0.070179,0.059366,0.870455
AATAATCTTCGTATCG-1,0.136884,0.001838,0.861278
AATACAATGTTTCAGG-1,0.111664,0.764414,0.123922
AATACCGGAGGGCTGT-1,0.024623,0.810141,0.165236
AATACCTGATGTGAAC-1,0.029759,0.238228,0.732012
AATAGAACAGAGTGGC-1,0.000463,0.598092,0.401444
AATAGAATCTGTTTCA-1,0.000012,0.112487,0.887501
AATAGCAAGCCTCCTG-1,0.008359,0.001318,0.990323
AATAGCTACCGCGTGC-1,0.009479,0.192516,0.798005
AATAGTCCGTCCCGAC-1,0.000041,0.142211,0.857748
AATAGTCGCGAGTCGG-1,0.015917,0.982865,0.001217
AATATCAAGGTCGGAT-1,0.013618,0.072433,0.91395
AATATCCTAGCAAACT-1,0.001876,0.315055,0.683069
AATATCGAATCAATGC-1,0.000011,0.034754,0.965236
AATATCGAGGGTTCTC-1,0.000016,0.342115,0.657868
AATATTGGAGTATTGA-1,0.000487,0.994644,0.004869
AATCAGACTGCAGGAC-1,0.045782,0.42749,0.526728
AATCAGGTTTCATTTA-1,0.000133,0.641013,0.358855
AATCATGTAAAGACTC-1,0.000049,0.92168,0.078272
AATCCAAGGGCCTGAG-1,0.57945,0.018379,0.40217
AATCCATGCAAGGGTG-1,0.000013,0.057525,0.942462
AATCCCGCTCAGAGCC-1,0.005917,0.011835,0.982248
AATCGAGGTCTCAAGG-1,0.003345,0.2569,0.739755
AATCGCCTCAGCGCCA-1,0.038222,0.082413,0.879365
AATCGCGCAGAGGACT-1,0.030945,0.003592,0.965463
AATCGGGACACTACGA-1,0.000248,0.007676,0.992076
AATCGGTATAGCCCTC-1,0.000017,0.177807,0.822176
AATCGTGAGCCGAGCA-1,0.035719,0.011826,0.952455
AATCTAGGTTTACTTG-1,0.00034,0.842362,0.157297
AATCTATGCCGGAGCC-1,0.000907,0.048912,0.950181
AATCTCTACTGTGGTT-1,0.000173,0.769061,0.230766
AATCTGCGTTGGGACG-1,0.022933,0.129201,0.847866
AATCTGGCTTTCTAGT-1,0.00045,0.765626,0.233924
AATCTGGGTAGACCCT-1,0.015861,0.001831,0.982308
AATGACAGCAATGTCT-1,0.602165,0.395279,0.002556
AATGACGTAGGATGTC-1,0.010371,0.081032,0.908597
AATGACTGTCAGCCGG-1,0.000093,0.866532,0.133375
AATGAGTTCGCATATG-1,0.000162,0.382156,0.617682
AATGATGATACGCTAT-1,0.027733,0.062319,0.909948
AATGATGCGACTCCTG-1,0.000047,0.535905,0.464048
AATGCAACCGGGTACC-1,0.048103,0.157841,0.794056
AATGCACCAAGCAATG-1,0.007195,0.155588,0.837217
AATGGCCGCCAATGCG-1,0.000008,0.292511,0.707481
AATGGTCCACCGTTCA-1,0.00029,0.732933,0.266777
AATGGTTCTCACAAGC-1,0.007901,0.138935,0.853164
AATGTATGGCACTGTA-1,0.127201,0.5705,0.302298
AATGTGCCCGAGGTGT-1,0.000538,0.440991,0.558471
AATGTGCTAATCTGAG-1,0.000187,0.591267,0.408546
AATGTTAAGACCCTGA-1,0.002137,0.004274,0.99359
AATGTTGTCGTGAGAC-1,0.000015,0.00003,0.999955
AATTAAAGGTCGGCGT-1,0.004484,0.003651,0.991864
AATTAACGGATTTCCA-1,0.000269,0.051016,0.948715
AATTACGAGACCCATC-1,0.079395,0.581409,0.339196
AATTACTCGTACGCTC-1,0.000146,0.998394,0.00146
AATTAGCGCTGCAGCG-1,0.012738,0.109564,0.877697
AATTATACCCAGCAAG-1,0.001832,0.175823,0.822346
AATTCATAAGGGATCT-1,0.013872,0.081842,0.904287
AATTCATTGTCATGCA-1,0.139796,0.513571,0.346633
AATTCCAACTTGGTGA-1,0.114929,0.455374,0.429697
AATTCCAAGCATGTAC-1,0.003667,0.993843,0.002489
AATTCGATTCGAGGAT-1,0.00001,0.00002,0.999971
AATTCTAGAGTTAGGC-1,0.022426,0.052458,0.925116
AATTGAACGCTCTGGT-1,0.049625,0.106951,0.843424
AATTGCAGCAATCGAC-1,0.000932,0.001654,0.997414
AATTGCGTGGATTACA-1,0.693377,0.127393,0.17923
AATTGTGGTTGCCAAA-1,0.000014,0.041509,0.958478
AATTTGGGACATAGTA-1,0.020039,0.002544,0.977417
AATTTGGTTCCAAAGA-1,0.015918,0.003349,0.980733
ACAAACCATGCGTCCT-1,0.538326,0.318166,0.143508
ACAAACTCCATCAGAG-1,0.019231,0.788457,0.192312
ACAAAGAAGGTAGGCC-1,0.957199,0.042533,0.000268
ACAAAGCATGACCTAG-1,0.005201,0.010033,0.984766
ACAAATCGCACCGAAT-1,0.022176,0.056473,0.921351
ACAAATGGTAGTGTTT-1,0.019872,0.244929,0.735199
ACAAATTCAGATCTGA-1,0.085499,0.008324,0.906178
ACAACAGCATGAGCTA-1,0.000021,0.32738,0.672599
ACAACGGTCCCTGCGA-1,0.148437,0.18442,0.667143
ACAAGCAGTGCCTAGC-1,0.413181,0.178701,0.408118
ACAAGCTATATGGAAG-1,0.005495,0.010989,0.983516
ACAAGGAAATCCGCCC-1,0.009792,0.032891,0.957316
ACAAGGACAAGAGGTT-1,0.000016,0.093475,0.90651
ACAAGGATGCTTTAGG-1,0.000011,0.000023,0.999966
ACAAGGCCTACCAGCC-1,0.002117,0.090984,0.9069
ACAAGGGCAGGCTCTG-1,0.00164,0.027051,0.97131
ACAATAGTCGTACGTT-1,0.000445,0.995109,0.004446
ACAATCCATTTAAACC-1,0.000021,0.9993,0.000679
ACAATCGATCTTTATA-1,0.020867,0.056556,0.922577
ACAATGAATACGGAGA-1,0.08085,0.49055,0.4286
ACAATGATTCTTCTAC-1,0.260089,0.086678,0.653233
ACAATTGTGTCTCTTT-1,0.000084,0.999072,0.000843
ACAATTTAGGAGGCTC-1,0.00014,0.998459,0.001401
ACAATTTGAGCAGTGG-1,0.157235,0.056977,0.785788
ACAATTTGGCCATATT-1,0.092673,0.066482,0.840845
ACACAAAGACGGGTGG-1,0.060609,0.132448,0.806943
ACACAAATATTCCTAG-1,0.032957,0.181177,0.785866
ACACACCAGGACCAGT-1,0.000339,0.110722,0.888939
ACACACTTTCTACACG-1,0.014167,0.00925,0.976582
ACACATGATCAAATCT-1,0.351411,0.460877,0.187712
ACACATTGACGCAACA-1,0.067222,0.7438,0.188977
ACACATTTCCGTAGAC-1,0.455229,0.391424,0.153347
ACACCACATAATTAGC-1,0.000014,0.175023,0.824963
ACACCCAGCATGCAGC-1,0.000045,0.550849,0.449106
ACACCCGAGAAATCCG-1,0.067577,0.156999,0.775424
ACACCGAGCGCTCTTT-1,0.245534,0.753815,0.00065
ACACCGGTCTGACCGC-1,0.621945,0.22475,0.153305
ACACCTTAAGTAGGGC-1,0.000111,0.573419,0.426471
ACACCTTACTACTTGC-1,0.00902,0.023637,0.967343
ACACGAGACTCCTTCT-1,0.000055,0.750123,0.249822
ACACGGCACTATGCAT-1,0.001825,0.123423,0.874752
ACACGGGAACTTAGGG-1,0.024315,0.125074,0.850611
ACACGTAGGCCACAAG-1,0.269965,0.133423,0.596612
ACACTCCAATGTCACT-1,0.638924,0.359918,0.001159
ACACTGATCAAGGTGT-1,0.000275,0.433901,0.565824
ACACTGGGACAGTCGT-1,0.023081,0.158504,0.818415
ACAGAACTGAGAACAA-1,0.000356,0.996083,0.003561
ACAGATTAGGTTAGTG-1,0.02852,0.171716,0.799764
ACAGCATAGAGCCAGT-1,0.009622,0.02249,0.967888
ACAGCGACATTCTCAT-1,0.000016,0.032249,0.967736
ACAGCGCACCCGCAGC-1,0.007436,0.046318,0.946246
ACAGGCACGGATCCTT-1,0.000325,0.006442,0.993233
ACAGGCTTGCCCGACT-1,0.005663,0.579055,0.415282
ACAGGTGGAGGTGAGG-1,0.000332,0.996353,0.003316
ACAGGTGTGTTGTTGC-1,0.003846,0.007692,0.988461
ACAGTAATACAACTTG-1,0.00014,0.799539,0.20032
ACAGTATACCGTGGGA-1,0.129531,0.005268,0.865201
ACAGTGCAGCGCATTT-1,0.000012,0.230546,0.769442
ACATAAGTCGTGGTGA-1,0.000057,0.668409,0.331534
ACATAATAAGGCGGTG-1,0.16208,0.045123,0.792797
ACATACAATCAAGCGG-1,0.959865,0.006689,0.033446
ACATCAGCTGGGACGC-1,0.000325,0.939605,0.060071
ACATCCCGGCCATACG-1,0.10457,0.061983,0.833448
ACATCCTGGTAACTGT-1,0.021844,0.05561,0.922546
ACATCGATCGTTTACC-1,0.016472,0.028441,0.955087
ACATCGGTCAGCCGCG-1,0.000481,0.994711,0.004808
ACATCGTATGCAATGG-1,0.004171,0.097679,0.89815
ACATCGTTAACCTAGT-1,0.038134,0.305152,0.656714
ACATCTCAACGCGTAA-1,0.009635,0.000019,0.990346
ACATGCTTACGGCAGC-1,0.002137,0.004274,0.99359
ACATGGCGCCAAAGTA-1,0.012662,0.027758,0.95958
ACATGGCTCAATTTAG-1,0.428669,0.493826,0.077505
ACATTAGTTTATATCC-1,0.011631,0.21584,0.772529
ACATTCGCGCGGAATA-1,0.695513,0.304252,0.000235
ACATTTGAAACCTAAC-1,0.000008,0.233558,0.766433
ACCAAACACCCAGCGA-1,0.448484,0.060633,0.490883
ACCAAACTAGAAATCC-1,0.000012,0.233329,0.766659
ACCAACACCACACACT-1,0.225562,0.096948,0.67749
ACCAACCGCACTCCAC-1,0.000007,0.052877,0.947115
ACCAACGCTTATTTAT-1,0.000342,0.754695,0.244963
ACCAAGAACGCGTGTC-1,0.051411,0.132826,0.815763
ACCAAGTCATCGGCAG-1,0.030557,0.033768,0.935675
ACCAATATGCAAGTTA-1,0.000566,0.01285,0.986585
ACCACAACTCAGAACA-1,0.016864,0.013716,0.96942
ACCACAAGTTTCTATC-1,0.019317,0.035124,0.94556
ACCACACGGTTGATGG-1,0.002564,0.005128,0.992308
ACCACCAATGTAACAA-1,0.000013,0.02592,0.974066
ACCACCCTCTCTTCTA-1,0.003738,0.149969,0.846293
ACCACGTGCAGCTATA-1,0.016321,0.021538,0.962141
ACCACTGTTCAAGAAG-1,0.000066,0.999271,0.000663
ACCAGACCATAACAAC-1,0.000171,0.998124,0.001706
ACCAGCCCGGTCTTTG-1,0.048377,0.017495,0.934127
ACCAGGAGTGTGATCT-1,0.000015,0.097815,0.90217
ACCAGTGCCCGGTCAA-1,0.029862,0.001198,0.968941
ACCAGTGCGGGAGACG-1,0.006926,0.032588,0.960486
ACCATATCCGCAATAA-1,0.044276,0.004791,0.950933
ACCATCCGCCAACTAG-1,0.000211,0.997675,0.002113
ACCATCGTATATGGTA-1,0.000831,0.035814,0.963355
ACCATTAAGGGTGTCA-1,0.332907,0.666666,0.000427
ACCCAACGCCCGTGGC-1,0.01991,0.279006,0.701084
ACCCACCTACATGCTC-1,0.000314,0.828908,0.170778
ACCCATCTTGAGGGTA-1,0.000051,0.278888,0.721062
ACCCATTTGTCCCTCT-1,0.000012,0.021618,0.97837
ACCCGAGCGAAATTAC-1,0.000203,0.861186,0.138611
ACCCGATTGGTTCCGA-1,0.21035,0.475711,0.31394
ACCCGGAAACTCCCAG-1,0.056449,0.101367,0.842185
ACCCGGAGCACCACAA-1,0.000009,0.040419,0.959573
ACCCGGATGACGCATC-1,0.080756,0.155334,0.76391
ACCCGGTTACACTTCC-1,0.000017,0.002153,0.99783
ACCCGTAGCAGAGAAT-1,0.283732,0.522646,0.193623
ACCCGTAGTCTAGTTG-1,0.000222,0.437397,0.56238
ACCCGTGTCATCAGTA-1,0.000289,0.589557,0.410154
ACCCTATAGGACTGAG-1,0.138466,0.037621,0.823913
ACCCTATGCCATATCG-1,0.749714,0.248809,0.001476
ACCCTCCCGTCAGGGC-1,0.035427,0.015668,0.948906
ACCCTCCCTTGCTATT-1,0.01015,0.059255,0.930594
ACCCTGGTAACGCCCT-1,0.001168,0.04786,0.950972
ACCCTTCATCTGCGAA-1,0.032727,0.013738,0.953536
ACCCTTGCCTGGGTCG-1,0.022518,0.250556,0.726927
ACCCTTTAGTTCTCCA-1,0.01545,0.000878,0.983672
ACCGAAAGGGCCCTGC-1,0.057664,0.293814,0.648522
ACCGAAGAGTCTGGTT-1,0.261493,0.461408,0.277099
ACCGACACATCTCCCA-1,0.159992,0.006016,0.833991
ACCGACTGAGTCCCAC-1,0.044051,0.208114,0.747835
ACCGAGTCTCCTTATT-1,0.009063,0.221054,0.769883
ACCGATAGGCATAACC-1,0.00001,0.018188,0.981802
ACCGATATTTAATCAT-1,0.013776,0.004175,0.982049
ACCGATGGTAGCATCG-1,0.012792,0.013322,0.973887
ACCGCAATAACTGCCT-1,0.001351,0.07281,0.925839
ACCGCGGTGGAAGTCG-1,0.004699,0.002803,0.992498
ACCGCTAGTCATTGGT-1,0.695906,0.298176,0.005917
ACCGGGCCTTTGTTGA-1,0.001715,0.049113,0.949172
ACCGGTCAGGTACACC-1,0.097125,0.750559,0.152316
ACCGGTCTGAGTACGG-1,0.016639,0.11936,0.864001
ACCGTCCACTGGGCCC-1,0.289996,0.471261,0.238743
ACCGTGACCACGTGGG-1,0.197878,0.715008,0.087114
ACCGTTCCCGCTCTGA-1,0.003602,0.000017,0.996381
ACCTAAGTACCTTTCA-1,0.000394,0.995661,0.003945
ACCTAATCGACTTCCT-1,0.000332,0.996353,0.003316
ACCTACAGTATGTGGT-1,0.016683,0.022511,0.960807
ACCTACTATAAATCTA-1,0.275682,0.723603,0.000716
ACCTCAGCGAGGCGCA-1,0.000999,0.182556,0.816445
ACCTCCGCCCTCGCTG-1,0.069793,0.544339,0.385868
ACCTCCGTTATTCACC-1,0.022756,0.004237,0.973007
ACCTCGAACTTATGCT-1,0.498681,0.394227,0.107092
ACCTGCGTGTCATGTT-1,0.000322,0.92908,0.070598
ACGAAATGGGCGGCAC-1,0.131004,0.457134,0.411862
ACGACCCATGAGTTGC-1,0.011248,0.049154,0.939599
ACGACTCTAGGGCCGA-1,0.00001,0.000019,0.999971
ACGACTGGTCATACTC-1,0.229011,0.395994,0.374995
ACGAGAACCCATCACG-1,0.000011,0.061786,0.938203
ACGAGATATTTGCTTA-1,0.017378,0.018163,0.964459
ACGAGGATACCACTCT-1,0.000278,0.797312,0.20241
ACGAGGTTTACAACGT-1,0.055719,0.681451,0.26283
ACGAGTACGGATGCCC-1,0.000015,0.176251,0.823734
ACGAGTCGCCGGCGTT-1,0.000091,0.999,0.000909
ACGATACATAGAACTA-1,0.084559,0.010438,0.905003
ACGATACCTATCCTGA-1,0.002849,0.13432,0.862831
ACGATCATACATAGAG-1,0.065549,0.175759,0.758692
ACGATCATCTTGTAAA-1,0.015224,0.052038,0.932738
ACGATGCATATGTTAT-1,0.002912,0.11705,0.880038
ACGATGGATCCGATGC-1,0.000886,0.000017,0.999096
ACGCAAACTAATAGAT-1,0.278605,0.120154,0.60124
ACGCAATCACTACAGC-1,0.000498,0.02107,0.978431
ACGCATAAATGACATG-1,0.124607,0.038793,0.8366
ACGCATACGTTTACTA-1,0.000022,0.623755,0.376223
ACGCATTCGTGAGTAC-1,0.004964,0.094099,0.900937
ACGCCACTCGAAACAG-1,0.003205,0.00641,0.990384
ACGCCAGATGATTTCT-1,0.046981,0.04226,0.910759
ACGCCAGTGCGTTTGC-1,0.00042,0.061152,0.938428
ACGCCCAGCTGTCGAT-1,0.059255,0.229286,0.711458
ACGCCGCTAGACGACC-1,0.026775,0.084784,0.888442
ACGCGAAGTCAGACGA-1,0.008078,0.02605,0.965871
ACGCGCTACACAGGGT-1,0.33798,0.348786,0.313235
ACGCGGGCCAAGGACA-1,0.023255,0.037246,0.939499
ACGCGTTTCTTAAGAG-1,0.218217,0.781306,0.000477
ACGCTACTGAATGGGC-1,0.052687,0.13676,0.810553
ACGCTAGTATCAGTGC-1,0.000014,0.113733,0.886253
ACGCTAGTGATACACT-1,0.028365,0.067126,0.904509
ACGCTGTGAGGCGTAG-1,0.000261,0.997132,0.002608
ACGCTTAGTGTCTCTC-1,0.12638,0.000012,0.873608
ACGGAACACGAGTGCC-1,0.013478,0.081686,0.904837
ACGGAATTTAGCAAAT-1,0.016339,0.202867,0.780795
ACGGACGCAGCGACAA-1,0.541823,0.384405,0.073772
ACGGACTCTCAAAGCG-1,0.013743,0.000015,0.986242
ACGGAGCGCAAATTAC-1,0.021988,0.056062,0.92195
ACGGATGGTGCGGATA-1,0.002001,0.011494,0.986504
ACGGCACTTGCTTGGG-1,0.035621,0.043829,0.92055
ACGGCCAACATGGACT-1,0.104745,0.022128,0.873127
ACGGCGACGATGGGAA-1,0.011245,0.102016,0.886739
ACGGCGGGTTGCCCTG-1,0.057343,0.114401,0.828256
ACGGCTGGATGTAGAA-1,0.036002,0.622939,0.341058
ACGGGAGTGTCGGCCC-1,0.00043,0.995273,0.004297
ACGGGCGTATGCGACA-1,0.073735,0.006585,0.919681
ACGGGTCATGTGACTT-1,0.026827,0.854495,0.118678
ACGGGTTGTGACCTGT-1,0.467611,0.529841,0.002547
ACGGTACAGTTCAATG-1,0.00789,0.015836,0.976274
ACGGTCACCGAGAACA-1,0.406062,0.414962,0.178975
ACGTACAGATTTCTCT-1,0.013229,0.000015,0.986756
ACGTACTTTGGCACGG-1,0.000077,0.796874,0.203049
ACGTAGATTGCTGATG-1,0.000016,0.016043,0.98394
ACGTAGGAGAGTCGCT-1,0.129926,0.296085,0.573989
ACGTATTACTCCGATC-1,0.008633,0.15087,0.840497
ACGTCGGGCAACTCGG-1,0.428463,0.351554,0.219983
ACGTCTCGTTCCGGGA-1,0.104414,0.681315,0.214271
ACGTGACAAAGTAAGT-1,0.80133,0.193353,0.005317
ACGTGCGCCTCGTGCA-1,0.071778,0.032601,0.895622
ACGTGGTCGAATGTGC-1,0.01106,0.00391,0.98503
ACGTTAATGTCGAAGA-1,0.024767,0.000321,0.974913
ACGTTAGATTTGCCCG-1,0.130928,0.080091,0.788981
ACGTTATTGGTCACTC-1,0.00021,0.997688,0.002102
ACGTTCACTATGCCGC-1,0.517257,0.477087,0.005656
ACGTTCCGCGCTCCGT-1,0.000016,0.239367,0.760617
ACGTTCGCAATCAATT-1,0.000009,0.037358,0.962633
ACGTTCGTTCAGGAAA-1,0.220368,0.47306,0.306572
ACGTTCTGTACAAGTC-1,0.010057,0.000449,0.989494
ACGTTGTCGTTGAAAG-1,0.003345,0.006689,0.989966
ACGTTTAGTTGTGATC-1,0.0325,0.001628,0.965872
ACGTTTCGGTGCACTT-1,0.045407,0.188757,0.765837
ACTAAGGACGCACACC-1,0.039111,0.117042,0.843847
ACTAATACGTCAGGCG-1,0.013596,0.019412,0.966993
ACTACAAAGAGAGGTG-1,0.796695,0.152012,0.051293
ACTACATCCCGACAAG-1,0.49971,0.22884,0.27145
ACTACCAGCTCTCTGG-1,0.626193,0.248585,0.125222
ACTACCATCCGAGGGC-1,0.728212,0.268783,0.003005
ACTACGCGTTAGAATT-1,0.000566,0.993778,0.005656
ACTAGTTGCGATCGTC-1,0.000181,0.646124,0.353695
ACTATATGCTGTGTTC-1,0.000015,0.082257,0.917728
ACTATCCAGGGCATGG-1,0.01394,0.030264,0.955795
ACTATCGCCGGCTAAA-1,0.007692,0.015385,0.976923
ACTATCTGCCCGCGTA-1,0.00037,0.995932,0.003698
ACTATGTCCAGCTGCC-1,0.364704,0.391863,0.243432
ACTATTCGTCCGTGGT-1,0.079425,0.000988,0.919586
ACTATTTCCGGGCCCA-1,0.281036,0.485516,0.233448
ACTCAACGAATGTATT-1,0.020272,0.080913,0.898815
ACTCAAGTGCAAGGCT-1,0.005109,0.036974,0.957916
ACTCAATAAAGGCACG-1,0.255867,0.207687,0.536446
ACTCAGACCTGCTTCT-1,0.042101,0.144273,0.813626
ACTCATGGCAGCCTTC-1,0.306743,0.438915,0.254342
ACTCCAATATCATCAT-1,0.715706,0.243336,0.040958
ACTCCCATTCCTAAAG-1,0.000249,0.997262,0.002489
ACTCCCGAATTCGTTT-1,0.000019,0.267694,0.732287
ACTCCCGTAGACTAGG-1,0.00001,0.182539,0.81745
ACTCCCTAATGCTAAA-1,0.017059,0.020547,0.962394
ACTCCCTAGAATAGTA-1,0.083251,0.017422,0.899327
ACTCCGGCCGACCACT-1,0.000931,0.008137,0.990932
ACTCGATGTATTTCAT-1,0.324339,0.672576,0.003085
ACTCGCCGTTCGATAA-1,0.001181,0.004081,0.994737
ACTCGCGATCTGACGC-1,0.001481,0.160188,0.83833
ACTCGTAACCCGTCCT-1,0.065843,0.642576,0.291581
ACTCGTCAGTAATCCC-1,0.001207,0.208615,0.790178
ACTCTAAACCTGGGAT-1,0.005128,0.010257,0.984615
ACTCTCTGACTTAGGT-1,0.022599,0.012457,0.964944
ACTCTCTTATACACGA-1,0.007149,0.110881,0.88197
ACTCTGACCTAATAGA-1,0.005815,0.010418,0.983767
ACTCTTCAGCTCCCGC-1,0.056642,0.067832,0.875527
ACTCTTGTATAGTAAC-1,0.037332,0.114221,0.848446
ACTGAAACGCCGTTAG-1,0.000017,0.487229,0.512754
ACTGAATGGCGAAAGT-1,0.000392,0.049502,0.950106
ACTGATTTAGTGATTC-1,0.044181,0.003557,0.952262
ACTGCCCGCCATTCTC-1,0.241854,0.500486,0.25766
ACTGCCGTCGTAACTC-1,0.026351,0.008155,0.965494
ACTGCGGACACACCGT-1,0.014163,0.037537,0.9483
ACTGCTCGGAAGGATG-1,0.052654,0.78208,0.165266
ACTGGCGAACCTGCGT-1,0.041933,0.135333,0.822734
ACTGGGATGCCAGTGC-1,0.803034,0.14088,0.056086
ACTGTACGATACACAT-1,0.112414,0.089078,0.798508
ACTGTAGCACTTTGGA-1,0.070052,0.150343,0.779606
ACTGTATACGCGAGCA-1,0.090296,0.079871,0.829833
ACTGTCCAGGATTATA-1,0.055513,0.017881,0.926607
ACTGTCTTCTTTAGAA-1,0.006611,0.064197,0.929192
ACTGTGCTAGTAGATC-1,0.303693,0.082938,0.613369
ACTGTTTAGTGTAGGC-1,0.036255,0.132261,0.831484
ACTTACCGGGCGCGCA-1,0.001108,0.156334,0.842558
ACTTACGCATCCACGC-1,0.008409,0.000574,0.991017
ACTTAGTACGACAAGA-1,0.000072,0.314928,0.685
ACTTATACTTACCCGG-1,0.781081,0.027088,0.191831
ACTTATTAGGATCGGT-1,0.013594,0.233539,0.752867
ACTTATTTATGTGCCA-1,0.062994,0.070513,0.866494
ACTTCAGGCTGATCCC-1,0.00002,0.050922,0.949058
ACTTCCAGTGGAAGCT-1,0.142235,0.856933,0.000832
ACTTCCATGCGGGACA-1,0.0048,0.000997,0.994204
ACTTCCTGTCGTGCGA-1,0.001002,0.100991,0.898007
ACTTCGCCATACGCAC-1,0.019223,0.21213,0.768647
ACTTCGCTAGCGAGTG-1,0.008285,0.123036,0.868679
ACTTGACTCCCTCTTT-1,0.018599,0.07566,0.905742
ACTTGCCATATTGTAC-1,0.050815,0.069794,0.879391
ACTTGCTCTATCTACC-1,0.205106,0.63638,0.158514
ACTTGGGACCCGGTGG-1,0.067152,0.013678,0.91917
ACTTGTAGTCCCTTCA-1,0.000163,0.831238,0.168599
ACTTGTGGATGGAACG-1,0.000286,0.996854,0.00286
ACTTGTTACCGGATCA-1,0.002481,0.18397,0.813549
ACTTTACCCTCATGAA-1,0.009697,0.018754,0.971549
ACTTTATACACCACTT-1,0.252243,0.282921,0.464836
ACTTTCCTATAGCTTC-1,0.014602,0.057978,0.927421
ACTTTGACTGCATCCT-1,0.000186,0.735823,0.263991
ACTTTGGTCGTGCTCC-1,0.142175,0.631308,0.226518
ACTTTGTCGACGCACT-1,0.000016,0.111775,0.888209
AGAAATTATGACTCGC-1,0.000012,0.228403,0.771585
AGAACACGGCGATGGT-1,0.002198,0.004396,0.993406
AGAACCCAGCGTGACA-1,0.029788,0.01661,0.953602
AGAACCCTCAATTGGG-1,0.000032,0.636815,0.363153
AGAACGTGGTACATTC-1,0.056554,0.100535,0.842911
AGAACTGTACTTTGTA-1,0.053944,0.206186,0.73987
AGAAGAGCGCCGTTCC-1,0.000211,0.141704,0.858085
AGAAGGTACACTTCAC-1,0.000248,0.942317,0.057435
AGAAGGTTGCCGAATT-1,0.062036,0.06675,0.871215
AGAAGGTTGTAGGTCG-1,0.030638,0.00136,0.968002
AGAAGTGATTCGTGAT-1,0.683669,0.311335,0.004995
AGAATAAATCTTCAGG-1,0.000094,0.998966,0.00094
AGAATACAGGCTATCC-1,0.00095,0.275907,0.723144
AGAATGCGGGTTCGGA-1,0.000009,0.121702,0.878289
AGAATTATGGATTCGA-1,0.04658,0.119281,0.834139
AGAATTGTTTGACATA-1,0.000034,0.111735,0.888232
AGACAGCTCAGAATCC-1,0.000073,0.999195,0.000732
AGACAGGCATCTCAGC-1,0.00353,0.00686,0.98961
AGACATAGATCCTTCC-1,0.02098,0.092909,0.886111
AGACCAAACCACACCT-1,0.107116,0.682058,0.210826
AGACCATGGGATACAA-1,0.235598,0.107261,0.657141
AGACCCACCGCTGATC-1,0.037696,0.073921,0.888383
AGACCCGCCCTCCTCG-1,0.048278,0.090993,0.860729
AGACCGCTCCGCGGTT-1,0.000047,0.453628,0.546325
AGACCGGGAAACCCTG-1,0.000152,0.902583,0.097265
AGACGAAGTGCCGGTC-1,0.02186,0.442601,0.535539
AGACGACGATGCCGCT-1,0.000641,0.868788,0.130571
AGACGCCCACTTCGCC-1,0.009309,0.077068,0.913623
AGACGGGCCGATTTAA-1,0.013485,0.02844,0.958074
AGACTAGCCTTCCAGA-1,0.012352,0.090551,0.897097
AGACTGTTACCGGGTC-1,0.077118,0.271958,0.650924
AGAGAAACACCAGAAA-1,0.002146,0.717793,0.280061
AGAGAACCGTCTAGGA-1,0.023115,0.071847,0.905038
AGAGAAGGAGTACAAT-1,0.000313,0.793059,0.206628
AGAGATCTCTAAAGCG-1,0.000169,0.929386,0.070446
AGAGCAGTTATGAGAC-1,0.034504,0.699545,0.265951
AGAGCCGCCGAGATTT-1,0.007269,0.208215,0.784516
AGAGCGCTTGTAACGG-1,0.020485,0.077142,0.902373
AGAGCGGGCTAATCAT-1,0.043746,0.014215,0.942039
AGAGCGTACAAGCTCG-1,0.000354,0.680695,0.318951
AGAGCTACGAAAGCAT-1,0.038407,0.363196,0.598396
AGAGGCTTCGGAAACC-1,0.000077,0.323346,0.676577
AGAGGGACAATTGTCC-1,0.031146,0.07368,0.895174
AGAGGTATCTCGGTCC-1,0.1682,0.026033,0.805767
AGAGTAAACTTCACTA-1,0.000173,0.056261,0.943567
AGAGTATAGTGTTACG-1,0.000014,0.234154,0.765832
AGAGTCTTAATGAAAG-1,0.00641,0.012821,0.980769
AGAGTGAACAGACACC-1,0.017875,0.062861,0.919264
AGAGTTAGAGACCGAT-1,0.021292,0.001945,0.976762
AGAGTTGCAGGCCTCC-1,0.218612,0.11828,0.663109
AGATAACTTCAGGGCC-1,0.112524,0.096998,0.790478
AGATACCAATAGAACC-1,0.000011,0.006399,0.99359
AGATACCAGCACTTCA-1,0.064575,0.079307,0.856118
AGATACCGGTGTTCAC-1,0.247598,0.514711,0.23769
AGATACGACTTCATAT-1,0.000102,0.218583,0.781315
AGATACTCAAGATCGA-1,0.003104,0.122572,0.874324
AGATATAATACGACTA-1,0.017489,0.00692,0.975591
AGATCGTGCATAAGAT-1,0.049276,0.029469,0.921256
AGATCTCAGGTGTGAT-1,0.096774,0.037604,0.865622
AGATCTGGAGAGGATA-1,0.003205,0.547618,0.449177
AGATGACTCGCCCACG-1,0.008286,0.18547,0.806243
AGATGAGGGTTGCGAT-1,0.05606,0.138986,0.804954
AGATGATGGAGTCTGG-1,0.023549,0.024656,0.951795
AGATGCAAGACGTGCA-1,0.000212,0.881158,0.11863
AGATGCATCCTGTGTC-1,0.528632,0.387563,0.083805
AGATGCTATAACGAGC-1,0.189969,0.809316,0.000714
AGATTATAGGACGTTT-1,0.041644,0.041814,0.916542
AGATTCAAGCGGGTCG-1,0.00041,0.020771,0.978819
AGATTCACAACCGATA-1,0.00009,0.928349,0.071561
AGCAAAGGCCGCTAGT-1,0.016737,0.020058,0.963205
AGCAACATATCTTATT-1,0.015906,0.042378,0.941717
AGCAACCGAAAGTAAT-1,0.127655,0.649061,0.223285
AGCACACGTTTAGACT-1,0.243641,0.509929,0.246431
AGCACCAGTACTCACG-1,0.059859,0.157932,0.782209
AGCACTACCGGCCTGT-1,0.000641,0.706226,0.293133
AGCACTACCTCACCAG-1,0.016478,0.042555,0.940967
AGCACTTAAGGACGCC-1,0.017348,0.12123,0.861422
AGCAGAAGGAGAAAGA-1,0.051507,0.034596,0.913898
AGCAGCCAGATGAATA-1,0.056755,0.142027,0.801218
AGCAGTCGAAGCATGC-1,0.078801,0.059503,0.861697
AGCATATCAATATGCT-1,0.000032,0.669708,0.33026
AGCATCATTTCGAAAG-1,0.06643,0.850132,0.083438
AGCATCGTCGATAATT-1,0.279377,0.198823,0.5218
AGCATTACGAGGCAAG-1,0.00677,0.002198,0.991032
AGCCAAGCTTTGTGTC-1,0.167229,0.829306,0.003465
AGCCACAGGTTACCCG-1,0.00001,0.00002,0.99997
AGCCACTCCCGTGCTT-1,0.106406,0.022827,0.870767
AGCCATATAGTATGTG-1,0.766343,0.2325,0.001157
AGCCCATACATGTAAG-1,0.000583,0.99359,0.005828
AGCCCGCAACAAGCAG-1,0.501136,0.239342,0.259522
AGCCCGCACTACAATG-1,0.009609,0.281911,0.70848
AGCCCGGCATTAGAGG-1,0.458353,0.35169,0.189958
AGCCCGGTAGCCTGTA-1,0.000625,0.729097,0.270277
AGCCCTAAGCGAAGTT-1,0.009215,0.041485,0.9493
AGCCCTCCCTGGTGGC-1,0.104474,0.638608,0.256919
AGCCCTGTCGCACCGT-1,0.000009,0.069199,0.930792
AGCCCTTCTAATCCGA-1,0.007353,0.149418,0.843229
AGCCCTTGGACATCCC-1,0.000016,0.246789,0.753195
AGCCGCAAATTCAAAT-1,0.000864,0.990493,0.008643
AGCCGCTTGATTAGCG-1,0.003497,0.961538,0.034966
AGCCGTGGCTAAATGT-1,0.097684,0.862986,0.03933
AGCCTAATACCCACGT-1,0.000286,0.774405,0.225309
AGCCTTAAAGCGGAAG-1,0.041097,0.862259,0.096645
AGCCTTGTCACTGATA-1,0.262596,0.627884,0.10952
AGCGACAGGAACGGTC-1,0.000493,0.687533,0.311974
AGCGACATCCCATTCA-1,0.025361,0.02366,0.950978
AGCGACCAACGATATT-1,0.027814,0.090705,0.881481
AGCGACTTTGAAGACA-1,0.076923,0.153846,0.769231
AGCGAGACGTGAAGGC-1,0.770794,0.122673,0.106534
AGCGATGCGCCTAATA-1,0.000009,0.068476,0.931515
AGCGCATAATGAATCG-1,0.000455,0.828084,0.171461
AGCGCGGGTGCCAATG-1,0.034017,0.024071,0.941912
AGCGCTAGAGCGATGT-1,0.006546,0.15063,0.842823
AGCGCTTATGGGCAAG-1,0.018063,0.098307,0.883631
AGCGGACACTTCGTAG-1,0.000553,0.768435,0.231012
AGCGGCGGTTAGCGGT-1,0.000185,0.979288,0.020527
AGCGGGAAGGGTCCAT-1,0.016295,0.074261,0.909444
AGCGGGTCTGACACTC-1,0.481182,0.150733,0.368085
AGCGGTTGCCGCTCTG-1,0.061312,0.050092,0.888595
AGCGTACGAGAGCTAG-1,0.000032,0.147354,0.852614
AGCGTAGCGCTAGACC-1,0.063398,0.015082,0.92152
AGCGTCTGAACCCGCA-1,0.010379,0.093397,0.896225
AGCGTGGTATTCTACT-1,0.114681,0.188301,0.697018
AGCGTTCCGATTTAAA-1,0.127337,0.024451,0.848212
AGCTAACAAGCAATGT-1,0.000207,0.689759,0.310034
AGCTAAGCTCCGTCCG-1,0.019231,0.788459,0.19231
AGCTAAGTACGCAGGC-1,0.000008,0.000015,0.999977
AGCTACGAATGGTGGT-1,0.076923,0.153846,0.769231
AGCTAGAAGCAGAAGT-1,0.037931,0.016338,0.945731
AGCTATTTAATCCAAC-1,0.0297,0.008183,0.962117
AGCTCCATATATGTTC-1,0.493577,0.373547,0.132876
AGCTCCTTCGCACATC-1,0.00009,0.999009,0.000901
AGCTCGTTGATGGAAA-1,0.012677,0.036527,0.950796
AGCTCTAGACGTTCCA-1,0.040111,0.137307,0.822581
AGCTCTTCCCAGTGCA-1,0.060216,0.012375,0.92741
AGCTCTTCGTAACCTT-1,0.000872,0.057248,0.94188
AGCTCTTTACTCAGTT-1,0.000021,0.246339,0.75364
AGCTGAAGTAAACCAA-1,0.266579,0.04231,0.691112
AGCTGCATTTGAGGTG-1,0.000013,0.056226,0.943761
AGCTGCTGTGCCGAAT-1,0.028619,0.001447,0.969933
AGCTGTAACCTCAATC-1,0.000472,0.994809,0.004719
AGCTTATAGAGACCTG-1,0.026323,0.116831,0.856846
AGCTTCTTCTCGAGCA-1,0.002995,0.036896,0.960109
AGCTTGATCAGGGTAG-1,0.319538,0.559838,0.120624
AGCTTGATCTTAACTT-1,0.000383,0.99579,0.003827
AGGAAAGCCTCTGATG-1,0.082917,0.057205,0.859878
AGGAACGAACGACTTC-1,0.000015,0.041055,0.95893
AGGAAGCTGTCCGCCG-1,0.000013,0.006106,0.993881
AGGACAGTCGAATCCC-1,0.003302,0.1932,0.803498
AGGACATCGCACGTCG-1,0.000026,0.347669,0.652304
AGGACATCGGCACACT-1,0.000034,0.140918,0.859048
AGGACGACCCATTAGA-1,0.02861,0.046394,0.924995
AGGACGCTCGATGTTG-1,0.04761,0.034041,0.918349
AGGACTTATAGGAGAA-1,0.000192,0.997885,0.001923
AGGAGACATCCACAGT-1,0.00318,0.097649,0.89917
AGGAGAGTCTGGCTAC-1,0.000006,0.012969,0.987025
AGGAGCGTTTATTATC-1,0.076923,0.153846,0.769231
AGGAGGCCTTCGCGCG-1,0.000258,0.408195,0.591547
AGGATAAAGTCGGGAT-1,0.020162,0.016049,0.963789
AGGATATAGGGATTTA-1,0.005054,0.107163,0.887783
AGGATATCCGACTGCA-1,0.000009,0.00606,0.993931
AGGATCACGCGATCTG-1,0.000267,0.802648,0.197085
AGGATTGCTTACGACA-1,0.000519,0.069327,0.930154
AGGCACGTGACTGTCC-1,0.000026,0.190719,0.809255
AGGCAGATGCGTAAAC-1,0.00001,0.064462,0.935527
AGGCAGGGAGCGTACT-1,0.724416,0.000871,0.274713
AGGCATTGTCGTAGGG-1,0.000047,0.441835,0.558119
AGGCCACATTGGTTAC-1,0.000211,0.034691,0.965098
AGGCCACCCGTTATGA-1,0.020413,0.042095,0.937492
AGGCCCAGTGACTGGT-1,0.000126,0.507973,0.491901
AGGCCCATTGTACAGG-1,0.498256,0.042889,0.458855
AGGCCCTAGAACGCCA-1,0.000399,0.995616,0.003986
AGGCCTATCATACCAA-1,0.992439,0.005439,0.002121
AGGCCTGAGAATCTCG-1,0.043758,0.00076,0.955482
AGGCGATAACTGGCGT-1,0.000012,0.095842,0.904146
AGGCGGTTTGTCCCGC-1,0.415255,0.583877,0.000867
AGGCGTCTATGGACGG-1,0.004816,0.177799,0.817384
AGGCTATGGTTAGCTT-1,0.662369,0.249291,0.08834
AGGCTTCCCGAAGAAG-1,0.000687,0.992445,0.006868
AGGCTTGCTAGACACC-1,0.244713,0.633095,0.122193
AGGGAAACGAGGTACT-1,0.011349,0.096977,0.891673
AGGGACAGCACGGCGG-1,0.000161,0.017615,0.982224
AGGGACCGGCTGCGTT-1,0.000011,0.007126,0.992862
AGGGACTCTACGCGAC-1,0.000083,0.518001,0.481916
AGGGAGACATACTTCG-1,0.025214,0.069902,0.904884
AGGGCAGCGGCGTGGT-1,0.034141,0.066602,0.899257
AGGGCCCTAATGTTCT-1,0.004884,0.034445,0.960671
AGGGCGAGCAGCTGAT-1,0.000348,0.657201,0.342451
AGGGCGTGATCGGCTA-1,0.013005,0.004982,0.982013
AGGGCTGCAGTTACAG-1,0.00318,0.054052,0.942768
AGGGTCAGAGCACTCG-1,0.090296,0.669865,0.239838
AGGGTCAGTAACCCTA-1,0.01551,0.041254,0.943236
AGGGTCGATGCGAACT-1,0.008003,0.116331,0.875666
AGGGTCTGGACGCAGT-1,0.019263,0.108572,0.872165
AGGGTGCCGTTCTTTA-1,0.000147,0.521255,0.478598
AGGGTGCTCTCGAGGG-1,0.018467,0.028008,0.953525
AGGGTGGATAGTGCAT-1,0.000201,0.997791,0.002008
AGGGTGTGCTACACGC-1,0.009485,0.090959,0.899556
AGGGTTCAGACGGTCC-1,0.333753,0.322163,0.344084
AGGGTTCCCTTTGGTT-1,0.017877,0.188143,0.79398
AGGGTTTAGTTCGGGA-1,0.006691,0.041611,0.951698
AGGTAACCTCCTATTC-1,0.015015,0.023554,0.961431
AGGTACGATATTGCCA-1,0.031671,0.022713,0.945615
AGGTAGATCGAGATAT-1,0.827802,0.154787,0.017411
AGGTAGGTACAAAGCT-1,0.000045,0.847394,0.152561
AGGTATAATTGATAGT-1,0.016779,0.243439,0.739783
AGGTATGCGGACATTA-1,0.002054,0.107708,0.890238
AGGTCAGGTGAGAGTG-1,0.071699,0.555963,0.372338
AGGTCGCCACTTCGGT-1,0.00182,0.006651,0.991529
AGGTCGCCTCCCAACA-1,0.000017,0.158697,0.841286
AGGTCGCGGAGTTACT-1,0.001887,0.125032,0.873081
AGGTGCACGTCCACAT-1,0.001762,0.086514,0.911724
AGGTGGTGACCTTCGC-1,0.000516,0.994321,0.005163
AGGTGTATCGCCATGA-1,0.014266,0.779864,0.20587
AGGTGTTGCCGACCAC-1,0.003098,0.054982,0.94192
AGGTTACACCATGCCG-1,0.013377,0.004744,0.981879
AGGTTCTCCTTTCCGG-1,0.096443,0.562781,0.340776
AGGTTGAGGCACGCTT-1,0.008517,0.241093,0.750389
AGGTTTCACACACCTT-1,0.002964,0.000024,0.997011
AGTAACGTTCATCCTG-1,0.0148,0.001901,0.983299
AGTAACTATAGCAGCC-1,0.013535,0.101603,0.884862
AGTAAGGGACAGAATC-1,0.692304,0.051283,0.256413
AGTAATCTAAGGGTGG-1,0.17507,0.128935,0.695996
AGTAATGTCTTGCCGC-1,0.03744,0.058684,0.903876
AGTAATTTGCAAGCGT-1,0.504376,0.320096,0.175529
AGTACAGAAGCTTATA-1,0.040577,0.225689,0.733733
AGTACATCATTTATCA-1,0.030106,0.077878,0.892016
AGTACCTTCGAGTGCT-1,0.174573,0.036052,0.789375
AGTACGGCCCGTATCG-1,0.000254,0.58865,0.411096
AGTACGGGCACCTGGC-1,0.023401,0.182622,0.793977
AGTACGTGGCCTGTCT-1,0.004851,0.001084,0.994065
AGTACTCTTATGCCCA-1,0.000039,0.126925,0.873036
AGTAGAAGGCGCCTCA-1,0.098388,0.899679,0.001933
AGTAGCGTGAACGAAC-1,0.017121,0.019207,0.963672
AGTAGCTAGACGCCGA-1,0.103321,0.0116,0.885079
AGTAGGAAGGAAGTTG-1,0.011239,0.036013,0.952748
AGTAGGTAACATACAT-1,0.01458,0.058518,0.926902
AGTATAATACTAGGCA-1,0.014148,0.440661,0.545191
AGTATACACAGCGACA-1,0.133472,0.170588,0.69594
AGTATCCATAATAACG-1,0.098866,0.03323,0.867904
AGTATGCTGGAGACCA-1,0.000549,0.487997,0.511453
AGTATTTGGCACGACC-1,0.223813,0.224172,0.552015
AGTCAAATGATGTGAT-1,0.000114,0.842504,0.157382
AGTCAACACCACCATC-1,0.037828,0.01501,0.947163
AGTCAAGATGACACTT-1,0.003902,0.047065,0.949034
AGTCACTAGCTCTCGA-1,0.000022,0.613416,0.386562
AGTCACTCCGCCTCAT-1,0.006123,0.020637,0.973241
AGTCAGCCACCGCCTG-1,0.000082,0.764099,0.235819
AGTCCAGCGGGTACGT-1,0.000015,0.049846,0.950139
AGTCCATTGGCTGATG-1,0.00011,0.007717,0.992172
AGTCCCGCCTTTAATT-1,0.021787,0.019631,0.958581
AGTCCCTCGCAGAAAG-1,0.024516,0.045249,0.930235
AGTCGAAACGATTCAG-1,0.557455,0.346072,0.096472
AGTCGAATTAGCGTAA-1,0.004808,0.947114,0.048078
AGTCGACGGTCTCAAG-1,0.020662,0.025753,0.953585
AGTCGGCCCAAACGAC-1,0.000037,0.359994,0.639969
AGTCGGCTCAACTTTA-1,0.119393,0.769002,0.111604
AGTCGGTTGCGTGAGA-1,0.002078,0.014014,0.983908
AGTCGTATAAAGCAGA-1,0.002351,0.000012,0.997637
AGTCGTCGACCACCAA-1,0.002389,0.085544,0.912067
AGTCGTGGGCATTACG-1,0.181912,0.681919,0.136168
AGTCTAAAGTATACTC-1,0.002361,0.309773,0.687866
AGTCTCACAAGACTAC-1,0.000818,0.990998,0.008183
AGTCTGGACATCCTTG-1,0.130044,0.512725,0.357231
AGTCTTCTCCTCAAAT-1,0.037894,0.143275,0.818831
AGTCTTTAAAGTGTCC-1,0.00001,0.003008,0.996982
AGTGAACAAACTTCTC-1,0.00022,0.012085,0.987695
AGTGAAGATGGTGTCC-1,0.010907,0.068725,0.920368
AGTGACCTACTTTACG-1,0.026015,0.015587,0.958398
AGTGACTGTGACACAA-1,0.035415,0.597241,0.367344
