Barcode,Topic 1,Topic 2,Topic 3,Topic 4to6,Topic 7,Topic 8to10
AAACAAGTATCTCCCA-1,0.003862,0.008385,0.20317,0.264182,0.305716,0.214684
AAACACCAATAACTGC-1,0.013817,0.003918,0.02479,0.301056,0.059416,0.597003
AAACAGAGCGACTCCT-1,0.000026,0.110078,0.041341,0.083694,0.378957,0.385905
AAACAGCTTTCAGAAG-1,0.000213,0.159313,0.189773,0.20321,0.08225,0.365241
AAACAGGGTCTATATT-1,0.000997,0.000012,0.022416,0.217542,0.059262,0.699772
AAACAGTGTTCCTGGG-1,0.223358,0.536711,0.174664,0.04299,0.003765,0.018512
AAACATGGTGAGAGGA-1,0.030058,0.087429,0.313261,0.19716,0.191976,0.180115
AAACATTTCCCGGATT-1,0.000016,0.058067,0.606814,0.211466,0.065467,0.05817
AAACCACTACACAGAT-1,0.002791,0.068435,0.005414,0.046196,0.099578,0.777586
AAACCCGAACGAAATC-1,0.001537,0.06894,0.135187,0.219804,0.136333,0.438199
AAACCGGAAATGTTAA-1,0.032074,0.074618,0.336429,0.078052,0.269934,0.208894
AAACCGGGTAGGTACC-1,0.015381,0.000016,0.012674,0.159723,0.091046,0.72116
AAACCGTTCGTCCAGG-1,0.000015,0.00636,0.004968,0.780263,0.067538,0.140856
AAACCTAAGCAGCCGG-1,0.032948,0.002027,0.356503,0.283719,0.104862,0.219941
AAACCTCATGAAGTTG-1,0.000055,0.006483,0.213829,0.131847,0.203305,0.444481
AAACGAAGAACATACC-1,0.001702,0.000457,0.014366,0.058124,0.499529,0.425822
AAACGAAGATGGAGTA-1,0.004343,0.065988,0.31314,0.120287,0.251934,0.244308
AAACGACAGTCTTGCC-1,0.004988,0.466456,0.023682,0.055666,0.201633,0.247575
AAACGAGACGGTTGAT-1,0.000023,0.006642,0.342003,0.249034,0.067477,0.33482
AAACGCCCGAGATCGG-1,0.011112,0.038011,0.253997,0.002694,0.362024,0.332162
AAACGGGCGTACGGGT-1,0.026012,0.0327,0.048684,0.284946,0.021833,0.585824
AAACGGTTGCGAACTG-1,0.016695,0.027043,0.531293,0.260653,0.019831,0.144484
AAACGTGTTCGCCCTA-1,0.000016,0.10812,0.012374,0.173328,0.012866,0.693297
AAACTAACGTGGCGAC-1,0.000465,0.000194,0.000022,0.032824,0.220549,0.745945
AAACTCGGTTCGCAAT-1,0.010948,0.012521,0.613977,0.178136,0.046743,0.137676
AAACTCGTGATATAAG-1,0.007135,0.257507,0.012197,0.295162,0.100946,0.327053
AAACTGCTGGCTCCAA-1,0.002592,0.002908,0.061472,0.623256,0.088304,0.221468
AAACTTAATTGCACGC-1,0.005306,0.025667,0.075208,0.242688,0.109223,0.541908
AAACTTGCAAACGTAT-1,0.010333,0.027452,0.073963,0.271621,0.098298,0.518333
AAAGAATGACCTTAGA-1,0.033042,0.15351,0.423689,0.033842,0.305525,0.050393
AAAGAATGTGGACTAA-1,0.910876,0.016452,0.070853,0.001792,0.000007,0.00002
AAAGACCCAAGTCGCG-1,0.000022,0.034295,0.004016,0.041166,0.486001,0.4345
AAAGACTGGGCGCTTT-1,0.005309,0.007362,0.20778,0.058746,0.578758,0.142045
AAAGCTTGCCTACATA-1,0.006706,0.127624,0.048025,0.312331,0.164365,0.340949
AAAGGCCCTATAATAC-1,0.008803,0.008198,0.372679,0.089093,0.371621,0.149606
AAAGGCTACGGACCAT-1,0.003954,0.002473,0.141787,0.268508,0.179147,0.404131
AAAGGCTCTCGCGCCG-1,0.000024,0.067141,0.11264,0.637105,0.097462,0.085628
AAAGGGATGTAGCAAG-1,0.016845,0.020423,0.121628,0.07671,0.265779,0.498614
AAAGGGCAGCTTGAAT-1,0.003271,0.000014,0.068654,0.637333,0.089755,0.200973
AAAGGTAAGCTGTACC-1,0.000024,0.032829,0.004162,0.349997,0.181468,0.431521
AAAGTAGCATTGCTCA-1,0.007048,0.000022,0.33208,0.323535,0.073365,0.26395
AAAGTCACTGATGTAA-1,0.001332,0.056316,0.186369,0.04826,0.315261,0.392461
AAAGTCGACCCTCAGT-1,0.011407,0.002855,0.12596,0.235138,0.061046,0.563594
AAAGTGTGATTTATCT-1,0.000829,0.175558,0.041694,0.17841,0.078911,0.524597
AAAGTTGACTCCCGTA-1,0.000018,0.054051,0.050367,0.470495,0.057429,0.36764
AAATAACCATACGGGA-1,0.000018,0.031668,0.000018,0.101588,0.0146,0.852107
AAATAAGGTAGTGCCC-1,0.000842,0.02196,0.027116,0.284359,0.21346,0.452263
AAATACCTATAAGCAT-1,0.009556,0.150738,0.192482,0.395519,0.146468,0.105237
AAATAGCTTAGACTTT-1,0.000302,0.036325,0.024937,0.394159,0.088225,0.456052
AAATAGGGTGCTATTG-1,0.004382,0.081924,0.097736,0.331744,0.165846,0.318368
AAATCCGATACACGCC-1,0.025158,0.014783,0.288782,0.169938,0.344148,0.157192
AAATCGCGGAAGGAGT-1,0.004835,0.034704,0.115458,0.268759,0.119432,0.456812
AAATCGTGTACCACAA-1,0.000029,0.000029,0.08271,0.301879,0.282025,0.333328
AAATCTAGCCCTGCTA-1,0.025992,0.096389,0.541168,0.302434,0.01399,0.020029
AAATCTGCCCGCGTCC-1,0.000465,0.822798,0.000465,0.001396,0.17348,0.001396
AAATGATTCGATCAGC-1,0.000017,0.002103,0.002763,0.070676,0.037014,0.887428
AAATGCTCGTTACGTT-1,0.017908,0.211159,0.206202,0.00978,0.485088,0.069864
AAATGGCATGTCTTGT-1,0.017409,0.03452,0.087486,0.090924,0.506122,0.263539
AAATGGCCCGTGCCCT-1,0.018745,0.041386,0.204738,0.2242,0.178117,0.332812
AAATGGTCAATGTGCC-1,0.005172,0.027824,0.152547,0.164328,0.53534,0.114788
AAATGTATCTTATCCC-1,0.00002,0.170909,0.062584,0.162482,0.300791,0.303215
AAATTAACGGGTAGCT-1,0.000014,0.000014,0.003084,0.758813,0.028258,0.209817
AAATTAATAAGCGCGA-1,0.000023,0.033038,0.251872,0.176303,0.392173,0.146591
AAATTACACGACTCTG-1,0.000032,0.035645,0.12876,0.172229,0.363805,0.299528
AAATTACCTATCGATG-1,0.023625,0.015772,0.024472,0.18362,0.197167,0.555344
AAATTCCAGGTCCAAA-1,0.000014,0.099335,0.089763,0.158235,0.141784,0.51087
AAATTGATAGTCCTTT-1,0.002873,0.00002,0.431217,0.209836,0.032891,0.323163
AAATTGCGGCGGTTCT-1,0.007469,0.064117,0.186249,0.021366,0.625408,0.095392
AAATTGGTGAGAAGCA-1,0.000035,0.123507,0.084237,0.066782,0.370537,0.354902
AAATTTACCGAAATCC-1,0.000021,0.170718,0.259264,0.053279,0.263928,0.252791
AAATTTGCGGGTGTGG-1,0.000019,0.024289,0.032473,0.297681,0.118665,0.526873
AACAACTGGTAGTTGC-1,0.000016,0.000016,0.001348,0.25457,0.042521,0.701529
AACAATACATTGTCGA-1,0.00846,0.000013,0.260682,0.211014,0.198248,0.321582
AACAATTACTCTACGC-1,0.005265,0.03262,0.205853,0.123742,0.314868,0.317652
AACACACGCTCGCCGC-1,0.000021,0.16428,0.174809,0.130029,0.269542,0.261319
AACACGACTGTACTGA-1,0.006396,0.024917,0.041048,0.157424,0.43086,0.339353
AACACGAGACGCGGCC-1,0.014454,0.056143,0.430617,0.087008,0.188906,0.222873
AACACGCGGCCGCGAA-1,0.000019,0.39505,0.172215,0.096416,0.268366,0.067934
AACAGCTGTGTGGCAA-1,0.001972,0.000012,0.068766,0.476404,0.117019,0.335827
AACAGGAAATCGAATA-1,0.011837,0.018145,0.116292,0.295652,0.193032,0.365042
AACAGGATGGGCCGCG-1,0.000023,0.055956,0.051446,0.688967,0.08236,0.121247
AACAGGTAGTATGGAT-1,0.000012,0.000012,0.024623,0.916094,0.028227,0.031033
AACATAGCGTGTATCG-1,0.882518,0.032238,0.010328,0.039923,0.00441,0.030583
AACATATCAACTGGTG-1,0.000021,0.075252,0.009482,0.112358,0.092,0.710887
AACATCGATACGTCTA-1,0.007391,0.06339,0.288801,0.066234,0.159368,0.414815
AACATTGAAGTTGATC-1,0.000046,0.018098,0.076098,0.501266,0.310395,0.094097
AACATTGTGACTCGAG-1,0.003311,0.049915,0.47576,0.21099,0.126625,0.133398
AACCAAGACTTCTCTG-1,0.00602,0.06769,0.020927,0.579877,0.065954,0.259531
AACCAGTATCACTCTT-1,0.00205,0.10561,0.077415,0.069796,0.145439,0.59969
AACCATAGGGTTGAAC-1,0.011805,0.121816,0.572546,0.041952,0.11481,0.137071
AACCATGGGATCGCTA-1,0.000022,0.001412,0.033578,0.107527,0.242857,0.614605
AACCCAGAGACGGAGA-1,0.003378,0.036947,0.077089,0.162722,0.246343,0.473521
AACCCATCCCATGATC-1,0.028605,0.039188,0.037455,0.163884,0.201547,0.52932
AACCCGACAACCCGTG-1,0.012591,0.022952,0.321563,0.206782,0.279294,0.156817
AACCCGAGCAGAATCG-1,0.009706,0.042388,0.44575,0.091791,0.324497,0.085869
AACCCGATAGGGCTTC-1,0.011097,0.079233,0.049552,0.037687,0.182844,0.639587
AACCCGCTGTATTCCA-1,0.350452,0.634116,0.007645,0.007726,0.000015,0.000046
AACCCTACTGTCAATA-1,0.005621,0.059141,0.151537,0.513958,0.038744,0.230998
AACCCTGGTGGAACCA-1,0.000017,0.000017,0.028052,0.13091,0.272192,0.568812
AACCGAGCTTGGTCAT-1,0.000019,0.000019,0.000019,0.103715,0.018325,0.877902
AACCGCTAAGGGATGC-1,0.02465,0.01012,0.213336,0.241504,0.05131,0.459079
AACCGTTGTGTTTGCT-1,0.000036,0.122536,0.154303,0.022851,0.170865,0.529409
AACCTCGCTTTAGCCC-1,0.011782,0.014694,0.45965,0.231643,0.099114,0.183116
AACCTGTCACGGAATT-1,0.000019,0.029583,0.059731,0.140504,0.230427,0.539736
AACCTTTAAATACGGT-1,0.003179,0.012227,0.26991,0.172844,0.235951,0.30589
AACCTTTACGACGTCT-1,0.00072,0.03721,0.036193,0.328707,0.051467,0.545703
AACGAAAGTCGTCCCA-1,0.013233,0.009958,0.120619,0.498576,0.220392,0.137222
AACGACCTCCTAGCCG-1,0.997613,0.002338,0.000006,0.000018,0.000006,0.000018
AACGATAATGCCGTAG-1,0.000016,0.000402,0.199243,0.457946,0.034922,0.307471
AACGATAGAAGGGCCG-1,0.000026,0.015049,0.061542,0.105596,0.2153,0.602487
AACGATATGTCAACTG-1,0.000026,0.079731,0.128528,0.189884,0.270231,0.331599
AACGCATGATCTGGGT-1,0.000038,0.140693,0.07014,0.055109,0.403169,0.330852
AACGCGAACGGCAACA-1,0.00002,0.162551,0.042473,0.23213,0.318208,0.244619
AACGCGACCTTGGGCG-1,0.012602,0.013054,0.022459,0.467548,0.060225,0.424112
AACGCGGTCTCCAGCC-1,0.000036,0.028372,0.277293,0.056187,0.213978,0.424133
AACGCTGTTGCTGAAA-1,0.002795,0.038356,0.448494,0.202617,0.118531,0.189207
AACGGACGTACGTATA-1,0.004409,0.001047,0.083564,0.432696,0.101631,0.376652
AACGGCCATCTCCGGT-1,0.005687,0.01024,0.311188,0.242494,0.182855,0.247536
AACGTACTGTGGGTAC-1,0.018898,0.001604,0.401364,0.114809,0.06056,0.402766
AACGTCAGACTAGTGG-1,0.000025,0.000025,0.002736,0.231234,0.043909,0.722071
AACGTCGCTGCACTTC-1,0.879398,0.073512,0.046214,0.000824,0.000013,0.00004
AACGTGATGAAGGACA-1,0.000032,0.05843,0.305899,0.072151,0.360199,0.20329
AACGTGCGAAAGTCTC-1,0.014668,0.000018,0.02676,0.138706,0.026909,0.792939
AACGTTATCAGCACCT-1,0.000026,0.01171,0.395113,0.050371,0.353469,0.189312
AACTACCCGTTTGTCA-1,0.000014,0.005139,0.044142,0.458655,0.100152,0.391898
AACTAGCGTATCGCAC-1,0.00004,0.00004,0.025283,0.000119,0.974398,0.000119
AACTAGGCTTGGGTGT-1,0.022965,0.000027,0.034465,0.344954,0.05826,0.539328
AACTCAAGTTAATTGC-1,0.00002,0.011408,0.355951,0.096519,0.202257,0.333845
AACTCCAGAGCGTGTT-1,0.009804,0.000039,0.340499,0.275943,0.123479,0.250236
AACTCCTAATCCCATG-1,0.000045,0.259165,0.050868,0.074035,0.298172,0.317715
AACTCGATAAACACGT-1,0.026972,0.250434,0.086888,0.105343,0.284727,0.245637
AACTCGATGGCGCAGT-1,0.000031,0.01996,0.367401,0.198391,0.152772,0.261444
AACTCTCAATAGAGCG-1,0.002305,0.055873,0.330912,0.213461,0.011218,0.386231
AACTCTCAGTGTGCTC-1,0.001939,0.048622,0.036908,0.380142,0.070652,0.461738
AACTGAGGTCAGCGTC-1,0.000043,0.14747,0.186662,0.013295,0.490172,0.162358
AACTGATATTAGGCCT-1,0.00002,0.000079,0.032965,0.599997,0.128064,0.238874
AACTGGGTCCCGACGT-1,0.000026,0.00144,0.003108,0.139057,0.263892,0.592476
AACTGGGTTCGAGCCG-1,0.000055,0.126085,0.245768,0.073212,0.494985,0.059895
AACTGGTGTGGGCCTT-1,0.006217,0.164851,0.054585,0.015928,0.461023,0.297396
AACTTCTGCGTCTATC-1,0.003601,0.002124,0.218247,0.240944,0.005122,0.529963
AACTTGCCCGTATGCA-1,0.000038,0.000038,0.040071,0.153409,0.168698,0.637747
AACTTGCGTTCTCGCG-1,0.003444,0.011511,0.017095,0.126652,0.128651,0.712646
AACTTTACGGGAGCTT-1,0.012175,0.000025,0.28558,0.085488,0.257196,0.359535
AACTTTAGCTGCTGAG-1,0.000034,0.029779,0.016191,0.347903,0.499313,0.10678
AACTTTCTCGATCATG-1,0.000028,0.102717,0.230692,0.076132,0.219514,0.370915
AAGAAAGTTTGATGGG-1,0.000079,0.999286,0.000079,0.000238,0.000079,0.000238
AAGAAATCACCAGATT-1,0.000012,0.083302,0.000012,0.882405,0.00046,0.033809
AAGAAGGATCAGTTAG-1,0.000828,0.033322,0.122255,0.444966,0.184007,0.214623
AAGACATACGTGGTTT-1,0.791771,0.050568,0.050849,0.041324,0.039043,0.026446
AAGACCAAATAACTCA-1,0.003512,0.090199,0.145486,0.169033,0.435476,0.156294
AAGACCCAACTGAACA-1,0.004729,0.051638,0.323324,0.331292,0.101158,0.187859
AAGACTAACCCGTTGT-1,0.000023,0.09772,0.1663,0.019351,0.532545,0.18406
AAGACTGCAAGCTACT-1,0.003834,0.047275,0.045452,0.306388,0.078365,0.518687
AAGAGATGAATCGGTA-1,0.009142,0.000022,0.161995,0.109865,0.04233,0.676646
AAGAGCTCTTTATCGG-1,0.000031,0.193383,0.015685,0.632402,0.064582,0.093917
AAGAGGATGTACGCGA-1,0.009368,0.002566,0.08695,0.250528,0.134902,0.515687
AAGAGGCATGGATCGC-1,0.010985,0.05494,0.06575,0.258123,0.098284,0.511918
AAGAGGCCCTTTGGAA-1,0.011723,0.04007,0.363098,0.320124,0.186315,0.078669
AAGATGGCACCGGACC-1,0.010309,0.000896,0.053475,0.399638,0.11993,0.415753
AAGATTGGCGGAACGT-1,0.001276,0.030986,0.070297,0.226616,0.123533,0.547293
AAGCACCCTGCGTATC-1,0.003492,0.001434,0.142596,0.349123,0.061474,0.441881
AAGCATACTCTCCTGA-1,0.00002,0.009883,0.117688,0.345716,0.169069,0.357623
AAGCCACTTGCAGGTA-1,0.068029,0.863669,0.005909,0.044363,0.010401,0.00763
AAGCCGAAGCGGTTTA-1,0.008193,0.005792,0.067377,0.47238,0.058063,0.388194
AAGCCGCCGTGAAATC-1,0.00975,0.005809,0.241217,0.164958,0.166038,0.412228
AAGCCGCTTTACCTTG-1,0.005079,0.218663,0.20452,0.220882,0.051889,0.298967
AAGCGCAGGGCTTTGA-1,0.013463,0.00121,0.184232,0.596627,0.004603,0.199865
AAGCGGAGTGCGCGCA-1,0.000015,0.189452,0.000015,0.412272,0.007685,0.39056
AAGCGGCGTCATGGGT-1,0.013915,0.087667,0.192273,0.029606,0.460267,0.216272
AAGCGTCCCTCATCGA-1,0.000169,0.001281,0.028107,0.669532,0.165319,0.135591
AAGCTAGATCGAGTAA-1,0.001541,0.068129,0.173165,0.220395,0.052837,0.483933
AAGCTCGTGCCAAGTC-1,0.000017,0.03759,0.00418,0.220425,0.018323,0.719465
AAGCTCTTTCATGGTG-1,0.008319,0.002653,0.24313,0.188197,0.497025,0.060675
AAGGAGAACTTATAAG-1,0.000082,0.093287,0.026298,0.033444,0.731241,0.115649
AAGGAGCGGTTGGTGC-1,0.005581,0.030451,0.034255,0.522866,0.004352,0.402494
AAGGATCGATCGCTTG-1,0.000024,0.144152,0.020694,0.189355,0.062431,0.583344
AAGGATGAGGGACCTC-1,0.000023,0.116183,0.220032,0.442909,0.131159,0.089694
AAGGCAGGCTGTCTCC-1,0.000016,0.054452,0.109728,0.42247,0.138672,0.274662
AAGGCGCGTAAAGCTT-1,0.000029,0.061261,0.301112,0.054902,0.253998,0.328699
AAGGCTGTGCTCATCG-1,0.002151,0.007046,0.068474,0.36573,0.138099,0.4185
AAGGGAACGACTGGCT-1,0.001503,0.111576,0.247344,0.08083,0.325077,0.23367
AAGGGACAGATTCTGT-1,0.000025,0.025576,0.167382,0.131455,0.17483,0.500731
AAGGGACTATGCATTC-1,0.004884,0.067847,0.159902,0.093478,0.54386,0.13003
AAGGGTTAGCCATGCG-1,0.938049,0.002083,0.000029,0.000088,0.059664,0.000088
AAGGGTTTGATTTCAG-1,0.000022,0.036502,0.084169,0.315578,0.27078,0.29295
AAGGTATCCTAATATA-1,0.000024,0.038851,0.044173,0.227059,0.169579,0.520314
AAGGTGATAAACCAGC-1,0.000024,0.03522,0.095393,0.244445,0.248009,0.376909
AAGTAGAAGACCGGGT-1,0.000038,0.039254,0.205777,0.092404,0.379343,0.283184
AAGTAGTGACGCGAGG-1,0.000016,0.000016,0.048148,0.57777,0.014855,0.359195
AAGTCAATTGTCGTCA-1,0.000017,0.000017,0.024972,0.390032,0.024938,0.560023
AAGTCTAGTAGCTGCC-1,0.000021,0.10665,0.080871,0.26418,0.112018,0.43626
AAGTCTTCTGTGGCCT-1,0.00408,0.000483,0.015807,0.15248,0.119218,0.707932
AAGTGACGACCGAATT-1,0.005241,0.010717,0.156527,0.213093,0.297197,0.317225
AAGTGAGTCGGGTTTA-1,0.0013,0.002057,0.057644,0.387988,0.289462,0.261548
AAGTGCAAAGGTAGAC-1,0.00342,0.000015,0.000189,0.868347,0.125526,0.002503
AAGTGCCTTGACTGTA-1,0.004226,0.04218,0.181358,0.436442,0.183964,0.151831
AAGTGCGTTAGAATCT-1,0.00002,0.075781,0.031894,0.314408,0.048782,0.529115
AAGTGCTTCTCTATTG-1,0.007455,0.067449,0.645557,0.125703,0.100145,0.053692
AAGTGTTTGGAGACGG-1,0.000025,0.019245,0.316118,0.416929,0.140807,0.106875
AAGTTCACTCCAAGCT-1,0.007148,0.001622,0.187382,0.477249,0.024658,0.30194
AAGTTCAGTCTGCGTA-1,0.0163,0.07831,0.192355,0.032833,0.422787,0.257416
AAGTTCGGCCAACAGG-1,0.000212,0.084372,0.047016,0.337874,0.04826,0.482265
AAGTTGTGATGTTATA-1,0.787266,0.028965,0.044645,0.020704,0.049105,0.069316
AAGTTTACTAATGGCA-1,0.000034,0.000034,0.019236,0.15929,0.503441,0.317965
AAGTTTATGGGCCCAA-1,0.00001,0.059186,0.01718,0.57284,0.027122,0.323661
AATAACAACGCTCGGC-1,0.000019,0.010168,0.075528,0.349742,0.419871,0.144672
AATAACACTAGAACAA-1,0.009908,0.019623,0.078436,0.216867,0.18321,0.491957
AATAACGTCGCGCCCA-1,0.838186,0.030983,0.032061,0.026571,0.056669,0.015532
AATAAGTCCTCGAGAC-1,0.000028,0.547772,0.018332,0.003595,0.277737,0.152535
AATAATCTTCGTATCG-1,0.005539,0.050341,0.318518,0.292356,0.169855,0.16339
AATACAATGTTTCAGG-1,0.008773,0.010373,0.110659,0.135458,0.312075,0.422661
AATACCGGAGGGCTGT-1,0.00771,0.007925,0.143344,0.382335,0.14129,0.317397
AATACCTGATGTGAAC-1,0.954174,0.008625,0.014257,0.00319,0.015085,0.004669
AATAGAACAGAGTGGC-1,0.008357,0.000019,0.265307,0.180569,0.227172,0.318577
AATAGAATCTGTTTCA-1,0.00681,0.000054,0.03431,0.215191,0.071625,0.67201
AATAGCAAGCCTCCTG-1,0.000044,0.010812,0.206355,0.004405,0.418326,0.360059
AATAGCTACCGCGTGC-1,0.001833,0.000175,0.010295,0.056533,0.149988,0.781177
AATAGTCCGTCCCGAC-1,0.00163,0.000019,0.26938,0.429577,0.057642,0.241752
AATAGTCGCGAGTCGG-1,0.000014,0.002648,0.024002,0.411497,0.123889,0.437951
AATATCAAGGTCGGAT-1,0.000035,0.07727,0.1507,0.079209,0.201091,0.491695
AATATCCTAGCAAACT-1,0.015497,0.016285,0.09204,0.077604,0.510825,0.287749
AATATCGAATCAATGC-1,0.000016,0.03878,0.21337,0.147056,0.214849,0.385929
AATATCGAGGGTTCTC-1,0.000036,0.077922,0.147847,0.073592,0.456502,0.244101
AATATTGGAGTATTGA-1,0.003895,0.042268,0.199391,0.198759,0.379136,0.17655
AATCAGACTGCAGGAC-1,0.000032,0.102665,0.127316,0.073909,0.226216,0.469862
AATCAGGTTTCATTTA-1,0.002661,0.014066,0.137122,0.463776,0.163082,0.219293
AATCATGTAAAGACTC-1,0.038447,0.031912,0.413423,0.239053,0.058593,0.218573
AATCCAAGGGCCTGAG-1,0.013845,0.073223,0.065093,0.140544,0.125349,0.581944
AATCCATGCAAGGGTG-1,0.000036,0.228873,0.05754,0.047955,0.437546,0.228049
AATCCCGCTCAGAGCC-1,0.26261,0.733091,0.003036,0.001156,0.000027,0.000081
AATCGCCTCAGCGCCA-1,0.000031,0.039403,0.330678,0.190402,0.171757,0.267729
AATCGCGCAGAGGACT-1,0.00002,0.24813,0.12557,0.219489,0.19591,0.210881
AATCGGGACACTACGA-1,0.000022,0.000022,0.000022,0.052399,0.019969,0.927564
AATCGGTATAGCCCTC-1,0.982636,0.006045,0.005805,0.005237,0.000008,0.000268
AATCGTGAGCCGAGCA-1,0.073765,0.050326,0.277582,0.500009,0.041688,0.056629
AATCTAGGTTTACTTG-1,0.000022,0.155427,0.016179,0.226609,0.143987,0.457776
AATCTATGCCGGAGCC-1,0.000025,0.041729,0.146243,0.402826,0.027351,0.381826
AATCTCTACTGTGGTT-1,0.000022,0.097288,0.06036,0.236098,0.100161,0.506072
AATCTGCGTTGGGACG-1,0.000021,0.072272,0.023753,0.239176,0.119757,0.545022
AATCTGGCTTTCTAGT-1,0.007289,0.053975,0.700842,0.031647,0.123751,0.082496
AATCTGGGTAGACCCT-1,0.000041,0.079147,0.176636,0.000845,0.620498,0.122834
AATGACAGCAATGTCT-1,0.000018,0.000018,0.004048,0.426544,0.033353,0.53602
AATGACGTAGGATGTC-1,0.031107,0.079657,0.149438,0.381571,0.014195,0.344031
AATGACTGTCAGCCGG-1,0.012023,0.062978,0.431241,0.103459,0.168087,0.222212
AATGAGTTCGCATATG-1,0.000034,0.139081,0.081621,0.05467,0.474749,0.249845
AATGATGATACGCTAT-1,0.005701,0.185781,0.037854,0.515891,0.035218,0.219556
AATGATGCGACTCCTG-1,0.000027,0.065467,0.078875,0.080845,0.161591,0.613194
AATGCAACCGGGTACC-1,0.0024,0.12648,0.058455,0.198565,0.096937,0.517164
AATGCACCAAGCAATG-1,0.003668,0.15568,0.015862,0.449792,0.020245,0.354754
AATGGCCGCCAATGCG-1,0.000021,0.098079,0.02763,0.035251,0.488295,0.350723
AATGGTCCACCGTTCA-1,0.009555,0.014799,0.112141,0.226251,0.22215,0.415104
AATGGTTCTCACAAGC-1,0.005442,0.0308,0.097211,0.078686,0.357396,0.430466
AATGTATGGCACTGTA-1,0.015301,0.0027,0.030421,0.239736,0.264632,0.44721
AATGTGCCCGAGGTGT-1,0.014146,0.000027,0.139102,0.229154,0.240853,0.376719
AATGTGCTAATCTGAG-1,0.000497,0.026858,0.013549,0.559339,0.034964,0.364793
AATGTTAAGACCCTGA-1,0.806903,0.17753,0.006647,0.008888,0.000008,0.000024
AATGTTGTCGTGAGAC-1,0.661199,0.110603,0.116534,0.028223,0.034275,0.049165
AATTAAAGGTCGGCGT-1,0.006979,0.050184,0.22299,0.16291,0.375935,0.181003
AATTAACGGATTTCCA-1,0.019513,0.069722,0.277966,0.310976,0.038859,0.282964
AATTACGAGACCCATC-1,0.000015,0.023934,0.063679,0.284502,0.148967,0.478902
AATTACTCGTACGCTC-1,0.000043,0.006259,0.246191,0.008887,0.520756,0.217863
AATTAGCGCTGCAGCG-1,0.000016,0.053095,0.005725,0.465522,0.028674,0.446968
AATTATACCCAGCAAG-1,0.948016,0.046982,0.001823,0.003154,0.000006,0.000019
AATTCATAAGGGATCT-1,0.000037,0.564227,0.00012,0.055309,0.116618,0.263689
AATTCATTGTCATGCA-1,0.009342,0.061297,0.063377,0.175369,0.439954,0.25066
AATTCCAAGCATGTAC-1,0.001007,0.009087,0.062055,0.523032,0.064866,0.339952
AATTCGATTCGAGGAT-1,0.049063,0.053521,0.250979,0.241169,0.343797,0.061471
AATTCTAGAGTTAGGC-1,0.013552,0.009577,0.413945,0.058612,0.180988,0.323326
AATTGAACGCTCTGGT-1,0.006561,0.06228,0.221197,0.254775,0.222855,0.232331
AATTGCAGCAATCGAC-1,0.210512,0.173709,0.337059,0.236101,0.005726,0.036894
AATTGCGTGGATTACA-1,0.024805,0.541542,0.134129,0.113234,0.16985,0.01644
AATTGTGGTTGCCAAA-1,0.878027,0.006492,0.020374,0.038285,0.030149,0.026674
AATTTGGGACATAGTA-1,0.00005,0.087595,0.121492,0.007903,0.619904,0.163056
AATTTGGTTCCAAAGA-1,0.000043,0.538043,0.01038,0.012463,0.205896,0.233175
ACAAACCATGCGTCCT-1,0.016539,0.006135,0.084853,0.174191,0.297181,0.4211
ACAAACTCCATCAGAG-1,0.009992,0.989757,0.000031,0.000094,0.000031,0.000094
ACAAAGAAGGTAGGCC-1,0.007481,0.000016,0.0695,0.167575,0.26643,0.488998
ACAAAGCATGACCTAG-1,0.017664,0.035419,0.674152,0.160634,0.068169,0.043963
ACAAATCGCACCGAAT-1,0.000013,0.022091,0.426588,0.373075,0.023996,0.154237
ACAAATGGTAGTGTTT-1,0.007715,0.152016,0.423608,0.214721,0.105048,0.096892
ACAAATTCAGATCTGA-1,0.005165,0.057837,0.024893,0.009794,0.329704,0.572608
ACAACAGCATGAGCTA-1,0.003629,0.05679,0.295519,0.227853,0.227678,0.188531
ACAACGGTCCCTGCGA-1,0.000034,0.012714,0.1701,0.244717,0.274376,0.29806
ACAAGCAGTGCCTAGC-1,0.000021,0.012621,0.143997,0.218425,0.301708,0.323228
ACAAGCTATATGGAAG-1,0.000025,0.087462,0.225386,0.080639,0.408195,0.198292
ACAAGGAAATCCGCCC-1,0.000207,0.019868,0.104622,0.361649,0.092069,0.421586
ACAAGGACAAGAGGTT-1,0.000019,0.006615,0.028451,0.14377,0.343584,0.47756
ACAAGGATGCTTTAGG-1,0.002251,0.001259,0.513321,0.126856,0.300192,0.056121
ACAAGGCCTACCAGCC-1,0.000044,0.246373,0.073147,0.004353,0.561558,0.114525
ACAAGGGCAGGCTCTG-1,0.017308,0.071984,0.086372,0.321015,0.238298,0.265023
ACAATAGTCGTACGTT-1,0.000019,0.000019,0.000769,0.164233,0.13079,0.70417
ACAATCCATTTAAACC-1,0.00207,0.050674,0.085538,0.23934,0.179734,0.442645
ACAATGAATACGGAGA-1,0.002723,0.000011,0.011445,0.388151,0.031073,0.566597
ACAATGATTCTTCTAC-1,0.00891,0.130726,0.279034,0.128118,0.115487,0.337726
ACAATTGTGTCTCTTT-1,0.001533,0.045125,0.447632,0.300421,0.099701,0.105588
ACAATTTAGGAGGCTC-1,0.003435,0.004593,0.044559,0.259178,0.201425,0.48681
ACAATTTGAGCAGTGG-1,0.000055,0.097186,0.085542,0.359195,0.032236,0.425786
ACAATTTGGCCATATT-1,0.004795,0.03893,0.159329,0.256265,0.093459,0.447223
ACACAAAGACGGGTGG-1,0.000026,0.077175,0.029906,0.073834,0.408212,0.410846
ACACAAATATTCCTAG-1,0.000017,0.147789,0.000485,0.173623,0.035977,0.642109
ACACACCAGGACCAGT-1,0.009688,0.016816,0.199302,0.099814,0.401302,0.273078
ACACACTTTCTACACG-1,0.000026,0.026718,0.000026,0.143144,0.024861,0.805225
ACACATGATCAAATCT-1,0.000019,0.02068,0.122464,0.19619,0.431451,0.229197
ACACATTGACGCAACA-1,0.00938,0.08477,0.164178,0.044985,0.408898,0.287789
ACACATTTCCGTAGAC-1,0.564102,0.236523,0.163177,0.025829,0.000012,0.010357
ACACCACATAATTAGC-1,0.004596,0.058858,0.242598,0.126067,0.246959,0.320923
ACACCCAGCATGCAGC-1,0.016145,0.022758,0.25705,0.091671,0.33488,0.277497
ACACCCGAGAAATCCG-1,0.000015,0.064398,0.010686,0.179866,0.138126,0.60691
ACACCGAGCGCTCTTT-1,0.009053,0.045145,0.180271,0.017075,0.628759,0.119696
ACACCGGTCTGACCGC-1,0.005472,0.041877,0.185287,0.199677,0.390313,0.177374
ACACCTTAAGTAGGGC-1,0.010237,0.060352,0.10286,0.377784,0.035608,0.413158
ACACCTTACTACTTGC-1,0.000023,0.086799,0.206045,0.254167,0.087952,0.365015
ACACGAGACTCCTTCT-1,0.01647,0.057095,0.203864,0.280781,0.180874,0.260915
ACACGGCACTATGCAT-1,0.000038,0.220012,0.057679,0.015532,0.402678,0.304061
ACACGGGAACTTAGGG-1,0.000034,0.019218,0.011337,0.208717,0.22628,0.534415
ACACGTAGGCCACAAG-1,0.032179,0.018405,0.283812,0.210284,0.365844,0.089476
ACACTCCAATGTCACT-1,0.005444,0.052929,0.13104,0.009572,0.48146,0.319556
ACACTGATCAAGGTGT-1,0.004125,0.000016,0.031579,0.441097,0.007398,0.515785
ACACTGGGACAGTCGT-1,0.061153,0.093831,0.541214,0.109988,0.049966,0.143849
ACAGAACTGAGAACAA-1,0.010102,0.003939,0.154709,0.34724,0.06034,0.42367
ACAGATTAGGTTAGTG-1,0.000028,0.006372,0.01445,0.084171,0.060282,0.834697
ACAGCATAGAGCCAGT-1,0.000039,0.022426,0.04391,0.013425,0.558943,0.361257
ACAGCGACATTCTCAT-1,0.000023,0.007171,0.527538,0.144427,0.092609,0.228232
ACAGCGCACCCGCAGC-1,0.000023,0.086965,0.026577,0.112808,0.042858,0.73077
ACAGGCACGGATCCTT-1,0.991042,0.001283,0.00054,0.003516,0.000364,0.003253
ACAGGCTTGCCCGACT-1,0.000015,0.001132,0.095531,0.473478,0.066785,0.363059
ACAGGTGGAGGTGAGG-1,0.005437,0.027785,0.037471,0.299469,0.085629,0.544209
ACAGGTGTGTTGTTGC-1,0.009115,0.000016,0.016329,0.173085,0.108405,0.693049
ACAGTAATACAACTTG-1,0.024572,0.041593,0.062863,0.362365,0.138182,0.370426
ACAGTATACCGTGGGA-1,0.000017,0.048579,0.005105,0.9187,0.026622,0.000977
ACATAAGTCGTGGTGA-1,0.013209,0.049235,0.18687,0.462896,0.090113,0.197677
ACATAATAAGGCGGTG-1,0.00772,0.107956,0.116108,0.275615,0.010413,0.482188
ACATCAGCTGGGACGC-1,0.000021,0.044095,0.272511,0.242399,0.252922,0.188052
ACATCCCGGCCATACG-1,0.01323,0.041423,0.494102,0.069213,0.25297,0.129061
ACATCCTGGTAACTGT-1,0.002504,0.077801,0.149681,0.211552,0.057634,0.500829
ACATCGATCGTTTACC-1,0.013742,0.046545,0.336397,0.190533,0.099916,0.312866
ACATCGGTCAGCCGCG-1,0.003331,0.000018,0.011315,0.327231,0.034671,0.623433
ACATCGTATGCAATGG-1,0.007796,0.023603,0.076561,0.534479,0.031587,0.325975
ACATCGTTAACCTAGT-1,0.000149,0.022237,0.077535,0.327531,0.011079,0.561469
ACATCTCAACGCGTAA-1,0.002243,0.350348,0.276915,0.046993,0.316866,0.006636
ACATGCTTACGGCAGC-1,0.000058,0.999475,0.000058,0.000175,0.000058,0.000175
ACATGGCGCCAAAGTA-1,0.000441,0.068826,0.185856,0.235424,0.168602,0.340852
ACATGGCTCAATTTAG-1,0.000051,0.437207,0.190409,0.003797,0.225622,0.142914
ACATTAGTTTATATCC-1,0.015036,0.031296,0.076467,0.429541,0.186098,0.261562
ACATTCGCGCGGAATA-1,0.274852,0.717149,0.007834,0.000071,0.000024,0.000071
ACATTTGAAACCTAAC-1,0.880093,0.027748,0.009693,0.029108,0.025033,0.028325
ACCAAACACCCAGCGA-1,0.00001,0.06344,0.00001,0.128927,0.011377,0.796237
ACCAAACTAGAAATCC-1,0.000024,0.309379,0.003829,0.024325,0.447852,0.214592
ACCAACACCACACACT-1,0.006011,0.057871,0.023161,0.084287,0.093031,0.735638
ACCAACCGCACTCCAC-1,0.044248,0.204492,0.53708,0.107632,0.020655,0.085893
ACCAACGCTTATTTAT-1,0.015733,0.005397,0.278319,0.145478,0.080195,0.474879
ACCAAGAACGCGTGTC-1,0.006483,0.00002,0.30835,0.052554,0.246465,0.386128
ACCAAGTCATCGGCAG-1,0.927922,0.010448,0.017298,0.010245,0.01003,0.024056
ACCAATATGCAAGTTA-1,0.014847,0.038333,0.063348,0.690066,0.03865,0.154757
ACCACAACTCAGAACA-1,0.010859,0.221972,0.241866,0.118413,0.066204,0.340686
ACCACAAGTTTCTATC-1,0.000025,0.024596,0.021339,0.32255,0.194777,0.436712
ACCACACGGTTGATGG-1,0.773783,0.20461,0.018692,0.002877,0.000009,0.000028
ACCACCAATGTAACAA-1,0.000021,0.054153,0.136092,0.105872,0.467724,0.236137
ACCACCCTCTCTTCTA-1,0.005601,0.037468,0.218291,0.048727,0.299606,0.390307
ACCACGTGCAGCTATA-1,0.008831,0.010982,0.103706,0.610108,0.014832,0.251541
ACCACTGTTCAAGAAG-1,0.000072,0.136214,0.081637,0.003309,0.592121,0.186646
ACCAGACCATAACAAC-1,0.004348,0.056986,0.177596,0.050001,0.531475,0.179594
ACCAGCCCGGTCTTTG-1,0.000026,0.009389,0.000026,0.056394,0.415378,0.518787
ACCAGGAGTGTGATCT-1,0.000139,0.000139,0.197167,0.000418,0.390468,0.411668
ACCAGTGCCCGGTCAA-1,0.01659,0.126267,0.096417,0.007439,0.639671,0.113615
ACCAGTGCGGGAGACG-1,0.000028,0.067159,0.635877,0.035439,0.146392,0.115105
ACCATATCCGCAATAA-1,0.015219,0.028439,0.226187,0.079412,0.218566,0.432177
ACCATCCGCCAACTAG-1,0.007979,0.011322,0.076976,0.159932,0.268464,0.475327
ACCATCGTATATGGTA-1,0.012986,0.011855,0.312672,0.439897,0.048257,0.174333
ACCATTAAGGGTGTCA-1,0.0151,0.065587,0.267962,0.302587,0.075106,0.273658
ACCCAACGCCCGTGGC-1,0.000021,0.007862,0.439858,0.179255,0.119055,0.253949
ACCCACCTACATGCTC-1,0.011213,0.053005,0.334322,0.129904,0.09772,0.373836
ACCCATCTTGAGGGTA-1,0.012257,0.020366,0.049023,0.112919,0.341667,0.463767
ACCCATTTGTCCCTCT-1,0.027329,0.019687,0.219247,0.139086,0.4639,0.130751
ACCCGAGCGAAATTAC-1,0.004946,0.003451,0.110212,0.306358,0.206996,0.368036
ACCCGATTGGTTCCGA-1,0.003318,0.042717,0.649204,0.050254,0.198306,0.056201
ACCCGGAAACTCCCAG-1,0.024559,0.023789,0.315033,0.343099,0.074303,0.219217
ACCCGGAGCACCACAA-1,0.824627,0.004302,0.039897,0.041715,0.072384,0.017076
ACCCGGATGACGCATC-1,0.006279,0.086051,0.348213,0.150115,0.148294,0.261048
ACCCGGTTACACTTCC-1,0.000026,0.147456,0.019379,0.420543,0.048686,0.363909
ACCCGTAGCAGAGAAT-1,0.000106,0.999047,0.000106,0.000318,0.000106,0.000318
ACCCGTAGTCTAGTTG-1,0.959055,0.003093,0.005612,0.004147,0.011571,0.016521
ACCCGTGTCATCAGTA-1,0.01339,0.024373,0.059534,0.570449,0.0292,0.303055
ACCCTATAGGACTGAG-1,0.000038,0.204417,0.295989,0.156915,0.120787,0.221855
ACCCTATGCCATATCG-1,0.011858,0.012815,0.226847,0.307667,0.132567,0.308246
ACCCTCCCGTCAGGGC-1,0.825965,0.006939,0.003539,0.126365,0.000098,0.037093
ACCCTCCCTTGCTATT-1,0.00002,0.000851,0.124859,0.395808,0.027102,0.45136
ACCCTGGTAACGCCCT-1,0.000016,0.011241,0.01873,0.161018,0.028395,0.780599
ACCCTTCATCTGCGAA-1,0.000029,0.076828,0.002971,0.289033,0.117092,0.514047
ACCCTTGCCTGGGTCG-1,0.000023,0.072193,0.170781,0.120997,0.021455,0.61455
ACCCTTTAGTTCTCCA-1,0.000023,0.004915,0.012393,0.167497,0.113704,0.701467
ACCGAAAGGGCCCTGC-1,0.000028,0.042164,0.038361,0.084244,0.309698,0.525504
ACCGAAGAGTCTGGTT-1,0.0395,0.116198,0.120259,0.505015,0.154199,0.064829
ACCGACACATCTCCCA-1,0.005161,0.009075,0.29337,0.4837,0.023059,0.185635
ACCGACTGAGTCCCAC-1,0.003338,0.032201,0.315441,0.100428,0.104686,0.443905
ACCGAGTCTCCTTATT-1,0.555928,0.156593,0.218896,0.052155,0.007359,0.00907
ACCGATAGGCATAACC-1,0.361022,0.063072,0.366454,0.082384,0.072345,0.054723
ACCGATATTTAATCAT-1,0.029651,0.068402,0.282276,0.156031,0.225455,0.238185
ACCGATGGTAGCATCG-1,0.001882,0.014864,0.005952,0.371994,0.008891,0.596417
ACCGCAATAACTGCCT-1,0.003048,0.046786,0.359092,0.280338,0.149129,0.161606
ACCGCGGTGGAAGTCG-1,0.000016,0.000399,0.020444,0.309156,0.085777,0.584208
ACCGCTAGTCATTGGT-1,0.031064,0.915698,0.006864,0.008891,0.021229,0.016253
ACCGGGCCTTTGTTGA-1,0.002423,0.155352,0.202045,0.143495,0.241656,0.255029
ACCGGTCAGGTACACC-1,0.000025,0.016618,0.220006,0.245512,0.197744,0.320094
ACCGGTCTGAGTACGG-1,0.000051,0.066824,0.043789,0.062845,0.49819,0.328301
ACCGTCCACTGGGCCC-1,0.001903,0.100415,0.095892,0.155715,0.403392,0.242683
ACCGTGACCACGTGGG-1,0.008632,0.001337,0.342763,0.196028,0.066244,0.384995
ACCGTTCCCGCTCTGA-1,0.004963,0.00789,0.004952,0.27819,0.135295,0.56871
ACCTAAGTACCTTTCA-1,0.00067,0.002458,0.025533,0.343933,0.077513,0.549895
ACCTAATCGACTTCCT-1,0.00004,0.00004,0.120672,0.184052,0.533785,0.16141
ACCTACAGTATGTGGT-1,0.006293,0.083939,0.224148,0.22444,0.212485,0.248695
ACCTACTATAAATCTA-1,0.010811,0.036787,0.503738,0.19406,0.061847,0.192757
ACCTCCGCCCTCGCTG-1,0.00158,0.000023,0.034618,0.450537,0.042991,0.470252
ACCTCCGTTATTCACC-1,0.00002,0.091646,0.002009,0.202006,0.05229,0.652029
ACCTCGAACTTATGCT-1,0.004736,0.003997,0.215092,0.156505,0.323431,0.296237
ACCTGCGTGTCATGTT-1,0.027061,0.241341,0.024758,0.573786,0.05024,0.082814
ACGAAATGGGCGGCAC-1,0.015976,0.010668,0.145261,0.260948,0.072738,0.494408
ACGACTCTAGGGCCGA-1,0.941101,0.002242,0.009117,0.02451,0.009389,0.013641
ACGACTGGTCATACTC-1,0.020409,0.000172,0.027889,0.156562,0.198465,0.596503
ACGAGAACCCATCACG-1,0.000032,0.079692,0.084371,0.122717,0.55308,0.160109
ACGAGATATTTGCTTA-1,0.00003,0.051081,0.307524,0.322252,0.108847,0.210266
ACGAGGATACCACTCT-1,0.000872,0.000822,0.103769,0.319735,0.217215,0.357586
ACGAGGTTTACAACGT-1,0.086649,0.380461,0.01293,0.444768,0.058461,0.016731
ACGAGTACGGATGCCC-1,0.004869,0.073305,0.04758,0.139984,0.041391,0.692871
ACGAGTCGCCGGCGTT-1,0.000118,0.250699,0.079324,0.014494,0.51329,0.142075
ACGATACATAGAACTA-1,0.001421,0.126525,0.074296,0.188683,0.038045,0.57103
ACGATACCTATCCTGA-1,0.000022,0.044675,0.092264,0.264564,0.286604,0.311871
ACGATCATACATAGAG-1,0.000029,0.015107,0.102312,0.229133,0.303936,0.349482
ACGATCATCTTGTAAA-1,0.002081,0.134479,0.25221,0.104995,0.250443,0.255792
ACGATGCATATGTTAT-1,0.010533,0.047148,0.14637,0.336815,0.124401,0.334732
ACGATGGATCCGATGC-1,0.000025,0.001694,0.114205,0.094392,0.170133,0.619551
ACGCAAACTAATAGAT-1,0.011704,0.002094,0.050737,0.289305,0.097522,0.548638
ACGCAATCACTACAGC-1,0.000045,0.04174,0.09499,0.056315,0.572583,0.234326
ACGCATAAATGACATG-1,0.000032,0.117443,0.070485,0.023125,0.4057,0.383215
ACGCATACGTTTACTA-1,0.008502,0.012369,0.602837,0.06401,0.16521,0.147072
ACGCATTCGTGAGTAC-1,0.000029,0.125148,0.079409,0.222755,0.020945,0.551713
ACGCCACTCGAAACAG-1,0.637611,0.226533,0.054642,0.051031,0.002158,0.028024
ACGCCAGATGATTTCT-1,0.003637,0.010529,0.002199,0.438305,0.019424,0.525906
ACGCCAGTGCGTTTGC-1,0.737067,0.011315,0.008694,0.229762,0.004365,0.008798
ACGCCCAGCTGTCGAT-1,0.000077,0.187838,0.020928,0.009987,0.680647,0.100523
ACGCCGCTAGACGACC-1,0.009004,0.117277,0.097719,0.277534,0.244961,0.253504
ACGCGAAGTCAGACGA-1,0.002775,0.010043,0.035204,0.295179,0.059068,0.597731
ACGCGCTACACAGGGT-1,0.000042,0.000531,0.378846,0.099772,0.252504,0.268305
ACGCGGGCCAAGGACA-1,0.000018,0.045909,0.010999,0.380322,0.012763,0.54999
ACGCGTTTCTTAAGAG-1,0.000021,0.02453,0.028025,0.09142,0.360764,0.495239
ACGCTACTGAATGGGC-1,0.93336,0.04351,0.000015,0.008851,0.000637,0.013625
ACGCTAGTGATACACT-1,0.000035,0.228755,0.204534,0.083771,0.330805,0.152099
ACGCTGTGAGGCGTAG-1,0.017865,0.03166,0.071338,0.423893,0.120103,0.335141
ACGCTTAGTGTCTCTC-1,0.000035,0.023223,0.061377,0.089417,0.386133,0.439815
ACGGAACACGAGTGCC-1,0.638947,0.350182,0.000354,0.010466,0.000013,0.000038
ACGGAATTTAGCAAAT-1,0.007846,0.025873,0.070164,0.229271,0.130429,0.536417
ACGGACGCAGCGACAA-1,0.000088,0.999212,0.000088,0.000263,0.000088,0.000263
ACGGACTCTCAAAGCG-1,0.004841,0.003566,0.194958,0.438437,0.046496,0.311702
ACGGAGCGCAAATTAC-1,0.000295,0.063814,0.000012,0.25265,0.004632,0.678598
ACGGATGGTGCGGATA-1,0.009128,0.001655,0.11256,0.401261,0.032687,0.442709
ACGGCACTTGCTTGGG-1,0.013148,0.000044,0.227489,0.266271,0.072208,0.420839
ACGGCCAACATGGACT-1,0.001548,0.002159,0.226799,0.43185,0.067302,0.270342
ACGGCGACGATGGGAA-1,0.005288,0.071999,0.434303,0.36607,0.039252,0.083089
ACGGCGGGTTGCCCTG-1,0.000025,0.013853,0.069912,0.030379,0.590175,0.295656
ACGGCTGGATGTAGAA-1,0.008493,0.04651,0.315312,0.075602,0.369362,0.184721
ACGGGAGTGTCGGCCC-1,0.00239,0.000018,0.051754,0.275175,0.212491,0.458172
ACGGGCGTATGCGACA-1,0.000029,0.109412,0.200636,0.015747,0.451174,0.223001
ACGGGTCATGTGACTT-1,0.006381,0.018259,0.166355,0.113934,0.254204,0.440867
ACGGGTTGTGACCTGT-1,0.000148,0.960031,0.000148,0.000445,0.038784,0.000445
ACGGTACAGTTCAATG-1,0.960032,0.006802,0.001827,0.008716,0.002631,0.019992
ACGGTCACCGAGAACA-1,0.068748,0.661664,0.026251,0.083393,0.055298,0.104646
ACGTACAGATTTCTCT-1,0.000033,0.011276,0.116593,0.171424,0.078292,0.622383
ACGTACTTTGGCACGG-1,0.05579,0.073618,0.124625,0.559587,0.155979,0.0304
ACGTAGATTGCTGATG-1,0.000031,0.000031,0.526694,0.068411,0.131856,0.272976
ACGTAGGAGAGTCGCT-1,0.173286,0.02922,0.366705,0.305843,0.003323,0.121624
ACGTATTACTCCGATC-1,0.002245,0.093825,0.092086,0.401604,0.086411,0.323829
ACGTCGGGCAACTCGG-1,0.077338,0.921123,0.001345,0.000083,0.000028,0.000083
ACGTCTCGTTCCGGGA-1,0.000019,0.002063,0.078144,0.107971,0.157717,0.654085
ACGTGACAAAGTAAGT-1,0.009426,0.000424,0.150364,0.2031,0.05811,0.578576
ACGTGCGCCTCGTGCA-1,0.000018,0.021278,0.000056,0.90258,0.073365,0.002702
ACGTTAATGTCGAAGA-1,0.004837,0.000022,0.048613,0.256837,0.038033,0.651659
ACGTTAGATTTGCCCG-1,0.00003,0.00003,0.096848,0.204044,0.335687,0.363362
ACGTTATTGGTCACTC-1,0.000028,0.000028,0.010806,0.19217,0.241636,0.555332
ACGTTCACTATGCCGC-1,0.322816,0.672594,0.001498,0.003031,0.000015,0.000046
ACGTTCCGCGCTCCGT-1,0.000031,0.22054,0.002085,0.040699,0.161659,0.574985
ACGTTCGCAATCAATT-1,0.007504,0.032957,0.009711,0.176759,0.251048,0.522022
ACGTTCGTTCAGGAAA-1,0.000013,0.000013,0.017179,0.381209,0.044512,0.557074
ACGTTCTGTACAAGTC-1,0.007375,0.005201,0.01192,0.482146,0.005834,0.487523
ACGTTGTCGTTGAAAG-1,0.0007,0.993705,0.000699,0.002098,0.000699,0.002098
ACGTTTAGTTGTGATC-1,0.004114,0.000042,0.024585,0.153066,0.323048,0.495145
ACTAAGGACGCACACC-1,0.000039,0.311614,0.016686,0.023872,0.587662,0.060127
ACTAATACGTCAGGCG-1,0.002138,0.065932,0.23106,0.065079,0.102025,0.533767
ACTACAAAGAGAGGTG-1,0.033949,0.075469,0.293041,0.310855,0.143643,0.143044
ACTACATCCCGACAAG-1,0.01227,0.000513,0.155056,0.140669,0.400281,0.291211
ACTACCAGCTCTCTGG-1,0.000026,0.000026,0.004411,0.212363,0.046099,0.737075
ACTACCATCCGAGGGC-1,0.000114,0.935751,0.000114,0.000343,0.063335,0.000343
ACTACGCGTTAGAATT-1,0.031651,0.052335,0.496092,0.246321,0.04093,0.132671
ACTAGTTGCGATCGTC-1,0.00002,0.000917,0.031042,0.584075,0.094371,0.289574
ACTATATGCTGTGTTC-1,0.002248,0.136446,0.071493,0.254907,0.421748,0.113159
ACTATCCAGGGCATGG-1,0.002274,0.059489,0.019204,0.339712,0.051016,0.528304
ACTATCGCCGGCTAAA-1,0.000023,0.06404,0.299213,0.089776,0.340455,0.206492
ACTATCTGCCCGCGTA-1,0.005719,0.018373,0.179375,0.282994,0.253474,0.260066
ACTATGTCCAGCTGCC-1,0.008526,0.006094,0.459798,0.060963,0.310745,0.153873
ACTATTCGTCCGTGGT-1,0.000029,0.060325,0.012992,0.098974,0.122255,0.705425
ACTATTTCCGGGCCCA-1,0.012662,0.000642,0.202711,0.39842,0.056023,0.329542
ACTCAACGAATGTATT-1,0.00281,0.059592,0.091507,0.24343,0.201689,0.400971
ACTCAAGTGCAAGGCT-1,0.000012,0.000012,0.006984,0.906722,0.003147,0.083123
ACTCAATAAAGGCACG-1,0.000025,0.012171,0.036891,0.0924,0.241478,0.617034
ACTCAGACCTGCTTCT-1,0.000027,0.048144,0.010474,0.270513,0.050108,0.620734
ACTCATGGCAGCCTTC-1,0.019045,0.076398,0.256368,0.137285,0.190006,0.320899
ACTCCAATATCATCAT-1,0.000018,0.000018,0.285867,0.116566,0.310651,0.28688
ACTCCCATTCCTAAAG-1,0.008964,0.00023,0.144856,0.209754,0.145293,0.490903
ACTCCCGAATTCGTTT-1,0.002694,0.109532,0.25994,0.142708,0.051987,0.43314
ACTCCCGTAGACTAGG-1,0.006169,0.086243,0.290627,0.219,0.070712,0.327249
ACTCCCTAATGCTAAA-1,0.002891,0.000009,0.004401,0.678199,0.017336,0.297163
ACTCCCTAGAATAGTA-1,0.011182,0.095477,0.079522,0.566096,0.033021,0.214703
ACTCCGGCCGACCACT-1,0.832379,0.048849,0.102755,0.013162,0.001574,0.00128
ACTCGATGTATTTCAT-1,0.000033,0.057418,0.234514,0.059335,0.496464,0.152236
ACTCGCCGTTCGATAA-1,0.768503,0.065843,0.031916,0.051317,0.044949,0.037473
ACTCGCGATCTGACGC-1,0.026816,0.38154,0.51559,0.039897,0.006662,0.029495
ACTCGTAACCCGTCCT-1,0.021352,0.00263,0.129201,0.596968,0.076261,0.173588
ACTCGTCAGTAATCCC-1,0.000015,0.000015,0.01603,0.689215,0.013781,0.280944
ACTCTAAACCTGGGAT-1,0.012708,0.063325,0.272732,0.078127,0.425803,0.147305
ACTCTCTGACTTAGGT-1,0.000038,0.098147,0.16892,0.263787,0.109786,0.359322
ACTCTCTTATACACGA-1,0.003521,0.083839,0.042371,0.344354,0.153287,0.372629
ACTCTGACCTAATAGA-1,0.928653,0.006449,0.012892,0.007194,0.029455,0.015357
ACTCTTCAGCTCCCGC-1,0.011886,0.627412,0.179942,0.067937,0.09236,0.020465
ACTCTTGTATAGTAAC-1,0.000043,0.078675,0.047713,0.304583,0.186935,0.382051
ACTGAAACGCCGTTAG-1,0.021838,0.002599,0.042264,0.897923,0.008379,0.026998
ACTGAATGGCGAAAGT-1,0.009679,0.031278,0.067108,0.394379,0.041842,0.455714
ACTGATTTAGTGATTC-1,0.000028,0.026217,0.085402,0.130992,0.179138,0.578222
ACTGCCCGCCATTCTC-1,0.008899,0.018351,0.254908,0.22209,0.26124,0.234512
ACTGCCGTCGTAACTC-1,0.000039,0.303093,0.079744,0.103972,0.201976,0.311176
ACTGCGGACACACCGT-1,0.000013,0.013268,0.000013,0.267849,0.001088,0.71777
ACTGCTCGGAAGGATG-1,0.007247,0.038922,0.040447,0.188863,0.219104,0.505417
ACTGGCGAACCTGCGT-1,0.00002,0.159608,0.00002,0.840271,0.00002,0.00006
ACTGGGATGCCAGTGC-1,0.443592,0.349879,0.083243,0.115385,0.000671,0.007229
ACTGTACGATACACAT-1,0.004399,0.021881,0.049432,0.313961,0.137144,0.473183
ACTGTAGCACTTTGGA-1,0.000023,0.047667,0.010703,0.18445,0.052618,0.70454
ACTGTATACGCGAGCA-1,0.00591,0.081102,0.186297,0.110794,0.143434,0.472464
ACTGTCCAGGATTATA-1,0.009606,0.005332,0.191535,0.529003,0.009397,0.255128
ACTGTCTTCTTTAGAA-1,0.000031,0.06075,0.298688,0.040508,0.217698,0.382325
ACTGTGCTAGTAGATC-1,0.00004,0.00004,0.013012,0.314822,0.166841,0.505244
ACTGTTTAGTGTAGGC-1,0.000093,0.000093,0.120688,0.00028,0.658287,0.220558
ACTTACCGGGCGCGCA-1,0.008999,0.222175,0.355827,0.042297,0.256027,0.114676
ACTTACGCATCCACGC-1,0.003961,0.002548,0.2857,0.540556,0.004054,0.163181
ACTTAGTACGACAAGA-1,0.000046,0.00941,0.042879,0.358852,0.254386,0.334427
ACTTATACTTACCCGG-1,0.003603,0.029472,0.032721,0.404638,0.065459,0.464108
ACTTATTAGGATCGGT-1,0.020846,0.028165,0.062593,0.245555,0.104596,0.538245
