Barcode,Topic 1,Topic 2to4,Topic 5to6
AAACAAGTATCTCCCA-1,0.432712,0.021339,0.545949
AAACAATCTACTAGCA-1,0.003264,0.169869,0.826866
AAACACCAATAACTGC-1,0.031275,0.502872,0.465853
AAACAGAGCGACTCCT-1,0.061395,0.20845,0.730155
AAACAGCTTTCAGAAG-1,0.184694,0.052141,0.763166
AAACAGGGTCTATATT-1,0.006479,0.439866,0.553655
AAACATGGTGAGAGGA-1,0.037182,0.634543,0.328274
AAACATTTCCCGGATT-1,0.062307,0.522815,0.414877
AAACCCGAACGAAATC-1,0.287964,0.546341,0.165695
AAACCGGAAATGTTAA-1,0.554355,0.107562,0.338083
AAACCGGGTAGGTACC-1,0.015292,0.759005,0.225702
AAACCGTTCGTCCAGG-1,0.000081,0.31182,0.688098
AAACCTAAGCAGCCGG-1,0.685124,0.007808,0.307068
AAACCTCATGAAGTTG-1,0.047588,0.594382,0.35803
AAACGAAGAACATACC-1,0.058204,0.214124,0.727672
AAACGAAGATGGAGTA-1,0.004456,0.549257,0.446286
AAACGAGACGGTTGAT-1,0.030235,0.966082,0.003684
AAACGCCCGAGATCGG-1,0.120977,0.223533,0.65549
AAACGCTGGGCACGAC-1,0.006906,0.881036,0.112058
AAACGGGCGTACGGGT-1,0.055784,0.375462,0.568754
AAACGGTTGCGAACTG-1,0.296752,0.408143,0.295104
AAACGTGTTCGCCCTA-1,0.186513,0.701163,0.112325
AAACTAACGTGGCGAC-1,0.202227,0.608157,0.189617
AAACTCGGTTCGCAAT-1,0.000324,0.486403,0.513273
AAACTCGTGATATAAG-1,0.153409,0.393106,0.453485
AAACTGCTGGCTCCAA-1,0.033032,0.680384,0.286584
AAACTTAATTGCACGC-1,0.000046,0.51388,0.486073
AAACTTGCAAACGTAT-1,0.008903,0.452946,0.538151
AAAGAATGACCTTAGA-1,0.364849,0.086767,0.548384
AAAGAATGTGGACTAA-1,0.100866,0.756732,0.142402
AAAGACCCAAGTCGCG-1,0.037573,0.297698,0.66473
AAAGACTGGGCGCTTT-1,0.001471,0.047149,0.951381
AAAGCTTGCCTACATA-1,0.012041,0.682528,0.305431
AAAGGCCCTATAATAC-1,0.06344,0.359781,0.576779
AAAGGCTACGGACCAT-1,0.020019,0.435664,0.544317
AAAGGCTCTCGCGCCG-1,0.036235,0.565244,0.398521
AAAGGGATGTAGCAAG-1,0.064813,0.466347,0.46884
AAAGGGCAGCTTGAAT-1,0.796851,0.000181,0.202968
AAAGGTAAGCTGTACC-1,0.306291,0.515181,0.178528
AAAGTAGCATTGCTCA-1,0.095896,0.53145,0.372654
AAAGTCACTGATGTAA-1,0.060981,0.333694,0.605325
AAAGTCGACCCTCAGT-1,0.056462,0.090882,0.852656
AAAGTGCCATCAATTA-1,0.049918,0.572536,0.377546
AAAGTGTGATTTATCT-1,0.053442,0.796261,0.150297
AAAGTTGACTCCCGTA-1,0.058024,0.775172,0.166803
AAATAACCATACGGGA-1,0.099194,0.583489,0.317317
AAATAAGGTAGTGCCC-1,0.126856,0.709998,0.163147
AAATACCTATAAGCAT-1,0.003006,0.730652,0.266342
AAATAGCTTAGACTTT-1,0.026888,0.933361,0.039752
AAATAGGGTGCTATTG-1,0.131914,0.832004,0.036082
AAATCCGATACACGCC-1,0.250627,0.406358,0.343015
AAATCGCGGAAGGAGT-1,0.050492,0.190575,0.758933
AAATCGTGTACCACAA-1,0.030938,0.394704,0.574357
AAATCTAGCCCTGCTA-1,0.291907,0.313761,0.394332
AAATCTGCCCGCGTCC-1,0.00005,0.359752,0.640198
AAATGATTCGATCAGC-1,0.094705,0.482995,0.4223
AAATGCTCGTTACGTT-1,0.117832,0.573097,0.309071
AAATGGCATGTCTTGT-1,0.892194,0.000332,0.107474
AAATGGCCCGTGCCCT-1,0.419157,0.019708,0.561135
AAATGGTCAATGTGCC-1,0.107659,0.31303,0.579311
AAATGTATCTTATCCC-1,0.366356,0.54097,0.092674
AAATTAACGGGTAGCT-1,0.411359,0.456691,0.13195
AAATTAATAAGCGCGA-1,0.648224,0.07696,0.274816
AAATTACACGACTCTG-1,0.057417,0.252344,0.690239
AAATTACCTATCGATG-1,0.143118,0.529973,0.32691
AAATTCCAGGTCCAAA-1,0.112182,0.416901,0.470917
AAATTGATAGTCCTTT-1,0.031742,0.354342,0.613916
AAATTGCGGCGGTTCT-1,0.006441,0.043234,0.950325
AAATTGGTGAGAAGCA-1,0.045049,0.831702,0.12325
AAATTTACCGAAATCC-1,0.108098,0.637747,0.254155
AAATTTGCGGGTGTGG-1,0.003887,0.286898,0.709215
AACAACTGGTAGTTGC-1,0.172361,0.204383,0.623256
AACAATACATTGTCGA-1,0.040275,0.486708,0.473018
AACAATTACTCTACGC-1,0.000098,0.085444,0.914458
AACACACGCTCGCCGC-1,0.644266,0.164629,0.191106
AACACGACTGTACTGA-1,0.081144,0.563159,0.355696
AACACGAGACGCGGCC-1,0.000048,0.311608,0.688345
AACACGCGGCCGCGAA-1,0.000058,0.154489,0.845453
AACAGCTGTGTGGCAA-1,0.014118,0.550686,0.435196
AACAGGAAATCGAATA-1,0.032527,0.321471,0.646002
AACAGGATGGGCCGCG-1,0.139078,0.328233,0.532689
AACAGGTAGTATGGAT-1,0.311354,0.268274,0.420372
AACATATCAACTGGTG-1,0.000062,0.474917,0.525021
AACATCGATACGTCTA-1,0.386951,0.088653,0.524396
AACATTGAAGTTGATC-1,0.040481,0.880973,0.078546
AACATTGTGACTCGAG-1,0.034632,0.689737,0.275631
AACCAAGACTTCTCTG-1,0.000076,0.084478,0.915446
AACCAGTATCACTCTT-1,0.12916,0.59489,0.275949
AACCATAGGGTTGAAC-1,0.000058,0.387822,0.612119
AACCATGGGATCGCTA-1,0.000091,0.029926,0.969983
AACCCAGAGACGGAGA-1,0.000076,0.073646,0.926278
AACCCATCCCATGATC-1,0.009178,0.749799,0.241023
AACCCGACAACCCGTG-1,0.169893,0.376071,0.454036
AACCCGAGCAGAATCG-1,0.011749,0.654071,0.334179
AACCCGATAGGGCTTC-1,0.142052,0.852838,0.005111
AACCCTACTGTCAATA-1,0.123162,0.503389,0.373449
AACCCTGGTGGAACCA-1,0.046369,0.241963,0.711668
AACCGAGCTTGGTCAT-1,0.014959,0.858824,0.126217
AACCGCTAAGGGATGC-1,0.014405,0.581426,0.404169
AACCGTTGTGTTTGCT-1,0.000083,0.624921,0.374997
AACCTCGCTTTAGCCC-1,0.760481,0.007504,0.232015
AACCTGTCACGGAATT-1,0.022534,0.945929,0.031537
AACCTTTAAATACGGT-1,0.000073,0.406335,0.593592
AACCTTTACGACGTCT-1,0.003254,0.514866,0.48188
AACGAAAGTCGTCCCA-1,0.000031,0.811048,0.188921
AACGACCTCCTAGCCG-1,0.046887,0.337832,0.615281
AACGATAATGCCGTAG-1,0.000083,0.54968,0.450238
AACGATAGAAGGGCCG-1,0.000503,0.759842,0.239654
AACGATATGTCAACTG-1,0.000487,0.526558,0.472955
AACGCATGATCTGGGT-1,0.016187,0.521293,0.46252
AACGCGAACGGCAACA-1,0.159426,0.044354,0.796219
AACGCGACCTTGGGCG-1,0.008428,0.991532,0.00004
AACGCGGTCTCCAGCC-1,0.197048,0.771678,0.031274
AACGCTGTTGCTGAAA-1,0.056728,0.836648,0.106624
AACGGACGTACGTATA-1,0.294215,0.214637,0.491148
AACGGCCATCTCCGGT-1,0.447649,0.184901,0.36745
AACGTACTGTGGGTAC-1,0.003394,0.973242,0.023363
AACGTCAGACTAGTGG-1,0.000101,0.159905,0.839994
AACGTCGCTGCACTTC-1,0.078746,0.658893,0.262361
AACGTGATGAAGGACA-1,0.138995,0.453304,0.407701
AACGTGCGAAAGTCTC-1,0.014492,0.63225,0.353258
AACGTTATCAGCACCT-1,0.013867,0.017838,0.968295
AACTACCCGTTTGTCA-1,0.662139,0.100623,0.237238
AACTAGCGTATCGCAC-1,0.002285,0.410526,0.587189
AACTAGGCTTGGGTGT-1,0.018488,0.763904,0.217608
AACTCAAGTTAATTGC-1,0.03245,0.284298,0.683252
AACTCCAGAGCGTGTT-1,0.259425,0.6438,0.096774
AACTCCTAATCCCATG-1,0.067264,0.771274,0.161462
AACTCGATAAACACGT-1,0.896781,0.000294,0.102925
AACTCGATGGCGCAGT-1,0.000047,0.574611,0.425342
AACTCTCAATAGAGCG-1,0.002231,0.629652,0.368117
AACTCTCAGTGTGCTC-1,0.048546,0.539665,0.411788
AACTGAGGTCAGCGTC-1,0.395939,0.110925,0.493136
AACTGAGTTATACTGA-1,0.996858,0.001885,0.001257
AACTGATATTAGGCCT-1,0.10852,0.745288,0.146191
AACTGGGTCCCGACGT-1,0.031456,0.942082,0.026462
AACTGGTGTGGGCCTT-1,0.003313,0.371221,0.625466
AACTTCTGCGTCTATC-1,0.006141,0.016372,0.977487
AACTTGCCCGTATGCA-1,0.000122,0.039694,0.960184
AACTTGCGTTCTCGCG-1,0.000065,0.238721,0.761215
AACTTTACGGGAGCTT-1,0.188618,0.211324,0.600058
AACTTTAGCTGCTGAG-1,0.002324,0.223927,0.773749
AACTTTCTCGATCATG-1,0.014113,0.749036,0.236851
AAGAAATCACCAGATT-1,0.003018,0.51946,0.477521
AAGAAGGATCAGTTAG-1,0.000043,0.614492,0.385466
AAGACATACGTGGTTT-1,0.000042,0.749679,0.250279
AAGACCAAATAACTCA-1,0.037976,0.227502,0.734523
AAGACCCAACTGAACA-1,0.287693,0.299652,0.412655
AAGACTAACCCGTTGT-1,0.015537,0.547212,0.437251
AAGACTGCAAGCTACT-1,0.123381,0.756081,0.120537
AAGAGATGAATCGGTA-1,0.02654,0.219679,0.753781
AAGAGCTCTTTATCGG-1,0.000058,0.93893,0.061013
AAGAGGATGTACGCGA-1,0.000058,0.659826,0.340116
AAGAGGCATGGATCGC-1,0.002566,0.749603,0.247831
AAGAGGCCCTTTGGAA-1,0.002478,0.87577,0.121752
AAGATGGCACCGGACC-1,0.108417,0.522535,0.369048
AAGATTGGCGGAACGT-1,0.058563,0.860515,0.080922
AAGCACCCTGCGTATC-1,0.004407,0.603222,0.392371
AAGCATACTCTCCTGA-1,0.00061,0.57178,0.42761
AAGCCGAAGCGGTTTA-1,0.599712,0.149852,0.250436
AAGCCGCCGTGAAATC-1,0.006085,0.441557,0.552359
AAGCCGCTTTACCTTG-1,0.000916,0.722958,0.276126
AAGCCGGAGAGCAGGA-1,0.200971,0.37967,0.41936
AAGCGCAGGGCTTTGA-1,0.202589,0.543179,0.254232
AAGCGGAGTGCGCGCA-1,0.004073,0.785376,0.210551
AAGCGGCGTCATGGGT-1,0.189644,0.588622,0.221734
AAGCGTCCCTCATCGA-1,0.026763,0.70172,0.271517
AAGCTAGATCGAGTAA-1,0.000548,0.651377,0.348075
AAGCTCGTGCCAAGTC-1,0.040624,0.703121,0.256255
AAGCTCTTTCATGGTG-1,0.659439,0.081442,0.259119
AAGGAGCGGTTGGTGC-1,0.036,0.520931,0.44307
AAGGATCGATCGCTTG-1,0.380736,0.208318,0.410946
AAGGATGAGGGACCTC-1,0.014921,0.891194,0.093885
AAGGCAGGCTGTCTCC-1,0.153721,0.633209,0.21307
AAGGCGCGTAAAGCTT-1,0.000063,0.073135,0.926802
AAGGCTGTGCTCATCG-1,0.079007,0.585384,0.335609
AAGGGAACGACTGGCT-1,0.000044,0.482251,0.517705
AAGGGACAGATTCTGT-1,0.043811,0.956148,0.00004
AAGGGACTATGCATTC-1,0.000081,0.761564,0.238355
AAGGGTTTGATTTCAG-1,0.015084,0.361912,0.623005
AAGGTATCCTAATATA-1,0.000055,0.784745,0.2152
AAGGTGATAAACCAGC-1,0.024093,0.889591,0.086315
AAGTAGAAGACCGGGT-1,0.114242,0.692702,0.193055
AAGTAGTGACGCGAGG-1,0.000091,0.442231,0.557678
AAGTCAATTGTCGTCA-1,0.025826,0.965832,0.008342
AAGTCTAGTAGCTGCC-1,0.021981,0.684696,0.293323
AAGTCTTCTGTGGCCT-1,0.153329,0.418652,0.428019
AAGTGACGACCGAATT-1,0.000059,0.26054,0.739401
AAGTGAGTCGGGTTTA-1,0.081655,0.822563,0.095782
AAGTGCAAAGGTAGAC-1,0.134818,0.05763,0.807552
AAGTGCCTTGACTGTA-1,0.122261,0.534865,0.342874
AAGTGCGTTAGAATCT-1,0.019687,0.525739,0.454574
AAGTGCTTCTCTATTG-1,0.221797,0.540057,0.238146
AAGTGTTTGGAGACGG-1,0.107594,0.73915,0.153257
AAGTTCACTCCAAGCT-1,0.316862,0.597033,0.086105
AAGTTCAGTCTGCGTA-1,0.100612,0.220475,0.678913
AAGTTCGGCCAACAGG-1,0.004117,0.597421,0.398462
AAGTTGTGATGTTATA-1,0.006955,0.79599,0.197055
AAGTTTACTAATGGCA-1,0.002766,0.498028,0.499206
AAGTTTATGGGCCCAA-1,0.111459,0.255594,0.632947
AATAACAACGCTCGGC-1,0.027148,0.364866,0.607986
AATAACACTAGAACAA-1,0.002596,0.72141,0.275994
AATAAGTCCTCGAGAC-1,0.086163,0.288899,0.624938
AATAATCTTCGTATCG-1,0.997929,0.001243,0.000828
AATACAATGTTTCAGG-1,0.075965,0.272655,0.65138
AATACCGGAGGGCTGT-1,0.055718,0.944247,0.000035
AATAGAACAGAGTGGC-1,0.279316,0.507285,0.213399
AATAGAATCTGTTTCA-1,0.033754,0.904542,0.061704
AATAGCAAGCCTCCTG-1,0.269633,0.362153,0.368214
AATAGCTACCGCGTGC-1,0.064686,0.316519,0.618795
AATAGTCCGTCCCGAC-1,0.007081,0.69631,0.296609
AATAGTCGCGAGTCGG-1,0.176108,0.000301,0.823591
AATATCAAGGTCGGAT-1,0.011199,0.152946,0.835855
AATATCCTAGCAAACT-1,0.520125,0.048848,0.431027
AATATCGAATCAATGC-1,0.687272,0.001092,0.311636
AATATCGAGGGTTCTC-1,0.00997,0.544788,0.445242
AATATTGGAGTATTGA-1,0.085619,0.03972,0.874661
AATCAGACTGCAGGAC-1,0.000043,0.71565,0.284308
AATCAGGTTTCATTTA-1,0.025605,0.236753,0.737642
AATCATGTAAAGACTC-1,0.018537,0.45703,0.524434
AATCCAAGGGCCTGAG-1,0.039318,0.730937,0.229745
AATCCATGCAAGGGTG-1,0.000039,0.38761,0.612351
AATCGCCTCAGCGCCA-1,0.011922,0.631452,0.356626
AATCGCGCAGAGGACT-1,0.260077,0.623256,0.116668
AATCGGGACACTACGA-1,0.047763,0.292347,0.659891
AATCGGTATAGCCCTC-1,0.134298,0.649428,0.216275
AATCGTGAGCCGAGCA-1,0.602076,0.175439,0.222485
AATCTAGGTTTACTTG-1,0.015984,0.491546,0.49247
AATCTATGCCGGAGCC-1,0.055878,0.222031,0.722091
AATCTCTACTGTGGTT-1,0.12938,0.025012,0.845607
AATCTGCGTTGGGACG-1,0.005433,0.482886,0.511681
AATCTGGCTTTCTAGT-1,0.000087,0.120169,0.879744
AATCTGGGTAGACCCT-1,0.081603,0.655349,0.263048
AATGACAGCAATGTCT-1,0.056013,0.086736,0.857251
AATGACGTAGGATGTC-1,0.054128,0.90355,0.042323
AATGACTGTCAGCCGG-1,0.086519,0.556481,0.356999
AATGAGTTCGCATATG-1,0.068898,0.358019,0.573083
AATGATGATACGCTAT-1,0.04621,0.530798,0.422992
AATGATGCGACTCCTG-1,0.121544,0.212418,0.666038
AATGCAACCGGGTACC-1,0.023918,0.798012,0.17807
AATGCACCAAGCAATG-1,0.034141,0.752133,0.213727
AATGGTCCACCGTTCA-1,0.183703,0.005694,0.810603
AATGGTTCTCACAAGC-1,0.000519,0.24224,0.757242
AATGTATGGCACTGTA-1,0.00008,0.430028,0.569892
AATGTGCCCGAGGTGT-1,0.141937,0.494629,0.363434
AATGTGCTAATCTGAG-1,0.038051,0.875956,0.085993
AATGTTGTCGTGAGAC-1,0.073261,0.909775,0.016964
AATTAAAGGTCGGCGT-1,0.026545,0.825485,0.147969
AATTAACGGATTTCCA-1,0.047758,0.467584,0.484658
AATTACGAGACCCATC-1,0.002469,0.67442,0.323112
AATTACTCGTACGCTC-1,0.316867,0.000612,0.682521
AATTAGCGCTGCAGCG-1,0.01648,0.651515,0.332004
AATTCATAAGGGATCT-1,0.044744,0.58091,0.374346
AATTCATTGTCATGCA-1,0.032162,0.442531,0.525306
AATTCCAAGCATGTAC-1,0.219109,0.456072,0.324819
AATTCGATTCGAGGAT-1,0.177669,0.541892,0.280439
AATTCTAGAGTTAGGC-1,0.000093,0.769493,0.230414
AATTGAACGCTCTGGT-1,0.06911,0.628606,0.302284
AATTGCAGCAATCGAC-1,0.007939,0.72447,0.267591
AATTGCGTGGATTACA-1,0.000074,0.48722,0.512707
AATTGTGGTTGCCAAA-1,0.000017,0.996704,0.003279
AATTTGGGACATAGTA-1,0.014798,0.493597,0.491605
AATTTGGTTCCAAAGA-1,0.514437,0.280899,0.204664
ACAAACCATGCGTCCT-1,0.014696,0.938336,0.046968
ACAAAGAAGGTAGGCC-1,0.430997,0.050869,0.518133
ACAAAGCATGACCTAG-1,0.151648,0.798426,0.049926
ACAAATCGCACCGAAT-1,0.015603,0.846618,0.137778
ACAAATGGTAGTGTTT-1,0.000091,0.6584,0.341509
ACAAATTCAGATCTGA-1,0.034901,0.313972,0.651127
ACAACAGCATGAGCTA-1,0.03942,0.839863,0.120717
ACAACGGTCCCTGCGA-1,0.000085,0.082162,0.917754
ACAAGCAGTGCCTAGC-1,0.000096,0.03321,0.966694
ACAAGCTATATGGAAG-1,0.364343,0.267228,0.368429
ACAAGGAAATCCGCCC-1,0.044002,0.668878,0.28712
ACAAGGACAAGAGGTT-1,0.009701,0.860816,0.129483
ACAAGGATGCTTTAGG-1,0.043682,0.463715,0.492604
ACAAGGCCTACCAGCC-1,0.159571,0.196616,0.643814
ACAAGGGCAGGCTCTG-1,0.000526,0.999392,0.000082
ACAATAGTCGTACGTT-1,0.072153,0.301236,0.626611
ACAATCCATTTAAACC-1,0.000058,0.579282,0.42066
ACAATGAATACGGAGA-1,0.000255,0.42508,0.574665
ACAATGATTCTTCTAC-1,0.178574,0.303966,0.517461
ACAATTGTGTCTCTTT-1,0.327051,0.52976,0.14319
ACAATTTAGGAGGCTC-1,0.201622,0.195342,0.603036
ACAATTTGAGCAGTGG-1,0.014881,0.680756,0.304363
ACAATTTGGCCATATT-1,0.138144,0.623451,0.238404
ACACAAAGACGGGTGG-1,0.030085,0.784507,0.185409
ACACAAATATTCCTAG-1,0.062925,0.786301,0.150775
ACACACCAGGACCAGT-1,0.023718,0.943622,0.03266
ACACACTTTCTACACG-1,0.000048,0.988831,0.011121
ACACATGATCAAATCT-1,0.002249,0.865421,0.13233
ACACATTGACGCAACA-1,0.547434,0.118272,0.334294
ACACCACATAATTAGC-1,0.924393,0.000107,0.075499
ACACCCAGCATGCAGC-1,0.015876,0.896732,0.087392
ACACCCGAGAAATCCG-1,0.091748,0.445787,0.462465
ACACCGAGCGCTCTTT-1,0.283816,0.001005,0.715179
ACACCGGTCTGACCGC-1,0.00249,0.247995,0.749515
ACACCTTAAGTAGGGC-1,0.000062,0.639022,0.360916
ACACCTTACTACTTGC-1,0.138785,0.361074,0.500141
ACACGAGACTCCTTCT-1,0.058151,0.590016,0.351833
ACACGGCACTATGCAT-1,0.050461,0.567099,0.38244
ACACGGGAACTTAGGG-1,0.087988,0.867015,0.044997
ACACGTAGGCCACAAG-1,0.001423,0.807692,0.190885
ACACTCCAATGTCACT-1,0.026606,0.193106,0.780288
ACACTGATCAAGGTGT-1,0.019006,0.549176,0.431818
ACACTGGGACAGTCGT-1,0.049575,0.84058,0.109844
ACAGAACTGAGAACAA-1,0.142339,0.679371,0.17829
ACAGATTAGGTTAGTG-1,0.056281,0.27513,0.668589
ACAGCATAGAGCCAGT-1,0.160006,0.784375,0.055618
ACAGCGACATTCTCAT-1,0.020443,0.726101,0.253456
ACAGCGCACCCGCAGC-1,0.051516,0.792207,0.156277
ACAGGCACGGATCCTT-1,0.046172,0.794136,0.159692
ACAGGCTTGCCCGACT-1,0.04696,0.864161,0.088878
ACAGGTGGAGGTGAGG-1,0.032785,0.522692,0.444523
ACAGGTGTGTTGTTGC-1,0.252868,0.192225,0.554907
ACAGTAATACAACTTG-1,0.012874,0.423891,0.563235
ACAGTATACCGTGGGA-1,0.00752,0.906418,0.086062
ACATAAGTCGTGGTGA-1,0.000037,0.847094,0.152869
ACATAATAAGGCGGTG-1,0.126214,0.82179,0.051996
ACATCAGCTGGGACGC-1,0.106644,0.26589,0.627466
ACATCCCGGCCATACG-1,0.031644,0.492128,0.476228
ACATCCTGGTAACTGT-1,0.07204,0.302613,0.625348
ACATCGATCGTTTACC-1,0.08708,0.623369,0.28955
ACATCGGTCAGCCGCG-1,0.024523,0.558434,0.417043
ACATCGTATGCAATGG-1,0.053269,0.843452,0.103279
ACATCGTTAACCTAGT-1,0.023581,0.531838,0.444581
ACATCTCAACGCGTAA-1,0.026863,0.353772,0.619365
ACATGGCGCCAAAGTA-1,0.083969,0.488869,0.427162
ACATGGCTCAATTTAG-1,0.364709,0.192999,0.442292
ACATTAGTTTATATCC-1,0.00005,0.998152,0.001798
ACATTTGAAACCTAAC-1,0.000072,0.377395,0.622532
ACCAAACACCCAGCGA-1,0.057768,0.306046,0.636186
ACCAAACTAGAAATCC-1,0.126278,0.156668,0.717054
ACCAACACCACACACT-1,0.071076,0.515436,0.413488
ACCAACCGCACTCCAC-1,0.224724,0.362765,0.412511
ACCAACGCTTATTTAT-1,0.025174,0.819982,0.154844
ACCAAGAACGCGTGTC-1,0.771324,0.109456,0.11922
ACCAAGTCATCGGCAG-1,0.009616,0.410762,0.579622
ACCAATATGCAAGTTA-1,0.059866,0.521507,0.418627
ACCACAACTCAGAACA-1,0.00008,0.216702,0.783218
ACCACAAGTTTCTATC-1,0.484792,0.077034,0.438174
ACCACCAATGTAACAA-1,0.205141,0.576327,0.218532
ACCACCCTCTCTTCTA-1,0.003049,0.957227,0.039724
ACCACGTGCAGCTATA-1,0.000115,0.407359,0.592526
ACCACTGTTCAAGAAG-1,0.499764,0.020419,0.479817
ACCAGACCATAACAAC-1,0.092617,0.702031,0.205352
ACCAGCCCGGTCTTTG-1,0.000106,0.36264,0.637254
ACCAGGAGTGTGATCT-1,0.051381,0.263732,0.684887
ACCAGTGCCCGGTCAA-1,0.413902,0.369283,0.216815
ACCAGTGCGGGAGACG-1,0.006085,0.843231,0.150684
ACCATATCCGCAATAA-1,0.138612,0.413117,0.448271
ACCATCCGCCAACTAG-1,0.158492,0.019044,0.822464
ACCATCGTATATGGTA-1,0.009586,0.737361,0.253053
ACCATTAAGGGTGTCA-1,0.660241,0.000483,0.339275
ACCCAACGCCCGTGGC-1,0.551298,0.000157,0.448545
ACCCACCTACATGCTC-1,0.70111,0.000251,0.298639
ACCCATCTTGAGGGTA-1,0.016109,0.937057,0.046834
ACCCATTTGTCCCTCT-1,0.007615,0.863803,0.128582
ACCCGAGCGAAATTAC-1,0.019405,0.490866,0.489729
ACCCGATTGGTTCCGA-1,0.913825,0.000179,0.085996
ACCCGGAAACTCCCAG-1,0.000069,0.799388,0.200543
ACCCGGAGCACCACAA-1,0.219513,0.201928,0.578559
ACCCGGATGACGCATC-1,0.11606,0.374938,0.509002
ACCCGGTTACACTTCC-1,0.104744,0.83832,0.056936
ACCCGTAGTCTAGTTG-1,0.018338,0.72109,0.260573
ACCCGTGTCATCAGTA-1,0.011004,0.893637,0.095359
ACCCTATAGGACTGAG-1,0.00006,0.475135,0.524805
ACCCTATGCCATATCG-1,0.119224,0.481415,0.399361
ACCCTCCCGTCAGGGC-1,0.148036,0.819069,0.032895
ACCCTCCCTTGCTATT-1,0.136638,0.621776,0.241585
ACCCTGGTAACGCCCT-1,0.079259,0.789199,0.131542
ACCCTTCATCTGCGAA-1,0.057404,0.718412,0.224185
ACCCTTGCCTGGGTCG-1,0.036569,0.946234,0.017197
ACCCTTTAGTTCTCCA-1,0.088409,0.279515,0.632076
ACCGAAAGGGCCCTGC-1,0.29665,0.172642,0.530708
ACCGAAGAGTCTGGTT-1,0.059624,0.50531,0.435066
ACCGACACATCTCCCA-1,0.045493,0.759081,0.195426
ACCGACTGAGTCCCAC-1,0.162857,0.678924,0.158219
ACCGAGTCTCCTTATT-1,0.193853,0.417616,0.388531
ACCGATAGGCATAACC-1,0.019251,0.892228,0.088521
ACCGATATTTAATCAT-1,0.261387,0.659507,0.079107
ACCGATGGTAGCATCG-1,0.022454,0.790863,0.186684
ACCGCAATAACTGCCT-1,0.022008,0.901469,0.076522
ACCGCGGTGGAAGTCG-1,0.111194,0.838156,0.05065
ACCGGGCCTTTGTTGA-1,0.000251,0.988972,0.010777
ACCGGTCAGGTACACC-1,0.00562,0.344295,0.650085
ACCGGTCTGAGTACGG-1,0.139731,0.340556,0.519713
ACCGTCCACTGGGCCC-1,0.105618,0.373941,0.520441
ACCGTGACCACGTGGG-1,0.286066,0.574302,0.139632
ACCGTTCCCGCTCTGA-1,0.017165,0.244664,0.73817
ACCTAAGTACCTTTCA-1,0.014587,0.476792,0.508622
ACCTAATCGACTTCCT-1,0.013155,0.068428,0.918417
ACCTACAGTATGTGGT-1,0.179153,0.648024,0.172823
ACCTACTATAAATCTA-1,0.115262,0.409202,0.475536
ACCTCCGCCCTCGCTG-1,0.238754,0.600466,0.160779
ACCTCCGTTATTCACC-1,0.013809,0.535989,0.450202
ACCTCGAACTTATGCT-1,0.020413,0.680435,0.299152
ACCTGCGTGTCATGTT-1,0.000066,0.279846,0.720089
ACGAAATGGGCGGCAC-1,0.000957,0.003777,0.995265
ACGACCCATGAGTTGC-1,0.537631,0.208333,0.254036
ACGACTCTAGGGCCGA-1,0.024485,0.273405,0.70211
ACGACTGGTCATACTC-1,0.149171,0.3827,0.468129
ACGAGAACCCATCACG-1,0.062931,0.024247,0.912821
ACGAGATATTTGCTTA-1,0.000083,0.531895,0.468022
ACGAGGATACCACTCT-1,0.106786,0.160639,0.732575
ACGAGGTTTACAACGT-1,0.09936,0.857755,0.042885
ACGAGTACGGATGCCC-1,0.0377,0.600725,0.361575
ACGAGTCGCCGGCGTT-1,0.296486,0.338343,0.36517
ACGATACATAGAACTA-1,0.051595,0.816589,0.131817
ACGATACCTATCCTGA-1,0.504129,0.122711,0.37316
ACGATCATACATAGAG-1,0.025957,0.83877,0.135273
ACGATCATCTTGTAAA-1,0.023303,0.840635,0.136063
ACGATGCATATGTTAT-1,0.000089,0.673196,0.326715
ACGATGGATCCGATGC-1,0.149396,0.582552,0.268053
ACGCAAACTAATAGAT-1,0.032947,0.251264,0.715789
ACGCAATCACTACAGC-1,0.015932,0.269834,0.714235
ACGCATAAATGACATG-1,0.241677,0.745881,0.012442
ACGCATACGTTTACTA-1,0.560834,0.059698,0.379468
ACGCATTCGTGAGTAC-1,0.012046,0.541439,0.446516
ACGCCAGATGATTTCT-1,0.000101,0.513559,0.48634
ACGCCAGTGCGTTTGC-1,0.00423,0.758666,0.237104
ACGCCGCTAGACGACC-1,0.000082,0.580533,0.419385
ACGCGAAGTCAGACGA-1,0.000087,0.576654,0.423259
ACGCGCTACACAGGGT-1,0.001095,0.748148,0.250757
ACGCGGGCCAAGGACA-1,0.058597,0.598382,0.343022
ACGCGTTTCTTAAGAG-1,0.269404,0.005111,0.725485
ACGCTAGTGATACACT-1,0.16764,0.823374,0.008986
ACGCTGTGAGGCGTAG-1,0.167492,0.014013,0.818496
ACGGAACACGAGTGCC-1,0.076927,0.228837,0.694236
ACGGAATTTAGCAAAT-1,0.478011,0.040416,0.481574
ACGGACTCTCAAAGCG-1,0.019388,0.673522,0.307089
ACGGAGCGCAAATTAC-1,0.869416,0.084674,0.04591
ACGGATGGTGCGGATA-1,0.154753,0.496738,0.348509
ACGGCACTTGCTTGGG-1,0.028906,0.742341,0.228753
ACGGCCAACATGGACT-1,0.000065,0.755136,0.244799
ACGGCGACGATGGGAA-1,0.038387,0.485475,0.476138
ACGGCGGGTTGCCCTG-1,0.000081,0.038117,0.961802
ACGGCTGGATGTAGAA-1,0.00005,0.429652,0.570298
ACGGGAGTGTCGGCCC-1,0.005356,0.04608,0.948564
ACGGGCGTATGCGACA-1,0.137712,0.685816,0.176472
ACGGGTCATGTGACTT-1,0.234244,0.06327,0.702486
ACGGTACAGTTCAATG-1,0.008534,0.440281,0.551186
ACGGTCACCGAGAACA-1,0.037766,0.926468,0.035766
ACGTACAGATTTCTCT-1,0.034239,0.478345,0.487416
ACGTACTTTGGCACGG-1,0.405207,0.249106,0.345687
ACGTAGATTGCTGATG-1,0.604759,0.051938,0.343303
ACGTAGGAGAGTCGCT-1,0.325238,0.235486,0.439276
ACGTATTACTCCGATC-1,0.054614,0.53079,0.414597
ACGTCGGGCAACTCGG-1,0.078201,0.628788,0.293012
ACGTCTCGTTCCGGGA-1,0.336259,0.018159,0.645582
ACGTGACAAAGTAAGT-1,0.069287,0.295157,0.635556
ACGTGCGCCTCGTGCA-1,0.000117,0.231274,0.768609
ACGTTAATGTCGAAGA-1,0.054835,0.940673,0.004492
ACGTTAGATTTGCCCG-1,0.02937,0.390498,0.580133
ACGTTATTGGTCACTC-1,0.073772,0.034273,0.891955
ACGTTCCGCGCTCCGT-1,0.318757,0.182266,0.498977
ACGTTCGCAATCAATT-1,0.133132,0.611873,0.254994
ACGTTCGTTCAGGAAA-1,0.045706,0.574283,0.38001
ACGTTCTGTACAAGTC-1,0.084153,0.347902,0.567946
ACGTTTAGTTGTGATC-1,0.060565,0.154633,0.784802
ACTAAGGACGCACACC-1,0.024195,0.502255,0.473549
ACTAATACGTCAGGCG-1,0.058458,0.277129,0.664413
ACTACAAAGAGAGGTG-1,0.015193,0.794318,0.19049
ACTACATCCCGACAAG-1,0.021649,0.762913,0.215438
ACTACCAGCTCTCTGG-1,0.009004,0.158739,0.832257
ACTACGCGTTAGAATT-1,0.026971,0.489536,0.483493
ACTAGTTGCGATCGTC-1,0.373656,0.00129,0.625054
ACTATATGCTGTGTTC-1,0.337677,0.387187,0.275136
ACTATCCAGGGCATGG-1,0.529835,0.306457,0.163708
ACTATCGCCGGCTAAA-1,0.510559,0.118326,0.371115
ACTATCTGCCCGCGTA-1,0.083484,0.421164,0.495352
ACTATGTCCAGCTGCC-1,0.051364,0.882846,0.06579
ACTATTCGTCCGTGGT-1,0.054647,0.913103,0.032249
ACTATTTCCGGGCCCA-1,0.000065,0.669574,0.330361
ACTCAACGAATGTATT-1,0.000088,0.045064,0.954848
ACTCAAGTGCAAGGCT-1,0.249064,0.469648,0.281288
ACTCAATAAAGGCACG-1,0.087781,0.581995,0.330224
ACTCAGACCTGCTTCT-1,0.09397,0.600476,0.305553
ACTCATGGCAGCCTTC-1,0.000036,0.883005,0.116959
ACTCCAATATCATCAT-1,0.000075,0.415914,0.584011
ACTCCCATTCCTAAAG-1,0.018869,0.3778,0.603332
ACTCCCGAATTCGTTT-1,0.007245,0.792577,0.200179
ACTCCCGTAGACTAGG-1,0.018064,0.813336,0.1686
ACTCCCTAATGCTAAA-1,0.013861,0.532284,0.453855
ACTCCCTAGAATAGTA-1,0.027607,0.644359,0.328034
ACTCCGGCCGACCACT-1,0.009217,0.172937,0.817846
ACTCGATGTATTTCAT-1,0.258174,0.215114,0.526712
ACTCGCCGTTCGATAA-1,0.000029,0.930054,0.069916
ACTCGCGATCTGACGC-1,0.997955,0.001227,0.000818
ACTCGTAACCCGTCCT-1,0.134818,0.00972,0.855462
ACTCGTCAGTAATCCC-1,0.105536,0.888784,0.00568
ACTCTAAACCTGGGAT-1,0.437097,0.240535,0.322369
ACTCTCTGACTTAGGT-1,0.880953,0.000209,0.118838
ACTCTCTTATACACGA-1,0.000086,0.216037,0.783877
ACTCTGACCTAATAGA-1,0.035928,0.673528,0.290544
ACTCTTCAGCTCCCGC-1,0.083708,0.47045,0.445841
ACTCTTGTATAGTAAC-1,0.010378,0.73913,0.250492
ACTGAAACGCCGTTAG-1,0.132733,0.786208,0.081059
ACTGAATGGCGAAAGT-1,0.004225,0.768477,0.227297
ACTGATTTAGTGATTC-1,0.000247,0.403282,0.59647
ACTGCCCGCCATTCTC-1,0.000067,0.600374,0.399559
ACTGCCGTCGTAACTC-1,0.035156,0.384344,0.5805
ACTGCGGACACACCGT-1,0.053351,0.819281,0.127368
ACTGCTCGGAAGGATG-1,0.014891,0.307577,0.677532
ACTGGCGAACCTGCGT-1,0.164298,0.754934,0.080768
ACTGTACGATACACAT-1,0.000074,0.737021,0.262905
ACTGTAGCACTTTGGA-1,0.000096,0.23907,0.760834
ACTGTATACGCGAGCA-1,0.000115,0.302888,0.696997
ACTGTCCAGGATTATA-1,0.739117,0.086438,0.174445
ACTGTCTTCTTTAGAA-1,0.132831,0.618031,0.249137
ACTGTGCTAGTAGATC-1,0.000133,0.033679,0.966188
ACTTACCGGGCGCGCA-1,0.56471,0.017173,0.418117
ACTTACGCATCCACGC-1,0.101398,0.823704,0.074898
ACTTAGTACGACAAGA-1,0.000082,0.108025,0.891894
ACTTATACTTACCCGG-1,0.02911,0.892887,0.078004
ACTTATTAGGATCGGT-1,0.024232,0.557536,0.418231
ACTTATTTATGTGCCA-1,0.000067,0.99496,0.004973
ACTTCAGGCTGATCCC-1,0.005962,0.660374,0.333665
ACTTCCAGTGGAAGCT-1,0.015665,0.29805,0.686285
ACTTCCATGCGGGACA-1,0.221528,0.282694,0.495778
ACTTCGCCATACGCAC-1,0.000111,0.454702,0.545186
ACTTCGCTAGCGAGTG-1,0.624956,0.179695,0.195349
ACTTGACTCCCTCTTT-1,0.016517,0.860079,0.123404
ACTTGCCATATTGTAC-1,0.102662,0.116603,0.780735
ACTTGCTCTATCTACC-1,0.008056,0.526899,0.465045
ACTTGGGACCCGGTGG-1,0.018084,0.27156,0.710357
ACTTGTAGTCCCTTCA-1,0.12478,0.005005,0.870214
ACTTGTGGATGGAACG-1,0.245774,0.240574,0.513653
ACTTTACCCTCATGAA-1,0.00837,0.973584,0.018046
ACTTTCCTATAGCTTC-1,0.000376,0.932274,0.06735
ACTTTGACTGCATCCT-1,0.160621,0.000799,0.83858
ACTTTGGTCGTGCTCC-1,0.000043,0.808925,0.191031
ACTTTGTCGACGCACT-1,0.054193,0.697729,0.248079
AGAAATTATGACTCGC-1,0.071061,0.843045,0.085894
AGAACCCAGCGTGACA-1,0.272234,0.033765,0.694
AGAACCCTCAATTGGG-1,0.00913,0.381742,0.609129
AGAACGTGGTACATTC-1,0.019754,0.699022,0.281224
AGAAGAGCGCCGTTCC-1,0.001591,0.886328,0.11208
AGAAGGTACACTTCAC-1,0.001573,0.63661,0.361817
AGAAGGTTGCCGAATT-1,0.005589,0.521691,0.472721
AGAAGGTTGTAGGTCG-1,0.107093,0.479487,0.413419
AGAAGTGATTCGTGAT-1,0.000102,0.16867,0.831228
AGAATAAATCTTCAGG-1,0.194771,0.0296,0.775629
AGAATGCGGGTTCGGA-1,0.06935,0.701212,0.229438
AGAATTATGGATTCGA-1,0.000066,0.321905,0.678029
AGAATTGTTTGACATA-1,0.005998,0.015578,0.978424
AGACAGCTCAGAATCC-1,0.112092,0.220671,0.667238
AGACAGGCATCTCAGC-1,0.447639,0.128939,0.423423
AGACATAGATCCTTCC-1,0.000083,0.450605,0.549312
AGACCAAACCACACCT-1,0.020542,0.174054,0.805404
AGACCATGGGATACAA-1,0.00007,0.204468,0.795463
AGACCCACCGCTGATC-1,0.120444,0.74392,0.135636
AGACCCGCCCTCCTCG-1,0.076745,0.666097,0.257159
AGACCGCTCCGCGGTT-1,0.206045,0.793812,0.000143
AGACCGGGAAACCCTG-1,0.217031,0.066201,0.716768
AGACGAAGTGCCGGTC-1,0.102511,0.412921,0.484568
AGACGACGATGCCGCT-1,0.209982,0.147223,0.642795
AGACGCCCACTTCGCC-1,0.027883,0.524413,0.447704
AGACGGGCCGATTTAA-1,0.034497,0.463911,0.501593
AGACTAGCCTTCCAGA-1,0.003635,0.525621,0.470744
AGACTGTTACCGGGTC-1,0.208413,0.178982,0.612605
AGAGAAACACCAGAAA-1,0.116107,0.347923,0.535971
AGAGAACCGTCTAGGA-1,0.006704,0.985065,0.008231
AGAGAAGGAGTACAAT-1,0.293866,0.443062,0.263072
AGAGATCTCTAAAGCG-1,0.385964,0.586809,0.027227
AGAGCAGTTATGAGAC-1,0.033044,0.000446,0.96651
AGAGCCGCCGAGATTT-1,0.022745,0.728545,0.248711
AGAGCGCTTGTAACGG-1,0.068441,0.651855,0.279704
AGAGCGGGCTAATCAT-1,0.00366,0.776344,0.219995
AGAGCGTACAAGCTCG-1,0.010603,0.488939,0.500458
AGAGCTACGAAAGCAT-1,0.238292,0.183987,0.577721
AGAGGCTTCGGAAACC-1,0.863233,0.000432,0.136335
AGAGGGACAATTGTCC-1,0.093506,0.848879,0.057615
AGAGTAAACTTCACTA-1,0.426633,0.16484,0.408527
AGAGTATAGTGTTACG-1,0.08237,0.755575,0.162055
AGAGTTAGAGACCGAT-1,0.071695,0.710786,0.217519
AGAGTTGCAGGCCTCC-1,0.011784,0.36259,0.625626
AGATAACTTCAGGGCC-1,0.000091,0.325765,0.674144
AGATACCAATAGAACC-1,0.023025,0.500443,0.476532
AGATACCAGCACTTCA-1,0.037527,0.789701,0.172771
AGATACCGGTGTTCAC-1,0.000076,0.380111,0.619813
AGATACGACTTCATAT-1,0.000072,0.291018,0.70891
AGATACTCAAGATCGA-1,0.001366,0.956342,0.042292
AGATATAATACGACTA-1,0.61805,0.091019,0.290931
AGATCGTGCATAAGAT-1,0.166234,0.631599,0.202166
AGATCTCAGGTGTGAT-1,0.223522,0.400252,0.376226
AGATGACTCGCCCACG-1,0.000101,0.550127,0.449772
AGATGAGGGTTGCGAT-1,0.017042,0.544741,0.438216
AGATGATGGAGTCTGG-1,0.047755,0.883086,0.069159
AGATGCAAGACGTGCA-1,0.20295,0.21572,0.58133
AGATGCATCCTGTGTC-1,0.0548,0.371782,0.573417
AGATGCTATAACGAGC-1,0.381123,0.280723,0.338155
AGATTATAGGACGTTT-1,0.132888,0.683842,0.18327
AGATTCACAACCGATA-1,0.000022,0.710009,0.289969
AGCAAAGGCCGCTAGT-1,0.006546,0.873445,0.12001
AGCAACATATCTTATT-1,0.113409,0.874465,0.012126
AGCAACCGAAAGTAAT-1,0.058139,0.829992,0.111869
AGCACACGTTTAGACT-1,0.028616,0.940672,0.030713
AGCACCAGTACTCACG-1,0.141031,0.489413,0.369556
AGCACTACCGGCCTGT-1,0.098894,0.344861,0.556245
AGCACTACCTCACCAG-1,0.020624,0.540181,0.439195
AGCACTTAAGGACGCC-1,0.000066,0.516329,0.483605
AGCAGAAGGAGAAAGA-1,0.164122,0.373713,0.462165
AGCAGCCAGATGAATA-1,0.022644,0.769334,0.208022
AGCATATCAATATGCT-1,0.411157,0.186174,0.402668
AGCATCATTTCGAAAG-1,0.000819,0.662959,0.336222
AGCATCGTCGATAATT-1,0.000111,0.29809,0.701799
AGCATTACGAGGCAAG-1,0.019445,0.855341,0.125213
AGCCAAGCTTTGTGTC-1,0.982544,0.000364,0.017092
AGCCACAGGTTACCCG-1,0.606343,0.134133,0.259524
AGCCACTCCCGTGCTT-1,0.06204,0.499808,0.438152
AGCCATATAGTATGTG-1,0.064711,0.710214,0.225075
AGCCCATACATGTAAG-1,0.000065,0.346468,0.653467
AGCCCGCAACAAGCAG-1,0.165278,0.425911,0.408811
AGCCCGCACTACAATG-1,0.00896,0.683981,0.307059
AGCCCGGCATTAGAGG-1,0.022913,0.796427,0.18066
AGCCCGGTAGCCTGTA-1,0.040441,0.645708,0.313851
AGCCCTAAGCGAAGTT-1,0.013807,0.297496,0.688697
AGCCCTCCCTGGTGGC-1,0.037407,0.624124,0.338469
AGCCCTGTCGCACCGT-1,0.221658,0.493451,0.28489
AGCCCTTCTAATCCGA-1,0.225599,0.332927,0.441475
AGCCCTTGGACATCCC-1,0.267176,0.508503,0.224321
AGCCGCAAATTCAAAT-1,0.152782,0.277757,0.569462
AGCCGCTTGATTAGCG-1,0.668037,0.136545,0.195418
AGCCGTGGCTAAATGT-1,0.116461,0.802577,0.080962
AGCCTAATACCCACGT-1,0.015531,0.074455,0.910014
AGCCTTAAAGCGGAAG-1,0.075292,0.018434,0.906273
AGCCTTGTCACTGATA-1,0.015473,0.336357,0.648169
AGCGACAGGAACGGTC-1,0.189727,0.74388,0.066392
AGCGACATCCCATTCA-1,0.006652,0.760501,0.232848
AGCGACCAACGATATT-1,0.000067,0.647514,0.352419
AGCGAGACGTGAAGGC-1,0.02227,0.607725,0.370005
AGCGATGCGCCTAATA-1,0.013153,0.793381,0.193466
AGCGCATAATGAATCG-1,0.000067,0.56595,0.433983
AGCGCGGGTGCCAATG-1,0.146846,0.699856,0.153298
AGCGCTAGAGCGATGT-1,0.274749,0.384382,0.340869
AGCGCTTATGGGCAAG-1,0.095676,0.384459,0.519864
AGCGGACACTTCGTAG-1,0.107075,0.871071,0.021853
AGCGGCGGTTAGCGGT-1,0.029593,0.097207,0.873199
AGCGGGAAGGGTCCAT-1,0.00008,0.49168,0.508239
AGCGGGTCTGACACTC-1,0.25417,0.271781,0.474049
AGCGGTTGCCGCTCTG-1,0.023928,0.3394,0.636672
AGCGTACGAGAGCTAG-1,0.084992,0.094731,0.820276
AGCGTCTGAACCCGCA-1,0.000094,0.152738,0.847168
AGCGTGGTATTCTACT-1,0.000153,0.504863,0.494984
AGCTAACAAGCAATGT-1,0.016108,0.525584,0.458308
AGCTAAGTACGCAGGC-1,0.005544,0.466533,0.527923
AGCTAGAAGCAGAAGT-1,0.988374,0.000156,0.01147
AGCTATTTAATCCAAC-1,0.029328,0.354089,0.616583
AGCTCCATATATGTTC-1,0.000074,0.634292,0.365635
AGCTCCTTCGCACATC-1,0.021636,0.54445,0.433914
AGCTCGTTGATGGAAA-1,0.256025,0.730949,0.013026
AGCTCTAGACGTTCCA-1,0.010074,0.506105,0.483821
AGCTCTTCCCAGTGCA-1,0.109056,0.824756,0.066188
AGCTCTTCGTAACCTT-1,0.147785,0.588743,0.263472
AGCTCTTTACTCAGTT-1,0.151073,0.407469,0.441458
AGCTGAAGTAAACCAA-1,0.054412,0.829557,0.116031
AGCTGTAACCTCAATC-1,0.00011,0.268867,0.731023
AGCTTATAGAGACCTG-1,0.000121,0.194477,0.805402
AGCTTCTTCTCGAGCA-1,0.09956,0.669296,0.231143
AGCTTGATCAGGGTAG-1,0.005325,0.364738,0.629937
AGCTTGATCTTAACTT-1,0.018983,0.343604,0.637413
AGGAAAGCCTCTGATG-1,0.212499,0.108178,0.679323
AGGAACGAACGACTTC-1,0.069258,0.911399,0.019343
AGGAAGCTGTCCGCCG-1,0.002736,0.709448,0.287816
AGGACAGTCGAATCCC-1,0.018075,0.735792,0.246133
AGGACATCGCACGTCG-1,0.000099,0.328913,0.670988
AGGACATCGGCACACT-1,0.033123,0.805608,0.161269
AGGACGACCCATTAGA-1,0.011923,0.469567,0.51851
AGGACGCTCGATGTTG-1,0.006468,0.600279,0.393254
AGGACTTATAGGAGAA-1,0.469956,0.000355,0.529689
AGGAGACATCCACAGT-1,0.001509,0.910103,0.088388
AGGAGAGTCTGGCTAC-1,0.000402,0.999562,0.000035
AGGAGGCCTTCGCGCG-1,0.99953,0.000282,0.000188
AGGATAAAGTCGGGAT-1,0.00259,0.985435,0.011975
AGGATATAGGGATTTA-1,0.011479,0.664537,0.323984
AGGATATCCGACTGCA-1,0.058991,0.823571,0.117438
AGGATCACGCGATCTG-1,0.208944,0.061642,0.729415
AGGATTGCTTACGACA-1,0.232591,0.358127,0.409282
AGGCACGTGACTGTCC-1,0.021783,0.977995,0.000223
AGGCAGATGCGTAAAC-1,0.000069,0.619605,0.380326
AGGCAGGGAGCGTACT-1,0.010019,0.574629,0.415352
AGGCATTGTCGTAGGG-1,0.814699,0.037843,0.147459
AGGCCACATTGGTTAC-1,0.997191,0.001685,0.001124
AGGCCACCCGTTATGA-1,0.000084,0.328039,0.671877
AGGCCCAGTGACTGGT-1,0.257954,0.460724,0.281323
AGGCCCATTGTACAGG-1,0.007263,0.699595,0.293142
AGGCCCTAGAACGCCA-1,0.00193,0.642758,0.355311
AGGCCTATCATACCAA-1,0.000044,0.93773,0.062225
AGGCCTGAGAATCTCG-1,0.124877,0.772699,0.102424
AGGCGATAACTGGCGT-1,0.605857,0.284644,0.109498
AGGCGGTTTGTCCCGC-1,0.001731,0.822077,0.176192
AGGCGTCTATGGACGG-1,0.42746,0.368755,0.203784
AGGCTATGGTTAGCTT-1,0.000097,0.119603,0.8803
AGGCTTCCCGAAGAAG-1,0.018972,0.766078,0.21495
AGGCTTGCTAGACACC-1,0.007876,0.016592,0.975532
AGGGAAACGAGGTACT-1,0.036845,0.600794,0.362361
AGGGACAGCACGGCGG-1,0.000096,0.007197,0.992707
AGGGACCGGCTGCGTT-1,0.984045,0.001368,0.014587
AGGGACTCTACGCGAC-1,0.062872,0.544682,0.392446
AGGGAGACATACTTCG-1,0.003586,0.473409,0.523005
AGGGCAGCGGCGTGGT-1,0.000092,0.3154,0.684509
AGGGCCCTAATGTTCT-1,0.020966,0.779669,0.199365
AGGGCGAGCAGCTGAT-1,0.000055,0.216452,0.783493
AGGGCGTGATCGGCTA-1,0.000076,0.321688,0.678236
AGGGCTGCAGTTACAG-1,0.065045,0.934613,0.000342
AGGGTCAGAGCACTCG-1,0.120038,0.681321,0.19864
AGGGTCAGTAACCCTA-1,0.401855,0.481065,0.11708
AGGGTCGATGCGAACT-1,0.029258,0.583378,0.387364
AGGGTCTGGACGCAGT-1,0.273202,0.308456,0.418342
AGGGTGCCGTTCTTTA-1,0.044055,0.676974,0.278971
AGGGTGCTCTCGAGGG-1,0.000071,0.695918,0.304011
AGGGTGGATAGTGCAT-1,0.083022,0.183876,0.733102
AGGGTTCAGACGGTCC-1,0.040225,0.941245,0.01853
AGGGTTCCCTTTGGTT-1,0.183443,0.584784,0.231774
AGGGTTTAGTTCGGGA-1,0.141469,0.433965,0.424566
AGGTAACCTCCTATTC-1,0.000082,0.514254,0.485663
AGGTACGATATTGCCA-1,0.07273,0.726433,0.200837
AGGTAGATCGAGATAT-1,0.197736,0.634464,0.1678
AGGTAGGTACAAAGCT-1,0.018718,0.066772,0.914511
AGGTATAATTGATAGT-1,0.597602,0.234809,0.167589
AGGTATGCGGACATTA-1,0.437549,0.270324,0.292127
AGGTCAGGTGAGAGTG-1,0.000048,0.277433,0.722518
AGGTCGCCTCCCAACA-1,0.08236,0.759831,0.157808
AGGTCGCGGAGTTACT-1,0.013123,0.720959,0.265917
AGGTGCACGTCCACAT-1,0.020765,0.797619,0.181616
AGGTGGTGACCTTCGC-1,0.45832,0.048561,0.493118
AGGTGTATCGCCATGA-1,0.117419,0.263577,0.619004
AGGTGTTGCCGACCAC-1,0.012663,0.714572,0.272764
AGGTTACACCATGCCG-1,0.198416,0.33966,0.461925
AGGTTCTCCTTTCCGG-1,0.0001,0.629497,0.370403
AGGTTGAGGCACGCTT-1,0.020766,0.594782,0.384452
AGGTTTCACACACCTT-1,0.069292,0.923878,0.00683
AGTAACGTTCATCCTG-1,0.070034,0.356983,0.572982
AGTAACTATAGCAGCC-1,0.000026,0.990727,0.009247
AGTAATGTCTTGCCGC-1,0.000052,0.946461,0.053486
AGTAATTTGCAAGCGT-1,0.268018,0.402545,0.329437
AGTACAGAAGCTTATA-1,0.054167,0.351404,0.594428
AGTACATCATTTATCA-1,0.964595,0.012079,0.023326
AGTACCTTCGAGTGCT-1,0.971342,0.000183,0.028475
AGTACGGCCCGTATCG-1,0.166223,0.252688,0.581088
AGTACGGGCACCTGGC-1,0.06445,0.890394,0.045156
AGTACGTGGCCTGTCT-1,0.173255,0.681902,0.144842
AGTACTCTTATGCCCA-1,0.401685,0.372739,0.225575
AGTAGAAGGCGCCTCA-1,0.166972,0.349305,0.483723
AGTAGCTAGACGCCGA-1,0.127326,0.133701,0.738974
AGTAGGAAGGAAGTTG-1,0.313733,0.142799,0.543468
AGTAGGTAACATACAT-1,0.108757,0.195865,0.695378
AGTATAATACTAGGCA-1,0.000057,0.507799,0.492144
AGTATACACAGCGACA-1,0.058968,0.634533,0.306499
AGTATCCATAATAACG-1,0.000054,0.339455,0.660491
AGTATGCTGGAGACCA-1,0.000088,0.61306,0.386852
AGTATTTGGCACGACC-1,0.041548,0.415239,0.543213
AGTCAAATGATGTGAT-1,0.12485,0.544599,0.330551
AGTCAACACCACCATC-1,0.065228,0.405075,0.529697
AGTCAAGATGACACTT-1,0.004368,0.455785,0.539847
AGTCACTAGCTCTCGA-1,0.231162,0.436701,0.332137
AGTCACTCCGCCTCAT-1,0.000076,0.069436,0.930488
AGTCAGCCACCGCCTG-1,0.585271,0.059437,0.355292
AGTCCAGCGGGTACGT-1,0.016402,0.485413,0.498185
AGTCCATTGGCTGATG-1,0.046285,0.867042,0.086673
AGTCCCGCCTTTAATT-1,0.012138,0.506863,0.480999
AGTCCCTCGCAGAAAG-1,0.007629,0.837431,0.15494
AGTCGAAACGATTCAG-1,0.00056,0.361111,0.63833
AGTCGACGGTCTCAAG-1,0.031253,0.81286,0.155887
AGTCGGCCCAAACGAC-1,0.00009,0.071175,0.928735
AGTCGGCTCAACTTTA-1,0.036186,0.231578,0.732236
AGTCGGTTGCGTGAGA-1,0.144575,0.589084,0.266342
AGTCGTATAAAGCAGA-1,0.258243,0.707371,0.034386
AGTCGTCGACCACCAA-1,0.183296,0.73253,0.084174
AGTCGTGGGCATTACG-1,0.037468,0.347013,0.615518
AGTCTAAAGTATACTC-1,0.086835,0.610549,0.302615
AGTCTCACAAGACTAC-1,0.048318,0.672156,0.279526
AGTCTGGACATCCTTG-1,0.172245,0.004151,0.823604
AGTCTTCTCCTCAAAT-1,0.000847,0.999104,0.000048
AGTCTTTAAAGTGTCC-1,0.052068,0.471835,0.476097
AGTGAACAAACTTCTC-1,0.039246,0.859338,0.101416
AGTGAAGATGGTGTCC-1,0.000059,0.545231,0.454711
AGTGACCTACTTTACG-1,0.017493,0.908772,0.073735
AGTGACTGTGACACAA-1,0.000053,0.593069,0.406878
AGTGAGACTTCCAGTA-1,0.769773,0.123673,0.106554
AGTGAGCCTCGCCGCC-1,0.007948,0.752886,0.239166
AGTGAGGGTTTCTGAC-1,0.549369,0.001393,0.449238
AGTGAGTCGAATTAAC-1,0.066257,0.81876,0.114983
AGTGATAACCTGCGCG-1,0.08082,0.630423,0.288758
AGTGATATGAGTAGTT-1,0.021109,0.809208,0.169682
AGTGATTCAAGCAGGA-1,0.326926,0.199265,0.47381
AGTGCACGCTTAAGAA-1,0.203577,0.17713,0.619293
AGTGCGTAGCTCGTAA-1,0.007246,0.910377,0.082376
AGTGCTAAACACAGCA-1,0.053544,0.89205,0.054406
AGTGCTTGCACGAATA-1,0.08562,0.712931,0.201449
AGTGGCCCGCAAATGG-1,0.030311,0.284924,0.684765
AGTGGCGGCAATTTGA-1,0.110483,0.541173,0.348343
AGTGGCGTCTGAAGGT-1,0.143326,0.503119,0.353555
AGTGGCTCCGTCGGCC-1,0.249951,0.173536,0.576513
AGTGGGAGTATACACG-1,0.686981,0.033702,0.279317
AGTGGTGTTACCCGTG-1,0.013501,0.092544,0.893955
AGTGGTTGCGTATAGG-1,0.282208,0.003142,0.71465
AGTGTATTGCGCATTG-1,0.062941,0.863574,0.073485
AGTGTGCTAAGATCGC-1,0.496356,0.12103,0.382615
AGTGTGGTCTATTGTG-1,0.033206,0.435729,0.531066
AGTTAAACACTTGCGA-1,0.008092,0.844696,0.147211
AGTTAAGCGGTCCCGG-1,0.010659,0.781696,0.207645
AGTTAAGTCAACCGCT-1,0.001516,0.55323,0.445254
AGTTACCCTTAAGACT-1,0.092222,0.183392,0.724386
AGTTACCGCACATGGT-1,0.000075,0.02442,0.975505
AGTTACTCTATCGTGG-1,0.065596,0.773188,0.161217
AGTTCACCGGTTGGAC-1,0.189312,0.076031,0.734657
AGTTCCTACAGAATTA-1,0.013151,0.722893,0.263956
AGTTCCTATTTATGTT-1,0.148473,0.441022,0.410504
AGTTCTGCGTTGTATC-1,0.042971,0.017523,0.939506
AGTTGACATCGGCTGG-1,0.000061,0.383649,0.61629
AGTTGACGGTCCTTGC-1,0.00999,0.407461,0.582549
AGTTGCGGTCCTCAAC-1,0.005215,0.609893,0.384892
AGTTGCTGACTGATAT-1,0.000107,0.000322,0.99957
AGTTGGCAAGGCTAGA-1,0.104841,0.862684,0.032475
AGTTTATGTAAAGACA-1,0.003972,0.649727,0.346301
AGTTTCGCAGGTCGGA-1,0.000132,0.562652,0.437216
AGTTTGCACCTGCCTC-1,0.009785,0.661383,0.328832
AGTTTGGCACGGGTTG-1,0.999669,0.000199,0.000133
AGTTTGGCCAGACCTA-1,0.00008,0.133853,0.866067
ATAAACGGACCCGTAA-1,0.016773,0.848081,0.135146
ATAAACGTTGCACCAC-1,0.035871,0.881093,0.083036
ATAAAGGCTCGGTCGT-1,0.000059,0.74843,0.251511
ATAAAGGTCAAGTACG-1,0.076841,0.368867,0.554291
ATAAATATTAGCAGCT-1,0.000053,0.478052,0.521895
ATAACGCCGGAGGGTC-1,0.032804,0.900313,0.066883
ATAACGGAGTCCAACG-1,0.000078,0.47938,0.520542
ATAACGTTACCTCCAC-1,0.217657,0.661187,0.121156
ATAAGCAAACACCGAG-1,0.025497,0.54028,0.434223
ATAAGGTGGAGAACAT-1,0.027048,0.445429,0.527523
ATAAGTACCCGATTGT-1,0.223862,0.557848,0.21829
ATAAGTAGGATTCAGA-1,0.024426,0.613941,0.361633
ATAAGTAGGGCGACTC-1,0.081396,0.576648,0.341957
ATAAGTTACCGCGACG-1,0.014107,0.445636,0.540257
ATAATACCGTTAGCCG-1,0.007253,0.006337,0.98641
ATAATAGCTGTTGAAT-1,0.052919,0.57242,0.374661
ATAATAGTGTAGGGAC-1,0.000088,0.068296,0.931616
ATAATCTTGGAGAACC-1,0.020335,0.71824,0.261424
ATAATTAGCTAAGTAG-1,0.086706,0.423255,0.490039
ATACAGGCCCTCCAAT-1,0.025824,0.95833,0.015846
ATACCACGGGCAACTT-1,0.00008,0.376242,0.623677
ATACCAGCAAATTGCT-1,0.000108,0.184763,0.815129
ATACCAGGCTAATAGA-1,0.999753,0.000148,0.000099
ATACCGTCATCCATAA-1,0.182926,0.580863,0.236211
ATACCTAACCAAGAAA-1,0.000041,0.8517,0.148259
ATACGAAGGCTTTCCA-1,0.127631,0.71374,0.158629
ATACGCCGGCGAAACC-1,0.002869,0.773797,0.223335
ATACGGAACGTCGTTT-1,0.000047,0.899748,0.100205
ATACGGGTTTCGATTG-1,0.068666,0.931242,0.000092
ATACGGTGAAGATGCA-1,0.120086,0.278873,0.601042
ATACGTACTTAGCCAC-1,0.064183,0.466506,0.469311
ATACGTCCACTCCTGT-1,0.015428,0.98066,0.003912
ATACGTTATGCACGGA-1,0.046551,0.531504,0.421944
ATACTACCCGTACCAC-1,0.00008,0.480366,0.519553
