Barcode,Topic 1,Topic 2,Topic 3to6,Topic 7,Topic 8to9
AAACAAGTATCTCCCA-1,0.000018,0.023288,0.558195,0.028494,0.390005
AAACAATCTACTAGCA-1,0.000281,0.000281,0.001126,0.997748,0.000563
AAACACCAATAACTGC-1,0.000016,0.010115,0.485791,0.143911,0.360168
AAACAGAGCGACTCCT-1,0.000034,0.000034,0.088342,0.090181,0.821408
AAACAGCTTTCAGAAG-1,0.000272,0.000272,0.44018,0.434183,0.125093
AAACAGGGTCTATATT-1,0.000041,0.001569,0.16693,0.134281,0.697179
AAACATGGTGAGAGGA-1,0.000027,0.009272,0.256474,0.174294,0.559932
AAACATTTCCCGGATT-1,0.000021,0.016154,0.50694,0.052677,0.424208
AAACCACTACACAGAT-1,0.000015,0.003686,0.292431,0.341185,0.362684
AAACCCGAACGAAATC-1,0.000023,0.005534,0.0074,0.067333,0.91971
AAACCGGAAATGTTAA-1,0.000024,0.003706,0.180089,0.040074,0.776107
AAACCGGGTAGGTACC-1,0.000019,0.000019,0.575441,0.068225,0.356295
AAACCGTTCGTCCAGG-1,0.000021,0.021271,0.463464,0.014323,0.500921
AAACCTAAGCAGCCGG-1,0.000014,0.006211,0.586235,0.033886,0.373654
AAACCTCATGAAGTTG-1,0.000157,0.03062,0.000627,0.921453,0.047143
AAACGAAGAACATACC-1,0.000023,0.000023,0.702753,0.280314,0.016887
AAACGAAGATGGAGTA-1,0.000017,0.001871,0.776386,0.078542,0.143185
AAACGACAGTCTTGCC-1,0.000017,0.002183,0.661364,0.041246,0.29519
AAACGAGACGGTTGAT-1,0.00002,0.00002,0.993544,0.000025,0.006392
AAACGCCCGAGATCGG-1,0.000032,0.000032,0.010574,0.033001,0.956362
AAACGCTGGGCACGAC-1,0.000019,0.001578,0.997169,0.000019,0.001215
AAACGGGCGTACGGGT-1,0.000024,0.000024,0.08272,0.02832,0.888913
AAACGGGTTGGTATCC-1,0.000306,0.000306,0.001225,0.99755,0.000613
AAACGGTTGCGAACTG-1,0.000024,0.004477,0.211075,0.101999,0.682426
AAACGTGTTCGCCCTA-1,0.000021,0.018952,0.785559,0.043724,0.151744
AAACTAACGTGGCGAC-1,0.000025,0.07552,0.36541,0.023376,0.535669
AAACTCGGTTCGCAAT-1,0.000037,0.016712,0.370807,0.002404,0.610041
AAACTCGTGATATAAG-1,0.000025,0.000025,0.420752,0.152915,0.426283
AAACTGCTGGCTCCAA-1,0.000019,0.030672,0.649281,0.045417,0.27461
AAACTTAATTGCACGC-1,0.000071,0.000834,0.306804,0.492829,0.199461
AAACTTGCAAACGTAT-1,0.000016,0.001442,0.405764,0.176682,0.416095
AAAGAATGTGGACTAA-1,0.000018,0.007932,0.238986,0.109991,0.643073
AAAGACATGAAGTTTA-1,0.000024,0.009384,0.318184,0.010142,0.662267
AAAGACCCAAGTCGCG-1,0.000222,0.000222,0.190295,0.808815,0.000445
AAAGACTGGGCGCTTT-1,0.000494,0.707824,0.001977,0.288717,0.000988
AAAGCTTGCCTACATA-1,0.000021,0.005669,0.099714,0.149272,0.745324
AAAGGCTACGGACCAT-1,0.00002,0.014408,0.374763,0.069518,0.541291
AAAGGCTCTCGCGCCG-1,0.000043,0.006102,0.00017,0.087926,0.905759
AAAGGGATGTAGCAAG-1,0.000018,0.000118,0.86384,0.032516,0.103509
AAAGGGCAGCTTGAAT-1,0.000751,0.000751,0.003005,0.99399,0.001503
AAAGGTAAGCTGTACC-1,0.000038,0.000038,0.015404,0.08395,0.900571
AAAGGTCAACGACATG-1,0.000022,0.000022,0.038619,0.019241,0.942096
AAAGTAGCATTGCTCA-1,0.000028,0.010886,0.258629,0.179427,0.551031
AAAGTCACTGATGTAA-1,0.000025,0.000025,0.749325,0.068999,0.181626
AAAGTCGACCCTCAGT-1,0.000223,0.000223,0.000891,0.998217,0.000446
AAAGTGCCATCAATTA-1,0.000027,0.012248,0.124319,0.032442,0.830964
AAAGTGTGATTTATCT-1,0.000048,0.000048,0.000191,0.536919,0.462794
AAAGTTGACTCCCGTA-1,0.000038,0.000038,0.102178,0.096997,0.800749
AAATAACCATACGGGA-1,0.000035,0.000035,0.04171,0.051697,0.906522
AAATAAGGTAGTGCCC-1,0.000031,0.002728,0.098236,0.041185,0.85782
AAATACCTATAAGCAT-1,0.000025,0.021261,0.416548,0.024089,0.538077
AAATAGCTTAGACTTT-1,0.000028,0.013676,0.648814,0.089213,0.24827
AAATAGGGTGCTATTG-1,0.000038,0.000854,0.044596,0.027701,0.926812
AAATCCGATACACGCC-1,0.00002,0.001014,0.479158,0.053189,0.466618
AAATCGCGGAAGGAGT-1,0.000025,0.000037,0.0986,0.17678,0.724558
AAATCGTGTACCACAA-1,0.000049,0.000049,0.466031,0.047565,0.486305
AAATCTAGCCCTGCTA-1,0.000035,0.007172,0.633404,0.083969,0.275419
AAATGATTCGATCAGC-1,0.000027,0.004693,0.445778,0.107985,0.441517
AAATGCTCGTTACGTT-1,0.003367,0.003369,0.013478,0.973047,0.006739
AAATGGCATGTCTTGT-1,0.000031,0.001154,0.174238,0.054736,0.769842
AAATGGCCCGTGCCCT-1,0.000027,0.000588,0.128984,0.03268,0.837721
AAATGGTCAATGTGCC-1,0.000038,0.046295,0.399312,0.019645,0.534711
AAATGTATCTTATCCC-1,0.000903,0.000904,0.003616,0.992769,0.001808
AAATGTGGGTGCTCCT-1,0.000139,0.00014,0.000558,0.998884,0.000279
AAATTAACGGGTAGCT-1,0.000034,0.023639,0.545453,0.018575,0.412298
AAATTAATAAGCGCGA-1,0.001916,0.001917,0.007669,0.984664,0.003834
AAATTACACGACTCTG-1,0.000027,0.005618,0.726679,0.000435,0.267241
AAATTACCTATCGATG-1,0.000022,0.000022,0.569359,0.124961,0.305636
AAATTCCAGGTCCAAA-1,0.000015,0.103309,0.64129,0.024756,0.23063
AAATTGATAGTCCTTT-1,0.000048,0.015318,0.284329,0.046396,0.653909
AAATTGCGGCGGTTCT-1,0.000122,0.052478,0.246925,0.700232,0.000244
AAATTGGTGAGAAGCA-1,0.000022,0.179835,0.221439,0.235911,0.362793
AAATTTACCGAAATCC-1,0.000024,0.014081,0.403964,0.067076,0.514855
AAATTTGCGGGTGTGG-1,0.000043,0.000043,0.000173,0.216252,0.783488
AACAACTGGTAGTTGC-1,0.000036,0.003082,0.074243,0.258183,0.664455
AACAATACATTGTCGA-1,0.000018,0.015683,0.25692,0.026074,0.701304
AACAATTACTCTACGC-1,0.001481,0.001482,0.00593,0.548438,0.442668
AACACACGCTCGCCGC-1,0.000033,0.000033,0.013157,0.774601,0.212176
AACACGACTGTACTGA-1,0.000015,0.006399,0.583406,0.015647,0.394533
AACACGAGACGCGGCC-1,0.000033,0.000033,0.000133,0.019013,0.980787
AACACGCGGCCGCGAA-1,0.000397,0.000397,0.001588,0.996823,0.000794
AACAGCTGTGTGGCAA-1,0.000018,0.000351,0.196544,0.075463,0.727624
AACAGGAAATCGAATA-1,0.000039,0.009287,0.241566,0.05383,0.695278
AACAGGTAGTATGGAT-1,0.000027,0.008787,0.423924,0.034743,0.532518
AACATATCAACTGGTG-1,0.000045,0.000045,0.176573,0.188674,0.634664
AACATCGATACGTCTA-1,0.000032,0.007702,0.071736,0.173055,0.747475
AACATTGGTCAGCCGT-1,0.00016,0.00016,0.000642,0.998717,0.000321
AACATTGTGACTCGAG-1,0.000028,0.000028,0.08825,0.009016,0.902677
AACCAAGACTTCTCTG-1,0.000025,0.011964,0.581544,0.015853,0.390613
AACCAGTATCACTCTT-1,0.000037,0.000037,0.355935,0.003546,0.640444
AACCATGGGATCGCTA-1,0.001122,0.001123,0.004493,0.991015,0.002246
AACCCAGAGACGGAGA-1,0.000343,0.134905,0.139486,0.72458,0.000686
AACCCATCCCATGATC-1,0.00002,0.002241,0.349952,0.090968,0.556819
AACCCGACAACCCGTG-1,0.00001,0.006342,0.923574,0.004877,0.065196
AACCCGAGCAGAATCG-1,0.000017,0.01075,0.844866,0.029998,0.114369
AACCCGATAGGGCTTC-1,0.000009,0.019543,0.928944,0.004234,0.047271
AACCCTACTGTCAATA-1,0.000029,0.00458,0.52828,0.11695,0.350161
AACCCTGGTGGAACCA-1,0.000014,0.004303,0.526465,0.003724,0.465494
AACCGAGCTTGGTCAT-1,0.000029,0.611837,0.013003,0.120856,0.254275
AACCGCTAAGGGATGC-1,0.000046,0.000046,0.016716,0.814235,0.168956
AACCGTTGTGTTTGCT-1,0.000048,0.000048,0.000193,0.011053,0.988658
AACCTAAAGCCGTCCG-1,0.000013,0.003252,0.777009,0.000046,0.21968
AACCTCGCTTTAGCCC-1,0.000023,0.000773,0.452805,0.037433,0.508966
AACCTGTCACGGAATT-1,0.000018,0.005242,0.700143,0.036231,0.258367
AACCTTTAAATACGGT-1,0.000033,0.000033,0.008682,0.056739,0.934513
AACCTTTACGACGTCT-1,0.000036,0.000037,0.271898,0.033755,0.694274
AACGAAAGTCGTCCCA-1,0.00001,0.001005,0.651909,0.029175,0.317901
AACGACCTCCTAGCCG-1,0.000017,0.007479,0.965276,0.006785,0.020442
AACGATAATGCCGTAG-1,0.000037,0.025959,0.199789,0.043135,0.73108
AACGATAGAAGGGCCG-1,0.000045,0.000045,0.000996,0.032777,0.966137
AACGATATGTCAACTG-1,0.000028,0.00148,0.429904,0.109005,0.459583
AACGCATGATCTGGGT-1,0.000031,0.000031,0.346322,0.097948,0.555666
AACGCGAACGGCAACA-1,0.000379,0.00038,0.001518,0.996964,0.000759
AACGCGACCTTGGGCG-1,0.000031,0.01424,0.382906,0.066311,0.536511
AACGCGGTCTCCAGCC-1,0.000046,0.000046,0.156078,0.051008,0.792822
AACGCTGTTGCTGAAA-1,0.000031,0.000031,0.422923,0.3501,0.226915
AACGGACGTACGTATA-1,0.000046,0.012594,0.222334,0.343722,0.421303
AACGGCCATCTCCGGT-1,0.00003,0.001159,0.238563,0.093476,0.666771
AACGTACTGTGGGTAC-1,0.000051,0.047522,0.494085,0.10384,0.354501
AACGTAGTCTACCCAT-1,0.000374,0.060126,0.113496,0.825255,0.000749
AACGTCAGACTAGTGG-1,0.000026,0.00733,0.509566,0.057995,0.425083
AACGTGATGAAGGACA-1,0.000033,0.005296,0.075623,0.000033,0.919014
AACGTGCGAAAGTCTC-1,0.000035,0.000559,0.236067,0.02773,0.735608
AACGTTATCAGCACCT-1,0.000335,0.000335,0.00134,0.997321,0.00067
AACGTTCTACCATTGT-1,0.000056,0.000056,0.037518,0.048925,0.913444
AACTACCCGTTTGTCA-1,0.000034,0.000034,0.210996,0.068471,0.720464
AACTAGCGTATCGCAC-1,0.000105,0.000105,0.000422,0.937812,0.061555
AACTAGGCTTGGGTGT-1,0.00006,0.004666,0.169883,0.001829,0.823563
AACTCAAGTTAATTGC-1,0.000024,0.012565,0.296954,0.03055,0.659907
AACTCCAGAGCGTGTT-1,0.000018,0.014052,0.66222,0.104362,0.219348
AACTCCTAATCCCATG-1,0.000034,0.000034,0.039572,0.132872,0.827488
AACTCGATAAACACGT-1,0.00036,0.00036,0.518499,0.480062,0.00072
AACTCGATGGCGCAGT-1,0.000422,0.000423,0.001691,0.91039,0.087073
AACTCTCAATAGAGCG-1,0.000022,0.009494,0.797483,0.125096,0.067905
AACTCTCAGTGTGCTC-1,0.000035,0.044873,0.13244,0.035533,0.787118
AACTGAGGTCAGCGTC-1,0.000028,0.000028,0.064039,0.042575,0.89333
AACTGAGTTATACTGA-1,0.000023,0.002883,0.503723,0.343149,0.150222
AACTGATATTAGGCCT-1,0.000026,0.006586,0.532537,0.188904,0.271947
AACTGGGTCCCGACGT-1,0.000041,0.023389,0.015439,0.044349,0.916782
AACTGGGTTCGAGCCG-1,0.000028,0.020651,0.489918,0.020631,0.468772
AACTGGTGTGGGCCTT-1,0.000115,0.000115,0.000462,0.939188,0.060119
AACTTCTGCGTCTATC-1,0.002179,0.054203,0.008721,0.930537,0.00436
AACTTGCCCGTATGCA-1,0.000047,0.125769,0.008917,0.138055,0.727212
AACTTGCGTTCTCGCG-1,0.000467,0.364065,0.450916,0.183618,0.000934
AACTTTACGGGAGCTT-1,0.000374,0.000374,0.001498,0.997005,0.000749
AACTTTAGCTGCTGAG-1,0.00012,0.00012,0.000481,0.999037,0.000241
AACTTTCTCGATCATG-1,0.000024,0.019844,0.236808,0.224296,0.519028
AAGAAATCACCAGATT-1,0.00002,0.006985,0.167655,0.115502,0.709838
AAGAAGGATCAGTTAG-1,0.001263,0.001264,0.005054,0.744212,0.248208
AAGACATACGTGGTTT-1,0.000033,0.000033,0.462349,0.025183,0.512402
AAGACCAAATAACTCA-1,0.000028,0.014669,0.056994,0.283903,0.644407
AAGACCCAACTGAACA-1,0.00002,0.010741,0.323113,0.009685,0.656441
AAGACTAACCCGTTGT-1,0.000137,0.341749,0.067245,0.590595,0.000274
AAGACTCACGCCCACT-1,0.000022,0.018794,0.195403,0.014356,0.771425
AAGACTGCAAGCTACT-1,0.000043,0.000409,0.001982,0.372634,0.624932
AAGAGATGAATCGGTA-1,0.000193,0.000193,0.193348,0.50383,0.302436
AAGAGCTCTTTATCGG-1,0.000028,0.001137,0.738631,0.008339,0.251866
AAGAGGATGTACGCGA-1,0.000028,0.000393,0.478377,0.11111,0.410092
AAGAGGCATGGATCGC-1,0.000037,0.006285,0.006335,0.01088,0.976463
AAGAGGCCCTTTGGAA-1,0.000018,0.004146,0.61302,0.067862,0.314953
AAGATGGCACCGGACC-1,0.000032,0.01897,0.25002,0.015317,0.715661
AAGATTGGCGGAACGT-1,0.00004,0.00004,0.017659,0.200451,0.78181
AAGCACCCTGCGTATC-1,0.000025,0.023237,0.513491,0.057881,0.405365
AAGCATACTCTCCTGA-1,0.00003,0.014712,0.044293,0.079062,0.861903
AAGCCGAAGCGGTTTA-1,0.000036,0.004464,0.167703,0.163303,0.664493
AAGCCGCCGTGAAATC-1,0.000042,0.000042,0.007582,0.943283,0.049051
AAGCCGCTTTACCTTG-1,0.000018,0.014139,0.821386,0.034797,0.12966
AAGCCGGAGAGCAGGA-1,0.000029,0.00305,0.582664,0.067273,0.346985
AAGCGCAGGGCTTTGA-1,0.00003,0.049109,0.128267,0.215886,0.606708
AAGCGGAGTGCGCGCA-1,0.000051,0.000051,0.000206,0.946466,0.053225
AAGCGGCGTCATGGGT-1,0.000083,0.000083,0.009535,0.443426,0.546873
AAGCGTCCCTCATCGA-1,0.000028,0.018038,0.048114,0.156491,0.777329
AAGCTAGATCGAGTAA-1,0.000027,0.039925,0.195465,0.006283,0.758299
AAGCTCGTGCCAAGTC-1,0.000044,0.016261,0.15938,0.233547,0.590768
AAGCTCTTTCATGGTG-1,0.000013,0.062099,0.851128,0.049208,0.037553
AAGGAGAACTTATAAG-1,0.000149,0.000149,0.000598,0.998805,0.000299
AAGGAGCGGTTGGTGC-1,0.000031,0.022227,0.451617,0.073389,0.452735
AAGGATCGATCGCTTG-1,0.000025,0.000025,0.532424,0.073477,0.394048
AAGGATGAGGGACCTC-1,0.00006,0.00006,0.329399,0.080441,0.590039
AAGGCAGGCTGTCTCC-1,0.000038,0.000038,0.206363,0.193451,0.600111
AAGGCGCGTAAAGCTT-1,0.000026,0.008234,0.244956,0.050686,0.696098
AAGGCTGTGCTCATCG-1,0.000035,0.006034,0.397829,0.044444,0.551659
AAGGGAACGACTGGCT-1,0.000038,0.000038,0.201914,0.371753,0.426257
AAGGGACAGATTCTGT-1,0.000035,0.000035,0.299231,0.166591,0.534108
AAGGGACTATGCATTC-1,0.000023,0.049375,0.456006,0.200229,0.294367
AAGGGTTAGCCATGCG-1,0.000118,0.000118,0.686813,0.000118,0.312833
AAGGGTTTGATTTCAG-1,0.000014,0.030277,0.779864,0.016312,0.173534
AAGGTATCCTAATATA-1,0.000024,0.01339,0.563755,0.002523,0.420309
AAGGTGATAAACCAGC-1,0.000033,0.233093,0.012967,0.185791,0.568115
AAGTAAGCTTCCAAAC-1,0.000406,0.000406,0.001623,0.996754,0.000812
AAGTAGAAGACCGGGT-1,0.000024,0.000024,0.075877,0.000024,0.92405
AAGTAGTGACGCGAGG-1,0.000042,0.017185,0.592985,0.074665,0.315124
AAGTCAATTGTCGTCA-1,0.000028,0.003278,0.560901,0.091155,0.344638
AAGTCTAGTAGCTGCC-1,0.00002,0.006521,0.426706,0.112834,0.453919
AAGTCTTCTGTGGCCT-1,0.000823,0.000824,0.794442,0.202264,0.001647
AAGTGAGTCGGGTTTA-1,0.000073,0.033289,0.241756,0.053802,0.67108
AAGTGCAAAGGTAGAC-1,0.000703,0.000704,0.002815,0.872279,0.123499
AAGTGCCTTGACTGTA-1,0.000045,0.018447,0.272915,0.069917,0.638676
AAGTGCGTTAGAATCT-1,0.00004,0.007786,0.102455,0.22703,0.662688
AAGTGTTTGGAGACGG-1,0.000039,0.005392,0.099307,0.02963,0.865631
AAGTTCACTCCAAGCT-1,0.000025,0.002524,0.522853,0.020343,0.454254
AAGTTCAGTCTGCGTA-1,0.000036,0.000036,0.002947,0.126886,0.870094
AAGTTCGGCCAACAGG-1,0.000024,0.008267,0.819202,0.082245,0.090261
AAGTTGTGATGTTATA-1,0.000021,0.013743,0.691974,0.019124,0.275138
AAGTTTACTAATGGCA-1,0.000072,0.000072,0.330773,0.1924,0.476683
AAGTTTATGGGCCCAA-1,0.000023,0.000023,0.247206,0.012988,0.739759
AATAACAACGCTCGGC-1,0.000036,0.006324,0.024634,0.030865,0.938141
AATAACACTAGAACAA-1,0.000015,0.028734,0.638527,0.006545,0.326179
AATAAGTCCTCGAGAC-1,0.000021,0.000021,0.036235,0.000021,0.963702
AATAATCTTCGTATCG-1,0.000029,0.000749,0.047971,0.033454,0.917797
AATACAATGTTTCAGG-1,0.001709,0.001711,0.006842,0.986316,0.003421
AATACCGGAGGGCTGT-1,0.000034,0.017015,0.407338,0.111254,0.46436
AATAGAACAGAGTGGC-1,0.00006,0.012038,0.564156,0.04349,0.380255
AATAGAATCTGTTTCA-1,0.000021,0.005671,0.318996,0.081978,0.593335
AATAGCAAGCCTCCTG-1,0.00002,0.004715,0.491571,0.027326,0.476367
AATAGCTACCGCGTGC-1,0.000054,0.004889,0.160376,0.403374,0.431309
AATAGTCCGTCCCGAC-1,0.00003,0.438709,0.058278,0.143257,0.359725
AATAGTCGCGAGTCGG-1,0.000299,0.074255,0.52937,0.395478,0.000598
AATATCAAGGTCGGAT-1,0.000114,0.117461,0.000458,0.845408,0.036558
AATATCCTAGCAAACT-1,0.000033,0.024337,0.184392,0.425469,0.365769
AATATCGAATCAATGC-1,0.000025,0.000025,0.335718,0.054204,0.610028
AATATCGAGGGTTCTC-1,0.000032,0.000676,0.174104,0.033751,0.791437
AATATTGGAGTATTGA-1,0.000064,0.000064,0.705273,0.141892,0.152707
AATCAGACTGCAGGAC-1,0.000112,0.337338,0.31945,0.342875,0.000224
AATCATGTAAAGACTC-1,0.00002,0.03282,0.592993,0.349405,0.024762
AATCCAAGGGCCTGAG-1,0.000027,0.007735,0.583792,0.019135,0.389311
AATCCATGCAAGGGTG-1,0.000842,0.000842,0.003369,0.993262,0.001685
AATCGCCTCAGCGCCA-1,0.00003,0.013533,0.521297,0.09511,0.37003
AATCGCGCAGAGGACT-1,0.000032,0.003689,0.385592,0.142802,0.467885
AATCGGGACACTACGA-1,0.000034,0.000034,0.345248,0.271633,0.383051
AATCGGTATAGCCCTC-1,0.000016,0.020024,0.821499,0.032584,0.125877
AATCGTGAGCCGAGCA-1,0.000035,0.002294,0.227835,0.190432,0.579403
AATCTAGGTTTACTTG-1,0.000018,0.003539,0.502523,0.096623,0.397297
AATCTATGCCGGAGCC-1,0.000044,0.002949,0.000174,0.12037,0.876463
AATCTCTACTGTGGTT-1,0.000273,0.000273,0.178523,0.820384,0.000546
AATCTGCGTTGGGACG-1,0.00002,0.00002,0.939993,0.033821,0.026146
AATCTGGCTTTCTAGT-1,0.000044,0.000044,0.137673,0.216093,0.646145
AATCTGGGTAGACCCT-1,0.000038,0.015129,0.102231,0.02296,0.859642
AATGACAGCAATGTCT-1,0.000032,0.009072,0.262752,0.361924,0.36622
AATGACGTAGGATGTC-1,0.000031,0.021861,0.19556,0.267335,0.515213
AATGACTGTCAGCCGG-1,0.000045,0.128288,0.387129,0.049969,0.43457
AATGAGTTCGCATATG-1,0.00161,0.001612,0.006446,0.987109,0.003223
AATGATGATACGCTAT-1,0.000041,0.00035,0.381195,0.033704,0.584711
AATGATGCGACTCCTG-1,0.000047,0.000047,0.198543,0.075301,0.726061
AATGCAACCGGGTACC-1,0.000021,0.128041,0.420088,0.087646,0.364203
AATGCACCAAGCAATG-1,0.000038,0.010245,0.160705,0.149462,0.67955
AATGGCCGCCAATGCG-1,0.000016,0.01367,0.708559,0.018857,0.258898
AATGGTCCACCGTTCA-1,0.000235,0.000236,0.000942,0.748699,0.249888
AATGGTTCTCACAAGC-1,0.000259,0.000259,0.027004,0.971959,0.000518
AATGTGCCCGAGGTGT-1,0.000022,0.549116,0.000087,0.143468,0.307308
AATGTGCTAATCTGAG-1,0.000036,0.000036,0.397102,0.07788,0.524945
AATGTTGTCGTGAGAC-1,0.000055,0.000055,0.000221,0.999557,0.000111
AATTAAAGGTCGGCGT-1,0.000034,0.03859,0.824401,0.057531,0.079444
AATTAACGGATTTCCA-1,0.000014,0.010333,0.893213,0.000708,0.095732
AATTACGAGACCCATC-1,0.000028,0.008908,0.235277,0.093523,0.662264
AATTACTCGTACGCTC-1,0.000686,0.000686,0.002746,0.994509,0.001373
AATTAGCGCTGCAGCG-1,0.000051,0.059432,0.154841,0.038803,0.746872
AATTCATAAGGGATCT-1,0.000029,0.00003,0.45802,0.134982,0.406938
AATTCATTGTCATGCA-1,0.000028,0.016097,0.482971,0.421826,0.079079
AATTCCAACTTGGTGA-1,0.000257,0.000257,0.00103,0.997941,0.000515
AATTCCAAGCATGTAC-1,0.000016,0.007397,0.332888,0.068037,0.591662
AATTCGATTCGAGGAT-1,0.000026,0.035934,0.289413,0.013178,0.661449
AATTCTAGAGTTAGGC-1,0.000034,0.018658,0.252169,0.043438,0.685701
AATTGAACGCTCTGGT-1,0.000022,0.020169,0.424571,0.019703,0.535536
AATTGCAGCAATCGAC-1,0.000018,0.011687,0.511494,0.021476,0.455326
AATTGTGGTTGCCAAA-1,0.000026,0.000026,0.17128,0.02129,0.807378
AATTTGGGACATAGTA-1,0.000039,0.003514,0.344016,0.075353,0.577079
AATTTGGTTCCAAAGA-1,0.00002,0.00002,0.02721,0.002165,0.970584
ACAAACCATGCGTCCT-1,0.000039,0.004546,0.551602,0.254115,0.189698
ACAAACCGACAAGGCG-1,0.000012,0.004669,0.441938,0.040816,0.512565
ACAAAGAAGGTAGGCC-1,0.000038,0.005,0.328988,0.282238,0.383737
ACAAAGCATGACCTAG-1,0.00002,0.02213,0.558873,0.04464,0.374336
ACAAATCGCACCGAAT-1,0.000026,0.015245,0.257665,0.131232,0.595832
ACAAATGGTAGTGTTT-1,0.000049,0.007464,0.252895,0.093136,0.646455
ACAAATTCAGATCTGA-1,0.000045,0.000045,0.187467,0.229384,0.583059
ACAACAGCATGAGCTA-1,0.000022,0.004635,0.834271,0.135551,0.025521
ACAACGGTCCCTGCGA-1,0.000236,0.000236,0.117467,0.73997,0.142091
ACAAGCAGTGCCTAGC-1,0.000048,0.000048,0.000192,0.227796,0.771916
ACAAGCTATATGGAAG-1,0.001355,0.001356,0.005424,0.989153,0.002712
ACAAGGAAATCCGCCC-1,0.000016,0.008789,0.805177,0.01587,0.170146
ACAAGGACAAGAGGTT-1,0.000037,0.006981,0.178284,0.093379,0.72132
ACAAGGATGCTTTAGG-1,0.000016,0.030599,0.800544,0.051027,0.117813
ACAAGGCCTACCAGCC-1,0.000028,0.000214,0.09335,0.031055,0.875353
ACAAGGGCAGGCTCTG-1,0.000041,0.000058,0.011097,0.028488,0.960316
ACAATAGTCGTACGTT-1,0.000058,0.012893,0.126251,0.15127,0.709528
ACAATCCATTTAAACC-1,0.000026,0.000026,0.000103,0.041773,0.958072
ACAATCGATCTTTATA-1,0.000089,0.000089,0.096135,0.834178,0.06951
ACAATGATTCTTCTAC-1,0.00002,0.000432,0.509564,0.052092,0.437892
ACAATTGTGTCTCTTT-1,0.000025,0.008797,0.609444,0.107678,0.274056
ACAATTTAGGAGGCTC-1,0.000842,0.000842,0.003369,0.993262,0.001685
ACAATTTGAGCAGTGG-1,0.000053,0.000053,0.000211,0.066994,0.93269
ACAATTTGGCCATATT-1,0.000039,0.000039,0.384444,0.097591,0.517887
ACACAAAGACGGGTGG-1,0.000032,0.000032,0.092781,0.005052,0.902103
ACACAAATATTCCTAG-1,0.000016,0.020785,0.453946,0.105282,0.419972
ACACACCAGGACCAGT-1,0.000026,0.161903,0.084455,0.150506,0.60311
ACACACTTTCTACACG-1,0.000028,0.00323,0.656973,0.022374,0.317395
ACACATGATCAAATCT-1,0.000014,0.293305,0.281995,0.276064,0.148623
ACACATTGACGCAACA-1,0.000772,0.000772,0.003089,0.993823,0.001544
ACACCACATAATTAGC-1,0.000028,0.000028,0.227844,0.018987,0.753113
ACACCCAGCATGCAGC-1,0.000024,0.085081,0.105194,0.02819,0.781511
ACACCCGAGAAATCCG-1,0.000036,0.0168,0.000143,0.068433,0.914588
ACACCCGTAAATCTGT-1,0.000044,0.019698,0.612619,0.051842,0.315797
ACACCGAGCGCTCTTT-1,0.000861,0.000862,0.003448,0.993105,0.001724
ACACCGGTCTGACCGC-1,0.000026,0.000082,0.219146,0.21876,0.561985
ACACCTTAAGTAGGGC-1,0.000027,0.000388,0.308217,0.008822,0.682546
ACACCTTACTACTTGC-1,0.00003,0.013931,0.348259,0.245108,0.392672
ACACGAGACTCCTTCT-1,0.000058,0.000059,0.005389,0.238452,0.756042
ACACGGCACTATGCAT-1,0.000022,0.000022,0.009133,0.035986,0.954836
ACACGGGAACTTAGGG-1,0.000037,0.000037,0.302843,0.061504,0.63558
ACACGTAGGCCACAAG-1,0.000019,0.00201,0.688293,0.014199,0.295478
ACACTCCAATGTCACT-1,0.000573,0.000573,0.002293,0.995415,0.001146
ACACTGATCAAGGTGT-1,0.00005,0.026196,0.674672,0.13032,0.168762
ACACTGGGACAGTCGT-1,0.00002,0.0218,0.62776,0.019016,0.331405
ACAGAACTGAGAACAA-1,0.000015,0.032656,0.782812,0.054711,0.129806
ACAGATTAGGTTAGTG-1,0.000056,0.000056,0.113335,0.766223,0.12033
ACAGCATAGAGCCAGT-1,0.000031,0.000031,0.000125,0.07317,0.926641
ACAGCGACATTCTCAT-1,0.000021,0.010808,0.736294,0.069286,0.183591
ACAGCGCACCCGCAGC-1,0.000023,0.001063,0.389114,0.009278,0.600523
ACAGGAGGCGCAGCCG-1,0.00022,0.000221,0.111592,0.671239,0.216727
ACAGGCACGGATCCTT-1,0.000033,0.007554,0.629185,0.070239,0.292989
ACAGGCTTGCCCGACT-1,0.000032,0.014696,0.33742,0.030667,0.617184
ACAGGTGGAGGTGAGG-1,0.000019,0.005918,0.86401,0.01457,0.115484
ACAGGTGTGTTGTTGC-1,0.000343,0.000343,0.001373,0.997255,0.000686
ACAGTAATACAACTTG-1,0.000053,0.005761,0.014892,0.321367,0.657927
ACAGTATACCGTGGGA-1,0.000021,0.003057,0.287131,0.061515,0.648276
ACAGTGCAGCGCATTT-1,0.000012,0.00564,0.471209,0.131515,0.391624
ACATAAGTCGTGGTGA-1,0.000023,0.02445,0.450567,0.109608,0.415352
ACATAATAAGGCGGTG-1,0.000022,0.01232,0.638051,0.020224,0.329383
ACATCAGCTGGGACGC-1,0.000703,0.000704,0.002815,0.994371,0.001407
ACATCCCGGCCATACG-1,0.000043,0.034157,0.279173,0.160562,0.526064
ACATCCTGGTAACTGT-1,0.000033,0.024378,0.463585,0.2271,0.284904
ACATCGATCGTTTACC-1,0.000031,0.002464,0.497831,0.055729,0.443944
ACATCGGTCAGCCGCG-1,0.000051,0.000969,0.095225,0.458853,0.444902
ACATCGTATGCAATGG-1,0.000047,0.000047,0.274909,0.709622,0.015375
ACATCGTTAACCTAGT-1,0.000021,0.00337,0.623678,0.001334,0.371597
ACATCTCAACGCGTAA-1,0.000019,0.003846,0.311222,0.002269,0.682645
ACATGGCGCCAAAGTA-1,0.000017,0.001691,0.717303,0.022735,0.258255
ACATGGCTCAATTTAG-1,0.000262,0.000262,0.094285,0.904667,0.000524
ACATTAGTTTATATCC-1,0.000027,0.003326,0.496521,0.058407,0.441719
ACATTTGAAACCTAAC-1,0.000068,0.000068,0.382129,0.189657,0.428077
ACCAAACACCCAGCGA-1,0.000017,0.005021,0.481191,0.045021,0.468749
ACCAAACTAGAAATCC-1,0.00004,0.00004,0.122899,0.719666,0.157355
ACCAACACCACACACT-1,0.000032,0.000816,0.003885,0.159473,0.835794
ACCAACCGCACTCCAC-1,0.000014,0.002567,0.276592,0.125991,0.594835
ACCAACGCTTATTTAT-1,0.000019,0.008192,0.867724,0.057141,0.066924
ACCAAGAACGCGTGTC-1,0.000042,0.000042,0.534323,0.049051,0.416543
ACCAAGTCATCGGCAG-1,0.000037,0.007686,0.101126,0.729971,0.16118
ACCAATATGCAAGTTA-1,0.000026,0.013587,0.564335,0.023975,0.398078
ACCACAACTCAGAACA-1,0.000035,0.010375,0.365865,0.069,0.554725
ACCACAAGTTTCTATC-1,0.000028,0.007343,0.574115,0.021252,0.397261
ACCACCAATGTAACAA-1,0.000041,0.000041,0.001494,0.518863,0.479562
ACCACCCTCTCTTCTA-1,0.000023,0.000315,0.194811,0.132922,0.671929
ACCACGTGCAGCTATA-1,0.000026,0.013327,0.675537,0.036731,0.27438
ACCACTGTTCAAGAAG-1,0.000799,0.0008,0.228619,0.768182,0.0016
ACCAGACCATAACAAC-1,0.000514,0.170255,0.002059,0.664809,0.162362
ACCAGCCCGGTCTTTG-1,0.000016,0.005236,0.433704,0.005516,0.555528
ACCAGGAGTGTGATCT-1,0.000135,0.000135,0.00054,0.998919,0.00027
ACCAGTGCCCGGTCAA-1,0.000023,0.009423,0.567107,0.1833,0.240147
ACCAGTGCGGGAGACG-1,0.000028,0.012221,0.418755,0.168146,0.40085
ACCATATCCGCAATAA-1,0.000019,0.002903,0.295186,0.167123,0.53477
ACCATCCGCCAACTAG-1,0.000183,0.002406,0.000732,0.77702,0.21966
ACCATCGTATATGGTA-1,0.000036,0.015686,0.67858,0.060673,0.245024
ACCATTAAGGGTGTCA-1,0.000534,0.028987,0.002138,0.965235,0.003105
ACCCAACGCCCGTGGC-1,0.000031,0.059406,0.035898,0.351297,0.553368
ACCCACCTACATGCTC-1,0.000387,0.000387,0.167438,0.497647,0.334141
ACCCATCTTGAGGGTA-1,0.000021,0.00059,0.987774,0.011573,0.000042
ACCCATTTGTCCCTCT-1,0.000021,0.020065,0.496126,0.041727,0.442061
ACCCGAGCGAAATTAC-1,0.000016,0.005611,0.240897,0.030827,0.722648
ACCCGGAAACTCCCAG-1,0.000025,0.006166,0.616448,0.008141,0.36922
ACCCGGAGCACCACAA-1,0.000015,0.007338,0.429049,0.069686,0.493912
ACCCGGATGACGCATC-1,0.00003,0.00003,0.497816,0.042538,0.459586
ACCCGGTTACACTTCC-1,0.000016,0.004436,0.991946,0.002406,0.001196
ACCCGTAGTCTAGTTG-1,0.000043,0.012911,0.080009,0.080451,0.826586
ACCCGTGTCATCAGTA-1,0.000031,0.000601,0.525203,0.01802,0.456146
ACCCTATAGGACTGAG-1,0.000084,0.098369,0.527186,0.374191,0.000169
ACCCTATGCCATATCG-1,0.000017,0.005896,0.743926,0.109542,0.140619
ACCCTCCCGTCAGGGC-1,0.000016,0.021131,0.879086,0.055893,0.043873
ACCCTCCCTTGCTATT-1,0.000036,0.023886,0.247981,0.157601,0.570497
ACCCTGGTAACGCCCT-1,0.000024,0.017303,0.485201,0.063516,0.433956
ACCCTTCATCTGCGAA-1,0.000026,0.002295,0.544602,0.010289,0.442789
ACCCTTGCCTGGGTCG-1,0.000022,0.000022,0.691974,0.064396,0.243587
ACCCTTTAGTTCTCCA-1,0.000028,0.000028,0.290144,0.000028,0.709773
ACCGAAAGGGCCCTGC-1,0.000053,0.000053,0.186018,0.806806,0.00707
ACCGAAGAGTCTGGTT-1,0.000014,0.008405,0.58589,0.135332,0.270358
ACCGACACATCTCCCA-1,0.000033,0.019672,0.25837,0.005999,0.715926
ACCGACTGAGTCCCAC-1,0.000028,0.010906,0.574759,0.12377,0.290537
ACCGAGTCTCCTTATT-1,0.000021,0.000021,0.238993,0.111064,0.6499
ACCGATAGGCATAACC-1,0.000027,0.013057,0.235433,0.090636,0.660847
ACCGATATTTAATCAT-1,0.000034,0.000034,0.405697,0.084893,0.509343
ACCGATGGTAGCATCG-1,0.000023,0.000039,0.400438,0.118986,0.480513
ACCGCAATAACTGCCT-1,0.000035,0.030066,0.345932,0.127354,0.496613
ACCGCGGTGGAAGTCG-1,0.000025,0.015912,0.256501,0.078985,0.648577
ACCGGGCCTTTGTTGA-1,0.000031,0.000031,0.030618,0.11613,0.85319
ACCGGTCAGGTACACC-1,0.000022,0.085054,0.037925,0.37234,0.504659
ACCGGTCTGAGTACGG-1,0.000034,0.00004,0.240969,0.055986,0.702972
ACCGTCCACTGGGCCC-1,0.000022,0.009029,0.131076,0.399124,0.460749
ACCGTGACCACGTGGG-1,0.000024,0.026922,0.203251,0.004131,0.765673
ACCGTTCCCGCTCTGA-1,0.000045,0.000045,0.329041,0.319985,0.350885
ACCTAAGTACCTTTCA-1,0.000025,0.00818,0.185411,0.272252,0.534132
ACCTAATCGACTTCCT-1,0.000036,0.004276,0.320937,0.106483,0.568267
ACCTACAGTATGTGGT-1,0.000029,0.012095,0.489972,0.115067,0.382836
ACCTACTATAAATCTA-1,0.000022,0.032519,0.364259,0.036597,0.566604
ACCTCCGCCCTCGCTG-1,0.000034,0.023789,0.197691,0.016932,0.761555
ACCTCCGTTATTCACC-1,0.000031,0.000031,0.422099,0.107939,0.469899
ACCTGCGTGTCATGTT-1,0.000045,0.000045,0.000181,0.181388,0.81834
ACCTTTCCTTTAGAAG-1,0.000141,0.000141,0.000563,0.927645,0.07151
ACGAAATGGGCGGCAC-1,0.000111,0.000111,0.000444,0.305015,0.694319
ACGACCCATGAGTTGC-1,0.000035,0.013375,0.362138,0.150094,0.474359
ACGACTCTAGGGCCGA-1,0.000019,0.031904,0.966685,0.001354,0.000038
ACGACTGGTCATACTC-1,0.000025,0.002902,0.206566,0.044291,0.746216
ACGAGAACCCATCACG-1,0.00026,0.00026,0.001042,0.951308,0.047129
ACGAGATATTTGCTTA-1,0.000024,0.000024,0.537035,0.014683,0.448235
ACGAGGATACCACTCT-1,0.000014,0.000941,0.522363,0.137758,0.338924
ACGAGGTTTACAACGT-1,0.000009,0.012411,0.788765,0.023284,0.17553
ACGAGTACGGATGCCC-1,0.000044,0.020335,0.014971,0.083664,0.880986
ACGAGTCGCCGGCGTT-1,0.000198,0.000198,0.000791,0.998417,0.000396
ACGATACATAGAACTA-1,0.000045,0.000045,0.041329,0.082462,0.87612
ACGATACCTATCCTGA-1,0.000287,0.076388,0.598007,0.324744,0.000575
ACGATCATACATAGAG-1,0.000024,0.011989,0.699653,0.051117,0.237216
ACGATCATCTTGTAAA-1,0.000023,0.1134,0.11349,0.158397,0.614691
ACGATGCATATGTTAT-1,0.000025,0.027899,0.536245,0.179725,0.256106
ACGATGGATCCGATGC-1,0.000015,0.004102,0.832884,0.00499,0.158009
ACGCAAACTAATAGAT-1,0.000024,0.005112,0.435509,0.022548,0.536807
ACGCAATCACTACAGC-1,0.00006,0.00006,0.022666,0.352357,0.624858
ACGCATAAATGACATG-1,0.000017,0.00971,0.724119,0.103245,0.162909
ACGCATACGTTTACTA-1,0.000016,0.00775,0.76576,0.052981,0.173494
ACGCATTCGTGAGTAC-1,0.000041,0.046567,0.378107,0.059598,0.515687
ACGCCAGATGATTTCT-1,0.000029,0.007877,0.504353,0.018559,0.469182
ACGCCAGTGCGTTTGC-1,0.000032,0.000032,0.106077,0.169809,0.724049
ACGCCCAGCTGTCGAT-1,0.000019,0.001043,0.100561,0.05661,0.841767
ACGCCGCTAGACGACC-1,0.000041,0.009172,0.30349,0.028357,0.65894
ACGCCTGACACGCGCT-1,0.000049,0.030052,0.184035,0.781714,0.00415
ACGCGAAGTCAGACGA-1,0.000057,0.020175,0.126995,0.128866,0.723907
ACGCGCTACACAGGGT-1,0.000072,0.000072,0.315593,0.344879,0.339384
ACGCGGGCCAAGGACA-1,0.000021,0.018215,0.93686,0.001195,0.043709
ACGCGTTTCTTAAGAG-1,0.00101,0.001011,0.004044,0.991914,0.002022
ACGCTACTGAATGGGC-1,0.000021,0.004043,0.976547,0.00712,0.01227
ACGCTAGTATCAGTGC-1,0.000056,0.002724,0.685901,0.169333,0.141985
ACGCTAGTGATACACT-1,0.000022,0.2735,0.316755,0.26306,0.146664
ACGCTGTGAGGCGTAG-1,0.000081,0.000081,0.000325,0.980922,0.018591
ACGCTTAGTGTCTCTC-1,0.000029,0.025258,0.376734,0.034938,0.563041
ACGGAATTTAGCAAAT-1,0.001481,0.001483,0.00593,0.98814,0.002965
ACGGACTCTCAAAGCG-1,0.000026,0.029922,0.185874,0.007892,0.776286
ACGGAGCGCAAATTAC-1,0.000025,0.007162,0.380735,0.033952,0.578126
ACGGATGGTGCGGATA-1,0.00002,0.004239,0.841049,0.005529,0.149163
ACGGCACTTGCTTGGG-1,0.000042,0.005072,0.55723,0.000842,0.436814
ACGGCCAACATGGACT-1,0.000028,0.000028,0.38091,0.03887,0.580164
ACGGCGACGATGGGAA-1,0.000033,0.008366,0.493984,0.017977,0.47964
ACGGCGGGTTGCCCTG-1,0.000494,0.000494,0.001977,0.996047,0.000988
ACGGCTGGATGTAGAA-1,0.000077,0.000077,0.004584,0.482442,0.512819
ACGGGAGTGTCGGCCC-1,0.000034,0.000034,0.038669,0.155307,0.805957
ACGGGCGTATGCGACA-1,0.00003,0.009813,0.226126,0.204174,0.559858
ACGGGTCATGTGACTT-1,0.002179,0.00218,0.008721,0.98256,0.00436
ACGGTACAGTTCAATG-1,0.000021,0.000309,0.904678,0.028407,0.066585
ACGTACAGATTTCTCT-1,0.000031,0.000031,0.342267,0.016113,0.641558
ACGTAGATTGCTGATG-1,0.000044,0.011913,0.465059,0.083091,0.439893
ACGTAGGAGAGTCGCT-1,0.000025,0.004277,0.438071,0.046429,0.511198
ACGTATTACTCCGATC-1,0.000049,0.005673,0.339592,0.18636,0.468326
ACGTCCTAAACGAGAT-1,0.000113,0.000113,0.000452,0.999095,0.000226
ACGTCTCGTTCCGGGA-1,0.000109,0.000109,0.259445,0.740118,0.000219
ACGTGACAAAGTAAGT-1,0.000025,0.000025,0.29054,0.267423,0.441987
ACGTGCGCCTCGTGCA-1,0.000051,0.000051,0.029042,0.010697,0.960159
ACGTGGTCGAATGTGC-1,0.000018,0.001051,0.437894,0.000019,0.561019
ACGTTAATGTCGAAGA-1,0.000032,0.049166,0.238605,0.053705,0.658491
ACGTTAGATTTGCCCG-1,0.000084,0.000084,0.007598,0.383221,0.609014
ACGTTATTGGTCACTC-1,0.000564,0.000564,0.576051,0.421692,0.001129
ACGTTCCGCGCTCCGT-1,0.0001,0.0001,0.000399,0.999202,0.0002
ACGTTCGCAATCAATT-1,0.00003,0.00003,0.08045,0.027665,0.891825
ACGTTCGTTCAGGAAA-1,0.000029,0.003847,0.330566,0.021665,0.643893
ACGTTCTGTACAAGTC-1,0.000018,0.00519,0.792775,0.143754,0.058264
ACGTTTAGTTGTGATC-1,0.000041,0.000041,0.005636,0.020462,0.97382
ACGTTTCGGTGCACTT-1,0.000033,0.000706,0.360658,0.014704,0.623899
ACTAAGGACGCACACC-1,0.000155,0.000155,0.000621,0.998758,0.000311
ACTAATACGTCAGGCG-1,0.00005,0.00005,0.418355,0.249626,0.33192
ACTACATCCCGACAAG-1,0.000013,0.000446,0.082849,0.205887,0.710805
ACTACCAGCTCTCTGG-1,0.000016,0.004435,0.601313,0.01461,0.379626
ACTACGCGTTAGAATT-1,0.000033,0.045186,0.148299,0.142737,0.663745
ACTAGTTGCGATCGTC-1,0.000032,0.023921,0.801214,0.059884,0.114949
ACTATATGCTGTGTTC-1,0.000024,0.009358,0.372957,0.00877,0.608892
ACTATCCAGGGCATGG-1,0.00002,0.01369,0.723996,0.120867,0.141427
ACTATCGCCGGCTAAA-1,0.000123,0.064295,0.526717,0.408619,0.000245
ACTATCTGCCCGCGTA-1,0.000013,0.394815,0.59009,0.015055,0.000026
ACTATGTCCAGCTGCC-1,0.000026,0.000026,0.005359,0.612215,0.382373
ACTATTCGTCCGTGGT-1,0.000036,0.000036,0.403414,0.001353,0.595162
ACTATTTCCGGGCCCA-1,0.000014,0.095363,0.464405,0.008948,0.431271
ACTCAACGAATGTATT-1,0.000507,0.000508,0.002031,0.995939,0.001015
ACTCAAGTGCAAGGCT-1,0.000017,0.191475,0.398654,0.302011,0.107843
ACTCAATAAAGGCACG-1,0.00002,0.087649,0.645783,0.089129,0.17742
ACTCAGACCTGCTTCT-1,0.000056,0.103668,0.077411,0.643149,0.175717
ACTCCAATATCATCAT-1,0.000011,0.001234,0.714741,0.017286,0.266727
ACTCCCATTCCTAAAG-1,0.000033,0.000033,0.03027,0.090977,0.878686
ACTCCCGAATTCGTTT-1,0.000023,0.000023,0.892497,0.011515,0.095942
ACTCCCGTAGACTAGG-1,0.000017,0.000135,0.500756,0.015357,0.483734
ACTCCCTAATGCTAAA-1,0.000017,0.021165,0.376012,0.008211,0.594594
ACTCCCTAGAATAGTA-1,0.000022,0.010948,0.860657,0.022936,0.105437
ACTCCGGCCGACCACT-1,0.000029,0.004216,0.344585,0.301191,0.349981
ACTCGATGTATTTCAT-1,0.000842,0.000842,0.003369,0.72313,0.271817
ACTCGCCGTTCGATAA-1,0.000027,0.007234,0.546378,0.255391,0.19097
ACTCGCGATCTGACGC-1,0.000064,0.022895,0.574641,0.077108,0.325291
ACTCGTAACCCGTCCT-1,0.00002,0.0105,0.484892,0.182573,0.322015
ACTCGTCAGTAATCCC-1,0.000024,0.000376,0.624609,0.003773,0.371218
ACTCTAAACCTGGGAT-1,0.002415,0.002417,0.009668,0.231978,0.75352
ACTCTCTGACTTAGGT-1,0.000015,0.007986,0.991217,0.000015,0.000767
ACTCTCTTATACACGA-1,0.000031,0.004907,0.12081,0.000031,0.874221
ACTCTGACCTAATAGA-1,0.000012,0.003594,0.93096,0.024771,0.040663
ACTCTTCAGCTCCCGC-1,0.000026,0.000026,0.185204,0.090682,0.724061
ACTCTTGTATAGTAAC-1,0.000027,0.009131,0.595202,0.349556,0.046084
ACTGAAACGCCGTTAG-1,0.000023,0.013259,0.692597,0.084338,0.209783
ACTGAATGGCGAAAGT-1,0.000069,0.000069,0.659517,0.047798,0.292548
ACTGATTTAGTGATTC-1,0.000028,0.006309,0.020452,0.004791,0.968419
ACTGCCGTCGTAACTC-1,0.000038,0.00114,0.008165,0.033797,0.95686
ACTGCGGACACACCGT-1,0.000014,0.00634,0.92965,0.000384,0.063613
ACTGCTCGGAAGGATG-1,0.000058,0.000058,0.117393,0.157918,0.724572
ACTGGCGAACCTGCGT-1,0.000042,0.000042,0.222107,0.561592,0.216218
ACTGTACGATACACAT-1,0.000035,0.000035,0.542163,0.023344,0.434422
ACTGTAGCACTTTGGA-1,0.000037,0.016598,0.238471,0.041382,0.703512
ACTGTATACGCGAGCA-1,0.000313,0.000313,0.472747,0.526001,0.000626
ACTGTCCAGGATTATA-1,0.000029,0.008481,0.363743,0.000245,0.627502
ACTGTCTTCTTTAGAA-1,0.00004,0.001721,0.017888,0.041374,0.938977
ACTGTGCTAGTAGATC-1,0.000439,0.000439,0.034127,0.964115,0.000879
ACTGTTTAGTGTAGGC-1,0.000124,0.000124,0.003384,0.678785,0.317582
ACTTACCGGGCGCGCA-1,0.000021,0.011858,0.768448,0.119802,0.099871
ACTTACGCATCCACGC-1,0.000017,0.009535,0.432147,0.018014,0.540286
ACTTAGTACGACAAGA-1,0.000882,0.000882,0.147203,0.495851,0.355182
ACTTATACTTACCCGG-1,0.000034,0.000034,0.186605,0.131571,0.681756
ACTTATCTGATCTATA-1,0.000113,0.000113,0.348424,0.651123,0.000226
ACTTATTAGGATCGGT-1,0.000037,0.002351,0.634139,0.061391,0.302082
ACTTATTTATGTGCCA-1,0.000058,0.025103,0.373633,0.47225,0.128956
ACTTCAGGCTGATCCC-1,0.000032,0.000718,0.258648,0.361993,0.37861
ACTTCCAGTGGAAGCT-1,0.000023,0.000023,0.12889,0.041225,0.82984
ACTTCCATGCGGGACA-1,0.000017,0.003327,0.764395,0.146144,0.086118
ACTTCCTGTCGTGCGA-1,0.000016,0.005103,0.510896,0.066478,0.417508
ACTTCGCCATACGCAC-1,0.000039,0.000039,0.463998,0.024567,0.511356
ACTTCGCTAGCGAGTG-1,0.000023,0.003808,0.280365,0.077928,0.637876
ACTTGACTCCCTCTTT-1,0.000034,0.02688,0.35645,0.032566,0.584069
ACTTGCCATATTGTAC-1,0.000129,0.000129,0.000518,0.998965,0.000259
ACTTGGGACCCGGTGG-1,0.000028,0.004624,0.363993,0.264963,0.366393
ACTTGTAGTCCCTTCA-1,0.001406,0.001407,0.230111,0.764261,0.002815
ACTTGTGGATGGAACG-1,0.000036,0.039661,0.529672,0.074189,0.356442
ACTTTACCCTCATGAA-1,0.000027,0.002676,0.466518,0.051186,0.479594
ACTTTCCTATAGCTTC-1,0.000034,0.000034,0.685619,0.132165,0.182147
ACTTTGACTGCATCCT-1,0.002179,0.00218,0.008721,0.771674,0.215246
ACTTTGGTCGTGCTCC-1,0.000017,0.000017,0.138477,0.48252,0.378968
ACTTTGTCGACGCACT-1,0.000034,0.003126,0.418691,0.231855,0.346294
AGAAATTATGACTCGC-1,0.000017,0.032868,0.458863,0.172039,0.336212
AGAACCCAGCGTGACA-1,0.000016,0.006405,0.669594,0.040047,0.283938
AGAACCCTCAATTGGG-1,0.000027,0.389555,0.031575,0.364809,0.214035
AGAACGTGGTACATTC-1,0.000043,0.000043,0.034178,0.084857,0.88088
AGAAGAGCGCCGTTCC-1,0.000324,0.000324,0.001297,0.000324,0.997731
AGAAGGTACACTTCAC-1,0.000022,0.000911,0.590961,0.046366,0.36174
AGAAGGTTGCCGAATT-1,0.000036,0.000036,0.505395,0.042599,0.451934
AGAAGGTTGTAGGTCG-1,0.000022,0.165565,0.667449,0.004261,0.162702
AGAAGTGATTCGTGAT-1,0.000057,0.000057,0.005655,0.232785,0.761447
AGAATAAATCTTCAGG-1,0.000545,0.000545,0.00218,0.99564,0.00109
AGAATGCGGGTTCGGA-1,0.000018,0.009879,0.61277,0.177529,0.199804
AGAATTATGGATTCGA-1,0.000026,0.000026,0.225603,0.224312,0.550033
AGAATTGTTTGACATA-1,0.00202,0.002022,0.421884,0.570031,0.004043
AGACAGCTCAGAATCC-1,0.000346,0.000346,0.001386,0.997229,0.000693
AGACAGGCATCTCAGC-1,0.000029,0.000029,0.166373,0.055123,0.778445
AGACATAGATCCTTCC-1,0.000087,0.006165,0.367305,0.62627,0.000173
AGACCAAACCACACCT-1,0.00007,0.00007,0.000281,0.577112,0.422466
AGACCATGGGATACAA-1,0.000441,0.000441,0.001765,0.996471,0.000882
AGACCCACCGCTGATC-1,0.000035,0.090657,0.176152,0.045625,0.68753
AGACCCGCCCTCCTCG-1,0.000025,0.004587,0.503205,0.059543,0.43264
AGACCGCTCCGCGGTT-1,0.000023,0.010622,0.457672,0.262305,0.269378
AGACCGGGAAACCCTG-1,0.000059,0.001227,0.225167,0.373977,0.39957
AGACGAAGTGCCGGTC-1,0.000028,0.036401,0.325722,0.161981,0.475867
AGACGACGATGCCGCT-1,0.000037,0.000037,0.136818,0.079454,0.783654
AGACGCCCACTTCGCC-1,0.00002,0.007152,0.388275,0.052436,0.552117
AGACGGGATTGGTATA-1,0.000021,0.033203,0.563805,0.002384,0.400587
AGACGGGCCGATTTAA-1,0.000028,0.001633,0.081105,0.571944,0.34529
AGACTAGCCTTCCAGA-1,0.000033,0.002694,0.131288,0.03417,0.831816
AGACTGTTACCGGGTC-1,0.000026,0.003688,0.171454,0.03927,0.785562
AGAGAACCGTCTAGGA-1,0.000037,0.000037,0.063765,0.241551,0.69461
AGAGAAGGAGTACAAT-1,0.000024,0.023974,0.421214,0.040206,0.514582
AGAGATCTCTAAAGCG-1,0.000097,0.018353,0.350144,0.527448,0.103958
AGAGCAGTTATGAGAC-1,0.000235,0.000235,0.42414,0.57492,0.00047
AGAGCCGCCGAGATTT-1,0.000028,0.009038,0.205909,0.063594,0.721431
AGAGCGCTTGTAACGG-1,0.00002,0.001164,0.259669,0.021625,0.717521
AGAGCGGGCTAATCAT-1,0.000015,0.000017,0.883078,0.004199,0.11269
AGAGCGTACAAGCTCG-1,0.001029,0.00103,0.004118,0.991764,0.002059
AGAGCTACGAAAGCAT-1,0.000185,0.012074,0.09599,0.891383,0.000369
AGAGGCTTCGGAAACC-1,0.00002,0.032524,0.516649,0.062059,0.388748
AGAGGGACAATTGTCC-1,0.000013,0.017727,0.788666,0.010122,0.183471
AGAGGTATCTCGGTCC-1,0.000115,0.000115,0.000653,0.998886,0.000231
AGAGTAAACTTCACTA-1,0.000028,0.045008,0.328375,0.134515,0.492073
AGAGTATAGTGTTACG-1,0.00003,0.002545,0.337745,0.104005,0.555675
AGAGTGAACAGACACC-1,0.00002,0.001809,0.039563,0.06974,0.888868
AGAGTTAGAGACCGAT-1,0.000033,0.000033,0.032156,0.013845,0.953931
AGAGTTGCAGGCCTCC-1,0.000039,0.036418,0.447706,0.200291,0.315546
AGATAACTTCAGGGCC-1,0.000021,0.002558,0.510357,0.057099,0.429966
AGATACCAATAGAACC-1,0.000022,0.007212,0.5115,0.048719,0.432547
AGATACCAGCACTTCA-1,0.000019,0.000714,0.442372,0.05901,0.497886
AGATACCGGTGTTCAC-1,0.000039,0.098335,0.24333,0.348617,0.309679
AGATACGACTTCATAT-1,0.00016,0.00016,0.346931,0.652429,0.00032
AGATACTCAAGATCGA-1,0.000022,0.098746,0.55631,0.118352,0.22657
AGATATAATACGACTA-1,0.000017,0.021001,0.652007,0.007048,0.319926
AGATCGTGCATAAGAT-1,0.000034,0.000034,0.060883,0.06401,0.875039
AGATCTCAGGTGTGAT-1,0.000048,0.000048,0.132493,0.125495,0.741915
AGATGACTCGCCCACG-1,0.000022,0.025522,0.771716,0.084002,0.118738
AGATGAGGGTTGCGAT-1,0.000034,0.000034,0.032021,0.123701,0.844211
AGATGATGGAGTCTGG-1,0.000033,0.003613,0.019296,0.194675,0.782383
AGATGCAAGACGTGCA-1,0.000022,0.015592,0.395109,0.059699,0.529578
AGATGCATCCTGTGTC-1,0.000093,0.012342,0.000372,0.691781,0.295412
AGATGCTATAACGAGC-1,0.000373,0.000373,0.214142,0.680652,0.10446
AGATTATAGGACGTTT-1,0.000027,0.042803,0.663802,0.110177,0.183189
AGATTCAAGCGGGTCG-1,0.000033,0.000033,0.044007,0.01447,0.941457
AGATTCACAACCGATA-1,0.000017,0.000026,0.002543,0.117024,0.88039
AGCAAAGGCCGCTAGT-1,0.000026,0.032192,0.236406,0.057058,0.674317
AGCAACATATCTTATT-1,0.000045,0.006225,0.244735,0.097745,0.65125
AGCAACCGAAAGTAAT-1,0.000023,0.019543,0.445887,0.117678,0.416869
AGCACCAGTACTCACG-1,0.000031,0.000031,0.436154,0.00981,0.553974
AGCACTACCGGCCTGT-1,0.001543,0.001544,0.006177,0.987646,0.003089
AGCACTACCTCACCAG-1,0.00002,0.001663,0.6192,0.112399,0.266718
AGCACTTAAGGACGCC-1,0.000033,0.00118,0.176987,0.051987,0.769813
AGCAGAAGGAGAAAGA-1,0.000021,0.001078,0.085689,0.039998,0.873214
AGCAGCCAGATGAATA-1,0.000036,0.013034,0.218493,0.062699,0.705737
AGCATATCAATATGCT-1,0.000029,0.009978,0.251709,0.165725,0.572558
AGCATCATTTCGAAAG-1,0.000047,0.010941,0.32605,0.093351,0.569611
