Barcode,Topic 1,Topic 2,Topic 3to12
AAACAAGTATCTCCCA-1,0.00001,0.034929,0.965061
AAACAATCTACTAGCA-1,0.004007,0.100959,0.895034
AAACACCAATAACTGC-1,0.007808,0.064541,0.927652
AAACAGAGCGACTCCT-1,0.612633,0.000522,0.386845
AAACAGCTTTCAGAAG-1,0.013398,0.019614,0.966988
AAACAGGGTCTATATT-1,0.02318,0.014447,0.962373
AAACAGTGTTCCTGGG-1,0.013333,0.046527,0.94014
AAACATTTCCCGGATT-1,0.009171,0.000025,0.990804
AAACCACTACACAGAT-1,0.015624,0.145401,0.838975
AAACCCGAACGAAATC-1,0.084122,0.001544,0.914334
AAACCGGAAATGTTAA-1,0.045168,0.07352,0.881312
AAACCGGGTAGGTACC-1,0.053112,0.024246,0.922642
AAACCGTTCGTCCAGG-1,0.099268,0.022195,0.878538
AAACCTAAGCAGCCGG-1,0.000007,0.087341,0.912651
AAACCTCATGAAGTTG-1,0.000006,0.046415,0.953579
AAACGAAGAACATACC-1,0.000005,0.093053,0.906943
AAACGACAGTCTTGCC-1,0.001539,0.089758,0.908703
AAACGAGACGGTTGAT-1,0.004476,0.011363,0.984162
AAACGCCCGAGATCGG-1,0.000011,0.00838,0.991609
AAACGGGCGTACGGGT-1,0.037903,0.393429,0.568668
AAACGGGTTGGTATCC-1,0.000017,0.004045,0.995938
AAACGGTTGCGAACTG-1,0.041872,0.016766,0.941362
AAACGTGTTCGCCCTA-1,0.001335,0.24497,0.753695
AAACTAACGTGGCGAC-1,0.055812,0.235199,0.708989
AAACTCGGTTCGCAAT-1,0.000012,0.002667,0.997321
AAACTCGTGATATAAG-1,0.02228,0.012451,0.965268
AAACTGCTGGCTCCAA-1,0.000009,0.032803,0.967188
AAACTTAATTGCACGC-1,0.000017,0.000017,0.999966
AAACTTGCAAACGTAT-1,0.000005,0.049649,0.950346
AAAGACATGAAGTTTA-1,0.007468,0.007715,0.984817
AAAGACCCAAGTCGCG-1,0.062202,0.017751,0.920047
AAAGACTGGGCGCTTT-1,0.000006,0.045122,0.954873
AAAGCTTGCCTACATA-1,0.250833,0.215927,0.53324
AAAGGCCCTATAATAC-1,0.000008,0.000855,0.999137
AAAGGCTACGGACCAT-1,0.015256,0.015019,0.969724
AAAGGCTCTCGCGCCG-1,0.000908,0.001564,0.997528
AAAGGGATGTAGCAAG-1,0.030191,0.029601,0.940207
AAAGGGCAGCTTGAAT-1,0.000006,0.001267,0.998726
AAAGGTAAGCTGTACC-1,0.088979,0.072252,0.83877
AAAGGTCAACGACATG-1,0.007525,0.149081,0.843394
AAAGTAGCATTGCTCA-1,0.003634,0.038528,0.957838
AAAGTCACTGATGTAA-1,0.007766,0.05172,0.940514
AAAGTCGACCCTCAGT-1,0.003307,0.011752,0.984941
AAAGTGCCATCAATTA-1,0.023415,0.047056,0.929529
AAAGTGTGATTTATCT-1,0.065282,0.138561,0.796157
AAATAACCATACGGGA-1,0.003677,0.031847,0.964477
AAATAAGGTAGTGCCC-1,0.482935,0.513225,0.00384
AAATACCTATAAGCAT-1,0.000008,0.101865,0.898128
AAATAGCTTAGACTTT-1,0.597223,0.402023,0.000754
AAATAGGGTGCTATTG-1,0.000006,0.155626,0.844369
AAATCACTCCTAAACG-1,0.046995,0.341,0.612005
AAATCCGATACACGCC-1,0.00963,0.051574,0.938796
AAATCGCGGAAGGAGT-1,0.000016,0.000016,0.999968
AAATCGTGTACCACAA-1,0.000007,0.002005,0.997988
AAATCTAGCCCTGCTA-1,0.009371,0.005053,0.985577
AAATGACTGATCAAAC-1,0.003623,0.003623,0.992753
AAATGATTCGATCAGC-1,0.016056,0.31635,0.667594
AAATGCTCGTTACGTT-1,0.000009,0.018825,0.981166
AAATGGCATGTCTTGT-1,0.000006,0.001898,0.998096
AAATGGCCCGTGCCCT-1,0.01586,0.009122,0.975017
AAATGGTCAATGTGCC-1,0.02688,0.142291,0.830829
AAATGTGGGTGCTCCT-1,0.000007,0.153264,0.846729
AAATTAACGGGTAGCT-1,0.012436,0.081881,0.905683
AAATTAATAAGCGCGA-1,0.000012,0.000012,0.999975
AAATTACACGACTCTG-1,0.014152,0.006024,0.979824
AAATTACCTATCGATG-1,0.039655,0.005474,0.954871
AAATTCCAGGTCCAAA-1,0.542455,0.45724,0.000305
AAATTGATAGTCCTTT-1,0.019386,0.010279,0.970335
AAATTGGTGAGAAGCA-1,0.004011,0.074795,0.921193
AAATTTACCGAAATCC-1,0.009436,0.044406,0.946158
AAATTTGCGGGTGTGG-1,0.00001,0.136823,0.863166
AACAACTGGTAGTTGC-1,0.012776,0.017251,0.969973
AACAATACATTGTCGA-1,0.004134,0.020509,0.975357
AACAATTACTCTACGC-1,0.035764,0.01839,0.945846
AACACACGCTCGCCGC-1,0.001916,0.203573,0.794511
AACACGACTGTACTGA-1,0.000007,0.049885,0.950108
AACACGAGACGCGGCC-1,0.009535,0.000702,0.989763
AACACGCGGCCGCGAA-1,0.001813,0.087639,0.910548
AACAGCTGTGTGGCAA-1,0.001191,0.134726,0.864083
AACAGGAAATCGAATA-1,0.069464,0.141143,0.789394
AACAGGATGGGCCGCG-1,0.000013,0.002322,0.997664
AACAGGTAGTATGGAT-1,0.348887,0.11966,0.531453
AACATAGCGTGTATCG-1,0.001208,0.001208,0.997584
AACATATCAACTGGTG-1,0.0693,0.093613,0.837087
AACATCGATACGTCTA-1,0.008355,0.066746,0.924899
AACATTGAAGTTGATC-1,0.026158,0.075183,0.898659
AACATTGTGACTCGAG-1,0.03766,0.15658,0.80576
AACCAAGACTTCTCTG-1,0.082124,0.055994,0.861883
AACCAGTATCACTCTT-1,0.000009,0.004327,0.995663
AACCATAGGGTTGAAC-1,0.000011,0.000011,0.999978
AACCATGGGATCGCTA-1,0.000012,0.014978,0.985011
AACCCAGAGACGGAGA-1,0.00001,0.613313,0.386676
AACCCATCCCATGATC-1,0.008382,0.021271,0.970347
AACCCGACAACCCGTG-1,0.000016,0.000809,0.999176
AACCCGAGCAGAATCG-1,0.089833,0.047049,0.863118
AACCCGATAGGGCTTC-1,0.055898,0.054638,0.889465
AACCCGCTGTATTCCA-1,0.001097,0.001097,0.997807
AACCCTACTGTCAATA-1,0.165484,0.344355,0.490161
AACCCTGGTGGAACCA-1,0.000008,0.001259,0.998734
AACCGAGCTTGGTCAT-1,0.007773,0.03762,0.954607
AACCGCTAAGGGATGC-1,0.126571,0.33534,0.538089
AACCGTTGTGTTTGCT-1,0.015279,0.125397,0.859324
AACCTAAAGCCGTCCG-1,0.045877,0.019924,0.934199
AACCTCGCTTTAGCCC-1,0.029894,0.046239,0.923866
AACCTGTCACGGAATT-1,0.725238,0.254,0.020762
AACCTTTAAATACGGT-1,0.000007,0.262702,0.737291
AACCTTTACGACGTCT-1,0.352566,0.559041,0.088393
AACGAAAGTCGTCCCA-1,0.000007,0.000113,0.99988
AACGATAATGCCGTAG-1,0.000008,0.058496,0.941495
AACGATAGAAGGGCCG-1,0.000007,0.126514,0.87348
AACGATATGTCAACTG-1,0.23052,0.722138,0.047342
AACGCATGATCTGGGT-1,0.0256,0.05516,0.919241
AACGCGACCTTGGGCG-1,0.00246,0.254633,0.742907
AACGCGGTCTCCAGCC-1,0.015948,0.078293,0.905758
AACGCTGTTGCTGAAA-1,0.00437,0.091718,0.903912
AACGGACGTACGTATA-1,0.087044,0.0633,0.849656
AACGGCCATCTCCGGT-1,0.000761,0.030466,0.968772
AACGTACTGTGGGTAC-1,0.023928,0.150183,0.825889
AACGTAGTCTACCCAT-1,0.000465,0.000813,0.998722
AACGTCAGACTAGTGG-1,0.005108,0.01116,0.983731
AACGTCATCCGGCTTG-1,0.041667,0.041668,0.916666
AACGTGATGAAGGACA-1,0.046701,0.213492,0.739807
AACGTGCGAAAGTCTC-1,0.000069,0.044437,0.955494
AACGTTATCAGCACCT-1,0.000009,0.131957,0.868034
AACGTTCTACCATTGT-1,0.000076,0.6268,0.373124
AACTACCCGTTTGTCA-1,0.336633,0.076401,0.586966
AACTAGCGTATCGCAC-1,0.000009,0.088314,0.911677
AACTAGGCTTGGGTGT-1,0.000011,0.140022,0.859967
AACTCAAGTTAATTGC-1,0.002491,0.03444,0.963069
AACTCCAGAGCGTGTT-1,0.013442,0.032714,0.953844
AACTCCTAATCCCATG-1,0.019004,0.000382,0.980614
AACTCGATGGCGCAGT-1,0.000011,0.002347,0.997642
AACTCTCAATAGAGCG-1,0.104786,0.020179,0.875034
AACTCTCAGTGTGCTC-1,0.021578,0.003865,0.974557
AACTGAGGTCAGCGTC-1,0.095485,0.251653,0.652862
AACTGAGTTATACTGA-1,0.088105,0.009159,0.902736
AACTGATATTAGGCCT-1,0.011413,0.008485,0.980102
AACTGGGTCCCGACGT-1,0.000007,0.001046,0.998947
AACTGGGTTCGAGCCG-1,0.008067,0.26224,0.729693
AACTGGTGTGGGCCTT-1,0.00001,0.04189,0.9581
AACTTCTGCGTCTATC-1,0.019897,0.133203,0.846901
AACTTGCCCGTATGCA-1,0.006989,0.044934,0.948077
AACTTGCGTTCTCGCG-1,0.000012,0.012742,0.987246
AACTTTAGCTGCTGAG-1,0.00001,0.356648,0.643342
AACTTTCTCGATCATG-1,0.033028,0.417501,0.549471
AAGAAAGTTTGATGGG-1,0.002874,0.002874,0.994253
AAGAAATCACCAGATT-1,0.004993,0.035643,0.959364
AAGAAGGATCAGTTAG-1,0.000011,0.009711,0.990278
AAGACATACGTGGTTT-1,0.000031,0.000031,0.999937
AAGACCAAATAACTCA-1,0.010999,0.013962,0.975039
AAGACCCAACTGAACA-1,0.004257,0.024517,0.971226
AAGACTAACCCGTTGT-1,0.000009,0.000009,0.999982
AAGACTCACGCCCACT-1,0.000007,0.107646,0.892347
AAGACTGCAAGCTACT-1,0.125464,0.569352,0.305184
AAGAGATGAATCGGTA-1,0.00001,0.117635,0.882355
AAGAGCTCTTTATCGG-1,0.000007,0.03655,0.963443
AAGAGGATGTACGCGA-1,0.002802,0.12346,0.873738
AAGAGGCATGGATCGC-1,0.000007,0.101008,0.898985
AAGAGGCCCTTTGGAA-1,0.001879,0.215122,0.783
AAGATGGCACCGGACC-1,0.027551,0.009484,0.962965
AAGATTGGCGGAACGT-1,0.178145,0.41767,0.404185
AAGCACCCTGCGTATC-1,0.005269,0.290745,0.703987
AAGCATACTCTCCTGA-1,0.00001,0.254328,0.745662
AAGCCGAAGCGGTTTA-1,0.109176,0.022308,0.868516
AAGCCGCCGTGAAATC-1,0.020288,0.002201,0.977511
AAGCCGCTTTACCTTG-1,0.015521,0.328198,0.656281
AAGCCGGAGAGCAGGA-1,0.000025,0.000025,0.999949
AAGCGCAGGGCTTTGA-1,0.021105,0.014108,0.964787
AAGCGGAGTGCGCGCA-1,0.006305,0.031295,0.9624
AAGCGGCGTCATGGGT-1,0.000011,0.012508,0.987481
AAGCGTCCCTCATCGA-1,0.023421,0.012352,0.964227
AAGCTAGATCGAGTAA-1,0.000006,0.012116,0.987878
AAGCTCGTGCCAAGTC-1,0.000009,0.219278,0.780712
AAGCTCTTTCATGGTG-1,0.003418,0.005094,0.991488
AAGGAGAACTTATAAG-1,0.000004,0.042541,0.957454
AAGGAGCGGTTGGTGC-1,0.02976,0.048762,0.921478
AAGGATCGATCGCTTG-1,0.855859,0.082237,0.061904
AAGGATGAGGGACCTC-1,0.015107,0.171076,0.813818
AAGGCAGGCTGTCTCC-1,0.506719,0.144803,0.348477
AAGGCGCGTAAAGCTT-1,0.013214,0.018793,0.967993
AAGGCTGTGCTCATCG-1,0.000006,0.000006,0.999988
AAGGGAACGACTGGCT-1,0.031711,0.157332,0.810957
AAGGGACAGATTCTGT-1,0.25748,0.000386,0.742134
AAGGGACTATGCATTC-1,0.011516,0.311511,0.676973
AAGGGTTAGCCATGCG-1,0.000043,0.213475,0.786483
AAGGTATCCTAATATA-1,0.035607,0.000007,0.964386
AAGGTGATAAACCAGC-1,0.072977,0.005351,0.921673
AAGTAAGCTTCCAAAC-1,0.000005,0.006977,0.993018
AAGTAGAAGACCGGGT-1,0.000007,0.072088,0.927905
AAGTAGTGACGCGAGG-1,0.000017,0.000017,0.999967
AAGTCAATTGTCGTCA-1,0.076955,0.027665,0.89538
AAGTCTAGTAGCTGCC-1,0.021922,0.183195,0.794883
AAGTCTTCTGTGGCCT-1,0.000035,0.071525,0.928441
AAGTGACGACCGAATT-1,0.015052,0.013429,0.971519
AAGTGAGTCGGGTTTA-1,0.000009,0.015393,0.984598
AAGTGCCTTGACTGTA-1,0.312503,0.610174,0.077323
AAGTGCGTTAGAATCT-1,0.009587,0.252511,0.737902
AAGTGCTTCTCTATTG-1,0.000018,0.000019,0.999963
AAGTGTTTGGAGACGG-1,0.001064,0.024063,0.974873
AAGTTCACTCCAAGCT-1,0.030352,0.005641,0.964007
AAGTTCAGTCTGCGTA-1,0.028323,0.047832,0.923845
AAGTTCGGCCAACAGG-1,0.002751,0.029908,0.967341
AAGTTGTGATGTTATA-1,0.009241,0.000026,0.990732
AAGTTTACTAATGGCA-1,0.000009,0.153605,0.846386
AAGTTTATGGGCCCAA-1,0.029079,0.005335,0.965586
AATAACAACGCTCGGC-1,0.007731,0.000232,0.992036
AATAACACTAGAACAA-1,0.067394,0.014286,0.918319
AATAAGTCCTCGAGAC-1,0.000009,0.041604,0.958387
AATAATCTTCGTATCG-1,0.04488,0.014008,0.941112
AATACAATGTTTCAGG-1,0.019243,0.009833,0.970924
AATACCGGAGGGCTGT-1,0.015188,0.02175,0.963062
AATACCTGATGTGAAC-1,0.052438,0.000045,0.947517
AATAGAACAGAGTGGC-1,0.000007,0.106079,0.893914
AATAGAATCTGTTTCA-1,0.033536,0.043378,0.923086
AATAGCAAGCCTCCTG-1,0.031464,0.037268,0.931269
AATAGCTACCGCGTGC-1,0.030381,0.266443,0.703175
AATAGGCACGACCCTT-1,0.083333,0.083333,0.833333
AATAGTCCGTCCCGAC-1,0.000009,0.031835,0.968156
AATATCAAGGTCGGAT-1,0.000008,0.185485,0.814507
AATATCGAATCAATGC-1,0.457213,0.422012,0.120775
AATATCGAGGGTTCTC-1,0.136224,0.160983,0.702793
AATATTGGAGTATTGA-1,0.018946,0.025527,0.955527
AATCAGACTGCAGGAC-1,0.000012,0.012155,0.987833
AATCAGGTTTCATTTA-1,0.007202,0.010426,0.982372
AATCCAAGGGCCTGAG-1,0.000006,0.003889,0.996105
AATCCATGCAAGGGTG-1,0.00001,0.002333,0.997657
AATCCCGCTCAGAGCC-1,0.003623,0.32452,0.671856
AATCGAGGTCTCAAGG-1,0.002778,0.002778,0.994444
AATCGCCTCAGCGCCA-1,0.003707,0.156962,0.839331
AATCGCGCAGAGGACT-1,0.579674,0.412128,0.008198
AATCGGGACACTACGA-1,0.000009,0.000863,0.999128
AATCGTGAGCCGAGCA-1,0.00866,0.002546,0.988794
AATCTAGGTTTACTTG-1,0.006028,0.005905,0.988067
AATCTATGCCGGAGCC-1,0.015606,0.003558,0.980836
AATCTCTACTGTGGTT-1,0.000393,0.000078,0.999529
AATCTGCGTTGGGACG-1,0.12143,0.060682,0.817888
AATCTGGCTTTCTAGT-1,0.001469,0.177595,0.820936
AATCTGGGTAGACCCT-1,0.000008,0.024654,0.975338
AATGACAGCAATGTCT-1,0.00972,0.01034,0.979941
AATGACGTAGGATGTC-1,0.014022,0.082872,0.903106
AATGACTGTCAGCCGG-1,0.113145,0.039643,0.847212
AATGAGTTCGCATATG-1,0.000445,0.202579,0.796976
AATGATGATACGCTAT-1,0.625041,0.292427,0.082532
AATGATGCGACTCCTG-1,0.163331,0.182956,0.653713
AATGCAACCGGGTACC-1,0.01826,0.040428,0.941312
AATGCACCAAGCAATG-1,0.20552,0.395583,0.398897
AATGGCCGCCAATGCG-1,0.010841,0.351825,0.637334
AATGGTCCACCGTTCA-1,0.000005,0.041747,0.958248
AATGGTTCTCACAAGC-1,0.000278,0.00176,0.997963
AATGTATGGCACTGTA-1,0.00002,0.00002,0.999959
AATGTGCCCGAGGTGT-1,0.000007,0.009942,0.990051
AATGTGCTAATCTGAG-1,0.009054,0.088472,0.902475
AATGTTAAGACCCTGA-1,0.000502,0.366952,0.632546
AATGTTGTCGTGAGAC-1,0.012101,0.013375,0.974524
AATTAAAGGTCGGCGT-1,0.081674,0.117499,0.800827
AATTAACGGATTTCCA-1,0.000009,0.030747,0.969244
AATTACGAGACCCATC-1,0.000026,0.001898,0.998076
AATTAGCGCTGCAGCG-1,0.000012,0.05375,0.946238
AATTATACCCAGCAAG-1,0.000916,0.000916,0.998168
AATTCATAAGGGATCT-1,0.454982,0.346115,0.198903
AATTCATTGTCATGCA-1,0.00001,0.00001,0.99998
AATTCCAAGCATGTAC-1,0.005254,0.060994,0.933752
AATTCGATTCGAGGAT-1,0.000017,0.006858,0.993125
AATTCTAGAGTTAGGC-1,0.00001,0.018551,0.981439
AATTGAACGCTCTGGT-1,0.000009,0.246792,0.753199
AATTGCAGCAATCGAC-1,0.000036,0.058774,0.94119
AATTGCGTGGATTACA-1,0.000025,0.000025,0.999949
AATTGTGGTTGCCAAA-1,0.001767,0.000741,0.997493
AATTTGGGACATAGTA-1,0.056739,0.044197,0.899064
AATTTGGTTCCAAAGA-1,0.000279,0.094308,0.905413
ACAAACCATGCGTCCT-1,0.033661,0.047892,0.918447
ACAAACCGACAAGGCG-1,0.002913,0.000008,0.997079
ACAAACTCCATCAGAG-1,0.027778,0.027779,0.944443
ACAAAGCATGACCTAG-1,0.003678,0.004502,0.99182
ACAAATCGCACCGAAT-1,0.031667,0.037161,0.931172
ACAAATGGTAGTGTTT-1,0.007279,0.108574,0.884147
ACAAATTCAGATCTGA-1,0.017304,0.016208,0.966488
ACAACAGCATGAGCTA-1,0.003175,0.139716,0.857108
ACAACGGTCCCTGCGA-1,0.000008,0.019121,0.980871
ACAAGCAGTGCCTAGC-1,0.000009,0.780194,0.219796
ACAAGGAAATCCGCCC-1,0.00001,0.155293,0.844697
ACAAGGACAAGAGGTT-1,0.00263,0.000012,0.997358
ACAAGGATGCTTTAGG-1,0.090465,0.013824,0.895711
ACAAGGCCTACCAGCC-1,0.032291,0.26436,0.703348
ACAAGGGCAGGCTCTG-1,0.017463,0.040624,0.941913
ACAATAGTCGTACGTT-1,0.046166,0.049193,0.904641
ACAATCCATTTAAACC-1,0.000007,0.000339,0.999655
ACAATCGATCTTTATA-1,0.000007,0.00496,0.995032
ACAATGAATACGGAGA-1,0.013815,0.026275,0.95991
ACAATGATTCTTCTAC-1,0.072413,0.018504,0.909083
ACAATTTAGGAGGCTC-1,0.014426,0.016181,0.969393
ACAATTTGAGCAGTGG-1,0.041004,0.087509,0.871487
ACAATTTGGCCATATT-1,0.59196,0.389693,0.018347
ACACAAAGACGGGTGG-1,0.028272,0.18244,0.789288
ACACAAATATTCCTAG-1,0.009834,0.00428,0.985886
ACACACCAGGACCAGT-1,0.046377,0.064691,0.888931
ACACACTTTCTACACG-1,0.013764,0.234259,0.751977
ACACATGATCAAATCT-1,0.017029,0.017739,0.965232
ACACATTTCCGTAGAC-1,0.001619,0.254048,0.744333
ACACCACATAATTAGC-1,0.518922,0.070212,0.410865
ACACCCAGCATGCAGC-1,0.049879,0.015402,0.934719
ACACCCGAGAAATCCG-1,0.000006,0.227031,0.772963
ACACCCGTAAATCTGT-1,0.074215,0.273091,0.652695
ACACCGGTCTGACCGC-1,0.000009,0.12122,0.878771
ACACCTTAAGTAGGGC-1,0.004662,0.150693,0.844646
ACACCTTACTACTTGC-1,0.4649,0.127101,0.408
ACACGAGACTCCTTCT-1,0.000004,0.014771,0.985224
ACACGGCACTATGCAT-1,0.00001,0.048941,0.951048
ACACGGGAACTTAGGG-1,0.020167,0.022548,0.957285
ACACGTAGGCCACAAG-1,0.022745,0.260544,0.716711
ACACTCCAATGTCACT-1,0.000011,0.00022,0.99977
ACACTGATCAAGGTGT-1,0.037226,0.033219,0.929556
ACACTGGGACAGTCGT-1,0.022202,0.000026,0.977772
ACAGAACTGAGAACAA-1,0.021593,0.014597,0.96381
ACAGATTAGGTTAGTG-1,0.000008,0.037327,0.962666
ACAGCATAGAGCCAGT-1,0.06371,0.007377,0.928913
ACAGCGCACCCGCAGC-1,0.000009,0.565807,0.434184
ACAGGCACGGATCCTT-1,0.034299,0.020879,0.944821
ACAGGCTTGCCCGACT-1,0.041065,0.031192,0.927743
ACAGGTGGAGGTGAGG-1,0.077354,0.031135,0.891511
ACAGTAATACAACTTG-1,0.013162,0.008037,0.9788
ACAGTATACCGTGGGA-1,0.017386,0.000938,0.981676
ACAGTGCAGCGCATTT-1,0.14188,0.25876,0.59936
ACATAAGTCGTGGTGA-1,0.023998,0.028708,0.947294
ACATAATAAGGCGGTG-1,0.000009,0.074467,0.925523
ACATCAGCTGGGACGC-1,0.047633,0.021142,0.931224
ACATCCCGGCCATACG-1,0.003822,0.05748,0.938698
ACATCCTGGTAACTGT-1,0.513619,0.485882,0.0005
ACATCGATCGTTTACC-1,0.000013,0.011822,0.988165
ACATCGGTCAGCCGCG-1,0.000008,0.056997,0.942995
ACATCGTATGCAATGG-1,0.000012,0.170654,0.829334
ACATCGTTAACCTAGT-1,0.000006,0.100302,0.899691
ACATCTCAACGCGTAA-1,0.000009,0.052225,0.947766
ACATGCTTACGGCAGC-1,0.001736,0.001736,0.996528
ACATGGCGCCAAAGTA-1,0.483085,0.287969,0.228946
ACATTAGTTTATATCC-1,0.000009,0.092018,0.907973
ACCAAACACCCAGCGA-1,0.00879,0.079086,0.912124
ACCAAACTAGAAATCC-1,0.000851,0.025214,0.973935
ACCAACACCACACACT-1,0.023958,0.195611,0.780431
ACCAACCGCACTCCAC-1,0.000015,0.067593,0.932392
ACCAACGCTTATTTAT-1,0.015317,0.01176,0.972923
ACCAAGAACGCGTGTC-1,0.000007,0.047669,0.952325
ACCAAGTCATCGGCAG-1,0.000017,0.000017,0.999965
ACCAATATGCAAGTTA-1,0.003143,0.027226,0.969631
ACCACAACTCAGAACA-1,0.017885,0.272978,0.709137
ACCACAAGTTTCTATC-1,0.004314,0.006951,0.988735
ACCACACGGTTGATGG-1,0.001323,0.001323,0.997354
ACCACCAATGTAACAA-1,0.58052,0.224248,0.195232
ACCACCCTCTCTTCTA-1,0.008688,0.141266,0.850046
ACCACGTGCAGCTATA-1,0.003404,0.086001,0.910594
ACCAGACCATAACAAC-1,0.01496,0.172264,0.812776
ACCAGCCCGGTCTTTG-1,0.00001,0.035742,0.964249
ACCAGGAGTGTGATCT-1,0.000009,0.007993,0.991998
ACCAGTGCCCGGTCAA-1,0.040054,0.018024,0.941922
ACCAGTGCGGGAGACG-1,0.01141,0.025268,0.963322
ACCATATCCGCAATAA-1,0.011367,0.054165,0.934468
ACCATCCGCCAACTAG-1,0.000008,0.003096,0.996895
ACCATCGTATATGGTA-1,0.002137,0.023729,0.974134
ACCCAACGCCCGTGGC-1,0.05331,0.159937,0.786753
ACCCACCTACATGCTC-1,0.000009,0.023035,0.976957
ACCCATCTTGAGGGTA-1,0.000013,0.002688,0.997299
ACCCATTTGTCCCTCT-1,0.00006,0.005027,0.994913
ACCCGAGCGAAATTAC-1,0.008966,0.005894,0.98514
ACCCGATTGGTTCCGA-1,0.000017,0.002387,0.997595
ACCCGGAAACTCCCAG-1,0.000009,0.115638,0.884353
ACCCGGAGCACCACAA-1,0.019858,0.310607,0.669535
ACCCGGTTACACTTCC-1,0.00001,0.037839,0.962151
ACCCGTAGCAGAGAAT-1,0.228198,0.070724,0.701079
ACCCGTAGTCTAGTTG-1,0.055832,0.071468,0.872701
ACCCGTGTCATCAGTA-1,0.000012,0.009567,0.990421
ACCCTATGCCATATCG-1,0.051903,0.129058,0.819039
ACCCTCCCGTCAGGGC-1,0.007842,0.010012,0.982147
ACCCTCCCTTGCTATT-1,0.00001,0.038631,0.961359
ACCCTGGTAACGCCCT-1,0.019536,0.002749,0.977715
ACCCTTCATCTGCGAA-1,0.000009,0.154087,0.845904
ACCCTTGCCTGGGTCG-1,0.013142,0.000014,0.986844
ACCCTTTAGTTCTCCA-1,0.000011,0.18493,0.81506
ACCGAAAGGGCCCTGC-1,0.000006,0.052638,0.947356
ACCGAAGAGTCTGGTT-1,0.018895,0.000807,0.980298
ACCGACACATCTCCCA-1,0.000008,0.020487,0.979505
ACCGACTGAGTCCCAC-1,0.035033,0.053149,0.911818
ACCGAGTCTCCTTATT-1,0.000011,0.13369,0.866298
ACCGATAGGCATAACC-1,0.023286,0.040914,0.935799
ACCGATATTTAATCAT-1,0.019009,0.071771,0.90922
ACCGATGGTAGCATCG-1,0.434108,0.562134,0.003759
ACCGCAATAACTGCCT-1,0.03106,0.00601,0.962929
ACCGCGGTGGAAGTCG-1,0.54541,0.451775,0.002815
ACCGCTAGTCATTGGT-1,0.000072,0.182982,0.816945
ACCGGTCAGGTACACC-1,0.000013,0.097203,0.902784
ACCGGTCTGAGTACGG-1,0.000007,0.008882,0.991111
ACCGTGACCACGTGGG-1,0.015796,0.001666,0.982539
ACCGTTCCCGCTCTGA-1,0.01158,0.063042,0.925379
ACCTAAGTACCTTTCA-1,0.012099,0.234677,0.753224
ACCTAATCGACTTCCT-1,0.001833,0.184824,0.813343
ACCTACAGTATGTGGT-1,0.631298,0.333749,0.034953
ACCTACTATAAATCTA-1,0.040686,0.010334,0.948979
ACCTCCGCCCTCGCTG-1,0.023993,0.152754,0.823253
ACCTCCGTTATTCACC-1,0.691363,0.307505,0.001132
ACCTCGAACTTATGCT-1,0.0041,0.168593,0.827306
ACCTGCGTGTCATGTT-1,0.048401,0.022939,0.928661
ACCTTTCCTTTAGAAG-1,0.001416,0.043009,0.955575
ACGAAATGGGCGGCAC-1,0.002076,0.368899,0.629025
ACGACCCATGAGTTGC-1,0.010059,0.002038,0.987903
ACGACTCTAGGGCCGA-1,0.008024,0.023412,0.968564
ACGACTGGTCATACTC-1,0.028166,0.077341,0.894494
ACGAGAACCCATCACG-1,0.01235,0.012853,0.974797
ACGAGATATTTGCTTA-1,0.000012,0.649957,0.350031
ACGAGGATACCACTCT-1,0.011699,0.022159,0.966143
ACGAGGTTTACAACGT-1,0.007509,0.000023,0.992469
ACGAGTACGGATGCCC-1,0.116417,0.032402,0.851181
ACGATACATAGAACTA-1,0.010045,0.132156,0.857799
ACGATCATACATAGAG-1,0.021744,0.14795,0.830306
ACGATCATCTTGTAAA-1,0.271349,0.297719,0.430932
ACGATGCATATGTTAT-1,0.0566,0.325027,0.618373
ACGATGGATCCGATGC-1,0.000009,0.198983,0.801008
ACGCAAACTAATAGAT-1,0.000007,0.312166,0.687827
ACGCAATCACTACAGC-1,0.017077,0.041881,0.941042
ACGCATAAATGACATG-1,0.013459,0.01707,0.969471
ACGCATACGTTTACTA-1,0.000014,0.139674,0.860312
ACGCATTCGTGAGTAC-1,0.034164,0.079205,0.886632
ACGCCACTCGAAACAG-1,0.001208,0.001208,0.997584
ACGCCAGATGATTTCT-1,0.046464,0.011691,0.941845
ACGCCCAGCTGTCGAT-1,0.005887,0.129549,0.864564
ACGCCGCTAGACGACC-1,0.032915,0.079914,0.887171
ACGCGAAGTCAGACGA-1,0.000008,0.003773,0.99622
ACGCGCTACACAGGGT-1,0.014022,0.004842,0.981136
ACGCGGGCCAAGGACA-1,0.104215,0.001823,0.893962
ACGCTAGTATCAGTGC-1,0.089828,0.212149,0.698023
ACGCTAGTGATACACT-1,0.000014,0.461192,0.538794
ACGCTGTGAGGCGTAG-1,0.013188,0.002989,0.983823
ACGCTTAGTGTCTCTC-1,0.005713,0.045062,0.949224
ACGGAATTTAGCAAAT-1,0.00001,0.078179,0.921811
ACGGACGCAGCGACAA-1,0.062526,0.000196,0.937278
ACGGACTCTCAAAGCG-1,0.000008,0.017115,0.982877
ACGGAGCGCAAATTAC-1,0.051765,0.009809,0.938426
ACGGATGGTGCGGATA-1,0.003124,0.016374,0.980502
ACGGCACTTGCTTGGG-1,0.000012,0.127329,0.872659
ACGGCCAACATGGACT-1,0.000007,0.013166,0.986826
ACGGCGACGATGGGAA-1,0.000425,0.049344,0.950231
ACGGCGGGTTGCCCTG-1,0.000011,0.012527,0.987463
ACGGCTGGATGTAGAA-1,0.004349,0.004771,0.99088
ACGGGAGTGTCGGCCC-1,0.006037,0.206073,0.78789
ACGGGCGTATGCGACA-1,0.041999,0.078722,0.879278
ACGGGTTGTGACCTGT-1,0.196824,0.238784,0.564392
ACGGTACAGTTCAATG-1,0.003561,0.062504,0.933935
ACGGTCACCGAGAACA-1,0.085046,0.029515,0.885439
ACGTACAGATTTCTCT-1,0.000009,0.001787,0.998204
ACGTACTTTGGCACGG-1,0.008376,0.045805,0.945819
ACGTAGATTGCTGATG-1,0.025063,0.539625,0.435313
ACGTAGGAGAGTCGCT-1,0.016612,0.011665,0.971723
ACGTCCTAAACGAGAT-1,0.000008,0.126032,0.873961
ACGTCTCGTTCCGGGA-1,0.014006,0.02426,0.961734
ACGTGCGCCTCGTGCA-1,0.010156,0.018028,0.971816
ACGTGGTCGAATGTGC-1,0.011892,0.009231,0.978877
ACGTTAATGTCGAAGA-1,0.025221,0.017451,0.957327
ACGTTAGATTTGCCCG-1,0.003793,0.00038,0.995828
ACGTTATTGGTCACTC-1,0.018833,0.016759,0.964408
ACGTTCACTATGCCGC-1,0.027558,0.4478,0.524642
ACGTTCCGCGCTCCGT-1,0.000007,0.002622,0.99737
ACGTTCGCAATCAATT-1,0.964481,0.000105,0.035414
ACGTTCGTTCAGGAAA-1,0.012282,0.046219,0.941499
ACGTTCTGTACAAGTC-1,0.002552,0.211092,0.786356
ACGTTGTCGTTGAAAG-1,0.002137,0.002137,0.995726
ACGTTTAGTTGTGATC-1,0.000008,0.051878,0.948114
ACTAAGGACGCACACC-1,0.00001,0.038962,0.961029
ACTAATACGTCAGGCG-1,0.000008,0.01474,0.985252
ACTACAAAGAGAGGTG-1,0.000013,0.162517,0.83747
ACTACATCCCGACAAG-1,0.007229,0.018785,0.973987
ACTACCAGCTCTCTGG-1,0.018317,0.100343,0.88134
ACTACGCGTTAGAATT-1,0.000008,0.033092,0.9669
ACTAGTTGCGATCGTC-1,0.011351,0.161916,0.826733
ACTATATGCTGTGTTC-1,0.03394,0.161772,0.804288
ACTATCCAGGGCATGG-1,0.867353,0.085009,0.047638
ACTATCTGCCCGCGTA-1,0.214742,0.232521,0.552737
ACTATGTCCAGCTGCC-1,0.022461,0.000749,0.97679
ACTATTCGTCCGTGGT-1,0.043017,0.172912,0.784071
ACTATTTCCGGGCCCA-1,0.010741,0.014457,0.974802
ACTCAACGAATGTATT-1,0.028913,0.06668,0.904407
ACTCAATAAAGGCACG-1,0.000332,0.203273,0.796395
ACTCAGACCTGCTTCT-1,0.000008,0.02352,0.976472
ACTCATGGCAGCCTTC-1,0.000024,0.309677,0.690299
ACTCCAATATCATCAT-1,0.00168,0.162315,0.836005
ACTCCCATTCCTAAAG-1,0.039082,0.059344,0.901574
ACTCCCGAATTCGTTT-1,0.51318,0.48219,0.00463
ACTCCCGTAGACTAGG-1,0.000708,0.319168,0.680123
ACTCCCTAATGCTAAA-1,0.000008,0.178831,0.821161
ACTCCCTAGAATAGTA-1,0.00001,0.051625,0.948365
ACTCCGGCCGACCACT-1,0.033237,0.090287,0.876476
ACTCGATGTATTTCAT-1,0.000006,0.004016,0.995978
ACTCGCGATCTGACGC-1,0.451185,0.546737,0.002078
ACTCGTAACCCGTCCT-1,0.086449,0.024587,0.888964
ACTCGTCAGTAATCCC-1,0.01943,0.053189,0.927382
ACTCTCTGACTTAGGT-1,0.008043,0.026564,0.965393
ACTCTCTTATACACGA-1,0.012293,0.113741,0.873966
ACTCTGACCTAATAGA-1,0.034259,0.012931,0.95281
ACTCTTCAGCTCCCGC-1,0.114584,0.137376,0.74804
ACTCTTGTATAGTAAC-1,0.046673,0.027931,0.925395
ACTGAAACGCCGTTAG-1,0.024135,0.178333,0.797532
ACTGAATGGCGAAAGT-1,0.000007,0.014388,0.985606
ACTGATTTAGTGATTC-1,0.000009,0.06376,0.936231
ACTGCCGTCGTAACTC-1,0.095584,0.016808,0.887608
ACTGCGGACACACCGT-1,0.767815,0.227897,0.004288
ACTGCTCGGAAGGATG-1,0.000012,0.32456,0.675428
ACTGGCGAACCTGCGT-1,0.000006,0.012809,0.987185
ACTGGGATGCCAGTGC-1,0.009295,0.003894,0.986811
ACTGTACGATACACAT-1,0.017098,0.120263,0.862639
ACTGTAGCACTTTGGA-1,0.000007,0.039783,0.960209
ACTGTATACGCGAGCA-1,0.000007,0.013803,0.98619
ACTGTCCAGGATTATA-1,0.010338,0.027495,0.962167
ACTGTCTTCTTTAGAA-1,0.030348,0.157289,0.812364
ACTGTGCTAGTAGATC-1,0.000009,0.083598,0.916393
ACTGTTTAGTGTAGGC-1,0.000007,0.003091,0.996901
ACTTACCGGGCGCGCA-1,0.032788,0.129135,0.838076
ACTTACGCATCCACGC-1,0.003798,0.001044,0.995158
ACTTAGTACGACAAGA-1,0.000006,0.015636,0.984358
ACTTATACTTACCCGG-1,0.137484,0.089038,0.773478
ACTTATCTGATCTATA-1,0.001418,0.015305,0.983278
ACTTATTAGGATCGGT-1,0.000018,0.371925,0.628057
ACTTATTTATGTGCCA-1,0.016019,0.035341,0.948641
ACTTCAGGCTGATCCC-1,0.00001,0.036303,0.963687
ACTTCCATGCGGGACA-1,0.037485,0.033136,0.929379
ACTTCCTGTCGTGCGA-1,0.078366,0.206736,0.714897
ACTTCGCCATACGCAC-1,0.010958,0.103965,0.885077
ACTTCGCTAGCGAGTG-1,0.027911,0.003817,0.968271
ACTTGACTCCCTCTTT-1,0.048684,0.280621,0.670695
ACTTGCCATATTGTAC-1,0.000008,0.08586,0.914132
ACTTGGGACCCGGTGG-1,0.000009,0.050421,0.94957
ACTTGGGCTTTCGCCA-1,0.027778,0.027778,0.944444
ACTTGTAGTCCCTTCA-1,0.000011,0.002774,0.997215
ACTTGTGGATGGAACG-1,0.069788,0.07543,0.854781
ACTTGTTACCGGATCA-1,0.001852,0.001852,0.996296
ACTTTACCCTCATGAA-1,0.849144,0.000464,0.150392
ACTTTATACACCACTT-1,0.353969,0.376104,0.269927
ACTTTCCTATAGCTTC-1,0.020394,0.127174,0.852432
ACTTTGACTGCATCCT-1,0.005439,0.012534,0.982027
ACTTTGGTCGTGCTCC-1,0.009864,0.001903,0.988233
ACTTTGTCGACGCACT-1,0.025192,0.016686,0.958122
AGAAATTATGACTCGC-1,0.096141,0.002749,0.90111
AGAACACGGCGATGGT-1,0.096481,0.004167,0.899352
AGAACCCAGCGTGACA-1,0.292789,0.298823,0.408387
AGAACCCTCAATTGGG-1,0.018094,0.007249,0.974656
AGAACGTGGTACATTC-1,0.013665,0.022728,0.963608
AGAACTGTACTTTGTA-1,0.000015,0.005783,0.994202
AGAAGAGCGCCGTTCC-1,0.00029,0.00029,0.999419
AGAAGGTACACTTCAC-1,0.025808,0.008638,0.965554
AGAAGGTTGCCGAATT-1,0.0137,0.026974,0.959326
AGAAGGTTGTAGGTCG-1,0.000011,0.035413,0.964576
AGAAGTGATTCGTGAT-1,0.01672,0.007176,0.976104
AGAATAAATCTTCAGG-1,0.020009,0.012197,0.967795
AGAATGCGGGTTCGGA-1,0.020546,0.029685,0.94977
AGAATTATGGATTCGA-1,0.348506,0.247805,0.40369
AGAATTGTTTGACATA-1,0.000009,0.006491,0.9935
AGACAGCTCAGAATCC-1,0.019655,0.014381,0.965964
AGACAGGCATCTCAGC-1,0.012126,0.102328,0.885547
AGACATAGATCCTTCC-1,0.001175,0.212875,0.78595
AGACCAAACCACACCT-1,0.005101,0.253624,0.741276
AGACCATGGGATACAA-1,0.000005,0.066871,0.933124
AGACCCACCGCTGATC-1,0.016598,0.039411,0.943991
AGACCCGCCCTCCTCG-1,0.000007,0.119331,0.880662
AGACCGCTCCGCGGTT-1,0.115379,0.403197,0.481424
AGACCGGGAAACCCTG-1,0.009812,0.008805,0.981383
AGACGACGATGCCGCT-1,0.007259,0.135972,0.85677
AGACGCCCACTTCGCC-1,0.012386,0.008914,0.9787
AGACGGGATTGGTATA-1,0.028373,0.0031,0.968527
AGACGGGCCGATTTAA-1,0.000362,0.171853,0.827785
AGACTAGCCTTCCAGA-1,0.013955,0.036233,0.949812
AGACTGTTACCGGGTC-1,0.003028,0.002799,0.994174
AGAGAAACACCAGAAA-1,0.000006,0.009523,0.990471
AGAGAACCGTCTAGGA-1,0.039755,0.088949,0.871296
AGAGAAGGAGTACAAT-1,0.037763,0.031826,0.93041
AGAGATCTCTAAAGCG-1,0.028901,0.050723,0.920375
AGAGCAGTTATGAGAC-1,0.000008,0.010592,0.9894
AGAGCCGCCGAGATTT-1,0.07313,0.091443,0.835426
AGAGCGCTTGTAACGG-1,0.00001,0.007426,0.992564
AGAGCGGGCTAATCAT-1,0.000008,0.023935,0.976057
AGAGCGTACAAGCTCG-1,0.000006,0.002075,0.997919
AGAGGCTTCGGAAACC-1,0.000014,0.259783,0.740203
AGAGGGACAATTGTCC-1,0.027099,0.139336,0.833566
AGAGGTATCTCGGTCC-1,0.005649,0.01406,0.98029
AGAGTAAACTTCACTA-1,0.023758,0.058689,0.917553
AGAGTATAGTGTTACG-1,0.075466,0.026592,0.897942
AGAGTCTTAATGAAAG-1,0.231272,0.004902,0.763826
AGAGTGAACAGACACC-1,0.043256,0.029933,0.926811
AGAGTTAGAGACCGAT-1,0.014752,0.009252,0.975996
AGAGTTGCAGGCCTCC-1,0.051224,0.007383,0.941393
AGATAACTTCAGGGCC-1,0.000011,0.019149,0.98084
AGATACCAGCACTTCA-1,0.005259,0.108916,0.885826
AGATACCGGTGTTCAC-1,0.000013,0.067425,0.932562
AGATACGACTTCATAT-1,0.000012,0.006617,0.993371
AGATACTCAAGATCGA-1,0.002952,0.035787,0.961261
AGATATAATACGACTA-1,0.000011,0.026681,0.973307
AGATCGTGCATAAGAT-1,0.164787,0.116819,0.718395
AGATCTCAGGTGTGAT-1,0.015517,0.002566,0.981916
AGATCTGGAGAGGATA-1,0.00641,0.006411,0.987179
AGATGACTCGCCCACG-1,0.023271,0.179043,0.797686
AGATGAGGGTTGCGAT-1,0.363595,0.400823,0.235582
AGATGATGGAGTCTGG-1,0.901608,0.000356,0.098035
AGATGCAAGACGTGCA-1,0.011519,0.024363,0.964118
AGATGCATCCTGTGTC-1,0.019836,0.109493,0.870671
AGATTATAGGACGTTT-1,0.00001,0.012847,0.987143
AGATTCAAGCGGGTCG-1,0.000012,0.009715,0.990273
AGATTCACAACCGATA-1,0.005237,0.039855,0.954908
AGCAAAGGCCGCTAGT-1,0.012606,0.014536,0.972858
AGCAACATATCTTATT-1,0.05575,0.051922,0.892328
AGCAACCGAAAGTAAT-1,0.000007,0.347527,0.652466
AGCACCAGTACTCACG-1,0.006862,0.068431,0.924707
AGCACTACCGGCCTGT-1,0.022641,0.176876,0.800483
AGCACTACCTCACCAG-1,0.043342,0.000383,0.956276
AGCACTTAAGGACGCC-1,0.000007,0.024209,0.975783
AGCAGAAGGAGAAAGA-1,0.000004,0.0168,0.983196
AGCAGCCAGATGAATA-1,0.000008,0.078831,0.921161
AGCAGTCGAAGCATGC-1,0.001345,0.222024,0.776631
AGCATATCAATATGCT-1,0.000021,0.25606,0.743919
AGCATCATTTCGAAAG-1,0.019155,0.034995,0.94585
AGCATCGTCGATAATT-1,0.011561,0.165978,0.82246
AGCATTACGAGGCAAG-1,0.007818,0.000017,0.992164
AGCCAAGCTTTGTGTC-1,0.028808,0.045834,0.925358
AGCCACAGGTTACCCG-1,0.045032,0.03323,0.921738
AGCCACTCCCGTGCTT-1,0.012773,0.126264,0.860963
AGCCATATAGTATGTG-1,0.01859,0.011326,0.970084
AGCCCATACATGTAAG-1,0.000008,0.15127,0.848722
AGCCCGCAACAAGCAG-1,0.006371,0.036142,0.957487
AGCCCGCACTACAATG-1,0.000023,0.000023,0.999955
AGCCCGGTAGCCTGTA-1,0.00786,0.022805,0.969335
AGCCCTAAGCGAAGTT-1,0.021339,0.020334,0.958327
AGCCCTGTCGCACCGT-1,0.641023,0.303759,0.055218
AGCCCTTCTAATCCGA-1,0.041641,0.06841,0.889949
AGCCCTTGGACATCCC-1,0.015748,0.001503,0.982749
AGCCGCAAATTCAAAT-1,0.01305,0.20287,0.78408
AGCCGTGGCTAAATGT-1,0.028709,0.01122,0.96007
AGCCTAATACCCACGT-1,0.002851,0.168317,0.828832
AGCCTTAAAGCGGAAG-1,0.011095,0.003438,0.985467
AGCGACAGGAACGGTC-1,0.072994,0.005681,0.921325
AGCGACATCCCATTCA-1,0.000006,0.017552,0.982442
AGCGACCAACGATATT-1,0.007419,0.040649,0.951932
AGCGACTTTGAAGACA-1,0.083333,0.083333,0.833333
AGCGAGACGTGAAGGC-1,0.000018,0.028019,0.971963
AGCGATGCGCCTAATA-1,0.011018,0.010638,0.978344
AGCGCATAATGAATCG-1,0.000007,0.000943,0.99905
AGCGCGGGTGCCAATG-1,0.392528,0.46927,0.138202
AGCGCTAGAGCGATGT-1,0.810093,0.188059,0.001848
AGCGCTTATGGGCAAG-1,0.000007,0.037804,0.962189
AGCGGACACTTCGTAG-1,0.000007,0.009515,0.990478
AGCGGCGGTTAGCGGT-1,0.016328,0.032838,0.950834
AGCGGGAAGGGTCCAT-1,0.068384,0.239923,0.691692
AGCGGGTCTGACACTC-1,0.000011,0.00984,0.990149
AGCGGTTGAGATGTAC-1,0.037366,0.055477,0.907158
AGCGGTTGCCGCTCTG-1,0.015146,0.036718,0.948136
AGCGTACGAGAGCTAG-1,0.002822,0.0397,0.957478
AGCGTAGCGCTAGACC-1,0.001255,0.010058,0.988686
AGCGTCTGAACCCGCA-1,0.013499,0.103773,0.882728
AGCGTGGTATTCTACT-1,0.000011,0.012584,0.987405
AGCGTTCCGATTTAAA-1,0.014182,0.053905,0.931913
AGCTAACAAGCAATGT-1,0.000005,0.00441,0.995585
AGCTAAGCTCCGTCCG-1,0.445088,0.008334,0.546578
AGCTAAGTACGCAGGC-1,0.024302,0.090307,0.885391
AGCTACGAATGGTGGT-1,0.041667,0.041669,0.916664
AGCTAGAAGCAGAAGT-1,0.071787,0.060263,0.867949
AGCTATTTAATCCAAC-1,0.475757,0.521098,0.003145
AGCTCCATATATGTTC-1,0.01562,0.172421,0.811959
AGCTCGTTGATGGAAA-1,0.001711,0.000547,0.997743
AGCTCTAGACGTTCCA-1,0.024704,0.099369,0.875927
AGCTCTTCCCAGTGCA-1,0.374101,0.324095,0.301804
AGCTCTTCGTAACCTT-1,0.676895,0.211572,0.111532
AGCTCTTTACTCAGTT-1,0.000015,0.100101,0.899884
AGCTGAAGTAAACCAA-1,0.057211,0.010171,0.932618
AGCTGCATTTGAGGTG-1,0.01091,0.027486,0.961604
AGCTGCTGTGCCGAAT-1,0.012325,0.110701,0.876975
AGCTGTAACCTCAATC-1,0.000624,0.05095,0.948426
AGCTTATAGAGACCTG-1,0.00327,0.094727,0.902003
AGCTTCAATACTTTGA-1,0.000009,0.042627,0.957364
AGCTTCTTCTCGAGCA-1,0.000014,0.000014,0.999972
AGCTTGATCAGGGTAG-1,0.100632,0.108509,0.790859
AGCTTGATCTTAACTT-1,0.000007,0.082927,0.917066
AGGAACGAACGACTTC-1,0.02309,0.049036,0.927875
AGGAAGCTGTCCGCCG-1,0.009402,0.004978,0.98562
AGGACAGTCGAATCCC-1,0.000005,0.006304,0.993692
AGGACATCGCACGTCG-1,0.00853,0.09597,0.8955
AGGACATCGGCACACT-1,0.001663,0.00173,0.996607
AGGACGACCCATTAGA-1,0.006073,0.010888,0.983039
AGGACGCTCGATGTTG-1,0.193818,0.261085,0.545097
AGGAGACATCCACAGT-1,0.050267,0.204203,0.74553
AGGAGAGTCTGGCTAC-1,0.387581,0.000817,0.611602
AGGAGCGTTTATTATC-1,0.011905,0.011905,0.97619
AGGATAAAGTCGGGAT-1,0.00558,0.05854,0.93588
AGGATATCCGACTGCA-1,0.00001,0.01258,0.987409
AGGATCACGCGATCTG-1,0.015016,0.035717,0.949267
AGGATTGCTTACGACA-1,0.164573,0.09562,0.739807
AGGCAAAGAGGAATCA-1,0.000005,0.085136,0.914859
AGGCACGTGACTGTCC-1,0.057379,0.066576,0.876045
AGGCAGATGCGTAAAC-1,0.036079,0.071939,0.891981
AGGCAGGGAGCGTACT-1,0.057922,0.122634,0.819444
AGGCCACATTGGTTAC-1,0.414311,0.53225,0.053439
AGGCCACCCGTTATGA-1,0.000015,0.023717,0.976269
AGGCCCATTGTACAGG-1,0.056174,0.058531,0.885294
AGGCCCTAGAACGCCA-1,0.005866,0.009269,0.984865
AGGCCTATCATACCAA-1,0.056181,0.129703,0.814116
AGGCCTGAGAATCTCG-1,0.028601,0.000104,0.971295
AGGCGATAACTGGCGT-1,0.014436,0.187572,0.797992
AGGCGGTTTGTCCCGC-1,0.000008,0.183633,0.816359
AGGCGTCTATGGACGG-1,0.003769,0.028508,0.967723
AGGCTATGGTTAGCTT-1,0.000011,0.211935,0.788054
AGGCTTCCCGAAGAAG-1,0.010666,0.002173,0.987162
AGGCTTGCTAGACACC-1,0.000009,0.004467,0.995525
AGGGAAACGAGGTACT-1,0.008249,0.005866,0.985885
AGGGACAGCACGGCGG-1,0.000007,0.069631,0.930362
AGGGACCGGCTGCGTT-1,0.487646,0.507199,0.005155
AGGGACTCTACGCGAC-1,0.000009,0.096821,0.90317
AGGGAGACATACTTCG-1,0.031387,0.103836,0.864777
AGGGCAGCGGCGTGGT-1,0.032651,0.077921,0.889428
AGGGCCCTAATGTTCT-1,0.013944,0.070926,0.91513
AGGGCGAGCAGCTGAT-1,0.000994,0.184015,0.814991
AGGGCGTGATCGGCTA-1,0.00001,0.000803,0.999187
AGGGCTGCAGTTACAG-1,0.023039,0.112798,0.864163
AGGGTCAGAGCACTCG-1,0.01896,0.030471,0.950569
AGGGTCAGTAACCCTA-1,0.009986,0.003366,0.986648
AGGGTCGATGCGAACT-1,0.453015,0.132715,0.414271
AGGGTCTGGACGCAGT-1,0.02157,0.022358,0.956072
AGGGTGCCGTTCTTTA-1,0.029768,0.016302,0.95393
AGGGTGCTCTCGAGGG-1,0.045452,0.336525,0.618022
AGGGTGGATAGTGCAT-1,0.00001,0.04222,0.95777
AGGGTGTGCTACACGC-1,0.010726,0.033069,0.956204
AGGGTTCAGACGGTCC-1,0.008724,0.203457,0.787819
AGGGTTCCCTTTGGTT-1,0.025117,0.018753,0.95613
AGGGTTTAGTTCGGGA-1,0.056193,0.073047,0.870759
AGGTAACCTCCTATTC-1,0.014592,0.042546,0.942862
AGGTACGATATTGCCA-1,0.022689,0.067082,0.910228
AGGTAGATCGAGATAT-1,0.000105,0.064707,0.935188
AGGTAGGTACAAAGCT-1,0.000012,0.000012,0.999976
AGGTATAATTGATAGT-1,0.530191,0.46919,0.000619
AGGTATGCGGACATTA-1,0.046417,0.532139,0.421444
AGGTCAGGTGAGAGTG-1,0.028421,0.094182,0.877396
AGGTCGCCACTTCGGT-1,0.000011,0.004649,0.99534
AGGTCGCCTCCCAACA-1,0.160068,0.082589,0.757344
AGGTCGCGGAGTTACT-1,0.021231,0.028157,0.950612
AGGTGCACGTCCACAT-1,0.000012,0.0043,0.995688
AGGTGGTGACCTTCGC-1,0.003554,0.030298,0.966147
AGGTGTATCGCCATGA-1,0.000008,0.20312,0.796872
AGGTGTTGCCGACCAC-1,0.024262,0.107753,0.867986
AGGTTACACCATGCCG-1,0.574574,0.216718,0.208707
AGGTTCTCCTTTCCGG-1,0.000044,0.000044,0.999911
AGGTTGAGGCACGCTT-1,0.000011,0.047012,0.952977
AGGTTTCACACACCTT-1,0.095631,0.063008,0.841361
AGTAACGTTCATCCTG-1,0.008807,0.015669,0.975524
AGTAATGTCTTGCCGC-1,0.000009,0.033284,0.966707
AGTAATTTGCAAGCGT-1,0.030143,0.079088,0.890769
AGTACAGAAGCTTATA-1,0.003729,0.060317,0.935953
AGTACATCATTTATCA-1,0.015427,0.050756,0.933817
AGTACCTTCGAGTGCT-1,0.288832,0.26062,0.450549
AGTACGGCCCGTATCG-1,0.000005,0.070503,0.929492
AGTACGGGCACCTGGC-1,0.025915,0.044373,0.929712
AGTACGTGGCCTGTCT-1,0.000421,0.119698,0.879882
AGTAGAAGGCGCCTCA-1,0.019722,0.03299,0.947287
AGTAGCGTGAACGAAC-1,0.000005,0.037037,0.962957
AGTAGCTAGACGCCGA-1,0.000011,0.100077,0.899912
AGTAGGAAGGAAGTTG-1,0.011534,0.122534,0.865932
AGTAGGTAACATACAT-1,0.001953,0.250565,0.747482
AGTATAATACTAGGCA-1,0.000014,0.011114,0.988872
AGTATACACAGCGACA-1,0.000007,0.145218,0.854775
AGTATCCATAATAACG-1,0.002991,0.015291,0.981718
AGTATGCTGGAGACCA-1,0.00522,0.000184,0.994596
AGTATTTGGCACGACC-1,0.000009,0.02775,0.972241
AGTCAAATGATGTGAT-1,0.000011,0.000011,0.999978
AGTCAACACCACCATC-1,0.009518,0.136177,0.854305
AGTCAAGATGACACTT-1,0.013816,0.079639,0.906545
AGTCACTCCGCCTCAT-1,0.00001,0.181747,0.818243
AGTCAGCCACCGCCTG-1,0.000009,0.040021,0.95997
AGTCCATTGGCTGATG-1,0.281529,0.271229,0.447242
AGTCCCGCCTTTAATT-1,0.352759,0.491896,0.155345
AGTCCCTCGCAGAAAG-1,0.040266,0.087152,0.872583
AGTCGAATTAGCGTAA-1,0.006945,0.923607,0.069449
AGTCGACGGTCTCAAG-1,0.073662,0.037758,0.888581
AGTCGGCCCAAACGAC-1,0.000008,0.004751,0.995241
AGTCGGCTCAACTTTA-1,0.019692,0.000014,0.980294
AGTCGGTTGCGTGAGA-1,0.717127,0.123422,0.15945
AGTCGTATAAAGCAGA-1,0.010855,0.015951,0.973194
AGTCGTCGACCACCAA-1,0.013225,0.000205,0.986569
AGTCGTGGGCATTACG-1,0.012517,0.065547,0.921937
AGTCTAAAGTATACTC-1,0.030684,0.238637,0.730678
AGTCTCACAAGACTAC-1,0.002697,0.044636,0.952667
AGTCTGGACATCCTTG-1,0.000011,0.000011,0.999977
AGTCTTCTCCTCAAAT-1,0.000027,0.187957,0.812016
AGTCTTTAAAGTGTCC-1,0.000018,0.019465,0.980517
AGTGAACAAACTTCTC-1,0.775283,0.218425,0.006291
AGTGAAGATGGTGTCC-1,0.003704,0.041409,0.954887
AGTGACCTACTTTACG-1,0.00001,0.012971,0.987019
AGTGAGACTTCCAGTA-1,0.013859,0.030423,0.955718
AGTGAGCCTCGCCGCC-1,0.284595,0.449599,0.265806
AGTGAGGGTTTCTGAC-1,0.000013,0.199222,0.800765
AGTGATATGAGTAGTT-1,0.000011,0.134,0.865989
AGTGATTCAAGCAGGA-1,0.018904,0.15901,0.822086
AGTGCGTAGCTCGTAA-1,0.000014,0.002579,0.997406
AGTGCTAAACACAGCA-1,0.047953,0.046986,0.905061
AGTGCTTGCACGAATA-1,0.000773,0.047762,0.951466
AGTGGCCCGCAAATGG-1,0.00001,0.01937,0.98062
AGTGGCGGCAATTTGA-1,0.036341,0.669594,0.294066
AGTGGCGTCTGAAGGT-1,0.078919,0.024515,0.896566
AGTGGCTCCGTCGGCC-1,0.004797,0.037223,0.957981
AGTGGTGTTACCCGTG-1,0.037215,0.014775,0.94801
AGTGGTTGCGTATAGG-1,0.002151,0.029708,0.968141
AGTGTATTGCGCATTG-1,0.330834,0.66529,0.003876
AGTGTGGTCTATTGTG-1,0.024622,0.005923,0.969455
AGTTAAACACTTGCGA-1,0.000004,0.000004,0.999992
AGTTAAGCGGTCCCGG-1,0.00001,0.170266,0.829724
AGTTAAGTCAACCGCT-1,0.124383,0.060581,0.815036
AGTTACCGCACATGGT-1,0.000006,0.022931,0.977063
AGTTACTCTATCGTGG-1,0.107103,0.045456,0.84744
AGTTATTGAAAGGTAA-1,0.000007,0.058742,0.941251
AGTTCCTACAGAATTA-1,0.004947,0.021749,0.973304
AGTTCCTATTTATGTT-1,0.000017,0.178178,0.821805
AGTTGACATCGGCTGG-1,0.000975,0.009754,0.989271
AGTTGACGGTCCTTGC-1,0.005815,0.000727,0.993458
AGTTGCGGTCCTCAAC-1,0.021606,0.044274,0.93412
AGTTGCTGACTGATAT-1,0.012105,0.002341,0.985553
AGTTGGCAAGGCTAGA-1,0.01782,0.000018,0.982163
AGTTTATGTAAAGACA-1,0.099365,0.065621,0.835014
AGTTTCGCAGGTCGGA-1,0.00001,0.102304,0.897686
AGTTTGCACCTGCCTC-1,0.000017,0.130291,0.869692
AGTTTGGCACGGGTTG-1,0.058163,0.088169,0.853668
AGTTTGGCCAGACCTA-1,0.000007,0.010107,0.989886
ATAAACCATTGGACGG-1,0.000244,0.030504,0.969253
ATAAACGGACCCGTAA-1,0.001877,0.047804,0.95032
ATAAACGTTGCACCAC-1,0.006128,0.178545,0.815327
ATAAAGGCTCGGTCGT-1,0.009788,0.007473,0.982739
ATAAAGGTCAAGTACG-1,0.024864,0.371387,0.603749
ATAAATATTAGCAGCT-1,0.000012,0.010424,0.989564
ATAACGCCGGAGGGTC-1,0.009673,0.051213,0.939114
ATAACGGAGTCCAACG-1,0.040316,0.000015,0.959669
ATAACGTTACCTCCAC-1,0.002599,0.160722,0.836679
ATAAGCAAACACCGAG-1,0.002302,0.114677,0.88302
ATAAGGTGGAGAACAT-1,0.000013,0.296014,0.703974
ATAAGTACCCGATTGT-1,0.027219,0.140435,0.832346
ATAAGTAGGATTCAGA-1,0.0799,0.14349,0.77661
ATAAGTAGGGCGACTC-1,0.717904,0.281574,0.000522
ATAAGTTACCGCGACG-1,0.012314,0.035294,0.952393
ATAATAGCTGTTGAAT-1,0.000266,0.022372,0.977362
ATAATAGTGTAGGGAC-1,0.000011,0.110785,0.889204
ATAATCTTGGAGAACC-1,0.000011,0.006327,0.993663
ATAATTAGCTAAGTAG-1,0.023052,0.100191,0.876757
ATACAGGCCCTCCAAT-1,0.000011,0.035885,0.964103
ATACCACGGGCAACTT-1,0.00001,0.194589,0.805401
ATACCAGCAAATTGCT-1,0.000007,0.066963,0.933031
ATACCAGGCTAATAGA-1,0.000008,0.007344,0.992648
ATACCAGGTGAGCGAT-1,0.000007,0.065759,0.934234
ATACCCTCCCGGCCAA-1,0.083333,0.083333,0.833333
ATACCGTCATCCATAA-1,0.006197,0.066735,0.927067
ATACCTAACCAAGAAA-1,0.000008,0.089601,0.910391
ATACGAAGGCTTTCCA-1,0.113887,0.045377,0.840736
ATACGACAGATGGGTA-1,0.000013,0.230272,0.769716
ATACGAGGTTTGTAAG-1,0.002451,0.002451,0.995098
ATACGCCGATCTACCG-1,0.000006,0.076313,0.923682
ATACGCCGGCGAAACC-1,0.013388,0.052265,0.934347
ATACGGAACGTCGTTT-1,0.006992,0.007305,0.985703
ATACGGGTTTCGATTG-1,0.000016,0.510127,0.489856
ATACGGTGAAGATGCA-1,0.009851,0.012007,0.978142
ATACGTACTTAGCCAC-1,0.000012,0.334571,0.665418
