Barcode,Topic 1,Topic 2,Topic 3,Topic 4,Topic 5,Topic 6,Topic 7,Topic 8,Topic 9
AAACAAGTATCTCCCA-1,0.000018,0.023288,0.275746,0.129341,0.032908,0.120199,0.028494,0.24118,0.148825
AAACAATCTACTAGCA-1,0.000281,0.000281,0.000282,0.000281,0.000281,0.000281,0.997748,0.000282,0.000281
AAACACCAATAACTGC-1,0.000016,0.010115,0.029792,0.070577,0.304333,0.081089,0.143911,0.148,0.212168
AAACAGAGCGACTCCT-1,0.000034,0.000034,0.057613,0.014082,0.009358,0.00729,0.090181,0.1634,0.658007
AAACAGCTTTCAGAAG-1,0.000272,0.000272,0.000272,0.053583,0.386054,0.000272,0.434183,0.000272,0.124821
AAACAGGGTCTATATT-1,0.000041,0.001569,0.048538,0.027582,0.066011,0.024799,0.134281,0.028102,0.669077
AAACATGGTGAGAGGA-1,0.000027,0.009272,0.026716,0.012606,0.193861,0.023291,0.174294,0.096046,0.463886
AAACATTTCCCGGATT-1,0.000021,0.016154,0.140861,0.274376,0.026483,0.06522,0.052677,0.363158,0.06105
AAACCACTACACAGAT-1,0.000015,0.003686,0.077749,0.052612,0.041603,0.120467,0.341185,0.147274,0.21541
AAACCCGAACGAAATC-1,0.000023,0.005534,0.006985,0.000369,0.000023,0.000023,0.067333,0.208642,0.711068
AAACCGGAAATGTTAA-1,0.000024,0.003706,0.042931,0.080267,0.021733,0.035158,0.040074,0.145858,0.630249
AAACCGGGTAGGTACC-1,0.000019,0.000019,0.095211,0.023976,0.310081,0.146172,0.068225,0.0251,0.331196
AAACCGTTCGTCCAGG-1,0.000021,0.021271,0.076471,0.222252,0.098812,0.06593,0.014323,0.244083,0.256838
AAACCTAAGCAGCCGG-1,0.000014,0.006211,0.202477,0.190038,0.096463,0.097257,0.033886,0.251654,0.122
AAACCTCATGAAGTTG-1,0.000157,0.03062,0.000157,0.000157,0.000157,0.000157,0.921453,0.009304,0.037839
AAACGAAGAACATACC-1,0.000023,0.000023,0.075189,0.026973,0.306438,0.294153,0.280314,0.009582,0.007304
AAACGAAGATGGAGTA-1,0.000017,0.001871,0.125738,0.047149,0.347021,0.256478,0.078542,0.028948,0.114237
AAACGACAGTCTTGCC-1,0.000017,0.002183,0.19307,0.086184,0.11484,0.26727,0.041246,0.104533,0.190658
AAACGAGACGGTTGAT-1,0.00002,0.00002,0.041714,0.054748,0.726981,0.170101,0.000025,0.003512,0.002879
AAACGCCCGAGATCGG-1,0.000032,0.000032,0.005554,0.004956,0.000032,0.000032,0.033001,0.295194,0.661168
AAACGCTGGGCACGAC-1,0.000019,0.001578,0.073617,0.103184,0.482219,0.338149,0.000019,0.001097,0.000118
AAACGGGCGTACGGGT-1,0.000024,0.000024,0.017019,0.065559,0.000024,0.000118,0.02832,0.442088,0.446826
AAACGGGTTGGTATCC-1,0.000306,0.000306,0.000306,0.000306,0.000306,0.000306,0.99755,0.000306,0.000306
AAACGGTTGCGAACTG-1,0.000024,0.004477,0.155577,0.038825,0.003768,0.012905,0.101999,0.308955,0.373471
AAACGTGTTCGCCCTA-1,0.000021,0.018952,0.199906,0.047627,0.334718,0.203309,0.043724,0.026254,0.12549
AAACTAACGTGGCGAC-1,0.000025,0.07552,0.221014,0.054288,0.030124,0.059984,0.023376,0.060957,0.474712
AAACTCGGTTCGCAAT-1,0.000037,0.016712,0.148285,0.068057,0.026247,0.128217,0.002404,0.287203,0.322839
AAACTCGTGATATAAG-1,0.000025,0.000025,0.068031,0.035469,0.13056,0.186693,0.152915,0.236198,0.190085
AAACTGCTGGCTCCAA-1,0.000019,0.030672,0.104063,0.25168,0.088756,0.204782,0.045417,0.128876,0.145735
AAACTTAATTGCACGC-1,0.000071,0.000834,0.043703,0.041423,0.169535,0.052143,0.492829,0.072056,0.127406
AAACTTGCAAACGTAT-1,0.000016,0.001442,0.031088,0.04668,0.292358,0.035639,0.176682,0.215847,0.200248
AAAGAATGTGGACTAA-1,0.000018,0.007932,0.098821,0.090583,0.011922,0.03766,0.109991,0.30585,0.337223
AAAGACATGAAGTTTA-1,0.000024,0.009384,0.056768,0.018414,0.195413,0.047588,0.010142,0.042493,0.619774
AAAGACCCAAGTCGCG-1,0.000222,0.000222,0.000222,0.000222,0.189628,0.000222,0.808815,0.000222,0.000222
AAAGACTGGGCGCTTT-1,0.000494,0.707824,0.000494,0.000494,0.000494,0.000494,0.288717,0.000494,0.000494
AAAGCTTGCCTACATA-1,0.000021,0.005669,0.035456,0.00609,0.031006,0.027162,0.149272,0.092106,0.653218
AAAGGCTACGGACCAT-1,0.00002,0.014408,0.1581,0.155765,0.018788,0.042111,0.069518,0.218229,0.323062
AAAGGCTCTCGCGCCG-1,0.000043,0.006102,0.000043,0.000043,0.000043,0.000043,0.087926,0.440229,0.46553
AAAGGGATGTAGCAAG-1,0.000018,0.000118,0.093382,0.032755,0.224706,0.512996,0.032516,0.01689,0.086619
AAAGGGCAGCTTGAAT-1,0.000751,0.000751,0.000751,0.000751,0.000751,0.000751,0.99399,0.000751,0.000751
AAAGGTAAGCTGTACC-1,0.000038,0.000038,0.014336,0.000992,0.000038,0.000038,0.08395,0.231489,0.669082
AAAGGTCAACGACATG-1,0.000022,0.000022,0.019866,0.005442,0.010287,0.003024,0.019241,0.07097,0.871126
AAAGTAGCATTGCTCA-1,0.000028,0.010886,0.032644,0.042267,0.139359,0.04436,0.179427,0.118584,0.432447
AAAGTCACTGATGTAA-1,0.000025,0.000025,0.081963,0.051278,0.452288,0.163797,0.068999,0.0351,0.146526
AAAGTCGACCCTCAGT-1,0.000223,0.000223,0.000223,0.000223,0.000223,0.000223,0.998217,0.000223,0.000223
AAAGTGCCATCAATTA-1,0.000027,0.012248,0.020407,0.054128,0.014864,0.03492,0.032442,0.507996,0.322968
AAAGTGTGATTTATCT-1,0.000048,0.000048,0.000048,0.000048,0.000048,0.000048,0.536919,0.126873,0.335921
AAAGTTGACTCCCGTA-1,0.000038,0.000038,0.017018,0.020989,0.03808,0.026091,0.096997,0.316836,0.483912
AAATAACCATACGGGA-1,0.000035,0.000035,0.034037,0.001649,0.000035,0.005989,0.051697,0.09749,0.809033
AAATAAGGTAGTGCCC-1,0.000031,0.002728,0.053277,0.006205,0.016853,0.021901,0.041185,0.088915,0.768905
AAATACCTATAAGCAT-1,0.000025,0.021261,0.14685,0.146969,0.071513,0.051217,0.024089,0.245676,0.292401
AAATAGCTTAGACTTT-1,0.000028,0.013676,0.236982,0.052097,0.261225,0.098509,0.089213,0.030682,0.217587
AAATAGGGTGCTATTG-1,0.000038,0.000854,0.021119,0.021014,0.000038,0.002425,0.027701,0.410512,0.5163
AAATCCGATACACGCC-1,0.00002,0.001014,0.124159,0.214244,0.046825,0.093931,0.053189,0.309206,0.157413
AAATCGCGGAAGGAGT-1,0.000025,0.000037,0.008311,0.022939,0.065478,0.001872,0.17678,0.362104,0.362453
AAATCGTGTACCACAA-1,0.000049,0.000049,0.224536,0.07126,0.03302,0.137216,0.047565,0.180822,0.305483
AAATCTAGCCCTGCTA-1,0.000035,0.007172,0.188129,0.2359,0.181956,0.02742,0.083969,0.249609,0.02581
AAATGATTCGATCAGC-1,0.000027,0.004693,0.067386,0.030138,0.157558,0.190697,0.107985,0.124054,0.317464
AAATGCTCGTTACGTT-1,0.003367,0.003369,0.003369,0.003369,0.00337,0.003369,0.973047,0.003369,0.003369
AAATGGCATGTCTTGT-1,0.000031,0.001154,0.034871,0.034198,0.074425,0.030744,0.054736,0.145904,0.623938
AAATGGCCCGTGCCCT-1,0.000027,0.000588,0.038299,0.016643,0.05929,0.014752,0.03268,0.089467,0.748254
AAATGGTCAATGTGCC-1,0.000038,0.046295,0.103304,0.083981,0.132641,0.079386,0.019645,0.175394,0.359316
AAATGTATCTTATCCC-1,0.000903,0.000904,0.000904,0.000904,0.000904,0.000904,0.992769,0.000904,0.000904
AAATGTGGGTGCTCCT-1,0.000139,0.00014,0.00014,0.00014,0.00014,0.00014,0.998884,0.00014,0.00014
AAATTAACGGGTAGCT-1,0.000034,0.023639,0.181923,0.119334,0.085815,0.158381,0.018575,0.162367,0.249931
AAATTAATAAGCGCGA-1,0.001916,0.001917,0.001917,0.001917,0.001917,0.001917,0.984664,0.001917,0.001917
AAATTACACGACTCTG-1,0.000027,0.005618,0.057175,0.034017,0.40166,0.233826,0.000435,0.003152,0.264089
AAATTACCTATCGATG-1,0.000022,0.000022,0.047414,0.053663,0.41945,0.048832,0.124961,0.223139,0.082497
AAATTCCAGGTCCAAA-1,0.000015,0.103309,0.062992,0.07765,0.25016,0.250488,0.024756,0.048659,0.181971
AAATTGATAGTCCTTT-1,0.000048,0.015318,0.216985,0.034091,0.014781,0.018471,0.046396,0.249711,0.404199
AAATTGCGGCGGTTCT-1,0.000122,0.052478,0.000122,0.162634,0.084048,0.000122,0.700232,0.000122,0.000122
AAATTGGTGAGAAGCA-1,0.000022,0.179835,0.121712,0.009933,0.018865,0.070928,0.235911,0.05048,0.312314
AAATTTACCGAAATCC-1,0.000024,0.014081,0.115854,0.016111,0.221694,0.050304,0.067076,0.02731,0.487545
AAATTTGCGGGTGTGG-1,0.000043,0.000043,0.000043,0.000043,0.000043,0.000043,0.216252,0.164268,0.61922
AACAACTGGTAGTTGC-1,0.000036,0.003082,0.023253,0.018627,0.012778,0.019585,0.258183,0.367395,0.297061
AACAATACATTGTCGA-1,0.000018,0.015683,0.119556,0.103818,0.013196,0.02035,0.026074,0.328241,0.373064
AACAATTACTCTACGC-1,0.001481,0.001482,0.001483,0.001483,0.001482,0.001483,0.548438,0.001483,0.441185
AACACACGCTCGCCGC-1,0.000033,0.000033,0.013059,0.000033,0.000033,0.000033,0.774601,0.078549,0.133627
AACACGACTGTACTGA-1,0.000015,0.006399,0.050003,0.164467,0.260696,0.108241,0.015647,0.28015,0.114383
AACACGAGACGCGGCC-1,0.000033,0.000033,0.000033,0.000033,0.000033,0.000033,0.019013,0.003922,0.976864
AACACGCGGCCGCGAA-1,0.000397,0.000397,0.000397,0.000397,0.000397,0.000397,0.996823,0.000397,0.000397
AACAGCTGTGTGGCAA-1,0.000018,0.000351,0.036021,0.091941,0.018123,0.050459,0.075463,0.431801,0.295824
AACAGGAAATCGAATA-1,0.000039,0.009287,0.082199,0.002383,0.06523,0.091755,0.05383,0.014363,0.680915
AACAGGTAGTATGGAT-1,0.000027,0.008787,0.223473,0.053652,0.094276,0.052523,0.034743,0.196544,0.335974
AACATATCAACTGGTG-1,0.000045,0.000045,0.034025,0.00086,0.055462,0.086226,0.188674,0.089352,0.545312
AACATCGATACGTCTA-1,0.000032,0.007702,0.036023,0.006183,0.01797,0.01156,0.173055,0.195522,0.551953
AACATTGGTCAGCCGT-1,0.00016,0.00016,0.00016,0.00016,0.00016,0.00016,0.998717,0.00016,0.00016
AACATTGTGACTCGAG-1,0.000028,0.000028,0.043217,0.043007,0.000028,0.001998,0.009016,0.415673,0.487004
AACCAAGACTTCTCTG-1,0.000025,0.011964,0.167933,0.03723,0.178097,0.198284,0.015853,0.049495,0.341118
AACCAGTATCACTCTT-1,0.000037,0.000037,0.136943,0.06631,0.06897,0.083712,0.003546,0.036364,0.60408
AACCATGGGATCGCTA-1,0.001122,0.001123,0.001123,0.001123,0.001123,0.001123,0.991015,0.001123,0.001123
AACCCAGAGACGGAGA-1,0.000343,0.134905,0.000343,0.037832,0.100967,0.000343,0.72458,0.000343,0.000343
AACCCATCCCATGATC-1,0.00002,0.002241,0.084174,0.014806,0.198318,0.052653,0.090968,0.03807,0.518749
AACCCGACAACCCGTG-1,0.00001,0.006342,0.138307,0.251394,0.250683,0.28319,0.004877,0.036345,0.028852
AACCCGAGCAGAATCG-1,0.000017,0.01075,0.196693,0.273936,0.126982,0.247256,0.029998,0.083845,0.030524
AACCCGATAGGGCTTC-1,0.000009,0.019543,0.167439,0.047753,0.438678,0.275073,0.004234,0.00604,0.041231
AACCCTACTGTCAATA-1,0.000029,0.00458,0.121888,0.04186,0.161327,0.203205,0.11695,0.090434,0.259727
AACCCTGGTGGAACCA-1,0.000014,0.004303,0.09532,0.020154,0.233383,0.177609,0.003724,0.02312,0.442375
AACCGAGCTTGGTCAT-1,0.000029,0.611837,0.009007,0.000965,0.002545,0.000485,0.120856,0.059325,0.19495
AACCGCTAAGGGATGC-1,0.000046,0.000046,0.001419,0.01516,0.000046,0.000091,0.814235,0.163134,0.005823
AACCGTTGTGTTTGCT-1,0.000048,0.000048,0.000048,0.000048,0.000048,0.000048,0.011053,0.00011,0.988548
AACCTAAAGCCGTCCG-1,0.000013,0.003252,0.124075,0.029604,0.247418,0.375913,0.000046,0.011269,0.208411
AACCTCGCTTTAGCCC-1,0.000023,0.000773,0.09276,0.093484,0.098452,0.16811,0.037433,0.411472,0.097494
AACCTGTCACGGAATT-1,0.000018,0.005242,0.078736,0.06825,0.366736,0.18642,0.036231,0.171334,0.087032
AACCTTTAAATACGGT-1,0.000033,0.000033,0.002641,0.005974,0.000033,0.000033,0.056739,0.519774,0.414738
AACCTTTACGACGTCT-1,0.000036,0.000037,0.210604,0.022532,0.02335,0.015412,0.033755,0.146831,0.547442
AACGAAAGTCGTCCCA-1,0.00001,0.001005,0.070479,0.050377,0.300831,0.230222,0.029175,0.076725,0.241176
AACGACCTCCTAGCCG-1,0.000017,0.007479,0.164519,0.13009,0.32348,0.347187,0.006785,0.008158,0.012284
AACGATAATGCCGTAG-1,0.000037,0.025959,0.039082,0.103873,0.021218,0.035616,0.043135,0.338311,0.392769
AACGATAGAAGGGCCG-1,0.000045,0.000045,0.000861,0.000045,0.000045,0.000045,0.032777,0.222634,0.743504
AACGATATGTCAACTG-1,0.000028,0.00148,0.085916,0.024139,0.191715,0.128134,0.109005,0.025029,0.434553
AACGCATGATCTGGGT-1,0.000031,0.000031,0.095623,0.074204,0.098489,0.078008,0.097948,0.105893,0.449774
AACGCGAACGGCAACA-1,0.000379,0.00038,0.00038,0.00038,0.00038,0.000379,0.996964,0.00038,0.000379
AACGCGACCTTGGGCG-1,0.000031,0.01424,0.098878,0.181792,0.022304,0.079932,0.066311,0.246352,0.290159
AACGCGGTCTCCAGCC-1,0.000046,0.000046,0.106287,0.008331,0.032506,0.008954,0.051008,0.037176,0.755646
AACGCTGTTGCTGAAA-1,0.000031,0.000031,0.05601,0.265056,0.017917,0.083941,0.3501,0.204202,0.022714
AACGGACGTACGTATA-1,0.000046,0.012594,0.060944,0.123698,0.028128,0.009564,0.343722,0.331955,0.089348
AACGGCCATCTCCGGT-1,0.00003,0.001159,0.042849,0.113753,0.019283,0.062678,0.093476,0.345806,0.320965
AACGTACTGTGGGTAC-1,0.000051,0.047522,0.056911,0.126516,0.06989,0.240768,0.10384,0.303071,0.05143
AACGTAGTCTACCCAT-1,0.000374,0.060126,0.000374,0.000374,0.112373,0.000374,0.825255,0.000374,0.000374
AACGTCAGACTAGTGG-1,0.000026,0.00733,0.086889,0.071033,0.203515,0.148128,0.057995,0.114076,0.311007
AACGTGATGAAGGACA-1,0.000033,0.005296,0.024912,0.00279,0.030102,0.017819,0.000033,0.021679,0.897335
AACGTGCGAAAGTCTC-1,0.000035,0.000559,0.163491,0.038808,0.016218,0.017551,0.02773,0.289014,0.446594
AACGTTATCAGCACCT-1,0.000335,0.000335,0.000335,0.000335,0.000335,0.000335,0.997321,0.000335,0.000335
AACGTTCTACCATTGT-1,0.000056,0.000056,0.031596,0.005809,0.000056,0.000056,0.048925,0.335638,0.577806
AACTACCCGTTTGTCA-1,0.000034,0.000034,0.087735,0.040347,0.030748,0.052166,0.068471,0.35303,0.367433
AACTAGCGTATCGCAC-1,0.000105,0.000105,0.000105,0.000105,0.000105,0.000105,0.937812,0.009462,0.052093
AACTAGGCTTGGGTGT-1,0.00006,0.004666,0.126569,0.028009,0.015239,0.000066,0.001829,0.301781,0.521782
AACTCAAGTTAATTGC-1,0.000024,0.012565,0.073171,0.145377,0.030463,0.047943,0.03055,0.221775,0.438132
AACTCCAGAGCGTGTT-1,0.000018,0.014052,0.058619,0.320109,0.180201,0.103292,0.104362,0.212437,0.006911
AACTCCTAATCCCATG-1,0.000034,0.000034,0.036683,0.000034,0.000034,0.002822,0.132872,0.018962,0.808526
AACTCGATAAACACGT-1,0.00036,0.00036,0.51742,0.00036,0.00036,0.00036,0.480062,0.00036,0.00036
AACTCGATGGCGCAGT-1,0.000422,0.000423,0.000423,0.000423,0.000423,0.000423,0.91039,0.086651,0.000423
AACTCTCAATAGAGCG-1,0.000022,0.009494,0.041656,0.068553,0.504363,0.182911,0.125096,0.036622,0.031283
AACTCTCAGTGTGCTC-1,0.000035,0.044873,0.049775,0.067145,0.001388,0.014132,0.035533,0.503346,0.283772
AACTGAGGTCAGCGTC-1,0.000028,0.000028,0.021956,0.03502,0.001341,0.005722,0.042575,0.244585,0.648745
AACTGAGTTATACTGA-1,0.000023,0.002883,0.064776,0.149021,0.16668,0.123247,0.343149,0.104699,0.045522
AACTGATATTAGGCCT-1,0.000026,0.006586,0.073962,0.021828,0.26602,0.170727,0.188904,0.082537,0.189411
AACTGGGTCCCGACGT-1,0.000041,0.023389,0.011385,0.000544,0.000041,0.003469,0.044349,0.23621,0.680572
AACTGGGTTCGAGCCG-1,0.000028,0.020651,0.121818,0.079203,0.135996,0.152902,0.020631,0.067022,0.40175
AACTGGTGTGGGCCTT-1,0.000115,0.000115,0.000115,0.000115,0.000115,0.000115,0.939188,0.000115,0.060004
AACTTCTGCGTCTATC-1,0.002179,0.054203,0.00218,0.00218,0.00218,0.00218,0.930537,0.00218,0.00218
AACTTGCCCGTATGCA-1,0.000047,0.125769,0.008767,0.000047,0.000057,0.000047,0.138055,0.108336,0.618877
AACTTGCGTTCTCGCG-1,0.000467,0.364065,0.000467,0.000467,0.449515,0.000467,0.183618,0.000467,0.000467
AACTTTACGGGAGCTT-1,0.000374,0.000374,0.000374,0.000374,0.000374,0.000374,0.997005,0.000374,0.000374
AACTTTAGCTGCTGAG-1,0.00012,0.00012,0.00012,0.00012,0.00012,0.00012,0.999037,0.00012,0.00012
AACTTTCTCGATCATG-1,0.000024,0.019844,0.062661,0.063808,0.064411,0.045928,0.224296,0.208757,0.310271
AAGAAATCACCAGATT-1,0.00002,0.006985,0.043616,0.020081,0.047466,0.056492,0.115502,0.102573,0.607264
AAGAAGGATCAGTTAG-1,0.001263,0.001264,0.001264,0.001264,0.001264,0.001264,0.744212,0.246944,0.001264
AAGACATACGTGGTTT-1,0.000033,0.000033,0.183042,0.064994,0.071967,0.142344,0.025183,0.375211,0.137191
AAGACCAAATAACTCA-1,0.000028,0.014669,0.025996,0.002966,0.010823,0.017208,0.283903,0.073496,0.570911
AAGACCCAACTGAACA-1,0.00002,0.010741,0.163264,0.105398,0.022306,0.032145,0.009685,0.32451,0.331931
AAGACTAACCCGTTGT-1,0.000137,0.341749,0.000137,0.028618,0.038353,0.000137,0.590595,0.000137,0.000137
AAGACTCACGCCCACT-1,0.000022,0.018794,0.06695,0.017056,0.060877,0.05052,0.014356,0.035748,0.735678
AAGACTGCAAGCTACT-1,0.000043,0.000409,0.001852,0.000043,0.000043,0.000043,0.372634,0.118519,0.506412
AAGAGATGAATCGGTA-1,0.000193,0.000193,0.176765,0.016197,0.000193,0.000193,0.50383,0.003193,0.299244
AAGAGCTCTTTATCGG-1,0.000028,0.001137,0.169792,0.057876,0.203588,0.307375,0.008339,0.120874,0.130992
AAGAGGATGTACGCGA-1,0.000028,0.000393,0.04451,0.050392,0.204681,0.178795,0.11111,0.045804,0.364288
AAGAGGCATGGATCGC-1,0.000037,0.006285,0.001693,0.004567,0.000037,0.000037,0.01088,0.28264,0.693822
AAGAGGCCCTTTGGAA-1,0.000018,0.004146,0.139922,0.141915,0.235222,0.095962,0.067862,0.153457,0.161496
AAGATGGCACCGGACC-1,0.000032,0.01897,0.090684,0.064864,0.024356,0.070117,0.015317,0.349915,0.365746
AAGATTGGCGGAACGT-1,0.00004,0.00004,0.001606,0.00004,0.013238,0.002775,0.200451,0.071731,0.710079
AAGCACCCTGCGTATC-1,0.000025,0.023237,0.205046,0.077155,0.04405,0.18724,0.057881,0.149572,0.255794
AAGCATACTCTCCTGA-1,0.00003,0.014712,0.024865,0.011911,0.000092,0.007426,0.079062,0.475261,0.386642
AAGCCGAAGCGGTTTA-1,0.000036,0.004464,0.028112,0.117963,0.004438,0.017191,0.163303,0.365116,0.299376
AAGCCGCCGTGAAATC-1,0.000042,0.000042,0.007456,0.000042,0.000042,0.000043,0.943283,0.016888,0.032163
AAGCCGCTTTACCTTG-1,0.000018,0.014139,0.324023,0.014595,0.161677,0.321091,0.034797,0.027006,0.102654
AAGCCGGAGAGCAGGA-1,0.000029,0.00305,0.059006,0.152911,0.263265,0.107483,0.067273,0.210748,0.136238
AAGCGCAGGGCTTTGA-1,0.00003,0.049109,0.023134,0.089124,0.010222,0.005787,0.215886,0.412339,0.194369
AAGCGGAGTGCGCGCA-1,0.000051,0.000051,0.000051,0.000051,0.000051,0.000051,0.946466,0.011723,0.041502
AAGCGGCGTCATGGGT-1,0.000083,0.000083,0.009285,0.000083,0.000083,0.000083,0.443426,0.078746,0.468128
AAGCGTCCCTCATCGA-1,0.000028,0.018038,0.041325,0.006733,0.000028,0.000028,0.156491,0.280744,0.496586
AAGCTAGATCGAGTAA-1,0.000027,0.039925,0.077496,0.057792,0.013359,0.046818,0.006283,0.325342,0.432957
AAGCTCGTGCCAAGTC-1,0.000044,0.016261,0.094773,0.022095,0.021599,0.020912,0.233547,0.323843,0.266926
AAGCTCTTTCATGGTG-1,0.000013,0.062099,0.037501,0.359615,0.302533,0.15148,0.049208,0.027186,0.010367
AAGGAGAACTTATAAG-1,0.000149,0.000149,0.000149,0.000149,0.000149,0.000149,0.998805,0.000149,0.000149
AAGGAGCGGTTGGTGC-1,0.000031,0.022227,0.070241,0.064627,0.2603,0.056449,0.073389,0.20069,0.252045
AAGGATCGATCGCTTG-1,0.000025,0.000025,0.093053,0.094606,0.188072,0.156693,0.073477,0.244844,0.149204
AAGGATGAGGGACCTC-1,0.00006,0.00006,0.16527,0.007332,0.083618,0.073179,0.080441,0.050695,0.539345
AAGGCAGGCTGTCTCC-1,0.000038,0.000038,0.131678,0.036665,0.02874,0.009281,0.193451,0.450443,0.149668
AAGGCGCGTAAAGCTT-1,0.000026,0.008234,0.043372,0.02671,0.134633,0.040241,0.050686,0.034522,0.661576
AAGGCTGTGCTCATCG-1,0.000035,0.006034,0.173976,0.060023,0.03676,0.12707,0.044444,0.152767,0.398892
AAGGGAACGACTGGCT-1,0.000038,0.000038,0.067151,0.036438,0.088527,0.009799,0.371753,0.075934,0.350323
AAGGGACAGATTCTGT-1,0.000035,0.000035,0.119417,0.013393,0.115846,0.050575,0.166591,0.094904,0.439204
AAGGGACTATGCATTC-1,0.000023,0.049375,0.145125,0.037313,0.186782,0.086786,0.200229,0.063952,0.230415
AAGGGTTAGCCATGCG-1,0.000118,0.000118,0.160206,0.011053,0.262346,0.253208,0.000118,0.083785,0.229047
AAGGGTTTGATTTCAG-1,0.000014,0.030277,0.079318,0.084446,0.452701,0.163398,0.016312,0.043721,0.129813
AAGGTATCCTAATATA-1,0.000024,0.01339,0.065109,0.012502,0.293653,0.192492,0.002523,0.038189,0.38212
AAGGTGATAAACCAGC-1,0.000033,0.233093,0.007197,0.00384,0.000114,0.001816,0.185791,0.093722,0.474394
AAGTAAGCTTCCAAAC-1,0.000406,0.000406,0.000406,0.000406,0.000406,0.000406,0.996754,0.000406,0.000406
AAGTAGAAGACCGGGT-1,0.000024,0.000024,0.033392,0.014868,0.013316,0.014301,0.000024,0.021896,0.902154
AAGTAGTGACGCGAGG-1,0.000042,0.017185,0.140962,0.025502,0.115626,0.310894,0.074665,0.069279,0.245845
AAGTCAATTGTCGTCA-1,0.000028,0.003278,0.099025,0.344162,0.067386,0.050328,0.091155,0.266597,0.078041
AAGTCTAGTAGCTGCC-1,0.00002,0.006521,0.075955,0.025954,0.266847,0.05795,0.112834,0.042224,0.411695
AAGTCTTCTGTGGCCT-1,0.000823,0.000824,0.000824,0.000824,0.791971,0.000824,0.202264,0.000824,0.000824
AAGTGAGTCGGGTTTA-1,0.000073,0.033289,0.116395,0.05301,0.027173,0.045179,0.053802,0.53598,0.1351
AAGTGCAAAGGTAGAC-1,0.000703,0.000704,0.000704,0.000704,0.000704,0.000704,0.872279,0.000704,0.122795
AAGTGCCTTGACTGTA-1,0.000045,0.018447,0.136979,0.08684,0.024489,0.024607,0.069917,0.274741,0.363935
AAGTGCGTTAGAATCT-1,0.00004,0.007786,0.01258,0.054119,0.027258,0.008498,0.22703,0.047569,0.61512
AAGTGTTTGGAGACGG-1,0.000039,0.005392,0.049318,0.047526,0.000039,0.002423,0.02963,0.360373,0.505259
AAGTTCACTCCAAGCT-1,0.000025,0.002524,0.177099,0.227144,0.024847,0.093764,0.020343,0.318564,0.13569
AAGTTCAGTCTGCGTA-1,0.000036,0.000036,0.001399,0.001475,0.000036,0.000036,0.126886,0.139361,0.730733
AAGTTCGGCCAACAGG-1,0.000024,0.008267,0.079457,0.102242,0.564167,0.073336,0.082245,0.032066,0.058195
AAGTTGTGATGTTATA-1,0.000021,0.013743,0.077236,0.206606,0.287732,0.120401,0.019124,0.1797,0.095438
AAGTTTACTAATGGCA-1,0.000072,0.000072,0.172541,0.000072,0.006405,0.151754,0.1924,0.253202,0.223481
AAGTTTATGGGCCCAA-1,0.000023,0.000023,0.152386,0.060516,0.008262,0.026041,0.012988,0.288651,0.451108
AATAACAACGCTCGGC-1,0.000036,0.006324,0.003783,0.016915,0.0029,0.001036,0.030865,0.177884,0.760257
AATAACACTAGAACAA-1,0.000015,0.028734,0.081562,0.294315,0.091093,0.171556,0.006545,0.195906,0.130273
AATAAGTCCTCGAGAC-1,0.000021,0.000021,0.024918,0.000473,0.002189,0.008654,0.000021,0.031953,0.931749
AATAATCTTCGTATCG-1,0.000029,0.000749,0.034459,0.009459,0.000029,0.004025,0.033454,0.27906,0.638737
AATACAATGTTTCAGG-1,0.001709,0.001711,0.001711,0.001711,0.001711,0.001711,0.986316,0.001711,0.001711
AATACCGGAGGGCTGT-1,0.000034,0.017015,0.123456,0.104874,0.036089,0.142919,0.111254,0.183875,0.280485
AATAGAACAGAGTGGC-1,0.00006,0.012038,0.103052,0.259198,0.052212,0.149695,0.04349,0.104032,0.276223
AATAGAATCTGTTTCA-1,0.000021,0.005671,0.0661,0.154452,0.019772,0.078673,0.081978,0.497157,0.096178
AATAGCAAGCCTCCTG-1,0.00002,0.004715,0.152337,0.075598,0.146361,0.117276,0.027326,0.147029,0.329338
AATAGCTACCGCGTGC-1,0.000054,0.004889,0.055869,0.032969,0.014961,0.056577,0.403374,0.062891,0.368418
AATAGTCCGTCCCGAC-1,0.00003,0.438709,0.027183,0.008638,0.005095,0.017361,0.143257,0.251784,0.107941
AATAGTCGCGAGTCGG-1,0.000299,0.074255,0.000299,0.222597,0.306175,0.000299,0.395478,0.000299,0.000299
AATATCAAGGTCGGAT-1,0.000114,0.117461,0.000115,0.000115,0.000115,0.000115,0.845408,0.036444,0.000115
AATATCCTAGCAAACT-1,0.000033,0.024337,0.028628,0.093047,0.032015,0.030702,0.425469,0.17863,0.187139
AATATCGAATCAATGC-1,0.000025,0.000025,0.178243,0.070987,0.036721,0.049768,0.054204,0.289232,0.320796
AATATCGAGGGTTCTC-1,0.000032,0.000676,0.041935,0.010986,0.090874,0.03031,0.033751,0.012719,0.778718
AATATTGGAGTATTGA-1,0.000064,0.000064,0.04057,0.033151,0.432328,0.199225,0.141892,0.011678,0.141029
AATCAGACTGCAGGAC-1,0.000112,0.337338,0.000112,0.000112,0.318321,0.000904,0.342875,0.000112,0.000112
AATCATGTAAAGACTC-1,0.00002,0.03282,0.026567,0.252654,0.154073,0.159699,0.349405,0.024556,0.000206
AATCCAAGGGCCTGAG-1,0.000027,0.007735,0.148023,0.047699,0.28028,0.107791,0.019135,0.023654,0.365657
AATCCATGCAAGGGTG-1,0.000842,0.000842,0.000842,0.000842,0.000842,0.000842,0.993262,0.000842,0.000842
AATCGCCTCAGCGCCA-1,0.00003,0.013533,0.099803,0.320278,0.070621,0.030596,0.09511,0.070816,0.299214
AATCGCGCAGAGGACT-1,0.000032,0.003689,0.110349,0.059702,0.152969,0.062572,0.142802,0.141107,0.326778
AATCGGGACACTACGA-1,0.000034,0.000034,0.034544,0.00175,0.126368,0.182586,0.271633,0.052617,0.330434
AATCGGTATAGCCCTC-1,0.000016,0.020024,0.175663,0.283318,0.218878,0.14364,0.032584,0.050681,0.075196
AATCGTGAGCCGAGCA-1,0.000035,0.002294,0.128071,0.077894,0.008124,0.013747,0.190432,0.382845,0.196559
AATCTAGGTTTACTTG-1,0.000018,0.003539,0.073009,0.077498,0.285492,0.066524,0.096623,0.06248,0.334817
AATCTATGCCGGAGCC-1,0.000044,0.002949,0.000044,0.000044,0.000044,0.000044,0.12037,0.164687,0.711776
AATCTCTACTGTGGTT-1,0.000273,0.000273,0.000273,0.05945,0.000273,0.118527,0.820384,0.000273,0.000273
AATCTGCGTTGGGACG-1,0.00002,0.00002,0.010225,0.036588,0.794563,0.098617,0.033821,0.025494,0.000652
AATCTGGCTTTCTAGT-1,0.000044,0.000044,0.046749,0.03858,0.033125,0.019219,0.216093,0.147037,0.499108
AATCTGGGTAGACCCT-1,0.000038,0.015129,0.037333,0.025213,0.027145,0.012541,0.02296,0.097015,0.762627
AATGACAGCAATGTCT-1,0.000032,0.009072,0.048667,0.03275,0.116665,0.064671,0.361924,0.087402,0.278818
AATGACGTAGGATGTC-1,0.000031,0.021861,0.042267,0.035764,0.072719,0.044811,0.267335,0.46416,0.051053
AATGACTGTCAGCCGG-1,0.000045,0.128288,0.15104,0.021856,0.087078,0.127154,0.049969,0.141988,0.292582
AATGAGTTCGCATATG-1,0.00161,0.001612,0.001612,0.001612,0.001611,0.001611,0.987109,0.001612,0.001612
AATGATGATACGCTAT-1,0.000041,0.00035,0.10622,0.013087,0.12546,0.136427,0.033704,0.065225,0.519485
AATGATGCGACTCCTG-1,0.000047,0.000047,0.094274,0.013399,0.053169,0.037701,0.075301,0.224092,0.50197
AATGCAACCGGGTACC-1,0.000021,0.128041,0.057583,0.088065,0.222817,0.051622,0.087646,0.063802,0.300401
AATGCACCAAGCAATG-1,0.000038,0.010245,0.044107,0.03109,0.054072,0.031437,0.149462,0.256617,0.422933
AATGGCCGCCAATGCG-1,0.000016,0.01367,0.21519,0.033424,0.23563,0.224316,0.018857,0.01636,0.242538
AATGGTCCACCGTTCA-1,0.000235,0.000236,0.000236,0.000236,0.000236,0.000236,0.748699,0.006679,0.243209
AATGGTTCTCACAAGC-1,0.000259,0.000259,0.000259,0.000259,0.000259,0.026227,0.971959,0.000259,0.000259
AATGTGCCCGAGGTGT-1,0.000022,0.549116,0.000022,0.000022,0.000022,0.000022,0.143468,0.14135,0.165958
AATGTGCTAATCTGAG-1,0.000036,0.000036,0.115313,0.089852,0.055065,0.136873,0.07788,0.311692,0.213253
AATGTTGTCGTGAGAC-1,0.000055,0.000055,0.000055,0.000055,0.000055,0.000055,0.999557,0.000055,0.000055
AATTAAAGGTCGGCGT-1,0.000034,0.03859,0.074593,0.423534,0.149002,0.177272,0.057531,0.060382,0.019063
AATTAACGGATTTCCA-1,0.000014,0.010333,0.084825,0.222585,0.324988,0.260814,0.000708,0.059798,0.035934
AATTACGAGACCCATC-1,0.000028,0.008908,0.043481,0.037016,0.120793,0.033986,0.093523,0.075646,0.586618
AATTACTCGTACGCTC-1,0.000686,0.000686,0.000686,0.000686,0.000686,0.000686,0.994509,0.000686,0.000686
AATTAGCGCTGCAGCG-1,0.000051,0.059432,0.021022,0.097419,0.000051,0.03635,0.038803,0.398376,0.348496
AATTCATAAGGGATCT-1,0.000029,0.00003,0.128582,0.003241,0.227261,0.098936,0.134982,0.060306,0.346633
AATTCATTGTCATGCA-1,0.000028,0.016097,0.046829,0.026886,0.353413,0.055843,0.421826,0.014446,0.064632
AATTCCAACTTGGTGA-1,0.000257,0.000257,0.000257,0.000257,0.000257,0.000257,0.997941,0.000257,0.000257
AATTCCAAGCATGTAC-1,0.000016,0.007397,0.046998,0.17935,0.056024,0.050517,0.068037,0.460443,0.131219
AATTCGATTCGAGGAT-1,0.000026,0.035934,0.12821,0.134829,0.011444,0.01493,0.013178,0.285663,0.375786
AATTCTAGAGTTAGGC-1,0.000034,0.018658,0.146076,0.053748,0.01404,0.038305,0.043438,0.158863,0.526837
AATTGAACGCTCTGGT-1,0.000022,0.020169,0.062554,0.202604,0.086434,0.072978,0.019703,0.228922,0.306614
AATTGCAGCAATCGAC-1,0.000018,0.011687,0.105407,0.248471,0.053146,0.10447,0.021476,0.159262,0.296064
AATTGTGGTTGCCAAA-1,0.000026,0.000026,0.059553,0.041454,0.022493,0.04778,0.02129,0.256252,0.551126
AATTTGGGACATAGTA-1,0.000039,0.003514,0.116658,0.024772,0.130803,0.071782,0.075353,0.073621,0.503458
AATTTGGTTCCAAAGA-1,0.00002,0.00002,0.020015,0.00002,0.001586,0.005589,0.002165,0.004382,0.966202
ACAAACCATGCGTCCT-1,0.000039,0.004546,0.124435,0.076557,0.148764,0.201847,0.254115,0.102338,0.08736
ACAAACCGACAAGGCG-1,0.000012,0.004669,0.03314,0.089954,0.261645,0.057199,0.040816,0.100218,0.412347
ACAAAGAAGGTAGGCC-1,0.000038,0.005,0.040831,0.024643,0.241212,0.022302,0.282238,0.003896,0.379841
ACAAAGCATGACCTAG-1,0.00002,0.02213,0.161149,0.273756,0.035187,0.088781,0.04464,0.196676,0.17766
ACAAATCGCACCGAAT-1,0.000026,0.015245,0.099784,0.055057,0.018025,0.084798,0.131232,0.190584,0.405248
ACAAATGGTAGTGTTT-1,0.000049,0.007464,0.126581,0.015317,0.010946,0.100052,0.093136,0.451168,0.195287
ACAAATTCAGATCTGA-1,0.000045,0.000045,0.109083,0.046527,0.017218,0.01464,0.229384,0.228266,0.354793
ACAACAGCATGAGCTA-1,0.000022,0.004635,0.06816,0.130675,0.265869,0.369566,0.135551,0.024729,0.000792
ACAACGGTCCCTGCGA-1,0.000236,0.000236,0.000236,0.116759,0.000236,0.000236,0.73997,0.108045,0.034046
ACAAGCAGTGCCTAGC-1,0.000048,0.000048,0.000048,0.000048,0.000048,0.000048,0.227796,0.184844,0.587072
ACAAGCTATATGGAAG-1,0.001355,0.001356,0.001356,0.001356,0.001356,0.001356,0.989153,0.001356,0.001356
ACAAGGAAATCCGCCC-1,0.000016,0.008789,0.071931,0.36084,0.191847,0.18056,0.01587,0.084369,0.085777
ACAAGGACAAGAGGTT-1,0.000037,0.006981,0.096164,0.024967,0.031936,0.025217,0.093379,0.131413,0.589907
ACAAGGATGCTTTAGG-1,0.000016,0.030599,0.074406,0.378906,0.1471,0.200131,0.051027,0.104059,0.013754
ACAAGGCCTACCAGCC-1,0.000028,0.000214,0.042107,0.026434,0.003645,0.021164,0.031055,0.173495,0.701858
ACAAGGGCAGGCTCTG-1,0.000041,0.000058,0.010973,0.000041,0.000041,0.000041,0.028488,0.351642,0.608674
ACAATAGTCGTACGTT-1,0.000058,0.012893,0.005864,0.016024,0.08864,0.015723,0.15127,0.078276,0.631252
ACAATCCATTTAAACC-1,0.000026,0.000026,0.000026,0.000026,0.000026,0.000026,0.041773,0.135868,0.822204
ACAATCGATCTTTATA-1,0.000089,0.000089,0.037967,0.000089,0.000089,0.05799,0.834178,0.029666,0.039845
ACAATGATTCTTCTAC-1,0.00002,0.000432,0.160496,0.158113,0.043798,0.147157,0.052092,0.207084,0.230808
ACAATTGTGTCTCTTT-1,0.000025,0.008797,0.18726,0.372336,0.018335,0.031513,0.107678,0.172213,0.101842
ACAATTTAGGAGGCTC-1,0.000842,0.000842,0.000842,0.000842,0.000842,0.000842,0.993262,0.000842,0.000842
ACAATTTGAGCAGTGG-1,0.000053,0.000053,0.000053,0.000053,0.000053,0.000053,0.066994,0.077795,0.854895
ACAATTTGGCCATATT-1,0.000039,0.000039,0.097982,0.045127,0.04814,0.193195,0.097591,0.23016,0.287728
ACACAAAGACGGGTGG-1,0.000032,0.000032,0.045348,0.034459,0.000545,0.012429,0.005052,0.134962,0.767141
ACACAAATATTCCTAG-1,0.000016,0.020785,0.107724,0.043782,0.164349,0.138091,0.105282,0.283194,0.136778
ACACACCAGGACCAGT-1,0.000026,0.161903,0.034205,0.042309,0.006758,0.001182,0.150506,0.130131,0.472979
ACACACTTTCTACACG-1,0.000028,0.00323,0.255455,0.043806,0.252066,0.105646,0.022374,0.014289,0.303106
ACACATGATCAAATCT-1,0.000014,0.293305,0.017452,0.102617,0.136597,0.025329,0.276064,0.047665,0.100958
ACACATTGACGCAACA-1,0.000772,0.000772,0.000772,0.000772,0.000772,0.000772,0.993823,0.000772,0.000772
ACACCACATAATTAGC-1,0.000028,0.000028,0.074837,0.004625,0.043128,0.105254,0.018987,0.076958,0.676155
ACACCCAGCATGCAGC-1,0.000024,0.085081,0.07082,0.005306,0.01277,0.016299,0.02819,0.057911,0.723599
ACACCCGAGAAATCCG-1,0.000036,0.0168,0.000036,0.000036,0.000036,0.000036,0.068433,0.007132,0.907456
ACACCCGTAAATCTGT-1,0.000044,0.019698,0.232957,0.092806,0.108372,0.178484,0.051842,0.093354,0.222443
ACACCGAGCGCTCTTT-1,0.000861,0.000862,0.000862,0.000862,0.000862,0.000862,0.993105,0.000862,0.000862
ACACCGGTCTGACCGC-1,0.000026,0.000082,0.12193,0.036183,0.026948,0.034085,0.21876,0.080895,0.48109
ACACCTTAAGTAGGGC-1,0.000027,0.000388,0.059581,0.029575,0.119162,0.099898,0.008822,0.048485,0.634061
ACACCTTACTACTTGC-1,0.00003,0.013931,0.124467,0.043243,0.076464,0.104086,0.245108,0.266192,0.12648
ACACGAGACTCCTTCT-1,0.000058,0.000059,0.005213,0.000059,0.000059,0.000059,0.238452,0.145753,0.610289
ACACGGCACTATGCAT-1,0.000022,0.000022,0.007878,0.000745,0.000022,0.000488,0.035986,0.036179,0.918658
ACACGGGAACTTAGGG-1,0.000037,0.000037,0.105274,0.056586,0.078849,0.062133,0.061504,0.111612,0.523968
ACACGTAGGCCACAAG-1,0.000019,0.00201,0.073084,0.175087,0.16891,0.271212,0.014199,0.176232,0.119246
ACACTCCAATGTCACT-1,0.000573,0.000573,0.000573,0.000573,0.000573,0.000573,0.995415,0.000573,0.000573
ACACTGATCAAGGTGT-1,0.00005,0.026196,0.242802,0.265106,0.062664,0.104101,0.13032,0.133456,0.035306
ACACTGGGACAGTCGT-1,0.00002,0.0218,0.080407,0.1815,0.245946,0.119907,0.019016,0.212132,0.119273
ACAGAACTGAGAACAA-1,0.000015,0.032656,0.037777,0.067197,0.568819,0.109019,0.054711,0.048777,0.081029
ACAGATTAGGTTAGTG-1,0.000056,0.000056,0.027264,0.003443,0.026624,0.056003,0.766223,0.00428,0.11605
ACAGCATAGAGCCAGT-1,0.000031,0.000031,0.000031,0.000031,0.000031,0.000031,0.07317,0.025664,0.900978
ACAGCGACATTCTCAT-1,0.000021,0.010808,0.143248,0.345693,0.107482,0.139871,0.069286,0.176142,0.007449
ACAGCGCACCCGCAGC-1,0.000023,0.001063,0.120906,0.0348,0.143216,0.090192,0.009278,0.081121,0.519402
ACAGGAGGCGCAGCCG-1,0.00022,0.000221,0.000221,0.053938,0.057213,0.000221,0.671239,0.062696,0.154031
ACAGGCACGGATCCTT-1,0.000033,0.007554,0.109356,0.200164,0.25793,0.061735,0.070239,0.275315,0.017674
ACAGGCTTGCCCGACT-1,0.000032,0.014696,0.189534,0.094466,0.033879,0.019542,0.030667,0.306229,0.310955
ACAGGTGGAGGTGAGG-1,0.000019,0.005918,0.27275,0.238499,0.269955,0.082806,0.01457,0.039558,0.075926
ACAGGTGTGTTGTTGC-1,0.000343,0.000343,0.000343,0.000343,0.000343,0.000343,0.997255,0.000343,0.000343
ACAGTAATACAACTTG-1,0.000053,0.005761,0.014734,0.000053,0.000053,0.000053,0.321367,0.029014,0.628913
ACAGTATACCGTGGGA-1,0.000021,0.003057,0.083915,0.031716,0.057257,0.114243,0.061515,0.122697,0.525579
ACAGTGCAGCGCATTT-1,0.000012,0.00564,0.066546,0.04567,0.21423,0.144763,0.131515,0.088448,0.303176
ACATAAGTCGTGGTGA-1,0.000023,0.02445,0.052147,0.131156,0.187056,0.080207,0.109608,0.172643,0.242709
ACATAATAAGGCGGTG-1,0.000022,0.01232,0.137313,0.083265,0.24623,0.171242,0.020224,0.096788,0.232595
ACATCAGCTGGGACGC-1,0.000703,0.000704,0.000704,0.000704,0.000704,0.000704,0.994371,0.000704,0.000704
ACATCCCGGCCATACG-1,0.000043,0.034157,0.077637,0.07745,0.019731,0.104354,0.160562,0.188526,0.337537
ACATCCTGGTAACTGT-1,0.000033,0.024378,0.05704,0.05204,0.252944,0.101561,0.2271,0.184727,0.100177
ACATCGATCGTTTACC-1,0.000031,0.002464,0.218848,0.163679,0.063176,0.052127,0.055729,0.134176,0.309768
ACATCGGTCAGCCGCG-1,0.000051,0.000969,0.002821,0.083152,0.009201,0.000051,0.458853,0.082649,0.362253
ACATCGTATGCAATGG-1,0.000047,0.000047,0.040749,0.154625,0.034561,0.044974,0.709622,0.015328,0.000047
ACATCGTTAACCTAGT-1,0.000021,0.00337,0.303014,0.009298,0.095572,0.215794,0.001334,0.013475,0.358122
ACATCTCAACGCGTAA-1,0.000019,0.003846,0.069757,0.014758,0.097717,0.128989,0.002269,0.030619,0.652026
ACATGGCGCCAAAGTA-1,0.000017,0.001691,0.108049,0.048577,0.361441,0.199236,0.022735,0.010606,0.247649
ACATGGCTCAATTTAG-1,0.000262,0.000262,0.000262,0.093498,0.000262,0.000262,0.904667,0.000262,0.000262
ACATTAGTTTATATCC-1,0.000027,0.003326,0.140727,0.162777,0.070504,0.122514,0.058407,0.112962,0.328757
ACATTTGAAACCTAAC-1,0.000068,0.000068,0.270623,0.031595,0.032223,0.047689,0.189657,0.372941,0.055136
ACCAAACACCCAGCGA-1,0.000017,0.005021,0.16027,0.054624,0.225962,0.040336,0.045021,0.108599,0.36015
ACCAAACTAGAAATCC-1,0.00004,0.00004,0.047706,0.000426,0.019933,0.054833,0.719666,0.031961,0.125394
ACCAACACCACACACT-1,0.000032,0.000816,0.003789,0.000032,0.000032,0.000032,0.159473,0.041967,0.793827
ACCAACCGCACTCCAC-1,0.000014,0.002567,0.089872,0.130033,0.01146,0.045227,0.125991,0.363847,0.230988
ACCAACGCTTATTTAT-1,0.000019,0.008192,0.029629,0.336721,0.328279,0.173094,0.057141,0.066905,0.000019
ACCAAGAACGCGTGTC-1,0.000042,0.000042,0.121423,0.029843,0.122625,0.260431,0.049051,0.090729,0.325813
ACCAAGTCATCGGCAG-1,0.000037,0.007686,0.051381,0.023466,0.007147,0.019133,0.729971,0.156033,0.005147
ACCAATATGCAAGTTA-1,0.000026,0.013587,0.070116,0.123523,0.063266,0.30743,0.023975,0.154075,0.244003
ACCACAACTCAGAACA-1,0.000035,0.010375,0.155403,0.008096,0.072876,0.12949,0.069,0.05162,0.503106
ACCACAAGTTTCTATC-1,0.000028,0.007343,0.120979,0.178437,0.186367,0.088332,0.021252,0.06705,0.330211
ACCACCAATGTAACAA-1,0.000041,0.000041,0.001371,0.000041,0.000041,0.000041,0.518863,0.140841,0.33872
ACCACCCTCTCTTCTA-1,0.000023,0.000315,0.038837,0.030941,0.060009,0.065023,0.132922,0.133879,0.53805
ACCACGTGCAGCTATA-1,0.000026,0.013327,0.07238,0.174577,0.207586,0.220993,0.036731,0.185044,0.089336
ACCACTGTTCAAGAAG-1,0.000799,0.0008,0.0008,0.0008,0.226219,0.0008,0.768182,0.0008,0.0008
ACCAGACCATAACAAC-1,0.000514,0.170255,0.000515,0.000515,0.000515,0.000515,0.664809,0.000515,0.161848
ACCAGCCCGGTCTTTG-1,0.000016,0.005236,0.066074,0.017619,0.194782,0.15523,0.005516,0.009854,0.545674
ACCAGGAGTGTGATCT-1,0.000135,0.000135,0.000135,0.000135,0.000135,0.000135,0.998919,0.000135,0.000135
ACCAGTGCCCGGTCAA-1,0.000023,0.009423,0.225744,0.093293,0.178808,0.069262,0.1833,0.035822,0.204325
ACCAGTGCGGGAGACG-1,0.000028,0.012221,0.023973,0.282362,0.08147,0.030951,0.168146,0.349818,0.051032
ACCATATCCGCAATAA-1,0.000019,0.002903,0.048945,0.20563,0.013134,0.027476,0.167123,0.380016,0.154754
ACCATCCGCCAACTAG-1,0.000183,0.002406,0.000183,0.000183,0.000183,0.000183,0.77702,0.128878,0.090782
ACCATCGTATATGGTA-1,0.000036,0.015686,0.086762,0.224158,0.139148,0.228513,0.060673,0.081203,0.163821
ACCATTAAGGGTGTCA-1,0.000534,0.028987,0.000535,0.000535,0.000535,0.000535,0.965235,0.002571,0.000535
ACCCAACGCCCGTGGC-1,0.000031,0.059406,0.009526,0.001405,0.007085,0.017882,0.351297,0.080767,0.472601
ACCCACCTACATGCTC-1,0.000387,0.000387,0.000387,0.166276,0.000387,0.000387,0.497647,0.333476,0.000665
ACCCATCTTGAGGGTA-1,0.000021,0.00059,0.001331,0.075284,0.896349,0.014809,0.011573,0.000021,0.000021
ACCCATTTGTCCCTCT-1,0.000021,0.020065,0.175521,0.174578,0.044725,0.101302,0.041727,0.313511,0.128551
ACCCGAGCGAAATTAC-1,0.000016,0.005611,0.122502,0.063097,0.01592,0.039378,0.030827,0.185,0.537649
ACCCGGAAACTCCCAG-1,0.000025,0.006166,0.1875,0.092668,0.077059,0.259222,0.008141,0.120951,0.248269
ACCCGGAGCACCACAA-1,0.000015,0.007338,0.124394,0.072929,0.099633,0.132094,0.069686,0.096997,0.396915
ACCCGGATGACGCATC-1,0.00003,0.00003,0.068267,0.018813,0.277075,0.133661,0.042538,0.042204,0.417381
ACCCGGTTACACTTCC-1,0.000016,0.004436,0.006861,0.455176,0.307493,0.222416,0.002406,0.00118,0.000016
ACCCGTAGTCTAGTTG-1,0.000043,0.012911,0.041814,0.031152,0.000043,0.006999,0.080451,0.457365,0.369222
ACCCGTGTCATCAGTA-1,0.000031,0.000601,0.18328,0.119681,0.070854,0.151388,0.01802,0.185607,0.270538
ACCCTATAGGACTGAG-1,0.000084,0.098369,0.000084,0.005667,0.52135,0.000084,0.374191,0.000084,0.000084
ACCCTATGCCATATCG-1,0.000017,0.005896,0.275097,0.282912,0.11202,0.073896,0.109542,0.128541,0.012078
ACCCTCCCGTCAGGGC-1,0.000016,0.021131,0.030229,0.3917,0.324152,0.133007,0.055893,0.042996,0.000877
ACCCTCCCTTGCTATT-1,0.000036,0.023886,0.048043,0.147713,0.012776,0.039448,0.157601,0.383455,0.187042
ACCCTGGTAACGCCCT-1,0.000024,0.017303,0.152337,0.032764,0.135377,0.164724,0.063516,0.074143,0.359813
ACCCTTCATCTGCGAA-1,0.000026,0.002295,0.110602,0.055476,0.251537,0.126986,0.010289,0.010471,0.432317
ACCCTTGCCTGGGTCG-1,0.000022,0.000022,0.142195,0.048357,0.335068,0.166353,0.064396,0.03753,0.206057
ACCCTTTAGTTCTCCA-1,0.000028,0.000028,0.092585,0.012438,0.071129,0.113992,0.000028,0.023488,0.686285
ACCGAAAGGGCCCTGC-1,0.000053,0.000053,0.009195,0.005405,0.111128,0.060289,0.806806,0.005549,0.00152
ACCGAAGAGTCTGGTT-1,0.000014,0.008405,0.061086,0.016583,0.395641,0.11258,0.135332,0.023221,0.247138
ACCGACACATCTCCCA-1,0.000033,0.019672,0.089308,0.045721,0.01466,0.108681,0.005999,0.165761,0.550165
ACCGACTGAGTCCCAC-1,0.000028,0.010906,0.095682,0.022064,0.214605,0.242407,0.12377,0.064529,0.226008
ACCGAGTCTCCTTATT-1,0.000021,0.000021,0.030394,0.169804,0.016642,0.022153,0.111064,0.469952,0.179948
ACCGATAGGCATAACC-1,0.000027,0.013057,0.097536,0.053446,0.033224,0.051227,0.090636,0.153355,0.507492
ACCGATATTTAATCAT-1,0.000034,0.000034,0.218444,0.09965,0.027972,0.05963,0.084893,0.285457,0.223886
ACCGATGGTAGCATCG-1,0.000023,0.000039,0.049953,0.020058,0.131292,0.199136,0.118986,0.062839,0.417674
ACCGCAATAACTGCCT-1,0.000035,0.030066,0.103618,0.065485,0.060626,0.116203,0.127354,0.326383,0.17023
ACCGCGGTGGAAGTCG-1,0.000025,0.015912,0.040849,0.15325,0.03978,0.022622,0.078985,0.302398,0.346179
ACCGGGCCTTTGTTGA-1,0.000031,0.000031,0.012348,0.015337,0.000031,0.002901,0.11613,0.460861,0.392329
ACCGGTCAGGTACACC-1,0.000022,0.085054,0.013557,0.006686,0.013241,0.00444,0.37234,0.07677,0.427889
ACCGGTCTGAGTACGG-1,0.000034,0.00004,0.143838,0.03874,0.010314,0.048077,0.055986,0.141628,0.561343
ACCGTCCACTGGGCCC-1,0.000022,0.009029,0.036398,0.061291,0.016464,0.016923,0.399124,0.284959,0.17579
ACCGTGACCACGTGGG-1,0.000024,0.026922,0.13237,0.049955,0.004395,0.016531,0.004131,0.172141,0.593533
ACCGTTCCCGCTCTGA-1,0.000045,0.000045,0.050492,0.000076,0.131969,0.146505,0.319985,0.023739,0.327146
ACCTAAGTACCTTTCA-1,0.000025,0.00818,0.031796,0.042084,0.082168,0.029363,0.272252,0.202588,0.331545
