Barcode,Topic 1to4,Topic 5to6,Topic 7to9
AAACAACGAATAGTTC-1,0.004196,0.002098,0.993706
AAACAAGTATCTCCCA-1,0.165075,0.463942,0.370983
AAACAATCTACTAGCA-1,0.504275,0.34543,0.150295
AAACACCAATAACTGC-1,0.714006,0.104596,0.181398
AAACAGAGCGACTCCT-1,0.439789,0.434365,0.125845
AAACAGCTTTCAGAAG-1,0.376739,0.199217,0.424045
AAACAGGGTCTATATT-1,0.793687,0.0327,0.173614
AAACATGGTGAGAGGA-1,0.730436,0.065566,0.203998
AAACATTTCCCGGATT-1,0.279653,0.323474,0.396873
AAACCCGAACGAAATC-1,0.008895,0.004448,0.986657
AAACCGGAAATGTTAA-1,0.312752,0.000319,0.686929
AAACCGGGTAGGTACC-1,0.72436,0.13512,0.14052
AAACCGTTCGTCCAGG-1,0.913537,0.010561,0.075902
AAACCTAAGCAGCCGG-1,0.273926,0.415732,0.310342
AAACCTCATGAAGTTG-1,0.88208,0.023843,0.094076
AAACGAAGAACATACC-1,0.000136,0.000068,0.999796
AAACGAAGATGGAGTA-1,0.012425,0.834648,0.152926
AAACGAGACGGTTGAT-1,0.180823,0.306589,0.512588
AAACGCTGGGCACGAC-1,0.318514,0.000119,0.681367
AAACGGGCGTACGGGT-1,0.171234,0.507411,0.321355
AAACGGGTTGGTATCC-1,0.816026,0.005795,0.17818
AAACGGTTGCGAACTG-1,0.748477,0.112349,0.139173
AAACGTGTTCGCCCTA-1,0.48365,0.252321,0.264028
AAACTAACGTGGCGAC-1,0.741102,0.137761,0.121137
AAACTCGGTTCGCAAT-1,0.763857,0.045133,0.19101
AAACTCGTGATATAAG-1,0.429272,0.186176,0.384552
AAACTGCTGGCTCCAA-1,0.514684,0.04312,0.442196
AAACTTAATTGCACGC-1,0.373117,0.403555,0.223327
AAACTTGCAAACGTAT-1,0.334269,0.345991,0.31974
AAAGAATGACCTTAGA-1,0.664379,0.001547,0.334074
AAAGAATGTGGACTAA-1,0.468087,0.2535,0.278413
AAAGACCCAAGTCGCG-1,0.970951,0.000066,0.028983
AAAGACTGGGCGCTTT-1,0.51699,0.11517,0.36784
AAAGCTTGCCTACATA-1,0.875805,0.006337,0.117858
AAAGGCCCTATAATAC-1,0.39805,0.366581,0.235369
AAAGGCTACGGACCAT-1,0.318685,0.401582,0.279733
AAAGGCTCTCGCGCCG-1,0.400855,0.409512,0.189633
AAAGGGATGTAGCAAG-1,0.469298,0.261992,0.26871
AAAGGGCAGCTTGAAT-1,0.373245,0.153071,0.473684
AAAGGTAAGCTGTACC-1,0.580944,0.185256,0.2338
AAAGTAGCATTGCTCA-1,0.496543,0.013046,0.490411
AAAGTCACTGATGTAA-1,0.466292,0.210398,0.32331
AAAGTCGACCCTCAGT-1,0.877783,0.01095,0.111267
AAAGTGCCATCAATTA-1,0.620167,0.000096,0.379737
AAAGTGTGATTTATCT-1,0.599469,0.277948,0.122583
AAAGTTGACTCCCGTA-1,0.605702,0.000249,0.394049
AAATAACCATACGGGA-1,0.20413,0.076343,0.719528
AAATAAGGTAGTGCCC-1,0.327997,0.105503,0.5665
AAATACCTATAAGCAT-1,0.388819,0.296347,0.314834
AAATAGCTTAGACTTT-1,0.017105,0.008552,0.974342
AAATAGGGTGCTATTG-1,0.955739,0.017332,0.026929
AAATCCGATACACGCC-1,0.174872,0.628857,0.196271
AAATCGCGGAAGGAGT-1,0.389149,0.355505,0.255345
AAATCGTGTACCACAA-1,0.925267,0.008417,0.066316
AAATCTAGCCCTGCTA-1,0.473868,0.120316,0.405816
AAATGATTCGATCAGC-1,0.415274,0.001158,0.583568
AAATGCTCGTTACGTT-1,0.726395,0.034516,0.239088
AAATGGCATGTCTTGT-1,0.515269,0.217025,0.267706
AAATGGCCCGTGCCCT-1,0.474218,0.101988,0.423794
AAATGGTCAATGTGCC-1,0.089468,0.606896,0.303637
AAATGTATCTTATCCC-1,0.125535,0.001513,0.872953
AAATGTGGGTGCTCCT-1,0.360367,0.317282,0.322351
AAATTAACGGGTAGCT-1,0.708984,0.183506,0.10751
AAATTAATAAGCGCGA-1,0.797641,0.027172,0.175187
AAATTACACGACTCTG-1,0.139769,0.395025,0.465206
AAATTACCTATCGATG-1,0.191069,0.00078,0.808151
AAATTCCAGGTCCAAA-1,0.640219,0.001324,0.358457
AAATTGATAGTCCTTT-1,0.785685,0.000748,0.213567
AAATTGCGGCGGTTCT-1,0.214203,0.001869,0.783928
AAATTGGTGAGAAGCA-1,0.267406,0.575892,0.156702
AAATTTACCGAAATCC-1,0.32867,0.212818,0.458512
AAATTTGCGGGTGTGG-1,0.544387,0.197732,0.257881
AACAACTGGTAGTTGC-1,0.38786,0.282942,0.329199
AACAATACATTGTCGA-1,0.322874,0.180439,0.496687
AACAATTACTCTACGC-1,0.998152,0.000053,0.001796
AACACACGCTCGCCGC-1,0.33016,0.38533,0.284511
AACACGACTGTACTGA-1,0.703979,0.126143,0.169878
AACACGAGACGCGGCC-1,0.429124,0.212664,0.358211
AACACGCGGCCGCGAA-1,0.923171,0.000057,0.076772
AACAGCTGTGTGGCAA-1,0.277737,0.481065,0.241198
AACAGGAAATCGAATA-1,0.891012,0.023845,0.085144
AACAGGATGGGCCGCG-1,0.873369,0.004797,0.121834
AACAGGTAGTATGGAT-1,0.010343,0.005171,0.984486
AACATATCAACTGGTG-1,0.299264,0.199107,0.501629
AACATCGATACGTCTA-1,0.248189,0.585439,0.166373
AACATTGAAGTTGATC-1,0.142907,0.453336,0.403756
AACATTGGTCAGCCGT-1,0.002417,0.001209,0.996374
AACATTGTGACTCGAG-1,0.806765,0.034822,0.158413
AACCAAGACTTCTCTG-1,0.629093,0.117324,0.253583
AACCAGTATCACTCTT-1,0.790354,0.061929,0.147717
AACCATAGGGTTGAAC-1,0.347441,0.248097,0.404462
AACCATGGGATCGCTA-1,0.757219,0.044998,0.197783
AACCCAGAGACGGAGA-1,0.659423,0.091505,0.249073
AACCCATCCCATGATC-1,0.467393,0.215692,0.316914
AACCCGACAACCCGTG-1,0.398953,0.184614,0.416433
AACCCGAGCAGAATCG-1,0.305771,0.281307,0.412923
AACCCGATAGGGCTTC-1,0.710273,0.124069,0.165659
AACCCTACTGTCAATA-1,0.419522,0.000625,0.579853
AACCCTGGTGGAACCA-1,0.962349,0.000276,0.037375
AACCGAGCTTGGTCAT-1,0.191071,0.258378,0.550551
AACCGCTAAGGGATGC-1,0.869725,0.019076,0.111199
AACCGTTGTGTTTGCT-1,0.303474,0.280082,0.416444
AACCTCGCTTTAGCCC-1,0.20684,0.602369,0.190791
AACCTGTCACGGAATT-1,0.579196,0.021574,0.39923
AACCTTTAAATACGGT-1,0.141498,0.601199,0.257304
AACCTTTACGACGTCT-1,0.144083,0.348695,0.507222
AACGAAAGTCGTCCCA-1,0.403175,0.220171,0.376653
AACGACCTCCTAGCCG-1,0.915227,0.019463,0.065311
AACGATAATGCCGTAG-1,0.822887,0.082493,0.09462
AACGATAGAAGGGCCG-1,0.798542,0.019269,0.182189
AACGATATGTCAACTG-1,0.091784,0.749664,0.158552
AACGCATGATCTGGGT-1,0.278001,0.480279,0.24172
AACGCGAACGGCAACA-1,0.574857,0.094204,0.330939
AACGCGACCTTGGGCG-1,0.497946,0.243325,0.258728
AACGCGGTCTCCAGCC-1,0.770775,0.073463,0.155762
AACGCTGTTGCTGAAA-1,0.403318,0.367152,0.22953
AACGGACGTACGTATA-1,0.290504,0.422999,0.286497
AACGGCCATCTCCGGT-1,0.754774,0.11594,0.129286
AACGTACTGTGGGTAC-1,0.202518,0.571386,0.226096
AACGTAGTCTACCCAT-1,0.334397,0.270053,0.39555
AACGTCAGACTAGTGG-1,0.891957,0.014325,0.093718
AACGTCGCTGCACTTC-1,0.933005,0.002018,0.064976
AACGTGATGAAGGACA-1,0.494286,0.247951,0.257763
AACGTGCGAAAGTCTC-1,0.515772,0.28636,0.197868
AACGTTATCAGCACCT-1,0.005424,0.002712,0.991864
AACGTTCTACCATTGT-1,0.315183,0.258419,0.426398
AACTACCCGTTTGTCA-1,0.984557,0.006177,0.009266
AACTAGCGTATCGCAC-1,0.370133,0.25062,0.379247
AACTAGGCTTGGGTGT-1,0.522545,0.220109,0.257346
AACTCAAGTTAATTGC-1,0.735024,0.0303,0.234675
AACTCCAGAGCGTGTT-1,0.418669,0.426107,0.155225
AACTCCTAATCCCATG-1,0.444797,0.310275,0.244929
AACTCGATAAACACGT-1,0.006011,0.003005,0.990984
AACTCGATGGCGCAGT-1,0.486959,0.152105,0.360936
AACTCTCAATAGAGCG-1,0.014824,0.007412,0.977764
AACTCTCAGTGTGCTC-1,0.638815,0.194894,0.166292
AACTGAGGTCAGCGTC-1,0.807043,0.074937,0.11802
AACTGAGTTATACTGA-1,0.449874,0.000244,0.549883
AACTGATATTAGGCCT-1,0.404386,0.33399,0.261624
AACTGGGTCCCGACGT-1,0.935288,0.000088,0.064624
AACTGGGTTCGAGCCG-1,0.61452,0.324143,0.061337
AACTGGTGTGGGCCTT-1,0.662553,0.136233,0.201214
AACTTCTGCGTCTATC-1,0.684877,0.133491,0.181632
AACTTGCCCGTATGCA-1,0.869138,0.001825,0.129037
AACTTGCGTTCTCGCG-1,0.432797,0.118892,0.448311
AACTTTACGGGAGCTT-1,0.502024,0.151545,0.346431
AACTTTAGCTGCTGAG-1,0.59026,0.15619,0.253551
AACTTTCTCGATCATG-1,0.926097,0.009532,0.064371
AAGAAATCACCAGATT-1,0.591152,0.108845,0.300003
AAGAAGGATCAGTTAG-1,0.534623,0.086382,0.378995
AAGACATACGTGGTTT-1,0.544703,0.061368,0.39393
AAGACCAAATAACTCA-1,0.426835,0.288921,0.284245
AAGACCCAACTGAACA-1,0.081871,0.816184,0.101944
AAGACTAACCCGTTGT-1,0.227391,0.36802,0.404589
AAGACTGCAAGCTACT-1,0.000105,0.910268,0.089627
AAGAGATGAATCGGTA-1,0.89329,0.016256,0.090454
AAGAGCTCTTTATCGG-1,0.306877,0.293488,0.399635
AAGAGGATGTACGCGA-1,0.243484,0.159909,0.596607
AAGAGGCATGGATCGC-1,0.680373,0.000124,0.319503
AAGAGGCCCTTTGGAA-1,0.084476,0.500924,0.4146
AAGATGGCACCGGACC-1,0.466061,0.20292,0.331018
AAGATTGGCGGAACGT-1,0.528422,0.217028,0.254549
AAGCACCCTGCGTATC-1,0.294395,0.520729,0.184876
AAGCATACTCTCCTGA-1,0.36921,0.285686,0.345104
AAGCCGAAGCGGTTTA-1,0.034056,0.002498,0.963445
AAGCCGCCGTGAAATC-1,0.261741,0.494393,0.243867
AAGCCGCTTTACCTTG-1,0.866409,0.012731,0.12086
AAGCCGGAGAGCAGGA-1,0.000847,0.000424,0.998729
AAGCGCAGGGCTTTGA-1,0.201769,0.469575,0.328656
AAGCGGAGTGCGCGCA-1,0.702979,0.105242,0.191779
AAGCGGCGTCATGGGT-1,0.497097,0.314217,0.188686
AAGCGTCCCTCATCGA-1,0.374342,0.227044,0.398614
AAGCTAGATCGAGTAA-1,0.199571,0.590507,0.209922
AAGCTCGTGCCAAGTC-1,0.273948,0.335418,0.390634
AAGCTCTTTCATGGTG-1,0.147106,0.601397,0.251496
AAGGAGAACTTATAAG-1,0.575476,0.14951,0.275014
AAGGAGCGGTTGGTGC-1,0.842533,0.066715,0.090751
AAGGATCGATCGCTTG-1,0.013081,0.006541,0.980378
AAGGATGAGGGACCTC-1,0.555274,0.300969,0.143758
AAGGCAGGCTGTCTCC-1,0.255716,0.001555,0.742729
AAGGCGCGTAAAGCTT-1,0.928123,0.025055,0.046822
AAGGCTGTGCTCATCG-1,0.445804,0.292539,0.261657
AAGGGAACGACTGGCT-1,0.001304,0.976554,0.022142
AAGGGACAGATTCTGT-1,0.490257,0.000185,0.509558
AAGGGACTATGCATTC-1,0.32369,0.018237,0.658073
AAGGGTTAGCCATGCG-1,0.730452,0.011042,0.258506
AAGGGTTTGATTTCAG-1,0.286007,0.333401,0.380592
AAGGTATCCTAATATA-1,0.507166,0.267471,0.225362
AAGGTGATAAACCAGC-1,0.48326,0.15465,0.36209
AAGTAGAAGACCGGGT-1,0.553809,0.302544,0.143647
AAGTAGTGACGCGAGG-1,0.261968,0.031724,0.706308
AAGTCAATTGTCGTCA-1,0.300557,0.000264,0.699179
AAGTCTAGTAGCTGCC-1,0.622528,0.060703,0.316769
AAGTCTTCTGTGGCCT-1,0.233855,0.177954,0.588191
AAGTGACGACCGAATT-1,0.792605,0.074964,0.132431
AAGTGAGTCGGGTTTA-1,0.605453,0.235351,0.159197
AAGTGCAAAGGTAGAC-1,0.985181,0.000065,0.014754
AAGTGCCTTGACTGTA-1,0.010343,0.005171,0.984485
AAGTGCGTTAGAATCT-1,0.782618,0.143592,0.07379
AAGTGCTTCTCTATTG-1,0.734173,0.139675,0.126152
AAGTGTTTGGAGACGG-1,0.158645,0.37873,0.462626
AAGTTCACTCCAAGCT-1,0.563487,0.214727,0.221787
AAGTTCAGTCTGCGTA-1,0.000331,0.770768,0.228901
AAGTTCGGCCAACAGG-1,0.616273,0.171551,0.212176
AAGTTGTGATGTTATA-1,0.205341,0.47444,0.320219
AAGTTTACTAATGGCA-1,0.992175,0.000057,0.007768
AAGTTTATGGGCCCAA-1,0.230031,0.542398,0.227571
AATAACAACGCTCGGC-1,0.213292,0.414292,0.372416
AATAACACTAGAACAA-1,0.559322,0.257104,0.183575
AATAAGTCCTCGAGAC-1,0.922806,0.000059,0.077136
AATAATCTTCGTATCG-1,0.161342,0.001751,0.836907
AATACAATGTTTCAGG-1,0.998588,0.000089,0.001323
AATACCGGAGGGCTGT-1,0.533399,0.227535,0.239067
AATAGAACAGAGTGGC-1,0.539889,0.319001,0.14111
AATAGAATCTGTTTCA-1,0.642114,0.259567,0.098318
AATAGCAAGCCTCCTG-1,0.519216,0.222518,0.258266
AATAGCTACCGCGTGC-1,0.625124,0.2822,0.092676
AATAGTCCGTCCCGAC-1,0.216885,0.561959,0.221156
AATAGTCGCGAGTCGG-1,0.902993,0.034756,0.062252
AATATCAAGGTCGGAT-1,0.154296,0.470922,0.374781
AATATCCTAGCAAACT-1,0.873265,0.009856,0.116879
AATATCGAATCAATGC-1,0.534416,0.004276,0.461308
AATATCGAGGGTTCTC-1,0.00593,0.002965,0.991105
AATATTGGAGTATTGA-1,0.696412,0.077468,0.22612
AATCAGACTGCAGGAC-1,0.749219,0.049112,0.201669
AATCAGGTTTCATTTA-1,0.277111,0.451648,0.271241
AATCATGTAAAGACTC-1,0.512052,0.288409,0.199539
AATCCAAGGGCCTGAG-1,0.107114,0.645729,0.247157
AATCCATGCAAGGGTG-1,0.16864,0.213867,0.617493
AATCGCCTCAGCGCCA-1,0.278529,0.529597,0.191874
AATCGCGCAGAGGACT-1,0.01202,0.006009,0.981971
AATCGGGACACTACGA-1,0.027156,0.816125,0.15672
AATCGGTATAGCCCTC-1,0.048599,0.563468,0.387933
AATCGTGAGCCGAGCA-1,0.431233,0.338746,0.230021
AATCTAGGTTTACTTG-1,0.590442,0.149288,0.26027
AATCTATGCCGGAGCC-1,0.088038,0.420417,0.491545
AATCTCTACTGTGGTT-1,0.445453,0.066782,0.487765
AATCTGCGTTGGGACG-1,0.026162,0.013083,0.960755
AATCTGGCTTTCTAGT-1,0.66369,0.109961,0.226349
AATCTGGGTAGACCCT-1,0.837981,0.031003,0.131016
AATGACAGCAATGTCT-1,0.804261,0.006119,0.189619
AATGACGTAGGATGTC-1,0.208144,0.649891,0.141965
AATGACTGTCAGCCGG-1,0.483078,0.222909,0.294013
AATGAGTTCGCATATG-1,0.328568,0.14121,0.530222
AATGATGATACGCTAT-1,0.291853,0.386918,0.321229
AATGATGCGACTCCTG-1,0.737867,0.003863,0.25827
AATGCAACCGGGTACC-1,0.779091,0.166967,0.053943
AATGCACCAAGCAATG-1,0.66162,0.062821,0.275559
AATGGTCCACCGTTCA-1,0.856566,0.08462,0.058814
AATGGTTCTCACAAGC-1,0.904468,0.000071,0.095461
AATGTATGGCACTGTA-1,0.799985,0.059231,0.140784
AATGTGCCCGAGGTGT-1,0.191039,0.37966,0.429301
AATGTGCTAATCTGAG-1,0.070312,0.738582,0.191106
AATGTTGTCGTGAGAC-1,0.800244,0.051188,0.148567
AATTAAAGGTCGGCGT-1,0.544051,0.154433,0.301516
AATTAACGGATTTCCA-1,0.265117,0.508759,0.226124
AATTACGAGACCCATC-1,0.549323,0.061753,0.388924
AATTACTCGTACGCTC-1,0.004196,0.002098,0.993706
AATTAGCGCTGCAGCG-1,0.904016,0.032697,0.063287
AATTCATAAGGGATCT-1,0.202397,0.40941,0.388193
AATTCATTGTCATGCA-1,0.680461,0.125533,0.194007
AATTCCAACTTGGTGA-1,0.00183,0.000915,0.997255
AATTCCAAGCATGTAC-1,0.665136,0.158905,0.175959
AATTCGATTCGAGGAT-1,0.684311,0.14004,0.175649
AATTCTAGAGTTAGGC-1,0.691362,0.140661,0.167977
AATTGAACGCTCTGGT-1,0.325198,0.426294,0.248508
AATTGCAGCAATCGAC-1,0.515845,0.277593,0.206562
AATTGCGTGGATTACA-1,0.783468,0.077623,0.138909
AATTGTGGTTGCCAAA-1,0.538501,0.000489,0.46101
AATTTGGGACATAGTA-1,0.668638,0.070668,0.260695
AATTTGGTTCCAAAGA-1,0.981958,0.000055,0.017987
ACAAACCATGCGTCCT-1,0.535448,0.261448,0.203104
ACAAAGCATGACCTAG-1,0.926652,0.033163,0.040185
ACAAATCGCACCGAAT-1,0.779643,0.065591,0.154766
ACAAATGGTAGTGTTT-1,0.610513,0.196757,0.19273
ACAAATTCAGATCTGA-1,0.494871,0.233562,0.271567
ACAACAGCATGAGCTA-1,0.162303,0.435761,0.401936
ACAACGGTCCCTGCGA-1,0.806364,0.048765,0.14487
ACAAGCAGTGCCTAGC-1,0.277923,0.323214,0.398863
ACAAGCTATATGGAAG-1,0.7427,0.044292,0.213009
ACAAGGAAATCCGCCC-1,0.529813,0.241801,0.228386
ACAAGGACAAGAGGTT-1,0.005804,0.875678,0.118518
ACAAGGATGCTTTAGG-1,0.545828,0.285899,0.168273
ACAAGGGCAGGCTCTG-1,0.195628,0.41701,0.387362
ACAATAGTCGTACGTT-1,0.796455,0.055978,0.147568
ACAATCCATTTAAACC-1,0.872566,0.016413,0.111021
ACAATCGATCTTTATA-1,0.300084,0.023815,0.676102
ACAATGAATACGGAGA-1,0.272586,0.449235,0.278178
ACAATGATTCTTCTAC-1,0.65636,0.116708,0.226932
ACAATTGTGTCTCTTT-1,0.340736,0.286151,0.373113
ACAATTTAGGAGGCTC-1,0.68362,0.131945,0.184435
ACAATTTGAGCAGTGG-1,0.168712,0.426536,0.404751
ACAATTTGGCCATATT-1,0.296543,0.003475,0.699982
ACACAAAGACGGGTGG-1,0.544072,0.292615,0.163313
ACACAAATATTCCTAG-1,0.837099,0.000055,0.162847
ACACACCAGGACCAGT-1,0.712301,0.000105,0.287594
ACACACTTTCTACACG-1,0.506001,0.198291,0.295709
ACACATGATCAAATCT-1,0.223359,0.574724,0.201917
ACACATTGACGCAACA-1,0.246222,0.002292,0.751486
ACACCACATAATTAGC-1,0.711964,0.020973,0.267063
ACACCCAGCATGCAGC-1,0.410224,0.333504,0.256272
ACACCCGAGAAATCCG-1,0.213167,0.489618,0.297215
ACACCGAGCGCTCTTT-1,0.014348,0.007174,0.978478
ACACCGGTCTGACCGC-1,0.224237,0.478715,0.297049
ACACCTTAAGTAGGGC-1,0.729164,0.120842,0.149994
ACACCTTACTACTTGC-1,0.014349,0.007173,0.978478
ACACGAGACTCCTTCT-1,0.27864,0.550268,0.171092
ACACGGCACTATGCAT-1,0.430698,0.256596,0.312706
ACACGGGAACTTAGGG-1,0.077348,0.752816,0.169836
ACACGTAGGCCACAAG-1,0.384909,0.307641,0.30745
ACACTCCAATGTCACT-1,0.035812,0.50483,0.459358
ACACTGATCAAGGTGT-1,0.683915,0.048426,0.267659
ACACTGGGACAGTCGT-1,0.214922,0.088616,0.696462
ACAGAACTGAGAACAA-1,0.962151,0.002727,0.035121
ACAGATTAGGTTAGTG-1,0.732012,0.070077,0.197911
ACAGCATAGAGCCAGT-1,0.3054,0.296628,0.397972
ACAGCGACATTCTCAT-1,0.110926,0.650457,0.238617
ACAGCGCACCCGCAGC-1,0.360754,0.348952,0.290293
ACAGGAGGCGCAGCCG-1,0.011404,0.005702,0.982895
ACAGGCACGGATCCTT-1,0.438543,0.224908,0.33655
ACAGGCTTGCCCGACT-1,0.646577,0.174839,0.178584
ACAGGTGGAGGTGAGG-1,0.432664,0.248037,0.319299
ACAGGTGTGTTGTTGC-1,0.401784,0.099385,0.498831
ACAGTAATACAACTTG-1,0.986761,0.00005,0.01319
ACAGTATACCGTGGGA-1,0.375822,0.210801,0.413377
ACATAAGTCGTGGTGA-1,0.451159,0.270471,0.27837
ACATAATAAGGCGGTG-1,0.754906,0.171601,0.073493
ACATCAGCTGGGACGC-1,0.251019,0.256972,0.492008
ACATCCCGGCCATACG-1,0.574625,0.079367,0.346008
ACATCCTGGTAACTGT-1,0.003502,0.001751,0.994747
ACATCGATCGTTTACC-1,0.352172,0.024297,0.623531
ACATCGGTCAGCCGCG-1,0.96461,0.009126,0.026264
ACATCGTATGCAATGG-1,0.554516,0.2214,0.224085
ACATCGTTAACCTAGT-1,0.667783,0.04944,0.282777
ACATCTCAACGCGTAA-1,0.456594,0.158621,0.384784
ACATGGCGCCAAAGTA-1,0.719742,0.004276,0.275982
ACATGGCTCAATTTAG-1,0.094919,0.000335,0.904746
ACATTAGTTTATATCC-1,0.613107,0.217262,0.169632
ACATTTGAAACCTAAC-1,0.120802,0.34589,0.533308
ACCAAACACCCAGCGA-1,0.575347,0.209978,0.214674
ACCAAACTAGAAATCC-1,0.84394,0.017584,0.138476
ACCAACACCACACACT-1,0.214007,0.515143,0.270851
ACCAACCGCACTCCAC-1,0.581716,0.242048,0.176236
ACCAACGCTTATTTAT-1,0.000062,0.003271,0.996667
ACCAAGAACGCGTGTC-1,0.731609,0.118925,0.149466
ACCAAGTCATCGGCAG-1,0.691363,0.045391,0.263246
ACCAATATGCAAGTTA-1,0.53577,0.344502,0.119728
ACCACAACTCAGAACA-1,0.285596,0.399607,0.314797
ACCACAAGTTTCTATC-1,0.77751,0.116812,0.105677
ACCACCAATGTAACAA-1,0.016472,0.008236,0.975292
ACCACCCTCTCTTCTA-1,0.270048,0.443867,0.286085
ACCACGTGCAGCTATA-1,0.769941,0.000663,0.229397
ACCACTGTTCAAGAAG-1,0.009883,0.004941,0.985175
ACCAGACCATAACAAC-1,0.292778,0.292225,0.414997
ACCAGCCCGGTCTTTG-1,0.382132,0.274033,0.343835
ACCAGGAGTGTGATCT-1,0.543909,0.272737,0.183354
ACCAGTGCCCGGTCAA-1,0.549989,0.226327,0.223684
ACCAGTGCGGGAGACG-1,0.631541,0.005044,0.363415
ACCATATCCGCAATAA-1,0.568421,0.15148,0.280099
ACCATCCGCCAACTAG-1,0.692738,0.029567,0.277695
ACCATCGTATATGGTA-1,0.601461,0.115654,0.282885
ACCATTAAGGGTGTCA-1,0.479922,0.004731,0.515347
ACCCAACGCCCGTGGC-1,0.478828,0.141355,0.379817
ACCCACCTACATGCTC-1,0.801315,0.008384,0.190301
ACCCATCTTGAGGGTA-1,0.090306,0.550372,0.359322
ACCCATTTGTCCCTCT-1,0.623956,0.081495,0.294549
ACCCGAGCGAAATTAC-1,0.69658,0.073853,0.229567
ACCCGATTGGTTCCGA-1,0.220275,0.645707,0.134018
ACCCGGAAACTCCCAG-1,0.344025,0.381,0.274975
ACCCGGAGCACCACAA-1,0.001229,0.000614,0.998157
ACCCGGATGACGCATC-1,0.013478,0.006739,0.979784
ACCCGGTTACACTTCC-1,0.489123,0.18847,0.322407
ACCCGTAGTCTAGTTG-1,0.686405,0.000111,0.313484
ACCCGTGTCATCAGTA-1,0.429966,0.394644,0.17539
ACCCTATAGGACTGAG-1,0.903014,0.005294,0.091692
ACCCTATGCCATATCG-1,0.330661,0.499318,0.170021
ACCCTCCCGTCAGGGC-1,0.469107,0.305478,0.225415
ACCCTCCCTTGCTATT-1,0.73473,0.152634,0.112636
ACCCTGGTAACGCCCT-1,0.36938,0.321799,0.308821
ACCCTTCATCTGCGAA-1,0.515534,0.199586,0.28488
ACCCTTGCCTGGGTCG-1,0.790302,0.000114,0.209584
ACCCTTTAGTTCTCCA-1,0.643715,0.113245,0.243039
ACCGAAAGGGCCCTGC-1,0.343681,0.350392,0.305927
ACCGAAGAGTCTGGTT-1,0.218854,0.486228,0.294918
ACCGACACATCTCCCA-1,0.19228,0.591917,0.215803
ACCGACTGAGTCCCAC-1,0.061046,0.728048,0.210907
ACCGAGTCTCCTTATT-1,0.840146,0.075516,0.084338
ACCGATAGGCATAACC-1,0.458485,0.040615,0.5009
ACCGATATTTAATCAT-1,0.002513,0.001256,0.996231
ACCGATGGTAGCATCG-1,0.01934,0.009667,0.970993
ACCGCAATAACTGCCT-1,0.605315,0.118074,0.27661
ACCGCGGTGGAAGTCG-1,0.013901,0.006949,0.979151
ACCGGGCCTTTGTTGA-1,0.887684,0.027413,0.084903
ACCGGTCAGGTACACC-1,0.890761,0.028652,0.080587
ACCGGTCTGAGTACGG-1,0.369692,0.406003,0.224305
ACCGTCCACTGGGCCC-1,0.101138,0.652611,0.246251
ACCGTGACCACGTGGG-1,0.49085,0.148507,0.360643
ACCGTTCCCGCTCTGA-1,0.281688,0.000128,0.718184
ACCTAAGTACCTTTCA-1,0.39226,0.172595,0.435145
ACCTAATCGACTTCCT-1,0.897794,0.012824,0.089382
ACCTACAGTATGTGGT-1,0.009266,0.004633,0.986102
ACCTACTATAAATCTA-1,0.532439,0.275799,0.191762
ACCTCCGCCCTCGCTG-1,0.352141,0.288933,0.358926
ACCTCCGTTATTCACC-1,0.649074,0.001635,0.349291
ACCTCGAACTTATGCT-1,0.262954,0.317562,0.419484
ACCTGCGTGTCATGTT-1,0.318509,0.372197,0.309294
ACGACCCATGAGTTGC-1,0.141537,0.000334,0.858129
ACGACTCTAGGGCCGA-1,0.15951,0.442967,0.397523
ACGACTGGTCATACTC-1,0.135041,0.772981,0.091978
ACGAGAACCCATCACG-1,0.785995,0.026366,0.187639
ACGAGATATTTGCTTA-1,0.684614,0.104459,0.210927
ACGAGGATACCACTCT-1,0.634978,0.082743,0.282278
ACGAGGTTTACAACGT-1,0.363643,0.407296,0.229061
ACGAGTACGGATGCCC-1,0.021179,0.010589,0.968232
ACGAGTCGCCGGCGTT-1,0.447254,0.001425,0.551321
ACGATACATAGAACTA-1,0.398841,0.433706,0.167453
ACGATACCTATCCTGA-1,0.414547,0.196463,0.388989
ACGATCATACATAGAG-1,0.871299,0.038777,0.089924
ACGATCATCTTGTAAA-1,0.982065,0.007174,0.010761
ACGATGCATATGTTAT-1,0.608344,0.000287,0.391369
ACGATGGATCCGATGC-1,0.000054,0.490553,0.509393
ACGCAAACTAATAGAT-1,0.663863,0.067042,0.269094
ACGCAATCACTACAGC-1,0.284173,0.217639,0.498187
ACGCATAAATGACATG-1,0.674424,0.061881,0.263695
ACGCATACGTTTACTA-1,0.401061,0.196341,0.402598
ACGCATTCGTGAGTAC-1,0.405776,0.436613,0.157611
ACGCCAGATGATTTCT-1,0.215295,0.296128,0.488577
ACGCCAGTGCGTTTGC-1,0.646819,0.098921,0.25426
ACGCCCAGCTGTCGAT-1,0.994612,0.000067,0.005321
ACGCCGCTAGACGACC-1,0.628685,0.246959,0.124356
ACGCCTGACACGCGCT-1,0.005559,0.00278,0.991661
ACGCGAAGTCAGACGA-1,0.315515,0.464591,0.219894
ACGCGCTACACAGGGT-1,0.440461,0.2039,0.355639
ACGCGGGCCAAGGACA-1,0.956397,0.009784,0.033819
ACGCGTTTCTTAAGAG-1,0.642168,0.081791,0.27604
ACGCTACTGAATGGGC-1,0.785492,0.000067,0.21444
ACGCTAGTGATACACT-1,0.577828,0.001271,0.420901
ACGCTGTGAGGCGTAG-1,0.782673,0.02116,0.196167
ACGCTTAGTGTCTCTC-1,0.163103,0.546743,0.290154
ACGGAACACGAGTGCC-1,0.563585,0.150598,0.285817
ACGGAATTTAGCAAAT-1,0.460304,0.189388,0.350307
ACGGACTCTCAAAGCG-1,0.793329,0.154076,0.052594
ACGGAGCGCAAATTAC-1,0.304642,0.526899,0.168459
ACGGATGGTGCGGATA-1,0.336483,0.573009,0.090507
ACGGCACTTGCTTGGG-1,0.613473,0.089425,0.297102
ACGGCCAACATGGACT-1,0.542694,0.265063,0.192243
ACGGCGACGATGGGAA-1,0.64517,0.178451,0.176379
ACGGCGGGTTGCCCTG-1,0.788416,0.093899,0.117685
ACGGCTGGATGTAGAA-1,0.457242,0.202462,0.340295
ACGGGAGTGTCGGCCC-1,0.232814,0.586349,0.180837
ACGGGCGTATGCGACA-1,0.732544,0.093017,0.17444
ACGGGTCATGTGACTT-1,0.3501,0.000365,0.649535
ACGGTACAGTTCAATG-1,0.391631,0.372242,0.236127
ACGTACAGATTTCTCT-1,0.670201,0.127634,0.202165
ACGTACTTTGGCACGG-1,0.266024,0.569387,0.164589
ACGTAGATTGCTGATG-1,0.131878,0.593773,0.274348
ACGTAGGAGAGTCGCT-1,0.443498,0.34039,0.216112
ACGTATTACTCCGATC-1,0.459711,0.000285,0.540004
ACGTCTCGTTCCGGGA-1,0.028637,0.529477,0.441885
ACGTGACAAAGTAAGT-1,0.932581,0.003804,0.063615
ACGTGCGCCTCGTGCA-1,0.401984,0.326829,0.271187
ACGTGGTCGAATGTGC-1,0.336109,0.251873,0.412019
ACGTTAATGTCGAAGA-1,0.057787,0.67478,0.267432
ACGTTAGATTTGCCCG-1,0.647164,0.008196,0.344639
ACGTTATTGGTCACTC-1,0.980017,0.0001,0.019882
ACGTTCCGCGCTCCGT-1,0.886476,0.037792,0.075732
ACGTTCGCAATCAATT-1,0.957274,0.000327,0.042399
ACGTTCGTTCAGGAAA-1,0.590319,0.292101,0.11758
ACGTTCTGTACAAGTC-1,0.610466,0.21465,0.174884
ACGTTTAGTTGTGATC-1,0.649769,0.15225,0.197981
ACGTTTCGGTGCACTT-1,0.426986,0.000176,0.572838
ACTAAGGACGCACACC-1,0.478925,0.121974,0.399101
ACTAATACGTCAGGCG-1,0.651319,0.225597,0.123084
ACTACAAAGAGAGGTG-1,0.060328,0.741464,0.198208
ACTACATCCCGACAAG-1,0.035035,0.796884,0.168081
ACTACCAGCTCTCTGG-1,0.851172,0.010312,0.138515
ACTACGCGTTAGAATT-1,0.384837,0.362904,0.252259
ACTAGTTGCGATCGTC-1,0.959067,0.0001,0.040833
ACTATATGCTGTGTTC-1,0.391096,0.449637,0.159268
ACTATCCAGGGCATGG-1,0.004196,0.002098,0.993706
ACTATCGCCGGCTAAA-1,0.182566,0.001416,0.816018
ACTATCTGCCCGCGTA-1,0.21234,0.000946,0.786713
ACTATGTCCAGCTGCC-1,0.218728,0.522013,0.259259
ACTATTCGTCCGTGGT-1,0.506832,0.049744,0.443425
ACTATTTCCGGGCCCA-1,0.238303,0.002812,0.758885
ACTCAACGAATGTATT-1,0.774021,0.042895,0.183085
ACTCAAGTGCAAGGCT-1,0.532484,0.254751,0.212765
ACTCAATAAAGGCACG-1,0.426438,0.367587,0.205975
ACTCAGACCTGCTTCT-1,0.779206,0.078597,0.142197
ACTCATGGCAGCCTTC-1,0.340627,0.429216,0.230156
ACTCCAATATCATCAT-1,0.281597,0.431612,0.286792
ACTCCCATTCCTAAAG-1,0.974682,0.000046,0.025272
ACTCCCGAATTCGTTT-1,0.012707,0.006354,0.980939
ACTCCCGTAGACTAGG-1,0.944035,0.003462,0.052503
ACTCCCTAATGCTAAA-1,0.2914,0.023995,0.684605
ACTCCCTAGAATAGTA-1,0.473549,0.122859,0.403592
ACTCCGGCCGACCACT-1,0.563761,0.19914,0.237098
ACTCGATGTATTTCAT-1,0.27004,0.001095,0.728865
ACTCGCCGTTCGATAA-1,0.54626,0.105251,0.34849
ACTCGCGATCTGACGC-1,0.314833,0.228818,0.456349
ACTCGTAACCCGTCCT-1,0.860433,0.064554,0.075013
ACTCGTCAGTAATCCC-1,0.60632,0.10618,0.287501
ACTCTAAACCTGGGAT-1,0.540896,0.002965,0.456139
ACTCTCTGACTTAGGT-1,0.418887,0.422392,0.158721
ACTCTCTTATACACGA-1,0.695859,0.099018,0.205123
ACTCTGACCTAATAGA-1,0.614547,0.163199,0.222254
ACTCTTCAGCTCCCGC-1,0.719473,0.000869,0.279658
ACTCTTGTATAGTAAC-1,0.192626,0.439914,0.367459
ACTGAAACGCCGTTAG-1,0.666312,0.092404,0.241284
ACTGAATGGCGAAAGT-1,0.279239,0.487173,0.233587
ACTGATTTAGTGATTC-1,0.594255,0.196272,0.209473
ACTGCCCGCCATTCTC-1,0.257689,0.344627,0.397684
ACTGCCGTCGTAACTC-1,0.965315,0.000093,0.034592
ACTGCGGACACACCGT-1,0.525601,0.000167,0.474231
ACTGCTCGGAAGGATG-1,0.410972,0.181467,0.407562
ACTGGCGAACCTGCGT-1,0.78869,0.065749,0.145561
ACTGTACGATACACAT-1,0.608302,0.210866,0.180832
ACTGTAGCACTTTGGA-1,0.307231,0.000153,0.692616
ACTGTATACGCGAGCA-1,0.921374,0.005935,0.072691
ACTGTCCAGGATTATA-1,0.25464,0.614216,0.131144
ACTGTCTTCTTTAGAA-1,0.385799,0.52698,0.087222
ACTGTGCTAGTAGATC-1,0.566843,0.14122,0.291937
ACTGTTTAGTGTAGGC-1,0.974604,0.000093,0.025304
ACTTACCGGGCGCGCA-1,0.22614,0.454763,0.319097
ACTTACGCATCCACGC-1,0.62994,0.090816,0.279244
ACTTAGTACGACAAGA-1,0.631583,0.085513,0.282905
ACTTATACTTACCCGG-1,0.487983,0.000693,0.511324
ACTTATCTGATCTATA-1,0.380867,0.209563,0.40957
ACTTATTAGGATCGGT-1,0.532015,0.165134,0.302851
ACTTATTTATGTGCCA-1,0.764475,0.083416,0.152109
ACTTCAGGCTGATCCC-1,0.394804,0.32157,0.283626
ACTTCCAGTGGAAGCT-1,0.229637,0.100248,0.670115
ACTTCCATGCGGGACA-1,0.757697,0.080163,0.16214
ACTTCGCCATACGCAC-1,0.000313,0.000157,0.99953
ACTTCGCTAGCGAGTG-1,0.629472,0.176579,0.193949
ACTTGACTCCCTCTTT-1,0.625007,0.247418,0.127575
ACTTGCCATATTGTAC-1,0.106429,0.583592,0.309979
ACTTGCTCTATCTACC-1,0.473937,0.218212,0.307851
ACTTGGGACCCGGTGG-1,0.187124,0.243343,0.569533
ACTTGTAGTCCCTTCA-1,0.938671,0.000062,0.061267
ACTTGTGGATGGAACG-1,0.567658,0.000212,0.43213
ACTTTACCCTCATGAA-1,0.83061,0.000263,0.169128
ACTTTCCTATAGCTTC-1,0.600791,0.270164,0.129045
ACTTTGACTGCATCCT-1,0.244664,0.673298,0.082038
ACTTTGGTCGTGCTCC-1,0.165712,0.65568,0.178608
ACTTTGTCGACGCACT-1,0.136568,0.000477,0.862955
AGAAATTATGACTCGC-1,0.006739,0.003369,0.989892
AGAACCCAGCGTGACA-1,0.60067,0.000399,0.398931
AGAACCCTCAATTGGG-1,0.313845,0.416454,0.2697
AGAACGTGGTACATTC-1,0.461761,0.255999,0.282239
AGAAGAGCGCCGTTCC-1,0.962123,0.001454,0.036424
AGAAGGTTGCCGAATT-1,0.725547,0.120935,0.153518
AGAAGGTTGTAGGTCG-1,0.819665,0.077374,0.102961
AGAAGTGATTCGTGAT-1,0.360426,0.424227,0.215347
AGAATAAATCTTCAGG-1,0.165168,0.300405,0.534427
AGAATGCGGGTTCGGA-1,0.474395,0.312129,0.213476
AGAATTATGGATTCGA-1,0.009206,0.457198,0.533595
AGAATTGTTTGACATA-1,0.63701,0.10717,0.25582
AGACAGCTCAGAATCC-1,0.203825,0.368243,0.427932
AGACAGGCATCTCAGC-1,0.215647,0.000855,0.783498
AGACATAGATCCTTCC-1,0.162536,0.51838,0.319084
AGACCAAACCACACCT-1,0.584385,0.186074,0.229541
AGACCATGGGATACAA-1,0.657059,0.096469,0.246472
AGACCCACCGCTGATC-1,0.217251,0.536333,0.246416
AGACCCGCCCTCCTCG-1,0.434831,0.351372,0.213796
AGACCGCTCCGCGGTT-1,0.005702,0.102255,0.892042
AGACCGGGAAACCCTG-1,0.716317,0.06856,0.215124
AGACGAAGTGCCGGTC-1,0.54818,0.173632,0.278188
AGACGACGATGCCGCT-1,0.589358,0.229049,0.181593
AGACGCCCACTTCGCC-1,0.00058,0.00029,0.99913
AGACGGGATTGGTATA-1,0.984016,0.000119,0.015866
AGACGGGCCGATTTAA-1,0.625912,0.18447,0.189618
AGACTAGCCTTCCAGA-1,0.493377,0.24506,0.261563
AGACTGTTACCGGGTC-1,0.695333,0.193955,0.110712
AGAGAAACACCAGAAA-1,0.383359,0.285795,0.330847
AGAGAACCGTCTAGGA-1,0.143923,0.428346,0.427731
AGAGAAGGAGTACAAT-1,0.126669,0.57339,0.299941
AGAGATCTCTAAAGCG-1,0.52517,0.118558,0.356272
AGAGCAGTTATGAGAC-1,0.897746,0.009466,0.092788
AGAGCCGCCGAGATTT-1,0.392221,0.069905,0.537874
AGAGCGCTTGTAACGG-1,0.949635,0.000071,0.050294
AGAGCGGGCTAATCAT-1,0.097717,0.733723,0.16856
AGAGCGTACAAGCTCG-1,0.994495,0.000092,0.005413
AGAGCTACGAAAGCAT-1,0.616236,0.000201,0.383562
AGAGGCTTCGGAAACC-1,0.238474,0.500713,0.260813
AGAGGGACAATTGTCC-1,0.923916,0.015718,0.060366
AGAGGTATCTCGGTCC-1,0.176299,0.405003,0.418698
AGAGTAAACTTCACTA-1,0.008236,0.004118,0.987646
AGAGTATAGTGTTACG-1,0.52445,0.088943,0.386606
AGAGTTAGAGACCGAT-1,0.561126,0.158953,0.279922
AGAGTTGCAGGCCTCC-1,0.701754,0.105485,0.19276
AGATAACTTCAGGGCC-1,0.383864,0.424079,0.192057
AGATACCAATAGAACC-1,0.673684,0.063466,0.26285
AGATACCAGCACTTCA-1,0.115012,0.769439,0.115549
AGATACCGGTGTTCAC-1,0.409299,0.312579,0.278122
AGATACGACTTCATAT-1,0.831236,0.045553,0.123211
AGATACTCAAGATCGA-1,0.632913,0.218917,0.14817
AGATATAATACGACTA-1,0.582364,0.151394,0.266242
AGATCGTGCATAAGAT-1,0.010368,0.906908,0.082724
AGATCTCAGGTGTGAT-1,0.21916,0.562262,0.218578
AGATGACTCGCCCACG-1,0.284113,0.444497,0.27139
AGATGAGGGTTGCGAT-1,0.389591,0.452328,0.158081
AGATGATGGAGTCTGG-1,0.622356,0.003901,0.373743
AGATGCAAGACGTGCA-1,0.245952,0.448656,0.305392
AGATGCTATAACGAGC-1,0.368333,0.008236,0.623431
AGATTATAGGACGTTT-1,0.575007,0.215536,0.209457
AGCAAAGGCCGCTAGT-1,0.496141,0.261738,0.242121
AGCAACATATCTTATT-1,0.001786,0.000893,0.997321
AGCAACCGAAAGTAAT-1,0.869842,0.036224,0.093934
AGCACACGTTTAGACT-1,0.330536,0.37734,0.292125
AGCACCAGTACTCACG-1,0.437316,0.271573,0.291111
AGCACTACCGGCCTGT-1,0.384513,0.225774,0.389713
AGCACTACCTCACCAG-1,0.306485,0.476309,0.217206
AGCACTTAAGGACGCC-1,0.763362,0.043523,0.193115
AGCAGAAGGAGAAAGA-1,0.222218,0.638904,0.138878
AGCAGCCAGATGAATA-1,0.782479,0.064541,0.152979
AGCATATCAATATGCT-1,0.483117,0.337196,0.179687
AGCATCATTTCGAAAG-1,0.567107,0.151785,0.281107
AGCATCGTCGATAATT-1,0.536103,0.112379,0.351518
AGCATTACGAGGCAAG-1,0.723199,0.068656,0.208146
AGCCAAGCTTTGTGTC-1,0.504166,0.294996,0.200838
AGCCACAGGTTACCCG-1,0.235069,0.438638,0.326293
AGCCACTCCCGTGCTT-1,0.248965,0.612537,0.138498
AGCCATATAGTATGTG-1,0.308983,0.363472,0.327545
AGCCCATACATGTAAG-1,0.090132,0.339489,0.570379
AGCCCGCAACAAGCAG-1,0.429825,0.340022,0.230152
AGCCCGCACTACAATG-1,0.999797,0.000081,0.000122
AGCCCGGCATTAGAGG-1,0.788917,0.067408,0.143675
AGCCCGGTAGCCTGTA-1,0.729155,0.07461,0.196235
AGCCCTAAGCGAAGTT-1,0.683083,0.108381,0.208536
AGCCCTCCCTGGTGGC-1,0.371598,0.284329,0.344073
AGCCCTGTCGCACCGT-1,0.565689,0.002745,0.431565
AGCCCTTCTAATCCGA-1,0.785721,0.005296,0.208983
AGCCCTTGGACATCCC-1,0.392085,0.000291,0.607624
AGCCGCAAATTCAAAT-1,0.939816,0.000033,0.060151
AGCCGCTTGATTAGCG-1,0.970739,0.011704,0.017557
AGCCGTGGCTAAATGT-1,0.75912,0.078079,0.162801
AGCCTAATACCCACGT-1,0.650036,0.093502,0.256461
AGCCTTAAAGCGGAAG-1,0.999738,0.000105,0.000157
AGCGACAGGAACGGTC-1,0.769037,0.010113,0.22085
AGCGACATCCCATTCA-1,0.949482,0.009065,0.041453
AGCGACCAACGATATT-1,0.281762,0.451558,0.26668
AGCGAGACGTGAAGGC-1,0.582437,0.157099,0.260464
AGCGATGCGCCTAATA-1,0.609235,0.14508,0.245685
AGCGCATAATGAATCG-1,0.644678,0.158789,0.196534
AGCGCGGGTGCCAATG-1,0.288078,0.397502,0.31442
AGCGCTAGAGCGATGT-1,0.619568,0.000559,0.379873
AGCGCTTATGGGCAAG-1,0.195773,0.322669,0.481558
AGCGGACACTTCGTAG-1,0.226925,0.596587,0.176488
AGCGGGAAGGGTCCAT-1,0.590279,0.145259,0.264461
AGCGGGTCTGACACTC-1,0.3468,0.364966,0.288235
AGCGGTTGCCGCTCTG-1,0.249544,0.593013,0.157443
AGCGTACGAGAGCTAG-1,0.270351,0.331609,0.39804
AGCGTAGCGCTAGACC-1,0.560097,0.039795,0.400107
AGCGTCTGAACCCGCA-1,0.975865,0.000062,0.024072
AGCGTGGTATTCTACT-1,0.77738,0.078113,0.144507
AGCGTTCCGATTTAAA-1,0.20741,0.509264,0.283325
AGCTAACAAGCAATGT-1,0.874336,0.062177,0.063487
AGCTAAGTACGCAGGC-1,0.217663,0.5137,0.268637
AGCTAGAAGCAGAAGT-1,0.202349,0.584697,0.212954
AGCTATTTAATCCAAC-1,0.503054,0.247134,0.249812
AGCTCCATATATGTTC-1,0.616411,0.131654,0.251935
AGCTCCTTCGCACATC-1,0.010396,0.868736,0.120867
AGCTCGTTGATGGAAA-1,0.679487,0.101721,0.218791
AGCTCTAGACGTTCCA-1,0.438559,0.228206,0.333234
AGCTCTTCCCAGTGCA-1,0.286626,0.270398,0.442977
AGCTCTTCGTAACCTT-1,0.980146,0.007942,0.011913
AGCTCTTTACTCAGTT-1,0.996468,0.000101,0.003431
AGCTGAAGTAAACCAA-1,0.541582,0.289568,0.16885
AGCTGTAACCTCAATC-1,0.134608,0.436458,0.428934
AGCTTATAGAGACCTG-1,0.316121,0.339723,0.344155
AGCTTCTTCTCGAGCA-1,0.527645,0.27697,0.195385
AGCTTGATCTTAACTT-1,0.689523,0.168769,0.141708
AGGAAAGCCTCTGATG-1,0.47863,0.001779,0.519591
AGGAACGAACGACTTC-1,0.578184,0.000122,0.421694
AGGAAGCTGTCCGCCG-1,0.223994,0.580518,0.195488
AGGACAGTCGAATCCC-1,0.569561,0.220325,0.210114
AGGACATCGCACGTCG-1,0.903118,0.035838,0.061043
AGGACATCGGCACACT-1,0.650318,0.00671,0.342972
AGGACGACCCATTAGA-1,0.424418,0.18213,0.393452
AGGACGCTCGATGTTG-1,0.445854,0.320832,0.233314
AGGACTTATAGGAGAA-1,0.688886,0.006541,0.304574
AGGAGACATCCACAGT-1,0.70045,0.121868,0.177681
AGGAGAGTCTGGCTAC-1,0.509621,0.216135,0.274244
AGGAGGCCTTCGCGCG-1,0.721319,0.020083,0.258598
AGGATAAAGTCGGGAT-1,0.297783,0.308552,0.393665
AGGATATAGGGATTTA-1,0.216609,0.368782,0.414609
AGGATATCCGACTGCA-1,0.462829,0.153568,0.383603
AGGATCACGCGATCTG-1,0.647118,0.03538,0.317502
AGGATTGCTTACGACA-1,0.55961,0.119175,0.321214
AGGCAAAGAGGAATCA-1,0.801972,0.025818,0.172211
AGGCAATACGGAGGAC-1,0.02118,0.01059,0.96823
AGGCACGTGACTGTCC-1,0.411065,0.094569,0.494365
AGGCAGATGCGTAAAC-1,0.523379,0.121658,0.354963
AGGCAGGGAGCGTACT-1,0.303018,0.434612,0.26237
AGGCATTGTCGTAGGG-1,0.588124,0.166721,0.245155
AGGCCACATTGGTTAC-1,0.558303,0.000153,0.441544
AGGCCACCCGTTATGA-1,0.618827,0.039279,0.341894
AGGCCCAGTGACTGGT-1,0.327399,0.000172,0.672429
AGGCCCATTGTACAGG-1,0.629136,0.048559,0.322305
AGGCCCTAGAACGCCA-1,0.899438,0.00036,0.100202
AGGCCTGAGAATCTCG-1,0.252226,0.522532,0.225242
AGGCGATAACTGGCGT-1,0.000948,0.000474,0.998578
AGGCGGTTTGTCCCGC-1,0.378287,0.405601,0.216112
AGGCGTCTATGGACGG-1,0.086967,0.675944,0.237089
AGGCTATGGTTAGCTT-1,0.644203,0.112214,0.243582
AGGCTTCCCGAAGAAG-1,0.747085,0.042412,0.210503
AGGCTTGCTAGACACC-1,0.415288,0.226328,0.358384
AGGGAAACGAGGTACT-1,0.915238,0.00007,0.084692
AGGGACAGCACGGCGG-1,0.526882,0.158912,0.314206
AGGGACCGGCTGCGTT-1,0.044474,0.022233,0.933293
AGGGACTCTACGCGAC-1,0.357329,0.488129,0.154541
AGGGAGACATACTTCG-1,0.740778,0.001727,0.257495
AGGGCAGCGGCGTGGT-1,0.401046,0.19258,0.406374
AGGGCCCTAATGTTCT-1,0.490728,0.019711,0.489561
AGGGCGAGCAGCTGAT-1,0.706186,0.04196,0.251854
AGGGCGTGATCGGCTA-1,0.252375,0.085393,0.662233
AGGGCTGCAGTTACAG-1,0.026218,0.848778,0.125003
AGGGTCAGAGCACTCG-1,0.401238,0.271882,0.326881
AGGGTCAGTAACCCTA-1,0.355801,0.419864,0.224335
AGGGTCGATGCGAACT-1,0.431317,0.121172,0.447511
AGGGTCTGGACGCAGT-1,0.721745,0.052961,0.225294
AGGGTGCCGTTCTTTA-1,0.392733,0.25584,0.351427
AGGGTGCTCTCGAGGG-1,0.658016,0.005423,0.336561
AGGGTGGATAGTGCAT-1,0.662716,0.09375,0.243534
AGGGTTCAGACGGTCC-1,0.235171,0.618201,0.146628
AGGGTTCCCTTTGGTT-1,0.546566,0.143205,0.310229
AGGGTTTAGTTCGGGA-1,0.194745,0.659599,0.145656
AGGTAACCTCCTATTC-1,0.938942,0.007489,0.053569
AGGTACGATATTGCCA-1,0.372465,0.34816,0.279375
AGGTAGATCGAGATAT-1,0.318577,0.423535,0.257888
AGGTAGGTACAAAGCT-1,0.063886,0.433149,0.502966
AGGTATAATTGATAGT-1,0.433924,0.003901,0.562175
AGGTATGCGGACATTA-1,0.504721,0.10443,0.390849
AGGTCAGGTGAGAGTG-1,0.512788,0.135531,0.351681
AGGTCGCCTCCCAACA-1,0.000084,0.634453,0.365463
AGGTCGCGGAGTTACT-1,0.037065,0.01853,0.944405
AGGTGCACGTCCACAT-1,0.348772,0.216233,0.434995
AGGTGGTGACCTTCGC-1,0.288587,0.485086,0.226327
AGGTGTATCGCCATGA-1,0.465002,0.182295,0.352703
AGGTGTTGCCGACCAC-1,0.65438,0.016502,0.329118
AGGTTACACCATGCCG-1,0.410494,0.001793,0.587713
AGGTTCTCCTTTCCGG-1,0.349344,0.359418,0.291238
AGGTTGAGGCACGCTT-1,0.438154,0.247748,0.314097
AGGTTTCACACACCTT-1,0.095269,0.734819,0.169912
AGTAACGTTCATCCTG-1,0.491517,0.200539,0.307944
AGTAACTATAGCAGCC-1,0.937607,0.014399,0.047994
AGTAATGTCTTGCCGC-1,0.89826,0.004608,0.097132
AGTAATTTGCAAGCGT-1,0.308137,0.460703,0.23116
AGTACAGAAGCTTATA-1,0.695886,0.173812,0.130301
AGTACATCATTTATCA-1,0.714782,0.11226,0.172958
AGTACCTTCGAGTGCT-1,0.427952,0.438969,0.133079
AGTACGGCCCGTATCG-1,0.526475,0.07578,0.397745
AGTACGGGCACCTGGC-1,0.530894,0.229023,0.240083
AGTACGTGGCCTGTCT-1,0.980115,0.000073,0.019812
AGTACTCTTATGCCCA-1,0.257253,0.381597,0.36115
AGTAGAAGGCGCCTCA-1,0.346202,0.443054,0.210744
AGTAGCGTGAACGAAC-1,0.990284,0.000059,0.009657
AGTAGCTAGACGCCGA-1,0.025788,0.895318,0.078894
AGTAGGAAGGAAGTTG-1,0.5658,0.224039,0.210161
AGTAGGTAACATACAT-1,0.500804,0.071324,0.427872
AGTATAATACTAGGCA-1,0.165176,0.48611,0.348715
AGTATACACAGCGACA-1,0.795809,0.091087,0.113104
AGTATCCATAATAACG-1,0.490454,0.211337,0.298208
AGTATGCTGGAGACCA-1,0.282797,0.146321,0.570881
AGTATTTGGCACGACC-1,0.680985,0.200853,0.118162
AGTCAAATGATGTGAT-1,0.343189,0.393284,0.263527
AGTCAACACCACCATC-1,0.846396,0.009696,0.143908
AGTCAAGATGACACTT-1,0.4996,0.303547,0.196852
AGTCACTAGCTCTCGA-1,0.326636,0.410515,0.262849
AGTCACTCCGCCTCAT-1,0.709096,0.066082,0.224822
AGTCAGCCACCGCCTG-1,0.905384,0.004218,0.090398
AGTCCAGCGGGTACGT-1,0.186748,0.433395,0.379857
AGTCCATTGGCTGATG-1,0.023257,0.666024,0.310719
AGTCCCGCCTTTAATT-1,0.44458,0.135853,0.419568
AGTCCCTCGCAGAAAG-1,0.68515,0.1237,0.19115
AGTCGACGGTCTCAAG-1,0.499755,0.021761,0.478485
AGTCGGCCCAAACGAC-1,0.440884,0.195238,0.363878
AGTCGGCTCAACTTTA-1,0.785007,0.007393,0.207601
AGTCGGTTGCGTGAGA-1,0.021177,0.010591,0.968232
AGTCGTATAAAGCAGA-1,0.649788,0.235622,0.11459
AGTCGTCGACCACCAA-1,0.704907,0.115551,0.179542
AGTCGTGGGCATTACG-1,0.325978,0.179484,0.494538
AGTCTAAAGTATACTC-1,0.541229,0.345169,0.113602
AGTCTCACAAGACTAC-1,0.153354,0.574941,0.271705
AGTCTGGACATCCTTG-1,0.388922,0.202197,0.408881
AGTCTTCTCCTCAAAT-1,0.399636,0.394479,0.205885
AGTCTTTAAAGTGTCC-1,0.485364,0.150701,0.363936
AGTGAACAAACTTCTC-1,0.286561,0.001164,0.712275
AGTGAAGATGGTGTCC-1,0.510152,0.122789,0.367059
AGTGACCTACTTTACG-1,0.371855,0.200339,0.427807
AGTGACTGTGACACAA-1,0.361414,0.318494,0.320092
AGTGAGACTTCCAGTA-1,0.031554,0.351865,0.61658
AGTGAGCCTCGCCGCC-1,0.429665,0.000581,0.569755
AGTGAGGGTTTCTGAC-1,0.710433,0.168993,0.120574
AGTGAGTCGAATTAAC-1,0.516624,0.131946,0.351429
AGTGATAACCTGCGCG-1,0.435202,0.347248,0.21755
AGTGATATGAGTAGTT-1,0.857244,0.001618,0.141137
AGTGATTCAAGCAGGA-1,0.827432,0.000147,0.172422
AGTGCACGCTTAAGAA-1,0.17143,0.602592,0.225978
AGTGCGTAGCTCGTAA-1,0.309969,0.46566,0.224371
AGTGCTAAACACAGCA-1,0.503195,0.324027,0.172779
AGTGCTTGCACGAATA-1,0.26818,0.281409,0.45041
AGTGGCCCGCAAATGG-1,0.397542,0.284487,0.317972
AGTGGCGGCAATTTGA-1,0.222306,0.035745,0.741949
AGTGGCGTCTGAAGGT-1,0.777499,0.006511,0.21599
AGTGGCTCCGTCGGCC-1,0.547114,0.144415,0.308471
AGTGGGAGTATACACG-1,0.660268,0.004118,0.335614
AGTGGTGTTACCCGTG-1,0.264165,0.058433,0.677402
AGTGGTTGCGTATAGG-1,0.378171,0.061151,0.560678
AGTGTATTGCGCATTG-1,0.979837,0.00008,0.020083
AGTGTGCTAAGATCGC-1,0.517376,0.000289,0.482335
AGTGTGGTCTATTGTG-1,0.993979,0.000107,0.005914
AGTTAAACACTTGCGA-1,0.58038,0.195411,0.224209
AGTTAAGCGGTCCCGG-1,0.821922,0.067051,0.111027
AGTTAAGTCAACCGCT-1,0.574301,0.203593,0.222106
AGTTACCCTTAAGACT-1,0.208973,0.256724,0.534303
AGTTACCGCACATGGT-1,0.84682,0.011023,0.142157
AGTTACTCTATCGTGG-1,0.364824,0.468485,0.166691
AGTTATTGAAAGGTAA-1,0.882928,0.031129,0.085943
AGTTCACCGGTTGGAC-1,0.196308,0.000559,0.803133
AGTTCCTACAGAATTA-1,0.337713,0.356137,0.30615
AGTTCCTATTTATGTT-1,0.681546,0.000119,0.318336
AGTTCTGCGTTGTATC-1,0.371334,0.165995,0.462671
AGTTGACATCGGCTGG-1,0.213469,0.236677,0.549854
AGTTGACGGTCCTTGC-1,0.678897,0.139364,0.181739
AGTTGCGGTCCTCAAC-1,0.393101,0.273939,0.33296
AGTTGCTGACTGATAT-1,0.163757,0.338751,0.497492
AGTTGGCAAGGCTAGA-1,0.477,0.165552,0.357447
AGTTTATGTAAAGACA-1,0.297516,0.252477,0.450007
AGTTTCGCAGGTCGGA-1,0.523065,0.128237,0.348698
AGTTTGCACCTGCCTC-1,0.479498,0.290931,0.229571
AGTTTGGCACGGGTTG-1,0.38428,0.073866,0.541855
AGTTTGGCCAGACCTA-1,0.999885,0.000046,0.000069
ATAAACCATTGGACGG-1,0.52671,0.133886,0.339404
ATAAACGGACCCGTAA-1,0.41056,0.115078,0.474362
ATAAACGTTGCACCAC-1,0.459543,0.212504,0.327953
ATAAAGGCTCGGTCGT-1,0.861689,0.020969,0.117341
ATAAAGGTCAAGTACG-1,0.627925,0.245768,0.126307
ATAAATATTAGCAGCT-1,0.460703,0.192642,0.346654
ATAACGCCGGAGGGTC-1,0.647531,0.000311,0.352158
ATAACGGAGTCCAACG-1,0.239064,0.602613,0.158324
ATAACGTTACCTCCAC-1,0.583749,0.27959,0.136661
ATAAGCAAACACCGAG-1,0.40168,0.230544,0.367776
ATAAGGTGGAGAACAT-1,0.10095,0.033266,0.865784
ATAAGTACCCGATTGT-1,0.151567,0.597006,0.251428
ATAAGTAGGATTCAGA-1,0.409968,0.005295,0.584738
ATAAGTAGGGCGACTC-1,0.807561,0.000434,0.192005
ATAAGTTACCGCGACG-1,0.292829,0.37169,0.335481
ATAATACCGTTAGCCG-1,0.453785,0.051918,0.494297
ATAATAGCTGTTGAAT-1,0.367125,0.445834,0.187041
ATAATAGTGTAGGGAC-1,0.714623,0.039296,0.24608
ATAATCTTGGAGAACC-1,0.959716,0.000498,0.039786
ATAATTAGCTAAGTAG-1,0.288169,0.41999,0.291841
ATACAGGCCCTCCAAT-1,0.257337,0.626964,0.115699
