Barcode,Topic 1,Topic 2,Topic 3,Topic 4,Topic 5,Topic 6,Topic 7,Topic 8
AAACAACGAATAGTTC-1,0.000038,0.00787,0.056881,0.215769,0.111043,0.001843,0.506523,0.100034
AAACAAGTATCTCCCA-1,0.001597,0.032797,0.125579,0.198913,0.193718,0.093177,0.255909,0.09831
AAACAATCTACTAGCA-1,0.032653,0.000034,0.123245,0.123966,0.107535,0.044324,0.438407,0.129836
AAACACCAATAACTGC-1,0.124404,0.26029,0.010877,0.375959,0.228073,0.000133,0.000133,0.000133
AAACAGAGCGACTCCT-1,0.092472,0.324878,0.163315,0.163814,0.167289,0.048828,0.039328,0.000075
AAACAGCTTTCAGAAG-1,0.728064,0.271576,0.00006,0.00006,0.00006,0.00006,0.00006,0.00006
AAACAGGGTCTATATT-1,0.288555,0.644141,0.018721,0.048178,0.000101,0.000101,0.000101,0.000101
AAACAGTGTTCCTGGG-1,0.000053,0.002821,0.000053,0.632409,0.198429,0.000053,0.160865,0.005317
AAACATGGTGAGAGGA-1,0.581765,0.416463,0.000074,0.001404,0.000074,0.000074,0.000074,0.000074
AAACATTTCCCGGATT-1,0.088429,0.012652,0.076152,0.25021,0.108312,0.172644,0.179053,0.112548
AAACCACTACACAGAT-1,0.156527,0.000039,0.276795,0.155091,0.073209,0.122896,0.191067,0.024376
AAACCCGAACGAAATC-1,0.005228,0.052527,0.015186,0.118416,0.067851,0.092457,0.100452,0.547882
AAACCGGAAATGTTAA-1,0.16216,0.012447,0.065266,0.268906,0.143457,0.058204,0.250506,0.039055
AAACCGGGTAGGTACC-1,0.34389,0.588343,0.00026,0.00026,0.00026,0.00026,0.066468,0.00026
AAACCGTTCGTCCAGG-1,0.000703,0.751447,0.244332,0.000704,0.000704,0.000703,0.000703,0.000703
AAACCTAAGCAGCCGG-1,0.059271,0.033648,0.388821,0.14462,0.109566,0.078127,0.180701,0.005248
AAACCTCATGAAGTTG-1,0.000137,0.907047,0.024319,0.06795,0.000137,0.000137,0.000137,0.000137
AAACGAAGAACATACC-1,0.039335,0.02436,0.468176,0.078763,0.087971,0.092499,0.106127,0.102768
AAACGAAGATGGAGTA-1,0.379748,0.61211,0.000078,0.007754,0.000078,0.000078,0.000078,0.000078
AAACGACAGTCTTGCC-1,0.013715,0.089509,0.28654,0.241,0.076106,0.222126,0.013796,0.057207
AAACGAGACGGTTGAT-1,0.028517,0.043914,0.026992,0.053737,0.176203,0.040998,0.587205,0.042434
AAACGCCCGAGATCGG-1,0.001008,0.048786,0.160439,0.16525,0.094006,0.085705,0.281056,0.163751
AAACGCTGGGCACGAC-1,0.000041,0.048174,0.066659,0.676698,0.176005,0.008502,0.023879,0.000041
AAACGGGCGTACGGGT-1,0.130622,0.000035,0.101146,0.015133,0.015192,0.301143,0.274465,0.162264
AAACGGGTTGGTATCC-1,0.000056,0.008195,0.085293,0.352937,0.045927,0.001767,0.37183,0.133994
AAACGGTTGCGAACTG-1,0.000056,0.000056,0.003001,0.260067,0.402467,0.038566,0.23455,0.061238
AAACGTGTTCGCCCTA-1,0.143211,0.055716,0.111962,0.02223,0.178108,0.137517,0.247544,0.103713
AAACTAACGTGGCGAC-1,0.000027,0.018911,0.000027,0.029361,0.02008,0.000219,0.734386,0.196989
AAACTCGGTTCGCAAT-1,0.014987,0.000044,0.107507,0.023701,0.027112,0.063255,0.700431,0.062962
AAACTCGTGATATAAG-1,0.274045,0.725192,0.000127,0.000127,0.000127,0.000127,0.000127,0.000127
AAACTGCTGGCTCCAA-1,0.000066,0.000066,0.311812,0.178184,0.09366,0.039321,0.272207,0.104685
AAACTTAATTGCACGC-1,0.16457,0.834927,0.000084,0.000084,0.000084,0.000084,0.000084,0.000084
AAACTTGCAAACGTAT-1,0.568288,0.299447,0.1103,0.000043,0.000043,0.012172,0.000043,0.009664
AAAGAATGACCTTAGA-1,0.500911,0.481444,0.000049,0.000049,0.017402,0.000049,0.000049,0.000049
AAAGAATGTGGACTAA-1,0.000055,0.002415,0.098533,0.38266,0.261397,0.066249,0.16933,0.019364
AAAGACATGAAGTTTA-1,0.009826,0.008177,0.310083,0.374555,0.193633,0.000137,0.032368,0.07122
AAAGACCCAAGTCGCG-1,0.089093,0.009951,0.384065,0.329205,0.056295,0.049367,0.078893,0.003132
AAAGACTGGGCGCTTT-1,0.362929,0.51993,0.000165,0.000165,0.000165,0.116316,0.000165,0.000165
AAAGCTTGCCTACATA-1,0.706843,0.289579,0.000596,0.000596,0.000596,0.000596,0.000596,0.000596
AAAGGCCCTATAATAC-1,0.081538,0.721448,0.000426,0.001948,0.0534,0.038734,0.000085,0.102422
AAAGGCTACGGACCAT-1,0.105707,0.000188,0.0262,0.236721,0.187365,0.047352,0.337003,0.059463
AAAGGCTCTCGCGCCG-1,0.000058,0.000058,0.013315,0.155798,0.128133,0.041608,0.467397,0.193632
AAAGGGATGTAGCAAG-1,0.084134,0.000071,0.035281,0.068604,0.099221,0.129434,0.40181,0.181445
AAAGGGCAGCTTGAAT-1,0.000067,0.081605,0.030101,0.236103,0.430325,0.000067,0.182994,0.038737
AAAGGTAAGCTGTACC-1,0.000071,0.013891,0.057151,0.368697,0.097768,0.02796,0.382847,0.051616
AAAGGTCAACGACATG-1,0.14795,0.001742,0.027424,0.000653,0.010902,0.198734,0.378545,0.23405
AAAGTAGCATTGCTCA-1,0.042539,0.023912,0.002367,0.178043,0.177736,0.021199,0.530299,0.023904
AAAGTCACTGATGTAA-1,0.000055,0.000055,0.205718,0.219407,0.044218,0.174504,0.190812,0.165231
AAAGTCGACCCTCAGT-1,0.306085,0.599967,0.060334,0.000077,0.000077,0.033305,0.000077,0.000077
AAAGTGCCATCAATTA-1,0.06705,0.066615,0.00788,0.16486,0.166483,0.040634,0.365255,0.121223
AAAGTGTGATTTATCT-1,0.000056,0.000056,0.074847,0.096957,0.076782,0.178954,0.546029,0.026321
AAAGTTGACTCCCGTA-1,0.004869,0.000042,0.011413,0.068406,0.095418,0.034901,0.699458,0.085493
AAATAACCATACGGGA-1,0.720462,0.219765,0.012201,0.030967,0.016467,0.000046,0.000046,0.000046
AAATAAGGTAGTGCCC-1,0.459673,0.456881,0.002502,0.008145,0.072581,0.000073,0.000073,0.000073
AAATACCTATAAGCAT-1,0.070558,0.00431,0.115528,0.139244,0.377208,0.083351,0.144387,0.065415
AAATAGCTTAGACTTT-1,0.388823,0.486184,0.098294,0.009538,0.010154,0.006873,0.000066,0.000066
AAATAGGGTGCTATTG-1,0.000037,0.000037,0.000037,0.208525,0.08955,0.016676,0.536194,0.148944
AAATCACTCCTAAACG-1,0.040843,0.081899,0.000039,0.000039,0.000039,0.877061,0.000039,0.000039
AAATCCGATACACGCC-1,0.000031,0.000031,0.05387,0.05189,0.06442,0.087951,0.662621,0.079185
AAATCGCGGAAGGAGT-1,0.636901,0.210068,0.000048,0.000048,0.000048,0.152791,0.000048,0.000048
AAATCGTGTACCACAA-1,0.000041,0.000041,0.000041,0.032033,0.08492,0.045088,0.776397,0.06144
AAATCTAGCCCTGCTA-1,0.197456,0.052074,0.044859,0.04753,0.105004,0.10625,0.372757,0.074068
AAATCTGCCCGCGTCC-1,0.504561,0.280641,0.006743,0.000082,0.000082,0.024476,0.053371,0.130044
AAATGACTGATCAAAC-1,0.000056,0.014468,0.131432,0.477374,0.211526,0.00849,0.110697,0.045957
AAATGATTCGATCAGC-1,0.587832,0.335487,0.00009,0.00009,0.00009,0.045393,0.00009,0.030929
AAATGCTCGTTACGTT-1,0.00007,0.00007,0.015413,0.2824,0.111243,0.044407,0.442958,0.103437
AAATGGCATGTCTTGT-1,0.639849,0.004975,0.070601,0.000052,0.014188,0.114927,0.035068,0.12034
AAATGGCCCGTGCCCT-1,0.020659,0.628874,0.233503,0.031796,0.003198,0.029585,0.000088,0.052297
AAATGGTCAATGTGCC-1,0.000069,0.019631,0.00512,0.052123,0.155807,0.043576,0.716825,0.006849
AAATGTATCTTATCCC-1,0.386731,0.60953,0.000623,0.000623,0.000623,0.000623,0.000623,0.000623
AAATGTGGGTGCTCCT-1,0.000043,0.009672,0.1172,0.0414,0.067677,0.3051,0.216623,0.242286
AAATTAACGGGTAGCT-1,0.000083,0.000083,0.004692,0.318985,0.053989,0.016294,0.470056,0.135818
AAATTAATAAGCGCGA-1,0.178033,0.714187,0.106763,0.000204,0.000204,0.000204,0.000204,0.000204
AAATTACACGACTCTG-1,0.521326,0.430646,0.028038,0.000078,0.000078,0.019678,0.000078,0.000078
AAATTACCTATCGATG-1,0.952323,0.027004,0.003511,0.000044,0.000044,0.000356,0.016245,0.000474
AAATTCCAGGTCCAAA-1,0.134773,0.78373,0.073667,0.007481,0.000087,0.000087,0.000087,0.000087
AAATTGATAGTCCTTT-1,0.010518,0.03662,0.267469,0.325108,0.116345,0.038884,0.151886,0.053171
AAATTGCGGCGGTTCT-1,0.044594,0.000038,0.030604,0.016094,0.020333,0.008826,0.808108,0.071403
AAATTGGTGAGAAGCA-1,0.001635,0.565672,0.000577,0.000577,0.429807,0.000577,0.000577,0.000577
AAATTTACCGAAATCC-1,0.158598,0.048009,0.016175,0.113176,0.136643,0.063213,0.427734,0.036452
AAATTTGCGGGTGTGG-1,0.00005,0.002012,0.05295,0.379707,0.088417,0.069769,0.373684,0.033411
AACAACTGGTAGTTGC-1,0.000107,0.020245,0.299452,0.608137,0.071736,0.000107,0.000107,0.000107
AACAATACATTGTCGA-1,0.000042,0.000042,0.017212,0.400031,0.140503,0.003739,0.421111,0.017319
AACAATTACTCTACGC-1,0.101826,0.02648,0.095792,0.088846,0.297383,0.193492,0.160279,0.035903
AACACACGCTCGCCGC-1,0.000052,0.000052,0.005746,0.476012,0.273411,0.021937,0.126869,0.095921
AACACGACTGTACTGA-1,0.131469,0.01745,0.125847,0.111684,0.196468,0.000103,0.269515,0.147465
AACACGAGACGCGGCC-1,0.391199,0.379768,0.014129,0.052616,0.132487,0.000041,0.000041,0.029719
AACACGCGGCCGCGAA-1,0.000059,0.000059,0.051067,0.821283,0.086486,0.000059,0.007934,0.033054
AACAGCTGTGTGGCAA-1,0.000051,0.000051,0.009309,0.790427,0.106372,0.000051,0.090212,0.003527
AACAGGAAATCGAATA-1,0.192467,0.011928,0.056493,0.005108,0.016334,0.222357,0.061791,0.433522
AACAGGATGGGCCGCG-1,0.085659,0.022272,0.024299,0.048047,0.027584,0.003208,0.73129,0.057641
AACAGGTAGTATGGAT-1,0.041222,0.000031,0.000031,0.001563,0.001583,0.003439,0.766459,0.185671
AACATAGCGTGTATCG-1,0.000051,0.000051,0.017736,0.061174,0.048182,0.016382,0.799577,0.056847
AACATATCAACTGGTG-1,0.341158,0.039443,0.363229,0.018689,0.036697,0.139104,0.019959,0.041722
AACATCGATACGTCTA-1,0.016779,0.106121,0.451207,0.110624,0.203478,0.081369,0.00588,0.024542
AACATTGAAGTTGATC-1,0.488254,0.422327,0.007963,0.077521,0.003699,0.000079,0.000079,0.000079
AACATTGGTCAGCCGT-1,0.008358,0.000044,0.070815,0.013665,0.090947,0.004261,0.127933,0.683977
AACATTGTGACTCGAG-1,0.000061,0.005688,0.069715,0.172558,0.463107,0.016513,0.270037,0.002322
AACCAAGACTTCTCTG-1,0.289039,0.243527,0.023109,0.000266,0.000266,0.353034,0.000266,0.090494
AACCAGTATCACTCTT-1,0.723138,0.206667,0.03701,0.011295,0.000096,0.000096,0.000096,0.021603
AACCATAGGGTTGAAC-1,0.000126,0.825885,0.006213,0.167273,0.000126,0.000126,0.000126,0.000126
AACCATGGGATCGCTA-1,0.000063,0.000063,0.001614,0.524595,0.024726,0.07299,0.313223,0.062727
AACCCAGAGACGGAGA-1,0.000057,0.000057,0.089521,0.261465,0.070929,0.120543,0.384809,0.072619
AACCCATCCCATGATC-1,0.085139,0.712451,0.011087,0.001296,0.00017,0.155951,0.000075,0.03383
AACCCGACAACCCGTG-1,0.000054,0.000054,0.017669,0.607025,0.33987,0.014335,0.020939,0.000054
AACCCGAGCAGAATCG-1,0.080624,0.006192,0.052447,0.106671,0.068628,0.263782,0.288487,0.133168
AACCCGATAGGGCTTC-1,0.254535,0.066927,0.213289,0.203952,0.16948,0.0129,0.0535,0.025416
AACCCGCTGTATTCCA-1,0.035285,0.001751,0.111881,0.087181,0.084563,0.159777,0.422342,0.097219
AACCCTACTGTCAATA-1,0.000064,0.000064,0.05249,0.505538,0.159078,0.018568,0.248713,0.015484
AACCCTGGTGGAACCA-1,0.677493,0.040945,0.051546,0.000575,0.010042,0.058492,0.028416,0.13249
AACCGAGCTTGGTCAT-1,0.42563,0.388783,0.00719,0.017006,0.0001,0.117862,0.0001,0.043328
AACCGCTAAGGGATGC-1,0.034503,0.033668,0.057606,0.209856,0.391774,0.095342,0.140479,0.036773
AACCGTTGTGTTTGCT-1,0.036873,0.025633,0.221727,0.013634,0.122911,0.16375,0.296216,0.119257
AACCTAAAGCCGTCCG-1,0.032184,0.026378,0.022643,0.197055,0.189933,0.090863,0.203676,0.237268
AACCTCGCTTTAGCCC-1,0.000073,0.000073,0.3015,0.334571,0.026007,0.06403,0.203664,0.070083
AACCTGTCACGGAATT-1,0.208032,0.153351,0.034892,0.153112,0.16631,0.031305,0.252886,0.000112
AACCTTTAAATACGGT-1,0.014929,0.020694,0.021761,0.570893,0.038703,0.22921,0.084453,0.019356
AACCTTTACGACGTCT-1,0.039413,0.090586,0.415553,0.232277,0.05311,0.032937,0.07185,0.064274
AACGAAAGTCGTCCCA-1,0.047927,0.930753,0.02089,0.000086,0.000086,0.000086,0.000086,0.000086
AACGACCTCCTAGCCG-1,0.000054,0.005344,0.112233,0.068448,0.341406,0.015707,0.456752,0.000054
AACGATAATGCCGTAG-1,0.044422,0.026275,0.151515,0.178619,0.190968,0.160214,0.171637,0.076349
AACGATAGAAGGGCCG-1,0.04031,0.06852,0.207034,0.082697,0.051582,0.035119,0.409734,0.105005
AACGATATGTCAACTG-1,0.379203,0.305452,0.282584,0.031045,0.001503,0.000071,0.000071,0.000071
AACGCATGATCTGGGT-1,0.175774,0.183894,0.227908,0.033013,0.161049,0.040583,0.119426,0.058353
AACGCGAACGGCAACA-1,0.000065,0.000065,0.200192,0.346966,0.039662,0.109714,0.275265,0.028072
AACGCGACCTTGGGCG-1,0.000171,0.112367,0.041261,0.167893,0.642979,0.000171,0.034988,0.000171
AACGCGGTCTCCAGCC-1,0.140868,0.119884,0.071387,0.000347,0.152702,0.000347,0.380628,0.133838
AACGCTGTTGCTGAAA-1,0.029735,0.000516,0.153891,0.107847,0.181591,0.141584,0.115104,0.269732
AACGGACGTACGTATA-1,0.033157,0.000035,0.04351,0.044848,0.033765,0.128187,0.587922,0.128575
AACGGCCATCTCCGGT-1,0.000068,0.000068,0.000668,0.675247,0.194133,0.000068,0.10028,0.029467
AACGTACTGTGGGTAC-1,0.000078,0.000078,0.000078,0.794149,0.053081,0.012007,0.121686,0.018845
AACGTAGTCTACCCAT-1,0.000053,0.000053,0.000053,0.338529,0.038903,0.038023,0.300818,0.283568
AACGTCAGACTAGTGG-1,0.014078,0.059392,0.035018,0.145389,0.259227,0.000127,0.338247,0.148521
AACGTCATCCGGCTTG-1,0.130925,0.020204,0.018351,0.101156,0.052333,0.080582,0.409837,0.186612
AACGTCGCTGCACTTC-1,0.21111,0.002868,0.074866,0.339117,0.157744,0.156928,0.049924,0.007443
AACGTGATGAAGGACA-1,0.493464,0.506002,0.000089,0.000089,0.000089,0.000089,0.000089,0.000089
AACGTGCGAAAGTCTC-1,0.019602,0.000045,0.048754,0.000045,0.000045,0.278647,0.51206,0.140801
AACGTTATCAGCACCT-1,0.026503,0.969129,0.000728,0.000728,0.000728,0.000728,0.000728,0.000728
AACTACCCGTTTGTCA-1,0.016135,0.024423,0.132512,0.199797,0.041613,0.056298,0.441614,0.087608
AACTAGCGTATCGCAC-1,0.000064,0.000064,0.024824,0.500198,0.0507,0.017795,0.142846,0.263509
AACTAGGCTTGGGTGT-1,0.000118,0.00029,0.033094,0.518484,0.170941,0.061086,0.214354,0.001633
AACTCAAGTTAATTGC-1,0.108505,0.048363,0.013086,0.233966,0.340518,0.062358,0.000041,0.193162
AACTCCAGAGCGTGTT-1,0.000054,0.000054,0.015956,0.156481,0.079309,0.088815,0.550698,0.108633
AACTCCTAATCCCATG-1,0.097929,0.144208,0.213972,0.130982,0.173625,0.124483,0.114706,0.000096
AACTCGATAAACACGT-1,0.001318,0.000046,0.479976,0.115417,0.029939,0.083946,0.229914,0.059445
AACTCGATGGCGCAGT-1,0.000094,0.000094,0.005331,0.727556,0.023468,0.012955,0.201641,0.02886
AACTCTCAATAGAGCG-1,0.317103,0.000073,0.048361,0.148591,0.023324,0.183024,0.198109,0.081415
AACTCTCAGTGTGCTC-1,0.107094,0.281091,0.016116,0.139835,0.32144,0.023822,0.039154,0.071447
AACTGAGGTCAGCGTC-1,0.05008,0.03026,0.000054,0.054199,0.033483,0.465446,0.33762,0.028857
AACTGAGTTATACTGA-1,0.000059,0.024819,0.01905,0.549346,0.050066,0.084804,0.18933,0.082526
AACTGATATTAGGCCT-1,0.195553,0.00031,0.343684,0.00031,0.00031,0.076327,0.298984,0.084522
AACTGGGTCCCGACGT-1,0.015902,0.031197,0.090715,0.385942,0.189983,0.079753,0.090261,0.116248
AACTGGGTTCGAGCCG-1,0.040228,0.088412,0.125842,0.418834,0.084038,0.071545,0.160167,0.010935
AACTGGTGTGGGCCTT-1,0.000043,0.000043,0.000043,0.097982,0.016394,0.029567,0.702242,0.153684
AACTTCTGCGTCTATC-1,0.000075,0.004156,0.264093,0.000523,0.103108,0.349358,0.161457,0.11723
AACTTGCCCGTATGCA-1,0.120089,0.019579,0.000042,0.009723,0.037541,0.016039,0.741251,0.055737
AACTTGCGTTCTCGCG-1,0.000097,0.000097,0.020422,0.503237,0.140594,0.051671,0.236829,0.047052
AACTTTACGGGAGCTT-1,0.000435,0.873644,0.081878,0.000435,0.000435,0.042304,0.000435,0.000435
AACTTTAGCTGCTGAG-1,0.000035,0.000035,0.0481,0.00133,0.002917,0.091091,0.04768,0.808811
AACTTTCTCGATCATG-1,0.000742,0.968464,0.000737,0.027111,0.000737,0.000737,0.000737,0.000737
AAGAAAGTTTGATGGG-1,0.322796,0.34724,0.007524,0.07647,0.005594,0.000992,0.115255,0.124129
AAGAAATCACCAGATT-1,0.000949,0.73086,0.000203,0.254506,0.012873,0.000203,0.000203,0.000203
AAGAAGGATCAGTTAG-1,0.000084,0.000084,0.077396,0.583811,0.02222,0.046433,0.254566,0.015407
AAGACATACGTGGTTT-1,0.383199,0.000078,0.011948,0.130393,0.008413,0.051745,0.393855,0.020369
AAGACCAAATAACTCA-1,0.236836,0.762783,0.000064,0.000064,0.000064,0.000064,0.000064,0.000064
AAGACCCAACTGAACA-1,0.000039,0.021718,0.128528,0.137928,0.121684,0.068647,0.472453,0.049003
AAGACTAACCCGTTGT-1,0.000061,0.000061,0.083432,0.310248,0.102678,0.000605,0.362287,0.140629
AAGACTCACGCCCACT-1,0.078863,0.021414,0.116776,0.096443,0.190927,0.028679,0.368167,0.09873
AAGACTGCAAGCTACT-1,0.123683,0.08136,0.000154,0.108072,0.48519,0.000154,0.080246,0.121142
AAGAGATGAATCGGTA-1,0.001017,0.000064,0.434359,0.000253,0.031716,0.317268,0.123762,0.091561
AAGAGCTCTTTATCGG-1,0.261531,0.285618,0.348813,0.000083,0.000083,0.103706,0.000083,0.000083
AAGAGGATGTACGCGA-1,0.053561,0.259627,0.011969,0.12292,0.075388,0.476331,0.000102,0.000102
AAGAGGCATGGATCGC-1,0.069106,0.000057,0.147532,0.147485,0.085353,0.167255,0.186202,0.197009
AAGAGGCCCTTTGGAA-1,0.129994,0.002241,0.130149,0.032632,0.146227,0.208873,0.341065,0.008819
AAGATGGCACCGGACC-1,0.000037,0.000037,0.024926,0.261215,0.131384,0.051946,0.493304,0.037152
AAGATTGGCGGAACGT-1,0.144999,0.00381,0.002533,0.036965,0.065492,0.00961,0.47908,0.257511
AAGCACCCTGCGTATC-1,0.000068,0.000068,0.181828,0.083077,0.194352,0.232171,0.249563,0.058872
AAGCATACTCTCCTGA-1,0.029535,0.000035,0.000035,0.001125,0.007944,0.055426,0.621589,0.28431
AAGCCACTTGCAGGTA-1,0.000114,0.560768,0.014695,0.407814,0.016267,0.000114,0.000114,0.000114
AAGCCGAAGCGGTTTA-1,0.000064,0.026576,0.180993,0.23211,0.266422,0.041801,0.206798,0.045235
AAGCCGCCGTGAAATC-1,0.025463,0.180746,0.033423,0.377212,0.176659,0.000054,0.206388,0.000054
AAGCCGCTTTACCTTG-1,0.048615,0.617122,0.238732,0.000564,0.000564,0.093274,0.000564,0.000564
AAGCCGGAGAGCAGGA-1,0.443354,0.13431,0.000149,0.075242,0.175106,0.000149,0.17154,0.000149
AAGCGCAGGGCTTTGA-1,0.025679,0.00314,0.070857,0.262293,0.345195,0.031649,0.121691,0.139496
AAGCGGAGTGCGCGCA-1,0.29993,0.056775,0.084587,0.186984,0.255673,0.030144,0.075659,0.010249
AAGCGGCGTCATGGGT-1,0.077492,0.010872,0.012222,0.264721,0.077958,0.110814,0.3979,0.048021
AAGCGTCCCTCATCGA-1,0.000091,0.000091,0.106332,0.691609,0.093671,0.047295,0.056584,0.004326
AAGCTAGATCGAGTAA-1,0.000059,0.000059,0.026841,0.317604,0.085542,0.231763,0.297448,0.040685
AAGCTATGGATTGACC-1,0.328704,0.4326,0.067193,0.039898,0.039622,0.014565,0.054134,0.023283
AAGCTCGTGCCAAGTC-1,0.216173,0.037424,0.09708,0.127441,0.022485,0.223245,0.15223,0.123921
AAGCTCTTTCATGGTG-1,0.108545,0.000051,0.01127,0.125225,0.047604,0.018781,0.500735,0.187788
AAGGAGAACTTATAAG-1,0.037857,0.003168,0.470849,0.068442,0.035807,0.202432,0.103583,0.077861
AAGGAGCGGTTGGTGC-1,0.000152,0.000152,0.019062,0.543328,0.244734,0.000152,0.115426,0.076994
AAGGATCGATCGCTTG-1,0.576461,0.255614,0.007925,0.022226,0.000078,0.137541,0.000078,0.000078
AAGGATGAGGGACCTC-1,0.000075,0.018264,0.266799,0.261419,0.122156,0.012241,0.263962,0.055085
AAGGCAGGCTGTCTCC-1,0.014561,0.040507,0.048676,0.291853,0.076657,0.047314,0.412174,0.068257
AAGGCGCGTAAAGCTT-1,0.061186,0.000062,0.193514,0.1704,0.124991,0.077162,0.334659,0.038026
AAGGCTGTGCTCATCG-1,0.000085,0.000085,0.022311,0.293094,0.328926,0.000085,0.355329,0.000085
AAGGGAACGACTGGCT-1,0.021717,0.15322,0.009043,0.231887,0.327118,0.000055,0.173913,0.083049
AAGGGACAGATTCTGT-1,0.244607,0.453694,0.269017,0.003859,0.000544,0.000068,0.000068,0.028143
AAGGGACTATGCATTC-1,0.128146,0.000048,0.068468,0.039514,0.142525,0.025652,0.555243,0.040405
AAGGGTTAGCCATGCG-1,0.000061,0.001388,0.001372,0.872849,0.104268,0.01832,0.001681,0.000061
AAGGGTTTGATTTCAG-1,0.252015,0.747335,0.000108,0.000108,0.000108,0.000108,0.000108,0.000108
AAGGTATCCTAATATA-1,0.019822,0.000048,0.053245,0.094738,0.084231,0.176282,0.330732,0.240903
AAGGTGATAAACCAGC-1,0.000053,0.014204,0.198666,0.197624,0.180591,0.052058,0.309427,0.047376
AAGTAAGCTTCCAAAC-1,0.000024,0.000024,0.000024,0.050975,0.016412,0.049213,0.73243,0.150899
AAGTAGAAGACCGGGT-1,0.000061,0.000061,0.070585,0.204848,0.18346,0.119414,0.300472,0.121099
AAGTAGTGACGCGAGG-1,0.071348,0.101409,0.000532,0.139489,0.686835,0.000129,0.000129,0.000129
AAGTCAATTGTCGTCA-1,0.029978,0.055225,0.023707,0.045047,0.449795,0.116708,0.229519,0.050021
AAGTCTAGTAGCTGCC-1,0.41965,0.573814,0.001089,0.001089,0.001089,0.001089,0.00109,0.001089
AAGTCTTCTGTGGCCT-1,0.307395,0.691376,0.000205,0.000205,0.000205,0.000205,0.000205,0.000205
AAGTGACGACCGAATT-1,0.095183,0.761914,0.000471,0.140549,0.000471,0.000471,0.000471,0.000471
AAGTGAGTCGGGTTTA-1,0.000049,0.010712,0.146503,0.025386,0.059215,0.153393,0.439826,0.164916
AAGTGCAAAGGTAGAC-1,0.774979,0.053463,0.000064,0.000064,0.000064,0.000064,0.000064,0.171237
AAGTGCCTTGACTGTA-1,0.037636,0.028904,0.093142,0.216263,0.172008,0.073048,0.354028,0.024971
AAGTGCGTTAGAATCT-1,0.000042,0.000042,0.000042,0.185525,0.073717,0.013561,0.693382,0.033689
AAGTGCTTCTCTATTG-1,0.000063,0.000063,0.002635,0.543652,0.21568,0.090238,0.059499,0.088169
AAGTGTTTGGAGACGG-1,0.000069,0.007867,0.058857,0.475228,0.055586,0.253523,0.098251,0.05062
AAGTTCACTCCAAGCT-1,0.000889,0.000074,0.000074,0.000074,0.003112,0.862592,0.085889,0.047294
AAGTTCAGTCTGCGTA-1,0.428741,0.43436,0.126547,0.000099,0.000099,0.000099,0.000099,0.009957
AAGTTCGGCCAACAGG-1,0.001948,0.116027,0.007326,0.406413,0.202587,0.079899,0.176025,0.009775
AAGTTGTGATGTTATA-1,0.100118,0.016535,0.120371,0.236421,0.09704,0.027572,0.303597,0.098346
AAGTTTACTAATGGCA-1,0.00005,0.00005,0.00005,0.000425,0.001227,0.00005,0.837332,0.160816
AAGTTTATGGGCCCAA-1,0.08732,0.010247,0.070812,0.149777,0.298923,0.012297,0.309234,0.06139
AATAACAACGCTCGGC-1,0.254042,0.012268,0.014655,0.051341,0.172593,0.013697,0.449526,0.031879
AATAACACTAGAACAA-1,0.000055,0.015376,0.01972,0.221508,0.214832,0.062963,0.447476,0.01807
AATAACGTCGCGCCCA-1,0.003034,0.040728,0.093754,0.287119,0.211472,0.257482,0.083281,0.02313
AATAAGTCCTCGAGAC-1,0.194038,0.154617,0.259739,0.000122,0.00013,0.083368,0.190537,0.117449
AATAATCTTCGTATCG-1,0.096814,0.015081,0.053752,0.411448,0.141947,0.033093,0.244332,0.003534
AATACAATGTTTCAGG-1,0.446035,0.452827,0.016209,0.000188,0.000188,0.000188,0.084177,0.000188
AATACCGGAGGGCTGT-1,0.000062,0.010946,0.004582,0.922958,0.061265,0.000062,0.000062,0.000062
AATACCTGATGTGAAC-1,0.055075,0.073033,0.253228,0.184952,0.139273,0.086854,0.131252,0.076333
AATAGAACAGAGTGGC-1,0.000049,0.000049,0.000049,0.300543,0.45069,0.000049,0.182807,0.065765
AATAGAATCTGTTTCA-1,0.070192,0.00773,0.00018,0.03467,0.041885,0.040575,0.720753,0.084016
AATAGCAAGCCTCCTG-1,0.050278,0.000751,0.2484,0.419427,0.026102,0.053296,0.181184,0.020561
AATAGCTACCGCGTGC-1,0.553325,0.298127,0.006994,0.056916,0.061169,0.000077,0.023316,0.000077
AATAGGCACGACCCTT-1,0.000042,0.047339,0.114049,0.368801,0.331493,0.107186,0.031047,0.000042
AATAGTCCGTCCCGAC-1,0.373311,0.62335,0.000557,0.000557,0.000557,0.000557,0.000557,0.000557
AATAGTCGCGAGTCGG-1,0.001061,0.697049,0.296583,0.001061,0.001061,0.001061,0.001061,0.001061
AATATCAAGGTCGGAT-1,0.000066,0.000066,0.000066,0.378553,0.186722,0.000066,0.241067,0.193393
AATATCCTAGCAAACT-1,0.013559,0.9848,0.000273,0.000273,0.000273,0.000273,0.000273,0.000273
AATATCGAATCAATGC-1,0.013094,0.00264,0.024779,0.143121,0.313678,0.039632,0.366644,0.096412
AATATCGAGGGTTCTC-1,0.489614,0.466708,0.001132,0.000061,0.01472,0.001224,0.02648,0.000061
AATATTGGAGTATTGA-1,0.167722,0.475881,0.190053,0.00018,0.00018,0.142206,0.00018,0.023597
AATCAGACTGCAGGAC-1,0.000099,0.000099,0.143723,0.145615,0.375149,0.011481,0.256601,0.067234
AATCAGGTTTCATTTA-1,0.000058,0.000058,0.014501,0.408437,0.375551,0.033564,0.092259,0.07557
AATCATGTAAAGACTC-1,0.072668,0.010912,0.134021,0.079224,0.113785,0.416897,0.138255,0.034238
AATCCAAGGGCCTGAG-1,0.00005,0.00005,0.185739,0.287879,0.044152,0.037225,0.383033,0.061871
AATCCATGCAAGGGTG-1,0.000097,0.0027,0.040716,0.838029,0.025232,0.00733,0.085798,0.000097
AATCCCGCTCAGAGCC-1,0.000053,0.055552,0.013746,0.153438,0.189986,0.056248,0.480477,0.050501
AATCGAGGTCTCAAGG-1,0.091639,0.003263,0.000074,0.057107,0.094896,0.002869,0.525412,0.224741
AATCGCCTCAGCGCCA-1,0.025774,0.426151,0.133855,0.016498,0.000924,0.000058,0.000058,0.39668
AATCGCGCAGAGGACT-1,0.332237,0.59127,0.015902,0.000058,0.009774,0.050644,0.000058,0.000058
AATCGGGACACTACGA-1,0.04553,0.00006,0.023455,0.194204,0.059715,0.0235,0.487244,0.166291
AATCGGTATAGCCCTC-1,0.061747,0.002878,0.156246,0.074949,0.151983,0.147294,0.346332,0.058571
AATCGTGAGCCGAGCA-1,0.035185,0.000935,0.070501,0.362325,0.020683,0.106996,0.346261,0.057115
AATCTAGGTTTACTTG-1,0.004212,0.598259,0.013452,0.097124,0.072921,0.000123,0.000123,0.213787
AATCTATGCCGGAGCC-1,0.203908,0.714537,0.000105,0.033133,0.000105,0.048001,0.000105,0.000105
AATCTCTACTGTGGTT-1,0.273957,0.565807,0.021449,0.000169,0.069904,0.068377,0.000169,0.000169
AATCTGCGTTGGGACG-1,0.031381,0.0001,0.300955,0.029134,0.148687,0.200069,0.242379,0.047294
AATCTGGCTTTCTAGT-1,0.387488,0.50548,0.039851,0.003489,0.000076,0.044221,0.000076,0.019318
AATCTGGGTAGACCCT-1,0.000086,0.156061,0.066766,0.388042,0.231081,0.011915,0.055714,0.090335
AATGACAGCAATGTCT-1,0.000043,0.000043,0.034138,0.110516,0.068196,0.069627,0.665065,0.052373
AATGACGTAGGATGTC-1,0.000051,0.000051,0.022527,0.127424,0.060833,0.091521,0.600507,0.097086
AATGACTGTCAGCCGG-1,0.011734,0.165787,0.179045,0.11555,0.209865,0.067088,0.001382,0.249548
AATGAGTTCGCATATG-1,0.000083,0.000083,0.007625,0.394361,0.14822,0.077424,0.359317,0.012886
AATGATGATACGCTAT-1,0.122254,0.081676,0.171245,0.2055,0.124856,0.051205,0.208467,0.034798
AATGATGCGACTCCTG-1,0.287855,0.512421,0.045949,0.062008,0.016089,0.000083,0.075503,0.00009
AATGCAACCGGGTACC-1,0.000353,0.093789,0.000353,0.000353,0.904094,0.000353,0.000353,0.000353
AATGCACCAAGCAATG-1,0.113775,0.016067,0.013397,0.037164,0.112805,0.611445,0.0855,0.009847
AATGGCCGCCAATGCG-1,0.042913,0.009337,0.015651,0.025594,0.057608,0.169378,0.425823,0.253696
AATGGTCCACCGTTCA-1,0.730522,0.164061,0.104873,0.000109,0.000109,0.000109,0.000109,0.000109
AATGGTTCTCACAAGC-1,0.000052,0.000052,0.041533,0.039786,0.052454,0.136824,0.607078,0.12222
AATGTATGGCACTGTA-1,0.134302,0.674003,0.002389,0.010063,0.054274,0.035596,0.000083,0.08929
AATGTGCCCGAGGTGT-1,0.000048,0.000048,0.104275,0.01973,0.085182,0.122738,0.592393,0.075586
AATGTGCTAATCTGAG-1,0.00007,0.00007,0.061744,0.586021,0.200955,0.111755,0.007307,0.032077
AATGTTAAGACCCTGA-1,0.031247,0.001214,0.255442,0.031019,0.038394,0.067457,0.514895,0.060333
AATGTTGTCGTGAGAC-1,0.063661,0.005035,0.138287,0.067482,0.023716,0.318662,0.264239,0.118917
AATTAAAGGTCGGCGT-1,0.196533,0.000092,0.055534,0.12243,0.27433,0.052589,0.285218,0.013274
AATTAACGGATTTCCA-1,0.042335,0.00004,0.02906,0.003821,0.009355,0.112017,0.629187,0.174184
AATTACGAGACCCATC-1,0.571701,0.4276,0.000116,0.000116,0.000116,0.000116,0.000116,0.000116
AATTACTCGTACGCTC-1,0.001079,0.549361,0.00108,0.444161,0.00108,0.001079,0.00108,0.00108
AATTAGCGCTGCAGCG-1,0.016501,0.006624,0.014117,0.293375,0.059954,0.118393,0.436297,0.054739
AATTATACCCAGCAAG-1,0.077982,0.004202,0.02085,0.278987,0.148575,0.254531,0.202412,0.012462
AATTCATAAGGGATCT-1,0.000303,0.041718,0.766903,0.000302,0.000302,0.189867,0.000303,0.000302
AATTCATTGTCATGCA-1,0.365445,0.577201,0.000101,0.045071,0.011879,0.000101,0.000101,0.000101
AATTCCAACTTGGTGA-1,0.000081,0.065617,0.030793,0.759009,0.0331,0.022709,0.066614,0.022078
AATTCCAAGCATGTAC-1,0.031378,0.018671,0.106196,0.348873,0.119492,0.09117,0.257588,0.026633
AATTCGATTCGAGGAT-1,0.000068,0.000068,0.048344,0.176635,0.276778,0.020573,0.470087,0.007449
AATTCTAGAGTTAGGC-1,0.000069,0.000069,0.000069,0.000069,0.000069,0.999514,0.000069,0.000069
AATTGAACGCTCTGGT-1,0.077923,0.000074,0.003121,0.12118,0.314699,0.18771,0.139744,0.15555
AATTGCAGCAATCGAC-1,0.002955,0.000059,0.082065,0.061109,0.375376,0.097938,0.220175,0.160323
AATTGCGTGGATTACA-1,0.549605,0.40155,0.000072,0.000072,0.000072,0.048487,0.000072,0.000072
AATTGTGGTTGCCAAA-1,0.370961,0.077853,0.017303,0.039837,0.095987,0.165348,0.210936,0.021775
AATTTGGGACATAGTA-1,0.187266,0.55695,0.238719,0.000111,0.000111,0.01662,0.000111,0.000111
AATTTGGTTCCAAAGA-1,0.109555,0.009027,0.098151,0.1428,0.060437,0.251743,0.159009,0.169278
ACAAACCATGCGTCCT-1,0.000088,0.533903,0.323646,0.099764,0.042334,0.000088,0.000088,0.000088
ACAAACCGACAAGGCG-1,0.181882,0.069819,0.191288,0.150081,0.021004,0.034125,0.177679,0.174121
ACAAACTCCATCAGAG-1,0.00006,0.013867,0.020539,0.814474,0.150369,0.00006,0.000572,0.00006
ACAAAGAAGGTAGGCC-1,0.632878,0.3667,0.00007,0.00007,0.00007,0.00007,0.00007,0.00007
ACAAAGCATGACCTAG-1,0.033926,0.000024,0.029609,0.030588,0.11699,0.028034,0.419997,0.340832
ACAAATCGCACCGAAT-1,0.000045,0.002386,0.030675,0.39131,0.046631,0.38304,0.108354,0.037558
ACAAATGGTAGTGTTT-1,0.111349,0.007738,0.068489,0.180155,0.056966,0.18909,0.336029,0.050184
ACAAATTCAGATCTGA-1,0.000045,0.004346,0.000047,0.274727,0.180483,0.001008,0.482118,0.057227
ACAACAGCATGAGCTA-1,0.037575,0.000037,0.000037,0.000037,0.000037,0.106797,0.697759,0.15772
ACAACGGTCCCTGCGA-1,0.000102,0.0328,0.080128,0.396145,0.135291,0.107191,0.196363,0.051981
ACAAGCAGTGCCTAGC-1,0.117943,0.056141,0.272975,0.298739,0.045767,0.208283,0.000077,0.000077
ACAAGCTATATGGAAG-1,0.076677,0.407405,0.000105,0.008307,0.065397,0.000105,0.000105,0.441897
ACAAGGAAATCCGCCC-1,0.064038,0.000114,0.017629,0.235949,0.027155,0.155622,0.408665,0.090829
ACAAGGACAAGAGGTT-1,0.013792,0.054144,0.084939,0.399282,0.147465,0.269778,0.006292,0.024307
ACAAGGATGCTTTAGG-1,0.000044,0.009196,0.003585,0.123574,0.051292,0.012401,0.685001,0.114908
ACAAGGCCTACCAGCC-1,0.000051,0.024201,0.000051,0.191142,0.056386,0.000051,0.683544,0.044575
ACAAGGGCAGGCTCTG-1,0.000063,0.006628,0.09172,0.183328,0.114047,0.143464,0.444879,0.015872
ACAAGTAATTGTAAGG-1,0.264067,0.320975,0.036196,0.008874,0.039727,0.009859,0.000039,0.320263
ACAATAGTCGTACGTT-1,0.12003,0.559085,0.127192,0.005837,0.019271,0.005121,0.005429,0.158036
ACAATCCATTTAAACC-1,0.000063,0.130415,0.0605,0.332813,0.200847,0.164415,0.079152,0.031795
ACAATCGATCTTTATA-1,0.125739,0.026362,0.272908,0.195371,0.134624,0.068689,0.028597,0.14771
ACAATGAATACGGAGA-1,0.000112,0.072686,0.096567,0.63074,0.19956,0.000112,0.000112,0.000112
ACAATGATTCTTCTAC-1,0.131491,0.021841,0.00796,0.146808,0.479695,0.046717,0.094339,0.071149
ACAATTGTGTCTCTTT-1,0.000048,0.000048,0.000048,0.204076,0.05761,0.019086,0.614784,0.104299
ACAATTTAGGAGGCTC-1,0.025705,0.972942,0.000226,0.000226,0.000226,0.000226,0.000226,0.000226
ACAATTTGAGCAGTGG-1,0.017394,0.024012,0.000048,0.015053,0.031391,0.026303,0.789358,0.096441
ACAATTTGGCCATATT-1,0.000097,0.000097,0.001537,0.120566,0.123071,0.000097,0.70364,0.050894
ACACAAAGACGGGTGG-1,0.002578,0.008141,0.065506,0.410989,0.028248,0.006855,0.234652,0.24303
ACACAAATATTCCTAG-1,0.186518,0.27199,0.034859,0.296462,0.087696,0.122191,0.000142,0.000142
ACACACCAGGACCAGT-1,0.026415,0.704172,0.187948,0.030009,0.015003,0.000216,0.03602,0.000216
ACACACTTTCTACACG-1,0.000652,0.147724,0.582154,0.113609,0.000652,0.000652,0.000652,0.153904
ACACATGATCAAATCT-1,0.000088,0.749049,0.018418,0.206473,0.025709,0.000088,0.000088,0.000088
ACACATTGACGCAACA-1,0.000123,0.140583,0.067643,0.289073,0.214418,0.009744,0.125836,0.15258
ACACATTTCCGTAGAC-1,0.003118,0.061526,0.480829,0.094061,0.26239,0.001206,0.096744,0.000126
ACACCACATAATTAGC-1,0.290929,0.708272,0.000133,0.000133,0.000133,0.000133,0.000133,0.000133
ACACCCAGCATGCAGC-1,0.058266,0.001437,0.036972,0.397659,0.15356,0.003784,0.283512,0.064809
ACACCCGAGAAATCCG-1,0.20124,0.130979,0.038474,0.352752,0.025927,0.002587,0.242517,0.005523
ACACCCGTAAATCTGT-1,0.017527,0.020467,0.074702,0.233756,0.13566,0.068472,0.289632,0.159785
ACACCGAGCGCTCTTT-1,0.209713,0.782538,0.001291,0.001292,0.001292,0.001292,0.001292,0.001292
ACACCGGTCTGACCGC-1,0.000098,0.600107,0.051141,0.095503,0.022042,0.002993,0.051042,0.177073
ACACCTTAAGTAGGGC-1,0.117295,0.000189,0.191311,0.038006,0.477066,0.115403,0.000189,0.06054
ACACCTTACTACTTGC-1,0.000701,0.191321,0.341576,0.289919,0.064447,0.000112,0.111812,0.000112
ACACGAGACTCCTTCT-1,0.052959,0.000081,0.084399,0.162564,0.046998,0.037235,0.518396,0.097369
ACACGGCACTATGCAT-1,0.634929,0.121811,0.019319,0.004258,0.00489,0.026997,0.102346,0.08545
ACACGGGAACTTAGGG-1,0.467982,0.191051,0.079431,0.079936,0.035436,0.040745,0.105339,0.00008
ACACGTAGGCCACAAG-1,0.552489,0.07024,0.203568,0.000119,0.046354,0.00012,0.114764,0.012345
ACACTCCAATGTCACT-1,0.000051,0.030018,0.000051,0.006848,0.006129,0.025649,0.74631,0.184945
ACACTGATCAAGGTGT-1,0.00005,0.00005,0.00005,0.243591,0.028806,0.002306,0.637371,0.087775
ACACTGGGACAGTCGT-1,0.000663,0.00008,0.386177,0.045395,0.177601,0.14853,0.234413,0.007141
ACAGAACTGAGAACAA-1,0.003487,0.014537,0.076359,0.276242,0.41734,0.021739,0.136533,0.053763
ACAGATTAGGTTAGTG-1,0.02507,0.000068,0.175531,0.025648,0.005073,0.091981,0.478128,0.198502
ACAGCATAGAGCCAGT-1,0.084933,0.000084,0.100205,0.063886,0.037634,0.481486,0.029161,0.202612
ACAGCGACATTCTCAT-1,0.000039,0.000038,0.006766,0.008857,0.006812,0.090662,0.627398,0.259428
ACAGCGCACCCGCAGC-1,0.008958,0.699749,0.100716,0.113088,0.000119,0.018472,0.058778,0.000119
ACAGGAGGCGCAGCCG-1,0.00084,0.843004,0.000841,0.000841,0.000841,0.00084,0.000841,0.151953
ACAGGCACGGATCCTT-1,0.000049,0.000049,0.014681,0.368016,0.15738,0.087504,0.173088,0.199232
ACAGGCTTGCCCGACT-1,0.454,0.259539,0.126275,0.099869,0.059888,0.000242,0.000094,0.000094
ACAGGTGGAGGTGAGG-1,0.000083,0.000083,0.060863,0.780374,0.147571,0.000083,0.01086,0.000083
ACAGGTGTGTTGTTGC-1,0.13956,0.857201,0.00054,0.00054,0.00054,0.00054,0.00054,0.00054
ACAGTAATACAACTTG-1,0.454432,0.349579,0.006896,0.058304,0.021448,0.002167,0.008275,0.098898
ACAGTATACCGTGGGA-1,0.000278,0.865266,0.000278,0.133068,0.000278,0.000278,0.000278,0.000278
ACAGTGCAGCGCATTT-1,0.00006,0.00006,0.309399,0.411165,0.261555,0.002155,0.015548,0.00006
ACATAAGTCGTGGTGA-1,0.817063,0.135654,0.014384,0.000039,0.000039,0.027424,0.000039,0.005358
ACATAATAAGGCGGTG-1,0.061702,0.000087,0.186396,0.368497,0.231582,0.036985,0.109036,0.005715
ACATACAATCAAGCGG-1,0.0001,0.0001,0.397163,0.122193,0.024089,0.076422,0.361496,0.018438
ACATCAGCTGGGACGC-1,0.455588,0.447362,0.000134,0.000134,0.000134,0.09638,0.000134,0.000134
ACATCCCGGCCATACG-1,0.000091,0.025651,0.043478,0.411353,0.200035,0.04056,0.24724,0.031592
ACATCCTGGTAACTGT-1,0.007854,0.026559,0.101541,0.148775,0.046504,0.085647,0.493713,0.089407
ACATCGATCGTTTACC-1,0.023504,0.000084,0.00861,0.140088,0.109377,0.00735,0.632667,0.078319
ACATCGCAATATTCGG-1,0.697413,0.092255,0.011337,0.000568,0.004248,0.003515,0.020272,0.170392
ACATCGGTCAGCCGCG-1,0.000062,0.000247,0.251223,0.15121,0.095614,0.212612,0.17223,0.116802
ACATCGTATGCAATGG-1,0.657901,0.0811,0.003451,0.000129,0.019354,0.168767,0.057608,0.01169
ACATCGTTAACCTAGT-1,0.738108,0.100351,0.105466,0.01052,0.043865,0.00007,0.00007,0.00155
ACATCTCAACGCGTAA-1,0.449046,0.065953,0.243429,0.009776,0.002343,0.010333,0.178471,0.04065
ACATGCTTACGGCAGC-1,0.00011,0.674218,0.015473,0.236704,0.073163,0.00011,0.00011,0.00011
ACATGGCGCCAAAGTA-1,0.012528,0.007677,0.2786,0.065359,0.096234,0.169795,0.202044,0.167762
ACATGGCTCAATTTAG-1,0.000105,0.000105,0.16764,0.425279,0.146556,0.00519,0.149267,0.105859
ACATTAGTTTATATCC-1,0.048947,0.000065,0.001052,0.096768,0.110864,0.00855,0.622655,0.111099
ACATTCGCGCGGAATA-1,0.048244,0.552216,0.041799,0.301883,0.055654,0.000068,0.000068,0.000068
ACATTTGAAACCTAAC-1,0.051385,0.023368,0.203838,0.116663,0.268187,0.065034,0.140497,0.131027
ACCAAACACCCAGCGA-1,0.163755,0.084276,0.000081,0.000081,0.000081,0.746402,0.000081,0.005244
ACCAAACTAGAAATCC-1,0.894003,0.010298,0.04675,0.000025,0.000025,0.038846,0.000025,0.010029
ACCAACACCACACACT-1,0.558484,0.31107,0.053488,0.037637,0.039099,0.000074,0.000074,0.000074
ACCAACCGCACTCCAC-1,0.000048,0.000048,0.260739,0.17293,0.12092,0.092642,0.329341,0.023332
ACCAACGCTTATTTAT-1,0.000065,0.000065,0.048187,0.125583,0.393322,0.060268,0.254712,0.117799
ACCAAGAACGCGTGTC-1,0.046297,0.006567,0.004695,0.38098,0.134187,0.006644,0.199522,0.221107
ACCAAGTCATCGGCAG-1,0.111958,0.017547,0.093974,0.07949,0.074418,0.208052,0.303436,0.111125
ACCAATATGCAAGTTA-1,0.000036,0.000036,0.003405,0.026314,0.021157,0.073473,0.579476,0.296103
ACCACAACTCAGAACA-1,0.060896,0.316514,0.058574,0.030288,0.081663,0.122012,0.280209,0.049845
ACCACAAGTTTCTATC-1,0.000097,0.000097,0.061789,0.359651,0.1701,0.009778,0.394189,0.004299
ACCACACGGTTGATGG-1,0.081919,0.001434,0.027442,0.09241,0.07237,0.202065,0.515209,0.007151
ACCACCAATGTAACAA-1,0.261857,0.255339,0.043997,0.099649,0.138929,0.004202,0.161261,0.034765
ACCACCCTCTCTTCTA-1,0.464681,0.482171,0.000248,0.000248,0.000248,0.000248,0.000248,0.051906
ACCACGTGCAGCTATA-1,0.000065,0.000065,0.155522,0.231419,0.102832,0.060966,0.37231,0.076823
ACCACTGTTCAAGAAG-1,0.001228,0.84315,0.149483,0.001228,0.001228,0.001228,0.001228,0.001228
ACCAGACCATAACAAC-1,0.115906,0.821286,0.000191,0.000191,0.000191,0.000191,0.000191,0.061854
ACCAGCCCGGTCTTTG-1,0.167858,0.228373,0.181188,0.000496,0.000339,0.165178,0.1411,0.115469
ACCAGGAGTGTGATCT-1,0.011271,0.001735,0.061008,0.037695,0.076852,0.487499,0.241435,0.082505
ACCAGTGCCCGGTCAA-1,0.016029,0.022583,0.0055,0.259477,0.080993,0.018688,0.515435,0.081295
ACCAGTGCGGGAGACG-1,0.082307,0.000058,0.00531,0.086617,0.163991,0.216035,0.397539,0.048143
ACCATATCCGCAATAA-1,0.019397,0.012755,0.034426,0.297368,0.309653,0.04459,0.281725,0.000087
ACCATCCGCCAACTAG-1,0.395017,0.604526,0.000076,0.000076,0.000076,0.000076,0.000076,0.000076
ACCATCGTATATGGTA-1,0.035583,0.00006,0.009364,0.002465,0.020816,0.033935,0.81963,0.078146
ACCATTAAGGGTGTCA-1,0.388728,0.60112,0.001692,0.001692,0.001692,0.001692,0.001692,0.001692
ACCCAACGCCCGTGGC-1,0.028137,0.00384,0.203528,0.148768,0.075876,0.181747,0.328047,0.030055
ACCCACCTACATGCTC-1,0.000093,0.054126,0.211796,0.423493,0.116356,0.066023,0.12802,0.000093
ACCCATCTTGAGGGTA-1,0.044143,0.011947,0.09313,0.020304,0.05678,0.328945,0.405571,0.039179
ACCCATTTGTCCCTCT-1,0.067266,0.000059,0.06711,0.082813,0.085524,0.266043,0.366407,0.064778
ACCCGAGCGAAATTAC-1,0.000035,0.000035,0.008822,0.275989,0.121577,0.004149,0.527633,0.06176
ACCCGATTGGTTCCGA-1,0.000044,0.000044,0.012949,0.228048,0.102232,0.014185,0.438465,0.204033
ACCCGGAAACTCCCAG-1,0.000064,0.000064,0.065747,0.216859,0.053923,0.172233,0.314882,0.176228
ACCCGGAGCACCACAA-1,0.216424,0.040338,0.034636,0.051717,0.013037,0.286585,0.324298,0.032966
ACCCGGATGACGCATC-1,0.051197,0.00771,0.044403,0.077473,0.255544,0.355111,0.119101,0.089461
ACCCGGTTACACTTCC-1,0.0234,0.000029,0.000029,0.000029,0.000029,0.000029,0.000029,0.976427
ACCCGTAGCAGAGAAT-1,0.673607,0.041723,0.000038,0.000038,0.000038,0.284481,0.000038,0.000038
ACCCGTAGTCTAGTTG-1,0.150831,0.049859,0.252565,0.0155,0.040953,0.078229,0.259643,0.15242
ACCCGTGTCATCAGTA-1,0.374388,0.42005,0.062014,0.000338,0.000338,0.000338,0.142194,0.000338
ACCCTATAGGACTGAG-1,0.000053,0.000053,0.012677,0.03344,0.011263,0.000053,0.870544,0.071916
ACCCTATGCCATATCG-1,0.000087,0.000087,0.009347,0.686663,0.044043,0.026189,0.149169,0.084416
ACCCTCCCGTCAGGGC-1,0.052494,0.024946,0.186895,0.256227,0.07961,0.073632,0.316953,0.009243
ACCCTCCCTTGCTATT-1,0.000101,0.034818,0.174799,0.447118,0.068464,0.000101,0.222979,0.051621
ACCCTGGTAACGCCCT-1,0.38555,0.470412,0.000195,0.000195,0.000195,0.143061,0.000195,0.000195
ACCCTTCATCTGCGAA-1,0.065233,0.000092,0.042867,0.04336,0.016779,0.072966,0.642446,0.116256
ACCCTTGCCTGGGTCG-1,0.063566,0.26282,0.028812,0.148358,0.153853,0.118926,0.205469,0.018197
ACCCTTTAGTTCTCCA-1,0.209892,0.035438,0.173096,0.142608,0.053564,0.063701,0.052649,0.269053
ACCGAAAGGGCCCTGC-1,0.000031,0.000031,0.000031,0.000079,0.003719,0.059551,0.71516,0.221397
ACCGAAGAGTCTGGTT-1,0.597076,0.402438,0.000081,0.000081,0.000081,0.000081,0.000081,0.000081
ACCGACACATCTCCCA-1,0.000038,0.009919,0.036087,0.095195,0.03584,0.038087,0.67887,0.105966
ACCGACTGAGTCCCAC-1,0.132809,0.030224,0.032484,0.258236,0.168111,0.009492,0.263868,0.104777
ACCGAGTCTCCTTATT-1,0.000086,0.060849,0.062026,0.449033,0.149447,0.095362,0.120023,0.063174
ACCGATAGGCATAACC-1,0.229316,0.002747,0.170795,0.032208,0.156294,0.182067,0.189565,0.037008
ACCGATATTTAATCAT-1,0.292833,0.005985,0.305085,0.147336,0.020081,0.010589,0.207971,0.01012
ACCGATGGTAGCATCG-1,0.107353,0.000081,0.11803,0.029027,0.381684,0.261732,0.076021,0.026072
ACCGCAATAACTGCCT-1,0.000048,0.000048,0.145763,0.102369,0.037188,0.053417,0.602215,0.058951
ACCGCGGTGGAAGTCG-1,0.011559,0.02081,0.094721,0.114599,0.080636,0.078635,0.452541,0.146499
ACCGCTAGTCATTGGT-1,0.000085,0.043066,0.011549,0.681482,0.263565,0.000085,0.000085,0.000085
ACCGGGCCTTTGTTGA-1,0.036328,0.008179,0.0211,0.385231,0.195575,0.030972,0.27554,0.047073
ACCGGTCAGGTACACC-1,0.229276,0.632951,0.061464,0.035393,0.000088,0.021592,0.019148,0.000088
ACCGGTCTGAGTACGG-1,0.008862,0.044104,0.027685,0.192215,0.078992,0.042642,0.538209,0.06729
ACCGTCCACTGGGCCC-1,0.111792,0.660811,0.003703,0.000064,0.003227,0.038718,0.010672,0.171013
ACCGTGACCACGTGGG-1,0.00006,0.00006,0.038601,0.53077,0.350043,0.024404,0.025337,0.030725
ACCGTTCCCGCTCTGA-1,0.138989,0.011548,0.084461,0.044858,0.044342,0.062408,0.087272,0.526121
