Barcode,Topic 1,Topic 2,Topic 3,Topic 4to5,Topic 6,Topic 7,Topic 8,Topic 9,Topic 10
AAACAAGTATCTCCCA-1,0.151529,0.01408,0.045014,0.459653,0.064162,0.132659,0.090719,0.036208,0.005976
AAACAATCTACTAGCA-1,0.006586,0.000021,0.104724,0.239885,0.219616,0.26715,0.145739,0.006962,0.009317
AAACACCAATAACTGC-1,0.021638,0.000015,0.112104,0.445193,0.111106,0.080249,0.067692,0.07188,0.090122
AAACAGAGCGACTCCT-1,0.00002,0.011946,0.05751,0.3527,0.265282,0.077402,0.217721,0.015247,0.002172
AAACAGCTTTCAGAAG-1,0.190496,0.000034,0.005577,0.083542,0.017369,0.485597,0.011633,0.01897,0.186782
AAACAGGGTCTATATT-1,0.175588,0.000037,0.061436,0.085076,0.074822,0.39626,0.014418,0.182697,0.009667
AAACAGTGTTCCTGGG-1,0.030737,0.000018,0.022321,0.404258,0.07846,0.13902,0.130938,0.091977,0.102272
AAACATGGTGAGAGGA-1,0.286051,0.00001,0.00244,0.360015,0.014313,0.018668,0.01986,0.290475,0.008168
AAACATTTCCCGGATT-1,0.403274,0.000041,0.000041,0.000082,0.064058,0.251262,0.041872,0.069891,0.169479
AAACCCGAACGAAATC-1,0.915734,0.000055,0.000055,0.000109,0.000055,0.000055,0.000055,0.083829,0.000055
AAACCGGAAATGTTAA-1,0.740827,0.004632,0.000047,0.000093,0.000047,0.000047,0.000047,0.191638,0.062623
AAACCGGGTAGGTACC-1,0.016427,0.000015,0.113282,0.592431,0.067826,0.04229,0.111048,0.024481,0.0322
AAACCGTTCGTCCAGG-1,0.032327,0.004446,0.113849,0.315507,0.106733,0.114885,0.142351,0.089518,0.080385
AAACCTAAGCAGCCGG-1,0.142615,0.000023,0.00073,0.045839,0.174804,0.253527,0.211368,0.012843,0.158252
AAACCTCATGAAGTTG-1,0.085424,0.00048,0.085937,0.557187,0.081189,0.023287,0.06837,0.046042,0.052084
AAACGAAGAACATACC-1,0.132496,0.00128,0.040047,0.143043,0.161027,0.240812,0.193577,0.034612,0.053106
AAACGAAGATGGAGTA-1,0.074614,0.000048,0.010106,0.142808,0.226026,0.419487,0.032255,0.010219,0.084437
AAACGAGACGGTTGAT-1,0.028529,0.003721,0.085288,0.434882,0.09849,0.083645,0.153892,0.099,0.012553
AAACGCCCGAGATCGG-1,0.029765,0.004779,0.098267,0.230367,0.192237,0.229429,0.125658,0.025389,0.064108
AAACGCTGGGCACGAC-1,0.940063,0.000053,0.0487,0.00059,0.000053,0.000053,0.000053,0.010381,0.000053
AAACGGGCGTACGGGT-1,0.272558,0.00478,0.008111,0.087899,0.130431,0.242971,0.156329,0.022045,0.074875
AAACGGGTTGGTATCC-1,0.08555,0.000047,0.022252,0.025635,0.067419,0.286525,0.428962,0.082061,0.00155
AAACGGTTGCGAACTG-1,0.006378,0.004007,0.098395,0.659662,0.083255,0.064122,0.079223,0.000699,0.004259
AAACGTGTTCGCCCTA-1,0.154286,0.000041,0.054334,0.176135,0.198492,0.123875,0.218581,0.008754,0.065501
AAACTAACGTGGCGAC-1,0.019937,0.000016,0.038856,0.175531,0.152809,0.224892,0.217082,0.004362,0.166515
AAACTCGGTTCGCAAT-1,0.020226,0.001396,0.29762,0.080251,0.071072,0.188185,0.178563,0.016095,0.146592
AAACTCGTGATATAAG-1,0.112338,0.034725,0.181688,0.268883,0.152122,0.070037,0.105714,0.060987,0.013506
AAACTGCTGGCTCCAA-1,0.064383,0.00002,0.080837,0.245197,0.08484,0.157086,0.136558,0.071315,0.159764
AAACTTAATTGCACGC-1,0.051595,0.002865,0.028178,0.252424,0.04343,0.093614,0.072622,0.062013,0.393259
AAACTTGCAAACGTAT-1,0.231007,0.000029,0.034647,0.204036,0.004569,0.237614,0.056484,0.185851,0.045763
AAAGAATGACCTTAGA-1,0.054058,0.00003,0.009687,0.126599,0.08918,0.155019,0.045937,0.182084,0.337406
AAAGAATGTGGACTAA-1,0.674498,0.000028,0.312257,0.000172,0.000028,0.000028,0.000028,0.000028,0.012934
AAAGACCCAAGTCGCG-1,0.000019,0.004889,0.056225,0.038805,0.278921,0.130685,0.089571,0.001999,0.398887
AAAGACTGGGCGCTTT-1,0.075691,0.000023,0.087987,0.412478,0.10515,0.177531,0.086791,0.042604,0.011746
AAAGCTTGCCTACATA-1,0.762742,0.000057,0.000057,0.014041,0.05225,0.021869,0.105644,0.001901,0.04144
AAAGGCCCTATAATAC-1,0.030922,0.015598,0.013272,0.12305,0.090052,0.179644,0.102832,0.156054,0.288576
AAAGGCTACGGACCAT-1,0.045785,0.012003,0.104859,0.718511,0.061365,0.012922,0.037622,0.006923,0.00001
AAAGGCTCTCGCGCCG-1,0.160927,0.000012,0.099158,0.410162,0.069968,0.042101,0.101785,0.071419,0.044466
AAAGGGATGTAGCAAG-1,0.067123,0.003586,0.075457,0.330118,0.134102,0.052059,0.114229,0.117712,0.105615
AAAGGGCAGCTTGAAT-1,0.013473,0.006283,0.033594,0.045613,0.202439,0.294248,0.322527,0.015803,0.06602
AAAGGTAAGCTGTACC-1,0.023156,0.0012,0.047805,0.411312,0.17228,0.101951,0.175467,0.009386,0.057443
AAAGTAGCATTGCTCA-1,0.581331,0.001378,0.083224,0.079839,0.032323,0.037629,0.024809,0.052642,0.106826
AAAGTCACTGATGTAA-1,0.020693,0.022659,0.061612,0.157294,0.1436,0.14582,0.153267,0.038487,0.256569
AAAGTCGACCCTCAGT-1,0.043845,0.00002,0.016842,0.164861,0.075317,0.037045,0.100217,0.410231,0.15162
AAAGTGCCATCAATTA-1,0.436497,0.00003,0.56148,0.000059,0.00003,0.00003,0.00003,0.001816,0.00003
AAAGTGTGATTTATCT-1,0.061723,0.000029,0.135904,0.246354,0.174092,0.1937,0.148438,0.002568,0.037191
AAAGTTGACTCCCGTA-1,0.036378,0.02167,0.019154,0.140535,0.095615,0.237649,0.269043,0.046844,0.133112
AAATAACCATACGGGA-1,0.167597,0.000019,0.196211,0.205846,0.183836,0.098307,0.097268,0.004069,0.046847
AAATAAGGTAGTGCCC-1,0.149109,0.000023,0.082351,0.144365,0.136377,0.121319,0.133822,0.022647,0.209987
AAATACCTATAAGCAT-1,0.007737,0.012024,0.140176,0.546758,0.138695,0.037162,0.081424,0.030292,0.005732
AAATAGGGTGCTATTG-1,0.098562,0.00004,0.074229,0.228973,0.215274,0.21307,0.053677,0.096772,0.019404
AAATCCGATACACGCC-1,0.104362,0.000014,0.082584,0.432711,0.12883,0.050308,0.122904,0.070942,0.007345
AAATCGCGGAAGGAGT-1,0.086828,0.000049,0.00375,0.242522,0.13139,0.230997,0.036404,0.037092,0.230969
AAATCGTGTACCACAA-1,0.0456,0.004243,0.06467,0.531724,0.158737,0.051822,0.117758,0.016355,0.009091
AAATCTAGCCCTGCTA-1,0.32386,0.00008,0.461988,0.028281,0.024397,0.07395,0.03901,0.026324,0.02211
AAATCTGCCCGCGTCC-1,0.051586,0.000024,0.16987,0.595961,0.040053,0.013176,0.026894,0.006695,0.095741
AAATGACTGATCAAAC-1,0.000008,0.038195,0.155775,0.578789,0.090643,0.016952,0.030132,0.007503,0.082002
AAATGATTCGATCAGC-1,0.007784,0.000026,0.02444,0.059705,0.210803,0.330674,0.25094,0.005716,0.109912
AAATGCTCGTTACGTT-1,0.000014,0.000874,0.222014,0.564446,0.096988,0.026901,0.043734,0.011621,0.033409
AAATGGCATGTCTTGT-1,0.000022,0.009498,0.015239,0.025992,0.04366,0.106475,0.083332,0.100034,0.615749
AAATGGCCCGTGCCCT-1,0.25635,0.000039,0.010141,0.118867,0.00169,0.524815,0.016146,0.070727,0.001224
AAATGGTCAATGTGCC-1,0.000026,0.008394,0.006688,0.136444,0.083544,0.308683,0.232676,0.018034,0.205512
AAATGTATCTTATCCC-1,0.169205,0.017346,0.031314,0.283597,0.084572,0.253404,0.089175,0.057955,0.013431
AAATTAACGGGTAGCT-1,0.072866,0.020045,0.055526,0.150828,0.249404,0.150865,0.287937,0.003802,0.008725
AAATTAATAAGCGCGA-1,0.016659,0.000012,0.087456,0.518743,0.133509,0.058286,0.157353,0.019645,0.008336
AAATTACACGACTCTG-1,0.021114,0.015625,0.029058,0.0953,0.149748,0.222246,0.302525,0.016886,0.147497
AAATTACCTATCGATG-1,0.205979,0.003253,0.024938,0.131876,0.125696,0.138622,0.315979,0.033961,0.019696
AAATTCCAGGTCCAAA-1,0.264958,0.000026,0.069605,0.028725,0.105809,0.263734,0.155631,0.018133,0.09338
AAATTGATAGTCCTTT-1,0.022001,0.000018,0.019803,0.222206,0.071791,0.10981,0.146882,0.024467,0.383024
AAATTGCGGCGGTTCT-1,0.000029,0.000029,0.007999,0.008799,0.098054,0.31714,0.201459,0.000029,0.36646
AAATTGGTGAGAAGCA-1,0.164559,0.002122,0.033636,0.218936,0.123145,0.117405,0.095862,0.028038,0.216297
AAATTTACCGAAATCC-1,0.003329,0.000009,0.150979,0.588546,0.119487,0.022567,0.075195,0.025571,0.014317
AAATTTGCGGGTGTGG-1,0.201158,0.000008,0.256337,0.354706,0.058098,0.013326,0.020274,0.08537,0.010721
AACAACTGGTAGTTGC-1,0.020297,0.011294,0.054261,0.123808,0.159769,0.301126,0.167126,0.089284,0.073034
AACAATACATTGTCGA-1,0.072317,0.007197,0.209629,0.052398,0.066025,0.135039,0.072517,0.027588,0.35729
AACAATTACTCTACGC-1,0.034429,0.000014,0.109392,0.44034,0.098069,0.049111,0.107793,0.097986,0.062866
AACACACGCTCGCCGC-1,0.080404,0.000022,0.031958,0.246089,0.064059,0.232351,0.218243,0.012558,0.114317
AACACGACTGTACTGA-1,0.000013,0.000147,0.102141,0.53216,0.224154,0.035427,0.093721,0.001419,0.010818
AACACGAGACGCGGCC-1,0.269782,0.000025,0.007602,0.217488,0.00346,0.146659,0.005532,0.302077,0.047373
AACACGCGGCCGCGAA-1,0.004182,0.000022,0.122905,0.248008,0.178227,0.158021,0.194515,0.047869,0.04625
AACAGCTGTGTGGCAA-1,0.040631,0.012338,0.10331,0.127187,0.160524,0.228761,0.131909,0.027396,0.167944
AACAGGAAATCGAATA-1,0.006114,0.00001,0.083412,0.307683,0.152202,0.050488,0.108838,0.054824,0.23643
AACAGGATGGGCCGCG-1,0.399582,0.000018,0.000832,0.108436,0.035931,0.082713,0.108845,0.13712,0.126523
AACAGGTAGTATGGAT-1,0.907741,0.000109,0.000109,0.000219,0.000109,0.083134,0.000109,0.000109,0.008358
AACATAGCGTGTATCG-1,0.288441,0.000013,0.135901,0.424279,0.049195,0.007556,0.015883,0.066255,0.012477
AACATATCAACTGGTG-1,0.03757,0.016694,0.021882,0.016034,0.068489,0.267712,0.28766,0.106567,0.177392
AACATCGATACGTCTA-1,0.074659,0.011745,0.129892,0.04114,0.106481,0.223701,0.261962,0.035661,0.114759
AACATTGAAGTTGATC-1,0.079978,0.007552,0.046251,0.264385,0.286807,0.08032,0.128305,0.086285,0.020116
AACATTGGTCAGCCGT-1,0.000029,0.035398,0.179694,0.427233,0.07892,0.080164,0.104493,0.006354,0.087714
AACATTGTGACTCGAG-1,0.068245,0.009625,0.131968,0.58754,0.02495,0.009134,0.021259,0.098583,0.048698
AACCAAGACTTCTCTG-1,0.001198,0.012412,0.100416,0.378854,0.15014,0.063921,0.205593,0.020167,0.0673
AACCAGTATCACTCTT-1,0.048264,0.000027,0.083125,0.131784,0.162796,0.262661,0.288709,0.004519,0.018114
AACCATAGGGTTGAAC-1,0.002086,0.000012,0.116913,0.784415,0.033447,0.010068,0.017148,0.009716,0.026193
AACCATGGGATCGCTA-1,0.000036,0.010385,0.029809,0.118177,0.080822,0.125917,0.629263,0.000955,0.004635
AACCCAGAGACGGAGA-1,0.062364,0.003293,0.162008,0.601457,0.046504,0.021583,0.030063,0.020468,0.052259
AACCCATCCCATGATC-1,0.017969,0.000024,0.040444,0.308956,0.047231,0.061913,0.092926,0.093526,0.337012
AACCCGACAACCCGTG-1,0.059538,0.000021,0.138028,0.367865,0.203813,0.0643,0.15235,0.010985,0.003101
AACCCGAGCAGAATCG-1,0.73591,0.00008,0.140988,0.000604,0.061424,0.000226,0.002963,0.007474,0.050331
AACCCGATAGGGCTTC-1,0.242711,0.002618,0.000049,0.000098,0.000766,0.11812,0.00227,0.149024,0.484343
AACCCGCTGTATTCCA-1,0.049344,0.005343,0.073513,0.24581,0.114103,0.05657,0.131174,0.122603,0.20154
AACCCTACTGTCAATA-1,0.07059,0.02254,0.035753,0.085706,0.200183,0.260425,0.147952,0.172675,0.004177
AACCCTGGTGGAACCA-1,0.003762,0.000011,0.044867,0.29574,0.121048,0.046253,0.084842,0.033221,0.370256
AACCGAGCTTGGTCAT-1,0.050702,0.008671,0.05739,0.115318,0.225042,0.14324,0.225933,0.030744,0.142959
AACCGCTAAGGGATGC-1,0.149181,0.00226,0.111457,0.215292,0.150874,0.168258,0.127174,0.059284,0.016221
AACCGTTGTGTTTGCT-1,0.000009,0.00069,0.436976,0.477194,0.064428,0.004585,0.009159,0.001123,0.005836
AACCTCGCTTTAGCCC-1,0.098741,0.000017,0.080743,0.575561,0.075491,0.063164,0.093412,0.006289,0.006582
AACCTGTCACGGAATT-1,0.998302,0.000043,0.000043,0.000086,0.000043,0.000043,0.000043,0.000043,0.001352
AACCTTTAAATACGGT-1,0.000015,0.019777,0.135642,0.443937,0.15239,0.074261,0.135768,0.023791,0.014419
AACCTTTACGACGTCT-1,0.000037,0.000037,0.05649,0.076954,0.244064,0.337125,0.280525,0.002019,0.002748
AACGAAAGTCGTCCCA-1,0.012095,0.000015,0.095473,0.734511,0.021025,0.010435,0.03025,0.016008,0.08019
AACGACCTCCTAGCCG-1,0.770139,0.011249,0.000058,0.000116,0.000058,0.000058,0.000058,0.173681,0.044584
AACGATAATGCCGTAG-1,0.033597,0.050672,0.014806,0.123489,0.12557,0.401722,0.11785,0.104249,0.028045
AACGATAGAAGGGCCG-1,0.000018,0.01723,0.405607,0.059012,0.116726,0.173164,0.044647,0.018416,0.165179
AACGATATGTCAACTG-1,0.015583,0.009327,0.145802,0.40092,0.106771,0.018296,0.04216,0.005644,0.255497
AACGCATGATCTGGGT-1,0.027288,0.002534,0.112077,0.222944,0.2126,0.172321,0.198431,0.021594,0.030209
AACGCGAACGGCAACA-1,0.009092,0.000031,0.034974,0.018079,0.110484,0.465595,0.282368,0.006488,0.072889
AACGCGACCTTGGGCG-1,0.046671,0.002924,0.06113,0.471768,0.108703,0.052138,0.152676,0.098808,0.005182
AACGCGGTCTCCAGCC-1,0.093922,0.02434,0.006378,0.002692,0.030603,0.060882,0.079001,0.372985,0.329196
AACGCTGTTGCTGAAA-1,0.082438,0.008664,0.067781,0.232789,0.15652,0.174318,0.222692,0.011758,0.043041
AACGGACGTACGTATA-1,0.05298,0.000018,0.064135,0.608156,0.101079,0.051954,0.093912,0.027108,0.000657
AACGGCCATCTCCGGT-1,0.021464,0.000012,0.041661,0.444502,0.063258,0.041799,0.108905,0.011409,0.266989
AACGTACTGTGGGTAC-1,0.00057,0.000017,0.30544,0.230078,0.129151,0.128966,0.096484,0.091346,0.017947
AACGTCAGACTAGTGG-1,0.011171,0.000016,0.105256,0.384964,0.120489,0.078912,0.120509,0.027994,0.150687
AACGTCATCCGGCTTG-1,0.0144,0.000851,0.095858,0.480425,0.118773,0.072991,0.05702,0.053892,0.105791
AACGTCGCTGCACTTC-1,0.816001,0.000049,0.183609,0.000097,0.000049,0.000049,0.000049,0.000049,0.000049
AACGTGATGAAGGACA-1,0.00001,0.704951,0.111344,0.161797,0.011444,0.001865,0.008284,0.00001,0.000295
AACGTGCGAAAGTCTC-1,0.167437,0.000014,0.0308,0.360637,0.065142,0.056199,0.156098,0.108541,0.055131
AACGTTATCAGCACCT-1,0.010608,0.003125,0.621339,0.003623,0.04045,0.178859,0.052829,0.021421,0.067746
AACGTTCTACCATTGT-1,0.989596,0.000043,0.000043,0.000086,0.000043,0.000043,0.000043,0.010062,0.000043
AACTACCCGTTTGTCA-1,0.785447,0.020091,0.086877,0.018761,0.000057,0.000057,0.01648,0.070616,0.001613
AACTAGCGTATCGCAC-1,0.110684,0.000022,0.049726,0.393973,0.115803,0.039383,0.088318,0.046107,0.155984
AACTAGGCTTGGGTGT-1,0.036628,0.002594,0.067697,0.31807,0.145056,0.141812,0.222345,0.059718,0.00608
AACTCAAGTTAATTGC-1,0.051774,0.004666,0.056748,0.338143,0.138582,0.104027,0.212671,0.039929,0.053461
AACTCCTAATCCCATG-1,0.016238,0.000016,0.11254,0.476082,0.138191,0.045343,0.139433,0.03823,0.033928
AACTCGATAAACACGT-1,0.330502,0.000018,0.001669,0.017221,0.018402,0.035442,0.024607,0.479278,0.09286
AACTCGATGGCGCAGT-1,0.054116,0.000038,0.005593,0.117973,0.246915,0.29682,0.211297,0.034373,0.032874
AACTCTCAATAGAGCG-1,0.009736,0.000012,0.078855,0.702146,0.044051,0.019817,0.057071,0.060747,0.027565
AACTCTCAGTGTGCTC-1,0.019807,0.008697,0.07352,0.21713,0.089638,0.204761,0.279182,0.013954,0.09331
AACTGAGGTCAGCGTC-1,0.072678,0.001454,0.093624,0.302862,0.253191,0.0845,0.109778,0.034452,0.047461
AACTGAGTTATACTGA-1,0.864744,0.000106,0.000106,0.000212,0.000106,0.004427,0.000106,0.000106,0.130086
AACTGATATTAGGCCT-1,0.049394,0.000602,0.130762,0.136477,0.33097,0.064708,0.147215,0.04348,0.096392
AACTGGGTCCCGACGT-1,0.016055,0.002451,0.196582,0.015977,0.18849,0.16638,0.08738,0.024731,0.301953
AACTGGGTTCGAGCCG-1,0.00005,0.021601,0.115022,0.115032,0.029176,0.314851,0.361596,0.011922,0.03075
AACTGGTGTGGGCCTT-1,0.136441,0.004581,0.021489,0.165772,0.081909,0.17989,0.102251,0.119901,0.187766
AACTTCTGCGTCTATC-1,0.033287,0.005986,0.410085,0.114689,0.197101,0.123321,0.065826,0.004332,0.045374
AACTTGCCCGTATGCA-1,0.000867,0.001042,0.198104,0.266221,0.182223,0.053029,0.076121,0.027445,0.194949
AACTTGCGTTCTCGCG-1,0.000032,0.000039,0.094357,0.496707,0.123619,0.120081,0.144285,0.007706,0.013175
AACTTTACGGGAGCTT-1,0.075086,0.002981,0.059836,0.52915,0.124103,0.070997,0.086412,0.011455,0.039979
AACTTTAGCTGCTGAG-1,0.067273,0.000031,0.035619,0.283678,0.245873,0.154517,0.17662,0.012579,0.023811
AACTTTCTCGATCATG-1,0.975582,0.018799,0.000062,0.000124,0.000062,0.000062,0.000062,0.005183,0.000062
AAGAAAGTTTGATGGG-1,0.139596,0.010254,0.41435,0.003553,0.03809,0.066666,0.052813,0.011428,0.263249
AAGAAATCACCAGATT-1,0.85652,0.005609,0.000017,0.000033,0.000017,0.001345,0.000017,0.001758,0.134684
AAGAAGGATCAGTTAG-1,0.000025,0.000025,0.029178,0.02344,0.10066,0.173811,0.116264,0.000025,0.556572
AAGACATACGTGGTTT-1,0.515212,0.000035,0.484506,0.00007,0.000035,0.000035,0.000035,0.000035,0.000035
AAGACCAAATAACTCA-1,0.038336,0.000008,0.127101,0.773118,0.022371,0.004994,0.011144,0.012612,0.010317
AAGACCCAACTGAACA-1,0.033982,0.002123,0.121527,0.302213,0.115371,0.140435,0.141484,0.075332,0.067534
AAGACTAACCCGTTGT-1,0.018689,0.000021,0.020027,0.073439,0.123695,0.143692,0.087664,0.357942,0.174831
AAGACTGCAAGCTACT-1,0.125175,0.002771,0.028722,0.210025,0.245355,0.109971,0.115542,0.13363,0.028809
AAGAGATGAATCGGTA-1,0.012152,0.029564,0.093548,0.491842,0.09147,0.032069,0.120513,0.044605,0.084237
AAGAGCTCTTTATCGG-1,0.10441,0.000661,0.004788,0.145328,0.059907,0.034823,0.116369,0.174728,0.358986
AAGAGGATGTACGCGA-1,0.021769,0.006661,0.120863,0.30157,0.121656,0.172173,0.155437,0.082557,0.017313
AAGAGGCATGGATCGC-1,0.04923,0.00046,0.820179,0.073087,0.007621,0.001379,0.002023,0.041217,0.004803
AAGAGGCCCTTTGGAA-1,0.711448,0.000044,0.272754,0.009009,0.000044,0.000044,0.000044,0.006568,0.000044
AAGATGGCACCGGACC-1,0.04282,0.004208,0.227311,0.167176,0.051079,0.114196,0.182117,0.084085,0.127008
AAGATTGGCGGAACGT-1,0.039237,0.002012,0.090608,0.446724,0.101903,0.036697,0.069813,0.183693,0.029313
AAGCACCCTGCGTATC-1,0.02724,0.008197,0.378325,0.191385,0.17702,0.053675,0.112329,0.038454,0.013375
AAGCATACTCTCCTGA-1,0.006878,0.59557,0.214418,0.022476,0.030913,0.017297,0.02248,0.006763,0.083206
AAGCCACTTGCAGGTA-1,0.083633,0.006718,0.075421,0.160962,0.128305,0.082947,0.065017,0.123325,0.273672
AAGCCGAAGCGGTTTA-1,0.772397,0.000075,0.000075,0.00015,0.000075,0.070975,0.028817,0.026139,0.101296
AAGCCGCCGTGAAATC-1,0.003728,0.003012,0.014148,0.158545,0.013071,0.050383,0.028589,0.483367,0.245157
AAGCCGCTTTACCTTG-1,0.487648,0.01992,0.138418,0.173705,0.025097,0.055015,0.028523,0.046863,0.024811
AAGCCGGAGAGCAGGA-1,0.420878,0.004501,0.574417,0.000058,0.000029,0.000029,0.000029,0.000029,0.000029
AAGCGCAGGGCTTTGA-1,0.005498,0.014713,0.233393,0.033658,0.025911,0.094078,0.028934,0.51071,0.053105
AAGCGGAGTGCGCGCA-1,0.435171,0.000833,0.022109,0.057409,0.204997,0.072539,0.075206,0.034405,0.097332
AAGCGGCGTCATGGGT-1,0.005105,0.010198,0.041883,0.420614,0.068544,0.116636,0.081339,0.188823,0.066858
AAGCGTCCCTCATCGA-1,0.000018,0.00543,0.389909,0.062038,0.024464,0.069532,0.057758,0.107874,0.282978
AAGCTAGATCGAGTAA-1,0.037336,0.048137,0.03187,0.131082,0.08965,0.113038,0.273003,0.122849,0.153034
AAGCTATGGATTGACC-1,0.032046,0.000027,0.24836,0.22879,0.057303,0.08518,0.038108,0.057496,0.252691
AAGCTCGTGCCAAGTC-1,0.13716,0.000021,0.068475,0.254992,0.184445,0.056495,0.061891,0.079136,0.157385
AAGCTCTTTCATGGTG-1,0.060174,0.00004,0.011666,0.061273,0.081566,0.275593,0.375241,0.005639,0.128808
AAGGAGAACTTATAAG-1,0.13008,0.001589,0.131345,0.255753,0.181632,0.068215,0.211023,0.008622,0.011741
AAGGAGCGGTTGGTGC-1,0.010067,0.004367,0.106319,0.501219,0.133593,0.077907,0.103368,0.03279,0.030371
AAGGATCGATCGCTTG-1,0.157203,0.007624,0.019297,0.149582,0.041785,0.092418,0.256323,0.088341,0.187427
AAGGATGAGGGACCTC-1,0.000013,0.000012,0.073177,0.652358,0.072398,0.022912,0.079202,0.030154,0.069773
AAGGCAGGCTGTCTCC-1,0.923295,0.007842,0.000097,0.000193,0.000097,0.000097,0.000097,0.000097,0.068187
AAGGCGCGTAAAGCTT-1,0.021751,0.01923,0.079201,0.269664,0.172606,0.121363,0.162645,0.082545,0.070996
AAGGCTGTGCTCATCG-1,0.019828,0.036537,0.046668,0.340769,0.159244,0.208304,0.109958,0.047553,0.031139
AAGGGAACGACTGGCT-1,0.110785,0.012884,0.022266,0.405119,0.160817,0.11464,0.073615,0.030862,0.069012
AAGGGACAGATTCTGT-1,0.097443,0.000023,0.032749,0.093322,0.0346,0.065578,0.101856,0.414279,0.160151
AAGGGACTATGCATTC-1,0.015165,0.066397,0.008455,0.046681,0.044708,0.095198,0.082103,0.008871,0.632422
AAGGGTTAGCCATGCG-1,0.520671,0.000027,0.411843,0.000055,0.001639,0.000027,0.000057,0.000674,0.065006
AAGGGTTTGATTTCAG-1,0.145832,0.000028,0.034748,0.4721,0.118076,0.05979,0.13451,0.018653,0.016263
AAGGTATCCTAATATA-1,0.001347,0.003865,0.079933,0.352552,0.090719,0.105395,0.064067,0.235099,0.067025
AAGGTGATAAACCAGC-1,0.000013,0.000013,0.198589,0.484646,0.163547,0.041803,0.064142,0.037496,0.009751
AAGTAGTGACGCGAGG-1,0.017417,0.038314,0.026657,0.099107,0.057937,0.209121,0.101458,0.209891,0.240097
AAGTCAATTGTCGTCA-1,0.060058,0.009308,0.059862,0.687219,0.047,0.04618,0.080184,0.009411,0.000777
AAGTCTAGTAGCTGCC-1,0.734177,0.039346,0.003,0.000084,0.002086,0.047345,0.012313,0.02991,0.131739
AAGTCTTCTGTGGCCT-1,0.000032,0.000032,0.00018,0.050145,0.008882,0.103211,0.029377,0.000032,0.808111
AAGTGACGACCGAATT-1,0.055721,0.003,0.067118,0.4615,0.12287,0.098813,0.157218,0.021418,0.012341
AAGTGAGTCGGGTTTA-1,0.000019,0.000019,0.013631,0.257666,0.049033,0.180956,0.070262,0.019873,0.40854
AAGTGCAAAGGTAGAC-1,0.044011,0.003721,0.000026,0.000052,0.009453,0.09385,0.108965,0.582939,0.156983
AAGTGCCTTGACTGTA-1,0.173104,0.003092,0.092731,0.295304,0.270406,0.026877,0.081884,0.046404,0.010199
AAGTGCGTTAGAATCT-1,0.300403,0.000032,0.075966,0.09868,0.113271,0.157662,0.028669,0.180911,0.044406
AAGTGCTTCTCTATTG-1,0.001679,0.006102,0.103724,0.166145,0.108005,0.179738,0.15013,0.076178,0.2083
AAGTGTTTGGAGACGG-1,0.217562,0.000018,0.053034,0.53132,0.081852,0.028065,0.062998,0.025016,0.000136
AAGTTCACTCCAAGCT-1,0.048881,0.00552,0.018753,0.20543,0.096974,0.310768,0.068956,0.207493,0.037227
AAGTTCAGTCTGCGTA-1,0.000898,0.006564,0.068616,0.557227,0.107009,0.038253,0.052293,0.168931,0.000209
AAGTTCGGCCAACAGG-1,0.116547,0.000522,0.113835,0.517107,0.067727,0.067619,0.03687,0.067856,0.011917
AAGTTGTGATGTTATA-1,0.967896,0.000065,0.000065,0.000129,0.000065,0.029084,0.000065,0.002538,0.000093
AAGTTTACTAATGGCA-1,0.02179,0.031935,0.096096,0.133279,0.446061,0.000131,0.007274,0.000131,0.263304
AAGTTTATGGGCCCAA-1,0.046981,0.032169,0.179463,0.170021,0.053556,0.272068,0.105904,0.002275,0.137563
AATAACAACGCTCGGC-1,0.009053,0.003822,0.121732,0.62905,0.083655,0.026255,0.069082,0.044484,0.012868
AATAACACTAGAACAA-1,0.013737,0.001112,0.297462,0.176112,0.071664,0.089399,0.102699,0.195941,0.051873
AATAACGTCGCGCCCA-1,0.704077,0.000026,0.252895,0.009452,0.00336,0.000026,0.000026,0.004491,0.025649
AATAAGTCCTCGAGAC-1,0.021926,0.004385,0.059182,0.284673,0.186892,0.138326,0.096472,0.054343,0.153801
AATAATCTTCGTATCG-1,0.952961,0.000096,0.000096,0.000192,0.046271,0.000096,0.000096,0.000096,0.000096
AATACAATGTTTCAGG-1,0.000033,0.000033,0.065891,0.308014,0.205846,0.082746,0.243185,0.015381,0.07887
AATACCGGAGGGCTGT-1,0.00868,0.000024,0.058068,0.120167,0.058068,0.119331,0.063107,0.010221,0.562334
AATACCTGATGTGAAC-1,0.902722,0.004995,0.000082,0.000165,0.0077,0.084089,0.000082,0.000082,0.000082
AATAGAACAGAGTGGC-1,0.027804,0.011062,0.098105,0.603772,0.096903,0.04396,0.078669,0.029134,0.01059
AATAGAATCTGTTTCA-1,0.020398,0.003603,0.078894,0.61737,0.114027,0.057761,0.081708,0.026115,0.000124
AATAGCAAGCCTCCTG-1,0.263406,0.000014,0.004805,0.031937,0.003977,0.023722,0.010514,0.562483,0.099143
AATAGCTACCGCGTGC-1,0.000208,0.006797,0.107053,0.464382,0.239142,0.038183,0.083821,0.010109,0.050305
AATAGGCACGACCCTT-1,0.058398,0.000036,0.117145,0.493016,0.045966,0.012978,0.01994,0.032832,0.219687
AATAGTCCGTCCCGAC-1,0.028347,0.00002,0.061776,0.304317,0.171099,0.190259,0.09705,0.141024,0.006109
AATAGTCGCGAGTCGG-1,0.116766,0.006358,0.418798,0.02763,0.024499,0.082243,0.04699,0.043089,0.233627
AATATCAAGGTCGGAT-1,0.000023,0.008749,0.156144,0.188109,0.28936,0.154533,0.11082,0.038677,0.053585
AATATCCTAGCAAACT-1,0.111866,0.062154,0.094018,0.227148,0.024356,0.29367,0.05139,0.098015,0.037384
AATATCGAATCAATGC-1,0.826436,0.000077,0.000077,0.000154,0.000077,0.004208,0.000077,0.010694,0.158199
AATATCGAGGGTTCTC-1,0.074301,0.021843,0.041026,0.257077,0.110237,0.13726,0.266056,0.018204,0.073995
AATATTGGAGTATTGA-1,0.002688,0.006716,0.081546,0.546836,0.02108,0.050981,0.201491,0.046492,0.042171
AATCAGACTGCAGGAC-1,0.000029,0.000029,0.061152,0.036515,0.077891,0.273132,0.164966,0.008276,0.378009
AATCAGGTTTCATTTA-1,0.101921,0.030568,0.005404,0.062211,0.029995,0.09649,0.034646,0.533388,0.105376
AATCATGTAAAGACTC-1,0.172536,0.002586,0.040782,0.270445,0.175799,0.144307,0.141479,0.02416,0.027905
AATCCAAGGGCCTGAG-1,0.000014,0.010466,0.08601,0.503056,0.086361,0.072179,0.11655,0.095734,0.02963
AATCCATGCAAGGGTG-1,0.000032,0.000032,0.108212,0.123246,0.150485,0.285227,0.21728,0.000032,0.115455
AATCCCGCTCAGAGCC-1,0.016232,0.008114,0.143317,0.556607,0.114294,0.047918,0.074663,0.023809,0.015045
AATCGAGGTCTCAAGG-1,0.251235,0.00002,0.262144,0.162022,0.021383,0.028088,0.013282,0.1916,0.070227
AATCGCCTCAGCGCCA-1,0.002085,0.000014,0.079048,0.665231,0.050562,0.018816,0.052616,0.019141,0.112487
AATCGCGCAGAGGACT-1,0.915903,0.000059,0.002401,0.000118,0.000059,0.000059,0.018154,0.003579,0.059668
AATCGGGACACTACGA-1,0.000018,0.000018,0.131938,0.420393,0.074253,0.035799,0.04612,0.017914,0.273546
AATCGGTATAGCCCTC-1,0.604385,0.000041,0.395286,0.000082,0.000041,0.000041,0.000041,0.000041,0.000041
AATCGTGAGCCGAGCA-1,0.125092,0.002704,0.027176,0.042171,0.116565,0.373672,0.084313,0.005516,0.222791
AATCTAGGTTTACTTG-1,0.192851,0.00002,0.03589,0.412046,0.082413,0.074784,0.134135,0.056938,0.010923
AATCTATGCCGGAGCC-1,0.031865,0.01383,0.040776,0.112594,0.069248,0.35261,0.152032,0.151035,0.07601
AATCTCTACTGTGGTT-1,0.038386,0.000026,0.105005,0.076655,0.088632,0.220955,0.13072,0.198503,0.141117
AATCTGCGTTGGGACG-1,0.043136,0.000034,0.048563,0.037259,0.09699,0.389552,0.311243,0.015992,0.057231
AATCTGGCTTTCTAGT-1,0.672638,0.000018,0.000018,0.043846,0.018148,0.109152,0.061872,0.055058,0.039249
AATCTGGGTAGACCCT-1,0.000023,0.000023,0.018681,0.020001,0.052311,0.486681,0.261432,0.001141,0.159706
AATGACAGCAATGTCT-1,0.502931,0.000024,0.000024,0.011453,0.00259,0.312161,0.00638,0.106267,0.058169
AATGACGTAGGATGTC-1,0.046392,0.003073,0.074907,0.532203,0.113045,0.022143,0.115275,0.066939,0.026022
AATGACTGTCAGCCGG-1,0.062148,0.011996,0.126151,0.71584,0.041627,0.007672,0.019698,0.014038,0.00083
AATGAGTTCGCATATG-1,0.032251,0.006247,0.103824,0.351667,0.194,0.043116,0.251832,0.006198,0.010865
AATGATGATACGCTAT-1,0.000022,0.013639,0.161313,0.29261,0.109993,0.082954,0.148919,0.033582,0.156968
AATGATGCGACTCCTG-1,0.020996,0.061489,0.10359,0.515784,0.033835,0.018798,0.104732,0.132056,0.008719
AATGCAACCGGGTACC-1,0.000017,0.137268,0.058836,0.031977,0.080946,0.084815,0.089857,0.0106,0.505684
AATGCACCAAGCAATG-1,0.027955,0.011737,0.045231,0.120403,0.135729,0.295357,0.240712,0.004942,0.117934
AATGGTCCACCGTTCA-1,0.086191,0.000026,0.01886,0.173852,0.135666,0.216057,0.256193,0.044226,0.068928
AATGGTTCTCACAAGC-1,0.011756,0.16209,0.327654,0.063544,0.077651,0.156135,0.104438,0.00785,0.088881
AATGTATGGCACTGTA-1,0.00971,0.000029,0.022457,0.352125,0.029768,0.055877,0.027695,0.015397,0.486943
AATGTGCCCGAGGTGT-1,0.645338,0.000016,0.000017,0.044617,0.05185,0.082313,0.057034,0.022388,0.096427
AATGTGCTAATCTGAG-1,0.060161,0.000018,0.081155,0.392587,0.05894,0.06101,0.183183,0.024574,0.138372
AATGTTAAGACCCTGA-1,0.121517,0.000011,0.258372,0.000023,0.000011,0.000011,0.000011,0.589758,0.030286
AATGTTGTCGTGAGAC-1,0.974525,0.000062,0.000062,0.000124,0.000062,0.000062,0.000062,0.014932,0.01011
AATTAAAGGTCGGCGT-1,0.010005,0.021249,0.118013,0.502546,0.074095,0.103861,0.104285,0.041431,0.024517
AATTAACGGATTTCCA-1,0.07967,0.022111,0.098844,0.20282,0.138084,0.180501,0.166036,0.026441,0.085491
AATTACGAGACCCATC-1,0.053485,0.000029,0.041991,0.463579,0.12021,0.135246,0.085172,0.028848,0.07144
AATTACTCGTACGCTC-1,0.05862,0.002762,0.061707,0.377149,0.122651,0.061062,0.149947,0.031242,0.134859
AATTAGCGCTGCAGCG-1,0.025912,0.003787,0.138974,0.703945,0.042981,0.008564,0.033673,0.040681,0.001483
AATTATACCCAGCAAG-1,0.708591,0.000024,0.254481,0.000048,0.000024,0.000024,0.001364,0.003884,0.031561
AATTCATAAGGGATCT-1,0.064235,0.058438,0.163407,0.393045,0.042109,0.034304,0.155812,0.053674,0.034977
AATTCATTGTCATGCA-1,0.060849,0.000014,0.058099,0.872124,0.003251,0.000014,0.001265,0.004369,0.000014
AATTCCAACTTGGTGA-1,0.039826,0.000052,0.025766,0.008795,0.125701,0.564231,0.146289,0.036167,0.053175
AATTCCAAGCATGTAC-1,0.074161,0.000036,0.107651,0.132914,0.166072,0.399412,0.090724,0.017529,0.011501
AATTCGATTCGAGGAT-1,0.049797,0.000061,0.10525,0.087603,0.112392,0.303406,0.166793,0.024327,0.150371
AATTCTAGAGTTAGGC-1,0.023544,0.00662,0.146517,0.41468,0.094398,0.026066,0.146857,0.125876,0.015441
AATTGAACGCTCTGGT-1,0.075994,0.007147,0.018821,0.425058,0.106045,0.125155,0.169842,0.071886,0.000051
AATTGCAGCAATCGAC-1,0.773512,0.000044,0.207117,0.003865,0.004977,0.001696,0.0008,0.002289,0.005701
AATTGCGTGGATTACA-1,0.030918,0.000021,0.074893,0.822002,0.047959,0.000123,0.009281,0.014731,0.000073
AATTGTGGTTGCCAAA-1,0.685611,0.000063,0.312546,0.001468,0.000063,0.000063,0.000063,0.000063,0.000063
AATTTGGGACATAGTA-1,0.001128,0.000032,0.094994,0.04951,0.168041,0.338651,0.1632,0.004747,0.179699
AATTTGGTTCCAAAGA-1,0.002979,0.000018,0.032375,0.159327,0.265252,0.158101,0.147861,0.004018,0.23007
ACAAACCATGCGTCCT-1,0.314115,0.000014,0.012367,0.104945,0.122546,0.218463,0.064226,0.018052,0.145271
ACAAACTCCATCAGAG-1,0.091973,0.000008,0.148384,0.537688,0.059689,0.013772,0.032986,0.077632,0.037868
ACAAAGAAGGTAGGCC-1,0.068345,0.000043,0.000043,0.036519,0.002578,0.595577,0.06087,0.22086,0.015166
ACAAAGCATGACCTAG-1,0.89134,0.004084,0.000029,0.000058,0.000029,0.061575,0.009165,0.008318,0.025401
ACAAATCGCACCGAAT-1,0.006079,0.000096,0.060276,0.645499,0.058368,0.078499,0.106904,0.032534,0.011743
ACAAATGGTAGTGTTT-1,0.003205,0.00066,0.668478,0.065344,0.052094,0.079403,0.095723,0.030744,0.004348
ACAAATTCAGATCTGA-1,0.000023,0.000023,0.046796,0.271484,0.18507,0.200854,0.209581,0.009063,0.077107
ACAACAGCATGAGCTA-1,0.365453,0.003532,0.018949,0.073829,0.13165,0.054225,0.06341,0.086689,0.202264
ACAACGGTCCCTGCGA-1,0.019607,0.005748,0.053424,0.13619,0.221179,0.296966,0.236228,0.006319,0.024338
ACAAGCAGTGCCTAGC-1,0.016991,0.007182,0.301466,0.383264,0.084013,0.033169,0.072339,0.049672,0.051903
ACAAGCTATATGGAAG-1,0.040385,0.000009,0.246523,0.601346,0.016037,0.001011,0.002356,0.03405,0.058284
ACAAGGAAATCCGCCC-1,0.121246,0.013106,0.028252,0.438198,0.111687,0.085317,0.101184,0.094029,0.006981
ACAAGGACAAGAGGTT-1,0.31066,0.003426,0.011969,0.172358,0.10823,0.148854,0.105191,0.066882,0.072429
ACAAGGATGCTTTAGG-1,0.086662,0.004536,0.092179,0.219429,0.129804,0.218131,0.181076,0.065865,0.002317
ACAAGGCCTACCAGCC-1,0.024641,0.000031,0.035329,0.366031,0.214997,0.179503,0.09553,0.049489,0.034448
ACAAGGGCAGGCTCTG-1,0.014363,0.000028,0.11491,0.279987,0.19309,0.186886,0.140039,0.067379,0.003318
ACAAGTAATTGTAAGG-1,0.141957,0.001001,0.067591,0.375118,0.049634,0.033995,0.025764,0.058322,0.246618
ACAATAGTCGTACGTT-1,0.585187,0.005973,0.000023,0.139103,0.020208,0.053209,0.044397,0.070294,0.081606
ACAATCCATTTAAACC-1,0.00001,0.002186,0.132263,0.475748,0.051222,0.014918,0.030459,0.007319,0.285874
ACAATGAATACGGAGA-1,0.112958,0.000013,0.088014,0.47234,0.182442,0.021614,0.082656,0.029192,0.010771
ACAATGATTCTTCTAC-1,0.018568,0.000473,0.090045,0.468028,0.128355,0.06649,0.078676,0.033395,0.11597
ACAATTGTGTCTCTTT-1,0.010951,0.003462,0.023785,0.09386,0.016481,0.046204,0.243264,0.204614,0.357379
ACAATTTAGGAGGCTC-1,0.041933,0.01159,0.135813,0.111486,0.044411,0.037083,0.046935,0.082877,0.487872
ACAATTTGAGCAGTGG-1,0.089355,0.000023,0.031419,0.224085,0.149815,0.173547,0.148124,0.068301,0.115331
ACAATTTGGCCATATT-1,0.999303,0.000077,0.000077,0.000155,0.000077,0.000077,0.000077,0.000077,0.000077
ACACAAAGACGGGTGG-1,0.049971,0.010562,0.048159,0.403393,0.094452,0.061354,0.161702,0.044929,0.125478
ACACAAATATTCCTAG-1,0.18944,0.000024,0.089719,0.239761,0.138565,0.094828,0.211185,0.016139,0.020338
ACACACCAGGACCAGT-1,0.035277,0.001286,0.153025,0.303753,0.098037,0.166947,0.103673,0.006362,0.13164
ACACACTTTCTACACG-1,0.000018,0.002481,0.102208,0.189094,0.158592,0.084392,0.119073,0.010905,0.333235
ACACATGATCAAATCT-1,0.0067,0.000007,0.091829,0.686632,0.019985,0.004589,0.010226,0.178701,0.001332
ACACATTGACGCAACA-1,0.000033,0.001902,0.061176,0.118607,0.249064,0.272101,0.13991,0.056113,0.101095
ACACATTTCCGTAGAC-1,0.001124,0.000017,0.097985,0.584636,0.079418,0.025807,0.033508,0.009688,0.167816
ACACCACATAATTAGC-1,0.277954,0.006436,0.030184,0.153991,0.069357,0.202422,0.17216,0.02505,0.062446
ACACCCAGCATGCAGC-1,0.000025,0.063142,0.146627,0.489354,0.076588,0.038714,0.082057,0.102928,0.000565
ACACCCGAGAAATCCG-1,0.000012,0.022045,0.152085,0.571868,0.074598,0.035435,0.115807,0.009164,0.018987
ACACCGAGCGCTCTTT-1,0.000018,0.0022,0.076111,0.307037,0.240837,0.052181,0.06628,0.023665,0.231671
ACACCGGTCTGACCGC-1,0.116797,0.000023,0.002075,0.066238,0.075313,0.336729,0.079181,0.126855,0.19679
ACACCTTAAGTAGGGC-1,0.015373,0.001032,0.084489,0.816436,0.01906,0.002049,0.009464,0.050738,0.001359
ACACCTTACTACTTGC-1,0.321836,0.002818,0.011116,0.347425,0.056595,0.020476,0.13832,0.027244,0.074171
ACACGAGACTCCTTCT-1,0.573616,0.013389,0.000025,0.025176,0.054414,0.091038,0.029684,0.053847,0.15881
ACACGGCACTATGCAT-1,0.006117,0.000017,0.07829,0.19474,0.297085,0.076421,0.06885,0.063151,0.215328
ACACGGGAACTTAGGG-1,0.000965,0.00002,0.046081,0.179006,0.154972,0.02895,0.106558,0.013622,0.469825
ACACGTAGGCCACAAG-1,0.772852,0.000072,0.145523,0.001957,0.005675,0.000072,0.005725,0.000072,0.068053
ACACTCCAATGTCACT-1,0.00004,0.009191,0.118186,0.409623,0.208468,0.078333,0.123434,0.00004,0.052686
ACACTGATCAAGGTGT-1,0.037603,0.016264,0.069107,0.405439,0.119655,0.144559,0.100905,0.019378,0.087091
ACACTGGGACAGTCGT-1,0.923062,0.00011,0.00011,0.00022,0.00011,0.00011,0.00011,0.00011,0.076058
ACAGAACTGAGAACAA-1,0.455197,0.00405,0.002972,0.065339,0.046459,0.15554,0.122355,0.084889,0.063199
ACAGATTAGGTTAGTG-1,0.045565,0.000032,0.073077,0.0807,0.209576,0.155905,0.11811,0.041361,0.275675
ACAGCATAGAGCCAGT-1,0.044842,0.000022,0.038375,0.127156,0.293918,0.173181,0.092356,0.028014,0.202136
ACAGCGACATTCTCAT-1,0.481749,0.000035,0.011017,0.341399,0.038791,0.022414,0.057922,0.046638,0.000035
ACAGCGCACCCGCAGC-1,0.087073,0.015442,0.150879,0.314564,0.115758,0.095625,0.172635,0.038771,0.009255
ACAGGAGGCGCAGCCG-1,0.000644,0.003969,0.058628,0.390282,0.118248,0.080033,0.100819,0.009286,0.238091
ACAGGCACGGATCCTT-1,0.872664,0.000042,0.000042,0.000085,0.003942,0.011783,0.005003,0.004558,0.101881
ACAGGCTTGCCCGACT-1,0.012303,0.009975,0.000025,0.070361,0.017812,0.108523,0.105831,0.006706,0.668464
ACAGGTGGAGGTGAGG-1,0.007434,0.011473,0.303078,0.248778,0.082456,0.089589,0.11145,0.05387,0.091872
ACAGGTGTGTTGTTGC-1,0.132759,0.000051,0.120452,0.175515,0.073526,0.341134,0.040276,0.028665,0.087623
ACAGTAATACAACTTG-1,0.212708,0.004795,0.011848,0.203505,0.016443,0.471072,0.010515,0.068976,0.000138
ACAGTATACCGTGGGA-1,0.094613,0.011028,0.077506,0.153164,0.08508,0.240299,0.219185,0.058456,0.060671
ACATAAGTCGTGGTGA-1,0.136163,0.000035,0.003353,0.097543,0.116454,0.176327,0.075767,0.252105,0.142254
ACATAATAAGGCGGTG-1,0.104929,0.004735,0.000018,0.000035,0.000018,0.000018,0.000018,0.879036,0.011194
ACATACAATCAAGCGG-1,0.988638,0.000035,0.0051,0.00007,0.000035,0.000035,0.000035,0.00411,0.001942
ACATCAGCTGGGACGC-1,0.06269,0.005936,0.029921,0.171917,0.190917,0.201959,0.11499,0.067451,0.154219
ACATCCCGGCCATACG-1,0.020014,0.000021,0.14336,0.085662,0.146782,0.158502,0.14278,0.064935,0.237945
ACATCCTGGTAACTGT-1,0.129856,0.001137,0.005358,0.068811,0.126961,0.214125,0.335628,0.087953,0.030171
ACATCGATCGTTTACC-1,0.460187,0.013969,0.004545,0.036023,0.017243,0.154205,0.111866,0.08508,0.116881
ACATCGCAATATTCGG-1,0.21968,0.000012,0.058558,0.094128,0.029372,0.039265,0.031327,0.274218,0.25344
ACATCGGTCAGCCGCG-1,0.000013,0.001707,0.080649,0.265946,0.040321,0.086872,0.063952,0.258209,0.202332
ACATCGTATGCAATGG-1,0.049523,0.000029,0.060129,0.229846,0.125356,0.171264,0.336001,0.012837,0.015014
ACATCGTTAACCTAGT-1,0.000017,0.033419,0.043905,0.268045,0.109082,0.107325,0.087175,0.027498,0.323532
ACATCTCAACGCGTAA-1,0.000024,0.019121,0.066997,0.171177,0.093022,0.142477,0.30666,0.010188,0.190333
ACATGCTTACGGCAGC-1,0.262225,0.000025,0.020475,0.259529,0.060639,0.133891,0.101201,0.015501,0.146513
ACATGGCGCCAAAGTA-1,0.130159,0.00002,0.039581,0.343313,0.107194,0.140359,0.152489,0.058569,0.028316
ACATGGCTCAATTTAG-1,0.00002,0.00002,0.111625,0.754065,0.075349,0.013066,0.045769,0.000066,0.00002
ACATTAGTTTATATCC-1,0.039287,0.00227,0.014327,0.06293,0.098128,0.237407,0.282241,0.055109,0.2083
ACATTCGCGCGGAATA-1,0.525536,0.005818,0.028372,0.044188,0.077395,0.065617,0.060341,0.034104,0.158628
ACATTTGAAACCTAAC-1,0.767682,0.000044,0.176498,0.009482,0.028563,0.004797,0.001565,0.011326,0.000044
ACCAAACACCCAGCGA-1,0.001929,0.000005,0.931101,0.000009,0.000005,0.000005,0.000005,0.066591,0.000351
ACCAAACTAGAAATCC-1,0.001451,0.000032,0.051821,0.222486,0.296131,0.235539,0.161692,0.004859,0.025989
ACCAACACCACACACT-1,0.022857,0.000025,0.059378,0.482478,0.144093,0.09951,0.156387,0.023062,0.01221
ACCAACCGCACTCCAC-1,0.832064,0.007824,0.000047,0.000094,0.023073,0.043186,0.029734,0.0121,0.051878
ACCAACGCTTATTTAT-1,0.003641,0.00694,0.124855,0.594162,0.09016,0.034939,0.123474,0.011432,0.010396
ACCAAGAACGCGTGTC-1,0.000535,0.000015,0.111787,0.361409,0.106479,0.097184,0.089846,0.036831,0.195913
ACCAAGTCATCGGCAG-1,0.783315,0.000036,0.2164,0.000071,0.000036,0.000036,0.000036,0.000036,0.000036
ACCAATATGCAAGTTA-1,0.047173,0.00004,0.054506,0.124731,0.120823,0.183716,0.268176,0.077432,0.123403
ACCACAACTCAGAACA-1,0.000016,0.018896,0.070903,0.162043,0.123313,0.13147,0.210279,0.012899,0.270182
ACCACAAGTTTCTATC-1,0.000012,0.001329,0.062241,0.491703,0.016428,0.004117,0.032243,0.387897,0.00403
ACCACACGGTTGATGG-1,0.079381,0.005603,0.423703,0.367703,0.030749,0.012036,0.023816,0.048047,0.008963
ACCACCAATGTAACAA-1,0.204349,0.000023,0.00708,0.032642,0.060659,0.296799,0.078186,0.002843,0.31742
ACCACCCTCTCTTCTA-1,0.218501,0.007063,0.10174,0.55775,0.07223,0.006148,0.025451,0.006486,0.004632
ACCACGTGCAGCTATA-1,0.056123,0.001686,0.089461,0.469438,0.162442,0.03884,0.149962,0.020109,0.011939
ACCACTGTTCAAGAAG-1,0.004881,0.062646,0.017979,0.118865,0.211966,0.242924,0.319537,0.000024,0.021178
ACCAGACCATAACAAC-1,0.000506,0.000224,0.125461,0.629281,0.072324,0.033791,0.03775,0.065774,0.034888
ACCAGCCCGGTCTTTG-1,0.000025,0.012434,0.190947,0.386548,0.154057,0.050864,0.171755,0.025343,0.008029
ACCAGGAGTGTGATCT-1,0.102931,0.000756,0.065282,0.108426,0.095824,0.287819,0.107211,0.19906,0.03269
ACCAGTGCCCGGTCAA-1,0.005214,0.000019,0.019907,0.051173,0.190298,0.28641,0.222265,0.004943,0.219769
ACCAGTGCGGGAGACG-1,0.028487,0.000015,0.079226,0.653019,0.088562,0.024136,0.090619,0.029087,0.006849
ACCATATCCGCAATAA-1,0.042124,0.001523,0.082429,0.392215,0.071942,0.062891,0.229976,0.058376,0.058525
ACCATCCGCCAACTAG-1,0.155138,0.00465,0.036696,0.232353,0.026343,0.316344,0.022212,0.20479,0.001473
ACCATCGTATATGGTA-1,0.007026,0.003478,0.064346,0.268975,0.111862,0.164632,0.203303,0.048012,0.128366
ACCATTAAGGGTGTCA-1,0.018331,0.00004,0.013499,0.097422,0.098829,0.449063,0.195311,0.027292,0.100213
ACCCAACGCCCGTGGC-1,0.042702,0.000014,0.064367,0.700814,0.076553,0.014122,0.069484,0.03186,0.000083
ACCCACCTACATGCTC-1,0.00807,0.008235,0.246023,0.351611,0.154527,0.081834,0.116662,0.019464,0.013574
ACCCATCTTGAGGGTA-1,0.037147,0.016387,0.129634,0.42182,0.089884,0.116486,0.076857,0.075936,0.03585
ACCCATTTGTCCCTCT-1,0.760032,0.000075,0.019456,0.00015,0.008208,0.062389,0.04154,0.000075,0.108075
ACCCGAGCGAAATTAC-1,0.228676,0.0275,0.01616,0.201483,0.079281,0.11514,0.087534,0.05975,0.184477
ACCCGATTGGTTCCGA-1,0.016138,0.019748,0.018503,0.141706,0.033225,0.094769,0.095942,0.419235,0.160734
ACCCGGAAACTCCCAG-1,0.04332,0.02052,0.133103,0.443132,0.104717,0.024945,0.172454,0.053903,0.003906
ACCCGGAGCACCACAA-1,0.999316,0.000076,0.000076,0.000152,0.000076,0.000076,0.000076,0.000076,0.000076
ACCCGGATGACGCATC-1,0.031337,0.000022,0.081147,0.442512,0.253472,0.034564,0.130894,0.023738,0.002314
ACCCGGTTACACTTCC-1,0.042947,0.018292,0.045874,0.186059,0.094238,0.212796,0.211822,0.169925,0.018047
ACCCGTAGCAGAGAAT-1,0.064587,0.003522,0.002394,0.009196,0.006079,0.144732,0.01174,0.547267,0.210483
ACCCGTAGTCTAGTTG-1,0.999038,0.000107,0.000107,0.000214,0.000107,0.000107,0.000107,0.000107,0.000107
ACCCGTGTCATCAGTA-1,0.042634,0.004245,0.031097,0.327933,0.105564,0.135614,0.188165,0.018618,0.146131
ACCCTATAGGACTGAG-1,0.003719,0.000043,0.243193,0.045289,0.146528,0.310891,0.107133,0.03108,0.112124
ACCCTATGCCATATCG-1,0.007025,0.000012,0.20657,0.660362,0.058907,0.008754,0.029086,0.025824,0.00346
ACCCTCCCGTCAGGGC-1,0.723966,0.01419,0.175352,0.008393,0.000553,0.000031,0.000031,0.039401,0.038082
ACCCTCCCTTGCTATT-1,0.027953,0.003151,0.099843,0.526348,0.125125,0.045141,0.13705,0.035364,0.000026
