Barcode,Topic 1,Topic 2,Topic 3,Topic 4,Topic 5to8,Topic 9to10,Topic 11to12
AAACAAGTATCTCCCA-1,0.00001,0.034929,0.012244,0.007494,0.086868,0.738387,0.120069
AAACAATCTACTAGCA-1,0.004007,0.100959,0.078896,0.063869,0.343321,0.284525,0.124424
AAACACCAATAACTGC-1,0.007808,0.064541,0.000292,0.203331,0.302776,0.402215,0.019038
AAACAGAGCGACTCCT-1,0.612633,0.000522,0.169335,0.214916,0.001297,0.000649,0.000649
AAACAGCTTTCAGAAG-1,0.013398,0.019614,0.026771,0.086129,0.705624,0.133135,0.015328
AAACAGGGTCTATATT-1,0.02318,0.014447,0.00001,0.005483,0.185983,0.755721,0.015177
AAACAGTGTTCCTGGG-1,0.013333,0.046527,0.005854,0.003491,0.113016,0.552772,0.265006
AAACATTTCCCGGATT-1,0.009171,0.000025,0.00763,0.002205,0.251254,0.677418,0.052297
AAACCACTACACAGAT-1,0.015624,0.145401,0.046036,0.018587,0.112876,0.261286,0.40019
AAACCCGAACGAAATC-1,0.084122,0.001544,0.003373,0.178329,0.188285,0.52074,0.023608
AAACCGGAAATGTTAA-1,0.045168,0.07352,0.012025,0.000955,0.210379,0.601437,0.056516
AAACCGGGTAGGTACC-1,0.053112,0.024246,0.162665,0.044661,0.627474,0.046804,0.041039
AAACCGTTCGTCCAGG-1,0.099268,0.022195,0.00754,0.005038,0.191484,0.602831,0.071645
AAACCTAAGCAGCCGG-1,0.000007,0.087341,0.029774,0.163126,0.331084,0.295543,0.093124
AAACCTCATGAAGTTG-1,0.000006,0.046415,0.010553,0.034861,0.6275,0.262947,0.017717
AAACGAAGAACATACC-1,0.000005,0.093053,0.127175,0.03435,0.290356,0.2068,0.248263
AAACGACAGTCTTGCC-1,0.001539,0.089758,0.021824,0.005458,0.105336,0.531597,0.244489
AAACGAGACGGTTGAT-1,0.004476,0.011363,0.152298,0.061333,0.17893,0.245432,0.346169
AAACGCCCGAGATCGG-1,0.000011,0.00838,0.003764,0.000605,0.04696,0.740508,0.199773
AAACGGGCGTACGGGT-1,0.037903,0.393429,0.017873,0.02794,0.229884,0.270681,0.02229
AAACGGGTTGGTATCC-1,0.000017,0.004045,0.001501,0.070701,0.027578,0.743958,0.1522
AAACGGTTGCGAACTG-1,0.041872,0.016766,0.131625,0.016897,0.48448,0.18237,0.12599
AAACGTGTTCGCCCTA-1,0.001335,0.24497,0.000341,0.176538,0.079893,0.45752,0.039402
AAACTAACGTGGCGAC-1,0.055812,0.235199,0.083136,0.085284,0.249129,0.103477,0.187963
AAACTCGGTTCGCAAT-1,0.000012,0.002667,0.059923,0.004016,0.517415,0.356683,0.059285
AAACTCGTGATATAAG-1,0.02228,0.012451,0.113677,0.025504,0.588817,0.17685,0.06042
AAACTGCTGGCTCCAA-1,0.000009,0.032803,0.118533,0.020784,0.322393,0.353164,0.152314
AAACTTAATTGCACGC-1,0.000017,0.000017,0.000017,0.000017,0.044445,0.955452,0.000034
AAACTTGCAAACGTAT-1,0.000005,0.049649,0.034598,0.253901,0.604704,0.043157,0.013986
AAAGACATGAAGTTTA-1,0.007468,0.007715,0.038838,0.033852,0.069886,0.42107,0.421171
AAAGACCCAAGTCGCG-1,0.062202,0.017751,0.28872,0.087611,0.23756,0.134662,0.171493
AAAGACTGGGCGCTTT-1,0.000006,0.045122,0.063325,0.192654,0.400344,0.178157,0.120391
AAAGCTTGCCTACATA-1,0.250833,0.215927,0.000189,0.075325,0.000754,0.20063,0.256343
AAAGGCCCTATAATAC-1,0.000008,0.000855,0.372902,0.017588,0.592004,0.004249,0.012394
AAAGGCTACGGACCAT-1,0.015256,0.015019,0.127223,0.040814,0.421829,0.232984,0.146873
AAAGGCTCTCGCGCCG-1,0.000908,0.001564,0.391225,0.030749,0.340137,0.075512,0.159904
AAAGGGATGTAGCAAG-1,0.030191,0.029601,0.309348,0.057282,0.329985,0.065329,0.178263
AAAGGGCAGCTTGAAT-1,0.000006,0.001267,0.143776,0.041393,0.342723,0.248799,0.222035
AAAGGTAAGCTGTACC-1,0.088979,0.072252,0.063651,0.055348,0.091191,0.250488,0.378092
AAAGGTCAACGACATG-1,0.007525,0.149081,0.010859,0.009247,0.151058,0.525211,0.147019
AAAGTAGCATTGCTCA-1,0.003634,0.038528,0.024176,0.031946,0.806647,0.075065,0.020004
AAAGTCACTGATGTAA-1,0.007766,0.05172,0.06198,0.064817,0.240001,0.341873,0.231843
AAAGTCGACCCTCAGT-1,0.003307,0.011752,0.025209,0.089706,0.71314,0.081652,0.075234
AAAGTGCCATCAATTA-1,0.023415,0.047056,0.018343,0.032646,0.308474,0.50235,0.067716
AAAGTGTGATTTATCT-1,0.065282,0.138561,0.103861,0.077277,0.306285,0.182194,0.12654
AAATAACCATACGGGA-1,0.003677,0.031847,0.151341,0.072552,0.503687,0.095355,0.141541
AAATAAGGTAGTGCCC-1,0.482935,0.513225,0.000384,0.000384,0.001536,0.000768,0.000768
AAATACCTATAAGCAT-1,0.000008,0.101865,0.169434,0.032578,0.214893,0.161279,0.319943
AAATAGCTTAGACTTT-1,0.597223,0.402023,0.000075,0.000075,0.000302,0.000151,0.000151
AAATAGGGTGCTATTG-1,0.000006,0.155626,0.2563,0.026866,0.370024,0.097287,0.093891
AAATCACTCCTAAACG-1,0.046995,0.341,0.042721,0.033797,0.218384,0.226132,0.090971
AAATCCGATACACGCC-1,0.00963,0.051574,0.090514,0.143917,0.587353,0.086258,0.030753
AAATCGCGGAAGGAGT-1,0.000016,0.000016,0.003752,0.000016,0.301491,0.683823,0.010885
AAATCGTGTACCACAA-1,0.000007,0.002005,0.546856,0.012708,0.399181,0.013873,0.025371
AAATCTAGCCCTGCTA-1,0.009371,0.005053,0.005628,0.06002,0.184359,0.601318,0.134252
AAATGACTGATCAAAC-1,0.003623,0.003623,0.003623,0.003623,0.971013,0.007247,0.007247
AAATGATTCGATCAGC-1,0.016056,0.31635,0.008842,0.004042,0.11553,0.4321,0.10708
AAATGCTCGTTACGTT-1,0.000009,0.018825,0.186098,0.01953,0.389515,0.259071,0.126952
AAATGGCATGTCTTGT-1,0.000006,0.001898,0.445968,0.059697,0.285726,0.056518,0.150187
AAATGGCCCGTGCCCT-1,0.01586,0.009122,0.079254,0.008098,0.835336,0.037207,0.015121
AAATGGTCAATGTGCC-1,0.02688,0.142291,0.011329,0.008486,0.251106,0.476217,0.083692
AAATGTGGGTGCTCCT-1,0.000007,0.153264,0.052496,0.009706,0.284739,0.292971,0.206818
AAATTAACGGGTAGCT-1,0.012436,0.081881,0.014461,0.043442,0.376255,0.392835,0.07869
AAATTAATAAGCGCGA-1,0.000012,0.000012,0.003871,0.055506,0.114003,0.688302,0.138294
AAATTACACGACTCTG-1,0.014152,0.006024,0.055191,0.042792,0.270902,0.468386,0.142553
AAATTACCTATCGATG-1,0.039655,0.005474,0.207895,0.01644,0.489414,0.124302,0.11682
AAATTCCAGGTCCAAA-1,0.542455,0.45724,0.000031,0.000031,0.000122,0.000061,0.000061
AAATTGATAGTCCTTT-1,0.019386,0.010279,0.218821,0.02441,0.716554,0.006456,0.004094
AAATTGGTGAGAAGCA-1,0.004011,0.074795,0.022955,0.028722,0.213077,0.581561,0.074879
AAATTTACCGAAATCC-1,0.009436,0.044406,0.057388,0.039135,0.187912,0.383354,0.278369
AAATTTGCGGGTGTGG-1,0.00001,0.136823,0.002404,0.010741,0.330221,0.499628,0.020173
AACAACTGGTAGTTGC-1,0.012776,0.017251,0.008676,0.017267,0.208278,0.651133,0.084619
AACAATACATTGTCGA-1,0.004134,0.020509,0.026161,0.014712,0.546181,0.355332,0.032972
AACAATTACTCTACGC-1,0.035764,0.01839,0.114006,0.013338,0.594475,0.178903,0.045124
AACACACGCTCGCCGC-1,0.001916,0.203573,0.0173,0.011446,0.208139,0.471428,0.086198
AACACGACTGTACTGA-1,0.000007,0.049885,0.111971,0.050276,0.31789,0.266634,0.203338
AACACGAGACGCGGCC-1,0.009535,0.000702,0.006524,0.207271,0.398287,0.345475,0.032206
AACACGCGGCCGCGAA-1,0.001813,0.087639,0.032044,0.22637,0.155127,0.124034,0.372972
AACAGCTGTGTGGCAA-1,0.001191,0.134726,0.010266,0.006905,0.610105,0.213776,0.023032
AACAGGAAATCGAATA-1,0.069464,0.141143,0.028369,0.075762,0.220254,0.319542,0.145467
AACAGGATGGGCCGCG-1,0.000013,0.002322,0.000013,0.000013,0.069625,0.891384,0.036629
AACAGGTAGTATGGAT-1,0.348887,0.11966,0.001894,0.033467,0.147275,0.283836,0.064981
AACATAGCGTGTATCG-1,0.001208,0.001208,0.001208,0.172858,0.818688,0.002416,0.002416
AACATATCAACTGGTG-1,0.0693,0.093613,0.106991,0.030965,0.290934,0.211865,0.196333
AACATCGATACGTCTA-1,0.008355,0.066746,0.098613,0.010296,0.333757,0.305765,0.176468
AACATTGAAGTTGATC-1,0.026158,0.075183,0.086217,0.000055,0.574843,0.227679,0.009865
AACATTGTGACTCGAG-1,0.03766,0.15658,0.021848,0.012549,0.20979,0.423744,0.137829
AACCAAGACTTCTCTG-1,0.082124,0.055994,0.005336,0.017491,0.367535,0.419536,0.051984
AACCAGTATCACTCTT-1,0.000009,0.004327,0.425548,0.05034,0.26279,0.141713,0.115272
AACCATAGGGTTGAAC-1,0.000011,0.000011,0.008003,0.004565,0.526773,0.447321,0.013316
AACCATGGGATCGCTA-1,0.000012,0.014978,0.02582,0.020706,0.196213,0.633481,0.10879
AACCCAGAGACGGAGA-1,0.00001,0.613313,0.000038,0.001972,0.018817,0.302218,0.063632
AACCCATCCCATGATC-1,0.008382,0.021271,0.010321,0.019813,0.783558,0.153542,0.003113
AACCCGACAACCCGTG-1,0.000016,0.000809,0.000016,0.00179,0.225776,0.711966,0.059627
AACCCGAGCAGAATCG-1,0.089833,0.047049,0.000035,0.005332,0.03145,0.728395,0.097906
AACCCGATAGGGCTTC-1,0.055898,0.054638,0.285989,0.028619,0.27834,0.127756,0.168761
AACCCGCTGTATTCCA-1,0.001097,0.001097,0.450976,0.001097,0.004386,0.002193,0.539155
AACCCTACTGTCAATA-1,0.165484,0.344355,0.04546,0.017034,0.14294,0.214805,0.069922
AACCCTGGTGGAACCA-1,0.000008,0.001259,0.004956,0.007282,0.088732,0.702842,0.194921
AACCGAGCTTGGTCAT-1,0.007773,0.03762,0.004976,0.021473,0.060383,0.674684,0.193091
AACCGCTAAGGGATGC-1,0.126571,0.33534,0.053382,0.030776,0.313188,0.093097,0.047645
AACCGTTGTGTTTGCT-1,0.015279,0.125397,0.070786,0.028809,0.275779,0.253958,0.229992
AACCTAAAGCCGTCCG-1,0.045877,0.019924,0.001282,0.515893,0.043783,0.338645,0.034596
AACCTCGCTTTAGCCC-1,0.029894,0.046239,0.095215,0.038862,0.556985,0.198085,0.034719
AACCTGTCACGGAATT-1,0.725238,0.254,0.000046,0.020349,0.000184,0.000092,0.000092
AACCTTTAAATACGGT-1,0.000007,0.262702,0.004452,0.009967,0.160434,0.418467,0.14397
AACCTTTACGACGTCT-1,0.352566,0.559041,0.000514,0.083763,0.002058,0.001029,0.001029
AACGAAAGTCGTCCCA-1,0.000007,0.000113,0.362482,0.017992,0.595388,0.008691,0.015327
AACGATAATGCCGTAG-1,0.000008,0.058496,0.153493,0.127518,0.277067,0.210267,0.17315
AACGATAGAAGGGCCG-1,0.000007,0.126514,0.111599,0.196695,0.334585,0.109905,0.120696
AACGATATGTCAACTG-1,0.23052,0.722138,0.000078,0.023203,0.023749,0.000156,0.000156
AACGCATGATCTGGGT-1,0.0256,0.05516,0.024112,0.011787,0.208739,0.574644,0.099959
AACGCGACCTTGGGCG-1,0.00246,0.254633,0.023304,0.038494,0.387089,0.228045,0.065975
AACGCGGTCTCCAGCC-1,0.015948,0.078293,0.031692,0.032151,0.217296,0.403257,0.221363
AACGCTGTTGCTGAAA-1,0.00437,0.091718,0.036065,0.006191,0.198736,0.503401,0.159519
AACGGACGTACGTATA-1,0.087044,0.0633,0.000025,0.000025,0.049204,0.732125,0.068279
AACGGCCATCTCCGGT-1,0.000761,0.030466,0.290339,0.027642,0.542799,0.042654,0.065339
AACGTACTGTGGGTAC-1,0.023928,0.150183,0.005283,0.010541,0.189147,0.568075,0.052844
AACGTAGTCTACCCAT-1,0.000465,0.000813,0.164729,0.047629,0.344665,0.221869,0.21983
AACGTCAGACTAGTGG-1,0.005108,0.01116,0.033393,0.032116,0.395147,0.450173,0.072903
AACGTCATCCGGCTTG-1,0.041667,0.041668,0.041668,0.041668,0.666657,0.083337,0.083335
AACGTGATGAAGGACA-1,0.046701,0.213492,0.003338,0.006436,0.039764,0.519761,0.170508
AACGTGCGAAAGTCTC-1,0.000069,0.044437,0.625036,0.047274,0.209938,0.014507,0.058739
AACGTTATCAGCACCT-1,0.000009,0.131957,0.000998,0.002777,0.201174,0.626019,0.037065
AACGTTCTACCATTGT-1,0.000076,0.6268,0.010781,0.001366,0.313361,0.000152,0.047465
AACTACCCGTTTGTCA-1,0.336633,0.076401,0.000115,0.000115,0.00046,0.582932,0.003343
AACTAGCGTATCGCAC-1,0.000009,0.088314,0.052887,0.077334,0.213266,0.386332,0.181857
AACTAGGCTTGGGTGT-1,0.000011,0.140022,0.013247,0.035759,0.142764,0.474415,0.193782
AACTCAAGTTAATTGC-1,0.002491,0.03444,0.004423,0.005306,0.134469,0.734895,0.083977
AACTCCAGAGCGTGTT-1,0.013442,0.032714,0.000072,0.439577,0.036319,0.44154,0.036336
AACTCCTAATCCCATG-1,0.019004,0.000382,0.000007,0.87876,0.000028,0.000014,0.101804
AACTCGATGGCGCAGT-1,0.000011,0.002347,0.03018,0.015898,0.240358,0.522026,0.189181
AACTCTCAATAGAGCG-1,0.104786,0.020179,0.377847,0.016188,0.287042,0.051809,0.142149
AACTCTCAGTGTGCTC-1,0.021578,0.003865,0.012981,0.014364,0.249531,0.591366,0.106316
AACTGAGGTCAGCGTC-1,0.095485,0.251653,0.07928,0.025066,0.199249,0.238279,0.110988
AACTGAGTTATACTGA-1,0.088105,0.009159,0.00317,0.280285,0.127383,0.392708,0.09919
AACTGATATTAGGCCT-1,0.011413,0.008485,0.060235,0.024147,0.222553,0.50418,0.168988
AACTGGGTCCCGACGT-1,0.000007,0.001046,0.127327,0.04278,0.379177,0.297198,0.152466
AACTGGGTTCGAGCCG-1,0.008067,0.26224,0.062275,0.051803,0.116228,0.223958,0.275429
AACTGGTGTGGGCCTT-1,0.00001,0.04189,0.029693,0.019248,0.163327,0.520434,0.225398
AACTTCTGCGTCTATC-1,0.019897,0.133203,0.000518,0.00001,0.116472,0.707402,0.022498
AACTTGCCCGTATGCA-1,0.006989,0.044934,0.036973,0.005887,0.313923,0.438576,0.152719
AACTTGCGTTCTCGCG-1,0.000012,0.012742,0.104832,0.081332,0.425966,0.226441,0.148674
AACTTTAGCTGCTGAG-1,0.00001,0.356648,0.000537,0.011532,0.053551,0.498079,0.079644
AACTTTCTCGATCATG-1,0.033028,0.417501,0.01153,0.069563,0.264416,0.160425,0.043537
AAGAAAGTTTGATGGG-1,0.002874,0.002874,0.002874,0.002874,0.97701,0.005747,0.005747
AAGAAATCACCAGATT-1,0.004993,0.035643,0.162214,0.223544,0.481211,0.062318,0.030076
AAGAAGGATCAGTTAG-1,0.000011,0.009711,0.000011,0.000011,0.057869,0.906312,0.026073
AAGACATACGTGGTTT-1,0.000031,0.000031,0.000031,0.000031,0.001721,0.996311,0.001842
AAGACCAAATAACTCA-1,0.010999,0.013962,0.000981,0.04229,0.453577,0.45695,0.021241
AAGACCCAACTGAACA-1,0.004257,0.024517,0.05484,0.026213,0.195382,0.312998,0.381793
AAGACTAACCCGTTGT-1,0.000009,0.000009,0.042681,0.010146,0.343752,0.493113,0.110291
AAGACTCACGCCCACT-1,0.000007,0.107646,0.028184,0.038562,0.170345,0.376749,0.278506
AAGACTGCAAGCTACT-1,0.125464,0.569352,0.051462,0.132937,0.114519,0.000047,0.00622
AAGAGATGAATCGGTA-1,0.00001,0.117635,0.003544,0.002503,0.206219,0.608323,0.061767
AAGAGCTCTTTATCGG-1,0.000007,0.03655,0.315747,0.033578,0.160638,0.137083,0.316396
AAGAGGATGTACGCGA-1,0.002802,0.12346,0.029106,0.005207,0.44912,0.335764,0.05454
AAGAGGCATGGATCGC-1,0.000007,0.101008,0.304526,0.100231,0.233693,0.110596,0.149939
AAGAGGCCCTTTGGAA-1,0.001879,0.215122,0.182875,0.018047,0.465984,0.075118,0.040974
AAGATGGCACCGGACC-1,0.027551,0.009484,0.152902,0.057147,0.574043,0.124045,0.054828
AAGATTGGCGGAACGT-1,0.178145,0.41767,0.000079,0.000079,0.000315,0.278427,0.125286
AAGCACCCTGCGTATC-1,0.005269,0.290745,0.009845,0.001779,0.151626,0.368556,0.172181
AAGCATACTCTCCTGA-1,0.00001,0.254328,0.013123,0.017531,0.102245,0.457266,0.155497
AAGCCGAAGCGGTTTA-1,0.109176,0.022308,0.003377,0.018572,0.018893,0.15494,0.672733
AAGCCGCCGTGAAATC-1,0.020288,0.002201,0.082392,0.069596,0.738317,0.048514,0.038692
AAGCCGCTTTACCTTG-1,0.015521,0.328198,0.000014,0.002289,0.092315,0.519616,0.042047
AAGCCGGAGAGCAGGA-1,0.000025,0.000025,0.000025,0.000025,0.042685,0.554126,0.403088
AAGCGCAGGGCTTTGA-1,0.021105,0.014108,0.00605,0.016106,0.226267,0.643041,0.073322
AAGCGGAGTGCGCGCA-1,0.006305,0.031295,0.002105,0.00373,0.136617,0.803535,0.016414
AAGCGGCGTCATGGGT-1,0.000011,0.012508,0.040452,0.029942,0.090311,0.425956,0.40082
AAGCGTCCCTCATCGA-1,0.023421,0.012352,0.008571,0.043516,0.265706,0.591365,0.055069
AAGCTAGATCGAGTAA-1,0.000006,0.012116,0.322679,0.06155,0.297313,0.148591,0.157745
AAGCTCGTGCCAAGTC-1,0.000009,0.219278,0.065288,0.032833,0.109536,0.262583,0.310472
AAGCTCTTTCATGGTG-1,0.003418,0.005094,0.000012,0.00102,0.114362,0.853793,0.0223
AAGGAGAACTTATAAG-1,0.000004,0.042541,0.091441,0.09801,0.255255,0.195715,0.317033
AAGGAGCGGTTGGTGC-1,0.02976,0.048762,0.029375,0.031714,0.295661,0.525827,0.038901
AAGGATCGATCGCTTG-1,0.855859,0.082237,0.002961,0.045464,0.013328,0.000075,0.000075
AAGGATGAGGGACCTC-1,0.015107,0.171076,0.039873,0.021643,0.269614,0.302106,0.180581
AAGGCAGGCTGTCTCC-1,0.506719,0.144803,0.00009,0.00009,0.000358,0.347761,0.000179
AAGGCGCGTAAAGCTT-1,0.013214,0.018793,0.13221,0.095484,0.412553,0.237801,0.089945
AAGGCTGTGCTCATCG-1,0.000006,0.000006,0.678469,0.010861,0.310399,0.000078,0.00018
AAGGGAACGACTGGCT-1,0.031711,0.157332,0.004639,0.008647,0.448292,0.323224,0.026154
AAGGGACAGATTCTGT-1,0.25748,0.000386,0.000386,0.000386,0.001543,0.172868,0.566952
AAGGGACTATGCATTC-1,0.011516,0.311511,0.028674,0.009589,0.457413,0.118962,0.062335
AAGGGTTAGCCATGCG-1,0.000043,0.213475,0.146225,0.027655,0.466099,0.057549,0.088954
AAGGTATCCTAATATA-1,0.035607,0.000007,0.007262,0.019335,0.0001,0.000014,0.937674
AAGGTGATAAACCAGC-1,0.072977,0.005351,0.000028,0.000028,0.065034,0.790911,0.065672
AAGTAAGCTTCCAAAC-1,0.000005,0.006977,0.179146,0.112167,0.364206,0.191267,0.146232
AAGTAGAAGACCGGGT-1,0.000007,0.072088,0.216525,0.092455,0.269654,0.143138,0.206133
AAGTAGTGACGCGAGG-1,0.000017,0.000017,0.000017,0.000017,0.141652,0.809673,0.048608
AAGTCAATTGTCGTCA-1,0.076955,0.027665,0.047389,0.158072,0.113942,0.455069,0.120908
AAGTCTAGTAGCTGCC-1,0.021922,0.183195,0.015543,0.277815,0.116982,0.256308,0.128235
AAGTCTTCTGTGGCCT-1,0.000035,0.071525,0.010867,0.075941,0.306434,0.285058,0.250141
AAGTGACGACCGAATT-1,0.015052,0.013429,0.116015,0.049775,0.771626,0.023192,0.01091
AAGTGAGTCGGGTTTA-1,0.000009,0.015393,0.000387,0.000545,0.119504,0.840055,0.024107
AAGTGCCTTGACTGTA-1,0.312503,0.610174,0.000359,0.000359,0.075167,0.000718,0.000718
AAGTGCGTTAGAATCT-1,0.009587,0.252511,0.001899,0.007561,0.290091,0.422649,0.015701
AAGTGCTTCTCTATTG-1,0.000018,0.000019,0.015401,0.000474,0.439352,0.476999,0.067737
AAGTGTTTGGAGACGG-1,0.001064,0.024063,0.092581,0.019498,0.319008,0.410303,0.133483
AAGTTCACTCCAAGCT-1,0.030352,0.005641,0.015238,0.124318,0.186972,0.273083,0.364396
AAGTTCAGTCTGCGTA-1,0.028323,0.047832,0.000014,0.007018,0.046317,0.831244,0.039252
AAGTTCGGCCAACAGG-1,0.002751,0.029908,0.003596,0.029613,0.312799,0.600202,0.021132
AAGTTGTGATGTTATA-1,0.009241,0.000026,0.000026,0.000026,0.060255,0.930371,0.000053
AAGTTTACTAATGGCA-1,0.000009,0.153605,0.037369,0.061231,0.181646,0.287343,0.278797
AAGTTTATGGGCCCAA-1,0.029079,0.005335,0.067798,0.005655,0.376621,0.371335,0.144178
AATAACAACGCTCGGC-1,0.007731,0.000232,0.326584,0.047852,0.560517,0.029749,0.027335
AATAACACTAGAACAA-1,0.067394,0.014286,0.004726,0.002106,0.280573,0.585902,0.045012
AATAAGTCCTCGAGAC-1,0.000009,0.041604,0.000009,0.000009,0.012366,0.877755,0.068248
AATAATCTTCGTATCG-1,0.04488,0.014008,0.221548,0.010223,0.606056,0.071554,0.031731
AATACAATGTTTCAGG-1,0.019243,0.009833,0.11941,0.028598,0.17838,0.030207,0.614329
AATACCGGAGGGCTGT-1,0.015188,0.02175,0.032715,0.050063,0.642239,0.168609,0.069436
AATACCTGATGTGAAC-1,0.052438,0.000045,0.059217,0.004479,0.611273,0.126239,0.146309
AATAGAACAGAGTGGC-1,0.000007,0.106079,0.230931,0.01955,0.513574,0.068021,0.061839
AATAGAATCTGTTTCA-1,0.033536,0.043378,0.005246,0.106886,0.077121,0.60117,0.132663
AATAGCAAGCCTCCTG-1,0.031464,0.037268,0.163393,0.031315,0.190077,0.220403,0.326082
AATAGCTACCGCGTGC-1,0.030381,0.266443,0.003065,0.009238,0.088416,0.528666,0.07379
AATAGGCACGACCCTT-1,0.083333,0.083333,0.083333,0.083333,0.333333,0.166667,0.166667
AATAGTCCGTCCCGAC-1,0.000009,0.031835,0.013499,0.008154,0.186911,0.618755,0.140837
AATATCAAGGTCGGAT-1,0.000008,0.185485,0.041055,0.020673,0.408301,0.185308,0.159171
AATATCGAATCAATGC-1,0.457213,0.422012,0.000068,0.018619,0.000272,0.069326,0.032489
AATATCGAGGGTTCTC-1,0.136224,0.160983,0.20129,0.080586,0.195219,0.107836,0.117862
AATATTGGAGTATTGA-1,0.018946,0.025527,0.007731,0.014908,0.591476,0.319964,0.021448
AATCAGACTGCAGGAC-1,0.000012,0.012155,0.032241,0.085073,0.284741,0.2803,0.305478
AATCAGGTTTCATTTA-1,0.007202,0.010426,0.030283,0.004676,0.526999,0.365003,0.055411
AATCCAAGGGCCTGAG-1,0.000006,0.003889,0.341952,0.111456,0.418022,0.061933,0.062742
AATCCATGCAAGGGTG-1,0.00001,0.002333,0.028015,0.004509,0.330286,0.555022,0.079823
AATCCCGCTCAGAGCC-1,0.003623,0.32452,0.003623,0.003623,0.650116,0.007247,0.007247
AATCGAGGTCTCAAGG-1,0.002778,0.002778,0.002778,0.403628,0.011112,0.005556,0.571371
AATCGCCTCAGCGCCA-1,0.003707,0.156962,0.071169,0.06669,0.190318,0.291633,0.219522
AATCGCGCAGAGGACT-1,0.579674,0.412128,0.000023,0.006753,0.000094,0.00128,0.000047
AATCGGGACACTACGA-1,0.000009,0.000863,0.040703,0.019398,0.136698,0.577483,0.224847
AATCGTGAGCCGAGCA-1,0.00866,0.002546,0.223374,0.074716,0.530358,0.09849,0.061856
AATCTAGGTTTACTTG-1,0.006028,0.005905,0.000013,0.000034,0.333147,0.650452,0.004419
AATCTATGCCGGAGCC-1,0.015606,0.003558,0.006558,0.003272,0.110523,0.795225,0.065257
AATCTCTACTGTGGTT-1,0.000393,0.000078,0.12549,0.074703,0.750325,0.026649,0.022361
AATCTGCGTTGGGACG-1,0.12143,0.060682,0.003411,0.030236,0.127019,0.341198,0.316024
AATCTGGCTTTCTAGT-1,0.001469,0.177595,0.011466,0.006719,0.544169,0.246957,0.011624
AATCTGGGTAGACCCT-1,0.000008,0.024654,0.093056,0.0332,0.161988,0.332634,0.354461
AATGACAGCAATGTCT-1,0.00972,0.01034,0.001201,0.024949,0.231481,0.694379,0.027931
AATGACGTAGGATGTC-1,0.014022,0.082872,0.164593,0.046272,0.326431,0.164144,0.201666
AATGACTGTCAGCCGG-1,0.113145,0.039643,0.278039,0.085478,0.352621,0.06357,0.067504
AATGAGTTCGCATATG-1,0.000445,0.202579,0.00631,0.004877,0.232731,0.516476,0.036582
AATGATGATACGCTAT-1,0.625041,0.292427,0.000391,0.000391,0.001565,0.079402,0.000783
AATGATGCGACTCCTG-1,0.163331,0.182956,0.000036,0.020648,0.106853,0.452923,0.073253
AATGCAACCGGGTACC-1,0.01826,0.040428,0.013712,0.044658,0.187903,0.584408,0.110632
AATGCACCAAGCAATG-1,0.20552,0.395583,0.000049,0.060907,0.07367,0.248618,0.015653
AATGGCCGCCAATGCG-1,0.010841,0.351825,0.000016,0.000016,0.063755,0.527187,0.046359
AATGGTCCACCGTTCA-1,0.000005,0.041747,0.146946,0.006876,0.532991,0.164714,0.10672
AATGGTTCTCACAAGC-1,0.000278,0.00176,0.159935,0.034885,0.338323,0.309177,0.155642
AATGTATGGCACTGTA-1,0.00002,0.00002,0.00002,0.00002,0.092037,0.905396,0.002486
AATGTGCCCGAGGTGT-1,0.000007,0.009942,0.128849,0.01349,0.788097,0.047217,0.012398
AATGTGCTAATCTGAG-1,0.009054,0.088472,0.000011,0.002453,0.169499,0.711089,0.019423
AATGTTAAGACCCTGA-1,0.000502,0.366952,0.000502,0.335282,0.28324,0.012519,0.001004
AATGTTGTCGTGAGAC-1,0.012101,0.013375,0.063194,0.280714,0.449568,0.148276,0.032773
AATTAAAGGTCGGCGT-1,0.081674,0.117499,0.087838,0.021795,0.456067,0.174689,0.060438
AATTAACGGATTTCCA-1,0.000009,0.030747,0.124595,0.019473,0.381898,0.277473,0.165806
AATTACGAGACCCATC-1,0.000026,0.001898,0.000026,0.000026,0.165752,0.828563,0.00371
AATTAGCGCTGCAGCG-1,0.000012,0.05375,0.0212,0.018618,0.128976,0.587492,0.189952
AATTATACCCAGCAAG-1,0.000916,0.000916,0.000916,0.395879,0.59771,0.001832,0.001832
AATTCATAAGGGATCT-1,0.454982,0.346115,0.000292,0.000292,0.197149,0.000585,0.000585
AATTCATTGTCATGCA-1,0.00001,0.00001,0.272731,0.01596,0.669956,0.011487,0.029846
AATTCCAAGCATGTAC-1,0.005254,0.060994,0.073824,0.009212,0.288672,0.39759,0.164454
AATTCGATTCGAGGAT-1,0.000017,0.006858,0.002258,0.055548,0.101242,0.779886,0.054191
AATTCTAGAGTTAGGC-1,0.00001,0.018551,0.092968,0.057924,0.325473,0.270426,0.234647
AATTGAACGCTCTGGT-1,0.000009,0.246792,0.068937,0.027072,0.230989,0.287689,0.138512
AATTGCAGCAATCGAC-1,0.000036,0.058774,0.004343,0.0061,0.398285,0.513808,0.018655
AATTGCGTGGATTACA-1,0.000025,0.000025,0.008956,0.000049,0.513227,0.463918,0.013799
AATTGTGGTTGCCAAA-1,0.001767,0.000741,0.065235,0.031351,0.468051,0.384292,0.048564
AATTTGGGACATAGTA-1,0.056739,0.044197,0.121077,0.2204,0.208988,0.085854,0.262746
AATTTGGTTCCAAAGA-1,0.000279,0.094308,0.034182,0.013024,0.175468,0.447812,0.234927
ACAAACCATGCGTCCT-1,0.033661,0.047892,0.005397,0.134837,0.443293,0.322346,0.012573
ACAAACCGACAAGGCG-1,0.002913,0.000008,0.000008,0.000008,0.002954,0.620223,0.373886
ACAAACTCCATCAGAG-1,0.027778,0.027779,0.02778,0.69443,0.111117,0.055558,0.055558
ACAAAGCATGACCTAG-1,0.003678,0.004502,0.095907,0.020118,0.518038,0.275908,0.081849
ACAAATCGCACCGAAT-1,0.031667,0.037161,0.151614,0.045751,0.434422,0.233579,0.065805
ACAAATGGTAGTGTTT-1,0.007279,0.108574,0.325595,0.045868,0.304059,0.086186,0.122439
ACAAATTCAGATCTGA-1,0.017304,0.016208,0.169269,0.050875,0.172903,0.256138,0.317303
ACAACAGCATGAGCTA-1,0.003175,0.139716,0.36392,0.208753,0.120191,0.027391,0.136853
ACAACGGTCCCTGCGA-1,0.000008,0.019121,0.031155,0.082794,0.23535,0.413275,0.218296
ACAAGCAGTGCCTAGC-1,0.000009,0.780194,0.002551,0.000024,0.024326,0.126204,0.066692
ACAAGGAAATCCGCCC-1,0.00001,0.155293,0.018114,0.074241,0.131383,0.413768,0.207191
ACAAGGACAAGAGGTT-1,0.00263,0.000012,0.000012,0.000012,0.022722,0.95656,0.018051
ACAAGGATGCTTTAGG-1,0.090465,0.013824,0.045386,0.040611,0.353349,0.37382,0.082546
ACAAGGCCTACCAGCC-1,0.032291,0.26436,0.024765,0.008505,0.045903,0.428957,0.195219
ACAAGGGCAGGCTCTG-1,0.017463,0.040624,0.047661,0.040391,0.221737,0.46188,0.170245
ACAATAGTCGTACGTT-1,0.046166,0.049193,0.015237,0.015102,0.52744,0.3264,0.020462
ACAATCCATTTAAACC-1,0.000007,0.000339,0.132579,0.010991,0.497841,0.202937,0.155305
ACAATCGATCTTTATA-1,0.000007,0.00496,0.207537,0.027447,0.269762,0.215206,0.275081
ACAATGAATACGGAGA-1,0.013815,0.026275,0.004701,0.005736,0.406584,0.529634,0.013254
ACAATGATTCTTCTAC-1,0.072413,0.018504,0.063297,0.115002,0.239917,0.234611,0.256257
ACAATTTAGGAGGCTC-1,0.014426,0.016181,0.134982,0.031337,0.632028,0.097905,0.073141
ACAATTTGAGCAGTGG-1,0.041004,0.087509,0.0541,0.073437,0.196555,0.220931,0.326464
ACAATTTGGCCATATT-1,0.59196,0.389693,0.000071,0.000071,0.000284,0.01778,0.000142
ACACAAAGACGGGTGG-1,0.028272,0.18244,0.112586,0.04326,0.513962,0.062299,0.057181
ACACAAATATTCCTAG-1,0.009834,0.00428,0.051874,0.01301,0.348367,0.508866,0.063769
ACACACCAGGACCAGT-1,0.046377,0.064691,0.150699,0.023059,0.306611,0.197033,0.211529
ACACACTTTCTACACG-1,0.013764,0.234259,0.160051,0.045221,0.2078,0.090055,0.24885
ACACATGATCAAATCT-1,0.017029,0.017739,0.032188,0.171134,0.623922,0.120004,0.017984
ACACATTTCCGTAGAC-1,0.001619,0.254048,0.173272,0.044615,0.289442,0.042901,0.194104
ACACCACATAATTAGC-1,0.518922,0.070212,0.347764,0.000185,0.062176,0.00037,0.00037
ACACCCAGCATGCAGC-1,0.049879,0.015402,0.215383,0.116855,0.323327,0.148634,0.13052
ACACCCGAGAAATCCG-1,0.000006,0.227031,0.007911,0.005095,0.347222,0.343773,0.068962
ACACCCGTAAATCTGT-1,0.074215,0.273091,0.006534,0.058935,0.090179,0.348394,0.148653
ACACCGGTCTGACCGC-1,0.000009,0.12122,0.083768,0.069765,0.681327,0.036771,0.00714
ACACCTTAAGTAGGGC-1,0.004662,0.150693,0.005411,0.019944,0.430765,0.308326,0.080199
ACACCTTACTACTTGC-1,0.4649,0.127101,0.000071,0.048134,0.000284,0.000142,0.359369
ACACGAGACTCCTTCT-1,0.000004,0.014771,0.767286,0.049097,0.10531,0.007099,0.056432
ACACGGCACTATGCAT-1,0.00001,0.048941,0.00001,0.003877,0.044535,0.843133,0.059494
ACACGGGAACTTAGGG-1,0.020167,0.022548,0.109481,0.036092,0.222581,0.293332,0.295799
ACACGTAGGCCACAAG-1,0.022745,0.260544,0.000023,0.000023,0.000092,0.708974,0.007599
ACACTCCAATGTCACT-1,0.000011,0.00022,0.005383,0.002567,0.136056,0.822113,0.033651
ACACTGATCAAGGTGT-1,0.037226,0.033219,0.264137,0.01384,0.501501,0.088418,0.061659
ACACTGGGACAGTCGT-1,0.022202,0.000026,0.065986,0.000026,0.387885,0.456651,0.067224
ACAGAACTGAGAACAA-1,0.021593,0.014597,0.019155,0.231022,0.428651,0.242758,0.042223
ACAGATTAGGTTAGTG-1,0.000008,0.037327,0.119049,0.024597,0.293031,0.308853,0.217136
ACAGCATAGAGCCAGT-1,0.06371,0.007377,0.242117,0.048859,0.298014,0.188679,0.151244
ACAGCGCACCCGCAGC-1,0.000009,0.565807,0.000009,0.001348,0.012096,0.357346,0.063385
ACAGGCACGGATCCTT-1,0.034299,0.020879,0.070292,0.035452,0.38482,0.389333,0.064924
ACAGGCTTGCCCGACT-1,0.041065,0.031192,0.130588,0.10983,0.407482,0.178204,0.101639
ACAGGTGGAGGTGAGG-1,0.077354,0.031135,0.000021,0.017867,0.191433,0.642631,0.039558
ACAGTAATACAACTTG-1,0.013162,0.008037,0.000587,0.002853,0.33541,0.595705,0.044245
ACAGTATACCGTGGGA-1,0.017386,0.000938,0.165869,0.010679,0.552028,0.189546,0.063554
ACAGTGCAGCGCATTT-1,0.14188,0.25876,0.072868,0.036502,0.124837,0.197019,0.168134
ACATAAGTCGTGGTGA-1,0.023998,0.028708,0.00014,0.004767,0.465564,0.470891,0.005932
ACATAATAAGGCGGTG-1,0.000009,0.074467,0.019175,0.035573,0.192318,0.512411,0.166046
ACATCAGCTGGGACGC-1,0.047633,0.021142,0.022612,0.014908,0.434485,0.401425,0.057794
ACATCCCGGCCATACG-1,0.003822,0.05748,0.325658,0.204802,0.263267,0.0504,0.09457
ACATCCTGGTAACTGT-1,0.513619,0.485882,0.00005,0.00005,0.0002,0.0001,0.0001
ACATCGATCGTTTACC-1,0.000013,0.011822,0.009137,0.380089,0.094073,0.43108,0.073786
ACATCGGTCAGCCGCG-1,0.000008,0.056997,0.174401,0.078073,0.530812,0.081227,0.078482
ACATCGTATGCAATGG-1,0.000012,0.170654,0.000994,0.003227,0.070988,0.673797,0.08033
ACATCGTTAACCTAGT-1,0.000006,0.100302,0.289936,0.078292,0.216689,0.073034,0.241741
ACATCTCAACGCGTAA-1,0.000009,0.052225,0.00009,0.000131,0.024603,0.785261,0.137681
ACATGCTTACGGCAGC-1,0.001736,0.001736,0.001736,0.196488,0.006945,0.787886,0.003472
ACATGGCGCCAAAGTA-1,0.483085,0.287969,0.000142,0.000142,0.000569,0.227809,0.000284
ACATTAGTTTATATCC-1,0.000009,0.092018,0.107598,0.045274,0.329066,0.2704,0.155634
ACCAAACACCCAGCGA-1,0.00879,0.079086,0.022448,0.018855,0.306396,0.464337,0.100089
ACCAAACTAGAAATCC-1,0.000851,0.025214,0.044446,0.023049,0.179223,0.505754,0.221463
ACCAACACCACACACT-1,0.023958,0.195611,0.103665,0.045007,0.342693,0.199831,0.089235
ACCAACCGCACTCCAC-1,0.000015,0.067593,0.023434,0.025498,0.484731,0.325878,0.072852
ACCAACGCTTATTTAT-1,0.015317,0.01176,0.079334,0.027807,0.526797,0.242305,0.096681
ACCAAGAACGCGTGTC-1,0.000007,0.047669,0.216892,0.166189,0.417758,0.035108,0.116378
ACCAAGTCATCGGCAG-1,0.000017,0.000017,0.057412,0.011307,0.600394,0.287465,0.043387
ACCAATATGCAAGTTA-1,0.003143,0.027226,0.115512,0.032644,0.409336,0.282859,0.12928
ACCACAACTCAGAACA-1,0.017885,0.272978,0.071062,0.049494,0.262594,0.18266,0.143327
ACCACAAGTTTCTATC-1,0.004314,0.006951,0.200886,0.046273,0.538666,0.121982,0.080927
ACCACACGGTTGATGG-1,0.001323,0.001323,0.001323,0.001323,0.989417,0.002646,0.002646
ACCACCAATGTAACAA-1,0.58052,0.224248,0.00022,0.00022,0.00088,0.193473,0.00044
ACCACCCTCTCTTCTA-1,0.008688,0.141266,0.001455,0.012608,0.140883,0.651487,0.043613
ACCACGTGCAGCTATA-1,0.003404,0.086001,0.048586,0.026678,0.172154,0.437866,0.225311
ACCAGACCATAACAAC-1,0.01496,0.172264,0.057946,0.023962,0.450732,0.160121,0.120014
ACCAGCCCGGTCTTTG-1,0.00001,0.035742,0.034943,0.010725,0.160904,0.507316,0.25036
ACCAGGAGTGTGATCT-1,0.000009,0.007993,0.019112,0.009,0.063601,0.635408,0.264877
ACCAGTGCCCGGTCAA-1,0.040054,0.018024,0.197501,0.073301,0.133087,0.127933,0.410099
ACCAGTGCGGGAGACG-1,0.01141,0.025268,0.000018,0.000018,0.009638,0.804833,0.148816
ACCATATCCGCAATAA-1,0.011367,0.054165,0.104051,0.031602,0.512985,0.201975,0.083855
ACCATCCGCCAACTAG-1,0.000008,0.003096,0.002983,0.00384,0.36808,0.599301,0.022691
ACCATCGTATATGGTA-1,0.002137,0.023729,0.006701,0.053844,0.238338,0.603061,0.072191
ACCCAACGCCCGTGGC-1,0.05331,0.159937,0.577193,0.035042,0.139238,0.006416,0.028864
ACCCACCTACATGCTC-1,0.000009,0.023035,0.042314,0.040919,0.229802,0.431696,0.232225
ACCCATCTTGAGGGTA-1,0.000013,0.002688,0.042877,0.001986,0.317205,0.483737,0.151495
ACCCATTTGTCCCTCT-1,0.00006,0.005027,0.00006,0.00006,0.276735,0.692426,0.025632
ACCCGAGCGAAATTAC-1,0.008966,0.005894,0.100512,0.023963,0.781152,0.064229,0.015284
ACCCGATTGGTTCCGA-1,0.000017,0.002387,0.039062,0.015961,0.407247,0.457373,0.077952
ACCCGGAAACTCCCAG-1,0.000009,0.115638,0.03703,0.011393,0.210737,0.396728,0.228464
ACCCGGAGCACCACAA-1,0.019858,0.310607,0.000019,0.00936,0.053421,0.584087,0.022648
ACCCGGTTACACTTCC-1,0.00001,0.037839,0.194602,0.027252,0.511035,0.12076,0.108502
ACCCGTAGCAGAGAAT-1,0.228198,0.070724,0.00853,0.073788,0.300653,0.295972,0.022136
ACCCGTAGTCTAGTTG-1,0.055832,0.071468,0.000032,0.000032,0.055319,0.760196,0.057123
ACCCGTGTCATCAGTA-1,0.000012,0.009567,0.14155,0.020858,0.284407,0.341574,0.202032
ACCCTATGCCATATCG-1,0.051903,0.129058,0.048103,0.039101,0.383709,0.289342,0.058785
ACCCTCCCGTCAGGGC-1,0.007842,0.010012,0.026081,0.027619,0.452752,0.434542,0.041152
ACCCTCCCTTGCTATT-1,0.00001,0.038631,0.003061,0.007839,0.070233,0.833622,0.046604
ACCCTGGTAACGCCCT-1,0.019536,0.002749,0.003702,0.009521,0.216589,0.710162,0.037742
ACCCTTCATCTGCGAA-1,0.000009,0.154087,0.047583,0.015048,0.191581,0.367918,0.223773
ACCCTTGCCTGGGTCG-1,0.013142,0.000014,0.000507,0.000014,0.136274,0.842331,0.007718
ACCCTTTAGTTCTCCA-1,0.000011,0.18493,0.07766,0.104771,0.157072,0.185697,0.289859
ACCGAAAGGGCCCTGC-1,0.000006,0.052638,0.245238,0.051332,0.286353,0.137682,0.226751
ACCGAAGAGTCTGGTT-1,0.018895,0.000807,0.000024,0.013023,0.207762,0.735834,0.023655
ACCGACACATCTCCCA-1,0.000008,0.020487,0.015944,0.0084,0.137594,0.28272,0.534847
ACCGACTGAGTCCCAC-1,0.035033,0.053149,0.149694,0.044603,0.279541,0.192813,0.245166
ACCGAGTCTCCTTATT-1,0.000011,0.13369,0.020561,0.07494,0.371457,0.316066,0.083275
ACCGATAGGCATAACC-1,0.023286,0.040914,0.013427,0.012576,0.329527,0.53549,0.04478
ACCGATATTTAATCAT-1,0.019009,0.071771,0.040705,0.153657,0.325006,0.311048,0.078805
ACCGATGGTAGCATCG-1,0.434108,0.562134,0.000375,0.000375,0.001506,0.000751,0.000751
ACCGCAATAACTGCCT-1,0.03106,0.00601,0.010551,0.008297,0.177783,0.647355,0.118944
ACCGCGGTGGAAGTCG-1,0.54541,0.451775,0.000282,0.000282,0.001126,0.000563,0.000563
ACCGCTAGTCATTGGT-1,0.000072,0.182982,0.139968,0.384775,0.291426,0.000145,0.000631
ACCGGTCAGGTACACC-1,0.000013,0.097203,0.001471,0.00398,0.493782,0.386756,0.016795
ACCGGTCTGAGTACGG-1,0.000007,0.008882,0.128447,0.050386,0.205988,0.347057,0.259233
ACCGTGACCACGTGGG-1,0.015796,0.001666,0.01892,0.008326,0.364588,0.523875,0.066829
ACCGTTCCCGCTCTGA-1,0.01158,0.063042,0.209485,0.137821,0.229284,0.169633,0.179156
ACCTAAGTACCTTTCA-1,0.012099,0.234677,0.006235,0.001815,0.474416,0.257026,0.013732
ACCTAATCGACTTCCT-1,0.001833,0.184824,0.019085,0.104571,0.197607,0.425081,0.066999
ACCTACAGTATGTGGT-1,0.631298,0.333749,0.000037,0.000037,0.000148,0.034658,0.000074
ACCTACTATAAATCTA-1,0.040686,0.010334,0.024229,0.053867,0.310302,0.487744,0.072837
ACCTCCGCCCTCGCTG-1,0.023993,0.152754,0.003036,0.012835,0.194327,0.604243,0.008812
ACCTCCGTTATTCACC-1,0.691363,0.307505,0.000113,0.000113,0.000453,0.000226,0.000226
ACCTCGAACTTATGCT-1,0.0041,0.168593,0.000039,0.020953,0.527796,0.268787,0.009731
ACCTGCGTGTCATGTT-1,0.048401,0.022939,0.000129,0.053231,0.20828,0.632342,0.034678
ACCTTTCCTTTAGAAG-1,0.001416,0.043009,0.129945,0.051596,0.240854,0.228257,0.304923
ACGAAATGGGCGGCAC-1,0.002076,0.368899,0.189988,0.116869,0.213689,0.001129,0.10735
ACGACCCATGAGTTGC-1,0.010059,0.002038,0.142464,0.009982,0.605244,0.18337,0.046843
ACGACTCTAGGGCCGA-1,0.008024,0.023412,0.058606,0.029746,0.413691,0.322976,0.143544
ACGACTGGTCATACTC-1,0.028166,0.077341,0.00786,0.046265,0.320535,0.471486,0.048348
ACGAGAACCCATCACG-1,0.01235,0.012853,0.071208,0.020158,0.213221,0.486534,0.183676
ACGAGATATTTGCTTA-1,0.000012,0.649957,0.009164,0.05666,0.054584,0.111601,0.118021
ACGAGGATACCACTCT-1,0.011699,0.022159,0.053087,0.013651,0.789643,0.093671,0.01609
ACGAGGTTTACAACGT-1,0.007509,0.000023,0.000025,0.001278,0.558614,0.42894,0.003612
ACGAGTACGGATGCCC-1,0.116417,0.032402,0.080057,0.015571,0.321348,0.262895,0.17131
ACGATACATAGAACTA-1,0.010045,0.132156,0.031526,0.019849,0.250263,0.414686,0.141475
ACGATCATACATAGAG-1,0.021744,0.14795,0.156243,0.048415,0.30056,0.104003,0.221085
ACGATCATCTTGTAAA-1,0.271349,0.297719,0.000161,0.000161,0.02197,0.252711,0.155928
ACGATGCATATGTTAT-1,0.0566,0.325027,0.000014,0.003006,0.09739,0.488763,0.0292
ACGATGGATCCGATGC-1,0.000009,0.198983,0.001889,0.023054,0.055548,0.52626,0.194257
ACGCAAACTAATAGAT-1,0.000007,0.312166,0.000007,0.004266,0.052093,0.592542,0.038918
ACGCAATCACTACAGC-1,0.017077,0.041881,0.020578,0.001985,0.262085,0.561534,0.094859
ACGCATAAATGACATG-1,0.013459,0.01707,0.010254,0.004315,0.040129,0.715651,0.199122
ACGCATACGTTTACTA-1,0.000014,0.139674,0.001555,0.034964,0.063323,0.702705,0.057763
ACGCATTCGTGAGTAC-1,0.034164,0.079205,0.014846,0.019903,0.293972,0.511404,0.046507
ACGCCACTCGAAACAG-1,0.001208,0.001208,0.001208,0.001208,0.004831,0.002416,0.987922
ACGCCAGATGATTTCT-1,0.046464,0.011691,0.045195,0.018542,0.125273,0.407989,0.344847
ACGCCCAGCTGTCGAT-1,0.005887,0.129549,0.00001,0.00001,0.012846,0.81289,0.038807
ACGCCGCTAGACGACC-1,0.032915,0.079914,0.029003,0.116727,0.289587,0.280565,0.171289
ACGCGAAGTCAGACGA-1,0.000008,0.003773,0.198554,0.041618,0.44114,0.197291,0.117617
ACGCGCTACACAGGGT-1,0.014022,0.004842,0.000934,0.01337,0.003098,0.000015,0.963719
ACGCGGGCCAAGGACA-1,0.104215,0.001823,0.01959,0.00925,0.305058,0.48096,0.079104
ACGCTAGTATCAGTGC-1,0.089828,0.212149,0.011533,0.014812,0.057463,0.42958,0.184634
ACGCTAGTGATACACT-1,0.000014,0.461192,0.005318,0.002371,0.362995,0.12503,0.04308
ACGCTGTGAGGCGTAG-1,0.013188,0.002989,0.002298,0.01142,0.516281,0.443343,0.010481
ACGCTTAGTGTCTCTC-1,0.005713,0.045062,0.000571,0.45069,0.016351,0.36113,0.120482
ACGGAATTTAGCAAAT-1,0.00001,0.078179,0.000729,0.014096,0.085032,0.750606,0.071348
ACGGACGCAGCGACAA-1,0.062526,0.000196,0.56146,0.07965,0.295385,0.000391,0.000391
ACGGACTCTCAAAGCG-1,0.000008,0.017115,0.067047,0.017379,0.247993,0.438016,0.212441
ACGGAGCGCAAATTAC-1,0.051765,0.009809,0.327677,0.063612,0.500775,0.023164,0.023197
ACGGATGGTGCGGATA-1,0.003124,0.016374,0.239505,0.067885,0.429811,0.139772,0.103529
ACGGCACTTGCTTGGG-1,0.000012,0.127329,0.010472,0.032487,0.079839,0.593591,0.15627
ACGGCCAACATGGACT-1,0.000007,0.013166,0.237196,0.061364,0.325285,0.125931,0.237051
ACGGCGACGATGGGAA-1,0.000425,0.049344,0.01262,0.00522,0.086655,0.679931,0.165805
ACGGCGGGTTGCCCTG-1,0.000011,0.012527,0.042682,0.022995,0.199318,0.580888,0.14158
ACGGCTGGATGTAGAA-1,0.004349,0.004771,0.081547,0.088322,0.798183,0.017881,0.004948
ACGGGAGTGTCGGCCC-1,0.006037,0.206073,0.006096,0.055846,0.358558,0.309006,0.058383
ACGGGCGTATGCGACA-1,0.041999,0.078722,0.048486,0.018116,0.338415,0.38502,0.089242
ACGGGTTGTGACCTGT-1,0.196824,0.238784,0.00008,0.00008,0.017167,0.480387,0.066678
ACGGTACAGTTCAATG-1,0.003561,0.062504,0.019981,0.024977,0.360491,0.473562,0.054923
ACGGTCACCGAGAACA-1,0.085046,0.029515,0.051886,0.023105,0.667372,0.104744,0.038332
ACGTACAGATTTCTCT-1,0.000009,0.001787,0.036551,0.01407,0.221842,0.549301,0.17644
ACGTACTTTGGCACGG-1,0.008376,0.045805,0.048224,0.009211,0.525731,0.333663,0.028992
ACGTAGATTGCTGATG-1,0.025063,0.539625,0.005009,0.004279,0.122759,0.178999,0.124267
ACGTAGGAGAGTCGCT-1,0.016612,0.011665,0.04695,0.020347,0.3795,0.377479,0.147447
ACGTCCTAAACGAGAT-1,0.000008,0.126032,0.006673,0.014963,0.079177,0.534322,0.238825
ACGTCTCGTTCCGGGA-1,0.014006,0.02426,0.013323,0.01768,0.430812,0.455011,0.044909
ACGTGCGCCTCGTGCA-1,0.010156,0.018028,0.023411,0.028303,0.226685,0.493102,0.200314
ACGTGGTCGAATGTGC-1,0.011892,0.009231,0.173383,0.033788,0.35041,0.237591,0.183704
ACGTTAATGTCGAAGA-1,0.025221,0.017451,0.255167,0.048489,0.297914,0.191167,0.16459
ACGTTAGATTTGCCCG-1,0.003793,0.00038,0.016529,0.000896,0.341323,0.547986,0.089093
ACGTTATTGGTCACTC-1,0.018833,0.016759,0.027882,0.010959,0.344573,0.52928,0.051713
ACGTTCACTATGCCGC-1,0.027558,0.4478,0.021166,0.000583,0.381592,0.098866,0.022435
ACGTTCCGCGCTCCGT-1,0.000007,0.002622,0.037767,0.01401,0.236417,0.55328,0.155895
ACGTTCGCAATCAATT-1,0.964481,0.000105,0.000105,0.000105,0.00042,0.034573,0.00021
ACGTTCGTTCAGGAAA-1,0.012282,0.046219,0.184595,0.096133,0.421344,0.139282,0.100143
ACGTTCTGTACAAGTC-1,0.002552,0.211092,0.008904,0.004674,0.179162,0.543164,0.050452
ACGTTGTCGTTGAAAG-1,0.002137,0.002137,0.002137,0.002137,0.008547,0.978632,0.004274
ACGTTTAGTTGTGATC-1,0.000008,0.051878,0.463854,0.061597,0.273289,0.032014,0.11736
ACTAAGGACGCACACC-1,0.00001,0.038962,0.002438,0.009651,0.098516,0.807211,0.043212
ACTAATACGTCAGGCG-1,0.000008,0.01474,0.163287,0.095452,0.231139,0.152539,0.342835
ACTACAAAGAGAGGTG-1,0.000013,0.162517,0.057727,0.0113,0.628258,0.092709,0.047477
ACTACATCCCGACAAG-1,0.007229,0.018785,0.00008,0.02808,0.2937,0.644013,0.008114
ACTACCAGCTCTCTGG-1,0.018317,0.100343,0.010594,0.045046,0.293728,0.444175,0.087797
ACTACGCGTTAGAATT-1,0.000008,0.033092,0.125445,0.018503,0.427683,0.277561,0.117708
ACTAGTTGCGATCGTC-1,0.011351,0.161916,0.052215,0.009774,0.087442,0.367972,0.309329
ACTATATGCTGTGTTC-1,0.03394,0.161772,0.032327,0.047635,0.195699,0.361379,0.167246
ACTATCCAGGGCATGG-1,0.867353,0.085009,0.020767,0.026675,0.000098,0.000049,0.000049
ACTATCTGCCCGCGTA-1,0.214742,0.232521,0.000025,0.032501,0.066667,0.413112,0.040431
ACTATGTCCAGCTGCC-1,0.022461,0.000749,0.010866,0.00883,0.643992,0.288244,0.024856
ACTATTCGTCCGTGGT-1,0.043017,0.172912,0.29932,0.029681,0.2153,0.062912,0.176858
ACTATTTCCGGGCCCA-1,0.010741,0.014457,0.312836,0.027512,0.540144,0.048479,0.045831
ACTCAACGAATGTATT-1,0.028913,0.06668,0.005137,0.031123,0.151099,0.590757,0.12629
ACTCAATAAAGGCACG-1,0.000332,0.203273,0.110091,0.024909,0.238572,0.210474,0.212349
ACTCAGACCTGCTTCT-1,0.000008,0.02352,0.316971,0.103428,0.283394,0.1459,0.126779
ACTCATGGCAGCCTTC-1,0.000024,0.309677,0.000024,0.000024,0.376702,0.293181,0.020368
ACTCCAATATCATCAT-1,0.00168,0.162315,0.00622,0.009186,0.317296,0.475603,0.0277
ACTCCCATTCCTAAAG-1,0.039082,0.059344,0.022048,0.035657,0.611332,0.172023,0.060514
ACTCCCGAATTCGTTT-1,0.51318,0.48219,0.000463,0.000463,0.001852,0.000926,0.000926
ACTCCCGTAGACTAGG-1,0.000708,0.319168,0.015123,0.012535,0.236811,0.350626,0.065028
