Barcode,Topic 1,Topic 2,Topic 3,Topic 4to8,Topic 9to10
AAACAAGTATCTCCCA-1,0.151529,0.01408,0.045014,0.747193,0.042184
AAACAATCTACTAGCA-1,0.006586,0.000021,0.104724,0.872389,0.016279
AAACACCAATAACTGC-1,0.021638,0.000015,0.112104,0.704241,0.162002
AAACAGAGCGACTCCT-1,0.00002,0.011946,0.05751,0.913105,0.017419
AAACAGCTTTCAGAAG-1,0.190496,0.000034,0.005577,0.598141,0.205752
AAACAGGGTCTATATT-1,0.175588,0.000037,0.061436,0.570576,0.192364
AAACAGTGTTCCTGGG-1,0.030737,0.000018,0.022321,0.752676,0.19425
AAACATGGTGAGAGGA-1,0.286051,0.00001,0.00244,0.412856,0.298643
AAACATTTCCCGGATT-1,0.403274,0.000041,0.000041,0.357274,0.23937
AAACCCGAACGAAATC-1,0.915734,0.000055,0.000055,0.000273,0.083884
AAACCGGAAATGTTAA-1,0.740827,0.004632,0.000047,0.000233,0.254261
AAACCGGGTAGGTACC-1,0.016427,0.000015,0.113282,0.813595,0.056681
AAACCGTTCGTCCAGG-1,0.032327,0.004446,0.113849,0.679476,0.169903
AAACCTAAGCAGCCGG-1,0.142615,0.000023,0.00073,0.685538,0.171094
AAACCTCATGAAGTTG-1,0.085424,0.00048,0.085937,0.730033,0.098126
AAACGAAGAACATACC-1,0.132496,0.00128,0.040047,0.738459,0.087718
AAACGAAGATGGAGTA-1,0.074614,0.000048,0.010106,0.820576,0.094656
AAACGAGACGGTTGAT-1,0.028529,0.003721,0.085288,0.770909,0.111553
AAACGCCCGAGATCGG-1,0.029765,0.004779,0.098267,0.777692,0.089497
AAACGCTGGGCACGAC-1,0.940063,0.000053,0.0487,0.00075,0.010434
AAACGGGCGTACGGGT-1,0.272558,0.00478,0.008111,0.61763,0.096921
AAACGGGTTGGTATCC-1,0.08555,0.000047,0.022252,0.80854,0.083611
AAACGGTTGCGAACTG-1,0.006378,0.004007,0.098395,0.886262,0.004958
AAACGTGTTCGCCCTA-1,0.154286,0.000041,0.054334,0.717083,0.074256
AAACTAACGTGGCGAC-1,0.019937,0.000016,0.038856,0.770313,0.170878
AAACTCGGTTCGCAAT-1,0.020226,0.001396,0.29762,0.518072,0.162687
AAACTCGTGATATAAG-1,0.112338,0.034725,0.181688,0.596756,0.074493
AAACTGCTGGCTCCAA-1,0.064383,0.00002,0.080837,0.623681,0.231079
AAACTTAATTGCACGC-1,0.051595,0.002865,0.028178,0.46209,0.455272
AAACTTGCAAACGTAT-1,0.231007,0.000029,0.034647,0.502702,0.231614
AAAGAATGACCTTAGA-1,0.054058,0.00003,0.009687,0.416735,0.51949
AAAGAATGTGGACTAA-1,0.674498,0.000028,0.312257,0.000256,0.012962
AAAGACCCAAGTCGCG-1,0.000019,0.004889,0.056225,0.537981,0.400886
AAAGACTGGGCGCTTT-1,0.075691,0.000023,0.087987,0.781949,0.05435
AAAGCTTGCCTACATA-1,0.762742,0.000057,0.000057,0.193803,0.043341
AAAGGCCCTATAATAC-1,0.030922,0.015598,0.013272,0.495577,0.444631
AAAGGCTACGGACCAT-1,0.045785,0.012003,0.104859,0.83042,0.006933
AAAGGCTCTCGCGCCG-1,0.160927,0.000012,0.099158,0.624017,0.115886
AAAGGGATGTAGCAAG-1,0.067123,0.003586,0.075457,0.630508,0.223327
AAAGGGCAGCTTGAAT-1,0.013473,0.006283,0.033594,0.864827,0.081823
AAAGGTAAGCTGTACC-1,0.023156,0.0012,0.047805,0.86101,0.066829
AAAGTAGCATTGCTCA-1,0.581331,0.001378,0.083224,0.1746,0.159468
AAAGTCACTGATGTAA-1,0.020693,0.022659,0.061612,0.59998,0.295056
AAAGTCGACCCTCAGT-1,0.043845,0.00002,0.016842,0.37744,0.561851
AAAGTGCCATCAATTA-1,0.436497,0.00003,0.56148,0.000148,0.001846
AAAGTGTGATTTATCT-1,0.061723,0.000029,0.135904,0.762584,0.03976
AAAGTTGACTCCCGTA-1,0.036378,0.02167,0.019154,0.742842,0.179956
AAATAACCATACGGGA-1,0.167597,0.000019,0.196211,0.585257,0.050916
AAATAAGGTAGTGCCC-1,0.149109,0.000023,0.082351,0.535882,0.232634
AAATACCTATAAGCAT-1,0.007737,0.012024,0.140176,0.804039,0.036024
AAATAGGGTGCTATTG-1,0.098562,0.00004,0.074229,0.710993,0.116176
AAATCCGATACACGCC-1,0.104362,0.000014,0.082584,0.734753,0.078287
AAATCGCGGAAGGAGT-1,0.086828,0.000049,0.00375,0.641313,0.268061
AAATCGTGTACCACAA-1,0.0456,0.004243,0.06467,0.860041,0.025445
AAATCTAGCCCTGCTA-1,0.32386,0.00008,0.461988,0.165639,0.048434
AAATCTGCCCGCGTCC-1,0.051586,0.000024,0.16987,0.676085,0.102435
AAATGACTGATCAAAC-1,0.000008,0.038195,0.155775,0.716517,0.089505
AAATGATTCGATCAGC-1,0.007784,0.000026,0.02444,0.852122,0.115628
AAATGCTCGTTACGTT-1,0.000014,0.000874,0.222014,0.732068,0.04503
AAATGGCATGTCTTGT-1,0.000022,0.009498,0.015239,0.259459,0.715782
AAATGGCCCGTGCCCT-1,0.25635,0.000039,0.010141,0.661519,0.071951
AAATGGTCAATGTGCC-1,0.000026,0.008394,0.006688,0.761347,0.223546
AAATGTATCTTATCCC-1,0.169205,0.017346,0.031314,0.710748,0.071386
AAATTAACGGGTAGCT-1,0.072866,0.020045,0.055526,0.839035,0.012527
AAATTAATAAGCGCGA-1,0.016659,0.000012,0.087456,0.867891,0.027982
AAATTACACGACTCTG-1,0.021114,0.015625,0.029058,0.76982,0.164384
AAATTACCTATCGATG-1,0.205979,0.003253,0.024938,0.712173,0.053657
AAATTCCAGGTCCAAA-1,0.264958,0.000026,0.069605,0.553899,0.111512
AAATTGATAGTCCTTT-1,0.022001,0.000018,0.019803,0.550689,0.40749
AAATTGCGGCGGTTCT-1,0.000029,0.000029,0.007999,0.625452,0.36649
AAATTGGTGAGAAGCA-1,0.164559,0.002122,0.033636,0.555348,0.244335
AAATTTACCGAAATCC-1,0.003329,0.000009,0.150979,0.805795,0.039887
AAATTTGCGGGTGTGG-1,0.201158,0.000008,0.256337,0.446406,0.096091
AACAACTGGTAGTTGC-1,0.020297,0.011294,0.054261,0.751829,0.162319
AACAATACATTGTCGA-1,0.072317,0.007197,0.209629,0.325979,0.384878
AACAATTACTCTACGC-1,0.034429,0.000014,0.109392,0.695313,0.160852
AACACACGCTCGCCGC-1,0.080404,0.000022,0.031958,0.760741,0.126875
AACACGACTGTACTGA-1,0.000013,0.000147,0.102141,0.885462,0.012238
AACACGAGACGCGGCC-1,0.269782,0.000025,0.007602,0.37314,0.34945
AACACGCGGCCGCGAA-1,0.004182,0.000022,0.122905,0.778772,0.094119
AACAGCTGTGTGGCAA-1,0.040631,0.012338,0.10331,0.648381,0.195339
AACAGGAAATCGAATA-1,0.006114,0.00001,0.083412,0.61921,0.291254
AACAGGATGGGCCGCG-1,0.399582,0.000018,0.000832,0.335925,0.263643
AACAGGTAGTATGGAT-1,0.907741,0.000109,0.000109,0.083572,0.008468
AACATAGCGTGTATCG-1,0.288441,0.000013,0.135901,0.496913,0.078732
AACATATCAACTGGTG-1,0.03757,0.016694,0.021882,0.639895,0.283959
AACATCGATACGTCTA-1,0.074659,0.011745,0.129892,0.633284,0.15042
AACATTGAAGTTGATC-1,0.079978,0.007552,0.046251,0.759817,0.106402
AACATTGGTCAGCCGT-1,0.000029,0.035398,0.179694,0.69081,0.094068
AACATTGTGACTCGAG-1,0.068245,0.009625,0.131968,0.642882,0.147281
AACCAAGACTTCTCTG-1,0.001198,0.012412,0.100416,0.798508,0.087466
AACCAGTATCACTCTT-1,0.048264,0.000027,0.083125,0.84595,0.022633
AACCATAGGGTTGAAC-1,0.002086,0.000012,0.116913,0.845079,0.03591
AACCATGGGATCGCTA-1,0.000036,0.010385,0.029809,0.954179,0.00559
AACCCAGAGACGGAGA-1,0.062364,0.003293,0.162008,0.699606,0.072728
AACCCATCCCATGATC-1,0.017969,0.000024,0.040444,0.511026,0.430538
AACCCGACAACCCGTG-1,0.059538,0.000021,0.138028,0.788327,0.014086
AACCCGAGCAGAATCG-1,0.73591,0.00008,0.140988,0.065216,0.057805
AACCCGATAGGGCTTC-1,0.242711,0.002618,0.000049,0.121254,0.633368
AACCCGCTGTATTCCA-1,0.049344,0.005343,0.073513,0.547657,0.324143
AACCCTACTGTCAATA-1,0.07059,0.02254,0.035753,0.694266,0.176852
AACCCTGGTGGAACCA-1,0.003762,0.000011,0.044867,0.547883,0.403477
AACCGAGCTTGGTCAT-1,0.050702,0.008671,0.05739,0.709534,0.173704
AACCGCTAAGGGATGC-1,0.149181,0.00226,0.111457,0.661598,0.075505
AACCGTTGTGTTTGCT-1,0.000009,0.00069,0.436976,0.555365,0.006959
AACCTCGCTTTAGCCC-1,0.098741,0.000017,0.080743,0.807629,0.01287
AACCTGTCACGGAATT-1,0.998302,0.000043,0.000043,0.000216,0.001396
AACCTTTAAATACGGT-1,0.000015,0.019777,0.135642,0.806356,0.03821
AACCTTTACGACGTCT-1,0.000037,0.000037,0.05649,0.938668,0.004768
AACGAAAGTCGTCCCA-1,0.012095,0.000015,0.095473,0.79622,0.096197
AACGACCTCCTAGCCG-1,0.770139,0.011249,0.000058,0.00029,0.218265
AACGATAATGCCGTAG-1,0.033597,0.050672,0.014806,0.768631,0.132294
AACGATAGAAGGGCCG-1,0.000018,0.01723,0.405607,0.39355,0.183595
AACGATATGTCAACTG-1,0.015583,0.009327,0.145802,0.568147,0.261141
AACGCATGATCTGGGT-1,0.027288,0.002534,0.112077,0.806297,0.051803
AACGCGAACGGCAACA-1,0.009092,0.000031,0.034974,0.876526,0.079377
AACGCGACCTTGGGCG-1,0.046671,0.002924,0.06113,0.785285,0.10399
AACGCGGTCTCCAGCC-1,0.093922,0.02434,0.006378,0.173179,0.702181
AACGCTGTTGCTGAAA-1,0.082438,0.008664,0.067781,0.786318,0.054799
AACGGACGTACGTATA-1,0.05298,0.000018,0.064135,0.855101,0.027765
AACGGCCATCTCCGGT-1,0.021464,0.000012,0.041661,0.658464,0.278398
AACGTACTGTGGGTAC-1,0.00057,0.000017,0.30544,0.58468,0.109294
AACGTCAGACTAGTGG-1,0.011171,0.000016,0.105256,0.704874,0.178682
AACGTCATCCGGCTTG-1,0.0144,0.000851,0.095858,0.729208,0.159683
AACGTCGCTGCACTTC-1,0.816001,0.000049,0.183609,0.000243,0.000097
AACGTGATGAAGGACA-1,0.00001,0.704951,0.111344,0.18339,0.000305
AACGTGCGAAAGTCTC-1,0.167437,0.000014,0.0308,0.638076,0.163673
AACGTTATCAGCACCT-1,0.010608,0.003125,0.621339,0.275761,0.089167
AACGTTCTACCATTGT-1,0.989596,0.000043,0.000043,0.000214,0.010105
AACTACCCGTTTGTCA-1,0.785447,0.020091,0.086877,0.035356,0.072228
AACTAGCGTATCGCAC-1,0.110684,0.000022,0.049726,0.637477,0.202091
AACTAGGCTTGGGTGT-1,0.036628,0.002594,0.067697,0.827283,0.065798
AACTCAAGTTAATTGC-1,0.051774,0.004666,0.056748,0.793422,0.093389
AACTCCTAATCCCATG-1,0.016238,0.000016,0.11254,0.799049,0.072158
AACTCGATAAACACGT-1,0.330502,0.000018,0.001669,0.095672,0.572138
AACTCGATGGCGCAGT-1,0.054116,0.000038,0.005593,0.873005,0.067247
AACTCTCAATAGAGCG-1,0.009736,0.000012,0.078855,0.823085,0.088312
AACTCTCAGTGTGCTC-1,0.019807,0.008697,0.07352,0.790711,0.107264
AACTGAGGTCAGCGTC-1,0.072678,0.001454,0.093624,0.750331,0.081913
AACTGAGTTATACTGA-1,0.864744,0.000106,0.000106,0.004852,0.130193
AACTGATATTAGGCCT-1,0.049394,0.000602,0.130762,0.67937,0.139873
AACTGGGTCCCGACGT-1,0.016055,0.002451,0.196582,0.458227,0.326685
AACTGGGTTCGAGCCG-1,0.00005,0.021601,0.115022,0.820655,0.042672
AACTGGTGTGGGCCTT-1,0.136441,0.004581,0.021489,0.529822,0.307667
AACTTCTGCGTCTATC-1,0.033287,0.005986,0.410085,0.500937,0.049705
AACTTGCCCGTATGCA-1,0.000867,0.001042,0.198104,0.577594,0.222393
AACTTGCGTTCTCGCG-1,0.000032,0.000039,0.094357,0.884692,0.020881
AACTTTACGGGAGCTT-1,0.075086,0.002981,0.059836,0.810662,0.051434
AACTTTAGCTGCTGAG-1,0.067273,0.000031,0.035619,0.860687,0.03639
AACTTTCTCGATCATG-1,0.975582,0.018799,0.000062,0.000311,0.005245
AAGAAAGTTTGATGGG-1,0.139596,0.010254,0.41435,0.161123,0.274677
AAGAAATCACCAGATT-1,0.85652,0.005609,0.000017,0.001412,0.136442
AAGAAGGATCAGTTAG-1,0.000025,0.000025,0.029178,0.414175,0.556597
AAGACATACGTGGTTT-1,0.515212,0.000035,0.484506,0.000176,0.00007
AAGACCAAATAACTCA-1,0.038336,0.000008,0.127101,0.811626,0.02293
AAGACCCAACTGAACA-1,0.033982,0.002123,0.121527,0.699503,0.142866
AAGACTAACCCGTTGT-1,0.018689,0.000021,0.020027,0.42849,0.532773
AAGACTGCAAGCTACT-1,0.125175,0.002771,0.028722,0.680893,0.162439
AAGAGATGAATCGGTA-1,0.012152,0.029564,0.093548,0.735895,0.128842
AAGAGCTCTTTATCGG-1,0.10441,0.000661,0.004788,0.356428,0.533714
AAGAGGATGTACGCGA-1,0.021769,0.006661,0.120863,0.750837,0.09987
AAGAGGCATGGATCGC-1,0.04923,0.00046,0.820179,0.08411,0.046021
AAGAGGCCCTTTGGAA-1,0.711448,0.000044,0.272754,0.009141,0.006612
AAGATGGCACCGGACC-1,0.04282,0.004208,0.227311,0.514569,0.211093
AAGATTGGCGGAACGT-1,0.039237,0.002012,0.090608,0.655138,0.213005
AAGCACCCTGCGTATC-1,0.02724,0.008197,0.378325,0.534408,0.05183
AAGCATACTCTCCTGA-1,0.006878,0.59557,0.214418,0.093166,0.089969
AAGCCACTTGCAGGTA-1,0.083633,0.006718,0.075421,0.437231,0.396997
AAGCCGAAGCGGTTTA-1,0.772397,0.000075,0.000075,0.100017,0.127435
AAGCCGCCGTGAAATC-1,0.003728,0.003012,0.014148,0.250588,0.728524
AAGCCGCTTTACCTTG-1,0.487648,0.01992,0.138418,0.28234,0.071674
AAGCCGGAGAGCAGGA-1,0.420878,0.004501,0.574417,0.000146,0.000058
AAGCGCAGGGCTTTGA-1,0.005498,0.014713,0.233393,0.182581,0.563814
AAGCGGAGTGCGCGCA-1,0.435171,0.000833,0.022109,0.41015,0.131737
AAGCGGCGTCATGGGT-1,0.005105,0.010198,0.041883,0.687133,0.255681
AAGCGTCCCTCATCGA-1,0.000018,0.00543,0.389909,0.213793,0.390851
AAGCTAGATCGAGTAA-1,0.037336,0.048137,0.03187,0.606773,0.275883
AAGCTATGGATTGACC-1,0.032046,0.000027,0.24836,0.409381,0.310186
AAGCTCGTGCCAAGTC-1,0.13716,0.000021,0.068475,0.557823,0.236521
AAGCTCTTTCATGGTG-1,0.060174,0.00004,0.011666,0.793673,0.134447
AAGGAGAACTTATAAG-1,0.13008,0.001589,0.131345,0.716623,0.020363
AAGGAGCGGTTGGTGC-1,0.010067,0.004367,0.106319,0.816087,0.063161
AAGGATCGATCGCTTG-1,0.157203,0.007624,0.019297,0.540108,0.275768
AAGGATGAGGGACCTC-1,0.000013,0.000012,0.073177,0.82687,0.099928
AAGGCAGGCTGTCTCC-1,0.923295,0.007842,0.000097,0.000483,0.068284
AAGGCGCGTAAAGCTT-1,0.021751,0.01923,0.079201,0.726278,0.153541
AAGGCTGTGCTCATCG-1,0.019828,0.036537,0.046668,0.818275,0.078692
AAGGGAACGACTGGCT-1,0.110785,0.012884,0.022266,0.754192,0.099873
AAGGGACAGATTCTGT-1,0.097443,0.000023,0.032749,0.295355,0.57443
AAGGGACTATGCATTC-1,0.015165,0.066397,0.008455,0.268691,0.641293
AAGGGTTAGCCATGCG-1,0.520671,0.000027,0.411843,0.001778,0.06568
AAGGGTTTGATTTCAG-1,0.145832,0.000028,0.034748,0.784476,0.034916
AAGGTATCCTAATATA-1,0.001347,0.003865,0.079933,0.612731,0.302124
AAGGTGATAAACCAGC-1,0.000013,0.000013,0.198589,0.754139,0.047247
AAGTAGTGACGCGAGG-1,0.017417,0.038314,0.026657,0.467623,0.449989
AAGTCAATTGTCGTCA-1,0.060058,0.009308,0.059862,0.860584,0.010188
AAGTCTAGTAGCTGCC-1,0.734177,0.039346,0.003,0.061828,0.161649
AAGTCTTCTGTGGCCT-1,0.000032,0.000032,0.00018,0.191614,0.808142
AAGTGACGACCGAATT-1,0.055721,0.003,0.067118,0.840402,0.033759
AAGTGAGTCGGGTTTA-1,0.000019,0.000019,0.013631,0.557917,0.428414
AAGTGCAAAGGTAGAC-1,0.044011,0.003721,0.000026,0.21232,0.739922
AAGTGCCTTGACTGTA-1,0.173104,0.003092,0.092731,0.674471,0.056603
AAGTGCGTTAGAATCT-1,0.300403,0.000032,0.075966,0.398282,0.225317
AAGTGCTTCTCTATTG-1,0.001679,0.006102,0.103724,0.604017,0.284477
AAGTGTTTGGAGACGG-1,0.217562,0.000018,0.053034,0.704235,0.025152
AAGTTCACTCCAAGCT-1,0.048881,0.00552,0.018753,0.682128,0.24472
AAGTTCAGTCTGCGTA-1,0.000898,0.006564,0.068616,0.754782,0.16914
AAGTTCGGCCAACAGG-1,0.116547,0.000522,0.113835,0.689323,0.079773
AAGTTGTGATGTTATA-1,0.967896,0.000065,0.000065,0.029343,0.002632
AAGTTTACTAATGGCA-1,0.02179,0.031935,0.096096,0.586745,0.263434
AAGTTTATGGGCCCAA-1,0.046981,0.032169,0.179463,0.60155,0.139838
AATAACAACGCTCGGC-1,0.009053,0.003822,0.121732,0.808042,0.057351
AATAACACTAGAACAA-1,0.013737,0.001112,0.297462,0.439873,0.247815
AATAACGTCGCGCCCA-1,0.704077,0.000026,0.252895,0.012863,0.03014
AATAAGTCCTCGAGAC-1,0.021926,0.004385,0.059182,0.706364,0.208144
AATAATCTTCGTATCG-1,0.952961,0.000096,0.000096,0.046655,0.000192
AATACAATGTTTCAGG-1,0.000033,0.000033,0.065891,0.839792,0.094251
AATACCGGAGGGCTGT-1,0.00868,0.000024,0.058068,0.360674,0.572554
AATACCTGATGTGAAC-1,0.902722,0.004995,0.000082,0.092036,0.000165
AATAGAACAGAGTGGC-1,0.027804,0.011062,0.098105,0.823304,0.039724
AATAGAATCTGTTTCA-1,0.020398,0.003603,0.078894,0.870866,0.026238
AATAGCAAGCCTCCTG-1,0.263406,0.000014,0.004805,0.070149,0.661626
AATAGCTACCGCGTGC-1,0.000208,0.006797,0.107053,0.825528,0.060414
AATAGGCACGACCCTT-1,0.058398,0.000036,0.117145,0.571901,0.252519
AATAGTCCGTCCCGAC-1,0.028347,0.00002,0.061776,0.762725,0.147133
AATAGTCGCGAGTCGG-1,0.116766,0.006358,0.418798,0.181362,0.276717
AATATCAAGGTCGGAT-1,0.000023,0.008749,0.156144,0.742822,0.092262
AATATCCTAGCAAACT-1,0.111866,0.062154,0.094018,0.596563,0.135399
AATATCGAATCAATGC-1,0.826436,0.000077,0.000077,0.004517,0.168892
AATATCGAGGGTTCTC-1,0.074301,0.021843,0.041026,0.770631,0.092199
AATATTGGAGTATTGA-1,0.002688,0.006716,0.081546,0.820388,0.088663
AATCAGACTGCAGGAC-1,0.000029,0.000029,0.061152,0.552504,0.386285
AATCAGGTTTCATTTA-1,0.101921,0.030568,0.005404,0.223343,0.638764
AATCATGTAAAGACTC-1,0.172536,0.002586,0.040782,0.732031,0.052066
AATCCAAGGGCCTGAG-1,0.000014,0.010466,0.08601,0.778146,0.125364
AATCCATGCAAGGGTG-1,0.000032,0.000032,0.108212,0.776239,0.115486
AATCCCGCTCAGAGCC-1,0.016232,0.008114,0.143317,0.793482,0.038854
AATCGAGGTCTCAAGG-1,0.251235,0.00002,0.262144,0.224774,0.261827
AATCGCCTCAGCGCCA-1,0.002085,0.000014,0.079048,0.787224,0.131628
AATCGCGCAGAGGACT-1,0.915903,0.000059,0.002401,0.01839,0.063247
AATCGGGACACTACGA-1,0.000018,0.000018,0.131938,0.576566,0.29146
AATCGGTATAGCCCTC-1,0.604385,0.000041,0.395286,0.000206,0.000082
AATCGTGAGCCGAGCA-1,0.125092,0.002704,0.027176,0.616721,0.228307
AATCTAGGTTTACTTG-1,0.192851,0.00002,0.03589,0.703378,0.067862
AATCTATGCCGGAGCC-1,0.031865,0.01383,0.040776,0.686484,0.227045
AATCTCTACTGTGGTT-1,0.038386,0.000026,0.105005,0.516963,0.339619
AATCTGCGTTGGGACG-1,0.043136,0.000034,0.048563,0.835043,0.073224
AATCTGGCTTTCTAGT-1,0.672638,0.000018,0.000018,0.233019,0.094306
AATCTGGGTAGACCCT-1,0.000023,0.000023,0.018681,0.820425,0.160847
AATGACAGCAATGTCT-1,0.502931,0.000024,0.000024,0.332584,0.164436
AATGACGTAGGATGTC-1,0.046392,0.003073,0.074907,0.782666,0.092961
AATGACTGTCAGCCGG-1,0.062148,0.011996,0.126151,0.784836,0.014868
AATGAGTTCGCATATG-1,0.032251,0.006247,0.103824,0.840615,0.017063
AATGATGATACGCTAT-1,0.000022,0.013639,0.161313,0.634477,0.19055
AATGATGCGACTCCTG-1,0.020996,0.061489,0.10359,0.67315,0.140775
AATGCAACCGGGTACC-1,0.000017,0.137268,0.058836,0.287596,0.516283
AATGCACCAAGCAATG-1,0.027955,0.011737,0.045231,0.7922,0.122876
AATGGTCCACCGTTCA-1,0.086191,0.000026,0.01886,0.781768,0.113154
AATGGTTCTCACAAGC-1,0.011756,0.16209,0.327654,0.401769,0.096731
AATGTATGGCACTGTA-1,0.00971,0.000029,0.022457,0.465465,0.50234
AATGTGCCCGAGGTGT-1,0.645338,0.000016,0.000017,0.235814,0.118815
AATGTGCTAATCTGAG-1,0.060161,0.000018,0.081155,0.69572,0.162946
AATGTTAAGACCCTGA-1,0.121517,0.000011,0.258372,0.000056,0.620044
AATGTTGTCGTGAGAC-1,0.974525,0.000062,0.000062,0.000309,0.025042
AATTAAAGGTCGGCGT-1,0.010005,0.021249,0.118013,0.784786,0.065948
AATTAACGGATTTCCA-1,0.07967,0.022111,0.098844,0.687441,0.111933
AATTACGAGACCCATC-1,0.053485,0.000029,0.041991,0.804206,0.100288
AATTACTCGTACGCTC-1,0.05862,0.002762,0.061707,0.710809,0.166102
AATTAGCGCTGCAGCG-1,0.025912,0.003787,0.138974,0.789164,0.042164
AATTATACCCAGCAAG-1,0.708591,0.000024,0.254481,0.001459,0.035445
AATTCATAAGGGATCT-1,0.064235,0.058438,0.163407,0.625269,0.088651
AATTCATTGTCATGCA-1,0.060849,0.000014,0.058099,0.876654,0.004383
AATTCCAACTTGGTGA-1,0.039826,0.000052,0.025766,0.845014,0.089342
AATTCCAAGCATGTAC-1,0.074161,0.000036,0.107651,0.789122,0.02903
AATTCGATTCGAGGAT-1,0.049797,0.000061,0.10525,0.670193,0.174699
AATTCTAGAGTTAGGC-1,0.023544,0.00662,0.146517,0.682002,0.141317
AATTGAACGCTCTGGT-1,0.075994,0.007147,0.018821,0.826101,0.071937
AATTGCAGCAATCGAC-1,0.773512,0.000044,0.207117,0.011337,0.00799
AATTGCGTGGATTACA-1,0.030918,0.000021,0.074893,0.879364,0.014804
AATTGTGGTTGCCAAA-1,0.685611,0.000063,0.312546,0.001656,0.000125
AATTTGGGACATAGTA-1,0.001128,0.000032,0.094994,0.719401,0.184446
AATTTGGTTCCAAAGA-1,0.002979,0.000018,0.032375,0.73054,0.234088
ACAAACCATGCGTCCT-1,0.314115,0.000014,0.012367,0.51018,0.163323
ACAAACTCCATCAGAG-1,0.091973,0.000008,0.148384,0.644135,0.1155
ACAAAGAAGGTAGGCC-1,0.068345,0.000043,0.000043,0.695543,0.236026
ACAAAGCATGACCTAG-1,0.89134,0.004084,0.000029,0.070828,0.033719
ACAAATCGCACCGAAT-1,0.006079,0.000096,0.060276,0.889271,0.044277
ACAAATGGTAGTGTTT-1,0.003205,0.00066,0.668478,0.292565,0.035092
ACAAATTCAGATCTGA-1,0.000023,0.000023,0.046796,0.866989,0.08617
ACAACAGCATGAGCTA-1,0.365453,0.003532,0.018949,0.323114,0.288953
ACAACGGTCCCTGCGA-1,0.019607,0.005748,0.053424,0.890564,0.030658
ACAAGCAGTGCCTAGC-1,0.016991,0.007182,0.301466,0.572785,0.101576
ACAAGCTATATGGAAG-1,0.040385,0.000009,0.246523,0.62075,0.092334
ACAAGGAAATCCGCCC-1,0.121246,0.013106,0.028252,0.736386,0.10101
ACAAGGACAAGAGGTT-1,0.31066,0.003426,0.011969,0.534633,0.139311
ACAAGGATGCTTTAGG-1,0.086662,0.004536,0.092179,0.748441,0.068183
ACAAGGCCTACCAGCC-1,0.024641,0.000031,0.035329,0.856062,0.083937
ACAAGGGCAGGCTCTG-1,0.014363,0.000028,0.11491,0.800002,0.070697
ACAAGTAATTGTAAGG-1,0.141957,0.001001,0.067591,0.484511,0.304941
ACAATAGTCGTACGTT-1,0.585187,0.005973,0.000023,0.256917,0.1519
ACAATCCATTTAAACC-1,0.00001,0.002186,0.132263,0.572348,0.293194
ACAATGAATACGGAGA-1,0.112958,0.000013,0.088014,0.759052,0.039963
ACAATGATTCTTCTAC-1,0.018568,0.000473,0.090045,0.741549,0.149365
ACAATTGTGTCTCTTT-1,0.010951,0.003462,0.023785,0.399809,0.561993
ACAATTTAGGAGGCTC-1,0.041933,0.01159,0.135813,0.239915,0.570749
ACAATTTGAGCAGTGG-1,0.089355,0.000023,0.031419,0.69557,0.183633
ACAATTTGGCCATATT-1,0.999303,0.000077,0.000077,0.000387,0.000155
ACACAAAGACGGGTGG-1,0.049971,0.010562,0.048159,0.720901,0.170407
ACACAAATATTCCTAG-1,0.18944,0.000024,0.089719,0.68434,0.036477
ACACACCAGGACCAGT-1,0.035277,0.001286,0.153025,0.672411,0.138002
ACACACTTTCTACACG-1,0.000018,0.002481,0.102208,0.551152,0.344141
ACACATGATCAAATCT-1,0.0067,0.000007,0.091829,0.721432,0.180033
ACACATTGACGCAACA-1,0.000033,0.001902,0.061176,0.779681,0.157208
ACACATTTCCGTAGAC-1,0.001124,0.000017,0.097985,0.723369,0.177504
ACACCACATAATTAGC-1,0.277954,0.006436,0.030184,0.59793,0.087496
ACACCCAGCATGCAGC-1,0.000025,0.063142,0.146627,0.686713,0.103494
ACACCCGAGAAATCCG-1,0.000012,0.022045,0.152085,0.797708,0.028151
ACACCGAGCGCTCTTT-1,0.000018,0.0022,0.076111,0.666336,0.255335
ACACCGGTCTGACCGC-1,0.116797,0.000023,0.002075,0.55746,0.323645
ACACCTTAAGTAGGGC-1,0.015373,0.001032,0.084489,0.847009,0.052097
ACACCTTACTACTTGC-1,0.321836,0.002818,0.011116,0.562815,0.101416
ACACGAGACTCCTTCT-1,0.573616,0.013389,0.000025,0.200312,0.212657
ACACGGCACTATGCAT-1,0.006117,0.000017,0.07829,0.637096,0.278479
ACACGGGAACTTAGGG-1,0.000965,0.00002,0.046081,0.469486,0.483447
ACACGTAGGCCACAAG-1,0.772852,0.000072,0.145523,0.013428,0.068125
ACACTCCAATGTCACT-1,0.00004,0.009191,0.118186,0.819857,0.052726
ACACTGATCAAGGTGT-1,0.037603,0.016264,0.069107,0.770558,0.106468
ACACTGGGACAGTCGT-1,0.923062,0.00011,0.00011,0.00055,0.076168
ACAGAACTGAGAACAA-1,0.455197,0.00405,0.002972,0.389693,0.148088
ACAGATTAGGTTAGTG-1,0.045565,0.000032,0.073077,0.564291,0.317036
ACAGCATAGAGCCAGT-1,0.044842,0.000022,0.038375,0.68661,0.23015
ACAGCGACATTCTCAT-1,0.481749,0.000035,0.011017,0.460525,0.046674
ACAGCGCACCCGCAGC-1,0.087073,0.015442,0.150879,0.698581,0.048026
ACAGGAGGCGCAGCCG-1,0.000644,0.003969,0.058628,0.689382,0.247377
ACAGGCACGGATCCTT-1,0.872664,0.000042,0.000042,0.020812,0.106439
ACAGGCTTGCCCGACT-1,0.012303,0.009975,0.000025,0.302527,0.675169
ACAGGTGGAGGTGAGG-1,0.007434,0.011473,0.303078,0.532273,0.145741
ACAGGTGTGTTGTTGC-1,0.132759,0.000051,0.120452,0.630452,0.116288
ACAGTAATACAACTTG-1,0.212708,0.004795,0.011848,0.701535,0.069114
ACAGTATACCGTGGGA-1,0.094613,0.011028,0.077506,0.697726,0.119126
ACATAAGTCGTGGTGA-1,0.136163,0.000035,0.003353,0.46609,0.394359
ACATAATAAGGCGGTG-1,0.104929,0.004735,0.000018,0.000088,0.89023
ACATACAATCAAGCGG-1,0.988638,0.000035,0.0051,0.000176,0.006052
ACATCAGCTGGGACGC-1,0.06269,0.005936,0.029921,0.679783,0.22167
ACATCCCGGCCATACG-1,0.020014,0.000021,0.14336,0.533726,0.30288
ACATCCTGGTAACTGT-1,0.129856,0.001137,0.005358,0.745525,0.118124
ACATCGATCGTTTACC-1,0.460187,0.013969,0.004545,0.319337,0.201961
ACATCGCAATATTCGG-1,0.21968,0.000012,0.058558,0.194092,0.527658
ACATCGGTCAGCCGCG-1,0.000013,0.001707,0.080649,0.45709,0.460541
ACATCGTATGCAATGG-1,0.049523,0.000029,0.060129,0.862467,0.027851
ACATCGTTAACCTAGT-1,0.000017,0.033419,0.043905,0.571628,0.35103
ACATCTCAACGCGTAA-1,0.000024,0.019121,0.066997,0.713336,0.200521
ACATGCTTACGGCAGC-1,0.262225,0.000025,0.020475,0.555261,0.162013
ACATGGCGCCAAAGTA-1,0.130159,0.00002,0.039581,0.743355,0.086885
ACATGGCTCAATTTAG-1,0.00002,0.00002,0.111625,0.888249,0.000086
ACATTAGTTTATATCC-1,0.039287,0.00227,0.014327,0.680705,0.26341
ACATTCGCGCGGAATA-1,0.525536,0.005818,0.028372,0.247543,0.192732
ACATTTGAAACCTAAC-1,0.767682,0.000044,0.176498,0.044407,0.01137
ACCAAACACCCAGCGA-1,0.001929,0.000005,0.931101,0.000024,0.066942
ACCAAACTAGAAATCC-1,0.001451,0.000032,0.051821,0.915848,0.030848
ACCAACACCACACACT-1,0.022857,0.000025,0.059378,0.882468,0.035272
ACCAACCGCACTCCAC-1,0.832064,0.007824,0.000047,0.096087,0.063978
ACCAACGCTTATTTAT-1,0.003641,0.00694,0.124855,0.842735,0.021828
ACCAAGAACGCGTGTC-1,0.000535,0.000015,0.111787,0.654918,0.232745
ACCAAGTCATCGGCAG-1,0.783315,0.000036,0.2164,0.000178,0.000071
ACCAATATGCAAGTTA-1,0.047173,0.00004,0.054506,0.697446,0.200834
ACCACAACTCAGAACA-1,0.000016,0.018896,0.070903,0.627104,0.28308
ACCACAAGTTTCTATC-1,0.000012,0.001329,0.062241,0.544492,0.391926
ACCACACGGTTGATGG-1,0.079381,0.005603,0.423703,0.434304,0.05701
ACCACCAATGTAACAA-1,0.204349,0.000023,0.00708,0.468286,0.320262
ACCACCCTCTCTTCTA-1,0.218501,0.007063,0.10174,0.661578,0.011118
ACCACGTGCAGCTATA-1,0.056123,0.001686,0.089461,0.820682,0.032048
ACCACTGTTCAAGAAG-1,0.004881,0.062646,0.017979,0.893292,0.021201
ACCAGACCATAACAAC-1,0.000506,0.000224,0.125461,0.773147,0.100662
ACCAGCCCGGTCTTTG-1,0.000025,0.012434,0.190947,0.763223,0.033371
ACCAGGAGTGTGATCT-1,0.102931,0.000756,0.065282,0.599281,0.23175
ACCAGTGCCCGGTCAA-1,0.005214,0.000019,0.019907,0.750147,0.224713
ACCAGTGCGGGAGACG-1,0.028487,0.000015,0.079226,0.856335,0.035936
ACCATATCCGCAATAA-1,0.042124,0.001523,0.082429,0.757023,0.116901
ACCATCCGCCAACTAG-1,0.155138,0.00465,0.036696,0.597253,0.206263
ACCATCGTATATGGTA-1,0.007026,0.003478,0.064346,0.748772,0.176378
ACCATTAAGGGTGTCA-1,0.018331,0.00004,0.013499,0.840625,0.127505
ACCCAACGCCCGTGGC-1,0.042702,0.000014,0.064367,0.860973,0.031943
ACCCACCTACATGCTC-1,0.00807,0.008235,0.246023,0.704633,0.033038
ACCCATCTTGAGGGTA-1,0.037147,0.016387,0.129634,0.705047,0.111785
ACCCATTTGTCCCTCT-1,0.760032,0.000075,0.019456,0.112286,0.10815
ACCCGAGCGAAATTAC-1,0.228676,0.0275,0.01616,0.483438,0.244227
ACCCGATTGGTTCCGA-1,0.016138,0.019748,0.018503,0.365642,0.579968
ACCCGGAAACTCCCAG-1,0.04332,0.02052,0.133103,0.745248,0.057809
ACCCGGAGCACCACAA-1,0.999316,0.000076,0.000076,0.00038,0.000152
ACCCGGATGACGCATC-1,0.031337,0.000022,0.081147,0.861442,0.026052
ACCCGGTTACACTTCC-1,0.042947,0.018292,0.045874,0.704915,0.187972
ACCCGTAGCAGAGAAT-1,0.064587,0.003522,0.002394,0.171748,0.75775
ACCCGTAGTCTAGTTG-1,0.999038,0.000107,0.000107,0.000534,0.000214
ACCCGTGTCATCAGTA-1,0.042634,0.004245,0.031097,0.757275,0.164749
ACCCTATAGGACTGAG-1,0.003719,0.000043,0.243193,0.609841,0.143204
ACCCTATGCCATATCG-1,0.007025,0.000012,0.20657,0.757109,0.029284
ACCCTCCCGTCAGGGC-1,0.723966,0.01419,0.175352,0.009008,0.077483
ACCCTCCCTTGCTATT-1,0.027953,0.003151,0.099843,0.833664,0.035389
ACCCTGGTAACGCCCT-1,0.000022,0.025156,0.123659,0.388152,0.463012
ACCCTTCATCTGCGAA-1,0.000017,0.000934,0.084054,0.765596,0.149399
ACCCTTGCCTGGGTCG-1,0.670133,0.000027,0.000027,0.024657,0.305157
ACCCTTTAGTTCTCCA-1,0.00002,0.009966,0.16639,0.811553,0.012072
ACCGAAAGGGCCCTGC-1,0.000013,0.006065,0.187966,0.710555,0.095402
ACCGAAGAGTCTGGTT-1,0.089826,0.000027,0.000027,0.09432,0.8158
ACCGACACATCTCCCA-1,0.039209,0.000847,0.141394,0.776616,0.041935
ACCGACTGAGTCCCAC-1,0.066581,0.007757,0.215755,0.59556,0.114346
ACCGAGTCTCCTTATT-1,0.048459,0.000021,0.209141,0.735017,0.007362
ACCGATAGGCATAACC-1,0.731266,0.000081,0.268089,0.000403,0.000161
ACCGATATTTAATCAT-1,0.81949,0.002696,0.177382,0.000308,0.000123
ACCGATGGTAGCATCG-1,0.054043,0.000035,0.02365,0.869385,0.052888
ACCGCAATAACTGCCT-1,0.041254,0.000026,0.085807,0.833395,0.039518
ACCGCGGTGGAAGTCG-1,0.11934,0.002614,0.284142,0.536462,0.057442
ACCGCTAGTCATTGGT-1,0.120977,0.000031,0.001232,0.479314,0.398445
ACCGGGCCTTTGTTGA-1,0.072458,0.001983,0.07378,0.839236,0.012542
ACCGGTCAGGTACACC-1,0.002804,0.000011,0.047977,0.601417,0.347791
ACCGGTCTGAGTACGG-1,0.000017,0.000161,0.091135,0.89253,0.016156
ACCGTCCACTGGGCCC-1,0.000008,0.000008,0.168526,0.778154,0.053305
ACCGTGACCACGTGGG-1,0.081692,0.03232,0.168293,0.47665,0.241045
ACCGTTCCCGCTCTGA-1,0.000093,0.000093,0.177374,0.639173,0.183267
ACCTAAGTACCTTTCA-1,0.157738,0.000477,0.591243,0.142199,0.108342
ACCTAATCGACTTCCT-1,0.0743,0.021357,0.022618,0.355485,0.52624
ACCTACAGTATGTGGT-1,0.999486,0.000057,0.000057,0.000286,0.000114
ACCTACTATAAATCTA-1,0.016979,0.016939,0.374087,0.544063,0.047932
ACCTCAGCGAGGCGCA-1,0.982629,0.000026,0.01716,0.000132,0.000053
ACCTCCGCCCTCGCTG-1,0.849333,0.000111,0.000111,0.000554,0.149891
ACCTCCGTTATTCACC-1,0.123599,0.003374,0.070488,0.723137,0.079402
ACCTCGAACTTATGCT-1,0.173168,0.000031,0.000031,0.655263,0.171507
ACCTGCGTGTCATGTT-1,0.170681,0.000043,0.02584,0.51796,0.285476
ACGAAATGGGCGGCAC-1,0.055942,0.012348,0.019949,0.755364,0.156397
ACGACCCATGAGTTGC-1,0.888801,0.000059,0.10945,0.000296,0.001393
ACGACTCTAGGGCCGA-1,0.758528,0.000037,0.241175,0.000186,0.000074
ACGACTGGTCATACTC-1,0.02178,0.000009,0.103372,0.861931,0.012908
ACGAGAACCCATCACG-1,0.017612,0.001363,0.122394,0.718728,0.139904
ACGAGATATTTGCTTA-1,0.001343,0.053806,0.244082,0.630908,0.069861
ACGAGGATACCACTCT-1,0.285267,0.000042,0.010951,0.559789,0.14395
ACGAGGTTTACAACGT-1,0.428009,0.000018,0.000246,0.410282,0.161445
ACGAGTACGGATGCCC-1,0.000022,0.022815,0.133787,0.808673,0.034703
ACGAGTCGCCGGCGTT-1,0.009219,0.000014,0.139506,0.825783,0.025478
ACGATACATAGAACTA-1,0.006085,0.011185,0.309295,0.354959,0.318476
ACGATACCTATCCTGA-1,0.05998,0.259055,0.013503,0.113416,0.554046
ACGATCATACATAGAG-1,0.085671,0.01523,0.009591,0.132638,0.756871
ACGATCATCTTGTAAA-1,0.074125,0.000631,0.089155,0.786607,0.049481
ACGATGCATATGTTAT-1,0.006892,0.031976,0.16684,0.564279,0.230014
ACGATGGATCCGATGC-1,0.024778,0.014511,0.04996,0.757085,0.153666
ACGCAAACTAATAGAT-1,0.068215,0.000015,0.063631,0.614965,0.253174
ACGCAATCACTACAGC-1,0.038147,0.015956,0.210602,0.675984,0.05931
ACGCATAAATGACATG-1,0.089253,0.000026,0.032729,0.706203,0.171789
ACGCATACGTTTACTA-1,0.894214,0.00005,0.00005,0.00025,0.105436
ACGCATTCGTGAGTAC-1,0.068662,0.009698,0.085336,0.726715,0.109589
ACGCCACTCGAAACAG-1,0.001496,0.000828,0.033401,0.574674,0.389601
ACGCCAGATGATTTCT-1,0.181103,0.002683,0.211095,0.455749,0.14937
ACGCCAGTGCGTTTGC-1,0.95329,0.000049,0.023006,0.007398,0.016256
ACGCCCAGCTGTCGAT-1,0.016837,0.002605,0.165676,0.765333,0.049549
ACGCCGCTAGACGACC-1,0.028398,0.011207,0.10961,0.787454,0.063331
ACGCGAAGTCAGACGA-1,0.127506,0.000027,0.026446,0.790491,0.05553
ACGCGCTACACAGGGT-1,0.010596,0.000018,0.165613,0.75373,0.070043
ACGCGGGCCAAGGACA-1,0.010663,0.027561,0.097901,0.731751,0.132124
ACGCGTTTCTTAAGAG-1,0.020017,0.000008,0.066616,0.814394,0.098965
ACGCTACTGAATGGGC-1,0.649116,0.000041,0.158716,0.001612,0.190515
ACGCTAGTGATACACT-1,0.019937,0.076862,0.159039,0.587416,0.156746
ACGCTGTGAGGCGTAG-1,0.022203,0.000036,0.055602,0.555699,0.366461
ACGCTTAGTGTCTCTC-1,0.028239,0.041907,0.054736,0.853499,0.021619
ACGGAACACGAGTGCC-1,0.983667,0.000048,0.000048,0.000238,0.016
ACGGAATTTAGCAAAT-1,0.000019,0.015596,0.290692,0.682763,0.01093
ACGGACGCAGCGACAA-1,0.103582,0.005049,0.103485,0.695658,0.092227
ACGGACTCTCAAAGCG-1,0.024072,0.000048,0.223799,0.480035,0.272046
ACGGATGGTGCGGATA-1,0.033552,0.002482,0.031314,0.866176,0.066476
ACGGCACTTGCTTGGG-1,0.134019,0.003684,0.031605,0.716176,0.114516
ACGGCCAACATGGACT-1,0.038925,0.002307,0.146922,0.662875,0.148971
ACGGCGACGATGGGAA-1,0.038346,0.00969,0.203974,0.720889,0.027101
ACGGCGGGTTGCCCTG-1,0.052829,0.00002,0.1203,0.779566,0.047285
ACGGCTGGATGTAGAA-1,0.044281,0.006491,0.032762,0.696916,0.219551
ACGGGAGTGTCGGCCC-1,0.232152,0.000023,0.027229,0.371329,0.369266
ACGGGCGTATGCGACA-1,0.214119,0.036824,0.055234,0.587404,0.106419
ACGGGTCATGTGACTT-1,0.000018,0.000018,0.117755,0.880002,0.002207
ACGGGTTGTGACCTGT-1,0.146982,0.000057,0.017196,0.464954,0.37081
ACGGTACAGTTCAATG-1,0.659782,0.000057,0.266514,0.008716,0.064931
ACGGTCACCGAGAACA-1,0.063919,0.000022,0.05934,0.831335,0.045384
ACGTACAGATTTCTCT-1,0.036503,0.019024,0.157132,0.653976,0.133364
ACGTACTTTGGCACGG-1,0.013574,0.004441,0.053883,0.59513,0.332972
ACGTAGATTGCTGATG-1,0.000034,0.000034,0.082605,0.819752,0.097576
ACGTAGGAGAGTCGCT-1,0.036295,0.000017,0.307324,0.642602,0.013762
ACGTATTACTCCGATC-1,0.027971,0.001701,0.095161,0.783052,0.092114
ACGTCGGGCAACTCGG-1,0.0431,0.000033,0.04964,0.708994,0.198232
ACGTCTCGTTCCGGGA-1,0.07815,0.000045,0.035513,0.792825,0.093467
ACGTGACAAAGTAAGT-1,0.028585,0.000048,0.000048,0.551461,0.419858
ACGTGCGCCTCGTGCA-1,0.000845,0.004832,0.149795,0.756382,0.088146
ACGTTAATGTCGAAGA-1,0.033337,0.000035,0.047888,0.736894,0.181846
ACGTTAGATTTGCCCG-1,0.020629,0.007752,0.044778,0.797032,0.129809
ACGTTATTGGTCACTC-1,0.00008,0.00008,0.003862,0.919745,0.076232
ACGTTCACTATGCCGC-1,0.094794,0.000013,0.32674,0.439156,0.139296
ACGTTCCGCGCTCCGT-1,0.024369,0.00166,0.131959,0.262115,0.579897
ACGTTCGCAATCAATT-1,0.130174,0.002886,0.109836,0.626077,0.131027
ACGTTCGTTCAGGAAA-1,0.000015,0.004398,0.142798,0.836631,0.016158
ACGTTCTGTACAAGTC-1,0.968074,0.00004,0.00004,0.019756,0.012091
ACGTTGTCGTTGAAAG-1,0.038499,0.001155,0.121776,0.622432,0.216138
ACGTTTAGTTGTGATC-1,0.000019,0.000019,0.213606,0.686195,0.10016
ACGTTTCGGTGCACTT-1,0.89689,0.000061,0.052887,0.007133,0.04303
ACTAAGGACGCACACC-1,0.536144,0.000108,0.000108,0.147854,0.315786
ACTAATACGTCAGGCG-1,0.000018,0.000018,0.00896,0.482839,0.508165
ACTACAAAGAGAGGTG-1,0.005312,0.000018,0.114177,0.783437,0.097056
ACTACATCCCGACAAG-1,0.303407,0.015211,0.087098,0.447802,0.146483
ACTACCAGCTCTCTGG-1,0.114723,0.000013,0.095483,0.756579,0.033201
ACTACCATCCGAGGGC-1,0.539857,0.025106,0.048779,0.220971,0.165287
ACTACGCGTTAGAATT-1,0.118029,0.000022,0.036221,0.798906,0.046822
ACTAGTTGCGATCGTC-1,0.373541,0.014298,0.000044,0.242158,0.369959
ACTATATGCTGTGTTC-1,0.002998,0.011831,0.03679,0.775485,0.172896
ACTATCCAGGGCATGG-1,0.074354,0.007188,0.025274,0.741804,0.151379
ACTATCGCCGGCTAAA-1,0.081024,0.00034,0.251594,0.355505,0.311537
ACTATCTGCCCGCGTA-1,0.995765,0.003797,0.000055,0.000274,0.00011
ACTATGTCCAGCTGCC-1,0.081901,0.000015,0.047228,0.686967,0.183889
ACTATTCGTCCGTGGT-1,0.004224,0.004602,0.025476,0.534688,0.43101
ACTATTTCCGGGCCCA-1,0.001022,0.003233,0.15401,0.546596,0.295139
ACTCAACGAATGTATT-1,0.004051,0.00003,0.109715,0.830667,0.055537
ACTCAAGTGCAAGGCT-1,0.137797,0.000024,0.041489,0.77995,0.04074
ACTCAATAAAGGCACG-1,0.104732,0.008249,0.070857,0.534626,0.281535
ACTCAGACCTGCTTCT-1,0.000041,0.017765,0.034715,0.686291,0.261188
ACTCATGGCAGCCTTC-1,0.00474,0.000013,0.167434,0.615904,0.211909
ACTCCAATATCATCAT-1,0.610272,0.000012,0.048818,0.270558,0.070339
ACTCCCATTCCTAAAG-1,0.176085,0.000048,0.051173,0.608166,0.164528
ACTCCCGAATTCGTTT-1,0.019593,0.000018,0.102273,0.471942,0.406175
ACTCCCGTAGACTAGG-1,0.645567,0.016311,0.005959,0.058815,0.273347
ACTCCCTAATGCTAAA-1,0.008705,0.012437,0.065692,0.659538,0.253628
ACTCCCTAGAATAGTA-1,0.060912,0.021658,0.04352,0.758746,0.115164
ACTCCGGCCGACCACT-1,0.92087,0.000035,0.000035,0.042007,0.037054
ACTCGATGTATTTCAT-1,0.019134,0.02931,0.067546,0.87282,0.01119
ACTCGCCGTTCGATAA-1,0.921852,0.000143,0.027898,0.04982,0.000287
ACTCGCGATCTGACGC-1,0.998932,0.000119,0.000119,0.000593,0.000237
ACTCGTAACCCGTCCT-1,0.281689,0.000042,0.000042,0.665626,0.0526
ACTCGTCAGTAATCCC-1,0.061591,0.004789,0.143323,0.5808,0.209498
ACTCTAAACCTGGGAT-1,0.115902,0.011824,0.006517,0.654555,0.211202
ACTCTCTGACTTAGGT-1,0.005575,0.003093,0.074266,0.322279,0.594787
ACTCTCTTATACACGA-1,0.00496,0.02167,0.12784,0.829207,0.016323
ACTCTGACCTAATAGA-1,0.930573,0.000041,0.000041,0.007744,0.061601
ACTCTTCAGCTCCCGC-1,0.999354,0.000072,0.000072,0.000359,0.000144
ACTCTTGTATAGTAAC-1,0.061574,0.000022,0.024222,0.799501,0.114681
ACTGAAACGCCGTTAG-1,0.081147,0.01772,0.076472,0.586272,0.238389
ACTGAATGGCGAAAGT-1,0.034902,0.00137,0.002723,0.814226,0.14678
ACTGATTTAGTGATTC-1,0.000013,0.263636,0.210063,0.525134,0.001153
ACTGCCCGCCATTCTC-1,0.159552,0.100578,0.035365,0.611723,0.092782
ACTGCCGTCGTAACTC-1,0.007184,0.001316,0.171224,0.570677,0.249599
ACTGCGGACACACCGT-1,0.999058,0.000105,0.000105,0.000523,0.000209
ACTGCTCGGAAGGATG-1,0.10826,0.000035,0.008945,0.510599,0.37216
ACTGGCGAACCTGCGT-1,0.611595,0.000091,0.000091,0.188874,0.19935
ACTGGGATGCCAGTGC-1,0.000012,0.000012,0.061732,0.851668,0.086575
ACTGTACGATACACAT-1,0.010615,0.000022,0.062552,0.645262,0.281549
ACTGTAGCACTTTGGA-1,0.050129,0.015355,0.120887,0.737431,0.076198
ACTGTATACGCGAGCA-1,0.000015,0.000015,0.116186,0.883754,0.00003
ACTGTCCAGGATTATA-1,0.113771,0.00002,0.049746,0.759398,0.077066
ACTGTCTTCTTTAGAA-1,0.092904,0.025346,0.023564,0.524411,0.333776
ACTGTGCTAGTAGATC-1,0.000035,0.000035,0.051862,0.685658,0.26241
ACTGTTTAGTGTAGGC-1,0.000164,0.000164,0.000164,0.982203,0.017304
ACTTACCGGGCGCGCA-1,0.000014,0.000014,0.49323,0.471664,0.035078
ACTTACGCATCCACGC-1,0.048749,0.003762,0.083682,0.819833,0.043974
ACTTAGTACGACAAGA-1,0.00003,0.00003,0.077733,0.782801,0.139406
ACTTATACTTACCCGG-1,0.016949,0.004398,0.00003,0.233162,0.745461
ACTTATTAGGATCGGT-1,0.000013,0.000013,0.058785,0.799373,0.141815
ACTTATTTATGTGCCA-1,0.016592,0.000042,0.037275,0.576228,0.369864
ACTTCAGGCTGATCCC-1,0.021264,0.000017,0.105883,0.861755,0.011082
ACTTCCAGTGGAAGCT-1,0.038329,0.000037,0.047695,0.888329,0.02561
ACTTCCATGCGGGACA-1,0.02453,0.000026,0.096793,0.698086,0.180565
ACTTCGCCATACGCAC-1,0.025219,0.004429,0.068555,0.59982,0.301978
ACTTCGCTAGCGAGTG-1,0.729862,0.000053,0.26473,0.005249,0.000106
ACTTGACTCCCTCTTT-1,0.001143,0.000035,0.120386,0.758965,0.119471
ACTTGCCATATTGTAC-1,0.224244,0.000051,0.037821,0.560471,0.177413
ACTTGCTCTATCTACC-1,0.035319,0.000015,0.140187,0.819897,0.004582
ACTTGGGACCCGGTGG-1,0.001126,0.002004,0.028342,0.73098,0.237549
ACTTGGGCTTTCGCCA-1,0.077835,0.002932,0.137204,0.555685,0.226343
ACTTGTAGTCCCTTCA-1,0.16967,0.007334,0.074476,0.653221,0.095299
ACTTGTGGATGGAACG-1,0.964431,0.000152,0.000152,0.000761,0.034503
ACTTGTTACCGGATCA-1,0.005834,0.001439,0.137187,0.854095,0.001445
ACTTTACCCTCATGAA-1,0.001745,0.004392,0.113315,0.59177,0.288778
ACTTTATACACCACTT-1,0.12448,0.000044,0.021299,0.581802,0.272375
ACTTTCCTATAGCTTC-1,0.016339,0.009986,0.085531,0.583587,0.304558
ACTTTGACTGCATCCT-1,0.074403,0.016534,0.003319,0.795097,0.110647
ACTTTGGTCGTGCTCC-1,0.149728,0.000029,0.025361,0.638604,0.186277
ACTTTGTCGACGCACT-1,0.999056,0.000105,0.000105,0.000524,0.00021
AGAAATTATGACTCGC-1,0.564767,0.000038,0.433437,0.001683,0.000075
AGAACACGGCGATGGT-1,0.027073,0.000015,0.077313,0.767398,0.1282
AGAACCCAGCGTGACA-1,0.929853,0.000059,0.019457,0.000296,0.050335
AGAACCCTCAATTGGG-1,0.088792,0.006449,0.001689,0.255332,0.647739
AGAACGTGGTACATTC-1,0.08599,0.013175,0.08071,0.574512,0.245614
AGAACTGTACTTTGTA-1,0.999694,0.000034,0.000034,0.00017,0.000068
AGAAGAGCGCCGTTCC-1,0.057363,0.032393,0.000725,0.898034,0.011485
AGAAGGTACACTTCAC-1,0.117207,0.000014,0.018343,0.665518,0.198918
AGAAGGTTGCCGAATT-1,0.015119,0.008726,0.090499,0.819734,0.065922
AGAAGGTTGTAGGTCG-1,0.079704,0.00002,0.073219,0.719224,0.127832
AGAAGTGATTCGTGAT-1,0.158696,0.012603,0.026376,0.432006,0.370319
AGAATAAATCTTCAGG-1,0.608612,0.000016,0.000016,0.27155,0.119804
AGAATACAGGCTATCC-1,0.862535,0.000038,0.11833,0.019022,0.000075
AGAATGCGGGTTCGGA-1,0.012999,0.034866,0.074667,0.841566,0.035902
AGAATTATGGATTCGA-1,0.033771,0.000541,0.32322,0.618334,0.024134
AGAATTGTTTGACATA-1,0.006004,0.005908,0.029123,0.932133,0.026832
AGACAGCTCAGAATCC-1,0.164515,0.000036,0.043358,0.699393,0.092699
AGACAGGCATCTCAGC-1,0.502254,0.000049,0.435211,0.000243,0.062243
AGACATAGATCCTTCC-1,0.020742,0.014308,0.100254,0.752419,0.112276
AGACCAAACCACACCT-1,0.111322,0.000038,0.000204,0.581956,0.306481
AGACCATGGGATACAA-1,0.000017,0.000017,0.104091,0.864968,0.030908
AGACCCACCGCTGATC-1,0.008339,0.000012,0.228709,0.6979,0.065041
AGACCCGCCCTCCTCG-1,0.008777,0.235617,0.0741,0.537569,0.143938
AGACCGCTCCGCGGTT-1,0.986367,0.000088,0.000088,0.000439,0.013017
AGACCGGGAAACCCTG-1,0.321269,0.000013,0.02964,0.43698,0.212098
AGACGAAGTGCCGGTC-1,0.088157,0.004035,0.06244,0.628999,0.216369
AGACGACGATGCCGCT-1,0.078902,0.002597,0.095006,0.792908,0.030587
AGACGCCCACTTCGCC-1,0.819095,0.013453,0.166757,0.000497,0.000199
AGACGGGCCGATTTAA-1,0.000018,0.000018,0.004083,0.981842,0.01404
AGACTAGCCTTCCAGA-1,0.000015,0.001961,0.033791,0.959337,0.004896
AGACTGTTACCGGGTC-1,0.14202,0.000018,0.002454,0.09583,0.759677
AGAGAAACACCAGAAA-1,0.131332,0.033491,0.082096,0.574545,0.178536
AGAGAACCGTCTAGGA-1,0.000672,0.026086,0.11173,0.795148,0.066363
AGAGAAGGAGTACAAT-1,0.012271,0.001261,0.478105,0.387108,0.121255
AGAGATCTCTAAAGCG-1,0.028159,0.000013,0.089579,0.658893,0.223356
AGAGCAGTTATGAGAC-1,0.029649,0.003279,0.062849,0.747476,0.156748
AGAGCCGCCGAGATTT-1,0.714566,0.000059,0.22761,0.00148,0.056286
AGAGCGCTTGTAACGG-1,0.999203,0.000021,0.000021,0.000105,0.00065
AGAGCGGGCTAATCAT-1,0.000013,0.000013,0.169212,0.795289,0.035472
AGAGCGTACAAGCTCG-1,0.016319,0.008162,0.096557,0.769839,0.109123
AGAGCTACGAAAGCAT-1,0.000036,0.000036,0.013424,0.53138,0.455123
AGAGGCTTCGGAAACC-1,0.127157,0.000019,0.494635,0.306288,0.0719
