Barcode,Topic 1,Topic 2,Topic 3to6,Topic 7,Topic 8to10
AAACAAGTATCTCCCA-1,0.016653,0.110477,0.497414,0.02724,0.348216
AAACACCAATAACTGC-1,0.000024,0.009359,0.833637,0.036957,0.120023
AAACAGAGCGACTCCT-1,0.527155,0.028416,0.404692,0.010064,0.029673
AAACAGCTTTCAGAAG-1,0.124009,0.007707,0.434837,0.003234,0.430213
AAACAGGGTCTATATT-1,0.035613,0.005645,0.748371,0.046441,0.163929
AAACATGGTGAGAGGA-1,0.656652,0.03951,0.00862,0.055048,0.24017
AAACATTTCCCGGATT-1,0.009157,0.018187,0.464419,0.287177,0.22106
AAACCACTACACAGAT-1,0.061387,0.017347,0.277993,0.046982,0.596292
AAACCCGAACGAAATC-1,0.016654,0.025854,0.510294,0.028606,0.418592
AAACCGGAAATGTTAA-1,0.044408,0.117828,0.31547,0.031336,0.490959
AAACCGGGTAGGTACC-1,0.022773,0.123842,0.708201,0.113119,0.032065
AAACCGTTCGTCCAGG-1,0.000031,0.014341,0.482172,0.039057,0.464398
AAACCTAAGCAGCCGG-1,0.026048,0.122937,0.444833,0.013526,0.392656
AAACCTCATGAAGTTG-1,0.214333,0.065142,0.674068,0.037759,0.008699
AAACGAAGAACATACC-1,0.999039,0.000107,0.000427,0.000107,0.00032
AAACGAAGATGGAGTA-1,0.766899,0.132491,0.051944,0.006661,0.042004
AAACGACAGTCTTGCC-1,0.10597,0.000113,0.643869,0.000113,0.249935
AAACGAGACGGTTGAT-1,0.115448,0.098332,0.719014,0.000044,0.067162
AAACGCCCGAGATCGG-1,0.213093,0.130432,0.395797,0.037845,0.222833
AAACGGGCGTACGGGT-1,0.00002,0.003032,0.270009,0.044502,0.682437
AAACGGTTGCGAACTG-1,0.036857,0.012145,0.649354,0.165544,0.136099
AAACGTGTTCGCCCTA-1,0.709429,0.097406,0.048986,0.002957,0.141223
AAACTAACGTGGCGAC-1,0.190168,0.049367,0.734934,0.000846,0.024686
AAACTCGGTTCGCAAT-1,0.139571,0.036967,0.328917,0.044793,0.449752
AAACTCGTGATATAAG-1,0.35004,0.033745,0.453218,0.010518,0.152479
AAACTGCTGGCTCCAA-1,0.016993,0.078897,0.541035,0.00355,0.359524
AAACTTAATTGCACGC-1,0.120082,0.008588,0.660595,0.018406,0.19233
AAACTTGCAAACGTAT-1,0.000032,0.001354,0.83161,0.01967,0.147334
AAAGAATGACCTTAGA-1,0.2666,0.085574,0.478892,0.066473,0.102462
AAAGACCCAAGTCGCG-1,0.182958,0.000152,0.816763,0.000032,0.000095
AAAGACTGGGCGCTTT-1,0.752991,0.150736,0.000424,0.009849,0.086
AAAGCTTGCCTACATA-1,0.113253,0.090178,0.239317,0.018216,0.539037
AAAGGCCCTATAATAC-1,0.000019,0.021249,0.525851,0.348894,0.103986
AAAGGCTACGGACCAT-1,0.104978,0.003543,0.622062,0.138835,0.130581
AAAGGCTCTCGCGCCG-1,0.000018,0.026853,0.084639,0.05954,0.82895
AAAGGGATGTAGCAAG-1,0.071829,0.03511,0.890537,0.000042,0.002482
AAAGGGCAGCTTGAAT-1,0.015402,0.03294,0.208441,0.009614,0.733603
AAAGGTAAGCTGTACC-1,0.063679,0.344532,0.492116,0.031604,0.068069
AAAGTAGCATTGCTCA-1,0.010785,0.040999,0.694395,0.030468,0.223352
AAAGTCACTGATGTAA-1,0.00819,0.000054,0.991539,0.000054,0.000163
AAAGTCGACCCTCAGT-1,0.097064,0.009428,0.693,0.172028,0.028481
AAAGTGCCATCAATTA-1,0.091378,0.114562,0.295094,0.10438,0.394587
AAAGTGTGATTTATCT-1,0.021607,0.141203,0.672685,0.086992,0.077513
AAAGTTGACTCCCGTA-1,0.015267,0.077628,0.656335,0.067561,0.183208
AAATAACCATACGGGA-1,0.179515,0.023932,0.696973,0.042984,0.056597
AAATAAGGTAGTGCCC-1,0.02662,0.084514,0.574127,0.003703,0.311036
AAATACCTATAAGCAT-1,0.000023,0.051886,0.1127,0.083065,0.752327
AAATAGCTTAGACTTT-1,0.134744,0.170341,0.503875,0.050846,0.140194
AAATAGGGTGCTATTG-1,0.018766,0.09587,0.369221,0.037219,0.478923
AAATCCGATACACGCC-1,0.051489,0.078437,0.419149,0.025054,0.425871
AAATCGCGGAAGGAGT-1,0.867714,0.040007,0.045137,0.025116,0.022025
AAATCGTGTACCACAA-1,0.102105,0.0627,0.645399,0.085271,0.104525
AAATCTAGCCCTGCTA-1,0.000027,0.000027,0.733057,0.022042,0.244847
AAATGATTCGATCAGC-1,0.007298,0.154844,0.289403,0.069378,0.479076
AAATGCTCGTTACGTT-1,0.002574,0.00007,0.997074,0.00007,0.000211
AAATGGCATGTCTTGT-1,0.998905,0.000122,0.000487,0.000122,0.000365
AAATGGCCCGTGCCCT-1,0.018013,0.013022,0.598454,0.151954,0.218557
AAATGGTCAATGTGCC-1,0.059219,0.148364,0.598134,0.004132,0.190152
AAATGTATCTTATCCC-1,0.120039,0.067076,0.000316,0.013453,0.799117
AAATTAACGGGTAGCT-1,0.579186,0.003968,0.267975,0.000054,0.148817
AAATTAATAAGCGCGA-1,0.153752,0.208653,0.417448,0.027167,0.19298
AAATTACACGACTCTG-1,0.869494,0.000128,0.129864,0.000128,0.000385
AAATTACCTATCGATG-1,0.201791,0.145323,0.431157,0.018679,0.20305
AAATTCCAGGTCCAAA-1,0.03361,0.112363,0.483959,0.036891,0.333178
AAATTGATAGTCCTTT-1,0.042693,0.000037,0.649681,0.293936,0.013654
AAATTGCGGCGGTTCT-1,0.485663,0.007862,0.506268,0.000052,0.000156
AAATTGGTGAGAAGCA-1,0.73825,0.003869,0.02142,0.086549,0.149912
AAATTTACCGAAATCC-1,0.035976,0.078234,0.771822,0.000037,0.113932
AAATTTGCGGGTGTGG-1,0.003149,0.256049,0.426091,0.017458,0.297253
AACAACTGGTAGTTGC-1,0.998308,0.000188,0.000752,0.000188,0.000564
AACAATACATTGTCGA-1,0.018935,0.025023,0.822842,0.001107,0.132093
AACAATTACTCTACGC-1,0.265748,0.091848,0.638071,0.00005,0.004283
AACACACGCTCGCCGC-1,0.391941,0.002362,0.449263,0.000861,0.155573
AACACGACTGTACTGA-1,0.073529,0.030727,0.871342,0.000035,0.024368
AACACGAGACGCGGCC-1,0.000021,0.016235,0.408438,0.05227,0.523036
AACACGCGGCCGCGAA-1,0.452752,0.000093,0.546784,0.000093,0.000278
AACAGCTGTGTGGCAA-1,0.000017,0.002401,0.451788,0.070665,0.475129
AACAGGAAATCGAATA-1,0.061804,0.002967,0.741161,0.039294,0.154775
AACAGGATGGGCCGCG-1,0.093444,0.017064,0.427706,0.0593,0.402486
AACAGGTAGTATGGAT-1,0.049527,0.118714,0.30239,0.476923,0.052445
AACATATCAACTGGTG-1,0.032016,0.147073,0.611439,0.061032,0.148441
AACATCGATACGTCTA-1,0.329933,0.003881,0.132271,0.106778,0.427136
AACATTGAAGTTGATC-1,0.000022,0.015961,0.09319,0.103633,0.787194
AACATTGTGACTCGAG-1,0.113589,0.165341,0.636711,0.025859,0.0585
AACCAAGACTTCTCTG-1,0.000444,0.064033,0.443269,0.0723,0.419955
AACCAGTATCACTCTT-1,0.000052,0.000052,0.999685,0.000052,0.000157
AACCATAGGGTTGAAC-1,0.070613,0.0066,0.84435,0.007484,0.070953
AACCATGGGATCGCTA-1,0.000046,0.000046,0.999727,0.000046,0.000137
AACCCAGAGACGGAGA-1,0.000042,0.000042,0.999749,0.000042,0.000126
AACCCATCCCATGATC-1,0.000014,0.001015,0.140699,0.118685,0.739586
AACCCGACAACCCGTG-1,0.247792,0.02131,0.468073,0.261353,0.001472
AACCCGAGCAGAATCG-1,0.018124,0.037342,0.759063,0.003931,0.181541
AACCCGATAGGGCTTC-1,0.000054,0.000054,0.891315,0.000054,0.108523
AACCCTACTGTCAATA-1,0.000035,0.015593,0.780283,0.00601,0.198078
AACCCTGGTGGAACCA-1,0.502251,0.00014,0.497047,0.00014,0.000421
AACCGAGCTTGGTCAT-1,0.157679,0.146639,0.382523,0.253478,0.059681
AACCGCTAAGGGATGC-1,0.00534,0.060206,0.53728,0.058937,0.338237
AACCGTTGTGTTTGCT-1,0.301385,0.001968,0.696337,0.000077,0.000232
AACCTCGCTTTAGCCC-1,0.245018,0.008856,0.199796,0.064448,0.481881
AACCTGTCACGGAATT-1,0.061753,0.115341,0.146635,0.089722,0.58655
AACCTTTAAATACGGT-1,0.089401,0.089516,0.371368,0.083831,0.365885
AACCTTTACGACGTCT-1,0.042888,0.049002,0.559052,0.004298,0.344761
AACGAAAGTCGTCCCA-1,0.979461,0.000098,0.020051,0.000098,0.000293
AACGATAATGCCGTAG-1,0.023806,0.014983,0.096137,0.109522,0.755552
AACGATAGAAGGGCCG-1,0.045342,0.03558,0.904429,0.000048,0.014601
AACGATATGTCAACTG-1,0.000048,0.00459,0.071076,0.136401,0.787884
AACGCATGATCTGGGT-1,0.066284,0.036766,0.303709,0.015321,0.577919
AACGCGAACGGCAACA-1,0.129314,0.000045,0.870461,0.000045,0.000135
AACGCGACCTTGGGCG-1,0.057656,0.335976,0.412839,0.069608,0.123921
AACGCGGTCTCCAGCC-1,0.021944,0.104097,0.714215,0.024447,0.135296
AACGCTGTTGCTGAAA-1,0.002008,0.014076,0.199793,0.027602,0.756521
AACGGACGTACGTATA-1,0.011759,0.019851,0.433491,0.063621,0.471278
AACGGCCATCTCCGGT-1,0.000032,0.006322,0.704639,0.006326,0.282681
AACGTACTGTGGGTAC-1,0.000028,0.062761,0.148682,0.105757,0.682771
AACGTCAGACTAGTGG-1,0.761907,0.056372,0.055277,0.000116,0.126328
AACGTGATGAAGGACA-1,0.003366,0.031504,0.308825,0.656239,0.000066
AACGTGCGAAAGTCTC-1,0.008542,0.020622,0.214563,0.018331,0.737942
AACGTTATCAGCACCT-1,0.330968,0.003463,0.343157,0.008104,0.314309
AACTACCCGTTTGTCA-1,0.110866,0.172088,0.442591,0.034338,0.240118
AACTAGCGTATCGCAC-1,0.163556,0.000161,0.81478,0.00153,0.019973
AACTAGGCTTGGGTGT-1,0.067488,0.101599,0.327192,0.477143,0.026579
AACTCAAGTTAATTGC-1,0.999469,0.000059,0.000236,0.000059,0.000177
AACTCCAGAGCGTGTT-1,0.000041,0.077215,0.817801,0.000041,0.104902
AACTCCTAATCCCATG-1,0.050569,0.041826,0.718642,0.01089,0.178073
AACTCGATAAACACGT-1,0.000083,0.000083,0.999502,0.000083,0.000249
AACTCGATGGCGCAGT-1,0.069904,0.010653,0.919127,0.00005,0.000266
AACTCTCAATAGAGCG-1,0.033434,0.113877,0.102344,0.492893,0.257452
AACTCTCAGTGTGCTC-1,0.034568,0.047791,0.696789,0.036744,0.184107
AACTGAGGTCAGCGTC-1,0.030412,0.000108,0.547544,0.421846,0.00009
AACTGAGTTATACTGA-1,0.027388,0.069564,0.541483,0.068793,0.292773
AACTGATATTAGGCCT-1,0.000056,0.042307,0.95741,0.000056,0.000169
AACTGGGTCCCGACGT-1,0.416237,0.025022,0.558447,0.000073,0.00022
AACTGGGTTCGAGCCG-1,0.104453,0.000162,0.639482,0.096547,0.159357
AACTGGTGTGGGCCTT-1,0.941411,0.000189,0.057641,0.000189,0.000568
AACTTCTGCGTCTATC-1,0.000066,0.000066,0.999605,0.000066,0.000197
AACTTGCCCGTATGCA-1,0.953879,0.00011,0.04557,0.00011,0.00033
AACTTGCGTTCTCGCG-1,0.354407,0.000105,0.645066,0.000105,0.000316
AACTTTACGGGAGCTT-1,0.243086,0.019668,0.199398,0.023238,0.514609
AACTTTAGCTGCTGAG-1,0.207064,0.005845,0.270682,0.000645,0.515764
AACTTTCTCGATCATG-1,0.002235,0.040384,0.093486,0.054885,0.80901
AAGAAATCACCAGATT-1,0.011936,0.0293,0.444042,0.029597,0.485125
AAGAAGGATCAGTTAG-1,0.000035,0.001923,0.341517,0.056184,0.60034
AAGACATACGTGGTTT-1,0.050684,0.032741,0.365221,0.000332,0.551022
AAGACCAAATAACTCA-1,0.186397,0.012478,0.799744,0.000023,0.001358
AAGACCCAACTGAACA-1,0.009916,0.007287,0.476817,0.115915,0.390065
AAGACTAACCCGTTGT-1,0.998841,0.000129,0.000515,0.000129,0.000386
AAGACTGCAAGCTACT-1,0.068404,0.082245,0.731163,0.000045,0.118143
AAGAGATGAATCGGTA-1,0.458658,0.00014,0.374095,0.00014,0.166967
AAGAGCTCTTTATCGG-1,0.082248,0.193543,0.715329,0.000047,0.008833
AAGAGGATGTACGCGA-1,0.000412,0.12891,0.853753,0.000045,0.01688
AAGAGGCATGGATCGC-1,0.886401,0.039,0.012116,0.000037,0.062445
AAGAGGCCCTTTGGAA-1,0.504376,0.012503,0.242994,0.000032,0.240095
AAGATGGCACCGGACC-1,0.077129,0.051737,0.505156,0.065579,0.3004
AAGATTGGCGGAACGT-1,0.178748,0.058172,0.137935,0.073666,0.55148
AAGCACCCTGCGTATC-1,0.462398,0.152297,0.362121,0.001983,0.021202
AAGCATACTCTCCTGA-1,0.354603,0.015987,0.262507,0.086553,0.28035
AAGCCGAAGCGGTTTA-1,0.379013,0.000042,0.588972,0.000042,0.03193
AAGCCGCCGTGAAATC-1,0.00001,0.019221,0.01686,0.069558,0.894351
AAGCCGCTTTACCTTG-1,0.038353,0.121915,0.179655,0.02135,0.638727
AAGCCGGAGAGCAGGA-1,0.349215,0.086217,0.275579,0.004568,0.284421
AAGCGCAGGGCTTTGA-1,0.027903,0.040098,0.757707,0.058815,0.115478
AAGCGGAGTGCGCGCA-1,0.017006,0.002767,0.614981,0.032475,0.33277
AAGCGGCGTCATGGGT-1,0.61555,0.020351,0.307316,0.004099,0.052683
AAGCGTCCCTCATCGA-1,0.095721,0.256281,0.1723,0.025276,0.450422
AAGCTAGATCGAGTAA-1,0.00003,0.033319,0.657898,0.008977,0.299776
AAGCTCGTGCCAAGTC-1,0.067211,0.000043,0.663267,0.000043,0.269436
AAGCTCTTTCATGGTG-1,0.112269,0.023715,0.743479,0.005637,0.1149
AAGGAGCGGTTGGTGC-1,0.034863,0.145123,0.694404,0.023004,0.102606
AAGGATCGATCGCTTG-1,0.000031,0.203196,0.329435,0.046678,0.420661
AAGGATGAGGGACCTC-1,0.007766,0.072435,0.626165,0.009848,0.283786
AAGGCAGGCTGTCTCC-1,0.003794,0.012875,0.452246,0.123797,0.407288
AAGGCGCGTAAAGCTT-1,0.998899,0.000122,0.000489,0.000122,0.000367
AAGGCTGTGCTCATCG-1,0.07736,0.067412,0.411679,0.012778,0.430773
AAGGGAACGACTGGCT-1,0.200754,0.008803,0.424737,0.365647,0.000058
AAGGGACAGATTCTGT-1,0.999533,0.000052,0.000207,0.000052,0.000156
AAGGGACTATGCATTC-1,0.000024,0.016264,0.301586,0.052002,0.630125
AAGGGTTTGATTTCAG-1,0.651969,0.149219,0.050524,0.109637,0.038651
AAGGTATCCTAATATA-1,0.046094,0.052236,0.196693,0.105534,0.599445
AAGGTGATAAACCAGC-1,0.000032,0.001803,0.469845,0.013644,0.514676
AAGTAGAAGACCGGGT-1,0.343392,0.036508,0.294827,0.281559,0.043714
AAGTAGTGACGCGAGG-1,0.418841,0.035131,0.503097,0.034718,0.008213
AAGTCAATTGTCGTCA-1,0.262778,0.015676,0.626144,0.00264,0.092762
AAGTCTAGTAGCTGCC-1,0.151282,0.553676,0.117191,0.023297,0.154554
AAGTCTTCTGTGGCCT-1,0.417123,0.106743,0.111568,0.004064,0.360502
AAGTGACGACCGAATT-1,0.000021,0.014988,0.28557,0.105464,0.593956
AAGTGAGTCGGGTTTA-1,0.6313,0.000063,0.22884,0.006137,0.133659
AAGTGCAAAGGTAGAC-1,0.999279,0.00008,0.000321,0.00008,0.00024
AAGTGCCTTGACTGTA-1,0.088257,0.052525,0.310901,0.402687,0.14563
AAGTGCGTTAGAATCT-1,0.037301,0.073724,0.470203,0.070864,0.347907
AAGTGCTTCTCTATTG-1,0.015713,0.049175,0.78802,0.087365,0.059726
AAGTGTTTGGAGACGG-1,0.064288,0.019728,0.238349,0.45698,0.220656
AAGTTCACTCCAAGCT-1,0.000037,0.004962,0.896403,0.028882,0.069715
AAGTTCAGTCTGCGTA-1,0.622684,0.000034,0.24669,0.005373,0.125219
AAGTTCGGCCAACAGG-1,0.026288,0.028977,0.735972,0.00361,0.205152
AAGTTGTGATGTTATA-1,0.000053,0.013169,0.926992,0.000053,0.059733
AAGTTTACTAATGGCA-1,0.905474,0.000144,0.093807,0.000144,0.000431
AAGTTTATGGGCCCAA-1,0.000343,0.041221,0.462329,0.062369,0.433737
AATAACAACGCTCGGC-1,0.054062,0.009538,0.805478,0.070099,0.060824
AATAACACTAGAACAA-1,0.000023,0.007159,0.578077,0.046032,0.36871
AATAAGTCCTCGAGAC-1,0.187053,0.000057,0.812665,0.000057,0.00017
AATAATCTTCGTATCG-1,0.000024,0.038735,0.214435,0.053016,0.693791
AATACAATGTTTCAGG-1,0.262216,0.020898,0.606402,0.092289,0.018195
AATACCGGAGGGCTGT-1,0.012334,0.017196,0.85164,0.00119,0.11764
AATAGAACAGAGTGGC-1,0.00258,0.278482,0.662488,0.0002,0.05625
AATAGAATCTGTTTCA-1,0.000042,0.008791,0.955196,0.003915,0.032055
AATAGCAAGCCTCCTG-1,0.758575,0.00006,0.176916,0.053372,0.011076
AATAGCTACCGCGTGC-1,0.089655,0.003719,0.777154,0.055579,0.073893
AATAGTCCGTCCCGAC-1,0.072283,0.183826,0.59219,0.015175,0.136525
AATAGTCGCGAGTCGG-1,0.091518,0.043039,0.278217,0.045187,0.542038
AATATCAAGGTCGGAT-1,0.077101,0.000111,0.916145,0.000042,0.006602
AATATCCTAGCAAACT-1,0.999086,0.000102,0.000406,0.000102,0.000305
AATATCGAATCAATGC-1,0.346231,0.143231,0.338735,0.007706,0.164096
AATATCGAGGGTTCTC-1,0.07265,0.007669,0.633357,0.013668,0.272656
AATATTGGAGTATTGA-1,0.000026,0.000912,0.114017,0.069803,0.815243
AATCAGACTGCAGGAC-1,0.469514,0.000098,0.529995,0.000098,0.000295
AATCAGGTTTCATTTA-1,0.000033,0.025184,0.354189,0.01592,0.604674
AATCATGTAAAGACTC-1,0.035984,0.014284,0.715863,0.02847,0.205398
AATCCAAGGGCCTGAG-1,0.08123,0.000048,0.918531,0.000048,0.000143
AATCCATGCAAGGGTG-1,0.691058,0.00018,0.308044,0.00018,0.000539
AATCGCCTCAGCGCCA-1,0.051256,0.061773,0.604999,0.022837,0.259135
AATCGCGCAGAGGACT-1,0.004518,0.005413,0.653652,0.2524,0.084017
AATCGGGACACTACGA-1,0.785854,0.000123,0.149193,0.000123,0.064707
AATCGTGAGCCGAGCA-1,0.000015,0.012703,0.090211,0.124698,0.772373
AATCTAGGTTTACTTG-1,0.181613,0.026237,0.769434,0.000038,0.022678
AATCTATGCCGGAGCC-1,0.007078,0.083498,0.384457,0.039768,0.485199
AATCTCTACTGTGGTT-1,0.05545,0.012898,0.799836,0.000039,0.131777
AATCTGCGTTGGGACG-1,0.039918,0.148384,0.452994,0.042062,0.316643
AATCTGGCTTTCTAGT-1,0.117484,0.000034,0.613242,0.01028,0.258961
AATCTGGGTAGACCCT-1,0.003477,0.055102,0.91365,0.003694,0.024077
AATGACAGCAATGTCT-1,0.000039,0.282639,0.208354,0.021873,0.487095
AATGACGTAGGATGTC-1,0.000047,0.03841,0.718226,0.000047,0.24327
AATGACTGTCAGCCGG-1,0.17376,0.128344,0.079872,0.135848,0.482175
AATGAGTTCGCATATG-1,0.032918,0.000077,0.966698,0.000077,0.00023
AATGATGATACGCTAT-1,0.0469,0.000986,0.253694,0.00831,0.690109
AATGATGCGACTCCTG-1,0.055056,0.155524,0.453262,0.019052,0.317106
AATGCAACCGGGTACC-1,0.613087,0.000048,0.276708,0.000048,0.11011
AATGCACCAAGCAATG-1,0.044441,0.014364,0.763401,0.024732,0.153062
AATGGCCGCCAATGCG-1,0.001844,0.006595,0.492319,0.014093,0.485149
AATGGTCCACCGTTCA-1,0.879103,0.000217,0.11981,0.000217,0.000652
AATGGTTCTCACAAGC-1,0.078705,0.014005,0.791049,0.001329,0.114912
AATGTATGGCACTGTA-1,0.191236,0.055748,0.370624,0.051982,0.33041
AATGTGCCCGAGGTGT-1,0.000039,0.054984,0.656273,0.000139,0.288565
AATGTGCTAATCTGAG-1,0.000021,0.000503,0.124547,0.116266,0.758663
AATGTTGTCGTGAGAC-1,0.121653,0.037771,0.226958,0.60793,0.005688
AATTAAAGGTCGGCGT-1,0.159639,0.172022,0.456649,0.069321,0.142369
AATTAACGGATTTCCA-1,0.000037,0.000039,0.639981,0.065178,0.294765
AATTACGAGACCCATC-1,0.551415,0.099701,0.201583,0.083629,0.063672
AATTACTCGTACGCTC-1,0.820914,0.000073,0.098344,0.009752,0.070918
AATTAGCGCTGCAGCG-1,0.22811,0.059681,0.708782,0.000039,0.003388
AATTCATAAGGGATCT-1,0.092521,0.037918,0.267495,0.037083,0.564983
AATTCATTGTCATGCA-1,0.206229,0.03781,0.532351,0.01815,0.20546
AATTCCAAGCATGTAC-1,0.09681,0.002731,0.654419,0.030495,0.215545
AATTCGATTCGAGGAT-1,0.075645,0.038652,0.193028,0.184218,0.508457
AATTCTAGAGTTAGGC-1,0.000028,0.029389,0.029881,0.10514,0.835563
AATTGAACGCTCTGGT-1,0.000045,0.051073,0.614375,0.017457,0.31705
AATTGCAGCAATCGAC-1,0.000034,0.015812,0.786976,0.003375,0.193803
AATTGCGTGGATTACA-1,0.179235,0.032577,0.511492,0.04512,0.231576
AATTGTGGTTGCCAAA-1,0.012814,0.17234,0.384264,0.042511,0.388071
AATTTGGGACATAGTA-1,0.045815,0.03873,0.55607,0.006133,0.353252
AATTTGGTTCCAAAGA-1,0.558972,0.000123,0.440414,0.000123,0.000368
ACAAACCATGCGTCCT-1,0.133596,0.066493,0.518834,0.077721,0.203355
ACAAAGAAGGTAGGCC-1,0.999556,0.000049,0.000197,0.000049,0.000148
ACAAAGCATGACCTAG-1,0.000019,0.041068,0.617604,0.077827,0.26348
ACAAATCGCACCGAAT-1,0.37873,0.186833,0.363404,0.000033,0.070999
ACAAATGGTAGTGTTT-1,0.00002,0.00002,0.000797,0.036824,0.962338
ACAAATTCAGATCTGA-1,0.000021,0.001222,0.400576,0.043701,0.55448
ACAACAGCATGAGCTA-1,0.965589,0.000084,0.000335,0.033741,0.000251
ACAACGGTCCCTGCGA-1,0.192047,0.027853,0.442908,0.004346,0.332846
ACAAGCAGTGCCTAGC-1,0.091049,0.040496,0.438317,0.029355,0.400783
ACAAGCTATATGGAAG-1,0.422746,0.001044,0.000144,0.025659,0.550407
ACAAGGAAATCCGCCC-1,0.13176,0.083407,0.39789,0.021164,0.365779
ACAAGGACAAGAGGTT-1,0.257262,0.052961,0.689589,0.000047,0.000141
ACAAGGATGCTTTAGG-1,0.007618,0.123273,0.743354,0.017939,0.107816
ACAAGGCCTACCAGCC-1,0.019787,0.003842,0.968083,0.000037,0.008251
ACAAGGGCAGGCTCTG-1,0.063093,0.532541,0.311281,0.007562,0.085523
ACAATAGTCGTACGTT-1,0.000044,0.038837,0.74818,0.000044,0.212895
ACAATCCATTTAAACC-1,0.040345,0.002064,0.525792,0.267043,0.164756
ACAATGAATACGGAGA-1,0.00708,0.174954,0.754201,0.044954,0.018811
ACAATGATTCTTCTAC-1,0.005065,0.013421,0.616288,0.365167,0.000059
ACAATTGTGTCTCTTT-1,0.002607,0.007093,0.375536,0.108379,0.506385
ACAATTTAGGAGGCTC-1,0.357582,0.036129,0.486637,0.002442,0.117209
ACAATTTGAGCAGTGG-1,0.00969,0.022409,0.855769,0.013782,0.09835
ACAATTTGGCCATATT-1,0.034779,0.136724,0.321753,0.062755,0.443988
ACACAAAGACGGGTGG-1,0.841763,0.000174,0.157368,0.000174,0.000521
ACACAAATATTCCTAG-1,0.015197,0.066953,0.712731,0.003899,0.20122
ACACACCAGGACCAGT-1,0.140049,0.168132,0.084086,0.012378,0.595354
ACACACTTTCTACACG-1,0.066865,0.191106,0.390337,0.040294,0.311397
ACACATGATCAAATCT-1,0.000021,0.086058,0.570644,0.026605,0.316672
ACACATTGACGCAACA-1,0.073526,0.028083,0.772955,0.003553,0.121884
ACACCACATAATTAGC-1,0.022401,0.055937,0.762878,0.042784,0.116001
ACACCCAGCATGCAGC-1,0.856692,0.009269,0.13301,0.000257,0.000771
ACACCCGAGAAATCCG-1,0.038688,0.067645,0.19281,0.10856,0.592297
ACACCGAGCGCTCTTT-1,0.241921,0.004958,0.013815,0.060551,0.678755
ACACCGGTCTGACCGC-1,0.114227,0.044565,0.245024,0.072582,0.523603
ACACCTTAAGTAGGGC-1,0.056964,0.156078,0.293613,0.031588,0.461757
ACACCTTACTACTTGC-1,0.000029,0.099851,0.13751,0.201045,0.561565
ACACGAGACTCCTTCT-1,0.834074,0.000059,0.018416,0.019361,0.128091
ACACGGCACTATGCAT-1,0.998548,0.000161,0.000645,0.000161,0.000484
ACACGGGAACTTAGGG-1,0.07455,0.031613,0.411441,0.482292,0.000104
ACACGTAGGCCACAAG-1,0.010244,0.060468,0.626974,0.022394,0.27992
ACACTCCAATGTCACT-1,0.057883,0.2478,0.32969,0.036462,0.328166
ACACTGATCAAGGTGT-1,0.010141,0.072882,0.778482,0.006364,0.132131
ACACTGGGACAGTCGT-1,0.000046,0.017571,0.633706,0.070135,0.278542
ACAGAACTGAGAACAA-1,0.218532,0.043342,0.360352,0.100735,0.27704
ACAGATTAGGTTAGTG-1,0.089922,0.000061,0.891744,0.018088,0.000184
ACAGCATAGAGCCAGT-1,0.729943,0.000106,0.269525,0.000106,0.000319
ACAGCGACATTCTCAT-1,0.000039,0.014165,0.701785,0.041811,0.242201
ACAGCGCACCCGCAGC-1,0.058668,0.210391,0.73078,0.00004,0.00012
ACAGGCTTGCCCGACT-1,0.300767,0.000045,0.670094,0.000045,0.029049
ACAGGTGGAGGTGAGG-1,0.000019,0.000609,0.117557,0.074435,0.80738
ACAGGTGTGTTGTTGC-1,0.552657,0.000173,0.000693,0.030244,0.416232
ACAGTAATACAACTTG-1,0.716221,0.00004,0.20625,0.00004,0.077449
ACAGTATACCGTGGGA-1,0.061746,0.044493,0.33256,0.048876,0.512325
ACATAAGTCGTGGTGA-1,0.999446,0.000062,0.000246,0.000062,0.000185
ACATAATAAGGCGGTG-1,0.011876,0.258164,0.452989,0.007704,0.269266
ACATCAGCTGGGACGC-1,0.233587,0.019271,0.354834,0.156336,0.235972
ACATCCCGGCCATACG-1,0.004394,0.027135,0.010555,0.766329,0.191586
ACATCCTGGTAACTGT-1,0.009334,0.079219,0.491368,0.038978,0.381102
ACATCGATCGTTTACC-1,0.074555,0.080753,0.065477,0.115725,0.663489
ACATCGGTCAGCCGCG-1,0.085901,0.401613,0.248917,0.040234,0.223335
ACATCGTATGCAATGG-1,0.000056,0.263053,0.5569,0.06628,0.113711
ACATCGTTAACCTAGT-1,0.000052,0.000052,0.990338,0.000052,0.009506
ACATCTCAACGCGTAA-1,0.251489,0.000073,0.383341,0.078758,0.286339
ACATGGCGCCAAAGTA-1,0.001873,0.09735,0.81273,0.032742,0.055305
ACATGGCTCAATTTAG-1,0.073479,0.017216,0.750165,0.076947,0.082193
ACATTAGTTTATATCC-1,0.413015,0.031957,0.465172,0.024072,0.065785
ACCAAACACCCAGCGA-1,0.029495,0.005019,0.715109,0.15063,0.099746
ACCAACACCACACACT-1,0.000023,0.024514,0.497258,0.036458,0.441747
ACCAACCGCACTCCAC-1,0.000021,0.008322,0.533993,0.101523,0.356141
ACCAACGCTTATTTAT-1,0.046579,0.03107,0.770047,0.018604,0.133701
ACCAAGAACGCGTGTC-1,0.225243,0.050083,0.578408,0.000036,0.14623
ACCAATATGCAAGTTA-1,0.115321,0.418735,0.331915,0.036412,0.097617
ACCACAACTCAGAACA-1,0.000034,0.028193,0.729267,0.025513,0.216993
ACCACAAGTTTCTATC-1,0.039688,0.05159,0.810939,0.000041,0.097742
ACCACCAATGTAACAA-1,0.052507,0.384443,0.376436,0.05028,0.136334
ACCACCCTCTCTTCTA-1,0.044406,0.071654,0.627155,0.009419,0.247366
ACCACGTGCAGCTATA-1,0.01822,0.049925,0.904984,0.000054,0.026817
ACCACTGTTCAAGAAG-1,0.611789,0.000021,0.07293,0.315196,0.000064
ACCAGACCATAACAAC-1,0.300739,0.168069,0.377607,0.004875,0.14871
ACCAGCCCGGTCTTTG-1,0.08224,0.016195,0.901364,0.00005,0.00015
ACCAGTGCCCGGTCAA-1,0.034935,0.012709,0.334452,0.026953,0.590951
ACCAGTGCGGGAGACG-1,0.062017,0.131209,0.278537,0.025632,0.502605
ACCATATCCGCAATAA-1,0.033713,0.200558,0.333091,0.101482,0.331157
ACCATCCGCCAACTAG-1,0.001112,0.00302,0.786432,0.038647,0.17079
ACCATCGTATATGGTA-1,0.350372,0.0252,0.522669,0.025982,0.075778
ACCATTAAGGGTGTCA-1,0.340897,0.000065,0.658052,0.000775,0.000211
ACCCAACGCCCGTGGC-1,0.85744,0.019825,0.002025,0.012052,0.108659
ACCCACCTACATGCTC-1,0.467434,0.015558,0.516698,0.000077,0.000232
ACCCATCTTGAGGGTA-1,0.944117,0.00009,0.055433,0.00009,0.00027
ACCCATTTGTCCCTCT-1,0.000027,0.112411,0.394131,0.405167,0.088265
ACCCGAGCGAAATTAC-1,0.001,0.031495,0.420002,0.106611,0.440893
ACCCGATTGGTTCCGA-1,0.001694,0.007266,0.12023,0.085462,0.785348
ACCCGGAAACTCCCAG-1,0.057016,0.000889,0.718349,0.024452,0.199293
ACCCGGAGCACCACAA-1,0.066554,0.00359,0.424402,0.090352,0.415103
ACCCGGATGACGCATC-1,0.015149,0.097454,0.565034,0.040153,0.28221
ACCCGGTTACACTTCC-1,0.999431,0.000063,0.000253,0.000063,0.00019
ACCCGTAGTCTAGTTG-1,0.0001,0.043353,0.88228,0.036773,0.037494
ACCCGTGTCATCAGTA-1,0.00003,0.032775,0.232395,0.077667,0.657134
ACCCTATAGGACTGAG-1,0.004562,0.00007,0.995088,0.00007,0.00021
ACCCTATGCCATATCG-1,0.010251,0.056341,0.798394,0.060984,0.074029
ACCCTCCCTTGCTATT-1,0.089865,0.075871,0.206518,0.08276,0.544986
ACCCTGGTAACGCCCT-1,0.0156,0.173238,0.030308,0.047106,0.733748
ACCCTTCATCTGCGAA-1,0.183514,0.000061,0.701235,0.007153,0.108036
ACCCTTGCCTGGGTCG-1,0.070625,0.016332,0.194118,0.020864,0.698061
ACCCTTTAGTTCTCCA-1,0.00004,0.00056,0.8794,0.063264,0.056737
ACCGAAAGGGCCCTGC-1,0.91164,0.000075,0.00097,0.050646,0.03667
ACCGAAGAGTCTGGTT-1,0.754223,0.000111,0.245221,0.000111,0.000334
ACCGACACATCTCCCA-1,0.059182,0.057817,0.210712,0.058117,0.614171
ACCGACTGAGTCCCAC-1,0.115763,0.131712,0.698832,0.014203,0.039489
ACCGATAGGCATAACC-1,0.000036,0.030493,0.633879,0.039163,0.296429
ACCGATATTTAATCAT-1,0.045089,0.140488,0.606246,0.022125,0.186052
ACCGATGGTAGCATCG-1,0.244995,0.151315,0.434486,0.011342,0.157861
ACCGCAATAACTGCCT-1,0.013637,0.03348,0.363446,0.244849,0.344589
ACCGCGGTGGAAGTCG-1,0.000021,0.006969,0.025268,0.096127,0.871616
ACCGGGCCTTTGTTGA-1,0.459644,0.136165,0.107299,0.045603,0.251289
ACCGGTCAGGTACACC-1,0.012962,0.195812,0.735287,0.015931,0.040008
ACCGGTCTGAGTACGG-1,0.000031,0.038219,0.509787,0.034239,0.417725
ACCGTCCACTGGGCCC-1,0.137804,0.003115,0.5587,0.073573,0.226808
ACCGTGACCACGTGGG-1,0.014039,0.033888,0.072752,0.127359,0.751962
ACCGTTCCCGCTCTGA-1,0.998753,0.000139,0.000554,0.000139,0.000416
ACCTAAGTACCTTTCA-1,0.000018,0.022498,0.036102,0.073206,0.868176
ACCTAATCGACTTCCT-1,0.642576,0.000055,0.35616,0.000055,0.001155
ACCTACAGTATGTGGT-1,0.005062,0.068089,0.213266,0.17204,0.541543
ACCTACTATAAATCTA-1,0.103639,0.005389,0.464736,0.043253,0.382984
ACCTCCGCCCTCGCTG-1,0.000288,0.000039,0.66695,0.015084,0.317639
ACCTCCGTTATTCACC-1,0.025145,0.108506,0.135319,0.096461,0.634568
ACCTCGAACTTATGCT-1,0.073819,0.005073,0.789553,0.054865,0.07669
ACCTGCGTGTCATGTT-1,0.002787,0.015235,0.761118,0.069066,0.151794
ACGAAATGGGCGGCAC-1,0.061002,0.040142,0.157562,0.054715,0.686578
ACGACCCATGAGTTGC-1,0.117745,0.003227,0.643736,0.018617,0.216676
ACGACTGGTCATACTC-1,0.003009,0.045184,0.302953,0.041245,0.60761
ACGAGAACCCATCACG-1,0.999017,0.000109,0.000437,0.000109,0.000328
ACGAGATATTTGCTTA-1,0.003296,0.023383,0.495471,0.018485,0.459365
ACGAGGATACCACTCT-1,0.459044,0.010743,0.312332,0.020035,0.197847
ACGAGGTTTACAACGT-1,0.114687,0.003073,0.640734,0.233027,0.008478
ACGAGTACGGATGCCC-1,0.825007,0.016773,0.037264,0.004736,0.11622
ACGATACATAGAACTA-1,0.105079,0.028224,0.728214,0.052704,0.085778
ACGATACCTATCCTGA-1,0.174123,0.003759,0.000174,0.006817,0.815128
ACGATCATACATAGAG-1,0.079418,0.001647,0.861896,0.055148,0.001891
ACGATCATCTTGTAAA-1,0.498507,0.020897,0.360828,0.015625,0.104143
ACGATGCATATGTTAT-1,0.965969,0.000089,0.015153,0.018523,0.000267
ACGATGGATCCGATGC-1,0.280778,0.000074,0.718853,0.000074,0.000221
ACGCAAACTAATAGAT-1,0.194981,0.017223,0.463021,0.091008,0.233768
ACGCAATCACTACAGC-1,0.104006,0.088435,0.589141,0.001214,0.217205
ACGCATAAATGACATG-1,0.363687,0.063753,0.414819,0.011575,0.146164
ACGCATACGTTTACTA-1,0.050156,0.007398,0.367197,0.085862,0.489387
ACGCATTCGTGAGTAC-1,0.058742,0.000037,0.208071,0.158704,0.574446
ACGCCAGATGATTTCT-1,0.000065,0.000876,0.998797,0.000065,0.000196
ACGCCGCTAGACGACC-1,0.0944,0.071727,0.014308,0.041423,0.778142
ACGCGAAGTCAGACGA-1,0.834764,0.000065,0.011336,0.000065,0.15377
ACGCGCTACACAGGGT-1,0.00004,0.003634,0.857055,0.049885,0.089385
ACGCGGGCCAAGGACA-1,0.32042,0.104122,0.492965,0.00004,0.082453
ACGCGTTTCTTAAGAG-1,0.177659,0.026732,0.582862,0.032132,0.180615
ACGCTAGTGATACACT-1,0.010181,0.005671,0.525436,0.066975,0.391737
ACGCTGTGAGGCGTAG-1,0.423239,0.000081,0.576355,0.000081,0.000244
ACGCTTAGTGTCTCTC-1,0.159469,0.000136,0.714464,0.000136,0.125796
ACGGAATTTAGCAAAT-1,0.062823,0.000051,0.895184,0.000051,0.041891
ACGGACTCTCAAAGCG-1,0.076375,0.032809,0.213239,0.015061,0.662515
ACGGAGCGCAAATTAC-1,0.050543,0.247492,0.634665,0.011595,0.055705
ACGGATGGTGCGGATA-1,0.038675,0.155901,0.688348,0.011165,0.105911
ACGGCACTTGCTTGGG-1,0.217119,0.03738,0.046421,0.124399,0.574682
ACGGCCAACATGGACT-1,0.110906,0.01157,0.143411,0.100377,0.633735
ACGGCGACGATGGGAA-1,0.000022,0.016046,0.09058,0.054236,0.839117
ACGGCGGGTTGCCCTG-1,0.516024,0.000152,0.402776,0.000152,0.080896
ACGGCTGGATGTAGAA-1,0.432077,0.000045,0.125891,0.186182,0.255805
ACGGGAGTGTCGGCCC-1,0.002049,0.103972,0.237292,0.087997,0.568689
ACGGGCGTATGCGACA-1,0.567457,0.005202,0.251811,0.158103,0.017427
ACGGGTCATGTGACTT-1,0.356145,0.004038,0.639662,0.000039,0.000116
ACGTACAGATTTCTCT-1,0.176933,0.044328,0.538826,0.165454,0.074459
ACGTAGATTGCTGATG-1,0.069386,0.010862,0.325576,0.016751,0.577424
ACGTATTACTCCGATC-1,0.01329,0.017785,0.121015,0.106292,0.741618
ACGTCGGGCAACTCGG-1,0.076697,0.131887,0.603659,0.040361,0.147396
ACGTCTCGTTCCGGGA-1,0.554348,0.009427,0.314858,0.000033,0.121334
ACGTGACAAAGTAAGT-1,0.999598,0.000045,0.000179,0.000045,0.000134
ACGTGCGCCTCGTGCA-1,0.059846,0.000059,0.939858,0.000059,0.000177
ACGTTAATGTCGAAGA-1,0.080196,0.072951,0.183226,0.068106,0.595522
ACGTTAGATTTGCCCG-1,0.061267,0.023382,0.531868,0.021693,0.36179
ACGTTATTGGTCACTC-1,0.44665,0.049172,0.503369,0.000507,0.000301
ACGTTCCGCGCTCCGT-1,0.998795,0.000134,0.000536,0.000134,0.000402
ACGTTCGCAATCAATT-1,0.013538,0.091111,0.52564,0.035533,0.334178
ACGTTCGTTCAGGAAA-1,0.00005,0.04785,0.587111,0.013501,0.351488
ACGTTCTGTACAAGTC-1,0.052005,0.018545,0.573167,0.101371,0.254913
ACGTTTAGTTGTGATC-1,0.814853,0.00017,0.133139,0.00017,0.051669
ACTAAGGACGCACACC-1,0.004822,0.012894,0.397726,0.011265,0.573294
ACTAATACGTCAGGCG-1,0.05633,0.009223,0.631852,0.292152,0.010444
ACTACATCCCGACAAG-1,0.781674,0.027647,0.19052,0.00004,0.000119
ACTACCAGCTCTCTGG-1,0.46526,0.07036,0.464017,0.000091,0.000272
ACTACGCGTTAGAATT-1,0.013162,0.399261,0.032744,0.09158,0.463254
ACTAGTTGCGATCGTC-1,0.725846,0.008418,0.16797,0.017354,0.080412
ACTATATGCTGTGTTC-1,0.131496,0.017385,0.788747,0.00004,0.062332
ACTATCCAGGGCATGG-1,0.072207,0.053439,0.30124,0.448911,0.124202
ACTATCGCCGGCTAAA-1,0.12118,0.057326,0.002207,0.038942,0.780344
ACTATCTGCCCGCGTA-1,0.011006,0.043464,0.543448,0.183307,0.218775
ACTATGTCCAGCTGCC-1,0.061047,0.027817,0.791132,0.044965,0.07504
ACTATTCGTCCGTGGT-1,0.000039,0.004351,0.483963,0.007031,0.504616
ACTATTTCCGGGCCCA-1,0.000022,0.049018,0.208575,0.047246,0.695138
ACTCAACGAATGTATT-1,0.8859,0.000123,0.00469,0.000123,0.109165
ACTCAAGTGCAAGGCT-1,0.004653,0.141316,0.63179,0.014067,0.208175
ACTCAATAAAGGCACG-1,0.000041,0.032324,0.879324,0.017405,0.070905
ACTCAGACCTGCTTCT-1,0.021515,0.00005,0.978235,0.00005,0.00015
ACTCATGGCAGCCTTC-1,0.037623,0.002354,0.64108,0.013873,0.305072
ACTCCAATATCATCAT-1,0.016979,0.01852,0.087112,0.017,0.86039
ACTCCCATTCCTAAAG-1,0.008074,0.018964,0.880587,0.011338,0.081037
ACTCCCGAATTCGTTT-1,0.058913,0.251354,0.39078,0.047934,0.25102
ACTCCCGTAGACTAGG-1,0.044433,0.088594,0.689659,0.001996,0.175319
ACTCCCTAATGCTAAA-1,0.165971,0.019614,0.736939,0.060969,0.016507
ACTCCCTAGAATAGTA-1,0.024234,0.000785,0.035706,0.125576,0.813699
ACTCGATGTATTTCAT-1,0.973924,0.000099,0.025582,0.000099,0.000296
ACTCGCCGTTCGATAA-1,0.00003,0.012501,0.452365,0.367864,0.16724
ACTCGCGATCTGACGC-1,0.051377,0.045072,0.726584,0.019964,0.157002
ACTCGTAACCCGTCCT-1,0.000026,0.028923,0.200874,0.088866,0.681311
ACTCGTCAGTAATCCC-1,0.058654,0.111856,0.772291,0.00005,0.057149
ACTCTAAACCTGGGAT-1,0.050507,0.000022,0.000086,0.153199,0.796186
ACTCTCTGACTTAGGT-1,0.000054,0.057524,0.560974,0.021602,0.359845
ACTCTCTTATACACGA-1,0.086071,0.007788,0.325879,0.264494,0.315767
ACTCTTCAGCTCCCGC-1,0.090102,0.013728,0.033459,0.027889,0.834823
ACTCTTGTATAGTAAC-1,0.071709,0.020688,0.717123,0.107483,0.082998
ACTGAAACGCCGTTAG-1,0.000035,0.014674,0.957723,0.000035,0.027533
ACTGAATGGCGAAAGT-1,0.000023,0.020342,0.01834,0.055559,0.905736
ACTGATTTAGTGATTC-1,0.202669,0.143434,0.512355,0.002213,0.139329
ACTGCCCGCCATTCTC-1,0.047894,0.013064,0.647293,0.083523,0.208225
ACTGCCGTCGTAACTC-1,0.089239,0.000045,0.326419,0.092411,0.491886
ACTGCGGACACACCGT-1,0.015475,0.00337,0.019194,0.202751,0.759209
ACTGCTCGGAAGGATG-1,0.604581,0.120291,0.274773,0.000089,0.000266
ACTGGCGAACCTGCGT-1,0.00002,0.01512,0.377953,0.038025,0.568882
ACTGTACGATACACAT-1,0.026326,0.00005,0.819974,0.025503,0.128146
ACTGTAGCACTTTGGA-1,0.996564,0.000382,0.001527,0.000382,0.001145
ACTGTATACGCGAGCA-1,0.000048,0.203166,0.708013,0.018048,0.070725
ACTGTCCAGGATTATA-1,0.40605,0.050014,0.163201,0.146514,0.234221
ACTGTCTTCTTTAGAA-1,0.99915,0.000094,0.000378,0.000094,0.000283
ACTGTGCTAGTAGATC-1,0.000056,0.000056,0.991726,0.006494,0.001668
ACTTACCGGGCGCGCA-1,0.067933,0.037464,0.219868,0.08964,0.585095
ACTTACGCATCCACGC-1,0.110095,0.069514,0.638377,0.017503,0.16451
ACTTAGTACGACAAGA-1,0.000033,0.000033,0.661555,0.001423,0.336956
ACTTATACTTACCCGG-1,0.005779,0.110698,0.761234,0.021821,0.100468
ACTTATTAGGATCGGT-1,0.080022,0.244782,0.015116,0.018927,0.641154
ACTTATTTATGTGCCA-1,0.000047,0.069854,0.639488,0.113784,0.176827
ACTTCAGGCTGATCCC-1,0.043757,0.182901,0.453939,0.04201,0.277393
ACTTCCAGTGGAAGCT-1,0.75733,0.184275,0.02197,0.036298,0.000126
ACTTCCATGCGGGACA-1,0.026638,0.000126,0.855045,0.029759,0.088432
ACTTCGCCATACGCAC-1,0.022928,0.009172,0.676899,0.0793,0.211701
ACTTCGCTAGCGAGTG-1,0.018939,0.037834,0.535945,0.063509,0.343773
ACTTGACTCCCTCTTT-1,0.000058,0.389083,0.436622,0.006302,0.167935
ACTTGCCATATTGTAC-1,0.123336,0.000127,0.834714,0.000127,0.041696
ACTTGCTCTATCTACC-1,0.217634,0.007372,0.600269,0.074902,0.099824
ACTTGGGACCCGGTGG-1,0.000025,0.117509,0.203289,0.028861,0.650315
ACTTGTAGTCCCTTCA-1,0.109075,0.005202,0.832052,0.015833,0.037838
ACTTGTGGATGGAACG-1,0.002902,0.026954,0.750755,0.003947,0.215443
ACTTTACCCTCATGAA-1,0.017895,0.097405,0.299882,0.02669,0.558128
ACTTTCCTATAGCTTC-1,0.998369,0.000181,0.000725,0.000181,0.000544
ACTTTGACTGCATCCT-1,0.148384,0.013749,0.837645,0.000056,0.000167
ACTTTGGTCGTGCTCC-1,0.941094,0.000079,0.058511,0.000079,0.000237
ACTTTGTCGACGCACT-1,0.036367,0.03642,0.460866,0.005901,0.460446
AGAAATTATGACTCGC-1,0.025579,0.210169,0.315077,0.321265,0.12791
AGAACCCAGCGTGACA-1,0.052511,0.133243,0.654249,0.078456,0.08154
AGAACCCTCAATTGGG-1,0.359265,0.0098,0.581942,0.000037,0.048955
AGAACGTGGTACATTC-1,0.00004,0.007752,0.465825,0.058945,0.467437
AGAAGAGCGCCGTTCC-1,0.000479,0.000479,0.997128,0.000479,0.001436
AGAAGGTACACTTCAC-1,0.078438,0.000061,0.475573,0.031098,0.414831
AGAAGGTTGCCGAATT-1,0.034934,0.016127,0.629658,0.025089,0.294193
AGAAGGTTGTAGGTCG-1,0.006807,0.039931,0.080752,0.049322,0.823188
AGAAGTGATTCGTGAT-1,0.000056,0.011223,0.91704,0.00256,0.069122
AGAATAAATCTTCAGG-1,0.083233,0.006035,0.821493,0.059186,0.030052
AGAATGCGGGTTCGGA-1,0.173969,0.000726,0.601759,0.203631,0.019914
AGAATTATGGATTCGA-1,0.060882,0.057878,0.51359,0.051343,0.316306
AGAATTGTTTGACATA-1,0.04722,0.000055,0.952506,0.000055,0.000165
AGACAGCTCAGAATCC-1,0.64189,0.000046,0.355161,0.000046,0.002856
AGACAGGCATCTCAGC-1,0.027964,0.025918,0.284894,0.138478,0.522746
AGACATAGATCCTTCC-1,0.354811,0.000063,0.237915,0.007083,0.400129
AGACCAAACCACACCT-1,0.508174,0.000071,0.491469,0.000071,0.000214
AGACCATGGGATACAA-1,0.187085,0.14948,0.567901,0.003164,0.092369
AGACCCACCGCTGATC-1,0.00003,0.003057,0.30691,0.052486,0.637516
AGACCCGCCCTCCTCG-1,0.723468,0.00028,0.275131,0.00028,0.000841
AGACCGCTCCGCGGTT-1,0.127709,0.003636,0.287618,0.088394,0.492643
AGACCGGGAAACCCTG-1,0.160173,0.658386,0.136364,0.021333,0.023744
AGACGAAGTGCCGGTC-1,0.068688,0.100494,0.331246,0.054128,0.445444
AGACGACGATGCCGCT-1,0.093377,0.221199,0.380521,0.084069,0.220833
AGACGCCCACTTCGCC-1,0.000054,0.169101,0.524256,0.046201,0.260387
AGACGGGCCGATTTAA-1,0.017882,0.134996,0.71343,0.000326,0.133365
AGACTAGCCTTCCAGA-1,0.023934,0.031919,0.769205,0.031874,0.143068
AGACTGTTACCGGGTC-1,0.059647,0.000083,0.713966,0.000083,0.22622
AGAGAAACACCAGAAA-1,0.000012,0.00125,0.164244,0.13177,0.702723
AGAGAACCGTCTAGGA-1,0.119705,0.043443,0.369152,0.016279,0.451421
AGAGAAGGAGTACAAT-1,0.000025,0.049182,0.472208,0.00316,0.475426
AGAGATCTCTAAAGCG-1,0.125864,0.029794,0.751019,0.012115,0.081209
AGAGCAGTTATGAGAC-1,0.047472,0.017829,0.369213,0.007996,0.55749
AGAGCCGCCGAGATTT-1,0.106137,0.080676,0.374497,0.009918,0.428773
AGAGCGCTTGTAACGG-1,0.07304,0.018722,0.602728,0.021896,0.283614
AGAGCGGGCTAATCAT-1,0.000041,0.004403,0.88144,0.04719,0.066927
AGAGCGTACAAGCTCG-1,0.254938,0.000066,0.744733,0.000066,0.000197
AGAGCTACGAAAGCAT-1,0.401311,0.099198,0.499243,0.000062,0.000186
AGAGGCTTCGGAAACC-1,0.002163,0.04117,0.367097,0.021808,0.567762
AGAGGGACAATTGTCC-1,0.024305,0.040648,0.513614,0.02399,0.397444
AGAGTAAACTTCACTA-1,0.000032,0.058132,0.673354,0.025197,0.243286
AGAGTATAGTGTTACG-1,0.03057,0.12304,0.57746,0.026378,0.242552
AGAGTTAGAGACCGAT-1,0.268035,0.023925,0.700529,0.000045,0.007466
AGAGTTGCAGGCCTCC-1,0.000017,0.054825,0.324944,0.01168,0.608534
AGATAACTTCAGGGCC-1,0.199673,0.066955,0.644289,0.00006,0.089023
AGATACCAATAGAACC-1,0.000035,0.002307,0.791819,0.001559,0.204279
AGATACCAGCACTTCA-1,0.134257,0.005297,0.571571,0.210623,0.078252
AGATACCGGTGTTCAC-1,0.00004,0.006748,0.805372,0.009201,0.178638
AGATACGACTTCATAT-1,0.000054,0.000054,0.919639,0.061292,0.01896
AGATACTCAAGATCGA-1,0.044006,0.021629,0.574161,0.028604,0.331599
AGATATAATACGACTA-1,0.015717,0.097169,0.33714,0.185934,0.364039
AGATCGTGCATAAGAT-1,0.008113,0.014,0.751154,0.009924,0.216809
AGATCTCAGGTGTGAT-1,0.050716,0.011341,0.804892,0.029575,0.103476
AGATGACTCGCCCACG-1,0.162077,0.03636,0.706601,0.016626,0.078336
AGATGAGGGTTGCGAT-1,0.756495,0.000125,0.122119,0.000125,0.121136
AGATGATGGAGTCTGG-1,0.315051,0.071333,0.119413,0.016532,0.477672
AGATGCAAGACGTGCA-1,0.05826,0.0902,0.727075,0.003965,0.1205
AGATGCATCCTGTGTC-1,0.988138,0.000049,0.011616,0.000049,0.000147
AGATGCTATAACGAGC-1,0.457818,0.00678,0.524748,0.000027,0.010627
AGATTATAGGACGTTT-1,0.016506,0.16676,0.296234,0.059535,0.460965
AGATTCAAGCGGGTCG-1,0.000017,0.022223,0.397347,0.016326,0.564087
AGATTCACAACCGATA-1,0.036868,0.001378,0.771017,0.006392,0.184346
AGCAAAGGCCGCTAGT-1,0.11886,0.003285,0.84016,0.011307,0.026389
AGCAACATATCTTATT-1,0.006052,0.185167,0.564168,0.006258,0.238355
AGCAACCGAAAGTAAT-1,0.000022,0.032086,0.705866,0.018111,0.243915
AGCACACGTTTAGACT-1,0.000022,0.029607,0.216786,0.371356,0.382228
AGCACCAGTACTCACG-1,0.034813,0.007416,0.711926,0.062831,0.183014
AGCACTACCGGCCTGT-1,0.983261,0.000082,0.00033,0.000082,0.016244
AGCACTACCTCACCAG-1,0.000032,0.013355,0.542025,0.058786,0.385802
AGCACTTAAGGACGCC-1,0.372994,0.037901,0.174738,0.047913,0.366453
AGCAGAAGGAGAAAGA-1,0.153977,0.040856,0.677293,0.060045,0.067828
AGCAGCCAGATGAATA-1,0.035397,0.254027,0.364694,0.172104,0.173778
AGCATATCAATATGCT-1,0.049774,0.06953,0.517171,0.009787,0.353738
AGCATCATTTCGAAAG-1,0.391611,0.001921,0.578188,0.000034,0.028245
AGCATCGTCGATAATT-1,0.996103,0.000433,0.001732,0.000433,0.001299
AGCATTACGAGGCAAG-1,0.000031,0.016209,0.691346,0.003589,0.288826
AGCCAAGCTTTGTGTC-1,0.033838,0.056203,0.241037,0.134185,0.534737
AGCCACAGGTTACCCG-1,0.039598,0.001558,0.897248,0.006422,0.055174
AGCCACTCCCGTGCTT-1,0.000046,0.015232,0.96287,0.014919,0.006932
AGCCCATACATGTAAG-1,0.034121,0.000032,0.404494,0.05751,0.503844
AGCCCGCAACAAGCAG-1,0.887759,0.000046,0.016962,0.000046,0.095187
AGCCCGGCATTAGAGG-1,0.000025,0.012452,0.742041,0.005459,0.240023
AGCCCGGTAGCCTGTA-1,0.906481,0.000064,0.000255,0.093009,0.000191
AGCCCTAAGCGAAGTT-1,0.000049,0.000142,0.938521,0.000049,0.06124
AGCCCTCCCTGGTGGC-1,0.121815,0.02882,0.530216,0.030677,0.288472
AGCCCTGTCGCACCGT-1,0.031089,0.072031,0.39538,0.04347,0.45803
AGCCCTTCTAATCCGA-1,0.061102,0.004761,0.046547,0.067708,0.819882
AGCCCTTGGACATCCC-1,0.063324,0.036101,0.22147,0.037534,0.641571
AGCCGCAAATTCAAAT-1,0.24671,0.157268,0.196139,0.060289,0.339593
AGCCGCTTGATTAGCG-1,0.128697,0.02116,0.002912,0.036731,0.810499
AGCCGTGGCTAAATGT-1,0.009886,0.007982,0.127932,0.009205,0.844994
AGCCTAATACCCACGT-1,0.034796,0.012772,0.426235,0.119671,0.406526
AGCCTTAAAGCGGAAG-1,0.014763,0.009112,0.351416,0.064946,0.559764
AGCGACAGGAACGGTC-1,0.000022,0.000934,0.420787,0.060519,0.517738
AGCGACATCCCATTCA-1,0.000048,0.026006,0.92315,0.000048,0.050747
AGCGACCAACGATATT-1,0.647263,0.071917,0.279815,0.000251,0.000754
AGCGAGACGTGAAGGC-1,0.000018,0.005001,0.218208,0.095917,0.680856
AGCGATGCGCCTAATA-1,0.000026,0.008317,0.202917,0.057919,0.730821
AGCGCATAATGAATCG-1,0.000022,0.055346,0.34278,0.066574,0.535277
AGCGCGGGTGCCAATG-1,0.127443,0.016249,0.55781,0.001853,0.296645
AGCGCTAGAGCGATGT-1,0.08955,0.050078,0.583327,0.04895,0.228096
AGCGCTTATGGGCAAG-1,0.847977,0.005881,0.145974,0.000042,0.000126
AGCGGACACTTCGTAG-1,0.000021,0.011686,0.269131,0.10186,0.617302
AGCGGCGGTTAGCGGT-1,0.086431,0.01011,0.497226,0.064213,0.342019
AGCGGGAAGGGTCCAT-1,0.000067,0.000067,0.980954,0.018709,0.000202
AGCGGGTCTGACACTC-1,0.000015,0.024797,0.112896,0.222758,0.639534
AGCGGTTGCCGCTCTG-1,0.105821,0.334597,0.392037,0.110663,0.056882
