Barcode,Topic 1,Topic 2,Topic 3,Topic 4to5,Topic 6to8,Topic 9,Topic 10
AAACAAGTATCTCCCA-1,0.151529,0.01408,0.045014,0.459653,0.28754,0.036208,0.005976
AAACAATCTACTAGCA-1,0.006586,0.000021,0.104724,0.239885,0.632504,0.006962,0.009317
AAACACCAATAACTGC-1,0.021638,0.000015,0.112104,0.445193,0.259047,0.07188,0.090122
AAACAGAGCGACTCCT-1,0.00002,0.011946,0.05751,0.3527,0.560405,0.015247,0.002172
AAACAGCTTTCAGAAG-1,0.190496,0.000034,0.005577,0.083542,0.514599,0.01897,0.186782
AAACAGGGTCTATATT-1,0.175588,0.000037,0.061436,0.085076,0.485499,0.182697,0.009667
AAACAGTGTTCCTGGG-1,0.030737,0.000018,0.022321,0.404258,0.348417,0.091977,0.102272
AAACATGGTGAGAGGA-1,0.286051,0.00001,0.00244,0.360015,0.052841,0.290475,0.008168
AAACATTTCCCGGATT-1,0.403274,0.000041,0.000041,0.000082,0.357192,0.069891,0.169479
AAACCCGAACGAAATC-1,0.915734,0.000055,0.000055,0.000109,0.000164,0.083829,0.000055
AAACCGGAAATGTTAA-1,0.740827,0.004632,0.000047,0.000093,0.00014,0.191638,0.062623
AAACCGGGTAGGTACC-1,0.016427,0.000015,0.113282,0.592431,0.221164,0.024481,0.0322
AAACCGTTCGTCCAGG-1,0.032327,0.004446,0.113849,0.315507,0.363969,0.089518,0.080385
AAACCTAAGCAGCCGG-1,0.142615,0.000023,0.00073,0.045839,0.639699,0.012843,0.158252
AAACCTCATGAAGTTG-1,0.085424,0.00048,0.085937,0.557187,0.172846,0.046042,0.052084
AAACGAAGAACATACC-1,0.132496,0.00128,0.040047,0.143043,0.595416,0.034612,0.053106
AAACGAAGATGGAGTA-1,0.074614,0.000048,0.010106,0.142808,0.677768,0.010219,0.084437
AAACGAGACGGTTGAT-1,0.028529,0.003721,0.085288,0.434882,0.336026,0.099,0.012553
AAACGCCCGAGATCGG-1,0.029765,0.004779,0.098267,0.230367,0.547324,0.025389,0.064108
AAACGCTGGGCACGAC-1,0.940063,0.000053,0.0487,0.00059,0.00016,0.010381,0.000053
AAACGGGCGTACGGGT-1,0.272558,0.00478,0.008111,0.087899,0.529732,0.022045,0.074875
AAACGGGTTGGTATCC-1,0.08555,0.000047,0.022252,0.025635,0.782905,0.082061,0.00155
AAACGGTTGCGAACTG-1,0.006378,0.004007,0.098395,0.659662,0.226599,0.000699,0.004259
AAACGTGTTCGCCCTA-1,0.154286,0.000041,0.054334,0.176135,0.540948,0.008754,0.065501
AAACTAACGTGGCGAC-1,0.019937,0.000016,0.038856,0.175531,0.594782,0.004362,0.166515
AAACTCGGTTCGCAAT-1,0.020226,0.001396,0.29762,0.080251,0.437821,0.016095,0.146592
AAACTCGTGATATAAG-1,0.112338,0.034725,0.181688,0.268883,0.327874,0.060987,0.013506
AAACTGCTGGCTCCAA-1,0.064383,0.00002,0.080837,0.245197,0.378484,0.071315,0.159764
AAACTTAATTGCACGC-1,0.051595,0.002865,0.028178,0.252424,0.209666,0.062013,0.393259
AAACTTGCAAACGTAT-1,0.231007,0.000029,0.034647,0.204036,0.298666,0.185851,0.045763
AAAGAATGACCTTAGA-1,0.054058,0.00003,0.009687,0.126599,0.290136,0.182084,0.337406
AAAGAATGTGGACTAA-1,0.674498,0.000028,0.312257,0.000172,0.000084,0.000028,0.012934
AAAGACCCAAGTCGCG-1,0.000019,0.004889,0.056225,0.038805,0.499176,0.001999,0.398887
AAAGACTGGGCGCTTT-1,0.075691,0.000023,0.087987,0.412478,0.369471,0.042604,0.011746
AAAGCTTGCCTACATA-1,0.762742,0.000057,0.000057,0.014041,0.179763,0.001901,0.04144
AAAGGCCCTATAATAC-1,0.030922,0.015598,0.013272,0.12305,0.372528,0.156054,0.288576
AAAGGCTACGGACCAT-1,0.045785,0.012003,0.104859,0.718511,0.111909,0.006923,0.00001
AAAGGCTCTCGCGCCG-1,0.160927,0.000012,0.099158,0.410162,0.213854,0.071419,0.044466
AAAGGGATGTAGCAAG-1,0.067123,0.003586,0.075457,0.330118,0.30039,0.117712,0.105615
AAAGGGCAGCTTGAAT-1,0.013473,0.006283,0.033594,0.045613,0.819214,0.015803,0.06602
AAAGGTAAGCTGTACC-1,0.023156,0.0012,0.047805,0.411312,0.449698,0.009386,0.057443
AAAGTAGCATTGCTCA-1,0.581331,0.001378,0.083224,0.079839,0.094761,0.052642,0.106826
AAAGTCACTGATGTAA-1,0.020693,0.022659,0.061612,0.157294,0.442686,0.038487,0.256569
AAAGTCGACCCTCAGT-1,0.043845,0.00002,0.016842,0.164861,0.21258,0.410231,0.15162
AAAGTGCCATCAATTA-1,0.436497,0.00003,0.56148,0.000059,0.000089,0.001816,0.00003
AAAGTGTGATTTATCT-1,0.061723,0.000029,0.135904,0.246354,0.51623,0.002568,0.037191
AAAGTTGACTCCCGTA-1,0.036378,0.02167,0.019154,0.140535,0.602307,0.046844,0.133112
AAATAACCATACGGGA-1,0.167597,0.000019,0.196211,0.205846,0.379411,0.004069,0.046847
AAATAAGGTAGTGCCC-1,0.149109,0.000023,0.082351,0.144365,0.391518,0.022647,0.209987
AAATACCTATAAGCAT-1,0.007737,0.012024,0.140176,0.546758,0.257281,0.030292,0.005732
AAATAGGGTGCTATTG-1,0.098562,0.00004,0.074229,0.228973,0.48202,0.096772,0.019404
AAATCCGATACACGCC-1,0.104362,0.000014,0.082584,0.432711,0.302042,0.070942,0.007345
AAATCGCGGAAGGAGT-1,0.086828,0.000049,0.00375,0.242522,0.398791,0.037092,0.230969
AAATCGTGTACCACAA-1,0.0456,0.004243,0.06467,0.531724,0.328317,0.016355,0.009091
AAATCTAGCCCTGCTA-1,0.32386,0.00008,0.461988,0.028281,0.137357,0.026324,0.02211
AAATCTGCCCGCGTCC-1,0.051586,0.000024,0.16987,0.595961,0.080124,0.006695,0.095741
AAATGACTGATCAAAC-1,0.000008,0.038195,0.155775,0.578789,0.137728,0.007503,0.082002
AAATGATTCGATCAGC-1,0.007784,0.000026,0.02444,0.059705,0.792417,0.005716,0.109912
AAATGCTCGTTACGTT-1,0.000014,0.000874,0.222014,0.564446,0.167623,0.011621,0.033409
AAATGGCATGTCTTGT-1,0.000022,0.009498,0.015239,0.025992,0.233468,0.100034,0.615749
AAATGGCCCGTGCCCT-1,0.25635,0.000039,0.010141,0.118867,0.542652,0.070727,0.001224
AAATGGTCAATGTGCC-1,0.000026,0.008394,0.006688,0.136444,0.624903,0.018034,0.205512
AAATGTATCTTATCCC-1,0.169205,0.017346,0.031314,0.283597,0.427152,0.057955,0.013431
AAATTAACGGGTAGCT-1,0.072866,0.020045,0.055526,0.150828,0.688207,0.003802,0.008725
AAATTAATAAGCGCGA-1,0.016659,0.000012,0.087456,0.518743,0.349148,0.019645,0.008336
AAATTACACGACTCTG-1,0.021114,0.015625,0.029058,0.0953,0.674519,0.016886,0.147497
AAATTACCTATCGATG-1,0.205979,0.003253,0.024938,0.131876,0.580297,0.033961,0.019696
AAATTCCAGGTCCAAA-1,0.264958,0.000026,0.069605,0.028725,0.525174,0.018133,0.09338
AAATTGATAGTCCTTT-1,0.022001,0.000018,0.019803,0.222206,0.328482,0.024467,0.383024
AAATTGCGGCGGTTCT-1,0.000029,0.000029,0.007999,0.008799,0.616653,0.000029,0.36646
AAATTGGTGAGAAGCA-1,0.164559,0.002122,0.033636,0.218936,0.336413,0.028038,0.216297
AAATTTACCGAAATCC-1,0.003329,0.000009,0.150979,0.588546,0.217249,0.025571,0.014317
AAATTTGCGGGTGTGG-1,0.201158,0.000008,0.256337,0.354706,0.091699,0.08537,0.010721
AACAACTGGTAGTTGC-1,0.020297,0.011294,0.054261,0.123808,0.628021,0.089284,0.073034
AACAATACATTGTCGA-1,0.072317,0.007197,0.209629,0.052398,0.273581,0.027588,0.35729
AACAATTACTCTACGC-1,0.034429,0.000014,0.109392,0.44034,0.254973,0.097986,0.062866
AACACACGCTCGCCGC-1,0.080404,0.000022,0.031958,0.246089,0.514653,0.012558,0.114317
AACACGACTGTACTGA-1,0.000013,0.000147,0.102141,0.53216,0.353303,0.001419,0.010818
AACACGAGACGCGGCC-1,0.269782,0.000025,0.007602,0.217488,0.155652,0.302077,0.047373
AACACGCGGCCGCGAA-1,0.004182,0.000022,0.122905,0.248008,0.530764,0.047869,0.04625
AACAGCTGTGTGGCAA-1,0.040631,0.012338,0.10331,0.127187,0.521195,0.027396,0.167944
AACAGGAAATCGAATA-1,0.006114,0.00001,0.083412,0.307683,0.311527,0.054824,0.23643
AACAGGATGGGCCGCG-1,0.399582,0.000018,0.000832,0.108436,0.227489,0.13712,0.126523
AACAGGTAGTATGGAT-1,0.907741,0.000109,0.000109,0.000219,0.083353,0.000109,0.008358
AACATAGCGTGTATCG-1,0.288441,0.000013,0.135901,0.424279,0.072634,0.066255,0.012477
AACATATCAACTGGTG-1,0.03757,0.016694,0.021882,0.016034,0.623861,0.106567,0.177392
AACATCGATACGTCTA-1,0.074659,0.011745,0.129892,0.04114,0.592144,0.035661,0.114759
AACATTGAAGTTGATC-1,0.079978,0.007552,0.046251,0.264385,0.495432,0.086285,0.020116
AACATTGGTCAGCCGT-1,0.000029,0.035398,0.179694,0.427233,0.263577,0.006354,0.087714
AACATTGTGACTCGAG-1,0.068245,0.009625,0.131968,0.58754,0.055342,0.098583,0.048698
AACCAAGACTTCTCTG-1,0.001198,0.012412,0.100416,0.378854,0.419653,0.020167,0.0673
AACCAGTATCACTCTT-1,0.048264,0.000027,0.083125,0.131784,0.714167,0.004519,0.018114
AACCATAGGGTTGAAC-1,0.002086,0.000012,0.116913,0.784415,0.060664,0.009716,0.026193
AACCATGGGATCGCTA-1,0.000036,0.010385,0.029809,0.118177,0.836002,0.000955,0.004635
AACCCAGAGACGGAGA-1,0.062364,0.003293,0.162008,0.601457,0.09815,0.020468,0.052259
AACCCATCCCATGATC-1,0.017969,0.000024,0.040444,0.308956,0.202069,0.093526,0.337012
AACCCGACAACCCGTG-1,0.059538,0.000021,0.138028,0.367865,0.420462,0.010985,0.003101
AACCCGAGCAGAATCG-1,0.73591,0.00008,0.140988,0.000604,0.064612,0.007474,0.050331
AACCCGATAGGGCTTC-1,0.242711,0.002618,0.000049,0.000098,0.121156,0.149024,0.484343
AACCCGCTGTATTCCA-1,0.049344,0.005343,0.073513,0.24581,0.301847,0.122603,0.20154
AACCCTACTGTCAATA-1,0.07059,0.02254,0.035753,0.085706,0.608559,0.172675,0.004177
AACCCTGGTGGAACCA-1,0.003762,0.000011,0.044867,0.29574,0.252143,0.033221,0.370256
AACCGAGCTTGGTCAT-1,0.050702,0.008671,0.05739,0.115318,0.594216,0.030744,0.142959
AACCGCTAAGGGATGC-1,0.149181,0.00226,0.111457,0.215292,0.446306,0.059284,0.016221
AACCGTTGTGTTTGCT-1,0.000009,0.00069,0.436976,0.477194,0.078172,0.001123,0.005836
AACCTCGCTTTAGCCC-1,0.098741,0.000017,0.080743,0.575561,0.232068,0.006289,0.006582
AACCTGTCACGGAATT-1,0.998302,0.000043,0.000043,0.000086,0.00013,0.000043,0.001352
AACCTTTAAATACGGT-1,0.000015,0.019777,0.135642,0.443937,0.362419,0.023791,0.014419
AACCTTTACGACGTCT-1,0.000037,0.000037,0.05649,0.076954,0.861714,0.002019,0.002748
AACGAAAGTCGTCCCA-1,0.012095,0.000015,0.095473,0.734511,0.061709,0.016008,0.08019
AACGACCTCCTAGCCG-1,0.770139,0.011249,0.000058,0.000116,0.000174,0.173681,0.044584
AACGATAATGCCGTAG-1,0.033597,0.050672,0.014806,0.123489,0.645142,0.104249,0.028045
AACGATAGAAGGGCCG-1,0.000018,0.01723,0.405607,0.059012,0.334538,0.018416,0.165179
AACGATATGTCAACTG-1,0.015583,0.009327,0.145802,0.40092,0.167227,0.005644,0.255497
AACGCATGATCTGGGT-1,0.027288,0.002534,0.112077,0.222944,0.583353,0.021594,0.030209
AACGCGAACGGCAACA-1,0.009092,0.000031,0.034974,0.018079,0.858448,0.006488,0.072889
AACGCGACCTTGGGCG-1,0.046671,0.002924,0.06113,0.471768,0.313517,0.098808,0.005182
AACGCGGTCTCCAGCC-1,0.093922,0.02434,0.006378,0.002692,0.170486,0.372985,0.329196
AACGCTGTTGCTGAAA-1,0.082438,0.008664,0.067781,0.232789,0.55353,0.011758,0.043041
AACGGACGTACGTATA-1,0.05298,0.000018,0.064135,0.608156,0.246945,0.027108,0.000657
AACGGCCATCTCCGGT-1,0.021464,0.000012,0.041661,0.444502,0.213962,0.011409,0.266989
AACGTACTGTGGGTAC-1,0.00057,0.000017,0.30544,0.230078,0.354602,0.091346,0.017947
AACGTCAGACTAGTGG-1,0.011171,0.000016,0.105256,0.384964,0.319911,0.027994,0.150687
AACGTCATCCGGCTTG-1,0.0144,0.000851,0.095858,0.480425,0.248784,0.053892,0.105791
AACGTCGCTGCACTTC-1,0.816001,0.000049,0.183609,0.000097,0.000146,0.000049,0.000049
AACGTGATGAAGGACA-1,0.00001,0.704951,0.111344,0.161797,0.021593,0.00001,0.000295
AACGTGCGAAAGTCTC-1,0.167437,0.000014,0.0308,0.360637,0.277439,0.108541,0.055131
AACGTTATCAGCACCT-1,0.010608,0.003125,0.621339,0.003623,0.272138,0.021421,0.067746
AACGTTCTACCATTGT-1,0.989596,0.000043,0.000043,0.000086,0.000128,0.010062,0.000043
AACTACCCGTTTGTCA-1,0.785447,0.020091,0.086877,0.018761,0.016595,0.070616,0.001613
AACTAGCGTATCGCAC-1,0.110684,0.000022,0.049726,0.393973,0.243503,0.046107,0.155984
AACTAGGCTTGGGTGT-1,0.036628,0.002594,0.067697,0.31807,0.509213,0.059718,0.00608
AACTCAAGTTAATTGC-1,0.051774,0.004666,0.056748,0.338143,0.455279,0.039929,0.053461
AACTCCTAATCCCATG-1,0.016238,0.000016,0.11254,0.476082,0.322968,0.03823,0.033928
AACTCGATAAACACGT-1,0.330502,0.000018,0.001669,0.017221,0.078451,0.479278,0.09286
AACTCGATGGCGCAGT-1,0.054116,0.000038,0.005593,0.117973,0.755032,0.034373,0.032874
AACTCTCAATAGAGCG-1,0.009736,0.000012,0.078855,0.702146,0.120939,0.060747,0.027565
AACTCTCAGTGTGCTC-1,0.019807,0.008697,0.07352,0.21713,0.573581,0.013954,0.09331
AACTGAGGTCAGCGTC-1,0.072678,0.001454,0.093624,0.302862,0.447469,0.034452,0.047461
AACTGAGTTATACTGA-1,0.864744,0.000106,0.000106,0.000212,0.00464,0.000106,0.130086
AACTGATATTAGGCCT-1,0.049394,0.000602,0.130762,0.136477,0.542893,0.04348,0.096392
AACTGGGTCCCGACGT-1,0.016055,0.002451,0.196582,0.015977,0.44225,0.024731,0.301953
AACTGGGTTCGAGCCG-1,0.00005,0.021601,0.115022,0.115032,0.705624,0.011922,0.03075
AACTGGTGTGGGCCTT-1,0.136441,0.004581,0.021489,0.165772,0.36405,0.119901,0.187766
AACTTCTGCGTCTATC-1,0.033287,0.005986,0.410085,0.114689,0.386248,0.004332,0.045374
AACTTGCCCGTATGCA-1,0.000867,0.001042,0.198104,0.266221,0.311373,0.027445,0.194949
AACTTGCGTTCTCGCG-1,0.000032,0.000039,0.094357,0.496707,0.387985,0.007706,0.013175
AACTTTACGGGAGCTT-1,0.075086,0.002981,0.059836,0.52915,0.281512,0.011455,0.039979
AACTTTAGCTGCTGAG-1,0.067273,0.000031,0.035619,0.283678,0.57701,0.012579,0.023811
AACTTTCTCGATCATG-1,0.975582,0.018799,0.000062,0.000124,0.000187,0.005183,0.000062
AAGAAAGTTTGATGGG-1,0.139596,0.010254,0.41435,0.003553,0.15757,0.011428,0.263249
AAGAAATCACCAGATT-1,0.85652,0.005609,0.000017,0.000033,0.001379,0.001758,0.134684
AAGAAGGATCAGTTAG-1,0.000025,0.000025,0.029178,0.02344,0.390735,0.000025,0.556572
AAGACATACGTGGTTT-1,0.515212,0.000035,0.484506,0.00007,0.000106,0.000035,0.000035
AAGACCAAATAACTCA-1,0.038336,0.000008,0.127101,0.773118,0.038508,0.012612,0.010317
AAGACCCAACTGAACA-1,0.033982,0.002123,0.121527,0.302213,0.39729,0.075332,0.067534
AAGACTAACCCGTTGT-1,0.018689,0.000021,0.020027,0.073439,0.355051,0.357942,0.174831
AAGACTGCAAGCTACT-1,0.125175,0.002771,0.028722,0.210025,0.470868,0.13363,0.028809
AAGAGATGAATCGGTA-1,0.012152,0.029564,0.093548,0.491842,0.244053,0.044605,0.084237
AAGAGCTCTTTATCGG-1,0.10441,0.000661,0.004788,0.145328,0.2111,0.174728,0.358986
AAGAGGATGTACGCGA-1,0.021769,0.006661,0.120863,0.30157,0.449267,0.082557,0.017313
AAGAGGCATGGATCGC-1,0.04923,0.00046,0.820179,0.073087,0.011023,0.041217,0.004803
AAGAGGCCCTTTGGAA-1,0.711448,0.000044,0.272754,0.009009,0.000132,0.006568,0.000044
AAGATGGCACCGGACC-1,0.04282,0.004208,0.227311,0.167176,0.347392,0.084085,0.127008
AAGATTGGCGGAACGT-1,0.039237,0.002012,0.090608,0.446724,0.208414,0.183693,0.029313
AAGCACCCTGCGTATC-1,0.02724,0.008197,0.378325,0.191385,0.343024,0.038454,0.013375
AAGCATACTCTCCTGA-1,0.006878,0.59557,0.214418,0.022476,0.07069,0.006763,0.083206
AAGCCACTTGCAGGTA-1,0.083633,0.006718,0.075421,0.160962,0.276269,0.123325,0.273672
AAGCCGAAGCGGTTTA-1,0.772397,0.000075,0.000075,0.00015,0.099867,0.026139,0.101296
AAGCCGCCGTGAAATC-1,0.003728,0.003012,0.014148,0.158545,0.092043,0.483367,0.245157
AAGCCGCTTTACCTTG-1,0.487648,0.01992,0.138418,0.173705,0.108635,0.046863,0.024811
AAGCCGGAGAGCAGGA-1,0.420878,0.004501,0.574417,0.000058,0.000088,0.000029,0.000029
AAGCGCAGGGCTTTGA-1,0.005498,0.014713,0.233393,0.033658,0.148923,0.51071,0.053105
AAGCGGAGTGCGCGCA-1,0.435171,0.000833,0.022109,0.057409,0.352742,0.034405,0.097332
AAGCGGCGTCATGGGT-1,0.005105,0.010198,0.041883,0.420614,0.266519,0.188823,0.066858
AAGCGTCCCTCATCGA-1,0.000018,0.00543,0.389909,0.062038,0.151755,0.107874,0.282978
AAGCTAGATCGAGTAA-1,0.037336,0.048137,0.03187,0.131082,0.475691,0.122849,0.153034
AAGCTATGGATTGACC-1,0.032046,0.000027,0.24836,0.22879,0.180591,0.057496,0.252691
AAGCTCGTGCCAAGTC-1,0.13716,0.000021,0.068475,0.254992,0.302831,0.079136,0.157385
AAGCTCTTTCATGGTG-1,0.060174,0.00004,0.011666,0.061273,0.7324,0.005639,0.128808
AAGGAGAACTTATAAG-1,0.13008,0.001589,0.131345,0.255753,0.46087,0.008622,0.011741
AAGGAGCGGTTGGTGC-1,0.010067,0.004367,0.106319,0.501219,0.314868,0.03279,0.030371
AAGGATCGATCGCTTG-1,0.157203,0.007624,0.019297,0.149582,0.390526,0.088341,0.187427
AAGGATGAGGGACCTC-1,0.000013,0.000012,0.073177,0.652358,0.174511,0.030154,0.069773
AAGGCAGGCTGTCTCC-1,0.923295,0.007842,0.000097,0.000193,0.00029,0.000097,0.068187
AAGGCGCGTAAAGCTT-1,0.021751,0.01923,0.079201,0.269664,0.456615,0.082545,0.070996
AAGGCTGTGCTCATCG-1,0.019828,0.036537,0.046668,0.340769,0.477506,0.047553,0.031139
AAGGGAACGACTGGCT-1,0.110785,0.012884,0.022266,0.405119,0.349073,0.030862,0.069012
AAGGGACAGATTCTGT-1,0.097443,0.000023,0.032749,0.093322,0.202033,0.414279,0.160151
AAGGGACTATGCATTC-1,0.015165,0.066397,0.008455,0.046681,0.22201,0.008871,0.632422
AAGGGTTAGCCATGCG-1,0.520671,0.000027,0.411843,0.000055,0.001724,0.000674,0.065006
AAGGGTTTGATTTCAG-1,0.145832,0.000028,0.034748,0.4721,0.312376,0.018653,0.016263
AAGGTATCCTAATATA-1,0.001347,0.003865,0.079933,0.352552,0.26018,0.235099,0.067025
AAGGTGATAAACCAGC-1,0.000013,0.000013,0.198589,0.484646,0.269492,0.037496,0.009751
AAGTAGTGACGCGAGG-1,0.017417,0.038314,0.026657,0.099107,0.368516,0.209891,0.240097
AAGTCAATTGTCGTCA-1,0.060058,0.009308,0.059862,0.687219,0.173365,0.009411,0.000777
AAGTCTAGTAGCTGCC-1,0.734177,0.039346,0.003,0.000084,0.061744,0.02991,0.131739
AAGTCTTCTGTGGCCT-1,0.000032,0.000032,0.00018,0.050145,0.14147,0.000032,0.808111
AAGTGACGACCGAATT-1,0.055721,0.003,0.067118,0.4615,0.378901,0.021418,0.012341
AAGTGAGTCGGGTTTA-1,0.000019,0.000019,0.013631,0.257666,0.300251,0.019873,0.40854
AAGTGCAAAGGTAGAC-1,0.044011,0.003721,0.000026,0.000052,0.212269,0.582939,0.156983
AAGTGCCTTGACTGTA-1,0.173104,0.003092,0.092731,0.295304,0.379166,0.046404,0.010199
AAGTGCGTTAGAATCT-1,0.300403,0.000032,0.075966,0.09868,0.299601,0.180911,0.044406
AAGTGCTTCTCTATTG-1,0.001679,0.006102,0.103724,0.166145,0.437872,0.076178,0.2083
AAGTGTTTGGAGACGG-1,0.217562,0.000018,0.053034,0.53132,0.172914,0.025016,0.000136
AAGTTCACTCCAAGCT-1,0.048881,0.00552,0.018753,0.20543,0.476698,0.207493,0.037227
AAGTTCAGTCTGCGTA-1,0.000898,0.006564,0.068616,0.557227,0.197554,0.168931,0.000209
AAGTTCGGCCAACAGG-1,0.116547,0.000522,0.113835,0.517107,0.172216,0.067856,0.011917
AAGTTGTGATGTTATA-1,0.967896,0.000065,0.000065,0.000129,0.029214,0.002538,0.000093
AAGTTTACTAATGGCA-1,0.02179,0.031935,0.096096,0.133279,0.453466,0.000131,0.263304
AAGTTTATGGGCCCAA-1,0.046981,0.032169,0.179463,0.170021,0.431528,0.002275,0.137563
AATAACAACGCTCGGC-1,0.009053,0.003822,0.121732,0.62905,0.178992,0.044484,0.012868
AATAACACTAGAACAA-1,0.013737,0.001112,0.297462,0.176112,0.263761,0.195941,0.051873
AATAACGTCGCGCCCA-1,0.704077,0.000026,0.252895,0.009452,0.003411,0.004491,0.025649
AATAAGTCCTCGAGAC-1,0.021926,0.004385,0.059182,0.284673,0.42169,0.054343,0.153801
AATAATCTTCGTATCG-1,0.952961,0.000096,0.000096,0.000192,0.046463,0.000096,0.000096
AATACAATGTTTCAGG-1,0.000033,0.000033,0.065891,0.308014,0.531778,0.015381,0.07887
AATACCGGAGGGCTGT-1,0.00868,0.000024,0.058068,0.120167,0.240507,0.010221,0.562334
AATACCTGATGTGAAC-1,0.902722,0.004995,0.000082,0.000165,0.091871,0.000082,0.000082
AATAGAACAGAGTGGC-1,0.027804,0.011062,0.098105,0.603772,0.219532,0.029134,0.01059
AATAGAATCTGTTTCA-1,0.020398,0.003603,0.078894,0.61737,0.253496,0.026115,0.000124
AATAGCAAGCCTCCTG-1,0.263406,0.000014,0.004805,0.031937,0.038212,0.562483,0.099143
AATAGCTACCGCGTGC-1,0.000208,0.006797,0.107053,0.464382,0.361145,0.010109,0.050305
AATAGGCACGACCCTT-1,0.058398,0.000036,0.117145,0.493016,0.078885,0.032832,0.219687
AATAGTCCGTCCCGAC-1,0.028347,0.00002,0.061776,0.304317,0.458408,0.141024,0.006109
AATAGTCGCGAGTCGG-1,0.116766,0.006358,0.418798,0.02763,0.153732,0.043089,0.233627
AATATCAAGGTCGGAT-1,0.000023,0.008749,0.156144,0.188109,0.554713,0.038677,0.053585
AATATCCTAGCAAACT-1,0.111866,0.062154,0.094018,0.227148,0.369415,0.098015,0.037384
AATATCGAATCAATGC-1,0.826436,0.000077,0.000077,0.000154,0.004363,0.010694,0.158199
AATATCGAGGGTTCTC-1,0.074301,0.021843,0.041026,0.257077,0.513554,0.018204,0.073995
AATATTGGAGTATTGA-1,0.002688,0.006716,0.081546,0.546836,0.273551,0.046492,0.042171
AATCAGACTGCAGGAC-1,0.000029,0.000029,0.061152,0.036515,0.51599,0.008276,0.378009
AATCAGGTTTCATTTA-1,0.101921,0.030568,0.005404,0.062211,0.161132,0.533388,0.105376
AATCATGTAAAGACTC-1,0.172536,0.002586,0.040782,0.270445,0.461586,0.02416,0.027905
AATCCAAGGGCCTGAG-1,0.000014,0.010466,0.08601,0.503056,0.27509,0.095734,0.02963
AATCCATGCAAGGGTG-1,0.000032,0.000032,0.108212,0.123246,0.652992,0.000032,0.115455
AATCCCGCTCAGAGCC-1,0.016232,0.008114,0.143317,0.556607,0.236875,0.023809,0.015045
AATCGAGGTCTCAAGG-1,0.251235,0.00002,0.262144,0.162022,0.062752,0.1916,0.070227
AATCGCCTCAGCGCCA-1,0.002085,0.000014,0.079048,0.665231,0.121994,0.019141,0.112487
AATCGCGCAGAGGACT-1,0.915903,0.000059,0.002401,0.000118,0.018272,0.003579,0.059668
AATCGGGACACTACGA-1,0.000018,0.000018,0.131938,0.420393,0.156172,0.017914,0.273546
AATCGGTATAGCCCTC-1,0.604385,0.000041,0.395286,0.000082,0.000124,0.000041,0.000041
AATCGTGAGCCGAGCA-1,0.125092,0.002704,0.027176,0.042171,0.57455,0.005516,0.222791
AATCTAGGTTTACTTG-1,0.192851,0.00002,0.03589,0.412046,0.291332,0.056938,0.010923
AATCTATGCCGGAGCC-1,0.031865,0.01383,0.040776,0.112594,0.57389,0.151035,0.07601
AATCTCTACTGTGGTT-1,0.038386,0.000026,0.105005,0.076655,0.440308,0.198503,0.141117
AATCTGCGTTGGGACG-1,0.043136,0.000034,0.048563,0.037259,0.797785,0.015992,0.057231
AATCTGGCTTTCTAGT-1,0.672638,0.000018,0.000018,0.043846,0.189173,0.055058,0.039249
AATCTGGGTAGACCCT-1,0.000023,0.000023,0.018681,0.020001,0.800424,0.001141,0.159706
AATGACAGCAATGTCT-1,0.502931,0.000024,0.000024,0.011453,0.321131,0.106267,0.058169
AATGACGTAGGATGTC-1,0.046392,0.003073,0.074907,0.532203,0.250463,0.066939,0.026022
AATGACTGTCAGCCGG-1,0.062148,0.011996,0.126151,0.71584,0.068997,0.014038,0.00083
AATGAGTTCGCATATG-1,0.032251,0.006247,0.103824,0.351667,0.488948,0.006198,0.010865
AATGATGATACGCTAT-1,0.000022,0.013639,0.161313,0.29261,0.341866,0.033582,0.156968
AATGATGCGACTCCTG-1,0.020996,0.061489,0.10359,0.515784,0.157366,0.132056,0.008719
AATGCAACCGGGTACC-1,0.000017,0.137268,0.058836,0.031977,0.255619,0.0106,0.505684
AATGCACCAAGCAATG-1,0.027955,0.011737,0.045231,0.120403,0.671797,0.004942,0.117934
AATGGTCCACCGTTCA-1,0.086191,0.000026,0.01886,0.173852,0.607916,0.044226,0.068928
AATGGTTCTCACAAGC-1,0.011756,0.16209,0.327654,0.063544,0.338224,0.00785,0.088881
AATGTATGGCACTGTA-1,0.00971,0.000029,0.022457,0.352125,0.11334,0.015397,0.486943
AATGTGCCCGAGGTGT-1,0.645338,0.000016,0.000017,0.044617,0.191197,0.022388,0.096427
AATGTGCTAATCTGAG-1,0.060161,0.000018,0.081155,0.392587,0.303133,0.024574,0.138372
AATGTTAAGACCCTGA-1,0.121517,0.000011,0.258372,0.000023,0.000034,0.589758,0.030286
AATGTTGTCGTGAGAC-1,0.974525,0.000062,0.000062,0.000124,0.000185,0.014932,0.01011
AATTAAAGGTCGGCGT-1,0.010005,0.021249,0.118013,0.502546,0.28224,0.041431,0.024517
AATTAACGGATTTCCA-1,0.07967,0.022111,0.098844,0.20282,0.484621,0.026441,0.085491
AATTACGAGACCCATC-1,0.053485,0.000029,0.041991,0.463579,0.340628,0.028848,0.07144
AATTACTCGTACGCTC-1,0.05862,0.002762,0.061707,0.377149,0.33366,0.031242,0.134859
AATTAGCGCTGCAGCG-1,0.025912,0.003787,0.138974,0.703945,0.085219,0.040681,0.001483
AATTATACCCAGCAAG-1,0.708591,0.000024,0.254481,0.000048,0.001411,0.003884,0.031561
AATTCATAAGGGATCT-1,0.064235,0.058438,0.163407,0.393045,0.232225,0.053674,0.034977
AATTCATTGTCATGCA-1,0.060849,0.000014,0.058099,0.872124,0.00453,0.004369,0.000014
AATTCCAACTTGGTGA-1,0.039826,0.000052,0.025766,0.008795,0.83622,0.036167,0.053175
AATTCCAAGCATGTAC-1,0.074161,0.000036,0.107651,0.132914,0.656208,0.017529,0.011501
AATTCGATTCGAGGAT-1,0.049797,0.000061,0.10525,0.087603,0.58259,0.024327,0.150371
AATTCTAGAGTTAGGC-1,0.023544,0.00662,0.146517,0.41468,0.267321,0.125876,0.015441
AATTGAACGCTCTGGT-1,0.075994,0.007147,0.018821,0.425058,0.401042,0.071886,0.000051
AATTGCAGCAATCGAC-1,0.773512,0.000044,0.207117,0.003865,0.007473,0.002289,0.005701
AATTGCGTGGATTACA-1,0.030918,0.000021,0.074893,0.822002,0.057363,0.014731,0.000073
AATTGTGGTTGCCAAA-1,0.685611,0.000063,0.312546,0.001468,0.000188,0.000063,0.000063
AATTTGGGACATAGTA-1,0.001128,0.000032,0.094994,0.04951,0.669892,0.004747,0.179699
AATTTGGTTCCAAAGA-1,0.002979,0.000018,0.032375,0.159327,0.571213,0.004018,0.23007
ACAAACCATGCGTCCT-1,0.314115,0.000014,0.012367,0.104945,0.405235,0.018052,0.145271
ACAAACTCCATCAGAG-1,0.091973,0.000008,0.148384,0.537688,0.106447,0.077632,0.037868
ACAAAGAAGGTAGGCC-1,0.068345,0.000043,0.000043,0.036519,0.659024,0.22086,0.015166
ACAAAGCATGACCTAG-1,0.89134,0.004084,0.000029,0.000058,0.07077,0.008318,0.025401
ACAAATCGCACCGAAT-1,0.006079,0.000096,0.060276,0.645499,0.243772,0.032534,0.011743
ACAAATGGTAGTGTTT-1,0.003205,0.00066,0.668478,0.065344,0.227221,0.030744,0.004348
ACAAATTCAGATCTGA-1,0.000023,0.000023,0.046796,0.271484,0.595505,0.009063,0.077107
ACAACAGCATGAGCTA-1,0.365453,0.003532,0.018949,0.073829,0.249285,0.086689,0.202264
ACAACGGTCCCTGCGA-1,0.019607,0.005748,0.053424,0.13619,0.754374,0.006319,0.024338
ACAAGCAGTGCCTAGC-1,0.016991,0.007182,0.301466,0.383264,0.18952,0.049672,0.051903
ACAAGCTATATGGAAG-1,0.040385,0.000009,0.246523,0.601346,0.019404,0.03405,0.058284
ACAAGGAAATCCGCCC-1,0.121246,0.013106,0.028252,0.438198,0.298189,0.094029,0.006981
ACAAGGACAAGAGGTT-1,0.31066,0.003426,0.011969,0.172358,0.362275,0.066882,0.072429
ACAAGGATGCTTTAGG-1,0.086662,0.004536,0.092179,0.219429,0.529011,0.065865,0.002317
ACAAGGCCTACCAGCC-1,0.024641,0.000031,0.035329,0.366031,0.490031,0.049489,0.034448
ACAAGGGCAGGCTCTG-1,0.014363,0.000028,0.11491,0.279987,0.520015,0.067379,0.003318
ACAAGTAATTGTAAGG-1,0.141957,0.001001,0.067591,0.375118,0.109393,0.058322,0.246618
ACAATAGTCGTACGTT-1,0.585187,0.005973,0.000023,0.139103,0.117814,0.070294,0.081606
ACAATCCATTTAAACC-1,0.00001,0.002186,0.132263,0.475748,0.096599,0.007319,0.285874
ACAATGAATACGGAGA-1,0.112958,0.000013,0.088014,0.47234,0.286712,0.029192,0.010771
ACAATGATTCTTCTAC-1,0.018568,0.000473,0.090045,0.468028,0.273521,0.033395,0.11597
ACAATTGTGTCTCTTT-1,0.010951,0.003462,0.023785,0.09386,0.305949,0.204614,0.357379
ACAATTTAGGAGGCTC-1,0.041933,0.01159,0.135813,0.111486,0.128429,0.082877,0.487872
ACAATTTGAGCAGTGG-1,0.089355,0.000023,0.031419,0.224085,0.471485,0.068301,0.115331
ACAATTTGGCCATATT-1,0.999303,0.000077,0.000077,0.000155,0.000232,0.000077,0.000077
ACACAAAGACGGGTGG-1,0.049971,0.010562,0.048159,0.403393,0.317508,0.044929,0.125478
ACACAAATATTCCTAG-1,0.18944,0.000024,0.089719,0.239761,0.444578,0.016139,0.020338
ACACACCAGGACCAGT-1,0.035277,0.001286,0.153025,0.303753,0.368658,0.006362,0.13164
ACACACTTTCTACACG-1,0.000018,0.002481,0.102208,0.189094,0.362057,0.010905,0.333235
ACACATGATCAAATCT-1,0.0067,0.000007,0.091829,0.686632,0.0348,0.178701,0.001332
ACACATTGACGCAACA-1,0.000033,0.001902,0.061176,0.118607,0.661075,0.056113,0.101095
ACACATTTCCGTAGAC-1,0.001124,0.000017,0.097985,0.584636,0.138733,0.009688,0.167816
ACACCACATAATTAGC-1,0.277954,0.006436,0.030184,0.153991,0.443939,0.02505,0.062446
ACACCCAGCATGCAGC-1,0.000025,0.063142,0.146627,0.489354,0.197358,0.102928,0.000565
ACACCCGAGAAATCCG-1,0.000012,0.022045,0.152085,0.571868,0.22584,0.009164,0.018987
ACACCGAGCGCTCTTT-1,0.000018,0.0022,0.076111,0.307037,0.359298,0.023665,0.231671
ACACCGGTCTGACCGC-1,0.116797,0.000023,0.002075,0.066238,0.491223,0.126855,0.19679
ACACCTTAAGTAGGGC-1,0.015373,0.001032,0.084489,0.816436,0.030573,0.050738,0.001359
ACACCTTACTACTTGC-1,0.321836,0.002818,0.011116,0.347425,0.21539,0.027244,0.074171
ACACGAGACTCCTTCT-1,0.573616,0.013389,0.000025,0.025176,0.175136,0.053847,0.15881
ACACGGCACTATGCAT-1,0.006117,0.000017,0.07829,0.19474,0.442356,0.063151,0.215328
ACACGGGAACTTAGGG-1,0.000965,0.00002,0.046081,0.179006,0.29048,0.013622,0.469825
ACACGTAGGCCACAAG-1,0.772852,0.000072,0.145523,0.001957,0.011471,0.000072,0.068053
ACACTCCAATGTCACT-1,0.00004,0.009191,0.118186,0.409623,0.410234,0.00004,0.052686
ACACTGATCAAGGTGT-1,0.037603,0.016264,0.069107,0.405439,0.365118,0.019378,0.087091
ACACTGGGACAGTCGT-1,0.923062,0.00011,0.00011,0.00022,0.00033,0.00011,0.076058
ACAGAACTGAGAACAA-1,0.455197,0.00405,0.002972,0.065339,0.324354,0.084889,0.063199
ACAGATTAGGTTAGTG-1,0.045565,0.000032,0.073077,0.0807,0.483591,0.041361,0.275675
ACAGCATAGAGCCAGT-1,0.044842,0.000022,0.038375,0.127156,0.559454,0.028014,0.202136
ACAGCGACATTCTCAT-1,0.481749,0.000035,0.011017,0.341399,0.119126,0.046638,0.000035
ACAGCGCACCCGCAGC-1,0.087073,0.015442,0.150879,0.314564,0.384017,0.038771,0.009255
ACAGGAGGCGCAGCCG-1,0.000644,0.003969,0.058628,0.390282,0.2991,0.009286,0.238091
ACAGGCACGGATCCTT-1,0.872664,0.000042,0.000042,0.000085,0.020727,0.004558,0.101881
ACAGGCTTGCCCGACT-1,0.012303,0.009975,0.000025,0.070361,0.232166,0.006706,0.668464
ACAGGTGGAGGTGAGG-1,0.007434,0.011473,0.303078,0.248778,0.283495,0.05387,0.091872
ACAGGTGTGTTGTTGC-1,0.132759,0.000051,0.120452,0.175515,0.454937,0.028665,0.087623
ACAGTAATACAACTTG-1,0.212708,0.004795,0.011848,0.203505,0.49803,0.068976,0.000138
ACAGTATACCGTGGGA-1,0.094613,0.011028,0.077506,0.153164,0.544563,0.058456,0.060671
ACATAAGTCGTGGTGA-1,0.136163,0.000035,0.003353,0.097543,0.368547,0.252105,0.142254
ACATAATAAGGCGGTG-1,0.104929,0.004735,0.000018,0.000035,0.000053,0.879036,0.011194
ACATACAATCAAGCGG-1,0.988638,0.000035,0.0051,0.00007,0.000105,0.00411,0.001942
ACATCAGCTGGGACGC-1,0.06269,0.005936,0.029921,0.171917,0.507866,0.067451,0.154219
ACATCCCGGCCATACG-1,0.020014,0.000021,0.14336,0.085662,0.448064,0.064935,0.237945
ACATCCTGGTAACTGT-1,0.129856,0.001137,0.005358,0.068811,0.676714,0.087953,0.030171
ACATCGATCGTTTACC-1,0.460187,0.013969,0.004545,0.036023,0.283314,0.08508,0.116881
ACATCGCAATATTCGG-1,0.21968,0.000012,0.058558,0.094128,0.099964,0.274218,0.25344
ACATCGGTCAGCCGCG-1,0.000013,0.001707,0.080649,0.265946,0.191145,0.258209,0.202332
ACATCGTATGCAATGG-1,0.049523,0.000029,0.060129,0.229846,0.632622,0.012837,0.015014
ACATCGTTAACCTAGT-1,0.000017,0.033419,0.043905,0.268045,0.303582,0.027498,0.323532
ACATCTCAACGCGTAA-1,0.000024,0.019121,0.066997,0.171177,0.542159,0.010188,0.190333
ACATGCTTACGGCAGC-1,0.262225,0.000025,0.020475,0.259529,0.295731,0.015501,0.146513
ACATGGCGCCAAAGTA-1,0.130159,0.00002,0.039581,0.343313,0.400042,0.058569,0.028316
ACATGGCTCAATTTAG-1,0.00002,0.00002,0.111625,0.754065,0.134184,0.000066,0.00002
ACATTAGTTTATATCC-1,0.039287,0.00227,0.014327,0.06293,0.617776,0.055109,0.2083
ACATTCGCGCGGAATA-1,0.525536,0.005818,0.028372,0.044188,0.203354,0.034104,0.158628
ACATTTGAAACCTAAC-1,0.767682,0.000044,0.176498,0.009482,0.034924,0.011326,0.000044
ACCAAACACCCAGCGA-1,0.001929,0.000005,0.931101,0.000009,0.000014,0.066591,0.000351
ACCAAACTAGAAATCC-1,0.001451,0.000032,0.051821,0.222486,0.693362,0.004859,0.025989
ACCAACACCACACACT-1,0.022857,0.000025,0.059378,0.482478,0.39999,0.023062,0.01221
ACCAACCGCACTCCAC-1,0.832064,0.007824,0.000047,0.000094,0.095993,0.0121,0.051878
ACCAACGCTTATTTAT-1,0.003641,0.00694,0.124855,0.594162,0.248573,0.011432,0.010396
ACCAAGAACGCGTGTC-1,0.000535,0.000015,0.111787,0.361409,0.293509,0.036831,0.195913
ACCAAGTCATCGGCAG-1,0.783315,0.000036,0.2164,0.000071,0.000107,0.000036,0.000036
ACCAATATGCAAGTTA-1,0.047173,0.00004,0.054506,0.124731,0.572715,0.077432,0.123403
ACCACAACTCAGAACA-1,0.000016,0.018896,0.070903,0.162043,0.465062,0.012899,0.270182
ACCACAAGTTTCTATC-1,0.000012,0.001329,0.062241,0.491703,0.052788,0.387897,0.00403
ACCACACGGTTGATGG-1,0.079381,0.005603,0.423703,0.367703,0.066602,0.048047,0.008963
ACCACCAATGTAACAA-1,0.204349,0.000023,0.00708,0.032642,0.435645,0.002843,0.31742
ACCACCCTCTCTTCTA-1,0.218501,0.007063,0.10174,0.55775,0.103828,0.006486,0.004632
ACCACGTGCAGCTATA-1,0.056123,0.001686,0.089461,0.469438,0.351244,0.020109,0.011939
ACCACTGTTCAAGAAG-1,0.004881,0.062646,0.017979,0.118865,0.774428,0.000024,0.021178
ACCAGACCATAACAAC-1,0.000506,0.000224,0.125461,0.629281,0.143866,0.065774,0.034888
ACCAGCCCGGTCTTTG-1,0.000025,0.012434,0.190947,0.386548,0.376675,0.025343,0.008029
ACCAGGAGTGTGATCT-1,0.102931,0.000756,0.065282,0.108426,0.490854,0.19906,0.03269
ACCAGTGCCCGGTCAA-1,0.005214,0.000019,0.019907,0.051173,0.698973,0.004943,0.219769
ACCAGTGCGGGAGACG-1,0.028487,0.000015,0.079226,0.653019,0.203316,0.029087,0.006849
ACCATATCCGCAATAA-1,0.042124,0.001523,0.082429,0.392215,0.364809,0.058376,0.058525
ACCATCCGCCAACTAG-1,0.155138,0.00465,0.036696,0.232353,0.364899,0.20479,0.001473
ACCATCGTATATGGTA-1,0.007026,0.003478,0.064346,0.268975,0.479797,0.048012,0.128366
ACCATTAAGGGTGTCA-1,0.018331,0.00004,0.013499,0.097422,0.743203,0.027292,0.100213
ACCCAACGCCCGTGGC-1,0.042702,0.000014,0.064367,0.700814,0.160159,0.03186,0.000083
ACCCACCTACATGCTC-1,0.00807,0.008235,0.246023,0.351611,0.353022,0.019464,0.013574
ACCCATCTTGAGGGTA-1,0.037147,0.016387,0.129634,0.42182,0.283227,0.075936,0.03585
ACCCATTTGTCCCTCT-1,0.760032,0.000075,0.019456,0.00015,0.112136,0.000075,0.108075
ACCCGAGCGAAATTAC-1,0.228676,0.0275,0.01616,0.201483,0.281955,0.05975,0.184477
ACCCGATTGGTTCCGA-1,0.016138,0.019748,0.018503,0.141706,0.223936,0.419235,0.160734
ACCCGGAAACTCCCAG-1,0.04332,0.02052,0.133103,0.443132,0.302116,0.053903,0.003906
ACCCGGAGCACCACAA-1,0.999316,0.000076,0.000076,0.000152,0.000228,0.000076,0.000076
ACCCGGATGACGCATC-1,0.031337,0.000022,0.081147,0.442512,0.41893,0.023738,0.002314
ACCCGGTTACACTTCC-1,0.042947,0.018292,0.045874,0.186059,0.518856,0.169925,0.018047
ACCCGTAGCAGAGAAT-1,0.064587,0.003522,0.002394,0.009196,0.162551,0.547267,0.210483
ACCCGTAGTCTAGTTG-1,0.999038,0.000107,0.000107,0.000214,0.000321,0.000107,0.000107
ACCCGTGTCATCAGTA-1,0.042634,0.004245,0.031097,0.327933,0.429342,0.018618,0.146131
ACCCTATAGGACTGAG-1,0.003719,0.000043,0.243193,0.045289,0.564552,0.03108,0.112124
ACCCTATGCCATATCG-1,0.007025,0.000012,0.20657,0.660362,0.096747,0.025824,0.00346
ACCCTCCCGTCAGGGC-1,0.723966,0.01419,0.175352,0.008393,0.000614,0.039401,0.038082
ACCCTCCCTTGCTATT-1,0.027953,0.003151,0.099843,0.526348,0.307316,0.035364,0.000026
ACCCTGGTAACGCCCT-1,0.000022,0.025156,0.123659,0.152759,0.235393,0.010697,0.452315
ACCCTTCATCTGCGAA-1,0.000017,0.000934,0.084054,0.261585,0.504011,0.0114,0.137999
ACCCTTGCCTGGGTCG-1,0.670133,0.000027,0.000027,0.000054,0.024603,0.179286,0.12587
ACCCTTTAGTTCTCCA-1,0.00002,0.009966,0.16639,0.335001,0.476552,0.012052,0.00002
ACCGAAAGGGCCCTGC-1,0.000013,0.006065,0.187966,0.455815,0.25474,0.040205,0.055196
ACCGAAGAGTCTGGTT-1,0.089826,0.000027,0.000027,0.000054,0.094266,0.278897,0.536903
ACCGACACATCTCCCA-1,0.039209,0.000847,0.141394,0.471483,0.305133,0.025204,0.016731
ACCGACTGAGTCCCAC-1,0.066581,0.007757,0.215755,0.558149,0.037412,0.045593,0.068753
ACCGAGTCTCCTTATT-1,0.048459,0.000021,0.209141,0.632737,0.10228,0.007342,0.000021
ACCGATAGGCATAACC-1,0.731266,0.000081,0.268089,0.000161,0.000242,0.000081,0.000081
ACCGATATTTAATCAT-1,0.81949,0.002696,0.177382,0.000123,0.000185,0.000062,0.000062
ACCGATGGTAGCATCG-1,0.054043,0.000035,0.02365,0.269836,0.599548,0.026969,0.025919
ACCGCAATAACTGCCT-1,0.041254,0.000026,0.085807,0.227275,0.60612,0.008157,0.031361
ACCGCGGTGGAAGTCG-1,0.11934,0.002614,0.284142,0.376551,0.159912,0.027781,0.029661
ACCGCTAGTCATTGGT-1,0.120977,0.000031,0.001232,0.101165,0.378149,0.173434,0.225012
ACCGGGCCTTTGTTGA-1,0.072458,0.001983,0.07378,0.609313,0.229923,0.012514,0.000028
ACCGGTCAGGTACACC-1,0.002804,0.000011,0.047977,0.530595,0.070823,0.003213,0.344578
ACCGGTCTGAGTACGG-1,0.000017,0.000161,0.091135,0.531331,0.3612,0.00402,0.012136
ACCGTCCACTGGGCCC-1,0.000008,0.000008,0.168526,0.761246,0.016908,0.053297,0.000008
ACCGTGACCACGTGGG-1,0.081692,0.03232,0.168293,0.098765,0.377885,0.069252,0.171793
ACCGTTCCCGCTCTGA-1,0.000093,0.000093,0.177374,0.319935,0.319238,0.000093,0.183175
ACCTAAGTACCTTTCA-1,0.157738,0.000477,0.591243,0.015732,0.126466,0.065346,0.042996
ACCTAATCGACTTCCT-1,0.0743,0.021357,0.022618,0.119568,0.235917,0.296645,0.229595
ACCTACAGTATGTGGT-1,0.999486,0.000057,0.000057,0.000114,0.000171,0.000057,0.000057
ACCTACTATAAATCTA-1,0.016979,0.016939,0.374087,0.309055,0.235008,0.036218,0.011714
ACCTCAGCGAGGCGCA-1,0.982629,0.000026,0.01716,0.000053,0.000079,0.000026,0.000026
ACCTCCGCCCTCGCTG-1,0.849333,0.000111,0.000111,0.000222,0.000333,0.000111,0.14978
ACCTCCGTTATTCACC-1,0.123599,0.003374,0.070488,0.343357,0.37978,0.032143,0.047259
ACCTCGAACTTATGCT-1,0.173168,0.000031,0.000031,0.075023,0.58024,0.050604,0.120903
ACCTGCGTGTCATGTT-1,0.170681,0.000043,0.02584,0.125501,0.392459,0.275677,0.009799
ACGAAATGGGCGGCAC-1,0.055942,0.012348,0.019949,0.296554,0.45881,0.046587,0.109811
ACGACCCATGAGTTGC-1,0.888801,0.000059,0.10945,0.000118,0.000178,0.000059,0.001334
ACGACTCTAGGGCCGA-1,0.758528,0.000037,0.241175,0.000074,0.000111,0.000037,0.000037
ACGACTGGTCATACTC-1,0.02178,0.000009,0.103372,0.756727,0.105204,0.011235,0.001673
ACGAGAACCCATCACG-1,0.017612,0.001363,0.122394,0.368454,0.350274,0.06375,0.076154
ACGAGATATTTGCTTA-1,0.001343,0.053806,0.244082,0.366093,0.264815,0.01757,0.052291
ACGAGGATACCACTCT-1,0.285267,0.000042,0.010951,0.127425,0.432364,0.109575,0.034376
ACGAGGTTTACAACGT-1,0.428009,0.000018,0.000246,0.206432,0.20385,0.091904,0.069541
ACGAGTACGGATGCCC-1,0.000022,0.022815,0.133787,0.587959,0.220714,0.018979,0.015725
ACGAGTCGCCGGCGTT-1,0.009219,0.000014,0.139506,0.529744,0.296039,0.019328,0.00615
ACGATACATAGAACTA-1,0.006085,0.011185,0.309295,0.04072,0.314239,0.112977,0.205499
ACGATACCTATCCTGA-1,0.05998,0.259055,0.013503,0.004898,0.108518,0.242316,0.31173
ACGATCATACATAGAG-1,0.085671,0.01523,0.009591,0.050925,0.081713,0.734238,0.022633
ACGATCATCTTGTAAA-1,0.074125,0.000631,0.089155,0.679926,0.106681,0.024525,0.024956
ACGATGCATATGTTAT-1,0.006892,0.031976,0.16684,0.134293,0.429986,0.043461,0.186552
ACGATGGATCCGATGC-1,0.024778,0.014511,0.04996,0.133859,0.623226,0.055636,0.09803
ACGCAAACTAATAGAT-1,0.068215,0.000015,0.063631,0.155894,0.459071,0.065825,0.187349
ACGCAATCACTACAGC-1,0.038147,0.015956,0.210602,0.363687,0.312297,0.016078,0.043232
ACGCATAAATGACATG-1,0.089253,0.000026,0.032729,0.153303,0.5529,0.038454,0.133334
ACGCATACGTTTACTA-1,0.894214,0.00005,0.00005,0.0001,0.00015,0.000073,0.105363
ACGCATTCGTGAGTAC-1,0.068662,0.009698,0.085336,0.123258,0.603457,0.100451,0.009138
ACGCCACTCGAAACAG-1,0.001496,0.000828,0.033401,0.411231,0.163443,0.028698,0.360903
ACGCCAGATGATTTCT-1,0.181103,0.002683,0.211095,0.272063,0.183686,0.03196,0.11741
ACGCCAGTGCGTTTGC-1,0.95329,0.000049,0.023006,0.00725,0.000148,0.016207,0.000049
ACGCCCAGCTGTCGAT-1,0.016837,0.002605,0.165676,0.39882,0.366513,0.045895,0.003654
ACGCCGCTAGACGACC-1,0.028398,0.011207,0.10961,0.201545,0.58591,0.04131,0.022021
ACGCGAAGTCAGACGA-1,0.127506,0.000027,0.026446,0.055784,0.734707,0.029569,0.025961
ACGCGCTACACAGGGT-1,0.010596,0.000018,0.165613,0.418126,0.335604,0.026493,0.04355
ACGCGGGCCAAGGACA-1,0.010663,0.027561,0.097901,0.28613,0.445621,0.034478,0.097646
ACGCGTTTCTTAAGAG-1,0.020017,0.000008,0.066616,0.687573,0.12682,0.071433,0.027531
ACGCTACTGAATGGGC-1,0.649116,0.000041,0.158716,0.000723,0.000889,0.000041,0.190475
ACGCTAGTGATACACT-1,0.019937,0.076862,0.159039,0.120786,0.46663,0.017691,0.139055
ACGCTGTGAGGCGTAG-1,0.022203,0.000036,0.055602,0.096168,0.459531,0.010565,0.355895
ACGCTTAGTGTCTCTC-1,0.028239,0.041907,0.054736,0.017639,0.83586,0.000085,0.021534
ACGGAACACGAGTGCC-1,0.983667,0.000048,0.000048,0.000095,0.000143,0.015952,0.000048
ACGGAATTTAGCAAAT-1,0.000019,0.015596,0.290692,0.506388,0.176375,0.010911,0.000019
ACGGACGCAGCGACAA-1,0.103582,0.005049,0.103485,0.55843,0.137227,0.009066,0.083161
ACGGACTCTCAAAGCG-1,0.024072,0.000048,0.223799,0.32561,0.154426,0.052031,0.220015
ACGGATGGTGCGGATA-1,0.033552,0.002482,0.031314,0.163708,0.702469,0.031146,0.03533
ACGGCACTTGCTTGGG-1,0.134019,0.003684,0.031605,0.480639,0.235537,0.023757,0.090759
ACGGCCAACATGGACT-1,0.038925,0.002307,0.146922,0.116801,0.546074,0.088467,0.060504
ACGGCGACGATGGGAA-1,0.038346,0.00969,0.203974,0.317085,0.403804,0.017929,0.009172
ACGGCGGGTTGCCCTG-1,0.052829,0.00002,0.1203,0.510497,0.269069,0.041158,0.006127
ACGGCTGGATGTAGAA-1,0.044281,0.006491,0.032762,0.109947,0.586969,0.029612,0.189939
ACGGGAGTGTCGGCCC-1,0.232152,0.000023,0.027229,0.201927,0.169402,0.182369,0.186897
ACGGGCGTATGCGACA-1,0.214119,0.036824,0.055234,0.407643,0.179761,0.031589,0.07483
ACGGGTCATGTGACTT-1,0.000018,0.000018,0.117755,0.721494,0.158508,0.002188,0.000018
ACGGGTTGTGACCTGT-1,0.146982,0.000057,0.017196,0.046788,0.418167,0.133597,0.237213
ACGGTACAGTTCAATG-1,0.659782,0.000057,0.266514,0.000114,0.008602,0.000057,0.064874
ACGGTCACCGAGAACA-1,0.063919,0.000022,0.05934,0.574086,0.257249,0.028256,0.017127
ACGTACAGATTTCTCT-1,0.036503,0.019024,0.157132,0.307185,0.346791,0.05061,0.082754
ACGTACTTTGGCACGG-1,0.013574,0.004441,0.053883,0.529417,0.065713,0.330077,0.002895
ACGTAGATTGCTGATG-1,0.000034,0.000034,0.082605,0.28457,0.535181,0.097012,0.000564
ACGTAGGAGAGTCGCT-1,0.036295,0.000017,0.307324,0.47157,0.171032,0.013746,0.000017
ACGTATTACTCCGATC-1,0.027971,0.001701,0.095161,0.487909,0.295143,0.092089,0.000024
ACGTCGGGCAACTCGG-1,0.0431,0.000033,0.04964,0.373271,0.335723,0.035243,0.162989
