Barcode,Topic 1,Topic 2,Topic 3to4,Topic 5,Topic 6to10
AAACAACGAATAGTTC-1,0.001467,0.000033,0.056104,0.000033,0.942363
AAACAAGTATCTCCCA-1,0.538568,0.000051,0.448244,0.000051,0.013086
AAACAATCTACTAGCA-1,0.000037,0.000037,0.411249,0.000037,0.588638
AAACACCAATAACTGC-1,0.01394,0.011429,0.56225,0.000029,0.412352
AAACAGAGCGACTCCT-1,0.097809,0.000048,0.172269,0.000048,0.729827
AAACAGCTTTCAGAAG-1,0.000105,0.078855,0.743663,0.000105,0.177273
AAACAGGGTCTATATT-1,0.011847,0.000049,0.446331,0.000049,0.541724
AAACAGTGTTCCTGGG-1,0.000017,0.000017,0.55938,0.004116,0.436471
AAACATGGTGAGAGGA-1,0.000033,0.000033,0.953807,0.000033,0.046095
AAACATTTCCCGGATT-1,0.019592,0.008992,0.427049,0.000026,0.544341
AAACCACTACACAGAT-1,0.012842,0.00816,0.574549,0.000024,0.404425
AAACCCGAACGAAATC-1,0.009857,0.013107,0.918958,0.000033,0.058045
AAACCGGAAATGTTAA-1,0.100405,0.002849,0.302788,0.000023,0.593936
AAACCGGGTAGGTACC-1,0.000019,0.404807,0.13194,0.000019,0.463215
AAACCGTTCGTCCAGG-1,0.000031,0.000031,0.470975,0.000031,0.528931
AAACCTAAGCAGCCGG-1,0.147624,0.00076,0.641436,0.000026,0.210154
AAACCTCATGAAGTTG-1,0.000052,0.000052,0.547541,0.000052,0.452303
AAACGAAGAACATACC-1,0.000019,0.018216,0.062475,0.000019,0.919272
AAACGAAGATGGAGTA-1,0.00305,0.000086,0.483271,0.000086,0.513507
AAACGACAGTCTTGCC-1,0.000032,0.08746,0.733308,0.000032,0.179167
AAACGAGACGGTTGAT-1,0.992033,0.000885,0.001771,0.000885,0.004426
AAACGCCCGAGATCGG-1,0.079096,0.018661,0.428565,0.000044,0.473633
AAACGCTGGGCACGAC-1,0.064303,0.007846,0.514027,0.000017,0.413807
AAACGGGCGTACGGGT-1,0.087877,0.000035,0.726186,0.000035,0.185868
AAACGGGTTGGTATCC-1,0.000058,0.000058,0.649247,0.000058,0.350579
AAACGGTTGCGAACTG-1,0.031653,0.000038,0.564799,0.000028,0.403482
AAACGTGTTCGCCCTA-1,0.258382,0.000062,0.579945,0.009375,0.152237
AAACTAACGTGGCGAC-1,0.008343,0.000048,0.958127,0.000048,0.033433
AAACTCGGTTCGCAAT-1,0.012734,0.027259,0.311488,0.000032,0.648487
AAACTCGTGATATAAG-1,0.274481,0.000071,0.725021,0.000071,0.000356
AAACTGCTGGCTCCAA-1,0.138377,0.041976,0.194948,0.000025,0.624674
AAACTTAATTGCACGC-1,0.100062,0.025166,0.491452,0.000025,0.383295
AAACTTGCAAACGTAT-1,0.000025,0.048414,0.409834,0.000025,0.541701
AAAGAATGACCTTAGA-1,0.02694,0.000046,0.215021,0.001252,0.756741
AAAGAATGTGGACTAA-1,0.004539,0.000342,0.701686,0.000019,0.293414
AAAGACATGAAGTTTA-1,0.0669,0.02525,0.120565,0.007384,0.779901
AAAGACCCAAGTCGCG-1,0.040361,0.013885,0.165097,0.004198,0.776459
AAAGACTGGGCGCTTT-1,0.079945,0.000105,0.544448,0.000105,0.375397
AAAGCTTGCCTACATA-1,0.928464,0.00022,0.069997,0.00022,0.001099
AAAGGCCCTATAATAC-1,0.024157,0.001983,0.23247,0.002102,0.739289
AAAGGCTACGGACCAT-1,0.025273,0.047212,0.166255,0.00216,0.759101
AAAGGCTCTCGCGCCG-1,0.164207,0.000472,0.549722,0.000041,0.285557
AAAGGGATGTAGCAAG-1,0.000048,0.000048,0.462853,0.04277,0.494282
AAAGGGCAGCTTGAAT-1,0.033247,0.027079,0.16311,0.02663,0.749935
AAAGGTAAGCTGTACC-1,0.051126,0.018039,0.4188,0.000032,0.512003
AAAGGTCAACGACATG-1,0.075413,0.000045,0.791731,0.000045,0.132765
AAAGTAGCATTGCTCA-1,0.060522,0.000049,0.910581,0.000049,0.028798
AAAGTCACTGATGTAA-1,0.013314,0.000062,0.949892,0.000062,0.03667
AAAGTCGACCCTCAGT-1,0.006627,0.00239,0.204256,0.000053,0.786675
AAAGTGCCATCAATTA-1,0.000019,0.000019,0.885767,0.000019,0.114175
AAAGTGTGATTTATCT-1,0.024572,0.004678,0.745451,0.000028,0.225269
AAAGTTGACTCCCGTA-1,0.017604,0.010181,0.182266,0.001386,0.788562
AAATAACCATACGGGA-1,0.027537,0.00003,0.516705,0.00003,0.455698
AAATAAGGTAGTGCCC-1,0.157884,0.000052,0.491616,0.000052,0.350395
AAATACCTATAAGCAT-1,0.022339,0.026222,0.352327,0.000018,0.599094
AAATAGCTTAGACTTT-1,0.005122,0.003928,0.506573,0.000032,0.484345
AAATAGGGTGCTATTG-1,0.028621,0.050216,0.545882,0.00004,0.375241
AAATCACTCCTAAACG-1,0.07983,0.021199,0.672253,0.000028,0.226689
AAATCCGATACACGCC-1,0.00601,0.010178,0.670706,0.000026,0.31308
AAATCGCGGAAGGAGT-1,0.000085,0.000085,0.35221,0.000085,0.647534
AAATCGTGTACCACAA-1,0.000041,0.000041,0.934711,0.007853,0.057355
AAATCTAGCCCTGCTA-1,0.000031,0.000031,0.92017,0.000031,0.079737
AAATCTGCCCGCGTCC-1,0.000032,0.000032,0.977813,0.000032,0.022091
AAATGATTCGATCAGC-1,0.359582,0.00009,0.639786,0.00009,0.000451
AAATGCTCGTTACGTT-1,0.011201,0.062968,0.502437,0.000059,0.423336
AAATGGCATGTCTTGT-1,0.000049,0.01273,0.414256,0.000049,0.572917
AAATGGCCCGTGCCCT-1,0.080388,0.00024,0.393745,0.000031,0.525596
AAATGGTCAATGTGCC-1,0.000036,0.000496,0.213386,0.001788,0.784293
AAATGTATCTTATCCC-1,0.000046,0.087566,0.243391,0.024279,0.644718
AAATGTGGGTGCTCCT-1,0.004742,0.023061,0.120644,0.00002,0.851534
AAATTAACGGGTAGCT-1,0.049006,0.05553,0.109059,0.000038,0.786367
AAATTAATAAGCGCGA-1,0.000056,0.000056,0.506713,0.000056,0.493119
AAATTACACGACTCTG-1,0.074991,0.000042,0.740412,0.000042,0.184512
AAATTACCTATCGATG-1,0.893394,0.000568,0.087262,0.015934,0.002842
AAATTCCAGGTCCAAA-1,0.207161,0.000062,0.792406,0.000062,0.000309
AAATTGATAGTCCTTT-1,0.055944,0.010975,0.232516,0.000022,0.700543
AAATTGCGGCGGTTCT-1,0.000055,0.069929,0.702218,0.000055,0.227744
AAATTGGTGAGAAGCA-1,0.353756,0.000137,0.626143,0.017766,0.002198
AAATTTACCGAAATCC-1,0.113774,0.000039,0.495465,0.006247,0.384476
AAATTTGCGGGTGTGG-1,0.000072,0.000072,0.858994,0.000072,0.140789
AACAACTGGTAGTTGC-1,0.000053,0.002293,0.422666,0.000053,0.574934
AACAATACATTGTCGA-1,0.000023,0.00146,0.480528,0.000023,0.517967
AACAATTACTCTACGC-1,0.000027,0.080025,0.179933,0.000027,0.739988
AACACACGCTCGCCGC-1,0.022017,0.000038,0.64669,0.000038,0.331217
AACACGACTGTACTGA-1,0.006219,0.005551,0.499278,0.000028,0.488923
AACACGAGACGCGGCC-1,0.002394,0.053421,0.518759,0.000033,0.425392
AACACGCGGCCGCGAA-1,0.080533,0.000052,0.550431,0.000052,0.368933
AACAGCTGTGTGGCAA-1,0.000018,0.019087,0.412057,0.000018,0.568819
AACAGGAAATCGAATA-1,0.024161,0.000045,0.449205,0.000045,0.526543
AACAGGATGGGCCGCG-1,0.000055,0.044243,0.467397,0.007668,0.480636
AACAGGTAGTATGGAT-1,0.25519,0.000041,0.675692,0.000041,0.069036
AACATATCAACTGGTG-1,0.190963,0.000054,0.55071,0.000054,0.258218
AACATCGATACGTCTA-1,0.791063,0.000195,0.192958,0.000195,0.015588
AACATTGAAGTTGATC-1,0.004094,0.000036,0.97104,0.000036,0.024793
AACATTGGTCAGCCGT-1,0.000053,0.004395,0.773144,0.000053,0.222356
AACATTGTGACTCGAG-1,0.041546,0.040889,0.740071,0.000031,0.177463
AACCAAGACTTCTCTG-1,0.039611,0.000075,0.176315,0.00481,0.77919
AACCAGTATCACTCTT-1,0.003502,0.155408,0.208296,0.005272,0.627523
AACCATAGGGTTGAAC-1,0.036523,0.000043,0.916658,0.000043,0.046732
AACCATGGGATCGCTA-1,0.011326,0.037427,0.313922,0.000037,0.637289
AACCCAGAGACGGAGA-1,0.02228,0.000033,0.188346,0.000033,0.789307
AACCCATCCCATGATC-1,0.001446,0.000032,0.559255,0.008818,0.430449
AACCCGACAACCCGTG-1,0.000029,0.028438,0.713871,0.000029,0.257633
AACCCGAGCAGAATCG-1,0.006797,0.003138,0.737869,0.000034,0.252162
AACCCGATAGGGCTTC-1,0.000031,0.000031,0.977207,0.000031,0.0227
AACCCTACTGTCAATA-1,0.038692,0.007063,0.643886,0.077058,0.233301
AACCCTGGTGGAACCA-1,0.027541,0.007327,0.346371,0.000029,0.618732
AACCGAGCTTGGTCAT-1,0.000037,0.036214,0.280758,0.000037,0.682954
AACCGCTAAGGGATGC-1,0.013727,0.021585,0.337609,0.000025,0.627054
AACCGTTGTGTTTGCT-1,0.02764,0.000063,0.808392,0.000063,0.163841
AACCTAAAGCCGTCCG-1,0.000025,0.022169,0.38222,0.005506,0.59008
AACCTCGCTTTAGCCC-1,0.109305,0.057522,0.594001,0.000036,0.239135
AACCTGTCACGGAATT-1,0.906376,0.000807,0.087977,0.000807,0.004033
AACCTTTAAATACGGT-1,0.016057,0.009072,0.330127,0.000024,0.644721
AACCTTTACGACGTCT-1,0.000054,0.000054,0.999463,0.000054,0.000375
AACGAAAGTCGTCCCA-1,0.000043,0.000043,0.999657,0.000043,0.000214
AACGACCTCCTAGCCG-1,0.009108,0.042913,0.686178,0.000019,0.261782
AACGATAATGCCGTAG-1,0.000025,0.001726,0.384721,0.000025,0.613503
AACGATAGAAGGGCCG-1,0.080227,0.000061,0.905164,0.000061,0.014488
AACGATATGTCAACTG-1,0.000975,0.000047,0.358681,0.006241,0.634055
AACGCATGATCTGGGT-1,0.596907,0.001493,0.392643,0.001493,0.007465
AACGCGAACGGCAACA-1,0.040072,0.001579,0.365709,0.008014,0.584626
AACGCGACCTTGGGCG-1,0.000021,0.001172,0.337158,0.000021,0.661627
AACGCGGTCTCCAGCC-1,0.000036,0.000036,0.450846,0.000036,0.549045
AACGCTGTTGCTGAAA-1,0.000021,0.000021,0.482771,0.000021,0.517165
AACGGACGTACGTATA-1,0.000028,0.003112,0.48754,0.002423,0.506897
AACGGCCATCTCCGGT-1,0.000038,0.017959,0.429353,0.000038,0.552612
AACGTACTGTGGGTAC-1,0.051106,0.00006,0.583065,0.00006,0.365709
AACGTAGTCTACCCAT-1,0.000035,0.000035,0.491254,0.000035,0.508642
AACGTCAGACTAGTGG-1,0.093618,0.000071,0.593875,0.000071,0.312366
AACGTCGCTGCACTTC-1,0.000019,0.001184,0.768553,0.071135,0.159109
AACGTGATGAAGGACA-1,0.065851,0.005452,0.453059,0.000035,0.475603
AACGTGCGAAAGTCTC-1,0.087848,0.000045,0.583884,0.000045,0.328178
AACGTTATCAGCACCT-1,0.046176,0.000041,0.270288,0.000041,0.683453
AACTACCCGTTTGTCA-1,0.044134,0.000033,0.832274,0.000033,0.123526
AACTAGCGTATCGCAC-1,0.000033,0.020334,0.662922,0.005,0.311711
AACTAGGCTTGGGTGT-1,0.176471,0.000041,0.660458,0.005651,0.157379
AACTCAAGTTAATTGC-1,0.000084,0.000084,0.901856,0.000084,0.097893
AACTCCAGAGCGTGTT-1,0.028249,0.062231,0.149685,0.753414,0.006421
AACTCCTAATCCCATG-1,0.04101,0.000036,0.740272,0.000036,0.218645
AACTCGATAAACACGT-1,0.000029,0.006833,0.028549,0.001994,0.962595
AACTCGATGGCGCAGT-1,0.879556,0.000376,0.000752,0.000376,0.11894
AACTCTCAATAGAGCG-1,0.060344,0.000038,0.716637,0.000038,0.222943
AACTCTCAGTGTGCTC-1,0.012849,0.051933,0.429176,0.000033,0.506009
AACTGAGGTCAGCGTC-1,0.000053,0.000053,0.692857,0.000053,0.306984
AACTGAGTTATACTGA-1,0.852298,0.000116,0.144881,0.000116,0.00259
AACTGATATTAGGCCT-1,0.000032,0.000372,0.465297,0.002911,0.531389
AACTGGGTCCCGACGT-1,0.000037,0.003952,0.509888,0.003244,0.482879
AACTGGGTTCGAGCCG-1,0.352183,0.000053,0.288664,0.052732,0.306367
AACTGGTGTGGGCCTT-1,0.000048,0.000048,0.602954,0.000048,0.396901
AACTTCTGCGTCTATC-1,0.029804,0.000058,0.047226,0.000058,0.922855
AACTTGCCCGTATGCA-1,0.000033,0.181141,0.128115,0.003982,0.686729
AACTTGCGTTCTCGCG-1,0.0419,0.017296,0.228374,0.000044,0.712385
AACTTTACGGGAGCTT-1,0.000046,0.005753,0.354275,0.000046,0.639879
AACTTTAGCTGCTGAG-1,0.000037,0.000037,0.464919,0.000037,0.534971
AACTTTCTCGATCATG-1,0.099523,0.000075,0.899951,0.000075,0.000376
AAGAAATCACCAGATT-1,0.144032,0.000042,0.854765,0.000042,0.001119
AAGAAGGATCAGTTAG-1,0.023215,0.033702,0.121251,0.003396,0.818437
AAGACATACGTGGTTT-1,0.000258,0.000028,0.674117,0.000028,0.325569
AAGACCAAATAACTCA-1,0.00005,0.00005,0.988099,0.00005,0.011752
AAGACCCAACTGAACA-1,0.018688,0.005858,0.253114,0.000019,0.722322
AAGACTAACCCGTTGT-1,0.059924,0.062502,0.151728,0.000031,0.725815
AAGACTCACGCCCACT-1,0.103221,0.043299,0.170757,0.001132,0.681592
AAGACTGCAAGCTACT-1,0.013055,0.000036,0.126647,0.000036,0.860225
AAGAGATGAATCGGTA-1,0.088952,0.000068,0.572849,0.002903,0.335228
AAGAGCTCTTTATCGG-1,0.833773,0.000263,0.031594,0.000263,0.134108
AAGAGGATGTACGCGA-1,0.000042,0.067097,0.263442,0.000042,0.669377
AAGAGGCATGGATCGC-1,0.995945,0.000451,0.000901,0.000451,0.002253
AAGAGGCCCTTTGGAA-1,0.005055,0.000044,0.9887,0.000044,0.006157
AAGATGGCACCGGACC-1,0.000018,0.001394,0.12953,0.000018,0.869042
AAGATTGGCGGAACGT-1,0.979065,0.002326,0.004652,0.002326,0.011631
AAGCACCCTGCGTATC-1,0.000023,0.007618,0.368077,0.002727,0.621556
AAGCATACTCTCCTGA-1,0.000024,0.017797,0.210249,0.00143,0.7705
AAGCCGAAGCGGTTTA-1,0.879087,0.038985,0.000102,0.000051,0.081776
AAGCCGCCGTGAAATC-1,0.013985,0.005909,0.534111,0.000026,0.445969
AAGCCGCTTTACCTTG-1,0.527063,0.000112,0.472151,0.000112,0.000562
AAGCCGGAGAGCAGGA-1,0.000024,0.000024,0.668866,0.000024,0.331062
AAGCGCAGGGCTTTGA-1,0.006039,0.014343,0.098087,0.000028,0.881502
AAGCGGAGTGCGCGCA-1,0.102204,0.000049,0.896576,0.000049,0.001123
AAGCGGCGTCATGGGT-1,0.000039,0.000039,0.735608,0.000039,0.264274
AAGCGTCCCTCATCGA-1,0.000023,0.007328,0.399087,0.000023,0.593539
AAGCTAGATCGAGTAA-1,0.050555,0.040402,0.032686,0.00557,0.870787
AAGCTCGTGCCAAGTC-1,0.430758,0.000118,0.000236,0.000118,0.56877
AAGCTCTTTCATGGTG-1,0.056095,0.010233,0.504243,0.000038,0.429391
AAGGAGAACTTATAAG-1,0.074697,0.041663,0.345528,0.000039,0.538074
AAGGAGCGGTTGGTGC-1,0.043493,0.038692,0.314349,0.000057,0.603409
AAGGATCGATCGCTTG-1,0.048129,0.000039,0.713396,0.000038,0.238397
AAGGATGAGGGACCTC-1,0.991889,0.000901,0.001802,0.000901,0.004506
AAGGCAGGCTGTCTCC-1,0.268845,0.000047,0.730825,0.000047,0.000236
AAGGCGCGTAAAGCTT-1,0.022672,0.008251,0.648134,0.024728,0.296215
AAGGCTGTGCTCATCG-1,0.019585,0.000095,0.784833,0.143979,0.051508
AAGGGAACGACTGGCT-1,0.051336,0.013024,0.45087,0.000026,0.484745
AAGGGACAGATTCTGT-1,0.996169,0.000426,0.000851,0.000426,0.002128
AAGGGACTATGCATTC-1,0.000023,0.002225,0.311424,0.000023,0.686304
AAGGGTTTGATTTCAG-1,0.001631,0.000051,0.688227,0.000051,0.31004
AAGGTATCCTAATATA-1,0.683648,0.000781,0.310882,0.000781,0.003907
AAGGTGATAAACCAGC-1,0.002996,0.000034,0.888782,0.000034,0.108154
AAGTAAGCTTCCAAAC-1,0.000016,0.00123,0.268372,0.003637,0.726745
AAGTAGAAGACCGGGT-1,0.012729,0.000047,0.266019,0.011854,0.70935
AAGTAGTGACGCGAGG-1,0.000048,0.007872,0.354188,0.000048,0.637843
AAGTCAATTGTCGTCA-1,0.024559,0.00003,0.437049,0.00003,0.538332
AAGTCTAGTAGCTGCC-1,0.068618,0.000057,0.930981,0.000057,0.000287
AAGTCTTCTGTGGCCT-1,0.050623,0.000062,0.531442,0.000062,0.41781
AAGTGACGACCGAATT-1,0.000059,0.000059,0.916195,0.000059,0.083628
AAGTGAGTCGGGTTTA-1,0.019759,0.002449,0.215386,0.000019,0.762387
AAGTGCAAAGGTAGAC-1,0.002945,0.612915,0.368362,0.00003,0.015749
AAGTGCCTTGACTGTA-1,0.283339,0.013587,0.439295,0.000041,0.263738
AAGTGCGTTAGAATCT-1,0.020774,0.000058,0.904789,0.000058,0.074321
AAGTGCTTCTCTATTG-1,0.033312,0.000028,0.368644,0.000028,0.59799
AAGTGTTTGGAGACGG-1,0.049465,0.000037,0.530287,0.00387,0.416341
AAGTTCACTCCAAGCT-1,0.050448,0.000037,0.68661,0.000037,0.262868
AAGTTCAGTCTGCGTA-1,0.768002,0.001137,0.224042,0.001137,0.005684
AAGTTCGGCCAACAGG-1,0.000055,0.000055,0.949844,0.000055,0.049992
AAGTTGTGATGTTATA-1,0.043067,0.000038,0.589424,0.000038,0.367433
AAGTTTACTAATGGCA-1,0.000038,0.009121,0.695533,0.017712,0.277596
AAGTTTATGGGCCCAA-1,0.220708,0.0151,0.370852,0.007362,0.385978
AATAACAACGCTCGGC-1,0.000029,0.050258,0.188035,0.000029,0.761648
AATAACACTAGAACAA-1,0.033149,0.008088,0.35089,0.00002,0.607853
AATAAGTCCTCGAGAC-1,0.000031,0.000031,0.476653,0.000031,0.523255
AATAATCTTCGTATCG-1,0.059767,0.001901,0.70703,0.000034,0.231268
AATACAATGTTTCAGG-1,0.069867,0.000565,0.329674,0.016546,0.583348
AATACCGGAGGGCTGT-1,0.007928,0.000038,0.807396,0.000038,0.1846
AATACCTGATGTGAAC-1,0.067072,0.000042,0.673737,0.000042,0.259107
AATAGAACAGAGTGGC-1,0.031264,0.000027,0.382613,0.000027,0.586069
AATAGAATCTGTTTCA-1,0.000031,0.000031,0.391714,0.000652,0.607573
AATAGCAAGCCTCCTG-1,0.000044,0.022577,0.697843,0.000044,0.279493
AATAGCTACCGCGTGC-1,0.992798,0.0008,0.0016,0.0008,0.004001
AATAGTCCGTCCCGAC-1,0.265828,0.011434,0.644583,0.012724,0.065432
AATAGTCGCGAGTCGG-1,0.025872,0.000678,0.284427,0.000046,0.688976
AATATCAAGGTCGGAT-1,0.00005,0.00005,0.809961,0.099255,0.090684
AATATCCTAGCAAACT-1,0.000046,0.000046,0.999629,0.000046,0.000232
AATATCGAATCAATGC-1,0.083784,0.000045,0.906597,0.009337,0.000237
AATATCGAGGGTTCTC-1,0.109536,0.00005,0.758155,0.00005,0.132208
AATATTGGAGTATTGA-1,0.000054,0.000054,0.270742,0.001831,0.727318
AATCAGACTGCAGGAC-1,0.000027,0.124632,0.368133,0.000027,0.507182
AATCAGGTTTCATTTA-1,0.031144,0.081444,0.261798,0.002379,0.623235
AATCATGTAAAGACTC-1,0.010851,0.000027,0.57146,0.000027,0.417636
AATCCAAGGGCCTGAG-1,0.025216,0.314425,0.554679,0.000046,0.105635
AATCCATGCAAGGGTG-1,0.107871,0.002349,0.370461,0.007805,0.511514
AATCGCCTCAGCGCCA-1,0.266416,0.072453,0.160991,0.000056,0.500084
AATCGCGCAGAGGACT-1,0.595599,0.000123,0.403542,0.000123,0.000614
AATCGGGACACTACGA-1,0.118487,0.031351,0.287879,0.000093,0.56219
AATCGGTATAGCCCTC-1,0.010418,0.000041,0.918543,0.000041,0.070957
AATCGTGAGCCGAGCA-1,0.000024,0.001179,0.326428,0.000024,0.672345
AATCTAGGTTTACTTG-1,0.000045,0.000045,0.536055,0.001026,0.46283
AATCTATGCCGGAGCC-1,0.053619,0.000057,0.744876,0.000057,0.201392
AATCTCTACTGTGGTT-1,0.00016,0.00016,0.524226,0.00016,0.475293
AATCTGCGTTGGGACG-1,0.067381,0.000047,0.862832,0.000047,0.069694
AATCTGGCTTTCTAGT-1,0.000057,0.000057,0.759237,0.000057,0.240591
AATCTGGGTAGACCCT-1,0.020059,0.046022,0.14612,0.000029,0.787769
AATGACAGCAATGTCT-1,0.000034,0.002911,0.141022,0.000034,0.855998
AATGACGTAGGATGTC-1,0.014219,0.00004,0.840503,0.00004,0.145199
AATGACTGTCAGCCGG-1,0.000044,0.059017,0.580185,0.000044,0.360711
AATGAGTTCGCATATG-1,0.145253,0.000095,0.619333,0.000095,0.235225
AATGATGATACGCTAT-1,0.994673,0.000592,0.001184,0.000592,0.002959
AATGATGCGACTCCTG-1,0.469855,0.00014,0.455141,0.00014,0.074723
AATGCAACCGGGTACC-1,0.025618,0.030424,0.505979,0.000035,0.437944
AATGCACCAAGCAATG-1,0.942556,0.053502,0.000985,0.000493,0.002464
AATGGCCGCCAATGCG-1,0.000037,0.000037,0.992117,0.000037,0.007773
AATGGTCCACCGTTCA-1,0.041135,0.000103,0.055264,0.00717,0.896328
AATGGTTCTCACAAGC-1,0.059168,0.038124,0.694541,0.000049,0.208118
AATGTATGGCACTGTA-1,0.027827,0.000035,0.523776,0.000035,0.448326
AATGTGCCCGAGGTGT-1,0.003048,0.004507,0.633741,0.000036,0.358668
AATGTGCTAATCTGAG-1,0.007669,0.021391,0.528474,0.000038,0.442429
AATGTTGTCGTGAGAC-1,0.000023,0.02571,0.528284,0.000023,0.445961
AATTAAAGGTCGGCGT-1,0.000059,0.000059,0.786568,0.000059,0.213255
AATTAACGGATTTCCA-1,0.00003,0.00003,0.49784,0.005559,0.49654
AATTACGAGACCCATC-1,0.000058,0.000058,0.890893,0.000058,0.108932
AATTACTCGTACGCTC-1,0.091702,0.107981,0.12783,0.000047,0.672439
AATTAGCGCTGCAGCG-1,0.177478,0.064837,0.293583,0.003456,0.460646
AATTCATAAGGGATCT-1,0.899225,0.000461,0.097548,0.000461,0.002305
AATTCATTGTCATGCA-1,0.011186,0.00004,0.624669,0.00004,0.364065
AATTCCAACTTGGTGA-1,0.000027,0.021407,0.353575,0.000027,0.624964
AATTCCAAGCATGTAC-1,0.053106,0.000043,0.797689,0.000043,0.149119
AATTCGATTCGAGGAT-1,0.000026,0.030245,0.15615,0.000026,0.813553
AATTCTAGAGTTAGGC-1,0.050415,0.000054,0.543234,0.000881,0.405416
AATTGAACGCTCTGGT-1,0.026467,0.016441,0.833018,0.000043,0.124032
AATTGCAGCAATCGAC-1,0.19511,0.000027,0.212169,0.000027,0.592666
AATTGCGTGGATTACA-1,0.000047,0.014369,0.692346,0.000047,0.293192
AATTGTGGTTGCCAAA-1,0.000025,0.000025,0.9998,0.000025,0.000125
AATTTGGGACATAGTA-1,0.004258,0.000045,0.481697,0.003202,0.510797
AATTTGGTTCCAAAGA-1,0.000046,0.000046,0.713959,0.000046,0.285904
ACAAACCATGCGTCCT-1,0.016192,0.000023,0.441386,0.000023,0.542375
ACAAACCGACAAGGCG-1,0.000017,0.060538,0.252222,0.000017,0.687205
ACAAAGAAGGTAGGCC-1,0.000048,0.000048,0.777392,0.000048,0.222463
ACAAAGCATGACCTAG-1,0.024843,0.011096,0.479617,0.000027,0.484417
ACAAATCGCACCGAAT-1,0.000906,0.000326,0.770797,0.017029,0.210942
ACAAATGGTAGTGTTT-1,0.00003,0.038746,0.723523,0.00003,0.237669
ACAAATTCAGATCTGA-1,0.054066,0.017065,0.386662,0.000031,0.542176
ACAACAGCATGAGCTA-1,0.35223,0.211083,0.000333,0.435519,0.000834
ACAACGGTCCCTGCGA-1,0.234737,0.035199,0.340183,0.000052,0.389829
ACAAGCAGTGCCTAGC-1,0.000034,0.047228,0.294976,0.000034,0.657727
ACAAGCTATATGGAAG-1,0.0282,0.000041,0.135335,0.000041,0.836383
ACAAGGAAATCCGCCC-1,0.150909,0.008283,0.401146,0.000044,0.439619
ACAAGGACAAGAGGTT-1,0.014032,0.028646,0.277502,0.000047,0.679773
ACAAGGATGCTTTAGG-1,0.004144,0.075152,0.295845,0.000028,0.624831
ACAAGGCCTACCAGCC-1,0.000027,0.012337,0.478499,0.000027,0.50911
ACAAGGGCAGGCTCTG-1,0.070978,0.000037,0.74471,0.000037,0.184238
ACAATAGTCGTACGTT-1,0.031178,0.000048,0.507588,0.000048,0.461138
ACAATCCATTTAAACC-1,0.001417,0.007564,0.286239,0.000039,0.704741
ACAATCGATCTTTATA-1,0.008729,0.005543,0.219614,0.000028,0.766087
ACAATGAATACGGAGA-1,0.000019,0.055375,0.493938,0.000623,0.450044
ACAATGATTCTTCTAC-1,0.000046,0.000046,0.946239,0.000046,0.053623
ACAATTGTGTCTCTTT-1,0.000042,0.000042,0.698762,0.000042,0.301112
ACAATTTAGGAGGCTC-1,0.00004,0.009171,0.219004,0.00004,0.771746
ACAATTTGAGCAGTGG-1,0.990719,0.001031,0.002062,0.001031,0.005156
ACAATTTGGCCATATT-1,0.282568,0.000047,0.610376,0.000047,0.106961
ACACAAAGACGGGTGG-1,0.031798,0.00336,0.347042,0.000035,0.617766
ACACAAATATTCCTAG-1,0.10922,0.082797,0.423098,0.000039,0.384847
ACACACCAGGACCAGT-1,0.162532,0.000032,0.772923,0.000032,0.064481
ACACACTTTCTACACG-1,0.000031,0.007173,0.274421,0.005671,0.712704
ACACATGATCAAATCT-1,0.00003,0.003466,0.60827,0.00003,0.388204
ACACATTGACGCAACA-1,0.000025,0.01216,0.149356,0.00538,0.833078
ACACATTTCCGTAGAC-1,0.000021,0.004716,0.480331,0.000021,0.514911
ACACCACATAATTAGC-1,0.332362,0.000151,0.666582,0.000151,0.000754
ACACCCAGCATGCAGC-1,0.015271,0.002632,0.103221,0.000033,0.878842
ACACCCGAGAAATCCG-1,0.278121,0.000063,0.447602,0.000063,0.274151
ACACCCGTAAATCTGT-1,0.02752,0.00003,0.968652,0.00003,0.003769
ACACCGAGCGCTCTTT-1,0.000046,0.000046,0.559103,0.000046,0.440758
ACACCGGTCTGACCGC-1,0.001541,0.029692,0.241539,0.000022,0.727206
ACACCTTAAGTAGGGC-1,0.004619,0.047628,0.317136,0.000051,0.630566
ACACCTTACTACTTGC-1,0.195606,0.319912,0.381848,0.000037,0.102597
ACACGAGACTCCTTCT-1,0.194368,0.00007,0.300781,0.00226,0.502522
ACACGGCACTATGCAT-1,0.011875,0.014908,0.000584,0.00109,0.971543
ACACGGGAACTTAGGG-1,0.997554,0.000272,0.000544,0.000272,0.001359
ACACGTAGGCCACAAG-1,0.042435,0.011296,0.347646,0.000023,0.5986
ACACTCCAATGTCACT-1,0.035905,0.000056,0.287113,0.000056,0.676871
ACACTGATCAAGGTGT-1,0.033333,0.000051,0.785781,0.016109,0.164727
ACACTGGGACAGTCGT-1,0.000028,0.005585,0.589446,0.000028,0.404913
ACAGAACTGAGAACAA-1,0.05969,0.003541,0.246608,0.00003,0.690131
ACAGATTAGGTTAGTG-1,0.071747,0.034714,0.016972,0.000028,0.87654
ACAGCATAGAGCCAGT-1,0.000051,0.00335,0.608289,0.000051,0.388258
ACAGCGACATTCTCAT-1,0.000032,0.014246,0.50163,0.000032,0.484061
ACAGCGCACCCGCAGC-1,0.020289,0.041276,0.281938,0.004651,0.651845
ACAGGAGGCGCAGCCG-1,0.00044,0.049732,0.234495,0.00003,0.715302
ACAGGCACGGATCCTT-1,0.073926,0.000594,0.085422,0.000016,0.840042
ACAGGCTTGCCCGACT-1,0.201733,0.000063,0.797824,0.000063,0.000317
ACAGGTGGAGGTGAGG-1,0.000043,0.044905,0.478026,0.000043,0.476984
ACAGGTGTGTTGTTGC-1,0.000041,0.000041,0.317312,0.657419,0.025187
ACAGTAATACAACTTG-1,0.000064,0.000064,0.782168,0.000064,0.21764
ACAGTATACCGTGGGA-1,0.711199,0.000926,0.001852,0.000926,0.285096
ACAGTGCAGCGCATTT-1,0.30092,0.052989,0.515013,0.000087,0.130992
ACATAAGTCGTGGTGA-1,0.000034,0.010433,0.738988,0.002207,0.248338
ACATAATAAGGCGGTG-1,0.030131,0.058634,0.650915,0.000047,0.260273
ACATCAGCTGGGACGC-1,0.000115,0.000115,0.157892,0.000115,0.841763
ACATCCCGGCCATACG-1,0.360278,0.00005,0.367353,0.00005,0.27227
ACATCCTGGTAACTGT-1,0.023576,0.000038,0.558032,0.000038,0.418315
ACATCGATCGTTTACC-1,0.291249,0.013843,0.294713,0.000054,0.400141
ACATCGGTCAGCCGCG-1,0.067679,0.00006,0.448959,0.00006,0.483243
ACATCGTATGCAATGG-1,0.000034,0.018366,0.491515,0.000819,0.489266
ACATCGTTAACCTAGT-1,0.000039,0.011704,0.506733,0.000039,0.481485
ACATCTCAACGCGTAA-1,0.000029,0.023882,0.666735,0.000029,0.309325
ACATGGCGCCAAAGTA-1,0.028475,0.000023,0.39363,0.000023,0.577849
ACATGGCTCAATTTAG-1,0.190106,0.00008,0.526178,0.00008,0.283556
ACATTAGTTTATATCC-1,0.114382,0.003406,0.189223,0.001129,0.691861
ACATTCGCGCGGAATA-1,0.017236,0.00002,0.603545,0.00002,0.379179
ACATTTGAAACCTAAC-1,0.000115,0.000021,0.909119,0.000021,0.090724
ACCAAACACCCAGCGA-1,0.992798,0.0008,0.001601,0.0008,0.004001
ACCAAACTAGAAATCC-1,0.000026,0.000026,0.749973,0.000026,0.249949
ACCAACACCACACACT-1,0.832763,0.000603,0.001205,0.000603,0.164827
ACCAACCGCACTCCAC-1,0.072764,0.00003,0.763997,0.00003,0.163179
ACCAACGCTTATTTAT-1,0.000038,0.000044,0.278619,0.000038,0.721261
ACCAAGAACGCGTGTC-1,0.025543,0.000038,0.539274,0.000038,0.435108
ACCAAGTCATCGGCAG-1,0.000032,0.000032,0.93353,0.000032,0.066376
ACCAATATGCAAGTTA-1,0.000021,0.003142,0.507451,0.000021,0.489366
ACCACAACTCAGAACA-1,0.033978,0.963584,0.000018,0.000009,0.002411
ACCACAAGTTTCTATC-1,0.000015,0.038661,0.004686,0.000015,0.956622
ACCACCAATGTAACAA-1,0.061923,0.001444,0.620386,0.00003,0.316217
ACCACCCTCTCTTCTA-1,0.146503,0.000116,0.852682,0.000116,0.000582
ACCACGTGCAGCTATA-1,0.024661,0.074234,0.057349,0.000025,0.84373
ACCACTGTTCAAGAAG-1,0.058825,0.072877,0.098263,0.003033,0.767002
ACCAGACCATAACAAC-1,0.040692,0.006846,0.088513,0.000023,0.863927
ACCAGCCCGGTCTTTG-1,0.000028,0.022085,0.345448,0.001248,0.631191
ACCAGGAGTGTGATCT-1,0.000031,0.008749,0.248843,0.015284,0.727092
ACCAGTGCCCGGTCAA-1,0.00004,0.03043,0.625602,0.001197,0.342731
ACCAGTGCGGGAGACG-1,0.000025,0.086392,0.2386,0.000025,0.674959
ACCATATCCGCAATAA-1,0.000034,0.029498,0.27172,0.000034,0.698714
ACCATCCGCCAACTAG-1,0.000073,0.000073,0.641651,0.000073,0.358129
ACCATCGTATATGGTA-1,0.035973,0.007776,0.226559,0.000045,0.729647
ACCATTAAGGGTGTCA-1,0.019669,0.004563,0.083429,0.000038,0.892302
ACCCAACGCCCGTGGC-1,0.995963,0.000449,0.000897,0.000449,0.002243
ACCCACCTACATGCTC-1,0.02423,0.046382,0.054822,0.01492,0.859647
ACCCATCTTGAGGGTA-1,0.043508,0.033291,0.36182,0.002404,0.558978
ACCCATTTGTCCCTCT-1,0.019412,0.008045,0.749709,0.000031,0.222802
ACCCGAGCGAAATTAC-1,0.004093,0.017621,0.775885,0.000028,0.202373
ACCCGATTGGTTCCGA-1,0.000023,0.015517,0.221429,0.316378,0.446653
ACCCGGAAACTCCCAG-1,0.000021,0.009923,0.176926,0.000021,0.813109
ACCCGGAGCACCACAA-1,0.053025,0.000023,0.580501,0.000023,0.366429
ACCCGGATGACGCATC-1,0.045937,0.000035,0.708459,0.000035,0.245533
ACCCGGTTACACTTCC-1,0.000033,0.09708,0.172788,0.000033,0.730066
ACCCGTAGCAGAGAAT-1,0.000055,0.000055,0.956007,0.000055,0.043829
ACCCGTAGTCTAGTTG-1,0.04996,0.000025,0.808772,0.000025,0.141219
ACCCGTGTCATCAGTA-1,0.097482,0.014068,0.179808,0.000027,0.708615
ACCCTATAGGACTGAG-1,0.467825,0.000219,0.227623,0.303239,0.001094
ACCCTATGCCATATCG-1,0.03351,0.018693,0.673553,0.007018,0.267227
ACCCTCCCGTCAGGGC-1,0.06032,0.055103,0.875675,0.000042,0.00886
ACCCTCCCTTGCTATT-1,0.030968,0.000041,0.594067,0.000041,0.374883
ACCCTGGTAACGCCCT-1,0.940153,0.000457,0.05665,0.000457,0.002284
ACCCTTCATCTGCGAA-1,0.000033,0.017082,0.31545,0.000033,0.667403
ACCCTTGCCTGGGTCG-1,0.791595,0.000431,0.205387,0.000431,0.002156
ACCCTTTAGTTCTCCA-1,0.008554,0.027769,0.539015,0.000038,0.424624
ACCGAAAGGGCCCTGC-1,0.020469,0.02175,0.332455,0.001919,0.623407
ACCGAAGAGTCTGGTT-1,0.011638,0.031236,0.552257,0.021735,0.383134
ACCGACACATCTCCCA-1,0.000024,0.000024,0.652634,0.000024,0.347295
ACCGACTGAGTCCCAC-1,0.001042,0.001257,0.123451,0.003488,0.870762
ACCGAGTCTCCTTATT-1,0.000022,0.005226,0.403639,0.000022,0.591091
ACCGATAGGCATAACC-1,0.000032,0.000032,0.797922,0.000032,0.201983
ACCGATATTTAATCAT-1,0.000964,0.000025,0.574856,0.000025,0.424129
ACCGATGGTAGCATCG-1,0.134398,0.000093,0.864952,0.000093,0.000464
ACCGCAATAACTGCCT-1,0.113679,0.024948,0.598778,0.000031,0.262564
ACCGCGGTGGAAGTCG-1,0.054359,0.047561,0.299319,0.000027,0.598734
ACCGGGCCTTTGTTGA-1,0.000045,0.000045,0.91648,0.000045,0.083385
ACCGGTCAGGTACACC-1,0.077531,0.056356,0.830432,0.000058,0.035624
ACCGGTCTGAGTACGG-1,0.007374,0.000929,0.31668,0.000033,0.674984
ACCGTCCACTGGGCCC-1,0.110446,0.000038,0.504372,0.013371,0.371773
ACCGTGACCACGTGGG-1,0.000012,0.211855,0.030861,0.000012,0.757258
ACCGTTCCCGCTCTGA-1,0.000015,0.003438,0.00003,0.000015,0.996502
ACCTAAGTACCTTTCA-1,0.149429,0.000053,0.409942,0.000053,0.440523
ACCTAATCGACTTCCT-1,0.000041,0.05582,0.307107,0.00924,0.627792
ACCTACAGTATGTGGT-1,0.999524,0.000053,0.000106,0.000053,0.000264
ACCTACTATAAATCTA-1,0.016138,0.297424,0.17977,0.007664,0.499005
ACCTCCGCCCTCGCTG-1,0.000029,0.008204,0.149859,0.000029,0.84188
ACCTCCGTTATTCACC-1,0.063419,0.000034,0.829201,0.000945,0.106402
ACCTCGAACTTATGCT-1,0.00575,0.198548,0.663919,0.00003,0.131754
ACCTGCGTGTCATGTT-1,0.018178,0.000036,0.577243,0.000036,0.404506
ACCTTTCCTTTAGAAG-1,0.000022,0.057776,0.355421,0.000022,0.586759
ACGAAATGGGCGGCAC-1,0.003175,0.121725,0.288261,0.000033,0.586805
ACGACCCATGAGTTGC-1,0.027277,0.000028,0.775116,0.000028,0.197551
ACGACTCTAGGGCCGA-1,0.032004,0.000026,0.833217,0.000026,0.134728
ACGACTGGTCATACTC-1,0.000025,0.003901,0.560545,0.000025,0.435503
ACGAGAACCCATCACG-1,0.194057,0.056772,0.32124,0.00004,0.427892
ACGAGATATTTGCTTA-1,0.031006,0.037844,0.274185,0.000026,0.65694
ACGAGGATACCACTCT-1,0.015602,0.00006,0.299944,0.00006,0.684334
ACGAGGTTTACAACGT-1,0.000036,0.032628,0.6988,0.238965,0.02957
ACGAGTACGGATGCCC-1,0.075314,0.000071,0.924188,0.000071,0.000356
ACGAGTCGCCGGCGTT-1,0.032056,0.006869,0.226978,0.000039,0.734059
ACGATACATAGAACTA-1,0.391268,0.011539,0.382938,0.000064,0.214191
ACGATACCTATCCTGA-1,0.000047,0.093784,0.599531,0.005346,0.301292
ACGATCATACATAGAG-1,0.048262,0.017458,0.05273,0.278465,0.603085
ACGATCATCTTGTAAA-1,0.041763,0.000029,0.600974,0.000029,0.357205
ACGATGCATATGTTAT-1,0.032235,0.000084,0.725707,0.003164,0.23881
ACGATGGATCCGATGC-1,0.012997,0.000049,0.629035,0.000049,0.35787
ACGCAAACTAATAGAT-1,0.000032,0.000032,0.60576,0.000032,0.394144
ACGCAATCACTACAGC-1,0.122184,0.000086,0.877188,0.000086,0.000456
ACGCATAAATGACATG-1,0.000042,0.0244,0.777251,0.008229,0.190077
ACGCATACGTTTACTA-1,0.027992,0.000037,0.567343,0.000037,0.404591
ACGCATTCGTGAGTAC-1,0.110706,0.011463,0.06051,0.00004,0.817281
ACGCCAGATGATTTCT-1,0.184173,0.044032,0.329244,0.000067,0.442484
ACGCCAGTGCGTTTGC-1,0.076876,0.000034,0.857633,0.000034,0.065423
ACGCCCAGCTGTCGAT-1,0.000033,0.015739,0.479949,0.000482,0.503798
ACGCCGCTAGACGACC-1,0.02114,0.038587,0.523938,0.001019,0.415316
ACGCCTGACACGCGCT-1,0.000025,0.079524,0.407365,0.000025,0.513061
ACGCGAAGTCAGACGA-1,0.006067,0.025646,0.320397,0.00187,0.646021
ACGCGCTACACAGGGT-1,0.03958,0.124831,0.234572,0.013841,0.587176
ACGCGGGCCAAGGACA-1,0.047236,0.000048,0.512133,0.000048,0.440535
ACGCGTTTCTTAAGAG-1,0.000063,0.000063,0.309898,0.000063,0.689913
ACGCTACTGAATGGGC-1,0.000023,0.013265,0.598821,0.000023,0.387868
ACGCTAGTATCAGTGC-1,0.008279,0.008327,0.618554,0.00003,0.36481
ACGCTAGTGATACACT-1,0.286835,0.000192,0.711821,0.000192,0.00096
ACGCTGTGAGGCGTAG-1,0.000088,0.035734,0.00804,0.009218,0.94692
ACGCTTAGTGTCTCTC-1,0.025333,0.005587,0.779901,0.000038,0.189141
ACGGAACACGAGTGCC-1,0.025485,0.000023,0.773567,0.000023,0.200901
ACGGAATTTAGCAAAT-1,0.000025,0.033657,0.245905,0.000025,0.720389
ACGGACTCTCAAAGCG-1,0.00003,0.033595,0.51366,0.000756,0.45196
ACGGAGCGCAAATTAC-1,0.992435,0.000841,0.001681,0.000841,0.004203
ACGGATGGTGCGGATA-1,0.000031,0.004545,0.434575,0.013334,0.547516
ACGGCACTTGCTTGGG-1,0.314225,0.000072,0.663413,0.000072,0.022217
ACGGCCAACATGGACT-1,0.016887,0.047324,0.035392,0.003856,0.896541
ACGGCGACGATGGGAA-1,0.093881,0.032649,0.70832,0.0191,0.14605
ACGGCGGGTTGCCCTG-1,0.173018,0.000062,0.397114,0.018739,0.411067
ACGGCTGGATGTAGAA-1,0.000052,0.000052,0.999583,0.000052,0.000261
ACGGGAGTGTCGGCCC-1,0.000042,0.000042,0.582064,0.000042,0.417811
ACGGGCGTATGCGACA-1,0.175518,0.000064,0.824031,0.000064,0.000322
ACGGGTCATGTGACTT-1,0.013588,0.073048,0.573483,0.000054,0.339828
ACGGGTTGTGACCTGT-1,0.001101,0.155621,0.522192,0.000053,0.321033
ACGGTACAGTTCAATG-1,0.037366,0.000024,0.842918,0.000024,0.119668
ACGGTCACCGAGAACA-1,0.006243,0.000026,0.946013,0.007916,0.039802
ACGTACAGATTTCTCT-1,0.000042,0.025017,0.648335,0.000042,0.326564
ACGTACTTTGGCACGG-1,0.01171,0.011718,0.361575,0.000023,0.614975
ACGTAGATTGCTGATG-1,0.037834,0.000058,0.897657,0.000058,0.064394
ACGTAGGAGAGTCGCT-1,0.000024,0.000024,0.521695,0.000024,0.478232
ACGTATTACTCCGATC-1,0.011611,0.001798,0.644385,0.010173,0.332033
ACGTCCTAAACGAGAT-1,0.00003,0.049347,0.405091,0.00003,0.545502
ACGTCGGGCAACTCGG-1,0.000062,0.000062,0.81637,0.000062,0.183444
ACGTCTCGTTCCGGGA-1,0.000078,0.000078,0.983126,0.016273,0.000445
ACGTGACAAAGTAAGT-1,0.088433,0.004642,0.109498,0.000027,0.797399
ACGTGCGCCTCGTGCA-1,0.011755,0.001449,0.456521,0.00004,0.530235
ACGTGGTCGAATGTGC-1,0.000026,0.009411,0.085529,0.004969,0.900065
ACGTTAATGTCGAAGA-1,0.09026,0.000063,0.668021,0.018518,0.223138
ACGTTAGATTTGCCCG-1,0.251014,0.003232,0.016209,0.000041,0.729505
ACGTTATTGGTCACTC-1,0.038696,0.000112,0.772654,0.000112,0.188426
ACGTTCCGCGCTCCGT-1,0.016105,0.000053,0.636522,0.000053,0.347268
ACGTTCGCAATCAATT-1,0.071049,0.000032,0.609017,0.001303,0.318599
ACGTTCGTTCAGGAAA-1,0.000666,0.003342,0.35706,0.000022,0.638911
ACGTTCTGTACAAGTC-1,0.072857,0.032711,0.321441,0.068179,0.504812
ACGTTTAGTTGTGATC-1,0.000068,0.029516,0.508372,0.000068,0.461975
ACGTTTCGGTGCACTT-1,0.004227,0.00004,0.91221,0.00004,0.083482
ACTAAGGACGCACACC-1,0.072799,0.000045,0.877547,0.000045,0.049565
ACTAATACGTCAGGCG-1,0.048581,0.00005,0.276103,0.007543,0.667724
ACTACAAAGAGAGGTG-1,0.000019,0.001288,0.385791,0.008469,0.604433
ACTACATCCCGACAAG-1,0.079176,0.010718,0.566833,0.000031,0.343242
ACTACCAGCTCTCTGG-1,0.000042,0.038806,0.064184,0.000042,0.896927
ACTACGCGTTAGAATT-1,0.141396,0.026033,0.269598,0.000026,0.562947
ACTAGTTGCGATCGTC-1,0.22373,0.398216,0.011265,0.258427,0.108361
ACTATATGCTGTGTTC-1,0.015712,0.0446,0.471337,0.000033,0.468318
ACTATCCAGGGCATGG-1,0.019103,0.000035,0.48441,0.000035,0.496418
ACTATCGCCGGCTAAA-1,0.015133,0.066217,0.069024,0.093579,0.756047
ACTATCTGCCCGCGTA-1,0.013317,0.00364,0.572352,0.000024,0.410667
ACTATGTCCAGCTGCC-1,0.024614,0.364938,0.182373,0.000018,0.428056
ACTATTCGTCCGTGGT-1,0.054735,0.002002,0.319766,0.002254,0.621244
ACTATTTCCGGGCCCA-1,0.042302,0.11029,0.188492,0.00002,0.658896
ACTCAACGAATGTATT-1,0.07666,0.172224,0.130593,0.00005,0.620473
ACTCAAGTGCAAGGCT-1,0.000543,0.000038,0.91789,0.000038,0.08149
ACTCAATAAAGGCACG-1,0.000067,0.000067,0.689725,0.001227,0.308915
ACTCAGACCTGCTTCT-1,0.012225,0.00006,0.803652,0.02937,0.154692
ACTCATGGCAGCCTTC-1,0.037441,0.003304,0.543876,0.00003,0.415349
ACTCCAATATCATCAT-1,0.02734,0.000037,0.818107,0.000037,0.154478
ACTCCCATTCCTAAAG-1,0.01486,0.000043,0.712209,0.000034,0.272854
ACTCCCGAATTCGTTT-1,0.039888,0.000042,0.959816,0.000042,0.000211
ACTCCCGTAGACTAGG-1,0.162851,0.000081,0.836581,0.000081,0.000406
ACTCCCTAATGCTAAA-1,0.000019,0.092343,0.435747,0.002613,0.469277
ACTCCCTAGAATAGTA-1,0.009431,0.000042,0.762812,0.022606,0.20511
ACTCCGGCCGACCACT-1,0.018368,0.000026,0.949099,0.000026,0.032482
ACTCGATGTATTTCAT-1,0.000059,0.000059,0.712311,0.000059,0.287512
ACTCGCCGTTCGATAA-1,0.034408,0.000036,0.965342,0.000036,0.000179
ACTCGCGATCTGACGC-1,0.066249,0.003597,0.902603,0.000037,0.027514
ACTCGTAACCCGTCCT-1,0.034,0.062579,0.076783,0.134486,0.692151
ACTCGTCAGTAATCCC-1,0.317835,0.049514,0.000104,0.59946,0.033087
ACTCTAAACCTGGGAT-1,0.027442,0.142531,0.502723,0.002548,0.324757
ACTCTCTGACTTAGGT-1,0.032452,0.00005,0.78959,0.00005,0.177858
ACTCTCTTATACACGA-1,0.038754,0.043285,0.493438,0.000048,0.424475
ACTCTGACCTAATAGA-1,0.076401,0.000032,0.699513,0.000032,0.22402
ACTCTTCAGCTCCCGC-1,0.573708,0.000532,0.422567,0.000532,0.00266
ACTCTTGTATAGTAAC-1,0.03194,0.042218,0.200442,0.001656,0.723744
ACTGAAACGCCGTTAG-1,0.026488,0.012467,0.525577,0.00002,0.435448
ACTGAATGGCGAAAGT-1,0.000276,0.000032,0.626513,0.000032,0.373148
ACTGATTTAGTGATTC-1,0.021523,0.01592,0.420249,0.00004,0.542268
ACTGCCCGCCATTCTC-1,0.058543,0.022091,0.526475,0.000045,0.392846
ACTGCCGTCGTAACTC-1,0.000036,0.020097,0.600702,0.000036,0.379129
ACTGCGGACACACCGT-1,0.995336,0.000518,0.001037,0.000518,0.002591
ACTGCTCGGAAGGATG-1,0.063704,0.019044,0.744059,0.000063,0.17313
ACTGGCGAACCTGCGT-1,0.03994,0.004157,0.668272,0.000035,0.287596
ACTGGGATGCCAGTGC-1,0.064658,0.036232,0.69063,0.000026,0.208453
ACTGTACGATACACAT-1,0.99366,0.000704,0.001409,0.000704,0.003522
ACTGTAGCACTTTGGA-1,0.000049,0.000049,0.113393,0.009517,0.876992
ACTGTATACGCGAGCA-1,0.093327,0.033467,0.679506,0.000056,0.193644
ACTGTCCAGGATTATA-1,0.000042,0.000042,0.330511,0.000042,0.669363
ACTGTCTTCTTTAGAA-1,0.077528,0.089761,0.177492,0.000038,0.655182
ACTGTGCTAGTAGATC-1,0.058091,0.000097,0.341294,0.000097,0.600421
ACTGTTTAGTGTAGGC-1,0.004927,0.004547,0.400198,0.000029,0.590299
ACTTACCGGGCGCGCA-1,0.000031,0.000031,0.517802,0.003784,0.478352
ACTTACGCATCCACGC-1,0.005709,0.001534,0.403158,0.000126,0.589473
ACTTAGTACGACAAGA-1,0.013447,0.032411,0.428915,0.000038,0.525188
ACTTATACTTACCCGG-1,0.069115,0.000054,0.930505,0.000054,0.000272
ACTTATCTGATCTATA-1,0.042483,0.006003,0.592977,0.008395,0.350141
ACTTATTAGGATCGGT-1,0.163051,0.007196,0.580486,0.00009,0.249177
ACTTATTTATGTGCCA-1,0.205447,0.005179,0.40971,0.000051,0.379613
ACTTCAGGCTGATCCC-1,0.015355,0.010128,0.489629,0.000032,0.484856
ACTTCCAGTGGAAGCT-1,0.000096,0.000594,0.350804,0.000096,0.648409
ACTTCCATGCGGGACA-1,0.000023,0.004127,0.381782,0.000023,0.614045
ACTTCCTGTCGTGCGA-1,0.124296,0.03862,0.546591,0.000047,0.290445
ACTTCGCCATACGCAC-1,0.17844,0.091322,0.478655,0.023625,0.227958
ACTTCGCTAGCGAGTG-1,0.996738,0.000362,0.000725,0.000362,0.001812
ACTTGACTCCCTCTTT-1,0.027382,0.031002,0.168708,0.000035,0.772873
ACTTGCCATATTGTAC-1,0.060839,0.010213,0.378222,0.000044,0.550683
ACTTGCTCTATCTACC-1,0.009574,0.034192,0.831338,0.000056,0.124841
ACTTGGGACCCGGTGG-1,0.043015,0.000074,0.625231,0.000074,0.331606
ACTTGTAGTCCCTTCA-1,0.000059,0.000059,0.462209,0.000059,0.537615
ACTTGTGGATGGAACG-1,0.086274,0.000038,0.670287,0.000038,0.243363
ACTTTACCCTCATGAA-1,0.082637,0.000058,0.721564,0.000058,0.195683
ACTTTCCTATAGCTTC-1,0.265878,0.029411,0.00653,0.000082,0.698099
ACTTTGACTGCATCCT-1,0.000128,0.000128,0.287996,0.000128,0.711621
ACTTTGGTCGTGCTCC-1,0.053506,0.005085,0.610324,0.000039,0.331046
ACTTTGTCGACGCACT-1,0.000024,0.015715,0.428089,0.031198,0.524974
AGAAATTATGACTCGC-1,0.000021,0.000021,0.442204,0.000021,0.557734
AGAACCCAGCGTGACA-1,0.085794,0.000031,0.766967,0.000031,0.147177
AGAACCCTCAATTGGG-1,0.000057,0.000057,0.999548,0.000057,0.000283
AGAACGTGGTACATTC-1,0.254524,0.000093,0.553138,0.000093,0.192151
AGAACTGTACTTTGTA-1,0.004923,0.000271,0.234773,0.000027,0.760005
AGAAGAGCGCCGTTCC-1,0.001177,0.001177,0.849341,0.001177,0.147128
AGAAGGTACACTTCAC-1,0.022915,0.155587,0.794955,0.000053,0.026491
AGAAGGTTGCCGAATT-1,0.00006,0.00006,0.587341,0.00006,0.412478
AGAAGGTTGTAGGTCG-1,0.000022,0.067361,0.228045,0.000022,0.704551
AGAAGTGATTCGTGAT-1,0.070372,0.000059,0.586184,0.000059,0.343326
AGAATAAATCTTCAGG-1,0.000056,0.001413,0.370516,0.000056,0.627959
AGAATGCGGGTTCGGA-1,0.000049,0.000049,0.914585,0.000049,0.085269
AGAATTATGGATTCGA-1,0.254704,0.000141,0.74431,0.000141,0.000704
AGAATTGTTTGACATA-1,0.051722,0.000085,0.781152,0.000085,0.166957
AGACAGCTCAGAATCC-1,0.333882,0.000074,0.516118,0.000074,0.149852
AGACAGGCATCTCAGC-1,0.383485,0.00005,0.099542,0.00005,0.516873
AGACATAGATCCTTCC-1,0.011031,0.000044,0.316339,0.002676,0.66991
AGACCAAACCACACCT-1,0.012596,0.000044,0.777219,0.000044,0.210096
AGACCATGGGATACAA-1,0.113023,0.015593,0.043283,0.000036,0.828065
AGACCCACCGCTGATC-1,0.070591,0.021344,0.420287,0.000038,0.487739
AGACCCGCCCTCCTCG-1,0.068751,0.028533,0.1271,0.003312,0.772303
AGACCGCTCCGCGGTT-1,0.014373,0.000041,0.731452,0.000041,0.254092
AGACCGGGAAACCCTG-1,0.000062,0.000062,0.533992,0.011348,0.454535
AGACGAAGTGCCGGTC-1,0.049209,0.05031,0.235831,0.00083,0.663821
AGACGACGATGCCGCT-1,0.015065,0.001869,0.407418,0.000027,0.57562
AGACGCCCACTTCGCC-1,0.000025,0.02081,0.464414,0.000025,0.514725
AGACGGGATTGGTATA-1,0.000027,0.000046,0.48446,0.000027,0.515439
AGACGGGCCGATTTAA-1,0.000025,0.007734,0.329994,0.000025,0.662222
AGACTAGCCTTCCAGA-1,0.000072,0.000072,0.85846,0.000072,0.141325
AGACTGTTACCGGGTC-1,0.000026,0.013224,0.577448,0.000026,0.409276
AGAGAAACACCAGAAA-1,0.016137,0.967319,0.005823,0.000007,0.010715
AGAGAACCGTCTAGGA-1,0.990997,0.001,0.002001,0.001,0.005002
AGAGAAGGAGTACAAT-1,0.052106,0.006404,0.750098,0.000039,0.191352
AGAGATCTCTAAAGCG-1,0.000045,0.000045,0.436256,0.000823,0.562832
AGAGCAGTTATGAGAC-1,0.00004,0.012538,0.384144,0.00004,0.603237
AGAGCCGCCGAGATTT-1,0.002523,0.084629,0.424219,0.000023,0.488606
AGAGCGCTTGTAACGG-1,0.32966,0.000055,0.529973,0.000055,0.140256
AGAGCGGGCTAATCAT-1,0.000042,0.000042,0.451536,0.000042,0.548339
AGAGCGTACAAGCTCG-1,0.128177,0.005282,0.62365,0.080843,0.162049
AGAGCTACGAAAGCAT-1,0.530033,0.0001,0.317874,0.0001,0.151894
AGAGGCTTCGGAAACC-1,0.025759,0.000025,0.413904,0.000025,0.560286
AGAGGGACAATTGTCC-1,0.042818,0.00005,0.612784,0.00005,0.344298
AGAGGTATCTCGGTCC-1,0.000034,0.002593,0.42875,0.00084,0.567782
AGAGTAAACTTCACTA-1,0.33879,0.000057,0.660375,0.000057,0.000721
AGAGTATAGTGTTACG-1,0.453369,0.000129,0.514929,0.012362,0.019211
