Barcode,Topic 1,Topic 2to3,Topic 4,Topic 5,Topic 6to8
AAACAACGAATAGTTC-1,0.070514,0.003202,0.055044,0.871172,0.000068
AAACAAGTATCTCCCA-1,0.066115,0.259321,0.315597,0.089833,0.269134
AAACAATCTACTAGCA-1,0.803722,0.195595,0.000069,0.000069,0.000545
AAACACCAATAACTGC-1,0.00002,0.041788,0.004292,0.137514,0.816387
AAACAGAGCGACTCCT-1,0.21129,0.496361,0.054301,0.078696,0.159352
AAACAGCTTTCAGAAG-1,0.118036,0.854397,0.000067,0.000067,0.027432
AAACAGGGTCTATATT-1,0.001694,0.693567,0.038125,0.060946,0.205668
AAACAGTGTTCCTGGG-1,0.022193,0.092685,0.060593,0.553037,0.271492
AAACATGGTGAGAGGA-1,0.998944,0.000302,0.000151,0.000151,0.000453
AAACATTTCCCGGATT-1,0.161101,0.100052,0.076299,0.138176,0.524372
AAACCACTACACAGAT-1,0.530191,0.317403,0.023973,0.088633,0.0398
AAACCCGAACGAAATC-1,0.248173,0.374716,0.094198,0.013747,0.269166
AAACCGGAAATGTTAA-1,0.093235,0.323689,0.118787,0.01881,0.445479
AAACCGGGTAGGTACC-1,0.022111,0.186446,0.053193,0.067269,0.670982
AAACCGTTCGTCCAGG-1,0.092624,0.195935,0.104211,0.105088,0.502142
AAACCTAAGCAGCCGG-1,0.166826,0.320564,0.319836,0.060882,0.131892
AAACCTCATGAAGTTG-1,0.053052,0.771629,0.048071,0.004046,0.123202
AAACGAAGAACATACC-1,0.039063,0.494298,0.127341,0.124165,0.215133
AAACGAAGATGGAGTA-1,0.239806,0.657655,0.006613,0.011601,0.084326
AAACGACAGTCTTGCC-1,0.119976,0.089143,0.028468,0.27535,0.487063
AAACGAGACGGTTGAT-1,0.00123,0.021433,0.0965,0.30959,0.571246
AAACGCCCGAGATCGG-1,0.150611,0.507114,0.253972,0.026963,0.06134
AAACGCTGGGCACGAC-1,0.805267,0.14551,0.000031,0.000031,0.04916
AAACGGGCGTACGGGT-1,0.195974,0.189029,0.025619,0.050568,0.538811
AAACGGGTTGGTATCC-1,0.000048,0.445799,0.079711,0.083229,0.391213
AAACGGTTGCGAACTG-1,0.100036,0.163844,0.207157,0.047632,0.481331
AAACGTGTTCGCCCTA-1,0.00702,0.679751,0.257058,0.000077,0.056094
AAACTAACGTGGCGAC-1,0.055942,0.620797,0.138627,0.024474,0.160159
AAACTCGGTTCGCAAT-1,0.033505,0.199943,0.024263,0.100209,0.642081
AAACTCGTGATATAAG-1,0.013725,0.575381,0.293386,0.009956,0.107552
AAACTGCTGGCTCCAA-1,0.170116,0.319291,0.232521,0.03244,0.245632
AAACTTAATTGCACGC-1,0.327998,0.341024,0.006671,0.02451,0.299798
AAACTTGCAAACGTAT-1,0.25423,0.679768,0.013536,0.000054,0.052413
AAAGAATGACCTTAGA-1,0.406939,0.500371,0.004246,0.017873,0.070571
AAAGAATGTGGACTAA-1,0.010381,0.171602,0.026006,0.091278,0.700732
AAAGACATGAAGTTTA-1,0.045202,0.407392,0.125057,0.171293,0.251056
AAAGACCCAAGTCGCG-1,0.000068,0.506931,0.128482,0.086065,0.278454
AAAGACTGGGCGCTTT-1,0.00056,0.9657,0.000099,0.033343,0.000297
AAAGCTTGCCTACATA-1,0.011767,0.158051,0.19212,0.05073,0.587332
AAAGGCCCTATAATAC-1,0.547119,0.450359,0.000264,0.000042,0.002216
AAAGGCTACGGACCAT-1,0.045211,0.582599,0.098512,0.057876,0.215802
AAAGGCTCTCGCGCCG-1,0.261913,0.522164,0.074447,0.034852,0.106625
AAAGGGATGTAGCAAG-1,0.019139,0.116836,0.366119,0.155027,0.342878
AAAGGGCAGCTTGAAT-1,0.057582,0.802625,0.02386,0.029454,0.086479
AAAGGTAAGCTGTACC-1,0.041485,0.704982,0.081194,0.055563,0.116776
AAAGGTCAACGACATG-1,0.059123,0.203459,0.182983,0.233965,0.32047
AAAGTAGCATTGCTCA-1,0.036558,0.160257,0.246534,0.119253,0.437397
AAAGTCACTGATGTAA-1,0.012192,0.450647,0.069739,0.053802,0.41362
AAAGTCGACCCTCAGT-1,0.000048,0.877398,0.004597,0.038255,0.079702
AAAGTGCCATCAATTA-1,0.050429,0.303682,0.022281,0.053593,0.570015
AAAGTGTGATTTATCT-1,0.179228,0.009758,0.084804,0.663116,0.063095
AAAGTTGACTCCCGTA-1,0.000335,0.00101,0.033477,0.355254,0.609924
AAATAACCATACGGGA-1,0.209664,0.220007,0.03479,0.113927,0.421612
AAATAAGGTAGTGCCC-1,0.078918,0.535622,0.108481,0.05541,0.221569
AAATACCTATAAGCAT-1,0.077322,0.194775,0.040129,0.671274,0.0165
AAATAGCTTAGACTTT-1,0.078994,0.182651,0.157756,0.097162,0.483436
AAATAGGGTGCTATTG-1,0.006975,0.077193,0.043894,0.104214,0.767723
AAATCACTCCTAAACG-1,0.054602,0.729463,0.163781,0.00011,0.052044
AAATCCGATACACGCC-1,0.057215,0.250026,0.324124,0.018372,0.350263
AAATCGCGGAAGGAGT-1,0.335733,0.417818,0.030881,0.037154,0.178414
AAATCGTGTACCACAA-1,0.043481,0.263633,0.156947,0.032393,0.503546
AAATCTAGCCCTGCTA-1,0.391761,0.420787,0.013881,0.000039,0.173532
AAATCTGCCCGCGTCC-1,0.123097,0.653449,0.029818,0.021586,0.17205
AAATGACTGATCAAAC-1,0.120195,0.230963,0.015504,0.593548,0.03979
AAATGATTCGATCAGC-1,0.015831,0.440926,0.142621,0.141459,0.259164
AAATGCTCGTTACGTT-1,0.061865,0.827972,0.082913,0.000103,0.027147
AAATGGCATGTCTTGT-1,0.076245,0.52715,0.12703,0.123936,0.145639
AAATGGCCCGTGCCCT-1,0.000222,0.319159,0.013411,0.094795,0.572412
AAATGGTCAATGTGCC-1,0.148647,0.379015,0.161303,0.09057,0.220465
AAATGTATCTTATCCC-1,0.386757,0.188819,0.363276,0.056824,0.004324
AAATGTGGGTGCTCCT-1,0.049006,0.641721,0.01331,0.06847,0.227493
AAATTAACGGGTAGCT-1,0.568856,0.007489,0.112488,0.022664,0.288503
AAATTAATAAGCGCGA-1,0.097394,0.329081,0.156253,0.213886,0.203387
AAATTACACGACTCTG-1,0.041219,0.358243,0.081,0.116874,0.402664
AAATTACCTATCGATG-1,0.177076,0.237275,0.04505,0.274342,0.266257
AAATTCCAGGTCCAAA-1,0.048662,0.18601,0.061159,0.122273,0.581895
AAATTGATAGTCCTTT-1,0.021019,0.004937,0.006516,0.310177,0.657351
AAATTGCGGCGGTTCT-1,0.003105,0.772192,0.016822,0.141898,0.065982
AAATTGGTGAGAAGCA-1,0.006098,0.620435,0.053863,0.143202,0.176401
AAATTTACCGAAATCC-1,0.132471,0.498085,0.200722,0.017608,0.151114
AAATTTGCGGGTGTGG-1,0.090086,0.061847,0.039046,0.111435,0.697586
AACAACTGGTAGTTGC-1,0.042427,0.22002,0.288062,0.409177,0.040314
AACAATACATTGTCGA-1,0.015997,0.305214,0.014615,0.114931,0.549242
AACAATTACTCTACGC-1,0.312967,0.585111,0.038658,0.016098,0.047166
AACACACGCTCGCCGC-1,0.14406,0.329405,0.061733,0.15864,0.306163
AACACGACTGTACTGA-1,0.067745,0.512194,0.152571,0.018142,0.249348
AACACGAGACGCGGCC-1,0.005624,0.732899,0.039938,0.020253,0.201285
AACACGCGGCCGCGAA-1,0.013096,0.859785,0.028617,0.000097,0.098404
AACAGCTGTGTGGCAA-1,0.148687,0.402969,0.033371,0.052478,0.362496
AACAGGAAATCGAATA-1,0.20209,0.282692,0.07692,0.405068,0.033231
AACAGGATGGGCCGCG-1,0.000676,0.631021,0.205101,0.025947,0.137255
AACAGGTAGTATGGAT-1,0.125457,0.351844,0.168434,0.00991,0.344355
AACATAGCGTGTATCG-1,0.048136,0.05338,0.043131,0.096779,0.758574
AACATATCAACTGGTG-1,0.006689,0.264893,0.097801,0.130876,0.499741
AACATCGATACGTCTA-1,0.001031,0.492419,0.051815,0.168834,0.2859
AACATTGAAGTTGATC-1,0.182677,0.554266,0.16327,0.007047,0.092739
AACATTGGTCAGCCGT-1,0.194233,0.647728,0.013437,0.144334,0.000269
AACATTGTGACTCGAG-1,0.046496,0.254395,0.070298,0.085869,0.542943
AACCAAGACTTCTCTG-1,0.095332,0.240778,0.011501,0.197381,0.455007
AACCAGTATCACTCTT-1,0.016437,0.258861,0.436635,0.052734,0.235333
AACCATAGGGTTGAAC-1,0.17653,0.410706,0.011776,0.082522,0.318466
AACCATGGGATCGCTA-1,0.061665,0.811635,0.004114,0.009194,0.113392
AACCCAGAGACGGAGA-1,0.028673,0.543582,0.208559,0.035503,0.183682
AACCCATCCCATGATC-1,0.00463,0.647396,0.045776,0.143129,0.159069
AACCCGACAACCCGTG-1,0.014306,0.538499,0.082267,0.004035,0.360894
AACCCGAGCAGAATCG-1,0.139278,0.298507,0.023723,0.042898,0.495593
AACCCGATAGGGCTTC-1,0.047481,0.34889,0.544737,0.050489,0.008402
AACCCGCTGTATTCCA-1,0.224082,0.04623,0.025052,0.086176,0.61846
AACCCTACTGTCAATA-1,0.189192,0.28791,0.109243,0.071188,0.342466
AACCCTGGTGGAACCA-1,0.016176,0.367537,0.186319,0.047755,0.382213
AACCGAGCTTGGTCAT-1,0.078173,0.320228,0.113429,0.117373,0.370797
AACCGCTAAGGGATGC-1,0.135487,0.000163,0.003349,0.128731,0.73227
AACCGTTGTGTTTGCT-1,0.103585,0.337319,0.078906,0.136569,0.343621
AACCTAAAGCCGTCCG-1,0.086282,0.572225,0.19111,0.047354,0.103029
AACCTCGCTTTAGCCC-1,0.089732,0.168554,0.04772,0.072531,0.621463
AACCTGTCACGGAATT-1,0.087433,0.447577,0.103732,0.126909,0.23435
AACCTTTAAATACGGT-1,0.901595,0.094163,0.000044,0.000044,0.004153
AACCTTTACGACGTCT-1,0.045008,0.585669,0.30018,0.00722,0.061923
AACGAAAGTCGTCCCA-1,0.01091,0.615865,0.013618,0.214211,0.145396
AACGACCTCCTAGCCG-1,0.110311,0.032164,0.014811,0.075431,0.767283
AACGATAATGCCGTAG-1,0.095317,0.485029,0.17406,0.065521,0.180072
AACGATAGAAGGGCCG-1,0.032019,0.25383,0.071723,0.20637,0.436058
AACGATATGTCAACTG-1,0.653964,0.172676,0.111609,0.009079,0.052672
AACGCATGATCTGGGT-1,0.040278,0.459507,0.155468,0.019176,0.325571
AACGCGAACGGCAACA-1,0.008376,0.807603,0.151023,0.002111,0.030887
AACGCGACCTTGGGCG-1,0.062738,0.239579,0.100196,0.171594,0.425892
AACGCGGTCTCCAGCC-1,0.00506,0.067391,0.189816,0.225244,0.512489
AACGCTGTTGCTGAAA-1,0.115473,0.000041,0.015959,0.622102,0.246425
AACGGACGTACGTATA-1,0.103853,0.343517,0.113896,0.132032,0.306703
AACGGCCATCTCCGGT-1,0.011366,0.31682,0.131972,0.328027,0.211815
AACGTACTGTGGGTAC-1,0.06848,0.249175,0.214887,0.136555,0.330903
AACGTAGTCTACCCAT-1,0.022325,0.812655,0.114077,0.004562,0.046382
AACGTCAGACTAGTGG-1,0.000063,0.46559,0.0877,0.148797,0.29785
AACGTCATCCGGCTTG-1,0.08666,0.627268,0.004603,0.005526,0.275942
AACGTCGCTGCACTTC-1,0.12435,0.590034,0.026127,0.019739,0.23975
AACGTGATGAAGGACA-1,0.003782,0.461081,0.076743,0.133393,0.325
AACGTGCGAAAGTCTC-1,0.082358,0.16121,0.362833,0.03158,0.362018
AACGTTATCAGCACCT-1,0.119636,0.511108,0.105084,0.088133,0.176039
AACGTTCTACCATTGT-1,0.325151,0.42861,0.041297,0.029351,0.175591
AACTACCCGTTTGTCA-1,0.048628,0.498661,0.014617,0.06602,0.372075
AACTAGCGTATCGCAC-1,0.059312,0.39157,0.112974,0.097458,0.338686
AACTAGGCTTGGGTGT-1,0.003887,0.377386,0.083263,0.125562,0.409901
AACTCAAGTTAATTGC-1,0.135353,0.139719,0.071207,0.107605,0.546116
AACTCCAGAGCGTGTT-1,0.058644,0.204814,0.278937,0.035778,0.421827
AACTCCTAATCCCATG-1,0.061812,0.544566,0.057946,0.073292,0.262383
AACTCGATAAACACGT-1,0.257588,0.736314,0.003885,0.001702,0.00051
AACTCGATGGCGCAGT-1,0.035389,0.742522,0.021306,0.013544,0.187239
AACTCTCAATAGAGCG-1,0.599416,0.000075,0.000043,0.399907,0.000559
AACTCTCAGTGTGCTC-1,0.056614,0.043239,0.046451,0.308767,0.544928
AACTGAGGTCAGCGTC-1,0.003945,0.432892,0.041743,0.064225,0.457195
AACTGAGTTATACTGA-1,0.557407,0.06935,0.065888,0.017374,0.289982
AACTGATATTAGGCCT-1,0.667544,0.000059,0.008099,0.115066,0.209232
AACTGGGTCCCGACGT-1,0.095743,0.472041,0.06482,0.205714,0.161681
AACTGGGTTCGAGCCG-1,0.040019,0.410616,0.022225,0.152967,0.374173
AACTGGTGTGGGCCTT-1,0.11936,0.755894,0.045812,0.000121,0.078813
AACTTCTGCGTCTATC-1,0.00008,0.508159,0.028842,0.126253,0.336666
AACTTGCCCGTATGCA-1,0.02587,0.417126,0.262765,0.132271,0.161968
AACTTGCGTTCTCGCG-1,0.000113,0.572357,0.03599,0.222656,0.168884
AACTTTACGGGAGCTT-1,0.354597,0.645022,0.000076,0.000076,0.000229
AACTTTAGCTGCTGAG-1,0.000734,0.635914,0.011497,0.201102,0.150753
AACTTTCTCGATCATG-1,0.384967,0.204327,0.046126,0.055741,0.308839
AAGAAAGTTTGATGGG-1,0.04794,0.823587,0.066219,0.02099,0.041263
AAGAAATCACCAGATT-1,0.071519,0.329642,0.158643,0.067753,0.372442
AAGAAGGATCAGTTAG-1,0.030027,0.782117,0.027693,0.02562,0.134543
AAGACATACGTGGTTT-1,0.03199,0.284323,0.017931,0.058333,0.607423
AAGACCAAATAACTCA-1,0.322414,0.474458,0.006362,0.025315,0.17145
AAGACCCAACTGAACA-1,0.24869,0.235114,0.032506,0.042688,0.441002
AAGACTAACCCGTTGT-1,0.006358,0.580362,0.082647,0.165144,0.165489
AAGACTCACGCCCACT-1,0.098967,0.577943,0.201462,0.03134,0.090289
AAGACTGCAAGCTACT-1,0.032692,0.118324,0.100487,0.088453,0.660043
AAGAGATGAATCGGTA-1,0.002727,0.589653,0.032345,0.247911,0.127364
AAGAGCTCTTTATCGG-1,0.000038,0.000077,0.047704,0.193623,0.758558
AAGAGGATGTACGCGA-1,0.000516,0.204348,0.032504,0.167021,0.595611
AAGAGGCATGGATCGC-1,0.045533,0.470434,0.072128,0.035514,0.376391
AAGAGGCCCTTTGGAA-1,0.149313,0.525346,0.050911,0.031254,0.243176
AAGATGGCACCGGACC-1,0.06666,0.298854,0.083735,0.059877,0.490874
AAGATTGGCGGAACGT-1,0.054124,0.13273,0.030698,0.109553,0.672895
AAGCACCCTGCGTATC-1,0.061375,0.30804,0.265298,0.006906,0.358381
AAGCATACTCTCCTGA-1,0.424232,0.040976,0.018897,0.073557,0.442338
AAGCCACTTGCAGGTA-1,0.445614,0.022275,0.017668,0.021716,0.492727
AAGCCGAAGCGGTTTA-1,0.061314,0.253765,0.057945,0.097253,0.529724
AAGCCGCCGTGAAATC-1,0.280485,0.52582,0.015323,0.009917,0.168455
AAGCCGCTTTACCTTG-1,0.000127,0.02142,0.022646,0.370008,0.585799
AAGCCGGAGAGCAGGA-1,0.062733,0.327489,0.050788,0.039816,0.519174
AAGCGCAGGGCTTTGA-1,0.123734,0.53386,0.211933,0.013808,0.116666
AAGCGGAGTGCGCGCA-1,0.065168,0.534382,0.164379,0.100835,0.135236
AAGCGGCGTCATGGGT-1,0.18703,0.757309,0.045808,0.000078,0.009776
AAGCGTCCCTCATCGA-1,0.158345,0.148745,0.036609,0.364629,0.291672
AAGCTAGATCGAGTAA-1,0.126539,0.119095,0.083759,0.087276,0.583331
AAGCTATGGATTGACC-1,0.000049,0.913868,0.002963,0.029199,0.053921
AAGCTCGTGCCAAGTC-1,0.187749,0.017577,0.022735,0.256243,0.515695
AAGCTCTTTCATGGTG-1,0.258713,0.384983,0.099536,0.032168,0.2246
AAGGAGAACTTATAAG-1,0.000109,0.591042,0.191113,0.017384,0.200353
AAGGAGCGGTTGGTGC-1,0.000086,0.678352,0.173291,0.022766,0.125506
AAGGATCGATCGCTTG-1,0.162243,0.18323,0.252498,0.046789,0.35524
AAGGATGAGGGACCTC-1,0.561064,0.236627,0.112103,0.001271,0.088934
AAGGCAGGCTGTCTCC-1,0.249411,0.243827,0.326573,0.015167,0.165022
AAGGCGCGTAAAGCTT-1,0.000038,0.269873,0.080993,0.287009,0.362088
AAGGCTGTGCTCATCG-1,0.004936,0.193517,0.119244,0.258687,0.423615
AAGGGAACGACTGGCT-1,0.032419,0.036604,0.033207,0.148676,0.749094
AAGGGACAGATTCTGT-1,0.104654,0.590959,0.125107,0.011027,0.168252
AAGGGACTATGCATTC-1,0.016536,0.244162,0.092392,0.097303,0.549607
AAGGGTTAGCCATGCG-1,0.18064,0.438565,0.047747,0.046415,0.286633
AAGGGTTTGATTTCAG-1,0.394382,0.591328,0.008187,0.005838,0.000266
AAGGTATCCTAATATA-1,0.826294,0.123111,0.0162,0.000234,0.034161
AAGGTGATAAACCAGC-1,0.312808,0.277233,0.056589,0.04657,0.3068
AAGTAAGCTTCCAAAC-1,0.054657,0.833642,0.092925,0.000053,0.018722
AAGTAGAAGACCGGGT-1,0.011086,0.292018,0.13379,0.073189,0.489917
AAGTAGTGACGCGAGG-1,0.000063,0.427412,0.082056,0.06359,0.426879
AAGTCAATTGTCGTCA-1,0.080395,0.28549,0.120143,0.183072,0.3309
AAGTCTAGTAGCTGCC-1,0.044445,0.042224,0.122197,0.263458,0.527676
AAGTCTTCTGTGGCCT-1,0.622934,0.376323,0.000149,0.000149,0.000446
AAGTGACGACCGAATT-1,0.000059,0.346354,0.05367,0.101263,0.498654
AAGTGAGTCGGGTTTA-1,0.180232,0.506608,0.029523,0.108193,0.175443
AAGTGCAAAGGTAGAC-1,0.321575,0.362241,0.068549,0.238073,0.009562
AAGTGCCTTGACTGTA-1,0.066259,0.421697,0.088457,0.149611,0.273976
AAGTGCGTTAGAATCT-1,0.037575,0.239064,0.106397,0.443193,0.173771
AAGTGCTTCTCTATTG-1,0.110437,0.493281,0.078941,0.073493,0.243848
AAGTGTTTGGAGACGG-1,0.083064,0.51209,0.063859,0.085059,0.255928
AAGTTCACTCCAAGCT-1,0.076309,0.354323,0.089009,0.061017,0.419341
AAGTTCAGTCTGCGTA-1,0.14474,0.460858,0.079322,0.124285,0.190795
AAGTTCGGCCAACAGG-1,0.052481,0.367036,0.16996,0.098425,0.312098
AAGTTGTGATGTTATA-1,0.478315,0.173603,0.029935,0.02628,0.291868
AAGTTTACTAATGGCA-1,0.112507,0.348736,0.0082,0.085372,0.445186
AAGTTTATGGGCCCAA-1,0.0982,0.181471,0.254955,0.096676,0.368697
AATAACAACGCTCGGC-1,0.025275,0.844809,0.054519,0.005218,0.07018
AATAACACTAGAACAA-1,0.045224,0.507376,0.098269,0.203666,0.145465
AATAACGTCGCGCCCA-1,0.011861,0.341208,0.015418,0.065036,0.566476
AATAAGTCCTCGAGAC-1,0.007921,0.302599,0.129417,0.094842,0.46522
AATAATCTTCGTATCG-1,0.207373,0.348223,0.093711,0.023496,0.327198
AATACAATGTTTCAGG-1,0.000118,0.956821,0.000118,0.000118,0.042824
AATACCGGAGGGCTGT-1,0.129015,0.174535,0.047541,0.160408,0.488502
AATACCTGATGTGAAC-1,0.089781,0.405499,0.162984,0.079422,0.262313
AATAGAACAGAGTGGC-1,0.103151,0.550476,0.053433,0.096429,0.19651
AATAGAATCTGTTTCA-1,0.031705,0.019241,0.021847,0.315878,0.611329
AATAGCAAGCCTCCTG-1,0.010271,0.351506,0.103201,0.207865,0.327158
AATAGCTACCGCGTGC-1,0.018734,0.094084,0.345475,0.124213,0.417494
AATAGGCACGACCCTT-1,0.78413,0.150064,0.010252,0.000034,0.05552
AATAGTCCGTCCCGAC-1,0.184097,0.418465,0.081421,0.073177,0.24284
AATAGTCGCGAGTCGG-1,0.112251,0.789539,0.098058,0.000038,0.000114
AATATCAAGGTCGGAT-1,0.000108,0.601305,0.004297,0.11771,0.27658
AATATCCTAGCAAACT-1,0.211081,0.692185,0.021388,0.044304,0.031042
AATATCGAATCAATGC-1,0.16917,0.243123,0.073878,0.404506,0.109324
AATATCGAGGGTTCTC-1,0.092075,0.383059,0.285815,0.001003,0.238048
AATATTGGAGTATTGA-1,0.000104,0.534267,0.001466,0.039025,0.425138
AATCAGACTGCAGGAC-1,0.03198,0.774111,0.127766,0.011611,0.054533
AATCAGGTTTCATTTA-1,0.013064,0.583435,0.025902,0.05664,0.320958
AATCATGTAAAGACTC-1,0.107034,0.315185,0.094927,0.248005,0.23485
AATCCAAGGGCCTGAG-1,0.017986,0.7309,0.054312,0.057276,0.139526
AATCCATGCAAGGGTG-1,0.000078,0.634932,0.024126,0.168023,0.172841
AATCCCGCTCAGAGCC-1,0.021751,0.194861,0.020964,0.138745,0.623679
AATCGAGGTCTCAAGG-1,0.313048,0.499202,0.019497,0.005144,0.163109
AATCGCCTCAGCGCCA-1,0.003134,0.188706,0.159423,0.163274,0.485463
AATCGCGCAGAGGACT-1,0.115571,0.204631,0.054827,0.110596,0.514374
AATCGGGACACTACGA-1,0.000131,0.630399,0.058328,0.125847,0.185295
AATCGGTATAGCCCTC-1,0.046832,0.4708,0.026548,0.031945,0.423875
AATCGTGAGCCGAGCA-1,0.121943,0.090113,0.180619,0.084564,0.52276
AATCTAGGTTTACTTG-1,0.000063,0.768941,0.02155,0.049181,0.160265
AATCTATGCCGGAGCC-1,0.011123,0.182354,0.101853,0.228256,0.476414
AATCTCTACTGTGGTT-1,0.000103,0.97349,0.000103,0.000103,0.0262
AATCTGCGTTGGGACG-1,0.036373,0.280144,0.182003,0.063208,0.438272
AATCTGGCTTTCTAGT-1,0.000045,0.298015,0.022104,0.137714,0.542122
AATCTGGGTAGACCCT-1,0.144446,0.617446,0.066685,0.064631,0.106793
AATGACAGCAATGTCT-1,0.00003,0.179514,0.026874,0.165394,0.628189
AATGACGTAGGATGTC-1,0.756039,0.049227,0.00677,0.039849,0.148114
AATGACTGTCAGCCGG-1,0.008676,0.556388,0.110687,0.106447,0.217802
AATGAGTTCGCATATG-1,0.012492,0.770659,0.0081,0.02948,0.179268
AATGATGATACGCTAT-1,0.205619,0.365152,0.206531,0.19773,0.024967
AATGATGCGACTCCTG-1,0.000037,0.099911,0.067132,0.134461,0.698459
AATGCAACCGGGTACC-1,0.105751,0.202101,0.271246,0.18776,0.233142
AATGCACCAAGCAATG-1,0.306701,0.546284,0.126881,0.000047,0.020088
AATGGCCGCCAATGCG-1,0.115821,0.607809,0.217955,0.003593,0.054822
AATGGTCCACCGTTCA-1,0.007863,0.927201,0.006294,0.027243,0.0314
AATGGTTCTCACAAGC-1,0.02217,0.566218,0.21057,0.08917,0.111873
AATGTATGGCACTGTA-1,0.202535,0.395521,0.011516,0.083181,0.307247
AATGTGCCCGAGGTGT-1,0.095169,0.249731,0.020195,0.063385,0.57152
AATGTGCTAATCTGAG-1,0.014024,0.851489,0.019739,0.009172,0.105575
AATGTTAAGACCCTGA-1,0.046438,0.423609,0.055681,0.080501,0.393771
AATGTTGTCGTGAGAC-1,0.854855,0.092428,0.000298,0.000029,0.05239
AATTAAAGGTCGGCGT-1,0.123532,0.195078,0.23385,0.173424,0.274115
AATTAACGGATTTCCA-1,0.08235,0.656434,0.04607,0.089045,0.126101
AATTACGAGACCCATC-1,0.260348,0.566832,0.009518,0.020738,0.142564
AATTACTCGTACGCTC-1,0.942123,0.045276,0.012028,0.000143,0.00043
AATTAGCGCTGCAGCG-1,0.323102,0.041367,0.042698,0.411714,0.18112
AATTATACCCAGCAAG-1,0.320952,0.342763,0.029403,0.012496,0.294386
AATTCATAAGGGATCT-1,0.364071,0.278308,0.072982,0.136631,0.148007
AATTCATTGTCATGCA-1,0.424718,0.279689,0.000041,0.020489,0.275062
AATTCCAACTTGGTGA-1,0.306383,0.463372,0.006832,0.20652,0.016893
AATTCCAAGCATGTAC-1,0.044969,0.070662,0.016788,0.259196,0.608384
AATTCGATTCGAGGAT-1,0.119482,0.165849,0.065686,0.124991,0.523991
AATTCTAGAGTTAGGC-1,0.810427,0.060977,0.01169,0.004147,0.112758
AATTGAACGCTCTGGT-1,0.053767,0.000052,0.029149,0.196701,0.72033
AATTGCAGCAATCGAC-1,0.212795,0.156596,0.026452,0.064918,0.53924
AATTGCGTGGATTACA-1,0.225287,0.385347,0.002904,0.124339,0.262123
AATTGTGGTTGCCAAA-1,0.290268,0.045228,0.02784,0.056782,0.579882
AATTTGGGACATAGTA-1,0.12674,0.373423,0.151431,0.064676,0.283731
AATTTGGTTCCAAAGA-1,0.361376,0.255817,0.009979,0.023798,0.349029
ACAAACCATGCGTCCT-1,0.752611,0.134055,0.000079,0.000079,0.113176
ACAAACCGACAAGGCG-1,0.253468,0.375893,0.170385,0.007919,0.192335
ACAAACTCCATCAGAG-1,0.074589,0.016047,0.031198,0.551258,0.326908
ACAAAGAAGGTAGGCC-1,0.161237,0.70291,0.050915,0.084741,0.000197
ACAAAGCATGACCTAG-1,0.033268,0.145428,0.133328,0.27161,0.416365
ACAAATCGCACCGAAT-1,0.077464,0.115,0.031185,0.106457,0.669894
ACAAATGGTAGTGTTT-1,0.299582,0.113274,0.138097,0.068638,0.380409
ACAAATTCAGATCTGA-1,0.406955,0.302222,0.071051,0.084462,0.135311
ACAACAGCATGAGCTA-1,0.034108,0.090205,0.212622,0.058988,0.604077
ACAACGGTCCCTGCGA-1,0.213204,0.508909,0.133068,0.000076,0.144743
ACAAGCAGTGCCTAGC-1,0.000026,0.120921,0.026601,0.383766,0.468685
ACAAGCTATATGGAAG-1,0.340443,0.000067,0.059586,0.596849,0.003055
ACAAGGAAATCCGCCC-1,0.166197,0.277421,0.196041,0.193796,0.166544
ACAAGGACAAGAGGTT-1,0.016317,0.573055,0.232179,0.055537,0.122913
ACAAGGATGCTTTAGG-1,0.001474,0.098002,0.157563,0.230493,0.512469
ACAAGGCCTACCAGCC-1,0.261324,0.500798,0.057628,0.053076,0.127174
ACAAGGGCAGGCTCTG-1,0.315235,0.090939,0.028324,0.115,0.450501
ACAAGTAATTGTAAGG-1,0.370578,0.616539,0.003219,0.000054,0.009609
ACAATAGTCGTACGTT-1,0.240893,0.022589,0.004091,0.14329,0.589136
ACAATCCATTTAAACC-1,0.021589,0.933041,0.003404,0.009389,0.032577
ACAATCGATCTTTATA-1,0.000102,0.688769,0.08775,0.139914,0.083465
ACAATGAATACGGAGA-1,0.100801,0.491493,0.075916,0.083707,0.248082
ACAATGATTCTTCTAC-1,0.067667,0.393821,0.283225,0.00485,0.250438
ACAATTGTGTCTCTTT-1,0.145068,0.442984,0.031175,0.089488,0.291284
ACAATTTAGGAGGCTC-1,0.002682,0.996933,0.000077,0.000077,0.000231
ACAATTTGAGCAGTGG-1,0.009963,0.307127,0.550098,0.000066,0.132747
ACAATTTGGCCATATT-1,0.020505,0.228385,0.187624,0.04932,0.514166
ACACAAAGACGGGTGG-1,0.024194,0.26709,0.100507,0.315492,0.292717
ACACAAATATTCCTAG-1,0.258675,0.549458,0.048124,0.069142,0.074602
ACACACCAGGACCAGT-1,0.088657,0.041288,0.137486,0.06924,0.663329
ACACACTTTCTACACG-1,0.000037,0.02796,0.033883,0.245659,0.692461
ACACATGATCAAATCT-1,0.000019,0.03153,0.016355,0.230835,0.72126
ACACATTGACGCAACA-1,0.998057,0.000555,0.000278,0.000278,0.000833
ACACATTTCCGTAGAC-1,0.434508,0.037735,0.065277,0.385786,0.076693
ACACCACATAATTAGC-1,0.047853,0.554207,0.132677,0.074099,0.191164
ACACCCAGCATGCAGC-1,0.133678,0.629362,0.106322,0.059454,0.071185
ACACCCGAGAAATCCG-1,0.000034,0.226319,0.029902,0.158513,0.585233
ACACCCGTAAATCTGT-1,0.058603,0.269327,0.214516,0.075852,0.381702
ACACCGAGCGCTCTTT-1,0.867919,0.0945,0.006986,0.030185,0.000409
ACACCGGTCTGACCGC-1,0.689385,0.095414,0.001864,0.030482,0.182855
ACACCTTAAGTAGGGC-1,0.006622,0.53228,0.20437,0.066692,0.190037
ACACCTTACTACTTGC-1,0.15659,0.033221,0.033097,0.142011,0.635082
ACACGAGACTCCTTCT-1,0.060388,0.275509,0.073401,0.145461,0.445241
ACACGGCACTATGCAT-1,0.141635,0.419305,0.109852,0.093628,0.235579
ACACGGGAACTTAGGG-1,0.091225,0.236715,0.288656,0.100375,0.283029
ACACGTAGGCCACAAG-1,0.067831,0.476252,0.085651,0.069614,0.300652
ACACTCCAATGTCACT-1,0.006933,0.645784,0.093497,0.144455,0.109331
ACACTGATCAAGGTGT-1,0.152168,0.334345,0.071696,0.124938,0.316852
ACACTGGGACAGTCGT-1,0.028197,0.151741,0.134772,0.078717,0.606573
ACAGAACTGAGAACAA-1,0.000015,0.028889,0.041523,0.142478,0.787095
ACAGATTAGGTTAGTG-1,0.000137,0.695909,0.046508,0.056867,0.200579
ACAGCATAGAGCCAGT-1,0.000123,0.865756,0.000123,0.000123,0.133875
ACAGCGACATTCTCAT-1,0.05568,0.107161,0.130086,0.038083,0.66899
ACAGCGCACCCGCAGC-1,0.234095,0.279058,0.283344,0.052045,0.151458
ACAGGAGGCGCAGCCG-1,0.362985,0.067756,0.397581,0.171602,0.000077
ACAGGCACGGATCCTT-1,0.041315,0.302122,0.038026,0.078823,0.539714
ACAGGCTTGCCCGACT-1,0.039304,0.150314,0.058453,0.430958,0.32097
ACAGGTGGAGGTGAGG-1,0.087294,0.507104,0.202688,0.014888,0.188026
ACAGGTGTGTTGTTGC-1,0.503838,0.000082,0.178332,0.317626,0.000123
ACAGTAATACAACTTG-1,0.047459,0.375488,0.079917,0.462154,0.034983
ACAGTATACCGTGGGA-1,0.000069,0.777744,0.041694,0.029254,0.151238
ACAGTGCAGCGCATTT-1,0.391034,0.114484,0.173708,0.129244,0.19153
ACATAAGTCGTGGTGA-1,0.081156,0.249781,0.02237,0.090289,0.556404
ACATAATAAGGCGGTG-1,0.010116,0.093849,0.138809,0.303928,0.453298
ACATACAATCAAGCGG-1,0.082017,0.407367,0.016223,0.048812,0.445581
ACATCAGCTGGGACGC-1,0.009962,0.986398,0.001981,0.001479,0.000181
ACATCCCGGCCATACG-1,0.009237,0.054105,0.084813,0.19872,0.653125
ACATCCTGGTAACTGT-1,0.125627,0.290131,0.092247,0.042272,0.449723
ACATCGATCGTTTACC-1,0.000042,0.000083,0.006988,0.374021,0.618866
ACATCGCAATATTCGG-1,0.957053,0.042614,0.000067,0.000067,0.0002
ACATCGGTCAGCCGCG-1,0.00003,0.098987,0.038204,0.327899,0.53488
ACATCGTATGCAATGG-1,0.24665,0.348228,0.108238,0.010755,0.286129
ACATCGTTAACCTAGT-1,0.714903,0.21019,0.057272,0.00006,0.017576
ACATCTCAACGCGTAA-1,0.011056,0.505906,0.119161,0.011496,0.352381
ACATGCTTACGGCAGC-1,0.226651,0.772937,0.000082,0.000082,0.000247
ACATGGCGCCAAAGTA-1,0.027962,0.145413,0.1088,0.044557,0.673268
ACATGGCTCAATTTAG-1,0.068854,0.588606,0.005707,0.113822,0.22301
ACATTAGTTTATATCC-1,0.077456,0.276477,0.028971,0.062499,0.554597
ACATTCGCGCGGAATA-1,0.833134,0.148632,0.017956,0.000069,0.000208
ACATTTGAAACCTAAC-1,0.111927,0.088769,0.086615,0.178195,0.534494
ACCAAACACCCAGCGA-1,0.033414,0.179673,0.253716,0.095931,0.437266
ACCAAACTAGAAATCC-1,0.060747,0.414892,0.048137,0.200209,0.276015
ACCAACACCACACACT-1,0.001162,0.4681,0.104772,0.141454,0.284512
ACCAACCGCACTCCAC-1,0.278354,0.537526,0.023715,0.021611,0.138794
ACCAACGCTTATTTAT-1,0.081747,0.18836,0.239992,0.054507,0.435394
ACCAAGAACGCGTGTC-1,0.003071,0.156785,0.043663,0.18204,0.614441
ACCAAGTCATCGGCAG-1,0.121868,0.502383,0.024959,0.028236,0.322554
ACCAATATGCAAGTTA-1,0.009172,0.087092,0.025456,0.117521,0.760759
ACCACAACTCAGAACA-1,0.147211,0.752223,0.017947,0.030855,0.051764
ACCACAAGTTTCTATC-1,0.024553,0.426395,0.331685,0.025021,0.192347
ACCACACGGTTGATGG-1,0.167292,0.05852,0.036556,0.071131,0.666501
ACCACCAATGTAACAA-1,0.07167,0.164604,0.05149,0.10459,0.607647
ACCACCCTCTCTTCTA-1,0.088293,0.509177,0.043272,0.015586,0.343672
ACCACGTGCAGCTATA-1,0.104626,0.297133,0.221987,0.086515,0.289738
ACCACTGTTCAAGAAG-1,0.414997,0.066816,0.218453,0.299196,0.000538
ACCAGACCATAACAAC-1,0.393693,0.588564,0.011738,0.002699,0.003307
ACCAGCCCGGTCTTTG-1,0.03171,0.554768,0.05481,0.084728,0.273984
ACCAGGAGTGTGATCT-1,0.241347,0.457517,0.062034,0.05141,0.187692
ACCAGTGCCCGGTCAA-1,0.039857,0.497608,0.045158,0.246806,0.17057
ACCAGTGCGGGAGACG-1,0.245194,0.241333,0.063316,0.040078,0.410079
ACCATATCCGCAATAA-1,0.01276,0.230281,0.058532,0.194593,0.503834
ACCATCCGCCAACTAG-1,0.069681,0.837741,0.006793,0.012173,0.073613
ACCATCGTATATGGTA-1,0.170686,0.340995,0.091064,0.095041,0.302214
ACCATTAAGGGTGTCA-1,0.694938,0.303613,0.00029,0.00029,0.00087
ACCCAACGCCCGTGGC-1,0.040037,0.53772,0.075492,0.0092,0.337551
ACCCACCTACATGCTC-1,0.012456,0.703169,0.03605,0.093614,0.15471
ACCCATCTTGAGGGTA-1,0.124945,0.569484,0.091736,0.115277,0.098557
ACCCATTTGTCCCTCT-1,0.137741,0.12358,0.0171,0.078042,0.643537
ACCCGAGCGAAATTAC-1,0.999807,0.000055,0.000028,0.000028,0.000083
ACCCGATTGGTTCCGA-1,0.299397,0.401893,0.126314,0.016823,0.155573
ACCCGGAAACTCCCAG-1,0.03829,0.428457,0.258098,0.115899,0.159255
ACCCGGAGCACCACAA-1,0.547715,0.122828,0.16726,0.003207,0.15899
ACCCGGATGACGCATC-1,0.071656,0.26699,0.140077,0.062762,0.458514
ACCCGGTTACACTTCC-1,0.044138,0.015301,0.189398,0.72651,0.024653
ACCCGTAGCAGAGAAT-1,0.008096,0.002895,0.008327,0.980645,0.000037
ACCCGTAGTCTAGTTG-1,0.091468,0.36718,0.037091,0.030321,0.47394
ACCCGTGTCATCAGTA-1,0.000898,0.384197,0.138127,0.057419,0.419359
ACCCTATAGGACTGAG-1,0.000092,0.561149,0.034243,0.10755,0.296966
ACCCTATGCCATATCG-1,0.173747,0.208434,0.044099,0.067591,0.506129
ACCCTCCCGTCAGGGC-1,0.374202,0.167502,0.004123,0.054402,0.399771
ACCCTCCCTTGCTATT-1,0.067048,0.142541,0.52441,0.047231,0.218771
ACCCTGGTAACGCCCT-1,0.072944,0.539556,0.126936,0.055753,0.204811
ACCCTTCATCTGCGAA-1,0.000178,0.713819,0.047952,0.075266,0.162785
ACCCTTGCCTGGGTCG-1,0.957542,0.027323,0.000055,0.000055,0.015024
ACCCTTTAGTTCTCCA-1,0.084184,0.606838,0.193612,0.02639,0.088976
ACCGAAAGGGCCCTGC-1,0.000085,0.647263,0.084448,0.11737,0.150834
ACCGAAGAGTCTGGTT-1,0.000289,0.585605,0.068731,0.007958,0.337416
ACCGACACATCTCCCA-1,0.208622,0.391777,0.01526,0.372218,0.012123
ACCGACTGAGTCCCAC-1,0.025004,0.296622,0.05907,0.209066,0.410238
ACCGAGTCTCCTTATT-1,0.196447,0.028433,0.078195,0.073082,0.623842
ACCGATAGGCATAACC-1,0.089205,0.250111,0.097121,0.04176,0.521802
ACCGATATTTAATCAT-1,0.163456,0.307138,0.065185,0.046351,0.41787
ACCGATGGTAGCATCG-1,0.099356,0.543188,0.202111,0.029476,0.125869
ACCGCAATAACTGCCT-1,0.002176,0.000039,0.000547,0.214878,0.78236
ACCGCGGTGGAAGTCG-1,0.113265,0.163704,0.058375,0.661408,0.003248
ACCGCTAGTCATTGGT-1,0.30104,0.534024,0.021681,0.029509,0.113745
ACCGGGCCTTTGTTGA-1,0.092612,0.450866,0.080321,0.10253,0.273671
ACCGGTCAGGTACACC-1,0.043382,0.253726,0.023582,0.022606,0.656704
ACCGGTCTGAGTACGG-1,0.250018,0.646959,0.102785,0.000059,0.000178
ACCGTCCACTGGGCCC-1,0.23752,0.443691,0.005721,0.111294,0.201774
ACCGTGACCACGTGGG-1,0.007914,0.542382,0.013081,0.051593,0.385031
ACCGTTCCCGCTCTGA-1,0.042249,0.537726,0.022933,0.040363,0.356729
ACCTAAGTACCTTTCA-1,0.00004,0.336234,0.049778,0.294382,0.319567
ACCTAATCGACTTCCT-1,0.000045,0.221305,0.005534,0.223882,0.549234
ACCTACAGTATGTGGT-1,0.123191,0.063616,0.060285,0.113204,0.639703
ACCTACTATAAATCTA-1,0.033947,0.339196,0.049299,0.143935,0.433624
ACCTCAGCGAGGCGCA-1,0.097145,0.501117,0.01869,0.012156,0.370891
ACCTCCGCCCTCGCTG-1,0.258326,0.398438,0.155601,0.021474,0.166161
ACCTCCGTTATTCACC-1,0.049352,0.494436,0.100296,0.098743,0.257173
ACCTCGAACTTATGCT-1,0.260606,0.323117,0.031528,0.039572,0.345178
ACCTGCGTGTCATGTT-1,0.00003,0.035612,0.089391,0.143799,0.731168
ACCTTTCCTTTAGAAG-1,0.060421,0.549062,0.033237,0.146233,0.211047
ACGAAATGGGCGGCAC-1,0.000032,0.257971,0.122074,0.056764,0.563159
ACGACCCATGAGTTGC-1,0.196501,0.277,0.275075,0.001512,0.249911
ACGACTCTAGGGCCGA-1,0.087414,0.244471,0.053173,0.092487,0.522455
ACGACTGGTCATACTC-1,0.04992,0.227153,0.290955,0.012874,0.419098
ACGAGAACCCATCACG-1,0.128693,0.203217,0.019231,0.181835,0.467024
ACGAGATATTTGCTTA-1,0.034421,0.661331,0.205319,0.034248,0.064682
ACGAGGATACCACTCT-1,0.000868,0.24496,0.031082,0.161433,0.561657
ACGAGGTTTACAACGT-1,0.028061,0.626701,0.030169,0.151406,0.163663
ACGAGTACGGATGCCC-1,0.074493,0.069724,0.060068,0.185777,0.609938
ACGAGTCGCCGGCGTT-1,0.301356,0.000409,0.187148,0.510473,0.000614
ACGATACATAGAACTA-1,0.486478,0.265474,0.037598,0.14209,0.068361
ACGATACCTATCCTGA-1,0.8187,0.007973,0.13119,0.041884,0.000253
ACGATCATACATAGAG-1,0.09893,0.378431,0.363419,0.029776,0.129444
ACGATCATCTTGTAAA-1,0.05739,0.447373,0.06835,0.297689,0.129198
ACGATGCATATGTTAT-1,0.209954,0.489324,0.028205,0.00007,0.272447
ACGATGGATCCGATGC-1,0.018846,0.482123,0.173538,0.131376,0.194118
ACGCAAACTAATAGAT-1,0.019403,0.19176,0.061364,0.099953,0.62752
ACGCAATCACTACAGC-1,0.048561,0.277663,0.171786,0.003182,0.498807
ACGCATAAATGACATG-1,0.04719,0.407585,0.091025,0.152079,0.302121
ACGCATACGTTTACTA-1,0.041289,0.020595,0.194011,0.081677,0.662429
ACGCATTCGTGAGTAC-1,0.384772,0.214348,0.138729,0.017972,0.244179
ACGCCACTCGAAACAG-1,0.489626,0.075097,0.127075,0.012473,0.295729
ACGCCAGATGATTTCT-1,0.034624,0.317916,0.228467,0.205017,0.213976
ACGCCAGTGCGTTTGC-1,0.167207,0.09696,0.016038,0.089583,0.630211
ACGCCCAGCTGTCGAT-1,0.069626,0.304674,0.01073,0.147644,0.467326
ACGCCGCTAGACGACC-1,0.178451,0.315206,0.287251,0.008486,0.210606
ACGCCTGACACGCGCT-1,0.093436,0.005293,0.430047,0.466506,0.004718
ACGCGAAGTCAGACGA-1,0.437131,0.331932,0.028322,0.068655,0.133959
ACGCGCTACACAGGGT-1,0.015,0.678236,0.000084,0.006814,0.299865
ACGCGGGCCAAGGACA-1,0.058638,0.155533,0.268109,0.299378,0.218342
ACGCGTTTCTTAAGAG-1,0.443573,0.556128,0.00006,0.00006,0.000179
ACGCTACTGAATGGGC-1,0.128807,0.043036,0.040225,0.089651,0.698281
ACGCTAGTATCAGTGC-1,0.029386,0.564845,0.16983,0.073729,0.162211
ACGCTAGTGATACACT-1,0.205801,0.085692,0.199495,0.089371,0.419641
ACGCTGTGAGGCGTAG-1,0.006945,0.98257,0.000113,0.000113,0.010259
ACGCTTAGTGTCTCTC-1,0.121036,0.529255,0.022584,0.002651,0.324474
ACGGAACACGAGTGCC-1,0.082492,0.003187,0.013115,0.111754,0.789452
ACGGAATTTAGCAAAT-1,0.030495,0.472827,0.064453,0.126714,0.305511
ACGGACGCAGCGACAA-1,0.4188,0.507847,0.000064,0.015069,0.05822
ACGGACTCTCAAAGCG-1,0.074837,0.120873,0.060376,0.080546,0.663368
ACGGAGCGCAAATTAC-1,0.018518,0.460803,0.211441,0.044982,0.264256
ACGGATGGTGCGGATA-1,0.75736,0.126226,0.006691,0.000048,0.109675
ACGGCACTTGCTTGGG-1,0.039036,0.27486,0.073984,0.215389,0.396731
ACGGCCAACATGGACT-1,0.003465,0.522161,0.052795,0.197147,0.224432
ACGGCGACGATGGGAA-1,0.104462,0.359339,0.098618,0.075663,0.361918
ACGGCGGGTTGCCCTG-1,0.06668,0.554637,0.027721,0.225147,0.125815
ACGGCTGGATGTAGAA-1,0.252028,0.436762,0.023956,0.033904,0.253351
ACGGGAGTGTCGGCCC-1,0.000026,0.030785,0.010918,0.253445,0.704826
ACGGGCGTATGCGACA-1,0.065965,0.467507,0.17091,0.014016,0.281602
ACGGGTCATGTGACTT-1,0.022273,0.971831,0.000063,0.005642,0.00019
ACGGGTTGTGACCTGT-1,0.148375,0.147058,0.000645,0.065972,0.63795
ACGGTACAGTTCAATG-1,0.023705,0.359756,0.125139,0.099515,0.391885
ACGGTCACCGAGAACA-1,0.815466,0.18423,0.000058,0.000058,0.000188
ACGTACAGATTTCTCT-1,0.0297,0.600165,0.048022,0.092951,0.229162
ACGTACTTTGGCACGG-1,0.020196,0.509013,0.046959,0.054661,0.369171
ACGTAGATTGCTGATG-1,0.135859,0.187865,0.173983,0.158104,0.344189
ACGTAGGAGAGTCGCT-1,0.084643,0.223896,0.040174,0.347963,0.303324
ACGTATTACTCCGATC-1,0.001605,0.136579,0.172888,0.147179,0.54175
ACGTCCTAAACGAGAT-1,0.002746,0.432654,0.088974,0.280198,0.195428
ACGTCGGGCAACTCGG-1,0.063101,0.914113,0.005768,0.016565,0.000453
ACGTCTCGTTCCGGGA-1,0.037646,0.840701,0.032142,0.062323,0.027188
ACGTGACAAAGTAAGT-1,0.236183,0.462948,0.000641,0.065679,0.234549
ACGTGCGCCTCGTGCA-1,0.428901,0.244377,0.014074,0.018826,0.293822
ACGTGGTCGAATGTGC-1,0.059056,0.887746,0.050887,0.0001,0.002211
ACGTTAATGTCGAAGA-1,0.106804,0.177522,0.08232,0.147635,0.485719
ACGTTAGATTTGCCCG-1,0.110235,0.62072,0.037572,0.083927,0.147546
ACGTTATTGGTCACTC-1,0.113978,0.707571,0.096474,0.000079,0.081899
ACGTTCACTATGCCGC-1,0.199701,0.437565,0.06772,0.179034,0.11598
ACGTTCCGCGCTCCGT-1,0.000104,0.471682,0.062869,0.135673,0.329672
ACGTTCGCAATCAATT-1,0.096565,0.435314,0.201739,0.002636,0.263745
ACGTTCGTTCAGGAAA-1,0.009483,0.240479,0.041765,0.068174,0.6401
ACGTTCTGTACAAGTC-1,0.369658,0.112756,0.023451,0.012224,0.481911
ACGTTGTCGTTGAAAG-1,0.420686,0.026917,0.012244,0.279725,0.260428
ACGTTTAGTTGTGATC-1,0.090551,0.35294,0.059692,0.175146,0.321672
ACGTTTCGGTGCACTT-1,0.199622,0.292112,0.018373,0.070266,0.419627
ACTAAGGACGCACACC-1,0.00293,0.496528,0.04088,0.33692,0.122742
ACTAATACGTCAGGCG-1,0.108962,0.383085,0.11641,0.158512,0.233031
ACTACAAAGAGAGGTG-1,0.142263,0.284224,0.165903,0.080685,0.326924
ACTACATCCCGACAAG-1,0.999402,0.000171,0.000085,0.000085,0.000256
ACTACCAGCTCTCTGG-1,0.000106,0.549796,0.043464,0.04069,0.365944
ACTACCATCCGAGGGC-1,0.984436,0.015243,0.000064,0.000064,0.000192
ACTACGCGTTAGAATT-1,0.061014,0.219263,0.25896,0.04829,0.412474
ACTAGTTGCGATCGTC-1,0.18614,0.221534,0.056235,0.076859,0.459232
ACTATATGCTGTGTTC-1,0.061915,0.10768,0.141897,0.326627,0.361881
ACTATCCAGGGCATGG-1,0.302078,0.167325,0.069608,0.026929,0.43406
ACTATCGCCGGCTAAA-1,0.16426,0.010682,0.273425,0.542328,0.009306
ACTATCTGCCCGCGTA-1,0.216294,0.191858,0.061247,0.027571,0.50303
ACTATGTCCAGCTGCC-1,0.060616,0.029955,0.037839,0.283351,0.588239
ACTATTCGTCCGTGGT-1,0.13398,0.604186,0.258741,0.000088,0.003004
ACTATTTCCGGGCCCA-1,0.140482,0.242926,0.021146,0.038557,0.556889
ACTCAACGAATGTATT-1,0.101175,0.45352,0.017082,0.034117,0.394106
ACTCAAGTGCAAGGCT-1,0.219322,0.224003,0.122065,0.10046,0.334151
ACTCAATAAAGGCACG-1,0.03775,0.226385,0.227076,0.032246,0.476542
ACTCAGACCTGCTTCT-1,0.363241,0.167018,0.003969,0.034845,0.430926
ACTCATGGCAGCCTTC-1,0.313446,0.273802,0.019016,0.017172,0.376563
ACTCCAATATCATCAT-1,0.078272,0.142095,0.016901,0.115659,0.647072
ACTCCCATTCCTAAAG-1,0.003096,0.213797,0.093845,0.350917,0.338344
ACTCCCGAATTCGTTT-1,0.046572,0.228725,0.28719,0.010724,0.42679
ACTCCCGTAGACTAGG-1,0.127306,0.718465,0.091018,0.004079,0.059131
ACTCCCTAATGCTAAA-1,0.301267,0.025999,0.087545,0.040296,0.544892
ACTCCCTAGAATAGTA-1,0.1565,0.392435,0.086208,0.127333,0.237523
ACTCCGGCCGACCACT-1,0.03119,0.300493,0.110185,0.05599,0.502141
ACTCGATGTATTTCAT-1,0.461162,0.537672,0.000233,0.000233,0.0007
ACTCGCCGTTCGATAA-1,0.114033,0.000078,0.005384,0.1284,0.752106
ACTCGCGATCTGACGC-1,0.135923,0.313453,0.213909,0.14042,0.196295
ACTCGTAACCCGTCCT-1,0.000063,0.478046,0.003138,0.090969,0.427784
ACTCGTCAGTAATCCC-1,0.026677,0.214854,0.221238,0.108309,0.428922
ACTCTAAACCTGGGAT-1,0.590788,0.172073,0.236732,0.000102,0.000305
ACTCTCTGACTTAGGT-1,0.011546,0.056804,0.014719,0.568026,0.348905
ACTCTCTTATACACGA-1,0.016711,0.368496,0.16924,0.038852,0.4067
ACTCTGACCTAATAGA-1,0.129066,0.020589,0.033829,0.062867,0.753649
ACTCTTCAGCTCCCGC-1,0.096391,0.091499,0.057426,0.144953,0.609731
ACTCTTGTATAGTAAC-1,0.094819,0.060311,0.138419,0.197117,0.509334
ACTGAAACGCCGTTAG-1,0.194715,0.129972,0.468456,0.007554,0.199302
ACTGAATGGCGAAAGT-1,0.061405,0.163722,0.535088,0.015557,0.224228
ACTGATTTAGTGATTC-1,0.02443,0.110556,0.067129,0.148983,0.648902
ACTGCCCGCCATTCTC-1,0.077496,0.348029,0.083178,0.041377,0.44992
ACTGCCGTCGTAACTC-1,0.02513,0.07236,0.35399,0.227125,0.321394
ACTGCGGACACACCGT-1,0.022874,0.144835,0.036658,0.047278,0.748354
ACTGCTCGGAAGGATG-1,0.021636,0.226855,0.052214,0.146327,0.552969
ACTGGCGAACCTGCGT-1,0.063966,0.751114,0.03385,0.057071,0.093999
ACTGGGATGCCAGTGC-1,0.074736,0.284438,0.093276,0.195465,0.352084
ACTGTACGATACACAT-1,0.14501,0.497443,0.000094,0.12939,0.228062
ACTGTAGCACTTTGGA-1,0.000084,0.590366,0.00997,0.209034,0.190546
ACTGTATACGCGAGCA-1,0.315298,0.574137,0.032975,0.033034,0.044556
ACTGTCCAGGATTATA-1,0.219949,0.292954,0.247815,0.064154,0.175127
ACTGTCTTCTTTAGAA-1,0.007207,0.260942,0.158241,0.172992,0.400617
ACTGTGCTAGTAGATC-1,0.038144,0.844303,0.072598,0.01228,0.032675
ACTGTTTAGTGTAGGC-1,0.00015,0.638942,0.049299,0.035341,0.276268
ACTTACCGGGCGCGCA-1,0.056311,0.501813,0.157243,0.115813,0.168821
ACTTACGCATCCACGC-1,0.816096,0.096283,0.003468,0.000046,0.084108
ACTTAGTACGACAAGA-1,0.001114,0.748671,0.022063,0.198789,0.029363
ACTTATACTTACCCGG-1,0.03778,0.601983,0.159988,0.010476,0.189773
ACTTATCTGATCTATA-1,0.602385,0.34189,0.016623,0.004815,0.034286
ACTTATTAGGATCGGT-1,0.488725,0.009319,0.121321,0.316654,0.063981
ACTTATTTATGTGCCA-1,0.189573,0.193033,0.091287,0.104756,0.42135
ACTTCAGGCTGATCCC-1,0.036487,0.280086,0.08182,0.109836,0.491771
ACTTCCAGTGGAAGCT-1,0.08805,0.54187,0.134136,0.037556,0.19839
ACTTCCATGCGGGACA-1,0.028151,0.018536,0.076642,0.091744,0.784928
ACTTCCTGTCGTGCGA-1,0.125982,0.618917,0.209225,0.005792,0.040084
ACTTCGCCATACGCAC-1,0.042418,0.541894,0.150036,0.084012,0.18164
ACTTCGCTAGCGAGTG-1,0.11355,0.113204,0.423886,0.108305,0.241055
ACTTGACTCCCTCTTT-1,0.453294,0.02148,0.016609,0.096965,0.411653
ACTTGCCATATTGTAC-1,0.000139,0.657552,0.241559,0.005613,0.095136
ACTTGCTCTATCTACC-1,0.023105,0.415186,0.035692,0.09258,0.433436
ACTTGGGACCCGGTGG-1,0.000106,0.291062,0.302502,0.097205,0.309126
ACTTGGGCTTTCGCCA-1,0.13648,0.460941,0.073307,0.060206,0.269066
ACTTGTAGTCCCTTCA-1,0.002855,0.946928,0.002861,0.003185,0.044171
ACTTGTGGATGGAACG-1,0.258928,0.215841,0.313314,0.000041,0.211876
ACTTGTTACCGGATCA-1,0.177242,0.610491,0.039792,0.0033,0.169175
ACTTTACCCTCATGAA-1,0.000025,0.024099,0.027411,0.300759,0.647706
ACTTTATACACCACTT-1,0.09893,0.633732,0.020735,0.07711,0.169493
ACTTTCCTATAGCTTC-1,0.090529,0.602577,0.058433,0.104462,0.143998
ACTTTGACTGCATCCT-1,0.018936,0.843958,0.000119,0.000119,0.136868
ACTTTGGTCGTGCTCC-1,0.676185,0.046146,0.053276,0.05472,0.169673
ACTTTGTCGACGCACT-1,0.58052,0.091884,0.041303,0.061069,0.225223
AGAAATTATGACTCGC-1,0.337058,0.189418,0.064378,0.064309,0.344836
AGAACACGGCGATGGT-1,0.222206,0.676166,0.006431,0.00394,0.091256
AGAACCCAGCGTGACA-1,0.129094,0.178465,0.065362,0.078444,0.548635
AGAACCCTCAATTGGG-1,0.342956,0.541376,0.005289,0.050428,0.059951
AGAACGTGGTACATTC-1,0.031492,0.485436,0.159938,0.036946,0.286188
AGAACTGTACTTTGTA-1,0.033858,0.138197,0.035968,0.069647,0.72233
AGAAGAGCGCCGTTCC-1,0.391783,0.600189,0.001606,0.001606,0.004817
AGAAGGTACACTTCAC-1,0.04524,0.412582,0.069401,0.121521,0.351256
AGAAGGTTGCCGAATT-1,0.681391,0.120028,0.137645,0.011723,0.049214
AGAAGGTTGTAGGTCG-1,0.172559,0.379184,0.135098,0.047578,0.265581
AGAAGTGATTCGTGAT-1,0.022701,0.160035,0.017698,0.186447,0.613119
AGAATAAATCTTCAGG-1,0.000048,0.571256,0.012598,0.050226,0.365872
AGAATACAGGCTATCC-1,0.138494,0.288577,0.071994,0.050847,0.450088
AGAATGCGGGTTCGGA-1,0.056017,0.45629,0.100815,0.11241,0.274468
AGAATTATGGATTCGA-1,0.084756,0.228902,0.223874,0.152977,0.309492
