Barcode,Topic 1,Topic 2,Topic 3,Topic 4to6,Topic 7to10
AAACAAGTATCTCCCA-1,0.003862,0.008385,0.20317,0.264182,0.5204
AAACACCAATAACTGC-1,0.013817,0.003918,0.02479,0.301056,0.656419
AAACAGAGCGACTCCT-1,0.000026,0.110078,0.041341,0.083694,0.764862
AAACAGCTTTCAGAAG-1,0.000213,0.159313,0.189773,0.20321,0.447491
AAACAGGGTCTATATT-1,0.000997,0.000012,0.022416,0.217542,0.759033
AAACAGTGTTCCTGGG-1,0.223358,0.536711,0.174664,0.04299,0.022277
AAACATGGTGAGAGGA-1,0.030058,0.087429,0.313261,0.19716,0.372092
AAACATTTCCCGGATT-1,0.000016,0.058067,0.606814,0.211466,0.123637
AAACCACTACACAGAT-1,0.002791,0.068435,0.005414,0.046196,0.877164
AAACCCGAACGAAATC-1,0.001537,0.06894,0.135187,0.219804,0.574532
AAACCGGAAATGTTAA-1,0.032074,0.074618,0.336429,0.078052,0.478827
AAACCGGGTAGGTACC-1,0.015381,0.000016,0.012674,0.159723,0.812206
AAACCGTTCGTCCAGG-1,0.000015,0.00636,0.004968,0.780263,0.208394
AAACCTAAGCAGCCGG-1,0.032948,0.002027,0.356503,0.283719,0.324803
AAACCTCATGAAGTTG-1,0.000055,0.006483,0.213829,0.131847,0.647785
AAACGAAGAACATACC-1,0.001702,0.000457,0.014366,0.058124,0.925351
AAACGAAGATGGAGTA-1,0.004343,0.065988,0.31314,0.120287,0.496241
AAACGACAGTCTTGCC-1,0.004988,0.466456,0.023682,0.055666,0.449207
AAACGAGACGGTTGAT-1,0.000023,0.006642,0.342003,0.249034,0.402297
AAACGCCCGAGATCGG-1,0.011112,0.038011,0.253997,0.002694,0.694186
AAACGGGCGTACGGGT-1,0.026012,0.0327,0.048684,0.284946,0.607657
AAACGGTTGCGAACTG-1,0.016695,0.027043,0.531293,0.260653,0.164316
AAACGTGTTCGCCCTA-1,0.000016,0.10812,0.012374,0.173328,0.706162
AAACTAACGTGGCGAC-1,0.000465,0.000194,0.000022,0.032824,0.966495
AAACTCGGTTCGCAAT-1,0.010948,0.012521,0.613977,0.178136,0.184419
AAACTCGTGATATAAG-1,0.007135,0.257507,0.012197,0.295162,0.428
AAACTGCTGGCTCCAA-1,0.002592,0.002908,0.061472,0.623256,0.309772
AAACTTAATTGCACGC-1,0.005306,0.025667,0.075208,0.242688,0.651131
AAACTTGCAAACGTAT-1,0.010333,0.027452,0.073963,0.271621,0.616631
AAAGAATGACCTTAGA-1,0.033042,0.15351,0.423689,0.033842,0.355918
AAAGAATGTGGACTAA-1,0.910876,0.016452,0.070853,0.001792,0.000026
AAAGACCCAAGTCGCG-1,0.000022,0.034295,0.004016,0.041166,0.920501
AAAGACTGGGCGCTTT-1,0.005309,0.007362,0.20778,0.058746,0.720803
AAAGCTTGCCTACATA-1,0.006706,0.127624,0.048025,0.312331,0.505314
AAAGGCCCTATAATAC-1,0.008803,0.008198,0.372679,0.089093,0.521227
AAAGGCTACGGACCAT-1,0.003954,0.002473,0.141787,0.268508,0.583278
AAAGGCTCTCGCGCCG-1,0.000024,0.067141,0.11264,0.637105,0.18309
AAAGGGATGTAGCAAG-1,0.016845,0.020423,0.121628,0.07671,0.764394
AAAGGGCAGCTTGAAT-1,0.003271,0.000014,0.068654,0.637333,0.290728
AAAGGTAAGCTGTACC-1,0.000024,0.032829,0.004162,0.349997,0.612989
AAAGTAGCATTGCTCA-1,0.007048,0.000022,0.33208,0.323535,0.337316
AAAGTCACTGATGTAA-1,0.001332,0.056316,0.186369,0.04826,0.707723
AAAGTCGACCCTCAGT-1,0.011407,0.002855,0.12596,0.235138,0.62464
AAAGTGTGATTTATCT-1,0.000829,0.175558,0.041694,0.17841,0.603509
AAAGTTGACTCCCGTA-1,0.000018,0.054051,0.050367,0.470495,0.425069
AAATAACCATACGGGA-1,0.000018,0.031668,0.000018,0.101588,0.866707
AAATAAGGTAGTGCCC-1,0.000842,0.02196,0.027116,0.284359,0.665723
AAATACCTATAAGCAT-1,0.009556,0.150738,0.192482,0.395519,0.251705
AAATAGCTTAGACTTT-1,0.000302,0.036325,0.024937,0.394159,0.544276
AAATAGGGTGCTATTG-1,0.004382,0.081924,0.097736,0.331744,0.484214
AAATCCGATACACGCC-1,0.025158,0.014783,0.288782,0.169938,0.501339
AAATCGCGGAAGGAGT-1,0.004835,0.034704,0.115458,0.268759,0.576244
AAATCGTGTACCACAA-1,0.000029,0.000029,0.08271,0.301879,0.615353
AAATCTAGCCCTGCTA-1,0.025992,0.096389,0.541168,0.302434,0.034019
AAATCTGCCCGCGTCC-1,0.000465,0.822798,0.000465,0.001396,0.174876
AAATGATTCGATCAGC-1,0.000017,0.002103,0.002763,0.070676,0.924441
AAATGCTCGTTACGTT-1,0.017908,0.211159,0.206202,0.00978,0.554952
AAATGGCATGTCTTGT-1,0.017409,0.03452,0.087486,0.090924,0.769661
AAATGGCCCGTGCCCT-1,0.018745,0.041386,0.204738,0.2242,0.510929
AAATGGTCAATGTGCC-1,0.005172,0.027824,0.152547,0.164328,0.650128
AAATGTATCTTATCCC-1,0.00002,0.170909,0.062584,0.162482,0.604005
AAATTAACGGGTAGCT-1,0.000014,0.000014,0.003084,0.758813,0.238075
AAATTAATAAGCGCGA-1,0.000023,0.033038,0.251872,0.176303,0.538764
AAATTACACGACTCTG-1,0.000032,0.035645,0.12876,0.172229,0.663334
AAATTACCTATCGATG-1,0.023625,0.015772,0.024472,0.18362,0.752512
AAATTCCAGGTCCAAA-1,0.000014,0.099335,0.089763,0.158235,0.652654
AAATTGATAGTCCTTT-1,0.002873,0.00002,0.431217,0.209836,0.356053
AAATTGCGGCGGTTCT-1,0.007469,0.064117,0.186249,0.021366,0.720799
AAATTGGTGAGAAGCA-1,0.000035,0.123507,0.084237,0.066782,0.725439
AAATTTACCGAAATCC-1,0.000021,0.170718,0.259264,0.053279,0.516718
AAATTTGCGGGTGTGG-1,0.000019,0.024289,0.032473,0.297681,0.645538
AACAACTGGTAGTTGC-1,0.000016,0.000016,0.001348,0.25457,0.74405
AACAATACATTGTCGA-1,0.00846,0.000013,0.260682,0.211014,0.519831
AACAATTACTCTACGC-1,0.005265,0.03262,0.205853,0.123742,0.63252
AACACACGCTCGCCGC-1,0.000021,0.16428,0.174809,0.130029,0.53086
AACACGACTGTACTGA-1,0.006396,0.024917,0.041048,0.157424,0.770213
AACACGAGACGCGGCC-1,0.014454,0.056143,0.430617,0.087008,0.411778
AACACGCGGCCGCGAA-1,0.000019,0.39505,0.172215,0.096416,0.336301
AACAGCTGTGTGGCAA-1,0.001972,0.000012,0.068766,0.476404,0.452847
AACAGGAAATCGAATA-1,0.011837,0.018145,0.116292,0.295652,0.558074
AACAGGATGGGCCGCG-1,0.000023,0.055956,0.051446,0.688967,0.203608
AACAGGTAGTATGGAT-1,0.000012,0.000012,0.024623,0.916094,0.059259
AACATAGCGTGTATCG-1,0.882518,0.032238,0.010328,0.039923,0.034993
AACATATCAACTGGTG-1,0.000021,0.075252,0.009482,0.112358,0.802887
AACATCGATACGTCTA-1,0.007391,0.06339,0.288801,0.066234,0.574183
AACATTGAAGTTGATC-1,0.000046,0.018098,0.076098,0.501266,0.404492
AACATTGTGACTCGAG-1,0.003311,0.049915,0.47576,0.21099,0.260024
AACCAAGACTTCTCTG-1,0.00602,0.06769,0.020927,0.579877,0.325485
AACCAGTATCACTCTT-1,0.00205,0.10561,0.077415,0.069796,0.745129
AACCATAGGGTTGAAC-1,0.011805,0.121816,0.572546,0.041952,0.251881
AACCATGGGATCGCTA-1,0.000022,0.001412,0.033578,0.107527,0.857462
AACCCAGAGACGGAGA-1,0.003378,0.036947,0.077089,0.162722,0.719864
AACCCATCCCATGATC-1,0.028605,0.039188,0.037455,0.163884,0.730867
AACCCGACAACCCGTG-1,0.012591,0.022952,0.321563,0.206782,0.436111
AACCCGAGCAGAATCG-1,0.009706,0.042388,0.44575,0.091791,0.410366
AACCCGATAGGGCTTC-1,0.011097,0.079233,0.049552,0.037687,0.822431
AACCCGCTGTATTCCA-1,0.350452,0.634116,0.007645,0.007726,0.000061
AACCCTACTGTCAATA-1,0.005621,0.059141,0.151537,0.513958,0.269742
AACCCTGGTGGAACCA-1,0.000017,0.000017,0.028052,0.13091,0.841004
AACCGAGCTTGGTCAT-1,0.000019,0.000019,0.000019,0.103715,0.896226
AACCGCTAAGGGATGC-1,0.02465,0.01012,0.213336,0.241504,0.51039
AACCGTTGTGTTTGCT-1,0.000036,0.122536,0.154303,0.022851,0.700274
AACCTCGCTTTAGCCC-1,0.011782,0.014694,0.45965,0.231643,0.28223
AACCTGTCACGGAATT-1,0.000019,0.029583,0.059731,0.140504,0.770163
AACCTTTAAATACGGT-1,0.003179,0.012227,0.26991,0.172844,0.541841
AACCTTTACGACGTCT-1,0.00072,0.03721,0.036193,0.328707,0.59717
AACGAAAGTCGTCCCA-1,0.013233,0.009958,0.120619,0.498576,0.357615
AACGACCTCCTAGCCG-1,0.997613,0.002338,0.000006,0.000018,0.000025
AACGATAATGCCGTAG-1,0.000016,0.000402,0.199243,0.457946,0.342392
AACGATAGAAGGGCCG-1,0.000026,0.015049,0.061542,0.105596,0.817787
AACGATATGTCAACTG-1,0.000026,0.079731,0.128528,0.189884,0.60183
AACGCATGATCTGGGT-1,0.000038,0.140693,0.07014,0.055109,0.734021
AACGCGAACGGCAACA-1,0.00002,0.162551,0.042473,0.23213,0.562827
AACGCGACCTTGGGCG-1,0.012602,0.013054,0.022459,0.467548,0.484337
AACGCGGTCTCCAGCC-1,0.000036,0.028372,0.277293,0.056187,0.638112
AACGCTGTTGCTGAAA-1,0.002795,0.038356,0.448494,0.202617,0.307738
AACGGACGTACGTATA-1,0.004409,0.001047,0.083564,0.432696,0.478283
AACGGCCATCTCCGGT-1,0.005687,0.01024,0.311188,0.242494,0.430391
AACGTACTGTGGGTAC-1,0.018898,0.001604,0.401364,0.114809,0.463326
AACGTCAGACTAGTGG-1,0.000025,0.000025,0.002736,0.231234,0.76598
AACGTCGCTGCACTTC-1,0.879398,0.073512,0.046214,0.000824,0.000053
AACGTGATGAAGGACA-1,0.000032,0.05843,0.305899,0.072151,0.563488
AACGTGCGAAAGTCTC-1,0.014668,0.000018,0.02676,0.138706,0.819848
AACGTTATCAGCACCT-1,0.000026,0.01171,0.395113,0.050371,0.542781
AACTACCCGTTTGTCA-1,0.000014,0.005139,0.044142,0.458655,0.49205
AACTAGCGTATCGCAC-1,0.00004,0.00004,0.025283,0.000119,0.974518
AACTAGGCTTGGGTGT-1,0.022965,0.000027,0.034465,0.344954,0.597589
AACTCAAGTTAATTGC-1,0.00002,0.011408,0.355951,0.096519,0.536102
AACTCCAGAGCGTGTT-1,0.009804,0.000039,0.340499,0.275943,0.373716
AACTCCTAATCCCATG-1,0.000045,0.259165,0.050868,0.074035,0.615887
AACTCGATAAACACGT-1,0.026972,0.250434,0.086888,0.105343,0.530364
AACTCGATGGCGCAGT-1,0.000031,0.01996,0.367401,0.198391,0.414216
AACTCTCAATAGAGCG-1,0.002305,0.055873,0.330912,0.213461,0.397449
AACTCTCAGTGTGCTC-1,0.001939,0.048622,0.036908,0.380142,0.53239
AACTGAGGTCAGCGTC-1,0.000043,0.14747,0.186662,0.013295,0.65253
AACTGATATTAGGCCT-1,0.00002,0.000079,0.032965,0.599997,0.366938
AACTGGGTCCCGACGT-1,0.000026,0.00144,0.003108,0.139057,0.856368
AACTGGGTTCGAGCCG-1,0.000055,0.126085,0.245768,0.073212,0.55488
AACTGGTGTGGGCCTT-1,0.006217,0.164851,0.054585,0.015928,0.758419
AACTTCTGCGTCTATC-1,0.003601,0.002124,0.218247,0.240944,0.535085
AACTTGCCCGTATGCA-1,0.000038,0.000038,0.040071,0.153409,0.806445
AACTTGCGTTCTCGCG-1,0.003444,0.011511,0.017095,0.126652,0.841298
AACTTTACGGGAGCTT-1,0.012175,0.000025,0.28558,0.085488,0.616731
AACTTTAGCTGCTGAG-1,0.000034,0.029779,0.016191,0.347903,0.606093
AACTTTCTCGATCATG-1,0.000028,0.102717,0.230692,0.076132,0.59043
AAGAAAGTTTGATGGG-1,0.000079,0.999286,0.000079,0.000238,0.000317
AAGAAATCACCAGATT-1,0.000012,0.083302,0.000012,0.882405,0.034269
AAGAAGGATCAGTTAG-1,0.000828,0.033322,0.122255,0.444966,0.39863
AAGACATACGTGGTTT-1,0.791771,0.050568,0.050849,0.041324,0.065489
AAGACCAAATAACTCA-1,0.003512,0.090199,0.145486,0.169033,0.59177
AAGACCCAACTGAACA-1,0.004729,0.051638,0.323324,0.331292,0.289017
AAGACTAACCCGTTGT-1,0.000023,0.09772,0.1663,0.019351,0.716606
AAGACTGCAAGCTACT-1,0.003834,0.047275,0.045452,0.306388,0.597051
AAGAGATGAATCGGTA-1,0.009142,0.000022,0.161995,0.109865,0.718976
AAGAGCTCTTTATCGG-1,0.000031,0.193383,0.015685,0.632402,0.158499
AAGAGGATGTACGCGA-1,0.009368,0.002566,0.08695,0.250528,0.650589
AAGAGGCATGGATCGC-1,0.010985,0.05494,0.06575,0.258123,0.610202
AAGAGGCCCTTTGGAA-1,0.011723,0.04007,0.363098,0.320124,0.264984
AAGATGGCACCGGACC-1,0.010309,0.000896,0.053475,0.399638,0.535683
AAGATTGGCGGAACGT-1,0.001276,0.030986,0.070297,0.226616,0.670825
AAGCACCCTGCGTATC-1,0.003492,0.001434,0.142596,0.349123,0.503355
AAGCATACTCTCCTGA-1,0.00002,0.009883,0.117688,0.345716,0.526692
AAGCCACTTGCAGGTA-1,0.068029,0.863669,0.005909,0.044363,0.018032
AAGCCGAAGCGGTTTA-1,0.008193,0.005792,0.067377,0.47238,0.446257
AAGCCGCCGTGAAATC-1,0.00975,0.005809,0.241217,0.164958,0.578267
AAGCCGCTTTACCTTG-1,0.005079,0.218663,0.20452,0.220882,0.350856
AAGCGCAGGGCTTTGA-1,0.013463,0.00121,0.184232,0.596627,0.204468
AAGCGGAGTGCGCGCA-1,0.000015,0.189452,0.000015,0.412272,0.398245
AAGCGGCGTCATGGGT-1,0.013915,0.087667,0.192273,0.029606,0.67654
AAGCGTCCCTCATCGA-1,0.000169,0.001281,0.028107,0.669532,0.300911
AAGCTAGATCGAGTAA-1,0.001541,0.068129,0.173165,0.220395,0.53677
AAGCTCGTGCCAAGTC-1,0.000017,0.03759,0.00418,0.220425,0.737788
AAGCTCTTTCATGGTG-1,0.008319,0.002653,0.24313,0.188197,0.5577
AAGGAGAACTTATAAG-1,0.000082,0.093287,0.026298,0.033444,0.846891
AAGGAGCGGTTGGTGC-1,0.005581,0.030451,0.034255,0.522866,0.406846
AAGGATCGATCGCTTG-1,0.000024,0.144152,0.020694,0.189355,0.645775
AAGGATGAGGGACCTC-1,0.000023,0.116183,0.220032,0.442909,0.220853
AAGGCAGGCTGTCTCC-1,0.000016,0.054452,0.109728,0.42247,0.413334
AAGGCGCGTAAAGCTT-1,0.000029,0.061261,0.301112,0.054902,0.582697
AAGGCTGTGCTCATCG-1,0.002151,0.007046,0.068474,0.36573,0.556599
AAGGGAACGACTGGCT-1,0.001503,0.111576,0.247344,0.08083,0.558747
AAGGGACAGATTCTGT-1,0.000025,0.025576,0.167382,0.131455,0.675562
AAGGGACTATGCATTC-1,0.004884,0.067847,0.159902,0.093478,0.67389
AAGGGTTAGCCATGCG-1,0.938049,0.002083,0.000029,0.000088,0.059752
AAGGGTTTGATTTCAG-1,0.000022,0.036502,0.084169,0.315578,0.56373
AAGGTATCCTAATATA-1,0.000024,0.038851,0.044173,0.227059,0.689893
AAGGTGATAAACCAGC-1,0.000024,0.03522,0.095393,0.244445,0.624918
AAGTAGAAGACCGGGT-1,0.000038,0.039254,0.205777,0.092404,0.662527
AAGTAGTGACGCGAGG-1,0.000016,0.000016,0.048148,0.57777,0.37405
AAGTCAATTGTCGTCA-1,0.000017,0.000017,0.024972,0.390032,0.584962
AAGTCTAGTAGCTGCC-1,0.000021,0.10665,0.080871,0.26418,0.548278
AAGTCTTCTGTGGCCT-1,0.00408,0.000483,0.015807,0.15248,0.82715
AAGTGACGACCGAATT-1,0.005241,0.010717,0.156527,0.213093,0.614422
AAGTGAGTCGGGTTTA-1,0.0013,0.002057,0.057644,0.387988,0.551011
AAGTGCAAAGGTAGAC-1,0.00342,0.000015,0.000189,0.868347,0.128029
AAGTGCCTTGACTGTA-1,0.004226,0.04218,0.181358,0.436442,0.335794
AAGTGCGTTAGAATCT-1,0.00002,0.075781,0.031894,0.314408,0.577896
AAGTGCTTCTCTATTG-1,0.007455,0.067449,0.645557,0.125703,0.153836
AAGTGTTTGGAGACGG-1,0.000025,0.019245,0.316118,0.416929,0.247682
AAGTTCACTCCAAGCT-1,0.007148,0.001622,0.187382,0.477249,0.326599
AAGTTCAGTCTGCGTA-1,0.0163,0.07831,0.192355,0.032833,0.680203
AAGTTCGGCCAACAGG-1,0.000212,0.084372,0.047016,0.337874,0.530525
AAGTTGTGATGTTATA-1,0.787266,0.028965,0.044645,0.020704,0.118421
AAGTTTACTAATGGCA-1,0.000034,0.000034,0.019236,0.15929,0.821405
AAGTTTATGGGCCCAA-1,0.00001,0.059186,0.01718,0.57284,0.350783
AATAACAACGCTCGGC-1,0.000019,0.010168,0.075528,0.349742,0.564543
AATAACACTAGAACAA-1,0.009908,0.019623,0.078436,0.216867,0.675166
AATAACGTCGCGCCCA-1,0.838186,0.030983,0.032061,0.026571,0.0722
AATAAGTCCTCGAGAC-1,0.000028,0.547772,0.018332,0.003595,0.430272
AATAATCTTCGTATCG-1,0.005539,0.050341,0.318518,0.292356,0.333245
AATACAATGTTTCAGG-1,0.008773,0.010373,0.110659,0.135458,0.734736
AATACCGGAGGGCTGT-1,0.00771,0.007925,0.143344,0.382335,0.458687
AATACCTGATGTGAAC-1,0.954174,0.008625,0.014257,0.00319,0.019755
AATAGAACAGAGTGGC-1,0.008357,0.000019,0.265307,0.180569,0.545749
AATAGAATCTGTTTCA-1,0.00681,0.000054,0.03431,0.215191,0.743635
AATAGCAAGCCTCCTG-1,0.000044,0.010812,0.206355,0.004405,0.778385
AATAGCTACCGCGTGC-1,0.001833,0.000175,0.010295,0.056533,0.931165
AATAGTCCGTCCCGAC-1,0.00163,0.000019,0.26938,0.429577,0.299393
AATAGTCGCGAGTCGG-1,0.000014,0.002648,0.024002,0.411497,0.56184
AATATCAAGGTCGGAT-1,0.000035,0.07727,0.1507,0.079209,0.692785
AATATCCTAGCAAACT-1,0.015497,0.016285,0.09204,0.077604,0.798574
AATATCGAATCAATGC-1,0.000016,0.03878,0.21337,0.147056,0.600778
AATATCGAGGGTTCTC-1,0.000036,0.077922,0.147847,0.073592,0.700602
AATATTGGAGTATTGA-1,0.003895,0.042268,0.199391,0.198759,0.555686
AATCAGACTGCAGGAC-1,0.000032,0.102665,0.127316,0.073909,0.696078
AATCAGGTTTCATTTA-1,0.002661,0.014066,0.137122,0.463776,0.382375
AATCATGTAAAGACTC-1,0.038447,0.031912,0.413423,0.239053,0.277165
AATCCAAGGGCCTGAG-1,0.013845,0.073223,0.065093,0.140544,0.707294
AATCCATGCAAGGGTG-1,0.000036,0.228873,0.05754,0.047955,0.665596
AATCCCGCTCAGAGCC-1,0.26261,0.733091,0.003036,0.001156,0.000107
AATCGCCTCAGCGCCA-1,0.000031,0.039403,0.330678,0.190402,0.439486
AATCGCGCAGAGGACT-1,0.00002,0.24813,0.12557,0.219489,0.406791
AATCGGGACACTACGA-1,0.000022,0.000022,0.000022,0.052399,0.947534
AATCGGTATAGCCCTC-1,0.982636,0.006045,0.005805,0.005237,0.000277
AATCGTGAGCCGAGCA-1,0.073765,0.050326,0.277582,0.500009,0.098317
AATCTAGGTTTACTTG-1,0.000022,0.155427,0.016179,0.226609,0.601763
AATCTATGCCGGAGCC-1,0.000025,0.041729,0.146243,0.402826,0.409177
AATCTCTACTGTGGTT-1,0.000022,0.097288,0.06036,0.236098,0.606233
AATCTGCGTTGGGACG-1,0.000021,0.072272,0.023753,0.239176,0.664778
AATCTGGCTTTCTAGT-1,0.007289,0.053975,0.700842,0.031647,0.206248
AATCTGGGTAGACCCT-1,0.000041,0.079147,0.176636,0.000845,0.743331
AATGACAGCAATGTCT-1,0.000018,0.000018,0.004048,0.426544,0.569373
AATGACGTAGGATGTC-1,0.031107,0.079657,0.149438,0.381571,0.358226
AATGACTGTCAGCCGG-1,0.012023,0.062978,0.431241,0.103459,0.390299
AATGAGTTCGCATATG-1,0.000034,0.139081,0.081621,0.05467,0.724594
AATGATGATACGCTAT-1,0.005701,0.185781,0.037854,0.515891,0.254774
AATGATGCGACTCCTG-1,0.000027,0.065467,0.078875,0.080845,0.774785
AATGCAACCGGGTACC-1,0.0024,0.12648,0.058455,0.198565,0.6141
AATGCACCAAGCAATG-1,0.003668,0.15568,0.015862,0.449792,0.374999
AATGGCCGCCAATGCG-1,0.000021,0.098079,0.02763,0.035251,0.839019
AATGGTCCACCGTTCA-1,0.009555,0.014799,0.112141,0.226251,0.637254
AATGGTTCTCACAAGC-1,0.005442,0.0308,0.097211,0.078686,0.787862
AATGTATGGCACTGTA-1,0.015301,0.0027,0.030421,0.239736,0.711842
AATGTGCCCGAGGTGT-1,0.014146,0.000027,0.139102,0.229154,0.617572
AATGTGCTAATCTGAG-1,0.000497,0.026858,0.013549,0.559339,0.399757
AATGTTAAGACCCTGA-1,0.806903,0.17753,0.006647,0.008888,0.000032
AATGTTGTCGTGAGAC-1,0.661199,0.110603,0.116534,0.028223,0.083441
AATTAAAGGTCGGCGT-1,0.006979,0.050184,0.22299,0.16291,0.556938
AATTAACGGATTTCCA-1,0.019513,0.069722,0.277966,0.310976,0.321822
AATTACGAGACCCATC-1,0.000015,0.023934,0.063679,0.284502,0.62787
AATTACTCGTACGCTC-1,0.000043,0.006259,0.246191,0.008887,0.738619
AATTAGCGCTGCAGCG-1,0.000016,0.053095,0.005725,0.465522,0.475642
AATTATACCCAGCAAG-1,0.948016,0.046982,0.001823,0.003154,0.000025
AATTCATAAGGGATCT-1,0.000037,0.564227,0.00012,0.055309,0.380307
AATTCATTGTCATGCA-1,0.009342,0.061297,0.063377,0.175369,0.690615
AATTCCAAGCATGTAC-1,0.001007,0.009087,0.062055,0.523032,0.404819
AATTCGATTCGAGGAT-1,0.049063,0.053521,0.250979,0.241169,0.405268
AATTCTAGAGTTAGGC-1,0.013552,0.009577,0.413945,0.058612,0.504314
AATTGAACGCTCTGGT-1,0.006561,0.06228,0.221197,0.254775,0.455186
AATTGCAGCAATCGAC-1,0.210512,0.173709,0.337059,0.236101,0.04262
AATTGCGTGGATTACA-1,0.024805,0.541542,0.134129,0.113234,0.18629
AATTGTGGTTGCCAAA-1,0.878027,0.006492,0.020374,0.038285,0.056823
AATTTGGGACATAGTA-1,0.00005,0.087595,0.121492,0.007903,0.78296
AATTTGGTTCCAAAGA-1,0.000043,0.538043,0.01038,0.012463,0.439071
ACAAACCATGCGTCCT-1,0.016539,0.006135,0.084853,0.174191,0.718282
ACAAACTCCATCAGAG-1,0.009992,0.989757,0.000031,0.000094,0.000126
ACAAAGAAGGTAGGCC-1,0.007481,0.000016,0.0695,0.167575,0.755428
ACAAAGCATGACCTAG-1,0.017664,0.035419,0.674152,0.160634,0.112131
ACAAATCGCACCGAAT-1,0.000013,0.022091,0.426588,0.373075,0.178233
ACAAATGGTAGTGTTT-1,0.007715,0.152016,0.423608,0.214721,0.201941
ACAAATTCAGATCTGA-1,0.005165,0.057837,0.024893,0.009794,0.902312
ACAACAGCATGAGCTA-1,0.003629,0.05679,0.295519,0.227853,0.416209
ACAACGGTCCCTGCGA-1,0.000034,0.012714,0.1701,0.244717,0.572435
ACAAGCAGTGCCTAGC-1,0.000021,0.012621,0.143997,0.218425,0.624936
ACAAGCTATATGGAAG-1,0.000025,0.087462,0.225386,0.080639,0.606487
ACAAGGAAATCCGCCC-1,0.000207,0.019868,0.104622,0.361649,0.513655
ACAAGGACAAGAGGTT-1,0.000019,0.006615,0.028451,0.14377,0.821144
ACAAGGATGCTTTAGG-1,0.002251,0.001259,0.513321,0.126856,0.356313
ACAAGGCCTACCAGCC-1,0.000044,0.246373,0.073147,0.004353,0.676083
ACAAGGGCAGGCTCTG-1,0.017308,0.071984,0.086372,0.321015,0.503321
ACAATAGTCGTACGTT-1,0.000019,0.000019,0.000769,0.164233,0.83496
ACAATCCATTTAAACC-1,0.00207,0.050674,0.085538,0.23934,0.622379
ACAATGAATACGGAGA-1,0.002723,0.000011,0.011445,0.388151,0.59767
ACAATGATTCTTCTAC-1,0.00891,0.130726,0.279034,0.128118,0.453213
ACAATTGTGTCTCTTT-1,0.001533,0.045125,0.447632,0.300421,0.20529
ACAATTTAGGAGGCTC-1,0.003435,0.004593,0.044559,0.259178,0.688235
ACAATTTGAGCAGTGG-1,0.000055,0.097186,0.085542,0.359195,0.458022
ACAATTTGGCCATATT-1,0.004795,0.03893,0.159329,0.256265,0.540681
ACACAAAGACGGGTGG-1,0.000026,0.077175,0.029906,0.073834,0.819058
ACACAAATATTCCTAG-1,0.000017,0.147789,0.000485,0.173623,0.678086
ACACACCAGGACCAGT-1,0.009688,0.016816,0.199302,0.099814,0.67438
ACACACTTTCTACACG-1,0.000026,0.026718,0.000026,0.143144,0.830086
ACACATGATCAAATCT-1,0.000019,0.02068,0.122464,0.19619,0.660647
ACACATTGACGCAACA-1,0.00938,0.08477,0.164178,0.044985,0.696688
ACACATTTCCGTAGAC-1,0.564102,0.236523,0.163177,0.025829,0.010369
ACACCACATAATTAGC-1,0.004596,0.058858,0.242598,0.126067,0.567881
ACACCCAGCATGCAGC-1,0.016145,0.022758,0.25705,0.091671,0.612377
ACACCCGAGAAATCCG-1,0.000015,0.064398,0.010686,0.179866,0.745035
ACACCGAGCGCTCTTT-1,0.009053,0.045145,0.180271,0.017075,0.748455
ACACCGGTCTGACCGC-1,0.005472,0.041877,0.185287,0.199677,0.567688
ACACCTTAAGTAGGGC-1,0.010237,0.060352,0.10286,0.377784,0.448767
ACACCTTACTACTTGC-1,0.000023,0.086799,0.206045,0.254167,0.452966
ACACGAGACTCCTTCT-1,0.01647,0.057095,0.203864,0.280781,0.44179
ACACGGCACTATGCAT-1,0.000038,0.220012,0.057679,0.015532,0.706739
ACACGGGAACTTAGGG-1,0.000034,0.019218,0.011337,0.208717,0.760695
ACACGTAGGCCACAAG-1,0.032179,0.018405,0.283812,0.210284,0.45532
ACACTCCAATGTCACT-1,0.005444,0.052929,0.13104,0.009572,0.801016
ACACTGATCAAGGTGT-1,0.004125,0.000016,0.031579,0.441097,0.523183
ACACTGGGACAGTCGT-1,0.061153,0.093831,0.541214,0.109988,0.193815
ACAGAACTGAGAACAA-1,0.010102,0.003939,0.154709,0.34724,0.48401
ACAGATTAGGTTAGTG-1,0.000028,0.006372,0.01445,0.084171,0.894979
ACAGCATAGAGCCAGT-1,0.000039,0.022426,0.04391,0.013425,0.9202
ACAGCGACATTCTCAT-1,0.000023,0.007171,0.527538,0.144427,0.320841
ACAGCGCACCCGCAGC-1,0.000023,0.086965,0.026577,0.112808,0.773628
ACAGGCACGGATCCTT-1,0.991042,0.001283,0.00054,0.003516,0.003618
ACAGGCTTGCCCGACT-1,0.000015,0.001132,0.095531,0.473478,0.429843
ACAGGTGGAGGTGAGG-1,0.005437,0.027785,0.037471,0.299469,0.629838
ACAGGTGTGTTGTTGC-1,0.009115,0.000016,0.016329,0.173085,0.801455
ACAGTAATACAACTTG-1,0.024572,0.041593,0.062863,0.362365,0.508607
ACAGTATACCGTGGGA-1,0.000017,0.048579,0.005105,0.9187,0.027598
ACATAAGTCGTGGTGA-1,0.013209,0.049235,0.18687,0.462896,0.28779
ACATAATAAGGCGGTG-1,0.00772,0.107956,0.116108,0.275615,0.492601
ACATCAGCTGGGACGC-1,0.000021,0.044095,0.272511,0.242399,0.440974
ACATCCCGGCCATACG-1,0.01323,0.041423,0.494102,0.069213,0.382032
ACATCCTGGTAACTGT-1,0.002504,0.077801,0.149681,0.211552,0.558462
ACATCGATCGTTTACC-1,0.013742,0.046545,0.336397,0.190533,0.412782
ACATCGGTCAGCCGCG-1,0.003331,0.000018,0.011315,0.327231,0.658105
ACATCGTATGCAATGG-1,0.007796,0.023603,0.076561,0.534479,0.357561
ACATCGTTAACCTAGT-1,0.000149,0.022237,0.077535,0.327531,0.572548
ACATCTCAACGCGTAA-1,0.002243,0.350348,0.276915,0.046993,0.323502
ACATGCTTACGGCAGC-1,0.000058,0.999475,0.000058,0.000175,0.000233
ACATGGCGCCAAAGTA-1,0.000441,0.068826,0.185856,0.235424,0.509453
ACATGGCTCAATTTAG-1,0.000051,0.437207,0.190409,0.003797,0.368536
ACATTAGTTTATATCC-1,0.015036,0.031296,0.076467,0.429541,0.447659
ACATTCGCGCGGAATA-1,0.274852,0.717149,0.007834,0.000071,0.000094
ACATTTGAAACCTAAC-1,0.880093,0.027748,0.009693,0.029108,0.053358
ACCAAACACCCAGCGA-1,0.00001,0.06344,0.00001,0.128927,0.807614
ACCAAACTAGAAATCC-1,0.000024,0.309379,0.003829,0.024325,0.662443
ACCAACACCACACACT-1,0.006011,0.057871,0.023161,0.084287,0.828669
ACCAACCGCACTCCAC-1,0.044248,0.204492,0.53708,0.107632,0.106548
ACCAACGCTTATTTAT-1,0.015733,0.005397,0.278319,0.145478,0.555074
ACCAAGAACGCGTGTC-1,0.006483,0.00002,0.30835,0.052554,0.632593
ACCAAGTCATCGGCAG-1,0.927922,0.010448,0.017298,0.010245,0.034087
ACCAATATGCAAGTTA-1,0.014847,0.038333,0.063348,0.690066,0.193407
ACCACAACTCAGAACA-1,0.010859,0.221972,0.241866,0.118413,0.40689
ACCACAAGTTTCTATC-1,0.000025,0.024596,0.021339,0.32255,0.63149
ACCACACGGTTGATGG-1,0.773783,0.20461,0.018692,0.002877,0.000037
ACCACCAATGTAACAA-1,0.000021,0.054153,0.136092,0.105872,0.703862
ACCACCCTCTCTTCTA-1,0.005601,0.037468,0.218291,0.048727,0.689913
ACCACGTGCAGCTATA-1,0.008831,0.010982,0.103706,0.610108,0.266373
ACCACTGTTCAAGAAG-1,0.000072,0.136214,0.081637,0.003309,0.778767
ACCAGACCATAACAAC-1,0.004348,0.056986,0.177596,0.050001,0.711069
ACCAGCCCGGTCTTTG-1,0.000026,0.009389,0.000026,0.056394,0.934165
ACCAGGAGTGTGATCT-1,0.000139,0.000139,0.197167,0.000418,0.802136
ACCAGTGCCCGGTCAA-1,0.01659,0.126267,0.096417,0.007439,0.753286
ACCAGTGCGGGAGACG-1,0.000028,0.067159,0.635877,0.035439,0.261497
ACCATATCCGCAATAA-1,0.015219,0.028439,0.226187,0.079412,0.650743
ACCATCCGCCAACTAG-1,0.007979,0.011322,0.076976,0.159932,0.743791
ACCATCGTATATGGTA-1,0.012986,0.011855,0.312672,0.439897,0.22259
ACCATTAAGGGTGTCA-1,0.0151,0.065587,0.267962,0.302587,0.348764
ACCCAACGCCCGTGGC-1,0.000021,0.007862,0.439858,0.179255,0.373005
ACCCACCTACATGCTC-1,0.011213,0.053005,0.334322,0.129904,0.471556
ACCCATCTTGAGGGTA-1,0.012257,0.020366,0.049023,0.112919,0.805434
ACCCATTTGTCCCTCT-1,0.027329,0.019687,0.219247,0.139086,0.594651
ACCCGAGCGAAATTAC-1,0.004946,0.003451,0.110212,0.306358,0.575033
ACCCGATTGGTTCCGA-1,0.003318,0.042717,0.649204,0.050254,0.254507
ACCCGGAAACTCCCAG-1,0.024559,0.023789,0.315033,0.343099,0.293521
ACCCGGAGCACCACAA-1,0.824627,0.004302,0.039897,0.041715,0.08946
ACCCGGATGACGCATC-1,0.006279,0.086051,0.348213,0.150115,0.409342
ACCCGGTTACACTTCC-1,0.000026,0.147456,0.019379,0.420543,0.412595
ACCCGTAGCAGAGAAT-1,0.000106,0.999047,0.000106,0.000318,0.000423
ACCCGTAGTCTAGTTG-1,0.959055,0.003093,0.005612,0.004147,0.028092
ACCCGTGTCATCAGTA-1,0.01339,0.024373,0.059534,0.570449,0.332254
ACCCTATAGGACTGAG-1,0.000038,0.204417,0.295989,0.156915,0.342642
ACCCTATGCCATATCG-1,0.011858,0.012815,0.226847,0.307667,0.440813
ACCCTCCCGTCAGGGC-1,0.825965,0.006939,0.003539,0.126365,0.037191
ACCCTCCCTTGCTATT-1,0.00002,0.000851,0.124859,0.395808,0.478462
ACCCTGGTAACGCCCT-1,0.000016,0.011241,0.01873,0.161018,0.808994
ACCCTTCATCTGCGAA-1,0.000029,0.076828,0.002971,0.289033,0.631139
ACCCTTGCCTGGGTCG-1,0.000023,0.072193,0.170781,0.120997,0.636005
ACCCTTTAGTTCTCCA-1,0.000023,0.004915,0.012393,0.167497,0.815171
ACCGAAAGGGCCCTGC-1,0.000028,0.042164,0.038361,0.084244,0.835201
ACCGAAGAGTCTGGTT-1,0.0395,0.116198,0.120259,0.505015,0.219028
ACCGACACATCTCCCA-1,0.005161,0.009075,0.29337,0.4837,0.208694
ACCGACTGAGTCCCAC-1,0.003338,0.032201,0.315441,0.100428,0.548591
ACCGAGTCTCCTTATT-1,0.555928,0.156593,0.218896,0.052155,0.016429
ACCGATAGGCATAACC-1,0.361022,0.063072,0.366454,0.082384,0.127067
ACCGATATTTAATCAT-1,0.029651,0.068402,0.282276,0.156031,0.46364
ACCGATGGTAGCATCG-1,0.001882,0.014864,0.005952,0.371994,0.605308
ACCGCAATAACTGCCT-1,0.003048,0.046786,0.359092,0.280338,0.310735
ACCGCGGTGGAAGTCG-1,0.000016,0.000399,0.020444,0.309156,0.669985
ACCGCTAGTCATTGGT-1,0.031064,0.915698,0.006864,0.008891,0.037483
ACCGGGCCTTTGTTGA-1,0.002423,0.155352,0.202045,0.143495,0.496685
ACCGGTCAGGTACACC-1,0.000025,0.016618,0.220006,0.245512,0.517839
ACCGGTCTGAGTACGG-1,0.000051,0.066824,0.043789,0.062845,0.826491
ACCGTCCACTGGGCCC-1,0.001903,0.100415,0.095892,0.155715,0.646075
ACCGTGACCACGTGGG-1,0.008632,0.001337,0.342763,0.196028,0.451239
ACCGTTCCCGCTCTGA-1,0.004963,0.00789,0.004952,0.27819,0.704005
ACCTAAGTACCTTTCA-1,0.00067,0.002458,0.025533,0.343933,0.627408
ACCTAATCGACTTCCT-1,0.00004,0.00004,0.120672,0.184052,0.695195
ACCTACAGTATGTGGT-1,0.006293,0.083939,0.224148,0.22444,0.46118
ACCTACTATAAATCTA-1,0.010811,0.036787,0.503738,0.19406,0.254604
ACCTCCGCCCTCGCTG-1,0.00158,0.000023,0.034618,0.450537,0.513242
ACCTCCGTTATTCACC-1,0.00002,0.091646,0.002009,0.202006,0.704319
ACCTCGAACTTATGCT-1,0.004736,0.003997,0.215092,0.156505,0.619668
ACCTGCGTGTCATGTT-1,0.027061,0.241341,0.024758,0.573786,0.133054
ACGAAATGGGCGGCAC-1,0.015976,0.010668,0.145261,0.260948,0.567146
ACGACTCTAGGGCCGA-1,0.941101,0.002242,0.009117,0.02451,0.02303
ACGACTGGTCATACTC-1,0.020409,0.000172,0.027889,0.156562,0.794968
ACGAGAACCCATCACG-1,0.000032,0.079692,0.084371,0.122717,0.713188
ACGAGATATTTGCTTA-1,0.00003,0.051081,0.307524,0.322252,0.319113
ACGAGGATACCACTCT-1,0.000872,0.000822,0.103769,0.319735,0.574801
ACGAGGTTTACAACGT-1,0.086649,0.380461,0.01293,0.444768,0.075191
ACGAGTACGGATGCCC-1,0.004869,0.073305,0.04758,0.139984,0.734262
ACGAGTCGCCGGCGTT-1,0.000118,0.250699,0.079324,0.014494,0.655365
ACGATACATAGAACTA-1,0.001421,0.126525,0.074296,0.188683,0.609075
ACGATACCTATCCTGA-1,0.000022,0.044675,0.092264,0.264564,0.598475
ACGATCATACATAGAG-1,0.000029,0.015107,0.102312,0.229133,0.653418
ACGATCATCTTGTAAA-1,0.002081,0.134479,0.25221,0.104995,0.506235
ACGATGCATATGTTAT-1,0.010533,0.047148,0.14637,0.336815,0.459133
ACGATGGATCCGATGC-1,0.000025,0.001694,0.114205,0.094392,0.789684
ACGCAAACTAATAGAT-1,0.011704,0.002094,0.050737,0.289305,0.64616
ACGCAATCACTACAGC-1,0.000045,0.04174,0.09499,0.056315,0.80691
ACGCATAAATGACATG-1,0.000032,0.117443,0.070485,0.023125,0.788915
ACGCATACGTTTACTA-1,0.008502,0.012369,0.602837,0.06401,0.312282
ACGCATTCGTGAGTAC-1,0.000029,0.125148,0.079409,0.222755,0.572658
ACGCCACTCGAAACAG-1,0.637611,0.226533,0.054642,0.051031,0.030183
ACGCCAGATGATTTCT-1,0.003637,0.010529,0.002199,0.438305,0.54533
ACGCCAGTGCGTTTGC-1,0.737067,0.011315,0.008694,0.229762,0.013163
ACGCCCAGCTGTCGAT-1,0.000077,0.187838,0.020928,0.009987,0.78117
ACGCCGCTAGACGACC-1,0.009004,0.117277,0.097719,0.277534,0.498466
ACGCGAAGTCAGACGA-1,0.002775,0.010043,0.035204,0.295179,0.656799
ACGCGCTACACAGGGT-1,0.000042,0.000531,0.378846,0.099772,0.520809
ACGCGGGCCAAGGACA-1,0.000018,0.045909,0.010999,0.380322,0.562753
ACGCGTTTCTTAAGAG-1,0.000021,0.02453,0.028025,0.09142,0.856003
ACGCTACTGAATGGGC-1,0.93336,0.04351,0.000015,0.008851,0.014263
ACGCTAGTGATACACT-1,0.000035,0.228755,0.204534,0.083771,0.482905
ACGCTGTGAGGCGTAG-1,0.017865,0.03166,0.071338,0.423893,0.455244
ACGCTTAGTGTCTCTC-1,0.000035,0.023223,0.061377,0.089417,0.825948
ACGGAACACGAGTGCC-1,0.638947,0.350182,0.000354,0.010466,0.000051
ACGGAATTTAGCAAAT-1,0.007846,0.025873,0.070164,0.229271,0.666846
ACGGACGCAGCGACAA-1,0.000088,0.999212,0.000088,0.000263,0.00035
ACGGACTCTCAAAGCG-1,0.004841,0.003566,0.194958,0.438437,0.358197
ACGGAGCGCAAATTAC-1,0.000295,0.063814,0.000012,0.25265,0.683229
ACGGATGGTGCGGATA-1,0.009128,0.001655,0.11256,0.401261,0.475396
ACGGCACTTGCTTGGG-1,0.013148,0.000044,0.227489,0.266271,0.493048
ACGGCCAACATGGACT-1,0.001548,0.002159,0.226799,0.43185,0.337644
ACGGCGACGATGGGAA-1,0.005288,0.071999,0.434303,0.36607,0.122341
ACGGCGGGTTGCCCTG-1,0.000025,0.013853,0.069912,0.030379,0.885831
ACGGCTGGATGTAGAA-1,0.008493,0.04651,0.315312,0.075602,0.554083
ACGGGAGTGTCGGCCC-1,0.00239,0.000018,0.051754,0.275175,0.670663
ACGGGCGTATGCGACA-1,0.000029,0.109412,0.200636,0.015747,0.674176
ACGGGTCATGTGACTT-1,0.006381,0.018259,0.166355,0.113934,0.695071
ACGGGTTGTGACCTGT-1,0.000148,0.960031,0.000148,0.000445,0.039228
ACGGTACAGTTCAATG-1,0.960032,0.006802,0.001827,0.008716,0.022623
ACGGTCACCGAGAACA-1,0.068748,0.661664,0.026251,0.083393,0.159943
ACGTACAGATTTCTCT-1,0.000033,0.011276,0.116593,0.171424,0.700675
ACGTACTTTGGCACGG-1,0.05579,0.073618,0.124625,0.559587,0.18638
ACGTAGATTGCTGATG-1,0.000031,0.000031,0.526694,0.068411,0.404832
ACGTAGGAGAGTCGCT-1,0.173286,0.02922,0.366705,0.305843,0.124947
ACGTATTACTCCGATC-1,0.002245,0.093825,0.092086,0.401604,0.41024
ACGTCGGGCAACTCGG-1,0.077338,0.921123,0.001345,0.000083,0.000111
ACGTCTCGTTCCGGGA-1,0.000019,0.002063,0.078144,0.107971,0.811802
ACGTGACAAAGTAAGT-1,0.009426,0.000424,0.150364,0.2031,0.636686
ACGTGCGCCTCGTGCA-1,0.000018,0.021278,0.000056,0.90258,0.076067
ACGTTAATGTCGAAGA-1,0.004837,0.000022,0.048613,0.256837,0.689692
ACGTTAGATTTGCCCG-1,0.00003,0.00003,0.096848,0.204044,0.699049
ACGTTATTGGTCACTC-1,0.000028,0.000028,0.010806,0.19217,0.796968
ACGTTCACTATGCCGC-1,0.322816,0.672594,0.001498,0.003031,0.000061
ACGTTCCGCGCTCCGT-1,0.000031,0.22054,0.002085,0.040699,0.736644
ACGTTCGCAATCAATT-1,0.007504,0.032957,0.009711,0.176759,0.77307
ACGTTCGTTCAGGAAA-1,0.000013,0.000013,0.017179,0.381209,0.601586
ACGTTCTGTACAAGTC-1,0.007375,0.005201,0.01192,0.482146,0.493357
ACGTTGTCGTTGAAAG-1,0.0007,0.993705,0.000699,0.002098,0.002798
ACGTTTAGTTGTGATC-1,0.004114,0.000042,0.024585,0.153066,0.818193
ACTAAGGACGCACACC-1,0.000039,0.311614,0.016686,0.023872,0.647789
ACTAATACGTCAGGCG-1,0.002138,0.065932,0.23106,0.065079,0.635792
ACTACAAAGAGAGGTG-1,0.033949,0.075469,0.293041,0.310855,0.286686
ACTACATCCCGACAAG-1,0.01227,0.000513,0.155056,0.140669,0.691492
ACTACCAGCTCTCTGG-1,0.000026,0.000026,0.004411,0.212363,0.783174
ACTACCATCCGAGGGC-1,0.000114,0.935751,0.000114,0.000343,0.063678
ACTACGCGTTAGAATT-1,0.031651,0.052335,0.496092,0.246321,0.173601
ACTAGTTGCGATCGTC-1,0.00002,0.000917,0.031042,0.584075,0.383945
ACTATATGCTGTGTTC-1,0.002248,0.136446,0.071493,0.254907,0.534907
ACTATCCAGGGCATGG-1,0.002274,0.059489,0.019204,0.339712,0.579321
ACTATCGCCGGCTAAA-1,0.000023,0.06404,0.299213,0.089776,0.546947
ACTATCTGCCCGCGTA-1,0.005719,0.018373,0.179375,0.282994,0.513539
ACTATGTCCAGCTGCC-1,0.008526,0.006094,0.459798,0.060963,0.464619
ACTATTCGTCCGTGGT-1,0.000029,0.060325,0.012992,0.098974,0.82768
ACTATTTCCGGGCCCA-1,0.012662,0.000642,0.202711,0.39842,0.385565
ACTCAACGAATGTATT-1,0.00281,0.059592,0.091507,0.24343,0.60266
ACTCAAGTGCAAGGCT-1,0.000012,0.000012,0.006984,0.906722,0.08627
ACTCAATAAAGGCACG-1,0.000025,0.012171,0.036891,0.0924,0.858513
ACTCAGACCTGCTTCT-1,0.000027,0.048144,0.010474,0.270513,0.670842
ACTCATGGCAGCCTTC-1,0.019045,0.076398,0.256368,0.137285,0.510904
ACTCCAATATCATCAT-1,0.000018,0.000018,0.285867,0.116566,0.59753
ACTCCCATTCCTAAAG-1,0.008964,0.00023,0.144856,0.209754,0.636196
ACTCCCGAATTCGTTT-1,0.002694,0.109532,0.25994,0.142708,0.485126
ACTCCCGTAGACTAGG-1,0.006169,0.086243,0.290627,0.219,0.397962
ACTCCCTAATGCTAAA-1,0.002891,0.000009,0.004401,0.678199,0.3145
ACTCCCTAGAATAGTA-1,0.011182,0.095477,0.079522,0.566096,0.247723
ACTCCGGCCGACCACT-1,0.832379,0.048849,0.102755,0.013162,0.002855
ACTCGATGTATTTCAT-1,0.000033,0.057418,0.234514,0.059335,0.6487
ACTCGCCGTTCGATAA-1,0.768503,0.065843,0.031916,0.051317,0.082422
ACTCGCGATCTGACGC-1,0.026816,0.38154,0.51559,0.039897,0.036157
ACTCGTAACCCGTCCT-1,0.021352,0.00263,0.129201,0.596968,0.249849
ACTCGTCAGTAATCCC-1,0.000015,0.000015,0.01603,0.689215,0.294725
ACTCTAAACCTGGGAT-1,0.012708,0.063325,0.272732,0.078127,0.573108
ACTCTCTGACTTAGGT-1,0.000038,0.098147,0.16892,0.263787,0.469107
ACTCTCTTATACACGA-1,0.003521,0.083839,0.042371,0.344354,0.525916
ACTCTGACCTAATAGA-1,0.928653,0.006449,0.012892,0.007194,0.044812
ACTCTTCAGCTCCCGC-1,0.011886,0.627412,0.179942,0.067937,0.112824
ACTCTTGTATAGTAAC-1,0.000043,0.078675,0.047713,0.304583,0.568986
ACTGAAACGCCGTTAG-1,0.021838,0.002599,0.042264,0.897923,0.035376
ACTGAATGGCGAAAGT-1,0.009679,0.031278,0.067108,0.394379,0.497556
ACTGATTTAGTGATTC-1,0.000028,0.026217,0.085402,0.130992,0.75736
ACTGCCCGCCATTCTC-1,0.008899,0.018351,0.254908,0.22209,0.495752
ACTGCCGTCGTAACTC-1,0.000039,0.303093,0.079744,0.103972,0.513152
ACTGCGGACACACCGT-1,0.000013,0.013268,0.000013,0.267849,0.718858
ACTGCTCGGAAGGATG-1,0.007247,0.038922,0.040447,0.188863,0.724521
ACTGGCGAACCTGCGT-1,0.00002,0.159608,0.00002,0.840271,0.000081
ACTGGGATGCCAGTGC-1,0.443592,0.349879,0.083243,0.115385,0.007901
ACTGTACGATACACAT-1,0.004399,0.021881,0.049432,0.313961,0.610328
ACTGTAGCACTTTGGA-1,0.000023,0.047667,0.010703,0.18445,0.757158
ACTGTATACGCGAGCA-1,0.00591,0.081102,0.186297,0.110794,0.615897
ACTGTCCAGGATTATA-1,0.009606,0.005332,0.191535,0.529003,0.264524
ACTGTCTTCTTTAGAA-1,0.000031,0.06075,0.298688,0.040508,0.600023
ACTGTGCTAGTAGATC-1,0.00004,0.00004,0.013012,0.314822,0.672086
ACTGTTTAGTGTAGGC-1,0.000093,0.000093,0.120688,0.00028,0.878845
ACTTACCGGGCGCGCA-1,0.008999,0.222175,0.355827,0.042297,0.370703
ACTTACGCATCCACGC-1,0.003961,0.002548,0.2857,0.540556,0.167235
ACTTAGTACGACAAGA-1,0.000046,0.00941,0.042879,0.358852,0.588812
ACTTATACTTACCCGG-1,0.003603,0.029472,0.032721,0.404638,0.529567
ACTTATTAGGATCGGT-1,0.020846,0.028165,0.062593,0.245555,0.642841
ACTTATTTATGTGCCA-1,0.000033,0.104642,0.350328,0.201095,0.343901
ACTTCAGGCTGATCCC-1,0.000019,0.001048,0.041201,0.598107,0.359625
ACTTCCAGTGGAAGCT-1,0.051425,0.041943,0.122157,0.164445,0.62003
ACTTCCATGCGGGACA-1,0.003059,0.008819,0.115511,0.411514,0.461097
ACTTCGCCATACGCAC-1,0.000022,0.045978,0.013293,0.482578,0.458129
ACTTCGCTAGCGAGTG-1,0.000027,0.170232,0.156657,0.159114,0.513971
ACTTGACTCCCTCTTT-1,0.000024,0.09274,0.000024,0.448227,0.458985
ACTTGCCATATTGTAC-1,0.01335,0.05365,0.109452,0.02667,0.796878
ACTTGCTCTATCTACC-1,0.124576,0.734794,0.024187,0.008228,0.108214
ACTTGGGACCCGGTGG-1,0.008712,0.000021,0.032699,0.407439,0.551129
ACTTGTAGTCCCTTCA-1,0.006645,0.002965,0.051465,0.191534,0.747391
ACTTGTGGATGGAACG-1,0.003849,0.013557,0.288159,0.243163,0.451273
ACTTGTTACCGGATCA-1,0.631335,0.36332,0.004129,0.00118,0.000037
ACTTTACCCTCATGAA-1,0.00053,0.093897,0.088627,0.083703,0.733242
ACTTTATACACCACTT-1,0.000239,0.997851,0.000239,0.000716,0.000955
ACTTTCCTATAGCTTC-1,0.006527,0.052537,0.321544,0.080284,0.539107
ACTTTGACTGCATCCT-1,0.000027,0.011904,0.339869,0.172225,0.475975
ACTTTGGTCGTGCTCC-1,0.011429,0.010623,0.111672,0.198764,0.667511
ACTTTGTCGACGCACT-1,0.032146,0.068748,0.315144,0.151388,0.432574
AGAAATTATGACTCGC-1,0.003192,0.007437,0.252324,0.266934,0.470113
AGAACACGGCGATGGT-1,0.000125,0.998879,0.000125,0.000374,0.000498
AGAACCCAGCGTGACA-1,0.007027,0.085918,0.291388,0.139111,0.476556
AGAACCCTCAATTGGG-1,0.018483,0.021594,0.178261,0.083998,0.697663
AGAACGTGGTACATTC-1,0.003672,0.090206,0.006941,0.280207,0.618973
AGAACTGTACTTTGTA-1,0.999967,0.000004,0.000004,0.000011,0.000015
AGAAGAGCGCCGTTCC-1,0.000211,0.062561,0.095144,0.175968,0.666115
AGAAGGTACACTTCAC-1,0.00873,0.048578,0.224908,0.340927,0.376857
AGAAGGTTGCCGAATT-1,0.003547,0.000029,0.062043,0.259322,0.675059
AGAAGGTTGTAGGTCG-1,0.011,0.002664,0.2802,0.374265,0.331871
AGAAGTGATTCGTGAT-1,0.000018,0.016517,0.052449,0.449258,0.481758
AGAATAAATCTTCAGG-1,0.004238,0.01424,0.022135,0.581383,0.378003
AGAATACAGGCTATCC-1,0.933451,0.034964,0.030095,0.001453,0.000038
AGAATGCGGGTTCGGA-1,0.01554,0.002243,0.00768,0.263073,0.711464
AGAATTATGGATTCGA-1,0.000022,0.072688,0.004651,0.278378,0.644261
AGAATTGTTTGACATA-1,0.000018,0.002194,0.309873,0.209287,0.478629
AGACAGCTCAGAATCC-1,0.00002,0.000728,0.089204,0.224331,0.685717
AGACAGGCATCTCAGC-1,0.115729,0.035783,0.610474,0.013196,0.224818
AGACATAGATCCTTCC-1,0.000057,0.084402,0.109377,0.020572,0.785593
AGACCAAACCACACCT-1,0.013839,0.051719,0.120995,0.164168,0.649279
AGACCATGGGATACAA-1,0.000016,0.003206,0.216433,0.165005,0.615339
AGACCCACCGCTGATC-1,0.006395,0.000017,0.026752,0.346554,0.620282
AGACCCGCCCTCCTCG-1,0.003221,0.053993,0.061118,0.190791,0.690876
AGACCGCTCCGCGGTT-1,0.001135,0.11822,0.364449,0.288919,0.227277
AGACCGGGAAACCCTG-1,0.002284,0.000016,0.099562,0.240417,0.65772
AGACGAAGTGCCGGTC-1,0.006468,0.015741,0.026906,0.427435,0.523449
AGACGACGATGCCGCT-1,0.004326,0.000027,0.331307,0.089681,0.574659
AGACGCCCACTTCGCC-1,0.942625,0.003042,0.007302,0.015807,0.031223
AGACGGGCCGATTTAA-1,0.003587,0.018766,0.043991,0.086588,0.847068
AGACTAGCCTTCCAGA-1,0.000027,0.023896,0.110236,0.458679,0.407162
AGACTGTTACCGGGTC-1,0.019821,0.035017,0.381714,0.248515,0.314932
AGAGAAACACCAGAAA-1,0.011303,0.122018,0.546182,0.080991,0.239505
AGAGAACCGTCTAGGA-1,0.000027,0.129846,0.223262,0.094542,0.552323
AGAGAAGGAGTACAAT-1,0.016007,0.000015,0.064495,0.197166,0.722318
AGAGATCTCTAAAGCG-1,0.000013,0.000013,0.007294,0.432564,0.560115
AGAGCAGTTATGAGAC-1,0.012184,0.040711,0.207593,0.167544,0.571968
AGAGCCGCCGAGATTT-1,0.011029,0.004043,0.322497,0.179155,0.483275
AGAGCGCTTGTAACGG-1,0.001261,0.068018,0.004142,0.25429,0.672288
AGAGCGGGCTAATCAT-1,0.014581,0.10054,0.225786,0.183069,0.476024
AGAGCGTACAAGCTCG-1,0.005126,0.047479,0.21503,0.081691,0.650674
AGAGCTACGAAAGCAT-1,0.000026,0.253286,0.049361,0.117484,0.579843
AGAGGCTTCGGAAACC-1,0.00904,0.046078,0.38734,0.180645,0.376896
AGAGGGACAATTGTCC-1,0.000025,0.016727,0.007905,0.119109,0.856234
AGAGGTATCTCGGTCC-1,0.000154,0.076223,0.027508,0.000462,0.895653
AGAGTAAACTTCACTA-1,0.008495,0.000014,0.085101,0.25057,0.65582
AGAGTATAGTGTTACG-1,0.000023,0.162299,0.095773,0.224963,0.516942
AGAGTGAACAGACACC-1,0.000074,0.151126,0.178254,0.07297,0.597576
AGAGTTAGAGACCGAT-1,0.00003,0.078629,0.003645,0.074959,0.842737
AGAGTTGCAGGCCTCC-1,0.000029,0.362978,0.00574,0.029437,0.601816
AGATAACTTCAGGGCC-1,0.000021,0.004763,0.358274,0.146374,0.490569
AGATACCAATAGAACC-1,0.730705,0.043138,0.088488,0.043044,0.094625
AGATACCAGCACTTCA-1,0.000021,0.119897,0.094024,0.096043,0.690016
AGATACCGGTGTTCAC-1,0.000867,0.000016,0.025514,0.377745,0.595858
AGATACGACTTCATAT-1,0.003699,0.04513,0.22369,0.080055,0.647426
AGATACTCAAGATCGA-1,0.002775,0.000017,0.0259,0.30695,0.664357
AGATATAATACGACTA-1,0.011296,0.009225,0.338182,0.216223,0.425074
AGATCGTGCATAAGAT-1,0.00217,0.148623,0.059369,0.161722,0.628117
