Barcode,Topic 1,Topic 2,Topic 3to5,Topic 6,Topic 7,Topic 8
AAACAACGAATAGTTC-1,0.000038,0.00787,0.383693,0.001843,0.506523,0.100034
AAACAAGTATCTCCCA-1,0.001597,0.032797,0.51821,0.093177,0.255909,0.09831
AAACAATCTACTAGCA-1,0.032653,0.000034,0.354747,0.044324,0.438407,0.129836
AAACACCAATAACTGC-1,0.124404,0.26029,0.614909,0.000133,0.000133,0.000133
AAACAGAGCGACTCCT-1,0.092472,0.324878,0.494419,0.048828,0.039328,0.000075
AAACAGCTTTCAGAAG-1,0.728064,0.271576,0.00018,0.00006,0.00006,0.00006
AAACAGGGTCTATATT-1,0.288555,0.644141,0.067,0.000101,0.000101,0.000101
AAACAGTGTTCCTGGG-1,0.000053,0.002821,0.830891,0.000053,0.160865,0.005317
AAACATGGTGAGAGGA-1,0.581765,0.416463,0.001551,0.000074,0.000074,0.000074
AAACATTTCCCGGATT-1,0.088429,0.012652,0.434674,0.172644,0.179053,0.112548
AAACCACTACACAGAT-1,0.156527,0.000039,0.505095,0.122896,0.191067,0.024376
AAACCCGAACGAAATC-1,0.005228,0.052527,0.201453,0.092457,0.100452,0.547882
AAACCGGAAATGTTAA-1,0.16216,0.012447,0.477629,0.058204,0.250506,0.039055
AAACCGGGTAGGTACC-1,0.34389,0.588343,0.000779,0.00026,0.066468,0.00026
AAACCGTTCGTCCAGG-1,0.000703,0.751447,0.245739,0.000703,0.000703,0.000703
AAACCTAAGCAGCCGG-1,0.059271,0.033648,0.643007,0.078127,0.180701,0.005248
AAACCTCATGAAGTTG-1,0.000137,0.907047,0.092406,0.000137,0.000137,0.000137
AAACGAAGAACATACC-1,0.039335,0.02436,0.63491,0.092499,0.106127,0.102768
AAACGAAGATGGAGTA-1,0.379748,0.61211,0.007909,0.000078,0.000078,0.000078
AAACGACAGTCTTGCC-1,0.013715,0.089509,0.603646,0.222126,0.013796,0.057207
AAACGAGACGGTTGAT-1,0.028517,0.043914,0.256932,0.040998,0.587205,0.042434
AAACGCCCGAGATCGG-1,0.001008,0.048786,0.419694,0.085705,0.281056,0.163751
AAACGCTGGGCACGAC-1,0.000041,0.048174,0.919363,0.008502,0.023879,0.000041
AAACGGGCGTACGGGT-1,0.130622,0.000035,0.13147,0.301143,0.274465,0.162264
AAACGGGTTGGTATCC-1,0.000056,0.008195,0.484157,0.001767,0.37183,0.133994
AAACGGTTGCGAACTG-1,0.000056,0.000056,0.665535,0.038566,0.23455,0.061238
AAACGTGTTCGCCCTA-1,0.143211,0.055716,0.312299,0.137517,0.247544,0.103713
AAACTAACGTGGCGAC-1,0.000027,0.018911,0.049468,0.000219,0.734386,0.196989
AAACTCGGTTCGCAAT-1,0.014987,0.000044,0.15832,0.063255,0.700431,0.062962
AAACTCGTGATATAAG-1,0.274045,0.725192,0.000381,0.000127,0.000127,0.000127
AAACTGCTGGCTCCAA-1,0.000066,0.000066,0.583655,0.039321,0.272207,0.104685
AAACTTAATTGCACGC-1,0.16457,0.834927,0.000252,0.000084,0.000084,0.000084
AAACTTGCAAACGTAT-1,0.568288,0.299447,0.110387,0.012172,0.000043,0.009664
AAAGAATGACCTTAGA-1,0.500911,0.481444,0.017499,0.000049,0.000049,0.000049
AAAGAATGTGGACTAA-1,0.000055,0.002415,0.742589,0.066249,0.16933,0.019364
AAAGACATGAAGTTTA-1,0.009826,0.008177,0.878272,0.000137,0.032368,0.07122
AAAGACCCAAGTCGCG-1,0.089093,0.009951,0.769565,0.049367,0.078893,0.003132
AAAGACTGGGCGCTTT-1,0.362929,0.51993,0.000494,0.116316,0.000165,0.000165
AAAGCTTGCCTACATA-1,0.706843,0.289579,0.001789,0.000596,0.000596,0.000596
AAAGGCCCTATAATAC-1,0.081538,0.721448,0.055774,0.038734,0.000085,0.102422
AAAGGCTACGGACCAT-1,0.105707,0.000188,0.450286,0.047352,0.337003,0.059463
AAAGGCTCTCGCGCCG-1,0.000058,0.000058,0.297247,0.041608,0.467397,0.193632
AAAGGGATGTAGCAAG-1,0.084134,0.000071,0.203106,0.129434,0.40181,0.181445
AAAGGGCAGCTTGAAT-1,0.000067,0.081605,0.696529,0.000067,0.182994,0.038737
AAAGGTAAGCTGTACC-1,0.000071,0.013891,0.523616,0.02796,0.382847,0.051616
AAAGGTCAACGACATG-1,0.14795,0.001742,0.03898,0.198734,0.378545,0.23405
AAAGTAGCATTGCTCA-1,0.042539,0.023912,0.358146,0.021199,0.530299,0.023904
AAAGTCACTGATGTAA-1,0.000055,0.000055,0.469343,0.174504,0.190812,0.165231
AAAGTCGACCCTCAGT-1,0.306085,0.599967,0.060489,0.033305,0.000077,0.000077
AAAGTGCCATCAATTA-1,0.06705,0.066615,0.339223,0.040634,0.365255,0.121223
AAAGTGTGATTTATCT-1,0.000056,0.000056,0.248585,0.178954,0.546029,0.026321
AAAGTTGACTCCCGTA-1,0.004869,0.000042,0.175237,0.034901,0.699458,0.085493
AAATAACCATACGGGA-1,0.720462,0.219765,0.059635,0.000046,0.000046,0.000046
AAATAAGGTAGTGCCC-1,0.459673,0.456881,0.083228,0.000073,0.000073,0.000073
AAATACCTATAAGCAT-1,0.070558,0.00431,0.63198,0.083351,0.144387,0.065415
AAATAGCTTAGACTTT-1,0.388823,0.486184,0.117987,0.006873,0.000066,0.000066
AAATAGGGTGCTATTG-1,0.000037,0.000037,0.298112,0.016676,0.536194,0.148944
AAATCACTCCTAAACG-1,0.040843,0.081899,0.000118,0.877061,0.000039,0.000039
AAATCCGATACACGCC-1,0.000031,0.000031,0.17018,0.087951,0.662621,0.079185
AAATCGCGGAAGGAGT-1,0.636901,0.210068,0.000144,0.152791,0.000048,0.000048
AAATCGTGTACCACAA-1,0.000041,0.000041,0.116994,0.045088,0.776397,0.06144
AAATCTAGCCCTGCTA-1,0.197456,0.052074,0.197394,0.10625,0.372757,0.074068
AAATCTGCCCGCGTCC-1,0.504561,0.280641,0.006907,0.024476,0.053371,0.130044
AAATGACTGATCAAAC-1,0.000056,0.014468,0.820333,0.00849,0.110697,0.045957
AAATGATTCGATCAGC-1,0.587832,0.335487,0.000269,0.045393,0.00009,0.030929
AAATGCTCGTTACGTT-1,0.00007,0.00007,0.409057,0.044407,0.442958,0.103437
AAATGGCATGTCTTGT-1,0.639849,0.004975,0.084841,0.114927,0.035068,0.12034
AAATGGCCCGTGCCCT-1,0.020659,0.628874,0.268497,0.029585,0.000088,0.052297
AAATGGTCAATGTGCC-1,0.000069,0.019631,0.21305,0.043576,0.716825,0.006849
AAATGTATCTTATCCC-1,0.386731,0.60953,0.001869,0.000623,0.000623,0.000623
AAATGTGGGTGCTCCT-1,0.000043,0.009672,0.226276,0.3051,0.216623,0.242286
AAATTAACGGGTAGCT-1,0.000083,0.000083,0.377666,0.016294,0.470056,0.135818
AAATTAATAAGCGCGA-1,0.178033,0.714187,0.10717,0.000204,0.000204,0.000204
AAATTACACGACTCTG-1,0.521326,0.430646,0.028194,0.019678,0.000078,0.000078
AAATTACCTATCGATG-1,0.952323,0.027004,0.003598,0.000356,0.016245,0.000474
AAATTCCAGGTCCAAA-1,0.134773,0.78373,0.081235,0.000087,0.000087,0.000087
AAATTGATAGTCCTTT-1,0.010518,0.03662,0.708921,0.038884,0.151886,0.053171
AAATTGCGGCGGTTCT-1,0.044594,0.000038,0.067031,0.008826,0.808108,0.071403
AAATTGGTGAGAAGCA-1,0.001635,0.565672,0.430962,0.000577,0.000577,0.000577
AAATTTACCGAAATCC-1,0.158598,0.048009,0.265994,0.063213,0.427734,0.036452
AAATTTGCGGGTGTGG-1,0.00005,0.002012,0.521074,0.069769,0.373684,0.033411
AACAACTGGTAGTTGC-1,0.000107,0.020245,0.979326,0.000107,0.000107,0.000107
AACAATACATTGTCGA-1,0.000042,0.000042,0.557747,0.003739,0.421111,0.017319
AACAATTACTCTACGC-1,0.101826,0.02648,0.48202,0.193492,0.160279,0.035903
AACACACGCTCGCCGC-1,0.000052,0.000052,0.75517,0.021937,0.126869,0.095921
AACACGACTGTACTGA-1,0.131469,0.01745,0.433998,0.000103,0.269515,0.147465
AACACGAGACGCGGCC-1,0.391199,0.379768,0.199233,0.000041,0.000041,0.029719
AACACGCGGCCGCGAA-1,0.000059,0.000059,0.958836,0.000059,0.007934,0.033054
AACAGCTGTGTGGCAA-1,0.000051,0.000051,0.906108,0.000051,0.090212,0.003527
AACAGGAAATCGAATA-1,0.192467,0.011928,0.077935,0.222357,0.061791,0.433522
AACAGGATGGGCCGCG-1,0.085659,0.022272,0.099931,0.003208,0.73129,0.057641
AACAGGTAGTATGGAT-1,0.041222,0.000031,0.003177,0.003439,0.766459,0.185671
AACATAGCGTGTATCG-1,0.000051,0.000051,0.127092,0.016382,0.799577,0.056847
AACATATCAACTGGTG-1,0.341158,0.039443,0.418615,0.139104,0.019959,0.041722
AACATCGATACGTCTA-1,0.016779,0.106121,0.765309,0.081369,0.00588,0.024542
AACATTGAAGTTGATC-1,0.488254,0.422327,0.089183,0.000079,0.000079,0.000079
AACATTGGTCAGCCGT-1,0.008358,0.000044,0.175426,0.004261,0.127933,0.683977
AACATTGTGACTCGAG-1,0.000061,0.005688,0.70538,0.016513,0.270037,0.002322
AACCAAGACTTCTCTG-1,0.289039,0.243527,0.02364,0.353034,0.000266,0.090494
AACCAGTATCACTCTT-1,0.723138,0.206667,0.0484,0.000096,0.000096,0.021603
AACCATAGGGTTGAAC-1,0.000126,0.825885,0.173612,0.000126,0.000126,0.000126
AACCATGGGATCGCTA-1,0.000063,0.000063,0.550935,0.07299,0.313223,0.062727
AACCCAGAGACGGAGA-1,0.000057,0.000057,0.421915,0.120543,0.384809,0.072619
AACCCATCCCATGATC-1,0.085139,0.712451,0.012554,0.155951,0.000075,0.03383
AACCCGACAACCCGTG-1,0.000054,0.000054,0.964564,0.014335,0.020939,0.000054
AACCCGAGCAGAATCG-1,0.080624,0.006192,0.227746,0.263782,0.288487,0.133168
AACCCGATAGGGCTTC-1,0.254535,0.066927,0.586721,0.0129,0.0535,0.025416
AACCCGCTGTATTCCA-1,0.035285,0.001751,0.283625,0.159777,0.422342,0.097219
AACCCTACTGTCAATA-1,0.000064,0.000064,0.717105,0.018568,0.248713,0.015484
AACCCTGGTGGAACCA-1,0.677493,0.040945,0.062163,0.058492,0.028416,0.13249
AACCGAGCTTGGTCAT-1,0.42563,0.388783,0.024297,0.117862,0.0001,0.043328
AACCGCTAAGGGATGC-1,0.034503,0.033668,0.659235,0.095342,0.140479,0.036773
AACCGTTGTGTTTGCT-1,0.036873,0.025633,0.358272,0.16375,0.296216,0.119257
AACCTAAAGCCGTCCG-1,0.032184,0.026378,0.409631,0.090863,0.203676,0.237268
AACCTCGCTTTAGCCC-1,0.000073,0.000073,0.662077,0.06403,0.203664,0.070083
AACCTGTCACGGAATT-1,0.208032,0.153351,0.354314,0.031305,0.252886,0.000112
AACCTTTAAATACGGT-1,0.014929,0.020694,0.631358,0.22921,0.084453,0.019356
AACCTTTACGACGTCT-1,0.039413,0.090586,0.70094,0.032937,0.07185,0.064274
AACGAAAGTCGTCCCA-1,0.047927,0.930753,0.021062,0.000086,0.000086,0.000086
AACGACCTCCTAGCCG-1,0.000054,0.005344,0.522087,0.015707,0.456752,0.000054
AACGATAATGCCGTAG-1,0.044422,0.026275,0.521103,0.160214,0.171637,0.076349
AACGATAGAAGGGCCG-1,0.04031,0.06852,0.341312,0.035119,0.409734,0.105005
AACGATATGTCAACTG-1,0.379203,0.305452,0.315131,0.000071,0.000071,0.000071
AACGCATGATCTGGGT-1,0.175774,0.183894,0.421971,0.040583,0.119426,0.058353
AACGCGAACGGCAACA-1,0.000065,0.000065,0.58682,0.109714,0.275265,0.028072
AACGCGACCTTGGGCG-1,0.000171,0.112367,0.852133,0.000171,0.034988,0.000171
AACGCGGTCTCCAGCC-1,0.140868,0.119884,0.224436,0.000347,0.380628,0.133838
AACGCTGTTGCTGAAA-1,0.029735,0.000516,0.443329,0.141584,0.115104,0.269732
AACGGACGTACGTATA-1,0.033157,0.000035,0.122123,0.128187,0.587922,0.128575
AACGGCCATCTCCGGT-1,0.000068,0.000068,0.870048,0.000068,0.10028,0.029467
AACGTACTGTGGGTAC-1,0.000078,0.000078,0.847307,0.012007,0.121686,0.018845
AACGTAGTCTACCCAT-1,0.000053,0.000053,0.377485,0.038023,0.300818,0.283568
AACGTCAGACTAGTGG-1,0.014078,0.059392,0.439634,0.000127,0.338247,0.148521
AACGTCATCCGGCTTG-1,0.130925,0.020204,0.17184,0.080582,0.409837,0.186612
AACGTCGCTGCACTTC-1,0.21111,0.002868,0.571726,0.156928,0.049924,0.007443
AACGTGATGAAGGACA-1,0.493464,0.506002,0.000267,0.000089,0.000089,0.000089
AACGTGCGAAAGTCTC-1,0.019602,0.000045,0.048845,0.278647,0.51206,0.140801
AACGTTATCAGCACCT-1,0.026503,0.969129,0.002184,0.000728,0.000728,0.000728
AACTACCCGTTTGTCA-1,0.016135,0.024423,0.373923,0.056298,0.441614,0.087608
AACTAGCGTATCGCAC-1,0.000064,0.000064,0.575722,0.017795,0.142846,0.263509
AACTAGGCTTGGGTGT-1,0.000118,0.00029,0.722519,0.061086,0.214354,0.001633
AACTCAAGTTAATTGC-1,0.108505,0.048363,0.58757,0.062358,0.000041,0.193162
AACTCCAGAGCGTGTT-1,0.000054,0.000054,0.251747,0.088815,0.550698,0.108633
AACTCCTAATCCCATG-1,0.097929,0.144208,0.518578,0.124483,0.114706,0.000096
AACTCGATAAACACGT-1,0.001318,0.000046,0.625331,0.083946,0.229914,0.059445
AACTCGATGGCGCAGT-1,0.000094,0.000094,0.756356,0.012955,0.201641,0.02886
AACTCTCAATAGAGCG-1,0.317103,0.000073,0.220277,0.183024,0.198109,0.081415
AACTCTCAGTGTGCTC-1,0.107094,0.281091,0.477391,0.023822,0.039154,0.071447
AACTGAGGTCAGCGTC-1,0.05008,0.03026,0.087736,0.465446,0.33762,0.028857
AACTGAGTTATACTGA-1,0.000059,0.024819,0.618462,0.084804,0.18933,0.082526
AACTGATATTAGGCCT-1,0.195553,0.00031,0.344304,0.076327,0.298984,0.084522
AACTGGGTCCCGACGT-1,0.015902,0.031197,0.666639,0.079753,0.090261,0.116248
AACTGGGTTCGAGCCG-1,0.040228,0.088412,0.628714,0.071545,0.160167,0.010935
AACTGGTGTGGGCCTT-1,0.000043,0.000043,0.11442,0.029567,0.702242,0.153684
AACTTCTGCGTCTATC-1,0.000075,0.004156,0.367724,0.349358,0.161457,0.11723
AACTTGCCCGTATGCA-1,0.120089,0.019579,0.047306,0.016039,0.741251,0.055737
AACTTGCGTTCTCGCG-1,0.000097,0.000097,0.664253,0.051671,0.236829,0.047052
AACTTTACGGGAGCTT-1,0.000435,0.873644,0.082747,0.042304,0.000435,0.000435
AACTTTAGCTGCTGAG-1,0.000035,0.000035,0.052348,0.091091,0.04768,0.808811
AACTTTCTCGATCATG-1,0.000742,0.968464,0.028584,0.000737,0.000737,0.000737
AAGAAAGTTTGATGGG-1,0.322796,0.34724,0.089588,0.000992,0.115255,0.124129
AAGAAATCACCAGATT-1,0.000949,0.73086,0.267582,0.000203,0.000203,0.000203
AAGAAGGATCAGTTAG-1,0.000084,0.000084,0.683427,0.046433,0.254566,0.015407
AAGACATACGTGGTTT-1,0.383199,0.000078,0.150754,0.051745,0.393855,0.020369
AAGACCAAATAACTCA-1,0.236836,0.762783,0.000191,0.000064,0.000064,0.000064
AAGACCCAACTGAACA-1,0.000039,0.021718,0.38814,0.068647,0.472453,0.049003
AAGACTAACCCGTTGT-1,0.000061,0.000061,0.496358,0.000605,0.362287,0.140629
AAGACTCACGCCCACT-1,0.078863,0.021414,0.404147,0.028679,0.368167,0.09873
AAGACTGCAAGCTACT-1,0.123683,0.08136,0.593415,0.000154,0.080246,0.121142
AAGAGATGAATCGGTA-1,0.001017,0.000064,0.466328,0.317268,0.123762,0.091561
AAGAGCTCTTTATCGG-1,0.261531,0.285618,0.348979,0.103706,0.000083,0.000083
AAGAGGATGTACGCGA-1,0.053561,0.259627,0.210276,0.476331,0.000102,0.000102
AAGAGGCATGGATCGC-1,0.069106,0.000057,0.380371,0.167255,0.186202,0.197009
AAGAGGCCCTTTGGAA-1,0.129994,0.002241,0.309007,0.208873,0.341065,0.008819
AAGATGGCACCGGACC-1,0.000037,0.000037,0.417525,0.051946,0.493304,0.037152
AAGATTGGCGGAACGT-1,0.144999,0.00381,0.10499,0.00961,0.47908,0.257511
AAGCACCCTGCGTATC-1,0.000068,0.000068,0.459258,0.232171,0.249563,0.058872
AAGCATACTCTCCTGA-1,0.029535,0.000035,0.009105,0.055426,0.621589,0.28431
AAGCCACTTGCAGGTA-1,0.000114,0.560768,0.438776,0.000114,0.000114,0.000114
AAGCCGAAGCGGTTTA-1,0.000064,0.026576,0.679525,0.041801,0.206798,0.045235
AAGCCGCCGTGAAATC-1,0.025463,0.180746,0.587295,0.000054,0.206388,0.000054
AAGCCGCTTTACCTTG-1,0.048615,0.617122,0.239861,0.093274,0.000564,0.000564
AAGCCGGAGAGCAGGA-1,0.443354,0.13431,0.250498,0.000149,0.17154,0.000149
AAGCGCAGGGCTTTGA-1,0.025679,0.00314,0.678345,0.031649,0.121691,0.139496
AAGCGGAGTGCGCGCA-1,0.29993,0.056775,0.527244,0.030144,0.075659,0.010249
AAGCGGCGTCATGGGT-1,0.077492,0.010872,0.354901,0.110814,0.3979,0.048021
AAGCGTCCCTCATCGA-1,0.000091,0.000091,0.891612,0.047295,0.056584,0.004326
AAGCTAGATCGAGTAA-1,0.000059,0.000059,0.429987,0.231763,0.297448,0.040685
AAGCTATGGATTGACC-1,0.328704,0.4326,0.146714,0.014565,0.054134,0.023283
AAGCTCGTGCCAAGTC-1,0.216173,0.037424,0.247007,0.223245,0.15223,0.123921
AAGCTCTTTCATGGTG-1,0.108545,0.000051,0.1841,0.018781,0.500735,0.187788
AAGGAGAACTTATAAG-1,0.037857,0.003168,0.575099,0.202432,0.103583,0.077861
AAGGAGCGGTTGGTGC-1,0.000152,0.000152,0.807124,0.000152,0.115426,0.076994
AAGGATCGATCGCTTG-1,0.576461,0.255614,0.030229,0.137541,0.000078,0.000078
AAGGATGAGGGACCTC-1,0.000075,0.018264,0.650374,0.012241,0.263962,0.055085
AAGGCAGGCTGTCTCC-1,0.014561,0.040507,0.417186,0.047314,0.412174,0.068257
AAGGCGCGTAAAGCTT-1,0.061186,0.000062,0.488905,0.077162,0.334659,0.038026
AAGGCTGTGCTCATCG-1,0.000085,0.000085,0.644331,0.000085,0.355329,0.000085
AAGGGAACGACTGGCT-1,0.021717,0.15322,0.568047,0.000055,0.173913,0.083049
AAGGGACAGATTCTGT-1,0.244607,0.453694,0.273421,0.000068,0.000068,0.028143
AAGGGACTATGCATTC-1,0.128146,0.000048,0.250507,0.025652,0.555243,0.040405
AAGGGTTAGCCATGCG-1,0.000061,0.001388,0.97849,0.01832,0.001681,0.000061
AAGGGTTTGATTTCAG-1,0.252015,0.747335,0.000325,0.000108,0.000108,0.000108
AAGGTATCCTAATATA-1,0.019822,0.000048,0.232214,0.176282,0.330732,0.240903
AAGGTGATAAACCAGC-1,0.000053,0.014204,0.576881,0.052058,0.309427,0.047376
AAGTAAGCTTCCAAAC-1,0.000024,0.000024,0.06741,0.049213,0.73243,0.150899
AAGTAGAAGACCGGGT-1,0.000061,0.000061,0.458892,0.119414,0.300472,0.121099
AAGTAGTGACGCGAGG-1,0.071348,0.101409,0.826856,0.000129,0.000129,0.000129
AAGTCAATTGTCGTCA-1,0.029978,0.055225,0.518549,0.116708,0.229519,0.050021
AAGTCTAGTAGCTGCC-1,0.41965,0.573814,0.003268,0.001089,0.00109,0.001089
AAGTCTTCTGTGGCCT-1,0.307395,0.691376,0.000615,0.000205,0.000205,0.000205
AAGTGACGACCGAATT-1,0.095183,0.761914,0.141491,0.000471,0.000471,0.000471
AAGTGAGTCGGGTTTA-1,0.000049,0.010712,0.231104,0.153393,0.439826,0.164916
AAGTGCAAAGGTAGAC-1,0.774979,0.053463,0.000193,0.000064,0.000064,0.171237
AAGTGCCTTGACTGTA-1,0.037636,0.028904,0.481413,0.073048,0.354028,0.024971
AAGTGCGTTAGAATCT-1,0.000042,0.000042,0.259283,0.013561,0.693382,0.033689
AAGTGCTTCTCTATTG-1,0.000063,0.000063,0.761967,0.090238,0.059499,0.088169
AAGTGTTTGGAGACGG-1,0.000069,0.007867,0.589671,0.253523,0.098251,0.05062
AAGTTCACTCCAAGCT-1,0.000889,0.000074,0.003261,0.862592,0.085889,0.047294
AAGTTCAGTCTGCGTA-1,0.428741,0.43436,0.126744,0.000099,0.000099,0.009957
AAGTTCGGCCAACAGG-1,0.001948,0.116027,0.616326,0.079899,0.176025,0.009775
AAGTTGTGATGTTATA-1,0.100118,0.016535,0.453832,0.027572,0.303597,0.098346
AAGTTTACTAATGGCA-1,0.00005,0.00005,0.001702,0.00005,0.837332,0.160816
AAGTTTATGGGCCCAA-1,0.08732,0.010247,0.519512,0.012297,0.309234,0.06139
AATAACAACGCTCGGC-1,0.254042,0.012268,0.238589,0.013697,0.449526,0.031879
AATAACACTAGAACAA-1,0.000055,0.015376,0.45606,0.062963,0.447476,0.01807
AATAACGTCGCGCCCA-1,0.003034,0.040728,0.592345,0.257482,0.083281,0.02313
AATAAGTCCTCGAGAC-1,0.194038,0.154617,0.259991,0.083368,0.190537,0.117449
AATAATCTTCGTATCG-1,0.096814,0.015081,0.607147,0.033093,0.244332,0.003534
AATACAATGTTTCAGG-1,0.446035,0.452827,0.016585,0.000188,0.084177,0.000188
AATACCGGAGGGCTGT-1,0.000062,0.010946,0.988805,0.000062,0.000062,0.000062
AATACCTGATGTGAAC-1,0.055075,0.073033,0.577453,0.086854,0.131252,0.076333
AATAGAACAGAGTGGC-1,0.000049,0.000049,0.751282,0.000049,0.182807,0.065765
AATAGAATCTGTTTCA-1,0.070192,0.00773,0.076734,0.040575,0.720753,0.084016
AATAGCAAGCCTCCTG-1,0.050278,0.000751,0.69393,0.053296,0.181184,0.020561
AATAGCTACCGCGTGC-1,0.553325,0.298127,0.125079,0.000077,0.023316,0.000077
AATAGGCACGACCCTT-1,0.000042,0.047339,0.814343,0.107186,0.031047,0.000042
AATAGTCCGTCCCGAC-1,0.373311,0.62335,0.00167,0.000557,0.000557,0.000557
AATAGTCGCGAGTCGG-1,0.001061,0.697049,0.298706,0.001061,0.001061,0.001061
AATATCAAGGTCGGAT-1,0.000066,0.000066,0.565341,0.000066,0.241067,0.193393
AATATCCTAGCAAACT-1,0.013559,0.9848,0.00082,0.000273,0.000273,0.000273
AATATCGAATCAATGC-1,0.013094,0.00264,0.481578,0.039632,0.366644,0.096412
AATATCGAGGGTTCTC-1,0.489614,0.466708,0.015913,0.001224,0.02648,0.000061
AATATTGGAGTATTGA-1,0.167722,0.475881,0.190413,0.142206,0.00018,0.023597
AATCAGACTGCAGGAC-1,0.000099,0.000099,0.664486,0.011481,0.256601,0.067234
AATCAGGTTTCATTTA-1,0.000058,0.000058,0.79849,0.033564,0.092259,0.07557
AATCATGTAAAGACTC-1,0.072668,0.010912,0.32703,0.416897,0.138255,0.034238
AATCCAAGGGCCTGAG-1,0.00005,0.00005,0.51777,0.037225,0.383033,0.061871
AATCCATGCAAGGGTG-1,0.000097,0.0027,0.903977,0.00733,0.085798,0.000097
AATCCCGCTCAGAGCC-1,0.000053,0.055552,0.35717,0.056248,0.480477,0.050501
AATCGAGGTCTCAAGG-1,0.091639,0.003263,0.152077,0.002869,0.525412,0.224741
AATCGCCTCAGCGCCA-1,0.025774,0.426151,0.151277,0.000058,0.000058,0.39668
AATCGCGCAGAGGACT-1,0.332237,0.59127,0.025734,0.050644,0.000058,0.000058
AATCGGGACACTACGA-1,0.04553,0.00006,0.277374,0.0235,0.487244,0.166291
AATCGGTATAGCCCTC-1,0.061747,0.002878,0.383178,0.147294,0.346332,0.058571
AATCGTGAGCCGAGCA-1,0.035185,0.000935,0.453508,0.106996,0.346261,0.057115
AATCTAGGTTTACTTG-1,0.004212,0.598259,0.183496,0.000123,0.000123,0.213787
AATCTATGCCGGAGCC-1,0.203908,0.714537,0.033344,0.048001,0.000105,0.000105
AATCTCTACTGTGGTT-1,0.273957,0.565807,0.091522,0.068377,0.000169,0.000169
AATCTGCGTTGGGACG-1,0.031381,0.0001,0.478777,0.200069,0.242379,0.047294
AATCTGGCTTTCTAGT-1,0.387488,0.50548,0.043417,0.044221,0.000076,0.019318
AATCTGGGTAGACCCT-1,0.000086,0.156061,0.685888,0.011915,0.055714,0.090335
AATGACAGCAATGTCT-1,0.000043,0.000043,0.212849,0.069627,0.665065,0.052373
AATGACGTAGGATGTC-1,0.000051,0.000051,0.210784,0.091521,0.600507,0.097086
AATGACTGTCAGCCGG-1,0.011734,0.165787,0.50446,0.067088,0.001382,0.249548
AATGAGTTCGCATATG-1,0.000083,0.000083,0.550206,0.077424,0.359317,0.012886
AATGATGATACGCTAT-1,0.122254,0.081676,0.501601,0.051205,0.208467,0.034798
AATGATGCGACTCCTG-1,0.287855,0.512421,0.124047,0.000083,0.075503,0.00009
AATGCAACCGGGTACC-1,0.000353,0.093789,0.9048,0.000353,0.000353,0.000353
AATGCACCAAGCAATG-1,0.113775,0.016067,0.163366,0.611445,0.0855,0.009847
AATGGCCGCCAATGCG-1,0.042913,0.009337,0.098853,0.169378,0.425823,0.253696
AATGGTCCACCGTTCA-1,0.730522,0.164061,0.105091,0.000109,0.000109,0.000109
AATGGTTCTCACAAGC-1,0.000052,0.000052,0.133773,0.136824,0.607078,0.12222
AATGTATGGCACTGTA-1,0.134302,0.674003,0.066726,0.035596,0.000083,0.08929
AATGTGCCCGAGGTGT-1,0.000048,0.000048,0.209187,0.122738,0.592393,0.075586
AATGTGCTAATCTGAG-1,0.00007,0.00007,0.84872,0.111755,0.007307,0.032077
AATGTTAAGACCCTGA-1,0.031247,0.001214,0.324855,0.067457,0.514895,0.060333
AATGTTGTCGTGAGAC-1,0.063661,0.005035,0.229485,0.318662,0.264239,0.118917
AATTAAAGGTCGGCGT-1,0.196533,0.000092,0.452294,0.052589,0.285218,0.013274
AATTAACGGATTTCCA-1,0.042335,0.00004,0.042236,0.112017,0.629187,0.174184
AATTACGAGACCCATC-1,0.571701,0.4276,0.000349,0.000116,0.000116,0.000116
AATTACTCGTACGCTC-1,0.001079,0.549361,0.44632,0.001079,0.00108,0.00108
AATTAGCGCTGCAGCG-1,0.016501,0.006624,0.367446,0.118393,0.436297,0.054739
AATTATACCCAGCAAG-1,0.077982,0.004202,0.448412,0.254531,0.202412,0.012462
AATTCATAAGGGATCT-1,0.000303,0.041718,0.767508,0.189867,0.000303,0.000302
AATTCATTGTCATGCA-1,0.365445,0.577201,0.057051,0.000101,0.000101,0.000101
AATTCCAACTTGGTGA-1,0.000081,0.065617,0.822902,0.022709,0.066614,0.022078
AATTCCAAGCATGTAC-1,0.031378,0.018671,0.57456,0.09117,0.257588,0.026633
AATTCGATTCGAGGAT-1,0.000068,0.000068,0.501757,0.020573,0.470087,0.007449
AATTCTAGAGTTAGGC-1,0.000069,0.000069,0.000208,0.999514,0.000069,0.000069
AATTGAACGCTCTGGT-1,0.077923,0.000074,0.438999,0.18771,0.139744,0.15555
AATTGCAGCAATCGAC-1,0.002955,0.000059,0.51855,0.097938,0.220175,0.160323
AATTGCGTGGATTACA-1,0.549605,0.40155,0.000215,0.048487,0.000072,0.000072
AATTGTGGTTGCCAAA-1,0.370961,0.077853,0.153127,0.165348,0.210936,0.021775
AATTTGGGACATAGTA-1,0.187266,0.55695,0.238942,0.01662,0.000111,0.000111
AATTTGGTTCCAAAGA-1,0.109555,0.009027,0.301387,0.251743,0.159009,0.169278
ACAAACCATGCGTCCT-1,0.000088,0.533903,0.465743,0.000088,0.000088,0.000088
ACAAACCGACAAGGCG-1,0.181882,0.069819,0.362374,0.034125,0.177679,0.174121
ACAAACTCCATCAGAG-1,0.00006,0.013867,0.985382,0.00006,0.000572,0.00006
ACAAAGAAGGTAGGCC-1,0.632878,0.3667,0.000211,0.00007,0.00007,0.00007
ACAAAGCATGACCTAG-1,0.033926,0.000024,0.177187,0.028034,0.419997,0.340832
ACAAATCGCACCGAAT-1,0.000045,0.002386,0.468616,0.38304,0.108354,0.037558
ACAAATGGTAGTGTTT-1,0.111349,0.007738,0.30561,0.18909,0.336029,0.050184
ACAAATTCAGATCTGA-1,0.000045,0.004346,0.455257,0.001008,0.482118,0.057227
ACAACAGCATGAGCTA-1,0.037575,0.000037,0.000112,0.106797,0.697759,0.15772
ACAACGGTCCCTGCGA-1,0.000102,0.0328,0.611564,0.107191,0.196363,0.051981
ACAAGCAGTGCCTAGC-1,0.117943,0.056141,0.61748,0.208283,0.000077,0.000077
ACAAGCTATATGGAAG-1,0.076677,0.407405,0.07381,0.000105,0.000105,0.441897
ACAAGGAAATCCGCCC-1,0.064038,0.000114,0.280733,0.155622,0.408665,0.090829
ACAAGGACAAGAGGTT-1,0.013792,0.054144,0.631686,0.269778,0.006292,0.024307
ACAAGGATGCTTTAGG-1,0.000044,0.009196,0.17845,0.012401,0.685001,0.114908
ACAAGGCCTACCAGCC-1,0.000051,0.024201,0.247579,0.000051,0.683544,0.044575
ACAAGGGCAGGCTCTG-1,0.000063,0.006628,0.389095,0.143464,0.444879,0.015872
ACAAGTAATTGTAAGG-1,0.264067,0.320975,0.084797,0.009859,0.000039,0.320263
ACAATAGTCGTACGTT-1,0.12003,0.559085,0.1523,0.005121,0.005429,0.158036
ACAATCCATTTAAACC-1,0.000063,0.130415,0.59416,0.164415,0.079152,0.031795
ACAATCGATCTTTATA-1,0.125739,0.026362,0.602903,0.068689,0.028597,0.14771
ACAATGAATACGGAGA-1,0.000112,0.072686,0.926868,0.000112,0.000112,0.000112
ACAATGATTCTTCTAC-1,0.131491,0.021841,0.634463,0.046717,0.094339,0.071149
ACAATTGTGTCTCTTT-1,0.000048,0.000048,0.261735,0.019086,0.614784,0.104299
ACAATTTAGGAGGCTC-1,0.025705,0.972942,0.000677,0.000226,0.000226,0.000226
ACAATTTGAGCAGTGG-1,0.017394,0.024012,0.046493,0.026303,0.789358,0.096441
ACAATTTGGCCATATT-1,0.000097,0.000097,0.245174,0.000097,0.70364,0.050894
ACACAAAGACGGGTGG-1,0.002578,0.008141,0.504743,0.006855,0.234652,0.24303
ACACAAATATTCCTAG-1,0.186518,0.27199,0.419017,0.122191,0.000142,0.000142
ACACACCAGGACCAGT-1,0.026415,0.704172,0.232961,0.000216,0.03602,0.000216
ACACACTTTCTACACG-1,0.000652,0.147724,0.696416,0.000652,0.000652,0.153904
ACACATGATCAAATCT-1,0.000088,0.749049,0.2506,0.000088,0.000088,0.000088
ACACATTGACGCAACA-1,0.000123,0.140583,0.571134,0.009744,0.125836,0.15258
ACACATTTCCGTAGAC-1,0.003118,0.061526,0.837281,0.001206,0.096744,0.000126
ACACCACATAATTAGC-1,0.290929,0.708272,0.000399,0.000133,0.000133,0.000133
ACACCCAGCATGCAGC-1,0.058266,0.001437,0.588192,0.003784,0.283512,0.064809
ACACCCGAGAAATCCG-1,0.20124,0.130979,0.417154,0.002587,0.242517,0.005523
ACACCCGTAAATCTGT-1,0.017527,0.020467,0.444117,0.068472,0.289632,0.159785
ACACCGAGCGCTCTTT-1,0.209713,0.782538,0.003875,0.001292,0.001292,0.001292
ACACCGGTCTGACCGC-1,0.000098,0.600107,0.168687,0.002993,0.051042,0.177073
ACACCTTAAGTAGGGC-1,0.117295,0.000189,0.706384,0.115403,0.000189,0.06054
ACACCTTACTACTTGC-1,0.000701,0.191321,0.695942,0.000112,0.111812,0.000112
ACACGAGACTCCTTCT-1,0.052959,0.000081,0.293961,0.037235,0.518396,0.097369
ACACGGCACTATGCAT-1,0.634929,0.121811,0.028467,0.026997,0.102346,0.08545
ACACGGGAACTTAGGG-1,0.467982,0.191051,0.194803,0.040745,0.105339,0.00008
ACACGTAGGCCACAAG-1,0.552489,0.07024,0.250041,0.00012,0.114764,0.012345
ACACTCCAATGTCACT-1,0.000051,0.030018,0.013028,0.025649,0.74631,0.184945
ACACTGATCAAGGTGT-1,0.00005,0.00005,0.272448,0.002306,0.637371,0.087775
ACACTGGGACAGTCGT-1,0.000663,0.00008,0.609172,0.14853,0.234413,0.007141
ACAGAACTGAGAACAA-1,0.003487,0.014537,0.769941,0.021739,0.136533,0.053763
ACAGATTAGGTTAGTG-1,0.02507,0.000068,0.206252,0.091981,0.478128,0.198502
ACAGCATAGAGCCAGT-1,0.084933,0.000084,0.201724,0.481486,0.029161,0.202612
ACAGCGACATTCTCAT-1,0.000039,0.000038,0.022435,0.090662,0.627398,0.259428
ACAGCGCACCCGCAGC-1,0.008958,0.699749,0.213923,0.018472,0.058778,0.000119
ACAGGAGGCGCAGCCG-1,0.00084,0.843004,0.002522,0.00084,0.000841,0.151953
ACAGGCACGGATCCTT-1,0.000049,0.000049,0.540078,0.087504,0.173088,0.199232
ACAGGCTTGCCCGACT-1,0.454,0.259539,0.286032,0.000242,0.000094,0.000094
ACAGGTGGAGGTGAGG-1,0.000083,0.000083,0.988807,0.000083,0.01086,0.000083
ACAGGTGTGTTGTTGC-1,0.13956,0.857201,0.001619,0.00054,0.00054,0.00054
ACAGTAATACAACTTG-1,0.454432,0.349579,0.086648,0.002167,0.008275,0.098898
ACAGTATACCGTGGGA-1,0.000278,0.865266,0.133623,0.000278,0.000278,0.000278
ACAGTGCAGCGCATTT-1,0.00006,0.00006,0.982118,0.002155,0.015548,0.00006
ACATAAGTCGTGGTGA-1,0.817063,0.135654,0.014462,0.027424,0.000039,0.005358
ACATAATAAGGCGGTG-1,0.061702,0.000087,0.786475,0.036985,0.109036,0.005715
ACATACAATCAAGCGG-1,0.0001,0.0001,0.543445,0.076422,0.361496,0.018438
ACATCAGCTGGGACGC-1,0.455588,0.447362,0.000402,0.09638,0.000134,0.000134
ACATCCCGGCCATACG-1,0.000091,0.025651,0.654865,0.04056,0.24724,0.031592
ACATCCTGGTAACTGT-1,0.007854,0.026559,0.29682,0.085647,0.493713,0.089407
ACATCGATCGTTTACC-1,0.023504,0.000084,0.258075,0.00735,0.632667,0.078319
ACATCGCAATATTCGG-1,0.697413,0.092255,0.016153,0.003515,0.020272,0.170392
ACATCGGTCAGCCGCG-1,0.000062,0.000247,0.498047,0.212612,0.17223,0.116802
ACATCGTATGCAATGG-1,0.657901,0.0811,0.022934,0.168767,0.057608,0.01169
ACATCGTTAACCTAGT-1,0.738108,0.100351,0.15985,0.00007,0.00007,0.00155
ACATCTCAACGCGTAA-1,0.449046,0.065953,0.255548,0.010333,0.178471,0.04065
ACATGCTTACGGCAGC-1,0.00011,0.674218,0.325341,0.00011,0.00011,0.00011
ACATGGCGCCAAAGTA-1,0.012528,0.007677,0.440193,0.169795,0.202044,0.167762
ACATGGCTCAATTTAG-1,0.000105,0.000105,0.739474,0.00519,0.149267,0.105859
ACATTAGTTTATATCC-1,0.048947,0.000065,0.208684,0.00855,0.622655,0.111099
ACATTCGCGCGGAATA-1,0.048244,0.552216,0.399336,0.000068,0.000068,0.000068
ACATTTGAAACCTAAC-1,0.051385,0.023368,0.588688,0.065034,0.140497,0.131027
ACCAAACACCCAGCGA-1,0.163755,0.084276,0.000243,0.746402,0.000081,0.005244
ACCAAACTAGAAATCC-1,0.894003,0.010298,0.046799,0.038846,0.000025,0.010029
ACCAACACCACACACT-1,0.558484,0.31107,0.130224,0.000074,0.000074,0.000074
ACCAACCGCACTCCAC-1,0.000048,0.000048,0.554588,0.092642,0.329341,0.023332
ACCAACGCTTATTTAT-1,0.000065,0.000065,0.567092,0.060268,0.254712,0.117799
ACCAAGAACGCGTGTC-1,0.046297,0.006567,0.519862,0.006644,0.199522,0.221107
ACCAAGTCATCGGCAG-1,0.111958,0.017547,0.247881,0.208052,0.303436,0.111125
ACCAATATGCAAGTTA-1,0.000036,0.000036,0.050876,0.073473,0.579476,0.296103
ACCACAACTCAGAACA-1,0.060896,0.316514,0.170524,0.122012,0.280209,0.049845
ACCACAAGTTTCTATC-1,0.000097,0.000097,0.59154,0.009778,0.394189,0.004299
ACCACACGGTTGATGG-1,0.081919,0.001434,0.192222,0.202065,0.515209,0.007151
ACCACCAATGTAACAA-1,0.261857,0.255339,0.282576,0.004202,0.161261,0.034765
ACCACCCTCTCTTCTA-1,0.464681,0.482171,0.000745,0.000248,0.000248,0.051906
ACCACGTGCAGCTATA-1,0.000065,0.000065,0.489773,0.060966,0.37231,0.076823
ACCACTGTTCAAGAAG-1,0.001228,0.84315,0.151938,0.001228,0.001228,0.001228
ACCAGACCATAACAAC-1,0.115906,0.821286,0.000572,0.000191,0.000191,0.061854
ACCAGCCCGGTCTTTG-1,0.167858,0.228373,0.182022,0.165178,0.1411,0.115469
ACCAGGAGTGTGATCT-1,0.011271,0.001735,0.175556,0.487499,0.241435,0.082505
ACCAGTGCCCGGTCAA-1,0.016029,0.022583,0.34597,0.018688,0.515435,0.081295
ACCAGTGCGGGAGACG-1,0.082307,0.000058,0.255917,0.216035,0.397539,0.048143
ACCATATCCGCAATAA-1,0.019397,0.012755,0.641447,0.04459,0.281725,0.000087
ACCATCCGCCAACTAG-1,0.395017,0.604526,0.000229,0.000076,0.000076,0.000076
ACCATCGTATATGGTA-1,0.035583,0.00006,0.032645,0.033935,0.81963,0.078146
ACCATTAAGGGTGTCA-1,0.388728,0.60112,0.005076,0.001692,0.001692,0.001692
ACCCAACGCCCGTGGC-1,0.028137,0.00384,0.428173,0.181747,0.328047,0.030055
ACCCACCTACATGCTC-1,0.000093,0.054126,0.751644,0.066023,0.12802,0.000093
ACCCATCTTGAGGGTA-1,0.044143,0.011947,0.170215,0.328945,0.405571,0.039179
ACCCATTTGTCCCTCT-1,0.067266,0.000059,0.235448,0.266043,0.366407,0.064778
ACCCGAGCGAAATTAC-1,0.000035,0.000035,0.406388,0.004149,0.527633,0.06176
ACCCGATTGGTTCCGA-1,0.000044,0.000044,0.343229,0.014185,0.438465,0.204033
ACCCGGAAACTCCCAG-1,0.000064,0.000064,0.336529,0.172233,0.314882,0.176228
ACCCGGAGCACCACAA-1,0.216424,0.040338,0.09939,0.286585,0.324298,0.032966
ACCCGGATGACGCATC-1,0.051197,0.00771,0.37742,0.355111,0.119101,0.089461
ACCCGGTTACACTTCC-1,0.0234,0.000029,0.000086,0.000029,0.000029,0.976427
ACCCGTAGCAGAGAAT-1,0.673607,0.041723,0.000113,0.284481,0.000038,0.000038
ACCCGTAGTCTAGTTG-1,0.150831,0.049859,0.309018,0.078229,0.259643,0.15242
ACCCGTGTCATCAGTA-1,0.374388,0.42005,0.062691,0.000338,0.142194,0.000338
ACCCTATAGGACTGAG-1,0.000053,0.000053,0.057381,0.000053,0.870544,0.071916
ACCCTATGCCATATCG-1,0.000087,0.000087,0.740053,0.026189,0.149169,0.084416
ACCCTCCCGTCAGGGC-1,0.052494,0.024946,0.522732,0.073632,0.316953,0.009243
ACCCTCCCTTGCTATT-1,0.000101,0.034818,0.69038,0.000101,0.222979,0.051621
ACCCTGGTAACGCCCT-1,0.38555,0.470412,0.000586,0.143061,0.000195,0.000195
ACCCTTCATCTGCGAA-1,0.065233,0.000092,0.103006,0.072966,0.642446,0.116256
ACCCTTGCCTGGGTCG-1,0.063566,0.26282,0.331023,0.118926,0.205469,0.018197
ACCCTTTAGTTCTCCA-1,0.209892,0.035438,0.369268,0.063701,0.052649,0.269053
ACCGAAAGGGCCCTGC-1,0.000031,0.000031,0.003829,0.059551,0.71516,0.221397
ACCGAAGAGTCTGGTT-1,0.597076,0.402438,0.000243,0.000081,0.000081,0.000081
ACCGACACATCTCCCA-1,0.000038,0.009919,0.167121,0.038087,0.67887,0.105966
ACCGACTGAGTCCCAC-1,0.132809,0.030224,0.45883,0.009492,0.263868,0.104777
ACCGAGTCTCCTTATT-1,0.000086,0.060849,0.660506,0.095362,0.120023,0.063174
ACCGATAGGCATAACC-1,0.229316,0.002747,0.359297,0.182067,0.189565,0.037008
ACCGATATTTAATCAT-1,0.292833,0.005985,0.472502,0.010589,0.207971,0.01012
ACCGATGGTAGCATCG-1,0.107353,0.000081,0.528741,0.261732,0.076021,0.026072
ACCGCAATAACTGCCT-1,0.000048,0.000048,0.285321,0.053417,0.602215,0.058951
ACCGCGGTGGAAGTCG-1,0.011559,0.02081,0.289956,0.078635,0.452541,0.146499
ACCGCTAGTCATTGGT-1,0.000085,0.043066,0.956596,0.000085,0.000085,0.000085
ACCGGGCCTTTGTTGA-1,0.036328,0.008179,0.601907,0.030972,0.27554,0.047073
ACCGGTCAGGTACACC-1,0.229276,0.632951,0.096945,0.021592,0.019148,0.000088
ACCGGTCTGAGTACGG-1,0.008862,0.044104,0.298892,0.042642,0.538209,0.06729
ACCGTCCACTGGGCCC-1,0.111792,0.660811,0.006993,0.038718,0.010672,0.171013
ACCGTGACCACGTGGG-1,0.00006,0.00006,0.919414,0.024404,0.025337,0.030725
ACCGTTCCCGCTCTGA-1,0.138989,0.011548,0.173661,0.062408,0.087272,0.526121
ACCTAAGTACCTTTCA-1,0.000101,0.000101,0.540465,0.000101,0.451203,0.008028
ACCTAATCGACTTCCT-1,0.105347,0.010266,0.423073,0.000077,0.451036,0.010202
ACCTACAGTATGTGGT-1,0.070558,0.67342,0.000826,0.254646,0.000275,0.000275
ACCTACTATAAATCTA-1,0.014559,0.101206,0.45654,0.029278,0.355671,0.042746
ACCTCCGCCCTCGCTG-1,0.296172,0.050386,0.219491,0.249458,0.172433,0.01206
ACCTCCGTTATTCACC-1,0.339105,0.262552,0.356491,0.000067,0.000067,0.041718
ACCTCGAACTTATGCT-1,0.000113,0.744791,0.254758,0.000113,0.000113,0.000113
ACCTGCGTGTCATGTT-1,0.590127,0.118949,0.045108,0.191747,0.005391,0.048679
ACCTTTCCTTTAGAAG-1,0.058878,0.077544,0.231937,0.231267,0.140411,0.259964
ACGAAATGGGCGGCAC-1,0.000684,0.468684,0.52858,0.000684,0.000684,0.000684
ACGACCCATGAGTTGC-1,0.201232,0.068775,0.008526,0.470208,0.098185,0.153075
ACGACTCTAGGGCCGA-1,0.066106,0.020553,0.280943,0.110243,0.43795,0.084206
ACGACTGGTCATACTC-1,0.00004,0.00004,0.578593,0.056491,0.329791,0.035046
ACGAGAACCCATCACG-1,0.000051,0.000783,0.35733,0.014245,0.566009,0.061583
ACGAGATATTTGCTTA-1,0.322186,0.000072,0.307823,0.013413,0.247992,0.108515
ACGAGGATACCACTCT-1,0.378877,0.552992,0.027584,0.000088,0.000088,0.040372
ACGAGGTTTACAACGT-1,0.458638,0.440486,0.084951,0.000093,0.000093,0.015738
ACGAGTACGGATGCCC-1,0.510862,0.488536,0.000301,0.0001,0.0001,0.0001
ACGAGTCGCCGGCGTT-1,0.044714,0.016904,0.329109,0.140115,0.269655,0.199503
ACGATACATAGAACTA-1,0.15301,0.043085,0.432234,0.257583,0.000083,0.114005
ACGATACCTATCCTGA-1,0.031487,0.966183,0.001606,0.000242,0.000242,0.000242
ACGATCATACATAGAG-1,0.021963,0.042917,0.803118,0.000203,0.037485,0.094315
ACGATCATCTTGTAAA-1,0.631012,0.303854,0.018203,0.000053,0.046825,0.000053
ACGATGCATATGTTAT-1,0.086775,0.000877,0.159189,0.119132,0.605219,0.028808
ACGATGGATCCGATGC-1,0.916311,0.000032,0.000097,0.037642,0.000095,0.045823
ACGCAAACTAATAGAT-1,0.18588,0.010669,0.502516,0.120507,0.136894,0.043533
ACGCAATCACTACAGC-1,0.1603,0.7868,0.052321,0.000193,0.000193,0.000193
ACGCATAAATGACATG-1,0.000027,0.000027,0.239933,0.026847,0.557117,0.176049
ACGCATACGTTTACTA-1,0.121733,0.001411,0.048419,0.044016,0.652356,0.132066
ACGCATTCGTGAGTAC-1,0.077016,0.128682,0.106808,0.578337,0.095498,0.01366
ACGCCACTCGAAACAG-1,0.000078,0.001821,0.86917,0.00008,0.117351,0.0115
ACGCCAGATGATTTCT-1,0.45093,0.424503,0.033228,0.013911,0.000081,0.077347
ACGCCAGTGCGTTTGC-1,0.031417,0.00004,0.016753,0.051556,0.786872,0.113363
ACGCCCAGCTGTCGAT-1,0.291739,0.010965,0.387526,0.081341,0.091672,0.136757
ACGCCGCTAGACGACC-1,0.000059,0.010899,0.204263,0.116955,0.56938,0.098443
ACGCCTGACACGCGCT-1,0.000075,0.131179,0.86852,0.000075,0.000075,0.000075
ACGCGAAGTCAGACGA-1,0.238046,0.000028,0.000084,0.001259,0.46607,0.294513
ACGCGCTACACAGGGT-1,0.071523,0.000054,0.126615,0.041715,0.741757,0.018335
ACGCGGGCCAAGGACA-1,0.063882,0.007659,0.294544,0.157646,0.37349,0.10278
ACGCGTTTCTTAAGAG-1,0.484835,0.411165,0.103282,0.000239,0.000239,0.000239
ACGCTACTGAATGGGC-1,0.000089,0.000089,0.847276,0.02734,0.125118,0.000089
ACGCTAGTATCAGTGC-1,0.114905,0.073927,0.592265,0.140463,0.077146,0.001293
ACGCTAGTGATACACT-1,0.725673,0.00988,0.007434,0.101868,0.123355,0.03179
ACGCTGTGAGGCGTAG-1,0.427414,0.572032,0.000277,0.000092,0.000092,0.000092
ACGCTTAGTGTCTCTC-1,0.078054,0.091413,0.275112,0.007136,0.424597,0.123687
ACGGAACACGAGTGCC-1,0.000039,0.000039,0.371575,0.074915,0.443425,0.110006
ACGGAATTTAGCAAAT-1,0.000081,0.000081,0.723154,0.152688,0.073803,0.050194
ACGGACGCAGCGACAA-1,0.000147,0.782673,0.216738,0.000147,0.000147,0.000147
ACGGACTCTCAAAGCG-1,0.000068,0.000068,0.781516,0.022755,0.166822,0.02877
ACGGAGCGCAAATTAC-1,0.172108,0.044994,0.410409,0.007069,0.305487,0.059932
ACGGATGGTGCGGATA-1,0.000036,0.000036,0.073339,0.021194,0.727592,0.177803
ACGGCACTTGCTTGGG-1,0.129719,0.276398,0.348698,0.00018,0.00018,0.244827
ACGGCCAACATGGACT-1,0.029372,0.000086,0.288975,0.035478,0.378881,0.267209
ACGGCGACGATGGGAA-1,0.051367,0.001293,0.35863,0.010219,0.557572,0.020919
ACGGCGGGTTGCCCTG-1,0.000064,0.000064,0.250539,0.009964,0.632552,0.106816
ACGGCTGGATGTAGAA-1,0.135329,0.631399,0.052904,0.000071,0.000071,0.180226
ACGGGAGTGTCGGCCC-1,0.083594,0.116099,0.466677,0.147246,0.10881,0.077574
ACGGGCGTATGCGACA-1,0.000319,0.715889,0.178502,0.10465,0.000319,0.000319
ACGGGTCATGTGACTT-1,0.064716,0.930372,0.002455,0.000819,0.000819,0.000819
ACGGGTTGTGACCTGT-1,0.499535,0.186205,0.058963,0.026425,0.00011,0.228763
ACGGTACAGTTCAATG-1,0.143482,0.000041,0.119838,0.11394,0.299161,0.323539
ACGGTCACCGAGAACA-1,0.000078,0.621084,0.075575,0.000078,0.000078,0.303107
ACGTACAGATTTCTCT-1,0.034573,0.003514,0.010271,0.225431,0.422527,0.303684
ACGTACTTTGGCACGG-1,0.000062,0.000062,0.440593,0.085314,0.458341,0.015629
ACGTAGATTGCTGATG-1,0.009339,0.000104,0.550263,0.138668,0.256968,0.044658
ACGTAGGAGAGTCGCT-1,0.000145,0.169833,0.829667,0.000118,0.000118,0.000118
ACGTATTACTCCGATC-1,0.033541,0.020342,0.195007,0.008163,0.61355,0.129398
ACGTCCTAAACGAGAT-1,0.126786,0.017915,0.363473,0.083413,0.022756,0.385658
ACGTCGGGCAACTCGG-1,0.518197,0.481214,0.000295,0.000098,0.000098,0.000098
ACGTCTCGTTCCGGGA-1,0.257291,0.741917,0.000396,0.000132,0.000132,0.000132
ACGTGACAAAGTAAGT-1,0.059858,0.939396,0.000373,0.000124,0.000124,0.000124
ACGTGCGCCTCGTGCA-1,0.830902,0.054971,0.042143,0.000071,0.058293,0.01362
ACGTGGTCGAATGTGC-1,0.055007,0.027825,0.261135,0.260555,0.209243,0.186235
ACGTTAATGTCGAAGA-1,0.000065,0.000065,0.198875,0.242069,0.027251,0.531674
ACGTTAGATTTGCCCG-1,0.028373,0.00831,0.140703,0.000062,0.789911,0.032641
ACGTTATTGGTCACTC-1,0.380495,0.615488,0.002009,0.00067,0.00067,0.00067
ACGTTCACTATGCCGC-1,0.000083,0.038269,0.961398,0.000083,0.000083,0.000083
ACGTTCCGCGCTCCGT-1,0.000061,0.000061,0.422339,0.057745,0.33783,0.181964
ACGTTCGCAATCAATT-1,0.314933,0.611156,0.07354,0.000124,0.000124,0.000124
ACGTTCGTTCAGGAAA-1,0.001625,0.040496,0.948585,0.000054,0.00498,0.004261
ACGTTCTGTACAAGTC-1,0.087504,0.00004,0.000445,0.0511,0.727785,0.133126
ACGTTGTCGTTGAAAG-1,0.016436,0.177009,0.721474,0.06518,0.000071,0.019831
ACGTTTAGTTGTGATC-1,0.165688,0.323921,0.11305,0.352139,0.041744,0.003457
ACGTTTCGGTGCACTT-1,0.000078,0.000078,0.986649,0.009912,0.003207,0.000078
ACTAAGGACGCACACC-1,0.201692,0.03259,0.181642,0.200615,0.250436,0.133026
ACTAATACGTCAGGCG-1,0.000061,0.009897,0.572703,0.044494,0.28577,0.087074
ACTACAAAGAGAGGTG-1,0.002905,0.062157,0.88162,0.000074,0.037586,0.015658
ACTACATCCCGACAAG-1,0.000065,0.167489,0.775286,0.000065,0.000065,0.057028
ACTACCAGCTCTCTGG-1,0.000131,0.000131,0.766904,0.063999,0.168704,0.000131
ACTACCATCCGAGGGC-1,0.149012,0.611178,0.238911,0.000081,0.000738,0.000081
ACTACGCGTTAGAATT-1,0.023854,0.001534,0.473561,0.023532,0.375754,0.101764
ACTAGTTGCGATCGTC-1,0.063545,0.000073,0.271182,0.248606,0.403218,0.013377
ACTATATGCTGTGTTC-1,0.011565,0.130223,0.648004,0.001988,0.083253,0.124968
ACTATCCAGGGCATGG-1,0.010683,0.651508,0.337585,0.000075,0.000075,0.000075
ACTATCGCCGGCTAAA-1,0.738725,0.142948,0.116217,0.000703,0.000704,0.000703
ACTATCTGCCCGCGTA-1,0.454115,0.339418,0.000394,0.191894,0.000131,0.014048
ACTATGTCCAGCTGCC-1,0.131419,0.400806,0.321589,0.010036,0.000065,0.136085
ACTATTCGTCCGTGGT-1,0.427289,0.57208,0.000315,0.000105,0.000105,0.000105
ACTATTTCCGGGCCCA-1,0.000042,0.000042,0.494081,0.000042,0.488417,0.017376
ACTCAACGAATGTATT-1,0.000051,0.000051,0.349956,0.016814,0.555533,0.077595
ACTCAAGTGCAAGGCT-1,0.000035,0.000035,0.004664,0.001807,0.830237,0.163222
ACTCAATAAAGGCACG-1,0.27683,0.343156,0.205516,0.000169,0.131617,0.042712
ACTCAGACCTGCTTCT-1,0.000063,0.000063,0.41602,0.000103,0.497405,0.086347
ACTCATGGCAGCCTTC-1,0.313193,0.570496,0.102426,0.00013,0.00013,0.013625
ACTCCAATATCATCAT-1,0.025191,0.006149,0.247296,0.000073,0.672423,0.048868
ACTCCCATTCCTAAAG-1,0.025708,0.47477,0.157368,0.087974,0.007208,0.246973
