Barcode,Topic 1,Topic 2,Topic 3to6,Topic 7,Topic 8,Topic 9to10
AAACAAGTATCTCCCA-1,0.016653,0.110477,0.497414,0.02724,0.05072,0.297496
AAACACCAATAACTGC-1,0.000024,0.009359,0.833637,0.036957,0.009568,0.110455
AAACAGAGCGACTCCT-1,0.527155,0.028416,0.404692,0.010064,0.000049,0.029624
AAACAGCTTTCAGAAG-1,0.124009,0.007707,0.434837,0.003234,0.057231,0.372982
AAACAGGGTCTATATT-1,0.035613,0.005645,0.748371,0.046441,0.028668,0.135262
AAACATGGTGAGAGGA-1,0.656652,0.03951,0.00862,0.055048,0.239632,0.000539
AAACATTTCCCGGATT-1,0.009157,0.018187,0.464419,0.287177,0.025203,0.195857
AAACCACTACACAGAT-1,0.061387,0.017347,0.277993,0.046982,0.143965,0.452327
AAACCCGAACGAAATC-1,0.016654,0.025854,0.510294,0.028606,0.088814,0.329778
AAACCGGAAATGTTAA-1,0.044408,0.117828,0.31547,0.031336,0.127295,0.363664
AAACCGGGTAGGTACC-1,0.022773,0.123842,0.708201,0.113119,0.003564,0.028501
AAACCGTTCGTCCAGG-1,0.000031,0.014341,0.482172,0.039057,0.081945,0.382453
AAACCTAAGCAGCCGG-1,0.026048,0.122937,0.444833,0.013526,0.053743,0.338913
AAACCTCATGAAGTTG-1,0.214333,0.065142,0.674068,0.037759,0.000989,0.00771
AAACGAAGAACATACC-1,0.999039,0.000107,0.000427,0.000107,0.000107,0.000214
AAACGAAGATGGAGTA-1,0.766899,0.132491,0.051944,0.006661,0.041951,0.000053
AAACGACAGTCTTGCC-1,0.10597,0.000113,0.643869,0.000113,0.000113,0.249822
AAACGAGACGGTTGAT-1,0.115448,0.098332,0.719014,0.000044,0.00789,0.059272
AAACGCCCGAGATCGG-1,0.213093,0.130432,0.395797,0.037845,0.111601,0.111232
AAACGGGCGTACGGGT-1,0.00002,0.003032,0.270009,0.044502,0.041455,0.640982
AAACGGTTGCGAACTG-1,0.036857,0.012145,0.649354,0.165544,0.028138,0.107961
AAACGTGTTCGCCCTA-1,0.709429,0.097406,0.048986,0.002957,0.045265,0.095958
AAACTAACGTGGCGAC-1,0.190168,0.049367,0.734934,0.000846,0.012797,0.011888
AAACTCGGTTCGCAAT-1,0.139571,0.036967,0.328917,0.044793,0.101172,0.34858
AAACTCGTGATATAAG-1,0.35004,0.033745,0.453218,0.010518,0.011012,0.141466
AAACTGCTGGCTCCAA-1,0.016993,0.078897,0.541035,0.00355,0.07938,0.280144
AAACTTAATTGCACGC-1,0.120082,0.008588,0.660595,0.018406,0.013532,0.178798
AAACTTGCAAACGTAT-1,0.000032,0.001354,0.83161,0.01967,0.012812,0.134522
AAAGAATGACCTTAGA-1,0.2666,0.085574,0.478892,0.066473,0.078225,0.024237
AAAGACCCAAGTCGCG-1,0.182958,0.000152,0.816763,0.000032,0.000032,0.000063
AAAGACTGGGCGCTTT-1,0.752991,0.150736,0.000424,0.009849,0.000106,0.085894
AAAGCTTGCCTACATA-1,0.113253,0.090178,0.239317,0.018216,0.264867,0.274169
AAAGGCCCTATAATAC-1,0.000019,0.021249,0.525851,0.348894,0.023125,0.080861
AAAGGCTACGGACCAT-1,0.104978,0.003543,0.622062,0.138835,0.033583,0.096998
AAAGGCTCTCGCGCCG-1,0.000018,0.026853,0.084639,0.05954,0.10048,0.728469
AAAGGGATGTAGCAAG-1,0.071829,0.03511,0.890537,0.000042,0.00206,0.000422
AAAGGGCAGCTTGAAT-1,0.015402,0.03294,0.208441,0.009614,0.276449,0.457155
AAAGGTAAGCTGTACC-1,0.063679,0.344532,0.492116,0.031604,0.028593,0.039476
AAAGTAGCATTGCTCA-1,0.010785,0.040999,0.694395,0.030468,0.070924,0.152428
AAAGTCACTGATGTAA-1,0.00819,0.000054,0.991539,0.000054,0.000054,0.000108
AAAGTCGACCCTCAGT-1,0.097064,0.009428,0.693,0.172028,0.000029,0.028451
AAAGTGCCATCAATTA-1,0.091378,0.114562,0.295094,0.10438,0.171467,0.22312
AAAGTGTGATTTATCT-1,0.021607,0.141203,0.672685,0.086992,0.013606,0.063907
AAAGTTGACTCCCGTA-1,0.015267,0.077628,0.656335,0.067561,0.018137,0.165072
AAATAACCATACGGGA-1,0.179515,0.023932,0.696973,0.042984,0.004371,0.052225
AAATAAGGTAGTGCCC-1,0.02662,0.084514,0.574127,0.003703,0.06397,0.247066
AAATACCTATAAGCAT-1,0.000023,0.051886,0.1127,0.083065,0.247633,0.504694
AAATAGCTTAGACTTT-1,0.134744,0.170341,0.503875,0.050846,0.031312,0.108882
AAATAGGGTGCTATTG-1,0.018766,0.09587,0.369221,0.037219,0.133092,0.345831
AAATCCGATACACGCC-1,0.051489,0.078437,0.419149,0.025054,0.206265,0.219606
AAATCGCGGAAGGAGT-1,0.867714,0.040007,0.045137,0.025116,0.006773,0.015252
AAATCGTGTACCACAA-1,0.102105,0.0627,0.645399,0.085271,0.010924,0.093601
AAATCTAGCCCTGCTA-1,0.000027,0.000027,0.733057,0.022042,0.015111,0.229736
AAATGATTCGATCAGC-1,0.007298,0.154844,0.289403,0.069378,0.105783,0.373293
AAATGCTCGTTACGTT-1,0.002574,0.00007,0.997074,0.00007,0.00007,0.000141
AAATGGCATGTCTTGT-1,0.998905,0.000122,0.000487,0.000122,0.000122,0.000243
AAATGGCCCGTGCCCT-1,0.018013,0.013022,0.598454,0.151954,0.080189,0.138369
AAATGGTCAATGTGCC-1,0.059219,0.148364,0.598134,0.004132,0.06291,0.127242
AAATGTATCTTATCCC-1,0.120039,0.067076,0.000316,0.013453,0.798959,0.000158
AAATTAACGGGTAGCT-1,0.579186,0.003968,0.267975,0.000054,0.068589,0.080228
AAATTAATAAGCGCGA-1,0.153752,0.208653,0.417448,0.027167,0.17348,0.0195
AAATTACACGACTCTG-1,0.869494,0.000128,0.129864,0.000128,0.000128,0.000256
AAATTACCTATCGATG-1,0.201791,0.145323,0.431157,0.018679,0.020776,0.182274
AAATTCCAGGTCCAAA-1,0.03361,0.112363,0.483959,0.036891,0.100059,0.233119
AAATTGATAGTCCTTT-1,0.042693,0.000037,0.649681,0.293936,0.000037,0.013617
AAATTGCGGCGGTTCT-1,0.485663,0.007862,0.506268,0.000052,0.000052,0.000104
AAATTGGTGAGAAGCA-1,0.73825,0.003869,0.02142,0.086549,0.06873,0.081182
AAATTTACCGAAATCC-1,0.035976,0.078234,0.771822,0.000037,0.007236,0.106696
AAATTTGCGGGTGTGG-1,0.003149,0.256049,0.426091,0.017458,0.00553,0.291723
AACAACTGGTAGTTGC-1,0.998308,0.000188,0.000752,0.000188,0.000188,0.000376
AACAATACATTGTCGA-1,0.018935,0.025023,0.822842,0.001107,0.021872,0.11022
AACAATTACTCTACGC-1,0.265748,0.091848,0.638071,0.00005,0.00005,0.004233
AACACACGCTCGCCGC-1,0.391941,0.002362,0.449263,0.000861,0.054033,0.10154
AACACGACTGTACTGA-1,0.073529,0.030727,0.871342,0.000035,0.021493,0.002875
AACACGAGACGCGGCC-1,0.000021,0.016235,0.408438,0.05227,0.035824,0.487212
AACACGCGGCCGCGAA-1,0.452752,0.000093,0.546784,0.000093,0.000093,0.000186
AACAGCTGTGTGGCAA-1,0.000017,0.002401,0.451788,0.070665,0.030941,0.444188
AACAGGAAATCGAATA-1,0.061804,0.002967,0.741161,0.039294,0.030871,0.123905
AACAGGATGGGCCGCG-1,0.093444,0.017064,0.427706,0.0593,0.20311,0.199376
AACAGGTAGTATGGAT-1,0.049527,0.118714,0.30239,0.476923,0.014881,0.037564
AACATATCAACTGGTG-1,0.032016,0.147073,0.611439,0.061032,0.096499,0.051943
AACATCGATACGTCTA-1,0.329933,0.003881,0.132271,0.106778,0.186446,0.24069
AACATTGAAGTTGATC-1,0.000022,0.015961,0.09319,0.103633,0.09302,0.694174
AACATTGTGACTCGAG-1,0.113589,0.165341,0.636711,0.025859,0.011967,0.046533
AACCAAGACTTCTCTG-1,0.000444,0.064033,0.443269,0.0723,0.07407,0.345885
AACCAGTATCACTCTT-1,0.000052,0.000052,0.999685,0.000052,0.000052,0.000105
AACCATAGGGTTGAAC-1,0.070613,0.0066,0.84435,0.007484,0.001158,0.069795
AACCATGGGATCGCTA-1,0.000046,0.000046,0.999727,0.000046,0.000046,0.000091
AACCCAGAGACGGAGA-1,0.000042,0.000042,0.999749,0.000042,0.000042,0.000084
AACCCATCCCATGATC-1,0.000014,0.001015,0.140699,0.118685,0.073173,0.666414
AACCCGACAACCCGTG-1,0.247792,0.02131,0.468073,0.261353,0.000027,0.001445
AACCCGAGCAGAATCG-1,0.018124,0.037342,0.759063,0.003931,0.047003,0.134538
AACCCGATAGGGCTTC-1,0.000054,0.000054,0.891315,0.000054,0.000054,0.108469
AACCCTACTGTCAATA-1,0.000035,0.015593,0.780283,0.00601,0.008884,0.189194
AACCCTGGTGGAACCA-1,0.502251,0.00014,0.497047,0.00014,0.00014,0.000281
AACCGAGCTTGGTCAT-1,0.157679,0.146639,0.382523,0.253478,0.01888,0.040801
AACCGCTAAGGGATGC-1,0.00534,0.060206,0.53728,0.058937,0.075992,0.262244
AACCGTTGTGTTTGCT-1,0.301385,0.001968,0.696337,0.000077,0.000077,0.000155
AACCTCGCTTTAGCCC-1,0.245018,0.008856,0.199796,0.064448,0.064467,0.417414
AACCTGTCACGGAATT-1,0.061753,0.115341,0.146635,0.089722,0.298283,0.288267
AACCTTTAAATACGGT-1,0.089401,0.089516,0.371368,0.083831,0.092927,0.272959
AACCTTTACGACGTCT-1,0.042888,0.049002,0.559052,0.004298,0.103319,0.241441
AACGAAAGTCGTCCCA-1,0.979461,0.000098,0.020051,0.000098,0.000098,0.000195
AACGATAATGCCGTAG-1,0.023806,0.014983,0.096137,0.109522,0.219065,0.536488
AACGATAGAAGGGCCG-1,0.045342,0.03558,0.904429,0.000048,0.000048,0.014552
AACGATATGTCAACTG-1,0.000048,0.00459,0.071076,0.136401,0.224016,0.563868
AACGCATGATCTGGGT-1,0.066284,0.036766,0.303709,0.015321,0.192742,0.385177
AACGCGAACGGCAACA-1,0.129314,0.000045,0.870461,0.000045,0.000045,0.00009
AACGCGACCTTGGGCG-1,0.057656,0.335976,0.412839,0.069608,0.054911,0.06901
AACGCGGTCTCCAGCC-1,0.021944,0.104097,0.714215,0.024447,0.044312,0.090983
AACGCTGTTGCTGAAA-1,0.002008,0.014076,0.199793,0.027602,0.168437,0.588084
AACGGACGTACGTATA-1,0.011759,0.019851,0.433491,0.063621,0.168417,0.302861
AACGGCCATCTCCGGT-1,0.000032,0.006322,0.704639,0.006326,0.007387,0.275294
AACGTACTGTGGGTAC-1,0.000028,0.062761,0.148682,0.105757,0.029776,0.652995
AACGTCAGACTAGTGG-1,0.761907,0.056372,0.055277,0.000116,0.000116,0.126212
AACGTGATGAAGGACA-1,0.003366,0.031504,0.308825,0.656239,0.000022,0.000044
AACGTGCGAAAGTCTC-1,0.008542,0.020622,0.214563,0.018331,0.217189,0.520754
AACGTTATCAGCACCT-1,0.330968,0.003463,0.343157,0.008104,0.047093,0.267216
AACTACCCGTTTGTCA-1,0.110866,0.172088,0.442591,0.034338,0.025588,0.21453
AACTAGCGTATCGCAC-1,0.163556,0.000161,0.81478,0.00153,0.000161,0.019813
AACTAGGCTTGGGTGT-1,0.067488,0.101599,0.327192,0.477143,0.007642,0.018937
AACTCAAGTTAATTGC-1,0.999469,0.000059,0.000236,0.000059,0.000059,0.000118
AACTCCAGAGCGTGTT-1,0.000041,0.077215,0.817801,0.000041,0.009734,0.095168
AACTCCTAATCCCATG-1,0.050569,0.041826,0.718642,0.01089,0.077361,0.100712
AACTCGATAAACACGT-1,0.000083,0.000083,0.999502,0.000083,0.000083,0.000166
AACTCGATGGCGCAGT-1,0.069904,0.010653,0.919127,0.00005,0.000166,0.0001
AACTCTCAATAGAGCG-1,0.033434,0.113877,0.102344,0.492893,0.172977,0.084475
AACTCTCAGTGTGCTC-1,0.034568,0.047791,0.696789,0.036744,0.047544,0.136563
AACTGAGGTCAGCGTC-1,0.030412,0.000108,0.547544,0.421846,0.00003,0.00006
AACTGAGTTATACTGA-1,0.027388,0.069564,0.541483,0.068793,0.101358,0.191415
AACTGATATTAGGCCT-1,0.000056,0.042307,0.95741,0.000056,0.000056,0.000113
AACTGGGTCCCGACGT-1,0.416237,0.025022,0.558447,0.000073,0.000073,0.000147
AACTGGGTTCGAGCCG-1,0.104453,0.000162,0.639482,0.096547,0.000162,0.159195
AACTGGTGTGGGCCTT-1,0.941411,0.000189,0.057641,0.000189,0.000189,0.000379
AACTTCTGCGTCTATC-1,0.000066,0.000066,0.999605,0.000066,0.000066,0.000132
AACTTGCCCGTATGCA-1,0.953879,0.00011,0.04557,0.00011,0.00011,0.00022
AACTTGCGTTCTCGCG-1,0.354407,0.000105,0.645066,0.000105,0.000105,0.000211
AACTTTACGGGAGCTT-1,0.243086,0.019668,0.199398,0.023238,0.29138,0.223229
AACTTTAGCTGCTGAG-1,0.207064,0.005845,0.270682,0.000645,0.071736,0.444028
AACTTTCTCGATCATG-1,0.002235,0.040384,0.093486,0.054885,0.220376,0.588634
AAGAAATCACCAGATT-1,0.011936,0.0293,0.444042,0.029597,0.175002,0.310123
AAGAAGGATCAGTTAG-1,0.000035,0.001923,0.341517,0.056184,0.14425,0.45609
AAGACATACGTGGTTT-1,0.050684,0.032741,0.365221,0.000332,0.000093,0.550929
AAGACCAAATAACTCA-1,0.186397,0.012478,0.799744,0.000023,0.000023,0.001335
AAGACCCAACTGAACA-1,0.009916,0.007287,0.476817,0.115915,0.095436,0.29463
AAGACTAACCCGTTGT-1,0.998841,0.000129,0.000515,0.000129,0.000129,0.000257
AAGACTGCAAGCTACT-1,0.068404,0.082245,0.731163,0.000045,0.053365,0.064778
AAGAGATGAATCGGTA-1,0.458658,0.00014,0.374095,0.00014,0.166687,0.00028
AAGAGCTCTTTATCGG-1,0.082248,0.193543,0.715329,0.000047,0.000109,0.008724
AAGAGGATGTACGCGA-1,0.000412,0.12891,0.853753,0.000045,0.000045,0.016834
AAGAGGCATGGATCGC-1,0.886401,0.039,0.012116,0.000037,0.056368,0.006078
AAGAGGCCCTTTGGAA-1,0.504376,0.012503,0.242994,0.000032,0.048898,0.191197
AAGATGGCACCGGACC-1,0.077129,0.051737,0.505156,0.065579,0.132032,0.168368
AAGATTGGCGGAACGT-1,0.178748,0.058172,0.137935,0.073666,0.266869,0.284611
AAGCACCCTGCGTATC-1,0.462398,0.152297,0.362121,0.001983,0.008455,0.012747
AAGCATACTCTCCTGA-1,0.354603,0.015987,0.262507,0.086553,0.077554,0.202796
AAGCCGAAGCGGTTTA-1,0.379013,0.000042,0.588972,0.000042,0.004357,0.027573
AAGCCGCCGTGAAATC-1,0.00001,0.019221,0.01686,0.069558,0.372717,0.521634
AAGCCGCTTTACCTTG-1,0.038353,0.121915,0.179655,0.02135,0.342951,0.295776
AAGCCGGAGAGCAGGA-1,0.349215,0.086217,0.275579,0.004568,0.126613,0.157808
AAGCGCAGGGCTTTGA-1,0.027903,0.040098,0.757707,0.058815,0.046324,0.069154
AAGCGGAGTGCGCGCA-1,0.017006,0.002767,0.614981,0.032475,0.049655,0.283115
AAGCGGCGTCATGGGT-1,0.61555,0.020351,0.307316,0.004099,0.022161,0.030523
AAGCGTCCCTCATCGA-1,0.095721,0.256281,0.1723,0.025276,0.080677,0.369745
AAGCTAGATCGAGTAA-1,0.00003,0.033319,0.657898,0.008977,0.029978,0.269799
AAGCTCGTGCCAAGTC-1,0.067211,0.000043,0.663267,0.000043,0.172764,0.096672
AAGCTCTTTCATGGTG-1,0.112269,0.023715,0.743479,0.005637,0.022038,0.092863
AAGGAGCGGTTGGTGC-1,0.034863,0.145123,0.694404,0.023004,0.061668,0.040939
AAGGATCGATCGCTTG-1,0.000031,0.203196,0.329435,0.046678,0.150549,0.270111
AAGGATGAGGGACCTC-1,0.007766,0.072435,0.626165,0.009848,0.083239,0.200547
AAGGCAGGCTGTCTCC-1,0.003794,0.012875,0.452246,0.123797,0.058576,0.348712
AAGGCGCGTAAAGCTT-1,0.998899,0.000122,0.000489,0.000122,0.000122,0.000245
AAGGCTGTGCTCATCG-1,0.07736,0.067412,0.411679,0.012778,0.134664,0.296109
AAGGGAACGACTGGCT-1,0.200754,0.008803,0.424737,0.365647,0.000019,0.000039
AAGGGACAGATTCTGT-1,0.999533,0.000052,0.000207,0.000052,0.000052,0.000104
AAGGGACTATGCATTC-1,0.000024,0.016264,0.301586,0.052002,0.052055,0.57807
AAGGGTTTGATTTCAG-1,0.651969,0.149219,0.050524,0.109637,0.038575,0.000076
AAGGTATCCTAATATA-1,0.046094,0.052236,0.196693,0.105534,0.308601,0.290844
AAGGTGATAAACCAGC-1,0.000032,0.001803,0.469845,0.013644,0.0963,0.418376
AAGTAGAAGACCGGGT-1,0.343392,0.036508,0.294827,0.281559,0.011854,0.031859
AAGTAGTGACGCGAGG-1,0.418841,0.035131,0.503097,0.034718,0.008098,0.000115
AAGTCAATTGTCGTCA-1,0.262778,0.015676,0.626144,0.00264,0.01018,0.082582
AAGTCTAGTAGCTGCC-1,0.151282,0.553676,0.117191,0.023297,0.0733,0.081254
AAGTCTTCTGTGGCCT-1,0.417123,0.106743,0.111568,0.004064,0.326463,0.03404
AAGTGACGACCGAATT-1,0.000021,0.014988,0.28557,0.105464,0.177232,0.416724
AAGTGAGTCGGGTTTA-1,0.6313,0.000063,0.22884,0.006137,0.004625,0.129034
AAGTGCAAAGGTAGAC-1,0.999279,0.00008,0.000321,0.00008,0.00008,0.00016
AAGTGCCTTGACTGTA-1,0.088257,0.052525,0.310901,0.402687,0.050354,0.095277
AAGTGCGTTAGAATCT-1,0.037301,0.073724,0.470203,0.070864,0.099786,0.248121
AAGTGCTTCTCTATTG-1,0.015713,0.049175,0.78802,0.087365,0.007842,0.051885
AAGTGTTTGGAGACGG-1,0.064288,0.019728,0.238349,0.45698,0.050609,0.170047
AAGTTCACTCCAAGCT-1,0.000037,0.004962,0.896403,0.028882,0.001926,0.067789
AAGTTCAGTCTGCGTA-1,0.622684,0.000034,0.24669,0.005373,0.026072,0.099147
AAGTTCGGCCAACAGG-1,0.026288,0.028977,0.735972,0.00361,0.02225,0.182902
AAGTTGTGATGTTATA-1,0.000053,0.013169,0.926992,0.000053,0.004804,0.054929
AAGTTTACTAATGGCA-1,0.905474,0.000144,0.093807,0.000144,0.000144,0.000287
AAGTTTATGGGCCCAA-1,0.000343,0.041221,0.462329,0.062369,0.163173,0.270565
AATAACAACGCTCGGC-1,0.054062,0.009538,0.805478,0.070099,0.005719,0.055104
AATAACACTAGAACAA-1,0.000023,0.007159,0.578077,0.046032,0.023663,0.345046
AATAAGTCCTCGAGAC-1,0.187053,0.000057,0.812665,0.000057,0.000057,0.000113
AATAATCTTCGTATCG-1,0.000024,0.038735,0.214435,0.053016,0.208434,0.485357
AATACAATGTTTCAGG-1,0.262216,0.020898,0.606402,0.092289,0.000039,0.018156
AATACCGGAGGGCTGT-1,0.012334,0.017196,0.85164,0.00119,0.028962,0.088678
AATAGAACAGAGTGGC-1,0.00258,0.278482,0.662488,0.0002,0.012305,0.043945
AATAGAATCTGTTTCA-1,0.000042,0.008791,0.955196,0.003915,0.000042,0.032013
AATAGCAAGCCTCCTG-1,0.758575,0.00006,0.176916,0.053372,0.010311,0.000765
AATAGCTACCGCGTGC-1,0.089655,0.003719,0.777154,0.055579,0.01341,0.060483
AATAGTCCGTCCCGAC-1,0.072283,0.183826,0.59219,0.015175,0.097855,0.03867
AATAGTCGCGAGTCGG-1,0.091518,0.043039,0.278217,0.045187,0.243983,0.298056
AATATCAAGGTCGGAT-1,0.077101,0.000111,0.916145,0.000042,0.000042,0.00656
AATATCCTAGCAAACT-1,0.999086,0.000102,0.000406,0.000102,0.000102,0.000203
AATATCGAATCAATGC-1,0.346231,0.143231,0.338735,0.007706,0.116571,0.047526
AATATCGAGGGTTCTC-1,0.07265,0.007669,0.633357,0.013668,0.059867,0.212789
AATATTGGAGTATTGA-1,0.000026,0.000912,0.114017,0.069803,0.213461,0.601782
AATCAGACTGCAGGAC-1,0.469514,0.000098,0.529995,0.000098,0.000098,0.000197
AATCAGGTTTCATTTA-1,0.000033,0.025184,0.354189,0.01592,0.078394,0.52628
AATCATGTAAAGACTC-1,0.035984,0.014284,0.715863,0.02847,0.050259,0.155139
AATCCAAGGGCCTGAG-1,0.08123,0.000048,0.918531,0.000048,0.000048,0.000096
AATCCATGCAAGGGTG-1,0.691058,0.00018,0.308044,0.00018,0.00018,0.000359
AATCGCCTCAGCGCCA-1,0.051256,0.061773,0.604999,0.022837,0.064116,0.195019
AATCGCGCAGAGGACT-1,0.004518,0.005413,0.653652,0.2524,0.005674,0.078343
AATCGGGACACTACGA-1,0.785854,0.000123,0.149193,0.000123,0.064461,0.000246
AATCGTGAGCCGAGCA-1,0.000015,0.012703,0.090211,0.124698,0.359052,0.413321
AATCTAGGTTTACTTG-1,0.181613,0.026237,0.769434,0.000038,0.000038,0.02264
AATCTATGCCGGAGCC-1,0.007078,0.083498,0.384457,0.039768,0.118543,0.366655
AATCTCTACTGTGGTT-1,0.05545,0.012898,0.799836,0.000039,0.02212,0.109657
AATCTGCGTTGGGACG-1,0.039918,0.148384,0.452994,0.042062,0.064393,0.25225
AATCTGGCTTTCTAGT-1,0.117484,0.000034,0.613242,0.01028,0.005919,0.253042
AATCTGGGTAGACCCT-1,0.003477,0.055102,0.91365,0.003694,0.000041,0.024036
AATGACAGCAATGTCT-1,0.000039,0.282639,0.208354,0.021873,0.129255,0.35784
AATGACGTAGGATGTC-1,0.000047,0.03841,0.718226,0.000047,0.033656,0.209614
AATGACTGTCAGCCGG-1,0.17376,0.128344,0.079872,0.135848,0.108565,0.37361
AATGAGTTCGCATATG-1,0.032918,0.000077,0.966698,0.000077,0.000077,0.000154
AATGATGATACGCTAT-1,0.0469,0.000986,0.253694,0.00831,0.259162,0.430948
AATGATGCGACTCCTG-1,0.055056,0.155524,0.453262,0.019052,0.057496,0.25961
AATGCAACCGGGTACC-1,0.613087,0.000048,0.276708,0.000048,0.001305,0.108805
AATGCACCAAGCAATG-1,0.044441,0.014364,0.763401,0.024732,0.000039,0.153023
AATGGCCGCCAATGCG-1,0.001844,0.006595,0.492319,0.014093,0.019019,0.46613
AATGGTCCACCGTTCA-1,0.879103,0.000217,0.11981,0.000217,0.000217,0.000435
AATGGTTCTCACAAGC-1,0.078705,0.014005,0.791049,0.001329,0.052077,0.062835
AATGTATGGCACTGTA-1,0.191236,0.055748,0.370624,0.051982,0.156383,0.174027
AATGTGCCCGAGGTGT-1,0.000039,0.054984,0.656273,0.000139,0.067715,0.22085
AATGTGCTAATCTGAG-1,0.000021,0.000503,0.124547,0.116266,0.122876,0.635787
AATGTTGTCGTGAGAC-1,0.121653,0.037771,0.226958,0.60793,0.002168,0.00352
AATTAAAGGTCGGCGT-1,0.159639,0.172022,0.456649,0.069321,0.10569,0.03668
AATTAACGGATTTCCA-1,0.000037,0.000039,0.639981,0.065178,0.066863,0.227902
AATTACGAGACCCATC-1,0.551415,0.099701,0.201583,0.083629,0.030018,0.033654
AATTACTCGTACGCTC-1,0.820914,0.000073,0.098344,0.009752,0.016048,0.05487
AATTAGCGCTGCAGCG-1,0.22811,0.059681,0.708782,0.000039,0.000039,0.003349
AATTCATAAGGGATCT-1,0.092521,0.037918,0.267495,0.037083,0.071015,0.493969
AATTCATTGTCATGCA-1,0.206229,0.03781,0.532351,0.01815,0.039461,0.165999
AATTCCAAGCATGTAC-1,0.09681,0.002731,0.654419,0.030495,0.014688,0.200857
AATTCGATTCGAGGAT-1,0.075645,0.038652,0.193028,0.184218,0.09922,0.409236
AATTCTAGAGTTAGGC-1,0.000028,0.029389,0.029881,0.10514,0.216258,0.619305
AATTGAACGCTCTGGT-1,0.000045,0.051073,0.614375,0.017457,0.039402,0.277648
AATTGCAGCAATCGAC-1,0.000034,0.015812,0.786976,0.003375,0.031345,0.162458
AATTGCGTGGATTACA-1,0.179235,0.032577,0.511492,0.04512,0.0001,0.231476
AATTGTGGTTGCCAAA-1,0.012814,0.17234,0.384264,0.042511,0.094805,0.293266
AATTTGGGACATAGTA-1,0.045815,0.03873,0.55607,0.006133,0.169181,0.184072
AATTTGGTTCCAAAGA-1,0.558972,0.000123,0.440414,0.000123,0.000123,0.000245
ACAAACCATGCGTCCT-1,0.133596,0.066493,0.518834,0.077721,0.02376,0.179595
ACAAAGAAGGTAGGCC-1,0.999556,0.000049,0.000197,0.000049,0.000049,0.000099
ACAAAGCATGACCTAG-1,0.000019,0.041068,0.617604,0.077827,0.071895,0.191585
ACAAATCGCACCGAAT-1,0.37873,0.186833,0.363404,0.000033,0.027325,0.043674
ACAAATGGTAGTGTTT-1,0.00002,0.00002,0.000797,0.036824,0.441595,0.520743
ACAAATTCAGATCTGA-1,0.000021,0.001222,0.400576,0.043701,0.177107,0.377373
ACAACAGCATGAGCTA-1,0.965589,0.000084,0.000335,0.033741,0.000084,0.000168
ACAACGGTCCCTGCGA-1,0.192047,0.027853,0.442908,0.004346,0.070783,0.262063
ACAAGCAGTGCCTAGC-1,0.091049,0.040496,0.438317,0.029355,0.102755,0.298028
ACAAGCTATATGGAAG-1,0.422746,0.001044,0.000144,0.025659,0.550335,0.000072
ACAAGGAAATCCGCCC-1,0.13176,0.083407,0.39789,0.021164,0.084825,0.280954
ACAAGGACAAGAGGTT-1,0.257262,0.052961,0.689589,0.000047,0.000047,0.000094
ACAAGGATGCTTTAGG-1,0.007618,0.123273,0.743354,0.017939,0.045157,0.062659
ACAAGGCCTACCAGCC-1,0.019787,0.003842,0.968083,0.000037,0.000037,0.008214
ACAAGGGCAGGCTCTG-1,0.063093,0.532541,0.311281,0.007562,0.023857,0.061665
ACAATAGTCGTACGTT-1,0.000044,0.038837,0.74818,0.000044,0.00814,0.204755
ACAATCCATTTAAACC-1,0.040345,0.002064,0.525792,0.267043,0.022652,0.142104
ACAATGAATACGGAGA-1,0.00708,0.174954,0.754201,0.044954,0.000144,0.018667
ACAATGATTCTTCTAC-1,0.005065,0.013421,0.616288,0.365167,0.00002,0.000039
ACAATTGTGTCTCTTT-1,0.002607,0.007093,0.375536,0.108379,0.207166,0.299219
ACAATTTAGGAGGCTC-1,0.357582,0.036129,0.486637,0.002442,0.056278,0.060932
ACAATTTGAGCAGTGG-1,0.00969,0.022409,0.855769,0.013782,0.006381,0.091969
ACAATTTGGCCATATT-1,0.034779,0.136724,0.321753,0.062755,0.091405,0.352584
ACACAAAGACGGGTGG-1,0.841763,0.000174,0.157368,0.000174,0.000174,0.000347
ACACAAATATTCCTAG-1,0.015197,0.066953,0.712731,0.003899,0.069392,0.131828
ACACACCAGGACCAGT-1,0.140049,0.168132,0.084086,0.012378,0.254632,0.340723
ACACACTTTCTACACG-1,0.066865,0.191106,0.390337,0.040294,0.05888,0.252516
ACACATGATCAAATCT-1,0.000021,0.086058,0.570644,0.026605,0.019178,0.297495
ACACATTGACGCAACA-1,0.073526,0.028083,0.772955,0.003553,0.040206,0.081678
ACACCACATAATTAGC-1,0.022401,0.055937,0.762878,0.042784,0.026624,0.089377
ACACCCAGCATGCAGC-1,0.856692,0.009269,0.13301,0.000257,0.000257,0.000514
ACACCCGAGAAATCCG-1,0.038688,0.067645,0.19281,0.10856,0.128324,0.463973
ACACCGAGCGCTCTTT-1,0.241921,0.004958,0.013815,0.060551,0.399081,0.279674
ACACCGGTCTGACCGC-1,0.114227,0.044565,0.245024,0.072582,0.113203,0.4104
ACACCTTAAGTAGGGC-1,0.056964,0.156078,0.293613,0.031588,0.159825,0.301933
ACACCTTACTACTTGC-1,0.000029,0.099851,0.13751,0.201045,0.106685,0.454881
ACACGAGACTCCTTCT-1,0.834074,0.000059,0.018416,0.019361,0.082289,0.045802
ACACGGCACTATGCAT-1,0.998548,0.000161,0.000645,0.000161,0.000161,0.000323
ACACGGGAACTTAGGG-1,0.07455,0.031613,0.411441,0.482292,0.000035,0.00007
ACACGTAGGCCACAAG-1,0.010244,0.060468,0.626974,0.022394,0.024609,0.255311
ACACTCCAATGTCACT-1,0.057883,0.2478,0.32969,0.036462,0.085902,0.242264
ACACTGATCAAGGTGT-1,0.010141,0.072882,0.778482,0.006364,0.026528,0.105604
ACACTGGGACAGTCGT-1,0.000046,0.017571,0.633706,0.070135,0.039985,0.238557
ACAGAACTGAGAACAA-1,0.218532,0.043342,0.360352,0.100735,0.056042,0.220998
ACAGATTAGGTTAGTG-1,0.089922,0.000061,0.891744,0.018088,0.000061,0.000123
ACAGCATAGAGCCAGT-1,0.729943,0.000106,0.269525,0.000106,0.000106,0.000213
ACAGCGACATTCTCAT-1,0.000039,0.014165,0.701785,0.041811,0.023077,0.219124
ACAGCGCACCCGCAGC-1,0.058668,0.210391,0.73078,0.00004,0.00004,0.00008
ACAGGCTTGCCCGACT-1,0.300767,0.000045,0.670094,0.000045,0.000045,0.029004
ACAGGTGGAGGTGAGG-1,0.000019,0.000609,0.117557,0.074435,0.093333,0.714047
ACAGGTGTGTTGTTGC-1,0.552657,0.000173,0.000693,0.030244,0.403392,0.01284
ACAGTAATACAACTTG-1,0.716221,0.00004,0.20625,0.00004,0.012771,0.064678
ACAGTATACCGTGGGA-1,0.061746,0.044493,0.33256,0.048876,0.059958,0.452367
ACATAAGTCGTGGTGA-1,0.999446,0.000062,0.000246,0.000062,0.000062,0.000123
ACATAATAAGGCGGTG-1,0.011876,0.258164,0.452989,0.007704,0.092416,0.176851
ACATCAGCTGGGACGC-1,0.233587,0.019271,0.354834,0.156336,0.046904,0.189069
ACATCCCGGCCATACG-1,0.004394,0.027135,0.010555,0.766329,0.144768,0.046818
ACATCCTGGTAACTGT-1,0.009334,0.079219,0.491368,0.038978,0.150069,0.231033
ACATCGATCGTTTACC-1,0.074555,0.080753,0.065477,0.115725,0.619951,0.043539
ACATCGGTCAGCCGCG-1,0.085901,0.401613,0.248917,0.040234,0.107065,0.116269
ACATCGTATGCAATGG-1,0.000056,0.263053,0.5569,0.06628,0.023517,0.090194
ACATCGTTAACCTAGT-1,0.000052,0.000052,0.990338,0.000052,0.000052,0.009454
ACATCTCAACGCGTAA-1,0.251489,0.000073,0.383341,0.078758,0.018185,0.268154
ACATGGCGCCAAAGTA-1,0.001873,0.09735,0.81273,0.032742,0.018779,0.036526
ACATGGCTCAATTTAG-1,0.073479,0.017216,0.750165,0.076947,0.053663,0.028529
ACATTAGTTTATATCC-1,0.413015,0.031957,0.465172,0.024072,0.017123,0.048662
ACCAAACACCCAGCGA-1,0.029495,0.005019,0.715109,0.15063,0.007096,0.09265
ACCAACACCACACACT-1,0.000023,0.024514,0.497258,0.036458,0.066569,0.375178
ACCAACCGCACTCCAC-1,0.000021,0.008322,0.533993,0.101523,0.031183,0.324958
ACCAACGCTTATTTAT-1,0.046579,0.03107,0.770047,0.018604,0.016618,0.117083
ACCAAGAACGCGTGTC-1,0.225243,0.050083,0.578408,0.000036,0.029609,0.116621
ACCAATATGCAAGTTA-1,0.115321,0.418735,0.331915,0.036412,0.026854,0.070762
ACCACAACTCAGAACA-1,0.000034,0.028193,0.729267,0.025513,0.06491,0.152083
ACCACAAGTTTCTATC-1,0.039688,0.05159,0.810939,0.000041,0.057851,0.039891
ACCACCAATGTAACAA-1,0.052507,0.384443,0.376436,0.05028,0.038638,0.097695
ACCACCCTCTCTTCTA-1,0.044406,0.071654,0.627155,0.009419,0.053273,0.194094
ACCACGTGCAGCTATA-1,0.01822,0.049925,0.904984,0.000054,0.001418,0.025399
ACCACTGTTCAAGAAG-1,0.611789,0.000021,0.07293,0.315196,0.000021,0.000043
ACCAGACCATAACAAC-1,0.300739,0.168069,0.377607,0.004875,0.123933,0.024777
ACCAGCCCGGTCTTTG-1,0.08224,0.016195,0.901364,0.00005,0.00005,0.0001
ACCAGTGCCCGGTCAA-1,0.034935,0.012709,0.334452,0.026953,0.092369,0.498582
ACCAGTGCGGGAGACG-1,0.062017,0.131209,0.278537,0.025632,0.235932,0.266673
ACCATATCCGCAATAA-1,0.033713,0.200558,0.333091,0.101482,0.114505,0.216652
ACCATCCGCCAACTAG-1,0.001112,0.00302,0.786432,0.038647,0.002447,0.168343
ACCATCGTATATGGTA-1,0.350372,0.0252,0.522669,0.025982,0.052737,0.023041
ACCATTAAGGGTGTCA-1,0.340897,0.000065,0.658052,0.000775,0.000063,0.000148
ACCCAACGCCCGTGGC-1,0.85744,0.019825,0.002025,0.012052,0.083724,0.024935
ACCCACCTACATGCTC-1,0.467434,0.015558,0.516698,0.000077,0.000077,0.000155
ACCCATCTTGAGGGTA-1,0.944117,0.00009,0.055433,0.00009,0.00009,0.00018
ACCCATTTGTCCCTCT-1,0.000027,0.112411,0.394131,0.405167,0.030465,0.057799
ACCCGAGCGAAATTAC-1,0.001,0.031495,0.420002,0.106611,0.061202,0.379691
ACCCGATTGGTTCCGA-1,0.001694,0.007266,0.12023,0.085462,0.199813,0.585535
ACCCGGAAACTCCCAG-1,0.057016,0.000889,0.718349,0.024452,0.008813,0.190481
ACCCGGAGCACCACAA-1,0.066554,0.00359,0.424402,0.090352,0.263967,0.151136
ACCCGGATGACGCATC-1,0.015149,0.097454,0.565034,0.040153,0.111268,0.170942
ACCCGGTTACACTTCC-1,0.999431,0.000063,0.000253,0.000063,0.000063,0.000126
ACCCGTAGTCTAGTTG-1,0.0001,0.043353,0.88228,0.036773,0.0001,0.037394
ACCCGTGTCATCAGTA-1,0.00003,0.032775,0.232395,0.077667,0.050526,0.606608
ACCCTATAGGACTGAG-1,0.004562,0.00007,0.995088,0.00007,0.00007,0.00014
ACCCTATGCCATATCG-1,0.010251,0.056341,0.798394,0.060984,0.021026,0.053003
ACCCTCCCTTGCTATT-1,0.089865,0.075871,0.206518,0.08276,0.18126,0.363726
ACCCTGGTAACGCCCT-1,0.0156,0.173238,0.030308,0.047106,0.173228,0.56052
ACCCTTCATCTGCGAA-1,0.183514,0.000061,0.701235,0.007153,0.012964,0.095072
ACCCTTGCCTGGGTCG-1,0.070625,0.016332,0.194118,0.020864,0.152134,0.545927
ACCCTTTAGTTCTCCA-1,0.00004,0.00056,0.8794,0.063264,0.017928,0.038809
ACCGAAAGGGCCCTGC-1,0.91164,0.000075,0.00097,0.050646,0.03652,0.00015
ACCGAAGAGTCTGGTT-1,0.754223,0.000111,0.245221,0.000111,0.000111,0.000223
ACCGACACATCTCCCA-1,0.059182,0.057817,0.210712,0.058117,0.07868,0.535492
ACCGACTGAGTCCCAC-1,0.115763,0.131712,0.698832,0.014203,0.019441,0.020048
ACCGATAGGCATAACC-1,0.000036,0.030493,0.633879,0.039163,0.112011,0.184417
ACCGATATTTAATCAT-1,0.045089,0.140488,0.606246,0.022125,0.014962,0.17109
ACCGATGGTAGCATCG-1,0.244995,0.151315,0.434486,0.011342,0.072778,0.085083
ACCGCAATAACTGCCT-1,0.013637,0.03348,0.363446,0.244849,0.145645,0.198943
ACCGCGGTGGAAGTCG-1,0.000021,0.006969,0.025268,0.096127,0.261461,0.610155
ACCGGGCCTTTGTTGA-1,0.459644,0.136165,0.107299,0.045603,0.061457,0.189832
ACCGGTCAGGTACACC-1,0.012962,0.195812,0.735287,0.015931,0.001064,0.038945
ACCGGTCTGAGTACGG-1,0.000031,0.038219,0.509787,0.034239,0.099145,0.31858
ACCGTCCACTGGGCCC-1,0.137804,0.003115,0.5587,0.073573,0.042373,0.184434
ACCGTGACCACGTGGG-1,0.014039,0.033888,0.072752,0.127359,0.125579,0.626383
ACCGTTCCCGCTCTGA-1,0.998753,0.000139,0.000554,0.000139,0.000139,0.000277
ACCTAAGTACCTTTCA-1,0.000018,0.022498,0.036102,0.073206,0.063534,0.804642
ACCTAATCGACTTCCT-1,0.642576,0.000055,0.35616,0.000055,0.000055,0.0011
ACCTACAGTATGTGGT-1,0.005062,0.068089,0.213266,0.17204,0.290305,0.251238
ACCTACTATAAATCTA-1,0.103639,0.005389,0.464736,0.043253,0.005482,0.377502
ACCTCCGCCCTCGCTG-1,0.000288,0.000039,0.66695,0.015084,0.074518,0.243121
ACCTCCGTTATTCACC-1,0.025145,0.108506,0.135319,0.096461,0.290123,0.344445
ACCTCGAACTTATGCT-1,0.073819,0.005073,0.789553,0.054865,0.004983,0.071707
ACCTGCGTGTCATGTT-1,0.002787,0.015235,0.761118,0.069066,0.010319,0.141475
ACGAAATGGGCGGCAC-1,0.061002,0.040142,0.157562,0.054715,0.171704,0.514874
ACGACCCATGAGTTGC-1,0.117745,0.003227,0.643736,0.018617,0.01775,0.198926
ACGACTGGTCATACTC-1,0.003009,0.045184,0.302953,0.041245,0.14477,0.462839
ACGAGAACCCATCACG-1,0.999017,0.000109,0.000437,0.000109,0.000109,0.000218
ACGAGATATTTGCTTA-1,0.003296,0.023383,0.495471,0.018485,0.102986,0.356379
ACGAGGATACCACTCT-1,0.459044,0.010743,0.312332,0.020035,0.065489,0.132358
ACGAGGTTTACAACGT-1,0.114687,0.003073,0.640734,0.233027,0.000028,0.00845
ACGAGTACGGATGCCC-1,0.825007,0.016773,0.037264,0.004736,0.004945,0.111274
ACGATACATAGAACTA-1,0.105079,0.028224,0.728214,0.052704,0.053719,0.032059
ACGATACCTATCCTGA-1,0.174123,0.003759,0.000174,0.006817,0.815047,0.000081
ACGATCATACATAGAG-1,0.079418,0.001647,0.861896,0.055148,0.000044,0.001847
ACGATCATCTTGTAAA-1,0.498507,0.020897,0.360828,0.015625,0.004167,0.099976
ACGATGCATATGTTAT-1,0.965969,0.000089,0.015153,0.018523,0.000089,0.000178
ACGATGGATCCGATGC-1,0.280778,0.000074,0.718853,0.000074,0.000074,0.000147
ACGCAAACTAATAGAT-1,0.194981,0.017223,0.463021,0.091008,0.002263,0.231505
ACGCAATCACTACAGC-1,0.104006,0.088435,0.589141,0.001214,0.082343,0.134862
ACGCATAAATGACATG-1,0.363687,0.063753,0.414819,0.011575,0.068438,0.077726
ACGCATACGTTTACTA-1,0.050156,0.007398,0.367197,0.085862,0.025947,0.46344
ACGCATTCGTGAGTAC-1,0.058742,0.000037,0.208071,0.158704,0.29102,0.283426
ACGCCAGATGATTTCT-1,0.000065,0.000876,0.998797,0.000065,0.000065,0.000131
ACGCCGCTAGACGACC-1,0.0944,0.071727,0.014308,0.041423,0.293775,0.484367
ACGCGAAGTCAGACGA-1,0.834764,0.000065,0.011336,0.000065,0.030019,0.123751
ACGCGCTACACAGGGT-1,0.00004,0.003634,0.857055,0.049885,0.010648,0.078737
ACGCGGGCCAAGGACA-1,0.32042,0.104122,0.492965,0.00004,0.043359,0.039093
ACGCGTTTCTTAAGAG-1,0.177659,0.026732,0.582862,0.032132,0.129243,0.051371
ACGCTAGTGATACACT-1,0.010181,0.005671,0.525436,0.066975,0.070272,0.321465
ACGCTGTGAGGCGTAG-1,0.423239,0.000081,0.576355,0.000081,0.000081,0.000163
ACGCTTAGTGTCTCTC-1,0.159469,0.000136,0.714464,0.000136,0.000136,0.12566
ACGGAATTTAGCAAAT-1,0.062823,0.000051,0.895184,0.000051,0.000051,0.04184
ACGGACTCTCAAAGCG-1,0.076375,0.032809,0.213239,0.015061,0.096561,0.565955
ACGGAGCGCAAATTAC-1,0.050543,0.247492,0.634665,0.011595,0.007721,0.047985
ACGGATGGTGCGGATA-1,0.038675,0.155901,0.688348,0.011165,0.02748,0.078431
ACGGCACTTGCTTGGG-1,0.217119,0.03738,0.046421,0.124399,0.088675,0.486007
ACGGCCAACATGGACT-1,0.110906,0.01157,0.143411,0.100377,0.189833,0.443902
ACGGCGACGATGGGAA-1,0.000022,0.016046,0.09058,0.054236,0.06853,0.770586
ACGGCGGGTTGCCCTG-1,0.516024,0.000152,0.402776,0.000152,0.000152,0.080745
ACGGCTGGATGTAGAA-1,0.432077,0.000045,0.125891,0.186182,0.072757,0.183048
ACGGGAGTGTCGGCCC-1,0.002049,0.103972,0.237292,0.087997,0.134588,0.434101
ACGGGCGTATGCGACA-1,0.567457,0.005202,0.251811,0.158103,0.017346,0.000081
ACGGGTCATGTGACTT-1,0.356145,0.004038,0.639662,0.000039,0.000039,0.000077
ACGTACAGATTTCTCT-1,0.176933,0.044328,0.538826,0.165454,0.043683,0.030775
ACGTAGATTGCTGATG-1,0.069386,0.010862,0.325576,0.016751,0.191054,0.386371
ACGTATTACTCCGATC-1,0.01329,0.017785,0.121015,0.106292,0.168319,0.573299
ACGTCGGGCAACTCGG-1,0.076697,0.131887,0.603659,0.040361,0.080284,0.067112
ACGTCTCGTTCCGGGA-1,0.554348,0.009427,0.314858,0.000033,0.055949,0.065385
ACGTGACAAAGTAAGT-1,0.999598,0.000045,0.000179,0.000045,0.000045,0.000089
ACGTGCGCCTCGTGCA-1,0.059846,0.000059,0.939858,0.000059,0.000059,0.000118
ACGTTAATGTCGAAGA-1,0.080196,0.072951,0.183226,0.068106,0.277736,0.317786
ACGTTAGATTTGCCCG-1,0.061267,0.023382,0.531868,0.021693,0.115224,0.246566
ACGTTATTGGTCACTC-1,0.44665,0.049172,0.503369,0.000507,0.000042,0.000259
ACGTTCCGCGCTCCGT-1,0.998795,0.000134,0.000536,0.000134,0.000134,0.000268
ACGTTCGCAATCAATT-1,0.013538,0.091111,0.52564,0.035533,0.160845,0.173333
ACGTTCGTTCAGGAAA-1,0.00005,0.04785,0.587111,0.013501,0.009459,0.342029
ACGTTCTGTACAAGTC-1,0.052005,0.018545,0.573167,0.101371,0.023302,0.231611
ACGTTTAGTTGTGATC-1,0.814853,0.00017,0.133139,0.00017,0.05133,0.000339
ACTAAGGACGCACACC-1,0.004822,0.012894,0.397726,0.011265,0.105749,0.467544
ACTAATACGTCAGGCG-1,0.05633,0.009223,0.631852,0.292152,0.002628,0.007815
ACTACATCCCGACAAG-1,0.781674,0.027647,0.19052,0.00004,0.00004,0.000079
ACTACCAGCTCTCTGG-1,0.46526,0.07036,0.464017,0.000091,0.000091,0.000182
ACTACGCGTTAGAATT-1,0.013162,0.399261,0.032744,0.09158,0.164078,0.299175
ACTAGTTGCGATCGTC-1,0.725846,0.008418,0.16797,0.017354,0.050075,0.030338
ACTATATGCTGTGTTC-1,0.131496,0.017385,0.788747,0.00004,0.00004,0.062293
ACTATCCAGGGCATGG-1,0.072207,0.053439,0.30124,0.448911,0.077808,0.046394
ACTATCGCCGGCTAAA-1,0.12118,0.057326,0.002207,0.038942,0.777409,0.002935
ACTATCTGCCCGCGTA-1,0.011006,0.043464,0.543448,0.183307,0.042634,0.17614
ACTATGTCCAGCTGCC-1,0.061047,0.027817,0.791132,0.044965,0.001668,0.073372
ACTATTCGTCCGTGGT-1,0.000039,0.004351,0.483963,0.007031,0.118045,0.386571
ACTATTTCCGGGCCCA-1,0.000022,0.049018,0.208575,0.047246,0.112582,0.582556
ACTCAACGAATGTATT-1,0.8859,0.000123,0.00469,0.000123,0.003358,0.105807
ACTCAAGTGCAAGGCT-1,0.004653,0.141316,0.63179,0.014067,0.03517,0.173004
ACTCAATAAAGGCACG-1,0.000041,0.032324,0.879324,0.017405,0.004525,0.066381
ACTCAGACCTGCTTCT-1,0.021515,0.00005,0.978235,0.00005,0.00005,0.0001
ACTCATGGCAGCCTTC-1,0.037623,0.002354,0.64108,0.013873,0.089326,0.215746
ACTCCAATATCATCAT-1,0.016979,0.01852,0.087112,0.017,0.113184,0.747205
ACTCCCATTCCTAAAG-1,0.008074,0.018964,0.880587,0.011338,0.012441,0.068595
ACTCCCGAATTCGTTT-1,0.058913,0.251354,0.39078,0.047934,0.064778,0.186242
ACTCCCGTAGACTAGG-1,0.044433,0.088594,0.689659,0.001996,0.037483,0.137835
ACTCCCTAATGCTAAA-1,0.165971,0.019614,0.736939,0.060969,0.000116,0.016391
ACTCCCTAGAATAGTA-1,0.024234,0.000785,0.035706,0.125576,0.127949,0.68575
ACTCGATGTATTTCAT-1,0.973924,0.000099,0.025582,0.000099,0.000099,0.000197
ACTCGCCGTTCGATAA-1,0.00003,0.012501,0.452365,0.367864,0.026476,0.140765
ACTCGCGATCTGACGC-1,0.051377,0.045072,0.726584,0.019964,0.0525,0.104502
ACTCGTAACCCGTCCT-1,0.000026,0.028923,0.200874,0.088866,0.158931,0.52238
ACTCGTCAGTAATCCC-1,0.058654,0.111856,0.772291,0.00005,0.028701,0.028448
ACTCTAAACCTGGGAT-1,0.050507,0.000022,0.000086,0.153199,0.79318,0.003006
ACTCTCTGACTTAGGT-1,0.000054,0.057524,0.560974,0.021602,0.190348,0.169497
ACTCTCTTATACACGA-1,0.086071,0.007788,0.325879,0.264494,0.132255,0.183513
ACTCTTCAGCTCCCGC-1,0.090102,0.013728,0.033459,0.027889,0.304287,0.530536
ACTCTTGTATAGTAAC-1,0.071709,0.020688,0.717123,0.107483,0.007561,0.075436
ACTGAAACGCCGTTAG-1,0.000035,0.014674,0.957723,0.000035,0.000463,0.02707
ACTGAATGGCGAAAGT-1,0.000023,0.020342,0.01834,0.055559,0.225375,0.680361
ACTGATTTAGTGATTC-1,0.202669,0.143434,0.512355,0.002213,0.056796,0.082533
ACTGCCCGCCATTCTC-1,0.047894,0.013064,0.647293,0.083523,0.052927,0.155298
ACTGCCGTCGTAACTC-1,0.089239,0.000045,0.326419,0.092411,0.093368,0.398519
ACTGCGGACACACCGT-1,0.015475,0.00337,0.019194,0.202751,0.329556,0.429654
ACTGCTCGGAAGGATG-1,0.604581,0.120291,0.274773,0.000089,0.000089,0.000178
ACTGGCGAACCTGCGT-1,0.00002,0.01512,0.377953,0.038025,0.165896,0.402986
ACTGTACGATACACAT-1,0.026326,0.00005,0.819974,0.025503,0.009251,0.118895
ACTGTAGCACTTTGGA-1,0.996564,0.000382,0.001527,0.000382,0.000382,0.000764
ACTGTATACGCGAGCA-1,0.000048,0.203166,0.708013,0.018048,0.002605,0.06812
ACTGTCCAGGATTATA-1,0.40605,0.050014,0.163201,0.146514,0.149439,0.084782
ACTGTCTTCTTTAGAA-1,0.99915,0.000094,0.000378,0.000094,0.000094,0.000189
ACTGTGCTAGTAGATC-1,0.000056,0.000056,0.991726,0.006494,0.000056,0.001612
ACTTACCGGGCGCGCA-1,0.067933,0.037464,0.219868,0.08964,0.224123,0.360972
ACTTACGCATCCACGC-1,0.110095,0.069514,0.638377,0.017503,0.021246,0.143264
ACTTAGTACGACAAGA-1,0.000033,0.000033,0.661555,0.001423,0.048782,0.288174
ACTTATACTTACCCGG-1,0.005779,0.110698,0.761234,0.021821,0.021137,0.079331
ACTTATTAGGATCGGT-1,0.080022,0.244782,0.015116,0.018927,0.201905,0.439249
ACTTATTTATGTGCCA-1,0.000047,0.069854,0.639488,0.113784,0.044206,0.13262
ACTTCAGGCTGATCCC-1,0.043757,0.182901,0.453939,0.04201,0.032772,0.24462
ACTTCCAGTGGAAGCT-1,0.75733,0.184275,0.02197,0.036298,0.000042,0.000084
ACTTCCATGCGGGACA-1,0.026638,0.000126,0.855045,0.029759,0.00702,0.081412
ACTTCGCCATACGCAC-1,0.022928,0.009172,0.676899,0.0793,0.049165,0.162536
ACTTCGCTAGCGAGTG-1,0.018939,0.037834,0.535945,0.063509,0.18716,0.156613
ACTTGACTCCCTCTTT-1,0.000058,0.389083,0.436622,0.006302,0.015648,0.152287
ACTTGCCATATTGTAC-1,0.123336,0.000127,0.834714,0.000127,0.000127,0.041568
ACTTGCTCTATCTACC-1,0.217634,0.007372,0.600269,0.074902,0.013632,0.086192
ACTTGGGACCCGGTGG-1,0.000025,0.117509,0.203289,0.028861,0.080383,0.569933
ACTTGTAGTCCCTTCA-1,0.109075,0.005202,0.832052,0.015833,0.008494,0.029344
ACTTGTGGATGGAACG-1,0.002902,0.026954,0.750755,0.003947,0.005022,0.210421
ACTTTACCCTCATGAA-1,0.017895,0.097405,0.299882,0.02669,0.199408,0.35872
ACTTTCCTATAGCTTC-1,0.998369,0.000181,0.000725,0.000181,0.000181,0.000362
ACTTTGACTGCATCCT-1,0.148384,0.013749,0.837645,0.000056,0.000056,0.000111
ACTTTGGTCGTGCTCC-1,0.941094,0.000079,0.058511,0.000079,0.000079,0.000158
ACTTTGTCGACGCACT-1,0.036367,0.03642,0.460866,0.005901,0.046345,0.414101
AGAAATTATGACTCGC-1,0.025579,0.210169,0.315077,0.321265,0.015126,0.112784
AGAACCCAGCGTGACA-1,0.052511,0.133243,0.654249,0.078456,0.018558,0.062982
AGAACCCTCAATTGGG-1,0.359265,0.0098,0.581942,0.000037,0.00318,0.045775
AGAACGTGGTACATTC-1,0.00004,0.007752,0.465825,0.058945,0.086065,0.381373
AGAAGAGCGCCGTTCC-1,0.000479,0.000479,0.997128,0.000479,0.000479,0.000957
AGAAGGTACACTTCAC-1,0.078438,0.000061,0.475573,0.031098,0.081565,0.333266
AGAAGGTTGCCGAATT-1,0.034934,0.016127,0.629658,0.025089,0.038428,0.255765
AGAAGGTTGTAGGTCG-1,0.006807,0.039931,0.080752,0.049322,0.247213,0.575975
AGAAGTGATTCGTGAT-1,0.000056,0.011223,0.91704,0.00256,0.009533,0.059588
AGAATAAATCTTCAGG-1,0.083233,0.006035,0.821493,0.059186,0.00003,0.030022
AGAATGCGGGTTCGGA-1,0.173969,0.000726,0.601759,0.203631,0.006915,0.012999
AGAATTATGGATTCGA-1,0.060882,0.057878,0.51359,0.051343,0.085368,0.230938
AGAATTGTTTGACATA-1,0.04722,0.000055,0.952506,0.000055,0.000055,0.00011
AGACAGCTCAGAATCC-1,0.64189,0.000046,0.355161,0.000046,0.000046,0.00281
AGACAGGCATCTCAGC-1,0.027964,0.025918,0.284894,0.138478,0.105777,0.416969
AGACATAGATCCTTCC-1,0.354811,0.000063,0.237915,0.007083,0.119514,0.280615
AGACCAAACCACACCT-1,0.508174,0.000071,0.491469,0.000071,0.000071,0.000143
AGACCATGGGATACAA-1,0.187085,0.14948,0.567901,0.003164,0.073406,0.018963
AGACCCACCGCTGATC-1,0.00003,0.003057,0.30691,0.052486,0.118416,0.5191
AGACCCGCCCTCCTCG-1,0.723468,0.00028,0.275131,0.00028,0.00028,0.00056
AGACCGCTCCGCGGTT-1,0.127709,0.003636,0.287618,0.088394,0.144563,0.34808
AGACCGGGAAACCCTG-1,0.160173,0.658386,0.136364,0.021333,0.005499,0.018245
AGACGAAGTGCCGGTC-1,0.068688,0.100494,0.331246,0.054128,0.277278,0.168166
AGACGACGATGCCGCT-1,0.093377,0.221199,0.380521,0.084069,0.032839,0.187995
AGACGCCCACTTCGCC-1,0.000054,0.169101,0.524256,0.046201,0.048758,0.211629
AGACGGGCCGATTTAA-1,0.017882,0.134996,0.71343,0.000326,0.006254,0.127112
AGACTAGCCTTCCAGA-1,0.023934,0.031919,0.769205,0.031874,0.071181,0.071887
AGACTGTTACCGGGTC-1,0.059647,0.000083,0.713966,0.000083,0.000083,0.226137
AGAGAAACACCAGAAA-1,0.000012,0.00125,0.164244,0.13177,0.15662,0.546103
AGAGAACCGTCTAGGA-1,0.119705,0.043443,0.369152,0.016279,0.149588,0.301832
AGAGAAGGAGTACAAT-1,0.000025,0.049182,0.472208,0.00316,0.055651,0.419775
AGAGATCTCTAAAGCG-1,0.125864,0.029794,0.751019,0.012115,0.00527,0.075938
