Barcode,Topic 1,Topic 2,Topic 3,Topic 4,Topic 5,Topic 6,Topic 7,Topic 8
AAACAAGTATCTCCCA-1,0.363887,0.084617,0.258437,0.073231,0.035475,0.049046,0.109147,0.026161
AAACACCAATAACTGC-1,0.149808,0.052436,0.114383,0.02821,0.008323,0.236986,0.122434,0.28742
AAACAGAGCGACTCCT-1,0.124297,0.019544,0.06028,0.07869,0.132575,0.166211,0.177717,0.240687
AAACAGCTTTCAGAAG-1,0.996549,0.000493,0.000493,0.000493,0.000493,0.000493,0.000493,0.000493
AAACAGGGTCTATATT-1,0.999028,0.000139,0.000139,0.000139,0.000139,0.000139,0.000139,0.000139
AAACATGGTGAGAGGA-1,0.999416,0.000083,0.000083,0.000083,0.000083,0.000083,0.000083,0.000083
AAACATTTCCCGGATT-1,0.046451,0.124723,0.209153,0.160317,0.147713,0.07706,0.137018,0.097566
AAACCACTACACAGAT-1,0.049621,0.027879,0.152479,0.095604,0.026085,0.40295,0.086315,0.159066
AAACCCGAACGAAATC-1,0.030654,0.076337,0.141907,0.264622,0.205718,0.099963,0.123267,0.057531
AAACCGGAAATGTTAA-1,0.999231,0.00011,0.00011,0.00011,0.00011,0.00011,0.00011,0.00011
AAACCGGGTAGGTACC-1,0.16779,0.082892,0.05896,0.034447,0.067906,0.132116,0.200058,0.25583
AAACCGTTCGTCCAGG-1,0.06713,0.058138,0.041063,0.091804,0.315281,0.071157,0.188074,0.167353
AAACCTAAGCAGCCGG-1,0.163694,0.083825,0.051766,0.108208,0.145409,0.112697,0.182291,0.152111
AAACCTCATGAAGTTG-1,0.735343,0.263799,0.000143,0.000143,0.000143,0.000143,0.000143,0.000143
AAACGAAGAACATACC-1,0.014962,0.03911,0.080811,0.0416,0.039458,0.411964,0.125943,0.246153
AAACGAAGATGGAGTA-1,0.998875,0.000161,0.000161,0.000161,0.000161,0.000161,0.000161,0.000161
AAACGAGACGGTTGAT-1,0.000277,0.126416,0.388627,0.218087,0.106228,0.092366,0.033821,0.034176
AAACGCCCGAGATCGG-1,0.020253,0.000074,0.000592,0.003723,0.025072,0.186757,0.251468,0.512061
AAACGCTGGGCACGAC-1,0.066647,0.06427,0.10718,0.103434,0.047054,0.327762,0.170442,0.113212
AAACGGGCGTACGGGT-1,0.147012,0.226407,0.054683,0.105418,0.321914,0.012235,0.087055,0.045278
AAACGGTTGCGAACTG-1,0.090378,0.047672,0.15897,0.157594,0.057217,0.246719,0.089164,0.152287
AAACGTGTTCGCCCTA-1,0.044042,0.000023,0.000027,0.011415,0.067304,0.057045,0.451935,0.368208
AAACTAACGTGGCGAC-1,0.118808,0.040318,0.102572,0.045997,0.035569,0.310545,0.133049,0.213142
AAACTCGGTTCGCAAT-1,0.008913,0.098181,0.266535,0.232255,0.116703,0.137633,0.100784,0.038995
AAACTCGTGATATAAG-1,0.038939,0.06376,0.198961,0.103638,0.03199,0.403674,0.06547,0.093569
AAACTGCTGGCTCCAA-1,0.103425,0.12969,0.469817,0.203958,0.047147,0.027006,0.012233,0.006724
AAACTTAATTGCACGC-1,0.892652,0.000056,0.011694,0.010523,0.083327,0.000056,0.000056,0.001637
AAACTTGCAAACGTAT-1,0.998999,0.000143,0.000143,0.000143,0.000143,0.000143,0.000143,0.000143
AAAGAATGACCTTAGA-1,0.99946,0.000077,0.000077,0.000077,0.000077,0.000077,0.000077,0.000077
AAAGACCCAAGTCGCG-1,0.218385,0.013517,0.042114,0.013329,0.038562,0.095991,0.215359,0.362743
AAAGACTGGGCGCTTT-1,0.973561,0.000153,0.025519,0.000153,0.000153,0.000153,0.000153,0.000153
AAAGCTTGCCTACATA-1,0.034078,0.045389,0.042045,0.041611,0.089697,0.228163,0.35347,0.165547
AAAGGCCCTATAATAC-1,0.082434,0.140603,0.190544,0.068553,0.432817,0.008461,0.009489,0.0671
AAAGGCTACGGACCAT-1,0.007467,0.156791,0.158767,0.228332,0.129857,0.122321,0.139623,0.056842
AAAGGCTCTCGCGCCG-1,0.089927,0.133681,0.139776,0.113698,0.089583,0.140064,0.140767,0.152502
AAAGGGATGTAGCAAG-1,0.04225,0.23243,0.127148,0.161025,0.127128,0.078323,0.100707,0.13099
AAAGGGCAGCTTGAAT-1,0.350511,0.065826,0.052913,0.036723,0.048172,0.104921,0.220286,0.120648
AAAGGTAAGCTGTACC-1,0.092808,0.00075,0.000767,0.004054,0.028447,0.217139,0.373303,0.282731
AAAGTAGCATTGCTCA-1,0.089098,0.246742,0.118758,0.113664,0.154241,0.07516,0.070398,0.13194
AAAGTCACTGATGTAA-1,0.019381,0.008845,0.03024,0.048411,0.107443,0.246153,0.231521,0.308006
AAAGTCGACCCTCAGT-1,0.998151,0.000264,0.000264,0.000264,0.000264,0.000264,0.000264,0.000264
AAAGTGCCATCAATTA-1,0.053861,0.046781,0.192683,0.113422,0.049743,0.240875,0.168774,0.133861
AAAGTGTGATTTATCT-1,0.09793,0.095071,0.340701,0.38069,0.072923,0.00525,0.005559,0.001877
AAAGTTGACTCCCGTA-1,0.061679,0.494921,0.133646,0.100351,0.060112,0.048407,0.060216,0.040668
AAATAACCATACGGGA-1,0.003468,0.070292,0.16979,0.082134,0.045869,0.308528,0.154663,0.165255
AAATAAGGTAGTGCCC-1,0.018582,0.135397,0.4073,0.219264,0.047767,0.124123,0.023639,0.023929
AAATACCTATAAGCAT-1,0.069626,0.192814,0.440282,0.147131,0.136839,0.006786,0.002272,0.004249
AAATAGCTTAGACTTT-1,0.000057,0.104893,0.219357,0.061697,0.01919,0.45857,0.050558,0.085678
AAATAGGGTGCTATTG-1,0.067193,0.076826,0.129098,0.21694,0.168912,0.071864,0.097807,0.171359
AAATCCGATACACGCC-1,0.258763,0.058844,0.038286,0.072701,0.144683,0.049332,0.262296,0.115096
AAATCGCGGAAGGAGT-1,0.999436,0.000081,0.000081,0.000081,0.000081,0.000081,0.000081,0.000081
AAATCGTGTACCACAA-1,0.027867,0.032509,0.057458,0.177055,0.553277,0.037016,0.051892,0.062925
AAATCTAGCCCTGCTA-1,0.007709,0.283987,0.28332,0.084069,0.138201,0.063393,0.063082,0.076238
AAATCTGCCCGCGTCC-1,0.999352,0.000093,0.000093,0.000093,0.000093,0.000093,0.000093,0.000093
AAATGATTCGATCAGC-1,0.062451,0.097349,0.327606,0.128604,0.204283,0.073031,0.026057,0.080619
AAATGCTCGTTACGTT-1,0.473676,0.39021,0.000251,0.000104,0.00064,0.053086,0.009379,0.072654
AAATGGCATGTCTTGT-1,0.002652,0.157486,0.371617,0.106333,0.042668,0.22981,0.03645,0.052984
AAATGGCCCGTGCCCT-1,0.999652,0.00005,0.00005,0.00005,0.00005,0.00005,0.00005,0.00005
AAATGGTCAATGTGCC-1,0.100565,0.028448,0.145102,0.068317,0.261894,0.082433,0.216144,0.097097
AAATGTATCTTATCCC-1,0.995236,0.00068,0.00068,0.00068,0.000681,0.000681,0.000681,0.000681
AAATTAACGGGTAGCT-1,0.041996,0.082593,0.215118,0.11978,0.124393,0.236813,0.060222,0.119085
AAATTAATAAGCGCGA-1,0.997352,0.000378,0.000378,0.000378,0.000378,0.000378,0.000378,0.000378
AAATTACACGACTCTG-1,0.000016,0.070258,0.145464,0.107226,0.042182,0.291935,0.165596,0.177325
AAATTACCTATCGATG-1,0.006747,0.582156,0.003025,0.054256,0.19827,0.010188,0.083286,0.062073
AAATTCCAGGTCCAAA-1,0.000014,0.078345,0.283119,0.277081,0.062021,0.204036,0.044297,0.051087
AAATTGATAGTCCTTT-1,0.020123,0.037008,0.07786,0.354988,0.378822,0.029036,0.053802,0.048361
AAATTGCGGCGGTTCT-1,0.997877,0.000303,0.000303,0.000303,0.000303,0.000303,0.000303,0.000303
AAATTGGTGAGAAGCA-1,0.025606,0.094668,0.153748,0.101767,0.059606,0.211176,0.178926,0.174503
AAATTTACCGAAATCC-1,0.039077,0.078658,0.128252,0.123086,0.083544,0.27648,0.149849,0.121054
AAATTTGCGGGTGTGG-1,0.014775,0.09198,0.357786,0.122896,0.168229,0.043208,0.096537,0.104589
AACAACTGGTAGTTGC-1,0.035515,0.056334,0.092362,0.025815,0.02562,0.174301,0.245358,0.344695
AACAATACATTGTCGA-1,0.084127,0.149498,0.04793,0.073491,0.319592,0.03211,0.125772,0.16748
AACAATTACTCTACGC-1,0.226286,0.010284,0.078552,0.04436,0.085002,0.095534,0.184328,0.275655
AACACACGCTCGCCGC-1,0.108372,0.029559,0.059681,0.062563,0.204546,0.050426,0.282359,0.202494
AACACGACTGTACTGA-1,0.005413,0.54844,0.160775,0.044422,0.0269,0.126228,0.036454,0.051368
AACACGAGACGCGGCC-1,0.255925,0.00052,0.02516,0.012862,0.048919,0.110044,0.185244,0.361327
AACACGCGGCCGCGAA-1,0.002108,0.415015,0.038196,0.012363,0.012559,0.170321,0.10281,0.246627
AACAGCTGTGTGGCAA-1,0.029844,0.0479,0.089173,0.327888,0.316946,0.015588,0.120281,0.05238
AACAGGAAATCGAATA-1,0.017065,0.101486,0.37572,0.141182,0.044523,0.189623,0.049951,0.080449
AACAGGATGGGCCGCG-1,0.200518,0.035959,0.195207,0.079414,0.131554,0.088661,0.106699,0.161988
AACAGGTAGTATGGAT-1,0.150288,0.003803,0.009783,0.039919,0.183335,0.056117,0.331216,0.225539
AACATATCAACTGGTG-1,0.027123,0.126772,0.268155,0.121976,0.126239,0.174598,0.078931,0.076206
AACATCGATACGTCTA-1,0.038751,0.024986,0.016755,0.096634,0.1194,0.112487,0.232774,0.358212
AACATTGAAGTTGATC-1,0.051569,0.112783,0.203888,0.055096,0.227356,0.057803,0.075726,0.215779
AACATTGTGACTCGAG-1,0.083059,0.065565,0.142584,0.109588,0.51844,0.014063,0.007298,0.059404
AACCAAGACTTCTCTG-1,0.224418,0.011415,0.009266,0.022214,0.088905,0.064813,0.157838,0.421131
AACCAGTATCACTCTT-1,0.00086,0.115617,0.070484,0.094858,0.085541,0.210222,0.17618,0.246238
AACCATAGGGTTGAAC-1,0.999532,0.000067,0.000067,0.000067,0.000067,0.000067,0.000067,0.000067
AACCATGGGATCGCTA-1,0.055132,0.047993,0.080117,0.034688,0.019446,0.312061,0.213946,0.236617
AACCCAGAGACGGAGA-1,0.029998,0.040139,0.254947,0.084325,0.120637,0.169415,0.073417,0.227122
AACCCATCCCATGATC-1,0.999191,0.000116,0.000116,0.000116,0.000116,0.000116,0.000116,0.000116
AACCCGACAACCCGTG-1,0.041177,0.06835,0.254772,0.086836,0.102005,0.18333,0.144489,0.119042
AACCCGAGCAGAATCG-1,0.938747,0.035979,0.000075,0.002036,0.01658,0.000075,0.006433,0.000075
AACCCGATAGGGCTTC-1,0.006313,0.06887,0.092301,0.089905,0.108764,0.286803,0.108161,0.238884
AACCCTACTGTCAATA-1,0.256801,0.051136,0.04992,0.121628,0.345626,0.031216,0.112547,0.031125
AACCCTGGTGGAACCA-1,0.000009,0.066045,0.314799,0.074322,0.013413,0.454585,0.03841,0.038417
AACCGAGCTTGGTCAT-1,0.045741,0.133332,0.430595,0.113206,0.05826,0.120847,0.055778,0.042242
AACCGCTAAGGGATGC-1,0.084732,0.174709,0.518068,0.128258,0.052749,0.025679,0.009267,0.006538
AACCGTTGTGTTTGCT-1,0.001158,0.100752,0.366174,0.131395,0.047746,0.218786,0.084476,0.049513
AACCTCGCTTTAGCCC-1,0.11258,0.238646,0.195829,0.14099,0.117357,0.094041,0.06372,0.036836
AACCTGTCACGGAATT-1,0.104808,0.032833,0.085722,0.072997,0.017463,0.211563,0.267001,0.207613
AACCTTTAAATACGGT-1,0.000016,0.139558,0.263196,0.225724,0.089944,0.177933,0.070688,0.03294
AACCTTTACGACGTCT-1,0.003573,0.050698,0.445334,0.1057,0.062533,0.251257,0.026939,0.053966
AACGAAAGTCGTCCCA-1,0.997524,0.000354,0.000354,0.000354,0.000354,0.000354,0.000354,0.000354
AACGATAATGCCGTAG-1,0.014914,0.111918,0.400133,0.306482,0.09333,0.042806,0.018833,0.011584
AACGATAGAAGGGCCG-1,0.021357,0.078178,0.242952,0.058572,0.139332,0.236509,0.054987,0.168112
AACGATATGTCAACTG-1,0.028778,0.055004,0.233321,0.153703,0.128516,0.16737,0.076704,0.156604
AACGCATGATCTGGGT-1,0.007108,0.401068,0.351724,0.081198,0.04202,0.069146,0.020261,0.027475
AACGCGAACGGCAACA-1,0.689582,0.000078,0.000078,0.000078,0.000078,0.004895,0.091034,0.214178
AACGCGACCTTGGGCG-1,0.010347,0.087653,0.370135,0.226589,0.031105,0.179741,0.051108,0.043322
AACGCGGTCTCCAGCC-1,0.000019,0.312763,0.265469,0.133032,0.039166,0.176889,0.036709,0.035952
AACGCTGTTGCTGAAA-1,0.192301,0.003103,0.000489,0.016218,0.205336,0.017594,0.413707,0.151252
AACGGACGTACGTATA-1,0.131433,0.32836,0.125075,0.078432,0.11077,0.063433,0.08904,0.073458
AACGGCCATCTCCGGT-1,0.056502,0.125302,0.613912,0.126604,0.062968,0.003917,0.006643,0.004152
AACGTACTGTGGGTAC-1,0.000453,0.094316,0.715841,0.097337,0.012972,0.061453,0.008402,0.009225
AACGTCAGACTAGTGG-1,0.223716,0.025951,0.190479,0.046145,0.060359,0.225149,0.072492,0.15571
AACGTGATGAAGGACA-1,0.000018,0.001277,0.003962,0.030311,0.029024,0.277561,0.346187,0.31166
AACGTGCGAAAGTCTC-1,0.025474,0.034074,0.092257,0.293317,0.191694,0.100605,0.137947,0.124634
AACGTTATCAGCACCT-1,0.999535,0.000066,0.000066,0.000066,0.000066,0.000066,0.000066,0.000066
AACTACCCGTTTGTCA-1,0.159932,0.039408,0.271473,0.138566,0.1879,0.12967,0.037804,0.035247
AACTAGCGTATCGCAC-1,0.029688,0.068887,0.50207,0.068673,0.022957,0.150479,0.053706,0.10354
AACTAGGCTTGGGTGT-1,0.000026,0.198591,0.478296,0.210746,0.002989,0.100391,0.00404,0.004922
AACTCAAGTTAATTGC-1,0.041898,0.223348,0.282625,0.073858,0.073722,0.080265,0.095321,0.128963
AACTCCAGAGCGTGTT-1,0.173163,0.544432,0.002844,0.019045,0.232318,0.000013,0.019177,0.009008
AACTCCTAATCCCATG-1,0.002629,0.13623,0.029542,0.01955,0.009134,0.42818,0.137391,0.237343
AACTCGATAAACACGT-1,0.999298,0.0001,0.0001,0.0001,0.0001,0.0001,0.0001,0.0001
AACTCGATGGCGCAGT-1,0.027154,0.040239,0.286918,0.058077,0.037881,0.234157,0.126826,0.188749
AACTCTCAATAGAGCG-1,0.043368,0.206246,0.152179,0.24387,0.189931,0.063559,0.075514,0.025335
AACTCTCAGTGTGCTC-1,0.061588,0.098832,0.181862,0.090271,0.249423,0.069866,0.090314,0.157843
AACTGAGGTCAGCGTC-1,0.057617,0.007513,0.040898,0.071554,0.055083,0.199502,0.229118,0.338714
AACTGAGTTATACTGA-1,0.059131,0.713645,0.027128,0.059113,0.044285,0.027263,0.037594,0.031841
AACTGATATTAGGCCT-1,0.000016,0.029165,0.104605,0.209789,0.15516,0.203476,0.225532,0.072256
AACTGGGTCCCGACGT-1,0.014909,0.057019,0.287374,0.296576,0.096389,0.132075,0.063977,0.051681
AACTGGTGTGGGCCTT-1,0.060772,0.041832,0.055184,0.058568,0.139555,0.195956,0.176384,0.271747
AACTTCTGCGTCTATC-1,0.728882,0.000159,0.000159,0.007042,0.131057,0.000159,0.000159,0.132384
AACTTGCCCGTATGCA-1,0.110202,0.00548,0.041718,0.041114,0.111642,0.093328,0.359122,0.237393
AACTTGCGTTCTCGCG-1,0.723189,0.246573,0.029824,0.000083,0.000083,0.000083,0.000083,0.000083
AACTTTACGGGAGCTT-1,0.99807,0.000276,0.000276,0.000276,0.000276,0.000276,0.000276,0.000276
AACTTTAGCTGCTGAG-1,0.012535,0.007389,0.127283,0.062402,0.037729,0.366894,0.149817,0.235951
AACTTTCTCGATCATG-1,0.018418,0.105197,0.214857,0.24406,0.311367,0.046178,0.028811,0.031113
AAGAAATCACCAGATT-1,0.027244,0.013513,0.017027,0.137523,0.317368,0.058414,0.275533,0.153379
AAGAAGGATCAGTTAG-1,0.205808,0.032661,0.154355,0.074568,0.126997,0.092544,0.061313,0.251754
AAGACATACGTGGTTT-1,0.047278,0.010852,0.005008,0.0483,0.149629,0.106929,0.356916,0.275088
AAGACCAAATAACTCA-1,0.999364,0.000091,0.000091,0.000091,0.000091,0.000091,0.000091,0.000091
AAGACCCAACTGAACA-1,0.020708,0.353144,0.038903,0.086828,0.104178,0.135956,0.196536,0.063747
AAGACTAACCCGTTGT-1,0.090722,0.023176,0.072002,0.117661,0.244223,0.039533,0.2226,0.190084
AAGACTGCAAGCTACT-1,0.023281,0.032682,0.024299,0.152586,0.113964,0.109787,0.295216,0.248187
AAGAGATGAATCGGTA-1,0.196554,0.012159,0.018598,0.091081,0.224847,0.018794,0.238025,0.199943
AAGAGCTCTTTATCGG-1,0.078333,0.110328,0.156412,0.157696,0.442401,0.008655,0.003667,0.042507
AAGAGGATGTACGCGA-1,0.159843,0.291663,0.323514,0.102672,0.034312,0.042743,0.024151,0.021102
AAGAGGCATGGATCGC-1,0.021023,0.163842,0.407975,0.198029,0.062701,0.091318,0.034735,0.020378
AAGAGGCCCTTTGGAA-1,0.250143,0.116717,0.022296,0.055327,0.193761,0.023179,0.179786,0.158792
AAGATGGCACCGGACC-1,0.046758,0.169122,0.062447,0.197358,0.305459,0.019858,0.071196,0.127803
AAGATTGGCGGAACGT-1,0.009824,0.099519,0.071323,0.16458,0.184706,0.155855,0.225643,0.088548
AAGCACCCTGCGTATC-1,0.00182,0.267776,0.618353,0.08918,0.00509,0.01775,0.000009,0.000022
AAGCATACTCTCCTGA-1,0.005864,0.427486,0.08139,0.054523,0.042395,0.19806,0.122326,0.067955
AAGCCGAAGCGGTTTA-1,0.095587,0.027634,0.016458,0.149881,0.391274,0.013102,0.214316,0.091747
AAGCCGCCGTGAAATC-1,0.065636,0.210079,0.12632,0.1596,0.201958,0.023512,0.163251,0.049644
AAGCCGCTTTACCTTG-1,0.069442,0.014946,0.007151,0.039826,0.33012,0.026659,0.064096,0.44776
AAGCCGGAGAGCAGGA-1,0.143927,0.01829,0.001829,0.015589,0.100829,0.092861,0.225144,0.40153
AAGCGCAGGGCTTTGA-1,0.088289,0.065949,0.087158,0.313561,0.188277,0.08052,0.080506,0.095739
AAGCGGAGTGCGCGCA-1,0.06912,0.770794,0.000015,0.001107,0.010642,0.00488,0.043693,0.099747
AAGCGGCGTCATGGGT-1,0.004976,0.096367,0.297854,0.28703,0.052979,0.197928,0.041101,0.021765
AAGCGTCCCTCATCGA-1,0.067006,0.101254,0.35998,0.177144,0.189325,0.025603,0.033141,0.046547
AAGCTAGATCGAGTAA-1,0.000015,0.138485,0.415,0.194223,0.025804,0.167457,0.016978,0.042038
AAGCTCGTGCCAAGTC-1,0.076848,0.24073,0.168746,0.090477,0.317693,0.03777,0.01311,0.054627
AAGCTCTTTCATGGTG-1,0.324882,0.167395,0.281482,0.203999,0.020138,0.00204,0.000032,0.000032
AAGGAGCGGTTGGTGC-1,0.018191,0.981504,0.00001,0.00001,0.000255,0.00001,0.00001,0.00001
AAGGATCGATCGCTTG-1,0.020189,0.133809,0.252147,0.325639,0.182304,0.040305,0.032086,0.01352
AAGGATGAGGGACCTC-1,0.000018,0.127879,0.511057,0.147493,0.044392,0.128589,0.013846,0.026725
AAGGCAGGCTGTCTCC-1,0.015297,0.144306,0.176162,0.110656,0.175545,0.256417,0.061785,0.059831
AAGGCGCGTAAAGCTT-1,0.112986,0.029181,0.109547,0.069772,0.08953,0.201274,0.137162,0.250549
AAGGCTGTGCTCATCG-1,0.025504,0.021114,0.080021,0.177209,0.254323,0.043765,0.23099,0.167074
AAGGGAACGACTGGCT-1,0.222177,0.216725,0.291706,0.082921,0.068769,0.036565,0.031292,0.049845
AAGGGACAGATTCTGT-1,0.000017,0.139875,0.154325,0.141396,0.067207,0.29653,0.092641,0.10801
AAGGGACTATGCATTC-1,0.16303,0.10039,0.164477,0.160185,0.053936,0.02656,0.166613,0.164809
AAGGGTTTGATTTCAG-1,0.998507,0.000213,0.000213,0.000213,0.000213,0.000213,0.000213,0.000213
AAGGTATCCTAATATA-1,0.153691,0.101539,0.175013,0.132855,0.139791,0.119957,0.089142,0.088013
AAGGTGATAAACCAGC-1,0.064209,0.244909,0.216279,0.152841,0.023913,0.156092,0.095866,0.045891
AAGTAGAAGACCGGGT-1,0.063778,0.110302,0.125234,0.101128,0.080612,0.165715,0.172398,0.180833
AAGTAGTGACGCGAGG-1,0.125888,0.05247,0.379589,0.1013,0.088686,0.079429,0.085855,0.086783
AAGTCAATTGTCGTCA-1,0.104793,0.035739,0.087594,0.100062,0.175944,0.182424,0.174415,0.139029
AAGTCTAGTAGCTGCC-1,0.000819,0.097889,0.099497,0.123671,0.116982,0.10594,0.276835,0.178367
AAGTCTTCTGTGGCCT-1,0.998499,0.000214,0.000214,0.000214,0.000214,0.000214,0.000214,0.000214
AAGTGACGACCGAATT-1,0.141323,0.072557,0.047266,0.029646,0.029834,0.120005,0.362098,0.197271
AAGTGAGTCGGGTTTA-1,0.00002,0.103217,0.435249,0.205822,0.028841,0.163594,0.035516,0.02774
AAGTGCAAAGGTAGAC-1,0.996254,0.000535,0.000535,0.000535,0.000535,0.000535,0.000535,0.000535
AAGTGCCTTGACTGTA-1,0.196347,0.064543,0.270392,0.328159,0.072663,0.032039,0.029412,0.006445
AAGTGCGTTAGAATCT-1,0.069414,0.432054,0.16704,0.058007,0.021264,0.07659,0.034465,0.141165
AAGTGCTTCTCTATTG-1,0.026411,0.09097,0.160306,0.131279,0.117222,0.082036,0.178559,0.213216
AAGTGTTTGGAGACGG-1,0.103688,0.087138,0.075368,0.106285,0.196271,0.145581,0.163342,0.122327
AAGTTCACTCCAAGCT-1,0.089755,0.229474,0.408754,0.149174,0.10987,0.006089,0.003726,0.003158
AAGTTCAGTCTGCGTA-1,0.009641,0.008977,0.05734,0.03744,0.027828,0.449218,0.2135,0.196056
AAGTTCGGCCAACAGG-1,0.111534,0.146439,0.299774,0.098846,0.245175,0.01793,0.052558,0.027744
AAGTTGTGATGTTATA-1,0.008716,0.228679,0.552097,0.135564,0.009463,0.060667,0.002134,0.002681
AAGTTTACTAATGGCA-1,0.069783,0.00002,0.000024,0.003706,0.014767,0.101179,0.210308,0.600214
AAGTTTATGGGCCCAA-1,0.006152,0.120254,0.178945,0.123666,0.017918,0.40645,0.053029,0.093586
AATAACAACGCTCGGC-1,0.122192,0.021932,0.018288,0.025578,0.046094,0.066762,0.250946,0.448208
AATAACACTAGAACAA-1,0.019454,0.062651,0.385467,0.186234,0.084977,0.089658,0.083427,0.088132
AATAAGTCCTCGAGAC-1,0.000012,0.000374,0.011183,0.010787,0.009499,0.456633,0.272583,0.238929
AATAATCTTCGTATCG-1,0.998709,0.000184,0.000184,0.000184,0.000184,0.000184,0.000184,0.000184
AATACAATGTTTCAGG-1,0.999621,0.000054,0.000054,0.000054,0.000054,0.000054,0.000054,0.000054
AATACCGGAGGGCTGT-1,0.047306,0.003796,0.002944,0.029309,0.075011,0.069018,0.23417,0.538447
AATAGAACAGAGTGGC-1,0.018772,0.131841,0.442939,0.269229,0.069624,0.041234,0.013996,0.012364
AATAGAATCTGTTTCA-1,0.117294,0.078369,0.157293,0.137391,0.13292,0.101736,0.090287,0.184708
AATAGCAAGCCTCCTG-1,0.01079,0.31904,0.263723,0.101066,0.015923,0.223281,0.031027,0.035149
AATAGCTACCGCGTGC-1,0.016234,0.044864,0.031014,0.036586,0.183937,0.137513,0.302071,0.247782
AATAGTCCGTCCCGAC-1,0.084809,0.215714,0.437429,0.17869,0.023047,0.048366,0.007283,0.004663
AATAGTCGCGAGTCGG-1,0.997933,0.000295,0.000295,0.000295,0.000295,0.000295,0.000295,0.000295
AATATCAAGGTCGGAT-1,0.008926,0.167497,0.355328,0.051333,0.009995,0.28372,0.028767,0.094432
AATATCCTAGCAAACT-1,0.998159,0.000263,0.000263,0.000263,0.000263,0.000263,0.000263,0.000263
AATATCGAATCAATGC-1,0.07648,0.172166,0.197077,0.091039,0.095566,0.153965,0.102326,0.111382
AATATCGAGGGTTCTC-1,0.029896,0.044448,0.070685,0.155659,0.241236,0.179114,0.056388,0.222575
AATATTGGAGTATTGA-1,0.207859,0.054836,0.549241,0.038956,0.050048,0.06757,0.009977,0.021514
AATCAGACTGCAGGAC-1,0.394925,0.00006,0.00006,0.00006,0.084268,0.015177,0.253586,0.251863
AATCAGGTTTCATTTA-1,0.15655,0.178893,0.427448,0.060034,0.037225,0.081784,0.026339,0.031727
AATCATGTAAAGACTC-1,0.058596,0.049833,0.116077,0.042159,0.275093,0.051007,0.241425,0.165811
AATCCAAGGGCCTGAG-1,0.070808,0.261291,0.324236,0.078191,0.016152,0.175385,0.03232,0.041617
AATCCATGCAAGGGTG-1,0.044954,0.071136,0.07576,0.010816,0.00794,0.190807,0.131238,0.46735
AATCGCCTCAGCGCCA-1,0.013676,0.074463,0.401747,0.105304,0.149066,0.121294,0.073981,0.060469
AATCGCGCAGAGGACT-1,0.015137,0.070967,0.330705,0.217497,0.057898,0.250197,0.035515,0.022084
AATCGGGACACTACGA-1,0.02909,0.126043,0.262821,0.072172,0.058921,0.308753,0.069685,0.072515
AATCGTGAGCCGAGCA-1,0.999608,0.000056,0.000056,0.000056,0.000056,0.000056,0.000056,0.000056
AATCTAGGTTTACTTG-1,0.957639,0.00013,0.00013,0.00013,0.00013,0.00013,0.00013,0.041583
AATCTATGCCGGAGCC-1,0.00003,0.070001,0.06661,0.093108,0.029878,0.449483,0.16947,0.121421
AATCTCTACTGTGGTT-1,0.997399,0.000372,0.000372,0.000372,0.000372,0.000372,0.000372,0.000372
AATCTGCGTTGGGACG-1,0.064895,0.171084,0.270423,0.105235,0.148229,0.131035,0.049634,0.059466
AATCTGGCTTTCTAGT-1,0.867775,0.000146,0.000146,0.000146,0.052237,0.000146,0.043317,0.036087
AATCTGGGTAGACCCT-1,0.06744,0.000018,0.000018,0.000018,0.004702,0.018343,0.33795,0.571511
AATGACAGCAATGTCT-1,0.1367,0.062419,0.194245,0.165807,0.093181,0.062335,0.089784,0.19553
AATGACGTAGGATGTC-1,0.228077,0.043443,0.063784,0.165521,0.411394,0.00509,0.036786,0.045905
AATGACTGTCAGCCGG-1,0.046643,0.066985,0.065855,0.090619,0.16842,0.115662,0.259714,0.186102
AATGAGTTCGCATATG-1,0.303728,0.694676,0.001316,0.000056,0.000056,0.000056,0.000056,0.000056
AATGATGATACGCTAT-1,0.007021,0.132857,0.158189,0.209602,0.213217,0.148824,0.058494,0.071796
AATGATGCGACTCCTG-1,0.000027,0.020539,0.010997,0.074744,0.121946,0.318631,0.328525,0.124591
AATGCAACCGGGTACC-1,0.132466,0.010513,0.026665,0.040248,0.299568,0.053159,0.040998,0.396383
AATGCACCAAGCAATG-1,0.004419,0.10597,0.543635,0.10393,0.039315,0.148257,0.028154,0.026321
AATGGCCGCCAATGCG-1,0.000711,0.898742,0.000009,0.000009,0.000627,0.006808,0.016672,0.076423
AATGGTCCACCGTTCA-1,0.997741,0.000323,0.000323,0.000323,0.000323,0.000323,0.000323,0.000323
AATGGTTCTCACAAGC-1,0.121893,0.016766,0.077899,0.113031,0.340426,0.026053,0.114746,0.189187
AATGTATGGCACTGTA-1,0.9992,0.000114,0.000114,0.000114,0.000114,0.000114,0.000114,0.000114
AATGTGCCCGAGGTGT-1,0.11044,0.025252,0.253167,0.096156,0.253388,0.090251,0.074852,0.096493
AATGTGCTAATCTGAG-1,0.281592,0.204294,0.000701,0.039143,0.139814,0.005385,0.19723,0.131841
AATGTTGTCGTGAGAC-1,0.444448,0.07221,0.054157,0.080398,0.107087,0.091214,0.080294,0.070192
AATTAAAGGTCGGCGT-1,0.067274,0.098803,0.43408,0.10209,0.064085,0.109171,0.048337,0.07616
AATTAACGGATTTCCA-1,0.000144,0.460804,0.250214,0.131957,0.050835,0.061545,0.020928,0.023573
AATTACGAGACCCATC-1,0.99943,0.000081,0.000081,0.000081,0.000081,0.000081,0.000081,0.000081
AATTACTCGTACGCTC-1,0.770135,0.228591,0.000212,0.000212,0.000212,0.000212,0.000212,0.000212
AATTAGCGCTGCAGCG-1,0.004874,0.070786,0.3972,0.311669,0.093433,0.079204,0.028909,0.013923
AATTCATAAGGGATCT-1,0.000014,0.058847,0.414612,0.078422,0.073562,0.290319,0.047563,0.036662
AATTCATTGTCATGCA-1,0.997586,0.000345,0.000345,0.000345,0.000345,0.000345,0.000345,0.000345
AATTCCAAGCATGTAC-1,0.548733,0.046522,0.107321,0.063828,0.051342,0.065135,0.043882,0.073239
AATTCGATTCGAGGAT-1,0.192212,0.111427,0.324549,0.180918,0.058532,0.081942,0.017236,0.033184
AATTCTAGAGTTAGGC-1,0.009411,0.1436,0.590884,0.127701,0.035984,0.05712,0.004994,0.030307
AATTGAACGCTCTGGT-1,0.169332,0.058924,0.157509,0.076617,0.055604,0.268056,0.11654,0.097418
AATTGCAGCAATCGAC-1,0.128893,0.020319,0.018038,0.060752,0.244713,0.131078,0.213693,0.182514
AATTGCGTGGATTACA-1,0.929648,0.000104,0.000104,0.003674,0.062034,0.000104,0.00423,0.000104
AATTGTGGTTGCCAAA-1,0.061092,0.010494,0.00421,0.012489,0.066293,0.146114,0.413835,0.285473
AATTTGGGACATAGTA-1,0.003352,0.021598,0.01728,0.025732,0.080482,0.291996,0.289628,0.269931
AATTTGGTTCCAAAGA-1,0.000016,0.066036,0.109576,0.097246,0.038192,0.335164,0.161954,0.191817
ACAAACCATGCGTCCT-1,0.925894,0.000132,0.000132,0.000132,0.043265,0.000132,0.003102,0.027211
ACAAAGAAGGTAGGCC-1,0.998836,0.000166,0.000166,0.000166,0.000166,0.000166,0.000166,0.000166
ACAAAGCATGACCTAG-1,0.194501,0.051772,0.008563,0.124019,0.151433,0.021814,0.258117,0.189781
ACAAATCGCACCGAAT-1,0.04381,0.090147,0.320692,0.169264,0.12742,0.085891,0.107003,0.055775
ACAAATGGTAGTGTTT-1,0.056932,0.775635,0.000018,0.000954,0.017028,0.006845,0.037051,0.105538
ACAAATTCAGATCTGA-1,0.0444,0.000019,0.000018,0.004321,0.028376,0.040359,0.491602,0.390905
ACAACAGCATGAGCTA-1,0.054905,0.131265,0.07701,0.110417,0.122302,0.192942,0.163582,0.147577
ACAACGGTCCCTGCGA-1,0.118882,0.225837,0.292189,0.147081,0.084325,0.038665,0.060016,0.033004
ACAAGCAGTGCCTAGC-1,0.125936,0.087677,0.313422,0.097249,0.067302,0.112121,0.077111,0.119182
ACAAGCTATATGGAAG-1,0.828979,0.169758,0.00021,0.00021,0.00021,0.00021,0.00021,0.00021
ACAAGGAAATCCGCCC-1,0.066141,0.463864,0.322677,0.101005,0.028082,0.009366,0.004953,0.003913
ACAAGGACAAGAGGTT-1,0.127031,0.007633,0.045275,0.04024,0.16268,0.110824,0.260786,0.245531
ACAAGGATGCTTTAGG-1,0.38436,0.000769,0.003682,0.002756,0.023675,0.139101,0.150168,0.295491
ACAAGGCCTACCAGCC-1,0.025385,0.01141,0.026028,0.013244,0.02121,0.313682,0.176684,0.412357
ACAAGGGCAGGCTCTG-1,0.086895,0.048488,0.145764,0.197532,0.103869,0.173469,0.133101,0.110881
ACAATAGTCGTACGTT-1,0.774555,0.000466,0.000466,0.000466,0.000466,0.000466,0.000466,0.222652
ACAATCCATTTAAACC-1,0.085369,0.089014,0.250873,0.084807,0.154776,0.107007,0.111304,0.11685
ACAATGAATACGGAGA-1,0.077663,0.531653,0.009229,0.027765,0.103022,0.022823,0.112937,0.114907
ACAATGATTCTTCTAC-1,0.247203,0.011233,0.038542,0.046503,0.16166,0.126371,0.185995,0.182494
ACAATTGTGTCTCTTT-1,0.125451,0.409508,0.017115,0.026819,0.106882,0.032791,0.12762,0.153814
ACAATTTAGGAGGCTC-1,0.995681,0.000617,0.000617,0.000617,0.000617,0.000617,0.000617,0.000617
ACAATTTGAGCAGTGG-1,0.106278,0.147973,0.48318,0.105166,0.018952,0.097746,0.015782,0.024925
ACAATTTGGCCATATT-1,0.014204,0.121424,0.503542,0.136251,0.038868,0.123185,0.02392,0.038606
ACACAAAGACGGGTGG-1,0.07848,0.022654,0.040764,0.038168,0.157403,0.160017,0.095465,0.407049
ACACACCAGGACCAGT-1,0.105133,0.059643,0.152886,0.202637,0.192195,0.06291,0.130241,0.094354
ACACACTTTCTACACG-1,0.137968,0.060397,0.266376,0.164591,0.039226,0.221394,0.067401,0.042648
ACACATGATCAAATCT-1,0.999612,0.000055,0.000055,0.000055,0.000055,0.000055,0.000055,0.000055
ACACATTGACGCAACA-1,0.903147,0.00037,0.00037,0.00037,0.00037,0.000371,0.000371,0.09463
ACACCACATAATTAGC-1,0.057748,0.075021,0.058262,0.114839,0.478175,0.038933,0.041522,0.1355
ACACCCAGCATGCAGC-1,0.04355,0.090161,0.103613,0.220268,0.371881,0.019927,0.05922,0.091382
ACACCCGAGAAATCCG-1,0.0357,0.030994,0.177035,0.089707,0.030529,0.249771,0.138,0.248264
ACACCGAGCGCTCTTT-1,0.996988,0.00043,0.00043,0.00043,0.00043,0.00043,0.00043,0.00043
ACACCGGTCTGACCGC-1,0.643052,0.093406,0.000512,0.015637,0.114669,0.001572,0.079113,0.052039
ACACCTTAAGTAGGGC-1,0.025633,0.042754,0.089147,0.086145,0.108676,0.219196,0.198835,0.229613
ACACCTTACTACTTGC-1,0.001162,0.168714,0.217607,0.328218,0.191597,0.0552,0.023645,0.013857
ACACGAGACTCCTTCT-1,0.052174,0.123363,0.221017,0.185759,0.306311,0.052472,0.040495,0.018408
ACACGGCACTATGCAT-1,0.000012,0.047856,0.194349,0.235107,0.057035,0.344048,0.069787,0.051809
ACACGGGAACTTAGGG-1,0.004882,0.149123,0.650339,0.145631,0.023823,0.02292,0.001676,0.001606
ACACGTAGGCCACAAG-1,0.598043,0.024324,0.00018,0.002597,0.080172,0.027216,0.07749,0.189976
ACACTCCAATGTCACT-1,0.631978,0.276458,0.041079,0.028673,0.021328,0.000161,0.000161,0.000161
ACACTGATCAAGGTGT-1,0.055958,0.214796,0.480387,0.087152,0.016281,0.098395,0.022163,0.024868
ACACTGGGACAGTCGT-1,0.232636,0.158938,0.059963,0.027944,0.056909,0.269042,0.099769,0.0948
ACAGAACTGAGAACAA-1,0.119784,0.046981,0.358366,0.178283,0.0729,0.097937,0.068626,0.057123
ACAGATTAGGTTAGTG-1,0.026546,0.066981,0.318286,0.0937,0.025949,0.33797,0.058495,0.072073
ACAGCATAGAGCCAGT-1,0.032425,0.077066,0.050517,0.060509,0.049502,0.283604,0.243139,0.203239
ACAGCGACATTCTCAT-1,0.136539,0.162264,0.45248,0.039251,0.014664,0.081854,0.049632,0.063316
ACAGCGCACCCGCAGC-1,0.000016,0.099762,0.59415,0.112411,0.025336,0.132259,0.017422,0.018644
ACAGGCACGGATCCTT-1,0.282165,0.032646,0.045029,0.079191,0.182921,0.039321,0.150912,0.187816
ACAGGCTTGCCCGACT-1,0.070896,0.1552,0.56749,0.109422,0.038048,0.034782,0.012904,0.011258
ACAGGTGGAGGTGAGG-1,0.021199,0.05996,0.147068,0.174958,0.146849,0.130846,0.233946,0.085174
ACAGGTGTGTTGTTGC-1,0.998801,0.000171,0.000171,0.000171,0.000171,0.000171,0.000171,0.000171
ACAGTAATACAACTTG-1,0.998981,0.000146,0.000146,0.000146,0.000146,0.000146,0.000146,0.000146
ACAGTATACCGTGGGA-1,0.137865,0.022093,0.003978,0.028828,0.126624,0.046135,0.444958,0.189519
ACATAAGTCGTGGTGA-1,0.996717,0.000469,0.000469,0.000469,0.000469,0.000469,0.000469,0.000469
ACATAATAAGGCGGTG-1,0.003624,0.05266,0.206959,0.19025,0.11898,0.175838,0.151697,0.099991
ACATCAGCTGGGACGC-1,0.999207,0.000113,0.000113,0.000113,0.000113,0.000113,0.000113,0.000113
ACATCCCGGCCATACG-1,0.002144,0.107782,0.663656,0.140314,0.031009,0.045518,0.003713,0.005864
ACATCCTGGTAACTGT-1,0.031228,0.118597,0.26054,0.277921,0.159617,0.095728,0.033957,0.022411
ACATCGATCGTTTACC-1,0.000014,0.142835,0.661371,0.154998,0.013389,0.024045,0.002259,0.001088
ACATCGGTCAGCCGCG-1,0.090796,0.11815,0.538298,0.092526,0.028476,0.036445,0.03956,0.055749
ACATCGTATGCAATGG-1,0.041784,0.052881,0.059668,0.033653,0.143236,0.166676,0.22352,0.278582
ACATCGTTAACCTAGT-1,0.007694,0.036276,0.118633,0.104063,0.065224,0.448421,0.103828,0.115862
ACATCTCAACGCGTAA-1,0.007513,0.000578,0.043543,0.018285,0.064355,0.485988,0.152417,0.227321
ACATGGCGCCAAAGTA-1,0.017584,0.018258,0.066787,0.101848,0.195308,0.240593,0.201152,0.158469
ACATGGCTCAATTTAG-1,0.998922,0.000154,0.000154,0.000154,0.000154,0.000154,0.000154,0.000154
ACATTAGTTTATATCC-1,0.006506,0.23299,0.422782,0.133644,0.040403,0.093307,0.02882,0.041548
ACATTCGCGCGGAATA-1,0.135165,0.134526,0.128268,0.067353,0.064197,0.077972,0.16127,0.23125
ACCAAACACCCAGCGA-1,0.033804,0.073105,0.114363,0.100851,0.197861,0.209331,0.151075,0.11961
ACCAACACCACACACT-1,0.077024,0.074639,0.155204,0.176361,0.211505,0.107241,0.104459,0.093567
ACCAACCGCACTCCAC-1,0.046273,0.008614,0.024098,0.102948,0.313072,0.043873,0.289621,0.171501
ACCAACGCTTATTTAT-1,0.087652,0.065595,0.056819,0.222946,0.437823,0.009445,0.08761,0.032111
ACCAAGAACGCGTGTC-1,0.038832,0.052647,0.430389,0.078222,0.045173,0.183151,0.07567,0.095916
ACCAAGTCATCGGCAG-1,0.037501,0.042242,0.11875,0.059783,0.037569,0.286984,0.179028,0.238143
ACCAATATGCAAGTTA-1,0.04527,0.122642,0.17146,0.244203,0.260002,0.036563,0.09227,0.02759
ACCACAACTCAGAACA-1,0.003543,0.116822,0.457773,0.116818,0.012273,0.25627,0.012701,0.023802
ACCACAAGTTTCTATC-1,0.010743,0.096045,0.356048,0.102095,0.209012,0.100779,0.03817,0.087106
ACCACCAATGTAACAA-1,0.001065,0.072144,0.384902,0.219181,0.038283,0.204486,0.057119,0.022819
ACCACCCTCTCTTCTA-1,0.010394,0.035404,0.036895,0.128763,0.249887,0.101008,0.32054,0.117109
ACCACGTGCAGCTATA-1,0.074924,0.288251,0.171994,0.169407,0.124273,0.068516,0.052895,0.04974
ACCACTGTTCAAGAAG-1,0.997303,0.000385,0.000385,0.000385,0.000385,0.000385,0.000386,0.000385
ACCAGACCATAACAAC-1,0.998476,0.000218,0.000218,0.000218,0.000218,0.000218,0.000218,0.000218
ACCAGCCCGGTCTTTG-1,0.001712,0.017505,0.143432,0.078229,0.014846,0.487802,0.178603,0.07787
ACCAGTGCCCGGTCAA-1,0.047596,0.028774,0.204942,0.225187,0.233589,0.124286,0.058658,0.076968
ACCAGTGCGGGAGACG-1,0.070429,0.109526,0.476793,0.218393,0.051328,0.040968,0.019542,0.01302
ACCATATCCGCAATAA-1,0.014353,0.374614,0.530151,0.037825,0.010854,0.023567,0.00236,0.006276
ACCATCCGCCAACTAG-1,0.997938,0.000295,0.000295,0.000295,0.000295,0.000295,0.000295,0.000295
ACCATCGTATATGGTA-1,0.066627,0.13436,0.050326,0.073703,0.201061,0.035018,0.251391,0.187513
ACCATTAAGGGTGTCA-1,0.998753,0.000178,0.000178,0.000178,0.000178,0.000178,0.000178,0.000178
ACCCAACGCCCGTGGC-1,0.146065,0.199944,0.03114,0.145943,0.207808,0.032614,0.166065,0.070419
ACCCACCTACATGCTC-1,0.406236,0.136442,0.169147,0.006555,0.005176,0.07772,0.115472,0.083252
ACCCATCTTGAGGGTA-1,0.060838,0.015803,0.056457,0.018422,0.122061,0.075528,0.133923,0.516968
ACCCATTTGTCCCTCT-1,0.271416,0.118221,0.164613,0.041987,0.108693,0.061492,0.12159,0.111989
ACCCGAGCGAAATTAC-1,0.291078,0.06572,0.115115,0.099856,0.134171,0.022846,0.117694,0.153521
ACCCGATTGGTTCCGA-1,0.147487,0.063074,0.017622,0.01332,0.075983,0.074715,0.150776,0.457023
ACCCGGAAACTCCCAG-1,0.045273,0.125655,0.256924,0.104601,0.076815,0.230066,0.056649,0.104017
ACCCGGAGCACCACAA-1,0.110894,0.021566,0.003022,0.010764,0.044857,0.146707,0.306953,0.355237
ACCCGGATGACGCATC-1,0.025449,0.201134,0.175953,0.332702,0.158681,0.031407,0.061218,0.013455
ACCCGGTTACACTTCC-1,0.020161,0.091901,0.103716,0.197432,0.076362,0.055153,0.228172,0.227103
ACCCGTAGCAGAGAAT-1,0.631744,0.048105,0.00008,0.025818,0.095136,0.004569,0.029441,0.165106
ACCCGTAGTCTAGTTG-1,0.601388,0.001393,0.000042,0.000042,0.002469,0.065003,0.248124,0.081538
ACCCGTGTCATCAGTA-1,0.035066,0.120382,0.377849,0.120035,0.072722,0.089168,0.119073,0.065705
ACCCTATAGGACTGAG-1,0.781041,0.065164,0.000181,0.000181,0.000181,0.079989,0.033059,0.040202
ACCCTATGCCATATCG-1,0.053886,0.480921,0.02898,0.109766,0.222399,0.009504,0.065831,0.028714
ACCCTCCCGTCAGGGC-1,0.082661,0.059089,0.039863,0.095658,0.285407,0.03908,0.160142,0.2381
ACCCTCCCTTGCTATT-1,0.053828,0.125464,0.248078,0.206452,0.079872,0.129899,0.091794,0.064613
ACCCTGGTAACGCCCT-1,0.033463,0.007168,0.008951,0.092114,0.596961,0.021951,0.141011,0.098381
ACCCTTCATCTGCGAA-1,0.00194,0.181485,0.663636,0.101546,0.018671,0.024654,0.003204,0.004864
ACCCTTGCCTGGGTCG-1,0.020221,0.082834,0.159853,0.312998,0.305711,0.023188,0.066119,0.029077
ACCCTTTAGTTCTCCA-1,0.007761,0.108515,0.007518,0.022565,0.061457,0.252541,0.345546,0.194098
ACCGAAAGGGCCCTGC-1,0.011094,0.038842,0.107196,0.124844,0.080516,0.200157,0.282514,0.154837
ACCGAAGAGTCTGGTT-1,0.999086,0.000131,0.000131,0.000131,0.000131,0.000131,0.000131,0.000131
ACCGACACATCTCCCA-1,0.105076,0.076015,0.068513,0.056761,0.259919,0.216069,0.086433,0.131214
ACCGACTGAGTCCCAC-1,0.024769,0.125266,0.294936,0.20285,0.094166,0.154095,0.052329,0.051589
ACCGAGTCTCCTTATT-1,0.105216,0.093495,0.147047,0.144466,0.087701,0.154119,0.158068,0.109887
ACCGATAGGCATAACC-1,0.106304,0.140785,0.362463,0.140642,0.096748,0.082441,0.041673,0.028944
ACCGATATTTAATCAT-1,0.240066,0.335236,0.164145,0.052167,0.092989,0.015491,0.029849,0.070058
ACCGATGGTAGCATCG-1,0.06245,0.015896,0.045532,0.132755,0.191126,0.081215,0.315566,0.15546
ACCGCAATAACTGCCT-1,0.187685,0.348091,0.199792,0.088409,0.055462,0.073386,0.023416,0.02376
ACCGCGGTGGAAGTCG-1,0.027056,0.082919,0.341214,0.327468,0.130629,0.045624,0.029657,0.015434
ACCGGGCCTTTGTTGA-1,0.16089,0.072509,0.309296,0.184934,0.149922,0.03562,0.055728,0.031101
ACCGGTCAGGTACACC-1,0.999716,0.000041,0.000041,0.000041,0.000041,0.000041,0.000041,0.000041
ACCGGTCTGAGTACGG-1,0.04033,0.010363,0.008273,0.007383,0.011702,0.173139,0.36047,0.38834
ACCGTCCACTGGGCCC-1,0.999091,0.00013,0.00013,0.00013,0.00013,0.00013,0.00013,0.00013
ACCGTGACCACGTGGG-1,0.072317,0.093414,0.428361,0.123665,0.038421,0.134483,0.063568,0.04577
ACCGTTCCCGCTCTGA-1,0.02912,0.022483,0.140295,0.024714,0.014683,0.550141,0.100422,0.118142
ACCTAAGTACCTTTCA-1,0.0953,0.279429,0.376981,0.071419,0.065459,0.053427,0.032893,0.025092
ACCTAATCGACTTCCT-1,0.053506,0.170072,0.609481,0.12988,0.028721,0.002887,0.004222,0.001231
ACCTACAGTATGTGGT-1,0.047921,0.136761,0.192137,0.222275,0.189449,0.133102,0.050897,0.027458
ACCTACTATAAATCTA-1,0.071116,0.055205,0.127938,0.065635,0.048673,0.305698,0.108434,0.2173
ACCTCCGCCCTCGCTG-1,0.985176,0.000104,0.000104,0.000104,0.000104,0.000104,0.014199,0.000104
ACCTCCGTTATTCACC-1,0.000017,0.186135,0.22857,0.271349,0.088349,0.147493,0.05672,0.021369
ACCTCGAACTTATGCT-1,0.9984,0.000228,0.000229,0.000229,0.000229,0.000229,0.000229,0.000229
ACCTGCGTGTCATGTT-1,0.999366,0.000091,0.000091,0.000091,0.000091,0.000091,0.000091,0.000091
ACGAAATGGGCGGCAC-1,0.170037,0.003793,0.063775,0.022848,0.028588,0.18575,0.189427,0.335782
ACGACCCATGAGTTGC-1,0.064877,0.072252,0.102194,0.169088,0.173505,0.117066,0.19703,0.103987
ACGACTCTAGGGCCGA-1,0.18853,0.144274,0.036215,0.078512,0.092032,0.203784,0.106289,0.150365
ACGACTGGTCATACTC-1,0.405645,0.002174,0.004229,0.019612,0.032977,0.036018,0.234051,0.265293
ACGAGAACCCATCACG-1,0.06103,0.101702,0.055306,0.078462,0.247607,0.03472,0.070985,0.350187
ACGAGATATTTGCTTA-1,0.042723,0.064152,0.278318,0.071478,0.092812,0.260233,0.091066,0.099219
ACGAGGATACCACTCT-1,0.999127,0.000125,0.000125,0.000125,0.000125,0.000125,0.000125,0.000125
ACGAGGTTTACAACGT-1,0.999242,0.000108,0.000108,0.000108,0.000108,0.000108,0.000108,0.000108
ACGAGTACGGATGCCC-1,0.000022,0.062269,0.087559,0.09683,0.1693,0.220206,0.214722,0.149091
ACGAGTCGCCGGCGTT-1,0.999399,0.000086,0.000086,0.000086,0.000086,0.000086,0.000086,0.000086
ACGATACATAGAACTA-1,0.023853,0.008319,0.024672,0.057424,0.122848,0.173002,0.219081,0.370801
ACGATACCTATCCTGA-1,0.998204,0.000257,0.000257,0.000257,0.000257,0.000257,0.000257,0.000257
ACGATCATACATAGAG-1,0.096116,0.103078,0.211846,0.209815,0.154134,0.068607,0.048787,0.107616
ACGATCATCTTGTAAA-1,0.023338,0.041869,0.130606,0.094812,0.161781,0.269319,0.112873,0.1654
ACGATGCATATGTTAT-1,0.02825,0.060697,0.107632,0.096721,0.107787,0.0906,0.174362,0.33395
ACGATGGATCCGATGC-1,0.000018,0.020564,0.032996,0.083864,0.122339,0.322666,0.214363,0.203189
ACGCAAACTAATAGAT-1,0.075298,0.168575,0.347267,0.188913,0.051534,0.1274,0.024542,0.016471
ACGCAATCACTACAGC-1,0.000032,0.016958,0.070716,0.101412,0.089302,0.329166,0.156855,0.235559
ACGCATAAATGACATG-1,0.134889,0.043335,0.011923,0.014861,0.034038,0.148062,0.312813,0.300079
ACGCATACGTTTACTA-1,0.081921,0.012662,0.011164,0.01952,0.13629,0.047513,0.361857,0.329073
ACGCATTCGTGAGTAC-1,0.043632,0.094616,0.2973,0.207067,0.104849,0.12327,0.065465,0.0638
ACGCCAGATGATTTCT-1,0.012843,0.058197,0.511518,0.106676,0.016515,0.24059,0.027938,0.025724
ACGCCGCTAGACGACC-1,0.168763,0.05901,0.048179,0.126397,0.528703,0.003275,0.014613,0.051062
ACGCGAAGTCAGACGA-1,0.003703,0.122134,0.375706,0.205043,0.031739,0.196537,0.021186,0.043951
ACGCGCTACACAGGGT-1,0.140823,0.088497,0.11343,0.033639,0.061359,0.116141,0.093109,0.353003
ACGCGGGCCAAGGACA-1,0.138882,0.019354,0.10104,0.212086,0.41439,0.014723,0.0641,0.035426
ACGCGTTTCTTAAGAG-1,0.994962,0.00072,0.00072,0.00072,0.00072,0.00072,0.00072,0.00072
ACGCTAGTGATACACT-1,0.006424,0.113682,0.273307,0.118345,0.094636,0.298081,0.044931,0.050596
ACGCTGTGAGGCGTAG-1,0.998389,0.00023,0.00023,0.00023,0.00023,0.00023,0.00023,0.00023
ACGGAATTTAGCAAAT-1,0.081899,0.098822,0.049409,0.029437,0.032782,0.231236,0.20943,0.266984
ACGGACTCTCAAAGCG-1,0.036191,0.169803,0.438744,0.25868,0.03354,0.0445,0.012889,0.005653
ACGGAGCGCAAATTAC-1,0.030178,0.053885,0.210641,0.081189,0.12523,0.183184,0.206496,0.109198
ACGGATGGTGCGGATA-1,0.244986,0.072835,0.065642,0.058959,0.444272,0.014123,0.009192,0.08999
ACGGCACTTGCTTGGG-1,0.038216,0.314139,0.410426,0.129618,0.056513,0.031926,0.008277,0.010885
ACGGCCAACATGGACT-1,0.04604,0.078342,0.441608,0.180228,0.11165,0.059113,0.047807,0.035213
ACGGCGACGATGGGAA-1,0.081319,0.69921,0.057522,0.0654,0.070384,0.004841,0.010487,0.010838
ACGGCGGGTTGCCCTG-1,0.000543,0.697338,0.038239,0.011781,0.005365,0.092859,0.04501,0.108865
ACGGCTGGATGTAGAA-1,0.990499,0.000168,0.000168,0.000168,0.000168,0.000168,0.000168,0.008491
ACGGGAGTGTCGGCCC-1,0.100144,0.112073,0.181481,0.033325,0.072671,0.158845,0.1111,0.23036
ACGGGCGTATGCGACA-1,0.001738,0.075386,0.241459,0.244015,0.048694,0.27939,0.069014,0.040304
ACGGGTCATGTGACTT-1,0.997227,0.000396,0.000396,0.000396,0.000396,0.000396,0.000396,0.000396
ACGGGTTGTGACCTGT-1,0.957825,0.000078,0.000078,0.000078,0.000078,0.018883,0.000078,0.022901
ACGGTCACCGAGAACA-1,0.133655,0.065785,0.185663,0.094229,0.105566,0.105723,0.113251,0.196127
ACGTACAGATTTCTCT-1,0.055964,0.107457,0.465471,0.166739,0.070416,0.082703,0.029196,0.022055
ACGTACTTTGGCACGG-1,0.21011,0.255385,0.017978,0.043318,0.274466,0.030002,0.081287,0.087454
