Barcode,Topic 1,Topic 2to4,Topic 5,Topic 6
AAACAAGTATCTCCCA-1,0.432712,0.021339,0.175905,0.370044
AAACAATCTACTAGCA-1,0.003264,0.169869,0.209067,0.617799
AAACACCAATAACTGC-1,0.031275,0.502872,0.363976,0.101877
AAACAGAGCGACTCCT-1,0.061395,0.20845,0.453062,0.277093
AAACAGCTTTCAGAAG-1,0.184694,0.052141,0.009555,0.75361
AAACAGGGTCTATATT-1,0.006479,0.439866,0.519099,0.034556
AAACATGGTGAGAGGA-1,0.037182,0.634543,0.186604,0.141671
AAACATTTCCCGGATT-1,0.062307,0.522815,0.271047,0.143831
AAACCCGAACGAAATC-1,0.287964,0.546341,0.039353,0.126342
AAACCGGAAATGTTAA-1,0.554355,0.107562,0.028674,0.309409
AAACCGGGTAGGTACC-1,0.015292,0.759005,0.221223,0.004479
AAACCGTTCGTCCAGG-1,0.000081,0.31182,0.441924,0.246174
AAACCTAAGCAGCCGG-1,0.685124,0.007808,0.22166,0.085408
AAACCTCATGAAGTTG-1,0.047588,0.594382,0.317662,0.040368
AAACGAAGAACATACC-1,0.058204,0.214124,0.626604,0.101067
AAACGAAGATGGAGTA-1,0.004456,0.549257,0.099594,0.346692
AAACGAGACGGTTGAT-1,0.030235,0.966082,0.003646,0.000038
AAACGCCCGAGATCGG-1,0.120977,0.223533,0.421477,0.234012
AAACGCTGGGCACGAC-1,0.006906,0.881036,0.082701,0.029357
AAACGGGCGTACGGGT-1,0.055784,0.375462,0.092502,0.476252
AAACGGTTGCGAACTG-1,0.296752,0.408143,0.199938,0.095167
AAACGTGTTCGCCCTA-1,0.186513,0.701163,0.078235,0.03409
AAACTAACGTGGCGAC-1,0.202227,0.608157,0.111768,0.077849
AAACTCGGTTCGCAAT-1,0.000324,0.486403,0.170273,0.343
AAACTCGTGATATAAG-1,0.153409,0.393106,0.243003,0.210481
AAACTGCTGGCTCCAA-1,0.033032,0.680384,0.269868,0.016716
AAACTTAATTGCACGC-1,0.000046,0.51388,0.273598,0.212475
AAACTTGCAAACGTAT-1,0.008903,0.452946,0.509938,0.028213
AAAGAATGACCTTAGA-1,0.364849,0.086767,0.039535,0.508849
AAAGAATGTGGACTAA-1,0.100866,0.756732,0.113576,0.028826
AAAGACCCAAGTCGCG-1,0.037573,0.297698,0.42869,0.23604
AAAGACTGGGCGCTTT-1,0.001471,0.047149,0.711105,0.240276
AAAGCTTGCCTACATA-1,0.012041,0.682528,0.116564,0.188867
AAAGGCCCTATAATAC-1,0.06344,0.359781,0.269768,0.30701
AAAGGCTACGGACCAT-1,0.020019,0.435664,0.174228,0.37009
AAAGGCTCTCGCGCCG-1,0.036235,0.565244,0.294104,0.104416
AAAGGGATGTAGCAAG-1,0.064813,0.466347,0.41658,0.05226
AAAGGGCAGCTTGAAT-1,0.796851,0.000181,0.023347,0.179621
AAAGGTAAGCTGTACC-1,0.306291,0.515181,0.007944,0.170584
AAAGTAGCATTGCTCA-1,0.095896,0.53145,0.336745,0.035909
AAAGTCACTGATGTAA-1,0.060981,0.333694,0.193073,0.412252
AAAGTCGACCCTCAGT-1,0.056462,0.090882,0.563597,0.289059
AAAGTGCCATCAATTA-1,0.049918,0.572536,0.24892,0.128626
AAAGTGTGATTTATCT-1,0.053442,0.796261,0.147285,0.003012
AAAGTTGACTCCCGTA-1,0.058024,0.775172,0.101659,0.065145
AAATAACCATACGGGA-1,0.099194,0.583489,0.117527,0.19979
AAATAAGGTAGTGCCC-1,0.126856,0.709998,0.119423,0.043724
AAATACCTATAAGCAT-1,0.003006,0.730652,0.255424,0.010919
AAATAGCTTAGACTTT-1,0.026888,0.933361,0.033938,0.005814
AAATAGGGTGCTATTG-1,0.131914,0.832004,0.026869,0.009213
AAATCCGATACACGCC-1,0.250627,0.406358,0.116308,0.226707
AAATCGCGGAAGGAGT-1,0.050492,0.190575,0.305154,0.453779
AAATCGTGTACCACAA-1,0.030938,0.394704,0.224679,0.349679
AAATCTAGCCCTGCTA-1,0.291907,0.313761,0.317579,0.076753
AAATCTGCCCGCGTCC-1,0.00005,0.359752,0.084362,0.555836
AAATGATTCGATCAGC-1,0.094705,0.482995,0.228724,0.193576
AAATGCTCGTTACGTT-1,0.117832,0.573097,0.309011,0.00006
AAATGGCATGTCTTGT-1,0.892194,0.000332,0.000111,0.107364
AAATGGCCCGTGCCCT-1,0.419157,0.019708,0.449097,0.112037
AAATGGTCAATGTGCC-1,0.107659,0.31303,0.180812,0.398499
AAATGTATCTTATCCC-1,0.366356,0.54097,0.000937,0.091737
AAATTAACGGGTAGCT-1,0.411359,0.456691,0.09147,0.04048
AAATTAATAAGCGCGA-1,0.648224,0.07696,0.145398,0.129418
AAATTACACGACTCTG-1,0.057417,0.252344,0.207349,0.48289
AAATTACCTATCGATG-1,0.143118,0.529973,0.203347,0.123562
AAATTCCAGGTCCAAA-1,0.112182,0.416901,0.266107,0.204811
AAATTGATAGTCCTTT-1,0.031742,0.354342,0.57825,0.035666
AAATTGCGGCGGTTCT-1,0.006441,0.043234,0.501955,0.44837
AAATTGGTGAGAAGCA-1,0.045049,0.831702,0.042661,0.080589
AAATTTACCGAAATCC-1,0.108098,0.637747,0.212078,0.042077
AAATTTGCGGGTGTGG-1,0.003887,0.286898,0.517285,0.19193
AACAACTGGTAGTTGC-1,0.172361,0.204383,0.528616,0.09464
AACAATACATTGTCGA-1,0.040275,0.486708,0.297,0.176018
AACAATTACTCTACGC-1,0.000098,0.085444,0.85852,0.055938
AACACACGCTCGCCGC-1,0.644266,0.164629,0.058269,0.132836
AACACGACTGTACTGA-1,0.081144,0.563159,0.299553,0.056143
AACACGAGACGCGGCC-1,0.000048,0.311608,0.686764,0.001581
AACACGCGGCCGCGAA-1,0.000058,0.154489,0.75875,0.086702
AACAGCTGTGTGGCAA-1,0.014118,0.550686,0.405147,0.030048
AACAGGAAATCGAATA-1,0.032527,0.321471,0.4233,0.222702
AACAGGATGGGCCGCG-1,0.139078,0.328233,0.478822,0.053867
AACAGGTAGTATGGAT-1,0.311354,0.268274,0.33507,0.085302
AACATATCAACTGGTG-1,0.000062,0.474917,0.215836,0.309185
AACATCGATACGTCTA-1,0.386951,0.088653,0.222468,0.301928
AACATTGAAGTTGATC-1,0.040481,0.880973,0.061833,0.016713
AACATTGTGACTCGAG-1,0.034632,0.689737,0.049829,0.225802
AACCAAGACTTCTCTG-1,0.000076,0.084478,0.838458,0.076988
AACCAGTATCACTCTT-1,0.12916,0.59489,0.228441,0.047509
AACCATAGGGTTGAAC-1,0.000058,0.387822,0.282872,0.329247
AACCATGGGATCGCTA-1,0.000091,0.029926,0.753044,0.216938
AACCCAGAGACGGAGA-1,0.000076,0.073646,0.700414,0.225864
AACCCATCCCATGATC-1,0.009178,0.749799,0.224494,0.016529
AACCCGACAACCCGTG-1,0.169893,0.376071,0.254513,0.199523
AACCCGAGCAGAATCG-1,0.011749,0.654071,0.237563,0.096616
AACCCGATAGGGCTTC-1,0.142052,0.852838,0.002171,0.002939
AACCCTACTGTCAATA-1,0.123162,0.503389,0.197222,0.176227
AACCCTGGTGGAACCA-1,0.046369,0.241963,0.381914,0.329754
AACCGAGCTTGGTCAT-1,0.014959,0.858824,0.05337,0.072847
AACCGCTAAGGGATGC-1,0.014405,0.581426,0.226532,0.177637
AACCGTTGTGTTTGCT-1,0.000083,0.624921,0.070481,0.304516
AACCTCGCTTTAGCCC-1,0.760481,0.007504,0.126234,0.105781
AACCTGTCACGGAATT-1,0.022534,0.945929,0.023214,0.008323
AACCTTTAAATACGGT-1,0.000073,0.406335,0.044277,0.549315
AACCTTTACGACGTCT-1,0.003254,0.514866,0.313941,0.167939
AACGAAAGTCGTCCCA-1,0.000031,0.811048,0.17704,0.011881
AACGACCTCCTAGCCG-1,0.046887,0.337832,0.234623,0.380658
AACGATAATGCCGTAG-1,0.000083,0.54968,0.351768,0.09847
AACGATAGAAGGGCCG-1,0.000503,0.759842,0.144887,0.094768
AACGATATGTCAACTG-1,0.000487,0.526558,0.180643,0.292312
AACGCATGATCTGGGT-1,0.016187,0.521293,0.275542,0.186977
AACGCGAACGGCAACA-1,0.159426,0.044354,0.68626,0.10996
AACGCGACCTTGGGCG-1,0.008428,0.991532,0.00002,0.00002
AACGCGGTCTCCAGCC-1,0.197048,0.771678,0.031209,0.000065
AACGCTGTTGCTGAAA-1,0.056728,0.836648,0.014078,0.092546
AACGGACGTACGTATA-1,0.294215,0.214637,0.024307,0.466841
AACGGCCATCTCCGGT-1,0.447649,0.184901,0.208151,0.159299
AACGTACTGTGGGTAC-1,0.003394,0.973242,0.023309,0.000054
AACGTCAGACTAGTGG-1,0.000101,0.159905,0.396081,0.443913
AACGTCGCTGCACTTC-1,0.078746,0.658893,0.223786,0.038574
AACGTGATGAAGGACA-1,0.138995,0.453304,0.255458,0.152244
AACGTGCGAAAGTCTC-1,0.014492,0.63225,0.148955,0.204302
AACGTTATCAGCACCT-1,0.013867,0.017838,0.293544,0.674751
AACTACCCGTTTGTCA-1,0.662139,0.100623,0.105156,0.132082
AACTAGCGTATCGCAC-1,0.002285,0.410526,0.363613,0.223576
AACTAGGCTTGGGTGT-1,0.018488,0.763904,0.028355,0.189253
AACTCAAGTTAATTGC-1,0.03245,0.284298,0.476136,0.207117
AACTCCAGAGCGTGTT-1,0.259425,0.6438,0.089313,0.007461
AACTCCTAATCCCATG-1,0.067264,0.771274,0.138655,0.022807
AACTCGATAAACACGT-1,0.896781,0.000294,0.045475,0.057449
AACTCGATGGCGCAGT-1,0.000047,0.574611,0.425295,0.000047
AACTCTCAATAGAGCG-1,0.002231,0.629652,0.256581,0.111537
AACTCTCAGTGTGCTC-1,0.048546,0.539665,0.12212,0.289668
AACTGAGGTCAGCGTC-1,0.395939,0.110925,0.092158,0.400977
AACTGAGTTATACTGA-1,0.996858,0.001885,0.000628,0.000629
AACTGATATTAGGCCT-1,0.10852,0.745288,0.126025,0.020166
AACTGGGTCCCGACGT-1,0.031456,0.942082,0.024943,0.001519
AACTGGTGTGGGCCTT-1,0.003313,0.371221,0.410324,0.215143
AACTTCTGCGTCTATC-1,0.006141,0.016372,0.593112,0.384375
AACTTGCCCGTATGCA-1,0.000122,0.039694,0.920332,0.039852
AACTTGCGTTCTCGCG-1,0.000065,0.238721,0.76115,0.000065
AACTTTACGGGAGCTT-1,0.188618,0.211324,0.178512,0.421547
AACTTTAGCTGCTGAG-1,0.002324,0.223927,0.533667,0.240082
AACTTTCTCGATCATG-1,0.014113,0.749036,0.141353,0.095498
AAGAAATCACCAGATT-1,0.003018,0.51946,0.096014,0.381507
AAGAAGGATCAGTTAG-1,0.000043,0.614492,0.380351,0.005115
AAGACATACGTGGTTT-1,0.000042,0.749679,0.240466,0.009813
AAGACCAAATAACTCA-1,0.037976,0.227502,0.555021,0.179501
AAGACCCAACTGAACA-1,0.287693,0.299652,0.005086,0.407569
AAGACTAACCCGTTGT-1,0.015537,0.547212,0.408997,0.028254
AAGACTGCAAGCTACT-1,0.123381,0.756081,0.075425,0.045113
AAGAGATGAATCGGTA-1,0.02654,0.219679,0.316856,0.436925
AAGAGCTCTTTATCGG-1,0.000058,0.93893,0.054132,0.006881
AAGAGGATGTACGCGA-1,0.000058,0.659826,0.337643,0.002473
AAGAGGCATGGATCGC-1,0.002566,0.749603,0.076493,0.171338
AAGAGGCCCTTTGGAA-1,0.002478,0.87577,0.102951,0.018801
AAGATGGCACCGGACC-1,0.108417,0.522535,0.200678,0.168371
AAGATTGGCGGAACGT-1,0.058563,0.860515,0.075193,0.005729
AAGCACCCTGCGTATC-1,0.004407,0.603222,0.029621,0.362751
AAGCATACTCTCCTGA-1,0.00061,0.57178,0.232594,0.195016
AAGCCGAAGCGGTTTA-1,0.599712,0.149852,0.219226,0.031209
AAGCCGCCGTGAAATC-1,0.006085,0.441557,0.276149,0.27621
AAGCCGCTTTACCTTG-1,0.000916,0.722958,0.140951,0.135175
AAGCCGGAGAGCAGGA-1,0.200971,0.37967,0.322176,0.097184
AAGCGCAGGGCTTTGA-1,0.202589,0.543179,0.050927,0.203306
AAGCGGAGTGCGCGCA-1,0.004073,0.785376,0.02005,0.190501
AAGCGGCGTCATGGGT-1,0.189644,0.588622,0.139156,0.082578
AAGCGTCCCTCATCGA-1,0.026763,0.70172,0.179418,0.092098
AAGCTAGATCGAGTAA-1,0.000548,0.651377,0.240105,0.10797
AAGCTCGTGCCAAGTC-1,0.040624,0.703121,0.168722,0.087533
AAGCTCTTTCATGGTG-1,0.659439,0.081442,0.05466,0.204459
AAGGAGCGGTTGGTGC-1,0.036,0.520931,0.30415,0.13892
AAGGATCGATCGCTTG-1,0.380736,0.208318,0.111691,0.299256
AAGGATGAGGGACCTC-1,0.014921,0.891194,0.088835,0.005049
AAGGCAGGCTGTCTCC-1,0.153721,0.633209,0.112383,0.100686
AAGGCGCGTAAAGCTT-1,0.000063,0.073135,0.516965,0.409837
AAGGCTGTGCTCATCG-1,0.079007,0.585384,0.213307,0.122302
AAGGGAACGACTGGCT-1,0.000044,0.482251,0.184825,0.33288
AAGGGACAGATTCTGT-1,0.043811,0.956148,0.00002,0.00002
AAGGGACTATGCATTC-1,0.000081,0.761564,0.238192,0.000162
AAGGGTTTGATTTCAG-1,0.015084,0.361912,0.254768,0.368237
AAGGTATCCTAATATA-1,0.000055,0.784745,0.060945,0.154255
AAGGTGATAAACCAGC-1,0.024093,0.889591,0.071445,0.014871
AAGTAGAAGACCGGGT-1,0.114242,0.692702,0.121104,0.071951
AAGTAGTGACGCGAGG-1,0.000091,0.442231,0.557587,0.000091
AAGTCAATTGTCGTCA-1,0.025826,0.965832,0.007615,0.000727
AAGTCTAGTAGCTGCC-1,0.021981,0.684696,0.050138,0.243185
AAGTCTTCTGTGGCCT-1,0.153329,0.418652,0.256969,0.17105
AAGTGACGACCGAATT-1,0.000059,0.26054,0.459713,0.279687
AAGTGAGTCGGGTTTA-1,0.081655,0.822563,0.093294,0.002487
AAGTGCAAAGGTAGAC-1,0.134818,0.05763,0.568768,0.238784
AAGTGCCTTGACTGTA-1,0.122261,0.534865,0.115496,0.227378
AAGTGCGTTAGAATCT-1,0.019687,0.525739,0.353571,0.101003
AAGTGCTTCTCTATTG-1,0.221797,0.540057,0.068851,0.169295
AAGTGTTTGGAGACGG-1,0.107594,0.73915,0.13659,0.016666
AAGTTCACTCCAAGCT-1,0.316862,0.597033,0.058601,0.027504
AAGTTCAGTCTGCGTA-1,0.100612,0.220475,0.276594,0.402319
AAGTTCGGCCAACAGG-1,0.004117,0.597421,0.243114,0.155349
AAGTTGTGATGTTATA-1,0.006955,0.79599,0.153841,0.043213
AAGTTTACTAATGGCA-1,0.002766,0.498028,0.480492,0.018713
AAGTTTATGGGCCCAA-1,0.111459,0.255594,0.50246,0.130488
AATAACAACGCTCGGC-1,0.027148,0.364866,0.471425,0.136561
AATAACACTAGAACAA-1,0.002596,0.72141,0.227497,0.048497
AATAAGTCCTCGAGAC-1,0.086163,0.288899,0.424835,0.200103
AATAATCTTCGTATCG-1,0.997929,0.001243,0.000414,0.000414
AATACAATGTTTCAGG-1,0.075965,0.272655,0.644551,0.006829
AATACCGGAGGGCTGT-1,0.055718,0.944247,0.000017,0.000017
AATAGAACAGAGTGGC-1,0.279316,0.507285,0.19196,0.021439
AATAGAATCTGTTTCA-1,0.033754,0.904542,0.045897,0.015807
AATAGCAAGCCTCCTG-1,0.269633,0.362153,0.072174,0.29604
AATAGCTACCGCGTGC-1,0.064686,0.316519,0.186119,0.432676
AATAGTCCGTCCCGAC-1,0.007081,0.69631,0.2121,0.08451
AATAGTCGCGAGTCGG-1,0.176108,0.000301,0.334692,0.488899
AATATCAAGGTCGGAT-1,0.011199,0.152946,0.702403,0.133452
AATATCCTAGCAAACT-1,0.520125,0.048848,0.081517,0.349511
AATATCGAATCAATGC-1,0.687272,0.001092,0.009949,0.301687
AATATCGAGGGTTCTC-1,0.00997,0.544788,0.327048,0.118193
AATATTGGAGTATTGA-1,0.085619,0.03972,0.494043,0.380618
AATCAGACTGCAGGAC-1,0.000043,0.71565,0.279532,0.004775
AATCAGGTTTCATTTA-1,0.025605,0.236753,0.114662,0.62298
AATCATGTAAAGACTC-1,0.018537,0.45703,0.470426,0.054008
AATCCAAGGGCCTGAG-1,0.039318,0.730937,0.140656,0.089089
AATCCATGCAAGGGTG-1,0.000039,0.38761,0.612313,0.000039
AATCGCCTCAGCGCCA-1,0.011922,0.631452,0.164266,0.192361
AATCGCGCAGAGGACT-1,0.260077,0.623256,0.084295,0.032373
AATCGGGACACTACGA-1,0.047763,0.292347,0.488727,0.171163
AATCGGTATAGCCCTC-1,0.134298,0.649428,0.139894,0.076381
AATCGTGAGCCGAGCA-1,0.602076,0.175439,0.116191,0.106294
AATCTAGGTTTACTTG-1,0.015984,0.491546,0.357705,0.134765
AATCTATGCCGGAGCC-1,0.055878,0.222031,0.289345,0.432745
AATCTCTACTGTGGTT-1,0.12938,0.025012,0.083386,0.762221
AATCTGCGTTGGGACG-1,0.005433,0.482886,0.311994,0.199687
AATCTGGCTTTCTAGT-1,0.000087,0.120169,0.866019,0.013724
AATCTGGGTAGACCCT-1,0.081603,0.655349,0.250693,0.012355
AATGACAGCAATGTCT-1,0.056013,0.086736,0.777806,0.079445
AATGACGTAGGATGTC-1,0.054128,0.90355,0.005939,0.036383
AATGACTGTCAGCCGG-1,0.086519,0.556481,0.273125,0.083874
AATGAGTTCGCATATG-1,0.068898,0.358019,0.469354,0.103728
AATGATGATACGCTAT-1,0.04621,0.530798,0.05202,0.370972
AATGATGCGACTCCTG-1,0.121544,0.212418,0.123735,0.542303
AATGCAACCGGGTACC-1,0.023918,0.798012,0.162656,0.015413
AATGCACCAAGCAATG-1,0.034141,0.752133,0.173586,0.040141
AATGGTCCACCGTTCA-1,0.183703,0.005694,0.712758,0.097845
AATGGTTCTCACAAGC-1,0.000519,0.24224,0.691842,0.065399
AATGTATGGCACTGTA-1,0.00008,0.430028,0.41238,0.157511
AATGTGCCCGAGGTGT-1,0.141937,0.494629,0.360134,0.0033
AATGTGCTAATCTGAG-1,0.038051,0.875956,0.083819,0.002174
AATGTTGTCGTGAGAC-1,0.073261,0.909775,0.01584,0.001124
AATTAAAGGTCGGCGT-1,0.026545,0.825485,0.131739,0.01623
AATTAACGGATTTCCA-1,0.047758,0.467584,0.285463,0.199195
AATTACGAGACCCATC-1,0.002469,0.67442,0.259859,0.063253
AATTACTCGTACGCTC-1,0.316867,0.000612,0.053683,0.628839
AATTAGCGCTGCAGCG-1,0.01648,0.651515,0.12272,0.209284
AATTCATAAGGGATCT-1,0.044744,0.58091,0.3079,0.066446
AATTCATTGTCATGCA-1,0.032162,0.442531,0.226637,0.29867
AATTCCAAGCATGTAC-1,0.219109,0.456072,0.241431,0.083388
AATTCGATTCGAGGAT-1,0.177669,0.541892,0.197065,0.083374
AATTCTAGAGTTAGGC-1,0.000093,0.769493,0.194956,0.035458
AATTGAACGCTCTGGT-1,0.06911,0.628606,0.078394,0.22389
AATTGCAGCAATCGAC-1,0.007939,0.72447,0.051896,0.215695
AATTGCGTGGATTACA-1,0.000074,0.48722,0.410237,0.10247
AATTGTGGTTGCCAAA-1,0.000017,0.996704,0.003262,0.000017
AATTTGGGACATAGTA-1,0.014798,0.493597,0.37947,0.112135
AATTTGGTTCCAAAGA-1,0.514437,0.280899,0.151002,0.053661
ACAAACCATGCGTCCT-1,0.014696,0.938336,0.04695,0.000018
ACAAAGAAGGTAGGCC-1,0.430997,0.050869,0.121196,0.396937
ACAAAGCATGACCTAG-1,0.151648,0.798426,0.046887,0.003039
ACAAATCGCACCGAAT-1,0.015603,0.846618,0.037485,0.100293
ACAAATGGTAGTGTTT-1,0.000091,0.6584,0.280637,0.060873
ACAAATTCAGATCTGA-1,0.034901,0.313972,0.51668,0.134447
ACAACAGCATGAGCTA-1,0.03942,0.839863,0.108416,0.012301
ACAACGGTCCCTGCGA-1,0.000085,0.082162,0.910734,0.00702
ACAAGCAGTGCCTAGC-1,0.000096,0.03321,0.909336,0.057358
ACAAGCTATATGGAAG-1,0.364343,0.267228,0.047779,0.32065
ACAAGGAAATCCGCCC-1,0.044002,0.668878,0.14588,0.141239
ACAAGGACAAGAGGTT-1,0.009701,0.860816,0.126488,0.002995
ACAAGGATGCTTTAGG-1,0.043682,0.463715,0.073448,0.419155
ACAAGGCCTACCAGCC-1,0.159571,0.196616,0.163185,0.480629
ACAAGGGCAGGCTCTG-1,0.000526,0.999392,0.000041,0.000041
ACAATAGTCGTACGTT-1,0.072153,0.301236,0.442734,0.183877
ACAATCCATTTAAACC-1,0.000058,0.579282,0.071188,0.349472
ACAATGAATACGGAGA-1,0.000255,0.42508,0.518786,0.055879
ACAATGATTCTTCTAC-1,0.178574,0.303966,0.240521,0.27694
ACAATTGTGTCTCTTT-1,0.327051,0.52976,0.053716,0.089474
ACAATTTAGGAGGCTC-1,0.201622,0.195342,0.488143,0.114893
ACAATTTGAGCAGTGG-1,0.014881,0.680756,0.229864,0.074499
ACAATTTGGCCATATT-1,0.138144,0.623451,0.002632,0.235773
ACACAAAGACGGGTGG-1,0.030085,0.784507,0.177792,0.007617
ACACAAATATTCCTAG-1,0.062925,0.786301,0.003404,0.14737
ACACACCAGGACCAGT-1,0.023718,0.943622,0.025347,0.007314
ACACACTTTCTACACG-1,0.000048,0.988831,0.011073,0.000048
ACACATGATCAAATCT-1,0.002249,0.865421,0.128667,0.003662
ACACATTGACGCAACA-1,0.547434,0.118272,0.066352,0.267942
ACACCACATAATTAGC-1,0.924393,0.000107,0.000036,0.075463
ACACCCAGCATGCAGC-1,0.015876,0.896732,0.087347,0.000045
ACACCCGAGAAATCCG-1,0.091748,0.445787,0.437996,0.024469
ACACCGAGCGCTCTTT-1,0.283816,0.001005,0.000335,0.714844
ACACCGGTCTGACCGC-1,0.00249,0.247995,0.000031,0.749484
ACACCTTAAGTAGGGC-1,0.000062,0.639022,0.344544,0.016371
ACACCTTACTACTTGC-1,0.138785,0.361074,0.223668,0.276472
ACACGAGACTCCTTCT-1,0.058151,0.590016,0.157256,0.194577
ACACGGCACTATGCAT-1,0.050461,0.567099,0.342446,0.039994
ACACGGGAACTTAGGG-1,0.087988,0.867015,0.035849,0.009148
ACACGTAGGCCACAAG-1,0.001423,0.807692,0.174228,0.016657
ACACTCCAATGTCACT-1,0.026606,0.193106,0.715349,0.064939
ACACTGATCAAGGTGT-1,0.019006,0.549176,0.227326,0.204491
ACACTGGGACAGTCGT-1,0.049575,0.84058,0.089607,0.020237
ACAGAACTGAGAACAA-1,0.142339,0.679371,0.15018,0.02811
ACAGATTAGGTTAGTG-1,0.056281,0.27513,0.43997,0.22862
ACAGCATAGAGCCAGT-1,0.160006,0.784375,0.055567,0.000052
ACAGCGACATTCTCAT-1,0.020443,0.726101,0.193107,0.06035
ACAGCGCACCCGCAGC-1,0.051516,0.792207,0.152338,0.003939
ACAGGCACGGATCCTT-1,0.046172,0.794136,0.026644,0.133048
ACAGGCTTGCCCGACT-1,0.04696,0.864161,0.03704,0.051838
ACAGGTGGAGGTGAGG-1,0.032785,0.522692,0.417,0.027523
ACAGGTGTGTTGTTGC-1,0.252868,0.192225,0.107112,0.447794
ACAGTAATACAACTTG-1,0.012874,0.423891,0.506156,0.057079
ACAGTATACCGTGGGA-1,0.00752,0.906418,0.053703,0.032359
ACATAAGTCGTGGTGA-1,0.000037,0.847094,0.152832,0.000037
ACATAATAAGGCGGTG-1,0.126214,0.82179,0.034475,0.017521
ACATCAGCTGGGACGC-1,0.106644,0.26589,0.431418,0.196049
ACATCCCGGCCATACG-1,0.031644,0.492128,0.286962,0.189266
ACATCCTGGTAACTGT-1,0.07204,0.302613,0.293906,0.331442
ACATCGATCGTTTACC-1,0.08708,0.623369,0.025068,0.264483
ACATCGGTCAGCCGCG-1,0.024523,0.558434,0.076891,0.340152
ACATCGTATGCAATGG-1,0.053269,0.843452,0.098245,0.005035
ACATCGTTAACCTAGT-1,0.023581,0.531838,0.348047,0.096533
ACATCTCAACGCGTAA-1,0.026863,0.353772,0.599125,0.02024
ACATGGCGCCAAAGTA-1,0.083969,0.488869,0.177935,0.249227
ACATGGCTCAATTTAG-1,0.364709,0.192999,0.225536,0.216756
ACATTAGTTTATATCC-1,0.00005,0.998152,0.001749,0.00005
ACATTTGAAACCTAAC-1,0.000072,0.377395,0.446284,0.176248
ACCAAACACCCAGCGA-1,0.057768,0.306046,0.359587,0.276599
ACCAAACTAGAAATCC-1,0.126278,0.156668,0.578441,0.138613
ACCAACACCACACACT-1,0.071076,0.515436,0.303668,0.10982
ACCAACCGCACTCCAC-1,0.224724,0.362765,0.322844,0.089667
ACCAACGCTTATTTAT-1,0.025174,0.819982,0.104237,0.050607
ACCAAGAACGCGTGTC-1,0.771324,0.109456,0.06178,0.05744
ACCAAGTCATCGGCAG-1,0.009616,0.410762,0.152398,0.427224
ACCAATATGCAAGTTA-1,0.059866,0.521507,0.224907,0.19372
ACCACAACTCAGAACA-1,0.00008,0.216702,0.425226,0.357992
ACCACAAGTTTCTATC-1,0.484792,0.077034,0.177404,0.26077
ACCACCAATGTAACAA-1,0.205141,0.576327,0.033222,0.18531
ACCACCCTCTCTTCTA-1,0.003049,0.957227,0.005512,0.034212
ACCACGTGCAGCTATA-1,0.000115,0.407359,0.249191,0.343335
ACCACTGTTCAAGAAG-1,0.499764,0.020419,0.046553,0.433263
ACCAGACCATAACAAC-1,0.092617,0.702031,0.196425,0.008927
ACCAGCCCGGTCTTTG-1,0.000106,0.36264,0.19324,0.444015
ACCAGGAGTGTGATCT-1,0.051381,0.263732,0.392843,0.292044
ACCAGTGCCCGGTCAA-1,0.413902,0.369283,0.060847,0.155969
ACCAGTGCGGGAGACG-1,0.006085,0.843231,0.115862,0.034822
ACCATATCCGCAATAA-1,0.138612,0.413117,0.373462,0.074809
ACCATCCGCCAACTAG-1,0.158492,0.019044,0.616897,0.205567
ACCATCGTATATGGTA-1,0.009586,0.737361,0.175397,0.077656
ACCATTAAGGGTGTCA-1,0.660241,0.000483,0.010463,0.328812
ACCCAACGCCCGTGGC-1,0.551298,0.000157,0.000052,0.448492
ACCCACCTACATGCTC-1,0.70111,0.000251,0.032888,0.265751
ACCCATCTTGAGGGTA-1,0.016109,0.937057,0.038326,0.008508
ACCCATTTGTCCCTCT-1,0.007615,0.863803,0.118122,0.01046
ACCCGAGCGAAATTAC-1,0.019405,0.490866,0.314555,0.175175
ACCCGATTGGTTCCGA-1,0.913825,0.000179,0.009221,0.076775
ACCCGGAAACTCCCAG-1,0.000069,0.799388,0.066545,0.133998
ACCCGGAGCACCACAA-1,0.219513,0.201928,0.136221,0.442338
ACCCGGATGACGCATC-1,0.11606,0.374938,0.370797,0.138205
ACCCGGTTACACTTCC-1,0.104744,0.83832,0.056871,0.000065
ACCCGTAGTCTAGTTG-1,0.018338,0.72109,0.098139,0.162434
ACCCGTGTCATCAGTA-1,0.011004,0.893637,0.031187,0.064172
ACCCTATAGGACTGAG-1,0.00006,0.475135,0.503195,0.02161
ACCCTATGCCATATCG-1,0.119224,0.481415,0.328017,0.071344
ACCCTCCCGTCAGGGC-1,0.148036,0.819069,0.023498,0.009397
ACCCTCCCTTGCTATT-1,0.136638,0.621776,0.036117,0.205468
ACCCTGGTAACGCCCT-1,0.079259,0.789199,0.017354,0.114188
ACCCTTCATCTGCGAA-1,0.057404,0.718412,0.20505,0.019134
ACCCTTGCCTGGGTCG-1,0.036569,0.946234,0.014861,0.002335
ACCCTTTAGTTCTCCA-1,0.088409,0.279515,0.339182,0.292893
ACCGAAAGGGCCCTGC-1,0.29665,0.172642,0.238927,0.291781
ACCGAAGAGTCTGGTT-1,0.059624,0.50531,0.307379,0.127687
ACCGACACATCTCCCA-1,0.045493,0.759081,0.137503,0.057923
ACCGACTGAGTCCCAC-1,0.162857,0.678924,0.071081,0.087137
ACCGAGTCTCCTTATT-1,0.193853,0.417616,0.134035,0.254496
ACCGATAGGCATAACC-1,0.019251,0.892228,0.056775,0.031746
ACCGATATTTAATCAT-1,0.261387,0.659507,0.02058,0.058527
ACCGATGGTAGCATCG-1,0.022454,0.790863,0.170818,0.015866
ACCGCAATAACTGCCT-1,0.022008,0.901469,0.029078,0.047445
ACCGCGGTGGAAGTCG-1,0.111194,0.838156,0.020034,0.030616
ACCGGGCCTTTGTTGA-1,0.000251,0.988972,0.010199,0.000579
ACCGGTCAGGTACACC-1,0.00562,0.344295,0.470053,0.180032
ACCGGTCTGAGTACGG-1,0.139731,0.340556,0.410276,0.109437
ACCGTCCACTGGGCCC-1,0.105618,0.373941,0.267271,0.25317
ACCGTGACCACGTGGG-1,0.286066,0.574302,0.068507,0.071125
ACCGTTCCCGCTCTGA-1,0.017165,0.244664,0.524457,0.213713
ACCTAAGTACCTTTCA-1,0.014587,0.476792,0.48789,0.020732
ACCTAATCGACTTCCT-1,0.013155,0.068428,0.784512,0.133905
ACCTACAGTATGTGGT-1,0.179153,0.648024,0.046675,0.126148
ACCTACTATAAATCTA-1,0.115262,0.409202,0.091077,0.384459
ACCTCCGCCCTCGCTG-1,0.238754,0.600466,0.130176,0.030603
ACCTCCGTTATTCACC-1,0.013809,0.535989,0.209247,0.240955
ACCTCGAACTTATGCT-1,0.020413,0.680435,0.213348,0.085804
ACCTGCGTGTCATGTT-1,0.000066,0.279846,0.709238,0.010851
ACGAAATGGGCGGCAC-1,0.000957,0.003777,0.608692,0.386574
ACGACCCATGAGTTGC-1,0.537631,0.208333,0.000068,0.253968
ACGACTCTAGGGCCGA-1,0.024485,0.273405,0.321903,0.380207
ACGACTGGTCATACTC-1,0.149171,0.3827,0.124488,0.34364
ACGAGAACCCATCACG-1,0.062931,0.024247,0.7164,0.196421
ACGAGATATTTGCTTA-1,0.000083,0.531895,0.270279,0.197743
ACGAGGATACCACTCT-1,0.106786,0.160639,0.712599,0.019976
ACGAGGTTTACAACGT-1,0.09936,0.857755,0.010006,0.032879
ACGAGTACGGATGCCC-1,0.0377,0.600725,0.229102,0.132474
ACGAGTCGCCGGCGTT-1,0.296486,0.338343,0.100888,0.264282
ACGATACATAGAACTA-1,0.051595,0.816589,0.127258,0.004559
ACGATACCTATCCTGA-1,0.504129,0.122711,0.025357,0.347803
ACGATCATACATAGAG-1,0.025957,0.83877,0.094214,0.041059
ACGATCATCTTGTAAA-1,0.023303,0.840635,0.024974,0.111088
ACGATGCATATGTTAT-1,0.000089,0.673196,0.316076,0.010638
ACGATGGATCCGATGC-1,0.149396,0.582552,0.141218,0.126835
ACGCAAACTAATAGAT-1,0.032947,0.251264,0.255268,0.460522
ACGCAATCACTACAGC-1,0.015932,0.269834,0.39934,0.314895
ACGCATAAATGACATG-1,0.241677,0.745881,0.006635,0.005807
ACGCATACGTTTACTA-1,0.560834,0.059698,0.164936,0.214532
ACGCATTCGTGAGTAC-1,0.012046,0.541439,0.17912,0.267396
ACGCCAGATGATTTCT-1,0.000101,0.513559,0.352615,0.133725
ACGCCAGTGCGTTTGC-1,0.00423,0.758666,0.206051,0.031054
ACGCCGCTAGACGACC-1,0.000082,0.580533,0.183724,0.23566
ACGCGAAGTCAGACGA-1,0.000087,0.576654,0.269892,0.153366
ACGCGCTACACAGGGT-1,0.001095,0.748148,0.119146,0.131611
ACGCGGGCCAAGGACA-1,0.058597,0.598382,0.151413,0.191609
ACGCGTTTCTTAAGAG-1,0.269404,0.005111,0.067339,0.658146
ACGCTAGTGATACACT-1,0.16764,0.823374,0.005281,0.003705
ACGCTGTGAGGCGTAG-1,0.167492,0.014013,0.325552,0.492944
ACGGAACACGAGTGCC-1,0.076927,0.228837,0.634295,0.059941
ACGGAATTTAGCAAAT-1,0.478011,0.040416,0.226198,0.255376
ACGGACTCTCAAAGCG-1,0.019388,0.673522,0.095613,0.211477
ACGGAGCGCAAATTAC-1,0.869416,0.084674,0.022801,0.023109
ACGGATGGTGCGGATA-1,0.154753,0.496738,0.149043,0.199466
ACGGCACTTGCTTGGG-1,0.028906,0.742341,0.028306,0.200448
ACGGCCAACATGGACT-1,0.000065,0.755136,0.194149,0.05065
ACGGCGACGATGGGAA-1,0.038387,0.485475,0.348867,0.127271
ACGGCGGGTTGCCCTG-1,0.000081,0.038117,0.774652,0.18715
ACGGCTGGATGTAGAA-1,0.00005,0.429652,0.044169,0.52613
ACGGGAGTGTCGGCCC-1,0.005356,0.04608,0.8289,0.119664
ACGGGCGTATGCGACA-1,0.137712,0.685816,0.126699,0.049774
ACGGGTCATGTGACTT-1,0.234244,0.06327,0.29128,0.411206
ACGGTACAGTTCAATG-1,0.008534,0.440281,0.410131,0.141055
ACGGTCACCGAGAACA-1,0.037766,0.926468,0.001247,0.034519
ACGTACAGATTTCTCT-1,0.034239,0.478345,0.319596,0.167819
ACGTACTTTGGCACGG-1,0.405207,0.249106,0.121793,0.223894
ACGTAGATTGCTGATG-1,0.604759,0.051938,0.001372,0.341932
ACGTAGGAGAGTCGCT-1,0.325238,0.235486,0.216196,0.22308
ACGTATTACTCCGATC-1,0.054614,0.53079,0.173509,0.241087
ACGTCGGGCAACTCGG-1,0.078201,0.628788,0.042342,0.250669
ACGTCTCGTTCCGGGA-1,0.336259,0.018159,0.148723,0.496859
ACGTGACAAAGTAAGT-1,0.069287,0.295157,0.521379,0.114178
ACGTGCGCCTCGTGCA-1,0.000117,0.231274,0.747028,0.021581
ACGTTAATGTCGAAGA-1,0.054835,0.940673,0.004442,0.000051
ACGTTAGATTTGCCCG-1,0.02937,0.390498,0.382184,0.197948
ACGTTATTGGTCACTC-1,0.073772,0.034273,0.391066,0.500889
ACGTTCCGCGCTCCGT-1,0.318757,0.182266,0.144818,0.354159
ACGTTCGCAATCAATT-1,0.133132,0.611873,0.135088,0.119906
ACGTTCGTTCAGGAAA-1,0.045706,0.574283,0.140256,0.239755
ACGTTCTGTACAAGTC-1,0.084153,0.347902,0.493378,0.074568
ACGTTTAGTTGTGATC-1,0.060565,0.154633,0.130269,0.654533
ACTAAGGACGCACACC-1,0.024195,0.502255,0.007305,0.466245
ACTAATACGTCAGGCG-1,0.058458,0.277129,0.135717,0.528695
ACTACAAAGAGAGGTG-1,0.015193,0.794318,0.15169,0.0388
ACTACATCCCGACAAG-1,0.021649,0.762913,0.171836,0.043602
ACTACCAGCTCTCTGG-1,0.009004,0.158739,0.758994,0.073263
ACTACGCGTTAGAATT-1,0.026971,0.489536,0.393701,0.089792
ACTAGTTGCGATCGTC-1,0.373656,0.00129,0.132815,0.492239
ACTATATGCTGTGTTC-1,0.337677,0.387187,0.125983,0.149153
ACTATCCAGGGCATGG-1,0.529835,0.306457,0.059198,0.10451
ACTATCGCCGGCTAAA-1,0.510559,0.118326,0.000186,0.370929
ACTATCTGCCCGCGTA-1,0.083484,0.421164,0.441354,0.053998
ACTATGTCCAGCTGCC-1,0.051364,0.882846,0.021973,0.043817
ACTATTCGTCCGTGGT-1,0.054647,0.913103,0.029546,0.002703
ACTATTTCCGGGCCCA-1,0.000065,0.669574,0.168677,0.161685
ACTCAACGAATGTATT-1,0.000088,0.045064,0.70851,0.246338
ACTCAAGTGCAAGGCT-1,0.249064,0.469648,0.090028,0.19126
ACTCAATAAAGGCACG-1,0.087781,0.581995,0.311056,0.019168
ACTCAGACCTGCTTCT-1,0.09397,0.600476,0.188689,0.116865
ACTCATGGCAGCCTTC-1,0.000036,0.883005,0.049636,0.067323
ACTCCAATATCATCAT-1,0.000075,0.415914,0.233292,0.350719
ACTCCCATTCCTAAAG-1,0.018869,0.3778,0.584244,0.019088
ACTCCCGAATTCGTTT-1,0.007245,0.792577,0.135558,0.06462
ACTCCCGTAGACTAGG-1,0.018064,0.813336,0.060384,0.108216
ACTCCCTAATGCTAAA-1,0.013861,0.532284,0.296396,0.15746
ACTCCCTAGAATAGTA-1,0.027607,0.644359,0.294099,0.033935
ACTCCGGCCGACCACT-1,0.009217,0.172937,0.356058,0.461788
ACTCGATGTATTTCAT-1,0.258174,0.215114,0.15118,0.375532
ACTCGCCGTTCGATAA-1,0.000029,0.930054,0.058865,0.011052
ACTCGCGATCTGACGC-1,0.997955,0.001227,0.000409,0.000409
ACTCGTAACCCGTCCT-1,0.134818,0.00972,0.612538,0.242924
ACTCGTCAGTAATCCC-1,0.105536,0.888784,0.001484,0.004196
ACTCTAAACCTGGGAT-1,0.437097,0.240535,0.000941,0.321428
ACTCTCTGACTTAGGT-1,0.880953,0.000209,0.00007,0.118768
ACTCTCTTATACACGA-1,0.000086,0.216037,0.525398,0.258479
ACTCTGACCTAATAGA-1,0.035928,0.673528,0.284135,0.006409
ACTCTTCAGCTCCCGC-1,0.083708,0.47045,0.145705,0.300136
ACTCTTGTATAGTAAC-1,0.010378,0.73913,0.066291,0.184201
ACTGAAACGCCGTTAG-1,0.132733,0.786208,0.067971,0.013088
ACTGAATGGCGAAAGT-1,0.004225,0.768477,0.163796,0.063501
ACTGATTTAGTGATTC-1,0.000247,0.403282,0.334304,0.262167
ACTGCCCGCCATTCTC-1,0.000067,0.600374,0.339518,0.060041
ACTGCCGTCGTAACTC-1,0.035156,0.384344,0.456109,0.124391
ACTGCGGACACACCGT-1,0.053351,0.819281,0.016446,0.110922
ACTGCTCGGAAGGATG-1,0.014891,0.307577,0.499879,0.177652
ACTGGCGAACCTGCGT-1,0.164298,0.754934,0.009877,0.070892
ACTGTACGATACACAT-1,0.000074,0.737021,0.108596,0.154309
ACTGTAGCACTTTGGA-1,0.000096,0.23907,0.737224,0.02361
ACTGTATACGCGAGCA-1,0.000115,0.302888,0.469826,0.227171
ACTGTCCAGGATTATA-1,0.739117,0.086438,0.018495,0.15595
ACTGTCTTCTTTAGAA-1,0.132831,0.618031,0.222568,0.026569
ACTGTGCTAGTAGATC-1,0.000133,0.033679,0.68403,0.282157
ACTTACCGGGCGCGCA-1,0.56471,0.017173,0.242905,0.175212
ACTTACGCATCCACGC-1,0.101398,0.823704,0.062763,0.012135
ACTTAGTACGACAAGA-1,0.000082,0.108025,0.473785,0.418109
ACTTATACTTACCCGG-1,0.02911,0.892887,0.043633,0.03437
ACTTATTAGGATCGGT-1,0.024232,0.557536,0.31633,0.101901
ACTTATTTATGTGCCA-1,0.000067,0.99496,0.004906,0.000067
ACTTCAGGCTGATCCC-1,0.005962,0.660374,0.252983,0.080681
ACTTCCAGTGGAAGCT-1,0.015665,0.29805,0.58307,0.103215
ACTTCCATGCGGGACA-1,0.221528,0.282694,0.281451,0.214327
ACTTCGCCATACGCAC-1,0.000111,0.454702,0.151451,0.393735
ACTTCGCTAGCGAGTG-1,0.624956,0.179695,0.03068,0.164669
ACTTGACTCCCTCTTT-1,0.016517,0.860079,0.056217,0.067187
ACTTGCCATATTGTAC-1,0.102662,0.116603,0.747687,0.033048
ACTTGCTCTATCTACC-1,0.008056,0.526899,0.320035,0.14501
ACTTGGGACCCGGTGG-1,0.018084,0.27156,0.482702,0.227654
ACTTGTAGTCCCTTCA-1,0.12478,0.005005,0.684151,0.186063
ACTTGTGGATGGAACG-1,0.245774,0.240574,0.262034,0.251619
ACTTTACCCTCATGAA-1,0.00837,0.973584,0.012595,0.005451
ACTTTCCTATAGCTTC-1,0.000376,0.932274,0.062851,0.004499
ACTTTGACTGCATCCT-1,0.160621,0.000799,0.074267,0.764313
ACTTTGGTCGTGCTCC-1,0.000043,0.808925,0.145481,0.04555
ACTTTGTCGACGCACT-1,0.054193,0.697729,0.212684,0.035395
AGAAATTATGACTCGC-1,0.071061,0.843045,0.078249,0.007645
AGAACCCAGCGTGACA-1,0.272234,0.033765,0.141617,0.552384
AGAACCCTCAATTGGG-1,0.00913,0.381742,0.272163,0.336966
AGAACGTGGTACATTC-1,0.019754,0.699022,0.241073,0.040151
AGAAGAGCGCCGTTCC-1,0.001591,0.886328,0.110491,0.00159
AGAAGGTACACTTCAC-1,0.001573,0.63661,0.357064,0.004753
AGAAGGTTGCCGAATT-1,0.005589,0.521691,0.393003,0.079718
AGAAGGTTGTAGGTCG-1,0.107093,0.479487,0.273625,0.139795
AGAAGTGATTCGTGAT-1,0.000102,0.16867,0.809549,0.021679
AGAATAAATCTTCAGG-1,0.194771,0.0296,0.128612,0.647017
AGAATGCGGGTTCGGA-1,0.06935,0.701212,0.154429,0.075009
AGAATTATGGATTCGA-1,0.000066,0.321905,0.24777,0.430259
AGAATTGTTTGACATA-1,0.005998,0.015578,0.925619,0.052805
AGACAGCTCAGAATCC-1,0.112092,0.220671,0.299569,0.367669
AGACAGGCATCTCAGC-1,0.447639,0.128939,0.004233,0.419189
AGACATAGATCCTTCC-1,0.000083,0.450605,0.354465,0.194846
AGACCAAACCACACCT-1,0.020542,0.174054,0.779718,0.025686
AGACCATGGGATACAA-1,0.00007,0.204468,0.777841,0.017622
AGACCCACCGCTGATC-1,0.120444,0.74392,0.071307,0.064329
AGACCCGCCCTCCTCG-1,0.076745,0.666097,0.178218,0.078941
AGACCGCTCCGCGGTT-1,0.206045,0.793812,0.000071,0.000071
AGACCGGGAAACCCTG-1,0.217031,0.066201,0.131201,0.585567
AGACGAAGTGCCGGTC-1,0.102511,0.412921,0.232415,0.252153
AGACGACGATGCCGCT-1,0.209982,0.147223,0.606357,0.036439
AGACGCCCACTTCGCC-1,0.027883,0.524413,0.244506,0.203198
AGACGGGCCGATTTAA-1,0.034497,0.463911,0.401173,0.10042
AGACTAGCCTTCCAGA-1,0.003635,0.525621,0.345604,0.125139
AGACTGTTACCGGGTC-1,0.208413,0.178982,0.124234,0.488371
AGAGAAACACCAGAAA-1,0.116107,0.347923,0.272122,0.263849
AGAGAACCGTCTAGGA-1,0.006704,0.985065,0.008202,0.000028
AGAGAAGGAGTACAAT-1,0.293866,0.443062,0.218281,0.044791
AGAGATCTCTAAAGCG-1,0.385964,0.586809,0.026775,0.000451
AGAGCAGTTATGAGAC-1,0.033044,0.000446,0.557007,0.409503
AGAGCCGCCGAGATTT-1,0.022745,0.728545,0.229858,0.018852
AGAGCGCTTGTAACGG-1,0.068441,0.651855,0.137265,0.142439
AGAGCGGGCTAATCAT-1,0.00366,0.776344,0.217107,0.002889
AGAGCGTACAAGCTCG-1,0.010603,0.488939,0.485187,0.015272
AGAGCTACGAAAGCAT-1,0.238292,0.183987,0.429037,0.148684
AGAGGCTTCGGAAACC-1,0.863233,0.000432,0.006227,0.130108
AGAGGGACAATTGTCC-1,0.093506,0.848879,0.033365,0.02425
AGAGTAAACTTCACTA-1,0.426633,0.16484,0.232585,0.175942
AGAGTATAGTGTTACG-1,0.08237,0.755575,0.124403,0.037653
AGAGTTAGAGACCGAT-1,0.071695,0.710786,0.121799,0.09572
AGAGTTGCAGGCCTCC-1,0.011784,0.36259,0.314442,0.311183
AGATAACTTCAGGGCC-1,0.000091,0.325765,0.611417,0.062727
AGATACCAATAGAACC-1,0.023025,0.500443,0.398792,0.07774
AGATACCAGCACTTCA-1,0.037527,0.789701,0.062388,0.110383
AGATACCGGTGTTCAC-1,0.000076,0.380111,0.23976,0.380053
AGATACGACTTCATAT-1,0.000072,0.291018,0.571331,0.137579
AGATACTCAAGATCGA-1,0.001366,0.956342,0.012538,0.029754
AGATATAATACGACTA-1,0.61805,0.091019,0.244964,0.045967
AGATCGTGCATAAGAT-1,0.166234,0.631599,0.058865,0.143302
AGATCTCAGGTGTGAT-1,0.223522,0.400252,0.1258,0.250426
AGATGACTCGCCCACG-1,0.000101,0.550127,0.317458,0.132315
AGATGAGGGTTGCGAT-1,0.017042,0.544741,0.332844,0.105372
AGATGATGGAGTCTGG-1,0.047755,0.883086,0.067355,0.001804
AGATGCAAGACGTGCA-1,0.20295,0.21572,0.340318,0.241012
AGATGCATCCTGTGTC-1,0.0548,0.371782,0.559533,0.013885
AGATGCTATAACGAGC-1,0.381123,0.280723,0.094335,0.24382
AGATTATAGGACGTTT-1,0.132888,0.683842,0.166814,0.016456
AGATTCACAACCGATA-1,0.000022,0.710009,0.226324,0.063646
AGCAAAGGCCGCTAGT-1,0.006546,0.873445,0.118412,0.001598
AGCAACATATCTTATT-1,0.113409,0.874465,0.003497,0.008629
AGCAACCGAAAGTAAT-1,0.058139,0.829992,0.110122,0.001747
AGCACACGTTTAGACT-1,0.028616,0.940672,0.012836,0.017877
AGCACCAGTACTCACG-1,0.141031,0.489413,0.171918,0.197638
AGCACTACCGGCCTGT-1,0.098894,0.344861,0.480244,0.076001
AGCACTACCTCACCAG-1,0.020624,0.540181,0.300616,0.138579
AGCACTTAAGGACGCC-1,0.000066,0.516329,0.404146,0.079459
AGCAGAAGGAGAAAGA-1,0.164122,0.373713,0.26902,0.193145
AGCAGCCAGATGAATA-1,0.022644,0.769334,0.1583,0.049722
AGCATATCAATATGCT-1,0.411157,0.186174,0.18201,0.220658
AGCATCATTTCGAAAG-1,0.000819,0.662959,0.327818,0.008404
AGCATCGTCGATAATT-1,0.000111,0.29809,0.635594,0.066206
AGCATTACGAGGCAAG-1,0.019445,0.855341,0.118028,0.007185
AGCCAAGCTTTGTGTC-1,0.982544,0.000364,0.012698,0.004395
AGCCACAGGTTACCCG-1,0.606343,0.134133,0.213715,0.045809
AGCCACTCCCGTGCTT-1,0.06204,0.499808,0.150109,0.288043
AGCCATATAGTATGTG-1,0.064711,0.710214,0.207264,0.017811
AGCCCATACATGTAAG-1,0.000065,0.346468,0.639188,0.014279
AGCCCGCAACAAGCAG-1,0.165278,0.425911,0.033855,0.374956
AGCCCGCACTACAATG-1,0.00896,0.683981,0.210962,0.096097
AGCCCGGCATTAGAGG-1,0.022913,0.796427,0.115244,0.065416
AGCCCGGTAGCCTGTA-1,0.040441,0.645708,0.273927,0.039924
AGCCCTAAGCGAAGTT-1,0.013807,0.297496,0.510531,0.178166
AGCCCTCCCTGGTGGC-1,0.037407,0.624124,0.264302,0.074168
AGCCCTGTCGCACCGT-1,0.221658,0.493451,0.050344,0.234546
AGCCCTTCTAATCCGA-1,0.225599,0.332927,0.27485,0.166625
AGCCCTTGGACATCCC-1,0.267176,0.508503,0.197769,0.026552
AGCCGCAAATTCAAAT-1,0.152782,0.277757,0.508608,0.060853
AGCCGCTTGATTAGCG-1,0.668037,0.136545,0.012495,0.182924
AGCCGTGGCTAAATGT-1,0.116461,0.802577,0.079004,0.001958
AGCCTAATACCCACGT-1,0.015531,0.074455,0.879732,0.030282
AGCCTTAAAGCGGAAG-1,0.075292,0.018434,0.626457,0.279816
AGCCTTGTCACTGATA-1,0.015473,0.336357,0.452561,0.195608
AGCGACAGGAACGGTC-1,0.189727,0.74388,0.066356,0.000036
AGCGACATCCCATTCA-1,0.006652,0.760501,0.221114,0.011734
AGCGACCAACGATATT-1,0.000067,0.647514,0.258125,0.094294
AGCGAGACGTGAAGGC-1,0.02227,0.607725,0.331555,0.03845
AGCGATGCGCCTAATA-1,0.013153,0.793381,0.068451,0.125015
AGCGCATAATGAATCG-1,0.000067,0.56595,0.075521,0.358462
AGCGCGGGTGCCAATG-1,0.146846,0.699856,0.127845,0.025452
AGCGCTAGAGCGATGT-1,0.274749,0.384382,0.097517,0.243352
AGCGCTTATGGGCAAG-1,0.095676,0.384459,0.155163,0.364701
AGCGGACACTTCGTAG-1,0.107075,0.871071,0.021226,0.000627
AGCGGCGGTTAGCGGT-1,0.029593,0.097207,0.866212,0.006987
AGCGGGAAGGGTCCAT-1,0.00008,0.49168,0.443655,0.064584
AGCGGGTCTGACACTC-1,0.25417,0.271781,0.037673,0.436376
AGCGGTTGCCGCTCTG-1,0.023928,0.3394,0.096691,0.539981
AGCGTACGAGAGCTAG-1,0.084992,0.094731,0.717268,0.103008
AGCGTCTGAACCCGCA-1,0.000094,0.152738,0.443245,0.403923
AGCGTGGTATTCTACT-1,0.000153,0.504863,0.341483,0.1535
AGCTAACAAGCAATGT-1,0.016108,0.525584,0.300642,0.157665
AGCTAAGTACGCAGGC-1,0.005544,0.466533,0.075351,0.452572
AGCTAGAAGCAGAAGT-1,0.988374,0.000156,0.000052,0.011418
AGCTATTTAATCCAAC-1,0.029328,0.354089,0.495585,0.120998
AGCTCCATATATGTTC-1,0.000074,0.634292,0.189557,0.176078
AGCTCCTTCGCACATC-1,0.021636,0.54445,0.323486,0.110428
AGCTCGTTGATGGAAA-1,0.256025,0.730949,0.007361,0.005664
AGCTCTAGACGTTCCA-1,0.010074,0.506105,0.28062,0.203201
AGCTCTTCCCAGTGCA-1,0.109056,0.824756,0.025241,0.040947
AGCTCTTCGTAACCTT-1,0.147785,0.588743,0.106983,0.15649
AGCTCTTTACTCAGTT-1,0.151073,0.407469,0.357557,0.0839
AGCTGAAGTAAACCAA-1,0.054412,0.829557,0.112568,0.003463
AGCTGTAACCTCAATC-1,0.00011,0.268867,0.711221,0.019802
AGCTTATAGAGACCTG-1,0.000121,0.194477,0.544057,0.261345
AGCTTCTTCTCGAGCA-1,0.09956,0.669296,0.028763,0.20238
AGCTTGATCAGGGTAG-1,0.005325,0.364738,0.302209,0.327728
AGCTTGATCTTAACTT-1,0.018983,0.343604,0.349232,0.288181
AGGAAAGCCTCTGATG-1,0.212499,0.108178,0.060502,0.618822
AGGAACGAACGACTTC-1,0.069258,0.911399,0.005879,0.013464
AGGAAGCTGTCCGCCG-1,0.002736,0.709448,0.182324,0.105492
AGGACAGTCGAATCCC-1,0.018075,0.735792,0.165197,0.080936
AGGACATCGCACGTCG-1,0.000099,0.328913,0.620403,0.050585
AGGACATCGGCACACT-1,0.033123,0.805608,0.115881,0.045387
AGGACGACCCATTAGA-1,0.011923,0.469567,0.268393,0.250117
AGGACGCTCGATGTTG-1,0.006468,0.600279,0.231536,0.161718
AGGACTTATAGGAGAA-1,0.469956,0.000355,0.020175,0.509514
AGGAGACATCCACAGT-1,0.001509,0.910103,0.053645,0.034743
AGGAGAGTCTGGCTAC-1,0.000402,0.999562,0.000018,0.000018
AGGAGGCCTTCGCGCG-1,0.99953,0.000282,0.000094,0.000094
AGGATAAAGTCGGGAT-1,0.00259,0.985435,0.008555,0.003419
AGGATATAGGGATTTA-1,0.011479,0.664537,0.188475,0.135509
AGGATATCCGACTGCA-1,0.058991,0.823571,0.06295,0.054488
AGGATCACGCGATCTG-1,0.208944,0.061642,0.609404,0.120011
AGGATTGCTTACGACA-1,0.232591,0.358127,0.066677,0.342605
AGGCACGTGACTGTCC-1,0.021783,0.977995,0.000187,0.000036
AGGCAGATGCGTAAAC-1,0.000069,0.619605,0.352211,0.028115
AGGCAGGGAGCGTACT-1,0.010019,0.574629,0.363319,0.052033
AGGCATTGTCGTAGGG-1,0.814699,0.037843,0.094007,0.053451
AGGCCACATTGGTTAC-1,0.997191,0.001685,0.000562,0.000562
AGGCCACCCGTTATGA-1,0.000084,0.328039,0.344908,0.326969
AGGCCCAGTGACTGGT-1,0.257954,0.460724,0.094808,0.186514
AGGCCCATTGTACAGG-1,0.007263,0.699595,0.238411,0.054731
AGGCCCTAGAACGCCA-1,0.00193,0.642758,0.355166,0.000145
AGGCCTATCATACCAA-1,0.000044,0.93773,0.06217,0.000056
AGGCCTGAGAATCTCG-1,0.124877,0.772699,0.088527,0.013898
AGGCGATAACTGGCGT-1,0.605857,0.284644,0.082592,0.026907
AGGCGGTTTGTCCCGC-1,0.001731,0.822077,0.146328,0.029864
AGGCGTCTATGGACGG-1,0.42746,0.368755,0.048254,0.155531
AGGCTATGGTTAGCTT-1,0.000097,0.119603,0.618841,0.261459
AGGCTTCCCGAAGAAG-1,0.018972,0.766078,0.213398,0.001552
AGGCTTGCTAGACACC-1,0.007876,0.016592,0.616078,0.359454
AGGGAAACGAGGTACT-1,0.036845,0.600794,0.014052,0.348309
AGGGACAGCACGGCGG-1,0.000096,0.007197,0.85482,0.137887
AGGGACCGGCTGCGTT-1,0.984045,0.001368,0.00005,0.014537
AGGGACTCTACGCGAC-1,0.062872,0.544682,0.273249,0.119197
AGGGAGACATACTTCG-1,0.003586,0.473409,0.279034,0.243971
AGGGCAGCGGCGTGGT-1,0.000092,0.3154,0.375432,0.309076
AGGGCCCTAATGTTCT-1,0.020966,0.779669,0.103986,0.095379
AGGGCGAGCAGCTGAT-1,0.000055,0.216452,0.726796,0.056697
AGGGCGTGATCGGCTA-1,0.000076,0.321688,0.426135,0.252101
AGGGCTGCAGTTACAG-1,0.065045,0.934613,0.000298,0.000045
AGGGTCAGAGCACTCG-1,0.120038,0.681321,0.085657,0.112983
AGGGTCAGTAACCCTA-1,0.401855,0.481065,0.083282,0.033798
AGGGTCGATGCGAACT-1,0.029258,0.583378,0.186964,0.2004
AGGGTCTGGACGCAGT-1,0.273202,0.308456,0.1504,0.267942
AGGGTGCCGTTCTTTA-1,0.044055,0.676974,0.260943,0.018028
AGGGTGCTCTCGAGGG-1,0.000071,0.695918,0.081058,0.222953
AGGGTGGATAGTGCAT-1,0.083022,0.183876,0.62411,0.108992
AGGGTTCAGACGGTCC-1,0.040225,0.941245,0.018462,0.000067
AGGGTTCCCTTTGGTT-1,0.183443,0.584784,0.134093,0.097681
AGGGTTTAGTTCGGGA-1,0.141469,0.433965,0.339869,0.084697
AGGTAACCTCCTATTC-1,0.000082,0.514254,0.450472,0.035191
AGGTACGATATTGCCA-1,0.07273,0.726433,0.199496,0.001341
AGGTAGATCGAGATAT-1,0.197736,0.634464,0.059376,0.108423
