Barcode,Topic 1,Topic 2,Topic 3to4,Topic 5to10
AAACAACGAATAGTTC-1,0.001467,0.000033,0.056104,0.942396
AAACAAGTATCTCCCA-1,0.538568,0.000051,0.448244,0.013137
AAACAATCTACTAGCA-1,0.000037,0.000037,0.411249,0.588676
AAACACCAATAACTGC-1,0.01394,0.011429,0.56225,0.412381
AAACAGAGCGACTCCT-1,0.097809,0.000048,0.172269,0.729874
AAACAGCTTTCAGAAG-1,0.000105,0.078855,0.743663,0.177377
AAACAGGGTCTATATT-1,0.011847,0.000049,0.446331,0.541773
AAACAGTGTTCCTGGG-1,0.000017,0.000017,0.55938,0.440587
AAACATGGTGAGAGGA-1,0.000033,0.000033,0.953807,0.046128
AAACATTTCCCGGATT-1,0.019592,0.008992,0.427049,0.544367
AAACCACTACACAGAT-1,0.012842,0.00816,0.574549,0.404449
AAACCCGAACGAAATC-1,0.009857,0.013107,0.918958,0.058078
AAACCGGAAATGTTAA-1,0.100405,0.002849,0.302788,0.593958
AAACCGGGTAGGTACC-1,0.000019,0.404807,0.13194,0.463234
AAACCGTTCGTCCAGG-1,0.000031,0.000031,0.470975,0.528962
AAACCTAAGCAGCCGG-1,0.147624,0.00076,0.641436,0.21018
AAACCTCATGAAGTTG-1,0.000052,0.000052,0.547541,0.452355
AAACGAAGAACATACC-1,0.000019,0.018216,0.062475,0.91929
AAACGAAGATGGAGTA-1,0.00305,0.000086,0.483271,0.513593
AAACGACAGTCTTGCC-1,0.000032,0.08746,0.733308,0.179199
AAACGAGACGGTTGAT-1,0.992033,0.000885,0.001771,0.005311
AAACGCCCGAGATCGG-1,0.079096,0.018661,0.428565,0.473677
AAACGCTGGGCACGAC-1,0.064303,0.007846,0.514027,0.413824
AAACGGGCGTACGGGT-1,0.087877,0.000035,0.726186,0.185903
AAACGGGTTGGTATCC-1,0.000058,0.000058,0.649247,0.350637
AAACGGTTGCGAACTG-1,0.031653,0.000038,0.564799,0.40351
AAACGTGTTCGCCCTA-1,0.258382,0.000062,0.579945,0.161612
AAACTAACGTGGCGAC-1,0.008343,0.000048,0.958127,0.033482
AAACTCGGTTCGCAAT-1,0.012734,0.027259,0.311488,0.648519
AAACTCGTGATATAAG-1,0.274481,0.000071,0.725021,0.000427
AAACTGCTGGCTCCAA-1,0.138377,0.041976,0.194948,0.624699
AAACTTAATTGCACGC-1,0.100062,0.025166,0.491452,0.38332
AAACTTGCAAACGTAT-1,0.000025,0.048414,0.409834,0.541726
AAAGAATGACCTTAGA-1,0.02694,0.000046,0.215021,0.757993
AAAGAATGTGGACTAA-1,0.004539,0.000342,0.701686,0.293433
AAAGACATGAAGTTTA-1,0.0669,0.02525,0.120565,0.787285
AAAGACCCAAGTCGCG-1,0.040361,0.013885,0.165097,0.780657
AAAGACTGGGCGCTTT-1,0.079945,0.000105,0.544448,0.375502
AAAGCTTGCCTACATA-1,0.928464,0.00022,0.069997,0.001319
AAAGGCCCTATAATAC-1,0.024157,0.001983,0.23247,0.741391
AAAGGCTACGGACCAT-1,0.025273,0.047212,0.166255,0.76126
AAAGGCTCTCGCGCCG-1,0.164207,0.000472,0.549722,0.285598
AAAGGGATGTAGCAAG-1,0.000048,0.000048,0.462853,0.537052
AAAGGGCAGCTTGAAT-1,0.033247,0.027079,0.16311,0.776564
AAAGGTAAGCTGTACC-1,0.051126,0.018039,0.4188,0.512035
AAAGGTCAACGACATG-1,0.075413,0.000045,0.791731,0.13281
AAAGTAGCATTGCTCA-1,0.060522,0.000049,0.910581,0.028848
AAAGTCACTGATGTAA-1,0.013314,0.000062,0.949892,0.036732
AAAGTCGACCCTCAGT-1,0.006627,0.00239,0.204256,0.786727
AAAGTGCCATCAATTA-1,0.000019,0.000019,0.885767,0.114194
AAAGTGTGATTTATCT-1,0.024572,0.004678,0.745451,0.225298
AAAGTTGACTCCCGTA-1,0.017604,0.010181,0.182266,0.789948
AAATAACCATACGGGA-1,0.027537,0.00003,0.516705,0.455728
AAATAAGGTAGTGCCC-1,0.157884,0.000052,0.491616,0.350447
AAATACCTATAAGCAT-1,0.022339,0.026222,0.352327,0.599112
AAATAGCTTAGACTTT-1,0.005122,0.003928,0.506573,0.484377
AAATAGGGTGCTATTG-1,0.028621,0.050216,0.545882,0.375281
AAATCACTCCTAAACG-1,0.07983,0.021199,0.672253,0.226717
AAATCCGATACACGCC-1,0.00601,0.010178,0.670706,0.313106
AAATCGCGGAAGGAGT-1,0.000085,0.000085,0.35221,0.64762
AAATCGTGTACCACAA-1,0.000041,0.000041,0.934711,0.065208
AAATCTAGCCCTGCTA-1,0.000031,0.000031,0.92017,0.079768
AAATCTGCCCGCGTCC-1,0.000032,0.000032,0.977813,0.022123
AAATGATTCGATCAGC-1,0.359582,0.00009,0.639786,0.000542
AAATGCTCGTTACGTT-1,0.011201,0.062968,0.502437,0.423395
AAATGGCATGTCTTGT-1,0.000049,0.01273,0.414256,0.572965
AAATGGCCCGTGCCCT-1,0.080388,0.00024,0.393745,0.525627
AAATGGTCAATGTGCC-1,0.000036,0.000496,0.213386,0.786081
AAATGTATCTTATCCC-1,0.000046,0.087566,0.243391,0.668997
AAATGTGGGTGCTCCT-1,0.004742,0.023061,0.120644,0.851553
AAATTAACGGGTAGCT-1,0.049006,0.05553,0.109059,0.786405
AAATTAATAAGCGCGA-1,0.000056,0.000056,0.506713,0.493175
AAATTACACGACTCTG-1,0.074991,0.000042,0.740412,0.184554
AAATTACCTATCGATG-1,0.893394,0.000568,0.087262,0.018776
AAATTCCAGGTCCAAA-1,0.207161,0.000062,0.792406,0.000371
AAATTGATAGTCCTTT-1,0.055944,0.010975,0.232516,0.700565
AAATTGCGGCGGTTCT-1,0.000055,0.069929,0.702218,0.227798
AAATTGGTGAGAAGCA-1,0.353756,0.000137,0.626143,0.019964
AAATTTACCGAAATCC-1,0.113774,0.000039,0.495465,0.390722
AAATTTGCGGGTGTGG-1,0.000072,0.000072,0.858994,0.140861
AACAACTGGTAGTTGC-1,0.000053,0.002293,0.422666,0.574988
AACAATACATTGTCGA-1,0.000023,0.00146,0.480528,0.517989
AACAATTACTCTACGC-1,0.000027,0.080025,0.179933,0.740015
AACACACGCTCGCCGC-1,0.022017,0.000038,0.64669,0.331255
AACACGACTGTACTGA-1,0.006219,0.005551,0.499278,0.488952
AACACGAGACGCGGCC-1,0.002394,0.053421,0.518759,0.425426
AACACGCGGCCGCGAA-1,0.080533,0.000052,0.550431,0.368985
AACAGCTGTGTGGCAA-1,0.000018,0.019087,0.412057,0.568838
AACAGGAAATCGAATA-1,0.024161,0.000045,0.449205,0.526588
AACAGGATGGGCCGCG-1,0.000055,0.044243,0.467397,0.488305
AACAGGTAGTATGGAT-1,0.25519,0.000041,0.675692,0.069077
AACATATCAACTGGTG-1,0.190963,0.000054,0.55071,0.258272
AACATCGATACGTCTA-1,0.791063,0.000195,0.192958,0.015784
AACATTGAAGTTGATC-1,0.004094,0.000036,0.97104,0.024829
AACATTGGTCAGCCGT-1,0.000053,0.004395,0.773144,0.222408
AACATTGTGACTCGAG-1,0.041546,0.040889,0.740071,0.177494
AACCAAGACTTCTCTG-1,0.039611,0.000075,0.176315,0.784
AACCAGTATCACTCTT-1,0.003502,0.155408,0.208296,0.632795
AACCATAGGGTTGAAC-1,0.036523,0.000043,0.916658,0.046775
AACCATGGGATCGCTA-1,0.011326,0.037427,0.313922,0.637326
AACCCAGAGACGGAGA-1,0.02228,0.000033,0.188346,0.789341
AACCCATCCCATGATC-1,0.001446,0.000032,0.559255,0.439267
AACCCGACAACCCGTG-1,0.000029,0.028438,0.713871,0.257662
AACCCGAGCAGAATCG-1,0.006797,0.003138,0.737869,0.252196
AACCCGATAGGGCTTC-1,0.000031,0.000031,0.977207,0.022731
AACCCTACTGTCAATA-1,0.038692,0.007063,0.643886,0.310358
AACCCTGGTGGAACCA-1,0.027541,0.007327,0.346371,0.618761
AACCGAGCTTGGTCAT-1,0.000037,0.036214,0.280758,0.682991
AACCGCTAAGGGATGC-1,0.013727,0.021585,0.337609,0.627079
AACCGTTGTGTTTGCT-1,0.02764,0.000063,0.808392,0.163904
AACCTAAAGCCGTCCG-1,0.000025,0.022169,0.38222,0.595586
AACCTCGCTTTAGCCC-1,0.109305,0.057522,0.594001,0.239171
AACCTGTCACGGAATT-1,0.906376,0.000807,0.087977,0.00484
AACCTTTAAATACGGT-1,0.016057,0.009072,0.330127,0.644744
AACCTTTACGACGTCT-1,0.000054,0.000054,0.999463,0.000429
AACGAAAGTCGTCCCA-1,0.000043,0.000043,0.999657,0.000257
AACGACCTCCTAGCCG-1,0.009108,0.042913,0.686178,0.261801
AACGATAATGCCGTAG-1,0.000025,0.001726,0.384721,0.613528
AACGATAGAAGGGCCG-1,0.080227,0.000061,0.905164,0.014548
AACGATATGTCAACTG-1,0.000975,0.000047,0.358681,0.640296
AACGCATGATCTGGGT-1,0.596907,0.001493,0.392643,0.008958
AACGCGAACGGCAACA-1,0.040072,0.001579,0.365709,0.59264
AACGCGACCTTGGGCG-1,0.000021,0.001172,0.337158,0.661648
AACGCGGTCTCCAGCC-1,0.000036,0.000036,0.450846,0.549082
AACGCTGTTGCTGAAA-1,0.000021,0.000021,0.482771,0.517187
AACGGACGTACGTATA-1,0.000028,0.003112,0.48754,0.50932
AACGGCCATCTCCGGT-1,0.000038,0.017959,0.429353,0.55265
AACGTACTGTGGGTAC-1,0.051106,0.00006,0.583065,0.365769
AACGTAGTCTACCCAT-1,0.000035,0.000035,0.491254,0.508676
AACGTCAGACTAGTGG-1,0.093618,0.000071,0.593875,0.312437
AACGTCGCTGCACTTC-1,0.000019,0.001184,0.768553,0.230244
AACGTGATGAAGGACA-1,0.065851,0.005452,0.453059,0.475638
AACGTGCGAAAGTCTC-1,0.087848,0.000045,0.583884,0.328223
AACGTTATCAGCACCT-1,0.046176,0.000041,0.270288,0.683494
AACTACCCGTTTGTCA-1,0.044134,0.000033,0.832274,0.123559
AACTAGCGTATCGCAC-1,0.000033,0.020334,0.662922,0.316711
AACTAGGCTTGGGTGT-1,0.176471,0.000041,0.660458,0.16303
AACTCAAGTTAATTGC-1,0.000084,0.000084,0.901856,0.097976
AACTCCAGAGCGTGTT-1,0.028249,0.062231,0.149685,0.759835
AACTCCTAATCCCATG-1,0.04101,0.000036,0.740272,0.218682
AACTCGATAAACACGT-1,0.000029,0.006833,0.028549,0.964589
AACTCGATGGCGCAGT-1,0.879556,0.000376,0.000752,0.119316
AACTCTCAATAGAGCG-1,0.060344,0.000038,0.716637,0.222981
AACTCTCAGTGTGCTC-1,0.012849,0.051933,0.429176,0.506042
AACTGAGGTCAGCGTC-1,0.000053,0.000053,0.692857,0.307037
AACTGAGTTATACTGA-1,0.852298,0.000116,0.144881,0.002706
AACTGATATTAGGCCT-1,0.000032,0.000372,0.465297,0.5343
AACTGGGTCCCGACGT-1,0.000037,0.003952,0.509888,0.486124
AACTGGGTTCGAGCCG-1,0.352183,0.000053,0.288664,0.359099
AACTGGTGTGGGCCTT-1,0.000048,0.000048,0.602954,0.39695
AACTTCTGCGTCTATC-1,0.029804,0.000058,0.047226,0.922912
AACTTGCCCGTATGCA-1,0.000033,0.181141,0.128115,0.690711
AACTTGCGTTCTCGCG-1,0.0419,0.017296,0.228374,0.712429
AACTTTACGGGAGCTT-1,0.000046,0.005753,0.354275,0.639926
AACTTTAGCTGCTGAG-1,0.000037,0.000037,0.464919,0.535008
AACTTTCTCGATCATG-1,0.099523,0.000075,0.899951,0.000451
AAGAAATCACCAGATT-1,0.144032,0.000042,0.854765,0.001161
AAGAAGGATCAGTTAG-1,0.023215,0.033702,0.121251,0.821832
AAGACATACGTGGTTT-1,0.000258,0.000028,0.674117,0.325597
AAGACCAAATAACTCA-1,0.00005,0.00005,0.988099,0.011802
AAGACCCAACTGAACA-1,0.018688,0.005858,0.253114,0.722341
AAGACTAACCCGTTGT-1,0.059924,0.062502,0.151728,0.725846
AAGACTCACGCCCACT-1,0.103221,0.043299,0.170757,0.682723
AAGACTGCAAGCTACT-1,0.013055,0.000036,0.126647,0.860261
AAGAGATGAATCGGTA-1,0.088952,0.000068,0.572849,0.338131
AAGAGCTCTTTATCGG-1,0.833773,0.000263,0.031594,0.13437
AAGAGGATGTACGCGA-1,0.000042,0.067097,0.263442,0.669419
AAGAGGCATGGATCGC-1,0.995945,0.000451,0.000901,0.002704
AAGAGGCCCTTTGGAA-1,0.005055,0.000044,0.9887,0.006201
AAGATGGCACCGGACC-1,0.000018,0.001394,0.12953,0.869059
AAGATTGGCGGAACGT-1,0.979065,0.002326,0.004652,0.013957
AAGCACCCTGCGTATC-1,0.000023,0.007618,0.368077,0.624282
AAGCATACTCTCCTGA-1,0.000024,0.017797,0.210249,0.77193
AAGCCGAAGCGGTTTA-1,0.879087,0.038985,0.000102,0.081827
AAGCCGCCGTGAAATC-1,0.013985,0.005909,0.534111,0.445995
AAGCCGCTTTACCTTG-1,0.527063,0.000112,0.472151,0.000674
AAGCCGGAGAGCAGGA-1,0.000024,0.000024,0.668866,0.331086
AAGCGCAGGGCTTTGA-1,0.006039,0.014343,0.098087,0.88153
AAGCGGAGTGCGCGCA-1,0.102204,0.000049,0.896576,0.001171
AAGCGGCGTCATGGGT-1,0.000039,0.000039,0.735608,0.264313
AAGCGTCCCTCATCGA-1,0.000023,0.007328,0.399087,0.593562
AAGCTAGATCGAGTAA-1,0.050555,0.040402,0.032686,0.876357
AAGCTCGTGCCAAGTC-1,0.430758,0.000118,0.000236,0.568888
AAGCTCTTTCATGGTG-1,0.056095,0.010233,0.504243,0.429429
AAGGAGAACTTATAAG-1,0.074697,0.041663,0.345528,0.538113
AAGGAGCGGTTGGTGC-1,0.043493,0.038692,0.314349,0.603466
AAGGATCGATCGCTTG-1,0.048129,0.000039,0.713396,0.238436
AAGGATGAGGGACCTC-1,0.991889,0.000901,0.001802,0.005407
AAGGCAGGCTGTCTCC-1,0.268845,0.000047,0.730825,0.000283
AAGGCGCGTAAAGCTT-1,0.022672,0.008251,0.648134,0.320944
AAGGCTGTGCTCATCG-1,0.019585,0.000095,0.784833,0.195487
AAGGGAACGACTGGCT-1,0.051336,0.013024,0.45087,0.484771
AAGGGACAGATTCTGT-1,0.996169,0.000426,0.000851,0.002554
AAGGGACTATGCATTC-1,0.000023,0.002225,0.311424,0.686328
AAGGGTTTGATTTCAG-1,0.001631,0.000051,0.688227,0.310091
AAGGTATCCTAATATA-1,0.683648,0.000781,0.310882,0.004689
AAGGTGATAAACCAGC-1,0.002996,0.000034,0.888782,0.108188
AAGTAAGCTTCCAAAC-1,0.000016,0.00123,0.268372,0.730382
AAGTAGAAGACCGGGT-1,0.012729,0.000047,0.266019,0.721204
AAGTAGTGACGCGAGG-1,0.000048,0.007872,0.354188,0.637891
AAGTCAATTGTCGTCA-1,0.024559,0.00003,0.437049,0.538362
AAGTCTAGTAGCTGCC-1,0.068618,0.000057,0.930981,0.000344
AAGTCTTCTGTGGCCT-1,0.050623,0.000062,0.531442,0.417872
AAGTGACGACCGAATT-1,0.000059,0.000059,0.916195,0.083687
AAGTGAGTCGGGTTTA-1,0.019759,0.002449,0.215386,0.762406
AAGTGCAAAGGTAGAC-1,0.002945,0.612915,0.368362,0.015778
AAGTGCCTTGACTGTA-1,0.283339,0.013587,0.439295,0.263779
AAGTGCGTTAGAATCT-1,0.020774,0.000058,0.904789,0.074378
AAGTGCTTCTCTATTG-1,0.033312,0.000028,0.368644,0.598017
AAGTGTTTGGAGACGG-1,0.049465,0.000037,0.530287,0.420211
AAGTTCACTCCAAGCT-1,0.050448,0.000037,0.68661,0.262905
AAGTTCAGTCTGCGTA-1,0.768002,0.001137,0.224042,0.00682
AAGTTCGGCCAACAGG-1,0.000055,0.000055,0.949844,0.050046
AAGTTGTGATGTTATA-1,0.043067,0.000038,0.589424,0.367471
AAGTTTACTAATGGCA-1,0.000038,0.009121,0.695533,0.295308
AAGTTTATGGGCCCAA-1,0.220708,0.0151,0.370852,0.393339
AATAACAACGCTCGGC-1,0.000029,0.050258,0.188035,0.761678
AATAACACTAGAACAA-1,0.033149,0.008088,0.35089,0.607873
AATAAGTCCTCGAGAC-1,0.000031,0.000031,0.476653,0.523286
AATAATCTTCGTATCG-1,0.059767,0.001901,0.70703,0.231302
AATACAATGTTTCAGG-1,0.069867,0.000565,0.329674,0.599895
AATACCGGAGGGCTGT-1,0.007928,0.000038,0.807396,0.184638
AATACCTGATGTGAAC-1,0.067072,0.000042,0.673737,0.259149
AATAGAACAGAGTGGC-1,0.031264,0.000027,0.382613,0.586096
AATAGAATCTGTTTCA-1,0.000031,0.000031,0.391714,0.608225
AATAGCAAGCCTCCTG-1,0.000044,0.022577,0.697843,0.279537
AATAGCTACCGCGTGC-1,0.992798,0.0008,0.0016,0.004801
AATAGTCCGTCCCGAC-1,0.265828,0.011434,0.644583,0.078156
AATAGTCGCGAGTCGG-1,0.025872,0.000678,0.284427,0.689022
AATATCAAGGTCGGAT-1,0.00005,0.00005,0.809961,0.189939
AATATCCTAGCAAACT-1,0.000046,0.000046,0.999629,0.000278
AATATCGAATCAATGC-1,0.083784,0.000045,0.906597,0.009574
AATATCGAGGGTTCTC-1,0.109536,0.00005,0.758155,0.132259
AATATTGGAGTATTGA-1,0.000054,0.000054,0.270742,0.729149
AATCAGACTGCAGGAC-1,0.000027,0.124632,0.368133,0.507208
AATCAGGTTTCATTTA-1,0.031144,0.081444,0.261798,0.625614
AATCATGTAAAGACTC-1,0.010851,0.000027,0.57146,0.417662
AATCCAAGGGCCTGAG-1,0.025216,0.314425,0.554679,0.10568
AATCCATGCAAGGGTG-1,0.107871,0.002349,0.370461,0.519319
AATCGCCTCAGCGCCA-1,0.266416,0.072453,0.160991,0.500141
AATCGCGCAGAGGACT-1,0.595599,0.000123,0.403542,0.000736
AATCGGGACACTACGA-1,0.118487,0.031351,0.287879,0.562283
AATCGGTATAGCCCTC-1,0.010418,0.000041,0.918543,0.070998
AATCGTGAGCCGAGCA-1,0.000024,0.001179,0.326428,0.672369
AATCTAGGTTTACTTG-1,0.000045,0.000045,0.536055,0.463856
AATCTATGCCGGAGCC-1,0.053619,0.000057,0.744876,0.201448
AATCTCTACTGTGGTT-1,0.00016,0.00016,0.524226,0.475453
AATCTGCGTTGGGACG-1,0.067381,0.000047,0.862832,0.06974
AATCTGGCTTTCTAGT-1,0.000057,0.000057,0.759237,0.240648
AATCTGGGTAGACCCT-1,0.020059,0.046022,0.14612,0.787798
AATGACAGCAATGTCT-1,0.000034,0.002911,0.141022,0.856033
AATGACGTAGGATGTC-1,0.014219,0.00004,0.840503,0.145238
AATGACTGTCAGCCGG-1,0.000044,0.059017,0.580185,0.360754
AATGAGTTCGCATATG-1,0.145253,0.000095,0.619333,0.23532
AATGATGATACGCTAT-1,0.994673,0.000592,0.001184,0.003551
AATGATGCGACTCCTG-1,0.469855,0.00014,0.455141,0.074863
AATGCAACCGGGTACC-1,0.025618,0.030424,0.505979,0.437979
AATGCACCAAGCAATG-1,0.942556,0.053502,0.000985,0.002956
AATGGCCGCCAATGCG-1,0.000037,0.000037,0.992117,0.007809
AATGGTCCACCGTTCA-1,0.041135,0.000103,0.055264,0.903498
AATGGTTCTCACAAGC-1,0.059168,0.038124,0.694541,0.208167
AATGTATGGCACTGTA-1,0.027827,0.000035,0.523776,0.448361
AATGTGCCCGAGGTGT-1,0.003048,0.004507,0.633741,0.358704
AATGTGCTAATCTGAG-1,0.007669,0.021391,0.528474,0.442467
AATGTTGTCGTGAGAC-1,0.000023,0.02571,0.528284,0.445983
AATTAAAGGTCGGCGT-1,0.000059,0.000059,0.786568,0.213314
AATTAACGGATTTCCA-1,0.00003,0.00003,0.49784,0.5021
AATTACGAGACCCATC-1,0.000058,0.000058,0.890893,0.108991
AATTACTCGTACGCTC-1,0.091702,0.107981,0.12783,0.672486
AATTAGCGCTGCAGCG-1,0.177478,0.064837,0.293583,0.464102
AATTCATAAGGGATCT-1,0.899225,0.000461,0.097548,0.002766
AATTCATTGTCATGCA-1,0.011186,0.00004,0.624669,0.364105
AATTCCAACTTGGTGA-1,0.000027,0.021407,0.353575,0.624991
AATTCCAAGCATGTAC-1,0.053106,0.000043,0.797689,0.149162
AATTCGATTCGAGGAT-1,0.000026,0.030245,0.15615,0.813579
AATTCTAGAGTTAGGC-1,0.050415,0.000054,0.543234,0.406297
AATTGAACGCTCTGGT-1,0.026467,0.016441,0.833018,0.124075
AATTGCAGCAATCGAC-1,0.19511,0.000027,0.212169,0.592694
AATTGCGTGGATTACA-1,0.000047,0.014369,0.692346,0.293239
AATTGTGGTTGCCAAA-1,0.000025,0.000025,0.9998,0.00015
AATTTGGGACATAGTA-1,0.004258,0.000045,0.481697,0.514
AATTTGGTTCCAAAGA-1,0.000046,0.000046,0.713959,0.28595
ACAAACCATGCGTCCT-1,0.016192,0.000023,0.441386,0.542398
ACAAACCGACAAGGCG-1,0.000017,0.060538,0.252222,0.687222
ACAAAGAAGGTAGGCC-1,0.000048,0.000048,0.777392,0.222511
ACAAAGCATGACCTAG-1,0.024843,0.011096,0.479617,0.484444
ACAAATCGCACCGAAT-1,0.000906,0.000326,0.770797,0.227972
ACAAATGGTAGTGTTT-1,0.00003,0.038746,0.723523,0.2377
ACAAATTCAGATCTGA-1,0.054066,0.017065,0.386662,0.542207
ACAACAGCATGAGCTA-1,0.35223,0.211083,0.000333,0.436353
ACAACGGTCCCTGCGA-1,0.234737,0.035199,0.340183,0.389881
ACAAGCAGTGCCTAGC-1,0.000034,0.047228,0.294976,0.657761
ACAAGCTATATGGAAG-1,0.0282,0.000041,0.135335,0.836424
ACAAGGAAATCCGCCC-1,0.150909,0.008283,0.401146,0.439662
ACAAGGACAAGAGGTT-1,0.014032,0.028646,0.277502,0.67982
ACAAGGATGCTTTAGG-1,0.004144,0.075152,0.295845,0.624859
ACAAGGCCTACCAGCC-1,0.000027,0.012337,0.478499,0.509137
ACAAGGGCAGGCTCTG-1,0.070978,0.000037,0.74471,0.184275
ACAATAGTCGTACGTT-1,0.031178,0.000048,0.507588,0.461186
ACAATCCATTTAAACC-1,0.001417,0.007564,0.286239,0.70478
ACAATCGATCTTTATA-1,0.008729,0.005543,0.219614,0.766114
ACAATGAATACGGAGA-1,0.000019,0.055375,0.493938,0.450668
ACAATGATTCTTCTAC-1,0.000046,0.000046,0.946239,0.053669
ACAATTGTGTCTCTTT-1,0.000042,0.000042,0.698762,0.301154
ACAATTTAGGAGGCTC-1,0.00004,0.009171,0.219004,0.771785
ACAATTTGAGCAGTGG-1,0.990719,0.001031,0.002062,0.006187
ACAATTTGGCCATATT-1,0.282568,0.000047,0.610376,0.107008
ACACAAAGACGGGTGG-1,0.031798,0.00336,0.347042,0.617801
ACACAAATATTCCTAG-1,0.10922,0.082797,0.423098,0.384886
ACACACCAGGACCAGT-1,0.162532,0.000032,0.772923,0.064513
ACACACTTTCTACACG-1,0.000031,0.007173,0.274421,0.718375
ACACATGATCAAATCT-1,0.00003,0.003466,0.60827,0.388234
ACACATTGACGCAACA-1,0.000025,0.01216,0.149356,0.838459
ACACATTTCCGTAGAC-1,0.000021,0.004716,0.480331,0.514932
ACACCACATAATTAGC-1,0.332362,0.000151,0.666582,0.000905
ACACCCAGCATGCAGC-1,0.015271,0.002632,0.103221,0.878875
ACACCCGAGAAATCCG-1,0.278121,0.000063,0.447602,0.274214
ACACCCGTAAATCTGT-1,0.02752,0.00003,0.968652,0.003799
ACACCGAGCGCTCTTT-1,0.000046,0.000046,0.559103,0.440804
ACACCGGTCTGACCGC-1,0.001541,0.029692,0.241539,0.727228
ACACCTTAAGTAGGGC-1,0.004619,0.047628,0.317136,0.630617
ACACCTTACTACTTGC-1,0.195606,0.319912,0.381848,0.102634
ACACGAGACTCCTTCT-1,0.194368,0.00007,0.300781,0.504781
ACACGGCACTATGCAT-1,0.011875,0.014908,0.000584,0.972633
ACACGGGAACTTAGGG-1,0.997554,0.000272,0.000544,0.001631
ACACGTAGGCCACAAG-1,0.042435,0.011296,0.347646,0.598623
ACACTCCAATGTCACT-1,0.035905,0.000056,0.287113,0.676926
ACACTGATCAAGGTGT-1,0.033333,0.000051,0.785781,0.180835
ACACTGGGACAGTCGT-1,0.000028,0.005585,0.589446,0.404941
ACAGAACTGAGAACAA-1,0.05969,0.003541,0.246608,0.690161
ACAGATTAGGTTAGTG-1,0.071747,0.034714,0.016972,0.876567
ACAGCATAGAGCCAGT-1,0.000051,0.00335,0.608289,0.388309
ACAGCGACATTCTCAT-1,0.000032,0.014246,0.50163,0.484093
ACAGCGCACCCGCAGC-1,0.020289,0.041276,0.281938,0.656497
ACAGGAGGCGCAGCCG-1,0.00044,0.049732,0.234495,0.715332
ACAGGCACGGATCCTT-1,0.073926,0.000594,0.085422,0.840058
ACAGGCTTGCCCGACT-1,0.201733,0.000063,0.797824,0.00038
ACAGGTGGAGGTGAGG-1,0.000043,0.044905,0.478026,0.477027
ACAGGTGTGTTGTTGC-1,0.000041,0.000041,0.317312,0.682606
ACAGTAATACAACTTG-1,0.000064,0.000064,0.782168,0.217704
ACAGTATACCGTGGGA-1,0.711199,0.000926,0.001852,0.286022
ACAGTGCAGCGCATTT-1,0.30092,0.052989,0.515013,0.131078
ACATAAGTCGTGGTGA-1,0.000034,0.010433,0.738988,0.250546
ACATAATAAGGCGGTG-1,0.030131,0.058634,0.650915,0.26032
ACATCAGCTGGGACGC-1,0.000115,0.000115,0.157892,0.841878
ACATCCCGGCCATACG-1,0.360278,0.00005,0.367353,0.272319
ACATCCTGGTAACTGT-1,0.023576,0.000038,0.558032,0.418353
ACATCGATCGTTTACC-1,0.291249,0.013843,0.294713,0.400195
ACATCGGTCAGCCGCG-1,0.067679,0.00006,0.448959,0.483303
ACATCGTATGCAATGG-1,0.000034,0.018366,0.491515,0.490085
ACATCGTTAACCTAGT-1,0.000039,0.011704,0.506733,0.481523
ACATCTCAACGCGTAA-1,0.000029,0.023882,0.666735,0.309354
ACATGGCGCCAAAGTA-1,0.028475,0.000023,0.39363,0.577872
ACATGGCTCAATTTAG-1,0.190106,0.00008,0.526178,0.283636
ACATTAGTTTATATCC-1,0.114382,0.003406,0.189223,0.69299
ACATTCGCGCGGAATA-1,0.017236,0.00002,0.603545,0.379199
ACATTTGAAACCTAAC-1,0.000115,0.000021,0.909119,0.090745
ACCAAACACCCAGCGA-1,0.992798,0.0008,0.001601,0.004801
ACCAAACTAGAAATCC-1,0.000026,0.000026,0.749973,0.249975
ACCAACACCACACACT-1,0.832763,0.000603,0.001205,0.165429
ACCAACCGCACTCCAC-1,0.072764,0.00003,0.763997,0.163209
ACCAACGCTTATTTAT-1,0.000038,0.000044,0.278619,0.721299
ACCAAGAACGCGTGTC-1,0.025543,0.000038,0.539274,0.435146
ACCAAGTCATCGGCAG-1,0.000032,0.000032,0.93353,0.066407
ACCAATATGCAAGTTA-1,0.000021,0.003142,0.507451,0.489386
ACCACAACTCAGAACA-1,0.033978,0.963584,0.000018,0.00242
ACCACAAGTTTCTATC-1,0.000015,0.038661,0.004686,0.956637
ACCACCAATGTAACAA-1,0.061923,0.001444,0.620386,0.316247
ACCACCCTCTCTTCTA-1,0.146503,0.000116,0.852682,0.000699
ACCACGTGCAGCTATA-1,0.024661,0.074234,0.057349,0.843755
ACCACTGTTCAAGAAG-1,0.058825,0.072877,0.098263,0.770035
ACCAGACCATAACAAC-1,0.040692,0.006846,0.088513,0.863949
ACCAGCCCGGTCTTTG-1,0.000028,0.022085,0.345448,0.63244
ACCAGGAGTGTGATCT-1,0.000031,0.008749,0.248843,0.742376
ACCAGTGCCCGGTCAA-1,0.00004,0.03043,0.625602,0.343928
ACCAGTGCGGGAGACG-1,0.000025,0.086392,0.2386,0.674984
ACCATATCCGCAATAA-1,0.000034,0.029498,0.27172,0.698748
ACCATCCGCCAACTAG-1,0.000073,0.000073,0.641651,0.358202
ACCATCGTATATGGTA-1,0.035973,0.007776,0.226559,0.729692
ACCATTAAGGGTGTCA-1,0.019669,0.004563,0.083429,0.89234
ACCCAACGCCCGTGGC-1,0.995963,0.000449,0.000897,0.002691
ACCCACCTACATGCTC-1,0.02423,0.046382,0.054822,0.874567
ACCCATCTTGAGGGTA-1,0.043508,0.033291,0.36182,0.561382
ACCCATTTGTCCCTCT-1,0.019412,0.008045,0.749709,0.222834
ACCCGAGCGAAATTAC-1,0.004093,0.017621,0.775885,0.202401
ACCCGATTGGTTCCGA-1,0.000023,0.015517,0.221429,0.763031
ACCCGGAAACTCCCAG-1,0.000021,0.009923,0.176926,0.81313
ACCCGGAGCACCACAA-1,0.053025,0.000023,0.580501,0.366451
ACCCGGATGACGCATC-1,0.045937,0.000035,0.708459,0.245569
ACCCGGTTACACTTCC-1,0.000033,0.09708,0.172788,0.730099
ACCCGTAGCAGAGAAT-1,0.000055,0.000055,0.956007,0.043883
ACCCGTAGTCTAGTTG-1,0.04996,0.000025,0.808772,0.141244
ACCCGTGTCATCAGTA-1,0.097482,0.014068,0.179808,0.708642
ACCCTATAGGACTGAG-1,0.467825,0.000219,0.227623,0.304333
ACCCTATGCCATATCG-1,0.03351,0.018693,0.673553,0.274245
ACCCTCCCGTCAGGGC-1,0.06032,0.055103,0.875675,0.008902
ACCCTCCCTTGCTATT-1,0.030968,0.000041,0.594067,0.374924
ACCCTGGTAACGCCCT-1,0.940153,0.000457,0.05665,0.00274
ACCCTTCATCTGCGAA-1,0.000033,0.017082,0.31545,0.667436
ACCCTTGCCTGGGTCG-1,0.791595,0.000431,0.205387,0.002587
ACCCTTTAGTTCTCCA-1,0.008554,0.027769,0.539015,0.424662
ACCGAAAGGGCCCTGC-1,0.020469,0.02175,0.332455,0.625326
ACCGAAGAGTCTGGTT-1,0.011638,0.031236,0.552257,0.404869
ACCGACACATCTCCCA-1,0.000024,0.000024,0.652634,0.347318
ACCGACTGAGTCCCAC-1,0.001042,0.001257,0.123451,0.87425
ACCGAGTCTCCTTATT-1,0.000022,0.005226,0.403639,0.591113
ACCGATAGGCATAACC-1,0.000032,0.000032,0.797922,0.202014
ACCGATATTTAATCAT-1,0.000964,0.000025,0.574856,0.424155
ACCGATGGTAGCATCG-1,0.134398,0.000093,0.864952,0.000557
ACCGCAATAACTGCCT-1,0.113679,0.024948,0.598778,0.262595
ACCGCGGTGGAAGTCG-1,0.054359,0.047561,0.299319,0.598761
ACCGGGCCTTTGTTGA-1,0.000045,0.000045,0.91648,0.08343
ACCGGTCAGGTACACC-1,0.077531,0.056356,0.830432,0.035681
ACCGGTCTGAGTACGG-1,0.007374,0.000929,0.31668,0.675017
ACCGTCCACTGGGCCC-1,0.110446,0.000038,0.504372,0.385144
ACCGTGACCACGTGGG-1,0.000012,0.211855,0.030861,0.757271
ACCGTTCCCGCTCTGA-1,0.000015,0.003438,0.00003,0.996517
ACCTAAGTACCTTTCA-1,0.149429,0.000053,0.409942,0.440576
ACCTAATCGACTTCCT-1,0.000041,0.05582,0.307107,0.637031
ACCTACAGTATGTGGT-1,0.999524,0.000053,0.000106,0.000317
ACCTACTATAAATCTA-1,0.016138,0.297424,0.17977,0.506669
ACCTCCGCCCTCGCTG-1,0.000029,0.008204,0.149859,0.841908
ACCTCCGTTATTCACC-1,0.063419,0.000034,0.829201,0.107347
ACCTCGAACTTATGCT-1,0.00575,0.198548,0.663919,0.131784
ACCTGCGTGTCATGTT-1,0.018178,0.000036,0.577243,0.404542
ACCTTTCCTTTAGAAG-1,0.000022,0.057776,0.355421,0.586781
ACGAAATGGGCGGCAC-1,0.003175,0.121725,0.288261,0.586838
ACGACCCATGAGTTGC-1,0.027277,0.000028,0.775116,0.197579
ACGACTCTAGGGCCGA-1,0.032004,0.000026,0.833217,0.134753
ACGACTGGTCATACTC-1,0.000025,0.003901,0.560545,0.435528
ACGAGAACCCATCACG-1,0.194057,0.056772,0.32124,0.427931
ACGAGATATTTGCTTA-1,0.031006,0.037844,0.274185,0.656965
ACGAGGATACCACTCT-1,0.015602,0.00006,0.299944,0.684394
ACGAGGTTTACAACGT-1,0.000036,0.032628,0.6988,0.268536
ACGAGTACGGATGCCC-1,0.075314,0.000071,0.924188,0.000427
ACGAGTCGCCGGCGTT-1,0.032056,0.006869,0.226978,0.734098
ACGATACATAGAACTA-1,0.391268,0.011539,0.382938,0.214255
ACGATACCTATCCTGA-1,0.000047,0.093784,0.599531,0.306638
ACGATCATACATAGAG-1,0.048262,0.017458,0.05273,0.881549
ACGATCATCTTGTAAA-1,0.041763,0.000029,0.600974,0.357234
ACGATGCATATGTTAT-1,0.032235,0.000084,0.725707,0.241974
ACGATGGATCCGATGC-1,0.012997,0.000049,0.629035,0.357919
ACGCAAACTAATAGAT-1,0.000032,0.000032,0.60576,0.394176
ACGCAATCACTACAGC-1,0.122184,0.000086,0.877188,0.000542
ACGCATAAATGACATG-1,0.000042,0.0244,0.777251,0.198307
ACGCATACGTTTACTA-1,0.027992,0.000037,0.567343,0.404628
ACGCATTCGTGAGTAC-1,0.110706,0.011463,0.06051,0.817321
ACGCCAGATGATTTCT-1,0.184173,0.044032,0.329244,0.442551
ACGCCAGTGCGTTTGC-1,0.076876,0.000034,0.857633,0.065457
ACGCCCAGCTGTCGAT-1,0.000033,0.015739,0.479949,0.50428
ACGCCGCTAGACGACC-1,0.02114,0.038587,0.523938,0.416335
ACGCCTGACACGCGCT-1,0.000025,0.079524,0.407365,0.513086
ACGCGAAGTCAGACGA-1,0.006067,0.025646,0.320397,0.647891
ACGCGCTACACAGGGT-1,0.03958,0.124831,0.234572,0.601017
ACGCGGGCCAAGGACA-1,0.047236,0.000048,0.512133,0.440584
ACGCGTTTCTTAAGAG-1,0.000063,0.000063,0.309898,0.689976
ACGCTACTGAATGGGC-1,0.000023,0.013265,0.598821,0.387891
ACGCTAGTATCAGTGC-1,0.008279,0.008327,0.618554,0.36484
ACGCTAGTGATACACT-1,0.286835,0.000192,0.711821,0.001152
ACGCTGTGAGGCGTAG-1,0.000088,0.035734,0.00804,0.956138
ACGCTTAGTGTCTCTC-1,0.025333,0.005587,0.779901,0.189179
ACGGAACACGAGTGCC-1,0.025485,0.000023,0.773567,0.200925
ACGGAATTTAGCAAAT-1,0.000025,0.033657,0.245905,0.720414
ACGGACTCTCAAAGCG-1,0.00003,0.033595,0.51366,0.452716
ACGGAGCGCAAATTAC-1,0.992435,0.000841,0.001681,0.005043
ACGGATGGTGCGGATA-1,0.000031,0.004545,0.434575,0.560849
ACGGCACTTGCTTGGG-1,0.314225,0.000072,0.663413,0.022289
ACGGCCAACATGGACT-1,0.016887,0.047324,0.035392,0.900397
ACGGCGACGATGGGAA-1,0.093881,0.032649,0.70832,0.16515
ACGGCGGGTTGCCCTG-1,0.173018,0.000062,0.397114,0.429806
ACGGCTGGATGTAGAA-1,0.000052,0.000052,0.999583,0.000313
ACGGGAGTGTCGGCCC-1,0.000042,0.000042,0.582064,0.417853
ACGGGCGTATGCGACA-1,0.175518,0.000064,0.824031,0.000386
ACGGGTCATGTGACTT-1,0.013588,0.073048,0.573483,0.339882
ACGGGTTGTGACCTGT-1,0.001101,0.155621,0.522192,0.321086
ACGGTACAGTTCAATG-1,0.037366,0.000024,0.842918,0.119692
ACGGTCACCGAGAACA-1,0.006243,0.000026,0.946013,0.047718
ACGTACAGATTTCTCT-1,0.000042,0.025017,0.648335,0.326606
ACGTACTTTGGCACGG-1,0.01171,0.011718,0.361575,0.614997
ACGTAGATTGCTGATG-1,0.037834,0.000058,0.897657,0.064451
ACGTAGGAGAGTCGCT-1,0.000024,0.000024,0.521695,0.478256
ACGTATTACTCCGATC-1,0.011611,0.001798,0.644385,0.342206
ACGTCCTAAACGAGAT-1,0.00003,0.049347,0.405091,0.545532
ACGTCGGGCAACTCGG-1,0.000062,0.000062,0.81637,0.183506
ACGTCTCGTTCCGGGA-1,0.000078,0.000078,0.983126,0.016719
ACGTGACAAAGTAAGT-1,0.088433,0.004642,0.109498,0.797427
ACGTGCGCCTCGTGCA-1,0.011755,0.001449,0.456521,0.530275
ACGTGGTCGAATGTGC-1,0.000026,0.009411,0.085529,0.905034
ACGTTAATGTCGAAGA-1,0.09026,0.000063,0.668021,0.241656
ACGTTAGATTTGCCCG-1,0.251014,0.003232,0.016209,0.729545
ACGTTATTGGTCACTC-1,0.038696,0.000112,0.772654,0.188538
ACGTTCCGCGCTCCGT-1,0.016105,0.000053,0.636522,0.34732
ACGTTCGCAATCAATT-1,0.071049,0.000032,0.609017,0.319902
ACGTTCGTTCAGGAAA-1,0.000666,0.003342,0.35706,0.638933
ACGTTCTGTACAAGTC-1,0.072857,0.032711,0.321441,0.572991
ACGTTTAGTTGTGATC-1,0.000068,0.029516,0.508372,0.462044
ACGTTTCGGTGCACTT-1,0.004227,0.00004,0.91221,0.083523
ACTAAGGACGCACACC-1,0.072799,0.000045,0.877547,0.04961
ACTAATACGTCAGGCG-1,0.048581,0.00005,0.276103,0.675266
ACTACAAAGAGAGGTG-1,0.000019,0.001288,0.385791,0.612902
ACTACATCCCGACAAG-1,0.079176,0.010718,0.566833,0.343272
ACTACCAGCTCTCTGG-1,0.000042,0.038806,0.064184,0.896969
ACTACGCGTTAGAATT-1,0.141396,0.026033,0.269598,0.562973
ACTAGTTGCGATCGTC-1,0.22373,0.398216,0.011265,0.366789
ACTATATGCTGTGTTC-1,0.015712,0.0446,0.471337,0.46835
ACTATCCAGGGCATGG-1,0.019103,0.000035,0.48441,0.496452
ACTATCGCCGGCTAAA-1,0.015133,0.066217,0.069024,0.849626
ACTATCTGCCCGCGTA-1,0.013317,0.00364,0.572352,0.410691
ACTATGTCCAGCTGCC-1,0.024614,0.364938,0.182373,0.428075
ACTATTCGTCCGTGGT-1,0.054735,0.002002,0.319766,0.623498
ACTATTTCCGGGCCCA-1,0.042302,0.11029,0.188492,0.658916
ACTCAACGAATGTATT-1,0.07666,0.172224,0.130593,0.620523
ACTCAAGTGCAAGGCT-1,0.000543,0.000038,0.91789,0.081528
ACTCAATAAAGGCACG-1,0.000067,0.000067,0.689725,0.310141
ACTCAGACCTGCTTCT-1,0.012225,0.00006,0.803652,0.184062
ACTCATGGCAGCCTTC-1,0.037441,0.003304,0.543876,0.415379
ACTCCAATATCATCAT-1,0.02734,0.000037,0.818107,0.154516
ACTCCCATTCCTAAAG-1,0.01486,0.000043,0.712209,0.272888
ACTCCCGAATTCGTTT-1,0.039888,0.000042,0.959816,0.000254
ACTCCCGTAGACTAGG-1,0.162851,0.000081,0.836581,0.000487
ACTCCCTAATGCTAAA-1,0.000019,0.092343,0.435747,0.47189
ACTCCCTAGAATAGTA-1,0.009431,0.000042,0.762812,0.227715
ACTCCGGCCGACCACT-1,0.018368,0.000026,0.949099,0.032508
ACTCGATGTATTTCAT-1,0.000059,0.000059,0.712311,0.287571
ACTCGCCGTTCGATAA-1,0.034408,0.000036,0.965342,0.000215
ACTCGCGATCTGACGC-1,0.066249,0.003597,0.902603,0.027551
ACTCGTAACCCGTCCT-1,0.034,0.062579,0.076783,0.826637
ACTCGTCAGTAATCCC-1,0.317835,0.049514,0.000104,0.632547
ACTCTAAACCTGGGAT-1,0.027442,0.142531,0.502723,0.327304
ACTCTCTGACTTAGGT-1,0.032452,0.00005,0.78959,0.177908
ACTCTCTTATACACGA-1,0.038754,0.043285,0.493438,0.424523
ACTCTGACCTAATAGA-1,0.076401,0.000032,0.699513,0.224053
ACTCTTCAGCTCCCGC-1,0.573708,0.000532,0.422567,0.003192
ACTCTTGTATAGTAAC-1,0.03194,0.042218,0.200442,0.725399
ACTGAAACGCCGTTAG-1,0.026488,0.012467,0.525577,0.435469
ACTGAATGGCGAAAGT-1,0.000276,0.000032,0.626513,0.37318
ACTGATTTAGTGATTC-1,0.021523,0.01592,0.420249,0.542308
ACTGCCCGCCATTCTC-1,0.058543,0.022091,0.526475,0.392891
ACTGCCGTCGTAACTC-1,0.000036,0.020097,0.600702,0.379165
ACTGCGGACACACCGT-1,0.995336,0.000518,0.001037,0.00311
ACTGCTCGGAAGGATG-1,0.063704,0.019044,0.744059,0.173193
ACTGGCGAACCTGCGT-1,0.03994,0.004157,0.668272,0.287631
ACTGGGATGCCAGTGC-1,0.064658,0.036232,0.69063,0.20848
ACTGTACGATACACAT-1,0.99366,0.000704,0.001409,0.004226
ACTGTAGCACTTTGGA-1,0.000049,0.000049,0.113393,0.886509
ACTGTATACGCGAGCA-1,0.093327,0.033467,0.679506,0.1937
ACTGTCCAGGATTATA-1,0.000042,0.000042,0.330511,0.669405
ACTGTCTTCTTTAGAA-1,0.077528,0.089761,0.177492,0.65522
ACTGTGCTAGTAGATC-1,0.058091,0.000097,0.341294,0.600518
ACTGTTTAGTGTAGGC-1,0.004927,0.004547,0.400198,0.590328
ACTTACCGGGCGCGCA-1,0.000031,0.000031,0.517802,0.482135
ACTTACGCATCCACGC-1,0.005709,0.001534,0.403158,0.589599
ACTTAGTACGACAAGA-1,0.013447,0.032411,0.428915,0.525226
ACTTATACTTACCCGG-1,0.069115,0.000054,0.930505,0.000326
ACTTATCTGATCTATA-1,0.042483,0.006003,0.592977,0.358536
ACTTATTAGGATCGGT-1,0.163051,0.007196,0.580486,0.249267
ACTTATTTATGTGCCA-1,0.205447,0.005179,0.40971,0.379664
ACTTCAGGCTGATCCC-1,0.015355,0.010128,0.489629,0.484888
ACTTCCAGTGGAAGCT-1,0.000096,0.000594,0.350804,0.648506
ACTTCCATGCGGGACA-1,0.000023,0.004127,0.381782,0.614068
ACTTCCTGTCGTGCGA-1,0.124296,0.03862,0.546591,0.290492
ACTTCGCCATACGCAC-1,0.17844,0.091322,0.478655,0.251583
ACTTCGCTAGCGAGTG-1,0.996738,0.000362,0.000725,0.002175
ACTTGACTCCCTCTTT-1,0.027382,0.031002,0.168708,0.772908
ACTTGCCATATTGTAC-1,0.060839,0.010213,0.378222,0.550727
ACTTGCTCTATCTACC-1,0.009574,0.034192,0.831338,0.124897
ACTTGGGACCCGGTGG-1,0.043015,0.000074,0.625231,0.33168
ACTTGTAGTCCCTTCA-1,0.000059,0.000059,0.462209,0.537673
ACTTGTGGATGGAACG-1,0.086274,0.000038,0.670287,0.243401
ACTTTACCCTCATGAA-1,0.082637,0.000058,0.721564,0.195741
ACTTTCCTATAGCTTC-1,0.265878,0.029411,0.00653,0.698181
ACTTTGACTGCATCCT-1,0.000128,0.000128,0.287996,0.711749
ACTTTGGTCGTGCTCC-1,0.053506,0.005085,0.610324,0.331085
ACTTTGTCGACGCACT-1,0.000024,0.015715,0.428089,0.556172
AGAAATTATGACTCGC-1,0.000021,0.000021,0.442204,0.557754
AGAACCCAGCGTGACA-1,0.085794,0.000031,0.766967,0.147208
AGAACCCTCAATTGGG-1,0.000057,0.000057,0.999548,0.000339
AGAACGTGGTACATTC-1,0.254524,0.000093,0.553138,0.192244
AGAACTGTACTTTGTA-1,0.004923,0.000271,0.234773,0.760033
AGAAGAGCGCCGTTCC-1,0.001177,0.001177,0.849341,0.148305
AGAAGGTACACTTCAC-1,0.022915,0.155587,0.794955,0.026544
AGAAGGTTGCCGAATT-1,0.00006,0.00006,0.587341,0.412538
AGAAGGTTGTAGGTCG-1,0.000022,0.067361,0.228045,0.704573
AGAAGTGATTCGTGAT-1,0.070372,0.000059,0.586184,0.343385
AGAATAAATCTTCAGG-1,0.000056,0.001413,0.370516,0.628015
AGAATGCGGGTTCGGA-1,0.000049,0.000049,0.914585,0.085318
AGAATTATGGATTCGA-1,0.254704,0.000141,0.74431,0.000845
AGAATTGTTTGACATA-1,0.051722,0.000085,0.781152,0.167042
AGACAGCTCAGAATCC-1,0.333882,0.000074,0.516118,0.149926
AGACAGGCATCTCAGC-1,0.383485,0.00005,0.099542,0.516923
AGACATAGATCCTTCC-1,0.011031,0.000044,0.316339,0.672586
AGACCAAACCACACCT-1,0.012596,0.000044,0.777219,0.210141
AGACCATGGGATACAA-1,0.113023,0.015593,0.043283,0.828101
AGACCCACCGCTGATC-1,0.070591,0.021344,0.420287,0.487777
AGACCCGCCCTCCTCG-1,0.068751,0.028533,0.1271,0.775615
AGACCGCTCCGCGGTT-1,0.014373,0.000041,0.731452,0.254133
AGACCGGGAAACCCTG-1,0.000062,0.000062,0.533992,0.465884
AGACGAAGTGCCGGTC-1,0.049209,0.05031,0.235831,0.66465
AGACGACGATGCCGCT-1,0.015065,0.001869,0.407418,0.575647
AGACGCCCACTTCGCC-1,0.000025,0.02081,0.464414,0.51475
AGACGGGATTGGTATA-1,0.000027,0.000046,0.48446,0.515467
AGACGGGCCGATTTAA-1,0.000025,0.007734,0.329994,0.662247
AGACTAGCCTTCCAGA-1,0.000072,0.000072,0.85846,0.141397
AGACTGTTACCGGGTC-1,0.000026,0.013224,0.577448,0.409302
AGAGAAACACCAGAAA-1,0.016137,0.967319,0.005823,0.010722
AGAGAACCGTCTAGGA-1,0.990997,0.001,0.002001,0.006002
AGAGAAGGAGTACAAT-1,0.052106,0.006404,0.750098,0.191391
AGAGATCTCTAAAGCG-1,0.000045,0.000045,0.436256,0.563655
AGAGCAGTTATGAGAC-1,0.00004,0.012538,0.384144,0.603277
AGAGCCGCCGAGATTT-1,0.002523,0.084629,0.424219,0.488629
AGAGCGCTTGTAACGG-1,0.32966,0.000055,0.529973,0.140311
AGAGCGGGCTAATCAT-1,0.000042,0.000042,0.451536,0.548381
AGAGCGTACAAGCTCG-1,0.128177,0.005282,0.62365,0.242892
AGAGCTACGAAAGCAT-1,0.530033,0.0001,0.317874,0.151993
AGAGGCTTCGGAAACC-1,0.025759,0.000025,0.413904,0.560312
AGAGGGACAATTGTCC-1,0.042818,0.00005,0.612784,0.344348
AGAGGTATCTCGGTCC-1,0.000034,0.002593,0.42875,0.568623
AGAGTAAACTTCACTA-1,0.33879,0.000057,0.660375,0.000778
AGAGTATAGTGTTACG-1,0.453369,0.000129,0.514929,0.031574
AGAGTGAACAGACACC-1,0.016185,0.006521,0.890108,0.087187
AGAGTTAGAGACCGAT-1,0.005048,0.03612,0.286097,0.672735
AGAGTTGCAGGCCTCC-1,0.038029,0.000041,0.82888,0.13305
AGATAACTTCAGGGCC-1,0.000062,0.000062,0.970613,0.029264
AGATACCAATAGAACC-1,0.000031,0.000031,0.960733,0.039206
AGATACCAGCACTTCA-1,0.310057,0.000073,0.612069,0.077801
AGATACCGGTGTTCAC-1,0.000035,0.001329,0.235069,0.763568
AGATACGACTTCATAT-1,0.021833,0.000961,0.430284,0.546923
AGATACTCAAGATCGA-1,0.018998,0.009779,0.661577,0.309646
AGATATAATACGACTA-1,0.003674,0.000027,0.642513,0.353787
AGATCGTGCATAAGAT-1,0.791256,0.001177,0.200507,0.007061
AGATCTCAGGTGTGAT-1,0.964398,0.000794,0.001588,0.03322
AGATGACTCGCCCACG-1,0.029691,0.000045,0.746101,0.224164
AGATGAGGGTTGCGAT-1,0.063856,0.000064,0.135615,0.800465
AGATGATGGAGTCTGG-1,0.082545,0.000066,0.916992,0.000397
AGATGCAAGACGTGCA-1,0.026977,0.004062,0.472628,0.496332
AGATGCATCCTGTGTC-1,0.000044,0.000044,0.791395,0.208517
AGATGCTATAACGAGC-1,0.128279,0.080856,0.225189,0.565677
AGATTATAGGACGTTT-1,0.040442,0.000062,0.811417,0.148079
AGATTCAAGCGGGTCG-1,0.246758,0.00007,0.694942,0.05823
AGATTCACAACCGATA-1,0.000032,0.000032,0.620388,0.379547
AGCAAAGGCCGCTAGT-1,0.001868,0.00003,0.547872,0.450229
AGCAACATATCTTATT-1,0.070601,0.000048,0.596511,0.33284
AGCAACCGAAAGTAAT-1,0.000022,0.003622,0.44881,0.547546
AGCACACGTTTAGACT-1,0.000036,0.067163,0.659083,0.273718
AGCACCAGTACTCACG-1,0.000035,0.043822,0.193774,0.762369
AGCACTACCGGCCTGT-1,0.000059,0.031851,0.149327,0.818763
AGCACTACCTCACCAG-1,0.000017,0.008716,0.10778,0.883487
AGCACTTAAGGACGCC-1,0.142423,0.000058,0.30196,0.555559
AGCAGAAGGAGAAAGA-1,0.008954,0.000951,0.206007,0.784088
AGCAGCCAGATGAATA-1,0.308704,0.00005,0.599746,0.0915
AGCAGTCGAAGCATGC-1,0.007294,0.000038,0.438445,0.554223
AGCATATCAATATGCT-1,0.000026,0.000026,0.415976,0.583972
AGCATCATTTCGAAAG-1,0.037971,0.000047,0.875948,0.086034
AGCATCGTCGATAATT-1,0.043965,0.009351,0.331696,0.614988
AGCATTACGAGGCAAG-1,0.042376,0.00004,0.802002,0.155582
AGCCAAGCTTTGTGTC-1,0.063687,0.002155,0.765981,0.168177
AGCCACAGGTTACCCG-1,0.003666,0.002328,0.078988,0.915018
AGCCACTCCCGTGCTT-1,0.373623,0.000121,0.59358,0.032676
AGCCATATAGTATGTG-1,0.044812,0.004016,0.682622,0.26855
AGCCCATACATGTAAG-1,0.045408,0.012991,0.181269,0.760333
AGCCCGCAACAAGCAG-1,0.000029,0.000029,0.632425,0.367516
AGCCCGCACTACAATG-1,0.010437,0.000025,0.871031,0.118506
AGCCCGGCATTAGAGG-1,0.0189,0.003715,0.538888,0.438497
AGCCCGGTAGCCTGTA-1,0.000028,0.000028,0.613534,0.38641
AGCCCTAAGCGAAGTT-1,0.292905,0.013979,0.318636,0.374481
AGCCCTCCCTGGTGGC-1,0.000035,0.000035,0.448368,0.551563
AGCCCTGTCGCACCGT-1,0.994826,0.000575,0.00115,0.003449
AGCCCTTCTAATCCGA-1,0.991587,0.000935,0.00187,0.005609
AGCCCTTGGACATCCC-1,0.000046,0.004697,0.80189,0.193366
AGCCGCAAATTCAAAT-1,0.000042,0.046086,0.579315,0.374557
AGCCGCTTGATTAGCG-1,0.024494,0.061309,0.208357,0.70584
AGCCGTGGCTAAATGT-1,0.036635,0.030735,0.097369,0.83526
AGCCTAATACCCACGT-1,0.000072,0.037469,0.932368,0.03009
AGCCTTAAAGCGGAAG-1,0.298764,0.000056,0.283888,0.417291
AGCCTTGTCACTGATA-1,0.00003,0.00003,0.81468,0.18526
AGCGACAGGAACGGTC-1,0.082602,0.071603,0.391232,0.454562
AGCGACATCCCATTCA-1,0.129993,0.00006,0.828483,0.041465
AGCGACCAACGATATT-1,0.024406,0.000046,0.508755,0.466793
AGCGAGACGTGAAGGC-1,0.000021,0.000021,0.532471,0.467488
AGCGATGCGCCTAATA-1,0.006977,0.000021,0.68299,0.310012
AGCGCATAATGAATCG-1,0.409671,0.008755,0.171212,0.410362
AGCGCGGGTGCCAATG-1,0.747814,0.000893,0.001786,0.249507
AGCGCTAGAGCGATGT-1,0.771139,0.000575,0.224837,0.003449
AGCGCTTATGGGCAAG-1,0.033429,0.000041,0.354346,0.612184
AGCGGACACTTCGTAG-1,0.04402,0.020384,0.151048,0.784547
AGCGGCGGTTAGCGGT-1,0.000048,0.000048,0.954964,0.044941
AGCGGGAAGGGTCCAT-1,0.000044,0.005706,0.333017,0.661233
AGCGGGTCTGACACTC-1,0.000035,0.000035,0.664917,0.335014
AGCGGTTGAGATGTAC-1,0.036142,0.000034,0.323819,0.640005
AGCGGTTGCCGCTCTG-1,0.288073,0.000079,0.711371,0.000476
AGCGTACGAGAGCTAG-1,0.128899,0.010357,0.418181,0.442563
AGCGTAGCGCTAGACC-1,0.000036,0.022743,0.797812,0.17941
AGCGTCTGAACCCGCA-1,0.129962,0.007942,0.612055,0.250041
AGCGTGGTATTCTACT-1,0.07393,0.000052,0.432406,0.493613
AGCGTTCCGATTTAAA-1,0.0713,0.118761,0.214205,0.595734
AGCTAACAAGCAATGT-1,0.07349,0.003272,0.201881,0.721357
AGCTAAGTACGCAGGC-1,0.152202,0.014929,0.234004,0.598865
AGCTAGAAGCAGAAGT-1,0.847949,0.000645,0.147534,0.003872
AGCTATTTAATCCAAC-1,0.474486,0.000269,0.368444,0.156801
AGCTCCATATATGTTC-1,0.021931,0.02005,0.215211,0.742808
AGCTCCTTCGCACATC-1,0.069995,0.000052,0.566545,0.363409
AGCTCGTTGATGGAAA-1,0.503091,0.000183,0.495626,0.001099
AGCTCTAGACGTTCCA-1,0.051946,0.041615,0.242789,0.66365
AGCTCTTCCCAGTGCA-1,0.066252,0.000049,0.466901,0.466799
AGCTCTTCGTAACCTT-1,0.062967,0.00004,0.685235,0.251758
AGCTCTTTACTCAGTT-1,0.00007,0.00007,0.540698,0.459161
AGCTGAAGTAAACCAA-1,0.000093,0.000093,0.993584,0.006229
AGCTGCATTTGAGGTG-1,0.083061,0.000051,0.718214,0.198673
AGCTGCTGTGCCGAAT-1,0.096067,0.053959,0.346916,0.503058
AGCTGTAACCTCAATC-1,0.041833,0.008512,0.853583,0.096072
AGCTTATAGAGACCTG-1,0.000051,0.006774,0.79627,0.196904
AGCTTCAATACTTTGA-1,0.000033,0.066918,0.523208,0.40984
AGCTTCTTCTCGAGCA-1,0.023237,0.000032,0.718017,0.258715
AGCTTGATCAGGGTAG-1,0.00002,0.000437,0.568561,0.430981
AGCTTGATCTTAACTT-1,0.00003,0.004361,0.333085,0.662524
AGGAAAGCCTCTGATG-1,0.004182,0.04792,0.035216,0.912682
AGGAACGAACGACTTC-1,0.000026,0.000026,0.960163,0.039786
AGGAAGCTGTCCGCCG-1,0.000031,0.000031,0.531494,0.468444
