Barcode,Topic 1,Topic 2to3,Topic 4to7,Topic 8to13
AAACAAGTATCTCCCA-1,0.000039,0.392478,0.000155,0.607327
AAACAATCTACTAGCA-1,0.012492,0.018111,0.297887,0.671509
AAACACCAATAACTGC-1,0.6873,0.199072,0.000213,0.113415
AAACAGAGCGACTCCT-1,0.022909,0.117008,0.080147,0.779936
AAACAGCTTTCAGAAG-1,0.601284,0.362191,0.036262,0.000263
AAACAGGGTCTATATT-1,0.000111,0.998775,0.000445,0.000668
AAACAGTGTTCCTGGG-1,0.784984,0.194647,0.020171,0.000199
AAACATGGTGAGAGGA-1,0.001832,0.003663,0.472395,0.522111
AAACATTTCCCGGATT-1,0.000009,0.029276,0.126164,0.844551
AAACCACTACACAGAT-1,0.098048,0.007205,0.855406,0.039341
AAACCCGAACGAAATC-1,0.010593,0.070669,0.814978,0.10376
AAACCGGAAATGTTAA-1,0.027266,0.045863,0.667586,0.259285
AAACCGGGTAGGTACC-1,0.000256,0.714378,0.001026,0.28434
AAACCGTTCGTCCAGG-1,0.000264,0.857804,0.001057,0.140874
AAACCTAAGCAGCCGG-1,0.037717,0.000015,0.093293,0.868975
AAACCTCATGAAGTTG-1,0.000192,0.99789,0.000767,0.001151
AAACGAAGAACATACC-1,0.028401,0.020199,0.453877,0.497523
AAACGAAGATGGAGTA-1,0.204086,0.570284,0.000113,0.225516
AAACGACAGTCTTGCC-1,0.013566,0.019512,0.433716,0.533206
AAACGAGACGGTTGAT-1,0.000026,0.649665,0.000936,0.349373
AAACGCCCGAGATCGG-1,0.000009,0.0028,0.065805,0.931386
AAACGCTGGGCACGAC-1,0.000014,0.167093,0.358058,0.474835
AAACGGGCGTACGGGT-1,0.071437,0.008139,0.451563,0.468861
AAACGGTTGCGAACTG-1,0.000174,0.760263,0.000695,0.238869
AAACGTGTTCGCCCTA-1,0.019572,0.242758,0.237731,0.499938
AAACTAACGTGGCGAC-1,0.068827,0.002309,0.753458,0.175407
AAACTCGGTTCGCAAT-1,0.061933,0.293209,0.001451,0.643407
AAACTCGTGATATAAG-1,0.016975,0.061621,0.379,0.542404
AAACTGCTGGCTCCAA-1,0.015781,0.073894,0.334087,0.576238
AAACTTAATTGCACGC-1,0.29064,0.448038,0.000134,0.261188
AAACTTGCAAACGTAT-1,0.000269,0.953909,0.001076,0.044747
AAAGAATGACCTTAGA-1,0.413559,0.401777,0.013479,0.171185
AAAGAATGTGGACTAA-1,0.046713,0.327728,0.123691,0.501868
AAAGACATGAAGTTTA-1,0.0099,0.07458,0.175719,0.739801
AAAGACCCAAGTCGCG-1,0.260032,0.250387,0.004001,0.485581
AAAGACTGGGCGCTTT-1,0.000189,0.798985,0.000756,0.20007
AAAGCTTGCCTACATA-1,0.007192,0.056561,0.191102,0.745145
AAAGGCCCTATAATAC-1,0.515522,0.390072,0.010043,0.084363
AAAGGCTACGGACCAT-1,0.000212,0.389017,0.182755,0.428016
AAAGGCTCTCGCGCCG-1,0.026833,0.03322,0.82884,0.111107
AAAGGGATGTAGCAAG-1,0.026544,0.171702,0.02681,0.774945
AAAGGGCAGCTTGAAT-1,0.451443,0.435932,0.11172,0.000905
AAAGGTAAGCTGTACC-1,0.004369,0.126701,0.434062,0.434868
AAAGGTCAACGACATG-1,0.00811,0.010751,0.138271,0.842868
AAAGTAGCATTGCTCA-1,0.00057,0.661329,0.002279,0.335822
AAAGTCACTGATGTAA-1,0.078213,0.310678,0.189759,0.42135
AAAGTCGACCCTCAGT-1,0.000263,0.733214,0.001054,0.265469
AAAGTGCCATCAATTA-1,0.002886,0.074679,0.394323,0.528112
AAAGTGTGATTTATCT-1,0.000014,0.088089,0.037503,0.874395
AAAGTTGACTCCCGTA-1,0.005626,0.097824,0.291246,0.605304
AAATAACCATACGGGA-1,0.000013,0.014312,0.214437,0.771238
AAATAAGGTAGTGCCC-1,0.016337,0.011343,0.422425,0.549895
AAATACCTATAAGCAT-1,0.013899,0.043261,0.162457,0.780382
AAATAGCTTAGACTTT-1,0.005612,0.00905,0.330533,0.654805
AAATAGGGTGCTATTG-1,0.003542,0.033139,0.122115,0.841204
AAATCACTCCTAAACG-1,0.004487,0.251338,0.729127,0.015048
AAATCCGATACACGCC-1,0.004493,0.000301,0.194794,0.800412
AAATCGCGGAAGGAGT-1,0.08507,0.599284,0.000132,0.315515
AAATCGTGTACCACAA-1,0.022282,0.06477,0.191325,0.721624
AAATCTAGCCCTGCTA-1,0.000085,0.999063,0.000341,0.000511
AAATCTGCCCGCGTCC-1,0.943535,0.044558,0.011764,0.000143
AAATGACTGATCAAAC-1,0.897434,0.017094,0.034189,0.051283
AAATGATTCGATCAGC-1,0.026133,0.056617,0.244359,0.672891
AAATGCTCGTTACGTT-1,0.001693,0.152927,0.000196,0.845184
AAATGGCATGTCTTGT-1,0.044825,0.004665,0.668789,0.281721
AAATGGCCCGTGCCCT-1,0.000399,0.727807,0.001594,0.2702
AAATGGTCAATGTGCC-1,0.048206,0.033705,0.354145,0.563945
AAATGTATCTTATCCC-1,0.012821,0.025641,0.051283,0.910255
AAATTAACGGGTAGCT-1,0.055638,0.044271,0.309658,0.590432
AAATTAATAAGCGCGA-1,0.000387,0.995748,0.001546,0.002319
AAATTACACGACTCTG-1,0.019928,0.006493,0.344478,0.629101
AAATTACCTATCGATG-1,0.098159,0.234985,0.530072,0.136784
AAATTCCAGGTCCAAA-1,0.005896,0.032465,0.28948,0.672159
AAATTGATAGTCCTTT-1,0.000785,0.760548,0.00314,0.235527
AAATTGCGGCGGTTCT-1,0.000043,0.242093,0.00017,0.757695
AAATTGGTGAGAAGCA-1,0.019112,0.041188,0.264523,0.675177
AAATTTACCGAAATCC-1,0.011339,0.00416,0.240594,0.743906
AAATTTGCGGGTGTGG-1,0.39503,0.296296,0.000938,0.307736
AACAACTGGTAGTTGC-1,0.039519,0.016289,0.586206,0.357987
AACAATACATTGTCGA-1,0.105447,0.596854,0.001091,0.296607
AACAATTACTCTACGC-1,0.276852,0.268614,0.064936,0.389597
AACACACGCTCGCCGC-1,0.000107,0.998823,0.000428,0.000642
AACACGACTGTACTGA-1,0.021858,0.126258,0.404585,0.447298
AACACGAGACGCGGCC-1,0.000435,0.813973,0.001738,0.183854
AACACGCGGCCGCGAA-1,0.000009,0.394567,0.207788,0.397635
AACAGCTGTGTGGCAA-1,0.000481,0.678814,0.001923,0.318782
AACAGGAAATCGAATA-1,0.002775,0.01661,0.183669,0.796946
AACAGGATGGGCCGCG-1,0.000387,0.995748,0.001546,0.002319
AACAGGTAGTATGGAT-1,0.017376,0.000684,0.779525,0.202415
AACATAGCGTGTATCG-1,0.002481,0.004963,0.009926,0.98263
AACATATCAACTGGTG-1,0.005572,0.316403,0.016587,0.661437
AACATCGATACGTCTA-1,0.018158,0.123854,0.510389,0.347599
AACATTGAAGTTGATC-1,0.385196,0.406658,0.000302,0.207844
AACATTGGTCAGCCGT-1,0.000044,0.269321,0.000176,0.730459
AACATTGTGACTCGAG-1,0.218843,0.449274,0.000569,0.331314
AACCAAGACTTCTCTG-1,0.000343,0.688257,0.001374,0.310026
AACCAGTATCACTCTT-1,0.005985,0.002499,0.478223,0.513293
AACCATAGGGTTGAAC-1,0.275358,0.473797,0.000097,0.250748
AACCATGGGATCGCTA-1,0.000475,0.77235,0.001899,0.225276
AACCCAGAGACGGAGA-1,0.104856,0.089315,0.230712,0.575117
AACCCATCCCATGATC-1,0.000218,0.857402,0.000872,0.141508
AACCCGACAACCCGTG-1,0.074109,0.524179,0.000326,0.401386
AACCCGAGCAGAATCG-1,0.000049,0.391144,0.00854,0.600266
AACCCGATAGGGCTTC-1,0.000019,0.264949,0.470617,0.264414
AACCCGCTGTATTCCA-1,0.00157,0.20033,0.461633,0.336468
AACCCTACTGTCAATA-1,0.072603,0.031773,0.390979,0.504645
AACCCTGGTGGAACCA-1,0.041137,0.162434,0.430254,0.366174
AACCGAGCTTGGTCAT-1,0.016147,0.088278,0.373351,0.522224
AACCGCTAAGGGATGC-1,0.000012,0.037344,0.014856,0.947788
AACCGTTGTGTTTGCT-1,0.00686,0.000103,0.228222,0.764815
AACCTCGCTTTAGCCC-1,0.015927,0.000409,0.461269,0.522395
AACCTGTCACGGAATT-1,0.007951,0.140795,0.27803,0.573224
AACCTTTAAATACGGT-1,0.264335,0.040515,0.069921,0.625229
AACCTTTACGACGTCT-1,0.085228,0.014129,0.337844,0.562799
AACGAAAGTCGTCCCA-1,0.133495,0.618116,0.000142,0.248246
AACGACCTCCTAGCCG-1,0.010709,0.031013,0.253311,0.704967
AACGATAATGCCGTAG-1,0.007364,0.013744,0.161193,0.8177
AACGATAGAAGGGCCG-1,0.006063,0.369269,0.059027,0.565642
AACGATATGTCAACTG-1,0.073552,0.008717,0.093248,0.824483
AACGCATGATCTGGGT-1,0.039269,0.007654,0.582778,0.370299
AACGCGAACGGCAACA-1,0.000145,0.493446,0.000579,0.505829
AACGCGACCTTGGGCG-1,0.228993,0.295316,0.000313,0.475378
AACGCGGTCTCCAGCC-1,0.012952,0.191227,0.198505,0.597316
AACGCTGTTGCTGAAA-1,0.000028,0.45577,0.091517,0.452685
AACGGACGTACGTATA-1,0.000334,0.996321,0.001338,0.002007
AACGGCCATCTCCGGT-1,0.36653,0.473801,0.108781,0.050888
AACGTACTGTGGGTAC-1,0.0005,0.776586,0.001998,0.220916
AACGTCAGACTAGTGG-1,0.000154,0.359049,0.11749,0.523306
AACGTCGCTGCACTTC-1,0.00488,0.273022,0.214218,0.507881
AACGTGATGAAGGACA-1,0.02303,0.041736,0.327498,0.607736
AACGTGCGAAAGTCTC-1,0.023229,0.072129,0.404201,0.500441
AACGTTATCAGCACCT-1,0.33053,0.611275,0.039738,0.018457
AACGTTCTACCATTGT-1,0.243886,0.138268,0.61669,0.001157
AACTACCCGTTTGTCA-1,0.000014,0.16211,0.043076,0.794799
AACTAGCGTATCGCAC-1,0.157853,0.012435,0.620818,0.208894
AACTAGGCTTGGGTGT-1,0.042454,0.009393,0.351923,0.596229
AACTCAAGTTAATTGC-1,0.022988,0.017462,0.127351,0.832199
AACTCCAGAGCGTGTT-1,0.003018,0.013238,0.218526,0.765218
AACTCCTAATCCCATG-1,0.000043,0.027684,0.075408,0.896864
AACTCGATAAACACGT-1,0.061718,0.118299,0.531975,0.288008
AACTCGATGGCGCAGT-1,0.31848,0.592843,0.000338,0.08834
AACTCTCAATAGAGCG-1,0.049445,0.034307,0.279897,0.636351
AACTCTCAGTGTGCTC-1,0.00062,0.732787,0.002481,0.264111
AACTGAGGTCAGCGTC-1,0.373487,0.017351,0.265491,0.343671
AACTGAGTTATACTGA-1,0.00001,0.015945,0.06788,0.916165
AACTGATATTAGGCCT-1,0.039613,0.042213,0.297541,0.620632
AACTGGGTCCCGACGT-1,0.031432,0.031906,0.447568,0.489095
AACTGGGTTCGAGCCG-1,0.144095,0.00001,0.730499,0.125396
AACTGGTGTGGGCCTT-1,0.026122,0.238474,0.041809,0.693594
AACTTCTGCGTCTATC-1,0.028371,0.97013,0.0006,0.0009
AACTTGCCCGTATGCA-1,0.091852,0.443821,0.000908,0.46342
AACTTGCGTTCTCGCG-1,0.077078,0.021484,0.000343,0.901095
AACTTTACGGGAGCTT-1,0.000102,0.998875,0.000409,0.000614
AACTTTAGCTGCTGAG-1,0.000016,0.050109,0.007906,0.941969
AACTTTCTCGATCATG-1,0.005624,0.039001,0.10221,0.853164
AAGAAAGTTTGATGGG-1,0.003663,0.007326,0.014652,0.974359
AAGAAATCACCAGATT-1,0.001535,0.041096,0.052025,0.905345
AAGAAGGATCAGTTAG-1,0.142796,0.425887,0.282,0.149317
AAGACATACGTGGTTT-1,0.003088,0.000698,0.315545,0.680668
AAGACCAAATAACTCA-1,0.169547,0.589808,0.00007,0.240575
AAGACCCAACTGAACA-1,0.160006,0.413284,0.025219,0.40149
AAGACTAACCCGTTGT-1,0.029249,0.016965,0.118017,0.835769
AAGACTCACGCCCACT-1,0.021651,0.09596,0.12378,0.758609
AAGACTGCAAGCTACT-1,0.014601,0.021105,0.4795,0.484795
AAGAGATGAATCGGTA-1,0.352393,0.645956,0.00066,0.00099
AAGAGCTCTTTATCGG-1,0.000014,0.927711,0.000057,0.072218
AAGAGGATGTACGCGA-1,0.000506,0.735761,0.002024,0.261708
AAGAGGCATGGATCGC-1,0.000437,0.159039,0.112699,0.727825
AAGAGGCCCTTTGGAA-1,0.00006,0.31847,0.000239,0.681231
AAGATGGCACCGGACC-1,0.515188,0.340972,0.142768,0.001071
AAGATTGGCGGAACGT-1,0.04199,0.009015,0.809024,0.139971
AAGCACCCTGCGTATC-1,0.002667,0.000023,0.249485,0.747825
AAGCATACTCTCCTGA-1,0.076122,0.128317,0.001799,0.793762
AAGCCACTTGCAGGTA-1,0.465041,0.530973,0.001594,0.002391
AAGCCGAAGCGGTTTA-1,0.00002,0.027252,0.000081,0.972647
AAGCCGCCGTGAAATC-1,0.403714,0.248959,0.000113,0.347214
AAGCCGCTTTACCTTG-1,0.055189,0.179443,0.040923,0.724444
AAGCCGGAGAGCAGGA-1,0.000011,0.049542,0.00139,0.949058
AAGCGCAGGGCTTTGA-1,0.045393,0.069191,0.233822,0.651594
AAGCGGAGTGCGCGCA-1,0.000026,0.376724,0.008015,0.615235
AAGCGGCGTCATGGGT-1,0.009765,0.021094,0.5089,0.460241
AAGCGTCCCTCATCGA-1,0.066362,0.629657,0.001672,0.302308
AAGCTAGATCGAGTAA-1,0.012139,0.011163,0.364727,0.611971
AAGCTCGTGCCAAGTC-1,0.051169,0.055311,0.634757,0.258764
AAGCTCTTTCATGGTG-1,0.003199,0.006599,0.013417,0.976785
AAGGAGAACTTATAAG-1,0.029571,0.162348,0.219489,0.588592
AAGGAGCGGTTGGTGC-1,0.055851,0.020864,0.697782,0.225502
AAGGATCGATCGCTTG-1,0.00001,0.056989,0.10079,0.842211
AAGGATGAGGGACCTC-1,0.014209,0.039971,0.35447,0.591349
AAGGCAGGCTGTCTCC-1,0.169706,0.023012,0.339468,0.467814
AAGGCGCGTAAAGCTT-1,0.116708,0.473607,0.057728,0.351958
AAGGCTGTGCTCATCG-1,0.005407,0.016606,0.545896,0.432091
AAGGGAACGACTGGCT-1,0.3056,0.46617,0.000198,0.228032
AAGGGACAGATTCTGT-1,0.015079,0.107248,0.392947,0.484727
AAGGGACTATGCATTC-1,0.000561,0.775057,0.002246,0.222135
AAGGGTTAGCCATGCG-1,0.021805,0.242803,0.734331,0.001061
AAGGGTTTGATTTCAG-1,0.001148,0.24043,0.193576,0.564846
AAGGTATCCTAATATA-1,0.070769,0.105516,0.697298,0.126417
AAGGTGATAAACCAGC-1,0.003059,0.181906,0.035059,0.779976
AAGTAGAAGACCGGGT-1,0.027559,0.084631,0.244611,0.643199
AAGTAGTGACGCGAGG-1,0.000063,0.999304,0.000253,0.00038
AAGTCAATTGTCGTCA-1,0.00013,0.120892,0.079261,0.799717
AAGTCTAGTAGCTGCC-1,0.010082,0.04587,0.46001,0.484038
AAGTCTTCTGTGGCCT-1,0.05476,0.938309,0.002772,0.004158
AAGTGACGACCGAATT-1,0.000538,0.994083,0.002152,0.003228
AAGTGAGTCGGGTTTA-1,0.449683,0.318665,0.041292,0.19036
AAGTGCAAAGGTAGAC-1,0.129019,0.802008,0.00238,0.066593
AAGTGCCTTGACTGTA-1,0.000014,0.043476,0.020092,0.936418
AAGTGCGTTAGAATCT-1,0.00057,0.993732,0.002279,0.003419
AAGTGCTTCTCTATTG-1,0.162145,0.585329,0.000352,0.252175
AAGTGTTTGGAGACGG-1,0.000018,0.04958,0.016377,0.934025
AAGTTCACTCCAAGCT-1,0.020663,0.009786,0.43055,0.539
AAGTTCAGTCTGCGTA-1,0.00274,0.008735,0.167815,0.820709
AAGTTCGGCCAACAGG-1,0.000273,0.879256,0.001091,0.11938
AAGTTGTGATGTTATA-1,0.000009,0.000017,0.482937,0.517038
AAGTTTACTAATGGCA-1,0.000012,0.507009,0.051412,0.441567
AAGTTTATGGGCCCAA-1,0.182347,0.218461,0.228519,0.370674
AATAACAACGCTCGGC-1,0.000187,0.985342,0.000747,0.013725
AATAACACTAGAACAA-1,0.129436,0.715386,0.00181,0.153368
AATAACGTCGCGCCCA-1,0.258418,0.138937,0.601608,0.001037
AATAAGTCCTCGAGAC-1,0.070179,0.059366,0.303485,0.56697
AATAATCTTCGTATCG-1,0.136884,0.001838,0.048822,0.812455
AATACAATGTTTCAGG-1,0.111664,0.764414,0.123061,0.000861
AATACCGGAGGGCTGT-1,0.024623,0.810141,0.000695,0.164541
AATACCTGATGTGAAC-1,0.029759,0.238228,0.628333,0.103679
AATAGAACAGAGTGGC-1,0.000463,0.598092,0.001854,0.399591
AATAGAATCTGTTTCA-1,0.000012,0.112487,0.042196,0.845305
AATAGCAAGCCTCCTG-1,0.008359,0.001318,0.496193,0.494131
AATAGCTACCGCGTGC-1,0.009479,0.192516,0.058577,0.739428
AATAGTCCGTCCCGAC-1,0.000041,0.142211,0.000164,0.857584
AATAGTCGCGAGTCGG-1,0.015917,0.982865,0.000487,0.00073
AATATCAAGGTCGGAT-1,0.013618,0.072433,0.238089,0.67586
AATATCCTAGCAAACT-1,0.001876,0.315055,0.606988,0.076081
AATATCGAATCAATGC-1,0.000011,0.034754,0.075384,0.889852
AATATCGAGGGTTCTC-1,0.000016,0.342115,0.055825,0.602044
AATATTGGAGTATTGA-1,0.000487,0.994644,0.001947,0.002921
AATCAGACTGCAGGAC-1,0.045782,0.42749,0.015049,0.511679
AATCAGGTTTCATTTA-1,0.000133,0.641013,0.000531,0.358324
AATCATGTAAAGACTC-1,0.000049,0.92168,0.000195,0.078076
AATCCAAGGGCCTGAG-1,0.57945,0.018379,0.028084,0.374086
AATCCATGCAAGGGTG-1,0.000013,0.057525,0.000054,0.942408
AATCCCGCTCAGAGCC-1,0.005917,0.011835,0.023669,0.958579
AATCGAGGTCTCAAGG-1,0.003345,0.2569,0.719688,0.020067
AATCGCCTCAGCGCCA-1,0.038222,0.082413,0.286997,0.592368
AATCGCGCAGAGGACT-1,0.030945,0.003592,0.442719,0.522744
AATCGGGACACTACGA-1,0.000248,0.007676,0.029409,0.962667
AATCGGTATAGCCCTC-1,0.000017,0.177807,0.108333,0.713843
AATCGTGAGCCGAGCA-1,0.035719,0.011826,0.179991,0.772464
AATCTAGGTTTACTTG-1,0.00034,0.842362,0.001361,0.155936
AATCTATGCCGGAGCC-1,0.000907,0.048912,0.176538,0.773643
AATCTCTACTGTGGTT-1,0.000173,0.769061,0.000691,0.230074
AATCTGCGTTGGGACG-1,0.022933,0.129201,0.143033,0.704833
AATCTGGCTTTCTAGT-1,0.00045,0.765626,0.001799,0.232125
AATCTGGGTAGACCCT-1,0.015861,0.001831,0.390866,0.591442
AATGACAGCAATGTCT-1,0.602165,0.395279,0.001006,0.001551
AATGACGTAGGATGTC-1,0.010371,0.081032,0.308251,0.600346
AATGACTGTCAGCCGG-1,0.000093,0.866532,0.000373,0.133001
AATGAGTTCGCATATG-1,0.000162,0.382156,0.000649,0.617032
AATGATGATACGCTAT-1,0.027733,0.062319,0.166034,0.743914
AATGATGCGACTCCTG-1,0.000047,0.535905,0.093518,0.370531
AATGCAACCGGGTACC-1,0.048103,0.157841,0.210203,0.583853
AATGCACCAAGCAATG-1,0.007195,0.155588,0.282179,0.555038
AATGGCCGCCAATGCG-1,0.000008,0.292511,0.031103,0.676377
AATGGTCCACCGTTCA-1,0.00029,0.732933,0.001161,0.265616
AATGGTTCTCACAAGC-1,0.007901,0.138935,0.000122,0.853043
AATGTATGGCACTGTA-1,0.127201,0.5705,0.000109,0.302189
AATGTGCCCGAGGTGT-1,0.000538,0.440991,0.002152,0.55632
AATGTGCTAATCTGAG-1,0.000187,0.591267,0.000747,0.407799
AATGTTAAGACCCTGA-1,0.002137,0.004274,0.721758,0.271832
AATGTTGTCGTGAGAC-1,0.000015,0.00003,0.298203,0.701752
AATTAAAGGTCGGCGT-1,0.004484,0.003651,0.191096,0.800768
AATTAACGGATTTCCA-1,0.000269,0.051016,0.013971,0.934744
AATTACGAGACCCATC-1,0.079395,0.581409,0.000095,0.339101
AATTACTCGTACGCTC-1,0.000146,0.998394,0.000584,0.000876
AATTAGCGCTGCAGCG-1,0.012738,0.109564,0.232593,0.645104
AATTATACCCAGCAAG-1,0.001832,0.175823,0.007326,0.815019
AATTCATAAGGGATCT-1,0.013872,0.081842,0.304657,0.59963
AATTCATTGTCATGCA-1,0.139796,0.513571,0.000107,0.346527
AATTCCAACTTGGTGA-1,0.114929,0.455374,0.00032,0.429377
AATTCCAAGCATGTAC-1,0.003667,0.993843,0.000996,0.001494
AATTCGATTCGAGGAT-1,0.00001,0.00002,0.015237,0.984734
AATTCTAGAGTTAGGC-1,0.022426,0.052458,0.198391,0.726724
AATTGAACGCTCTGGT-1,0.049625,0.106951,0.569018,0.274405
AATTGCAGCAATCGAC-1,0.000932,0.001654,0.241203,0.756212
AATTGCGTGGATTACA-1,0.693377,0.127393,0.017415,0.161815
AATTGTGGTTGCCAAA-1,0.000014,0.041509,0.02651,0.931968
AATTTGGGACATAGTA-1,0.020039,0.002544,0.284278,0.693139
AATTTGGTTCCAAAGA-1,0.015918,0.003349,0.512301,0.468432
ACAAACCATGCGTCCT-1,0.538326,0.318166,0.049642,0.093866
ACAAACTCCATCAGAG-1,0.019231,0.788457,0.076925,0.115387
ACAAAGAAGGTAGGCC-1,0.957199,0.042533,0.000107,0.000161
ACAAAGCATGACCTAG-1,0.005201,0.010033,0.273747,0.711018
ACAAATCGCACCGAAT-1,0.022176,0.056473,0.43752,0.483831
ACAAATGGTAGTGTTT-1,0.019872,0.244929,0.26312,0.472079
ACAAATTCAGATCTGA-1,0.085499,0.008324,0.492324,0.413854
ACAACAGCATGAGCTA-1,0.000021,0.32738,0.047425,0.625175
ACAACGGTCCCTGCGA-1,0.148437,0.18442,0.072247,0.594896
ACAAGCAGTGCCTAGC-1,0.413181,0.178701,0.351407,0.056711
ACAAGCTATATGGAAG-1,0.005495,0.010989,0.021978,0.961538
ACAAGGAAATCCGCCC-1,0.009792,0.032891,0.253787,0.703529
ACAAGGACAAGAGGTT-1,0.000016,0.093475,0.00806,0.89845
ACAAGGATGCTTTAGG-1,0.000011,0.000023,0.040205,0.959761
ACAAGGCCTACCAGCC-1,0.002117,0.090984,0.103395,0.803504
ACAAGGGCAGGCTCTG-1,0.00164,0.027051,0.072011,0.899299
ACAATAGTCGTACGTT-1,0.000445,0.995109,0.001779,0.002668
ACAATCCATTTAAACC-1,0.000021,0.9993,0.000554,0.000125
ACAATCGATCTTTATA-1,0.020867,0.056556,0.202424,0.720153
ACAATGAATACGGAGA-1,0.08085,0.49055,0.001546,0.427053
ACAATGATTCTTCTAC-1,0.260089,0.086678,0.532854,0.120379
ACAATTGTGTCTCTTT-1,0.000084,0.999072,0.000337,0.000506
ACAATTTAGGAGGCTC-1,0.00014,0.998459,0.00056,0.000841
ACAATTTGAGCAGTGG-1,0.157235,0.056977,0.449744,0.336044
ACAATTTGGCCATATT-1,0.092673,0.066482,0.34469,0.496155
ACACAAAGACGGGTGG-1,0.060609,0.132448,0.660293,0.146649
ACACAAATATTCCTAG-1,0.032957,0.181177,0.574136,0.211729
ACACACCAGGACCAGT-1,0.000339,0.110722,0.170023,0.718916
ACACACTTTCTACACG-1,0.014167,0.00925,0.605448,0.371135
ACACATGATCAAATCT-1,0.351411,0.460877,0.002274,0.185438
ACACATTGACGCAACA-1,0.067222,0.7438,0.000476,0.188502
ACACATTTCCGTAGAC-1,0.455229,0.391424,0.100207,0.05314
ACACCACATAATTAGC-1,0.000014,0.175023,0.026565,0.798398
ACACCCAGCATGCAGC-1,0.000045,0.550849,0.000181,0.448925
ACACCCGAGAAATCCG-1,0.067577,0.156999,0.528302,0.247123
ACACCGAGCGCTCTTT-1,0.245534,0.753815,0.00026,0.00039
ACACCGGTCTGACCGC-1,0.621945,0.22475,0.010526,0.142779
ACACCTTAAGTAGGGC-1,0.000111,0.573419,0.372119,0.054351
ACACCTTACTACTTGC-1,0.00902,0.023637,0.492708,0.474636
ACACGAGACTCCTTCT-1,0.000055,0.750123,0.000218,0.249604
ACACGGCACTATGCAT-1,0.001825,0.123423,0.080442,0.794309
ACACGGGAACTTAGGG-1,0.024315,0.125074,0.705137,0.145474
ACACGTAGGCCACAAG-1,0.269965,0.133423,0.01425,0.582362
ACACTCCAATGTCACT-1,0.638924,0.359918,0.000463,0.000695
ACACTGATCAAGGTGT-1,0.000275,0.433901,0.001099,0.564725
ACACTGGGACAGTCGT-1,0.023081,0.158504,0.061491,0.756924
ACAGAACTGAGAACAA-1,0.000356,0.996083,0.001425,0.002137
ACAGATTAGGTTAGTG-1,0.02852,0.171716,0.565328,0.234436
ACAGCATAGAGCCAGT-1,0.009622,0.02249,0.255861,0.712028
ACAGCGACATTCTCAT-1,0.000016,0.032249,0.006446,0.961289
ACAGCGCACCCGCAGC-1,0.007436,0.046318,0.226627,0.719619
ACAGGCACGGATCCTT-1,0.000325,0.006442,0.164173,0.82906
ACAGGCTTGCCCGACT-1,0.005663,0.579055,0.000389,0.414893
ACAGGTGGAGGTGAGG-1,0.000332,0.996353,0.001326,0.001989
ACAGGTGTGTTGTTGC-1,0.003846,0.007692,0.965384,0.023077
ACAGTAATACAACTTG-1,0.00014,0.799539,0.000561,0.199759
ACAGTATACCGTGGGA-1,0.129531,0.005268,0.762813,0.102388
ACAGTGCAGCGCATTT-1,0.000012,0.230546,0.051297,0.718145
ACATAAGTCGTGGTGA-1,0.000057,0.668409,0.000228,0.331306
ACATAATAAGGCGGTG-1,0.16208,0.045123,0.133923,0.658875
ACATACAATCAAGCGG-1,0.959865,0.006689,0.013378,0.020067
ACATCAGCTGGGACGC-1,0.000325,0.939605,0.001298,0.058772
ACATCCCGGCCATACG-1,0.10457,0.061983,0.121582,0.711866
ACATCCTGGTAACTGT-1,0.021844,0.05561,0.461233,0.461313
ACATCGATCGTTTACC-1,0.016472,0.028441,0.361547,0.59354
ACATCGGTCAGCCGCG-1,0.000481,0.994711,0.001923,0.002885
ACATCGTATGCAATGG-1,0.004171,0.097679,0.159886,0.738264
ACATCGTTAACCTAGT-1,0.038134,0.305152,0.240789,0.415925
ACATCTCAACGCGTAA-1,0.009635,0.000019,0.162389,0.827957
ACATGCTTACGGCAGC-1,0.002137,0.004274,0.008547,0.985042
ACATGGCGCCAAAGTA-1,0.012662,0.027758,0.061433,0.898148
ACATGGCTCAATTTAG-1,0.428669,0.493826,0.00027,0.077235
ACATTAGTTTATATCC-1,0.011631,0.21584,0.4876,0.284929
ACATTCGCGCGGAATA-1,0.695513,0.304252,0.000094,0.000141
ACATTTGAAACCTAAC-1,0.000008,0.233558,0.691639,0.074795
ACCAAACACCCAGCGA-1,0.448484,0.060633,0.202539,0.288344
ACCAAACTAGAAATCC-1,0.000012,0.233329,0.007535,0.759124
ACCAACACCACACACT-1,0.225562,0.096948,0.603245,0.074245
ACCAACCGCACTCCAC-1,0.000007,0.052877,0.24299,0.704126
ACCAACGCTTATTTAT-1,0.000342,0.754695,0.001368,0.243595
ACCAAGAACGCGTGTC-1,0.051411,0.132826,0.236474,0.579289
ACCAAGTCATCGGCAG-1,0.030557,0.033768,0.11624,0.819435
ACCAATATGCAAGTTA-1,0.000566,0.01285,0.0647,0.921884
ACCACAACTCAGAACA-1,0.016864,0.013716,0.719835,0.249585
ACCACAAGTTTCTATC-1,0.019317,0.035124,0.427984,0.517576
ACCACACGGTTGATGG-1,0.002564,0.005128,0.010257,0.982051
ACCACCAATGTAACAA-1,0.000013,0.02592,0.131737,0.84233
ACCACCCTCTCTTCTA-1,0.003738,0.149969,0.218739,0.627554
ACCACGTGCAGCTATA-1,0.016321,0.021538,0.255305,0.706836
ACCACTGTTCAAGAAG-1,0.000066,0.999271,0.000265,0.000398
ACCAGACCATAACAAC-1,0.000171,0.998124,0.000682,0.001023
ACCAGCCCGGTCTTTG-1,0.048377,0.017495,0.523672,0.410456
ACCAGGAGTGTGATCT-1,0.000015,0.097815,0.00006,0.90211
ACCAGTGCCCGGTCAA-1,0.029862,0.001198,0.756296,0.212645
ACCAGTGCGGGAGACG-1,0.006926,0.032588,0.692229,0.268257
ACCATATCCGCAATAA-1,0.044276,0.004791,0.710047,0.240886
ACCATCCGCCAACTAG-1,0.000211,0.997675,0.000845,0.001268
ACCATCGTATATGGTA-1,0.000831,0.035814,0.115085,0.84827
ACCATTAAGGGTGTCA-1,0.332907,0.666666,0.000171,0.000256
ACCCAACGCCCGTGGC-1,0.01991,0.279006,0.244251,0.456832
ACCCACCTACATGCTC-1,0.000314,0.828908,0.168894,0.001884
ACCCATCTTGAGGGTA-1,0.000051,0.278888,0.000203,0.720859
ACCCATTTGTCCCTCT-1,0.000012,0.021618,0.153752,0.824618
ACCCGAGCGAAATTAC-1,0.000203,0.861186,0.000812,0.137799
ACCCGATTGGTTCCGA-1,0.21035,0.475711,0.000412,0.313528
ACCCGGAAACTCCCAG-1,0.056449,0.101367,0.544845,0.297339
ACCCGGAGCACCACAA-1,0.000009,0.040419,0.106423,0.85315
ACCCGGATGACGCATC-1,0.080756,0.155334,0.197146,0.566764
ACCCGGTTACACTTCC-1,0.000017,0.002153,0.042229,0.955601
ACCCGTAGCAGAGAAT-1,0.283732,0.522646,0.00018,0.193442
ACCCGTAGTCTAGTTG-1,0.000222,0.437397,0.000889,0.561491
ACCCGTGTCATCAGTA-1,0.000289,0.589557,0.001157,0.408997
ACCCTATAGGACTGAG-1,0.138466,0.037621,0.26418,0.559733
ACCCTATGCCATATCG-1,0.749714,0.248809,0.000591,0.000886
ACCCTCCCGTCAGGGC-1,0.035427,0.015668,0.604817,0.344088
ACCCTCCCTTGCTATT-1,0.01015,0.059255,0.764829,0.165765
ACCCTGGTAACGCCCT-1,0.001168,0.04786,0.114175,0.836797
ACCCTTCATCTGCGAA-1,0.032727,0.013738,0.660201,0.293334
ACCCTTGCCTGGGTCG-1,0.022518,0.250556,0.077611,0.649316
ACCCTTTAGTTCTCCA-1,0.01545,0.000878,0.57568,0.407992
ACCGAAAGGGCCCTGC-1,0.057664,0.293814,0.234012,0.41451
ACCGAAGAGTCTGGTT-1,0.261493,0.461408,0.034916,0.242183
ACCGACACATCTCCCA-1,0.159992,0.006016,0.068306,0.765685
ACCGACTGAGTCCCAC-1,0.044051,0.208114,0.343508,0.404327
ACCGAGTCTCCTTATT-1,0.009063,0.221054,0.02481,0.745073
ACCGATAGGCATAACC-1,0.00001,0.018188,0.018245,0.963557
ACCGATATTTAATCAT-1,0.013776,0.004175,0.764535,0.217514
ACCGATGGTAGCATCG-1,0.012792,0.013322,0.258615,0.715272
ACCGCAATAACTGCCT-1,0.001351,0.07281,0.029176,0.896663
ACCGCGGTGGAAGTCG-1,0.004699,0.002803,0.250775,0.741722
ACCGCTAGTCATTGGT-1,0.695906,0.298176,0.002367,0.00355
ACCGGGCCTTTGTTGA-1,0.001715,0.049113,0.298592,0.65058
ACCGGTCAGGTACACC-1,0.097125,0.750559,0.014972,0.137344
ACCGGTCTGAGTACGG-1,0.016639,0.11936,0.20694,0.657061
ACCGTCCACTGGGCCC-1,0.289996,0.471261,0.006131,0.232612
ACCGTGACCACGTGGG-1,0.197878,0.715008,0.000592,0.086523
ACCGTTCCCGCTCTGA-1,0.003602,0.000017,0.363467,0.632914
ACCTAAGTACCTTTCA-1,0.000394,0.995661,0.001578,0.002367
ACCTAATCGACTTCCT-1,0.000332,0.996353,0.001326,0.001989
ACCTACAGTATGTGGT-1,0.016683,0.022511,0.355555,0.605252
ACCTACTATAAATCTA-1,0.275682,0.723603,0.000286,0.000429
ACCTCAGCGAGGCGCA-1,0.000999,0.182556,0.003996,0.812449
ACCTCCGCCCTCGCTG-1,0.069793,0.544339,0.048143,0.337725
ACCTCCGTTATTCACC-1,0.022756,0.004237,0.326932,0.646075
ACCTCGAACTTATGCT-1,0.498681,0.394227,0.038971,0.068121
ACCTGCGTGTCATGTT-1,0.000322,0.92908,0.001287,0.069311
ACGAAATGGGCGGCAC-1,0.131004,0.457134,0.001144,0.410718
ACGACCCATGAGTTGC-1,0.011248,0.049154,0.46812,0.471479
ACGACTCTAGGGCCGA-1,0.00001,0.000019,0.12254,0.877431
ACGACTGGTCATACTC-1,0.229011,0.395994,0.000498,0.374498
ACGAGAACCCATCACG-1,0.000011,0.061786,0.012126,0.926077
ACGAGATATTTGCTTA-1,0.017378,0.018163,0.289586,0.674874
ACGAGGATACCACTCT-1,0.000278,0.797312,0.001111,0.2013
ACGAGGTTTACAACGT-1,0.055719,0.681451,0.000354,0.262475
ACGAGTACGGATGCCC-1,0.000015,0.176251,0.071854,0.75188
ACGAGTCGCCGGCGTT-1,0.000091,0.999,0.000364,0.000546
ACGATACATAGAACTA-1,0.084559,0.010438,0.282131,0.622872
ACGATACCTATCCTGA-1,0.002849,0.13432,0.845737,0.017094
ACGATCATACATAGAG-1,0.065549,0.175759,0.148441,0.610251
ACGATCATCTTGTAAA-1,0.015224,0.052038,0.472681,0.460057
ACGATGCATATGTTAT-1,0.002912,0.11705,0.041693,0.838345
ACGATGGATCCGATGC-1,0.000886,0.000017,0.290359,0.708737
ACGCAAACTAATAGAT-1,0.278605,0.120154,0.321596,0.279644
ACGCAATCACTACAGC-1,0.000498,0.02107,0.089599,0.888833
ACGCATAAATGACATG-1,0.124607,0.038793,0.459782,0.376818
ACGCATACGTTTACTA-1,0.000022,0.623755,0.05406,0.322162
ACGCATTCGTGAGTAC-1,0.004964,0.094099,0.556109,0.344828
ACGCCACTCGAAACAG-1,0.003205,0.00641,0.505382,0.485002
ACGCCAGATGATTTCT-1,0.046981,0.04226,0.526368,0.384391
ACGCCAGTGCGTTTGC-1,0.00042,0.061152,0.301287,0.637141
ACGCCCAGCTGTCGAT-1,0.059255,0.229286,0.181491,0.529967
ACGCCGCTAGACGACC-1,0.026775,0.084784,0.155828,0.732614
ACGCGAAGTCAGACGA-1,0.008078,0.02605,0.091976,0.873895
ACGCGCTACACAGGGT-1,0.33798,0.348786,0.000477,0.312758
ACGCGGGCCAAGGACA-1,0.023255,0.037246,0.785786,0.153713
ACGCGTTTCTTAAGAG-1,0.218217,0.781306,0.000191,0.000286
ACGCTACTGAATGGGC-1,0.052687,0.13676,0.405783,0.40477
ACGCTAGTATCAGTGC-1,0.000014,0.113733,0.140558,0.745696
ACGCTAGTGATACACT-1,0.028365,0.067126,0.109988,0.794521
ACGCTGTGAGGCGTAG-1,0.000261,0.997132,0.001043,0.001565
ACGCTTAGTGTCTCTC-1,0.12638,0.000012,0.84805,0.025558
ACGGAACACGAGTGCC-1,0.013478,0.081686,0.538998,0.365839
ACGGAATTTAGCAAAT-1,0.016339,0.202867,0.235477,0.545318
ACGGACGCAGCGACAA-1,0.541823,0.384405,0.000551,0.073221
ACGGACTCTCAAAGCG-1,0.013743,0.000015,0.338162,0.648079
ACGGAGCGCAAATTAC-1,0.021988,0.056062,0.101003,0.820946
ACGGATGGTGCGGATA-1,0.002001,0.011494,0.170719,0.815786
ACGGCACTTGCTTGGG-1,0.035621,0.043829,0.5946,0.32595
ACGGCCAACATGGACT-1,0.104745,0.022128,0.515451,0.357677
ACGGCGACGATGGGAA-1,0.011245,0.102016,0.405915,0.480824
ACGGCGGGTTGCCCTG-1,0.057343,0.114401,0.264866,0.56339
ACGGCTGGATGTAGAA-1,0.036002,0.622939,0.000184,0.340874
ACGGGAGTGTCGGCCC-1,0.00043,0.995273,0.001719,0.002578
ACGGGCGTATGCGACA-1,0.073735,0.006585,0.844647,0.075033
ACGGGTCATGTGACTT-1,0.026827,0.854495,0.000662,0.118017
ACGGGTTGTGACCTGT-1,0.467611,0.529841,0.001019,0.001528
ACGGTACAGTTCAATG-1,0.00789,0.015836,0.23846,0.737814
ACGGTCACCGAGAACA-1,0.406062,0.414962,0.000084,0.178891
ACGTACAGATTTCTCT-1,0.013229,0.000015,0.606426,0.38033
ACGTACTTTGGCACGG-1,0.000077,0.796874,0.000306,0.202743
ACGTAGATTGCTGATG-1,0.000016,0.016043,0.101854,0.882086
ACGTAGGAGAGTCGCT-1,0.129926,0.296085,0.00025,0.573739
ACGTATTACTCCGATC-1,0.008633,0.15087,0.345045,0.495452
ACGTCGGGCAACTCGG-1,0.428463,0.351554,0.005039,0.214944
ACGTCTCGTTCCGGGA-1,0.104414,0.681315,0.000134,0.214137
ACGTGACAAAGTAAGT-1,0.80133,0.193353,0.000145,0.005172
ACGTGCGCCTCGTGCA-1,0.071778,0.032601,0.23488,0.660742
ACGTGGTCGAATGTGC-1,0.01106,0.00391,0.173953,0.811077
ACGTTAATGTCGAAGA-1,0.024767,0.000321,0.462907,0.512006
ACGTTAGATTTGCCCG-1,0.130928,0.080091,0.276262,0.51272
ACGTTATTGGTCACTC-1,0.00021,0.997688,0.000841,0.001261
ACGTTCACTATGCCGC-1,0.517257,0.477087,0.002262,0.003394
ACGTTCCGCGCTCCGT-1,0.000016,0.239367,0.000065,0.760552
ACGTTCGCAATCAATT-1,0.000009,0.037358,0.083441,0.879192
ACGTTCGTTCAGGAAA-1,0.220368,0.47306,0.218911,0.087661
ACGTTCTGTACAAGTC-1,0.010057,0.000449,0.47797,0.511525
ACGTTGTCGTTGAAAG-1,0.003345,0.006689,0.013378,0.976588
ACGTTTAGTTGTGATC-1,0.0325,0.001628,0.61753,0.348342
ACGTTTCGGTGCACTT-1,0.045407,0.188757,0.548948,0.216889
ACTAAGGACGCACACC-1,0.039111,0.117042,0.096902,0.746945
ACTAATACGTCAGGCG-1,0.013596,0.019412,0.688117,0.278876
ACTACAAAGAGAGGTG-1,0.796695,0.152012,0.018298,0.032995
ACTACATCCCGACAAG-1,0.49971,0.22884,0.000162,0.271288
ACTACCAGCTCTCTGG-1,0.626193,0.248585,0.000373,0.12485
ACTACCATCCGAGGGC-1,0.728212,0.268783,0.001202,0.001803
ACTACGCGTTAGAATT-1,0.000566,0.993778,0.002262,0.003394
ACTAGTTGCGATCGTC-1,0.000181,0.646124,0.000722,0.352973
ACTATATGCTGTGTTC-1,0.000015,0.082257,0.011446,0.906282
ACTATCCAGGGCATGG-1,0.01394,0.030264,0.384565,0.57123
ACTATCGCCGGCTAAA-1,0.007692,0.015385,0.03077,0.946153
ACTATCTGCCCGCGTA-1,0.00037,0.995932,0.001479,0.002219
ACTATGTCCAGCTGCC-1,0.364704,0.391863,0.000104,0.243328
ACTATTCGTCCGTGGT-1,0.079425,0.000988,0.723013,0.196573
ACTATTTCCGGGCCCA-1,0.281036,0.485516,0.00095,0.232498
ACTCAACGAATGTATT-1,0.020272,0.080913,0.208447,0.690368
ACTCAAGTGCAAGGCT-1,0.005109,0.036974,0.151848,0.806069
ACTCAATAAAGGCACG-1,0.255867,0.207687,0.304504,0.231942
ACTCAGACCTGCTTCT-1,0.042101,0.144273,0.250597,0.563028
ACTCATGGCAGCCTTC-1,0.306743,0.438915,0.004714,0.249628
ACTCCAATATCATCAT-1,0.715706,0.243336,0.040579,0.000379
ACTCCCATTCCTAAAG-1,0.000249,0.997262,0.000996,0.001494
ACTCCCGAATTCGTTT-1,0.000019,0.267694,0.013659,0.718628
ACTCCCGTAGACTAGG-1,0.00001,0.182539,0.043848,0.773602
ACTCCCTAATGCTAAA-1,0.017059,0.020547,0.054885,0.907509
ACTCCCTAGAATAGTA-1,0.083251,0.017422,0.3374,0.561928
ACTCCGGCCGACCACT-1,0.000931,0.008137,0.064469,0.926463
ACTCGATGTATTTCAT-1,0.324339,0.672576,0.002584,0.000502
ACTCGCCGTTCGATAA-1,0.001181,0.004081,0.029505,0.965232
ACTCGCGATCTGACGC-1,0.001481,0.160188,0.076603,0.761728
ACTCGTAACCCGTCCT-1,0.065843,0.642576,0.001091,0.290489
ACTCGTCAGTAATCCC-1,0.001207,0.208615,0.049346,0.740832
ACTCTAAACCTGGGAT-1,0.005128,0.010257,0.020513,0.964102
ACTCTCTGACTTAGGT-1,0.022599,0.012457,0.44491,0.520034
ACTCTCTTATACACGA-1,0.007149,0.110881,0.328551,0.553419
ACTCTGACCTAATAGA-1,0.005815,0.010418,0.455938,0.527829
ACTCTTCAGCTCCCGC-1,0.056642,0.067832,0.191617,0.683909
ACTCTTGTATAGTAAC-1,0.037332,0.114221,0.18791,0.660537
ACTGAAACGCCGTTAG-1,0.000017,0.487229,0.061315,0.451439
ACTGAATGGCGAAAGT-1,0.000392,0.049502,0.369966,0.580139
ACTGATTTAGTGATTC-1,0.044181,0.003557,0.824918,0.127344
ACTGCCCGCCATTCTC-1,0.241854,0.500486,0.000236,0.257424
ACTGCCGTCGTAACTC-1,0.026351,0.008155,0.514169,0.451325
ACTGCGGACACACCGT-1,0.014163,0.037537,0.512371,0.435929
ACTGCTCGGAAGGATG-1,0.052654,0.78208,0.002545,0.162721
ACTGGCGAACCTGCGT-1,0.041933,0.135333,0.265552,0.557182
ACTGGGATGCCAGTGC-1,0.803034,0.14088,0.010828,0.045258
ACTGTACGATACACAT-1,0.112414,0.089078,0.78896,0.009548
ACTGTAGCACTTTGGA-1,0.070052,0.150343,0.332036,0.447569
ACTGTATACGCGAGCA-1,0.090296,0.079871,0.150796,0.679037
ACTGTCCAGGATTATA-1,0.055513,0.017881,0.442488,0.484119
ACTGTCTTCTTTAGAA-1,0.006611,0.064197,0.370486,0.558706
ACTGTGCTAGTAGATC-1,0.303693,0.082938,0.608809,0.00456
ACTGTTTAGTGTAGGC-1,0.036255,0.132261,0.459354,0.372131
ACTTACCGGGCGCGCA-1,0.001108,0.156334,0.148089,0.694468
ACTTACGCATCCACGC-1,0.008409,0.000574,0.267903,0.723115
ACTTAGTACGACAAGA-1,0.000072,0.314928,0.000287,0.684714
ACTTATACTTACCCGG-1,0.781081,0.027088,0.191286,0.000545
ACTTATTAGGATCGGT-1,0.013594,0.233539,0.238435,0.514432
ACTTATTTATGTGCCA-1,0.062994,0.070513,0.526444,0.340049
ACTTCAGGCTGATCCC-1,0.00002,0.050922,0.015615,0.933443
ACTTCCAGTGGAAGCT-1,0.142235,0.856933,0.000333,0.000499
ACTTCCATGCGGGACA-1,0.0048,0.000997,0.022631,0.971573
ACTTCCTGTCGTGCGA-1,0.001002,0.100991,0.169849,0.728158
ACTTCGCCATACGCAC-1,0.019223,0.21213,0.323229,0.445418
ACTTCGCTAGCGAGTG-1,0.008285,0.123036,0.082804,0.785875
ACTTGACTCCCTCTTT-1,0.018599,0.07566,0.334649,0.571092
ACTTGCCATATTGTAC-1,0.050815,0.069794,0.016242,0.863149
ACTTGCTCTATCTACC-1,0.205106,0.63638,0.000135,0.158379
ACTTGGGACCCGGTGG-1,0.067152,0.013678,0.710043,0.209127
ACTTGTAGTCCCTTCA-1,0.000163,0.831238,0.000652,0.167947
ACTTGTGGATGGAACG-1,0.000286,0.996854,0.001144,0.001716
ACTTGTTACCGGATCA-1,0.002481,0.18397,0.009926,0.803623
ACTTTACCCTCATGAA-1,0.009697,0.018754,0.847843,0.123706
ACTTTATACACCACTT-1,0.252243,0.282921,0.461443,0.003394
ACTTTCCTATAGCTTC-1,0.014602,0.057978,0.549985,0.377436
ACTTTGACTGCATCCT-1,0.000186,0.735823,0.000743,0.263248
ACTTTGGTCGTGCTCC-1,0.142175,0.631308,0.001684,0.224834
ACTTTGTCGACGCACT-1,0.000016,0.111775,0.010214,0.877995
AGAAATTATGACTCGC-1,0.000012,0.228403,0.000046,0.771539
AGAACACGGCGATGGT-1,0.002198,0.004396,0.008791,0.984615
AGAACCCAGCGTGACA-1,0.029788,0.01661,0.147526,0.806076
AGAACCCTCAATTGGG-1,0.000032,0.636815,0.000126,0.363027
AGAACGTGGTACATTC-1,0.056554,0.100535,0.349716,0.493195
AGAACTGTACTTTGTA-1,0.053944,0.206186,0.654177,0.085693
AGAAGAGCGCCGTTCC-1,0.000211,0.141704,0.000843,0.857242
AGAAGGTACACTTCAC-1,0.000248,0.942317,0.000993,0.056442
AGAAGGTTGCCGAATT-1,0.062036,0.06675,0.145893,0.725322
AGAAGGTTGTAGGTCG-1,0.030638,0.00136,0.020354,0.947648
AGAAGTGATTCGTGAT-1,0.683669,0.311335,0.001998,0.002997
AGAATAAATCTTCAGG-1,0.000094,0.998966,0.000376,0.000564
AGAATACAGGCTATCC-1,0.00095,0.275907,0.717445,0.005698
AGAATGCGGGTTCGGA-1,0.000009,0.121702,0.003645,0.874644
AGAATTATGGATTCGA-1,0.04658,0.119281,0.66684,0.167299
AGAATTGTTTGACATA-1,0.000034,0.111735,0.006871,0.881361
AGACAGCTCAGAATCC-1,0.000073,0.999195,0.000293,0.000439
AGACAGGCATCTCAGC-1,0.00353,0.00686,0.117364,0.872246
AGACATAGATCCTTCC-1,0.02098,0.092909,0.245493,0.640618
AGACCAAACCACACCT-1,0.107116,0.682058,0.000237,0.210589
AGACCATGGGATACAA-1,0.235598,0.107261,0.085358,0.571782
AGACCCACCGCTGATC-1,0.037696,0.073921,0.606856,0.281527
AGACCCGCCCTCCTCG-1,0.048278,0.090993,0.338862,0.521867
AGACCGCTCCGCGGTT-1,0.000047,0.453628,0.000187,0.546138
AGACCGGGAAACCCTG-1,0.000152,0.902583,0.000609,0.096656
AGACGAAGTGCCGGTC-1,0.02186,0.442601,0.297791,0.237748
AGACGACGATGCCGCT-1,0.000641,0.868788,0.002564,0.128007
AGACGCCCACTTCGCC-1,0.009309,0.077068,0.183764,0.729859
AGACGGGCCGATTTAA-1,0.013485,0.02844,0.285126,0.672948
AGACTAGCCTTCCAGA-1,0.012352,0.090551,0.206721,0.690376
AGACTGTTACCGGGTC-1,0.077118,0.271958,0.008754,0.642169
AGAGAAACACCAGAAA-1,0.002146,0.717793,0.000284,0.279777
AGAGAACCGTCTAGGA-1,0.023115,0.071847,0.189381,0.715657
AGAGAAGGAGTACAAT-1,0.000313,0.793059,0.001251,0.205377
AGAGATCTCTAAAGCG-1,0.000169,0.929386,0.000675,0.069771
AGAGCAGTTATGAGAC-1,0.034504,0.699545,0.258299,0.007652
AGAGCCGCCGAGATTT-1,0.007269,0.208215,0.074886,0.70963
AGAGCGCTTGTAACGG-1,0.020485,0.077142,0.420525,0.481849
AGAGCGGGCTAATCAT-1,0.043746,0.014215,0.573662,0.368377
AGAGCGTACAAGCTCG-1,0.000354,0.680695,0.001418,0.317533
AGAGCTACGAAAGCAT-1,0.038407,0.363196,0.095995,0.502402
AGAGGCTTCGGAAACC-1,0.000077,0.323346,0.000309,0.676268
AGAGGGACAATTGTCC-1,0.031146,0.07368,0.184232,0.710942
AGAGGTATCTCGGTCC-1,0.1682,0.026033,0.03339,0.772377
AGAGTAAACTTCACTA-1,0.000173,0.056261,0.304683,0.638884
AGAGTATAGTGTTACG-1,0.000014,0.234154,0.010642,0.75519
AGAGTCTTAATGAAAG-1,0.00641,0.012821,0.025642,0.955127
AGAGTGAACAGACACC-1,0.017875,0.062861,0.462159,0.457105
AGAGTTAGAGACCGAT-1,0.021292,0.001945,0.302699,0.674064
AGAGTTGCAGGCCTCC-1,0.218612,0.11828,0.02993,0.633179
AGATAACTTCAGGGCC-1,0.112524,0.096998,0.000197,0.790281
AGATACCAATAGAACC-1,0.000011,0.006399,0.010169,0.983421
AGATACCAGCACTTCA-1,0.064575,0.079307,0.53487,0.321247
AGATACCGGTGTTCAC-1,0.247598,0.514711,0.03811,0.199581
AGATACGACTTCATAT-1,0.000102,0.218583,0.000409,0.780906
AGATACTCAAGATCGA-1,0.003104,0.122572,0.025159,0.849164
AGATATAATACGACTA-1,0.017489,0.00692,0.078949,0.896642
AGATCGTGCATAAGAT-1,0.049276,0.029469,0.617115,0.30414
AGATCTCAGGTGTGAT-1,0.096774,0.037604,0.76432,0.101302
AGATCTGGAGAGGATA-1,0.003205,0.547618,0.429945,0.019231
AGATGACTCGCCCACG-1,0.008286,0.18547,0.085664,0.72058
AGATGAGGGTTGCGAT-1,0.05606,0.138986,0.478614,0.326339
AGATGATGGAGTCTGG-1,0.023549,0.024656,0.467966,0.483829
AGATGCAAGACGTGCA-1,0.000212,0.881158,0.00085,0.11778
AGATGCATCCTGTGTC-1,0.528632,0.387563,0.002343,0.081462
AGATGCTATAACGAGC-1,0.189969,0.809316,0.000286,0.000429
AGATTATAGGACGTTT-1,0.041644,0.041814,0.235682,0.68086
AGATTCAAGCGGGTCG-1,0.00041,0.020771,0.163058,0.815761
AGATTCACAACCGATA-1,0.00009,0.928349,0.000361,0.0712
AGCAAAGGCCGCTAGT-1,0.016737,0.020058,0.169002,0.794202
AGCAACATATCTTATT-1,0.015906,0.042378,0.375119,0.566597
AGCAACCGAAAGTAAT-1,0.127655,0.649061,0.033696,0.189589
AGCACACGTTTAGACT-1,0.243641,0.509929,0.000203,0.246228
AGCACCAGTACTCACG-1,0.059859,0.157932,0.386013,0.396196
AGCACTACCGGCCTGT-1,0.000641,0.706226,0.002564,0.290569
AGCACTACCTCACCAG-1,0.016478,0.042555,0.020859,0.920108
AGCACTTAAGGACGCC-1,0.017348,0.12123,0.255906,0.605516
AGCAGAAGGAGAAAGA-1,0.051507,0.034596,0.043744,0.870153
AGCAGCCAGATGAATA-1,0.056755,0.142027,0.131644,0.669574
AGCAGTCGAAGCATGC-1,0.078801,0.059503,0.861151,0.000546
AGCATATCAATATGCT-1,0.000032,0.669708,0.079162,0.251098
AGCATCATTTCGAAAG-1,0.06643,0.850132,0.0005,0.082938
AGCATCGTCGATAATT-1,0.279377,0.198823,0.521649,0.000152
AGCATTACGAGGCAAG-1,0.00677,0.002198,0.138583,0.852449
AGCCAAGCTTTGTGTC-1,0.167229,0.829306,0.001386,0.002079
AGCCACAGGTTACCCG-1,0.00001,0.00002,0.026555,0.973415
AGCCACTCCCGTGCTT-1,0.106406,0.022827,0.737635,0.133132
AGCCATATAGTATGTG-1,0.766343,0.2325,0.000463,0.000694
AGCCCATACATGTAAG-1,0.000583,0.99359,0.002331,0.003497
AGCCCGCAACAAGCAG-1,0.501136,0.239342,0.008785,0.250737
AGCCCGCACTACAATG-1,0.009609,0.281911,0.2045,0.50398
AGCCCGGCATTAGAGG-1,0.458353,0.35169,0.006332,0.183626
AGCCCGGTAGCCTGTA-1,0.000625,0.729097,0.002502,0.267776
AGCCCTAAGCGAAGTT-1,0.009215,0.041485,0.418936,0.530364
AGCCCTCCCTGGTGGC-1,0.104474,0.638608,0.000271,0.256647
AGCCCTGTCGCACCGT-1,0.000009,0.069199,0.085749,0.845044
AGCCCTTCTAATCCGA-1,0.007353,0.149418,0.174397,0.668832
AGCCCTTGGACATCCC-1,0.000016,0.246789,0.075625,0.677569
AGCCGCAAATTCAAAT-1,0.000864,0.990493,0.003457,0.005186
AGCCGCTTGATTAGCG-1,0.003497,0.961538,0.013986,0.020979
AGCCGTGGCTAAATGT-1,0.097684,0.862986,0.001057,0.038273
AGCCTAATACCCACGT-1,0.000286,0.774405,0.001144,0.224165
AGCCTTAAAGCGGAAG-1,0.041097,0.862259,0.096446,0.000198
AGCCTTGTCACTGATA-1,0.262596,0.627884,0.10786,0.00166
AGCGACAGGAACGGTC-1,0.000493,0.687533,0.001972,0.310002
AGCGACATCCCATTCA-1,0.025361,0.02366,0.30971,0.641268
AGCGACCAACGATATT-1,0.027814,0.090705,0.183061,0.69842
AGCGACTTTGAAGACA-1,0.076923,0.153846,0.307692,0.461538
AGCGAGACGTGAAGGC-1,0.770794,0.122673,0.032949,0.073585
AGCGATGCGCCTAATA-1,0.000009,0.068476,0.170073,0.761442
AGCGCATAATGAATCG-1,0.000455,0.828084,0.001821,0.16964
AGCGCGGGTGCCAATG-1,0.034017,0.024071,0.239477,0.702435
AGCGCTAGAGCGATGT-1,0.006546,0.15063,0.313113,0.52971
AGCGCTTATGGGCAAG-1,0.018063,0.098307,0.195552,0.688079
AGCGGACACTTCGTAG-1,0.000553,0.768435,0.002214,0.228798
AGCGGCGGTTAGCGGT-1,0.000185,0.979288,0.000741,0.019785
AGCGGGAAGGGTCCAT-1,0.016295,0.074261,0.011418,0.898027
AGCGGGTCTGACACTC-1,0.481182,0.150733,0.060153,0.307932
AGCGGTTGCCGCTCTG-1,0.061312,0.050092,0.103948,0.784648
AGCGTACGAGAGCTAG-1,0.000032,0.147354,0.000128,0.852486
AGCGTAGCGCTAGACC-1,0.063398,0.015082,0.234861,0.686659
AGCGTCTGAACCCGCA-1,0.010379,0.093397,0.295939,0.600286
AGCGTGGTATTCTACT-1,0.114681,0.188301,0.216403,0.480615
AGCGTTCCGATTTAAA-1,0.127337,0.024451,0.212076,0.636136
AGCTAACAAGCAATGT-1,0.000207,0.689759,0.000829,0.309205
AGCTAAGCTCCGTCCG-1,0.019231,0.788459,0.076924,0.115386
AGCTAAGTACGCAGGC-1,0.000008,0.000015,0.020079,0.979899
AGCTACGAATGGTGGT-1,0.076923,0.153846,0.307692,0.461538
AGCTAGAAGCAGAAGT-1,0.037931,0.016338,0.213153,0.732578
AGCTATTTAATCCAAC-1,0.0297,0.008183,0.587465,0.374652
AGCTCCATATATGTTC-1,0.493577,0.373547,0.115661,0.017215
AGCTCCTTCGCACATC-1,0.00009,0.999009,0.00036,0.00054
AGCTCGTTGATGGAAA-1,0.012677,0.036527,0.016142,0.934654
