Barcode,Topic 1,Topic 2,Topic 3,Topic 4,Topic 5to6
AAACAACGAATAGTTC-1,0.236039,0.000098,0.439192,0.297204,0.027467
AAACAAGTATCTCCCA-1,0.197726,0.29162,0.037866,0.059969,0.412818
AAACAATCTACTAGCA-1,0.171248,0.008643,0.114369,0.6767,0.02904
AAACACCAATAACTGC-1,0.011818,0.288453,0.407805,0.031088,0.260837
AAACAGAGCGACTCCT-1,0.962684,0.000083,0.036985,0.000083,0.000165
AAACAGCTTTCAGAAG-1,0.011751,0.035753,0.043354,0.160958,0.748184
AAACAGGGTCTATATT-1,0.042587,0.283954,0.098221,0.075468,0.49977
AAACAGTGTTCCTGGG-1,0.023455,0.125024,0.271165,0.053534,0.526822
AAACATGGTGAGAGGA-1,0.213017,0.13841,0.149386,0.102189,0.396998
AAACATTTCCCGGATT-1,0.151954,0.25168,0.181711,0.050334,0.364322
AAACCACTACACAGAT-1,0.819356,0.017389,0.028335,0.106375,0.028545
AAACCCGAACGAAATC-1,0.039179,0.184755,0.303877,0.174086,0.298103
AAACCGGAAATGTTAA-1,0.039923,0.360916,0.174994,0.135668,0.288499
AAACCGGGTAGGTACC-1,0.018344,0.30598,0.362186,0.074223,0.239267
AAACCGTTCGTCCAGG-1,0.012822,0.235229,0.331354,0.117578,0.303017
AAACCTAAGCAGCCGG-1,0.200792,0.06544,0.092011,0.072351,0.569406
AAACCTCATGAAGTTG-1,0.002429,0.025565,0.2204,0.078122,0.673483
AAACGAAGAACATACC-1,0.999674,0.000065,0.000065,0.000065,0.00013
AAACGAAGATGGAGTA-1,0.231249,0.109007,0.220309,0.042646,0.396789
AAACGACAGTCTTGCC-1,0.852334,0.007941,0.00006,0.109798,0.029867
AAACGAGACGGTTGAT-1,0.027788,0.112933,0.114211,0.21982,0.525248
AAACGCCCGAGATCGG-1,0.572955,0.001512,0.00003,0.421317,0.004186
AAACGCTGGGCACGAC-1,0.060744,0.032812,0.504124,0.035332,0.366988
AAACGGGCGTACGGGT-1,0.51375,0.032008,0.144516,0.009801,0.299924
AAACGGGTTGGTATCC-1,0.152816,0.02055,0.383057,0.378082,0.065495
AAACGGTTGCGAACTG-1,0.008752,0.542604,0.150563,0.05791,0.240172
AAACGTGTTCGCCCTA-1,0.628178,0.000183,0.052572,0.031499,0.287569
AAACTAACGTGGCGAC-1,0.742546,0.000046,0.001002,0.25395,0.002456
AAACTCGGTTCGCAAT-1,0.014367,0.000463,0.002401,0.163815,0.818954
AAACTCGTGATATAAG-1,0.035978,0.024263,0.158866,0.193233,0.58766
AAACTGCTGGCTCCAA-1,0.054959,0.477408,0.082078,0.07821,0.307344
AAACTTAATTGCACGC-1,0.008788,0.106934,0.237573,0.067684,0.579021
AAACTTGCAAACGTAT-1,0.486648,0.082379,0.330562,0.000059,0.100352
AAAGAATGACCTTAGA-1,0.029364,0.120424,0.066898,0.079551,0.703763
AAAGAATGTGGACTAA-1,0.200354,0.019959,0.005119,0.561328,0.213239
AAAGACATGAAGTTTA-1,0.642094,0.016101,0.341545,0.000087,0.000174
AAAGACCCAAGTCGCG-1,0.371268,0.01183,0.064547,0.156556,0.395798
AAAGACTGGGCGCTTT-1,0.209219,0.175655,0.219647,0.036675,0.358804
AAAGCTTGCCTACATA-1,0.000691,0.195152,0.041847,0.191229,0.571081
AAAGGCCCTATAATAC-1,0.034408,0.069571,0.234648,0.094443,0.56693
AAAGGCTACGGACCAT-1,0.091413,0.056037,0.162894,0.055836,0.633819
AAAGGCTCTCGCGCCG-1,0.072102,0.13266,0.095036,0.060993,0.639209
AAAGGGATGTAGCAAG-1,0.084655,0.036887,0.053261,0.244636,0.580561
AAAGGGCAGCTTGAAT-1,0.084708,0.637854,0.277178,0.000087,0.000173
AAAGGTAAGCTGTACC-1,0.920128,0.015784,0.037838,0.004639,0.021611
AAAGGTCAACGACATG-1,0.847874,0.111498,0.040399,0.000076,0.000152
AAAGTAGCATTGCTCA-1,0.011505,0.12099,0.289252,0.005597,0.572656
AAAGTCACTGATGTAA-1,0.159069,0.157887,0.085001,0.515106,0.082938
AAAGTCGACCCTCAGT-1,0.064398,0.120471,0.409245,0.059126,0.346761
AAAGTGCCATCAATTA-1,0.064964,0.177389,0.186954,0.164555,0.406138
AAAGTGTGATTTATCT-1,0.008096,0.080838,0.170808,0.279898,0.460361
AAAGTTGACTCCCGTA-1,0.000038,0.086942,0.010001,0.162047,0.740972
AAATAACCATACGGGA-1,0.811705,0.056104,0.131933,0.000086,0.000172
AAATAAGGTAGTGCCC-1,0.005429,0.191326,0.083039,0.223436,0.496771
AAATACCTATAAGCAT-1,0.0019,0.149826,0.038406,0.084075,0.725793
AAATAGCTTAGACTTT-1,0.010926,0.844135,0.055495,0.040934,0.04851
AAATAGGGTGCTATTG-1,0.093378,0.019883,0.004325,0.280836,0.601578
AAATCACTCCTAAACG-1,0.805281,0.001961,0.000029,0.185578,0.00715
AAATCCGATACACGCC-1,0.740372,0.099158,0.107699,0.000042,0.052729
AAATCGCGGAAGGAGT-1,0.443458,0.055461,0.045383,0.133237,0.322461
AAATCGTGTACCACAA-1,0.022361,0.536865,0.149915,0.140031,0.150828
AAATCTAGCCCTGCTA-1,0.208547,0.118743,0.041927,0.049972,0.580811
AAATCTGCCCGCGTCC-1,0.035046,0.070537,0.055858,0.026984,0.811574
AAATGATTCGATCAGC-1,0.004189,0.006835,0.009387,0.243126,0.736463
AAATGCTCGTTACGTT-1,0.034077,0.030884,0.026627,0.578991,0.329421
AAATGGCATGTCTTGT-1,0.568087,0.33573,0.046603,0.039572,0.010008
AAATGGCCCGTGCCCT-1,0.020305,0.226092,0.205858,0.064805,0.482939
AAATGGTCAATGTGCC-1,0.016422,0.259768,0.108249,0.229974,0.385587
AAATGTATCTTATCCC-1,0.04476,0.084057,0.075071,0.211997,0.584115
AAATGTGGGTGCTCCT-1,0.294342,0.061478,0.018209,0.612569,0.013401
AAATTAACGGGTAGCT-1,0.029175,0.159599,0.208449,0.108981,0.493797
AAATTAATAAGCGCGA-1,0.086661,0.130192,0.296596,0.051602,0.43495
AAATTACACGACTCTG-1,0.780479,0.019995,0.199224,0.000101,0.000202
AAATTACCTATCGATG-1,0.012054,0.140373,0.164698,0.097174,0.585701
AAATTCCAGGTCCAAA-1,0.039139,0.074238,0.309924,0.186107,0.390592
AAATTGATAGTCCTTT-1,0.055071,0.347172,0.110481,0.151606,0.33567
AAATTGCGGCGGTTCT-1,0.609578,0.005694,0.37146,0.000088,0.013179
AAATTGGTGAGAAGCA-1,0.957281,0.000155,0.042283,0.000094,0.000188
AAATTTACCGAAATCC-1,0.953732,0.018608,0.015263,0.009102,0.003294
AAATTTGCGGGTGTGG-1,0.00073,0.166553,0.359698,0.08078,0.39224
AACAACTGGTAGTTGC-1,0.086944,0.000894,0.004517,0.211069,0.696576
AACAATACATTGTCGA-1,0.056525,0.178059,0.123884,0.288562,0.35297
AACAATTACTCTACGC-1,0.053166,0.151416,0.652605,0.046667,0.096146
AACACACGCTCGCCGC-1,0.169003,0.164872,0.150392,0.122693,0.39304
AACACGACTGTACTGA-1,0.480859,0.000066,0.001397,0.450527,0.06715
AACACGAGACGCGGCC-1,0.023949,0.109455,0.118768,0.128092,0.619736
AACACGCGGCCGCGAA-1,0.685491,0.009887,0.245345,0.019082,0.040195
AACAGCTGTGTGGCAA-1,0.011661,0.305398,0.184362,0.05788,0.440699
AACAGGAAATCGAATA-1,0.598163,0.18183,0.086255,0.074228,0.059524
AACAGGATGGGCCGCG-1,0.037605,0.429305,0.285938,0.030503,0.216649
AACAGGTAGTATGGAT-1,0.014442,0.222962,0.091062,0.187648,0.483886
AACATATCAACTGGTG-1,0.045626,0.137803,0.25727,0.059707,0.499595
AACATCGATACGTCTA-1,0.666127,0.063301,0.163406,0.008262,0.098903
AACATTGAAGTTGATC-1,0.037878,0.128054,0.146158,0.102122,0.585788
AACATTGGTCAGCCGT-1,0.132884,0.001863,0.409742,0.437465,0.018046
AACATTGTGACTCGAG-1,0.035868,0.072633,0.397952,0.021947,0.4716
AACCAAGACTTCTCTG-1,0.009009,0.088145,0.264814,0.205694,0.432339
AACCAGTATCACTCTT-1,0.794624,0.079838,0.022407,0.094128,0.009004
AACCATAGGGTTGAAC-1,0.000022,0.010572,0.014625,0.058929,0.915852
AACCATGGGATCGCTA-1,0.030004,0.0924,0.185628,0.436787,0.255181
AACCCAGAGACGGAGA-1,0.023724,0.054256,0.17438,0.562565,0.185075
AACCCATCCCATGATC-1,0.207156,0.020663,0.017665,0.113073,0.641443
AACCCGACAACCCGTG-1,0.031462,0.142841,0.113744,0.179775,0.532178
AACCCGAGCAGAATCG-1,0.00146,0.325612,0.039895,0.082148,0.550885
AACCCGATAGGGCTTC-1,0.896007,0.059022,0.044753,0.000073,0.000145
AACCCTACTGTCAATA-1,0.000068,0.129983,0.045632,0.153565,0.670753
AACCCTGGTGGAACCA-1,0.715857,0.11436,0.155853,0.008931,0.004999
AACCGAGCTTGGTCAT-1,0.213319,0.024796,0.388051,0.224016,0.149817
AACCGCTAAGGGATGC-1,0.000084,0.004832,0.005666,0.318997,0.670421
AACCGTTGTGTTTGCT-1,0.781184,0.039372,0.127791,0.013256,0.038398
AACCTAAAGCCGTCCG-1,0.769256,0.013974,0.216488,0.000094,0.000188
AACCTCGCTTTAGCCC-1,0.088393,0.17975,0.442809,0.022696,0.266352
AACCTGTCACGGAATT-1,0.003256,0.208166,0.026162,0.25212,0.510297
AACCTTTAAATACGGT-1,0.037253,0.375242,0.095414,0.244694,0.247397
AACCTTTACGACGTCT-1,0.645225,0.011419,0.181676,0.020141,0.141539
AACGAAAGTCGTCCCA-1,0.28101,0.114981,0.198155,0.050891,0.354962
AACGACCTCCTAGCCG-1,0.049851,0.082767,0.367078,0.082818,0.417486
AACGATAATGCCGTAG-1,0.189364,0.255091,0.032304,0.109639,0.413602
AACGATAGAAGGGCCG-1,0.156914,0.043836,0.024925,0.518638,0.255687
AACGATATGTCAACTG-1,0.018352,0.456113,0.188825,0.07314,0.26357
AACGCATGATCTGGGT-1,0.031695,0.106209,0.103825,0.11811,0.640161
AACGCGAACGGCAACA-1,0.563971,0.203619,0.09569,0.112957,0.023763
AACGCGACCTTGGGCG-1,0.043493,0.142848,0.263912,0.148898,0.400849
AACGCGGTCTCCAGCC-1,0.165243,0.283258,0.273877,0.119509,0.158113
AACGCTGTTGCTGAAA-1,0.06214,0.142018,0.25961,0.059254,0.476979
AACGGACGTACGTATA-1,0.064602,0.146198,0.068183,0.494965,0.226051
AACGGCCATCTCCGGT-1,0.004458,0.041441,0.056045,0.127006,0.77105
AACGTACTGTGGGTAC-1,0.005724,0.165141,0.204352,0.14482,0.479963
AACGTAGTCTACCCAT-1,0.151985,0.027615,0.230884,0.442599,0.146917
AACGTCAGACTAGTGG-1,0.069692,0.076249,0.617303,0.056183,0.180573
AACGTGATGAAGGACA-1,0.327719,0.107555,0.352373,0.045115,0.167238
AACGTGCGAAAGTCTC-1,0.011323,0.067646,0.095105,0.131073,0.694853
AACGTTATCAGCACCT-1,0.00043,0.016056,0.046501,0.093307,0.843706
AACTACCCGTTTGTCA-1,0.041764,0.414675,0.1119,0.076143,0.355518
AACTAGCGTATCGCAC-1,0.198412,0.22395,0.213842,0.316541,0.047256
AACTAGGCTTGGGTGT-1,0.062096,0.053846,0.002552,0.070168,0.811337
AACTCAAGTTAATTGC-1,0.033338,0.070501,0.136079,0.148919,0.611163
AACTCCAGAGCGTGTT-1,0.115568,0.255746,0.299767,0.010561,0.318358
AACTCCTAATCCCATG-1,0.615726,0.011433,0.026572,0.30621,0.040059
AACTCGATAAACACGT-1,0.228611,0.031373,0.096855,0.566869,0.076292
AACTCGATGGCGCAGT-1,0.025528,0.425287,0.156682,0.27538,0.117123
AACTCTCAATAGAGCG-1,0.000038,0.019382,0.016329,0.305688,0.658563
AACTCTCAGTGTGCTC-1,0.011439,0.113181,0.289253,0.04637,0.539756
AACTGAGGTCAGCGTC-1,0.85158,0.017723,0.130421,0.000092,0.000184
AACTGAGTTATACTGA-1,0.422547,0.523189,0.045005,0.004668,0.004591
AACTGATATTAGGCCT-1,0.252858,0.03794,0.045105,0.475632,0.188465
AACTGGGTCCCGACGT-1,0.191092,0.390339,0.171025,0.161121,0.086423
AACTGGGTTCGAGCCG-1,0.955159,0.000319,0.044284,0.000079,0.000159
AACTGGTGTGGGCCTT-1,0.670431,0.083097,0.237215,0.000131,0.009126
AACTTCTGCGTCTATC-1,0.404997,0.051288,0.406114,0.10204,0.035561
AACTTGCCCGTATGCA-1,0.023148,0.166091,0.372525,0.152137,0.2861
AACTTGCGTTCTCGCG-1,0.120416,0.009202,0.071859,0.551236,0.247287
AACTTTACGGGAGCTT-1,0.129324,0.077957,0.454693,0.155057,0.182969
AACTTTAGCTGCTGAG-1,0.46349,0.017431,0.14216,0.285376,0.091543
AACTTTCTCGATCATG-1,0.047736,0.096366,0.388012,0.303537,0.164349
AAGAAATCACCAGATT-1,0.004699,0.029,0.017135,0.207873,0.741292
AAGAAGGATCAGTTAG-1,0.122733,0.018314,0.181126,0.375783,0.302044
AAGACATACGTGGTTT-1,0.262836,0.344065,0.333656,0.012417,0.047026
AAGACCAAATAACTCA-1,0.05425,0.021364,0.011148,0.553289,0.359949
AAGACCCAACTGAACA-1,0.079327,0.09166,0.252985,0.079733,0.496295
AAGACTAACCCGTTGT-1,0.963285,0.000065,0.036455,0.000065,0.00013
AAGACTCACGCCCACT-1,0.819702,0.01472,0.161321,0.004102,0.000155
AAGACTGCAAGCTACT-1,0.002305,0.072198,0.028063,0.370468,0.526967
AAGAGATGAATCGGTA-1,0.001403,0.402964,0.149421,0.045907,0.400305
AAGAGCTCTTTATCGG-1,0.0311,0.060294,0.051584,0.349338,0.507683
AAGAGGATGTACGCGA-1,0.060729,0.197658,0.19813,0.09961,0.443872
AAGAGGCATGGATCGC-1,0.013631,0.328186,0.180358,0.174867,0.302958
AAGAGGCCCTTTGGAA-1,0.005226,0.049845,0.031389,0.135495,0.778045
AAGATGGCACCGGACC-1,0.113914,0.053807,0.036246,0.407424,0.388609
AAGATTGGCGGAACGT-1,0.062439,0.094005,0.097456,0.107658,0.638442
AAGCACCCTGCGTATC-1,0.049094,0.252998,0.223535,0.065105,0.409268
AAGCATACTCTCCTGA-1,0.190199,0.506543,0.117299,0.039978,0.145981
AAGCCGAAGCGGTTTA-1,0.029137,0.38416,0.303058,0.069063,0.214582
AAGCCGCCGTGAAATC-1,0.002573,0.188824,0.129028,0.080214,0.599361
AAGCCGCTTTACCTTG-1,0.156698,0.137456,0.631063,0.007506,0.067277
AAGCCGGAGAGCAGGA-1,0.043964,0.370537,0.087385,0.178515,0.319599
AAGCGCAGGGCTTTGA-1,0.065591,0.14705,0.144893,0.022488,0.619978
AAGCGGAGTGCGCGCA-1,0.999694,0.000061,0.000061,0.000061,0.000122
AAGCGGCGTCATGGGT-1,0.879733,0.005604,0.037921,0.048526,0.028216
AAGCGTCCCTCATCGA-1,0.012174,0.087735,0.468634,0.067781,0.363676
AAGCTAGATCGAGTAA-1,0.298869,0.007809,0.000028,0.625015,0.06828
AAGCTCGTGCCAAGTC-1,0.000055,0.259272,0.132177,0.299108,0.309387
AAGCTCTTTCATGGTG-1,0.08881,0.066045,0.267894,0.065254,0.511997
AAGGAGAACTTATAAG-1,0.517623,0.061378,0.167918,0.192837,0.060243
AAGGAGCGGTTGGTGC-1,0.046177,0.054994,0.405355,0.244571,0.248903
AAGGATCGATCGCTTG-1,0.00149,0.056199,0.014467,0.292469,0.635376
AAGGATGAGGGACCTC-1,0.061585,0.12639,0.179722,0.160083,0.472221
AAGGCAGGCTGTCTCC-1,0.02791,0.278393,0.193194,0.168551,0.331952
AAGGCGCGTAAAGCTT-1,0.084904,0.112243,0.116885,0.267259,0.418709
AAGGCTGTGCTCATCG-1,0.025364,0.033673,0.001623,0.674945,0.264395
AAGGGAACGACTGGCT-1,0.017044,0.170947,0.137192,0.059428,0.615389
AAGGGACAGATTCTGT-1,0.0631,0.277941,0.260201,0.262081,0.136677
AAGGGACTATGCATTC-1,0.011933,0.12064,0.115779,0.151347,0.6003
AAGGGTTTGATTTCAG-1,0.274267,0.335495,0.190355,0.01382,0.186064
AAGGTATCCTAATATA-1,0.009191,0.04148,0.025847,0.435118,0.488363
AAGGTGATAAACCAGC-1,0.008759,0.280187,0.096684,0.152598,0.461772
AAGTAAGCTTCCAAAC-1,0.116015,0.008358,0.173373,0.67097,0.031285
AAGTAGAAGACCGGGT-1,0.080956,0.321684,0.07614,0.18632,0.3349
AAGTAGTGACGCGAGG-1,0.113979,0.115324,0.136874,0.184232,0.449591
AAGTCAATTGTCGTCA-1,0.00004,0.244556,0.095255,0.218726,0.441422
AAGTCTAGTAGCTGCC-1,0.000019,0.007857,0.000948,0.265214,0.725962
AAGTCTTCTGTGGCCT-1,0.06861,0.045952,0.218418,0.030618,0.636402
AAGTGACGACCGAATT-1,0.031932,0.447661,0.224401,0.059434,0.236572
AAGTGAGTCGGGTTTA-1,0.056706,0.058402,0.133289,0.123539,0.628064
AAGTGCAAAGGTAGAC-1,0.050573,0.163152,0.086112,0.180076,0.520087
AAGTGCCTTGACTGTA-1,0.041682,0.04182,0.025326,0.2352,0.655972
AAGTGCGTTAGAATCT-1,0.009444,0.022308,0.098099,0.109937,0.760211
AAGTGCTTCTCTATTG-1,0.003094,0.209141,0.277532,0.003431,0.506802
AAGTGTTTGGAGACGG-1,0.131684,0.483085,0.184744,0.040163,0.160323
AAGTTCACTCCAAGCT-1,0.116443,0.134957,0.21601,0.053207,0.479382
AAGTTCAGTCTGCGTA-1,0.058797,0.141475,0.370151,0.053308,0.376269
AAGTTCGGCCAACAGG-1,0.038984,0.103123,0.103133,0.151191,0.603569
AAGTTGTGATGTTATA-1,0.085205,0.257159,0.031793,0.280496,0.345347
AAGTTTACTAATGGCA-1,0.9994,0.00012,0.00012,0.00012,0.00024
AAGTTTATGGGCCCAA-1,0.062884,0.252749,0.259845,0.074429,0.350093
AATAACAACGCTCGGC-1,0.011884,0.087553,0.10905,0.041967,0.749546
AATAACACTAGAACAA-1,0.00567,0.128086,0.038305,0.201359,0.626581
AATAAGTCCTCGAGAC-1,0.765075,0.183622,0.051151,0.000051,0.000102
AATAATCTTCGTATCG-1,0.155192,0.470883,0.2008,0.059797,0.113328
AATACAATGTTTCAGG-1,0.006874,0.032333,0.508155,0.114555,0.338082
AATACCGGAGGGCTGT-1,0.108442,0.105369,0.222919,0.014764,0.548505
AATAGAACAGAGTGGC-1,0.002465,0.175525,0.156425,0.048503,0.617081
AATAGAATCTGTTTCA-1,0.000604,0.002522,0.002677,0.107764,0.886432
AATAGCAAGCCTCCTG-1,0.684801,0.000109,0.000043,0.314811,0.000236
AATAGCTACCGCGTGC-1,0.07102,0.156036,0.315955,0.111486,0.345503
AATAGTCCGTCCCGAC-1,0.120571,0.123907,0.148917,0.06727,0.539334
AATAGTCGCGAGTCGG-1,0.042163,0.055521,0.396179,0.409834,0.096303
AATATCAAGGTCGGAT-1,0.639374,0.001072,0.211939,0.000083,0.147533
AATATCCTAGCAAACT-1,0.058233,0.223548,0.14969,0.060824,0.507705
AATATCGAATCAATGC-1,0.00134,0.125406,0.088178,0.190202,0.594875
AATATCGAGGGTTCTC-1,0.002813,0.156425,0.454001,0.070409,0.316351
AATATTGGAGTATTGA-1,0.042488,0.063859,0.3712,0.098323,0.424131
AATCAGACTGCAGGAC-1,0.720807,0.00381,0.263652,0.009477,0.002255
AATCAGGTTTCATTTA-1,0.073636,0.050565,0.385151,0.137889,0.352758
AATCATGTAAAGACTC-1,0.015602,0.262572,0.213115,0.062192,0.446519
AATCCAAGGGCCTGAG-1,0.118178,0.01269,0.02813,0.679976,0.161027
AATCCATGCAAGGGTG-1,0.639359,0.009699,0.222441,0.090631,0.03787
AATCGCCTCAGCGCCA-1,0.003029,0.372594,0.0558,0.058228,0.510348
AATCGCGCAGAGGACT-1,0.109049,0.285051,0.392986,0.088436,0.124477
AATCGGGACACTACGA-1,0.772245,0.144747,0.08219,0.000642,0.000175
AATCGGTATAGCCCTC-1,0.675033,0.046173,0.023294,0.007848,0.247652
AATCGTGAGCCGAGCA-1,0.471026,0.159032,0.09926,0.074475,0.196206
AATCTAGGTTTACTTG-1,0.020895,0.047078,0.038387,0.098283,0.795357
AATCTATGCCGGAGCC-1,0.010007,0.097259,0.154995,0.119429,0.61831
AATCTCTACTGTGGTT-1,0.032195,0.012178,0.123464,0.06622,0.765942
AATCTGCGTTGGGACG-1,0.017731,0.33685,0.254579,0.060535,0.330305
AATCTGGCTTTCTAGT-1,0.026688,0.049038,0.071659,0.283007,0.569609
AATCTGGGTAGACCCT-1,0.886176,0.006968,0.023816,0.062393,0.020647
AATGACAGCAATGTCT-1,0.017016,0.462219,0.015673,0.240301,0.264791
AATGACGTAGGATGTC-1,0.002472,0.176262,0.126734,0.053968,0.640564
AATGACTGTCAGCCGG-1,0.06262,0.213267,0.467051,0.058979,0.198083
AATGAGTTCGCATATG-1,0.11619,0.014671,0.216123,0.424061,0.228956
AATGATGATACGCTAT-1,0.041104,0.372095,0.266981,0.037843,0.281978
AATGATGCGACTCCTG-1,0.027244,0.091615,0.511722,0.104702,0.264717
AATGCAACCGGGTACC-1,0.125992,0.123411,0.11173,0.110807,0.52806
AATGCACCAAGCAATG-1,0.00332,0.144882,0.108007,0.079926,0.663865
AATGGCCGCCAATGCG-1,0.878518,0.009604,0.095583,0.005647,0.010648
AATGGTCCACCGTTCA-1,0.05748,0.149952,0.299239,0.185035,0.308293
AATGGTTCTCACAAGC-1,0.769546,0.021126,0.158426,0.001275,0.049627
AATGTATGGCACTGTA-1,0.05045,0.046173,0.204793,0.068637,0.629946
AATGTGCCCGAGGTGT-1,0.012577,0.192451,0.186245,0.028739,0.579988
AATGTGCTAATCTGAG-1,0.150524,0.223394,0.178111,0.052832,0.395138
AATGTTGTCGTGAGAC-1,0.102529,0.425154,0.247406,0.065163,0.159749
AATTAAAGGTCGGCGT-1,0.000236,0.393642,0.026661,0.152552,0.426908
AATTAACGGATTTCCA-1,0.109389,0.010791,0.013537,0.067105,0.799179
AATTACGAGACCCATC-1,0.208409,0.184489,0.116079,0.042728,0.448296
AATTACTCGTACGCTC-1,0.039933,0.080901,0.064028,0.37191,0.443228
AATTAGCGCTGCAGCG-1,0.053958,0.248643,0.179806,0.103527,0.414066
AATTCATAAGGGATCT-1,0.06437,0.330211,0.273863,0.073155,0.258401
AATTCATTGTCATGCA-1,0.027003,0.026675,0.043272,0.104853,0.798197
AATTCCAACTTGGTGA-1,0.300929,0.015346,0.310721,0.322204,0.0508
AATTCCAAGCATGTAC-1,0.000526,0.036049,0.007752,0.080949,0.874724
AATTCGATTCGAGGAT-1,0.049128,0.053992,0.40042,0.012349,0.484111
AATTCTAGAGTTAGGC-1,0.001461,0.196194,0.026277,0.047508,0.72856
AATTGAACGCTCTGGT-1,0.001493,0.234185,0.121965,0.06492,0.577438
AATTGCAGCAATCGAC-1,0.215436,0.033446,0.001988,0.728222,0.020907
AATTGCGTGGATTACA-1,0.05072,0.082078,0.12544,0.423915,0.317847
AATTGTGGTTGCCAAA-1,0.020105,0.039927,0.117867,0.324361,0.497741
AATTTGGGACATAGTA-1,0.839684,0.033952,0.078141,0.034934,0.013289
AATTTGGTTCCAAAGA-1,0.752261,0.142018,0.093105,0.003185,0.009431
ACAAACCATGCGTCCT-1,0.0064,0.030281,0.023476,0.051344,0.888499
ACAAACCGACAAGGCG-1,0.723204,0.108588,0.167958,0.000083,0.000167
ACAAAGAAGGTAGGCC-1,0.029114,0.291663,0.245507,0.042335,0.391382
ACAAAGCATGACCTAG-1,0.278195,0.424214,0.165936,0.027059,0.104596
ACAAATCGCACCGAAT-1,0.024873,0.202658,0.096179,0.095957,0.580333
ACAAATGGTAGTGTTT-1,0.000281,0.324786,0.07035,0.106831,0.497751
ACAAATTCAGATCTGA-1,0.837919,0.030358,0.012525,0.071299,0.047899
ACAACAGCATGAGCTA-1,0.166547,0.041657,0.02437,0.208801,0.558626
ACAACGGTCCCTGCGA-1,0.110745,0.410603,0.312688,0.048421,0.117544
ACAAGCAGTGCCTAGC-1,0.147637,0.060629,0.372785,0.108841,0.310106
ACAAGCTATATGGAAG-1,0.05446,0.103909,0.067007,0.046405,0.728218
ACAAGGAAATCCGCCC-1,0.020822,0.216292,0.07927,0.098181,0.585435
ACAAGGACAAGAGGTT-1,0.034234,0.180388,0.293999,0.1536,0.337779
ACAAGGATGCTTTAGG-1,0.065667,0.246381,0.325805,0.040159,0.321988
ACAAGGCCTACCAGCC-1,0.773948,0.011485,0.004352,0.1921,0.018115
ACAAGGGCAGGCTCTG-1,0.008051,0.090723,0.097239,0.152115,0.651872
ACAATAGTCGTACGTT-1,0.084934,0.187159,0.229538,0.193898,0.304471
ACAATCCATTTAAACC-1,0.037032,0.023479,0.030547,0.271101,0.63784
ACAATCGATCTTTATA-1,0.354679,0.146495,0.116258,0.331423,0.051145
ACAATGAATACGGAGA-1,0.031509,0.268521,0.048765,0.066635,0.584569
ACAATGATTCTTCTAC-1,0.833023,0.010662,0.144007,0.000077,0.012231
ACAATTGTGTCTCTTT-1,0.057119,0.830192,0.060104,0.050915,0.00167
ACAATTTAGGAGGCTC-1,0.056207,0.020204,0.450079,0.053869,0.419641
ACAATTTGAGCAGTGG-1,0.024529,0.129437,0.217476,0.128622,0.499936
ACAATTTGGCCATATT-1,0.020145,0.391043,0.109153,0.15406,0.325599
ACACAAAGACGGGTGG-1,0.031097,0.037857,0.088897,0.329457,0.512693
ACACAAATATTCCTAG-1,0.999574,0.000085,0.000085,0.000085,0.000171
ACACACCAGGACCAGT-1,0.012919,0.166727,0.111577,0.112556,0.596221
ACACACTTTCTACACG-1,0.651243,0.074717,0.027821,0.196771,0.049448
ACACATGATCAAATCT-1,0.016095,0.218212,0.400632,0.039802,0.32526
ACACATTGACGCAACA-1,0.573552,0.224482,0.199369,0.000219,0.002378
ACACATTTCCGTAGAC-1,0.299817,0.017607,0.403894,0.00009,0.278592
ACACCACATAATTAGC-1,0.026586,0.129418,0.283825,0.108883,0.45129
ACACCCAGCATGCAGC-1,0.017446,0.025927,0.118522,0.280708,0.557397
ACACCCGAGAAATCCG-1,0.424875,0.066734,0.342134,0.069217,0.09704
ACACCCGTAAATCTGT-1,0.953376,0.001894,0.008445,0.028402,0.007883
ACACCGAGCGCTCTTT-1,0.000025,0.006465,0.000025,0.643749,0.349736
ACACCGGTCTGACCGC-1,0.08559,0.0233,0.010818,0.362622,0.51767
ACACCTTAAGTAGGGC-1,0.140872,0.020672,0.223167,0.217515,0.397774
ACACCTTACTACTTGC-1,0.000127,0.288853,0.10188,0.241376,0.367763
ACACGAGACTCCTTCT-1,0.040737,0.169037,0.072384,0.253859,0.463983
ACACGGCACTATGCAT-1,0.798231,0.039825,0.107799,0.018265,0.03588
ACACGGGAACTTAGGG-1,0.301501,0.117798,0.022604,0.116831,0.441265
ACACGTAGGCCACAAG-1,0.001899,0.014408,0.016262,0.134895,0.832537
ACACTCCAATGTCACT-1,0.133075,0.053189,0.089496,0.504644,0.219596
ACACTGATCAAGGTGT-1,0.003054,0.204264,0.087708,0.154042,0.550932
ACACTGGGACAGTCGT-1,0.017911,0.082245,0.119582,0.112555,0.667708
ACAGAACTGAGAACAA-1,0.00263,0.070108,0.201886,0.090802,0.634574
ACAGATTAGGTTAGTG-1,0.682657,0.004306,0.002677,0.296581,0.013781
ACAGCATAGAGCCAGT-1,0.186139,0.027976,0.009038,0.744842,0.032004
ACAGCGACATTCTCAT-1,0.100328,0.309854,0.166391,0.194303,0.229125
ACAGCGCACCCGCAGC-1,0.450259,0.403695,0.073457,0.00799,0.064598
ACAGGAGGCGCAGCCG-1,0.233959,0.117481,0.153675,0.475078,0.019807
ACAGGCACGGATCCTT-1,0.19079,0.114224,0.236237,0.060393,0.398357
ACAGGCTTGCCCGACT-1,0.27668,0.205738,0.400506,0.024783,0.092293
ACAGGTGGAGGTGAGG-1,0.043699,0.057845,0.159274,0.064227,0.674955
ACAGGTGTGTTGTTGC-1,0.02046,0.10264,0.034604,0.143284,0.699011
ACAGTAATACAACTTG-1,0.069485,0.125899,0.45876,0.027719,0.318137
ACAGTATACCGTGGGA-1,0.076757,0.124948,0.195667,0.244375,0.358253
ACAGTGCAGCGCATTT-1,0.416894,0.000035,0.000035,0.582751,0.000285
ACATAAGTCGTGGTGA-1,0.199466,0.258213,0.124896,0.042786,0.374639
ACATAATAAGGCGGTG-1,0.210179,0.020034,0.159668,0.464752,0.145367
ACATCAGCTGGGACGC-1,0.059941,0.160217,0.044822,0.241676,0.493344
ACATCCCGGCCATACG-1,0.000081,0.169972,0.131928,0.062542,0.635477
ACATCCTGGTAACTGT-1,0.018839,0.088233,0.060187,0.266219,0.566522
ACATCGATCGTTTACC-1,0.000066,0.087916,0.025224,0.132654,0.75414
ACATCGGTCAGCCGCG-1,0.002259,0.005019,0.007231,0.187849,0.797642
ACATCGTATGCAATGG-1,0.0001,0.003905,0.00138,0.174148,0.820467
ACATCGTTAACCTAGT-1,0.752655,0.019266,0.085455,0.096822,0.045803
ACATCTCAACGCGTAA-1,0.979876,0.000709,0.010337,0.007233,0.001846
ACATGGCGCCAAAGTA-1,0.006377,0.199503,0.216772,0.186965,0.390383
ACATGGCTCAATTTAG-1,0.484795,0.008917,0.028311,0.399445,0.078532
ACATTAGTTTATATCC-1,0.003332,0.565459,0.15789,0.057886,0.215433
ACATTCGCGCGGAATA-1,0.002094,0.160294,0.46234,0.011013,0.364259
ACCAAACACCCAGCGA-1,0.663974,0.231587,0.104237,0.000067,0.000134
ACCAAACTAGAAATCC-1,0.620588,0.162918,0.125504,0.074447,0.016543
ACCAACACCACACACT-1,0.001289,0.00253,0.002855,0.19161,0.801715
ACCAACCGCACTCCAC-1,0.010785,0.000223,0.001094,0.063825,0.924073
ACCAACGCTTATTTAT-1,0.071141,0.063983,0.13972,0.110541,0.614616
ACCAAGAACGCGTGTC-1,0.023394,0.00963,0.011024,0.838687,0.117265
ACCAAGTCATCGGCAG-1,0.283939,0.496154,0.070532,0.069506,0.079869
ACCAATATGCAAGTTA-1,0.021869,0.136133,0.078611,0.141858,0.621529
ACCACAACTCAGAACA-1,0.893959,0.064086,0.04177,0.000062,0.000124
ACCACAAGTTTCTATC-1,0.064888,0.108013,0.033824,0.159267,0.634009
ACCACCAATGTAACAA-1,0.023427,0.16218,0.257232,0.174446,0.382715
ACCACCCTCTCTTCTA-1,0.009106,0.077499,0.056415,0.190965,0.666014
ACCACGTGCAGCTATA-1,0.002761,0.000516,0.028251,0.140201,0.828271
ACCACTGTTCAAGAAG-1,0.165245,0.074488,0.2081,0.271202,0.280966
ACCAGACCATAACAAC-1,0.039855,0.17554,0.100454,0.037631,0.64652
ACCAGCCCGGTCTTTG-1,0.787771,0.028772,0.040802,0.123339,0.019315
ACCAGGAGTGTGATCT-1,0.046269,0.193199,0.015804,0.690514,0.054215
ACCAGTGCCCGGTCAA-1,0.796619,0.064303,0.0484,0.087505,0.003173
ACCAGTGCGGGAGACG-1,0.010197,0.202703,0.011465,0.191619,0.584015
ACCATATCCGCAATAA-1,0.018941,0.13791,0.173972,0.103693,0.565484
ACCATCCGCCAACTAG-1,0.105041,0.23229,0.266429,0.032426,0.363814
ACCATCGTATATGGTA-1,0.026678,0.458555,0.130604,0.149439,0.234725
ACCATTAAGGGTGTCA-1,0.059489,0.015989,0.248295,0.524344,0.151883
ACCCAACGCCCGTGGC-1,0.056785,0.131519,0.1468,0.227595,0.437301
ACCCACCTACATGCTC-1,0.069319,0.283556,0.155126,0.079182,0.412817
ACCCATCTTGAGGGTA-1,0.052861,0.158304,0.403824,0.027395,0.357615
ACCCATTTGTCCCTCT-1,0.080802,0.100974,0.063787,0.241039,0.513399
ACCCGAGCGAAATTAC-1,0.034897,0.580613,0.102095,0.021062,0.261334
ACCCGATTGGTTCCGA-1,0.000429,0.103909,0.252933,0.10422,0.53851
ACCCGGAAACTCCCAG-1,0.039495,0.157909,0.040727,0.103357,0.658512
ACCCGGAGCACCACAA-1,0.012798,0.358306,0.25366,0.112453,0.262783
ACCCGGATGACGCATC-1,0.001205,0.046106,0.032204,0.338078,0.582408
ACCCGGTTACACTTCC-1,0.010014,0.053169,0.062271,0.202135,0.672411
ACCCGTAGCAGAGAAT-1,0.219939,0.018247,0.536945,0.035211,0.189658
ACCCGTAGTCTAGTTG-1,0.463179,0.026278,0.398211,0.000083,0.112249
ACCCGTGTCATCAGTA-1,0.041549,0.019598,0.088252,0.120656,0.729945
ACCCTATAGGACTGAG-1,0.096973,0.022852,0.182437,0.421915,0.275822
ACCCTATGCCATATCG-1,0.052877,0.150583,0.109861,0.187017,0.499662
ACCCTCCCGTCAGGGC-1,0.019002,0.118299,0.131905,0.057687,0.673108
ACCCTCCCTTGCTATT-1,0.005113,0.063384,0.079107,0.108593,0.743804
ACCCTGGTAACGCCCT-1,0.057698,0.136952,0.214263,0.135093,0.455994
ACCCTTCATCTGCGAA-1,0.808095,0.066619,0.125043,0.000081,0.000162
ACCCTTGCCTGGGTCG-1,0.909407,0.023088,0.067275,0.000077,0.000154
ACCCTTTAGTTCTCCA-1,0.713434,0.000058,0.000058,0.283815,0.002635
ACCGAAAGGGCCCTGC-1,0.332689,0.084762,0.17401,0.379625,0.028914
ACCGAAGAGTCTGGTT-1,0.281191,0.154811,0.035117,0.242026,0.286855
ACCGACACATCTCCCA-1,0.015263,0.032799,0.028509,0.04014,0.883288
ACCGACTGAGTCCCAC-1,0.00004,0.040684,0.011123,0.336158,0.611996
ACCGAGTCTCCTTATT-1,0.300329,0.156242,0.373844,0.004627,0.164958
ACCGATAGGCATAACC-1,0.015936,0.409681,0.151179,0.062619,0.360584
ACCGATATTTAATCAT-1,0.023668,0.252398,0.06716,0.30257,0.354205
ACCGATGGTAGCATCG-1,0.019676,0.20837,0.212488,0.133217,0.426248
ACCGCAATAACTGCCT-1,0.002515,0.050503,0.027207,0.329438,0.590337
ACCGCGGTGGAAGTCG-1,0.008671,0.462919,0.066039,0.069994,0.392377
ACCGCTAGTCATTGGT-1,0.000145,0.001486,0.52071,0.000145,0.477514
ACCGGGCCTTTGTTGA-1,0.017571,0.313818,0.14615,0.221501,0.30096
ACCGGTCAGGTACACC-1,0.02052,0.091624,0.227183,0.14061,0.520063
ACCGGTCTGAGTACGG-1,0.560855,0.000044,0.000044,0.437133,0.001924
ACCGTCCACTGGGCCC-1,0.011921,0.044015,0.00865,0.097414,0.838
ACCGTGACCACGTGGG-1,0.103781,0.140211,0.373079,0.028674,0.354256
ACCGTTCCCGCTCTGA-1,0.966286,0.016763,0.016653,0.000099,0.000198
ACCTAAGTACCTTTCA-1,0.000236,0.122578,0.170544,0.067007,0.639635
ACCTAATCGACTTCCT-1,0.083528,0.071766,0.200877,0.148636,0.495193
ACCTACAGTATGTGGT-1,0.006303,0.311028,0.114043,0.185745,0.382881
ACCTACTATAAATCTA-1,0.090786,0.089947,0.066636,0.034856,0.717775
ACCTCCGCCCTCGCTG-1,0.010473,0.631003,0.082084,0.071152,0.205288
ACCTCCGTTATTCACC-1,0.019304,0.19802,0.16841,0.213033,0.401232
ACCTCGAACTTATGCT-1,0.024461,0.258955,0.088641,0.056032,0.571911
ACCTGCGTGTCATGTT-1,0.030497,0.592971,0.231755,0.001682,0.143094
ACCTTTCCTTTAGAAG-1,0.325835,0.02714,0.646831,0.000065,0.000129
ACGAAATGGGCGGCAC-1,0.015291,0.144022,0.302381,0.20735,0.330955
ACGACCCATGAGTTGC-1,0.002416,0.149177,0.082168,0.121312,0.644926
ACGACTCTAGGGCCGA-1,0.127832,0.14334,0.100927,0.096451,0.53145
ACGACTGGTCATACTC-1,0.06582,0.147874,0.1181,0.055784,0.612422
ACGAGAACCCATCACG-1,0.602419,0.013427,0.187658,0.196313,0.000182
ACGAGATATTTGCTTA-1,0.429779,0.048472,0.233671,0.070941,0.217136
ACGAGGATACCACTCT-1,0.000059,0.160856,0.062899,0.081486,0.6947
ACGAGGTTTACAACGT-1,0.122154,0.235662,0.145056,0.066274,0.430853
ACGAGTACGGATGCCC-1,0.003019,0.228775,0.095914,0.119301,0.552991
ACGAGTCGCCGGCGTT-1,0.362312,0.356678,0.101364,0.161947,0.0177
ACGATACATAGAACTA-1,0.005869,0.059914,0.026179,0.387128,0.520909
ACGATACCTATCCTGA-1,0.023076,0.02089,0.028793,0.297764,0.629477
ACGATCATACATAGAG-1,0.204493,0.059142,0.112162,0.187517,0.436687
ACGATCATCTTGTAAA-1,0.008724,0.296412,0.138916,0.16991,0.386037
ACGATGCATATGTTAT-1,0.024991,0.112136,0.209041,0.086905,0.566927
ACGATGGATCCGATGC-1,0.504657,0.008973,0.000048,0.476461,0.009861
ACGCAAACTAATAGAT-1,0.040296,0.080343,0.042146,0.581291,0.255924
ACGCAATCACTACAGC-1,0.013406,0.384319,0.228649,0.200272,0.173355
ACGCATAAATGACATG-1,0.918763,0.075767,0.005342,0.000043,0.000085
ACGCATACGTTTACTA-1,0.013302,0.2853,0.086335,0.223376,0.391687
ACGCATTCGTGAGTAC-1,0.214919,0.358908,0.214253,0.005626,0.206295
ACGCCAGATGATTTCT-1,0.194106,0.076982,0.085517,0.365118,0.278277
ACGCCAGTGCGTTTGC-1,0.527412,0.050058,0.152745,0.063014,0.20677
ACGCCCAGCTGTCGAT-1,0.68954,0.031931,0.278167,0.000121,0.000242
ACGCCGCTAGACGACC-1,0.041682,0.151251,0.113373,0.261538,0.432156
ACGCCTGACACGCGCT-1,0.110588,0.029013,0.021191,0.811084,0.028124
ACGCGAAGTCAGACGA-1,0.043669,0.014194,0.01154,0.080865,0.849732
ACGCGCTACACAGGGT-1,0.028599,0.080038,0.095716,0.158485,0.637162
ACGCGGGCCAAGGACA-1,0.006617,0.157783,0.060334,0.287559,0.487707
ACGCGTTTCTTAAGAG-1,0.048554,0.239421,0.229931,0.176693,0.305401
ACGCTAGTATCAGTGC-1,0.97808,0.016666,0.005093,0.000054,0.000108
ACGCTAGTGATACACT-1,0.026936,0.125928,0.223471,0.196511,0.427155
ACGCTGTGAGGCGTAG-1,0.029841,0.228709,0.600144,0.009974,0.131332
ACGCTTAGTGTCTCTC-1,0.90917,0.018554,0.025563,0.033545,0.013169
ACGGAATTTAGCAAAT-1,0.088979,0.071293,0.147356,0.534481,0.157891
ACGGACTCTCAAAGCG-1,0.015976,0.215504,0.030457,0.049202,0.688861
ACGGAGCGCAAATTAC-1,0.133734,0.402839,0.156851,0.059319,0.247256
ACGGATGGTGCGGATA-1,0.08349,0.066745,0.244092,0.089476,0.516198
ACGGCACTTGCTTGGG-1,0.025815,0.077522,0.069819,0.103567,0.723277
ACGGCCAACATGGACT-1,0.029186,0.068496,0.082297,0.072908,0.747113
ACGGCGACGATGGGAA-1,0.028058,0.067846,0.292703,0.136947,0.474446
ACGGCGGGTTGCCCTG-1,0.759487,0.073552,0.151282,0.012621,0.003058
ACGGCTGGATGTAGAA-1,0.025612,0.106506,0.081794,0.058313,0.727775
ACGGGAGTGTCGGCCC-1,0.011033,0.073387,0.400769,0.074363,0.440447
ACGGGCGTATGCGACA-1,0.000033,0.003174,0.001593,0.272116,0.723085
ACGGGTCATGTGACTT-1,0.102814,0.046768,0.024822,0.452948,0.372649
ACGGGTTGTGACCTGT-1,0.118854,0.042329,0.476118,0.034035,0.328665
ACGGTACAGTTCAATG-1,0.223925,0.29591,0.253631,0.012525,0.214008
ACGGTCACCGAGAACA-1,0.298211,0.024324,0.00418,0.424879,0.248406
ACGTACAGATTTCTCT-1,0.548853,0.242644,0.199957,0.000107,0.008438
ACGTACTTTGGCACGG-1,0.202134,0.081039,0.199185,0.012941,0.5047
ACGTAGATTGCTGATG-1,0.011177,0.044887,0.004661,0.625736,0.313538
ACGTAGGAGAGTCGCT-1,0.197055,0.252196,0.239566,0.010284,0.300899
ACGTATTACTCCGATC-1,0.011505,0.176668,0.110829,0.118951,0.582047
ACGTCCTAAACGAGAT-1,0.535636,0.285619,0.178328,0.000139,0.000278
ACGTCGGGCAACTCGG-1,0.121326,0.004798,0.009436,0.078376,0.786064
ACGTCTCGTTCCGGGA-1,0.046583,0.408501,0.298353,0.040624,0.20594
ACGTGACAAAGTAAGT-1,0.18866,0.159774,0.231129,0.030218,0.390219
ACGTGCGCCTCGTGCA-1,0.052207,0.167276,0.026382,0.50386,0.250274
ACGTGGTCGAATGTGC-1,0.907717,0.011977,0.080078,0.000076,0.000153
ACGTTAATGTCGAAGA-1,0.004742,0.257712,0.058683,0.178396,0.500467
ACGTTAGATTTGCCCG-1,0.013066,0.038647,0.018433,0.099235,0.830618
ACGTTATTGGTCACTC-1,0.849753,0.01333,0.131705,0.00011,0.005102
ACGTTCCGCGCTCCGT-1,0.823809,0.117308,0.023109,0.01212,0.023654
ACGTTCGCAATCAATT-1,0.002773,0.398767,0.181406,0.255107,0.161947
ACGTTCGTTCAGGAAA-1,0.026185,0.124442,0.310985,0.0475,0.490889
ACGTTCTGTACAAGTC-1,0.510897,0.041491,0.033574,0.009648,0.40439
ACGTTTAGTTGTGATC-1,0.720216,0.016095,0.203023,0.037696,0.022969
ACTAAGGACGCACACC-1,0.706473,0.003971,0.00207,0.280808,0.006678
ACTAATACGTCAGGCG-1,0.572386,0.00003,0.00003,0.425574,0.00198
ACTACAAAGAGAGGTG-1,0.00709,0.045573,0.30878,0.035774,0.602783
ACTACATCCCGACAAG-1,0.004666,0.488139,0.311366,0.007194,0.188636
ACTACCAGCTCTCTGG-1,0.277783,0.139388,0.258602,0.048397,0.275831
ACTACGCGTTAGAATT-1,0.000047,0.056039,0.088876,0.042309,0.81273
ACTAGTTGCGATCGTC-1,0.059931,0.137542,0.306849,0.321478,0.174199
ACTATATGCTGTGTTC-1,0.774411,0.072016,0.15322,0.000117,0.000235
ACTATCCAGGGCATGG-1,0.043,0.095303,0.109607,0.141897,0.610192
ACTATCGCCGGCTAAA-1,0.017525,0.007954,0.004861,0.559657,0.410003
ACTATCTGCCCGCGTA-1,0.148841,0.316976,0.205868,0.02354,0.304775
ACTATGTCCAGCTGCC-1,0.078128,0.189684,0.210254,0.327713,0.194221
ACTATTCGTCCGTGGT-1,0.895853,0.017526,0.055997,0.0001,0.030525
ACTATTTCCGGGCCCA-1,0.03809,0.039526,0.02095,0.155979,0.745456
ACTCAACGAATGTATT-1,0.676103,0.005163,0.172217,0.126965,0.019551
ACTCAAGTGCAAGGCT-1,0.066315,0.43296,0.487356,0.003015,0.010353
ACTCAATAAAGGCACG-1,0.07199,0.379639,0.085118,0.130241,0.333012
ACTCAGACCTGCTTCT-1,0.045173,0.001982,0.034281,0.228715,0.68985
ACTCATGGCAGCCTTC-1,0.010283,0.284325,0.034906,0.028254,0.642232
ACTCCAATATCATCAT-1,0.116623,0.26424,0.17021,0.029948,0.418979
ACTCCCATTCCTAAAG-1,0.053759,0.230499,0.335038,0.023798,0.356905
ACTCCCGAATTCGTTT-1,0.002895,0.456479,0.080218,0.173631,0.286777
ACTCCCGTAGACTAGG-1,0.032551,0.244751,0.190854,0.144691,0.387153
ACTCCCTAATGCTAAA-1,0.265992,0.235273,0.404449,0.000077,0.094209
ACTCCCTAGAATAGTA-1,0.003137,0.114514,0.049312,0.073966,0.759071
ACTCCGGCCGACCACT-1,0.070697,0.034155,0.270088,0.055343,0.569717
ACTCGATGTATTTCAT-1,0.740492,0.083623,0.130033,0.000832,0.045021
ACTCGCCGTTCGATAA-1,0.051682,0.143059,0.174234,0.079339,0.551685
ACTCGCGATCTGACGC-1,0.049358,0.262874,0.344834,0.13258,0.210354
ACTCGTAACCCGTCCT-1,0.067132,0.026052,0.052014,0.117287,0.737515
ACTCGTCAGTAATCCC-1,0.012936,0.067039,0.23047,0.187216,0.502339
ACTCTAAACCTGGGAT-1,0.010491,0.289209,0.208722,0.146315,0.345264
ACTCTCTGACTTAGGT-1,0.012335,0.023741,0.058773,0.291174,0.613977
ACTCTCTTATACACGA-1,0.706962,0.004691,0.2724,0.000834,0.015113
ACTCTGACCTAATAGA-1,0.031845,0.100106,0.104869,0.055578,0.707602
ACTCTTCAGCTCCCGC-1,0.017239,0.404657,0.183381,0.123874,0.270849
ACTCTTGTATAGTAAC-1,0.000031,0.00653,0.001902,0.219888,0.771649
ACTGAAACGCCGTTAG-1,0.085382,0.373506,0.148253,0.043511,0.349348
ACTGAATGGCGAAAGT-1,0.00609,0.307811,0.256256,0.056871,0.372972
ACTGATTTAGTGATTC-1,0.847677,0.000061,0.001599,0.128672,0.021991
ACTGCCCGCCATTCTC-1,0.399525,0.053904,0.10921,0.009109,0.428251
ACTGCCGTCGTAACTC-1,0.171829,0.064756,0.026197,0.58995,0.147269
ACTGCGGACACACCGT-1,0.003203,0.082206,0.025554,0.298621,0.590415
ACTGCTCGGAAGGATG-1,0.14937,0.167317,0.228507,0.114753,0.340053
ACTGGCGAACCTGCGT-1,0.992811,0.000075,0.006887,0.000075,0.000151
ACTGGGATGCCAGTGC-1,0.011415,0.003399,0.011814,0.079967,0.893405
ACTGTACGATACACAT-1,0.020504,0.123684,0.145797,0.212454,0.497561
ACTGTAGCACTTTGGA-1,0.086237,0.016037,0.072027,0.378839,0.44686
ACTGTATACGCGAGCA-1,0.691761,0.023076,0.123308,0.08166,0.080195
ACTGTCCAGGATTATA-1,0.0859,0.038533,0.169054,0.474732,0.23178
ACTGTCTTCTTTAGAA-1,0.01956,0.238541,0.128177,0.152973,0.460749
ACTGTGCTAGTAGATC-1,0.08521,0.041267,0.08854,0.377302,0.407681
ACTGTTTAGTGTAGGC-1,0.393598,0.344579,0.261366,0.000152,0.000304
ACTTACCGGGCGCGCA-1,0.747886,0.00916,0.02191,0.220022,0.001022
ACTTACGCATCCACGC-1,0.089302,0.191629,0.189691,0.119961,0.409417
ACTTAGTACGACAAGA-1,0.016485,0.073357,0.117414,0.557788,0.234956
ACTTATACTTACCCGG-1,0.039311,0.38403,0.057356,0.391367,0.127936
ACTTATCTGATCTATA-1,0.142644,0.135509,0.102214,0.594158,0.025476
ACTTATTAGGATCGGT-1,0.011938,0.136374,0.175347,0.158444,0.517897
ACTTATTTATGTGCCA-1,0.005725,0.050645,0.067102,0.134519,0.742009
ACTTCAGGCTGATCCC-1,0.021913,0.134954,0.113713,0.206105,0.523315
ACTTCCAGTGGAAGCT-1,0.264878,0.091332,0.305151,0.075316,0.263322
ACTTCCATGCGGGACA-1,0.091773,0.067461,0.414882,0.015143,0.410742
ACTTCCTGTCGTGCGA-1,0.504405,0.005333,0.000019,0.487772,0.00247
ACTTCGCCATACGCAC-1,0.019014,0.261389,0.086174,0.099167,0.534257
ACTTCGCTAGCGAGTG-1,0.083916,0.424964,0.342506,0.062952,0.085662
ACTTGACTCCCTCTTT-1,0.002406,0.055454,0.001917,0.385041,0.555183
ACTTGCCATATTGTAC-1,0.382895,0.3267,0.068575,0.204585,0.017245
ACTTGCTCTATCTACC-1,0.223658,0.03726,0.189449,0.055461,0.494173
ACTTGGGACCCGGTGG-1,0.065023,0.074744,0.108397,0.134553,0.617283
ACTTGTAGTCCCTTCA-1,0.103796,0.057418,0.169439,0.007296,0.662051
ACTTGTGGATGGAACG-1,0.292756,0.661927,0.041243,0.000071,0.004002
ACTTTACCCTCATGAA-1,0.005614,0.066036,0.033844,0.268343,0.626162
ACTTTATACACCACTT-1,0.015692,0.000121,0.582871,0.164586,0.23673
ACTTTCCTATAGCTTC-1,0.004336,0.123906,0.022195,0.146455,0.703108
ACTTTGACTGCATCCT-1,0.000792,0.080234,0.258668,0.125005,0.535301
ACTTTGGTCGTGCTCC-1,0.038797,0.159324,0.144855,0.198486,0.458538
ACTTTGTCGACGCACT-1,0.00983,0.305411,0.414192,0.108923,0.161644
AGAAATTATGACTCGC-1,0.163498,0.392392,0.274055,0.028063,0.141992
AGAACCCAGCGTGACA-1,0.056004,0.207678,0.391218,0.133629,0.21147
AGAACCCTCAATTGGG-1,0.000015,0.001136,0.000342,0.068013,0.930495
AGAACGTGGTACATTC-1,0.092369,0.465908,0.078853,0.097826,0.265045
AGAAGAGCGCCGTTCC-1,0.000517,0.081773,0.000517,0.260766,0.656426
AGAAGGTACACTTCAC-1,0.036995,0.023308,0.06782,0.053808,0.818069
AGAAGGTTGCCGAATT-1,0.002761,0.132297,0.286081,0.087537,0.491324
AGAAGGTTGTAGGTCG-1,0.219684,0.261897,0.271303,0.017674,0.229441
AGAAGTGATTCGTGAT-1,0.122633,0.260951,0.172405,0.098358,0.345653
AGAATAAATCTTCAGG-1,0.004051,0.198587,0.364451,0.117083,0.315828
AGAATGCGGGTTCGGA-1,0.993776,0.000062,0.005976,0.000062,0.000124
AGAATTATGGATTCGA-1,0.005903,0.242079,0.146268,0.15574,0.45001
AGAATTGTTTGACATA-1,0.28094,0.08093,0.130543,0.405623,0.101964
AGACAGCTCAGAATCC-1,0.08147,0.158717,0.45307,0.052957,0.253785
AGACAGGCATCTCAGC-1,0.007257,0.395202,0.24304,0.080048,0.274453
AGACATAGATCCTTCC-1,0.774137,0.07643,0.125183,0.000135,0.024114
AGACCAAACCACACCT-1,0.046741,0.055934,0.308338,0.045102,0.543884
AGACCATGGGATACAA-1,0.061252,0.03371,0.501999,0.284993,0.118047
AGACCCACCGCTGATC-1,0.000976,0.380174,0.24821,0.007285,0.363354
AGACCCGCCCTCCTCG-1,0.082558,0.019865,0.035442,0.428392,0.433743
AGACCGCTCCGCGGTT-1,0.087915,0.022523,0.889416,0.000049,0.000097
AGACCGGGAAACCCTG-1,0.198138,0.266949,0.146754,0.039887,0.348273
AGACGAAGTGCCGGTC-1,0.002406,0.042261,0.034123,0.118702,0.802509
AGACGACGATGCCGCT-1,0.017751,0.021786,0.069301,0.137793,0.753368
AGACGCCCACTTCGCC-1,0.00784,0.129758,0.159062,0.198949,0.504391
AGACGGGATTGGTATA-1,0.750483,0.023841,0.174298,0.026168,0.025211
AGACGGGCCGATTTAA-1,0.691772,0.007157,0.003964,0.286596,0.010511
AGACTAGCCTTCCAGA-1,0.051348,0.151351,0.271181,0.034764,0.491356
AGACTGTTACCGGGTC-1,0.045683,0.097819,0.138132,0.118254,0.600111
AGAGAAACACCAGAAA-1,0.145633,0.239274,0.173735,0.282978,0.15838
AGAGAACCGTCTAGGA-1,0.075973,0.233567,0.140308,0.034221,0.515931
AGAGAAGGAGTACAAT-1,0.051259,0.226433,0.146601,0.014219,0.561488
AGAGATCTCTAAAGCG-1,0.184276,0.649693,0.157946,0.000068,0.008017
AGAGCAGTTATGAGAC-1,0.023559,0.380734,0.319298,0.038346,0.238063
AGAGCCGCCGAGATTT-1,0.000482,0.24164,0.303534,0.073547,0.380796
AGAGCGCTTGTAACGG-1,0.6745,0.011512,0.105904,0.195534,0.012551
AGAGCGGGCTAATCAT-1,0.164598,0.006957,0.01406,0.532638,0.281748
AGAGCGTACAAGCTCG-1,0.15187,0.179062,0.205798,0.172194,0.291076
AGAGCTACGAAAGCAT-1,0.108971,0.056269,0.154397,0.568826,0.111537
AGAGGCTTCGGAAACC-1,0.112959,0.309531,0.145131,0.05962,0.372759
AGAGGGACAATTGTCC-1,0.986468,0.000089,0.013177,0.000089,0.000177
AGAGGTATCTCGGTCC-1,0.153432,0.024005,0.195437,0.544731,0.082396
AGAGTAAACTTCACTA-1,0.02624,0.267422,0.223447,0.183105,0.299786
AGAGTATAGTGTTACG-1,0.092037,0.443459,0.205405,0.102931,0.156168
AGAGTGAACAGACACC-1,0.907448,0.018322,0.047819,0.015592,0.010818
AGAGTTAGAGACCGAT-1,0.834913,0.022006,0.043588,0.081525,0.017968
AGAGTTGCAGGCCTCC-1,0.999701,0.00006,0.00006,0.00006,0.00012
AGATAACTTCAGGGCC-1,0.040091,0.033691,0.03815,0.264489,0.623578
AGATACCAATAGAACC-1,0.135015,0.238326,0.553197,0.009999,0.063463
