Barcode,Topic 1to2,Topic 3,Topic 4to5,Topic 6to7,Topic 8to10
AAACAACGAATAGTTC-1,0.111172,0.011935,0.212367,0.472375,0.192151
AAACAAGTATCTCCCA-1,0.715882,0.044707,0.037376,0.026594,0.175442
AAACAATCTACTAGCA-1,0.541796,0.013191,0.001992,0.414222,0.028799
AAACACCAATAACTGC-1,0.052921,0.012553,0.33962,0.316898,0.278008
AAACAGAGCGACTCCT-1,0.128373,0.072215,0.292475,0.332641,0.174295
AAACAGCTTTCAGAAG-1,0.284319,0.074747,0.114565,0.276166,0.250203
AAACAGGGTCTATATT-1,0.558277,0.001039,0.001836,0.20498,0.233868
AAACAGTGTTCCTGGG-1,0.519303,0.017073,0.001147,0.153051,0.309426
AAACATGGTGAGAGGA-1,0.204865,0.065102,0.118568,0.122575,0.48889
AAACATTTCCCGGATT-1,0.404461,0.00147,0.070034,0.060766,0.463269
AAACCACTACACAGAT-1,0.462768,0.104729,0.098532,0.332284,0.001687
AAACCCGAACGAAATC-1,0.300509,0.01682,0.150341,0.019546,0.512784
AAACCGGAAATGTTAA-1,0.935679,0.001092,0.000063,0.000931,0.062236
AAACCGGGTAGGTACC-1,0.533528,0.000033,0.026409,0.411123,0.028908
AAACCGTTCGTCCAGG-1,0.002252,0.007485,0.10022,0.260846,0.629198
AAACCTAAGCAGCCGG-1,0.239874,0.002876,0.018246,0.208108,0.530897
AAACCTCATGAAGTTG-1,0.540032,0.001347,0.026918,0.227411,0.204292
AAACGAAGAACATACC-1,0.760962,0.001431,0.014502,0.186419,0.036687
AAACGAAGATGGAGTA-1,0.286066,0.023487,0.125194,0.149199,0.416054
AAACGACAGTCTTGCC-1,0.5095,0.14535,0.038096,0.3048,0.002255
AAACGAGACGGTTGAT-1,0.307775,0.065131,0.477786,0.097472,0.051836
AAACGCCCGAGATCGG-1,0.5427,0.070316,0.036347,0.334932,0.015705
AAACGCTGGGCACGAC-1,0.984611,0.010657,0.000072,0.004551,0.000108
AAACGGGCGTACGGGT-1,0.294485,0.025318,0.056166,0.110417,0.513615
AAACGGGTTGGTATCC-1,0.188744,0.004089,0.800601,0.006495,0.000071
AAACGGTTGCGAACTG-1,0.015795,0.051047,0.276905,0.221749,0.434504
AAACGTGTTCGCCCTA-1,0.119044,0.027418,0.316649,0.489604,0.047285
AAACTAACGTGGCGAC-1,0.075586,0.010167,0.205593,0.542491,0.166164
AAACTCGGTTCGCAAT-1,0.972233,0.027451,0.00009,0.00009,0.000135
AAACTCGTGATATAAG-1,0.175144,0.042124,0.218761,0.468137,0.095834
AAACTGCTGGCTCCAA-1,0.396706,0.017639,0.209415,0.143713,0.232526
AAACTTAATTGCACGC-1,0.227533,0.005433,0.047488,0.332278,0.387268
AAACTTGCAAACGTAT-1,0.149448,0.002745,0.072397,0.200147,0.575262
AAAGAATGACCTTAGA-1,0.325079,0.007382,0.054767,0.152939,0.459832
AAAGAATGTGGACTAA-1,0.153605,0.000018,0.737538,0.082936,0.025904
AAAGACATGAAGTTTA-1,0.288664,0.038772,0.043706,0.430238,0.198621
AAAGACCCAAGTCGCG-1,0.460497,0.06255,0.082096,0.357616,0.037241
AAAGACTGGGCGCTTT-1,0.515871,0.014812,0.043242,0.162386,0.26369
AAAGCTTGCCTACATA-1,0.686117,0.003959,0.064836,0.212899,0.032189
AAAGGCCCTATAATAC-1,0.241219,0.003355,0.000053,0.491881,0.263492
AAAGGCTACGGACCAT-1,0.102568,0.001676,0.208264,0.157716,0.529776
AAAGGCTCTCGCGCCG-1,0.277391,0.01331,0.226921,0.025691,0.456687
AAAGGGATGTAGCAAG-1,0.378198,0.128501,0.15423,0.2723,0.066771
AAAGGGCAGCTTGAAT-1,0.24546,0.055016,0.079026,0.43181,0.188688
AAAGGTAAGCTGTACC-1,0.394629,0.065908,0.045035,0.487964,0.006464
AAAGGTCAACGACATG-1,0.366125,0.009286,0.173764,0.425739,0.025086
AAAGTAGCATTGCTCA-1,0.638367,0.059594,0.068344,0.055797,0.177897
AAAGTCACTGATGTAA-1,0.463299,0.059689,0.065674,0.376735,0.034603
AAAGTCGACCCTCAGT-1,0.212224,0.01359,0.094943,0.155874,0.523368
AAAGTGCCATCAATTA-1,0.679787,0.001393,0.022378,0.207113,0.089328
AAAGTGTGATTTATCT-1,0.213212,0.020295,0.24648,0.037276,0.482736
AAAGTTGACTCCCGTA-1,0.486455,0.066519,0.031861,0.288043,0.127122
AAATAACCATACGGGA-1,0.24277,0.028626,0.185929,0.40906,0.133616
AAATAAGGTAGTGCCC-1,0.233806,0.014399,0.126486,0.295574,0.329735
AAATACCTATAAGCAT-1,0.317057,0.03536,0.386698,0.071918,0.188966
AAATAGCTTAGACTTT-1,0.107789,0.013907,0.119877,0.400748,0.357679
AAATAGGGTGCTATTG-1,0.651785,0.038291,0.051039,0.171181,0.087705
AAATCACTCCTAAACG-1,0.431304,0.170538,0.116218,0.281742,0.000197
AAATCCGATACACGCC-1,0.564206,0.000026,0.027997,0.219001,0.188772
AAATCGCGGAAGGAGT-1,0.602341,0.069757,0.045446,0.035498,0.246958
AAATCGTGTACCACAA-1,0.464819,0.010895,0.198055,0.167212,0.159019
AAATCTAGCCCTGCTA-1,0.32197,0.005609,0.042225,0.226638,0.403557
AAATCTGCCCGCGTCC-1,0.733415,0.089163,0.042149,0.08333,0.051944
AAATGACTGATCAAAC-1,0.757789,0.112271,0.033191,0.000048,0.096702
AAATGATTCGATCAGC-1,0.348592,0.055133,0.064724,0.514297,0.017255
AAATGCTCGTTACGTT-1,0.085904,0.219266,0.249713,0.321955,0.123162
AAATGGCATGTCTTGT-1,0.372235,0.061561,0.253184,0.274938,0.038082
AAATGGCCCGTGCCCT-1,0.285463,0.078103,0.232633,0.184349,0.219452
AAATGGTCAATGTGCC-1,0.060186,0.054373,0.311186,0.274551,0.299704
AAATGTATCTTATCCC-1,0.18294,0.077247,0.145504,0.288326,0.305982
AAATGTGGGTGCTCCT-1,0.214741,0.003335,0.084512,0.554677,0.142735
AAATTAACGGGTAGCT-1,0.093144,0.003736,0.204789,0.312826,0.385505
AAATTAATAAGCGCGA-1,0.314277,0.338948,0.025978,0.271081,0.049717
AAATTACACGACTCTG-1,0.274692,0.031266,0.414253,0.241639,0.03815
AAATTACCTATCGATG-1,0.016906,0.013905,0.228858,0.462036,0.278296
AAATTCCAGGTCCAAA-1,0.598281,0.015017,0.022332,0.245553,0.118817
AAATTGATAGTCCTTT-1,0.647628,0.068468,0.026557,0.095286,0.16206
AAATTGCGGCGGTTCT-1,0.406655,0.020301,0.082923,0.484171,0.00595
AAATTGGTGAGAAGCA-1,0.100263,0.094155,0.294884,0.458192,0.052507
AAATTTACCGAAATCC-1,0.300935,0.02967,0.073805,0.502143,0.093447
AAATTTGCGGGTGTGG-1,0.095653,0.012122,0.070484,0.302799,0.518942
AACAACTGGTAGTTGC-1,0.210959,0.055949,0.360925,0.161802,0.210364
AACAATACATTGTCGA-1,0.664958,0.007148,0.021811,0.253241,0.052842
AACAATTACTCTACGC-1,0.202529,0.281807,0.020682,0.310185,0.184797
AACACACGCTCGCCGC-1,0.505965,0.013541,0.039259,0.208441,0.232795
AACACGACTGTACTGA-1,0.609036,0.094574,0.133972,0.10171,0.060708
AACACGAGACGCGGCC-1,0.28348,0.01453,0.116484,0.075085,0.510422
AACACGCGGCCGCGAA-1,0.252329,0.015949,0.113514,0.589622,0.028587
AACAGCTGTGTGGCAA-1,0.335003,0.009169,0.128321,0.159887,0.36762
AACAGGAAATCGAATA-1,0.552456,0.025299,0.118734,0.265055,0.038457
AACAGGATGGGCCGCG-1,0.267883,0.00958,0.184947,0.310941,0.226649
AACAGGTAGTATGGAT-1,0.396302,0.071054,0.025934,0.076139,0.430571
AACATAGCGTGTATCG-1,0.269832,0.014713,0.030175,0.012857,0.672423
AACATATCAACTGGTG-1,0.031567,0.155017,0.214747,0.448631,0.150039
AACATCGATACGTCTA-1,0.122928,0.029582,0.11907,0.66172,0.066701
AACATTGAAGTTGATC-1,0.520584,0.047128,0.001694,0.234195,0.196398
AACATTGGTCAGCCGT-1,0.990367,0.000082,0.000164,0.009139,0.000247
AACATTGTGACTCGAG-1,0.140549,0.006765,0.106618,0.326562,0.419506
AACCAAGACTTCTCTG-1,0.152571,0.004004,0.084291,0.415763,0.343371
AACCAGTATCACTCTT-1,0.078343,0.013817,0.230442,0.441838,0.235561
AACCATAGGGTTGAAC-1,0.092971,0.001752,0.133305,0.275001,0.496971
AACCATGGGATCGCTA-1,0.654992,0.08947,0.062579,0.019958,0.173001
AACCCAGAGACGGAGA-1,0.392456,0.144545,0.058346,0.309712,0.094942
AACCCATCCCATGATC-1,0.80681,0.015274,0.024223,0.099161,0.054531
AACCCGACAACCCGTG-1,0.435659,0.002827,0.008231,0.313207,0.240075
AACCCGAGCAGAATCG-1,0.001373,0.000008,0.997479,0.000017,0.001123
AACCCGATAGGGCTTC-1,0.374887,0.028226,0.12161,0.463163,0.012114
AACCCGCTGTATTCCA-1,0.608119,0.116115,0.04446,0.053252,0.178054
AACCCTACTGTCAATA-1,0.332803,0.074938,0.158577,0.180485,0.253196
AACCCTGGTGGAACCA-1,0.418851,0.010616,0.084381,0.41323,0.072922
AACCGAGCTTGGTCAT-1,0.474256,0.025469,0.177903,0.245304,0.077068
AACCGCTAAGGGATGC-1,0.73383,0.062787,0.082505,0.009218,0.111659
AACCGTTGTGTTTGCT-1,0.30304,0.287115,0.016129,0.305932,0.087784
AACCTAAAGCCGTCCG-1,0.224805,0.006061,0.03481,0.587006,0.147317
AACCTCGCTTTAGCCC-1,0.125049,0.014076,0.027176,0.241342,0.592356
AACCTGTCACGGAATT-1,0.752133,0.001686,0.028839,0.149953,0.067389
AACCTTTAAATACGGT-1,0.003515,0.004791,0.098356,0.150631,0.742707
AACCTTTACGACGTCT-1,0.185576,0.422795,0.112596,0.142669,0.136364
AACGAAAGTCGTCCCA-1,0.738049,0.036882,0.007758,0.165649,0.051662
AACGACCTCCTAGCCG-1,0.431238,0.021819,0.154827,0.004639,0.387477
AACGATAATGCCGTAG-1,0.452818,0.060405,0.040791,0.104688,0.341298
AACGATAGAAGGGCCG-1,0.403189,0.008052,0.071882,0.45484,0.062037
AACGATATGTCAACTG-1,0.205507,0.009541,0.617507,0.080062,0.087382
AACGCATGATCTGGGT-1,0.246376,0.028048,0.103452,0.450825,0.171298
AACGCGAACGGCAACA-1,0.935634,0.03811,0.000072,0.026077,0.000107
AACGCGACCTTGGGCG-1,0.174678,0.01445,0.118166,0.326227,0.36648
AACGCGGTCTCCAGCC-1,0.157101,0.043278,0.191776,0.362849,0.244996
AACGCTGTTGCTGAAA-1,0.385309,0.00736,0.048476,0.134901,0.423955
AACGGACGTACGTATA-1,0.519012,0.015816,0.122846,0.072297,0.270029
AACGGCCATCTCCGGT-1,0.197363,0.019458,0.126288,0.448729,0.208163
AACGTACTGTGGGTAC-1,0.672362,0.012665,0.000095,0.254448,0.060431
AACGTAGTCTACCCAT-1,0.377468,0.001451,0.000104,0.620822,0.000156
AACGTCAGACTAGTGG-1,0.086638,0.159561,0.137584,0.307811,0.308407
AACGTCATCCGGCTTG-1,0.701792,0.121081,0.048158,0.000516,0.128453
AACGTCGCTGCACTTC-1,0.612688,0.000062,0.000124,0.248981,0.138146
AACGTGATGAAGGACA-1,0.021733,0.044318,0.92412,0.009796,0.000033
AACGTGCGAAAGTCTC-1,0.317696,0.01187,0.357354,0.094969,0.21811
AACGTTATCAGCACCT-1,0.530077,0.056153,0.048196,0.321991,0.043584
AACGTTCTACCATTGT-1,0.480171,0.009128,0.034159,0.093061,0.383482
AACTACCCGTTTGTCA-1,0.127368,0.000023,0.586855,0.2503,0.035455
AACTAGCGTATCGCAC-1,0.174756,0.004867,0.066543,0.657516,0.096317
AACTAGGCTTGGGTGT-1,0.163135,0.040083,0.134748,0.159396,0.502638
AACTCAAGTTAATTGC-1,0.770044,0.022871,0.081103,0.078997,0.046984
AACTCCAGAGCGTGTT-1,0.551715,0.000032,0.006295,0.179405,0.262552
AACTCCTAATCCCATG-1,0.154438,0.003252,0.177631,0.535558,0.129122
AACTCGATAAACACGT-1,0.870637,0.129013,0.0001,0.0001,0.00015
AACTCGATGGCGCAGT-1,0.346232,0.632524,0.002199,0.018892,0.000153
AACTCTCAATAGAGCG-1,0.445953,0.062423,0.227001,0.188999,0.075624
AACTCTCAGTGTGCTC-1,0.309501,0.014319,0.178846,0.201698,0.295637
AACTGAGGTCAGCGTC-1,0.609788,0.067461,0.198213,0.111776,0.012762
AACTGAGTTATACTGA-1,0.431413,0.006709,0.022428,0.150278,0.389172
AACTGATATTAGGCCT-1,0.285002,0.023372,0.230851,0.368318,0.092457
AACTGGGTCCCGACGT-1,0.263406,0.027814,0.161514,0.500279,0.046986
AACTGGGTTCGAGCCG-1,0.302933,0.041643,0.179716,0.467998,0.00771
AACTGGTGTGGGCCTT-1,0.567209,0.000091,0.052127,0.335178,0.045395
AACTTCTGCGTCTATC-1,0.260375,0.009975,0.097074,0.478458,0.154117
AACTTGCCCGTATGCA-1,0.107395,0.892261,0.000098,0.000098,0.000147
AACTTGCGTTCTCGCG-1,0.402122,0.010424,0.42693,0.157793,0.002731
AACTTTACGGGAGCTT-1,0.562984,0.008786,0.190936,0.174036,0.063259
AACTTTAGCTGCTGAG-1,0.10876,0.003649,0.068332,0.628659,0.190599
AACTTTCTCGATCATG-1,0.397144,0.138291,0.111661,0.352803,0.000101
AAGAAAGTTTGATGGG-1,0.539919,0.14585,0.115682,0.050678,0.14787
AAGAAATCACCAGATT-1,0.279276,0.467451,0.089906,0.163278,0.000089
AAGAAGGATCAGTTAG-1,0.425782,0.132156,0.064169,0.345843,0.03205
AAGACATACGTGGTTT-1,0.365503,0.00003,0.054926,0.224079,0.355461
AAGACCAAATAACTCA-1,0.071309,0.004396,0.046051,0.268382,0.609863
AAGACCCAACTGAACA-1,0.354926,0.017224,0.057498,0.329967,0.240385
AAGACTAACCCGTTGT-1,0.889153,0.024367,0.022927,0.063449,0.000104
AAGACTCACGCCCACT-1,0.432656,0.041315,0.0001,0.525779,0.00015
AAGACTGCAAGCTACT-1,0.040322,0.036142,0.206191,0.408029,0.309316
AAGAGATGAATCGGTA-1,0.506806,0.232151,0.055264,0.07078,0.134998
AAGAGCTCTTTATCGG-1,0.669754,0.192599,0.065506,0.019861,0.05228
AAGAGGATGTACGCGA-1,0.578804,0.187773,0.046535,0.072627,0.11426
AAGAGGCATGGATCGC-1,0.024156,0.078655,0.108356,0.387797,0.401036
AAGAGGCCCTTTGGAA-1,0.362021,0.102287,0.027386,0.039723,0.468583
AAGATGGCACCGGACC-1,0.297585,0.023113,0.088683,0.155362,0.435257
AAGATTGGCGGAACGT-1,0.580061,0.03296,0.175431,0.200076,0.011473
AAGCACCCTGCGTATC-1,0.513205,0.14971,0.144523,0.041641,0.150922
AAGCATACTCTCCTGA-1,0.625231,0.068439,0.141649,0.019942,0.144738
AAGCCACTTGCAGGTA-1,0.229203,0.025296,0.062384,0.079151,0.603967
AAGCCGAAGCGGTTTA-1,0.098126,0.05584,0.062082,0.064562,0.719391
AAGCCGCCGTGAAATC-1,0.170933,0.037354,0.035638,0.250502,0.505574
AAGCCGCTTTACCTTG-1,0.220557,0.016891,0.364517,0.330489,0.067546
AAGCCGGAGAGCAGGA-1,0.896252,0.000034,0.000068,0.055015,0.048631
AAGCGCAGGGCTTTGA-1,0.635766,0.023266,0.059451,0.006643,0.274875
AAGCGGAGTGCGCGCA-1,0.041467,0.009179,0.484096,0.340343,0.124915
AAGCGGCGTCATGGGT-1,0.118795,0.046204,0.326672,0.452332,0.055998
AAGCGTCCCTCATCGA-1,0.107983,0.889083,0.001752,0.000058,0.001124
AAGCTAGATCGAGTAA-1,0.160893,0.026601,0.316429,0.083353,0.412725
AAGCTATGGATTGACC-1,0.042771,0.089616,0.068326,0.018178,0.78111
AAGCTCGTGCCAAGTC-1,0.169461,0.040456,0.048022,0.164331,0.57773
AAGCTCTTTCATGGTG-1,0.530575,0.008289,0.06202,0.141039,0.258077
AAGGAGAACTTATAAG-1,0.431256,0.004315,0.006962,0.513731,0.043736
AAGGAGCGGTTGGTGC-1,0.417807,0.022365,0.138464,0.200287,0.221077
AAGGATCGATCGCTTG-1,0.113093,0.007107,0.208779,0.312541,0.35848
AAGGATGAGGGACCTC-1,0.034992,0.230782,0.128938,0.225895,0.379394
AAGGCAGGCTGTCTCC-1,0.612669,0.128963,0.075506,0.05128,0.131582
AAGGCGCGTAAAGCTT-1,0.333123,0.327482,0.223492,0.114867,0.001036
AAGGCTGTGCTCATCG-1,0.197101,0.157505,0.334868,0.227234,0.083292
AAGGGAACGACTGGCT-1,0.328788,0.024529,0.071999,0.352623,0.22206
AAGGGACAGATTCTGT-1,0.000027,0.01594,0.979985,0.000037,0.004011
AAGGGACTATGCATTC-1,0.002133,0.003584,0.059698,0.318104,0.61648
AAGGGTTAGCCATGCG-1,0.784518,0.016208,0.000283,0.072343,0.126647
AAGGGTTTGATTTCAG-1,0.483508,0.263871,0.15808,0.00019,0.094351
AAGGTATCCTAATATA-1,0.022293,0.669066,0.224326,0.053247,0.031068
AAGGTGATAAACCAGC-1,0.371913,0.144847,0.34605,0.049668,0.087522
AAGTAAGCTTCCAAAC-1,0.312933,0.035685,0.089177,0.48368,0.078525
AAGTAGAAGACCGGGT-1,0.388439,0.018066,0.188501,0.271423,0.133572
AAGTAGTGACGCGAGG-1,0.177154,0.049686,0.594514,0.041982,0.136664
AAGTCAATTGTCGTCA-1,0.740568,0.000047,0.002816,0.196778,0.05979
AAGTCTAGTAGCTGCC-1,0.163411,0.043865,0.429039,0.287493,0.076192
AAGTCTTCTGTGGCCT-1,0.340644,0.047788,0.07479,0.295061,0.241716
AAGTGACGACCGAATT-1,0.495003,0.042213,0.104658,0.204018,0.154108
AAGTGAGTCGGGTTTA-1,0.098722,0.014092,0.076029,0.155707,0.65545
AAGTGCAAAGGTAGAC-1,0.897157,0.050263,0.037639,0.014823,0.000118
AAGTGCCTTGACTGTA-1,0.808892,0.046766,0.050113,0.013028,0.081201
AAGTGCGTTAGAATCT-1,0.556708,0.005149,0.037371,0.064512,0.33626
AAGTGCTTCTCTATTG-1,0.377872,0.044694,0.008177,0.385027,0.18423
AAGTGTTTGGAGACGG-1,0.252674,0.03053,0.341624,0.003103,0.372069
AAGTTCACTCCAAGCT-1,0.122371,0.00916,0.056865,0.265406,0.546198
AAGTTCAGTCTGCGTA-1,0.431414,0.018784,0.096054,0.362794,0.090953
AAGTTCGGCCAACAGG-1,0.524806,0.04835,0.002561,0.390187,0.034097
AAGTTGTGATGTTATA-1,0.385227,0.002696,0.058469,0.034738,0.518869
AAGTTTACTAATGGCA-1,0.323394,0.105844,0.038165,0.419597,0.113
AAGTTTATGGGCCCAA-1,0.675874,0.128308,0.024131,0.004173,0.167513
AATAACAACGCTCGGC-1,0.74326,0.009016,0.139213,0.064229,0.044282
AATAACACTAGAACAA-1,0.259057,0.299168,0.264529,0.132574,0.044671
AATAACGTCGCGCCCA-1,0.838771,0.059559,0.000152,0.000152,0.101366
AATAAGTCCTCGAGAC-1,0.419638,0.1213,0.191942,0.238253,0.028867
AATAATCTTCGTATCG-1,0.683398,0.006815,0.030189,0.120802,0.158795
AATACAATGTTTCAGG-1,0.470313,0.00761,0.001961,0.511238,0.008878
AATACCGGAGGGCTGT-1,0.458513,0.00839,0.098041,0.060568,0.374489
AATACCTGATGTGAAC-1,0.566498,0.006263,0.018816,0.010631,0.397792
AATAGAACAGAGTGGC-1,0.482751,0.038745,0.090485,0.076258,0.311761
AATAGAATCTGTTTCA-1,0.164508,0.000748,0.369055,0.218146,0.247544
AATAGCAAGCCTCCTG-1,0.096,0.000044,0.13492,0.736351,0.032685
AATAGCTACCGCGTGC-1,0.287309,0.031261,0.046858,0.626885,0.007686
AATAGGCACGACCCTT-1,0.183808,0.168331,0.398332,0.015331,0.234197
AATAGTCCGTCCCGAC-1,0.122683,0.027226,0.078506,0.240075,0.531509
AATAGTCGCGAGTCGG-1,0.363836,0.015969,0.038239,0.49949,0.082466
AATATCAAGGTCGGAT-1,0.063058,0.041863,0.24734,0.579384,0.068355
AATATCCTAGCAAACT-1,0.358725,0.070649,0.150368,0.113544,0.306714
AATATCGAATCAATGC-1,0.398194,0.002936,0.031318,0.209126,0.358426
AATATCGAGGGTTCTC-1,0.329499,0.054163,0.274065,0.259299,0.082975
AATATTGGAGTATTGA-1,0.360388,0.014675,0.090181,0.092139,0.442618
AATCAGACTGCAGGAC-1,0.354296,0.040383,0.263455,0.228992,0.112875
AATCAGGTTTCATTTA-1,0.226986,0.061131,0.025914,0.114063,0.571906
AATCATGTAAAGACTC-1,0.138645,0.021995,0.350987,0.110811,0.377563
AATCCAAGGGCCTGAG-1,0.568472,0.082154,0.053704,0.23692,0.058751
AATCCATGCAAGGGTG-1,0.507866,0.001954,0.009213,0.480858,0.000109
AATCCCGCTCAGAGCC-1,0.591968,0.176992,0.096205,0.004461,0.130373
AATCGAGGTCTCAAGG-1,0.479142,0.086921,0.02816,0.000068,0.405708
AATCGCCTCAGCGCCA-1,0.316857,0.194637,0.111826,0.161286,0.215393
AATCGCGCAGAGGACT-1,0.472967,0.016159,0.047417,0.231988,0.231469
AATCGGGACACTACGA-1,0.447255,0.020925,0.084964,0.368208,0.078648
AATCGGTATAGCCCTC-1,0.096647,0.015538,0.254384,0.139471,0.49396
AATCGTGAGCCGAGCA-1,0.162118,0.008277,0.37117,0.014545,0.44389
AATCTAGGTTTACTTG-1,0.998548,0.001149,0.000087,0.000087,0.00013
AATCTATGCCGGAGCC-1,0.02665,0.016811,0.648329,0.185973,0.122236
AATCTCTACTGTGGTT-1,0.301548,0.013678,0.082469,0.208995,0.39331
AATCTGCGTTGGGACG-1,0.085586,0.020749,0.272988,0.306983,0.313693
AATCTGGCTTTCTAGT-1,0.00268,0.005012,0.183372,0.204525,0.604411
AATCTGGGTAGACCCT-1,0.129492,0.265598,0.200201,0.341833,0.062876
AATGACAGCAATGTCT-1,0.347493,0.02193,0.00921,0.528867,0.092499
AATGACGTAGGATGTC-1,0.48814,0.031384,0.095964,0.05467,0.329842
AATGACTGTCAGCCGG-1,0.491734,0.018614,0.051136,0.355579,0.082936
AATGAGTTCGCATATG-1,0.746618,0.042623,0.022345,0.101456,0.086958
AATGATGATACGCTAT-1,0.608487,0.060803,0.080454,0.242817,0.007439
AATGATGCGACTCCTG-1,0.113161,0.343174,0.203014,0.157083,0.183568
AATGCAACCGGGTACC-1,0.052072,0.017099,0.487436,0.187691,0.255702
AATGCACCAAGCAATG-1,0.213982,0.020373,0.067289,0.368314,0.330041
AATGGCCGCCAATGCG-1,0.585577,0.000046,0.011331,0.402911,0.000137
AATGGTCCACCGTTCA-1,0.028472,0.045273,0.123712,0.390189,0.412354
AATGGTTCTCACAAGC-1,0.074854,0.022785,0.076121,0.689086,0.137153
AATGTATGGCACTGTA-1,0.028555,0.013758,0.053534,0.144135,0.760018
AATGTGCCCGAGGTGT-1,0.341701,0.024284,0.066038,0.38497,0.183007
AATGTGCTAATCTGAG-1,0.407935,0.000033,0.039542,0.333229,0.21926
AATGTTAAGACCCTGA-1,0.992217,0.007446,0.000096,0.000096,0.000145
AATGTTGTCGTGAGAC-1,0.131799,0.00223,0.125901,0.125122,0.614949
AATTAAAGGTCGGCGT-1,0.399823,0.095328,0.139543,0.209647,0.155658
AATTAACGGATTTCCA-1,0.43102,0.032943,0.101148,0.161386,0.273503
AATTACGAGACCCATC-1,0.385963,0.036523,0.03092,0.34541,0.201185
AATTACTCGTACGCTC-1,0.584848,0.011315,0.188499,0.013411,0.201927
AATTAGCGCTGCAGCG-1,0.459059,0.038174,0.221119,0.035368,0.24628
AATTATACCCAGCAAG-1,0.7516,0.036991,0.00008,0.076141,0.135188
AATTCATAAGGGATCT-1,0.308894,0.02422,0.171218,0.408238,0.08743
AATTCATTGTCATGCA-1,0.158963,0.116099,0.225334,0.221074,0.27853
AATTCCAACTTGGTGA-1,0.863061,0.023796,0.112849,0.000118,0.000177
AATTCCAAGCATGTAC-1,0.130884,0.021686,0.220276,0.229583,0.397571
AATTCGATTCGAGGAT-1,0.279092,0.018657,0.077353,0.111831,0.513067
AATTCTAGAGTTAGGC-1,0.106973,0.033465,0.244659,0.243116,0.371786
AATTGAACGCTCTGGT-1,0.12901,0.023695,0.09474,0.395936,0.35662
AATTGCAGCAATCGAC-1,0.484429,0.001773,0.008411,0.130156,0.37523
AATTGCGTGGATTACA-1,0.18581,0.003066,0.064429,0.159601,0.587094
AATTGTGGTTGCCAAA-1,0.750967,0.001682,0.009655,0.02412,0.213576
AATTTGGGACATAGTA-1,0.05713,0.016499,0.491208,0.362407,0.072756
AATTTGGTTCCAAAGA-1,0.490584,0.083424,0.123237,0.2395,0.063255
ACAAACCATGCGTCCT-1,0.534625,0.016106,0.017984,0.284644,0.146641
ACAAACCGACAAGGCG-1,0.315459,0.003085,0.050564,0.414638,0.216254
ACAAACTCCATCAGAG-1,0.10102,0.167703,0.067365,0.018704,0.645208
ACAAAGAAGGTAGGCC-1,0.005331,0.0016,0.020977,0.103245,0.868846
ACAAAGCATGACCTAG-1,0.400498,0.010786,0.033005,0.079571,0.47614
ACAAATCGCACCGAAT-1,0.222121,0.018086,0.155739,0.213411,0.390642
ACAAATGGTAGTGTTT-1,0.023592,0.011191,0.19139,0.264082,0.509745
ACAAATTCAGATCTGA-1,0.323075,0.036234,0.086167,0.507744,0.04678
ACAACAGCATGAGCTA-1,0.605559,0.075106,0.168099,0.013218,0.138019
ACAACGGTCCCTGCGA-1,0.54205,0.011751,0.030255,0.284646,0.131299
ACAAGCAGTGCCTAGC-1,0.14684,0.101978,0.112974,0.189957,0.448251
ACAAGCTATATGGAAG-1,0.318097,0.053385,0.092071,0.158941,0.377506
ACAAGGAAATCCGCCC-1,0.186319,0.008266,0.092326,0.188907,0.524181
ACAAGGACAAGAGGTT-1,0.414595,0.109051,0.076581,0.213078,0.186696
ACAAGGATGCTTTAGG-1,0.434301,0.03125,0.031208,0.009505,0.493736
ACAAGGCCTACCAGCC-1,0.139776,0.013904,0.150171,0.614237,0.081912
ACAAGGGCAGGCTCTG-1,0.283158,0.054621,0.171126,0.16736,0.323736
ACAAGTAATTGTAAGG-1,0.213149,0.074195,0.138877,0.024387,0.549392
ACAATAGTCGTACGTT-1,0.935222,0.000042,0.020099,0.04438,0.000257
ACAATCCATTTAAACC-1,0.192434,0.009482,0.070713,0.48979,0.237581
ACAATCGATCTTTATA-1,0.460573,0.011708,0.069077,0.168595,0.290047
ACAATGAATACGGAGA-1,0.01928,0.007488,0.058818,0.180793,0.733621
ACAATGATTCTTCTAC-1,0.290283,0.01208,0.111947,0.562866,0.022823
ACAATTGTGTCTCTTT-1,0.691452,0.014418,0.053786,0.009562,0.230783
ACAATTTAGGAGGCTC-1,0.279552,0.002112,0.109366,0.443115,0.165855
ACAATTTGAGCAGTGG-1,0.280035,0.019159,0.285008,0.062928,0.35287
ACAATTTGGCCATATT-1,0.4554,0.001759,0.065852,0.155022,0.321968
ACACAAAGACGGGTGG-1,0.098945,0.04041,0.082531,0.547811,0.230303
ACACAAATATTCCTAG-1,0.254676,0.034718,0.348382,0.251339,0.110885
ACACACCAGGACCAGT-1,0.651996,0.012048,0.019459,0.197709,0.118789
ACACACTTTCTACACG-1,0.728554,0.016475,0.070662,0.183734,0.000575
ACACATGATCAAATCT-1,0.505774,0.005235,0.004235,0.3792,0.105556
ACACATTGACGCAACA-1,0.982309,0.017292,0.000114,0.000114,0.000171
ACACATTTCCGTAGAC-1,0.914136,0.085517,0.000099,0.000099,0.000149
ACACCACATAATTAGC-1,0.659423,0.000029,0.004027,0.288846,0.047675
ACACCCAGCATGCAGC-1,0.344576,0.193677,0.155552,0.285085,0.02111
ACACCCGAGAAATCCG-1,0.718884,0.014523,0.032263,0.205107,0.029222
ACACCCGTAAATCTGT-1,0.488801,0.03974,0.093651,0.324748,0.05306
ACACCGAGCGCTCTTT-1,0.637056,0.045771,0.0001,0.306016,0.011058
ACACCGGTCTGACCGC-1,0.778286,0.014491,0.000068,0.179329,0.027826
ACACCTTAAGTAGGGC-1,0.679854,0.240576,0.064844,0.014552,0.000173
ACACCTTACTACTTGC-1,0.532388,0.008444,0.070264,0.25192,0.136983
ACACGAGACTCCTTCT-1,0.185075,0.044158,0.425762,0.197898,0.147107
ACACGGCACTATGCAT-1,0.565647,0.017263,0.019842,0.393637,0.00361
ACACGGGAACTTAGGG-1,0.051041,0.011923,0.184517,0.453597,0.298922
ACACGTAGGCCACAAG-1,0.043456,0.015621,0.03381,0.335307,0.571805
ACACTCCAATGTCACT-1,0.174802,0.011337,0.050147,0.563698,0.200016
ACACTGATCAAGGTGT-1,0.184446,0.013233,0.136673,0.258579,0.407069
ACACTGGGACAGTCGT-1,0.170157,0.002845,0.128091,0.1219,0.577007
ACAGAACTGAGAACAA-1,0.278448,0.126566,0.112996,0.127877,0.354113
ACAGATTAGGTTAGTG-1,0.353105,0.07749,0.068539,0.487575,0.01329
ACAGCATAGAGCCAGT-1,0.166956,0.028626,0.213555,0.531442,0.059421
ACAGCGACATTCTCAT-1,0.108291,0.006085,0.064195,0.145949,0.675479
ACAGCGCACCCGCAGC-1,0.49331,0.000047,0.009892,0.49661,0.000141
ACAGGAGGCGCAGCCG-1,0.50878,0.050449,0.292108,0.054168,0.094495
ACAGGCACGGATCCTT-1,0.125413,0.020832,0.212495,0.019538,0.621721
ACAGGCTTGCCCGACT-1,0.000019,0.00001,0.999681,0.000019,0.000271
ACAGGTGGAGGTGAGG-1,0.644902,0.007067,0.131433,0.127087,0.089511
ACAGGTGTGTTGTTGC-1,0.321986,0.054011,0.181701,0.030044,0.412259
ACAGTAATACAACTTG-1,0.55875,0.010654,0.05003,0.24414,0.136426
ACAGTATACCGTGGGA-1,0.598973,0.069608,0.031015,0.289966,0.010438
ACAGTGCAGCGCATTT-1,0.509823,0.030998,0.064802,0.393087,0.001291
ACATAAGTCGTGGTGA-1,0.055797,0.037061,0.116255,0.351688,0.439199
ACATAATAAGGCGGTG-1,0.257443,0.040125,0.088532,0.425364,0.188536
ACATACAATCAAGCGG-1,0.34177,0.029275,0.057561,0.016758,0.554635
ACATCAGCTGGGACGC-1,0.194455,0.006487,0.200524,0.266104,0.332431
ACATCCCGGCCATACG-1,0.043161,0.033509,0.16497,0.126291,0.632069
ACATCCTGGTAACTGT-1,0.226401,0.074148,0.09366,0.226237,0.379555
ACATCGATCGTTTACC-1,0.01195,0.005533,0.090408,0.176833,0.715276
ACATCGCAATATTCGG-1,0.036559,0.088318,0.101285,0.004673,0.769166
ACATCGGTCAGCCGCG-1,0.360669,0.001688,0.105747,0.223337,0.308559
ACATCGTATGCAATGG-1,0.181558,0.003836,0.042613,0.297865,0.474128
ACATCGTTAACCTAGT-1,0.376755,0.039306,0.12067,0.374636,0.088633
ACATCTCAACGCGTAA-1,0.139236,0.013171,0.132859,0.424601,0.290133
ACATGCTTACGGCAGC-1,0.520434,0.172632,0.046565,0.029483,0.230885
ACATGGCGCCAAAGTA-1,0.220718,0.114988,0.233221,0.172168,0.258906
ACATGGCTCAATTTAG-1,0.01135,0.003131,0.527836,0.233395,0.224289
ACATTAGTTTATATCC-1,0.589314,0.008116,0.208792,0.094844,0.098934
ACATTCGCGCGGAATA-1,0.685069,0.009879,0.000114,0.133328,0.17161
ACATTTGAAACCTAAC-1,0.08047,0.015319,0.337782,0.079241,0.487187
ACCAAACACCCAGCGA-1,0.227887,0.068554,0.32651,0.324303,0.052745
ACCAAACTAGAAATCC-1,0.24182,0.027091,0.070046,0.371066,0.289976
ACCAACACCACACACT-1,0.25199,0.027073,0.111616,0.548143,0.061178
ACCAACCGCACTCCAC-1,0.431808,0.00334,0.017404,0.096411,0.451037
ACCAACGCTTATTTAT-1,0.127018,0.014571,0.053696,0.309627,0.495088
ACCAAGAACGCGTGTC-1,0.436354,0.027535,0.131169,0.349047,0.055894
ACCAAGTCATCGGCAG-1,0.999519,0.00006,0.00012,0.00012,0.00018
ACCAATATGCAAGTTA-1,0.892819,0.021751,0.052009,0.000162,0.033259
ACCACAACTCAGAACA-1,0.150807,0.016694,0.093337,0.620321,0.11884
ACCACAAGTTTCTATC-1,0.119819,0.036373,0.096529,0.293397,0.453881
ACCACACGGTTGATGG-1,0.997118,0.002573,0.000088,0.000088,0.000132
ACCACCAATGTAACAA-1,0.451896,0.015223,0.101555,0.30192,0.129407
ACCACCCTCTCTTCTA-1,0.203469,0.035075,0.157613,0.523609,0.080234
ACCACGTGCAGCTATA-1,0.162093,0.011609,0.068955,0.186869,0.570475
ACCACTGTTCAAGAAG-1,0.253151,0.02786,0.716181,0.000033,0.002774
ACCAGACCATAACAAC-1,0.444113,0.090308,0.05012,0.194539,0.220921
ACCAGCCCGGTCTTTG-1,0.231719,0.014773,0.141924,0.370681,0.240904
ACCAGGAGTGTGATCT-1,0.169403,0.000025,0.010725,0.752618,0.067229
ACCAGTGCCCGGTCAA-1,0.011008,0.004352,0.409589,0.433848,0.141203
ACCAGTGCGGGAGACG-1,0.329734,0.01147,0.099705,0.0584,0.500691
ACCATATCCGCAATAA-1,0.401777,0.044393,0.128476,0.272763,0.152591
ACCATCCGCCAACTAG-1,0.224185,0.746397,0.000046,0.008763,0.020608
ACCATCGTATATGGTA-1,0.023446,0.001768,0.078373,0.537058,0.359355
ACCATTAAGGGTGTCA-1,0.700993,0.05279,0.116976,0.071647,0.057594
ACCCAACGCCCGTGGC-1,0.040436,0.031354,0.159853,0.321872,0.446485
ACCCACCTACATGCTC-1,0.718857,0.009163,0.097495,0.107623,0.066863
ACCCATCTTGAGGGTA-1,0.773238,0.000217,0.1098,0.068517,0.048227
ACCCATTTGTCCCTCT-1,0.263707,0.016741,0.007998,0.141362,0.570192
ACCCGAGCGAAATTAC-1,0.003359,0.000557,0.055108,0.287122,0.653854
ACCCGATTGGTTCCGA-1,0.268353,0.123876,0.029392,0.066192,0.512187
ACCCGGAAACTCCCAG-1,0.005797,0.708328,0.209877,0.046407,0.029591
ACCCGGAGCACCACAA-1,0.176276,0.012768,0.269283,0.079623,0.462051
ACCCGGATGACGCATC-1,0.283758,0.096094,0.108588,0.265941,0.245619
ACCCGGTTACACTTCC-1,0.116566,0.033129,0.252085,0.224966,0.373255
ACCCGTAGCAGAGAAT-1,0.73627,0.030047,0.021303,0.08465,0.12773
ACCCGTAGTCTAGTTG-1,0.3206,0.006217,0.05648,0.006909,0.609795
ACCCGTGTCATCAGTA-1,0.542665,0.000196,0.006213,0.166215,0.28471
ACCCTATAGGACTGAG-1,0.952776,0.000059,0.000118,0.046869,0.000177
ACCCTATGCCATATCG-1,0.414759,0.003401,0.006111,0.493509,0.082219
ACCCTCCCGTCAGGGC-1,0.632237,0.031441,0.000075,0.155193,0.181053
ACCCTCCCTTGCTATT-1,0.045794,0.014847,0.176582,0.150045,0.612732
ACCCTGGTAACGCCCT-1,0.321628,0.04166,0.149757,0.273022,0.213933
ACCCTTCATCTGCGAA-1,0.583646,0.024051,0.098852,0.257729,0.035721
ACCCTTGCCTGGGTCG-1,0.31261,0.021971,0.298373,0.291945,0.075102
ACCCTTTAGTTCTCCA-1,0.051627,0.018167,0.083862,0.551436,0.294908
ACCGAAAGGGCCCTGC-1,0.561569,0.055909,0.216106,0.155957,0.010459
ACCGAAGAGTCTGGTT-1,0.638703,0.003202,0.000083,0.305954,0.052058
ACCGACACATCTCCCA-1,0.091253,0.017237,0.053359,0.21528,0.622872
ACCGACTGAGTCCCAC-1,0.1288,0.064975,0.295508,0.383323,0.127394
ACCGAGTCTCCTTATT-1,0.655611,0.011851,0.000103,0.254838,0.077597
ACCGATAGGCATAACC-1,0.564696,0.00003,0.006408,0.22409,0.204775
ACCGATATTTAATCAT-1,0.322815,0.019372,0.163458,0.08532,0.409035
ACCGATGGTAGCATCG-1,0.395494,0.004335,0.304527,0.088546,0.207099
ACCGCAATAACTGCCT-1,0.146965,0.011195,0.388717,0.069533,0.383589
ACCGCGGTGGAAGTCG-1,0.251701,0.042927,0.191527,0.164928,0.348917
ACCGCTAGTCATTGGT-1,0.462836,0.038248,0.105264,0.070009,0.323642
ACCGGGCCTTTGTTGA-1,0.852345,0.008312,0.030175,0.079494,0.029674
ACCGGTCAGGTACACC-1,0.036478,0.00904,0.059863,0.389992,0.504628
ACCGGTCTGAGTACGG-1,0.294277,0.204771,0.066004,0.390355,0.044593
ACCGTCCACTGGGCCC-1,0.28461,0.062631,0.096768,0.266046,0.289945
ACCGTGACCACGTGGG-1,0.132675,0.005004,0.031555,0.32876,0.502007
ACCGTTCCCGCTCTGA-1,0.414567,0.031535,0.065563,0.386029,0.102306
ACCTAAGTACCTTTCA-1,0.021502,0.012588,0.297005,0.184489,0.484417
ACCTAATCGACTTCCT-1,0.063141,0.019102,0.170039,0.378801,0.368917
ACCTACAGTATGTGGT-1,0.505536,0.00587,0.002821,0.242101,0.243672
ACCTACTATAAATCTA-1,0.240586,0.02443,0.125547,0.152093,0.457344
ACCTCAGCGAGGCGCA-1,0.502379,0.072481,0.019032,0.032245,0.373863
ACCTCCGCCCTCGCTG-1,0.161376,0.000026,0.043002,0.329156,0.466439
ACCTCCGTTATTCACC-1,0.325002,0.031136,0.105101,0.29467,0.24409
ACCTCGAACTTATGCT-1,0.019681,0.010385,0.123048,0.327935,0.518951
ACCTGCGTGTCATGTT-1,0.56946,0.002659,0.027341,0.213938,0.186602
ACCTTTCCTTTAGAAG-1,0.317596,0.005776,0.094081,0.374481,0.208066
ACGAAATGGGCGGCAC-1,0.01923,0.0233,0.15344,0.492381,0.311649
ACGACCCATGAGTTGC-1,0.358567,0.122204,0.025157,0.013299,0.480773
ACGACTCTAGGGCCGA-1,0.43016,0.01415,0.021194,0.115896,0.418599
ACGACTGGTCATACTC-1,0.005071,0.002163,0.129569,0.129688,0.733509
ACGAGAACCCATCACG-1,0.456502,0.062219,0.231748,0.20068,0.048851
ACGAGATATTTGCTTA-1,0.292365,0.000039,0.075872,0.54198,0.089744
ACGAGGATACCACTCT-1,0.209319,0.070367,0.023135,0.280221,0.416959
ACGAGGTTTACAACGT-1,0.429169,0.054782,0.032633,0.13095,0.352465
ACGAGTACGGATGCCC-1,0.24143,0.04999,0.108084,0.356636,0.24386
ACGAGTCGCCGGCGTT-1,0.431071,0.451792,0.116681,0.000063,0.000394
ACGATACATAGAACTA-1,0.205123,0.012896,0.576126,0.184924,0.020932
ACGATACCTATCCTGA-1,0.284691,0.09716,0.178985,0.138778,0.300387
ACGATCATACATAGAG-1,0.300334,0.080119,0.190812,0.302792,0.125944
ACGATCATCTTGTAAA-1,0.349827,0.051328,0.174051,0.273559,0.151235
ACGATGCATATGTTAT-1,0.030313,0.000529,0.256062,0.410925,0.302171
ACGATGGATCCGATGC-1,0.195942,0.002738,0.176946,0.349493,0.274881
ACGCAAACTAATAGAT-1,0.584416,0.000044,0.007044,0.211952,0.196545
ACGCAATCACTACAGC-1,0.177306,0.134557,0.234107,0.120968,0.333063
ACGCATAAATGACATG-1,0.479029,0.102545,0.026573,0.391727,0.000126
ACGCATACGTTTACTA-1,0.259636,0.004044,0.01278,0.095351,0.628189
ACGCATTCGTGAGTAC-1,0.490266,0.029962,0.133359,0.192405,0.154009
ACGCCACTCGAAACAG-1,0.000325,0.003901,0.061334,0.01181,0.92263
ACGCCAGATGATTTCT-1,0.162017,0.026664,0.286063,0.418646,0.10661
ACGCCAGTGCGTTTGC-1,0.69744,0.000056,0.000098,0.158337,0.144068
ACGCCCAGCTGTCGAT-1,0.885907,0.011824,0.051286,0.02389,0.027093
ACGCCGCTAGACGACC-1,0.163399,0.029857,0.17786,0.141269,0.487616
ACGCCTGACACGCGCT-1,0.834299,0.033235,0.062042,0.003587,0.066837
ACGCGAAGTCAGACGA-1,0.223334,0.005499,0.112555,0.230075,0.428537
ACGCGCTACACAGGGT-1,0.511943,0.017042,0.115178,0.037119,0.318718
ACGCGGGCCAAGGACA-1,0.307697,0.415984,0.238144,0.019961,0.018215
ACGCGTTTCTTAAGAG-1,0.482494,0.013298,0.017658,0.399003,0.087546
ACGCTACTGAATGGGC-1,0.97965,0.000036,0.000072,0.020135,0.000107
ACGCTAGTATCAGTGC-1,0.721359,0.032617,0.045875,0.199886,0.000264
ACGCTAGTGATACACT-1,0.072413,0.151981,0.116372,0.15889,0.500344
ACGCTGTGAGGCGTAG-1,0.282048,0.010839,0.047736,0.247235,0.412142
ACGCTTAGTGTCTCTC-1,0.305259,0.005758,0.259454,0.380875,0.048653
ACGGAACACGAGTGCC-1,0.432103,0.00004,0.009886,0.098155,0.459816
ACGGAATTTAGCAAAT-1,0.264917,0.0232,0.174031,0.41822,0.119631
ACGGACGCAGCGACAA-1,0.769316,0.000053,0.004161,0.0723,0.15417
ACGGACTCTCAAAGCG-1,0.512367,0.004088,0.036782,0.089819,0.356944
ACGGAGCGCAAATTAC-1,0.056898,0.011563,0.278237,0.473196,0.180106
ACGGATGGTGCGGATA-1,0.370301,0.035391,0.128214,0.143918,0.322176
ACGGCACTTGCTTGGG-1,0.153305,0.270094,0.117835,0.052567,0.406199
ACGGCCAACATGGACT-1,0.931975,0.003695,0.032838,0.000068,0.031423
ACGGCGACGATGGGAA-1,0.286253,0.053592,0.069249,0.196522,0.394383
ACGGCGGGTTGCCCTG-1,0.389039,0.009143,0.217685,0.358399,0.025734
ACGGCTGGATGTAGAA-1,0.483972,0.010684,0.022777,0.210938,0.271629
ACGGGAGTGTCGGCCC-1,0.307568,0.017818,0.112879,0.141865,0.41987
ACGGGCGTATGCGACA-1,0.204429,0.014084,0.148436,0.524675,0.108376
ACGGGTCATGTGACTT-1,0.527834,0.02546,0.011285,0.390887,0.044534
ACGGGTTGTGACCTGT-1,0.042433,0.030076,0.527678,0.026306,0.373507
ACGGTACAGTTCAATG-1,0.972692,0.026998,0.000089,0.000089,0.000133
ACGGTCACCGAGAACA-1,0.489521,0.001188,0.010603,0.284772,0.213916
ACGTACAGATTTCTCT-1,0.447554,0.373186,0.007391,0.170385,0.001484
ACGTACTTTGGCACGG-1,0.645254,0.00482,0.000119,0.201565,0.148241
ACGTAGATTGCTGATG-1,0.25382,0.023346,0.239211,0.182615,0.301009
ACGTAGGAGAGTCGCT-1,0.442497,0.041729,0.081284,0.005542,0.428948
ACGTATTACTCCGATC-1,0.031743,0.038512,0.537405,0.208324,0.184016
ACGTCCTAAACGAGAT-1,0.667336,0.004728,0.058026,0.211495,0.058416
ACGTCGGGCAACTCGG-1,0.216697,0.782801,0.000143,0.000143,0.000215
ACGTCTCGTTCCGGGA-1,0.115981,0.053173,0.260258,0.166545,0.404043
ACGTGACAAAGTAAGT-1,0.267681,0.103418,0.222668,0.036312,0.369922
ACGTGCGCCTCGTGCA-1,0.122765,0.181545,0.053139,0.520688,0.121863
ACGTGGTCGAATGTGC-1,0.351481,0.000023,0.071067,0.456587,0.120842
ACGTTAATGTCGAAGA-1,0.520759,0.040748,0.108368,0.175185,0.154941
ACGTTAGATTTGCCCG-1,0.601817,0.0453,0.162454,0.085297,0.105131
ACGTTATTGGTCACTC-1,0.062817,0.038361,0.127116,0.425414,0.346292
ACGTTCACTATGCCGC-1,0.048491,0.004143,0.085357,0.13987,0.722139
ACGTTCCGCGCTCCGT-1,0.366922,0.01787,0.074428,0.367737,0.173043
ACGTTCGCAATCAATT-1,0.609456,0.043324,0.139716,0.088166,0.119338
ACGTTCGTTCAGGAAA-1,0.149235,0.029081,0.095918,0.216876,0.50889
ACGTTCTGTACAAGTC-1,0.630531,0.000036,0.000071,0.185505,0.183857
ACGTTGTCGTTGAAAG-1,0.569027,0.028855,0.14073,0.092273,0.169115
ACGTTTAGTTGTGATC-1,0.684623,0.071914,0.165941,0.062035,0.015486
ACGTTTCGGTGCACTT-1,0.436013,0.022814,0.044614,0.001367,0.495192
ACTAAGGACGCACACC-1,0.5675,0.00378,0.081302,0.321336,0.026082
ACTAATACGTCAGGCG-1,0.118002,0.02857,0.224227,0.580862,0.04834
ACTACAAAGAGAGGTG-1,0.485658,0.009837,0.053516,0.233137,0.217852
ACTACATCCCGACAAG-1,0.00652,0.030085,0.11962,0.103215,0.740559
ACTACCAGCTCTCTGG-1,0.488955,0.176169,0.15472,0.05603,0.124127
ACTACCATCCGAGGGC-1,0.69866,0.013193,0.036105,0.051731,0.200311
ACTACGCGTTAGAATT-1,0.425368,0.00565,0.066167,0.311372,0.191442
ACTAGTTGCGATCGTC-1,0.339665,0.149417,0.215138,0.141045,0.154735
ACTATATGCTGTGTTC-1,0.330926,0.072852,0.072219,0.491317,0.032685
ACTATCCAGGGCATGG-1,0.28813,0.06876,0.131893,0.147115,0.364102
ACTATCGCCGGCTAAA-1,0.910902,0.044855,0.003997,0.000105,0.040141
ACTATCTGCCCGCGTA-1,0.058665,0.000875,0.045913,0.15115,0.743397
ACTATGTCCAGCTGCC-1,0.40887,0.034067,0.153766,0.173151,0.230145
ACTATTCGTCCGTGGT-1,0.220025,0.01584,0.057383,0.496509,0.210243
ACTATTTCCGGGCCCA-1,0.258787,0.01684,0.034029,0.118026,0.572318
ACTCAACGAATGTATT-1,0.34165,0.008188,0.15239,0.450442,0.047329
ACTCAAGTGCAAGGCT-1,0.40575,0.0047,0.000071,0.260093,0.329385
ACTCAATAAAGGCACG-1,0.239013,0.034276,0.227367,0.390429,0.108915
ACTCAGACCTGCTTCT-1,0.065668,0.18427,0.063296,0.680087,0.006679
ACTCATGGCAGCCTTC-1,0.179525,0.011762,0.044113,0.121342,0.643259
ACTCCAATATCATCAT-1,0.200422,0.011203,0.026217,0.402642,0.359516
ACTCCCATTCCTAAAG-1,0.553289,0.000029,0.007789,0.260246,0.178648
ACTCCCGAATTCGTTT-1,0.482907,0.007512,0.156113,0.182321,0.171147
ACTCCCGTAGACTAGG-1,0.83696,0.034054,0.003646,0.125206,0.000134
ACTCCCTAATGCTAAA-1,0.195197,0.015273,0.192174,0.106077,0.491279
ACTCCCTAGAATAGTA-1,0.161225,0.045317,0.564587,0.028633,0.200238
ACTCCGGCCGACCACT-1,0.590832,0.04041,0.106031,0.073133,0.189594
ACTCGATGTATTTCAT-1,0.00705,0.123042,0.139205,0.252733,0.477971
ACTCGCCGTTCGATAA-1,0.440283,0.020592,0.006332,0.147668,0.385125
ACTCGCGATCTGACGC-1,0.203557,0.080148,0.096785,0.314882,0.304629
ACTCGTAACCCGTCCT-1,0.126404,0.01778,0.185475,0.268368,0.401973
ACTCGTCAGTAATCCC-1,0.13541,0.045897,0.1266,0.117504,0.57459
ACTCTAAACCTGGGAT-1,0.376406,0.248156,0.052893,0.179187,0.143357
ACTCTCTGACTTAGGT-1,0.2875,0.007291,0.141836,0.333492,0.229881
ACTCTCTTATACACGA-1,0.083817,0.022825,0.350492,0.451702,0.091165
ACTCTGACCTAATAGA-1,0.149989,0.035516,0.009898,0.033002,0.771595
ACTCTTCAGCTCCCGC-1,0.257482,0.020129,0.09692,0.306365,0.319105
ACTCTTGTATAGTAAC-1,0.146541,0.047201,0.442997,0.090711,0.27255
ACTGAAACGCCGTTAG-1,0.535326,0.000032,0.00322,0.289031,0.17239
ACTGAATGGCGAAAGT-1,0.007538,0.010978,0.061591,0.29513,0.624764
ACTGATTTAGTGATTC-1,0.286757,0.059316,0.102851,0.332688,0.218388
ACTGCCCGCCATTCTC-1,0.130733,0.014,0.100181,0.089976,0.66511
ACTGCCGTCGTAACTC-1,0.107911,0.020352,0.838351,0.0257,0.007686
ACTGCGGACACACCGT-1,0.218925,0.016129,0.142859,0.387127,0.23496
ACTGCTCGGAAGGATG-1,0.581068,0.006511,0.021212,0.253373,0.137835
ACTGGCGAACCTGCGT-1,0.450482,0.024671,0.011852,0.512836,0.00016
ACTGGGATGCCAGTGC-1,0.298396,0.032048,0.026923,0.426207,0.216426
ACTGTACGATACACAT-1,0.412034,0.098248,0.13263,0.276565,0.080523
ACTGTAGCACTTTGGA-1,0.029416,0.038017,0.294237,0.337064,0.301267
ACTGTATACGCGAGCA-1,0.529004,0.303532,0.061615,0.10575,0.000098
ACTGTCCAGGATTATA-1,0.012114,0.119633,0.778158,0.043297,0.046797
ACTGTCTTCTTTAGAA-1,0.173902,0.083309,0.283507,0.360638,0.098643
ACTGTGCTAGTAGATC-1,0.613,0.209917,0.107105,0.03982,0.030157
ACTGTTTAGTGTAGGC-1,0.344639,0.001997,0.087614,0.488257,0.077494
ACTTACCGGGCGCGCA-1,0.220198,0.024392,0.171588,0.533458,0.050364
ACTTACGCATCCACGC-1,0.485789,0.012191,0.009317,0.255486,0.237217
ACTTAGTACGACAAGA-1,0.729286,0.126208,0.035622,0.08558,0.023305
ACTTATACTTACCCGG-1,0.149329,0.210335,0.488946,0.019914,0.131476
ACTTATCTGATCTATA-1,0.368667,0.054431,0.155778,0.266085,0.155039
ACTTATTAGGATCGGT-1,0.194452,0.06595,0.139703,0.36979,0.230105
ACTTATTTATGTGCCA-1,0.205104,0.009963,0.137224,0.269143,0.378566
ACTTCAGGCTGATCCC-1,0.304216,0.029426,0.159947,0.209215,0.297197
ACTTCCAGTGGAAGCT-1,0.62398,0.033989,0.012252,0.242188,0.08759
ACTTCCATGCGGGACA-1,0.456627,0.01535,0.037483,0.147708,0.342831
ACTTCCTGTCGTGCGA-1,0.58363,0.163354,0.007157,0.245593,0.000266
ACTTCGCCATACGCAC-1,0.200349,0.238353,0.180399,0.159462,0.221437
ACTTCGCTAGCGAGTG-1,0.013422,0.004767,0.37562,0.192904,0.413286
ACTTGACTCCCTCTTT-1,0.340006,0.052181,0.08047,0.21509,0.312253
ACTTGCCATATTGTAC-1,0.366754,0.009192,0.000308,0.620186,0.00356
ACTTGCTCTATCTACC-1,0.705449,0.035385,0.0003,0.070453,0.188413
ACTTGGGACCCGGTGG-1,0.098887,0.154452,0.035392,0.518277,0.192992
ACTTGGGCTTTCGCCA-1,0.476766,0.181717,0.004911,0.003294,0.333312
ACTTGTAGTCCCTTCA-1,0.488664,0.027434,0.008272,0.212434,0.263196
ACTTGTGGATGGAACG-1,0.287931,0.034754,0.015712,0.437579,0.224025
ACTTGTTACCGGATCA-1,0.344455,0.079054,0.101877,0.044082,0.430533
ACTTTACCCTCATGAA-1,0.007095,0.000015,0.992827,0.000025,0.000038
ACTTTATACACCACTT-1,0.391733,0.139089,0.08266,0.185806,0.200713
ACTTTCCTATAGCTTC-1,0.005704,0.91535,0.046019,0.029863,0.003065
ACTTTGACTGCATCCT-1,0.134577,0.008821,0.211782,0.267425,0.377394
ACTTTGGTCGTGCTCC-1,0.29343,0.016431,0.017554,0.268791,0.403794
ACTTTGTCGACGCACT-1,0.951084,0.000048,0.000097,0.000097,0.048674
AGAAATTATGACTCGC-1,0.169902,0.001429,0.076948,0.267051,0.484669
AGAACACGGCGATGGT-1,0.306695,0.00754,0.249964,0.002722,0.433079
AGAACCCAGCGTGACA-1,0.411946,0.007456,0.061249,0.175512,0.343836
AGAACCCTCAATTGGG-1,0.161954,0.003057,0.105304,0.291254,0.438431
AGAACGTGGTACATTC-1,0.124462,0.05648,0.173969,0.517736,0.127353
AGAACTGTACTTTGTA-1,0.063059,0.011242,0.046427,0.145416,0.733857
AGAAGAGCGCCGTTCC-1,0.991302,0.001087,0.002175,0.002175,0.003262
AGAAGGTACACTTCAC-1,0.543397,0.037907,0.009919,0.197829,0.210949
AGAAGGTTGCCGAATT-1,0.148961,0.014893,0.084391,0.460947,0.290808
AGAAGGTTGTAGGTCG-1,0.362421,0.041818,0.031523,0.015753,0.548486
AGAAGTGATTCGTGAT-1,0.389784,0.022237,0.000129,0.411327,0.176523
AGAATAAATCTTCAGG-1,0.190362,0.046505,0.118358,0.539862,0.104914
AGAATACAGGCTATCC-1,0.428528,0.067941,0.016057,0.032527,0.454948
AGAATGCGGGTTCGGA-1,0.107864,0.016783,0.211763,0.543388,0.120202
