Barcode,Topic 1,Topic 2,Topic 3to5,Topic 6,Topic 7,Topic 8to9
AAACAACGAATAGTTC-1,0.005667,0.083833,0.716729,0.021378,0.028547,0.143846
AAACAAGTATCTCCCA-1,0.000064,0.286399,0.55658,0.000064,0.016925,0.139969
AAACAATCTACTAGCA-1,0.000077,0.110097,0.666407,0.075892,0.012232,0.135296
AAACACCAATAACTGC-1,0.998066,0.000242,0.000725,0.000242,0.000242,0.000483
AAACAGAGCGACTCCT-1,0.000075,0.070534,0.390942,0.166192,0.000301,0.371957
AAACAGCTTTCAGAAG-1,0.765592,0.232546,0.000798,0.000266,0.000266,0.000532
AAACAGGGTCTATATT-1,0.571489,0.423252,0.002254,0.000751,0.000751,0.001503
AAACAGTGTTCCTGGG-1,0.71731,0.032116,0.121275,0.128187,0.000371,0.000741
AAACATGGTGAGAGGA-1,0.947651,0.006543,0.019631,0.006541,0.006545,0.013089
AAACATTTCCCGGATT-1,0.000088,0.565487,0.434074,0.000088,0.000088,0.000176
AAACCACTACACAGAT-1,0.000074,0.161413,0.644509,0.082833,0.014641,0.096531
AAACCCGAACGAAATC-1,0.000027,0.060652,0.542354,0.005601,0.065517,0.325849
AAACCGGAAATGTTAA-1,0.000039,0.335156,0.445146,0.009431,0.06422,0.146009
AAACCGGGTAGGTACC-1,0.730412,0.143384,0.122981,0.000806,0.000806,0.001611
AAACCGTTCGTCCAGG-1,0.995086,0.000614,0.001843,0.000614,0.000614,0.001229
AAACCTAAGCAGCCGG-1,0.848192,0.000242,0.000727,0.110849,0.039506,0.000484
AAACCTCATGAAGTTG-1,0.961015,0.037612,0.000588,0.000196,0.000196,0.000392
AAACGAAGAACATACC-1,0.000045,0.055764,0.691607,0.065975,0.031534,0.155074
AAACGAAGATGGAGTA-1,0.422187,0.000153,0.000458,0.012921,0.000153,0.564129
AAACGACAGTCTTGCC-1,0.000084,0.219614,0.629021,0.15103,0.000084,0.000167
AAACGAGACGGTTGAT-1,0.000059,0.265433,0.127753,0.046605,0.295484,0.264666
AAACGCCCGAGATCGG-1,0.000085,0.154373,0.479697,0.000085,0.331594,0.034167
AAACGCTGGGCACGAC-1,0.009539,0.561811,0.359343,0.024796,0.023498,0.021013
AAACGGGCGTACGGGT-1,0.895259,0.000356,0.001069,0.102247,0.000356,0.000713
AAACGGGTTGGTATCC-1,0.014338,0.008946,0.484937,0.053841,0.051815,0.386123
AAACGGTTGCGAACTG-1,0.708183,0.286374,0.002333,0.000778,0.000778,0.001555
AAACGTGTTCGCCCTA-1,0.013795,0.229074,0.519633,0.217936,0.009325,0.010236
AAACTAACGTGGCGAC-1,0.000116,0.07198,0.579807,0.087851,0.139886,0.12036
AAACTCGGTTCGCAAT-1,0.780244,0.212744,0.003005,0.001002,0.001002,0.002003
AAACTCGTGATATAAG-1,0.017187,0.062287,0.529032,0.355247,0.031006,0.005241
AAACTGCTGGCTCCAA-1,0.088689,0.503089,0.308161,0.045142,0.011041,0.043878
AAACTTAATTGCACGC-1,0.476054,0.233873,0.07613,0.000092,0.000092,0.213759
AAACTTGCAAACGTAT-1,0.547588,0.000263,0.054605,0.024579,0.000263,0.372702
AAAGAATGACCTTAGA-1,0.474651,0.000087,0.000262,0.000087,0.000087,0.524825
AAAGAATGTGGACTAA-1,0.451085,0.380342,0.005013,0.163111,0.00015,0.000299
AAAGACATGAAGTTTA-1,0.053675,0.020952,0.492599,0.222023,0.008167,0.202584
AAAGACCCAAGTCGCG-1,0.000064,0.071117,0.565363,0.022909,0.043032,0.297515
AAAGACTGGGCGCTTT-1,0.33469,0.323178,0.000743,0.064961,0.275934,0.000495
AAAGCTTGCCTACATA-1,0.026881,0.060438,0.48972,0.09973,0.096524,0.226708
AAAGGCCCTATAATAC-1,0.481513,0.301884,0.001283,0.000428,0.000428,0.214466
AAAGGCTACGGACCAT-1,0.774978,0.221883,0.001345,0.000448,0.000448,0.000897
AAAGGCTCTCGCGCCG-1,0.990734,0.001158,0.003475,0.001158,0.001158,0.002317
AAAGGGATGTAGCAAG-1,0.101246,0.065228,0.036356,0.203787,0.18916,0.404223
AAAGGGCAGCTTGAAT-1,0.000033,0.075906,0.013805,0.00652,0.001455,0.90228
AAAGGTAAGCTGTACC-1,0.059731,0.030134,0.702806,0.180803,0.000089,0.026436
AAAGGTCAACGACATG-1,0.000076,0.201499,0.520858,0.025631,0.00746,0.244475
AAAGTAGCATTGCTCA-1,0.925053,0.000311,0.07339,0.000311,0.000311,0.000623
AAAGTCACTGATGTAA-1,0.07993,0.178086,0.519096,0.143942,0.001575,0.077372
AAAGTCGACCCTCAGT-1,0.702847,0.294857,0.000984,0.000328,0.000328,0.000656
AAAGTGCCATCAATTA-1,0.000036,0.648079,0.330817,0.007235,0.013524,0.00031
AAAGTGTGATTTATCT-1,0.000096,0.232286,0.582346,0.039638,0.034383,0.111252
AAAGTTGACTCCCGTA-1,0.056631,0.121038,0.465063,0.215087,0.041913,0.100266
AAATAACCATACGGGA-1,0.000064,0.065328,0.155333,0.510974,0.015872,0.252428
AAATAAGGTAGTGCCC-1,0.013226,0.071474,0.375471,0.124819,0.13687,0.27814
AAATACCTATAAGCAT-1,0.22298,0.277304,0.361993,0.092087,0.025921,0.019716
AAATAGCTTAGACTTT-1,0.000085,0.234787,0.615853,0.055069,0.009763,0.084442
AAATAGGGTGCTATTG-1,0.076489,0.290532,0.215174,0.000104,0.371,0.046701
AAATCACTCCTAAACG-1,0.009551,0.122474,0.714294,0.09619,0.039949,0.017541
AAATCCGATACACGCC-1,0.849617,0.148854,0.000655,0.000218,0.000218,0.000437
AAATCGCGGAAGGAGT-1,0.431306,0.115804,0.000719,0.00024,0.195902,0.256029
AAATCGTGTACCACAA-1,0.078408,0.361689,0.298917,0.077991,0.072749,0.110245
AAATCTAGCCCTGCTA-1,0.004738,0.000033,0.213327,0.14068,0.024683,0.61654
AAATCTGCCCGCGTCC-1,0.542951,0.000199,0.000598,0.000199,0.000199,0.455853
AAATGACTGATCAAAC-1,0.698399,0.000089,0.000267,0.130476,0.000089,0.170679
AAATGATTCGATCAGC-1,0.025288,0.000044,0.316864,0.09379,0.043913,0.520101
AAATGCTCGTTACGTT-1,0.000112,0.134772,0.65262,0.000112,0.011547,0.200837
AAATGGCATGTCTTGT-1,0.000068,0.058816,0.401258,0.327263,0.045654,0.166941
AAATGGCCCGTGCCCT-1,0.611138,0.383222,0.002417,0.000806,0.000806,0.001611
AAATGGTCAATGTGCC-1,0.000073,0.089398,0.350231,0.040639,0.12029,0.399369
AAATGTATCTTATCCC-1,0.013898,0.888815,0.041696,0.013897,0.013898,0.027796
AAATGTGGGTGCTCCT-1,0.000069,0.065384,0.756731,0.050352,0.000069,0.127395
AAATTAACGGGTAGCT-1,0.452911,0.207299,0.266769,0.055558,0.017326,0.000136
AAATTAATAAGCGCGA-1,0.791454,0.090598,0.001183,0.115582,0.000394,0.000789
AAATTACACGACTCTG-1,0.000076,0.010506,0.506585,0.27728,0.022394,0.18316
AAATTACCTATCGATG-1,0.046494,0.226485,0.53813,0.145074,0.013186,0.030632
AAATTCCAGGTCCAAA-1,0.007632,0.299143,0.555351,0.113092,0.00591,0.018871
AAATTGATAGTCCTTT-1,0.691699,0.000756,0.002269,0.000756,0.000756,0.303762
AAATTGCGGCGGTTCT-1,0.000041,0.000041,0.268478,0.000041,0.011084,0.720314
AAATTGGTGAGAAGCA-1,0.000064,0.017248,0.631992,0.24621,0.011179,0.093307
AAATTTACCGAAATCC-1,0.018027,0.014325,0.622459,0.189712,0.012491,0.142985
AAATTTGCGGGTGTGG-1,0.99564,0.000545,0.001635,0.000545,0.000545,0.00109
AACAACTGGTAGTTGC-1,0.000095,0.329873,0.524996,0.000095,0.084287,0.060654
AACAATACATTGTCGA-1,0.998374,0.000203,0.00061,0.000203,0.000203,0.000407
AACAATTACTCTACGC-1,0.082112,0.260707,0.443993,0.030315,0.029339,0.153533
AACACACGCTCGCCGC-1,0.000072,0.355229,0.491602,0.000072,0.049818,0.103207
AACACGACTGTACTGA-1,0.000053,0.085858,0.60496,0.054246,0.104777,0.150105
AACACGAGACGCGGCC-1,0.844838,0.153492,0.000716,0.000239,0.000239,0.000477
AACACGCGGCCGCGAA-1,0.010321,0.128271,0.546839,0.155952,0.063825,0.094792
AACAGCTGTGTGGCAA-1,0.730241,0.266285,0.001489,0.000496,0.000496,0.000993
AACAGGAAATCGAATA-1,0.027865,0.231263,0.224582,0.157077,0.022764,0.336448
AACAGGATGGGCCGCG-1,0.000098,0.352841,0.153916,0.449935,0.016115,0.027096
AACAGGTAGTATGGAT-1,0.000046,0.025218,0.604567,0.017187,0.033711,0.319271
AACATAGCGTGTATCG-1,0.998713,0.000161,0.000483,0.000161,0.000161,0.000322
AACATATCAACTGGTG-1,0.227727,0.042402,0.241459,0.376552,0.030603,0.081256
AACATCGATACGTCTA-1,0.000057,0.03729,0.353556,0.028081,0.143802,0.437214
AACATTGAAGTTGATC-1,0.578366,0.122627,0.001273,0.105036,0.000424,0.192273
AACATTGGTCAGCCGT-1,0.000068,0.004758,0.468007,0.000068,0.147542,0.379558
AACATTGTGACTCGAG-1,0.998075,0.000241,0.000722,0.000241,0.000241,0.000481
AACCAAGACTTCTCTG-1,0.815946,0.00031,0.182506,0.00031,0.00031,0.000619
AACCAGTATCACTCTT-1,0.083046,0.113978,0.124038,0.218253,0.010022,0.450664
AACCATAGGGTTGAAC-1,0.476115,0.26917,0.075661,0.035016,0.00616,0.137878
AACCATGGGATCGCTA-1,0.000112,0.159355,0.599263,0.045219,0.142428,0.053622
AACCCAGAGACGGAGA-1,0.004372,0.196194,0.7052,0.010189,0.03846,0.045585
AACCCATCCCATGATC-1,0.829823,0.039792,0.128172,0.000553,0.000553,0.001106
AACCCGACAACCCGTG-1,0.997167,0.000354,0.001063,0.000354,0.000354,0.000708
AACCCGAGCAGAATCG-1,0.03606,0.020782,0.434651,0.044151,0.063588,0.400768
AACCCGATAGGGCTTC-1,0.000042,0.003828,0.55919,0.005568,0.082088,0.349283
AACCCGCTGTATTCCA-1,0.998658,0.000168,0.000503,0.000168,0.000168,0.000335
AACCCTACTGTCAATA-1,0.000081,0.322986,0.553663,0.006293,0.012638,0.104339
AACCCTGGTGGAACCA-1,0.00777,0.031429,0.546205,0.099025,0.055598,0.259973
AACCGAGCTTGGTCAT-1,0.034287,0.06449,0.165115,0.032546,0.362182,0.341379
AACCGCTAAGGGATGC-1,0.226481,0.143454,0.351354,0.254224,0.020165,0.004323
AACCGTTGTGTTTGCT-1,0.000049,0.000205,0.482514,0.009004,0.049297,0.458932
AACCTAAAGCCGTCCG-1,0.000193,0.001739,0.324717,0.091982,0.000193,0.581175
AACCTCGCTTTAGCCC-1,0.998696,0.000163,0.000489,0.000163,0.000163,0.000326
AACCTGTCACGGAATT-1,0.000056,0.127887,0.579981,0.00504,0.058009,0.229027
AACCTTTAAATACGGT-1,0.095648,0.449831,0.315677,0.062132,0.030962,0.04575
AACCTTTACGACGTCT-1,0.000057,0.007891,0.396276,0.000057,0.0414,0.55432
AACGAAAGTCGTCCCA-1,0.539975,0.287964,0.000735,0.000245,0.000245,0.170837
AACGACCTCCTAGCCG-1,0.038945,0.578642,0.261404,0.014615,0.049599,0.056796
AACGATAATGCCGTAG-1,0.063809,0.404137,0.287832,0.000073,0.020045,0.224103
AACGATAGAAGGGCCG-1,0.000059,0.200428,0.618891,0.085362,0.018133,0.077126
AACGATATGTCAACTG-1,0.446719,0.000033,0.000098,0.188412,0.008709,0.356029
AACGCATGATCTGGGT-1,0.000096,0.067114,0.721058,0.118905,0.047034,0.045792
AACGCGAACGGCAACA-1,0.000118,0.277021,0.71811,0.004397,0.000118,0.000236
AACGCGACCTTGGGCG-1,0.776043,0.000741,0.002224,0.000741,0.218768,0.001482
AACGCGGTCTCCAGCC-1,0.000067,0.062638,0.554403,0.215853,0.050221,0.116818
AACGCTGTTGCTGAAA-1,0.000074,0.505499,0.333387,0.000074,0.055166,0.105801
AACGGACGTACGTATA-1,0.000063,0.162464,0.526198,0.020631,0.013096,0.277548
AACGGCCATCTCCGGT-1,0.992587,0.000927,0.00278,0.000927,0.000927,0.001853
AACGTACTGTGGGTAC-1,0.657137,0.001853,0.333598,0.001853,0.001853,0.003706
AACGTAGTCTACCCAT-1,0.0001,0.077525,0.595996,0.020077,0.175634,0.130667
AACGTCAGACTAGTGG-1,0.01395,0.386629,0.403975,0.000085,0.04989,0.145472
AACGTCATCCGGCTTG-1,0.89092,0.00103,0.003089,0.00103,0.101873,0.002059
AACGTCGCTGCACTTC-1,0.793246,0.205503,0.000536,0.000179,0.000179,0.000358
AACGTGATGAAGGACA-1,0.000086,0.078758,0.444893,0.235766,0.000088,0.240409
AACGTGCGAAAGTCTC-1,0.000066,0.073284,0.420724,0.280405,0.070484,0.155036
AACGTTATCAGCACCT-1,0.008096,0.10477,0.745862,0.000121,0.003736,0.137415
AACGTTCTACCATTGT-1,0.172796,0.490149,0.000803,0.006003,0.000045,0.330203
AACTACCCGTTTGTCA-1,0.009572,0.084831,0.52803,0.032643,0.107756,0.237167
AACTAGCGTATCGCAC-1,0.000062,0.132601,0.421862,0.000062,0.174734,0.270678
AACTAGGCTTGGGTGT-1,0.55865,0.062849,0.376097,0.000601,0.000601,0.001202
AACTCAAGTTAATTGC-1,0.023031,0.709198,0.101252,0.069181,0.008035,0.089304
AACTCCAGAGCGTGTT-1,0.005831,0.483609,0.281934,0.191661,0.000103,0.036861
AACTCCTAATCCCATG-1,0.000058,0.020091,0.602228,0.018717,0.027591,0.331315
AACTCGATAAACACGT-1,0.000099,0.000099,0.617024,0.185076,0.053315,0.144386
AACTCGATGGCGCAGT-1,0.000153,0.112436,0.886801,0.000153,0.000153,0.000305
AACTCTCAATAGAGCG-1,0.017652,0.265963,0.365791,0.259542,0.076902,0.01415
AACTCTCAGTGTGCTC-1,0.167228,0.000342,0.001026,0.000342,0.000342,0.830719
AACTGAGGTCAGCGTC-1,0.000078,0.052178,0.237737,0.089219,0.01278,0.60801
AACTGAGTTATACTGA-1,0.011406,0.10681,0.498526,0.012974,0.10935,0.260934
AACTGATATTAGGCCT-1,0.000063,0.11192,0.390396,0.105243,0.087672,0.304706
AACTGGGTCCCGACGT-1,0.000049,0.103255,0.550475,0.04111,0.20755,0.09756
AACTGGGTTCGAGCCG-1,0.040094,0.1856,0.464486,0.099505,0.012945,0.197369
AACTGGTGTGGGCCTT-1,0.000092,0.104804,0.776505,0.067182,0.02356,0.027857
AACTTCTGCGTCTATC-1,0.000099,0.144062,0.727433,0.000099,0.06912,0.059187
AACTTGCCCGTATGCA-1,0.000094,0.365586,0.146583,0.000094,0.000094,0.487548
AACTTGCGTTCTCGCG-1,0.000164,0.051621,0.714967,0.008169,0.000165,0.224914
AACTTTACGGGAGCTT-1,0.998584,0.000177,0.000531,0.000177,0.000177,0.000354
AACTTTAGCTGCTGAG-1,0.000075,0.041706,0.381343,0.147032,0.044878,0.384966
AACTTTCTCGATCATG-1,0.011017,0.130223,0.588556,0.080271,0.081951,0.107982
AAGAAAGTTTGATGGG-1,0.387704,0.130161,0.000329,0.00011,0.00011,0.481586
AAGAAATCACCAGATT-1,0.000055,0.141172,0.494498,0.288461,0.003857,0.071956
AAGAAGGATCAGTTAG-1,0.000099,0.129789,0.817917,0.014422,0.030947,0.006826
AAGACATACGTGGTTT-1,0.11563,0.458982,0.315545,0.030241,0.030912,0.048691
AAGACCAAATAACTCA-1,0.72422,0.161163,0.009952,0.00012,0.00012,0.104423
AAGACCCAACTGAACA-1,0.815626,0.000666,0.001997,0.000666,0.179713,0.001332
AAGACTAACCCGTTGT-1,0.010561,0.083445,0.491632,0.054716,0.055851,0.303795
AAGACTCACGCCCACT-1,0.008538,0.042822,0.591462,0.018573,0.013915,0.324691
AAGACTGCAAGCTACT-1,0.049644,0.178064,0.258273,0.010747,0.3146,0.188673
AAGAGATGAATCGGTA-1,0.00008,0.192782,0.364756,0.002685,0.00008,0.439616
AAGAGCTCTTTATCGG-1,0.000071,0.054403,0.473052,0.3609,0.009799,0.101775
AAGAGGATGTACGCGA-1,0.566982,0.233477,0.197098,0.000611,0.000611,0.001222
AAGAGGCATGGATCGC-1,0.015098,0.003466,0.033322,0.049928,0.128948,0.769238
AAGAGGCCCTTTGGAA-1,0.000028,0.062962,0.383217,0.000028,0.013854,0.539911
AAGATGGCACCGGACC-1,0.839502,0.15615,0.001863,0.000621,0.000621,0.001242
AAGATTGGCGGAACGT-1,0.600808,0.012135,0.263384,0.095677,0.014446,0.013549
AAGCACCCTGCGTATC-1,0.785015,0.000362,0.001087,0.10763,0.000362,0.105544
AAGCATACTCTCCTGA-1,0.048216,0.670534,0.280895,0.000089,0.000089,0.000177
AAGCCACTTGCAGGTA-1,0.467245,0.243431,0.000297,0.03386,0.000099,0.255067
AAGCCGAAGCGGTTTA-1,0.073067,0.173799,0.61444,0.013385,0.077039,0.04827
AAGCCGCCGTGAAATC-1,0.344411,0.412228,0.001438,0.000479,0.000479,0.240965
AAGCCGCTTTACCTTG-1,0.000085,0.178414,0.540805,0.151334,0.004102,0.12526
AAGCCGGAGAGCAGGA-1,0.000053,0.349289,0.54563,0.072426,0.032008,0.000594
AAGCGCAGGGCTTTGA-1,0.807663,0.000382,0.001146,0.189662,0.000382,0.000764
AAGCGGAGTGCGCGCA-1,0.000059,0.067679,0.802825,0.012793,0.000097,0.116546
AAGCGGCGTCATGGGT-1,0.022312,0.02166,0.367237,0.026815,0.011727,0.55025
AAGCGTCCCTCATCGA-1,0.452144,0.000275,0.000826,0.000275,0.000275,0.546204
AAGCTAGATCGAGTAA-1,0.071237,0.860987,0.054611,0.012925,0.00008,0.00016
AAGCTATGGATTGACC-1,0.848008,0.001544,0.004633,0.001544,0.001544,0.142726
AAGCTCGTGCCAAGTC-1,0.00009,0.245729,0.415935,0.066659,0.107077,0.16451
AAGCTCTTTCATGGTG-1,0.176316,0.227355,0.440426,0.051975,0.021421,0.082507
AAGGAGAACTTATAAG-1,0.000034,0.026279,0.403621,0.37359,0.014571,0.181905
AAGGAGCGGTTGGTGC-1,0.023058,0.292326,0.381655,0.143162,0.159655,0.000145
AAGGATCGATCGCTTG-1,0.03798,0.09342,0.615393,0.036718,0.020699,0.19579
AAGGATGAGGGACCTC-1,0.062581,0.005259,0.028222,0.313509,0.004349,0.58608
AAGGCAGGCTGTCTCC-1,0.02259,0.088402,0.503104,0.044354,0.0197,0.32185
AAGGCGCGTAAAGCTT-1,0.084624,0.197907,0.651082,0.000062,0.058322,0.008003
AAGGCTGTGCTCATCG-1,0.001272,0.13476,0.49428,0.089089,0.139084,0.141515
AAGGGAACGACTGGCT-1,0.378329,0.618387,0.001407,0.000469,0.000469,0.000938
AAGGGACAGATTCTGT-1,0.047674,0.204654,0.432213,0.124498,0.110355,0.080605
AAGGGACTATGCATTC-1,0.745769,0.247635,0.002827,0.000942,0.000942,0.001885
AAGGGTTAGCCATGCG-1,0.805787,0.082278,0.057493,0.000142,0.054016,0.000284
AAGGGTTTGATTTCAG-1,0.319239,0.003971,0.011913,0.003971,0.003971,0.656934
AAGGTATCCTAATATA-1,0.013123,0.000053,0.113658,0.000053,0.538571,0.334542
AAGGTGATAAACCAGC-1,0.00005,0.152006,0.500149,0.019504,0.036066,0.292226
AAGTAAGCTTCCAAAC-1,0.000086,0.092978,0.749775,0.093457,0.003825,0.059879
AAGTAGAAGACCGGGT-1,0.028338,0.096835,0.500923,0.077575,0.061301,0.235029
AAGTAGTGACGCGAGG-1,0.000117,0.678057,0.167724,0.000117,0.00506,0.148925
AAGTCAATTGTCGTCA-1,0.019255,0.049351,0.521189,0.011299,0.143638,0.255268
AAGTCTAGTAGCTGCC-1,0.000055,0.015866,0.663553,0.145025,0.027712,0.14779
AAGTCTTCTGTGGCCT-1,0.731079,0.002316,0.006949,0.002316,0.252706,0.004633
AAGTGACGACCGAATT-1,0.563237,0.060862,0.001319,0.203278,0.000439,0.170865
AAGTGAGTCGGGTTTA-1,0.836697,0.149005,0.011881,0.000604,0.000604,0.001209
AAGTGCAAAGGTAGAC-1,0.64946,0.335988,0.013943,0.000152,0.000152,0.000304
AAGTGCCTTGACTGTA-1,0.000057,0.287235,0.265526,0.0281,0.030436,0.388646
AAGTGCGTTAGAATCT-1,0.632886,0.359483,0.003271,0.00109,0.00109,0.00218
AAGTGCTTCTCTATTG-1,0.86051,0.135518,0.001702,0.000567,0.000567,0.001135
AAGTGTTTGGAGACGG-1,0.085545,0.251803,0.091302,0.000148,0.000148,0.571054
AAGTTCACTCCAAGCT-1,0.140118,0.3763,0.442372,0.028907,0.000144,0.012159
AAGTTCAGTCTGCGTA-1,0.000104,0.069595,0.496629,0.19126,0.039807,0.202606
AAGTTCGGCCAACAGG-1,0.582182,0.000373,0.001119,0.019599,0.000373,0.396354
AAGTTGTGATGTTATA-1,0.000039,0.069952,0.311222,0.000039,0.015978,0.602771
AAGTTTACTAATGGCA-1,0.000067,0.042119,0.588038,0.009202,0.066397,0.294178
AAGTTTATGGGCCCAA-1,0.99503,0.000621,0.001864,0.000621,0.000621,0.001242
AATAACAACGCTCGGC-1,0.35625,0.426964,0.134577,0.081852,0.000119,0.000238
AATAACACTAGAACAA-1,0.590792,0.065991,0.340787,0.000608,0.000608,0.001215
AATAACGTCGCGCCCA-1,0.897648,0.000094,0.015991,0.070862,0.010412,0.004993
AATAAGTCCTCGAGAC-1,0.000078,0.036145,0.422247,0.394082,0.000078,0.147372
AATAATCTTCGTATCG-1,0.009724,0.250573,0.670563,0.036721,0.007414,0.025005
AATACAATGTTTCAGG-1,0.000113,0.229983,0.661707,0.000113,0.106353,0.001732
AATACCGGAGGGCTGT-1,0.998286,0.000214,0.000643,0.000214,0.000214,0.000428
AATACCTGATGTGAAC-1,0.570353,0.000076,0.000228,0.000076,0.000076,0.429192
AATAGAACAGAGTGGC-1,0.990636,0.001171,0.003512,0.00117,0.00117,0.002341
AATAGAATCTGTTTCA-1,0.000081,0.295001,0.69012,0.011524,0.000081,0.003192
AATAGCAAGCCTCCTG-1,0.006561,0.09213,0.234484,0.051763,0.591825,0.023236
AATAGCTACCGCGTGC-1,0.000065,0.040462,0.261225,0.026494,0.1366,0.535153
AATAGGCACGACCCTT-1,0.33963,0.000159,0.000476,0.005235,0.000159,0.654341
AATAGTCCGTCCCGAC-1,0.817131,0.179571,0.001413,0.000471,0.000471,0.000942
AATAGTCGCGAGTCGG-1,0.702314,0.296543,0.00049,0.000163,0.000163,0.000327
AATATCAAGGTCGGAT-1,0.000079,0.100715,0.509687,0.039959,0.019797,0.329762
AATATCCTAGCAAACT-1,0.557747,0.004277,0.012831,0.412315,0.004277,0.008554
AATATCGAATCAATGC-1,0.000072,0.283781,0.544995,0.170598,0.000072,0.000483
AATATCGAGGGTTCTC-1,0.109926,0.05974,0.415774,0.149764,0.083654,0.181143
AATATTGGAGTATTGA-1,0.776384,0.114774,0.107398,0.000361,0.000361,0.000722
AATCAGACTGCAGGAC-1,0.000054,0.032871,0.543481,0.005654,0.013835,0.404105
AATCAGGTTTCATTTA-1,0.851929,0.145019,0.001308,0.000436,0.000436,0.000872
AATCATGTAAAGACTC-1,0.002949,0.235996,0.431711,0.0927,0.083802,0.152842
AATCCAAGGGCCTGAG-1,0.000059,0.005009,0.610933,0.154534,0.147648,0.081817
AATCCATGCAAGGGTG-1,0.000086,0.060533,0.660715,0.000086,0.150274,0.128307
AATCCCGCTCAGAGCC-1,0.99911,0.000111,0.000334,0.000111,0.000111,0.000222
AATCGAGGTCTCAAGG-1,0.937795,0.000201,0.000602,0.000201,0.0608,0.000401
AATCGCCTCAGCGCCA-1,0.006467,0.0025,0.12895,0.174852,0.235629,0.451601
AATCGCGCAGAGGACT-1,0.01682,0.153239,0.371245,0.159261,0.014627,0.284809
AATCGGGACACTACGA-1,0.000053,0.009803,0.487599,0.023822,0.019459,0.459264
AATCGGTATAGCCCTC-1,0.31341,0.35281,0.017791,0.071745,0.028833,0.215411
AATCGTGAGCCGAGCA-1,0.964461,0.030549,0.002138,0.000713,0.000713,0.001425
AATCTAGGTTTACTTG-1,0.992398,0.00095,0.002851,0.00095,0.00095,0.001901
AATCTATGCCGGAGCC-1,0.000051,0.008923,0.200376,0.095475,0.117718,0.577457
AATCTCTACTGTGGTT-1,0.484522,0.000096,0.000288,0.000096,0.000096,0.514902
AATCTGCGTTGGGACG-1,0.032817,0.115599,0.560262,0.085074,0.119898,0.08635
AATCTGGCTTTCTAGT-1,0.864185,0.126549,0.003971,0.001324,0.001324,0.002647
AATCTGGGTAGACCCT-1,0.000092,0.126075,0.341393,0.409273,0.002476,0.120691
AATGACAGCAATGTCT-1,0.440565,0.254298,0.002978,0.000993,0.000993,0.300173
AATGACGTAGGATGTC-1,0.067714,0.110819,0.343298,0.013831,0.232726,0.231612
AATGACTGTCAGCCGG-1,0.01587,0.214497,0.597749,0.00006,0.010935,0.16089
AATGAGTTCGCATATG-1,0.000146,0.122274,0.758154,0.000146,0.000146,0.119135
AATGATGATACGCTAT-1,0.089277,0.183724,0.308556,0.214606,0.019337,0.184499
AATGATGCGACTCCTG-1,0.355517,0.000042,0.122078,0.036322,0.030012,0.456028
AATGCAACCGGGTACC-1,0.023773,0.102548,0.362929,0.10592,0.019129,0.385701
AATGCACCAAGCAATG-1,0.088328,0.276224,0.469529,0.118212,0.04467,0.003037
AATGGCCGCCAATGCG-1,0.022835,0.054069,0.689076,0.006734,0.030816,0.196471
AATGGTCCACCGTTCA-1,0.376596,0.055946,0.300893,0.000314,0.000314,0.265938
AATGGTTCTCACAAGC-1,0.000073,0.055962,0.752102,0.004761,0.002747,0.184355
AATGTATGGCACTGTA-1,0.438575,0.240428,0.000429,0.000143,0.000143,0.320282
AATGTGCCCGAGGTGT-1,0.49696,0.128334,0.002349,0.000783,0.000783,0.370791
AATGTGCTAATCTGAG-1,0.881294,0.11705,0.00071,0.000237,0.000237,0.000473
AATGTTAAGACCCTGA-1,0.998923,0.000135,0.000404,0.000135,0.000135,0.000269
AATGTTGTCGTGAGAC-1,0.000094,0.440894,0.41971,0.000094,0.000095,0.139113
AATTAAAGGTCGGCGT-1,0.000092,0.532984,0.166408,0.000092,0.000252,0.300173
AATTAACGGATTTCCA-1,0.634785,0.358886,0.002712,0.000904,0.000904,0.001808
AATTACGAGACCCATC-1,0.475636,0.00011,0.00033,0.00011,0.00011,0.523705
AATTACTCGTACGCTC-1,0.00011,0.218508,0.516965,0.172937,0.00011,0.091369
AATTAGCGCTGCAGCG-1,0.114958,0.687396,0.115732,0.005016,0.04032,0.036578
AATTATACCCAGCAAG-1,0.791671,0.206937,0.000597,0.000199,0.000199,0.000398
AATTCATAAGGGATCT-1,0.035898,0.118654,0.529417,0.12554,0.000075,0.190416
AATTCATTGTCATGCA-1,0.516337,0.170698,0.000467,0.000156,0.000156,0.312188
AATTCCAACTTGGTGA-1,0.000136,0.002922,0.568192,0.068413,0.000136,0.360201
AATTCCAAGCATGTAC-1,0.710813,0.000211,0.000632,0.000211,0.000211,0.287923
AATTCGATTCGAGGAT-1,0.820841,0.172932,0.002669,0.00089,0.00089,0.001779
AATTCTAGAGTTAGGC-1,0.116626,0.304027,0.51286,0.000847,0.004567,0.061074
AATTGAACGCTCTGGT-1,0.00009,0.180664,0.763077,0.046897,0.000095,0.009176
AATTGCAGCAATCGAC-1,0.00007,0.577891,0.303468,0.001362,0.057615,0.059593
AATTGCGTGGATTACA-1,0.429648,0.418221,0.100589,0.000135,0.000135,0.051273
AATTGTGGTTGCCAAA-1,0.000059,0.724539,0.275166,0.000059,0.000059,0.000118
AATTTGGGACATAGTA-1,0.007982,0.018133,0.504131,0.05154,0.038629,0.379585
AATTTGGTTCCAAAGA-1,0.000049,0.065715,0.586101,0.004447,0.055665,0.288022
ACAAACCATGCGTCCT-1,0.418807,0.372758,0.206952,0.000371,0.000371,0.000741
ACAAACCGACAAGGCG-1,0.000099,0.000099,0.243151,0.076847,0.456792,0.223012
ACAAACTCCATCAGAG-1,0.538865,0.000069,0.000208,0.112069,0.000069,0.348718
ACAAAGAAGGTAGGCC-1,0.50494,0.000532,0.001596,0.000532,0.000532,0.491868
ACAAAGCATGACCTAG-1,0.000055,0.404885,0.346241,0.000055,0.016515,0.232249
ACAAATCGCACCGAAT-1,0.027873,0.072136,0.4823,0.189968,0.024284,0.203439
ACAAATGGTAGTGTTT-1,0.054144,0.000039,0.022247,0.025496,0.404448,0.493626
ACAAATTCAGATCTGA-1,0.010094,0.016457,0.499697,0.275376,0.000116,0.198259
ACAACAGCATGAGCTA-1,0.005505,0.00914,0.213085,0.03569,0.097406,0.639174
ACAACGGTCCCTGCGA-1,0.000078,0.051593,0.815635,0.000078,0.008659,0.123956
ACAAGCAGTGCCTAGC-1,0.024649,0.595706,0.320363,0.000167,0.024879,0.034236
ACAAGCTATATGGAAG-1,0.145085,0.007943,0.815208,0.007941,0.007941,0.015883
ACAAGGAAATCCGCCC-1,0.070084,0.124909,0.283415,0.059107,0.000533,0.461953
ACAAGGACAAGAGGTT-1,0.046373,0.463917,0.457371,0.031933,0.000135,0.00027
ACAAGGATGCTTTAGG-1,0.247125,0.736165,0.016234,0.000119,0.000119,0.000238
ACAAGGCCTACCAGCC-1,0.000107,0.027584,0.558902,0.070609,0.122679,0.220119
ACAAGGGCAGGCTCTG-1,0.060628,0.144581,0.422866,0.117101,0.055255,0.199569
ACAAGTAATTGTAAGG-1,0.181328,0.000089,0.000268,0.000089,0.000089,0.818137
ACAATAGTCGTACGTT-1,0.637667,0.358811,0.001509,0.000503,0.000503,0.001006
ACAATCCATTTAAACC-1,0.031207,0.114205,0.562201,0.178028,0.009983,0.104376
ACAATCGATCTTTATA-1,0.000066,0.006013,0.72784,0.039139,0.00529,0.221653
ACAATGAATACGGAGA-1,0.59771,0.146272,0.002901,0.000967,0.000967,0.251183
ACAATGATTCTTCTAC-1,0.000126,0.230653,0.481635,0.095672,0.04889,0.143024
ACAATTGTGTCTCTTT-1,0.000078,0.215466,0.732668,0.002052,0.027407,0.022329
ACAATTTAGGAGGCTC-1,0.540218,0.001407,0.000442,0.174665,0.000147,0.28312
ACAATTTGAGCAGTGG-1,0.027545,0.094254,0.197264,0.192225,0.009344,0.479367
ACAATTTGGCCATATT-1,0.085166,0.26718,0.371746,0.19891,0.002527,0.074471
ACACAAAGACGGGTGG-1,0.089953,0.292907,0.149343,0.209344,0.195001,0.063452
ACACAAATATTCCTAG-1,0.000055,0.118882,0.570494,0.030587,0.033013,0.24697
ACACACCAGGACCAGT-1,0.01221,0.000026,0.009443,0.103442,0.011017,0.863862
ACACACTTTCTACACG-1,0.000071,0.341531,0.335691,0.085393,0.0486,0.188715
ACACATGATCAAATCT-1,0.912275,0.085388,0.001002,0.000334,0.000334,0.000668
ACACATTGACGCAACA-1,0.000147,0.138089,0.861178,0.000147,0.000147,0.000293
ACACATTTCCGTAGAC-1,0.807104,0.190501,0.001026,0.000342,0.000342,0.000684
ACACCACATAATTAGC-1,0.001683,0.232252,0.326228,0.204766,0.140291,0.094779
ACACCCAGCATGCAGC-1,0.000046,0.18425,0.36427,0.000046,0.167497,0.283892
ACACCCGAGAAATCCG-1,0.033814,0.196269,0.641238,0.033475,0.003171,0.092034
ACACCCGTAAATCTGT-1,0.026459,0.120304,0.356492,0.056319,0.385589,0.054837
ACACCGAGCGCTCTTT-1,0.087824,0.245986,0.276791,0.057555,0.008224,0.323619
ACACCGGTCTGACCGC-1,0.234092,0.761029,0.003544,0.000334,0.000334,0.000668
ACACCTTAAGTAGGGC-1,0.009436,0.249014,0.102616,0.567097,0.000321,0.071517
ACACCTTACTACTTGC-1,0.000064,0.19284,0.482099,0.073751,0.05956,0.191687
ACACGAGACTCCTTCT-1,0.013037,0.015393,0.576805,0.141554,0.193955,0.059255
ACACGGCACTATGCAT-1,0.000048,0.032095,0.350435,0.040641,0.035812,0.540969
ACACGGGAACTTAGGG-1,0.00008,0.019093,0.578355,0.183779,0.046604,0.172088
ACACGTAGGCCACAAG-1,0.000071,0.556905,0.411207,0.000071,0.02535,0.006397
ACACTCCAATGTCACT-1,0.000094,0.108804,0.514741,0.206715,0.059795,0.109852
ACACTGATCAAGGTGT-1,0.566882,0.00108,0.003238,0.001079,0.425562,0.002159
ACACTGGGACAGTCGT-1,0.024018,0.008077,0.211148,0.000544,0.114565,0.641646
ACAGAACTGAGAACAA-1,0.300411,0.455909,0.242998,0.000157,0.000157,0.000369
ACAGATTAGGTTAGTG-1,0.000084,0.120721,0.490775,0.056165,0.051943,0.280313
ACAGCATAGAGCCAGT-1,0.011272,0.004964,0.619551,0.137968,0.031116,0.19513
ACAGCGACATTCTCAT-1,0.000092,0.306605,0.639473,0.000092,0.000092,0.053647
ACAGCGCACCCGCAGC-1,0.023888,0.042745,0.251548,0.45895,0.000145,0.222725
ACAGGAGGCGCAGCCG-1,0.030958,0.000044,0.000131,0.113296,0.000044,0.855527
ACAGGCACGGATCCTT-1,0.997892,0.000263,0.00079,0.000264,0.000263,0.000527
ACAGGCTTGCCCGACT-1,0.000102,0.000102,0.415254,0.177763,0.168815,0.237963
ACAGGTGGAGGTGAGG-1,0.762081,0.000508,0.001523,0.000508,0.000508,0.234873
ACAGGTGTGTTGTTGC-1,0.851734,0.018529,0.055597,0.018534,0.018539,0.037066
ACAGTAATACAACTTG-1,0.655135,0.341554,0.001419,0.000473,0.000473,0.000946
ACAGTATACCGTGGGA-1,0.000085,0.116904,0.584167,0.032762,0.044685,0.221397
ACAGTGCAGCGCATTT-1,0.037702,0.122979,0.44954,0.173531,0.11637,0.099878
ACATAAGTCGTGGTGA-1,0.378626,0.395752,0.014343,0.000278,0.000278,0.210723
ACATAATAAGGCGGTG-1,0.002079,0.224437,0.128534,0.062828,0.037084,0.545038
ACATACAATCAAGCGG-1,0.997399,0.000325,0.000975,0.000325,0.000325,0.00065
ACATCAGCTGGGACGC-1,0.647068,0.025822,0.324706,0.000601,0.000601,0.001202
ACATCCCGGCCATACG-1,0.575175,0.000608,0.16387,0.118602,0.000608,0.141137
ACATCCTGGTAACTGT-1,0.007968,0.415016,0.154168,0.044292,0.026004,0.352551
ACATCGATCGTTTACC-1,0.109119,0.306076,0.044034,0.404573,0.070013,0.066186
ACATCGCAATATTCGG-1,0.367443,0.000131,0.000392,0.000131,0.000131,0.631772
ACATCGGTCAGCCGCG-1,0.817038,0.100271,0.000776,0.081139,0.000259,0.000517
ACATCGTATGCAATGG-1,0.004917,0.091682,0.500707,0.154044,0.034723,0.213927
ACATCGTTAACCTAGT-1,0.000076,0.001532,0.504119,0.126269,0.030337,0.337668
ACATCTCAACGCGTAA-1,0.000065,0.011623,0.431175,0.20739,0.001821,0.347926
ACATGCTTACGGCAGC-1,0.370783,0.221608,0.010269,0.055664,0.000093,0.341583
ACATGGCGCCAAAGTA-1,0.000048,0.005922,0.586052,0.126152,0.016438,0.265388
ACATGGCTCAATTTAG-1,0.030653,0.00019,0.887863,0.014707,0.00019,0.066397
ACATTAGTTTATATCC-1,0.147712,0.399809,0.325052,0.087078,0.000105,0.040245
ACATTCGCGCGGAATA-1,0.532576,0.274795,0.000351,0.000117,0.000117,0.192044
ACATTTGAAACCTAAC-1,0.684882,0.313542,0.000675,0.000225,0.000225,0.00045
ACCAAACACCCAGCGA-1,0.110037,0.072305,0.531416,0.083685,0.063834,0.138724
ACCAAACTAGAAATCC-1,0.000041,0.014321,0.240762,0.082954,0.039813,0.62211
ACCAACACCACACACT-1,0.021107,0.137342,0.381375,0.158414,0.041379,0.260383
ACCAACCGCACTCCAC-1,0.181851,0.620252,0.040501,0.157131,0.000088,0.000177
ACCAACGCTTATTTAT-1,0.470221,0.000499,0.001496,0.000499,0.000499,0.526788
ACCAAGAACGCGTGTC-1,0.000057,0.227998,0.56545,0.022809,0.024869,0.158817
ACCAAGTCATCGGCAG-1,0.831649,0.167292,0.000454,0.000151,0.000151,0.000303
ACCAATATGCAAGTTA-1,0.096836,0.651021,0.234913,0.004828,0.000103,0.012298
ACCACAACTCAGAACA-1,0.000082,0.235138,0.437267,0.044816,0.125178,0.157519
ACCACAAGTTTCTATC-1,0.00004,0.034043,0.501886,0.018343,0.008847,0.436841
ACCACACGGTTGATGG-1,0.881797,0.000102,0.000307,0.084679,0.000102,0.033012
ACCACCAATGTAACAA-1,0.000051,0.161878,0.410528,0.158726,0.026314,0.242503
ACCACCCTCTCTTCTA-1,0.01002,0.166091,0.395377,0.083078,0.188436,0.156997
ACCACGTGCAGCTATA-1,0.132047,0.12421,0.248236,0.170434,0.139222,0.185851
ACCACTGTTCAAGAAG-1,0.042389,0.00004,0.122353,0.093546,0.149276,0.592396
ACCAGACCATAACAAC-1,0.862579,0.000772,0.002316,0.000772,0.000772,0.132788
ACCAGCCCGGTCTTTG-1,0.000089,0.000327,0.673601,0.257895,0.032026,0.036061
ACCAGGAGTGTGATCT-1,0.037532,0.051457,0.673686,0.010435,0.004669,0.222222
ACCAGTGCCCGGTCAA-1,0.000084,0.042368,0.583706,0.072384,0.022527,0.278932
ACCAGTGCGGGAGACG-1,0.000086,0.320487,0.357808,0.000086,0.021938,0.299597
ACCATATCCGCAATAA-1,0.028454,0.433361,0.228596,0.020456,0.06597,0.223162
ACCATCCGCCAACTAG-1,0.577535,0.031606,0.018562,0.164963,0.145837,0.061496
ACCATCGTATATGGTA-1,0.759118,0.128977,0.000834,0.023458,0.000278,0.087336
ACCATTAAGGGTGTCA-1,0.026299,0.223271,0.293187,0.103929,0.043364,0.309949
ACCCAACGCCCGTGGC-1,0.030111,0.033384,0.312092,0.259339,0.037121,0.327954
ACCCACCTACATGCTC-1,0.000086,0.155532,0.359502,0.000086,0.094888,0.389907
ACCCATCTTGAGGGTA-1,0.019502,0.172242,0.557267,0.000082,0.000082,0.250824
ACCCATTTGTCCCTCT-1,0.000082,0.732709,0.230678,0.034506,0.00186,0.000164
ACCCGAGCGAAATTAC-1,0.998406,0.000199,0.000598,0.000199,0.000199,0.000399
ACCCGATTGGTTCCGA-1,0.851186,0.146639,0.000932,0.000311,0.000311,0.000621
ACCCGGAAACTCCCAG-1,0.46171,0.039183,0.000497,0.131475,0.000166,0.366969
ACCCGGAGCACCACAA-1,0.00003,0.224321,0.362838,0.108182,0.122854,0.181775
ACCCGGATGACGCATC-1,0.0251,0.04098,0.350582,0.012095,0.056753,0.514491
ACCCGGTTACACTTCC-1,0.090611,0.417936,0.26512,0.021675,0.001936,0.202722
ACCCGTAGCAGAGAAT-1,0.256034,0.038308,0.000143,0.000048,0.000048,0.705421
ACCCGTAGTCTAGTTG-1,0.000052,0.299815,0.561575,0.000052,0.003744,0.134762
ACCCGTGTCATCAGTA-1,0.676944,0.000386,0.001158,0.000386,0.000386,0.32074
ACCCTATAGGACTGAG-1,0.000176,0.000176,0.830794,0.059263,0.038193,0.071398
ACCCTATGCCATATCG-1,0.87105,0.125038,0.001676,0.000559,0.000559,0.001117
ACCCTCCCGTCAGGGC-1,0.846103,0.00021,0.085678,0.06738,0.00021,0.00042
ACCCTCCCTTGCTATT-1,0.000102,0.462625,0.27667,0.043631,0.118983,0.09799
ACCCTGGTAACGCCCT-1,0.013059,0.065891,0.446477,0.148776,0.08856,0.237237
ACCCTTCATCTGCGAA-1,0.00005,0.128529,0.542496,0.003626,0.035581,0.289718
ACCCTTGCCTGGGTCG-1,0.000054,0.103865,0.591205,0.042935,0.099981,0.16196
ACCCTTTAGTTCTCCA-1,0.000102,0.068073,0.518487,0.028553,0.014233,0.370552
ACCGAAAGGGCCCTGC-1,0.071713,0.149767,0.534167,0.050735,0.00007,0.193548
ACCGAAGAGTCTGGTT-1,0.997892,0.000263,0.00079,0.000263,0.000263,0.000527
ACCGACACATCTCCCA-1,0.810186,0.00054,0.001619,0.186036,0.00054,0.001079
ACCGACTGAGTCCCAC-1,0.000075,0.222491,0.37925,0.021902,0.006489,0.369794
ACCGAGTCTCCTTATT-1,0.82192,0.175281,0.0012,0.0004,0.0004,0.0008
ACCGATAGGCATAACC-1,0.00005,0.487098,0.512163,0.00005,0.000538,0.000101
ACCGATATTTAATCAT-1,0.032798,0.100858,0.431228,0.005295,0.142234,0.287587
ACCGATGGTAGCATCG-1,0.095032,0.345115,0.16817,0.171583,0.016725,0.203375
ACCGCAATAACTGCCT-1,0.130702,0.42284,0.067527,0.031829,0.000092,0.347009
ACCGCGGTGGAAGTCG-1,0.000077,0.177293,0.669382,0.095519,0.000524,0.057205
ACCGCTAGTCATTGGT-1,0.412709,0.200331,0.003617,0.000129,0.000129,0.383085
ACCGGGCCTTTGTTGA-1,0.0015,0.017323,0.168011,0.00245,0.170862,0.639854
ACCGGTCAGGTACACC-1,0.853907,0.142942,0.00135,0.00045,0.00045,0.0009
ACCGGTCTGAGTACGG-1,0.032911,0.062023,0.397356,0.313545,0.04116,0.153006
ACCGTCCACTGGGCCC-1,0.361231,0.348921,0.015234,0.000138,0.000138,0.274338
ACCGTGACCACGTGGG-1,0.996132,0.000483,0.001451,0.000483,0.000483,0.000967
ACCGTTCCCGCTCTGA-1,0.000079,0.006036,0.743757,0.080543,0.101574,0.068011
ACCTAAGTACCTTTCA-1,0.995058,0.000618,0.001853,0.000618,0.000618,0.001235
ACCTAATCGACTTCCT-1,0.000128,0.754734,0.244626,0.000128,0.000128,0.000256
ACCTACAGTATGTGGT-1,0.231689,0.173505,0.142869,0.246818,0.204948,0.00017
ACCTACTATAAATCTA-1,0.879027,0.001128,0.118396,0.000362,0.000362,0.000724
ACCTCAGCGAGGCGCA-1,0.993779,0.000778,0.002333,0.000778,0.000778,0.001555
ACCTCCGCCCTCGCTG-1,0.006066,0.417336,0.377992,0.185759,0.006206,0.006641
ACCTCCGTTATTCACC-1,0.000034,0.08394,0.070504,0.02063,0.00135,0.823543
ACCTCGAACTTATGCT-1,0.417084,0.424045,0.002621,0.000179,0.000179,0.155892
ACCTGCGTGTCATGTT-1,0.944858,0.006541,0.047576,0.000256,0.000256,0.000512
ACCTTTCCTTTAGAAG-1,0.000064,0.08617,0.397488,0.419257,0.009326,0.087695
ACGAAATGGGCGGCAC-1,0.053249,0.331041,0.415629,0.106297,0.03494,0.058845
ACGACCCATGAGTTGC-1,0.070868,0.111528,0.605317,0.043961,0.029565,0.138761
ACGACTCTAGGGCCGA-1,0.980853,0.000189,0.000568,0.017821,0.000189,0.000379
ACGACTGGTCATACTC-1,0.953121,0.044943,0.00083,0.000277,0.000277,0.000553
ACGAGAACCCATCACG-1,0.000088,0.000088,0.42236,0.570628,0.006142,0.000694
ACGAGATATTTGCTTA-1,0.000093,0.162582,0.279767,0.003216,0.242718,0.311624
ACGAGGATACCACTCT-1,0.451353,0.002647,0.53541,0.002647,0.002647,0.005295
ACGAGGTTTACAACGT-1,0.788719,0.207927,0.001438,0.000479,0.000479,0.000958
ACGAGTACGGATGCCC-1,0.546886,0.031113,0.064026,0.331498,0.02635,0.000126
ACGAGTCGCCGGCGTT-1,0.000056,0.000056,0.267759,0.000056,0.02829,0.703783
ACGATACATAGAACTA-1,0.05617,0.220356,0.444759,0.225104,0.038698,0.014912
ACGATACCTATCCTGA-1,0.716922,0.00654,0.019621,0.006541,0.237293,0.013083
ACGATCATACATAGAG-1,0.111124,0.048744,0.514319,0.078581,0.044831,0.202401
ACGATCATCTTGTAAA-1,0.000046,0.000046,0.251931,0.000046,0.067584,0.680347
ACGATGCATATGTTAT-1,0.020981,0.128612,0.599211,0.012696,0.045274,0.193226
ACGATGGATCCGATGC-1,0.000048,0.01023,0.494801,0.013499,0.035316,0.446106
ACGCAAACTAATAGAT-1,0.913772,0.008606,0.076537,0.000271,0.000271,0.000542
ACGCAATCACTACAGC-1,0.068159,0.075612,0.65219,0.052489,0.053211,0.098339
ACGCATAAATGACATG-1,0.000084,0.254287,0.426589,0.087419,0.122404,0.109216
ACGCATACGTTTACTA-1,0.036058,0.061769,0.574392,0.150624,0.059495,0.117662
ACGCATTCGTGAGTAC-1,0.006002,0.020374,0.564069,0.144825,0.089696,0.175034
ACGCCACTCGAAACAG-1,0.951342,0.000221,0.000662,0.047114,0.000221,0.000441
ACGCCAGATGATTTCT-1,0.000083,0.139249,0.645056,0.1159,0.053251,0.046461
ACGCCAGTGCGTTTGC-1,0.961475,0.037421,0.000473,0.000158,0.000158,0.000315
ACGCCCAGCTGTCGAT-1,0.0001,0.002086,0.598318,0.172705,0.073744,0.153048
ACGCCGCTAGACGACC-1,0.07318,0.238412,0.530923,0.013099,0.046362,0.098023
ACGCCTGACACGCGCT-1,0.011799,0.000026,0.000259,0.195792,0.002279,0.789844
ACGCGAAGTCAGACGA-1,0.095901,0.450102,0.349117,0.000074,0.000778,0.104028
ACGCGCTACACAGGGT-1,0.513941,0.125364,0.177844,0.000882,0.000882,0.181087
ACGCGGGCCAAGGACA-1,0.160911,0.134334,0.394077,0.081131,0.112474,0.117072
ACGCGTTTCTTAAGAG-1,0.986875,0.000145,0.000434,0.012112,0.000145,0.00029
ACGCTACTGAATGGGC-1,0.551449,0.224408,0.117391,0.00009,0.032006,0.074656
ACGCTAGTATCAGTGC-1,0.029927,0.224564,0.501427,0.096618,0.068206,0.079257
ACGCTAGTGATACACT-1,0.154332,0.049347,0.523691,0.095904,0.031544,0.145182
ACGCTGTGAGGCGTAG-1,0.596304,0.394951,0.003748,0.001249,0.001249,0.002499
ACGCTTAGTGTCTCTC-1,0.000165,0.017749,0.487967,0.468744,0.000165,0.025211
ACGGAACACGAGTGCC-1,0.840405,0.158302,0.000554,0.000185,0.000185,0.000369
ACGGAATTTAGCAAAT-1,0.000077,0.303222,0.57907,0.000077,0.041627,0.075927
ACGGACGCAGCGACAA-1,0.292956,0.649099,0.003351,0.000134,0.000134,0.054327
ACGGACTCTCAAAGCG-1,0.835226,0.000691,0.161321,0.000691,0.000691,0.001381
ACGGAGCGCAAATTAC-1,0.000069,0.003531,0.511609,0.039904,0.119469,0.325417
ACGGATGGTGCGGATA-1,0.266184,0.674698,0.058629,0.000122,0.000122,0.000245
ACGGCACTTGCTTGGG-1,0.281204,0.570708,0.05935,0.088065,0.000224,0.000448
ACGGCCAACATGGACT-1,0.538296,0.254748,0.001483,0.000494,0.000494,0.204485
ACGGCGACGATGGGAA-1,0.145624,0.232191,0.046306,0.49399,0.059417,0.022473
ACGGCGGGTTGCCCTG-1,0.000087,0.17294,0.79327,0.00309,0.000087,0.030526
ACGGCTGGATGTAGAA-1,0.369958,0.458567,0.000824,0.000275,0.000275,0.170103
ACGGGAGTGTCGGCCC-1,0.571537,0.000911,0.183505,0.000911,0.000911,0.242224
ACGGGCGTATGCGACA-1,0.200051,0.038468,0.033209,0.375962,0.011589,0.340722
ACGGGTCATGTGACTT-1,0.011527,0.41371,0.565839,0.000095,0.00864,0.00019
ACGGGTTGTGACCTGT-1,0.43705,0.227085,0.000422,0.000141,0.000141,0.335161
ACGGTACAGTTCAATG-1,0.831062,0.000171,0.000512,0.167743,0.000171,0.000342
ACGGTCACCGAGAACA-1,0.440584,0.306763,0.000441,0.000147,0.000147,0.251918
ACGTACAGATTTCTCT-1,0.046885,0.185966,0.57352,0.068912,0.094634,0.030083
ACGTACTTTGGCACGG-1,0.995166,0.000604,0.001813,0.000604,0.000604,0.001209
ACGTAGATTGCTGATG-1,0.000058,0.07724,0.426588,0.000058,0.066659,0.429397
ACGTAGGAGAGTCGCT-1,0.726719,0.269428,0.001651,0.00055,0.00055,0.001101
ACGTATTACTCCGATC-1,0.000093,0.315233,0.508028,0.034483,0.068582,0.073581
ACGTCCTAAACGAGAT-1,0.000044,0.083654,0.581728,0.057076,0.04853,0.228969
ACGTCGGGCAACTCGG-1,0.060542,0.00028,0.00084,0.00028,0.00028,0.937778
ACGTCTCGTTCCGGGA-1,0.888124,0.000168,0.000505,0.000168,0.000168,0.110866
ACGTGACAAAGTAAGT-1,0.766496,0.000772,0.002316,0.000772,0.228099,0.001544
ACGTGCGCCTCGTGCA-1,0.000062,0.000062,0.546997,0.051031,0.241316,0.160532
ACGTGGTCGAATGTGC-1,0.000141,0.000141,0.694997,0.304299,0.000141,0.000281
ACGTTAATGTCGAAGA-1,0.076457,0.334671,0.30468,0.090154,0.158964,0.035075
ACGTTAGATTTGCCCG-1,0.076392,0.690465,0.232084,0.000643,0.000139,0.000277
ACGTTATTGGTCACTC-1,0.000111,0.392584,0.212716,0.009557,0.012745,0.372287
ACGTTCACTATGCCGC-1,0.751259,0.081045,0.00032,0.167056,0.000107,0.000214
ACGTTCCGCGCTCCGT-1,0.046019,0.15547,0.519379,0.183763,0.00007,0.095299
ACGTTCGCAATCAATT-1,0.00005,0.037794,0.519874,0.012979,0.061465,0.367839
ACGTTCGTTCAGGAAA-1,0.872119,0.000904,0.123361,0.000904,0.000904,0.001808
ACGTTCTGTACAAGTC-1,0.739935,0.072374,0.009353,0.064565,0.113537,0.000236
ACGTTGTCGTTGAAAG-1,0.234511,0.292385,0.000287,0.000096,0.000096,0.472625
ACGTTTAGTTGTGATC-1,0.000104,0.144778,0.551455,0.27431,0.000104,0.029249
ACGTTTCGGTGCACTT-1,0.361881,0.323875,0.137754,0.000111,0.000111,0.176266
ACTAAGGACGCACACC-1,0.000063,0.232488,0.52323,0.113194,0.013673,0.117352
ACTAATACGTCAGGCG-1,0.029388,0.050325,0.532761,0.009876,0.021717,0.355934
ACTACAAAGAGAGGTG-1,0.916425,0.080844,0.00117,0.00039,0.00039,0.00078
ACTACATCCCGACAAG-1,0.480635,0.337068,0.005705,0.061947,0.114054,0.000591
ACTACCAGCTCTCTGG-1,0.014377,0.35721,0.157055,0.034405,0.167777,0.269177
ACTACCATCCGAGGGC-1,0.283955,0.233331,0.083037,0.001237,0.004675,0.393764
ACTACGCGTTAGAATT-1,0.849765,0.000794,0.146264,0.000794,0.000794,0.001588
ACTAGTTGCGATCGTC-1,0.000118,0.132008,0.711944,0.113419,0.042276,0.000235
ACTATATGCTGTGTTC-1,0.073727,0.273115,0.142916,0.462094,0.000128,0.04802
ACTATCCAGGGCATGG-1,0.000085,0.224152,0.407708,0.000085,0.226629,0.141341
ACTATCGCCGGCTAAA-1,0.099255,0.000063,0.00019,0.044854,0.000064,0.855574
ACTATCTGCCCGCGTA-1,0.061769,0.489453,0.218168,0.09525,0.106189,0.02917
ACTATGTCCAGCTGCC-1,0.374529,0.12634,0.001843,0.000614,0.000614,0.496059
ACTATTCGTCCGTGGT-1,0.000078,0.043818,0.501457,0.17812,0.031643,0.244885
ACTATTTCCGGGCCCA-1,0.564533,0.203129,0.001917,0.167844,0.000639,0.061938
ACTCAACGAATGTATT-1,0.000058,0.200906,0.169662,0.031656,0.016748,0.58097
ACTCAAGTGCAAGGCT-1,0.209507,0.787995,0.002037,0.000115,0.000115,0.00023
ACTCAATAAAGGCACG-1,0.022911,0.024025,0.441876,0.036355,0.081701,0.393133
ACTCAGACCTGCTTCT-1,0.000082,0.049807,0.799365,0.114373,0.000082,0.03629
ACTCATGGCAGCCTTC-1,0.489336,0.074833,0.001119,0.000373,0.000373,0.433965
