Barcode,Topic 1,Topic 2to3,Topic 4,Topic 5,Topic 6,Topic 7to8
AAACAACGAATAGTTC-1,0.070514,0.003202,0.055044,0.871172,0.000023,0.000045
AAACAAGTATCTCCCA-1,0.066115,0.259321,0.315597,0.089833,0.112253,0.156882
AAACAATCTACTAGCA-1,0.803722,0.195595,0.000069,0.000069,0.000408,0.000137
AAACACCAATAACTGC-1,0.00002,0.041788,0.004292,0.137514,0.10737,0.709017
AAACAGAGCGACTCCT-1,0.21129,0.496361,0.054301,0.078696,0.091346,0.068006
AAACAGCTTTCAGAAG-1,0.118036,0.854397,0.000067,0.000067,0.000067,0.027365
AAACAGGGTCTATATT-1,0.001694,0.693567,0.038125,0.060946,0.022504,0.183164
AAACAGTGTTCCTGGG-1,0.022193,0.092685,0.060593,0.553037,0.035967,0.235525
AAACATGGTGAGAGGA-1,0.998944,0.000302,0.000151,0.000151,0.000151,0.000302
AAACATTTCCCGGATT-1,0.161101,0.100052,0.076299,0.138176,0.110419,0.413953
AAACCACTACACAGAT-1,0.530191,0.317403,0.023973,0.088633,0.015385,0.024414
AAACCCGAACGAAATC-1,0.248173,0.374716,0.094198,0.013747,0.06792,0.201246
AAACCGGAAATGTTAA-1,0.093235,0.323689,0.118787,0.01881,0.187354,0.258126
AAACCGGGTAGGTACC-1,0.022111,0.186446,0.053193,0.067269,0.038749,0.632232
AAACCGTTCGTCCAGG-1,0.092624,0.195935,0.104211,0.105088,0.04493,0.457211
AAACCTAAGCAGCCGG-1,0.166826,0.320564,0.319836,0.060882,0.014368,0.117524
AAACCTCATGAAGTTG-1,0.053052,0.771629,0.048071,0.004046,0.021,0.102202
AAACGAAGAACATACC-1,0.039063,0.494298,0.127341,0.124165,0.077093,0.13804
AAACGAAGATGGAGTA-1,0.239806,0.657655,0.006613,0.011601,0.05467,0.029656
AAACGACAGTCTTGCC-1,0.119976,0.089143,0.028468,0.27535,0.134289,0.352774
AAACGAGACGGTTGAT-1,0.00123,0.021433,0.0965,0.30959,0.20521,0.366037
AAACGCCCGAGATCGG-1,0.150611,0.507114,0.253972,0.026963,0.029542,0.031798
AAACGCTGGGCACGAC-1,0.805267,0.14551,0.000031,0.000031,0.01012,0.039041
AAACGGGCGTACGGGT-1,0.195974,0.189029,0.025619,0.050568,0.205519,0.333292
AAACGGGTTGGTATCC-1,0.000048,0.445799,0.079711,0.083229,0.027407,0.363806
AAACGGTTGCGAACTG-1,0.100036,0.163844,0.207157,0.047632,0.11514,0.366192
AAACGTGTTCGCCCTA-1,0.00702,0.679751,0.257058,0.000077,0.011638,0.044455
AAACTAACGTGGCGAC-1,0.055942,0.620797,0.138627,0.024474,0.065266,0.094894
AAACTCGGTTCGCAAT-1,0.033505,0.199943,0.024263,0.100209,0.090204,0.551877
AAACTCGTGATATAAG-1,0.013725,0.575381,0.293386,0.009956,0.055254,0.052297
AAACTGCTGGCTCCAA-1,0.170116,0.319291,0.232521,0.03244,0.082736,0.162896
AAACTTAATTGCACGC-1,0.327998,0.341024,0.006671,0.02451,0.065392,0.234406
AAACTTGCAAACGTAT-1,0.25423,0.679768,0.013536,0.000054,0.010926,0.041487
AAAGAATGACCTTAGA-1,0.406939,0.500371,0.004246,0.017873,0.021607,0.048964
AAAGAATGTGGACTAA-1,0.010381,0.171602,0.026006,0.091278,0.175035,0.525698
AAAGACATGAAGTTTA-1,0.045202,0.407392,0.125057,0.171293,0.087048,0.164008
AAAGACCCAAGTCGCG-1,0.000068,0.506931,0.128482,0.086065,0.075924,0.20253
AAAGACTGGGCGCTTT-1,0.00056,0.9657,0.000099,0.033343,0.000099,0.000198
AAAGCTTGCCTACATA-1,0.011767,0.158051,0.19212,0.05073,0.144225,0.443107
AAAGGCCCTATAATAC-1,0.547119,0.450359,0.000264,0.000042,0.002133,0.000083
AAAGGCTACGGACCAT-1,0.045211,0.582599,0.098512,0.057876,0.125721,0.090082
AAAGGCTCTCGCGCCG-1,0.261913,0.522164,0.074447,0.034852,0.041871,0.064754
AAAGGGATGTAGCAAG-1,0.019139,0.116836,0.366119,0.155027,0.030262,0.312617
AAAGGGCAGCTTGAAT-1,0.057582,0.802625,0.02386,0.029454,0.00987,0.076609
AAAGGTAAGCTGTACC-1,0.041485,0.704982,0.081194,0.055563,0.049666,0.067109
AAAGGTCAACGACATG-1,0.059123,0.203459,0.182983,0.233965,0.025164,0.295306
AAAGTAGCATTGCTCA-1,0.036558,0.160257,0.246534,0.119253,0.108778,0.32862
AAAGTCACTGATGTAA-1,0.012192,0.450647,0.069739,0.053802,0.12633,0.28729
AAAGTCGACCCTCAGT-1,0.000048,0.877398,0.004597,0.038255,0.003269,0.076433
AAAGTGCCATCAATTA-1,0.050429,0.303682,0.022281,0.053593,0.144759,0.425256
AAAGTGTGATTTATCT-1,0.179228,0.009758,0.084804,0.663116,0.034131,0.028964
AAAGTTGACTCCCGTA-1,0.000335,0.00101,0.033477,0.355254,0.149469,0.460455
AAATAACCATACGGGA-1,0.209664,0.220007,0.03479,0.113927,0.180402,0.24121
AAATAAGGTAGTGCCC-1,0.078918,0.535622,0.108481,0.05541,0.10596,0.115609
AAATACCTATAAGCAT-1,0.077322,0.194775,0.040129,0.671274,0.008734,0.007766
AAATAGCTTAGACTTT-1,0.078994,0.182651,0.157756,0.097162,0.083169,0.400268
AAATAGGGTGCTATTG-1,0.006975,0.077193,0.043894,0.104214,0.147628,0.620095
AAATCACTCCTAAACG-1,0.054602,0.729463,0.163781,0.00011,0.010021,0.042022
AAATCCGATACACGCC-1,0.057215,0.250026,0.324124,0.018372,0.101551,0.248712
AAATCGCGGAAGGAGT-1,0.335733,0.417818,0.030881,0.037154,0.056159,0.122255
AAATCGTGTACCACAA-1,0.043481,0.263633,0.156947,0.032393,0.091628,0.411918
AAATCTAGCCCTGCTA-1,0.391761,0.420787,0.013881,0.000039,0.044711,0.128821
AAATCTGCCCGCGTCC-1,0.123097,0.653449,0.029818,0.021586,0.042545,0.129505
AAATGACTGATCAAAC-1,0.120195,0.230963,0.015504,0.593548,0.013182,0.026608
AAATGATTCGATCAGC-1,0.015831,0.440926,0.142621,0.141459,0.037367,0.221797
AAATGCTCGTTACGTT-1,0.061865,0.827972,0.082913,0.000103,0.000876,0.026271
AAATGGCATGTCTTGT-1,0.076245,0.52715,0.12703,0.123936,0.037539,0.1081
AAATGGCCCGTGCCCT-1,0.000222,0.319159,0.013411,0.094795,0.079918,0.492495
AAATGGTCAATGTGCC-1,0.148647,0.379015,0.161303,0.09057,0.091395,0.12907
AAATGTATCTTATCCC-1,0.386757,0.188819,0.363276,0.056824,0.00376,0.000565
AAATGTGGGTGCTCCT-1,0.049006,0.641721,0.01331,0.06847,0.117872,0.109621
AAATTAACGGGTAGCT-1,0.568856,0.007489,0.112488,0.022664,0.137848,0.150654
AAATTAATAAGCGCGA-1,0.097394,0.329081,0.156253,0.213886,0.004152,0.199235
AAATTACACGACTCTG-1,0.041219,0.358243,0.081,0.116874,0.182596,0.220069
AAATTACCTATCGATG-1,0.177076,0.237275,0.04505,0.274342,0.028897,0.23736
AAATTCCAGGTCCAAA-1,0.048662,0.18601,0.061159,0.122273,0.152255,0.42964
AAATTGATAGTCCTTT-1,0.021019,0.004937,0.006516,0.310177,0.059811,0.59754
AAATTGCGGCGGTTCT-1,0.003105,0.772192,0.016822,0.141898,0.018852,0.047131
AAATTGGTGAGAAGCA-1,0.006098,0.620435,0.053863,0.143202,0.062146,0.114256
AAATTTACCGAAATCC-1,0.132471,0.498085,0.200722,0.017608,0.041025,0.110089
AAATTTGCGGGTGTGG-1,0.090086,0.061847,0.039046,0.111435,0.1212,0.576386
AACAACTGGTAGTTGC-1,0.042427,0.22002,0.288062,0.409177,0.030208,0.010106
AACAATACATTGTCGA-1,0.015997,0.305214,0.014615,0.114931,0.045158,0.504084
AACAATTACTCTACGC-1,0.312967,0.585111,0.038658,0.016098,0.003006,0.04416
AACACACGCTCGCCGC-1,0.14406,0.329405,0.061733,0.15864,0.054524,0.251638
AACACGACTGTACTGA-1,0.067745,0.512194,0.152571,0.018142,0.019595,0.229752
AACACGAGACGCGGCC-1,0.005624,0.732899,0.039938,0.020253,0.029618,0.171667
AACACGCGGCCGCGAA-1,0.013096,0.859785,0.028617,0.000097,0.067842,0.030562
AACAGCTGTGTGGCAA-1,0.148687,0.402969,0.033371,0.052478,0.100061,0.262435
AACAGGAAATCGAATA-1,0.20209,0.282692,0.07692,0.405068,0.02388,0.009351
AACAGGATGGGCCGCG-1,0.000676,0.631021,0.205101,0.025947,0.034422,0.102833
AACAGGTAGTATGGAT-1,0.125457,0.351844,0.168434,0.00991,0.019377,0.324978
AACATAGCGTGTATCG-1,0.048136,0.05338,0.043131,0.096779,0.079546,0.679028
AACATATCAACTGGTG-1,0.006689,0.264893,0.097801,0.130876,0.122038,0.377703
AACATCGATACGTCTA-1,0.001031,0.492419,0.051815,0.168834,0.047217,0.238684
AACATTGAAGTTGATC-1,0.182677,0.554266,0.16327,0.007047,0.04077,0.05197
AACATTGGTCAGCCGT-1,0.194233,0.647728,0.013437,0.144334,0.00009,0.000179
AACATTGTGACTCGAG-1,0.046496,0.254395,0.070298,0.085869,0.13502,0.407923
AACCAAGACTTCTCTG-1,0.095332,0.240778,0.011501,0.197381,0.047015,0.407992
AACCAGTATCACTCTT-1,0.016437,0.258861,0.436635,0.052734,0.046976,0.188358
AACCATAGGGTTGAAC-1,0.17653,0.410706,0.011776,0.082522,0.100776,0.21769
AACCATGGGATCGCTA-1,0.061665,0.811635,0.004114,0.009194,0.018689,0.094703
AACCCAGAGACGGAGA-1,0.028673,0.543582,0.208559,0.035503,0.070587,0.113095
AACCCATCCCATGATC-1,0.00463,0.647396,0.045776,0.143129,0.039624,0.119446
AACCCGACAACCCGTG-1,0.014306,0.538499,0.082267,0.004035,0.30107,0.059824
AACCCGAGCAGAATCG-1,0.139278,0.298507,0.023723,0.042898,0.071975,0.423619
AACCCGATAGGGCTTC-1,0.047481,0.34889,0.544737,0.050489,0.000085,0.008317
AACCCGCTGTATTCCA-1,0.224082,0.04623,0.025052,0.086176,0.29746,0.321
AACCCTACTGTCAATA-1,0.189192,0.28791,0.109243,0.071188,0.035262,0.307204
AACCCTGGTGGAACCA-1,0.016176,0.367537,0.186319,0.047755,0.094375,0.287838
AACCGAGCTTGGTCAT-1,0.078173,0.320228,0.113429,0.117373,0.014905,0.355892
AACCGCTAAGGGATGC-1,0.135487,0.000163,0.003349,0.128731,0.081306,0.650964
AACCGTTGTGTTTGCT-1,0.103585,0.337319,0.078906,0.136569,0.03813,0.305492
AACCTAAAGCCGTCCG-1,0.086282,0.572225,0.19111,0.047354,0.053365,0.049665
AACCTCGCTTTAGCCC-1,0.089732,0.168554,0.04772,0.072531,0.127052,0.49441
AACCTGTCACGGAATT-1,0.087433,0.447577,0.103732,0.126909,0.034256,0.200093
AACCTTTAAATACGGT-1,0.901595,0.094163,0.000044,0.000044,0.000185,0.003968
AACCTTTACGACGTCT-1,0.045008,0.585669,0.30018,0.00722,0.017197,0.044726
AACGAAAGTCGTCCCA-1,0.01091,0.615865,0.013618,0.214211,0.030018,0.115378
AACGACCTCCTAGCCG-1,0.110311,0.032164,0.014811,0.075431,0.161703,0.60558
AACGATAATGCCGTAG-1,0.095317,0.485029,0.17406,0.065521,0.029898,0.150174
AACGATAGAAGGGCCG-1,0.032019,0.25383,0.071723,0.20637,0.080527,0.355531
AACGATATGTCAACTG-1,0.653964,0.172676,0.111609,0.009079,0.02839,0.024282
AACGCATGATCTGGGT-1,0.040278,0.459507,0.155468,0.019176,0.301919,0.023651
AACGCGAACGGCAACA-1,0.008376,0.807603,0.151023,0.002111,0.000706,0.03018
AACGCGACCTTGGGCG-1,0.062738,0.239579,0.100196,0.171594,0.06621,0.359683
AACGCGGTCTCCAGCC-1,0.00506,0.067391,0.189816,0.225244,0.217036,0.295453
AACGCTGTTGCTGAAA-1,0.115473,0.000041,0.015959,0.622102,0.031902,0.214522
AACGGACGTACGTATA-1,0.103853,0.343517,0.113896,0.132032,0.111473,0.19523
AACGGCCATCTCCGGT-1,0.011366,0.31682,0.131972,0.328027,0.075699,0.136116
AACGTACTGTGGGTAC-1,0.06848,0.249175,0.214887,0.136555,0.073477,0.257426
AACGTAGTCTACCCAT-1,0.022325,0.812655,0.114077,0.004562,0.019734,0.026648
AACGTCAGACTAGTGG-1,0.000063,0.46559,0.0877,0.148797,0.074722,0.223128
AACGTCATCCGGCTTG-1,0.08666,0.627268,0.004603,0.005526,0.144374,0.131568
AACGTCGCTGCACTTC-1,0.12435,0.590034,0.026127,0.019739,0.07388,0.16587
AACGTGATGAAGGACA-1,0.003782,0.461081,0.076743,0.133393,0.037756,0.287245
AACGTGCGAAAGTCTC-1,0.082358,0.16121,0.362833,0.03158,0.138088,0.223931
AACGTTATCAGCACCT-1,0.119636,0.511108,0.105084,0.088133,0.06397,0.112069
AACGTTCTACCATTGT-1,0.325151,0.42861,0.041297,0.029351,0.03481,0.140782
AACTACCCGTTTGTCA-1,0.048628,0.498661,0.014617,0.06602,0.12327,0.248805
AACTAGCGTATCGCAC-1,0.059312,0.39157,0.112974,0.097458,0.039153,0.299533
AACTAGGCTTGGGTGT-1,0.003887,0.377386,0.083263,0.125562,0.258863,0.151038
AACTCAAGTTAATTGC-1,0.135353,0.139719,0.071207,0.107605,0.083368,0.462747
AACTCCAGAGCGTGTT-1,0.058644,0.204814,0.278937,0.035778,0.276736,0.145092
AACTCCTAATCCCATG-1,0.061812,0.544566,0.057946,0.073292,0.067235,0.195148
AACTCGATAAACACGT-1,0.257588,0.736314,0.003885,0.001702,0.00017,0.00034
AACTCGATGGCGCAGT-1,0.035389,0.742522,0.021306,0.013544,0.001021,0.186218
AACTCTCAATAGAGCG-1,0.599416,0.000075,0.000043,0.399907,0.000484,0.000075
AACTCTCAGTGTGCTC-1,0.056614,0.043239,0.046451,0.308767,0.101157,0.443771
AACTGAGGTCAGCGTC-1,0.003945,0.432892,0.041743,0.064225,0.012618,0.444577
AACTGAGTTATACTGA-1,0.557407,0.06935,0.065888,0.017374,0.08512,0.204861
AACTGATATTAGGCCT-1,0.667544,0.000059,0.008099,0.115066,0.093684,0.115548
AACTGGGTCCCGACGT-1,0.095743,0.472041,0.06482,0.205714,0.01899,0.142691
AACTGGGTTCGAGCCG-1,0.040019,0.410616,0.022225,0.152967,0.068323,0.30585
AACTGGTGTGGGCCTT-1,0.11936,0.755894,0.045812,0.000121,0.018259,0.060554
AACTTCTGCGTCTATC-1,0.00008,0.508159,0.028842,0.126253,0.066008,0.270658
AACTTGCCCGTATGCA-1,0.02587,0.417126,0.262765,0.132271,0.068845,0.093123
AACTTGCGTTCTCGCG-1,0.000113,0.572357,0.03599,0.222656,0.053361,0.115523
AACTTTACGGGAGCTT-1,0.354597,0.645022,0.000076,0.000076,0.000076,0.000152
AACTTTAGCTGCTGAG-1,0.000734,0.635914,0.011497,0.201102,0.001577,0.149176
AACTTTCTCGATCATG-1,0.384967,0.204327,0.046126,0.055741,0.042837,0.266002
AAGAAAGTTTGATGGG-1,0.04794,0.823587,0.066219,0.02099,0.004994,0.036269
AAGAAATCACCAGATT-1,0.071519,0.329642,0.158643,0.067753,0.038826,0.333616
AAGAAGGATCAGTTAG-1,0.030027,0.782117,0.027693,0.02562,0.08621,0.048333
AAGACATACGTGGTTT-1,0.03199,0.284323,0.017931,0.058333,0.060347,0.547076
AAGACCAAATAACTCA-1,0.322414,0.474458,0.006362,0.025315,0.070805,0.100646
AAGACCCAACTGAACA-1,0.24869,0.235114,0.032506,0.042688,0.041394,0.399608
AAGACTAACCCGTTGT-1,0.006358,0.580362,0.082647,0.165144,0.006378,0.159111
AAGACTCACGCCCACT-1,0.098967,0.577943,0.201462,0.03134,0.046923,0.043366
AAGACTGCAAGCTACT-1,0.032692,0.118324,0.100487,0.088453,0.023882,0.636161
AAGAGATGAATCGGTA-1,0.002727,0.589653,0.032345,0.247911,0.020571,0.106793
AAGAGCTCTTTATCGG-1,0.000038,0.000077,0.047704,0.193623,0.138537,0.620021
AAGAGGATGTACGCGA-1,0.000516,0.204348,0.032504,0.167021,0.175671,0.41994
AAGAGGCATGGATCGC-1,0.045533,0.470434,0.072128,0.035514,0.082962,0.293429
AAGAGGCCCTTTGGAA-1,0.149313,0.525346,0.050911,0.031254,0.111796,0.13138
AAGATGGCACCGGACC-1,0.06666,0.298854,0.083735,0.059877,0.096441,0.394432
AAGATTGGCGGAACGT-1,0.054124,0.13273,0.030698,0.109553,0.046197,0.626698
AAGCACCCTGCGTATC-1,0.061375,0.30804,0.265298,0.006906,0.137674,0.220707
AAGCATACTCTCCTGA-1,0.424232,0.040976,0.018897,0.073557,0.059179,0.38316
AAGCCACTTGCAGGTA-1,0.445614,0.022275,0.017668,0.021716,0.063088,0.429639
AAGCCGAAGCGGTTTA-1,0.061314,0.253765,0.057945,0.097253,0.05375,0.475973
AAGCCGCCGTGAAATC-1,0.280485,0.52582,0.015323,0.009917,0.053821,0.114634
AAGCCGCTTTACCTTG-1,0.000127,0.02142,0.022646,0.370008,0.08202,0.503779
AAGCCGGAGAGCAGGA-1,0.062733,0.327489,0.050788,0.039816,0.137012,0.382162
AAGCGCAGGGCTTTGA-1,0.123734,0.53386,0.211933,0.013808,0.017427,0.099239
AAGCGGAGTGCGCGCA-1,0.065168,0.534382,0.164379,0.100835,0.018767,0.11647
AAGCGGCGTCATGGGT-1,0.18703,0.757309,0.045808,0.000078,0.000078,0.009698
AAGCGTCCCTCATCGA-1,0.158345,0.148745,0.036609,0.364629,0.029103,0.262569
AAGCTAGATCGAGTAA-1,0.126539,0.119095,0.083759,0.087276,0.336793,0.246537
AAGCTATGGATTGACC-1,0.000049,0.913868,0.002963,0.029199,0.003287,0.050634
AAGCTCGTGCCAAGTC-1,0.187749,0.017577,0.022735,0.256243,0.039122,0.476574
AAGCTCTTTCATGGTG-1,0.258713,0.384983,0.099536,0.032168,0.061066,0.163535
AAGGAGAACTTATAAG-1,0.000109,0.591042,0.191113,0.017384,0.006709,0.193645
AAGGAGCGGTTGGTGC-1,0.000086,0.678352,0.173291,0.022766,0.000086,0.12542
AAGGATCGATCGCTTG-1,0.162243,0.18323,0.252498,0.046789,0.059535,0.295705
AAGGATGAGGGACCTC-1,0.561064,0.236627,0.112103,0.001271,0.057899,0.031036
AAGGCAGGCTGTCTCC-1,0.249411,0.243827,0.326573,0.015167,0.076727,0.088295
AAGGCGCGTAAAGCTT-1,0.000038,0.269873,0.080993,0.287009,0.057916,0.304172
AAGGCTGTGCTCATCG-1,0.004936,0.193517,0.119244,0.258687,0.156013,0.267603
AAGGGAACGACTGGCT-1,0.032419,0.036604,0.033207,0.148676,0.130219,0.618875
AAGGGACAGATTCTGT-1,0.104654,0.590959,0.125107,0.011027,0.110294,0.057959
AAGGGACTATGCATTC-1,0.016536,0.244162,0.092392,0.097303,0.038736,0.510872
AAGGGTTAGCCATGCG-1,0.18064,0.438565,0.047747,0.046415,0.082255,0.204378
AAGGGTTTGATTTCAG-1,0.394382,0.591328,0.008187,0.005838,0.000089,0.000177
AAGGTATCCTAATATA-1,0.826294,0.123111,0.0162,0.000234,0.001385,0.032777
AAGGTGATAAACCAGC-1,0.312808,0.277233,0.056589,0.04657,0.1384,0.1684
AAGTAAGCTTCCAAAC-1,0.054657,0.833642,0.092925,0.000053,0.00349,0.015232
AAGTAGAAGACCGGGT-1,0.011086,0.292018,0.13379,0.073189,0.057671,0.432247
AAGTAGTGACGCGAGG-1,0.000063,0.427412,0.082056,0.06359,0.072489,0.35439
AAGTCAATTGTCGTCA-1,0.080395,0.28549,0.120143,0.183072,0.052739,0.278161
AAGTCTAGTAGCTGCC-1,0.044445,0.042224,0.122197,0.263458,0.143813,0.383863
AAGTCTTCTGTGGCCT-1,0.622934,0.376323,0.000149,0.000149,0.000149,0.000297
AAGTGACGACCGAATT-1,0.000059,0.346354,0.05367,0.101263,0.058645,0.440008
AAGTGAGTCGGGTTTA-1,0.180232,0.506608,0.029523,0.108193,0.043799,0.131644
AAGTGCAAAGGTAGAC-1,0.321575,0.362241,0.068549,0.238073,0.003761,0.0058
AAGTGCCTTGACTGTA-1,0.066259,0.421697,0.088457,0.149611,0.115922,0.158054
AAGTGCGTTAGAATCT-1,0.037575,0.239064,0.106397,0.443193,0.083818,0.089953
AAGTGCTTCTCTATTG-1,0.110437,0.493281,0.078941,0.073493,0.115492,0.128356
AAGTGTTTGGAGACGG-1,0.083064,0.51209,0.063859,0.085059,0.17365,0.082278
AAGTTCACTCCAAGCT-1,0.076309,0.354323,0.089009,0.061017,0.195329,0.224013
AAGTTCAGTCTGCGTA-1,0.14474,0.460858,0.079322,0.124285,0.132292,0.058503
AAGTTCGGCCAACAGG-1,0.052481,0.367036,0.16996,0.098425,0.065211,0.246887
AAGTTGTGATGTTATA-1,0.478315,0.173603,0.029935,0.02628,0.1066,0.185269
AAGTTTACTAATGGCA-1,0.112507,0.348736,0.0082,0.085372,0.148603,0.296582
AAGTTTATGGGCCCAA-1,0.0982,0.181471,0.254955,0.096676,0.082804,0.285893
AATAACAACGCTCGGC-1,0.025275,0.844809,0.054519,0.005218,0.010562,0.059617
AATAACACTAGAACAA-1,0.045224,0.507376,0.098269,0.203666,0.045536,0.099929
AATAACGTCGCGCCCA-1,0.011861,0.341208,0.015418,0.065036,0.045243,0.521233
AATAAGTCCTCGAGAC-1,0.007921,0.302599,0.129417,0.094842,0.188318,0.276902
AATAATCTTCGTATCG-1,0.207373,0.348223,0.093711,0.023496,0.057245,0.269953
AATACAATGTTTCAGG-1,0.000118,0.956821,0.000118,0.000118,0.000118,0.042705
AATACCGGAGGGCTGT-1,0.129015,0.174535,0.047541,0.160408,0.184583,0.303919
AATACCTGATGTGAAC-1,0.089781,0.405499,0.162984,0.079422,0.105415,0.156898
AATAGAACAGAGTGGC-1,0.103151,0.550476,0.053433,0.096429,0.050551,0.145959
AATAGAATCTGTTTCA-1,0.031705,0.019241,0.021847,0.315878,0.122752,0.488577
AATAGCAAGCCTCCTG-1,0.010271,0.351506,0.103201,0.207865,0.119013,0.208145
AATAGCTACCGCGTGC-1,0.018734,0.094084,0.345475,0.124213,0.031552,0.385942
AATAGGCACGACCCTT-1,0.78413,0.150064,0.010252,0.000034,0.011429,0.044091
AATAGTCCGTCCCGAC-1,0.184097,0.418465,0.081421,0.073177,0.034816,0.208024
AATAGTCGCGAGTCGG-1,0.112251,0.789539,0.098058,0.000038,0.000038,0.000076
AATATCAAGGTCGGAT-1,0.000108,0.601305,0.004297,0.11771,0.233116,0.043463
AATATCCTAGCAAACT-1,0.211081,0.692185,0.021388,0.044304,0.01433,0.016712
AATATCGAATCAATGC-1,0.16917,0.243123,0.073878,0.404506,0.053869,0.055455
AATATCGAGGGTTCTC-1,0.092075,0.383059,0.285815,0.001003,0.053924,0.184124
AATATTGGAGTATTGA-1,0.000104,0.534267,0.001466,0.039025,0.003529,0.421609
AATCAGACTGCAGGAC-1,0.03198,0.774111,0.127766,0.011611,0.005935,0.048597
AATCAGGTTTCATTTA-1,0.013064,0.583435,0.025902,0.05664,0.139946,0.181012
AATCATGTAAAGACTC-1,0.107034,0.315185,0.094927,0.248005,0.028314,0.206536
AATCCAAGGGCCTGAG-1,0.017986,0.7309,0.054312,0.057276,0.02853,0.110996
AATCCATGCAAGGGTG-1,0.000078,0.634932,0.024126,0.168023,0.04393,0.128911
AATCCCGCTCAGAGCC-1,0.021751,0.194861,0.020964,0.138745,0.260722,0.362956
AATCGAGGTCTCAAGG-1,0.313048,0.499202,0.019497,0.005144,0.027365,0.135744
AATCGCCTCAGCGCCA-1,0.003134,0.188706,0.159423,0.163274,0.035544,0.449919
AATCGCGCAGAGGACT-1,0.115571,0.204631,0.054827,0.110596,0.225809,0.288566
AATCGGGACACTACGA-1,0.000131,0.630399,0.058328,0.125847,0.009378,0.175917
AATCGGTATAGCCCTC-1,0.046832,0.4708,0.026548,0.031945,0.047441,0.376434
AATCGTGAGCCGAGCA-1,0.121943,0.090113,0.180619,0.084564,0.105823,0.416937
AATCTAGGTTTACTTG-1,0.000063,0.768941,0.02155,0.049181,0.019519,0.140746
AATCTATGCCGGAGCC-1,0.011123,0.182354,0.101853,0.228256,0.074636,0.401779
AATCTCTACTGTGGTT-1,0.000103,0.97349,0.000103,0.000103,0.001648,0.024552
AATCTGCGTTGGGACG-1,0.036373,0.280144,0.182003,0.063208,0.032272,0.406
AATCTGGCTTTCTAGT-1,0.000045,0.298015,0.022104,0.137714,0.12839,0.413733
AATCTGGGTAGACCCT-1,0.144446,0.617446,0.066685,0.064631,0.005031,0.101762
AATGACAGCAATGTCT-1,0.00003,0.179514,0.026874,0.165394,0.077472,0.550717
AATGACGTAGGATGTC-1,0.756039,0.049227,0.00677,0.039849,0.057634,0.090481
AATGACTGTCAGCCGG-1,0.008676,0.556388,0.110687,0.106447,0.130857,0.086945
AATGAGTTCGCATATG-1,0.012492,0.770659,0.0081,0.02948,0.019648,0.15962
AATGATGATACGCTAT-1,0.205619,0.365152,0.206531,0.19773,0.007572,0.017395
AATGATGCGACTCCTG-1,0.000037,0.099911,0.067132,0.134461,0.058049,0.64041
AATGCAACCGGGTACC-1,0.105751,0.202101,0.271246,0.18776,0.069649,0.163493
AATGCACCAAGCAATG-1,0.306701,0.546284,0.126881,0.000047,0.00206,0.018028
AATGGCCGCCAATGCG-1,0.115821,0.607809,0.217955,0.003593,0.025655,0.029168
AATGGTCCACCGTTCA-1,0.007863,0.927201,0.006294,0.027243,0.002746,0.028654
AATGGTTCTCACAAGC-1,0.02217,0.566218,0.21057,0.08917,0.040396,0.071477
AATGTATGGCACTGTA-1,0.202535,0.395521,0.011516,0.083181,0.133036,0.174212
AATGTGCCCGAGGTGT-1,0.095169,0.249731,0.020195,0.063385,0.12661,0.44491
AATGTGCTAATCTGAG-1,0.014024,0.851489,0.019739,0.009172,0.002895,0.10268
AATGTTAAGACCCTGA-1,0.046438,0.423609,0.055681,0.080501,0.126634,0.267137
AATGTTGTCGTGAGAC-1,0.854855,0.092428,0.000298,0.000029,0.003657,0.048734
AATTAAAGGTCGGCGT-1,0.123532,0.195078,0.23385,0.173424,0.148823,0.125292
AATTAACGGATTTCCA-1,0.08235,0.656434,0.04607,0.089045,0.023641,0.10246
AATTACGAGACCCATC-1,0.260348,0.566832,0.009518,0.020738,0.006875,0.135689
AATTACTCGTACGCTC-1,0.942123,0.045276,0.012028,0.000143,0.000143,0.000287
AATTAGCGCTGCAGCG-1,0.323102,0.041367,0.042698,0.411714,0.097163,0.083957
AATTATACCCAGCAAG-1,0.320952,0.342763,0.029403,0.012496,0.089565,0.20482
AATTCATAAGGGATCT-1,0.364071,0.278308,0.072982,0.136631,0.028758,0.119249
AATTCATTGTCATGCA-1,0.424718,0.279689,0.000041,0.020489,0.009796,0.265266
AATTCCAACTTGGTGA-1,0.306383,0.463372,0.006832,0.20652,0.003355,0.013538
AATTCCAAGCATGTAC-1,0.044969,0.070662,0.016788,0.259196,0.175771,0.432614
AATTCGATTCGAGGAT-1,0.119482,0.165849,0.065686,0.124991,0.174087,0.349904
AATTCTAGAGTTAGGC-1,0.810427,0.060977,0.01169,0.004147,0.015604,0.097154
AATTGAACGCTCTGGT-1,0.053767,0.000052,0.029149,0.196701,0.068894,0.651437
AATTGCAGCAATCGAC-1,0.212795,0.156596,0.026452,0.064918,0.128401,0.410839
AATTGCGTGGATTACA-1,0.225287,0.385347,0.002904,0.124339,0.012362,0.249761
AATTGTGGTTGCCAAA-1,0.290268,0.045228,0.02784,0.056782,0.065521,0.514362
AATTTGGGACATAGTA-1,0.12674,0.373423,0.151431,0.064676,0.046992,0.23674
AATTTGGTTCCAAAGA-1,0.361376,0.255817,0.009979,0.023798,0.192128,0.156901
ACAAACCATGCGTCCT-1,0.752611,0.134055,0.000079,0.000079,0.044313,0.068862
ACAAACCGACAAGGCG-1,0.253468,0.375893,0.170385,0.007919,0.030948,0.161387
ACAAACTCCATCAGAG-1,0.074589,0.016047,0.031198,0.551258,0.053348,0.27356
ACAAAGAAGGTAGGCC-1,0.161237,0.70291,0.050915,0.084741,0.000045,0.000152
ACAAAGCATGACCTAG-1,0.033268,0.145428,0.133328,0.27161,0.195292,0.221074
ACAAATCGCACCGAAT-1,0.077464,0.115,0.031185,0.106457,0.424676,0.245218
ACAAATGGTAGTGTTT-1,0.299582,0.113274,0.138097,0.068638,0.043673,0.336736
ACAAATTCAGATCTGA-1,0.406955,0.302222,0.071051,0.084462,0.043921,0.09139
ACAACAGCATGAGCTA-1,0.034108,0.090205,0.212622,0.058988,0.268573,0.335504
ACAACGGTCCCTGCGA-1,0.213204,0.508909,0.133068,0.000076,0.096219,0.048524
ACAAGCAGTGCCTAGC-1,0.000026,0.120921,0.026601,0.383766,0.065358,0.403327
ACAAGCTATATGGAAG-1,0.340443,0.000067,0.059586,0.596849,0.002988,0.000067
ACAAGGAAATCCGCCC-1,0.166197,0.277421,0.196041,0.193796,0.044721,0.121823
ACAAGGACAAGAGGTT-1,0.016317,0.573055,0.232179,0.055537,0.026084,0.096829
ACAAGGATGCTTTAGG-1,0.001474,0.098002,0.157563,0.230493,0.181494,0.330975
ACAAGGCCTACCAGCC-1,0.261324,0.500798,0.057628,0.053076,0.081574,0.0456
ACAAGGGCAGGCTCTG-1,0.315235,0.090939,0.028324,0.115,0.228,0.2225
ACAAGTAATTGTAAGG-1,0.370578,0.616539,0.003219,0.000054,0.007527,0.002082
ACAATAGTCGTACGTT-1,0.240893,0.022589,0.004091,0.14329,0.092127,0.497009
ACAATCCATTTAAACC-1,0.021589,0.933041,0.003404,0.009389,0.000139,0.032438
ACAATCGATCTTTATA-1,0.000102,0.688769,0.08775,0.139914,0.010969,0.072496
ACAATGAATACGGAGA-1,0.100801,0.491493,0.075916,0.083707,0.037287,0.210795
ACAATGATTCTTCTAC-1,0.067667,0.393821,0.283225,0.00485,0.013927,0.23651
ACAATTGTGTCTCTTT-1,0.145068,0.442984,0.031175,0.089488,0.047661,0.243624
ACAATTTAGGAGGCTC-1,0.002682,0.996933,0.000077,0.000077,0.000077,0.000154
ACAATTTGAGCAGTGG-1,0.009963,0.307127,0.550098,0.000066,0.000066,0.13268
ACAATTTGGCCATATT-1,0.020505,0.228385,0.187624,0.04932,0.227634,0.286532
ACACAAAGACGGGTGG-1,0.024194,0.26709,0.100507,0.315492,0.168006,0.124711
ACACAAATATTCCTAG-1,0.258675,0.549458,0.048124,0.069142,0.018987,0.055614
ACACACCAGGACCAGT-1,0.088657,0.041288,0.137486,0.06924,0.284355,0.378974
ACACACTTTCTACACG-1,0.000037,0.02796,0.033883,0.245659,0.070351,0.62211
ACACATGATCAAATCT-1,0.000019,0.03153,0.016355,0.230835,0.110258,0.611002
ACACATTGACGCAACA-1,0.998057,0.000555,0.000278,0.000278,0.000278,0.000555
ACACATTTCCGTAGAC-1,0.434508,0.037735,0.065277,0.385786,0.045474,0.031218
ACACCACATAATTAGC-1,0.047853,0.554207,0.132677,0.074099,0.060929,0.130235
ACACCCAGCATGCAGC-1,0.133678,0.629362,0.106322,0.059454,0.011778,0.059408
ACACCCGAGAAATCCG-1,0.000034,0.226319,0.029902,0.158513,0.096948,0.488284
ACACCCGTAAATCTGT-1,0.058603,0.269327,0.214516,0.075852,0.115283,0.266419
ACACCGAGCGCTCTTT-1,0.867919,0.0945,0.006986,0.030185,0.000136,0.000273
ACACCGGTCTGACCGC-1,0.689385,0.095414,0.001864,0.030482,0.059261,0.123594
ACACCTTAAGTAGGGC-1,0.006622,0.53228,0.20437,0.066692,0.112198,0.077839
ACACCTTACTACTTGC-1,0.15659,0.033221,0.033097,0.142011,0.168585,0.466497
ACACGAGACTCCTTCT-1,0.060388,0.275509,0.073401,0.145461,0.125984,0.319257
ACACGGCACTATGCAT-1,0.141635,0.419305,0.109852,0.093628,0.088485,0.147094
ACACGGGAACTTAGGG-1,0.091225,0.236715,0.288656,0.100375,0.112877,0.170153
ACACGTAGGCCACAAG-1,0.067831,0.476252,0.085651,0.069614,0.031816,0.268836
ACACTCCAATGTCACT-1,0.006933,0.645784,0.093497,0.144455,0.021374,0.087957
ACACTGATCAAGGTGT-1,0.152168,0.334345,0.071696,0.124938,0.126438,0.190414
ACACTGGGACAGTCGT-1,0.028197,0.151741,0.134772,0.078717,0.226105,0.380469
ACAGAACTGAGAACAA-1,0.000015,0.028889,0.041523,0.142478,0.121154,0.665942
ACAGATTAGGTTAGTG-1,0.000137,0.695909,0.046508,0.056867,0.008581,0.191998
ACAGCATAGAGCCAGT-1,0.000123,0.865756,0.000123,0.000123,0.00079,0.133086
ACAGCGACATTCTCAT-1,0.05568,0.107161,0.130086,0.038083,0.149185,0.519805
ACAGCGCACCCGCAGC-1,0.234095,0.279058,0.283344,0.052045,0.015816,0.135642
ACAGGAGGCGCAGCCG-1,0.362985,0.067756,0.397581,0.171602,0.000026,0.000051
ACAGGCACGGATCCTT-1,0.041315,0.302122,0.038026,0.078823,0.140757,0.398957
ACAGGCTTGCCCGACT-1,0.039304,0.150314,0.058453,0.430958,0.122794,0.198176
ACAGGTGGAGGTGAGG-1,0.087294,0.507104,0.202688,0.014888,0.058748,0.129279
ACAGGTGTGTTGTTGC-1,0.503838,0.000082,0.178332,0.317626,0.000041,0.000082
ACAGTAATACAACTTG-1,0.047459,0.375488,0.079917,0.462154,0.013447,0.021536
ACAGTATACCGTGGGA-1,0.000069,0.777744,0.041694,0.029254,0.007381,0.143857
ACAGTGCAGCGCATTT-1,0.391034,0.114484,0.173708,0.129244,0.10627,0.08526
ACATAAGTCGTGGTGA-1,0.081156,0.249781,0.02237,0.090289,0.114221,0.442182
ACATAATAAGGCGGTG-1,0.010116,0.093849,0.138809,0.303928,0.07711,0.376188
ACATACAATCAAGCGG-1,0.082017,0.407367,0.016223,0.048812,0.164011,0.28157
ACATCAGCTGGGACGC-1,0.009962,0.986398,0.001981,0.001479,0.00006,0.00012
ACATCCCGGCCATACG-1,0.009237,0.054105,0.084813,0.19872,0.166066,0.487059
ACATCCTGGTAACTGT-1,0.125627,0.290131,0.092247,0.042272,0.260598,0.189124
ACATCGATCGTTTACC-1,0.000042,0.000083,0.006988,0.374021,0.027822,0.591044
ACATCGCAATATTCGG-1,0.957053,0.042614,0.000067,0.000067,0.000067,0.000133
ACATCGGTCAGCCGCG-1,0.00003,0.098987,0.038204,0.327899,0.060999,0.473881
ACATCGTATGCAATGG-1,0.24665,0.348228,0.108238,0.010755,0.154011,0.132118
ACATCGTTAACCTAGT-1,0.714903,0.21019,0.057272,0.00006,0.004798,0.012778
ACATCTCAACGCGTAA-1,0.011056,0.505906,0.119161,0.011496,0.209732,0.142649
ACATGCTTACGGCAGC-1,0.226651,0.772937,0.000082,0.000082,0.000082,0.000165
ACATGGCGCCAAAGTA-1,0.027962,0.145413,0.1088,0.044557,0.089528,0.583739
ACATGGCTCAATTTAG-1,0.068854,0.588606,0.005707,0.113822,0.048088,0.174922
ACATTAGTTTATATCC-1,0.077456,0.276477,0.028971,0.062499,0.065819,0.488778
ACATTCGCGCGGAATA-1,0.833134,0.148632,0.017956,0.000069,0.000069,0.000139
ACATTTGAAACCTAAC-1,0.111927,0.088769,0.086615,0.178195,0.222111,0.312383
ACCAAACACCCAGCGA-1,0.033414,0.179673,0.253716,0.095931,0.026522,0.410744
ACCAAACTAGAAATCC-1,0.060747,0.414892,0.048137,0.200209,0.075199,0.200816
ACCAACACCACACACT-1,0.001162,0.4681,0.104772,0.141454,0.026052,0.25846
ACCAACCGCACTCCAC-1,0.278354,0.537526,0.023715,0.021611,0.081912,0.056882
ACCAACGCTTATTTAT-1,0.081747,0.18836,0.239992,0.054507,0.134251,0.301143
ACCAAGAACGCGTGTC-1,0.003071,0.156785,0.043663,0.18204,0.046315,0.568126
ACCAAGTCATCGGCAG-1,0.121868,0.502383,0.024959,0.028236,0.079313,0.243241
ACCAATATGCAAGTTA-1,0.009172,0.087092,0.025456,0.117521,0.044185,0.716574
ACCACAACTCAGAACA-1,0.147211,0.752223,0.017947,0.030855,0.015876,0.035888
ACCACAAGTTTCTATC-1,0.024553,0.426395,0.331685,0.025021,0.034278,0.158069
ACCACACGGTTGATGG-1,0.167292,0.05852,0.036556,0.071131,0.10777,0.558731
ACCACCAATGTAACAA-1,0.07167,0.164604,0.05149,0.10459,0.116151,0.491495
ACCACCCTCTCTTCTA-1,0.088293,0.509177,0.043272,0.015586,0.094068,0.249605
ACCACGTGCAGCTATA-1,0.104626,0.297133,0.221987,0.086515,0.017455,0.272283
ACCACTGTTCAAGAAG-1,0.414997,0.066816,0.218453,0.299196,0.000179,0.000359
ACCAGACCATAACAAC-1,0.393693,0.588564,0.011738,0.002699,0.000041,0.003266
ACCAGCCCGGTCTTTG-1,0.03171,0.554768,0.05481,0.084728,0.047253,0.226731
ACCAGGAGTGTGATCT-1,0.241347,0.457517,0.062034,0.05141,0.000156,0.187536
ACCAGTGCCCGGTCAA-1,0.039857,0.497608,0.045158,0.246806,0.116311,0.054259
ACCAGTGCGGGAGACG-1,0.245194,0.241333,0.063316,0.040078,0.196474,0.213605
ACCATATCCGCAATAA-1,0.01276,0.230281,0.058532,0.194593,0.27365,0.230184
ACCATCCGCCAACTAG-1,0.069681,0.837741,0.006793,0.012173,0.007394,0.066218
ACCATCGTATATGGTA-1,0.170686,0.340995,0.091064,0.095041,0.217185,0.085029
ACCATTAAGGGTGTCA-1,0.694938,0.303613,0.00029,0.00029,0.00029,0.00058
ACCCAACGCCCGTGGC-1,0.040037,0.53772,0.075492,0.0092,0.242284,0.095268
ACCCACCTACATGCTC-1,0.012456,0.703169,0.03605,0.093614,0.098591,0.056119
ACCCATCTTGAGGGTA-1,0.124945,0.569484,0.091736,0.115277,0.027511,0.071047
ACCCATTTGTCCCTCT-1,0.137741,0.12358,0.0171,0.078042,0.12462,0.518917
ACCCGAGCGAAATTAC-1,0.999807,0.000055,0.000028,0.000028,0.000028,0.000055
ACCCGATTGGTTCCGA-1,0.299397,0.401893,0.126314,0.016823,0.090627,0.064945
ACCCGGAAACTCCCAG-1,0.03829,0.428457,0.258098,0.115899,0.114144,0.045111
ACCCGGAGCACCACAA-1,0.547715,0.122828,0.16726,0.003207,0.090315,0.068675
ACCCGGATGACGCATC-1,0.071656,0.26699,0.140077,0.062762,0.052662,0.405853
ACCCGGTTACACTTCC-1,0.044138,0.015301,0.189398,0.72651,0.008202,0.016451
ACCCGTAGCAGAGAAT-1,0.008096,0.002895,0.008327,0.980645,0.000012,0.000025
ACCCGTAGTCTAGTTG-1,0.091468,0.36718,0.037091,0.030321,0.066926,0.407014
ACCCGTGTCATCAGTA-1,0.000898,0.384197,0.138127,0.057419,0.037372,0.381987
ACCCTATAGGACTGAG-1,0.000092,0.561149,0.034243,0.10755,0.105285,0.191681
ACCCTATGCCATATCG-1,0.173747,0.208434,0.044099,0.067591,0.128239,0.37789
ACCCTCCCGTCAGGGC-1,0.374202,0.167502,0.004123,0.054402,0.058876,0.340896
ACCCTCCCTTGCTATT-1,0.067048,0.142541,0.52441,0.047231,0.072878,0.145893
ACCCTGGTAACGCCCT-1,0.072944,0.539556,0.126936,0.055753,0.139571,0.065241
ACCCTTCATCTGCGAA-1,0.000178,0.713819,0.047952,0.075266,0.040871,0.121914
ACCCTTGCCTGGGTCG-1,0.957542,0.027323,0.000055,0.000055,0.002345,0.012679
ACCCTTTAGTTCTCCA-1,0.084184,0.606838,0.193612,0.02639,0.063389,0.025587
ACCGAAAGGGCCCTGC-1,0.000085,0.647263,0.084448,0.11737,0.008666,0.142168
ACCGAAGAGTCTGGTT-1,0.000289,0.585605,0.068731,0.007958,0.135302,0.202114
ACCGACACATCTCCCA-1,0.208622,0.391777,0.01526,0.372218,0.004049,0.008074
ACCGACTGAGTCCCAC-1,0.025004,0.296622,0.05907,0.209066,0.065321,0.344917
ACCGAGTCTCCTTATT-1,0.196447,0.028433,0.078195,0.073082,0.381932,0.24191
ACCGATAGGCATAACC-1,0.089205,0.250111,0.097121,0.04176,0.094194,0.427608
ACCGATATTTAATCAT-1,0.163456,0.307138,0.065185,0.046351,0.083114,0.334756
ACCGATGGTAGCATCG-1,0.099356,0.543188,0.202111,0.029476,0.029594,0.096275
ACCGCAATAACTGCCT-1,0.002176,0.000039,0.000547,0.214878,0.040623,0.741736
ACCGCGGTGGAAGTCG-1,0.113265,0.163704,0.058375,0.661408,0.002128,0.00112
ACCGCTAGTCATTGGT-1,0.30104,0.534024,0.021681,0.029509,0.011427,0.102318
ACCGGGCCTTTGTTGA-1,0.092612,0.450866,0.080321,0.10253,0.045057,0.228614
ACCGGTCAGGTACACC-1,0.043382,0.253726,0.023582,0.022606,0.319351,0.337353
ACCGGTCTGAGTACGG-1,0.250018,0.646959,0.102785,0.000059,0.000059,0.000119
ACCGTCCACTGGGCCC-1,0.23752,0.443691,0.005721,0.111294,0.021763,0.180011
ACCGTGACCACGTGGG-1,0.007914,0.542382,0.013081,0.051593,0.149856,0.235175
ACCGTTCCCGCTCTGA-1,0.042249,0.537726,0.022933,0.040363,0.034315,0.322414
ACCTAAGTACCTTTCA-1,0.00004,0.336234,0.049778,0.294382,0.024802,0.294765
ACCTAATCGACTTCCT-1,0.000045,0.221305,0.005534,0.223882,0.029258,0.519976
ACCTACAGTATGTGGT-1,0.123191,0.063616,0.060285,0.113204,0.0776,0.562103
ACCTACTATAAATCTA-1,0.033947,0.339196,0.049299,0.143935,0.073364,0.36026
ACCTCAGCGAGGCGCA-1,0.097145,0.501117,0.01869,0.012156,0.139346,0.231545
ACCTCCGCCCTCGCTG-1,0.258326,0.398438,0.155601,0.021474,0.038523,0.127638
ACCTCCGTTATTCACC-1,0.049352,0.494436,0.100296,0.098743,0.117606,0.139568
ACCTCGAACTTATGCT-1,0.260606,0.323117,0.031528,0.039572,0.064925,0.280253
ACCTGCGTGTCATGTT-1,0.00003,0.035612,0.089391,0.143799,0.269889,0.461279
ACCTTTCCTTTAGAAG-1,0.060421,0.549062,0.033237,0.146233,0.04164,0.169407
ACGAAATGGGCGGCAC-1,0.000032,0.257971,0.122074,0.056764,0.082614,0.480545
ACGACCCATGAGTTGC-1,0.196501,0.277,0.275075,0.001512,0.085818,0.164093
ACGACTCTAGGGCCGA-1,0.087414,0.244471,0.053173,0.092487,0.08696,0.435495
ACGACTGGTCATACTC-1,0.04992,0.227153,0.290955,0.012874,0.240805,0.178294
ACGAGAACCCATCACG-1,0.128693,0.203217,0.019231,0.181835,0.219289,0.247735
ACGAGATATTTGCTTA-1,0.034421,0.661331,0.205319,0.034248,0.021797,0.042885
ACGAGGATACCACTCT-1,0.000868,0.24496,0.031082,0.161433,0.145148,0.416509
ACGAGGTTTACAACGT-1,0.028061,0.626701,0.030169,0.151406,0.028291,0.135372
ACGAGTACGGATGCCC-1,0.074493,0.069724,0.060068,0.185777,0.163339,0.446598
ACGAGTCGCCGGCGTT-1,0.301356,0.000409,0.187148,0.510473,0.000205,0.000409
ACGATACATAGAACTA-1,0.486478,0.265474,0.037598,0.14209,0.04628,0.022081
ACGATACCTATCCTGA-1,0.8187,0.007973,0.13119,0.041884,0.000084,0.000169
ACGATCATACATAGAG-1,0.09893,0.378431,0.363419,0.029776,0.028971,0.100473
ACGATCATCTTGTAAA-1,0.05739,0.447373,0.06835,0.297689,0.070531,0.058667
ACGATGCATATGTTAT-1,0.209954,0.489324,0.028205,0.00007,0.008464,0.263983
ACGATGGATCCGATGC-1,0.018846,0.482123,0.173538,0.131376,0.042191,0.151926
ACGCAAACTAATAGAT-1,0.019403,0.19176,0.061364,0.099953,0.134637,0.492883
ACGCAATCACTACAGC-1,0.048561,0.277663,0.171786,0.003182,0.400174,0.098633
ACGCATAAATGACATG-1,0.04719,0.407585,0.091025,0.152079,0.139842,0.162278
ACGCATACGTTTACTA-1,0.041289,0.020595,0.194011,0.081677,0.107584,0.554845
ACGCATTCGTGAGTAC-1,0.384772,0.214348,0.138729,0.017972,0.037584,0.206595
ACGCCACTCGAAACAG-1,0.489626,0.075097,0.127075,0.012473,0.22803,0.067699
ACGCCAGATGATTTCT-1,0.034624,0.317916,0.228467,0.205017,0.05686,0.157117
ACGCCAGTGCGTTTGC-1,0.167207,0.09696,0.016038,0.089583,0.148815,0.481396
ACGCCCAGCTGTCGAT-1,0.069626,0.304674,0.01073,0.147644,0.10712,0.360206
ACGCCGCTAGACGACC-1,0.178451,0.315206,0.287251,0.008486,0.048481,0.162125
ACGCCTGACACGCGCT-1,0.093436,0.005293,0.430047,0.466506,0.004692,0.000026
ACGCGAAGTCAGACGA-1,0.437131,0.331932,0.028322,0.068655,0.064982,0.068977
ACGCGCTACACAGGGT-1,0.015,0.678236,0.000084,0.006814,0.075952,0.223913
ACGCGGGCCAAGGACA-1,0.058638,0.155533,0.268109,0.299378,0.095224,0.123118
ACGCGTTTCTTAAGAG-1,0.443573,0.556128,0.00006,0.00006,0.00006,0.00012
ACGCTACTGAATGGGC-1,0.128807,0.043036,0.040225,0.089651,0.134265,0.564016
ACGCTAGTATCAGTGC-1,0.029386,0.564845,0.16983,0.073729,0.022067,0.140144
ACGCTAGTGATACACT-1,0.205801,0.085692,0.199495,0.089371,0.160581,0.25906
ACGCTGTGAGGCGTAG-1,0.006945,0.98257,0.000113,0.000113,0.010032,0.000226
ACGCTTAGTGTCTCTC-1,0.121036,0.529255,0.022584,0.002651,0.068962,0.255512
ACGGAACACGAGTGCC-1,0.082492,0.003187,0.013115,0.111754,0.222074,0.567378
ACGGAATTTAGCAAAT-1,0.030495,0.472827,0.064453,0.126714,0.059747,0.245764
ACGGACGCAGCGACAA-1,0.4188,0.507847,0.000064,0.015069,0.003316,0.054904
ACGGACTCTCAAAGCG-1,0.074837,0.120873,0.060376,0.080546,0.070239,0.593129
ACGGAGCGCAAATTAC-1,0.018518,0.460803,0.211441,0.044982,0.198416,0.06584
ACGGATGGTGCGGATA-1,0.75736,0.126226,0.006691,0.000048,0.033859,0.075816
ACGGCACTTGCTTGGG-1,0.039036,0.27486,0.073984,0.215389,0.081902,0.314828
ACGGCCAACATGGACT-1,0.003465,0.522161,0.052795,0.197147,0.026812,0.19762
ACGGCGACGATGGGAA-1,0.104462,0.359339,0.098618,0.075663,0.100637,0.26128
ACGGCGGGTTGCCCTG-1,0.06668,0.554637,0.027721,0.225147,0.004306,0.121509
ACGGCTGGATGTAGAA-1,0.252028,0.436762,0.023956,0.033904,0.01654,0.236811
ACGGGAGTGTCGGCCC-1,0.000026,0.030785,0.010918,0.253445,0.023929,0.680898
ACGGGCGTATGCGACA-1,0.065965,0.467507,0.17091,0.014016,0.074262,0.20734
ACGGGTCATGTGACTT-1,0.022273,0.971831,0.000063,0.005642,0.000063,0.000127
ACGGGTTGTGACCTGT-1,0.148375,0.147058,0.000645,0.065972,0.096039,0.541912
ACGGTACAGTTCAATG-1,0.023705,0.359756,0.125139,0.099515,0.068094,0.323791
ACGGTCACCGAGAACA-1,0.815466,0.18423,0.000058,0.000058,0.000058,0.000129
ACGTACAGATTTCTCT-1,0.0297,0.600165,0.048022,0.092951,0.020749,0.208413
ACGTACTTTGGCACGG-1,0.020196,0.509013,0.046959,0.054661,0.073894,0.295278
ACGTAGATTGCTGATG-1,0.135859,0.187865,0.173983,0.158104,0.109968,0.234221
ACGTAGGAGAGTCGCT-1,0.084643,0.223896,0.040174,0.347963,0.081907,0.221417
ACGTATTACTCCGATC-1,0.001605,0.136579,0.172888,0.147179,0.028372,0.513378
ACGTCCTAAACGAGAT-1,0.002746,0.432654,0.088974,0.280198,0.053373,0.142056
ACGTCGGGCAACTCGG-1,0.063101,0.914113,0.005768,0.016565,0.000365,0.000088
ACGTCTCGTTCCGGGA-1,0.037646,0.840701,0.032142,0.062323,0.006611,0.020577
ACGTGACAAAGTAAGT-1,0.236183,0.462948,0.000641,0.065679,0.049859,0.18469
ACGTGCGCCTCGTGCA-1,0.428901,0.244377,0.014074,0.018826,0.047947,0.245876
ACGTGGTCGAATGTGC-1,0.059056,0.887746,0.050887,0.0001,0.0001,0.002112
ACGTTAATGTCGAAGA-1,0.106804,0.177522,0.08232,0.147635,0.076101,0.409618
ACGTTAGATTTGCCCG-1,0.110235,0.62072,0.037572,0.083927,0.014425,0.133121
ACGTTATTGGTCACTC-1,0.113978,0.707571,0.096474,0.000079,0.06489,0.017008
ACGTTCACTATGCCGC-1,0.199701,0.437565,0.06772,0.179034,0.022549,0.093431
ACGTTCCGCGCTCCGT-1,0.000104,0.471682,0.062869,0.135673,0.043433,0.286239
ACGTTCGCAATCAATT-1,0.096565,0.435314,0.201739,0.002636,0.059524,0.204221
ACGTTCGTTCAGGAAA-1,0.009483,0.240479,0.041765,0.068174,0.062378,0.577722
ACGTTCTGTACAAGTC-1,0.369658,0.112756,0.023451,0.012224,0.059145,0.422765
ACGTTGTCGTTGAAAG-1,0.420686,0.026917,0.012244,0.279725,0.084759,0.175668
ACGTTTAGTTGTGATC-1,0.090551,0.35294,0.059692,0.175146,0.107987,0.213685
ACGTTTCGGTGCACTT-1,0.199622,0.292112,0.018373,0.070266,0.223837,0.19579
ACTAAGGACGCACACC-1,0.00293,0.496528,0.04088,0.33692,0.078622,0.04412
ACTAATACGTCAGGCG-1,0.108962,0.383085,0.11641,0.158512,0.068966,0.164065
ACTACAAAGAGAGGTG-1,0.142263,0.284224,0.165903,0.080685,0.072843,0.254081
ACTACATCCCGACAAG-1,0.999402,0.000171,0.000085,0.000085,0.000085,0.000171
ACTACCAGCTCTCTGG-1,0.000106,0.549796,0.043464,0.04069,0.024531,0.341413
ACTACCATCCGAGGGC-1,0.984436,0.015243,0.000064,0.000064,0.000064,0.000128
ACTACGCGTTAGAATT-1,0.061014,0.219263,0.25896,0.04829,0.122282,0.290191
ACTAGTTGCGATCGTC-1,0.18614,0.221534,0.056235,0.076859,0.136772,0.32246
ACTATATGCTGTGTTC-1,0.061915,0.10768,0.141897,0.326627,0.075516,0.286365
ACTATCCAGGGCATGG-1,0.302078,0.167325,0.069608,0.026929,0.069529,0.364531
ACTATCGCCGGCTAAA-1,0.16426,0.010682,0.273425,0.542328,0.007447,0.001859
ACTATCTGCCCGCGTA-1,0.216294,0.191858,0.061247,0.027571,0.049797,0.453233
ACTATGTCCAGCTGCC-1,0.060616,0.029955,0.037839,0.283351,0.167467,0.420772
ACTATTCGTCCGTGGT-1,0.13398,0.604186,0.258741,0.000088,0.002829,0.000176
ACTATTTCCGGGCCCA-1,0.140482,0.242926,0.021146,0.038557,0.069917,0.486972
ACTCAACGAATGTATT-1,0.101175,0.45352,0.017082,0.034117,0.105743,0.288364
ACTCAAGTGCAAGGCT-1,0.219322,0.224003,0.122065,0.10046,0.175293,0.158857
ACTCAATAAAGGCACG-1,0.03775,0.226385,0.227076,0.032246,0.058178,0.418364
ACTCAGACCTGCTTCT-1,0.363241,0.167018,0.003969,0.034845,0.182308,0.248618
ACTCATGGCAGCCTTC-1,0.313446,0.273802,0.019016,0.017172,0.163773,0.21279
ACTCCAATATCATCAT-1,0.078272,0.142095,0.016901,0.115659,0.125908,0.521164
