Barcode,Topic 1,Topic 2,Topic 3,Topic 4,Topic 5,Topic 6,Topic 7,Topic 8,Topic 9,Topic 10
AAACAAGTATCTCCCA-1,0.016653,0.110477,0.126865,0.14281,0.119924,0.107815,0.02724,0.05072,0.157204,0.140292
AAACACCAATAACTGC-1,0.000024,0.009359,0.038095,0.09158,0.408624,0.295337,0.036957,0.009568,0.080641,0.029813
AAACAGAGCGACTCCT-1,0.527155,0.028416,0.006651,0.113228,0.167433,0.11738,0.010064,0.000049,0.005866,0.023758
AAACAGCTTTCAGAAG-1,0.124009,0.007707,0.018479,0.223211,0.094273,0.098874,0.003234,0.057231,0.197437,0.175544
AAACAGGGTCTATATT-1,0.035613,0.005645,0.076007,0.407687,0.129307,0.13537,0.046441,0.028668,0.079329,0.055933
AAACATGGTGAGAGGA-1,0.656652,0.03951,0.008555,0.000022,0.000022,0.000022,0.055048,0.239632,0.000022,0.000517
AAACATTTCCCGGATT-1,0.009157,0.018187,0.030621,0.084506,0.170344,0.178947,0.287177,0.025203,0.154013,0.041844
AAACCACTACACAGAT-1,0.061387,0.017347,0.030027,0.020707,0.148087,0.079171,0.046982,0.143965,0.181827,0.2705
AAACCCGAACGAAATC-1,0.016654,0.025854,0.074706,0.115565,0.217614,0.102408,0.028606,0.088814,0.137214,0.192563
AAACCGGAAATGTTAA-1,0.044408,0.117828,0.139513,0.055247,0.049386,0.071323,0.031336,0.127295,0.130159,0.233505
AAACCGGGTAGGTACC-1,0.022773,0.123842,0.070172,0.172314,0.18096,0.284754,0.113119,0.003564,0.014842,0.01366
AAACCGTTCGTCCAGG-1,0.000031,0.014341,0.113939,0.048358,0.197193,0.122682,0.039057,0.081945,0.212801,0.169652
AAACCTAAGCAGCCGG-1,0.026048,0.122937,0.045512,0.105233,0.132778,0.16131,0.013526,0.053743,0.236051,0.102863
AAACCTCATGAAGTTG-1,0.214333,0.065142,0.188167,0.239083,0.131501,0.115316,0.037759,0.000989,0.00766,0.00005
AAACGAAGAACATACC-1,0.999039,0.000107,0.000107,0.000107,0.000107,0.000107,0.000107,0.000107,0.000107,0.000107
AAACGAAGATGGAGTA-1,0.766899,0.132491,0.051865,0.000026,0.000026,0.000026,0.006661,0.041951,0.000026,0.000026
AAACGACAGTCTTGCC-1,0.10597,0.000113,0.000113,0.325268,0.285051,0.033438,0.000113,0.000113,0.016802,0.23302
AAACGAGACGGTTGAT-1,0.115448,0.098332,0.052772,0.095212,0.497945,0.073085,0.000044,0.00789,0.035675,0.023597
AAACGCCCGAGATCGG-1,0.213093,0.130432,0.124251,0.074119,0.152161,0.045267,0.037845,0.111601,0.034504,0.076727
AAACGGGCGTACGGGT-1,0.00002,0.003032,0.015236,0.016956,0.1251,0.112718,0.044502,0.041455,0.333624,0.307357
AAACGGTTGCGAACTG-1,0.036857,0.012145,0.05049,0.077828,0.220567,0.300469,0.165544,0.028138,0.033028,0.074934
AAACGTGTTCGCCCTA-1,0.709429,0.097406,0.018302,0.013165,0.013213,0.004306,0.002957,0.045265,0.016727,0.079231
AAACTAACGTGGCGAC-1,0.190168,0.049367,0.063055,0.08878,0.455919,0.127181,0.000846,0.012797,0.002803,0.009085
AAACTCGGTTCGCAAT-1,0.139571,0.036967,0.201532,0.027156,0.033847,0.06638,0.044793,0.101172,0.144411,0.204169
AAACTCGTGATATAAG-1,0.35004,0.033745,0.029771,0.090569,0.281825,0.051053,0.010518,0.011012,0.080063,0.061404
AAACTGCTGGCTCCAA-1,0.016993,0.078897,0.112221,0.079482,0.161653,0.18768,0.00355,0.07938,0.113263,0.166881
AAACTTAATTGCACGC-1,0.120082,0.008588,0.101491,0.289414,0.064376,0.205314,0.018406,0.013532,0.050639,0.128159
AAACTTGCAAACGTAT-1,0.000032,0.001354,0.152448,0.040702,0.410867,0.227592,0.01967,0.012812,0.093248,0.041274
AAAGAATGACCTTAGA-1,0.2666,0.085574,0.086717,0.091359,0.236172,0.064643,0.066473,0.078225,0.01602,0.008217
AAAGACCCAAGTCGCG-1,0.182958,0.000152,0.051138,0.140941,0.617874,0.006811,0.000032,0.000032,0.000032,0.000032
AAAGACTGGGCGCTTT-1,0.752991,0.150736,0.000106,0.000106,0.000106,0.000106,0.009849,0.000106,0.000106,0.085788
AAAGCTTGCCTACATA-1,0.113253,0.090178,0.177875,0.029432,0.013038,0.01897,0.018216,0.264867,0.070271,0.203898
AAAGGCCCTATAATAC-1,0.000019,0.021249,0.08325,0.118138,0.128016,0.196448,0.348894,0.023125,0.059379,0.021482
AAAGGCTACGGACCAT-1,0.104978,0.003543,0.060972,0.261901,0.219651,0.079538,0.138835,0.033583,0.052565,0.044433
AAAGGCTCTCGCGCCG-1,0.000018,0.026853,0.007428,0.011279,0.044334,0.021597,0.05954,0.10048,0.234851,0.493618
AAAGGGATGTAGCAAG-1,0.071829,0.03511,0.116775,0.139557,0.544469,0.089736,0.000042,0.00206,0.00038,0.000042
AAAGGGCAGCTTGAAT-1,0.015402,0.03294,0.019643,0.028273,0.093441,0.067085,0.009614,0.276449,0.136066,0.321088
AAAGGTAAGCTGTACC-1,0.063679,0.344532,0.08526,0.094603,0.224069,0.088183,0.031604,0.028593,0.01961,0.019866
AAAGTAGCATTGCTCA-1,0.010785,0.040999,0.124347,0.047369,0.319245,0.203435,0.030468,0.070924,0.06008,0.092348
AAAGTCACTGATGTAA-1,0.00819,0.000054,0.00145,0.417555,0.569937,0.002597,0.000054,0.000054,0.000054,0.000054
AAAGTCGACCCTCAGT-1,0.097064,0.009428,0.047555,0.302542,0.314013,0.02889,0.172028,0.000029,0.027346,0.001106
AAAGTGCCATCAATTA-1,0.091378,0.114562,0.085101,0.085615,0.045041,0.079337,0.10438,0.171467,0.129099,0.094021
AAAGTGTGATTTATCT-1,0.021607,0.141203,0.151715,0.274486,0.158893,0.08759,0.086992,0.013606,0.053473,0.010434
AAAGTTGACTCCCGTA-1,0.015267,0.077628,0.155891,0.117555,0.341468,0.041421,0.067561,0.018137,0.147101,0.017971
AAATAACCATACGGGA-1,0.179515,0.023932,0.055925,0.140678,0.283861,0.216509,0.042984,0.004371,0.035699,0.016526
AAATAAGGTAGTGCCC-1,0.02662,0.084514,0.314212,0.153657,0.057802,0.048456,0.003703,0.06397,0.152594,0.094472
AAATACCTATAAGCAT-1,0.000023,0.051886,0.04225,0.008738,0.035699,0.026013,0.083065,0.247633,0.139299,0.365395
AAATAGCTTAGACTTT-1,0.134744,0.170341,0.023082,0.073646,0.318549,0.088599,0.050846,0.031312,0.0651,0.043781
AAATAGGGTGCTATTG-1,0.018766,0.09587,0.13646,0.057718,0.05278,0.122263,0.037219,0.133092,0.228777,0.117054
AAATCCGATACACGCC-1,0.051489,0.078437,0.163006,0.05346,0.162781,0.039902,0.025054,0.206265,0.094967,0.124638
AAATCGCGGAAGGAGT-1,0.867714,0.040007,0.000036,0.041286,0.000746,0.003069,0.025116,0.006773,0.000036,0.015215
AAATCGTGTACCACAA-1,0.102105,0.0627,0.000881,0.087925,0.504628,0.051965,0.085271,0.010924,0.053186,0.040415
AAATCTAGCCCTGCTA-1,0.000027,0.000027,0.032744,0.051281,0.464861,0.184171,0.022042,0.015111,0.126003,0.103734
AAATGATTCGATCAGC-1,0.007298,0.154844,0.059677,0.089296,0.098907,0.041522,0.069378,0.105783,0.103755,0.269538
AAATGCTCGTTACGTT-1,0.002574,0.00007,0.018211,0.369546,0.602995,0.006321,0.00007,0.00007,0.00007,0.00007
AAATGGCATGTCTTGT-1,0.998905,0.000122,0.000122,0.000122,0.000122,0.000122,0.000122,0.000122,0.000122,0.000122
AAATGGCCCGTGCCCT-1,0.018013,0.013022,0.014143,0.106338,0.370359,0.107613,0.151954,0.080189,0.086538,0.05183
AAATGGTCAATGTGCC-1,0.059219,0.148364,0.061617,0.108884,0.217446,0.210188,0.004132,0.06291,0.101661,0.025581
AAATGTATCTTATCCC-1,0.120039,0.067076,0.000079,0.000079,0.000079,0.000079,0.013453,0.798959,0.000079,0.000079
AAATTAACGGGTAGCT-1,0.579186,0.003968,0.005538,0.014974,0.173819,0.073644,0.000054,0.068589,0.066025,0.014203
AAATTAATAAGCGCGA-1,0.153752,0.208653,0.058367,0.039564,0.290799,0.028718,0.027167,0.17348,0.010018,0.009483
AAATTACACGACTCTG-1,0.869494,0.000128,0.000128,0.03284,0.096767,0.000128,0.000128,0.000128,0.000128,0.000128
AAATTACCTATCGATG-1,0.201791,0.145323,0.062989,0.088082,0.214468,0.065617,0.018679,0.020776,0.051905,0.130369
AAATTCCAGGTCCAAA-1,0.03361,0.112363,0.110942,0.088076,0.141511,0.14343,0.036891,0.100059,0.113409,0.11971
AAATTGATAGTCCTTT-1,0.042693,0.000037,0.01346,0.168735,0.384228,0.083257,0.293936,0.000037,0.013581,0.000037
AAATTGCGGCGGTTCT-1,0.485663,0.007862,0.01896,0.299602,0.127034,0.060673,0.000052,0.000052,0.000052,0.000052
AAATTGGTGAGAAGCA-1,0.73825,0.003869,0.004782,0.006246,0.004135,0.006257,0.086549,0.06873,0.027752,0.053431
AAATTTACCGAAATCC-1,0.035976,0.078234,0.149564,0.084697,0.431602,0.105959,0.000037,0.007236,0.080271,0.026424
AAATTTGCGGGTGTGG-1,0.003149,0.256049,0.016254,0.140908,0.051141,0.217787,0.017458,0.00553,0.129758,0.161964
AACAACTGGTAGTTGC-1,0.998308,0.000188,0.000188,0.000188,0.000188,0.000188,0.000188,0.000188,0.000188,0.000188
AACAATACATTGTCGA-1,0.018935,0.025023,0.076686,0.093886,0.205355,0.446916,0.001107,0.021872,0.065562,0.044658
AACAATTACTCTACGC-1,0.265748,0.091848,0.236331,0.319206,0.057348,0.025186,0.00005,0.00005,0.004183,0.00005
AACACACGCTCGCCGC-1,0.391941,0.002362,0.048298,0.124397,0.098009,0.178558,0.000861,0.054033,0.048131,0.053409
AACACGACTGTACTGA-1,0.073529,0.030727,0.476583,0.09844,0.200838,0.095481,0.000035,0.021493,0.000221,0.002654
AACACGAGACGCGGCC-1,0.000021,0.016235,0.063935,0.020747,0.090445,0.233311,0.05227,0.035824,0.281197,0.206014
AACACGCGGCCGCGAA-1,0.452752,0.000093,0.000093,0.173241,0.337109,0.036342,0.000093,0.000093,0.000093,0.000093
AACAGCTGTGTGGCAA-1,0.000017,0.002401,0.049022,0.032626,0.227777,0.142363,0.070665,0.030941,0.230702,0.213487
AACAGGAAATCGAATA-1,0.061804,0.002967,0.037867,0.19334,0.456784,0.05317,0.039294,0.030871,0.11677,0.007135
AACAGGATGGGCCGCG-1,0.093444,0.017064,0.017423,0.058596,0.105109,0.246579,0.0593,0.20311,0.121876,0.0775
AACAGGTAGTATGGAT-1,0.049527,0.118714,0.245085,0.022023,0.018047,0.017235,0.476923,0.014881,0.016332,0.021232
AACATATCAACTGGTG-1,0.032016,0.147073,0.355961,0.059507,0.103741,0.092229,0.061032,0.096499,0.035059,0.016883
AACATCGATACGTCTA-1,0.329933,0.003881,0.002087,0.024252,0.068795,0.037138,0.106778,0.186446,0.076939,0.163751
AACATTGAAGTTGATC-1,0.000022,0.015961,0.060619,0.002542,0.012593,0.017437,0.103633,0.09302,0.290588,0.403586
AACATTGTGACTCGAG-1,0.113589,0.165341,0.460759,0.111671,0.055573,0.008708,0.025859,0.011967,0.02291,0.023623
AACCAAGACTTCTCTG-1,0.000444,0.064033,0.241818,0.037452,0.069806,0.094193,0.0723,0.07407,0.148215,0.19767
AACCAGTATCACTCTT-1,0.000052,0.000052,0.000418,0.419357,0.570996,0.008915,0.000052,0.000052,0.000052,0.000052
AACCATAGGGTTGAAC-1,0.070613,0.0066,0.022294,0.480562,0.212024,0.129469,0.007484,0.001158,0.022335,0.04746
AACCATGGGATCGCTA-1,0.000046,0.000046,0.000046,0.124179,0.868419,0.007083,0.000046,0.000046,0.000046,0.000046
AACCCAGAGACGGAGA-1,0.000042,0.000042,0.043725,0.462271,0.478684,0.015069,0.000042,0.000042,0.000042,0.000042
AACCCATCCCATGATC-1,0.000014,0.001015,0.00403,0.018566,0.028196,0.089907,0.118685,0.073173,0.303838,0.362575
AACCCGACAACCCGTG-1,0.247792,0.02131,0.267034,0.144001,0.032118,0.02492,0.261353,0.000027,0.001417,0.000027
AACCCGAGCAGAATCG-1,0.018124,0.037342,0.195097,0.14533,0.228815,0.18982,0.003931,0.047003,0.087959,0.046578
AACCCGATAGGGCTTC-1,0.000054,0.000054,0.010084,0.064692,0.673955,0.142584,0.000054,0.000054,0.052879,0.05559
AACCCTACTGTCAATA-1,0.000035,0.015593,0.07295,0.048433,0.445016,0.213884,0.00601,0.008884,0.118163,0.071031
AACCCTGGTGGAACCA-1,0.502251,0.00014,0.00014,0.411707,0.085059,0.00014,0.00014,0.00014,0.00014,0.00014
AACCGAGCTTGGTCAT-1,0.157679,0.146639,0.027512,0.102994,0.204311,0.047707,0.253478,0.01888,0.018411,0.02239
AACCGCTAAGGGATGC-1,0.00534,0.060206,0.201099,0.074142,0.070346,0.191694,0.058937,0.075992,0.045508,0.216736
AACCGTTGTGTTTGCT-1,0.301385,0.001968,0.003426,0.127355,0.55998,0.005576,0.000077,0.000077,0.000077,0.000077
AACCTCGCTTTAGCCC-1,0.245018,0.008856,0.068288,0.045655,0.04516,0.040694,0.064448,0.064467,0.113691,0.303723
AACCTGTCACGGAATT-1,0.061753,0.115341,0.026698,0.022501,0.049442,0.047995,0.089722,0.298283,0.112961,0.175306
AACCTTTAAATACGGT-1,0.089401,0.089516,0.073364,0.06627,0.165738,0.065996,0.083831,0.092927,0.205943,0.067015
AACCTTTACGACGTCT-1,0.042888,0.049002,0.069268,0.077848,0.153639,0.258296,0.004298,0.103319,0.170528,0.070913
AACGAAAGTCGTCCCA-1,0.979461,0.000098,0.000098,0.019759,0.000098,0.000098,0.000098,0.000098,0.000098,0.000098
AACGATAATGCCGTAG-1,0.023806,0.014983,0.01644,0.005045,0.038661,0.03599,0.109522,0.219065,0.285773,0.250715
AACGATAGAAGGGCCG-1,0.045342,0.03558,0.000936,0.154607,0.656597,0.092288,0.000048,0.000048,0.006724,0.007829
AACGATATGTCAACTG-1,0.000048,0.00459,0.000402,0.004973,0.031984,0.033716,0.136401,0.224016,0.150149,0.41372
AACGCATGATCTGGGT-1,0.066284,0.036766,0.027697,0.035163,0.145577,0.095272,0.015321,0.192742,0.092824,0.292352
AACGCGAACGGCAACA-1,0.129314,0.000045,0.000045,0.281341,0.547094,0.041981,0.000045,0.000045,0.000045,0.000045
AACGCGACCTTGGGCG-1,0.057656,0.335976,0.00335,0.409386,0.000052,0.000052,0.069608,0.054911,0.000052,0.068959
AACGCGGTCTCCAGCC-1,0.021944,0.104097,0.19275,0.137778,0.077501,0.306186,0.024447,0.044312,0.02976,0.061223
AACGCTGTTGCTGAAA-1,0.002008,0.014076,0.012452,0.022403,0.050159,0.114778,0.027602,0.168437,0.125693,0.462392
AACGGACGTACGTATA-1,0.011759,0.019851,0.011762,0.02394,0.180438,0.21735,0.063621,0.168417,0.157757,0.145105
AACGGCCATCTCCGGT-1,0.000032,0.006322,0.038421,0.099824,0.474594,0.0918,0.006326,0.007387,0.146597,0.128697
AACGTACTGTGGGTAC-1,0.000028,0.062761,0.133435,0.005234,0.002603,0.00741,0.105757,0.029776,0.347014,0.305982
AACGTCAGACTAGTGG-1,0.761907,0.056372,0.000116,0.054929,0.000116,0.000116,0.000116,0.000116,0.11326,0.012952
AACGTGATGAAGGACA-1,0.003366,0.031504,0.008515,0.180711,0.111005,0.008595,0.656239,0.000022,0.000022,0.000022
AACGTGCGAAAGTCTC-1,0.008542,0.020622,0.051334,0.01809,0.032926,0.112213,0.018331,0.217189,0.148976,0.371778
AACGTTATCAGCACCT-1,0.330968,0.003463,0.032311,0.068247,0.085037,0.157562,0.008104,0.047093,0.185355,0.081861
AACTACCCGTTTGTCA-1,0.110866,0.172088,0.017424,0.125103,0.197439,0.102626,0.034338,0.025588,0.153081,0.061449
AACTAGCGTATCGCAC-1,0.163556,0.000161,0.000161,0.687118,0.000161,0.127341,0.00153,0.000161,0.019652,0.000161
AACTAGGCTTGGGTGT-1,0.067488,0.101599,0.017395,0.154809,0.111864,0.043124,0.477143,0.007642,0.007161,0.011776
AACTCAAGTTAATTGC-1,0.999469,0.000059,0.000059,0.000059,0.000059,0.000059,0.000059,0.000059,0.000059,0.000059
AACTCCAGAGCGTGTT-1,0.000041,0.077215,0.027906,0.053904,0.58251,0.153482,0.000041,0.009734,0.080394,0.014774
AACTCCTAATCCCATG-1,0.050569,0.041826,0.061155,0.04598,0.281082,0.330425,0.01089,0.077361,0.020188,0.080523
AACTCGATAAACACGT-1,0.000083,0.000083,0.014994,0.489182,0.481099,0.014227,0.000083,0.000083,0.000083,0.000083
AACTCGATGGCGCAGT-1,0.069904,0.010653,0.030122,0.045325,0.81544,0.02824,0.00005,0.000166,0.00005,0.00005
AACTCTCAATAGAGCG-1,0.033434,0.113877,0.085772,0.009615,0.000083,0.006875,0.492893,0.172977,0.019171,0.065304
AACTCTCAGTGTGCTC-1,0.034568,0.047791,0.12071,0.301393,0.123758,0.150928,0.036744,0.047544,0.080876,0.055687
AACTGAGGTCAGCGTC-1,0.030412,0.000108,0.00599,0.148602,0.366305,0.026647,0.421846,0.00003,0.00003,0.00003
AACTGAGTTATACTGA-1,0.027388,0.069564,0.089919,0.365598,0.022173,0.063793,0.068793,0.101358,0.03663,0.154784
AACTGATATTAGGCCT-1,0.000056,0.042307,0.018758,0.625422,0.305831,0.007399,0.000056,0.000056,0.000056,0.000056
AACTGGGTCCCGACGT-1,0.416237,0.025022,0.015339,0.465145,0.035067,0.042896,0.000073,0.000073,0.000073,0.000073
AACTGGGTTCGAGCCG-1,0.104453,0.000162,0.000162,0.638996,0.000162,0.000162,0.096547,0.000162,0.027502,0.131693
AACTGGTGTGGGCCTT-1,0.941411,0.000189,0.000189,0.057073,0.000189,0.000189,0.000189,0.000189,0.000189,0.000189
AACTTCTGCGTCTATC-1,0.000066,0.000066,0.040665,0.355183,0.5323,0.071458,0.000066,0.000066,0.000066,0.000066
AACTTGCCCGTATGCA-1,0.953879,0.00011,0.00011,0.04524,0.00011,0.00011,0.00011,0.00011,0.00011,0.00011
AACTTGCGTTCTCGCG-1,0.354407,0.000105,0.546498,0.098357,0.000105,0.000105,0.000105,0.000105,0.000105,0.000105
AACTTTACGGGAGCTT-1,0.243086,0.019668,0.041921,0.020348,0.043535,0.093594,0.023238,0.29138,0.094675,0.128554
AACTTTAGCTGCTGAG-1,0.207064,0.005845,0.086642,0.008072,0.085901,0.090067,0.000645,0.071736,0.175856,0.268173
AACTTTCTCGATCATG-1,0.002235,0.040384,0.005959,0.006634,0.039643,0.04125,0.054885,0.220376,0.270299,0.318335
AAGAAATCACCAGATT-1,0.011936,0.0293,0.044733,0.038061,0.236798,0.12445,0.029597,0.175002,0.1957,0.114423
AAGAAGGATCAGTTAG-1,0.000035,0.001923,0.003979,0.059951,0.107027,0.170561,0.056184,0.14425,0.250394,0.205696
AAGACATACGTGGTTT-1,0.050684,0.032741,0.016891,0.108657,0.21189,0.027784,0.000332,0.000093,0.046475,0.504455
AAGACCAAATAACTCA-1,0.186397,0.012478,0.006171,0.592314,0.129629,0.07163,0.000023,0.000023,0.000975,0.000359
AAGACCCAACTGAACA-1,0.009916,0.007287,0.017524,0.046686,0.241736,0.170871,0.115915,0.095436,0.159004,0.135626
AAGACTAACCCGTTGT-1,0.998841,0.000129,0.000129,0.000129,0.000129,0.000129,0.000129,0.000129,0.000129,0.000129
AAGACTGCAAGCTACT-1,0.068404,0.082245,0.24369,0.200582,0.248095,0.038795,0.000045,0.053365,0.058558,0.00622
AAGAGATGAATCGGTA-1,0.458658,0.00014,0.036931,0.271315,0.023214,0.042634,0.00014,0.166687,0.00014,0.00014
AAGAGCTCTTTATCGG-1,0.082248,0.193543,0.128113,0.317349,0.241525,0.028342,0.000047,0.000109,0.008677,0.000047
AAGAGGATGTACGCGA-1,0.000412,0.12891,0.358554,0.203367,0.210032,0.0818,0.000045,0.000045,0.016789,0.000045
AAGAGGCATGGATCGC-1,0.886401,0.039,0.01201,0.000035,0.000035,0.000035,0.000037,0.056368,0.000035,0.006042
AAGAGGCCCTTTGGAA-1,0.504376,0.012503,0.111174,0.061306,0.017849,0.052665,0.000032,0.048898,0.114764,0.076433
AAGATGGCACCGGACC-1,0.077129,0.051737,0.192706,0.087836,0.141757,0.082857,0.065579,0.132032,0.083855,0.084513
AAGATTGGCGGAACGT-1,0.178748,0.058172,0.066115,0.043389,0.00016,0.02827,0.073666,0.266869,0.065558,0.219053
AAGCACCCTGCGTATC-1,0.462398,0.152297,0.340876,0.021167,0.000039,0.000039,0.001983,0.008455,0.007603,0.005144
AAGCATACTCTCCTGA-1,0.354603,0.015987,0.02472,0.053747,0.080483,0.103556,0.086553,0.077554,0.061187,0.141608
AAGCCGAAGCGGTTTA-1,0.379013,0.000042,0.208023,0.091362,0.270753,0.018835,0.000042,0.004357,0.026886,0.000687
AAGCCGCCGTGAAATC-1,0.00001,0.019221,0.000287,0.00001,0.002581,0.013982,0.069558,0.372717,0.103283,0.418351
AAGCCGCTTTACCTTG-1,0.038353,0.121915,0.013718,0.019246,0.077219,0.069472,0.02135,0.342951,0.140576,0.155201
AAGCCGGAGAGCAGGA-1,0.349215,0.086217,0.071828,0.094861,0.060881,0.048009,0.004568,0.126613,0.134157,0.023651
AAGCGCAGGGCTTTGA-1,0.027903,0.040098,0.072149,0.147222,0.407006,0.13133,0.058815,0.046324,0.021847,0.047307
AAGCGGAGTGCGCGCA-1,0.017006,0.002767,0.010312,0.025164,0.339286,0.240219,0.032475,0.049655,0.158505,0.12461
AAGCGGCGTCATGGGT-1,0.61555,0.020351,0.019919,0.06262,0.170221,0.054557,0.004099,0.022161,0.022256,0.008266
AAGCGTCCCTCATCGA-1,0.095721,0.256281,0.026262,0.028913,0.072937,0.044188,0.025276,0.080677,0.154139,0.215606
AAGCTAGATCGAGTAA-1,0.00003,0.033319,0.286999,0.075823,0.131404,0.163671,0.008977,0.029978,0.125114,0.144684
AAGCTCGTGCCAAGTC-1,0.067211,0.000043,0.049379,0.075473,0.396258,0.142157,0.000043,0.172764,0.046359,0.050313
AAGCTCTTTCATGGTG-1,0.112269,0.023715,0.351179,0.108337,0.125165,0.158797,0.005637,0.022038,0.060596,0.032267
AAGGAGCGGTTGGTGC-1,0.034863,0.145123,0.053039,0.039178,0.35266,0.249526,0.023004,0.061668,0.012669,0.028269
AAGGATCGATCGCTTG-1,0.000031,0.203196,0.019723,0.094743,0.156552,0.058416,0.046678,0.150549,0.195086,0.075026
AAGGATGAGGGACCTC-1,0.007766,0.072435,0.166413,0.201137,0.198655,0.059961,0.009848,0.083239,0.157396,0.043151
AAGGCAGGCTGTCTCC-1,0.003794,0.012875,0.041699,0.046461,0.136774,0.227313,0.123797,0.058576,0.168222,0.18049
AAGGCGCGTAAAGCTT-1,0.998899,0.000122,0.000122,0.000122,0.000122,0.000122,0.000122,0.000122,0.000122,0.000122
AAGGCTGTGCTCATCG-1,0.07736,0.067412,0.040405,0.091474,0.178921,0.100878,0.012778,0.134664,0.123987,0.172121
AAGGGAACGACTGGCT-1,0.200754,0.008803,0.061587,0.161675,0.165421,0.036054,0.365647,0.000019,0.000019,0.000019
AAGGGACAGATTCTGT-1,0.999533,0.000052,0.000052,0.000052,0.000052,0.000052,0.000052,0.000052,0.000052,0.000052
AAGGGACTATGCATTC-1,0.000024,0.016264,0.01638,0.040779,0.173766,0.070661,0.052002,0.052055,0.437886,0.140184
AAGGGTTTGATTTCAG-1,0.651969,0.149219,0.05041,0.000038,0.000038,0.000038,0.109637,0.038575,0.000038,0.000038
AAGGTATCCTAATATA-1,0.046094,0.052236,0.091338,0.03583,0.033846,0.035679,0.105534,0.308601,0.137069,0.153775
AAGGTGATAAACCAGC-1,0.000032,0.001803,0.002108,0.036631,0.14362,0.287486,0.013644,0.0963,0.285168,0.133207
AAGTAGAAGACCGGGT-1,0.343392,0.036508,0.084126,0.048298,0.146241,0.016162,0.281559,0.011854,0.020749,0.011111
AAGTAGTGACGCGAGG-1,0.418841,0.035131,0.019251,0.081432,0.243463,0.158951,0.034718,0.008098,0.000057,0.000057
AAGTCAATTGTCGTCA-1,0.262778,0.015676,0.122787,0.291006,0.135201,0.07715,0.00264,0.01018,0.066229,0.016353
AAGTCTAGTAGCTGCC-1,0.151282,0.553676,0.032181,0.012974,0.045832,0.026205,0.023297,0.0733,0.035902,0.045351
AAGTCTTCTGTGGCCT-1,0.417123,0.106743,0.024885,0.019639,0.042668,0.024376,0.004064,0.326463,0.023747,0.010292
AAGTGACGACCGAATT-1,0.000021,0.014988,0.006649,0.017323,0.155016,0.106582,0.105464,0.177232,0.177152,0.239572
AAGTGAGTCGGGTTTA-1,0.6313,0.000063,0.000063,0.196294,0.013001,0.019481,0.006137,0.004625,0.007435,0.121599
AAGTGCAAAGGTAGAC-1,0.999279,0.00008,0.00008,0.00008,0.00008,0.00008,0.00008,0.00008,0.00008,0.00008
AAGTGCCTTGACTGTA-1,0.088257,0.052525,0.011386,0.168011,0.085438,0.046065,0.402687,0.050354,0.063486,0.031791
AAGTGCGTTAGAATCT-1,0.037301,0.073724,0.139497,0.063864,0.093343,0.173499,0.070864,0.099786,0.102909,0.145212
AAGTGCTTCTCTATTG-1,0.015713,0.049175,0.046229,0.094415,0.365029,0.282347,0.087365,0.007842,0.044833,0.007052
AAGTGTTTGGAGACGG-1,0.064288,0.019728,0.05606,0.036107,0.023622,0.122559,0.45698,0.050609,0.052896,0.117151
AAGTTCACTCCAAGCT-1,0.000037,0.004962,0.075686,0.186385,0.469798,0.164533,0.028882,0.001926,0.062846,0.004943
AAGTTCAGTCTGCGTA-1,0.622684,0.000034,0.013324,0.051989,0.112785,0.068593,0.005373,0.026072,0.042057,0.05709
AAGTTCGGCCAACAGG-1,0.026288,0.028977,0.414669,0.095376,0.10986,0.116067,0.00361,0.02225,0.163072,0.019831
AAGTTGTGATGTTATA-1,0.000053,0.013169,0.133015,0.093068,0.505544,0.195365,0.000053,0.004804,0.032163,0.022766
AAGTTTACTAATGGCA-1,0.905474,0.000144,0.000144,0.080344,0.013175,0.000144,0.000144,0.000144,0.000144,0.000144
AAGTTTATGGGCCCAA-1,0.000343,0.041221,0.228257,0.030036,0.143506,0.06053,0.062369,0.163173,0.092796,0.177769
AATAACAACGCTCGGC-1,0.054062,0.009538,0.086063,0.325993,0.311714,0.081708,0.070099,0.005719,0.038027,0.017077
AATAACACTAGAACAA-1,0.000023,0.007159,0.055527,0.12196,0.254168,0.146422,0.046032,0.023663,0.185697,0.15935
AATAAGTCCTCGAGAC-1,0.187053,0.000057,0.010017,0.482693,0.277959,0.041996,0.000057,0.000057,0.000057,0.000057
AATAATCTTCGTATCG-1,0.000024,0.038735,0.096036,0.025282,0.026052,0.067066,0.053016,0.208434,0.168069,0.317287
AATACAATGTTTCAGG-1,0.262216,0.020898,0.059142,0.104477,0.331397,0.111386,0.092289,0.000039,0.013433,0.004723
AATACCGGAGGGCTGT-1,0.012334,0.017196,0.028255,0.146287,0.504951,0.172147,0.00119,0.028962,0.048654,0.040024
AATAGAACAGAGTGGC-1,0.00258,0.278482,0.07274,0.19868,0.292201,0.098866,0.0002,0.012305,0.036852,0.007093
AATAGAATCTGTTTCA-1,0.000042,0.008791,0.17645,0.107217,0.228368,0.443162,0.003915,0.000042,0.020637,0.011377
AATAGCAAGCCTCCTG-1,0.758575,0.00006,0.000259,0.044672,0.05737,0.074615,0.053372,0.010311,0.00006,0.000705
AATAGCTACCGCGTGC-1,0.089655,0.003719,0.095181,0.191979,0.127497,0.362498,0.055579,0.01341,0.038998,0.021485
AATAGTCCGTCCCGAC-1,0.072283,0.183826,0.183338,0.115215,0.097592,0.196045,0.015175,0.097855,0.014577,0.024093
AATAGTCGCGAGTCGG-1,0.091518,0.043039,0.022293,0.037392,0.103818,0.114714,0.045187,0.243983,0.17404,0.124015
AATATCAAGGTCGGAT-1,0.077101,0.000111,0.019338,0.113287,0.761841,0.021679,0.000042,0.000042,0.006518,0.000042
AATATCCTAGCAAACT-1,0.999086,0.000102,0.000102,0.000102,0.000102,0.000102,0.000102,0.000102,0.000102,0.000102
AATATCGAATCAATGC-1,0.346231,0.143231,0.050069,0.13029,0.093588,0.064787,0.007706,0.116571,0.021852,0.025673
AATATCGAGGGTTCTC-1,0.07265,0.007669,0.043664,0.035385,0.330717,0.223591,0.013668,0.059867,0.196252,0.016537
AATATTGGAGTATTGA-1,0.000026,0.000912,0.039619,0.001947,0.015652,0.056799,0.069803,0.213461,0.212089,0.389693
AATCAGACTGCAGGAC-1,0.469514,0.000098,0.000098,0.332593,0.181946,0.015357,0.000098,0.000098,0.000098,0.000098
AATCAGGTTTCATTTA-1,0.000033,0.025184,0.030039,0.011158,0.254105,0.058887,0.01592,0.078394,0.242366,0.283914
AATCATGTAAAGACTC-1,0.035984,0.014284,0.207173,0.087439,0.330094,0.091157,0.02847,0.050259,0.089012,0.066127
AATCCAAGGGCCTGAG-1,0.08123,0.000048,0.000048,0.530307,0.383788,0.004388,0.000048,0.000048,0.000048,0.000048
AATCCATGCAAGGGTG-1,0.691058,0.00018,0.139155,0.118065,0.019456,0.031368,0.00018,0.00018,0.00018,0.00018
AATCGCCTCAGCGCCA-1,0.051256,0.061773,0.05482,0.108073,0.192659,0.249446,0.022837,0.064116,0.135968,0.059051
AATCGCGCAGAGGACT-1,0.004518,0.005413,0.105797,0.12961,0.150843,0.267403,0.2524,0.005674,0.068516,0.009827
AATCGGGACACTACGA-1,0.785854,0.000123,0.000123,0.000215,0.148732,0.000123,0.000123,0.064461,0.000123,0.000123
AATCGTGAGCCGAGCA-1,0.000015,0.012703,0.049249,0.006666,0.012769,0.021527,0.124698,0.359052,0.117396,0.295925
AATCTAGGTTTACTTG-1,0.181613,0.026237,0.088182,0.127795,0.238735,0.314722,0.000038,0.000038,0.006636,0.016004
AATCTATGCCGGAGCC-1,0.007078,0.083498,0.07438,0.089264,0.115717,0.105097,0.039768,0.118543,0.226078,0.140577
AATCTCTACTGTGGTT-1,0.05545,0.012898,0.040574,0.263079,0.215351,0.280831,0.000039,0.02212,0.085285,0.024372
AATCTGCGTTGGGACG-1,0.039918,0.148384,0.097097,0.133603,0.17726,0.045033,0.042062,0.064393,0.053737,0.198513
AATCTGGCTTTCTAGT-1,0.117484,0.000034,0.003326,0.467049,0.042222,0.100645,0.01028,0.005919,0.100229,0.152812
AATCTGGGTAGACCCT-1,0.003477,0.055102,0.054464,0.056976,0.747896,0.054315,0.003694,0.000041,0.005021,0.019015
AATGACAGCAATGTCT-1,0.000039,0.282639,0.060936,0.073591,0.013498,0.060328,0.021873,0.129255,0.289783,0.068057
AATGACGTAGGATGTC-1,0.000047,0.03841,0.196242,0.277082,0.214557,0.030345,0.000047,0.033656,0.199193,0.010421
AATGACTGTCAGCCGG-1,0.17376,0.128344,0.012354,0.048331,0.008858,0.01033,0.135848,0.108565,0.353778,0.019832
AATGAGTTCGCATATG-1,0.032918,0.000077,0.004877,0.462148,0.458203,0.04147,0.000077,0.000077,0.000077,0.000077
AATGATGATACGCTAT-1,0.0469,0.000986,0.032013,0.056922,0.03703,0.127729,0.00831,0.259162,0.079997,0.350951
AATGATGCGACTCCTG-1,0.055056,0.155524,0.021655,0.108338,0.10214,0.221129,0.019052,0.057496,0.084467,0.175143
AATGCAACCGGGTACC-1,0.613087,0.000048,0.038814,0.109839,0.046899,0.081156,0.000048,0.001305,0.091837,0.016968
AATGCACCAAGCAATG-1,0.044441,0.014364,0.146221,0.137085,0.320658,0.159438,0.024732,0.000039,0.148511,0.004512
AATGGCCGCCAATGCG-1,0.001844,0.006595,0.008088,0.059767,0.333064,0.0914,0.014093,0.019019,0.400194,0.065935
AATGGTCCACCGTTCA-1,0.879103,0.000217,0.000217,0.119157,0.000217,0.000217,0.000217,0.000217,0.000217,0.000217
AATGGTTCTCACAAGC-1,0.078705,0.014005,0.174698,0.22645,0.211136,0.178764,0.001329,0.052077,0.037312,0.025523
AATGTATGGCACTGTA-1,0.191236,0.055748,0.065101,0.258823,0.000046,0.046655,0.051982,0.156383,0.036372,0.137656
AATGTGCCCGAGGTGT-1,0.000039,0.054984,0.088388,0.219458,0.24919,0.099237,0.000139,0.067715,0.166809,0.05404
AATGTGCTAATCTGAG-1,0.000021,0.000503,0.001887,0.012029,0.053007,0.057624,0.116266,0.122876,0.31295,0.322837
AATGTTGTCGTGAGAC-1,0.121653,0.037771,0.005186,0.046812,0.11309,0.06187,0.60793,0.002168,0.000042,0.003478
AATTAAAGGTCGGCGT-1,0.159639,0.172022,0.04247,0.03052,0.350109,0.033551,0.069321,0.10569,0.014083,0.022596
AATTAACGGATTTCCA-1,0.000037,0.000039,0.063232,0.098916,0.246115,0.231718,0.065178,0.066863,0.116841,0.111062
AATTACGAGACCCATC-1,0.551415,0.099701,0.016906,0.137301,0.026722,0.020654,0.083629,0.030018,0.006559,0.027095
AATTACTCGTACGCTC-1,0.820914,0.000073,0.000062,0.078844,0.000062,0.019376,0.009752,0.016048,0.000081,0.05479
AATTAGCGCTGCAGCG-1,0.22811,0.059681,0.024272,0.163033,0.443891,0.077587,0.000039,0.000039,0.00331,0.000039
AATTCATAAGGGATCT-1,0.092521,0.037918,0.089749,0.069017,0.070992,0.037736,0.037083,0.071015,0.168804,0.325164
AATTCATTGTCATGCA-1,0.206229,0.03781,0.029409,0.374617,0.035871,0.092455,0.01815,0.039461,0.070135,0.095864
AATTCCAAGCATGTAC-1,0.09681,0.002731,0.036304,0.340628,0.157534,0.119951,0.030495,0.014688,0.186473,0.014384
AATTCGATTCGAGGAT-1,0.075645,0.038652,0.055754,0.019566,0.040178,0.07753,0.184218,0.09922,0.106489,0.302747
AATTCTAGAGTTAGGC-1,0.000028,0.029389,0.000047,0.000028,0.026189,0.003617,0.10514,0.216258,0.405397,0.213908
AATTGAACGCTCTGGT-1,0.000045,0.051073,0.13177,0.035354,0.28956,0.157691,0.017457,0.039402,0.16009,0.117558
AATTGCAGCAATCGAC-1,0.000034,0.015812,0.075864,0.118631,0.310202,0.28228,0.003375,0.031345,0.1209,0.041558
AATTGCGTGGATTACA-1,0.179235,0.032577,0.000413,0.354173,0.077511,0.079395,0.04512,0.0001,0.229767,0.00171
AATTGTGGTTGCCAAA-1,0.012814,0.17234,0.017206,0.034685,0.209495,0.122879,0.042511,0.094805,0.194404,0.098862
AATTTGGGACATAGTA-1,0.045815,0.03873,0.048028,0.032768,0.319462,0.155811,0.006133,0.169181,0.065309,0.118762
AATTTGGTTCCAAAGA-1,0.558972,0.000123,0.000123,0.196234,0.188034,0.056023,0.000123,0.000123,0.000123,0.000123
ACAAACCATGCGTCCT-1,0.133596,0.066493,0.0488,0.236199,0.151518,0.082317,0.077721,0.02376,0.077207,0.102388
ACAAAGAAGGTAGGCC-1,0.999556,0.000049,0.000049,0.000049,0.000049,0.000049,0.000049,0.000049,0.000049,0.000049
ACAAAGCATGACCTAG-1,0.000019,0.041068,0.159896,0.041187,0.372719,0.043803,0.077827,0.071895,0.072206,0.119379
ACAAATCGCACCGAAT-1,0.37873,0.186833,0.030756,0.166342,0.117891,0.048415,0.000033,0.027325,0.019858,0.023817
ACAAATGGTAGTGTTT-1,0.00002,0.00002,0.00002,0.00002,0.00002,0.000736,0.036824,0.441595,0.066282,0.454461
ACAAATTCAGATCTGA-1,0.000021,0.001222,0.012351,0.01073,0.297851,0.079644,0.043701,0.177107,0.244312,0.133061
ACAACAGCATGAGCTA-1,0.965589,0.000084,0.000084,0.000084,0.000084,0.000084,0.033741,0.000084,0.000084,0.000084
ACAACGGTCCCTGCGA-1,0.192047,0.027853,0.077438,0.064459,0.154744,0.146267,0.004346,0.070783,0.080105,0.181959
ACAAGCAGTGCCTAGC-1,0.091049,0.040496,0.037013,0.277186,0.08191,0.042208,0.029355,0.102755,0.193277,0.104751
ACAAGCTATATGGAAG-1,0.422746,0.001044,0.000036,0.000036,0.000036,0.000036,0.025659,0.550335,0.000036,0.000036
ACAAGGAAATCCGCCC-1,0.13176,0.083407,0.020522,0.0663,0.182713,0.128355,0.021164,0.084825,0.069554,0.2114
ACAAGGACAAGAGGTT-1,0.257262,0.052961,0.032659,0.118986,0.427462,0.110482,0.000047,0.000047,0.000047,0.000047
ACAAGGATGCTTTAGG-1,0.007618,0.123273,0.067815,0.165372,0.305644,0.204523,0.017939,0.045157,0.027793,0.034866
ACAAGGCCTACCAGCC-1,0.019787,0.003842,0.010025,0.185651,0.737762,0.034644,0.000037,0.000037,0.008177,0.000037
ACAAGGGCAGGCTCTG-1,0.063093,0.532541,0.102443,0.084946,0.096157,0.027734,0.007562,0.023857,0.035422,0.026244
ACAATAGTCGTACGTT-1,0.000044,0.038837,0.050965,0.091194,0.507251,0.098768,0.000044,0.00814,0.18872,0.016036
ACAATCCATTTAAACC-1,0.040345,0.002064,0.022313,0.218144,0.186096,0.099238,0.267043,0.022652,0.020294,0.12181
ACAATGAATACGGAGA-1,0.00708,0.174954,0.297846,0.176017,0.156023,0.124316,0.044954,0.000144,0.009419,0.009248
ACAATGATTCTTCTAC-1,0.005065,0.013421,0.018605,0.089801,0.416306,0.091576,0.365167,0.00002,0.00002,0.00002
ACAATTGTGTCTCTTT-1,0.002607,0.007093,0.04848,0.069357,0.091619,0.166081,0.108379,0.207166,0.130068,0.16915
ACAATTTAGGAGGCTC-1,0.357582,0.036129,0.015151,0.106205,0.049113,0.316169,0.002442,0.056278,0.036442,0.024489
ACAATTTGAGCAGTGG-1,0.00969,0.022409,0.568535,0.163794,0.092295,0.031145,0.013782,0.006381,0.077473,0.014496
ACAATTTGGCCATATT-1,0.034779,0.136724,0.103573,0.040511,0.110657,0.067013,0.062755,0.091405,0.243895,0.108689
ACACAAAGACGGGTGG-1,0.841763,0.000174,0.013894,0.105523,0.037778,0.000174,0.000174,0.000174,0.000174,0.000174
ACACAAATATTCCTAG-1,0.015197,0.066953,0.137501,0.148573,0.223738,0.202919,0.003899,0.069392,0.094586,0.037242
ACACACCAGGACCAGT-1,0.140049,0.168132,0.034344,0.01472,0.011633,0.023388,0.012378,0.254632,0.046296,0.294426
ACACACTTTCTACACG-1,0.066865,0.191106,0.000052,0.284963,0.092956,0.012366,0.040294,0.05888,0.027498,0.225019
ACACATGATCAAATCT-1,0.000021,0.086058,0.193175,0.058238,0.210972,0.108259,0.026605,0.019178,0.250721,0.046773
ACACATTGACGCAACA-1,0.073526,0.028083,0.012796,0.144235,0.480313,0.135611,0.003553,0.040206,0.051903,0.029775
ACACCACATAATTAGC-1,0.022401,0.055937,0.187802,0.119137,0.106176,0.349763,0.042784,0.026624,0.063898,0.025478
ACACCCAGCATGCAGC-1,0.856692,0.009269,0.000257,0.132239,0.000257,0.000257,0.000257,0.000257,0.000257,0.000257
ACACCCGAGAAATCCG-1,0.038688,0.067645,0.027583,0.032838,0.051711,0.080678,0.10856,0.128324,0.189651,0.274322
ACACCGAGCGCTCTTT-1,0.241921,0.004958,0.000714,0.000813,0.004426,0.007862,0.060551,0.399081,0.09198,0.187695
ACACCGGTCTGACCGC-1,0.114227,0.044565,0.116135,0.052708,0.033699,0.042482,0.072582,0.113203,0.090005,0.320395
ACACCTTAAGTAGGGC-1,0.056964,0.156078,0.081946,0.065085,0.049225,0.097358,0.031588,0.159825,0.100585,0.201347
ACACCTTACTACTTGC-1,0.000029,0.099851,0.021908,0.024561,0.017094,0.073947,0.201045,0.106685,0.212345,0.242536
ACACGAGACTCCTTCT-1,0.834074,0.000059,0.000059,0.00385,0.000059,0.014449,0.019361,0.082289,0.03521,0.010592
ACACGGCACTATGCAT-1,0.998548,0.000161,0.000161,0.000161,0.000161,0.000161,0.000161,0.000161,0.000161,0.000161
ACACGGGAACTTAGGG-1,0.07455,0.031613,0.285025,0.120176,0.003546,0.002695,0.482292,0.000035,0.000035,0.000035
ACACGTAGGCCACAAG-1,0.010244,0.060468,0.071693,0.1296,0.137246,0.288435,0.022394,0.024609,0.121416,0.133895
ACACTCCAATGTCACT-1,0.057883,0.2478,0.031976,0.216109,0.042403,0.039201,0.036462,0.085902,0.089912,0.152353
ACACTGATCAAGGTGT-1,0.010141,0.072882,0.457901,0.198486,0.079055,0.04304,0.006364,0.026528,0.070592,0.035012
ACACTGGGACAGTCGT-1,0.000046,0.017571,0.189712,0.062997,0.307288,0.073709,0.070135,0.039985,0.16855,0.070007
ACAGAACTGAGAACAA-1,0.218532,0.043342,0.209787,0.069173,0.021284,0.060107,0.100735,0.056042,0.038636,0.182362
ACAGATTAGGTTAGTG-1,0.089922,0.000061,0.003499,0.275548,0.568733,0.043964,0.018088,0.000061,0.000061,0.000061
ACAGCATAGAGCCAGT-1,0.729943,0.000106,0.000106,0.045867,0.220979,0.002574,0.000106,0.000106,0.000106,0.000106
ACAGCGACATTCTCAT-1,0.000039,0.014165,0.009275,0.054706,0.295867,0.341937,0.041811,0.023077,0.056953,0.162171
ACAGCGCACCCGCAGC-1,0.058668,0.210391,0.162933,0.270426,0.257929,0.039492,0.00004,0.00004,0.00004,0.00004
ACAGGCTTGCCCGACT-1,0.300767,0.000045,0.01867,0.366525,0.199632,0.085267,0.000045,0.000045,0.028959,0.000045
ACAGGTGGAGGTGAGG-1,0.000019,0.000609,0.009968,0.004054,0.048552,0.054982,0.074435,0.093333,0.179135,0.534912
ACAGGTGTGTTGTTGC-1,0.552657,0.000173,0.000173,0.000173,0.000173,0.000173,0.030244,0.403392,0.000173,0.012667
ACAGTAATACAACTTG-1,0.716221,0.00004,0.096107,0.075675,0.012046,0.022422,0.00004,0.012771,0.058048,0.00663
ACAGTATACCGTGGGA-1,0.061746,0.044493,0.067722,0.054615,0.094856,0.115366,0.048876,0.059958,0.198248,0.254119
ACATAAGTCGTGGTGA-1,0.999446,0.000062,0.000062,0.000062,0.000062,0.000062,0.000062,0.000062,0.000062,0.000062
ACATAATAAGGCGGTG-1,0.011876,0.258164,0.024212,0.096756,0.153239,0.178782,0.007704,0.092416,0.02776,0.149091
ACATCAGCTGGGACGC-1,0.233587,0.019271,0.01721,0.082663,0.194008,0.060953,0.156336,0.046904,0.063953,0.125115
ACATCCCGGCCATACG-1,0.004394,0.027135,0.010361,0.000019,0.000019,0.000155,0.766329,0.144768,0.007903,0.038915
ACATCCTGGTAACTGT-1,0.009334,0.079219,0.108544,0.074805,0.089168,0.218851,0.038978,0.150069,0.135477,0.095556
ACATCGATCGTTTACC-1,0.074555,0.080753,0.000047,0.035854,0.013102,0.016474,0.115725,0.619951,0.023055,0.020484
ACATCGGTCAGCCGCG-1,0.085901,0.401613,0.0686,0.039985,0.08008,0.060251,0.040234,0.107065,0.102196,0.014074
ACATCGTATGCAATGG-1,0.000056,0.263053,0.062941,0.324362,0.088086,0.081511,0.06628,0.023517,0.072055,0.01814
ACATCGTTAACCTAGT-1,0.000052,0.000052,0.034731,0.221795,0.538115,0.195698,0.000052,0.000052,0.009402,0.000052
ACATCTCAACGCGTAA-1,0.251489,0.000073,0.017931,0.295981,0.040894,0.028536,0.078758,0.018185,0.162683,0.105471
ACATGGCGCCAAAGTA-1,0.001873,0.09735,0.306719,0.180337,0.205653,0.120022,0.032742,0.018779,0.022598,0.013928
ACATGGCTCAATTTAG-1,0.073479,0.017216,0.243636,0.275612,0.177452,0.053465,0.076947,0.053663,0.017317,0.011212
ACATTAGTTTATATCC-1,0.413015,0.031957,0.060173,0.182194,0.145696,0.07711,0.024072,0.017123,0.024065,0.024597
ACCAAACACCCAGCGA-1,0.029495,0.005019,0.021885,0.160107,0.398473,0.134644,0.15063,0.007096,0.038733,0.053917
ACCAACACCACACACT-1,0.000023,0.024514,0.084731,0.0598,0.268011,0.084716,0.036458,0.066569,0.293848,0.08133
ACCAACCGCACTCCAC-1,0.000021,0.008322,0.005858,0.024181,0.421227,0.082726,0.101523,0.031183,0.201739,0.123219
ACCAACGCTTATTTAT-1,0.046579,0.03107,0.28544,0.165425,0.179759,0.139422,0.018604,0.016618,0.059924,0.05716
ACCAAGAACGCGTGTC-1,0.225243,0.050083,0.10891,0.102365,0.224633,0.142499,0.000036,0.029609,0.075343,0.041278
ACCAATATGCAAGTTA-1,0.115321,0.418735,0.05866,0.101704,0.123536,0.048016,0.036412,0.026854,0.052604,0.018159
ACCACAACTCAGAACA-1,0.000034,0.028193,0.015939,0.179727,0.369931,0.16367,0.025513,0.06491,0.075657,0.076426
ACCACAAGTTTCTATC-1,0.039688,0.05159,0.009476,0.115255,0.59883,0.087379,0.000041,0.057851,0.023909,0.015983
ACCACCAATGTAACAA-1,0.052507,0.384443,0.033358,0.121946,0.176825,0.044308,0.05028,0.038638,0.074046,0.02365
ACCACCCTCTCTTCTA-1,0.044406,0.071654,0.071995,0.196145,0.252252,0.106763,0.009419,0.053273,0.105566,0.088527
ACCACGTGCAGCTATA-1,0.01822,0.049925,0.010634,0.397268,0.377591,0.119491,0.000054,0.001418,0.011061,0.014338
ACCACTGTTCAAGAAG-1,0.611789,0.000021,0.000047,0.039316,0.03314,0.000427,0.315196,0.000021,0.000021,0.000021
ACCAGACCATAACAAC-1,0.300739,0.168069,0.124672,0.069176,0.104964,0.078795,0.004875,0.123933,0.016409,0.008368
ACCAGCCCGGTCTTTG-1,0.08224,0.016195,0.007687,0.104549,0.761848,0.02728,0.00005,0.00005,0.00005,0.00005
ACCAGTGCCCGGTCAA-1,0.034935,0.012709,0.097841,0.060771,0.072742,0.103098,0.026953,0.092369,0.282752,0.215829
ACCAGTGCGGGAGACG-1,0.062017,0.131209,0.021972,0.037652,0.112949,0.105964,0.025632,0.235932,0.192132,0.074541
ACCATATCCGCAATAA-1,0.033713,0.200558,0.015607,0.080684,0.122461,0.114339,0.101482,0.114505,0.078201,0.138451
ACCATCCGCCAACTAG-1,0.001112,0.00302,0.01815,0.432085,0.207147,0.12905,0.038647,0.002447,0.076489,0.091854
ACCATCGTATATGGTA-1,0.350372,0.0252,0.316609,0.193393,0.005912,0.006755,0.025982,0.052737,0.000087,0.022953
ACCATTAAGGGTGTCA-1,0.340897,0.000065,0.4862,0.124913,0.024034,0.022906,0.000775,0.000063,0.000085,0.000063
ACCCAACGCCCGTGGC-1,0.85744,0.019825,0.001913,0.000038,0.000037,0.000037,0.012052,0.083724,0.000037,0.024897
ACCCACCTACATGCTC-1,0.467434,0.015558,0.481792,0.034751,0.000077,0.000077,0.000077,0.000077,0.000077,0.000077
ACCCATCTTGAGGGTA-1,0.944117,0.00009,0.00009,0.055163,0.00009,0.00009,0.00009,0.00009,0.00009,0.00009
ACCCATTTGTCCCTCT-1,0.000027,0.112411,0.110275,0.065938,0.181957,0.035961,0.405167,0.030465,0.029938,0.027862
ACCCGAGCGAAATTAC-1,0.001,0.031495,0.105298,0.087855,0.158873,0.067976,0.106611,0.061202,0.288354,0.091336
ACCCGATTGGTTCCGA-1,0.001694,0.007266,0.044989,0.012446,0.035604,0.027192,0.085462,0.199813,0.067069,0.518465
ACCCGGAAACTCCCAG-1,0.057016,0.000889,0.044823,0.20578,0.362763,0.104983,0.024452,0.008813,0.156795,0.033686
ACCCGGAGCACCACAA-1,0.066554,0.00359,0.066652,0.089869,0.197731,0.07015,0.090352,0.263967,0.032109,0.119027
ACCCGGATGACGCATC-1,0.015149,0.097454,0.10434,0.333456,0.068994,0.058244,0.040153,0.111268,0.087365,0.083578
ACCCGGTTACACTTCC-1,0.999431,0.000063,0.000063,0.000063,0.000063,0.000063,0.000063,0.000063,0.000063,0.000063
ACCCGTAGTCTAGTTG-1,0.0001,0.043353,0.056288,0.128841,0.312453,0.384697,0.036773,0.0001,0.002209,0.035185
ACCCGTGTCATCAGTA-1,0.00003,0.032775,0.013093,0.095265,0.059986,0.064051,0.077667,0.050526,0.50032,0.106288
ACCCTATAGGACTGAG-1,0.004562,0.00007,0.02042,0.542208,0.414961,0.017499,0.00007,0.00007,0.00007,0.00007
ACCCTATGCCATATCG-1,0.010251,0.056341,0.214267,0.229912,0.105937,0.248278,0.060984,0.021026,0.030378,0.022625
ACCCTCCCTTGCTATT-1,0.089865,0.075871,0.007283,0.047022,0.012944,0.139269,0.08276,0.18126,0.087331,0.276395
ACCCTGGTAACGCCCT-1,0.0156,0.173238,0.001258,0.003821,0.003405,0.021824,0.047106,0.173228,0.09541,0.46511
ACCCTTCATCTGCGAA-1,0.183514,0.000061,0.029692,0.082928,0.448575,0.140041,0.007153,0.012964,0.080495,0.014577
ACCCTTGCCTGGGTCG-1,0.070625,0.016332,0.026863,0.031652,0.066581,0.069022,0.020864,0.152134,0.286837,0.259089
ACCCTTTAGTTCTCCA-1,0.00004,0.00056,0.106597,0.082619,0.342939,0.347244,0.063264,0.017928,0.038711,0.000098
ACCGAAAGGGCCCTGC-1,0.91164,0.000075,0.000744,0.000075,0.000075,0.000075,0.050646,0.03652,0.000075,0.000075
