Barcode,Topic 1,Topic 2,Topic 3to4,Topic 5,Topic 6to8,Topic 9,Topic 10
AAACAACGAATAGTTC-1,0.001467,0.000033,0.056104,0.000033,0.000098,0.217366,0.724899
AAACAAGTATCTCCCA-1,0.538568,0.000051,0.448244,0.000051,0.000153,0.009569,0.003364
AAACAATCTACTAGCA-1,0.000037,0.000037,0.411249,0.000037,0.000401,0.582001,0.006237
AAACACCAATAACTGC-1,0.01394,0.011429,0.56225,0.000029,0.342783,0.010304,0.059265
AAACAGAGCGACTCCT-1,0.097809,0.000048,0.172269,0.000048,0.000143,0.178361,0.551323
AAACAGCTTTCAGAAG-1,0.000105,0.078855,0.743663,0.000105,0.047756,0.112627,0.01689
AAACAGGGTCTATATT-1,0.011847,0.000049,0.446331,0.000049,0.155405,0.134738,0.251581
AAACAGTGTTCCTGGG-1,0.000017,0.000017,0.55938,0.004116,0.431267,0.002107,0.003097
AAACATGGTGAGAGGA-1,0.000033,0.000033,0.953807,0.000033,0.04603,0.000033,0.000033
AAACATTTCCCGGATT-1,0.019592,0.008992,0.427049,0.000026,0.37521,0.02477,0.144361
AAACCACTACACAGAT-1,0.012842,0.00816,0.574549,0.000024,0.315891,0.083762,0.004772
AAACCCGAACGAAATC-1,0.009857,0.013107,0.918958,0.000033,0.006226,0.050304,0.001515
AAACCGGAAATGTTAA-1,0.100405,0.002849,0.302788,0.000023,0.470355,0.027508,0.096072
AAACCGGGTAGGTACC-1,0.000019,0.404807,0.13194,0.000019,0.437223,0.019781,0.006211
AAACCGTTCGTCCAGG-1,0.000031,0.000031,0.470975,0.000031,0.142374,0.107823,0.278735
AAACCTAAGCAGCCGG-1,0.147624,0.00076,0.641436,0.000026,0.101216,0.049596,0.059342
AAACCTCATGAAGTTG-1,0.000052,0.000052,0.547541,0.000052,0.253875,0.182943,0.015486
AAACGAAGAACATACC-1,0.000019,0.018216,0.062475,0.000019,0.822896,0.061938,0.034438
AAACGAAGATGGAGTA-1,0.00305,0.000086,0.483271,0.000086,0.328428,0.045961,0.139117
AAACGACAGTCTTGCC-1,0.000032,0.08746,0.733308,0.000032,0.169493,0.009643,0.000032
AAACGAGACGGTTGAT-1,0.992033,0.000885,0.001771,0.000885,0.002656,0.000885,0.000885
AAACGCCCGAGATCGG-1,0.079096,0.018661,0.428565,0.000044,0.168002,0.183574,0.122057
AAACGCTGGGCACGAC-1,0.064303,0.007846,0.514027,0.000017,0.125482,0.132025,0.1563
AAACGGGCGTACGGGT-1,0.087877,0.000035,0.726186,0.000035,0.060471,0.040075,0.085322
AAACGGGTTGGTATCC-1,0.000058,0.000058,0.649247,0.000058,0.115901,0.23462,0.000058
AAACGGTTGCGAACTG-1,0.031653,0.000038,0.564799,0.000028,0.35091,0.028284,0.024288
AAACGTGTTCGCCCTA-1,0.258382,0.000062,0.579945,0.009375,0.000185,0.102395,0.049657
AAACTAACGTGGCGAC-1,0.008343,0.000048,0.958127,0.000048,0.015036,0.016672,0.001725
AAACTCGGTTCGCAAT-1,0.012734,0.027259,0.311488,0.000032,0.334883,0.067791,0.245813
AAACTCGTGATATAAG-1,0.274481,0.000071,0.725021,0.000071,0.000214,0.000071,0.000071
AAACTGCTGGCTCCAA-1,0.138377,0.041976,0.194948,0.000025,0.363116,0.110098,0.15146
AAACTTAATTGCACGC-1,0.100062,0.025166,0.491452,0.000025,0.357453,0.007289,0.018553
AAACTTGCAAACGTAT-1,0.000025,0.048414,0.409834,0.000025,0.536684,0.004992,0.000025
AAAGAATGACCTTAGA-1,0.02694,0.000046,0.215021,0.001252,0.425243,0.143697,0.187802
AAAGAATGTGGACTAA-1,0.004539,0.000342,0.701686,0.000019,0.261041,0.016657,0.015715
AAAGACATGAAGTTTA-1,0.0669,0.02525,0.120565,0.007384,0.698029,0.066386,0.015487
AAAGACCCAAGTCGCG-1,0.040361,0.013885,0.165097,0.004198,0.000147,0.488496,0.287816
AAAGACTGGGCGCTTT-1,0.079945,0.000105,0.544448,0.000105,0.113743,0.261549,0.000105
AAAGCTTGCCTACATA-1,0.928464,0.00022,0.069997,0.00022,0.00066,0.00022,0.00022
AAAGGCCCTATAATAC-1,0.024157,0.001983,0.23247,0.002102,0.578196,0.027127,0.133965
AAAGGCTACGGACCAT-1,0.025273,0.047212,0.166255,0.00216,0.657182,0.035979,0.06594
AAAGGCTCTCGCGCCG-1,0.164207,0.000472,0.549722,0.000041,0.072484,0.025957,0.187116
AAAGGGATGTAGCAAG-1,0.000048,0.000048,0.462853,0.04277,0.447139,0.047094,0.000048
AAAGGGCAGCTTGAAT-1,0.033247,0.027079,0.16311,0.02663,0.615994,0.127598,0.006343
AAAGGTAAGCTGTACC-1,0.051126,0.018039,0.4188,0.000032,0.431382,0.044949,0.035672
AAAGGTCAACGACATG-1,0.075413,0.000045,0.791731,0.000045,0.112919,0.009385,0.010461
AAAGTAGCATTGCTCA-1,0.060522,0.000049,0.910581,0.000049,0.004948,0.018713,0.005137
AAAGTCACTGATGTAA-1,0.013314,0.000062,0.949892,0.000062,0.000187,0.033097,0.003385
AAAGTCGACCCTCAGT-1,0.006627,0.00239,0.204256,0.000053,0.572055,0.164615,0.050005
AAAGTGCCATCAATTA-1,0.000019,0.000019,0.885767,0.000019,0.018472,0.02904,0.066662
AAAGTGTGATTTATCT-1,0.024572,0.004678,0.745451,0.000028,0.18992,0.035107,0.000242
AAAGTTGACTCCCGTA-1,0.017604,0.010181,0.182266,0.001386,0.50348,0.088206,0.196876
AAATAACCATACGGGA-1,0.027537,0.00003,0.516705,0.00003,0.203156,0.130984,0.121558
AAATAAGGTAGTGCCC-1,0.157884,0.000052,0.491616,0.000052,0.081978,0.126778,0.141639
AAATACCTATAAGCAT-1,0.022339,0.026222,0.352327,0.000018,0.548944,0.030118,0.020031
AAATAGCTTAGACTTT-1,0.005122,0.003928,0.506573,0.000032,0.367241,0.006851,0.110253
AAATAGGGTGCTATTG-1,0.028621,0.050216,0.545882,0.00004,0.20242,0.070322,0.102499
AAATCACTCCTAAACG-1,0.07983,0.021199,0.672253,0.000028,0.207228,0.014997,0.004465
AAATCCGATACACGCC-1,0.00601,0.010178,0.670706,0.000026,0.200338,0.059192,0.053549
AAATCGCGGAAGGAGT-1,0.000085,0.000085,0.35221,0.000085,0.388724,0.17737,0.08144
AAATCGTGTACCACAA-1,0.000041,0.000041,0.934711,0.007853,0.0064,0.037518,0.013437
AAATCTAGCCCTGCTA-1,0.000031,0.000031,0.92017,0.000031,0.071652,0.001798,0.006287
AAATCTGCCCGCGTCC-1,0.000032,0.000032,0.977813,0.000032,0.012927,0.006295,0.002869
AAATGATTCGATCAGC-1,0.359582,0.00009,0.639786,0.00009,0.000271,0.00009,0.00009
AAATGCTCGTTACGTT-1,0.011201,0.062968,0.502437,0.000059,0.396823,0.026453,0.000059
AAATGGCATGTCTTGT-1,0.000049,0.01273,0.414256,0.000049,0.396174,0.119862,0.056881
AAATGGCCCGTGCCCT-1,0.080388,0.00024,0.393745,0.000031,0.440182,0.056931,0.028483
AAATGGTCAATGTGCC-1,0.000036,0.000496,0.213386,0.001788,0.416534,0.176143,0.191616
AAATGTATCTTATCCC-1,0.000046,0.087566,0.243391,0.024279,0.431844,0.049766,0.163107
AAATGTGGGTGCTCCT-1,0.004742,0.023061,0.120644,0.00002,0.619496,0.216126,0.015912
AAATTAACGGGTAGCT-1,0.049006,0.05553,0.109059,0.000038,0.538716,0.040104,0.207548
AAATTAATAAGCGCGA-1,0.000056,0.000056,0.506713,0.000056,0.323083,0.053391,0.116646
AAATTACACGACTCTG-1,0.074991,0.000042,0.740412,0.000042,0.101042,0.061844,0.021627
AAATTACCTATCGATG-1,0.893394,0.000568,0.087262,0.015934,0.001705,0.000568,0.000568
AAATTCCAGGTCCAAA-1,0.207161,0.000062,0.792406,0.000062,0.000186,0.000062,0.000062
AAATTGATAGTCCTTT-1,0.055944,0.010975,0.232516,0.000022,0.469988,0.000711,0.229843
AAATTGCGGCGGTTCT-1,0.000055,0.069929,0.702218,0.000055,0.175526,0.052163,0.000055
AAATTGGTGAGAAGCA-1,0.353756,0.000137,0.626143,0.017766,0.000412,0.001648,0.000137
AAATTTACCGAAATCC-1,0.113774,0.000039,0.495465,0.006247,0.214554,0.164473,0.005449
AAATTTGCGGGTGTGG-1,0.000072,0.000072,0.858994,0.000072,0.000226,0.140491,0.000072
AACAACTGGTAGTTGC-1,0.000053,0.002293,0.422666,0.000053,0.301966,0.185451,0.087517
AACAATACATTGTCGA-1,0.000023,0.00146,0.480528,0.000023,0.372187,0.02204,0.123739
AACAATTACTCTACGC-1,0.000027,0.080025,0.179933,0.000027,0.558902,0.170979,0.010107
AACACACGCTCGCCGC-1,0.022017,0.000038,0.64669,0.000038,0.055015,0.111178,0.165024
AACACGACTGTACTGA-1,0.006219,0.005551,0.499278,0.000028,0.301066,0.15283,0.035028
AACACGAGACGCGGCC-1,0.002394,0.053421,0.518759,0.000033,0.322824,0.045212,0.057357
AACACGCGGCCGCGAA-1,0.080533,0.000052,0.550431,0.000052,0.076682,0.292199,0.000052
AACAGCTGTGTGGCAA-1,0.000018,0.019087,0.412057,0.000018,0.454561,0.006811,0.107448
AACAGGAAATCGAATA-1,0.024161,0.000045,0.449205,0.000045,0.252192,0.114061,0.16029
AACAGGATGGGCCGCG-1,0.000055,0.044243,0.467397,0.007668,0.336755,0.132564,0.011317
AACAGGTAGTATGGAT-1,0.25519,0.000041,0.675692,0.000041,0.031594,0.032777,0.004665
AACATATCAACTGGTG-1,0.190963,0.000054,0.55071,0.000054,0.251153,0.000054,0.00701
AACATCGATACGTCTA-1,0.791063,0.000195,0.192958,0.000195,0.000586,0.014807,0.000195
AACATTGAAGTTGATC-1,0.004094,0.000036,0.97104,0.000036,0.003777,0.011276,0.00974
AACATTGGTCAGCCGT-1,0.000053,0.004395,0.773144,0.000053,0.14379,0.075972,0.002594
AACATTGTGACTCGAG-1,0.041546,0.040889,0.740071,0.000031,0.100409,0.037395,0.039659
AACCAAGACTTCTCTG-1,0.039611,0.000075,0.176315,0.00481,0.171508,0.567684,0.039998
AACCAGTATCACTCTT-1,0.003502,0.155408,0.208296,0.005272,0.241929,0.232685,0.15291
AACCATAGGGTTGAAC-1,0.036523,0.000043,0.916658,0.000043,0.00376,0.009384,0.033588
AACCATGGGATCGCTA-1,0.011326,0.037427,0.313922,0.000037,0.485818,0.151433,0.000037
AACCCAGAGACGGAGA-1,0.02228,0.000033,0.188346,0.000033,0.673639,0.034847,0.080822
AACCCATCCCATGATC-1,0.001446,0.000032,0.559255,0.008818,0.195116,0.0309,0.204433
AACCCGACAACCCGTG-1,0.000029,0.028438,0.713871,0.000029,0.223851,0.029898,0.003884
AACCCGAGCAGAATCG-1,0.006797,0.003138,0.737869,0.000034,0.087018,0.022925,0.142218
AACCCGATAGGGCTTC-1,0.000031,0.000031,0.977207,0.000031,0.01733,0.005339,0.000031
AACCCTACTGTCAATA-1,0.038692,0.007063,0.643886,0.077058,0.165746,0.054671,0.012883
AACCCTGGTGGAACCA-1,0.027541,0.007327,0.346371,0.000029,0.400207,0.192966,0.025559
AACCGAGCTTGGTCAT-1,0.000037,0.036214,0.280758,0.000037,0.571811,0.075939,0.035204
AACCGCTAAGGGATGC-1,0.013727,0.021585,0.337609,0.000025,0.596788,0.027975,0.00229
AACCGTTGTGTTTGCT-1,0.02764,0.000063,0.808392,0.000063,0.035731,0.127937,0.000172
AACCTAAAGCCGTCCG-1,0.000025,0.022169,0.38222,0.005506,0.462524,0.118548,0.009009
AACCTCGCTTTAGCCC-1,0.109305,0.057522,0.594001,0.000036,0.120704,0.053192,0.065238
AACCTGTCACGGAATT-1,0.906376,0.000807,0.087977,0.000807,0.00242,0.000807,0.000807
AACCTTTAAATACGGT-1,0.016057,0.009072,0.330127,0.000024,0.542792,0.067875,0.034054
AACCTTTACGACGTCT-1,0.000054,0.000054,0.999463,0.000054,0.000162,0.000159,0.000054
AACGAAAGTCGTCCCA-1,0.000043,0.000043,0.999657,0.000043,0.000129,0.000043,0.000043
AACGACCTCCTAGCCG-1,0.009108,0.042913,0.686178,0.000019,0.198471,0.030876,0.032435
AACGATAATGCCGTAG-1,0.000025,0.001726,0.384721,0.000025,0.49337,0.105563,0.014571
AACGATAGAAGGGCCG-1,0.080227,0.000061,0.905164,0.000061,0.000182,0.014245,0.000061
AACGATATGTCAACTG-1,0.000975,0.000047,0.358681,0.006241,0.315311,0.149561,0.169182
AACGCATGATCTGGGT-1,0.596907,0.001493,0.392643,0.001493,0.004479,0.001493,0.001493
AACGCGAACGGCAACA-1,0.040072,0.001579,0.365709,0.008014,0.129561,0.380951,0.074114
AACGCGACCTTGGGCG-1,0.000021,0.001172,0.337158,0.000021,0.63527,0.013417,0.012939
AACGCGGTCTCCAGCC-1,0.000036,0.000036,0.450846,0.000036,0.068318,0.278224,0.202504
AACGCTGTTGCTGAAA-1,0.000021,0.000021,0.482771,0.000021,0.438725,0.014153,0.064287
AACGGACGTACGTATA-1,0.000028,0.003112,0.48754,0.002423,0.210268,0.101542,0.195086
AACGGCCATCTCCGGT-1,0.000038,0.017959,0.429353,0.000038,0.233856,0.146874,0.171882
AACGTACTGTGGGTAC-1,0.051106,0.00006,0.583065,0.00006,0.221935,0.027331,0.116443
AACGTAGTCTACCCAT-1,0.000035,0.000035,0.491254,0.000035,0.085606,0.331083,0.091953
AACGTCAGACTAGTGG-1,0.093618,0.000071,0.593875,0.000071,0.229199,0.024816,0.058351
AACGTCGCTGCACTTC-1,0.000019,0.001184,0.768553,0.071135,0.114899,0.025009,0.019201
AACGTGATGAAGGACA-1,0.065851,0.005452,0.453059,0.000035,0.369375,0.089592,0.016636
AACGTGCGAAAGTCTC-1,0.087848,0.000045,0.583884,0.000045,0.295401,0.02,0.012776
AACGTTATCAGCACCT-1,0.046176,0.000041,0.270288,0.000041,0.510244,0.065278,0.107931
AACTACCCGTTTGTCA-1,0.044134,0.000033,0.832274,0.000033,0.080124,0.017296,0.026106
AACTAGCGTATCGCAC-1,0.000033,0.020334,0.662922,0.005,0.211482,0.100196,0.000033
AACTAGGCTTGGGTGT-1,0.176471,0.000041,0.660458,0.005651,0.000124,0.055144,0.10211
AACTCAAGTTAATTGC-1,0.000084,0.000084,0.901856,0.000084,0.01274,0.047999,0.037154
AACTCCAGAGCGTGTT-1,0.028249,0.062231,0.149685,0.753414,0.003609,0.00279,0.000022
AACTCCTAATCCCATG-1,0.04101,0.000036,0.740272,0.000036,0.081696,0.063635,0.073314
AACTCGATAAACACGT-1,0.000029,0.006833,0.028549,0.001994,0.550587,0.336517,0.075491
AACTCGATGGCGCAGT-1,0.879556,0.000376,0.000752,0.000376,0.001128,0.000376,0.117436
AACTCTCAATAGAGCG-1,0.060344,0.000038,0.716637,0.000038,0.222868,0.000038,0.000038
AACTCTCAGTGTGCTC-1,0.012849,0.051933,0.429176,0.000033,0.398336,0.000601,0.107073
AACTGAGGTCAGCGTC-1,0.000053,0.000053,0.692857,0.000053,0.095924,0.183204,0.027856
AACTGAGTTATACTGA-1,0.852298,0.000116,0.144881,0.000116,0.000347,0.002128,0.000116
AACTGATATTAGGCCT-1,0.000032,0.000372,0.465297,0.002911,0.402781,0.078255,0.050353
AACTGGGTCCCGACGT-1,0.000037,0.003952,0.509888,0.003244,0.318138,0.144087,0.020654
AACTGGGTTCGAGCCG-1,0.352183,0.000053,0.288664,0.052732,0.154844,0.098753,0.05277
AACTGGTGTGGGCCTT-1,0.000048,0.000048,0.602954,0.000048,0.11999,0.260763,0.016148
AACTTCTGCGTCTATC-1,0.029804,0.000058,0.047226,0.000058,0.808696,0.045082,0.069076
AACTTGCCCGTATGCA-1,0.000033,0.181141,0.128115,0.003982,0.513122,0.17348,0.000127
AACTTGCGTTCTCGCG-1,0.0419,0.017296,0.228374,0.000044,0.681902,0.018495,0.011988
AACTTTACGGGAGCTT-1,0.000046,0.005753,0.354275,0.000046,0.594288,0.019124,0.026467
AACTTTAGCTGCTGAG-1,0.000037,0.000037,0.464919,0.000037,0.217531,0.317403,0.000037
AACTTTCTCGATCATG-1,0.099523,0.000075,0.899951,0.000075,0.000225,0.000075,0.000075
AAGAAATCACCAGATT-1,0.144032,0.000042,0.854765,0.000042,0.000126,0.000952,0.000042
AAGAAGGATCAGTTAG-1,0.023215,0.033702,0.121251,0.003396,0.425271,0.352595,0.04057
AAGACATACGTGGTTT-1,0.000258,0.000028,0.674117,0.000028,0.041269,0.118037,0.166263
AAGACCAAATAACTCA-1,0.00005,0.00005,0.988099,0.00005,0.002344,0.009357,0.00005
AAGACCCAACTGAACA-1,0.018688,0.005858,0.253114,0.000019,0.673757,0.021698,0.026867
AAGACTAACCCGTTGT-1,0.059924,0.062502,0.151728,0.000031,0.54405,0.160802,0.020964
AAGACTCACGCCCACT-1,0.103221,0.043299,0.170757,0.001132,0.499638,0.124607,0.057346
AAGACTGCAAGCTACT-1,0.013055,0.000036,0.126647,0.000036,0.448593,0.050563,0.36107
AAGAGATGAATCGGTA-1,0.088952,0.000068,0.572849,0.002903,0.256953,0.055733,0.022541
AAGAGCTCTTTATCGG-1,0.833773,0.000263,0.031594,0.000263,0.000788,0.133058,0.000263
AAGAGGATGTACGCGA-1,0.000042,0.067097,0.263442,0.000042,0.545855,0.123481,0.000042
AAGAGGCATGGATCGC-1,0.995945,0.000451,0.000901,0.000451,0.001352,0.000451,0.000451
AAGAGGCCCTTTGGAA-1,0.005055,0.000044,0.9887,0.000044,0.000132,0.005556,0.000468
AAGATGGCACCGGACC-1,0.000018,0.001394,0.12953,0.000018,0.748315,0.009154,0.111573
AAGATTGGCGGAACGT-1,0.979065,0.002326,0.004652,0.002326,0.006978,0.002326,0.002326
AAGCACCCTGCGTATC-1,0.000023,0.007618,0.368077,0.002727,0.50219,0.045168,0.074198
AAGCATACTCTCCTGA-1,0.000024,0.017797,0.210249,0.00143,0.629128,0.088448,0.052924
AAGCCGAAGCGGTTTA-1,0.879087,0.038985,0.000102,0.000051,0.013216,0.000064,0.068496
AAGCCGCCGTGAAATC-1,0.013985,0.005909,0.534111,0.000026,0.217338,0.084975,0.143657
AAGCCGCTTTACCTTG-1,0.527063,0.000112,0.472151,0.000112,0.000337,0.000112,0.000112
AAGCCGGAGAGCAGGA-1,0.000024,0.000024,0.668866,0.000024,0.325001,0.004656,0.001404
AAGCGCAGGGCTTTGA-1,0.006039,0.014343,0.098087,0.000028,0.640646,0.016192,0.224665
AAGCGGAGTGCGCGCA-1,0.102204,0.000049,0.896576,0.000049,0.000146,0.000929,0.000049
AAGCGGCGTCATGGGT-1,0.000039,0.000039,0.735608,0.000039,0.208533,0.055702,0.000039
AAGCGTCCCTCATCGA-1,0.000023,0.007328,0.399087,0.000023,0.563706,0.0021,0.027734
AAGCTAGATCGAGTAA-1,0.050555,0.040402,0.032686,0.00557,0.703972,0.053858,0.112958
AAGCTCGTGCCAAGTC-1,0.430758,0.000118,0.000236,0.000118,0.219411,0.000118,0.349241
AAGCTCTTTCATGGTG-1,0.056095,0.010233,0.504243,0.000038,0.297871,0.114161,0.01736
AAGGAGAACTTATAAG-1,0.074697,0.041663,0.345528,0.000039,0.075217,0.439801,0.023056
AAGGAGCGGTTGGTGC-1,0.043493,0.038692,0.314349,0.000057,0.475506,0.025011,0.102892
AAGGATCGATCGCTTG-1,0.048129,0.000039,0.713396,0.000038,0.096898,0.08685,0.05465
AAGGATGAGGGACCTC-1,0.991889,0.000901,0.001802,0.000901,0.002704,0.000901,0.000901
AAGGCAGGCTGTCTCC-1,0.268845,0.000047,0.730825,0.000047,0.000142,0.000047,0.000047
AAGGCGCGTAAAGCTT-1,0.022672,0.008251,0.648134,0.024728,0.203121,0.05841,0.034685
AAGGCTGTGCTCATCG-1,0.019585,0.000095,0.784833,0.143979,0.000285,0.050073,0.00115
AAGGGAACGACTGGCT-1,0.051336,0.013024,0.45087,0.000026,0.420606,0.014289,0.04985
AAGGGACAGATTCTGT-1,0.996169,0.000426,0.000851,0.000426,0.001277,0.000426,0.000426
AAGGGACTATGCATTC-1,0.000023,0.002225,0.311424,0.000023,0.494617,0.070294,0.121393
AAGGGTTTGATTTCAG-1,0.001631,0.000051,0.688227,0.000051,0.034703,0.032751,0.242586
AAGGTATCCTAATATA-1,0.683648,0.000781,0.310882,0.000781,0.002344,0.000781,0.000781
AAGGTGATAAACCAGC-1,0.002996,0.000034,0.888782,0.000034,0.037035,0.043397,0.027722
AAGTAAGCTTCCAAAC-1,0.000016,0.00123,0.268372,0.003637,0.711603,0.015125,0.000016
AAGTAGAAGACCGGGT-1,0.012729,0.000047,0.266019,0.011854,0.574333,0.07468,0.060337
AAGTAGTGACGCGAGG-1,0.000048,0.007872,0.354188,0.000048,0.284585,0.315616,0.037642
AAGTCAATTGTCGTCA-1,0.024559,0.00003,0.437049,0.00003,0.420869,0.06599,0.051474
AAGTCTAGTAGCTGCC-1,0.068618,0.000057,0.930981,0.000057,0.000172,0.000057,0.000057
AAGTCTTCTGTGGCCT-1,0.050623,0.000062,0.531442,0.000062,0.372176,0.032214,0.013419
AAGTGACGACCGAATT-1,0.000059,0.000059,0.916195,0.000059,0.058022,0.025548,0.000059
AAGTGAGTCGGGTTTA-1,0.019759,0.002449,0.215386,0.000019,0.64002,0.02673,0.095638
AAGTGCAAAGGTAGAC-1,0.002945,0.612915,0.368362,0.00003,0.009477,0.006242,0.00003
AAGTGCCTTGACTGTA-1,0.283339,0.013587,0.439295,0.000041,0.228959,0.024198,0.010581
AAGTGCGTTAGAATCT-1,0.020774,0.000058,0.904789,0.000058,0.000261,0.042637,0.031422
AAGTGCTTCTCTATTG-1,0.033312,0.000028,0.368644,0.000028,0.452258,0.040683,0.105049
AAGTGTTTGGAGACGG-1,0.049465,0.000037,0.530287,0.00387,0.374346,0.033645,0.008349
AAGTTCACTCCAAGCT-1,0.050448,0.000037,0.68661,0.000037,0.248548,0.009994,0.004326
AAGTTCAGTCTGCGTA-1,0.768002,0.001137,0.224042,0.001137,0.00341,0.001137,0.001137
AAGTTCGGCCAACAGG-1,0.000055,0.000055,0.949844,0.000055,0.0214,0.028526,0.000066
AAGTTGTGATGTTATA-1,0.043067,0.000038,0.589424,0.000038,0.134814,0.056073,0.176547
AAGTTTACTAATGGCA-1,0.000038,0.009121,0.695533,0.017712,0.176035,0.063945,0.037616
AAGTTTATGGGCCCAA-1,0.220708,0.0151,0.370852,0.007362,0.313518,0.046052,0.026407
AATAACAACGCTCGGC-1,0.000029,0.050258,0.188035,0.000029,0.679755,0.078991,0.002903
AATAACACTAGAACAA-1,0.033149,0.008088,0.35089,0.00002,0.575058,0.007056,0.025739
AATAAGTCCTCGAGAC-1,0.000031,0.000031,0.476653,0.000031,0.110277,0.315955,0.097023
AATAATCTTCGTATCG-1,0.059767,0.001901,0.70703,0.000034,0.140966,0.031786,0.058515
AATACAATGTTTCAGG-1,0.069867,0.000565,0.329674,0.016546,0.423914,0.128852,0.030583
AATACCGGAGGGCTGT-1,0.007928,0.000038,0.807396,0.000038,0.075284,0.073923,0.035393
AATACCTGATGTGAAC-1,0.067072,0.000042,0.673737,0.000042,0.065898,0.142845,0.050364
AATAGAACAGAGTGGC-1,0.031264,0.000027,0.382613,0.000027,0.403797,0.053242,0.12903
AATAGAATCTGTTTCA-1,0.000031,0.000031,0.391714,0.000652,0.523151,0.060784,0.023638
AATAGCAAGCCTCCTG-1,0.000044,0.022577,0.697843,0.000044,0.177545,0.095279,0.006669
AATAGCTACCGCGTGC-1,0.992798,0.0008,0.0016,0.0008,0.002401,0.0008,0.0008
AATAGTCCGTCCCGAC-1,0.265828,0.011434,0.644583,0.012724,0.009664,0.026401,0.029367
AATAGTCGCGAGTCGG-1,0.025872,0.000678,0.284427,0.000046,0.584497,0.036832,0.067648
AATATCAAGGTCGGAT-1,0.00005,0.00005,0.809961,0.099255,0.00591,0.084723,0.00005
AATATCCTAGCAAACT-1,0.000046,0.000046,0.999629,0.000046,0.000139,0.000046,0.000046
AATATCGAATCAATGC-1,0.083784,0.000045,0.906597,0.009337,0.000134,0.000057,0.000045
AATATCGAGGGTTCTC-1,0.109536,0.00005,0.758155,0.00005,0.128981,0.001419,0.001808
AATATTGGAGTATTGA-1,0.000054,0.000054,0.270742,0.001831,0.406277,0.318789,0.002252
AATCAGACTGCAGGAC-1,0.000027,0.124632,0.368133,0.000027,0.424018,0.083137,0.000027
AATCAGGTTTCATTTA-1,0.031144,0.081444,0.261798,0.002379,0.507631,0.049877,0.065727
AATCATGTAAAGACTC-1,0.010851,0.000027,0.57146,0.000027,0.144626,0.112836,0.160174
AATCCAAGGGCCTGAG-1,0.025216,0.314425,0.554679,0.000046,0.034711,0.070878,0.000046
AATCCATGCAAGGGTG-1,0.107871,0.002349,0.370461,0.007805,0.093135,0.382003,0.036376
AATCGCCTCAGCGCCA-1,0.266416,0.072453,0.160991,0.000056,0.231187,0.125142,0.143756
AATCGCGCAGAGGACT-1,0.595599,0.000123,0.403542,0.000123,0.000368,0.000123,0.000123
AATCGGGACACTACGA-1,0.118487,0.031351,0.287879,0.000093,0.501729,0.058958,0.001504
AATCGGTATAGCCCTC-1,0.010418,0.000041,0.918543,0.000041,0.000124,0.038055,0.032778
AATCGTGAGCCGAGCA-1,0.000024,0.001179,0.326428,0.000024,0.487876,0.020563,0.163906
AATCTAGGTTTACTTG-1,0.000045,0.000045,0.536055,0.001026,0.355565,0.009362,0.097903
AATCTATGCCGGAGCC-1,0.053619,0.000057,0.744876,0.000057,0.199411,0.001848,0.000132
AATCTCTACTGTGGTT-1,0.00016,0.00016,0.524226,0.00016,0.21224,0.262892,0.00016
AATCTGCGTTGGGACG-1,0.067381,0.000047,0.862832,0.000047,0.0696,0.000047,0.000047
AATCTGGCTTTCTAGT-1,0.000057,0.000057,0.759237,0.000057,0.239893,0.00064,0.000057
AATCTGGGTAGACCCT-1,0.020059,0.046022,0.14612,0.000029,0.633621,0.122147,0.032001
AATGACAGCAATGTCT-1,0.000034,0.002911,0.141022,0.000034,0.725232,0.112803,0.017964
AATGACGTAGGATGTC-1,0.014219,0.00004,0.840503,0.00004,0.14385,0.00004,0.001309
AATGACTGTCAGCCGG-1,0.000044,0.059017,0.580185,0.000044,0.033522,0.301578,0.025611
AATGAGTTCGCATATG-1,0.145253,0.000095,0.619333,0.000095,0.01288,0.222249,0.000095
AATGATGATACGCTAT-1,0.994673,0.000592,0.001184,0.000592,0.001776,0.000592,0.000592
AATGATGCGACTCCTG-1,0.469855,0.00014,0.455141,0.00014,0.000421,0.074161,0.00014
AATGCAACCGGGTACC-1,0.025618,0.030424,0.505979,0.000035,0.1759,0.145324,0.11672
AATGCACCAAGCAATG-1,0.942556,0.053502,0.000985,0.000493,0.001478,0.000493,0.000493
AATGGCCGCCAATGCG-1,0.000037,0.000037,0.992117,0.000037,0.000867,0.006869,0.000037
AATGGTCCACCGTTCA-1,0.041135,0.000103,0.055264,0.00717,0.76799,0.069158,0.05918
AATGGTTCTCACAAGC-1,0.059168,0.038124,0.694541,0.000049,0.121054,0.006827,0.080237
AATGTATGGCACTGTA-1,0.027827,0.000035,0.523776,0.000035,0.404042,0.032367,0.011917
AATGTGCCCGAGGTGT-1,0.003048,0.004507,0.633741,0.000036,0.150422,0.095754,0.112492
AATGTGCTAATCTGAG-1,0.007669,0.021391,0.528474,0.000038,0.058049,0.257623,0.126758
AATGTTGTCGTGAGAC-1,0.000023,0.02571,0.528284,0.000023,0.435789,0.006295,0.003876
AATTAAAGGTCGGCGT-1,0.000059,0.000059,0.786568,0.000059,0.048343,0.046677,0.118235
AATTAACGGATTTCCA-1,0.00003,0.00003,0.49784,0.005559,0.311898,0.095324,0.089317
AATTACGAGACCCATC-1,0.000058,0.000058,0.890893,0.000058,0.107711,0.001162,0.000058
AATTACTCGTACGCTC-1,0.091702,0.107981,0.12783,0.000047,0.523608,0.12579,0.023041
AATTAGCGCTGCAGCG-1,0.177478,0.064837,0.293583,0.003456,0.289981,0.11808,0.052586
AATTCATAAGGGATCT-1,0.899225,0.000461,0.097548,0.000461,0.001383,0.000461,0.000461
AATTCATTGTCATGCA-1,0.011186,0.00004,0.624669,0.00004,0.336105,0.021597,0.006363
AATTCCAACTTGGTGA-1,0.000027,0.021407,0.353575,0.000027,0.37466,0.121689,0.128615
AATTCCAAGCATGTAC-1,0.053106,0.000043,0.797689,0.000043,0.044877,0.02299,0.081252
AATTCGATTCGAGGAT-1,0.000026,0.030245,0.15615,0.000026,0.714366,0.042258,0.056929
AATTCTAGAGTTAGGC-1,0.050415,0.000054,0.543234,0.000881,0.057576,0.144046,0.203794
AATTGAACGCTCTGGT-1,0.026467,0.016441,0.833018,0.000043,0.082696,0.017109,0.024227
AATTGCAGCAATCGAC-1,0.19511,0.000027,0.212169,0.000027,0.000082,0.120001,0.472582
AATTGCGTGGATTACA-1,0.000047,0.014369,0.692346,0.000047,0.292669,0.000047,0.000476
AATTGTGGTTGCCAAA-1,0.000025,0.000025,0.9998,0.000025,0.000075,0.000025,0.000025
AATTTGGGACATAGTA-1,0.004258,0.000045,0.481697,0.003202,0.160614,0.177671,0.172513
AATTTGGTTCCAAAGA-1,0.000046,0.000046,0.713959,0.000046,0.102193,0.178434,0.005278
ACAAACCATGCGTCCT-1,0.016192,0.000023,0.441386,0.000023,0.40792,0.02227,0.112185
ACAAACCGACAAGGCG-1,0.000017,0.060538,0.252222,0.000017,0.582505,0.097577,0.007123
ACAAAGAAGGTAGGCC-1,0.000048,0.000048,0.777392,0.000048,0.111012,0.091671,0.01978
ACAAAGCATGACCTAG-1,0.024843,0.011096,0.479617,0.000027,0.219645,0.157143,0.107629
ACAAATCGCACCGAAT-1,0.000906,0.000326,0.770797,0.017029,0.159975,0.012832,0.038136
ACAAATGGTAGTGTTT-1,0.00003,0.038746,0.723523,0.00003,0.209386,0.012808,0.015475
ACAAATTCAGATCTGA-1,0.054066,0.017065,0.386662,0.000031,0.173047,0.186683,0.182445
ACAACAGCATGAGCTA-1,0.35223,0.211083,0.000333,0.435519,0.0005,0.000167,0.000167
ACAACGGTCCCTGCGA-1,0.234737,0.035199,0.340183,0.000052,0.170863,0.128091,0.090876
ACAAGCAGTGCCTAGC-1,0.000034,0.047228,0.294976,0.000034,0.578138,0.078498,0.001091
ACAAGCTATATGGAAG-1,0.0282,0.000041,0.135335,0.000041,0.427904,0.215181,0.193297
ACAAGGAAATCCGCCC-1,0.150909,0.008283,0.401146,0.000044,0.051608,0.06516,0.32285
ACAAGGACAAGAGGTT-1,0.014032,0.028646,0.277502,0.000047,0.343842,0.180694,0.155238
ACAAGGATGCTTTAGG-1,0.004144,0.075152,0.295845,0.000028,0.255585,0.097197,0.272049
ACAAGGCCTACCAGCC-1,0.000027,0.012337,0.478499,0.000027,0.465279,0.016434,0.027397
ACAAGGGCAGGCTCTG-1,0.070978,0.000037,0.74471,0.000037,0.080387,0.05027,0.05358
ACAATAGTCGTACGTT-1,0.031178,0.000048,0.507588,0.000048,0.263275,0.188885,0.008978
ACAATCCATTTAAACC-1,0.001417,0.007564,0.286239,0.000039,0.476481,0.225354,0.002907
ACAATCGATCTTTATA-1,0.008729,0.005543,0.219614,0.000028,0.535649,0.218313,0.012124
ACAATGAATACGGAGA-1,0.000019,0.055375,0.493938,0.000623,0.191073,0.031017,0.227954
ACAATGATTCTTCTAC-1,0.000046,0.000046,0.946239,0.000046,0.035544,0.006657,0.011423
ACAATTGTGTCTCTTT-1,0.000042,0.000042,0.698762,0.000042,0.020911,0.043734,0.236467
ACAATTTAGGAGGCTC-1,0.00004,0.009171,0.219004,0.00004,0.680922,0.088698,0.002126
ACAATTTGAGCAGTGG-1,0.990719,0.001031,0.002062,0.001031,0.003094,0.001031,0.001031
ACAATTTGGCCATATT-1,0.282568,0.000047,0.610376,0.000047,0.052264,0.026018,0.028679
ACACAAAGACGGGTGG-1,0.031798,0.00336,0.347042,0.000035,0.589851,0.019939,0.007976
ACACAAATATTCCTAG-1,0.10922,0.082797,0.423098,0.000039,0.236562,0.064412,0.083873
ACACACCAGGACCAGT-1,0.162532,0.000032,0.772923,0.000032,0.049015,0.006315,0.00915
ACACACTTTCTACACG-1,0.000031,0.007173,0.274421,0.005671,0.603786,0.05535,0.053568
ACACATGATCAAATCT-1,0.00003,0.003466,0.60827,0.00003,0.163553,0.041404,0.183247
ACACATTGACGCAACA-1,0.000025,0.01216,0.149356,0.00538,0.724639,0.092038,0.016401
ACACATTTCCGTAGAC-1,0.000021,0.004716,0.480331,0.000021,0.27659,0.149655,0.088665
ACACCACATAATTAGC-1,0.332362,0.000151,0.666582,0.000151,0.000453,0.000151,0.000151
ACACCCAGCATGCAGC-1,0.015271,0.002632,0.103221,0.000033,0.736005,0.026578,0.116259
ACACCCGAGAAATCCG-1,0.278121,0.000063,0.447602,0.000063,0.000189,0.158767,0.115195
ACACCCGTAAATCTGT-1,0.02752,0.00003,0.968652,0.00003,0.002388,0.001351,0.00003
ACACCGAGCGCTCTTT-1,0.000046,0.000046,0.559103,0.000046,0.22561,0.177252,0.037895
ACACCGGTCTGACCGC-1,0.001541,0.029692,0.241539,0.000022,0.564169,0.028533,0.134505
ACACCTTAAGTAGGGC-1,0.004619,0.047628,0.317136,0.000051,0.329302,0.04697,0.254294
ACACCTTACTACTTGC-1,0.195606,0.319912,0.381848,0.000037,0.063977,0.029764,0.008856
ACACGAGACTCCTTCT-1,0.194368,0.00007,0.300781,0.00226,0.262477,0.039766,0.200278
ACACGGCACTATGCAT-1,0.011875,0.014908,0.000584,0.00109,0.827312,0.073898,0.070332
ACACGGGAACTTAGGG-1,0.997554,0.000272,0.000544,0.000272,0.000815,0.000272,0.000272
ACACGTAGGCCACAAG-1,0.042435,0.011296,0.347646,0.000023,0.321111,0.032314,0.245175
ACACTCCAATGTCACT-1,0.035905,0.000056,0.287113,0.000056,0.587956,0.031934,0.056981
ACACTGATCAAGGTGT-1,0.033333,0.000051,0.785781,0.016109,0.000153,0.041339,0.123235
ACACTGGGACAGTCGT-1,0.000028,0.005585,0.589446,0.000028,0.373793,0.020718,0.010401
ACAGAACTGAGAACAA-1,0.05969,0.003541,0.246608,0.00003,0.226936,0.029796,0.433399
ACAGATTAGGTTAGTG-1,0.071747,0.034714,0.016972,0.000028,0.857797,0.002459,0.016284
ACAGCATAGAGCCAGT-1,0.000051,0.00335,0.608289,0.000051,0.103683,0.124941,0.159634
ACAGCGACATTCTCAT-1,0.000032,0.014246,0.50163,0.000032,0.42548,0.034284,0.024297
ACAGCGCACCCGCAGC-1,0.020289,0.041276,0.281938,0.004651,0.496,0.122865,0.032981
ACAGGAGGCGCAGCCG-1,0.00044,0.049732,0.234495,0.00003,0.57453,0.123333,0.017439
ACAGGCACGGATCCTT-1,0.073926,0.000594,0.085422,0.000016,0.793743,0.003402,0.042897
ACAGGCTTGCCCGACT-1,0.201733,0.000063,0.797824,0.000063,0.00019,0.000063,0.000063
ACAGGTGGAGGTGAGG-1,0.000043,0.044905,0.478026,0.000043,0.43952,0.01382,0.023644
ACAGGTGTGTTGTTGC-1,0.000041,0.000041,0.317312,0.657419,0.025106,0.000041,0.000041
ACAGTAATACAACTTG-1,0.000064,0.000064,0.782168,0.000064,0.181191,0.03008,0.006369
ACAGTATACCGTGGGA-1,0.711199,0.000926,0.001852,0.000926,0.002779,0.000926,0.281391
ACAGTGCAGCGCATTT-1,0.30092,0.052989,0.515013,0.000087,0.00026,0.070442,0.060289
ACATAAGTCGTGGTGA-1,0.000034,0.010433,0.738988,0.002207,0.239867,0.008437,0.000034
ACATAATAAGGCGGTG-1,0.030131,0.058634,0.650915,0.000047,0.129883,0.105499,0.024892
ACATCAGCTGGGACGC-1,0.000115,0.000115,0.157892,0.000115,0.575715,0.086512,0.179536
ACATCCCGGCCATACG-1,0.360278,0.00005,0.367353,0.00005,0.217995,0.042191,0.012084
ACATCCTGGTAACTGT-1,0.023576,0.000038,0.558032,0.000038,0.14638,0.169809,0.102127
ACATCGATCGTTTACC-1,0.291249,0.013843,0.294713,0.000054,0.388243,0.000097,0.011801
ACATCGGTCAGCCGCG-1,0.067679,0.00006,0.448959,0.00006,0.000179,0.336428,0.146636
ACATCGTATGCAATGG-1,0.000034,0.018366,0.491515,0.000819,0.457037,0.021181,0.011048
ACATCGTTAACCTAGT-1,0.000039,0.011704,0.506733,0.000039,0.276571,0.172382,0.032532
ACATCTCAACGCGTAA-1,0.000029,0.023882,0.666735,0.000029,0.173801,0.11912,0.016403
ACATGGCGCCAAAGTA-1,0.028475,0.000023,0.39363,0.000023,0.543462,0.020576,0.013811
ACATGGCTCAATTTAG-1,0.190106,0.00008,0.526178,0.00008,0.000239,0.283095,0.000222
ACATTAGTTTATATCC-1,0.114382,0.003406,0.189223,0.001129,0.250076,0.105064,0.336721
ACATTCGCGCGGAATA-1,0.017236,0.00002,0.603545,0.00002,0.341064,0.01858,0.019536
ACATTTGAAACCTAAC-1,0.000115,0.000021,0.909119,0.000021,0.000068,0.05139,0.039267
ACCAAACACCCAGCGA-1,0.992798,0.0008,0.001601,0.0008,0.002401,0.0008,0.0008
ACCAAACTAGAAATCC-1,0.000026,0.000026,0.749973,0.000026,0.164586,0.077916,0.007446
ACCAACACCACACACT-1,0.832763,0.000603,0.001205,0.000603,0.128508,0.000603,0.035716
ACCAACCGCACTCCAC-1,0.072764,0.00003,0.763997,0.00003,0.07755,0.019566,0.066064
ACCAACGCTTATTTAT-1,0.000038,0.000044,0.278619,0.000038,0.522589,0.003734,0.194939
ACCAAGAACGCGTGTC-1,0.025543,0.000038,0.539274,0.000038,0.134492,0.264367,0.03625
ACCAAGTCATCGGCAG-1,0.000032,0.000032,0.93353,0.000032,0.026378,0.037203,0.002794
ACCAATATGCAAGTTA-1,0.000021,0.003142,0.507451,0.000021,0.419367,0.019171,0.050827
ACCACAACTCAGAACA-1,0.033978,0.963584,0.000018,0.000009,0.002393,0.000009,0.000009
ACCACAAGTTTCTATC-1,0.000015,0.038661,0.004686,0.000015,0.951391,0.005215,0.000016
ACCACCAATGTAACAA-1,0.061923,0.001444,0.620386,0.00003,0.22199,0.051052,0.043175
ACCACCCTCTCTTCTA-1,0.146503,0.000116,0.852682,0.000116,0.000349,0.000116,0.000116
ACCACGTGCAGCTATA-1,0.024661,0.074234,0.057349,0.000025,0.725232,0.012613,0.105885
ACCACTGTTCAAGAAG-1,0.058825,0.072877,0.098263,0.003033,0.534242,0.113271,0.119489
ACCAGACCATAACAAC-1,0.040692,0.006846,0.088513,0.000023,0.814786,0.02608,0.023061
ACCAGCCCGGTCTTTG-1,0.000028,0.022085,0.345448,0.001248,0.476153,0.135946,0.019093
ACCAGGAGTGTGATCT-1,0.000031,0.008749,0.248843,0.015284,0.572113,0.135302,0.019677
ACCAGTGCCCGGTCAA-1,0.00004,0.03043,0.625602,0.001197,0.296409,0.016767,0.029556
ACCAGTGCGGGAGACG-1,0.000025,0.086392,0.2386,0.000025,0.589286,0.06566,0.020013
ACCATATCCGCAATAA-1,0.000034,0.029498,0.27172,0.000034,0.639572,0.022146,0.036996
ACCATCCGCCAACTAG-1,0.000073,0.000073,0.641651,0.000073,0.200549,0.098177,0.059403
ACCATCGTATATGGTA-1,0.035973,0.007776,0.226559,0.000045,0.660226,0.020076,0.049344
ACCATTAAGGGTGTCA-1,0.019669,0.004563,0.083429,0.000038,0.878071,0.006767,0.007464
ACCCAACGCCCGTGGC-1,0.995963,0.000449,0.000897,0.000449,0.001346,0.000449,0.000449
ACCCACCTACATGCTC-1,0.02423,0.046382,0.054822,0.01492,0.763116,0.090346,0.006185
ACCCATCTTGAGGGTA-1,0.043508,0.033291,0.36182,0.002404,0.316851,0.192903,0.049223
ACCCATTTGTCCCTCT-1,0.019412,0.008045,0.749709,0.000031,0.126961,0.008818,0.087023
ACCCGAGCGAAATTAC-1,0.004093,0.017621,0.775885,0.000028,0.117548,0.047022,0.037803
ACCCGATTGGTTCCGA-1,0.000023,0.015517,0.221429,0.316378,0.364238,0.023592,0.058823
ACCCGGAAACTCCCAG-1,0.000021,0.009923,0.176926,0.000021,0.509573,0.16488,0.138656
ACCCGGAGCACCACAA-1,0.053025,0.000023,0.580501,0.000023,0.332286,0.019841,0.014301
ACCCGGATGACGCATC-1,0.045937,0.000035,0.708459,0.000035,0.207955,0.012708,0.024871
ACCCGGTTACACTTCC-1,0.000033,0.09708,0.172788,0.000033,0.618144,0.03238,0.079542
ACCCGTAGCAGAGAAT-1,0.000055,0.000055,0.956007,0.000055,0.02748,0.016294,0.000055
ACCCGTAGTCTAGTTG-1,0.04996,0.000025,0.808772,0.000025,0.117592,0.003719,0.019909
ACCCGTGTCATCAGTA-1,0.097482,0.014068,0.179808,0.000027,0.669077,0.0088,0.030739
ACCCTATAGGACTGAG-1,0.467825,0.000219,0.227623,0.303239,0.000657,0.000219,0.000219
ACCCTATGCCATATCG-1,0.03351,0.018693,0.673553,0.007018,0.157302,0.019317,0.090608
ACCCTCCCGTCAGGGC-1,0.06032,0.055103,0.875675,0.000042,0.000126,0.008692,0.000042
ACCCTCCCTTGCTATT-1,0.030968,0.000041,0.594067,0.000041,0.137624,0.036417,0.200842
ACCCTGGTAACGCCCT-1,0.940153,0.000457,0.05665,0.000457,0.00137,0.000457,0.000457
ACCCTTCATCTGCGAA-1,0.000033,0.017082,0.31545,0.000033,0.519932,0.080424,0.067047
ACCCTTGCCTGGGTCG-1,0.791595,0.000431,0.205387,0.000431,0.001293,0.000431,0.000431
ACCCTTTAGTTCTCCA-1,0.008554,0.027769,0.539015,0.000038,0.185624,0.18056,0.05844
ACCGAAAGGGCCCTGC-1,0.020469,0.02175,0.332455,0.001919,0.161293,0.33811,0.124003
ACCGAAGAGTCTGGTT-1,0.011638,0.031236,0.552257,0.021735,0.360972,0.015758,0.006405
ACCGACACATCTCCCA-1,0.000024,0.000024,0.652634,0.000024,0.338913,0.004709,0.003673
ACCGACTGAGTCCCAC-1,0.001042,0.001257,0.123451,0.003488,0.669369,0.078013,0.123379
ACCGAGTCTCCTTATT-1,0.000022,0.005226,0.403639,0.000022,0.108193,0.244944,0.237954
ACCGATAGGCATAACC-1,0.000032,0.000032,0.797922,0.000032,0.172134,0.002384,0.027465
ACCGATATTTAATCAT-1,0.000964,0.000025,0.574856,0.000025,0.383459,0.007417,0.033253
ACCGATGGTAGCATCG-1,0.134398,0.000093,0.864952,0.000093,0.000278,0.000093,0.000093
ACCGCAATAACTGCCT-1,0.113679,0.024948,0.598778,0.000031,0.195984,0.037002,0.029579
ACCGCGGTGGAAGTCG-1,0.054359,0.047561,0.299319,0.000027,0.370646,0.059597,0.168492
ACCGGGCCTTTGTTGA-1,0.000045,0.000045,0.91648,0.000045,0.03351,0.049831,0.000045
ACCGGTCAGGTACACC-1,0.077531,0.056356,0.830432,0.000058,0.0186,0.016787,0.000237
ACCGGTCTGAGTACGG-1,0.007374,0.000929,0.31668,0.000033,0.487229,0.095668,0.092088
ACCGTCCACTGGGCCC-1,0.110446,0.000038,0.504372,0.013371,0.346099,0.003775,0.0219
ACCGTGACCACGTGGG-1,0.000012,0.211855,0.030861,0.000012,0.708199,0.010225,0.038834
ACCGTTCCCGCTCTGA-1,0.000015,0.003438,0.00003,0.000015,0.965375,0.017714,0.013413
ACCTAAGTACCTTTCA-1,0.149429,0.000053,0.409942,0.000053,0.000159,0.135849,0.304515
ACCTAATCGACTTCCT-1,0.000041,0.05582,0.307107,0.00924,0.54678,0.08097,0.000041
ACCTACAGTATGTGGT-1,0.999524,0.000053,0.000106,0.000053,0.000159,0.000053,0.000053
ACCTACTATAAATCTA-1,0.016138,0.297424,0.17977,0.007664,0.325053,0.07335,0.100601
ACCTCCGCCCTCGCTG-1,0.000029,0.008204,0.149859,0.000029,0.371678,0.063751,0.40645
ACCTCCGTTATTCACC-1,0.063419,0.000034,0.829201,0.000945,0.087053,0.001252,0.018097
ACCTCGAACTTATGCT-1,0.00575,0.198548,0.663919,0.00003,0.108006,0.008397,0.015351
ACCTGCGTGTCATGTT-1,0.018178,0.000036,0.577243,0.000036,0.253775,0.099181,0.05155
ACCTTTCCTTTAGAAG-1,0.000022,0.057776,0.355421,0.000022,0.49414,0.08836,0.004259
ACGAAATGGGCGGCAC-1,0.003175,0.121725,0.288261,0.000033,0.505507,0.079093,0.002205
ACGACCCATGAGTTGC-1,0.027277,0.000028,0.775116,0.000028,0.065895,0.010921,0.120735
ACGACTCTAGGGCCGA-1,0.032004,0.000026,0.833217,0.000026,0.039001,0.05019,0.045537
ACGACTGGTCATACTC-1,0.000025,0.003901,0.560545,0.000025,0.356861,0.016612,0.06203
ACGAGAACCCATCACG-1,0.194057,0.056772,0.32124,0.00004,0.333295,0.080734,0.013863
ACGAGATATTTGCTTA-1,0.031006,0.037844,0.274185,0.000026,0.415123,0.233337,0.00848
ACGAGGATACCACTCT-1,0.015602,0.00006,0.299944,0.00006,0.000181,0.05622,0.627933
ACGAGGTTTACAACGT-1,0.000036,0.032628,0.6988,0.238965,0.011233,0.010241,0.008097
ACGAGTACGGATGCCC-1,0.075314,0.000071,0.924188,0.000071,0.000214,0.000071,0.000071
ACGAGTCGCCGGCGTT-1,0.032056,0.006869,0.226978,0.000039,0.505132,0.168686,0.060241
ACGATACATAGAACTA-1,0.391268,0.011539,0.382938,0.000064,0.201188,0.000064,0.012939
ACGATACCTATCCTGA-1,0.000047,0.093784,0.599531,0.005346,0.086469,0.155744,0.059078
ACGATCATACATAGAG-1,0.048262,0.017458,0.05273,0.278465,0.029283,0.236864,0.336938
ACGATCATCTTGTAAA-1,0.041763,0.000029,0.600974,0.000029,0.285235,0.022038,0.049931
ACGATGCATATGTTAT-1,0.032235,0.000084,0.725707,0.003164,0.194819,0.043907,0.000084
ACGATGGATCCGATGC-1,0.012997,0.000049,0.629035,0.000049,0.119924,0.234755,0.003191
ACGCAAACTAATAGAT-1,0.000032,0.000032,0.60576,0.000032,0.178106,0.027231,0.188808
ACGCAATCACTACAGC-1,0.122184,0.000086,0.877188,0.000086,0.000259,0.000086,0.00011
ACGCATAAATGACATG-1,0.000042,0.0244,0.777251,0.008229,0.12335,0.00742,0.059307
ACGCATACGTTTACTA-1,0.027992,0.000037,0.567343,0.000037,0.306,0.029258,0.069333
ACGCATTCGTGAGTAC-1,0.110706,0.011463,0.06051,0.00004,0.738142,0.001278,0.077861
ACGCCAGATGATTTCT-1,0.184173,0.044032,0.329244,0.000067,0.14094,0.298779,0.002766
ACGCCAGTGCGTTTGC-1,0.076876,0.000034,0.857633,0.000034,0.027328,0.012789,0.025306
ACGCCCAGCTGTCGAT-1,0.000033,0.015739,0.479949,0.000482,0.201214,0.137225,0.165359
ACGCCGCTAGACGACC-1,0.02114,0.038587,0.523938,0.001019,0.195999,0.164696,0.054621
ACGCCTGACACGCGCT-1,0.000025,0.079524,0.407365,0.000025,0.351642,0.148546,0.012873
ACGCGAAGTCAGACGA-1,0.006067,0.025646,0.320397,0.00187,0.437988,0.086313,0.12172
ACGCGCTACACAGGGT-1,0.03958,0.124831,0.234572,0.013841,0.367636,0.174416,0.045124
ACGCGGGCCAAGGACA-1,0.047236,0.000048,0.512133,0.000048,0.001452,0.271455,0.167629
ACGCGTTTCTTAAGAG-1,0.000063,0.000063,0.309898,0.000063,0.195088,0.172864,0.321962
ACGCTACTGAATGGGC-1,0.000023,0.013265,0.598821,0.000023,0.356373,0.006524,0.024971
ACGCTAGTATCAGTGC-1,0.008279,0.008327,0.618554,0.00003,0.347198,0.008,0.009612
ACGCTAGTGATACACT-1,0.286835,0.000192,0.711821,0.000192,0.000576,0.000192,0.000192
ACGCTGTGAGGCGTAG-1,0.000088,0.035734,0.00804,0.009218,0.87324,0.033727,0.039954
ACGCTTAGTGTCTCTC-1,0.025333,0.005587,0.779901,0.000038,0.058168,0.087987,0.042986
ACGGAACACGAGTGCC-1,0.025485,0.000023,0.773567,0.000023,0.119324,0.024318,0.057259
ACGGAATTTAGCAAAT-1,0.000025,0.033657,0.245905,0.000025,0.6531,0.060826,0.006463
ACGGACTCTCAAAGCG-1,0.00003,0.033595,0.51366,0.000756,0.269767,0.059977,0.122216
ACGGAGCGCAAATTAC-1,0.992435,0.000841,0.001681,0.000841,0.002522,0.000841,0.000841
ACGGATGGTGCGGATA-1,0.000031,0.004545,0.434575,0.013334,0.251154,0.063885,0.232477
ACGGCACTTGCTTGGG-1,0.314225,0.000072,0.663413,0.000072,0.000217,0.021927,0.000072
ACGGCCAACATGGACT-1,0.016887,0.047324,0.035392,0.003856,0.870786,0.002551,0.023203
ACGGCGACGATGGGAA-1,0.093881,0.032649,0.70832,0.0191,0.125803,0.009234,0.011013
ACGGCGGGTTGCCCTG-1,0.173018,0.000062,0.397114,0.018739,0.057351,0.350586,0.003131
ACGGCTGGATGTAGAA-1,0.000052,0.000052,0.999583,0.000052,0.000156,0.000052,0.000052
ACGGGAGTGTCGGCCC-1,0.000042,0.000042,0.582064,0.000042,0.320658,0.074956,0.022197
ACGGGCGTATGCGACA-1,0.175518,0.000064,0.824031,0.000064,0.000193,0.000064,0.000064
ACGGGTCATGTGACTT-1,0.013588,0.073048,0.573483,0.000054,0.270613,0.037306,0.031909
ACGGGTTGTGACCTGT-1,0.001101,0.155621,0.522192,0.000053,0.000159,0.145166,0.175708
ACGGTACAGTTCAATG-1,0.037366,0.000024,0.842918,0.000024,0.001897,0.036113,0.081659
ACGGTCACCGAGAACA-1,0.006243,0.000026,0.946013,0.007916,0.000079,0.006189,0.033534
ACGTACAGATTTCTCT-1,0.000042,0.025017,0.648335,0.000042,0.304642,0.01382,0.008102
ACGTACTTTGGCACGG-1,0.01171,0.011718,0.361575,0.000023,0.310688,0.037281,0.267005
ACGTAGATTGCTGATG-1,0.037834,0.000058,0.897657,0.000058,0.032083,0.030345,0.001965
ACGTAGGAGAGTCGCT-1,0.000024,0.000024,0.521695,0.000024,0.017987,0.063481,0.396764
ACGTATTACTCCGATC-1,0.011611,0.001798,0.644385,0.010173,0.324367,0.006163,0.001503
ACGTCCTAAACGAGAT-1,0.00003,0.049347,0.405091,0.00003,0.268225,0.272909,0.004369
ACGTCGGGCAACTCGG-1,0.000062,0.000062,0.81637,0.000062,0.000186,0.03125,0.152008
ACGTCTCGTTCCGGGA-1,0.000078,0.000078,0.983126,0.016273,0.000233,0.000135,0.000078
