Barcode,Topic 1,Topic 2to5,Topic 6,Topic 7,Topic 8to9
AAACAACGAATAGTTC-1,0.005667,0.800563,0.021378,0.028547,0.143846
AAACAAGTATCTCCCA-1,0.000064,0.842979,0.000064,0.016925,0.139969
AAACAATCTACTAGCA-1,0.000077,0.776504,0.075892,0.012232,0.135296
AAACACCAATAACTGC-1,0.998066,0.000967,0.000242,0.000242,0.000483
AAACAGAGCGACTCCT-1,0.000075,0.461475,0.166192,0.000301,0.371957
AAACAGCTTTCAGAAG-1,0.765592,0.233344,0.000266,0.000266,0.000532
AAACAGGGTCTATATT-1,0.571489,0.425506,0.000751,0.000751,0.001503
AAACAGTGTTCCTGGG-1,0.71731,0.153391,0.128187,0.000371,0.000741
AAACATGGTGAGAGGA-1,0.947651,0.026174,0.006541,0.006545,0.013089
AAACATTTCCCGGATT-1,0.000088,0.999561,0.000088,0.000088,0.000176
AAACCACTACACAGAT-1,0.000074,0.805922,0.082833,0.014641,0.096531
AAACCCGAACGAAATC-1,0.000027,0.603006,0.005601,0.065517,0.325849
AAACCGGAAATGTTAA-1,0.000039,0.780302,0.009431,0.06422,0.146009
AAACCGGGTAGGTACC-1,0.730412,0.266365,0.000806,0.000806,0.001611
AAACCGTTCGTCCAGG-1,0.995086,0.002457,0.000614,0.000614,0.001229
AAACCTAAGCAGCCGG-1,0.848192,0.000969,0.110849,0.039506,0.000484
AAACCTCATGAAGTTG-1,0.961015,0.038201,0.000196,0.000196,0.000392
AAACGAAGAACATACC-1,0.000045,0.747372,0.065975,0.031534,0.155074
AAACGAAGATGGAGTA-1,0.422187,0.000611,0.012921,0.000153,0.564129
AAACGACAGTCTTGCC-1,0.000084,0.848635,0.15103,0.000084,0.000167
AAACGAGACGGTTGAT-1,0.000059,0.393185,0.046605,0.295484,0.264666
AAACGCCCGAGATCGG-1,0.000085,0.63407,0.000085,0.331594,0.034167
AAACGCTGGGCACGAC-1,0.009539,0.921153,0.024796,0.023498,0.021013
AAACGGGCGTACGGGT-1,0.895259,0.001426,0.102247,0.000356,0.000713
AAACGGGTTGGTATCC-1,0.014338,0.493883,0.053841,0.051815,0.386123
AAACGGTTGCGAACTG-1,0.708183,0.288707,0.000778,0.000778,0.001555
AAACGTGTTCGCCCTA-1,0.013795,0.748707,0.217936,0.009325,0.010236
AAACTAACGTGGCGAC-1,0.000116,0.651787,0.087851,0.139886,0.12036
AAACTCGGTTCGCAAT-1,0.780244,0.21575,0.001002,0.001002,0.002003
AAACTCGTGATATAAG-1,0.017187,0.591319,0.355247,0.031006,0.005241
AAACTGCTGGCTCCAA-1,0.088689,0.81125,0.045142,0.011041,0.043878
AAACTTAATTGCACGC-1,0.476054,0.310003,0.000092,0.000092,0.213759
AAACTTGCAAACGTAT-1,0.547588,0.054868,0.024579,0.000263,0.372702
AAAGAATGACCTTAGA-1,0.474651,0.000349,0.000087,0.000087,0.524825
AAAGAATGTGGACTAA-1,0.451085,0.385355,0.163111,0.00015,0.000299
AAAGACATGAAGTTTA-1,0.053675,0.513551,0.222023,0.008167,0.202584
AAAGACCCAAGTCGCG-1,0.000064,0.636481,0.022909,0.043032,0.297515
AAAGACTGGGCGCTTT-1,0.33469,0.323921,0.064961,0.275934,0.000495
AAAGCTTGCCTACATA-1,0.026881,0.550158,0.09973,0.096524,0.226708
AAAGGCCCTATAATAC-1,0.481513,0.303167,0.000428,0.000428,0.214466
AAAGGCTACGGACCAT-1,0.774978,0.223228,0.000448,0.000448,0.000897
AAAGGCTCTCGCGCCG-1,0.990734,0.004633,0.001158,0.001158,0.002317
AAAGGGATGTAGCAAG-1,0.101246,0.101584,0.203787,0.18916,0.404223
AAAGGGCAGCTTGAAT-1,0.000033,0.089711,0.00652,0.001455,0.90228
AAAGGTAAGCTGTACC-1,0.059731,0.73294,0.180803,0.000089,0.026436
AAAGGTCAACGACATG-1,0.000076,0.722357,0.025631,0.00746,0.244475
AAAGTAGCATTGCTCA-1,0.925053,0.073701,0.000311,0.000311,0.000623
AAAGTCACTGATGTAA-1,0.07993,0.697182,0.143942,0.001575,0.077372
AAAGTCGACCCTCAGT-1,0.702847,0.295841,0.000328,0.000328,0.000656
AAAGTGCCATCAATTA-1,0.000036,0.978896,0.007235,0.013524,0.00031
AAAGTGTGATTTATCT-1,0.000096,0.814631,0.039638,0.034383,0.111252
AAAGTTGACTCCCGTA-1,0.056631,0.586102,0.215087,0.041913,0.100266
AAATAACCATACGGGA-1,0.000064,0.220661,0.510974,0.015872,0.252428
AAATAAGGTAGTGCCC-1,0.013226,0.446945,0.124819,0.13687,0.27814
AAATACCTATAAGCAT-1,0.22298,0.639296,0.092087,0.025921,0.019716
AAATAGCTTAGACTTT-1,0.000085,0.85064,0.055069,0.009763,0.084442
AAATAGGGTGCTATTG-1,0.076489,0.505706,0.000104,0.371,0.046701
AAATCACTCCTAAACG-1,0.009551,0.836768,0.09619,0.039949,0.017541
AAATCCGATACACGCC-1,0.849617,0.14951,0.000218,0.000218,0.000437
AAATCGCGGAAGGAGT-1,0.431306,0.116523,0.00024,0.195902,0.256029
AAATCGTGTACCACAA-1,0.078408,0.660607,0.077991,0.072749,0.110245
AAATCTAGCCCTGCTA-1,0.004738,0.21336,0.14068,0.024683,0.61654
AAATCTGCCCGCGTCC-1,0.542951,0.000797,0.000199,0.000199,0.455853
AAATGACTGATCAAAC-1,0.698399,0.000357,0.130476,0.000089,0.170679
AAATGATTCGATCAGC-1,0.025288,0.316908,0.09379,0.043913,0.520101
AAATGCTCGTTACGTT-1,0.000112,0.787392,0.000112,0.011547,0.200837
AAATGGCATGTCTTGT-1,0.000068,0.460074,0.327263,0.045654,0.166941
AAATGGCCCGTGCCCT-1,0.611138,0.385639,0.000806,0.000806,0.001611
AAATGGTCAATGTGCC-1,0.000073,0.439629,0.040639,0.12029,0.399369
AAATGTATCTTATCCC-1,0.013898,0.93051,0.013897,0.013898,0.027796
AAATGTGGGTGCTCCT-1,0.000069,0.822115,0.050352,0.000069,0.127395
AAATTAACGGGTAGCT-1,0.452911,0.474068,0.055558,0.017326,0.000136
AAATTAATAAGCGCGA-1,0.791454,0.091781,0.115582,0.000394,0.000789
AAATTACACGACTCTG-1,0.000076,0.51709,0.27728,0.022394,0.18316
AAATTACCTATCGATG-1,0.046494,0.764615,0.145074,0.013186,0.030632
AAATTCCAGGTCCAAA-1,0.007632,0.854495,0.113092,0.00591,0.018871
AAATTGATAGTCCTTT-1,0.691699,0.003026,0.000756,0.000756,0.303762
AAATTGCGGCGGTTCT-1,0.000041,0.268519,0.000041,0.011084,0.720314
AAATTGGTGAGAAGCA-1,0.000064,0.64924,0.24621,0.011179,0.093307
AAATTTACCGAAATCC-1,0.018027,0.636785,0.189712,0.012491,0.142985
AAATTTGCGGGTGTGG-1,0.99564,0.00218,0.000545,0.000545,0.00109
AACAACTGGTAGTTGC-1,0.000095,0.854869,0.000095,0.084287,0.060654
AACAATACATTGTCGA-1,0.998374,0.000813,0.000203,0.000203,0.000407
AACAATTACTCTACGC-1,0.082112,0.7047,0.030315,0.029339,0.153533
AACACACGCTCGCCGC-1,0.000072,0.846831,0.000072,0.049818,0.103207
AACACGACTGTACTGA-1,0.000053,0.690819,0.054246,0.104777,0.150105
AACACGAGACGCGGCC-1,0.844838,0.154208,0.000239,0.000239,0.000477
AACACGCGGCCGCGAA-1,0.010321,0.67511,0.155952,0.063825,0.094792
AACAGCTGTGTGGCAA-1,0.730241,0.267774,0.000496,0.000496,0.000993
AACAGGAAATCGAATA-1,0.027865,0.455845,0.157077,0.022764,0.336448
AACAGGATGGGCCGCG-1,0.000098,0.506757,0.449935,0.016115,0.027096
AACAGGTAGTATGGAT-1,0.000046,0.629785,0.017187,0.033711,0.319271
AACATAGCGTGTATCG-1,0.998713,0.000644,0.000161,0.000161,0.000322
AACATATCAACTGGTG-1,0.227727,0.283862,0.376552,0.030603,0.081256
AACATCGATACGTCTA-1,0.000057,0.390846,0.028081,0.143802,0.437214
AACATTGAAGTTGATC-1,0.578366,0.123901,0.105036,0.000424,0.192273
AACATTGGTCAGCCGT-1,0.000068,0.472764,0.000068,0.147542,0.379558
AACATTGTGACTCGAG-1,0.998075,0.000963,0.000241,0.000241,0.000481
AACCAAGACTTCTCTG-1,0.815946,0.182816,0.00031,0.00031,0.000619
AACCAGTATCACTCTT-1,0.083046,0.238016,0.218253,0.010022,0.450664
AACCATAGGGTTGAAC-1,0.476115,0.344832,0.035016,0.00616,0.137878
AACCATGGGATCGCTA-1,0.000112,0.758619,0.045219,0.142428,0.053622
AACCCAGAGACGGAGA-1,0.004372,0.901394,0.010189,0.03846,0.045585
AACCCATCCCATGATC-1,0.829823,0.167964,0.000553,0.000553,0.001106
AACCCGACAACCCGTG-1,0.997167,0.001417,0.000354,0.000354,0.000708
AACCCGAGCAGAATCG-1,0.03606,0.455432,0.044151,0.063588,0.400768
AACCCGATAGGGCTTC-1,0.000042,0.563018,0.005568,0.082088,0.349283
AACCCGCTGTATTCCA-1,0.998658,0.000671,0.000168,0.000168,0.000335
AACCCTACTGTCAATA-1,0.000081,0.876649,0.006293,0.012638,0.104339
AACCCTGGTGGAACCA-1,0.00777,0.577634,0.099025,0.055598,0.259973
AACCGAGCTTGGTCAT-1,0.034287,0.229605,0.032546,0.362182,0.341379
AACCGCTAAGGGATGC-1,0.226481,0.494808,0.254224,0.020165,0.004323
AACCGTTGTGTTTGCT-1,0.000049,0.482719,0.009004,0.049297,0.458932
AACCTAAAGCCGTCCG-1,0.000193,0.326456,0.091982,0.000193,0.581175
AACCTCGCTTTAGCCC-1,0.998696,0.000652,0.000163,0.000163,0.000326
AACCTGTCACGGAATT-1,0.000056,0.707868,0.00504,0.058009,0.229027
AACCTTTAAATACGGT-1,0.095648,0.765508,0.062132,0.030962,0.04575
AACCTTTACGACGTCT-1,0.000057,0.404167,0.000057,0.0414,0.55432
AACGAAAGTCGTCCCA-1,0.539975,0.288699,0.000245,0.000245,0.170837
AACGACCTCCTAGCCG-1,0.038945,0.840046,0.014615,0.049599,0.056796
AACGATAATGCCGTAG-1,0.063809,0.691969,0.000073,0.020045,0.224103
AACGATAGAAGGGCCG-1,0.000059,0.819319,0.085362,0.018133,0.077126
AACGATATGTCAACTG-1,0.446719,0.00013,0.188412,0.008709,0.356029
AACGCATGATCTGGGT-1,0.000096,0.788172,0.118905,0.047034,0.045792
AACGCGAACGGCAACA-1,0.000118,0.995131,0.004397,0.000118,0.000236
AACGCGACCTTGGGCG-1,0.776043,0.002965,0.000741,0.218768,0.001482
AACGCGGTCTCCAGCC-1,0.000067,0.617041,0.215853,0.050221,0.116818
AACGCTGTTGCTGAAA-1,0.000074,0.838886,0.000074,0.055166,0.105801
AACGGACGTACGTATA-1,0.000063,0.688662,0.020631,0.013096,0.277548
AACGGCCATCTCCGGT-1,0.992587,0.003707,0.000927,0.000927,0.001853
AACGTACTGTGGGTAC-1,0.657137,0.335451,0.001853,0.001853,0.003706
AACGTAGTCTACCCAT-1,0.0001,0.673522,0.020077,0.175634,0.130667
AACGTCAGACTAGTGG-1,0.01395,0.790604,0.000085,0.04989,0.145472
AACGTCATCCGGCTTG-1,0.89092,0.004118,0.00103,0.101873,0.002059
AACGTCGCTGCACTTC-1,0.793246,0.206039,0.000179,0.000179,0.000358
AACGTGATGAAGGACA-1,0.000086,0.523651,0.235766,0.000088,0.240409
AACGTGCGAAAGTCTC-1,0.000066,0.494008,0.280405,0.070484,0.155036
AACGTTATCAGCACCT-1,0.008096,0.850632,0.000121,0.003736,0.137415
AACGTTCTACCATTGT-1,0.172796,0.490953,0.006003,0.000045,0.330203
AACTACCCGTTTGTCA-1,0.009572,0.612862,0.032643,0.107756,0.237167
AACTAGCGTATCGCAC-1,0.000062,0.554462,0.000062,0.174734,0.270678
AACTAGGCTTGGGTGT-1,0.55865,0.438946,0.000601,0.000601,0.001202
AACTCAAGTTAATTGC-1,0.023031,0.81045,0.069181,0.008035,0.089304
AACTCCAGAGCGTGTT-1,0.005831,0.765544,0.191661,0.000103,0.036861
AACTCCTAATCCCATG-1,0.000058,0.622319,0.018717,0.027591,0.331315
AACTCGATAAACACGT-1,0.000099,0.617123,0.185076,0.053315,0.144386
AACTCGATGGCGCAGT-1,0.000153,0.999237,0.000153,0.000153,0.000305
AACTCTCAATAGAGCG-1,0.017652,0.631754,0.259542,0.076902,0.01415
AACTCTCAGTGTGCTC-1,0.167228,0.001368,0.000342,0.000342,0.830719
AACTGAGGTCAGCGTC-1,0.000078,0.289914,0.089219,0.01278,0.60801
AACTGAGTTATACTGA-1,0.011406,0.605336,0.012974,0.10935,0.260934
AACTGATATTAGGCCT-1,0.000063,0.502316,0.105243,0.087672,0.304706
AACTGGGTCCCGACGT-1,0.000049,0.65373,0.04111,0.20755,0.09756
AACTGGGTTCGAGCCG-1,0.040094,0.650087,0.099505,0.012945,0.197369
AACTGGTGTGGGCCTT-1,0.000092,0.88131,0.067182,0.02356,0.027857
AACTTCTGCGTCTATC-1,0.000099,0.871495,0.000099,0.06912,0.059187
AACTTGCCCGTATGCA-1,0.000094,0.512169,0.000094,0.000094,0.487548
AACTTGCGTTCTCGCG-1,0.000164,0.766588,0.008169,0.000165,0.224914
AACTTTACGGGAGCTT-1,0.998584,0.000708,0.000177,0.000177,0.000354
AACTTTAGCTGCTGAG-1,0.000075,0.42305,0.147032,0.044878,0.384966
AACTTTCTCGATCATG-1,0.011017,0.718779,0.080271,0.081951,0.107982
AAGAAAGTTTGATGGG-1,0.387704,0.13049,0.00011,0.00011,0.481586
AAGAAATCACCAGATT-1,0.000055,0.63567,0.288461,0.003857,0.071956
AAGAAGGATCAGTTAG-1,0.000099,0.947706,0.014422,0.030947,0.006826
AAGACATACGTGGTTT-1,0.11563,0.774526,0.030241,0.030912,0.048691
AAGACCAAATAACTCA-1,0.72422,0.171116,0.00012,0.00012,0.104423
AAGACCCAACTGAACA-1,0.815626,0.002663,0.000666,0.179713,0.001332
AAGACTAACCCGTTGT-1,0.010561,0.575077,0.054716,0.055851,0.303795
AAGACTCACGCCCACT-1,0.008538,0.634284,0.018573,0.013915,0.324691
AAGACTGCAAGCTACT-1,0.049644,0.436336,0.010747,0.3146,0.188673
AAGAGATGAATCGGTA-1,0.00008,0.557538,0.002685,0.00008,0.439616
AAGAGCTCTTTATCGG-1,0.000071,0.527454,0.3609,0.009799,0.101775
AAGAGGATGTACGCGA-1,0.566982,0.430575,0.000611,0.000611,0.001222
AAGAGGCATGGATCGC-1,0.015098,0.036787,0.049928,0.128948,0.769238
AAGAGGCCCTTTGGAA-1,0.000028,0.446179,0.000028,0.013854,0.539911
AAGATGGCACCGGACC-1,0.839502,0.158013,0.000621,0.000621,0.001242
AAGATTGGCGGAACGT-1,0.600808,0.275519,0.095677,0.014446,0.013549
AAGCACCCTGCGTATC-1,0.785015,0.001449,0.10763,0.000362,0.105544
AAGCATACTCTCCTGA-1,0.048216,0.951429,0.000089,0.000089,0.000177
AAGCCACTTGCAGGTA-1,0.467245,0.243729,0.03386,0.000099,0.255067
AAGCCGAAGCGGTTTA-1,0.073067,0.788239,0.013385,0.077039,0.04827
AAGCCGCCGTGAAATC-1,0.344411,0.413666,0.000479,0.000479,0.240965
AAGCCGCTTTACCTTG-1,0.000085,0.71922,0.151334,0.004102,0.12526
AAGCCGGAGAGCAGGA-1,0.000053,0.894919,0.072426,0.032008,0.000594
AAGCGCAGGGCTTTGA-1,0.807663,0.001528,0.189662,0.000382,0.000764
AAGCGGAGTGCGCGCA-1,0.000059,0.870505,0.012793,0.000097,0.116546
AAGCGGCGTCATGGGT-1,0.022312,0.388897,0.026815,0.011727,0.55025
AAGCGTCCCTCATCGA-1,0.452144,0.001101,0.000275,0.000275,0.546204
AAGCTAGATCGAGTAA-1,0.071237,0.915597,0.012925,0.00008,0.00016
AAGCTATGGATTGACC-1,0.848008,0.006178,0.001544,0.001544,0.142726
AAGCTCGTGCCAAGTC-1,0.00009,0.661664,0.066659,0.107077,0.16451
AAGCTCTTTCATGGTG-1,0.176316,0.667781,0.051975,0.021421,0.082507
AAGGAGAACTTATAAG-1,0.000034,0.4299,0.37359,0.014571,0.181905
AAGGAGCGGTTGGTGC-1,0.023058,0.673981,0.143162,0.159655,0.000145
AAGGATCGATCGCTTG-1,0.03798,0.708813,0.036718,0.020699,0.19579
AAGGATGAGGGACCTC-1,0.062581,0.033481,0.313509,0.004349,0.58608
AAGGCAGGCTGTCTCC-1,0.02259,0.591506,0.044354,0.0197,0.32185
AAGGCGCGTAAAGCTT-1,0.084624,0.848989,0.000062,0.058322,0.008003
AAGGCTGTGCTCATCG-1,0.001272,0.62904,0.089089,0.139084,0.141515
AAGGGAACGACTGGCT-1,0.378329,0.619794,0.000469,0.000469,0.000938
AAGGGACAGATTCTGT-1,0.047674,0.636867,0.124498,0.110355,0.080605
AAGGGACTATGCATTC-1,0.745769,0.250462,0.000942,0.000942,0.001885
AAGGGTTAGCCATGCG-1,0.805787,0.139771,0.000142,0.054016,0.000284
AAGGGTTTGATTTCAG-1,0.319239,0.015885,0.003971,0.003971,0.656934
AAGGTATCCTAATATA-1,0.013123,0.113711,0.000053,0.538571,0.334542
AAGGTGATAAACCAGC-1,0.00005,0.652155,0.019504,0.036066,0.292226
AAGTAAGCTTCCAAAC-1,0.000086,0.842754,0.093457,0.003825,0.059879
AAGTAGAAGACCGGGT-1,0.028338,0.597758,0.077575,0.061301,0.235029
AAGTAGTGACGCGAGG-1,0.000117,0.845781,0.000117,0.00506,0.148925
AAGTCAATTGTCGTCA-1,0.019255,0.57054,0.011299,0.143638,0.255268
AAGTCTAGTAGCTGCC-1,0.000055,0.679419,0.145025,0.027712,0.14779
AAGTCTTCTGTGGCCT-1,0.731079,0.009266,0.002316,0.252706,0.004633
AAGTGACGACCGAATT-1,0.563237,0.062181,0.203278,0.000439,0.170865
AAGTGAGTCGGGTTTA-1,0.836697,0.160886,0.000604,0.000604,0.001209
AAGTGCAAAGGTAGAC-1,0.64946,0.349931,0.000152,0.000152,0.000304
AAGTGCCTTGACTGTA-1,0.000057,0.552761,0.0281,0.030436,0.388646
AAGTGCGTTAGAATCT-1,0.632886,0.362754,0.00109,0.00109,0.00218
AAGTGCTTCTCTATTG-1,0.86051,0.13722,0.000567,0.000567,0.001135
AAGTGTTTGGAGACGG-1,0.085545,0.343105,0.000148,0.000148,0.571054
AAGTTCACTCCAAGCT-1,0.140118,0.818673,0.028907,0.000144,0.012159
AAGTTCAGTCTGCGTA-1,0.000104,0.566224,0.19126,0.039807,0.202606
AAGTTCGGCCAACAGG-1,0.582182,0.001492,0.019599,0.000373,0.396354
AAGTTGTGATGTTATA-1,0.000039,0.381174,0.000039,0.015978,0.602771
AAGTTTACTAATGGCA-1,0.000067,0.630156,0.009202,0.066397,0.294178
AAGTTTATGGGCCCAA-1,0.99503,0.002485,0.000621,0.000621,0.001242
AATAACAACGCTCGGC-1,0.35625,0.561541,0.081852,0.000119,0.000238
AATAACACTAGAACAA-1,0.590792,0.406778,0.000608,0.000608,0.001215
AATAACGTCGCGCCCA-1,0.897648,0.016085,0.070862,0.010412,0.004993
AATAAGTCCTCGAGAC-1,0.000078,0.458391,0.394082,0.000078,0.147372
AATAATCTTCGTATCG-1,0.009724,0.921136,0.036721,0.007414,0.025005
AATACAATGTTTCAGG-1,0.000113,0.89169,0.000113,0.106353,0.001732
AATACCGGAGGGCTGT-1,0.998286,0.000857,0.000214,0.000214,0.000428
AATACCTGATGTGAAC-1,0.570353,0.000304,0.000076,0.000076,0.429192
AATAGAACAGAGTGGC-1,0.990636,0.004682,0.00117,0.00117,0.002341
AATAGAATCTGTTTCA-1,0.000081,0.985121,0.011524,0.000081,0.003192
AATAGCAAGCCTCCTG-1,0.006561,0.326614,0.051763,0.591825,0.023236
AATAGCTACCGCGTGC-1,0.000065,0.301688,0.026494,0.1366,0.535153
AATAGGCACGACCCTT-1,0.33963,0.000634,0.005235,0.000159,0.654341
AATAGTCCGTCCCGAC-1,0.817131,0.180984,0.000471,0.000471,0.000942
AATAGTCGCGAGTCGG-1,0.702314,0.297033,0.000163,0.000163,0.000327
AATATCAAGGTCGGAT-1,0.000079,0.610403,0.039959,0.019797,0.329762
AATATCCTAGCAAACT-1,0.557747,0.017107,0.412315,0.004277,0.008554
AATATCGAATCAATGC-1,0.000072,0.828776,0.170598,0.000072,0.000483
AATATCGAGGGTTCTC-1,0.109926,0.475514,0.149764,0.083654,0.181143
AATATTGGAGTATTGA-1,0.776384,0.222172,0.000361,0.000361,0.000722
AATCAGACTGCAGGAC-1,0.000054,0.576352,0.005654,0.013835,0.404105
AATCAGGTTTCATTTA-1,0.851929,0.146327,0.000436,0.000436,0.000872
AATCATGTAAAGACTC-1,0.002949,0.667707,0.0927,0.083802,0.152842
AATCCAAGGGCCTGAG-1,0.000059,0.615941,0.154534,0.147648,0.081817
AATCCATGCAAGGGTG-1,0.000086,0.721248,0.000086,0.150274,0.128307
AATCCCGCTCAGAGCC-1,0.99911,0.000445,0.000111,0.000111,0.000222
AATCGAGGTCTCAAGG-1,0.937795,0.000803,0.000201,0.0608,0.000401
AATCGCCTCAGCGCCA-1,0.006467,0.131451,0.174852,0.235629,0.451601
AATCGCGCAGAGGACT-1,0.01682,0.524483,0.159261,0.014627,0.284809
AATCGGGACACTACGA-1,0.000053,0.497402,0.023822,0.019459,0.459264
AATCGGTATAGCCCTC-1,0.31341,0.370601,0.071745,0.028833,0.215411
AATCGTGAGCCGAGCA-1,0.964461,0.032688,0.000713,0.000713,0.001425
AATCTAGGTTTACTTG-1,0.992398,0.003801,0.00095,0.00095,0.001901
AATCTATGCCGGAGCC-1,0.000051,0.209299,0.095475,0.117718,0.577457
AATCTCTACTGTGGTT-1,0.484522,0.000384,0.000096,0.000096,0.514902
AATCTGCGTTGGGACG-1,0.032817,0.67586,0.085074,0.119898,0.08635
AATCTGGCTTTCTAGT-1,0.864185,0.13052,0.001324,0.001324,0.002647
AATCTGGGTAGACCCT-1,0.000092,0.467467,0.409273,0.002476,0.120691
AATGACAGCAATGTCT-1,0.440565,0.257277,0.000993,0.000993,0.300173
AATGACGTAGGATGTC-1,0.067714,0.454116,0.013831,0.232726,0.231612
AATGACTGTCAGCCGG-1,0.01587,0.812246,0.00006,0.010935,0.16089
AATGAGTTCGCATATG-1,0.000146,0.880428,0.000146,0.000146,0.119135
AATGATGATACGCTAT-1,0.089277,0.49228,0.214606,0.019337,0.184499
AATGATGCGACTCCTG-1,0.355517,0.122121,0.036322,0.030012,0.456028
AATGCAACCGGGTACC-1,0.023773,0.465477,0.10592,0.019129,0.385701
AATGCACCAAGCAATG-1,0.088328,0.745753,0.118212,0.04467,0.003037
AATGGCCGCCAATGCG-1,0.022835,0.743145,0.006734,0.030816,0.196471
AATGGTCCACCGTTCA-1,0.376596,0.356838,0.000314,0.000314,0.265938
AATGGTTCTCACAAGC-1,0.000073,0.808064,0.004761,0.002747,0.184355
AATGTATGGCACTGTA-1,0.438575,0.240857,0.000143,0.000143,0.320282
AATGTGCCCGAGGTGT-1,0.49696,0.130683,0.000783,0.000783,0.370791
AATGTGCTAATCTGAG-1,0.881294,0.11776,0.000237,0.000237,0.000473
AATGTTAAGACCCTGA-1,0.998923,0.000538,0.000135,0.000135,0.000269
AATGTTGTCGTGAGAC-1,0.000094,0.860604,0.000094,0.000095,0.139113
AATTAAAGGTCGGCGT-1,0.000092,0.699392,0.000092,0.000252,0.300173
AATTAACGGATTTCCA-1,0.634785,0.361599,0.000904,0.000904,0.001808
AATTACGAGACCCATC-1,0.475636,0.000439,0.00011,0.00011,0.523705
AATTACTCGTACGCTC-1,0.00011,0.735473,0.172937,0.00011,0.091369
AATTAGCGCTGCAGCG-1,0.114958,0.803128,0.005016,0.04032,0.036578
AATTATACCCAGCAAG-1,0.791671,0.207534,0.000199,0.000199,0.000398
AATTCATAAGGGATCT-1,0.035898,0.648071,0.12554,0.000075,0.190416
AATTCATTGTCATGCA-1,0.516337,0.171164,0.000156,0.000156,0.312188
AATTCCAACTTGGTGA-1,0.000136,0.571114,0.068413,0.000136,0.360201
AATTCCAAGCATGTAC-1,0.710813,0.000842,0.000211,0.000211,0.287923
AATTCGATTCGAGGAT-1,0.820841,0.175601,0.00089,0.00089,0.001779
AATTCTAGAGTTAGGC-1,0.116626,0.816886,0.000847,0.004567,0.061074
AATTGAACGCTCTGGT-1,0.00009,0.943742,0.046897,0.000095,0.009176
AATTGCAGCAATCGAC-1,0.00007,0.881359,0.001362,0.057615,0.059593
AATTGCGTGGATTACA-1,0.429648,0.51881,0.000135,0.000135,0.051273
AATTGTGGTTGCCAAA-1,0.000059,0.999705,0.000059,0.000059,0.000118
AATTTGGGACATAGTA-1,0.007982,0.522264,0.05154,0.038629,0.379585
AATTTGGTTCCAAAGA-1,0.000049,0.651816,0.004447,0.055665,0.288022
ACAAACCATGCGTCCT-1,0.418807,0.57971,0.000371,0.000371,0.000741
ACAAACCGACAAGGCG-1,0.000099,0.24325,0.076847,0.456792,0.223012
ACAAACTCCATCAGAG-1,0.538865,0.000278,0.112069,0.000069,0.348718
ACAAAGAAGGTAGGCC-1,0.50494,0.002128,0.000532,0.000532,0.491868
ACAAAGCATGACCTAG-1,0.000055,0.751125,0.000055,0.016515,0.232249
ACAAATCGCACCGAAT-1,0.027873,0.554436,0.189968,0.024284,0.203439
ACAAATGGTAGTGTTT-1,0.054144,0.022286,0.025496,0.404448,0.493626
ACAAATTCAGATCTGA-1,0.010094,0.516154,0.275376,0.000116,0.198259
ACAACAGCATGAGCTA-1,0.005505,0.222225,0.03569,0.097406,0.639174
ACAACGGTCCCTGCGA-1,0.000078,0.867228,0.000078,0.008659,0.123956
ACAAGCAGTGCCTAGC-1,0.024649,0.916068,0.000167,0.024879,0.034236
ACAAGCTATATGGAAG-1,0.145085,0.82315,0.007941,0.007941,0.015883
ACAAGGAAATCCGCCC-1,0.070084,0.408323,0.059107,0.000533,0.461953
ACAAGGACAAGAGGTT-1,0.046373,0.921289,0.031933,0.000135,0.00027
ACAAGGATGCTTTAGG-1,0.247125,0.752398,0.000119,0.000119,0.000238
ACAAGGCCTACCAGCC-1,0.000107,0.586486,0.070609,0.122679,0.220119
ACAAGGGCAGGCTCTG-1,0.060628,0.567446,0.117101,0.055255,0.199569
ACAAGTAATTGTAAGG-1,0.181328,0.000357,0.000089,0.000089,0.818137
ACAATAGTCGTACGTT-1,0.637667,0.360321,0.000503,0.000503,0.001006
ACAATCCATTTAAACC-1,0.031207,0.676406,0.178028,0.009983,0.104376
ACAATCGATCTTTATA-1,0.000066,0.733852,0.039139,0.00529,0.221653
ACAATGAATACGGAGA-1,0.59771,0.149173,0.000967,0.000967,0.251183
ACAATGATTCTTCTAC-1,0.000126,0.712288,0.095672,0.04889,0.143024
ACAATTGTGTCTCTTT-1,0.000078,0.948134,0.002052,0.027407,0.022329
ACAATTTAGGAGGCTC-1,0.540218,0.001849,0.174665,0.000147,0.28312
ACAATTTGAGCAGTGG-1,0.027545,0.291519,0.192225,0.009344,0.479367
ACAATTTGGCCATATT-1,0.085166,0.638926,0.19891,0.002527,0.074471
ACACAAAGACGGGTGG-1,0.089953,0.44225,0.209344,0.195001,0.063452
ACACAAATATTCCTAG-1,0.000055,0.689375,0.030587,0.033013,0.24697
ACACACCAGGACCAGT-1,0.01221,0.009469,0.103442,0.011017,0.863862
ACACACTTTCTACACG-1,0.000071,0.677221,0.085393,0.0486,0.188715
ACACATGATCAAATCT-1,0.912275,0.08639,0.000334,0.000334,0.000668
ACACATTGACGCAACA-1,0.000147,0.999267,0.000147,0.000147,0.000293
ACACATTTCCGTAGAC-1,0.807104,0.191528,0.000342,0.000342,0.000684
ACACCACATAATTAGC-1,0.001683,0.55848,0.204766,0.140291,0.094779
ACACCCAGCATGCAGC-1,0.000046,0.54852,0.000046,0.167497,0.283892
ACACCCGAGAAATCCG-1,0.033814,0.837507,0.033475,0.003171,0.092034
ACACCCGTAAATCTGT-1,0.026459,0.476795,0.056319,0.385589,0.054837
ACACCGAGCGCTCTTT-1,0.087824,0.522777,0.057555,0.008224,0.323619
ACACCGGTCTGACCGC-1,0.234092,0.764572,0.000334,0.000334,0.000668
ACACCTTAAGTAGGGC-1,0.009436,0.35163,0.567097,0.000321,0.071517
ACACCTTACTACTTGC-1,0.000064,0.674939,0.073751,0.05956,0.191687
ACACGAGACTCCTTCT-1,0.013037,0.592198,0.141554,0.193955,0.059255
ACACGGCACTATGCAT-1,0.000048,0.38253,0.040641,0.035812,0.540969
ACACGGGAACTTAGGG-1,0.00008,0.597448,0.183779,0.046604,0.172088
ACACGTAGGCCACAAG-1,0.000071,0.968112,0.000071,0.02535,0.006397
ACACTCCAATGTCACT-1,0.000094,0.623544,0.206715,0.059795,0.109852
ACACTGATCAAGGTGT-1,0.566882,0.004318,0.001079,0.425562,0.002159
ACACTGGGACAGTCGT-1,0.024018,0.219226,0.000544,0.114565,0.641646
ACAGAACTGAGAACAA-1,0.300411,0.698906,0.000157,0.000157,0.000369
ACAGATTAGGTTAGTG-1,0.000084,0.611495,0.056165,0.051943,0.280313
ACAGCATAGAGCCAGT-1,0.011272,0.624514,0.137968,0.031116,0.19513
ACAGCGACATTCTCAT-1,0.000092,0.946078,0.000092,0.000092,0.053647
ACAGCGCACCCGCAGC-1,0.023888,0.294292,0.45895,0.000145,0.222725
ACAGGAGGCGCAGCCG-1,0.030958,0.000175,0.113296,0.000044,0.855527
ACAGGCACGGATCCTT-1,0.997892,0.001054,0.000264,0.000263,0.000527
ACAGGCTTGCCCGACT-1,0.000102,0.415356,0.177763,0.168815,0.237963
ACAGGTGGAGGTGAGG-1,0.762081,0.002031,0.000508,0.000508,0.234873
ACAGGTGTGTTGTTGC-1,0.851734,0.074126,0.018534,0.018539,0.037066
ACAGTAATACAACTTG-1,0.655135,0.342973,0.000473,0.000473,0.000946
ACAGTATACCGTGGGA-1,0.000085,0.701071,0.032762,0.044685,0.221397
ACAGTGCAGCGCATTT-1,0.037702,0.572519,0.173531,0.11637,0.099878
ACATAAGTCGTGGTGA-1,0.378626,0.410095,0.000278,0.000278,0.210723
ACATAATAAGGCGGTG-1,0.002079,0.352971,0.062828,0.037084,0.545038
ACATACAATCAAGCGG-1,0.997399,0.0013,0.000325,0.000325,0.00065
ACATCAGCTGGGACGC-1,0.647068,0.350528,0.000601,0.000601,0.001202
ACATCCCGGCCATACG-1,0.575175,0.164478,0.118602,0.000608,0.141137
ACATCCTGGTAACTGT-1,0.007968,0.569184,0.044292,0.026004,0.352551
ACATCGATCGTTTACC-1,0.109119,0.35011,0.404573,0.070013,0.066186
ACATCGCAATATTCGG-1,0.367443,0.000523,0.000131,0.000131,0.631772
ACATCGGTCAGCCGCG-1,0.817038,0.101046,0.081139,0.000259,0.000517
ACATCGTATGCAATGG-1,0.004917,0.592389,0.154044,0.034723,0.213927
ACATCGTTAACCTAGT-1,0.000076,0.505651,0.126269,0.030337,0.337668
ACATCTCAACGCGTAA-1,0.000065,0.442798,0.20739,0.001821,0.347926
ACATGCTTACGGCAGC-1,0.370783,0.231877,0.055664,0.000093,0.341583
ACATGGCGCCAAAGTA-1,0.000048,0.591974,0.126152,0.016438,0.265388
ACATGGCTCAATTTAG-1,0.030653,0.888053,0.014707,0.00019,0.066397
ACATTAGTTTATATCC-1,0.147712,0.724861,0.087078,0.000105,0.040245
ACATTCGCGCGGAATA-1,0.532576,0.275146,0.000117,0.000117,0.192044
ACATTTGAAACCTAAC-1,0.684882,0.314218,0.000225,0.000225,0.00045
ACCAAACACCCAGCGA-1,0.110037,0.603721,0.083685,0.063834,0.138724
ACCAAACTAGAAATCC-1,0.000041,0.255083,0.082954,0.039813,0.62211
ACCAACACCACACACT-1,0.021107,0.518717,0.158414,0.041379,0.260383
ACCAACCGCACTCCAC-1,0.181851,0.660753,0.157131,0.000088,0.000177
ACCAACGCTTATTTAT-1,0.470221,0.001994,0.000499,0.000499,0.526788
ACCAAGAACGCGTGTC-1,0.000057,0.793449,0.022809,0.024869,0.158817
ACCAAGTCATCGGCAG-1,0.831649,0.167746,0.000151,0.000151,0.000303
ACCAATATGCAAGTTA-1,0.096836,0.885934,0.004828,0.000103,0.012298
ACCACAACTCAGAACA-1,0.000082,0.672405,0.044816,0.125178,0.157519
ACCACAAGTTTCTATC-1,0.00004,0.535929,0.018343,0.008847,0.436841
ACCACACGGTTGATGG-1,0.881797,0.00041,0.084679,0.000102,0.033012
ACCACCAATGTAACAA-1,0.000051,0.572406,0.158726,0.026314,0.242503
ACCACCCTCTCTTCTA-1,0.01002,0.561469,0.083078,0.188436,0.156997
ACCACGTGCAGCTATA-1,0.132047,0.372446,0.170434,0.139222,0.185851
ACCACTGTTCAAGAAG-1,0.042389,0.122393,0.093546,0.149276,0.592396
ACCAGACCATAACAAC-1,0.862579,0.003089,0.000772,0.000772,0.132788
ACCAGCCCGGTCTTTG-1,0.000089,0.673928,0.257895,0.032026,0.036061
ACCAGGAGTGTGATCT-1,0.037532,0.725143,0.010435,0.004669,0.222222
ACCAGTGCCCGGTCAA-1,0.000084,0.626074,0.072384,0.022527,0.278932
ACCAGTGCGGGAGACG-1,0.000086,0.678295,0.000086,0.021938,0.299597
ACCATATCCGCAATAA-1,0.028454,0.661957,0.020456,0.06597,0.223162
ACCATCCGCCAACTAG-1,0.577535,0.050168,0.164963,0.145837,0.061496
ACCATCGTATATGGTA-1,0.759118,0.129811,0.023458,0.000278,0.087336
ACCATTAAGGGTGTCA-1,0.026299,0.516458,0.103929,0.043364,0.309949
ACCCAACGCCCGTGGC-1,0.030111,0.345476,0.259339,0.037121,0.327954
ACCCACCTACATGCTC-1,0.000086,0.515035,0.000086,0.094888,0.389907
ACCCATCTTGAGGGTA-1,0.019502,0.72951,0.000082,0.000082,0.250824
ACCCATTTGTCCCTCT-1,0.000082,0.963388,0.034506,0.00186,0.000164
ACCCGAGCGAAATTAC-1,0.998406,0.000797,0.000199,0.000199,0.000399
ACCCGATTGGTTCCGA-1,0.851186,0.147571,0.000311,0.000311,0.000621
ACCCGGAAACTCCCAG-1,0.46171,0.039681,0.131475,0.000166,0.366969
ACCCGGAGCACCACAA-1,0.00003,0.587159,0.108182,0.122854,0.181775
ACCCGGATGACGCATC-1,0.0251,0.391561,0.012095,0.056753,0.514491
ACCCGGTTACACTTCC-1,0.090611,0.683056,0.021675,0.001936,0.202722
ACCCGTAGCAGAGAAT-1,0.256034,0.03845,0.000048,0.000048,0.705421
ACCCGTAGTCTAGTTG-1,0.000052,0.86139,0.000052,0.003744,0.134762
ACCCGTGTCATCAGTA-1,0.676944,0.001544,0.000386,0.000386,0.32074
ACCCTATAGGACTGAG-1,0.000176,0.83097,0.059263,0.038193,0.071398
ACCCTATGCCATATCG-1,0.87105,0.126715,0.000559,0.000559,0.001117
ACCCTCCCGTCAGGGC-1,0.846103,0.085888,0.06738,0.00021,0.00042
ACCCTCCCTTGCTATT-1,0.000102,0.739294,0.043631,0.118983,0.09799
ACCCTGGTAACGCCCT-1,0.013059,0.512368,0.148776,0.08856,0.237237
ACCCTTCATCTGCGAA-1,0.00005,0.671025,0.003626,0.035581,0.289718
ACCCTTGCCTGGGTCG-1,0.000054,0.695071,0.042935,0.099981,0.16196
ACCCTTTAGTTCTCCA-1,0.000102,0.58656,0.028553,0.014233,0.370552
ACCGAAAGGGCCCTGC-1,0.071713,0.683934,0.050735,0.00007,0.193548
ACCGAAGAGTCTGGTT-1,0.997892,0.001054,0.000263,0.000263,0.000527
ACCGACACATCTCCCA-1,0.810186,0.002159,0.186036,0.00054,0.001079
ACCGACTGAGTCCCAC-1,0.000075,0.60174,0.021902,0.006489,0.369794
ACCGAGTCTCCTTATT-1,0.82192,0.176481,0.0004,0.0004,0.0008
ACCGATAGGCATAACC-1,0.00005,0.999261,0.00005,0.000538,0.000101
ACCGATATTTAATCAT-1,0.032798,0.532086,0.005295,0.142234,0.287587
ACCGATGGTAGCATCG-1,0.095032,0.513285,0.171583,0.016725,0.203375
ACCGCAATAACTGCCT-1,0.130702,0.490367,0.031829,0.000092,0.347009
ACCGCGGTGGAAGTCG-1,0.000077,0.846675,0.095519,0.000524,0.057205
ACCGCTAGTCATTGGT-1,0.412709,0.203948,0.000129,0.000129,0.383085
ACCGGGCCTTTGTTGA-1,0.0015,0.185334,0.00245,0.170862,0.639854
ACCGGTCAGGTACACC-1,0.853907,0.144292,0.00045,0.00045,0.0009
ACCGGTCTGAGTACGG-1,0.032911,0.459379,0.313545,0.04116,0.153006
ACCGTCCACTGGGCCC-1,0.361231,0.364155,0.000138,0.000138,0.274338
ACCGTGACCACGTGGG-1,0.996132,0.001934,0.000483,0.000483,0.000967
ACCGTTCCCGCTCTGA-1,0.000079,0.749794,0.080543,0.101574,0.068011
ACCTAAGTACCTTTCA-1,0.995058,0.002471,0.000618,0.000618,0.001235
ACCTAATCGACTTCCT-1,0.000128,0.99936,0.000128,0.000128,0.000256
ACCTACAGTATGTGGT-1,0.231689,0.316374,0.246818,0.204948,0.00017
ACCTACTATAAATCTA-1,0.879027,0.119524,0.000362,0.000362,0.000724
ACCTCAGCGAGGCGCA-1,0.993779,0.00311,0.000778,0.000778,0.001555
ACCTCCGCCCTCGCTG-1,0.006066,0.795328,0.185759,0.006206,0.006641
ACCTCCGTTATTCACC-1,0.000034,0.154444,0.02063,0.00135,0.823543
ACCTCGAACTTATGCT-1,0.417084,0.426666,0.000179,0.000179,0.155892
ACCTGCGTGTCATGTT-1,0.944858,0.054117,0.000256,0.000256,0.000512
ACCTTTCCTTTAGAAG-1,0.000064,0.483658,0.419257,0.009326,0.087695
ACGAAATGGGCGGCAC-1,0.053249,0.74667,0.106297,0.03494,0.058845
ACGACCCATGAGTTGC-1,0.070868,0.716845,0.043961,0.029565,0.138761
ACGACTCTAGGGCCGA-1,0.980853,0.000758,0.017821,0.000189,0.000379
ACGACTGGTCATACTC-1,0.953121,0.045773,0.000277,0.000277,0.000553
ACGAGAACCCATCACG-1,0.000088,0.422448,0.570628,0.006142,0.000694
ACGAGATATTTGCTTA-1,0.000093,0.442349,0.003216,0.242718,0.311624
ACGAGGATACCACTCT-1,0.451353,0.538058,0.002647,0.002647,0.005295
ACGAGGTTTACAACGT-1,0.788719,0.209364,0.000479,0.000479,0.000958
ACGAGTACGGATGCCC-1,0.546886,0.095139,0.331498,0.02635,0.000126
ACGAGTCGCCGGCGTT-1,0.000056,0.267815,0.000056,0.02829,0.703783
ACGATACATAGAACTA-1,0.05617,0.665116,0.225104,0.038698,0.014912
ACGATACCTATCCTGA-1,0.716922,0.026161,0.006541,0.237293,0.013083
ACGATCATACATAGAG-1,0.111124,0.563063,0.078581,0.044831,0.202401
ACGATCATCTTGTAAA-1,0.000046,0.251977,0.000046,0.067584,0.680347
ACGATGCATATGTTAT-1,0.020981,0.727823,0.012696,0.045274,0.193226
ACGATGGATCCGATGC-1,0.000048,0.505031,0.013499,0.035316,0.446106
ACGCAAACTAATAGAT-1,0.913772,0.085143,0.000271,0.000271,0.000542
ACGCAATCACTACAGC-1,0.068159,0.727802,0.052489,0.053211,0.098339
ACGCATAAATGACATG-1,0.000084,0.680877,0.087419,0.122404,0.109216
ACGCATACGTTTACTA-1,0.036058,0.636161,0.150624,0.059495,0.117662
ACGCATTCGTGAGTAC-1,0.006002,0.584443,0.144825,0.089696,0.175034
ACGCCACTCGAAACAG-1,0.951342,0.000882,0.047114,0.000221,0.000441
ACGCCAGATGATTTCT-1,0.000083,0.784305,0.1159,0.053251,0.046461
ACGCCAGTGCGTTTGC-1,0.961475,0.037895,0.000158,0.000158,0.000315
ACGCCCAGCTGTCGAT-1,0.0001,0.600403,0.172705,0.073744,0.153048
ACGCCGCTAGACGACC-1,0.07318,0.769335,0.013099,0.046362,0.098023
ACGCCTGACACGCGCT-1,0.011799,0.000286,0.195792,0.002279,0.789844
ACGCGAAGTCAGACGA-1,0.095901,0.79922,0.000074,0.000778,0.104028
ACGCGCTACACAGGGT-1,0.513941,0.303207,0.000882,0.000882,0.181087
ACGCGGGCCAAGGACA-1,0.160911,0.528411,0.081131,0.112474,0.117072
ACGCGTTTCTTAAGAG-1,0.986875,0.000579,0.012112,0.000145,0.00029
ACGCTACTGAATGGGC-1,0.551449,0.341799,0.00009,0.032006,0.074656
ACGCTAGTATCAGTGC-1,0.029927,0.725992,0.096618,0.068206,0.079257
ACGCTAGTGATACACT-1,0.154332,0.573038,0.095904,0.031544,0.145182
ACGCTGTGAGGCGTAG-1,0.596304,0.398699,0.001249,0.001249,0.002499
ACGCTTAGTGTCTCTC-1,0.000165,0.505716,0.468744,0.000165,0.025211
ACGGAACACGAGTGCC-1,0.840405,0.158856,0.000185,0.000185,0.000369
ACGGAATTTAGCAAAT-1,0.000077,0.882292,0.000077,0.041627,0.075927
ACGGACGCAGCGACAA-1,0.292956,0.65245,0.000134,0.000134,0.054327
ACGGACTCTCAAAGCG-1,0.835226,0.162012,0.000691,0.000691,0.001381
ACGGAGCGCAAATTAC-1,0.000069,0.51514,0.039904,0.119469,0.325417
ACGGATGGTGCGGATA-1,0.266184,0.733326,0.000122,0.000122,0.000245
ACGGCACTTGCTTGGG-1,0.281204,0.630059,0.088065,0.000224,0.000448
ACGGCCAACATGGACT-1,0.538296,0.25623,0.000494,0.000494,0.204485
ACGGCGACGATGGGAA-1,0.145624,0.278497,0.49399,0.059417,0.022473
ACGGCGGGTTGCCCTG-1,0.000087,0.96621,0.00309,0.000087,0.030526
ACGGCTGGATGTAGAA-1,0.369958,0.459391,0.000275,0.000275,0.170103
ACGGGAGTGTCGGCCC-1,0.571537,0.184417,0.000911,0.000911,0.242224
ACGGGCGTATGCGACA-1,0.200051,0.071677,0.375962,0.011589,0.340722
ACGGGTCATGTGACTT-1,0.011527,0.979549,0.000095,0.00864,0.00019
ACGGGTTGTGACCTGT-1,0.43705,0.227508,0.000141,0.000141,0.335161
ACGGTACAGTTCAATG-1,0.831062,0.000683,0.167743,0.000171,0.000342
ACGGTCACCGAGAACA-1,0.440584,0.307204,0.000147,0.000147,0.251918
ACGTACAGATTTCTCT-1,0.046885,0.759487,0.068912,0.094634,0.030083
ACGTACTTTGGCACGG-1,0.995166,0.002417,0.000604,0.000604,0.001209
ACGTAGATTGCTGATG-1,0.000058,0.503829,0.000058,0.066659,0.429397
ACGTAGGAGAGTCGCT-1,0.726719,0.27108,0.00055,0.00055,0.001101
ACGTATTACTCCGATC-1,0.000093,0.82326,0.034483,0.068582,0.073581
ACGTCCTAAACGAGAT-1,0.000044,0.665382,0.057076,0.04853,0.228969
ACGTCGGGCAACTCGG-1,0.060542,0.00112,0.00028,0.00028,0.937778
ACGTCTCGTTCCGGGA-1,0.888124,0.000674,0.000168,0.000168,0.110866
ACGTGACAAAGTAAGT-1,0.766496,0.003089,0.000772,0.228099,0.001544
ACGTGCGCCTCGTGCA-1,0.000062,0.547059,0.051031,0.241316,0.160532
ACGTGGTCGAATGTGC-1,0.000141,0.695138,0.304299,0.000141,0.000281
ACGTTAATGTCGAAGA-1,0.076457,0.639351,0.090154,0.158964,0.035075
ACGTTAGATTTGCCCG-1,0.076392,0.922549,0.000643,0.000139,0.000277
ACGTTATTGGTCACTC-1,0.000111,0.6053,0.009557,0.012745,0.372287
ACGTTCACTATGCCGC-1,0.751259,0.081365,0.167056,0.000107,0.000214
ACGTTCCGCGCTCCGT-1,0.046019,0.674849,0.183763,0.00007,0.095299
ACGTTCGCAATCAATT-1,0.00005,0.557668,0.012979,0.061465,0.367839
ACGTTCGTTCAGGAAA-1,0.872119,0.124265,0.000904,0.000904,0.001808
ACGTTCTGTACAAGTC-1,0.739935,0.081727,0.064565,0.113537,0.000236
ACGTTGTCGTTGAAAG-1,0.234511,0.292672,0.000096,0.000096,0.472625
ACGTTTAGTTGTGATC-1,0.000104,0.696233,0.27431,0.000104,0.029249
ACGTTTCGGTGCACTT-1,0.361881,0.46163,0.000111,0.000111,0.176266
ACTAAGGACGCACACC-1,0.000063,0.755718,0.113194,0.013673,0.117352
ACTAATACGTCAGGCG-1,0.029388,0.583086,0.009876,0.021717,0.355934
ACTACAAAGAGAGGTG-1,0.916425,0.082014,0.00039,0.00039,0.00078
ACTACATCCCGACAAG-1,0.480635,0.342773,0.061947,0.114054,0.000591
ACTACCAGCTCTCTGG-1,0.014377,0.514265,0.034405,0.167777,0.269177
ACTACCATCCGAGGGC-1,0.283955,0.316369,0.001237,0.004675,0.393764
ACTACGCGTTAGAATT-1,0.849765,0.147058,0.000794,0.000794,0.001588
ACTAGTTGCGATCGTC-1,0.000118,0.843952,0.113419,0.042276,0.000235
ACTATATGCTGTGTTC-1,0.073727,0.416031,0.462094,0.000128,0.04802
ACTATCCAGGGCATGG-1,0.000085,0.63186,0.000085,0.226629,0.141341
ACTATCGCCGGCTAAA-1,0.099255,0.000254,0.044854,0.000064,0.855574
ACTATCTGCCCGCGTA-1,0.061769,0.707621,0.09525,0.106189,0.02917
ACTATGTCCAGCTGCC-1,0.374529,0.128183,0.000614,0.000614,0.496059
ACTATTCGTCCGTGGT-1,0.000078,0.545275,0.17812,0.031643,0.244885
ACTATTTCCGGGCCCA-1,0.564533,0.205046,0.167844,0.000639,0.061938
ACTCAACGAATGTATT-1,0.000058,0.370568,0.031656,0.016748,0.58097
ACTCAAGTGCAAGGCT-1,0.209507,0.790033,0.000115,0.000115,0.00023
ACTCAATAAAGGCACG-1,0.022911,0.465901,0.036355,0.081701,0.393133
ACTCAGACCTGCTTCT-1,0.000082,0.849172,0.114373,0.000082,0.03629
ACTCATGGCAGCCTTC-1,0.489336,0.075952,0.000373,0.000373,0.433965
ACTCCAATATCATCAT-1,0.961707,0.037296,0.000249,0.000249,0.000499
ACTCCCATTCCTAAAG-1,0.659358,0.339396,0.000311,0.000311,0.000623
ACTCCCGAATTCGTTT-1,0.000086,0.683426,0.005879,0.099747,0.210862
ACTCCCGTAGACTAGG-1,0.006016,0.66628,0.039804,0.025776,0.262124
ACTCCCTAATGCTAAA-1,0.473197,0.099234,0.427146,0.000141,0.000283
ACTCCCTAGAATAGTA-1,0.111692,0.79465,0.024642,0.015108,0.053908
ACTCCGGCCGACCACT-1,0.998158,0.000921,0.00023,0.00023,0.00046
ACTCGATGTATTTCAT-1,0.015628,0.734614,0.060272,0.000112,0.189375
ACTCGCCGTTCGATAA-1,0.000085,0.999575,0.000085,0.000085,0.000171
ACTCGCGATCTGACGC-1,0.000029,0.274255,0.034101,0.119119,0.572496
ACTCGTAACCCGTCCT-1,0.369297,0.623164,0.001885,0.001885,0.003769
ACTCGTCAGTAATCCC-1,0.084611,0.48835,0.020472,0.281881,0.124685
ACTCTAAACCTGGGAT-1,0.894397,0.002745,0.000686,0.000686,0.101485
ACTCTCTGACTTAGGT-1,0.024564,0.799525,0.085269,0.082649,0.007993
ACTCTCTTATACACGA-1,0.000084,0.220318,0.163727,0.178194,0.437676
ACTCTGACCTAATAGA-1,0.905078,0.001416,0.000354,0.000354,0.092797
ACTCTTCAGCTCCCGC-1,0.000044,0.64494,0.010229,0.026256,0.318531
ACTCTTGTATAGTAAC-1,0.000084,0.67811,0.074433,0.054449,0.192925
ACTGAAACGCCGTTAG-1,0.000076,0.909429,0.051554,0.004922,0.034019
ACTGAATGGCGAAAGT-1,0.000075,0.785243,0.180403,0.026089,0.00819
ACTGATTTAGTGATTC-1,0.211483,0.420867,0.284079,0.000113,0.083458
ACTGCCCGCCATTCTC-1,0.687331,0.24432,0.000459,0.000459,0.067431
ACTGCCGTCGTAACTC-1,0.035556,0.24834,0.036828,0.60205,0.077226
ACTGCGGACACACCGT-1,0.000043,0.530104,0.183696,0.076259,0.209897
ACTGCTCGGAAGGATG-1,0.627717,0.000451,0.000113,0.000113,0.371607
ACTGGCGAACCTGCGT-1,0.020965,0.798389,0.129433,0.01029,0.040924
ACTGGGATGCCAGTGC-1,0.998884,0.000558,0.00014,0.00014,0.000279
ACTGTACGATACACAT-1,0.035852,0.569864,0.173059,0.056797,0.164429
ACTGTAGCACTTTGGA-1,0.005093,0.649031,0.017878,0.000082,0.327916
ACTGTATACGCGAGCA-1,0.00008,0.796658,0.00008,0.00008,0.203101
ACTGTCCAGGATTATA-1,0.023845,0.674661,0.105753,0.114762,0.080978
ACTGTCTTCTTTAGAA-1,0.000044,0.454744,0.039771,0.015379,0.490062
ACTGTGCTAGTAGATC-1,0.000137,0.557046,0.010463,0.055531,0.376823
ACTGTTTAGTGTAGGC-1,0.000057,0.739838,0.054777,0.011507,0.193822
ACTTACCGGGCGCGCA-1,0.046332,0.596971,0.083039,0.194797,0.078861
ACTTACGCATCCACGC-1,0.691213,0.229853,0.00017,0.00017,0.078595
ACTTAGTACGACAAGA-1,0.00009,0.764778,0.00009,0.00017,0.234872
ACTTATACTTACCCGG-1,0.394232,0.055283,0.348576,0.037689,0.16422
ACTTATCTGATCTATA-1,0.000119,0.789263,0.000119,0.046465,0.164035
ACTTATTAGGATCGGT-1,0.050434,0.652233,0.098847,0.052339,0.146146
ACTTATTTATGTGCCA-1,0.051444,0.597849,0.033818,0.000074,0.316814
ACTTCAGGCTGATCCC-1,0.000096,0.793805,0.075632,0.02221,0.108257
ACTTCCAGTGGAAGCT-1,0.309135,0.001044,0.000261,0.000261,0.689299
ACTTCCATGCGGGACA-1,0.367843,0.535628,0.000377,0.095399,0.000754
ACTTCCTGTCGTGCGA-1,0.020864,0.535326,0.014542,0.199482,0.229787
ACTTCGCCATACGCAC-1,0.005589,0.773938,0.095859,0.021097,0.103517
ACTTCGCTAGCGAGTG-1,0.000062,0.793585,0.14839,0.025712,0.032251
ACTTGACTCCCTCTTT-1,0.028374,0.295798,0.206603,0.120895,0.34833
ACTTGCCATATTGTAC-1,0.000055,0.768594,0.000338,0.106596,0.124418
ACTTGCTCTATCTACC-1,0.546327,0.001174,0.000293,0.000293,0.451913
ACTTGGGACCCGGTGG-1,0.078155,0.799752,0.12181,0.000094,0.000189
ACTTGGGCTTTCGCCA-1,0.867683,0.004538,0.001135,0.001135,0.12551
ACTTGTAGTCCCTTCA-1,0.600686,0.086814,0.311507,0.000331,0.000662
ACTTGTGGATGGAACG-1,0.000073,0.865387,0.023148,0.062477,0.048916
ACTTGTTACCGGATCA-1,0.999102,0.000449,0.000112,0.000112,0.000224
ACTTTACCCTCATGAA-1,0.000086,0.951985,0.047671,0.000086,0.000172
ACTTTATACACCACTT-1,0.40806,0.359152,0.00456,0.000117,0.228112
ACTTTCCTATAGCTTC-1,0.000055,0.63904,0.000782,0.098541,0.261582
ACTTTGACTGCATCCT-1,0.598663,0.271049,0.000259,0.000259,0.129769
ACTTTGGTCGTGCTCC-1,0.590208,0.405299,0.001123,0.001123,0.002246
ACTTTGTCGACGCACT-1,0.040336,0.626068,0.039672,0.06077,0.233155
AGAAATTATGACTCGC-1,0.000061,0.96082,0.000061,0.022889,0.016169
AGAACACGGCGATGGT-1,0.269549,0.533091,0.000091,0.000091,0.197178
AGAACCCAGCGTGACA-1,0.008854,0.852398,0.030506,0.011474,0.096768
AGAACCCTCAATTGGG-1,0.548342,0.268246,0.000136,0.000136,0.183139
AGAACGTGGTACATTC-1,0.008155,0.359717,0.044198,0.374206,0.213724
AGAACTGTACTTTGTA-1,0.94515,0.053835,0.000254,0.000254,0.000508
AGAAGAGCGCCGTTCC-1,0.001373,0.89373,0.001373,0.001373,0.102152
AGAAGGTACACTTCAC-1,0.673898,0.321609,0.001123,0.001123,0.002246
AGAAGGTTGCCGAATT-1,0.782916,0.20508,0.011243,0.000254,0.000508
AGAAGGTTGTAGGTCG-1,0.922907,0.002149,0.073333,0.000537,0.001074
AGAAGTGATTCGTGAT-1,0.603386,0.387349,0.002317,0.002316,0.004633
AGAATAAATCTTCAGG-1,0.903557,0.095389,0.000263,0.000263,0.000527
AGAATACAGGCTATCC-1,0.881696,0.000478,0.00012,0.00012,0.117587
AGAATGCGGGTTCGGA-1,0.081607,0.243633,0.394246,0.059206,0.221308
