Barcode,Topic 1to4,Topic 5to6,Topic 7,Topic 8to9
AAACAACGAATAGTTC-1,0.004196,0.002098,0.001049,0.992657
AAACAAGTATCTCCCA-1,0.165075,0.463942,0.107269,0.263714
AAACAATCTACTAGCA-1,0.504275,0.34543,0.063983,0.086312
AAACACCAATAACTGC-1,0.714006,0.104596,0.047894,0.133504
AAACAGAGCGACTCCT-1,0.439789,0.434365,0.107012,0.018833
AAACAGCTTTCAGAAG-1,0.376739,0.199217,0.222686,0.201359
AAACAGGGTCTATATT-1,0.793687,0.0327,0.090224,0.08339
AAACATGGTGAGAGGA-1,0.730436,0.065566,0.104875,0.099123
AAACATTTCCCGGATT-1,0.279653,0.323474,0.053445,0.343428
AAACCCGAACGAAATC-1,0.008895,0.004448,0.002224,0.984433
AAACCGGAAATGTTAA-1,0.312752,0.000319,0.00016,0.686769
AAACCGGGTAGGTACC-1,0.72436,0.13512,0.103512,0.037008
AAACCGTTCGTCCAGG-1,0.913537,0.010561,0.007687,0.068214
AAACCTAAGCAGCCGG-1,0.273926,0.415732,0.046763,0.263579
AAACCTCATGAAGTTG-1,0.88208,0.023843,0.057729,0.036347
AAACGAAGAACATACC-1,0.000136,0.000068,0.000034,0.999762
AAACGAAGATGGAGTA-1,0.012425,0.834648,0.043038,0.109889
AAACGAGACGGTTGAT-1,0.180823,0.306589,0.003384,0.509204
AAACGCTGGGCACGAC-1,0.318514,0.000119,0.00006,0.681307
AAACGGGCGTACGGGT-1,0.171234,0.507411,0.221118,0.100237
AAACGGGTTGGTATCC-1,0.816026,0.005795,0.06449,0.11369
AAACGGTTGCGAACTG-1,0.748477,0.112349,0.074175,0.064999
AAACGTGTTCGCCCTA-1,0.48365,0.252321,0.09294,0.171088
AAACTAACGTGGCGAC-1,0.741102,0.137761,0.044906,0.076231
AAACTCGGTTCGCAAT-1,0.763857,0.045133,0.012505,0.178505
AAACTCGTGATATAAG-1,0.429272,0.186176,0.050836,0.333716
AAACTGCTGGCTCCAA-1,0.514684,0.04312,0.032685,0.409511
AAACTTAATTGCACGC-1,0.373117,0.403555,0.068628,0.154699
AAACTTGCAAACGTAT-1,0.334269,0.345991,0.232954,0.086786
AAAGAATGACCTTAGA-1,0.664379,0.001547,0.010875,0.323199
AAAGAATGTGGACTAA-1,0.468087,0.2535,0.191737,0.086677
AAAGACCCAAGTCGCG-1,0.970951,0.000066,0.001552,0.027431
AAAGACTGGGCGCTTT-1,0.51699,0.11517,0.358613,0.009227
AAAGCTTGCCTACATA-1,0.875805,0.006337,0.055035,0.062823
AAAGGCCCTATAATAC-1,0.39805,0.366581,0.055145,0.180224
AAAGGCTACGGACCAT-1,0.318685,0.401582,0.064479,0.215253
AAAGGCTCTCGCGCCG-1,0.400855,0.409512,0.155878,0.033755
AAAGGGATGTAGCAAG-1,0.469298,0.261992,0.116861,0.151849
AAAGGGCAGCTTGAAT-1,0.373245,0.153071,0.268282,0.205403
AAAGGTAAGCTGTACC-1,0.580944,0.185256,0.156551,0.07725
AAAGTAGCATTGCTCA-1,0.496543,0.013046,0.015515,0.474896
AAAGTCACTGATGTAA-1,0.466292,0.210398,0.076826,0.246484
AAAGTCGACCCTCAGT-1,0.877783,0.01095,0.110483,0.000784
AAAGTGCCATCAATTA-1,0.620167,0.000096,0.000048,0.37969
AAAGTGTGATTTATCT-1,0.599469,0.277948,0.021532,0.101051
AAAGTTGACTCCCGTA-1,0.605702,0.000249,0.000125,0.393924
AAATAACCATACGGGA-1,0.20413,0.076343,0.086431,0.633097
AAATAAGGTAGTGCCC-1,0.327997,0.105503,0.272249,0.294251
AAATACCTATAAGCAT-1,0.388819,0.296347,0.076887,0.237947
AAATAGCTTAGACTTT-1,0.017105,0.008552,0.004276,0.970067
AAATAGGGTGCTATTG-1,0.955739,0.017332,0.023643,0.003286
AAATCCGATACACGCC-1,0.174872,0.628857,0.117192,0.07908
AAATCGCGGAAGGAGT-1,0.389149,0.355505,0.091864,0.163481
AAATCGTGTACCACAA-1,0.925267,0.008417,0.014986,0.05133
AAATCTAGCCCTGCTA-1,0.473868,0.120316,0.046144,0.359672
AAATGATTCGATCAGC-1,0.415274,0.001158,0.000579,0.582989
AAATGCTCGTTACGTT-1,0.726395,0.034516,0.161796,0.077292
AAATGGCATGTCTTGT-1,0.515269,0.217025,0.067787,0.199919
AAATGGCCCGTGCCCT-1,0.474218,0.101988,0.126347,0.297447
AAATGGTCAATGTGCC-1,0.089468,0.606896,0.058619,0.245017
AAATGTATCTTATCCC-1,0.125535,0.001513,0.000756,0.872196
AAATGTGGGTGCTCCT-1,0.360367,0.317282,0.200515,0.121836
AAATTAACGGGTAGCT-1,0.708984,0.183506,0.070249,0.037261
AAATTAATAAGCGCGA-1,0.797641,0.027172,0.170725,0.004463
AAATTACACGACTCTG-1,0.139769,0.395025,0.047667,0.417539
AAATTACCTATCGATG-1,0.191069,0.00078,0.00039,0.80776
AAATTCCAGGTCCAAA-1,0.640219,0.001324,0.000662,0.357796
AAATTGATAGTCCTTT-1,0.785685,0.000748,0.005039,0.208528
AAATTGCGGCGGTTCT-1,0.214203,0.001869,0.000934,0.782994
AAATTGGTGAGAAGCA-1,0.267406,0.575892,0.053293,0.103409
AAATTTACCGAAATCC-1,0.32867,0.212818,0.104083,0.354428
AAATTTGCGGGTGTGG-1,0.544387,0.197732,0.165631,0.09225
AACAACTGGTAGTTGC-1,0.38786,0.282942,0.216828,0.112371
AACAATACATTGTCGA-1,0.322874,0.180439,0.032918,0.463769
AACAATTACTCTACGC-1,0.998152,0.000053,0.001743,0.000053
AACACACGCTCGCCGC-1,0.33016,0.38533,0.213398,0.071113
AACACGACTGTACTGA-1,0.703979,0.126143,0.120587,0.04929
AACACGAGACGCGGCC-1,0.429124,0.212664,0.258545,0.099667
AACACGCGGCCGCGAA-1,0.923171,0.000057,0.006961,0.06981
AACAGCTGTGTGGCAA-1,0.277737,0.481065,0.180863,0.060335
AACAGGAAATCGAATA-1,0.891012,0.023845,0.017984,0.06716
AACAGGATGGGCCGCG-1,0.873369,0.004797,0.098016,0.023818
AACAGGTAGTATGGAT-1,0.010343,0.005171,0.002586,0.9819
AACATATCAACTGGTG-1,0.299264,0.199107,0.005764,0.495865
AACATCGATACGTCTA-1,0.248189,0.585439,0.049519,0.116853
AACATTGAAGTTGATC-1,0.142907,0.453336,0.069243,0.334513
AACATTGGTCAGCCGT-1,0.002417,0.001209,0.000604,0.99577
AACATTGTGACTCGAG-1,0.806765,0.034822,0.011814,0.146599
AACCAAGACTTCTCTG-1,0.629093,0.117324,0.099121,0.154462
AACCAGTATCACTCTT-1,0.790354,0.061929,0.080804,0.066913
AACCATAGGGTTGAAC-1,0.347441,0.248097,0.090134,0.314327
AACCATGGGATCGCTA-1,0.757219,0.044998,0.087296,0.110487
AACCCAGAGACGGAGA-1,0.659423,0.091505,0.110449,0.138624
AACCCATCCCATGATC-1,0.467393,0.215692,0.18044,0.136474
AACCCGACAACCCGTG-1,0.398953,0.184614,0.050524,0.365909
AACCCGAGCAGAATCG-1,0.305771,0.281307,0.082186,0.330737
AACCCGATAGGGCTTC-1,0.710273,0.124069,0.011904,0.153755
AACCCTACTGTCAATA-1,0.419522,0.000625,0.000312,0.579541
AACCCTGGTGGAACCA-1,0.962349,0.000276,0.026174,0.011201
AACCGAGCTTGGTCAT-1,0.191071,0.258378,0.054612,0.495939
AACCGCTAAGGGATGC-1,0.869725,0.019076,0.028063,0.083136
AACCGTTGTGTTTGCT-1,0.303474,0.280082,0.208705,0.207739
AACCTCGCTTTAGCCC-1,0.20684,0.602369,0.126071,0.064721
AACCTGTCACGGAATT-1,0.579196,0.021574,0.081335,0.317895
AACCTTTAAATACGGT-1,0.141498,0.601199,0.047782,0.209521
AACCTTTACGACGTCT-1,0.144083,0.348695,0.189872,0.31735
AACGAAAGTCGTCCCA-1,0.403175,0.220171,0.131856,0.244797
AACGACCTCCTAGCCG-1,0.915227,0.019463,0.016538,0.048772
AACGATAATGCCGTAG-1,0.822887,0.082493,0.037399,0.057221
AACGATAGAAGGGCCG-1,0.798542,0.019269,0.026007,0.156182
AACGATATGTCAACTG-1,0.091784,0.749664,0.071713,0.086839
AACGCATGATCTGGGT-1,0.278001,0.480279,0.074047,0.167673
AACGCGAACGGCAACA-1,0.574857,0.094204,0.10144,0.2295
AACGCGACCTTGGGCG-1,0.497946,0.243325,0.087984,0.170745
AACGCGGTCTCCAGCC-1,0.770775,0.073463,0.031645,0.124117
AACGCTGTTGCTGAAA-1,0.403318,0.367152,0.081506,0.148025
AACGGACGTACGTATA-1,0.290504,0.422999,0.137137,0.14936
AACGGCCATCTCCGGT-1,0.754774,0.11594,0.070494,0.058792
AACGTACTGTGGGTAC-1,0.202518,0.571386,0.16814,0.057956
AACGTAGTCTACCCAT-1,0.334397,0.270053,0.027087,0.368463
AACGTCAGACTAGTGG-1,0.891957,0.014325,0.050181,0.043538
AACGTCGCTGCACTTC-1,0.933005,0.002018,0.053148,0.011828
AACGTGATGAAGGACA-1,0.494286,0.247951,0.194608,0.063155
AACGTGCGAAAGTCTC-1,0.515772,0.28636,0.14681,0.051058
AACGTTATCAGCACCT-1,0.005424,0.002712,0.001356,0.990508
AACGTTCTACCATTGT-1,0.315183,0.258419,0.026966,0.399433
AACTACCCGTTTGTCA-1,0.984557,0.006177,0.003089,0.006177
AACTAGCGTATCGCAC-1,0.370133,0.25062,0.250773,0.128474
AACTAGGCTTGGGTGT-1,0.522545,0.220109,0.018307,0.239039
AACTCAAGTTAATTGC-1,0.735024,0.0303,0.042546,0.19213
AACTCCAGAGCGTGTT-1,0.418669,0.426107,0.09236,0.062864
AACTCCTAATCCCATG-1,0.444797,0.310275,0.157108,0.087821
AACTCGATAAACACGT-1,0.006011,0.003005,0.001503,0.989482
AACTCGATGGCGCAGT-1,0.486959,0.152105,0.326811,0.034125
AACTCTCAATAGAGCG-1,0.014824,0.007412,0.003706,0.974059
AACTCTCAGTGTGCTC-1,0.638815,0.194894,0.022446,0.143845
AACTGAGGTCAGCGTC-1,0.807043,0.074937,0.03939,0.07863
AACTGAGTTATACTGA-1,0.449874,0.000244,0.000122,0.549761
AACTGATATTAGGCCT-1,0.404386,0.33399,0.204194,0.05743
AACTGGGTCCCGACGT-1,0.935288,0.000088,0.00447,0.060154
AACTGGGTTCGAGCCG-1,0.61452,0.324143,0.053075,0.008263
AACTGGTGTGGGCCTT-1,0.662553,0.136233,0.124475,0.07674
AACTTCTGCGTCTATC-1,0.684877,0.133491,0.175228,0.006404
AACTTGCCCGTATGCA-1,0.869138,0.001825,0.110184,0.018853
AACTTGCGTTCTCGCG-1,0.432797,0.118892,0.347456,0.100855
AACTTTACGGGAGCTT-1,0.502024,0.151545,0.341384,0.005048
AACTTTAGCTGCTGAG-1,0.59026,0.15619,0.129472,0.124078
AACTTTCTCGATCATG-1,0.926097,0.009532,0.028742,0.035629
AAGAAATCACCAGATT-1,0.591152,0.108845,0.120074,0.179929
AAGAAGGATCAGTTAG-1,0.534623,0.086382,0.245337,0.133658
AAGACATACGTGGTTT-1,0.544703,0.061368,0.054252,0.339678
AAGACCAAATAACTCA-1,0.426835,0.288921,0.18339,0.100854
AAGACCCAACTGAACA-1,0.081871,0.816184,0.056302,0.045642
AAGACTAACCCGTTGT-1,0.227391,0.36802,0.298608,0.105981
AAGACTGCAAGCTACT-1,0.000105,0.910268,0.001225,0.088402
AAGAGATGAATCGGTA-1,0.89329,0.016256,0.050345,0.040108
AAGAGCTCTTTATCGG-1,0.306877,0.293488,0.037021,0.362614
AAGAGGATGTACGCGA-1,0.243484,0.159909,0.458951,0.137656
AAGAGGCATGGATCGC-1,0.680373,0.000124,0.000062,0.319441
AAGAGGCCCTTTGGAA-1,0.084476,0.500924,0.321541,0.093059
AAGATGGCACCGGACC-1,0.466061,0.20292,0.029811,0.301208
AAGATTGGCGGAACGT-1,0.528422,0.217028,0.05879,0.195759
AAGCACCCTGCGTATC-1,0.294395,0.520729,0.069599,0.115277
AAGCATACTCTCCTGA-1,0.36921,0.285686,0.101428,0.243677
AAGCCGAAGCGGTTTA-1,0.034056,0.002498,0.001249,0.962196
AAGCCGCCGTGAAATC-1,0.261741,0.494393,0.080881,0.162985
AAGCCGCTTTACCTTG-1,0.866409,0.012731,0.013521,0.107339
AAGCCGGAGAGCAGGA-1,0.000847,0.000424,0.000212,0.998517
AAGCGCAGGGCTTTGA-1,0.201769,0.469575,0.041089,0.287566
AAGCGGAGTGCGCGCA-1,0.702979,0.105242,0.022603,0.169176
AAGCGGCGTCATGGGT-1,0.497097,0.314217,0.095326,0.093359
AAGCGTCCCTCATCGA-1,0.374342,0.227044,0.073284,0.32533
AAGCTAGATCGAGTAA-1,0.199571,0.590507,0.051946,0.157977
AAGCTCGTGCCAAGTC-1,0.273948,0.335418,0.144204,0.24643
AAGCTCTTTCATGGTG-1,0.147106,0.601397,0.120174,0.131322
AAGGAGAACTTATAAG-1,0.575476,0.14951,0.085135,0.189879
AAGGAGCGGTTGGTGC-1,0.842533,0.066715,0.057109,0.033642
AAGGATCGATCGCTTG-1,0.013081,0.006541,0.003271,0.977107
AAGGATGAGGGACCTC-1,0.555274,0.300969,0.043567,0.10019
AAGGCAGGCTGTCTCC-1,0.255716,0.001555,0.000778,0.741951
AAGGCGCGTAAAGCTT-1,0.928123,0.025055,0.042639,0.004183
AAGGCTGTGCTCATCG-1,0.445804,0.292539,0.208432,0.053225
AAGGGAACGACTGGCT-1,0.001304,0.976554,0.007199,0.014942
AAGGGACAGATTCTGT-1,0.490257,0.000185,0.000093,0.509465
AAGGGACTATGCATTC-1,0.32369,0.018237,0.010455,0.647618
AAGGGTTAGCCATGCG-1,0.730452,0.011042,0.000344,0.258162
AAGGGTTTGATTTCAG-1,0.286007,0.333401,0.268879,0.111713
AAGGTATCCTAATATA-1,0.507166,0.267471,0.092661,0.132702
AAGGTGATAAACCAGC-1,0.48326,0.15465,0.026637,0.335453
AAGTAGAAGACCGGGT-1,0.553809,0.302544,0.06695,0.076697
AAGTAGTGACGCGAGG-1,0.261968,0.031724,0.041061,0.665247
AAGTCAATTGTCGTCA-1,0.300557,0.000264,0.000132,0.699046
AAGTCTAGTAGCTGCC-1,0.622528,0.060703,0.111475,0.205294
AAGTCTTCTGTGGCCT-1,0.233855,0.177954,0.504092,0.084098
AAGTGACGACCGAATT-1,0.792605,0.074964,0.110756,0.021674
AAGTGAGTCGGGTTTA-1,0.605453,0.235351,0.041436,0.11776
AAGTGCAAAGGTAGAC-1,0.985181,0.000065,0.014389,0.000365
AAGTGCCTTGACTGTA-1,0.010343,0.005171,0.002586,0.981899
AAGTGCGTTAGAATCT-1,0.782618,0.143592,0.046818,0.026972
AAGTGCTTCTCTATTG-1,0.734173,0.139675,0.022792,0.10336
AAGTGTTTGGAGACGG-1,0.158645,0.37873,0.015165,0.44746
AAGTTCACTCCAAGCT-1,0.563487,0.214727,0.051165,0.170622
AAGTTCAGTCTGCGTA-1,0.000331,0.770768,0.000083,0.228818
AAGTTCGGCCAACAGG-1,0.616273,0.171551,0.063521,0.148655
AAGTTGTGATGTTATA-1,0.205341,0.47444,0.110725,0.209493
AAGTTTACTAATGGCA-1,0.992175,0.000057,0.000028,0.00774
AAGTTTATGGGCCCAA-1,0.230031,0.542398,0.038715,0.188856
AATAACAACGCTCGGC-1,0.213292,0.414292,0.287782,0.084634
AATAACACTAGAACAA-1,0.559322,0.257104,0.078594,0.104981
AATAAGTCCTCGAGAC-1,0.922806,0.000059,0.04595,0.031185
AATAATCTTCGTATCG-1,0.161342,0.001751,0.000875,0.836032
AATACAATGTTTCAGG-1,0.998588,0.000089,0.000163,0.00116
AATACCGGAGGGCTGT-1,0.533399,0.227535,0.032408,0.206659
AATAGAACAGAGTGGC-1,0.539889,0.319001,0.069451,0.071659
AATAGAATCTGTTTCA-1,0.642114,0.259567,0.042749,0.05557
AATAGCAAGCCTCCTG-1,0.519216,0.222518,0.092671,0.165595
AATAGCTACCGCGTGC-1,0.625124,0.2822,0.037244,0.055433
AATAGTCCGTCCCGAC-1,0.216885,0.561959,0.106329,0.114828
AATAGTCGCGAGTCGG-1,0.902993,0.034756,0.041885,0.020367
AATATCAAGGTCGGAT-1,0.154296,0.470922,0.218116,0.156666
AATATCCTAGCAAACT-1,0.873265,0.009856,0.084561,0.032318
AATATCGAATCAATGC-1,0.534416,0.004276,0.002138,0.459169
AATATCGAGGGTTCTC-1,0.00593,0.002965,0.001482,0.989622
AATATTGGAGTATTGA-1,0.696412,0.077468,0.121302,0.104818
AATCAGACTGCAGGAC-1,0.749219,0.049112,0.103937,0.097732
AATCAGGTTTCATTTA-1,0.277111,0.451648,0.04014,0.231101
AATCATGTAAAGACTC-1,0.512052,0.288409,0.146764,0.052776
AATCCAAGGGCCTGAG-1,0.107114,0.645729,0.042551,0.204606
AATCCATGCAAGGGTG-1,0.16864,0.213867,0.241624,0.375869
AATCGCCTCAGCGCCA-1,0.278529,0.529597,0.132092,0.059782
AATCGCGCAGAGGACT-1,0.01202,0.006009,0.003005,0.978967
AATCGGGACACTACGA-1,0.027156,0.816125,0.043483,0.113237
AATCGGTATAGCCCTC-1,0.048599,0.563468,0.048953,0.33898
AATCGTGAGCCGAGCA-1,0.431233,0.338746,0.066088,0.163933
AATCTAGGTTTACTTG-1,0.590442,0.149288,0.201535,0.058735
AATCTATGCCGGAGCC-1,0.088038,0.420417,0.183113,0.308432
AATCTCTACTGTGGTT-1,0.445453,0.066782,0.444154,0.043611
AATCTGCGTTGGGACG-1,0.026162,0.013083,0.006541,0.954213
AATCTGGCTTTCTAGT-1,0.66369,0.109961,0.105343,0.121006
AATCTGGGTAGACCCT-1,0.837981,0.031003,0.038801,0.092215
AATGACAGCAATGTCT-1,0.804261,0.006119,0.024167,0.165452
AATGACGTAGGATGTC-1,0.208144,0.649891,0.082235,0.05973
AATGACTGTCAGCCGG-1,0.483078,0.222909,0.18622,0.107792
AATGAGTTCGCATATG-1,0.328568,0.14121,0.473309,0.056913
AATGATGATACGCTAT-1,0.291853,0.386918,0.064845,0.256384
AATGATGCGACTCCTG-1,0.737867,0.003863,0.000051,0.258219
AATGCAACCGGGTACC-1,0.779091,0.166967,0.03148,0.022463
AATGCACCAAGCAATG-1,0.66162,0.062821,0.094377,0.181181
AATGGTCCACCGTTCA-1,0.856566,0.08462,0.058764,0.00005
AATGGTTCTCACAAGC-1,0.904468,0.000071,0.000036,0.095425
AATGTATGGCACTGTA-1,0.799985,0.059231,0.047758,0.093026
AATGTGCCCGAGGTGT-1,0.191039,0.37966,0.131892,0.297409
AATGTGCTAATCTGAG-1,0.070312,0.738582,0.040316,0.15079
AATGTTGTCGTGAGAC-1,0.800244,0.051188,0.088088,0.060479
AATTAAAGGTCGGCGT-1,0.544051,0.154433,0.045619,0.255896
AATTAACGGATTTCCA-1,0.265117,0.508759,0.041945,0.184179
AATTACGAGACCCATC-1,0.549323,0.061753,0.042413,0.346511
AATTACTCGTACGCTC-1,0.004196,0.002098,0.001049,0.992657
AATTAGCGCTGCAGCG-1,0.904016,0.032697,0.006877,0.05641
AATTCATAAGGGATCT-1,0.202397,0.40941,0.050652,0.337541
AATTCATTGTCATGCA-1,0.680461,0.125533,0.058521,0.135486
AATTCCAACTTGGTGA-1,0.00183,0.000915,0.000458,0.996797
AATTCCAAGCATGTAC-1,0.665136,0.158905,0.104355,0.071604
AATTCGATTCGAGGAT-1,0.684311,0.14004,0.030018,0.145631
AATTCTAGAGTTAGGC-1,0.691362,0.140661,0.032977,0.135
AATTGAACGCTCTGGT-1,0.325198,0.426294,0.221468,0.02704
AATTGCAGCAATCGAC-1,0.515845,0.277593,0.065875,0.140687
AATTGCGTGGATTACA-1,0.783468,0.077623,0.066,0.072909
AATTGTGGTTGCCAAA-1,0.538501,0.000489,0.000244,0.460765
AATTTGGGACATAGTA-1,0.668638,0.070668,0.036562,0.224133
AATTTGGTTCCAAAGA-1,0.981958,0.000055,0.016937,0.00105
ACAAACCATGCGTCCT-1,0.535448,0.261448,0.092902,0.110203
ACAAAGCATGACCTAG-1,0.926652,0.033163,0.02867,0.011515
ACAAATCGCACCGAAT-1,0.779643,0.065591,0.079502,0.075264
ACAAATGGTAGTGTTT-1,0.610513,0.196757,0.162851,0.029879
ACAAATTCAGATCTGA-1,0.494871,0.233562,0.177611,0.093956
ACAACAGCATGAGCTA-1,0.162303,0.435761,0.029328,0.372609
ACAACGGTCCCTGCGA-1,0.806364,0.048765,0.058199,0.086671
ACAAGCAGTGCCTAGC-1,0.277923,0.323214,0.369177,0.029686
ACAAGCTATATGGAAG-1,0.7427,0.044292,0.155975,0.057034
ACAAGGAAATCCGCCC-1,0.529813,0.241801,0.136856,0.09153
ACAAGGACAAGAGGTT-1,0.005804,0.875678,0.088882,0.029636
ACAAGGATGCTTTAGG-1,0.545828,0.285899,0.12872,0.039553
ACAAGGGCAGGCTCTG-1,0.195628,0.41701,0.335869,0.051493
ACAATAGTCGTACGTT-1,0.796455,0.055978,0.099588,0.047979
ACAATCCATTTAAACC-1,0.872566,0.016413,0.071744,0.039277
ACAATCGATCTTTATA-1,0.300084,0.023815,0.000057,0.676044
ACAATGAATACGGAGA-1,0.272586,0.449235,0.07247,0.205709
ACAATGATTCTTCTAC-1,0.65636,0.116708,0.04896,0.177972
ACAATTGTGTCTCTTT-1,0.340736,0.286151,0.062109,0.311004
ACAATTTAGGAGGCTC-1,0.68362,0.131945,0.154134,0.030301
ACAATTTGAGCAGTGG-1,0.168712,0.426536,0.042704,0.362047
ACAATTTGGCCATATT-1,0.296543,0.003475,0.001737,0.698245
ACACAAAGACGGGTGG-1,0.544072,0.292615,0.09073,0.072584
ACACAAATATTCCTAG-1,0.837099,0.000055,0.000366,0.16248
ACACACCAGGACCAGT-1,0.712301,0.000105,0.000052,0.287541
ACACACTTTCTACACG-1,0.506001,0.198291,0.133632,0.162076
ACACATGATCAAATCT-1,0.223359,0.574724,0.121275,0.080641
ACACATTGACGCAACA-1,0.246222,0.002292,0.001146,0.750339
ACACCACATAATTAGC-1,0.711964,0.020973,0.022482,0.244581
ACACCCAGCATGCAGC-1,0.410224,0.333504,0.188099,0.068173
ACACCCGAGAAATCCG-1,0.213167,0.489618,0.205656,0.091559
ACACCGAGCGCTCTTT-1,0.014348,0.007174,0.003587,0.974891
ACACCGGTCTGACCGC-1,0.224237,0.478715,0.158158,0.138891
ACACCTTAAGTAGGGC-1,0.729164,0.120842,0.064635,0.085359
ACACCTTACTACTTGC-1,0.014349,0.007173,0.003587,0.974891
ACACGAGACTCCTTCT-1,0.27864,0.550268,0.040688,0.130404
ACACGGCACTATGCAT-1,0.430698,0.256596,0.019405,0.293301
ACACGGGAACTTAGGG-1,0.077348,0.752816,0.052153,0.117683
ACACGTAGGCCACAAG-1,0.384909,0.307641,0.135503,0.171947
ACACTCCAATGTCACT-1,0.035812,0.50483,0.450629,0.008729
ACACTGATCAAGGTGT-1,0.683915,0.048426,0.064134,0.203524
ACACTGGGACAGTCGT-1,0.214922,0.088616,0.083312,0.61315
ACAGAACTGAGAACAA-1,0.962151,0.002727,0.010022,0.025099
ACAGATTAGGTTAGTG-1,0.732012,0.070077,0.081525,0.116386
ACAGCATAGAGCCAGT-1,0.3054,0.296628,0.023921,0.374051
ACAGCGACATTCTCAT-1,0.110926,0.650457,0.084125,0.154492
ACAGCGCACCCGCAGC-1,0.360754,0.348952,0.02148,0.268813
ACAGGAGGCGCAGCCG-1,0.011404,0.005702,0.002851,0.980044
ACAGGCACGGATCCTT-1,0.438543,0.224908,0.078894,0.257655
ACAGGCTTGCCCGACT-1,0.646577,0.174839,0.033355,0.145229
ACAGGTGGAGGTGAGG-1,0.432664,0.248037,0.192914,0.126385
ACAGGTGTGTTGTTGC-1,0.401784,0.099385,0.492091,0.00674
ACAGTAATACAACTTG-1,0.986761,0.00005,0.01314,0.00005
ACAGTATACCGTGGGA-1,0.375822,0.210801,0.052133,0.361244
ACATAAGTCGTGGTGA-1,0.451159,0.270471,0.161662,0.116708
ACATAATAAGGCGGTG-1,0.754906,0.171601,0.041783,0.03171
ACATCAGCTGGGACGC-1,0.251019,0.256972,0.478048,0.013961
ACATCCCGGCCATACG-1,0.574625,0.079367,0.019602,0.326406
ACATCCTGGTAACTGT-1,0.003502,0.001751,0.000875,0.993871
ACATCGATCGTTTACC-1,0.352172,0.024297,0.001147,0.622384
ACATCGGTCAGCCGCG-1,0.96461,0.009126,0.015123,0.01114
ACATCGTATGCAATGG-1,0.554516,0.2214,0.140803,0.083282
ACATCGTTAACCTAGT-1,0.667783,0.04944,0.091137,0.19164
ACATCTCAACGCGTAA-1,0.456594,0.158621,0.199009,0.185775
ACATGGCGCCAAAGTA-1,0.719742,0.004276,0.002138,0.273844
ACATGGCTCAATTTAG-1,0.094919,0.000335,0.000167,0.904579
ACATTAGTTTATATCC-1,0.613107,0.217262,0.018372,0.151259
ACATTTGAAACCTAAC-1,0.120802,0.34589,0.01279,0.520518
ACCAAACACCCAGCGA-1,0.575347,0.209978,0.048691,0.165983
ACCAAACTAGAAATCC-1,0.84394,0.017584,0.022745,0.11573
ACCAACACCACACACT-1,0.214007,0.515143,0.103374,0.167476
ACCAACCGCACTCCAC-1,0.581716,0.242048,0.035144,0.141092
ACCAACGCTTATTTAT-1,0.000062,0.003271,0.000015,0.996651
ACCAAGAACGCGTGTC-1,0.731609,0.118925,0.043274,0.106192
ACCAAGTCATCGGCAG-1,0.691363,0.045391,0.119575,0.14367
ACCAATATGCAAGTTA-1,0.53577,0.344502,0.060489,0.059239
ACCACAACTCAGAACA-1,0.285596,0.399607,0.208912,0.105885
ACCACAAGTTTCTATC-1,0.77751,0.116812,0.059475,0.046203
ACCACCAATGTAACAA-1,0.016472,0.008236,0.004118,0.971174
ACCACCCTCTCTTCTA-1,0.270048,0.443867,0.182566,0.103519
ACCACGTGCAGCTATA-1,0.769941,0.000663,0.001363,0.228033
ACCACTGTTCAAGAAG-1,0.009883,0.004941,0.002471,0.982705
ACCAGACCATAACAAC-1,0.292778,0.292225,0.303143,0.111854
ACCAGCCCGGTCTTTG-1,0.382132,0.274033,0.290109,0.053726
ACCAGGAGTGTGATCT-1,0.543909,0.272737,0.149718,0.033636
ACCAGTGCCCGGTCAA-1,0.549989,0.226327,0.089514,0.134169
ACCAGTGCGGGAGACG-1,0.631541,0.005044,0.001963,0.361453
ACCATATCCGCAATAA-1,0.568421,0.15148,0.070777,0.209322
ACCATCCGCCAACTAG-1,0.692738,0.029567,0.066573,0.211122
ACCATCGTATATGGTA-1,0.601461,0.115654,0.161887,0.120998
ACCATTAAGGGTGTCA-1,0.479922,0.004731,0.002365,0.512982
ACCCAACGCCCGTGGC-1,0.478828,0.141355,0.011383,0.368434
ACCCACCTACATGCTC-1,0.801315,0.008384,0.150597,0.039704
ACCCATCTTGAGGGTA-1,0.090306,0.550372,0.204854,0.154467
ACCCATTTGTCCCTCT-1,0.623956,0.081495,0.069086,0.225463
ACCCGAGCGAAATTAC-1,0.69658,0.073853,0.026947,0.20262
ACCCGATTGGTTCCGA-1,0.220275,0.645707,0.040436,0.093582
ACCCGGAAACTCCCAG-1,0.344025,0.381,0.150402,0.124573
ACCCGGAGCACCACAA-1,0.001229,0.000614,0.000307,0.99785
ACCCGGATGACGCATC-1,0.013478,0.006739,0.003369,0.976415
ACCCGGTTACACTTCC-1,0.489123,0.18847,0.212372,0.110035
ACCCGTAGTCTAGTTG-1,0.686405,0.000111,0.000055,0.313429
ACCCGTGTCATCAGTA-1,0.429966,0.394644,0.097978,0.077411
ACCCTATAGGACTGAG-1,0.903014,0.005294,0.050974,0.040718
ACCCTATGCCATATCG-1,0.330661,0.499318,0.099594,0.070427
ACCCTCCCGTCAGGGC-1,0.469107,0.305478,0.088358,0.137057
ACCCTCCCTTGCTATT-1,0.73473,0.152634,0.037315,0.075321
ACCCTGGTAACGCCCT-1,0.36938,0.321799,0.095043,0.213779
ACCCTTCATCTGCGAA-1,0.515534,0.199586,0.190695,0.094185
ACCCTTGCCTGGGTCG-1,0.790302,0.000114,0.009504,0.200079
ACCCTTTAGTTCTCCA-1,0.643715,0.113245,0.09881,0.144229
ACCGAAAGGGCCCTGC-1,0.343681,0.350392,0.131878,0.174049
ACCGAAGAGTCTGGTT-1,0.218854,0.486228,0.135187,0.15973
ACCGACACATCTCCCA-1,0.19228,0.591917,0.056663,0.15914
ACCGACTGAGTCCCAC-1,0.061046,0.728048,0.027316,0.18359
ACCGAGTCTCCTTATT-1,0.840146,0.075516,0.01001,0.074329
ACCGATAGGCATAACC-1,0.458485,0.040615,0.034672,0.466228
ACCGATATTTAATCAT-1,0.002513,0.001256,0.000628,0.995603
ACCGATGGTAGCATCG-1,0.01934,0.009667,0.004834,0.966159
ACCGCAATAACTGCCT-1,0.605315,0.118074,0.177234,0.099376
ACCGCGGTGGAAGTCG-1,0.013901,0.006949,0.003475,0.975676
ACCGGGCCTTTGTTGA-1,0.887684,0.027413,0.000042,0.084861
ACCGGTCAGGTACACC-1,0.890761,0.028652,0.036327,0.04426
ACCGGTCTGAGTACGG-1,0.369692,0.406003,0.11387,0.110435
ACCGTCCACTGGGCCC-1,0.101138,0.652611,0.232129,0.014122
ACCGTGACCACGTGGG-1,0.49085,0.148507,0.036531,0.324112
ACCGTTCCCGCTCTGA-1,0.281688,0.000128,0.012623,0.705562
ACCTAAGTACCTTTCA-1,0.39226,0.172595,0.131545,0.3036
ACCTAATCGACTTCCT-1,0.897794,0.012824,0.042108,0.047274
ACCTACAGTATGTGGT-1,0.009266,0.004633,0.002316,0.983786
ACCTACTATAAATCTA-1,0.532439,0.275799,0.154413,0.037349
ACCTCCGCCCTCGCTG-1,0.352141,0.288933,0.087758,0.271168
ACCTCCGTTATTCACC-1,0.649074,0.001635,0.000818,0.348474
ACCTCGAACTTATGCT-1,0.262954,0.317562,0.267109,0.152375
ACCTGCGTGTCATGTT-1,0.318509,0.372197,0.26921,0.040084
ACGACCCATGAGTTGC-1,0.141537,0.000334,0.000167,0.857962
ACGACTCTAGGGCCGA-1,0.15951,0.442967,0.01412,0.383403
ACGACTGGTCATACTC-1,0.135041,0.772981,0.03355,0.058427
ACGAGAACCCATCACG-1,0.785995,0.026366,0.087153,0.100486
ACGAGATATTTGCTTA-1,0.684614,0.104459,0.166509,0.044418
ACGAGGATACCACTCT-1,0.634978,0.082743,0.109287,0.172991
ACGAGGTTTACAACGT-1,0.363643,0.407296,0.196819,0.032243
ACGAGTACGGATGCCC-1,0.021179,0.010589,0.005294,0.962938
ACGAGTCGCCGGCGTT-1,0.447254,0.001425,0.000713,0.550608
ACGATACATAGAACTA-1,0.398841,0.433706,0.089762,0.077692
ACGATACCTATCCTGA-1,0.414547,0.196463,0.311735,0.077254
ACGATCATACATAGAG-1,0.871299,0.038777,0.019753,0.07017
ACGATCATCTTGTAAA-1,0.982065,0.007174,0.003587,0.007174
ACGATGCATATGTTAT-1,0.608344,0.000287,0.000143,0.391225
ACGATGGATCCGATGC-1,0.000054,0.490553,0.007522,0.501871
ACGCAAACTAATAGAT-1,0.663863,0.067042,0.037779,0.231316
ACGCAATCACTACAGC-1,0.284173,0.217639,0.370615,0.127573
ACGCATAAATGACATG-1,0.674424,0.061881,0.022973,0.240722
ACGCATACGTTTACTA-1,0.401061,0.196341,0.072779,0.329818
ACGCATTCGTGAGTAC-1,0.405776,0.436613,0.100722,0.056889
ACGCCAGATGATTTCT-1,0.215295,0.296128,0.027403,0.461174
ACGCCAGTGCGTTTGC-1,0.646819,0.098921,0.222085,0.032175
ACGCCCAGCTGTCGAT-1,0.994612,0.000067,0.005254,0.000067
ACGCCGCTAGACGACC-1,0.628685,0.246959,0.024081,0.100276
ACGCCTGACACGCGCT-1,0.005559,0.00278,0.00139,0.990271
ACGCGAAGTCAGACGA-1,0.315515,0.464591,0.136822,0.083072
ACGCGCTACACAGGGT-1,0.440461,0.2039,0.340145,0.015494
ACGCGGGCCAAGGACA-1,0.956397,0.009784,0.01718,0.016638
ACGCGTTTCTTAAGAG-1,0.642168,0.081791,0.187319,0.088721
ACGCTACTGAATGGGC-1,0.785492,0.000067,0.000034,0.214407
ACGCTAGTGATACACT-1,0.577828,0.001271,0.000635,0.420265
ACGCTGTGAGGCGTAG-1,0.782673,0.02116,0.185497,0.01067
ACGCTTAGTGTCTCTC-1,0.163103,0.546743,0.231228,0.058925
ACGGAACACGAGTGCC-1,0.563585,0.150598,0.0414,0.244418
ACGGAATTTAGCAAAT-1,0.460304,0.189388,0.321014,0.029293
ACGGACTCTCAAAGCG-1,0.793329,0.154076,0.024965,0.02763
ACGGAGCGCAAATTAC-1,0.304642,0.526899,0.08964,0.078819
ACGGATGGTGCGGATA-1,0.336483,0.573009,0.062749,0.027758
ACGGCACTTGCTTGGG-1,0.613473,0.089425,0.127335,0.169767
ACGGCCAACATGGACT-1,0.542694,0.265063,0.051032,0.141211
ACGGCGACGATGGGAA-1,0.64517,0.178451,0.13492,0.041459
ACGGCGGGTTGCCCTG-1,0.788416,0.093899,0.074564,0.043121
ACGGCTGGATGTAGAA-1,0.457242,0.202462,0.181733,0.158562
ACGGGAGTGTCGGCCC-1,0.232814,0.586349,0.155549,0.025288
ACGGGCGTATGCGACA-1,0.732544,0.093017,0.087936,0.086504
ACGGGTCATGTGACTT-1,0.3501,0.000365,0.000182,0.649353
ACGGTACAGTTCAATG-1,0.391631,0.372242,0.027791,0.208336
ACGTACAGATTTCTCT-1,0.670201,0.127634,0.075118,0.127047
ACGTACTTTGGCACGG-1,0.266024,0.569387,0.052318,0.112271
ACGTAGATTGCTGATG-1,0.131878,0.593773,0.019531,0.254817
ACGTAGGAGAGTCGCT-1,0.443498,0.34039,0.143664,0.072448
ACGTATTACTCCGATC-1,0.459711,0.000285,0.000142,0.539862
ACGTCTCGTTCCGGGA-1,0.028637,0.529477,0.050004,0.391881
ACGTGACAAAGTAAGT-1,0.932581,0.003804,0.025695,0.03792
ACGTGCGCCTCGTGCA-1,0.401984,0.326829,0.192244,0.078943
ACGTGGTCGAATGTGC-1,0.336109,0.251873,0.328939,0.08308
ACGTTAATGTCGAAGA-1,0.057787,0.67478,0.018959,0.248474
ACGTTAGATTTGCCCG-1,0.647164,0.008196,0.046916,0.297723
ACGTTATTGGTCACTC-1,0.980017,0.0001,0.00184,0.018042
ACGTTCCGCGCTCCGT-1,0.886476,0.037792,0.063791,0.011942
ACGTTCGCAATCAATT-1,0.957274,0.000327,0.000163,0.042236
ACGTTCGTTCAGGAAA-1,0.590319,0.292101,0.050839,0.066741
ACGTTCTGTACAAGTC-1,0.610466,0.21465,0.015073,0.159811
ACGTTTAGTTGTGATC-1,0.649769,0.15225,0.047222,0.150759
ACGTTTCGGTGCACTT-1,0.426986,0.000176,0.000088,0.572751
ACTAAGGACGCACACC-1,0.478925,0.121974,0.09452,0.304581
ACTAATACGTCAGGCG-1,0.651319,0.225597,0.071881,0.051203
ACTACAAAGAGAGGTG-1,0.060328,0.741464,0.089306,0.108902
ACTACATCCCGACAAG-1,0.035035,0.796884,0.054047,0.114033
ACTACCAGCTCTCTGG-1,0.851172,0.010312,0.116902,0.021613
ACTACGCGTTAGAATT-1,0.384837,0.362904,0.057202,0.195057
ACTAGTTGCGATCGTC-1,0.959067,0.0001,0.00005,0.040783
ACTATATGCTGTGTTC-1,0.391096,0.449637,0.118914,0.040353
ACTATCCAGGGCATGG-1,0.004196,0.002098,0.001049,0.992657
ACTATCGCCGGCTAAA-1,0.182566,0.001416,0.000708,0.81531
ACTATCTGCCCGCGTA-1,0.21234,0.000946,0.000473,0.78624
ACTATGTCCAGCTGCC-1,0.218728,0.522013,0.1601,0.099159
ACTATTCGTCCGTGGT-1,0.506832,0.049744,0.05917,0.384255
ACTATTTCCGGGCCCA-1,0.238303,0.002812,0.003582,0.755303
ACTCAACGAATGTATT-1,0.774021,0.042895,0.097566,0.085518
ACTCAAGTGCAAGGCT-1,0.532484,0.254751,0.078724,0.13404
ACTCAATAAAGGCACG-1,0.426438,0.367587,0.09672,0.109255
ACTCAGACCTGCTTCT-1,0.779206,0.078597,0.106741,0.035456
ACTCATGGCAGCCTTC-1,0.340627,0.429216,0.099793,0.130363
ACTCCAATATCATCAT-1,0.281597,0.431612,0.043278,0.243514
ACTCCCATTCCTAAAG-1,0.974682,0.000046,0.021634,0.003638
ACTCCCGAATTCGTTT-1,0.012707,0.006354,0.003177,0.977762
ACTCCCGTAGACTAGG-1,0.944035,0.003462,0.014532,0.037971
ACTCCCTAATGCTAAA-1,0.2914,0.023995,0.045196,0.63941
ACTCCCTAGAATAGTA-1,0.473549,0.122859,0.167316,0.236276
ACTCCGGCCGACCACT-1,0.563761,0.19914,0.077016,0.160082
ACTCGATGTATTTCAT-1,0.27004,0.001095,0.000548,0.728317
ACTCGCCGTTCGATAA-1,0.54626,0.105251,0.077606,0.270884
ACTCGCGATCTGACGC-1,0.314833,0.228818,0.149022,0.307326
ACTCGTAACCCGTCCT-1,0.860433,0.064554,0.060678,0.014334
ACTCGTCAGTAATCCC-1,0.60632,0.10618,0.000108,0.287393
ACTCTAAACCTGGGAT-1,0.540896,0.002965,0.001482,0.454657
ACTCTCTGACTTAGGT-1,0.418887,0.422392,0.132225,0.026495
ACTCTCTTATACACGA-1,0.695859,0.099018,0.13802,0.067104
ACTCTGACCTAATAGA-1,0.614547,0.163199,0.057306,0.164948
ACTCTTCAGCTCCCGC-1,0.719473,0.000869,0.000434,0.279224
ACTCTTGTATAGTAAC-1,0.192626,0.439914,0.050104,0.317356
ACTGAAACGCCGTTAG-1,0.666312,0.092404,0.132161,0.109124
ACTGAATGGCGAAAGT-1,0.279239,0.487173,0.110997,0.12259
ACTGATTTAGTGATTC-1,0.594255,0.196272,0.107404,0.10207
ACTGCCCGCCATTCTC-1,0.257689,0.344627,0.079111,0.318573
ACTGCCGTCGTAACTC-1,0.965315,0.000093,0.00524,0.029351
ACTGCGGACACACCGT-1,0.525601,0.000167,0.000084,0.474148
ACTGCTCGGAAGGATG-1,0.410972,0.181467,0.392931,0.014631
ACTGGCGAACCTGCGT-1,0.78869,0.065749,0.064622,0.080939
ACTGTACGATACACAT-1,0.608302,0.210866,0.017106,0.163726
ACTGTAGCACTTTGGA-1,0.307231,0.000153,0.023443,0.669173
ACTGTATACGCGAGCA-1,0.921374,0.005935,0.049414,0.023277
ACTGTCCAGGATTATA-1,0.25464,0.614216,0.070146,0.060998
ACTGTCTTCTTTAGAA-1,0.385799,0.52698,0.068704,0.018518
ACTGTGCTAGTAGATC-1,0.566843,0.14122,0.278199,0.013738
ACTGTTTAGTGTAGGC-1,0.974604,0.000093,0.005651,0.019652
ACTTACCGGGCGCGCA-1,0.22614,0.454763,0.081905,0.237192
ACTTACGCATCCACGC-1,0.62994,0.090816,0.012452,0.266792
ACTTAGTACGACAAGA-1,0.631583,0.085513,0.27607,0.006835
ACTTATACTTACCCGG-1,0.487983,0.000693,0.000346,0.510978
ACTTATCTGATCTATA-1,0.380867,0.209563,0.334762,0.074808
ACTTATTAGGATCGGT-1,0.532015,0.165134,0.139541,0.16331
ACTTATTTATGTGCCA-1,0.764475,0.083416,0.058496,0.093613
ACTTCAGGCTGATCCC-1,0.394804,0.32157,0.155633,0.127993
ACTTCCAGTGGAAGCT-1,0.229637,0.100248,0.157467,0.512648
ACTTCCATGCGGGACA-1,0.757697,0.080163,0.02552,0.13662
ACTTCGCCATACGCAC-1,0.000313,0.000157,0.000078,0.999452
ACTTCGCTAGCGAGTG-1,0.629472,0.176579,0.146818,0.047131
ACTTGACTCCCTCTTT-1,0.625007,0.247418,0.077479,0.050096
ACTTGCCATATTGTAC-1,0.106429,0.583592,0.138281,0.171698
ACTTGCTCTATCTACC-1,0.473937,0.218212,0.139595,0.168256
ACTTGGGACCCGGTGG-1,0.187124,0.243343,0.286962,0.28257
ACTTGTAGTCCCTTCA-1,0.938671,0.000062,0.019927,0.04134
ACTTGTGGATGGAACG-1,0.567658,0.000212,0.000106,0.432024
ACTTTACCCTCATGAA-1,0.83061,0.000263,0.000131,0.168997
ACTTTCCTATAGCTTC-1,0.600791,0.270164,0.049987,0.079058
ACTTTGACTGCATCCT-1,0.244664,0.673298,0.062425,0.019613
ACTTTGGTCGTGCTCC-1,0.165712,0.65568,0.137926,0.040682
ACTTTGTCGACGCACT-1,0.136568,0.000477,0.000239,0.862717
AGAAATTATGACTCGC-1,0.006739,0.003369,0.001685,0.988208
AGAACCCAGCGTGACA-1,0.60067,0.000399,0.000199,0.398732
AGAACCCTCAATTGGG-1,0.313845,0.416454,0.237671,0.032029
AGAACGTGGTACATTC-1,0.461761,0.255999,0.037229,0.24501
AGAAGAGCGCCGTTCC-1,0.962123,0.001454,0.000727,0.035697
AGAAGGTTGCCGAATT-1,0.725547,0.120935,0.133384,0.020134
AGAAGGTTGTAGGTCG-1,0.819665,0.077374,0.036212,0.06675
AGAAGTGATTCGTGAT-1,0.360426,0.424227,0.121051,0.094297
AGAATAAATCTTCAGG-1,0.165168,0.300405,0.519981,0.014446
AGAATGCGGGTTCGGA-1,0.474395,0.312129,0.042552,0.170924
AGAATTATGGATTCGA-1,0.009206,0.457198,0.00035,0.533245
AGAATTGTTTGACATA-1,0.63701,0.10717,0.179536,0.076284
AGACAGCTCAGAATCC-1,0.203825,0.368243,0.402987,0.024945
AGACAGGCATCTCAGC-1,0.215647,0.000855,0.000428,0.783071
AGACATAGATCCTTCC-1,0.162536,0.51838,0.268106,0.050977
AGACCAAACCACACCT-1,0.584385,0.186074,0.189914,0.039627
AGACCATGGGATACAA-1,0.657059,0.096469,0.093161,0.153311
AGACCCACCGCTGATC-1,0.217251,0.536333,0.09359,0.152827
AGACCCGCCCTCCTCG-1,0.434831,0.351372,0.099474,0.114322
AGACCGCTCCGCGGTT-1,0.005702,0.102255,0.001426,0.890617
AGACCGGGAAACCCTG-1,0.716317,0.06856,0.211156,0.003967
AGACGAAGTGCCGGTC-1,0.54818,0.173632,0.074449,0.20374
AGACGACGATGCCGCT-1,0.589358,0.229049,0.079592,0.102001
AGACGCCCACTTCGCC-1,0.00058,0.00029,0.000145,0.998985
AGACGGGATTGGTATA-1,0.984016,0.000119,0.004989,0.010876
AGACGGGCCGATTTAA-1,0.625912,0.18447,0.099181,0.090437
AGACTAGCCTTCCAGA-1,0.493377,0.24506,0.197963,0.0636
AGACTGTTACCGGGTC-1,0.695333,0.193955,0.032163,0.07855
AGAGAAACACCAGAAA-1,0.383359,0.285795,0.023701,0.307146
AGAGAACCGTCTAGGA-1,0.143923,0.428346,0.020682,0.407049
AGAGAAGGAGTACAAT-1,0.126669,0.57339,0.175632,0.124309
AGAGATCTCTAAAGCG-1,0.52517,0.118558,0.348522,0.00775
AGAGCAGTTATGAGAC-1,0.897746,0.009466,0.080707,0.012082
AGAGCCGCCGAGATTT-1,0.392221,0.069905,0.147427,0.390447
AGAGCGCTTGTAACGG-1,0.949635,0.000071,0.000088,0.050206
AGAGCGGGCTAATCAT-1,0.097717,0.733723,0.024819,0.143741
AGAGCGTACAAGCTCG-1,0.994495,0.000092,0.005321,0.000092
AGAGCTACGAAAGCAT-1,0.616236,0.000201,0.000692,0.382871
AGAGGCTTCGGAAACC-1,0.238474,0.500713,0.158026,0.102787
AGAGGGACAATTGTCC-1,0.923916,0.015718,0.036742,0.023624
AGAGGTATCTCGGTCC-1,0.176299,0.405003,0.390284,0.028414
AGAGTAAACTTCACTA-1,0.008236,0.004118,0.002059,0.985587
AGAGTATAGTGTTACG-1,0.52445,0.088943,0.18533,0.201276
AGAGTTAGAGACCGAT-1,0.561126,0.158953,0.064115,0.215807
AGAGTTGCAGGCCTCC-1,0.701754,0.105485,0.031149,0.161612
AGATAACTTCAGGGCC-1,0.383864,0.424079,0.149617,0.04244
AGATACCAATAGAACC-1,0.673684,0.063466,0.043639,0.219211
AGATACCAGCACTTCA-1,0.115012,0.769439,0.048019,0.06753
AGATACCGGTGTTCAC-1,0.409299,0.312579,0.20725,0.070873
AGATACGACTTCATAT-1,0.831236,0.045553,0.114218,0.008993
AGATACTCAAGATCGA-1,0.632913,0.218917,0.127288,0.020882
AGATATAATACGACTA-1,0.582364,0.151394,0.020338,0.245904
AGATCGTGCATAAGAT-1,0.010368,0.906908,0.01045,0.072274
AGATCTCAGGTGTGAT-1,0.21916,0.562262,0.092666,0.125912
AGATGACTCGCCCACG-1,0.284113,0.444497,0.108264,0.163126
AGATGAGGGTTGCGAT-1,0.389591,0.452328,0.084475,0.073606
AGATGATGGAGTCTGG-1,0.622356,0.003901,0.001951,0.371792
AGATGCAAGACGTGCA-1,0.245952,0.448656,0.168143,0.137248
AGATGCTATAACGAGC-1,0.368333,0.008236,0.004118,0.619313
AGATTATAGGACGTTT-1,0.575007,0.215536,0.133954,0.075503
AGCAAAGGCCGCTAGT-1,0.496141,0.261738,0.067581,0.17454
AGCAACATATCTTATT-1,0.001786,0.000893,0.000447,0.996874
AGCAACCGAAAGTAAT-1,0.869842,0.036224,0.04777,0.046164
AGCACACGTTTAGACT-1,0.330536,0.37734,0.041157,0.250968
AGCACCAGTACTCACG-1,0.437316,0.271573,0.124561,0.16655
AGCACTACCGGCCTGT-1,0.384513,0.225774,0.335434,0.054279
AGCACTACCTCACCAG-1,0.306485,0.476309,0.176422,0.040784
AGCACTTAAGGACGCC-1,0.763362,0.043523,0.160795,0.03232
AGCAGAAGGAGAAAGA-1,0.222218,0.638904,0.053198,0.08568
AGCAGCCAGATGAATA-1,0.782479,0.064541,0.022305,0.130675
AGCATATCAATATGCT-1,0.483117,0.337196,0.126114,0.053572
AGCATCATTTCGAAAG-1,0.567107,0.151785,0.170361,0.110747
AGCATCGTCGATAATT-1,0.536103,0.112379,0.041531,0.309986
AGCATTACGAGGCAAG-1,0.723199,0.068656,0.055903,0.152243
AGCCAAGCTTTGTGTC-1,0.504166,0.294996,0.074824,0.126014
AGCCACAGGTTACCCG-1,0.235069,0.438638,0.210431,0.115861
AGCCACTCCCGTGCTT-1,0.248965,0.612537,0.089931,0.048567
AGCCATATAGTATGTG-1,0.308983,0.363472,0.047109,0.280436
AGCCCATACATGTAAG-1,0.090132,0.339489,0.533701,0.036678
AGCCCGCAACAAGCAG-1,0.429825,0.340022,0.07004,0.160113
AGCCCGCACTACAATG-1,0.999797,0.000081,0.000041,0.000081
AGCCCGGCATTAGAGG-1,0.788917,0.067408,0.042754,0.100921
AGCCCGGTAGCCTGTA-1,0.729155,0.07461,0.021123,0.175112
AGCCCTAAGCGAAGTT-1,0.683083,0.108381,0.091922,0.116614
AGCCCTCCCTGGTGGC-1,0.371598,0.284329,0.059481,0.284592
AGCCCTGTCGCACCGT-1,0.565689,0.002745,0.001373,0.430193
AGCCCTTCTAATCCGA-1,0.785721,0.005296,0.000056,0.208926
AGCCCTTGGACATCCC-1,0.392085,0.000291,0.000146,0.607478
AGCCGCAAATTCAAAT-1,0.939816,0.000033,0.059346,0.000805
AGCCGCTTGATTAGCG-1,0.970739,0.011704,0.005852,0.011705
AGCCGTGGCTAAATGT-1,0.75912,0.078079,0.152147,0.010654
AGCCTAATACCCACGT-1,0.650036,0.093502,0.124373,0.132088
AGCCTTAAAGCGGAAG-1,0.999738,0.000105,0.000052,0.000105
AGCGACAGGAACGGTC-1,0.769037,0.010113,0.07033,0.15052
AGCGACATCCCATTCA-1,0.949482,0.009065,0.01058,0.030873
AGCGACCAACGATATT-1,0.281762,0.451558,0.211439,0.055241
AGCGAGACGTGAAGGC-1,0.582437,0.157099,0.028354,0.23211
AGCGATGCGCCTAATA-1,0.609235,0.14508,0.100186,0.145499
AGCGCATAATGAATCG-1,0.644678,0.158789,0.048711,0.147823
AGCGCGGGTGCCAATG-1,0.288078,0.397502,0.15222,0.1622
AGCGCTAGAGCGATGT-1,0.619568,0.000559,0.000279,0.379594
AGCGCTTATGGGCAAG-1,0.195773,0.322669,0.018882,0.462675
AGCGGACACTTCGTAG-1,0.226925,0.596587,0.062858,0.11363
AGCGGGAAGGGTCCAT-1,0.590279,0.145259,0.258016,0.006445
AGCGGGTCTGACACTC-1,0.3468,0.364966,0.067344,0.220891
AGCGGTTGCCGCTCTG-1,0.249544,0.593013,0.081608,0.075835
AGCGTACGAGAGCTAG-1,0.270351,0.331609,0.21626,0.18178
AGCGTAGCGCTAGACC-1,0.560097,0.039795,0.206756,0.193351
AGCGTCTGAACCCGCA-1,0.975865,0.000062,0.000031,0.024041
AGCGTGGTATTCTACT-1,0.77738,0.078113,0.066642,0.077865
AGCGTTCCGATTTAAA-1,0.20741,0.509264,0.163042,0.120283
AGCTAACAAGCAATGT-1,0.874336,0.062177,0.009061,0.054426
AGCTAAGTACGCAGGC-1,0.217663,0.5137,0.103307,0.16533
AGCTAGAAGCAGAAGT-1,0.202349,0.584697,0.078405,0.134549
AGCTATTTAATCCAAC-1,0.503054,0.247134,0.211836,0.037976
AGCTCCATATATGTTC-1,0.616411,0.131654,0.087886,0.164048
AGCTCCTTCGCACATC-1,0.010396,0.868736,0.052186,0.068682
AGCTCGTTGATGGAAA-1,0.679487,0.101721,0.082303,0.136488
AGCTCTAGACGTTCCA-1,0.438559,0.228206,0.059576,0.273659
AGCTCTTCCCAGTGCA-1,0.286626,0.270398,0.045423,0.397553
AGCTCTTCGTAACCTT-1,0.980146,0.007942,0.00397,0.007942
AGCTCTTTACTCAGTT-1,0.996468,0.000101,0.00005,0.003381
AGCTGAAGTAAACCAA-1,0.541582,0.289568,0.088497,0.080354
AGCTGTAACCTCAATC-1,0.134608,0.436458,0.213848,0.215086
AGCTTATAGAGACCTG-1,0.316121,0.339723,0.19469,0.149466
AGCTTCTTCTCGAGCA-1,0.527645,0.27697,0.129728,0.065657
AGCTTGATCTTAACTT-1,0.689523,0.168769,0.049107,0.092601
AGGAAAGCCTCTGATG-1,0.47863,0.001779,0.00089,0.518701
AGGAACGAACGACTTC-1,0.578184,0.000122,0.000061,0.421633
AGGAAGCTGTCCGCCG-1,0.223994,0.580518,0.101807,0.093681
AGGACAGTCGAATCCC-1,0.569561,0.220325,0.038189,0.171926
AGGACATCGCACGTCG-1,0.903118,0.035838,0.048485,0.012558
AGGACATCGGCACACT-1,0.650318,0.00671,0.035407,0.307565
AGGACGACCCATTAGA-1,0.424418,0.18213,0.242487,0.150965
AGGACGCTCGATGTTG-1,0.445854,0.320832,0.097458,0.135856
AGGACTTATAGGAGAA-1,0.688886,0.006541,0.00327,0.301304
AGGAGACATCCACAGT-1,0.70045,0.121868,0.163375,0.014306
AGGAGAGTCTGGCTAC-1,0.509621,0.216135,0.167928,0.106316
AGGAGGCCTTCGCGCG-1,0.721319,0.020083,0.042843,0.215755
AGGATAAAGTCGGGAT-1,0.297783,0.308552,0.087019,0.306646
AGGATATAGGGATTTA-1,0.216609,0.368782,0.113648,0.300961
AGGATATCCGACTGCA-1,0.462829,0.153568,0.078002,0.305601
AGGATCACGCGATCTG-1,0.647118,0.03538,0.155686,0.161816
AGGATTGCTTACGACA-1,0.55961,0.119175,0.286129,0.035085
AGGCAAAGAGGAATCA-1,0.801972,0.025818,0.125247,0.046964
AGGCAATACGGAGGAC-1,0.02118,0.01059,0.005295,0.962935
AGGCACGTGACTGTCC-1,0.411065,0.094569,0.005858,0.488508
AGGCAGATGCGTAAAC-1,0.523379,0.121658,0.03017,0.324793
AGGCAGGGAGCGTACT-1,0.303018,0.434612,0.104843,0.157527
AGGCATTGTCGTAGGG-1,0.588124,0.166721,0.143889,0.101266
AGGCCACATTGGTTAC-1,0.558303,0.000153,0.000077,0.441468
AGGCCACCCGTTATGA-1,0.618827,0.039279,0.042999,0.298895
AGGCCCAGTGACTGGT-1,0.327399,0.000172,0.000086,0.672343
AGGCCCATTGTACAGG-1,0.629136,0.048559,0.01521,0.307095
AGGCCCTAGAACGCCA-1,0.899438,0.00036,0.024345,0.075857
AGGCCTGAGAATCTCG-1,0.252226,0.522532,0.183572,0.041671
AGGCGATAACTGGCGT-1,0.000948,0.000474,0.000237,0.998341
AGGCGGTTTGTCCCGC-1,0.378287,0.405601,0.113048,0.103063
AGGCGTCTATGGACGG-1,0.086967,0.675944,0.016519,0.22057
AGGCTATGGTTAGCTT-1,0.644203,0.112214,0.225807,0.017775
AGGCTTCCCGAAGAAG-1,0.747085,0.042412,0.038399,0.172104
AGGCTTGCTAGACACC-1,0.415288,0.226328,0.334526,0.023859
AGGGAAACGAGGTACT-1,0.915238,0.00007,0.002784,0.081908
AGGGACAGCACGGCGG-1,0.526882,0.158912,0.290059,0.024148
AGGGACCGGCTGCGTT-1,0.044474,0.022233,0.011118,0.922175
AGGGACTCTACGCGAC-1,0.357329,0.488129,0.10639,0.048151
AGGGAGACATACTTCG-1,0.740778,0.001727,0.00005,0.257445
AGGGCAGCGGCGTGGT-1,0.401046,0.19258,0.138405,0.267968
AGGGCCCTAATGTTCT-1,0.490728,0.019711,0.048986,0.440575
AGGGCGAGCAGCTGAT-1,0.706186,0.04196,0.102675,0.149179
AGGGCGTGATCGGCTA-1,0.252375,0.085393,0.036569,0.625664
AGGGCTGCAGTTACAG-1,0.026218,0.848778,0.021172,0.103832
AGGGTCAGAGCACTCG-1,0.401238,0.271882,0.042529,0.284352
