Barcode,Topic 1,Topic 2,Topic 3to10
AAACAACGAATAGTTC-1,0.001467,0.000033,0.9985
AAACAAGTATCTCCCA-1,0.538568,0.000051,0.461381
AAACAATCTACTAGCA-1,0.000037,0.000037,0.999925
AAACACCAATAACTGC-1,0.01394,0.011429,0.974631
AAACAGAGCGACTCCT-1,0.097809,0.000048,0.902144
AAACAGCTTTCAGAAG-1,0.000105,0.078855,0.921041
AAACAGGGTCTATATT-1,0.011847,0.000049,0.988104
AAACAGTGTTCCTGGG-1,0.000017,0.000017,0.999967
AAACATGGTGAGAGGA-1,0.000033,0.000033,0.999935
AAACATTTCCCGGATT-1,0.019592,0.008992,0.971416
AAACCACTACACAGAT-1,0.012842,0.00816,0.978998
AAACCCGAACGAAATC-1,0.009857,0.013107,0.977036
AAACCGGAAATGTTAA-1,0.100405,0.002849,0.896746
AAACCGGGTAGGTACC-1,0.000019,0.404807,0.595174
AAACCGTTCGTCCAGG-1,0.000031,0.000031,0.999938
AAACCTAAGCAGCCGG-1,0.147624,0.00076,0.851616
AAACCTCATGAAGTTG-1,0.000052,0.000052,0.999896
AAACGAAGAACATACC-1,0.000019,0.018216,0.981765
AAACGAAGATGGAGTA-1,0.00305,0.000086,0.996864
AAACGACAGTCTTGCC-1,0.000032,0.08746,0.912508
AAACGAGACGGTTGAT-1,0.992033,0.000885,0.007082
AAACGCCCGAGATCGG-1,0.079096,0.018661,0.902243
AAACGCTGGGCACGAC-1,0.064303,0.007846,0.927851
AAACGGGCGTACGGGT-1,0.087877,0.000035,0.912089
AAACGGGTTGGTATCC-1,0.000058,0.000058,0.999884
AAACGGTTGCGAACTG-1,0.031653,0.000038,0.968308
AAACGTGTTCGCCCTA-1,0.258382,0.000062,0.741557
AAACTAACGTGGCGAC-1,0.008343,0.000048,0.991609
AAACTCGGTTCGCAAT-1,0.012734,0.027259,0.960007
AAACTCGTGATATAAG-1,0.274481,0.000071,0.725448
AAACTGCTGGCTCCAA-1,0.138377,0.041976,0.819647
AAACTTAATTGCACGC-1,0.100062,0.025166,0.874772
AAACTTGCAAACGTAT-1,0.000025,0.048414,0.951561
AAAGAATGACCTTAGA-1,0.02694,0.000046,0.973014
AAAGAATGTGGACTAA-1,0.004539,0.000342,0.99512
AAAGACATGAAGTTTA-1,0.0669,0.02525,0.90785
AAAGACCCAAGTCGCG-1,0.040361,0.013885,0.945754
AAAGACTGGGCGCTTT-1,0.079945,0.000105,0.91995
AAAGCTTGCCTACATA-1,0.928464,0.00022,0.071316
AAAGGCCCTATAATAC-1,0.024157,0.001983,0.97386
AAAGGCTACGGACCAT-1,0.025273,0.047212,0.927515
AAAGGCTCTCGCGCCG-1,0.164207,0.000472,0.83532
AAAGGGATGTAGCAAG-1,0.000048,0.000048,0.999904
AAAGGGCAGCTTGAAT-1,0.033247,0.027079,0.939674
AAAGGTAAGCTGTACC-1,0.051126,0.018039,0.930835
AAAGGTCAACGACATG-1,0.075413,0.000045,0.924541
AAAGTAGCATTGCTCA-1,0.060522,0.000049,0.939429
AAAGTCACTGATGTAA-1,0.013314,0.000062,0.986624
AAAGTCGACCCTCAGT-1,0.006627,0.00239,0.990983
AAAGTGCCATCAATTA-1,0.000019,0.000019,0.999961
AAAGTGTGATTTATCT-1,0.024572,0.004678,0.970749
AAAGTTGACTCCCGTA-1,0.017604,0.010181,0.972214
AAATAACCATACGGGA-1,0.027537,0.00003,0.972433
AAATAAGGTAGTGCCC-1,0.157884,0.000052,0.842064
AAATACCTATAAGCAT-1,0.022339,0.026222,0.951439
AAATAGCTTAGACTTT-1,0.005122,0.003928,0.99095
AAATAGGGTGCTATTG-1,0.028621,0.050216,0.921163
AAATCACTCCTAAACG-1,0.07983,0.021199,0.898971
AAATCCGATACACGCC-1,0.00601,0.010178,0.983812
AAATCGCGGAAGGAGT-1,0.000085,0.000085,0.999829
AAATCGTGTACCACAA-1,0.000041,0.000041,0.999919
AAATCTAGCCCTGCTA-1,0.000031,0.000031,0.999938
AAATCTGCCCGCGTCC-1,0.000032,0.000032,0.999936
AAATGATTCGATCAGC-1,0.359582,0.00009,0.640327
AAATGCTCGTTACGTT-1,0.011201,0.062968,0.925832
AAATGGCATGTCTTGT-1,0.000049,0.01273,0.987221
AAATGGCCCGTGCCCT-1,0.080388,0.00024,0.919372
AAATGGTCAATGTGCC-1,0.000036,0.000496,0.999467
AAATGTATCTTATCCC-1,0.000046,0.087566,0.912388
AAATGTGGGTGCTCCT-1,0.004742,0.023061,0.972197
AAATTAACGGGTAGCT-1,0.049006,0.05553,0.895464
AAATTAATAAGCGCGA-1,0.000056,0.000056,0.999889
AAATTACACGACTCTG-1,0.074991,0.000042,0.924967
AAATTACCTATCGATG-1,0.893394,0.000568,0.106038
AAATTCCAGGTCCAAA-1,0.207161,0.000062,0.792777
AAATTGATAGTCCTTT-1,0.055944,0.010975,0.933081
AAATTGCGGCGGTTCT-1,0.000055,0.069929,0.930016
AAATTGGTGAGAAGCA-1,0.353756,0.000137,0.646107
AAATTTACCGAAATCC-1,0.113774,0.000039,0.886187
AAATTTGCGGGTGTGG-1,0.000072,0.000072,0.999855
AACAACTGGTAGTTGC-1,0.000053,0.002293,0.997654
AACAATACATTGTCGA-1,0.000023,0.00146,0.998518
AACAATTACTCTACGC-1,0.000027,0.080025,0.919948
AACACACGCTCGCCGC-1,0.022017,0.000038,0.977945
AACACGACTGTACTGA-1,0.006219,0.005551,0.98823
AACACGAGACGCGGCC-1,0.002394,0.053421,0.944185
AACACGCGGCCGCGAA-1,0.080533,0.000052,0.919416
AACAGCTGTGTGGCAA-1,0.000018,0.019087,0.980894
AACAGGAAATCGAATA-1,0.024161,0.000045,0.975793
AACAGGATGGGCCGCG-1,0.000055,0.044243,0.955702
AACAGGTAGTATGGAT-1,0.25519,0.000041,0.744769
AACATATCAACTGGTG-1,0.190963,0.000054,0.808983
AACATCGATACGTCTA-1,0.791063,0.000195,0.208742
AACATTGAAGTTGATC-1,0.004094,0.000036,0.99587
AACATTGGTCAGCCGT-1,0.000053,0.004395,0.995553
AACATTGTGACTCGAG-1,0.041546,0.040889,0.917565
AACCAAGACTTCTCTG-1,0.039611,0.000075,0.960314
AACCAGTATCACTCTT-1,0.003502,0.155408,0.84109
AACCATAGGGTTGAAC-1,0.036523,0.000043,0.963433
AACCATGGGATCGCTA-1,0.011326,0.037427,0.951247
AACCCAGAGACGGAGA-1,0.02228,0.000033,0.977687
AACCCATCCCATGATC-1,0.001446,0.000032,0.998522
AACCCGACAACCCGTG-1,0.000029,0.028438,0.971533
AACCCGAGCAGAATCG-1,0.006797,0.003138,0.990065
AACCCGATAGGGCTTC-1,0.000031,0.000031,0.999938
AACCCTACTGTCAATA-1,0.038692,0.007063,0.954245
AACCCTGGTGGAACCA-1,0.027541,0.007327,0.965132
AACCGAGCTTGGTCAT-1,0.000037,0.036214,0.963749
AACCGCTAAGGGATGC-1,0.013727,0.021585,0.964688
AACCGTTGTGTTTGCT-1,0.02764,0.000063,0.972297
AACCTAAAGCCGTCCG-1,0.000025,0.022169,0.977806
AACCTCGCTTTAGCCC-1,0.109305,0.057522,0.833172
AACCTGTCACGGAATT-1,0.906376,0.000807,0.092818
AACCTTTAAATACGGT-1,0.016057,0.009072,0.974871
AACCTTTACGACGTCT-1,0.000054,0.000054,0.999892
AACGAAAGTCGTCCCA-1,0.000043,0.000043,0.999914
AACGACCTCCTAGCCG-1,0.009108,0.042913,0.947978
AACGATAATGCCGTAG-1,0.000025,0.001726,0.998249
AACGATAGAAGGGCCG-1,0.080227,0.000061,0.919712
AACGATATGTCAACTG-1,0.000975,0.000047,0.998977
AACGCATGATCTGGGT-1,0.596907,0.001493,0.401601
AACGCGAACGGCAACA-1,0.040072,0.001579,0.958349
AACGCGACCTTGGGCG-1,0.000021,0.001172,0.998806
AACGCGGTCTCCAGCC-1,0.000036,0.000036,0.999927
AACGCTGTTGCTGAAA-1,0.000021,0.000021,0.999958
AACGGACGTACGTATA-1,0.000028,0.003112,0.99686
AACGGCCATCTCCGGT-1,0.000038,0.017959,0.982003
AACGTACTGTGGGTAC-1,0.051106,0.00006,0.948834
AACGTAGTCTACCCAT-1,0.000035,0.000035,0.99993
AACGTCAGACTAGTGG-1,0.093618,0.000071,0.906312
AACGTCGCTGCACTTC-1,0.000019,0.001184,0.998797
AACGTGATGAAGGACA-1,0.065851,0.005452,0.928697
AACGTGCGAAAGTCTC-1,0.087848,0.000045,0.912107
AACGTTATCAGCACCT-1,0.046176,0.000041,0.953783
AACTACCCGTTTGTCA-1,0.044134,0.000033,0.955833
AACTAGCGTATCGCAC-1,0.000033,0.020334,0.979633
AACTAGGCTTGGGTGT-1,0.176471,0.000041,0.823488
AACTCAAGTTAATTGC-1,0.000084,0.000084,0.999832
AACTCCAGAGCGTGTT-1,0.028249,0.062231,0.90952
AACTCCTAATCCCATG-1,0.04101,0.000036,0.958954
AACTCGATAAACACGT-1,0.000029,0.006833,0.993138
AACTCGATGGCGCAGT-1,0.879556,0.000376,0.120068
AACTCTCAATAGAGCG-1,0.060344,0.000038,0.939618
AACTCTCAGTGTGCTC-1,0.012849,0.051933,0.935219
AACTGAGGTCAGCGTC-1,0.000053,0.000053,0.999894
AACTGAGTTATACTGA-1,0.852298,0.000116,0.147586
AACTGATATTAGGCCT-1,0.000032,0.000372,0.999597
AACTGGGTCCCGACGT-1,0.000037,0.003952,0.996012
AACTGGGTTCGAGCCG-1,0.352183,0.000053,0.647763
AACTGGTGTGGGCCTT-1,0.000048,0.000048,0.999903
AACTTCTGCGTCTATC-1,0.029804,0.000058,0.970139
AACTTGCCCGTATGCA-1,0.000033,0.181141,0.818825
AACTTGCGTTCTCGCG-1,0.0419,0.017296,0.940803
AACTTTACGGGAGCTT-1,0.000046,0.005753,0.994201
AACTTTAGCTGCTGAG-1,0.000037,0.000037,0.999927
AACTTTCTCGATCATG-1,0.099523,0.000075,0.900402
AAGAAATCACCAGATT-1,0.144032,0.000042,0.855926
AAGAAGGATCAGTTAG-1,0.023215,0.033702,0.943083
AAGACATACGTGGTTT-1,0.000258,0.000028,0.999714
AAGACCAAATAACTCA-1,0.00005,0.00005,0.9999
AAGACCCAACTGAACA-1,0.018688,0.005858,0.975455
AAGACTAACCCGTTGT-1,0.059924,0.062502,0.877574
AAGACTCACGCCCACT-1,0.103221,0.043299,0.85348
AAGACTGCAAGCTACT-1,0.013055,0.000036,0.986909
AAGAGATGAATCGGTA-1,0.088952,0.000068,0.91098
AAGAGCTCTTTATCGG-1,0.833773,0.000263,0.165964
AAGAGGATGTACGCGA-1,0.000042,0.067097,0.932861
AAGAGGCATGGATCGC-1,0.995945,0.000451,0.003605
AAGAGGCCCTTTGGAA-1,0.005055,0.000044,0.994901
AAGATGGCACCGGACC-1,0.000018,0.001394,0.998589
AAGATTGGCGGAACGT-1,0.979065,0.002326,0.018609
AAGCACCCTGCGTATC-1,0.000023,0.007618,0.992359
AAGCATACTCTCCTGA-1,0.000024,0.017797,0.982179
AAGCCGAAGCGGTTTA-1,0.879087,0.038985,0.081929
AAGCCGCCGTGAAATC-1,0.013985,0.005909,0.980106
AAGCCGCTTTACCTTG-1,0.527063,0.000112,0.472825
AAGCCGGAGAGCAGGA-1,0.000024,0.000024,0.999952
AAGCGCAGGGCTTTGA-1,0.006039,0.014343,0.979618
AAGCGGAGTGCGCGCA-1,0.102204,0.000049,0.897747
AAGCGGCGTCATGGGT-1,0.000039,0.000039,0.999921
AAGCGTCCCTCATCGA-1,0.000023,0.007328,0.992649
AAGCTAGATCGAGTAA-1,0.050555,0.040402,0.909043
AAGCTCGTGCCAAGTC-1,0.430758,0.000118,0.569124
AAGCTCTTTCATGGTG-1,0.056095,0.010233,0.933672
AAGGAGAACTTATAAG-1,0.074697,0.041663,0.883641
AAGGAGCGGTTGGTGC-1,0.043493,0.038692,0.917815
AAGGATCGATCGCTTG-1,0.048129,0.000039,0.951832
AAGGATGAGGGACCTC-1,0.991889,0.000901,0.00721
AAGGCAGGCTGTCTCC-1,0.268845,0.000047,0.731108
AAGGCGCGTAAAGCTT-1,0.022672,0.008251,0.969078
AAGGCTGTGCTCATCG-1,0.019585,0.000095,0.98032
AAGGGAACGACTGGCT-1,0.051336,0.013024,0.935641
AAGGGACAGATTCTGT-1,0.996169,0.000426,0.003405
AAGGGACTATGCATTC-1,0.000023,0.002225,0.997752
AAGGGTTTGATTTCAG-1,0.001631,0.000051,0.998318
AAGGTATCCTAATATA-1,0.683648,0.000781,0.31557
AAGGTGATAAACCAGC-1,0.002996,0.000034,0.99697
AAGTAAGCTTCCAAAC-1,0.000016,0.00123,0.998754
AAGTAGAAGACCGGGT-1,0.012729,0.000047,0.987223
AAGTAGTGACGCGAGG-1,0.000048,0.007872,0.99208
AAGTCAATTGTCGTCA-1,0.024559,0.00003,0.975411
AAGTCTAGTAGCTGCC-1,0.068618,0.000057,0.931325
AAGTCTTCTGTGGCCT-1,0.050623,0.000062,0.949314
AAGTGACGACCGAATT-1,0.000059,0.000059,0.999882
AAGTGAGTCGGGTTTA-1,0.019759,0.002449,0.977792
AAGTGCAAAGGTAGAC-1,0.002945,0.612915,0.384141
AAGTGCCTTGACTGTA-1,0.283339,0.013587,0.703074
AAGTGCGTTAGAATCT-1,0.020774,0.000058,0.979168
AAGTGCTTCTCTATTG-1,0.033312,0.000028,0.966661
AAGTGTTTGGAGACGG-1,0.049465,0.000037,0.950498
AAGTTCACTCCAAGCT-1,0.050448,0.000037,0.949515
AAGTTCAGTCTGCGTA-1,0.768002,0.001137,0.230862
AAGTTCGGCCAACAGG-1,0.000055,0.000055,0.999891
AAGTTGTGATGTTATA-1,0.043067,0.000038,0.956895
AAGTTTACTAATGGCA-1,0.000038,0.009121,0.990841
AAGTTTATGGGCCCAA-1,0.220708,0.0151,0.764192
AATAACAACGCTCGGC-1,0.000029,0.050258,0.949713
AATAACACTAGAACAA-1,0.033149,0.008088,0.958763
AATAAGTCCTCGAGAC-1,0.000031,0.000031,0.999939
AATAATCTTCGTATCG-1,0.059767,0.001901,0.938332
AATACAATGTTTCAGG-1,0.069867,0.000565,0.929569
AATACCGGAGGGCTGT-1,0.007928,0.000038,0.992034
AATACCTGATGTGAAC-1,0.067072,0.000042,0.932885
AATAGAACAGAGTGGC-1,0.031264,0.000027,0.968709
AATAGAATCTGTTTCA-1,0.000031,0.000031,0.999939
AATAGCAAGCCTCCTG-1,0.000044,0.022577,0.97738
AATAGCTACCGCGTGC-1,0.992798,0.0008,0.006402
AATAGTCCGTCCCGAC-1,0.265828,0.011434,0.722739
AATAGTCGCGAGTCGG-1,0.025872,0.000678,0.97345
AATATCAAGGTCGGAT-1,0.00005,0.00005,0.9999
AATATCCTAGCAAACT-1,0.000046,0.000046,0.999907
AATATCGAATCAATGC-1,0.083784,0.000045,0.916171
AATATCGAGGGTTCTC-1,0.109536,0.00005,0.890414
AATATTGGAGTATTGA-1,0.000054,0.000054,0.999891
AATCAGACTGCAGGAC-1,0.000027,0.124632,0.875341
AATCAGGTTTCATTTA-1,0.031144,0.081444,0.887412
AATCATGTAAAGACTC-1,0.010851,0.000027,0.989122
AATCCAAGGGCCTGAG-1,0.025216,0.314425,0.660359
AATCCATGCAAGGGTG-1,0.107871,0.002349,0.88978
AATCGCCTCAGCGCCA-1,0.266416,0.072453,0.661132
AATCGCGCAGAGGACT-1,0.595599,0.000123,0.404278
AATCGGGACACTACGA-1,0.118487,0.031351,0.850162
AATCGGTATAGCCCTC-1,0.010418,0.000041,0.989541
AATCGTGAGCCGAGCA-1,0.000024,0.001179,0.998797
AATCTAGGTTTACTTG-1,0.000045,0.000045,0.999911
AATCTATGCCGGAGCC-1,0.053619,0.000057,0.946324
AATCTCTACTGTGGTT-1,0.00016,0.00016,0.999679
AATCTGCGTTGGGACG-1,0.067381,0.000047,0.932573
AATCTGGCTTTCTAGT-1,0.000057,0.000057,0.999885
AATCTGGGTAGACCCT-1,0.020059,0.046022,0.933919
AATGACAGCAATGTCT-1,0.000034,0.002911,0.997055
AATGACGTAGGATGTC-1,0.014219,0.00004,0.985741
AATGACTGTCAGCCGG-1,0.000044,0.059017,0.94094
AATGAGTTCGCATATG-1,0.145253,0.000095,0.854653
AATGATGATACGCTAT-1,0.994673,0.000592,0.004735
AATGATGCGACTCCTG-1,0.469855,0.00014,0.530005
AATGCAACCGGGTACC-1,0.025618,0.030424,0.943958
AATGCACCAAGCAATG-1,0.942556,0.053502,0.003942
AATGGCCGCCAATGCG-1,0.000037,0.000037,0.999926
AATGGTCCACCGTTCA-1,0.041135,0.000103,0.958761
AATGGTTCTCACAAGC-1,0.059168,0.038124,0.902709
AATGTATGGCACTGTA-1,0.027827,0.000035,0.972137
AATGTGCCCGAGGTGT-1,0.003048,0.004507,0.992445
AATGTGCTAATCTGAG-1,0.007669,0.021391,0.970941
AATGTTGTCGTGAGAC-1,0.000023,0.02571,0.974268
AATTAAAGGTCGGCGT-1,0.000059,0.000059,0.999882
AATTAACGGATTTCCA-1,0.00003,0.00003,0.99994
AATTACGAGACCCATC-1,0.000058,0.000058,0.999883
AATTACTCGTACGCTC-1,0.091702,0.107981,0.800316
AATTAGCGCTGCAGCG-1,0.177478,0.064837,0.757685
AATTCATAAGGGATCT-1,0.899225,0.000461,0.100314
AATTCATTGTCATGCA-1,0.011186,0.00004,0.988774
AATTCCAACTTGGTGA-1,0.000027,0.021407,0.978566
AATTCCAAGCATGTAC-1,0.053106,0.000043,0.946851
AATTCGATTCGAGGAT-1,0.000026,0.030245,0.969729
AATTCTAGAGTTAGGC-1,0.050415,0.000054,0.949531
AATTGAACGCTCTGGT-1,0.026467,0.016441,0.957093
AATTGCAGCAATCGAC-1,0.19511,0.000027,0.804863
AATTGCGTGGATTACA-1,0.000047,0.014369,0.985584
AATTGTGGTTGCCAAA-1,0.000025,0.000025,0.99995
AATTTGGGACATAGTA-1,0.004258,0.000045,0.995697
AATTTGGTTCCAAAGA-1,0.000046,0.000046,0.999909
ACAAACCATGCGTCCT-1,0.016192,0.000023,0.983785
ACAAACCGACAAGGCG-1,0.000017,0.060538,0.939444
ACAAAGAAGGTAGGCC-1,0.000048,0.000048,0.999903
ACAAAGCATGACCTAG-1,0.024843,0.011096,0.964061
ACAAATCGCACCGAAT-1,0.000906,0.000326,0.998768
ACAAATGGTAGTGTTT-1,0.00003,0.038746,0.961223
ACAAATTCAGATCTGA-1,0.054066,0.017065,0.928869
ACAACAGCATGAGCTA-1,0.35223,0.211083,0.436686
ACAACGGTCCCTGCGA-1,0.234737,0.035199,0.730064
ACAAGCAGTGCCTAGC-1,0.000034,0.047228,0.952738
ACAAGCTATATGGAAG-1,0.0282,0.000041,0.971759
ACAAGGAAATCCGCCC-1,0.150909,0.008283,0.840808
ACAAGGACAAGAGGTT-1,0.014032,0.028646,0.957322
ACAAGGATGCTTTAGG-1,0.004144,0.075152,0.920704
ACAAGGCCTACCAGCC-1,0.000027,0.012337,0.987636
ACAAGGGCAGGCTCTG-1,0.070978,0.000037,0.928985
ACAATAGTCGTACGTT-1,0.031178,0.000048,0.968774
ACAATCCATTTAAACC-1,0.001417,0.007564,0.991019
ACAATCGATCTTTATA-1,0.008729,0.005543,0.985728
ACAATGAATACGGAGA-1,0.000019,0.055375,0.944606
ACAATGATTCTTCTAC-1,0.000046,0.000046,0.999908
ACAATTGTGTCTCTTT-1,0.000042,0.000042,0.999916
ACAATTTAGGAGGCTC-1,0.00004,0.009171,0.99079
ACAATTTGAGCAGTGG-1,0.990719,0.001031,0.00825
ACAATTTGGCCATATT-1,0.282568,0.000047,0.717385
ACACAAAGACGGGTGG-1,0.031798,0.00336,0.964842
ACACAAATATTCCTAG-1,0.10922,0.082797,0.807983
ACACACCAGGACCAGT-1,0.162532,0.000032,0.837436
ACACACTTTCTACACG-1,0.000031,0.007173,0.992796
ACACATGATCAAATCT-1,0.00003,0.003466,0.996504
ACACATTGACGCAACA-1,0.000025,0.01216,0.987815
ACACATTTCCGTAGAC-1,0.000021,0.004716,0.995263
ACACCACATAATTAGC-1,0.332362,0.000151,0.667487
ACACCCAGCATGCAGC-1,0.015271,0.002632,0.982096
ACACCCGAGAAATCCG-1,0.278121,0.000063,0.721816
ACACCCGTAAATCTGT-1,0.02752,0.00003,0.97245
ACACCGAGCGCTCTTT-1,0.000046,0.000046,0.999907
ACACCGGTCTGACCGC-1,0.001541,0.029692,0.968767
ACACCTTAAGTAGGGC-1,0.004619,0.047628,0.947753
ACACCTTACTACTTGC-1,0.195606,0.319912,0.484482
ACACGAGACTCCTTCT-1,0.194368,0.00007,0.805562
ACACGGCACTATGCAT-1,0.011875,0.014908,0.973217
ACACGGGAACTTAGGG-1,0.997554,0.000272,0.002175
ACACGTAGGCCACAAG-1,0.042435,0.011296,0.94627
ACACTCCAATGTCACT-1,0.035905,0.000056,0.96404
ACACTGATCAAGGTGT-1,0.033333,0.000051,0.966616
ACACTGGGACAGTCGT-1,0.000028,0.005585,0.994387
ACAGAACTGAGAACAA-1,0.05969,0.003541,0.936769
ACAGATTAGGTTAGTG-1,0.071747,0.034714,0.893539
ACAGCATAGAGCCAGT-1,0.000051,0.00335,0.996599
ACAGCGACATTCTCAT-1,0.000032,0.014246,0.985723
ACAGCGCACCCGCAGC-1,0.020289,0.041276,0.938435
ACAGGAGGCGCAGCCG-1,0.00044,0.049732,0.949827
ACAGGCACGGATCCTT-1,0.073926,0.000594,0.925479
ACAGGCTTGCCCGACT-1,0.201733,0.000063,0.798204
ACAGGTGGAGGTGAGG-1,0.000043,0.044905,0.955052
ACAGGTGTGTTGTTGC-1,0.000041,0.000041,0.999918
ACAGTAATACAACTTG-1,0.000064,0.000064,0.999872
ACAGTATACCGTGGGA-1,0.711199,0.000926,0.287874
ACAGTGCAGCGCATTT-1,0.30092,0.052989,0.646091
ACATAAGTCGTGGTGA-1,0.000034,0.010433,0.989534
ACATAATAAGGCGGTG-1,0.030131,0.058634,0.911235
ACATCAGCTGGGACGC-1,0.000115,0.000115,0.99977
ACATCCCGGCCATACG-1,0.360278,0.00005,0.639672
ACATCCTGGTAACTGT-1,0.023576,0.000038,0.976386
ACATCGATCGTTTACC-1,0.291249,0.013843,0.694908
ACATCGGTCAGCCGCG-1,0.067679,0.00006,0.932261
ACATCGTATGCAATGG-1,0.000034,0.018366,0.9816
ACATCGTTAACCTAGT-1,0.000039,0.011704,0.988257
ACATCTCAACGCGTAA-1,0.000029,0.023882,0.976089
ACATGGCGCCAAAGTA-1,0.028475,0.000023,0.971502
ACATGGCTCAATTTAG-1,0.190106,0.00008,0.809814
ACATTAGTTTATATCC-1,0.114382,0.003406,0.882213
ACATTCGCGCGGAATA-1,0.017236,0.00002,0.982744
ACATTTGAAACCTAAC-1,0.000115,0.000021,0.999864
ACCAAACACCCAGCGA-1,0.992798,0.0008,0.006402
ACCAAACTAGAAATCC-1,0.000026,0.000026,0.999947
ACCAACACCACACACT-1,0.832763,0.000603,0.166634
ACCAACCGCACTCCAC-1,0.072764,0.00003,0.927206
ACCAACGCTTATTTAT-1,0.000038,0.000044,0.999918
ACCAAGAACGCGTGTC-1,0.025543,0.000038,0.974419
ACCAAGTCATCGGCAG-1,0.000032,0.000032,0.999937
ACCAATATGCAAGTTA-1,0.000021,0.003142,0.996838
ACCACAACTCAGAACA-1,0.033978,0.963584,0.002438
ACCACAAGTTTCTATC-1,0.000015,0.038661,0.961324
ACCACCAATGTAACAA-1,0.061923,0.001444,0.936633
ACCACCCTCTCTTCTA-1,0.146503,0.000116,0.85338
ACCACGTGCAGCTATA-1,0.024661,0.074234,0.901104
ACCACTGTTCAAGAAG-1,0.058825,0.072877,0.868298
ACCAGACCATAACAAC-1,0.040692,0.006846,0.952462
ACCAGCCCGGTCTTTG-1,0.000028,0.022085,0.977888
ACCAGGAGTGTGATCT-1,0.000031,0.008749,0.99122
ACCAGTGCCCGGTCAA-1,0.00004,0.03043,0.96953
ACCAGTGCGGGAGACG-1,0.000025,0.086392,0.913584
ACCATATCCGCAATAA-1,0.000034,0.029498,0.970468
ACCATCCGCCAACTAG-1,0.000073,0.000073,0.999853
ACCATCGTATATGGTA-1,0.035973,0.007776,0.956251
ACCATTAAGGGTGTCA-1,0.019669,0.004563,0.975769
ACCCAACGCCCGTGGC-1,0.995963,0.000449,0.003588
ACCCACCTACATGCTC-1,0.02423,0.046382,0.929389
ACCCATCTTGAGGGTA-1,0.043508,0.033291,0.923201
ACCCATTTGTCCCTCT-1,0.019412,0.008045,0.972543
ACCCGAGCGAAATTAC-1,0.004093,0.017621,0.978286
ACCCGATTGGTTCCGA-1,0.000023,0.015517,0.98446
ACCCGGAAACTCCCAG-1,0.000021,0.009923,0.990056
ACCCGGAGCACCACAA-1,0.053025,0.000023,0.946953
ACCCGGATGACGCATC-1,0.045937,0.000035,0.954027
ACCCGGTTACACTTCC-1,0.000033,0.09708,0.902887
ACCCGTAGCAGAGAAT-1,0.000055,0.000055,0.99989
ACCCGTAGTCTAGTTG-1,0.04996,0.000025,0.950016
ACCCGTGTCATCAGTA-1,0.097482,0.014068,0.88845
ACCCTATAGGACTGAG-1,0.467825,0.000219,0.531956
ACCCTATGCCATATCG-1,0.03351,0.018693,0.947797
ACCCTCCCGTCAGGGC-1,0.06032,0.055103,0.884577
ACCCTCCCTTGCTATT-1,0.030968,0.000041,0.968991
ACCCTGGTAACGCCCT-1,0.940153,0.000457,0.059391
ACCCTTCATCTGCGAA-1,0.000033,0.017082,0.982886
ACCCTTGCCTGGGTCG-1,0.791595,0.000431,0.207973
ACCCTTTAGTTCTCCA-1,0.008554,0.027769,0.963677
ACCGAAAGGGCCCTGC-1,0.020469,0.02175,0.957781
ACCGAAGAGTCTGGTT-1,0.011638,0.031236,0.957126
ACCGACACATCTCCCA-1,0.000024,0.000024,0.999953
ACCGACTGAGTCCCAC-1,0.001042,0.001257,0.997701
ACCGAGTCTCCTTATT-1,0.000022,0.005226,0.994752
ACCGATAGGCATAACC-1,0.000032,0.000032,0.999937
ACCGATATTTAATCAT-1,0.000964,0.000025,0.999011
ACCGATGGTAGCATCG-1,0.134398,0.000093,0.865509
ACCGCAATAACTGCCT-1,0.113679,0.024948,0.861373
ACCGCGGTGGAAGTCG-1,0.054359,0.047561,0.89808
ACCGGGCCTTTGTTGA-1,0.000045,0.000045,0.99991
ACCGGTCAGGTACACC-1,0.077531,0.056356,0.866114
ACCGGTCTGAGTACGG-1,0.007374,0.000929,0.991697
ACCGTCCACTGGGCCC-1,0.110446,0.000038,0.889516
ACCGTGACCACGTGGG-1,0.000012,0.211855,0.788132
ACCGTTCCCGCTCTGA-1,0.000015,0.003438,0.996547
ACCTAAGTACCTTTCA-1,0.149429,0.000053,0.850518
ACCTAATCGACTTCCT-1,0.000041,0.05582,0.944138
ACCTACAGTATGTGGT-1,0.999524,0.000053,0.000423
ACCTACTATAAATCTA-1,0.016138,0.297424,0.686438
ACCTCCGCCCTCGCTG-1,0.000029,0.008204,0.991767
ACCTCCGTTATTCACC-1,0.063419,0.000034,0.936548
ACCTCGAACTTATGCT-1,0.00575,0.198548,0.795703
ACCTGCGTGTCATGTT-1,0.018178,0.000036,0.981786
ACCTTTCCTTTAGAAG-1,0.000022,0.057776,0.942202
ACGAAATGGGCGGCAC-1,0.003175,0.121725,0.8751
ACGACCCATGAGTTGC-1,0.027277,0.000028,0.972695
ACGACTCTAGGGCCGA-1,0.032004,0.000026,0.96797
ACGACTGGTCATACTC-1,0.000025,0.003901,0.996074
ACGAGAACCCATCACG-1,0.194057,0.056772,0.749172
ACGAGATATTTGCTTA-1,0.031006,0.037844,0.93115
ACGAGGATACCACTCT-1,0.015602,0.00006,0.984338
ACGAGGTTTACAACGT-1,0.000036,0.032628,0.967336
ACGAGTACGGATGCCC-1,0.075314,0.000071,0.924615
ACGAGTCGCCGGCGTT-1,0.032056,0.006869,0.961075
ACGATACATAGAACTA-1,0.391268,0.011539,0.597193
ACGATACCTATCCTGA-1,0.000047,0.093784,0.906169
ACGATCATACATAGAG-1,0.048262,0.017458,0.93428
ACGATCATCTTGTAAA-1,0.041763,0.000029,0.958208
ACGATGCATATGTTAT-1,0.032235,0.000084,0.967681
ACGATGGATCCGATGC-1,0.012997,0.000049,0.986954
ACGCAAACTAATAGAT-1,0.000032,0.000032,0.999936
ACGCAATCACTACAGC-1,0.122184,0.000086,0.87773
ACGCATAAATGACATG-1,0.000042,0.0244,0.975558
ACGCATACGTTTACTA-1,0.027992,0.000037,0.971971
ACGCATTCGTGAGTAC-1,0.110706,0.011463,0.877831
ACGCCAGATGATTTCT-1,0.184173,0.044032,0.771796
ACGCCAGTGCGTTTGC-1,0.076876,0.000034,0.923089
ACGCCCAGCTGTCGAT-1,0.000033,0.015739,0.984229
ACGCCGCTAGACGACC-1,0.02114,0.038587,0.940273
ACGCCTGACACGCGCT-1,0.000025,0.079524,0.920451
ACGCGAAGTCAGACGA-1,0.006067,0.025646,0.968288
ACGCGCTACACAGGGT-1,0.03958,0.124831,0.835589
ACGCGGGCCAAGGACA-1,0.047236,0.000048,0.952716
ACGCGTTTCTTAAGAG-1,0.000063,0.000063,0.999874
ACGCTACTGAATGGGC-1,0.000023,0.013265,0.986712
ACGCTAGTATCAGTGC-1,0.008279,0.008327,0.983394
ACGCTAGTGATACACT-1,0.286835,0.000192,0.712973
ACGCTGTGAGGCGTAG-1,0.000088,0.035734,0.964179
ACGCTTAGTGTCTCTC-1,0.025333,0.005587,0.96908
ACGGAACACGAGTGCC-1,0.025485,0.000023,0.974491
ACGGAATTTAGCAAAT-1,0.000025,0.033657,0.966318
ACGGACTCTCAAAGCG-1,0.00003,0.033595,0.966375
ACGGAGCGCAAATTAC-1,0.992435,0.000841,0.006724
ACGGATGGTGCGGATA-1,0.000031,0.004545,0.995424
ACGGCACTTGCTTGGG-1,0.314225,0.000072,0.685702
ACGGCCAACATGGACT-1,0.016887,0.047324,0.935789
ACGGCGACGATGGGAA-1,0.093881,0.032649,0.87347
ACGGCGGGTTGCCCTG-1,0.173018,0.000062,0.82692
ACGGCTGGATGTAGAA-1,0.000052,0.000052,0.999896
ACGGGAGTGTCGGCCC-1,0.000042,0.000042,0.999917
ACGGGCGTATGCGACA-1,0.175518,0.000064,0.824417
ACGGGTCATGTGACTT-1,0.013588,0.073048,0.913365
ACGGGTTGTGACCTGT-1,0.001101,0.155621,0.843278
ACGGTACAGTTCAATG-1,0.037366,0.000024,0.96261
ACGGTCACCGAGAACA-1,0.006243,0.000026,0.99373
ACGTACAGATTTCTCT-1,0.000042,0.025017,0.974941
ACGTACTTTGGCACGG-1,0.01171,0.011718,0.976572
ACGTAGATTGCTGATG-1,0.037834,0.000058,0.962108
ACGTAGGAGAGTCGCT-1,0.000024,0.000024,0.999951
ACGTATTACTCCGATC-1,0.011611,0.001798,0.986591
ACGTCCTAAACGAGAT-1,0.00003,0.049347,0.950623
ACGTCGGGCAACTCGG-1,0.000062,0.000062,0.999876
ACGTCTCGTTCCGGGA-1,0.000078,0.000078,0.999845
ACGTGACAAAGTAAGT-1,0.088433,0.004642,0.906925
ACGTGCGCCTCGTGCA-1,0.011755,0.001449,0.986796
ACGTGGTCGAATGTGC-1,0.000026,0.009411,0.990563
ACGTTAATGTCGAAGA-1,0.09026,0.000063,0.909677
ACGTTAGATTTGCCCG-1,0.251014,0.003232,0.745754
ACGTTATTGGTCACTC-1,0.038696,0.000112,0.961192
ACGTTCCGCGCTCCGT-1,0.016105,0.000053,0.983842
ACGTTCGCAATCAATT-1,0.071049,0.000032,0.928919
ACGTTCGTTCAGGAAA-1,0.000666,0.003342,0.995992
ACGTTCTGTACAAGTC-1,0.072857,0.032711,0.894432
ACGTTTAGTTGTGATC-1,0.000068,0.029516,0.970416
ACGTTTCGGTGCACTT-1,0.004227,0.00004,0.995733
ACTAAGGACGCACACC-1,0.072799,0.000045,0.927156
ACTAATACGTCAGGCG-1,0.048581,0.00005,0.951369
ACTACAAAGAGAGGTG-1,0.000019,0.001288,0.998693
ACTACATCCCGACAAG-1,0.079176,0.010718,0.910106
ACTACCAGCTCTCTGG-1,0.000042,0.038806,0.961153
ACTACGCGTTAGAATT-1,0.141396,0.026033,0.832571
ACTAGTTGCGATCGTC-1,0.22373,0.398216,0.378053
ACTATATGCTGTGTTC-1,0.015712,0.0446,0.939688
ACTATCCAGGGCATGG-1,0.019103,0.000035,0.980863
ACTATCGCCGGCTAAA-1,0.015133,0.066217,0.91865
ACTATCTGCCCGCGTA-1,0.013317,0.00364,0.983043
ACTATGTCCAGCTGCC-1,0.024614,0.364938,0.610448
ACTATTCGTCCGTGGT-1,0.054735,0.002002,0.943264
ACTATTTCCGGGCCCA-1,0.042302,0.11029,0.847408
ACTCAACGAATGTATT-1,0.07666,0.172224,0.751116
ACTCAAGTGCAAGGCT-1,0.000543,0.000038,0.999419
ACTCAATAAAGGCACG-1,0.000067,0.000067,0.999866
ACTCAGACCTGCTTCT-1,0.012225,0.00006,0.987715
ACTCATGGCAGCCTTC-1,0.037441,0.003304,0.959255
ACTCCAATATCATCAT-1,0.02734,0.000037,0.972622
ACTCCCATTCCTAAAG-1,0.01486,0.000043,0.985097
ACTCCCGAATTCGTTT-1,0.039888,0.000042,0.96007
ACTCCCGTAGACTAGG-1,0.162851,0.000081,0.837068
ACTCCCTAATGCTAAA-1,0.000019,0.092343,0.907637
ACTCCCTAGAATAGTA-1,0.009431,0.000042,0.990527
ACTCCGGCCGACCACT-1,0.018368,0.000026,0.981607
ACTCGATGTATTTCAT-1,0.000059,0.000059,0.999882
ACTCGCCGTTCGATAA-1,0.034408,0.000036,0.965556
ACTCGCGATCTGACGC-1,0.066249,0.003597,0.930154
ACTCGTAACCCGTCCT-1,0.034,0.062579,0.90342
ACTCGTCAGTAATCCC-1,0.317835,0.049514,0.632651
ACTCTAAACCTGGGAT-1,0.027442,0.142531,0.830027
ACTCTCTGACTTAGGT-1,0.032452,0.00005,0.967498
ACTCTCTTATACACGA-1,0.038754,0.043285,0.917961
ACTCTGACCTAATAGA-1,0.076401,0.000032,0.923566
ACTCTTCAGCTCCCGC-1,0.573708,0.000532,0.42576
ACTCTTGTATAGTAAC-1,0.03194,0.042218,0.925842
ACTGAAACGCCGTTAG-1,0.026488,0.012467,0.961046
ACTGAATGGCGAAAGT-1,0.000276,0.000032,0.999692
ACTGATTTAGTGATTC-1,0.021523,0.01592,0.962557
ACTGCCCGCCATTCTC-1,0.058543,0.022091,0.919366
ACTGCCGTCGTAACTC-1,0.000036,0.020097,0.979867
ACTGCGGACACACCGT-1,0.995336,0.000518,0.004146
ACTGCTCGGAAGGATG-1,0.063704,0.019044,0.917252
ACTGGCGAACCTGCGT-1,0.03994,0.004157,0.955903
ACTGGGATGCCAGTGC-1,0.064658,0.036232,0.899109
ACTGTACGATACACAT-1,0.99366,0.000704,0.005635
ACTGTAGCACTTTGGA-1,0.000049,0.000049,0.999903
ACTGTATACGCGAGCA-1,0.093327,0.033467,0.873206
ACTGTCCAGGATTATA-1,0.000042,0.000042,0.999916
ACTGTCTTCTTTAGAA-1,0.077528,0.089761,0.832711
ACTGTGCTAGTAGATC-1,0.058091,0.000097,0.941812
ACTGTTTAGTGTAGGC-1,0.004927,0.004547,0.990526
ACTTACCGGGCGCGCA-1,0.000031,0.000031,0.999937
ACTTACGCATCCACGC-1,0.005709,0.001534,0.992757
ACTTAGTACGACAAGA-1,0.013447,0.032411,0.954141
ACTTATACTTACCCGG-1,0.069115,0.000054,0.930831
ACTTATCTGATCTATA-1,0.042483,0.006003,0.951513
ACTTATTAGGATCGGT-1,0.163051,0.007196,0.829753
ACTTATTTATGTGCCA-1,0.205447,0.005179,0.789374
ACTTCAGGCTGATCCC-1,0.015355,0.010128,0.974517
ACTTCCAGTGGAAGCT-1,0.000096,0.000594,0.999309
ACTTCCATGCGGGACA-1,0.000023,0.004127,0.99585
ACTTCCTGTCGTGCGA-1,0.124296,0.03862,0.837083
ACTTCGCCATACGCAC-1,0.17844,0.091322,0.730238
ACTTCGCTAGCGAGTG-1,0.996738,0.000362,0.002899
ACTTGACTCCCTCTTT-1,0.027382,0.031002,0.941616
ACTTGCCATATTGTAC-1,0.060839,0.010213,0.928949
ACTTGCTCTATCTACC-1,0.009574,0.034192,0.956234
ACTTGGGACCCGGTGG-1,0.043015,0.000074,0.956911
ACTTGTAGTCCCTTCA-1,0.000059,0.000059,0.999882
ACTTGTGGATGGAACG-1,0.086274,0.000038,0.913688
ACTTTACCCTCATGAA-1,0.082637,0.000058,0.917305
ACTTTCCTATAGCTTC-1,0.265878,0.029411,0.704711
ACTTTGACTGCATCCT-1,0.000128,0.000128,0.999745
ACTTTGGTCGTGCTCC-1,0.053506,0.005085,0.941409
ACTTTGTCGACGCACT-1,0.000024,0.015715,0.984261
AGAAATTATGACTCGC-1,0.000021,0.000021,0.999959
AGAACCCAGCGTGACA-1,0.085794,0.000031,0.914175
AGAACCCTCAATTGGG-1,0.000057,0.000057,0.999887
AGAACGTGGTACATTC-1,0.254524,0.000093,0.745382
AGAACTGTACTTTGTA-1,0.004923,0.000271,0.994806
AGAAGAGCGCCGTTCC-1,0.001177,0.001177,0.997646
AGAAGGTACACTTCAC-1,0.022915,0.155587,0.821499
AGAAGGTTGCCGAATT-1,0.00006,0.00006,0.99988
AGAAGGTTGTAGGTCG-1,0.000022,0.067361,0.932618
AGAAGTGATTCGTGAT-1,0.070372,0.000059,0.929569
AGAATAAATCTTCAGG-1,0.000056,0.001413,0.998531
AGAATGCGGGTTCGGA-1,0.000049,0.000049,0.999903
AGAATTATGGATTCGA-1,0.254704,0.000141,0.745155
AGAATTGTTTGACATA-1,0.051722,0.000085,0.948194
AGACAGCTCAGAATCC-1,0.333882,0.000074,0.666044
AGACAGGCATCTCAGC-1,0.383485,0.00005,0.616465
AGACATAGATCCTTCC-1,0.011031,0.000044,0.988925
AGACCAAACCACACCT-1,0.012596,0.000044,0.987359
AGACCATGGGATACAA-1,0.113023,0.015593,0.871384
AGACCCACCGCTGATC-1,0.070591,0.021344,0.908064
AGACCCGCCCTCCTCG-1,0.068751,0.028533,0.902715
AGACCGCTCCGCGGTT-1,0.014373,0.000041,0.985586
AGACCGGGAAACCCTG-1,0.000062,0.000062,0.999875
AGACGAAGTGCCGGTC-1,0.049209,0.05031,0.900481
AGACGACGATGCCGCT-1,0.015065,0.001869,0.983065
AGACGCCCACTTCGCC-1,0.000025,0.02081,0.979164
AGACGGGATTGGTATA-1,0.000027,0.000046,0.999926
AGACGGGCCGATTTAA-1,0.000025,0.007734,0.992241
AGACTAGCCTTCCAGA-1,0.000072,0.000072,0.999857
AGACTGTTACCGGGTC-1,0.000026,0.013224,0.98675
AGAGAAACACCAGAAA-1,0.016137,0.967319,0.016545
AGAGAACCGTCTAGGA-1,0.990997,0.001,0.008003
AGAGAAGGAGTACAAT-1,0.052106,0.006404,0.941489
AGAGATCTCTAAAGCG-1,0.000045,0.000045,0.999911
AGAGCAGTTATGAGAC-1,0.00004,0.012538,0.987421
AGAGCCGCCGAGATTT-1,0.002523,0.084629,0.912848
AGAGCGCTTGTAACGG-1,0.32966,0.000055,0.670285
AGAGCGGGCTAATCAT-1,0.000042,0.000042,0.999917
AGAGCGTACAAGCTCG-1,0.128177,0.005282,0.866541
AGAGCTACGAAAGCAT-1,0.530033,0.0001,0.469867
AGAGGCTTCGGAAACC-1,0.025759,0.000025,0.974216
AGAGGGACAATTGTCC-1,0.042818,0.00005,0.957132
AGAGGTATCTCGGTCC-1,0.000034,0.002593,0.997373
AGAGTAAACTTCACTA-1,0.33879,0.000057,0.661153
AGAGTATAGTGTTACG-1,0.453369,0.000129,0.546503
AGAGTGAACAGACACC-1,0.016185,0.006521,0.977295
AGAGTTAGAGACCGAT-1,0.005048,0.03612,0.958832
AGAGTTGCAGGCCTCC-1,0.038029,0.000041,0.96193
AGATAACTTCAGGGCC-1,0.000062,0.000062,0.999876
AGATACCAATAGAACC-1,0.000031,0.000031,0.999939
AGATACCAGCACTTCA-1,0.310057,0.000073,0.68987
AGATACCGGTGTTCAC-1,0.000035,0.001329,0.998636
AGATACGACTTCATAT-1,0.021833,0.000961,0.977207
AGATACTCAAGATCGA-1,0.018998,0.009779,0.971223
AGATATAATACGACTA-1,0.003674,0.000027,0.996299
AGATCGTGCATAAGAT-1,0.791256,0.001177,0.207568
AGATCTCAGGTGTGAT-1,0.964398,0.000794,0.034808
AGATGACTCGCCCACG-1,0.029691,0.000045,0.970265
AGATGAGGGTTGCGAT-1,0.063856,0.000064,0.93608
AGATGATGGAGTCTGG-1,0.082545,0.000066,0.917389
AGATGCAAGACGTGCA-1,0.026977,0.004062,0.96896
AGATGCATCCTGTGTC-1,0.000044,0.000044,0.999912
AGATGCTATAACGAGC-1,0.128279,0.080856,0.790865
AGATTATAGGACGTTT-1,0.040442,0.000062,0.959496
AGATTCAAGCGGGTCG-1,0.246758,0.00007,0.753172
AGATTCACAACCGATA-1,0.000032,0.000032,0.999935
AGCAAAGGCCGCTAGT-1,0.001868,0.00003,0.998101
AGCAACATATCTTATT-1,0.070601,0.000048,0.929351
AGCAACCGAAAGTAAT-1,0.000022,0.003622,0.996356
AGCACACGTTTAGACT-1,0.000036,0.067163,0.932801
AGCACCAGTACTCACG-1,0.000035,0.043822,0.956143
AGCACTACCGGCCTGT-1,0.000059,0.031851,0.96809
AGCACTACCTCACCAG-1,0.000017,0.008716,0.991267
AGCACTTAAGGACGCC-1,0.142423,0.000058,0.857519
AGCAGAAGGAGAAAGA-1,0.008954,0.000951,0.990094
AGCAGCCAGATGAATA-1,0.308704,0.00005,0.691246
AGCAGTCGAAGCATGC-1,0.007294,0.000038,0.992668
AGCATATCAATATGCT-1,0.000026,0.000026,0.999949
AGCATCATTTCGAAAG-1,0.037971,0.000047,0.961982
AGCATCGTCGATAATT-1,0.043965,0.009351,0.946684
AGCATTACGAGGCAAG-1,0.042376,0.00004,0.957584
AGCCAAGCTTTGTGTC-1,0.063687,0.002155,0.934158
AGCCACAGGTTACCCG-1,0.003666,0.002328,0.994006
AGCCACTCCCGTGCTT-1,0.373623,0.000121,0.626256
AGCCATATAGTATGTG-1,0.044812,0.004016,0.951173
AGCCCATACATGTAAG-1,0.045408,0.012991,0.941602
AGCCCGCAACAAGCAG-1,0.000029,0.000029,0.999941
AGCCCGCACTACAATG-1,0.010437,0.000025,0.989538
AGCCCGGCATTAGAGG-1,0.0189,0.003715,0.977384
AGCCCGGTAGCCTGTA-1,0.000028,0.000028,0.999945
AGCCCTAAGCGAAGTT-1,0.292905,0.013979,0.693116
AGCCCTCCCTGGTGGC-1,0.000035,0.000035,0.999931
AGCCCTGTCGCACCGT-1,0.994826,0.000575,0.004599
AGCCCTTCTAATCCGA-1,0.991587,0.000935,0.007479
AGCCCTTGGACATCCC-1,0.000046,0.004697,0.995257
AGCCGCAAATTCAAAT-1,0.000042,0.046086,0.953872
AGCCGCTTGATTAGCG-1,0.024494,0.061309,0.914197
AGCCGTGGCTAAATGT-1,0.036635,0.030735,0.93263
AGCCTAATACCCACGT-1,0.000072,0.037469,0.962458
AGCCTTAAAGCGGAAG-1,0.298764,0.000056,0.701179
AGCCTTGTCACTGATA-1,0.00003,0.00003,0.99994
AGCGACAGGAACGGTC-1,0.082602,0.071603,0.845795
AGCGACATCCCATTCA-1,0.129993,0.00006,0.869947
AGCGACCAACGATATT-1,0.024406,0.000046,0.975549
AGCGAGACGTGAAGGC-1,0.000021,0.000021,0.999959
AGCGATGCGCCTAATA-1,0.006977,0.000021,0.993002
AGCGCATAATGAATCG-1,0.409671,0.008755,0.581574
AGCGCGGGTGCCAATG-1,0.747814,0.000893,0.251293
AGCGCTAGAGCGATGT-1,0.771139,0.000575,0.228286
AGCGCTTATGGGCAAG-1,0.033429,0.000041,0.96653
AGCGGACACTTCGTAG-1,0.04402,0.020384,0.935596
AGCGGCGGTTAGCGGT-1,0.000048,0.000048,0.999904
AGCGGGAAGGGTCCAT-1,0.000044,0.005706,0.994249
AGCGGGTCTGACACTC-1,0.000035,0.000035,0.999931
AGCGGTTGAGATGTAC-1,0.036142,0.000034,0.963824
AGCGGTTGCCGCTCTG-1,0.288073,0.000079,0.711847
AGCGTACGAGAGCTAG-1,0.128899,0.010357,0.860744
AGCGTAGCGCTAGACC-1,0.000036,0.022743,0.977221
AGCGTCTGAACCCGCA-1,0.129962,0.007942,0.862096
AGCGTGGTATTCTACT-1,0.07393,0.000052,0.926019
AGCGTTCCGATTTAAA-1,0.0713,0.118761,0.809939
AGCTAACAAGCAATGT-1,0.07349,0.003272,0.923238
AGCTAAGTACGCAGGC-1,0.152202,0.014929,0.832869
AGCTAGAAGCAGAAGT-1,0.847949,0.000645,0.151406
AGCTATTTAATCCAAC-1,0.474486,0.000269,0.525246
AGCTCCATATATGTTC-1,0.021931,0.02005,0.958019
AGCTCCTTCGCACATC-1,0.069995,0.000052,0.929953
AGCTCGTTGATGGAAA-1,0.503091,0.000183,0.496725
AGCTCTAGACGTTCCA-1,0.051946,0.041615,0.906439
AGCTCTTCCCAGTGCA-1,0.066252,0.000049,0.933699
AGCTCTTCGTAACCTT-1,0.062967,0.00004,0.936993
AGCTCTTTACTCAGTT-1,0.00007,0.00007,0.999859
AGCTGAAGTAAACCAA-1,0.000093,0.000093,0.999813
AGCTGCATTTGAGGTG-1,0.083061,0.000051,0.916888
AGCTGCTGTGCCGAAT-1,0.096067,0.053959,0.849974
AGCTGTAACCTCAATC-1,0.041833,0.008512,0.949655
AGCTTATAGAGACCTG-1,0.000051,0.006774,0.993174
AGCTTCAATACTTTGA-1,0.000033,0.066918,0.933049
AGCTTCTTCTCGAGCA-1,0.023237,0.000032,0.976732
AGCTTGATCAGGGTAG-1,0.00002,0.000437,0.999543
AGCTTGATCTTAACTT-1,0.00003,0.004361,0.995608
AGGAAAGCCTCTGATG-1,0.004182,0.04792,0.947899
AGGAACGAACGACTTC-1,0.000026,0.000026,0.999949
AGGAAGCTGTCCGCCG-1,0.000031,0.000031,0.999938
AGGACAGTCGAATCCC-1,0.129951,0.000043,0.870006
AGGACATCGCACGTCG-1,0.06897,0.016656,0.914374
AGGACATCGGCACACT-1,0.027897,0.00003,0.972073
AGGACGACCCATTAGA-1,0.000044,0.000044,0.999911
AGGACGCTCGATGTTG-1,0.811816,0.00122,0.186964
AGGACTTATAGGAGAA-1,0.028246,0.013485,0.95827
AGGAGACATCCACAGT-1,0.188881,0.18468,0.626439
AGGAGAGTCTGGCTAC-1,0.744982,0.000355,0.254663
AGGAGGCCTTCGCGCG-1,0.06505,0.000041,0.934909
AGGATAAAGTCGGGAT-1,0.003745,0.033445,0.962811
AGGATATAGGGATTTA-1,0.036304,0.000037,0.963658
AGGATATCCGACTGCA-1,0.020998,0.000025,0.978976
AGGATCACGCGATCTG-1,0.000052,0.000052,0.999895
AGGATTGCTTACGACA-1,0.649144,0.000588,0.350268
AGGCAAAGAGGAATCA-1,0.000043,0.000043,0.999914
AGGCAATACGGAGGAC-1,0.04261,0.042678,0.914712
AGGCACGTGACTGTCC-1,0.033939,0.00004,0.966021
AGGCAGATGCGTAAAC-1,0.992498,0.000834,0.006668
AGGCAGGGAGCGTACT-1,0.000025,0.017032,0.982943
AGGCATTGTCGTAGGG-1,0.06602,0.000032,0.933948
AGGCCACATTGGTTAC-1,0.048899,0.000043,0.951059
AGGCCACCCGTTATGA-1,0.000061,0.000061,0.999877
AGGCCCAGTGACTGGT-1,0.998921,0.00012,0.00096
AGGCCCATTGTACAGG-1,0.11753,0.031653,0.850816
AGGCCCTAGAACGCCA-1,0.000033,0.005763,0.994204
AGGCCTATCATACCAA-1,0.020631,0.000344,0.979025
AGGCCTGAGAATCTCG-1,0.042964,0.118719,0.838317
AGGCGATAACTGGCGT-1,0.000038,0.000038,0.999924
AGGCGGTTTGTCCCGC-1,0.043301,0.000052,0.956648
AGGCGTCTATGGACGG-1,0.274681,0.000079,0.72524
AGGCTATGGTTAGCTT-1,0.036015,0.132462,0.831522
AGGCTTCCCGAAGAAG-1,0.004806,0.054406,0.940788
AGGCTTGCTAGACACC-1,0.187927,0.000127,0.811947
AGGGAAACGAGGTACT-1,0.028801,0.000032,0.971167
AGGGACAGCACGGCGG-1,0.197564,0.000062,0.802375
AGGGACCGGCTGCGTT-1,0.098885,0.000073,0.901042
AGGGACTCTACGCGAC-1,0.015166,0.145708,0.839127
AGGGAGACATACTTCG-1,0.084201,0.000056,0.915743
AGGGCAGCGGCGTGGT-1,0.000035,0.021581,0.978384
AGGGCCCTAATGTTCT-1,0.000023,0.000023,0.999954
AGGGCGAGCAGCTGAT-1,0.000033,0.002436,0.997532
AGGGCGTGATCGGCTA-1,0.018601,0.020648,0.960751
AGGGCTGCAGTTACAG-1,0.029364,0.005919,0.964717
AGGGTCAGAGCACTCG-1,0.002441,0.016736,0.980822
AGGGTCAGTAACCCTA-1,0.261702,0.000036,0.738262
AGGGTCGATGCGAACT-1,0.028598,0.000026,0.971376
AGGGTCTGGACGCAGT-1,0.000029,0.000029,0.999942
AGGGTGCCGTTCTTTA-1,0.000027,0.008689,0.991285
AGGGTGCTCTCGAGGG-1,0.055152,0.000043,0.944805
AGGGTGGATAGTGCAT-1,0.095513,0.007695,0.896793
AGGGTGTGCTACACGC-1,0.052359,0.04976,0.897881
AGGGTTCAGACGGTCC-1,0.064834,0.00004,0.935126
AGGGTTCCCTTTGGTT-1,0.88522,0.000813,0.113967
AGGGTTTAGTTCGGGA-1,0.069321,0.001571,0.929109
AGGTAACCTCCTATTC-1,0.940948,0.000068,0.058984
AGGTACGATATTGCCA-1,0.00004,0.008683,0.991277
AGGTAGATCGAGATAT-1,0.073824,0.024189,0.901987
AGGTAGGTACAAAGCT-1,0.000025,0.380271,0.619704
AGGTATAATTGATAGT-1,0.066447,0.000057,0.933496
AGGTATGCGGACATTA-1,0.874742,0.000422,0.124836
AGGTCAGGTGAGAGTG-1,0.013166,0.000043,0.986791
AGGTCGCCACTTCGGT-1,0.000031,0.027097,0.972872
AGGTCGCCTCCCAACA-1,0.015348,0.000024,0.984628
AGGTCGCGGAGTTACT-1,0.103497,0.000063,0.896439
AGGTGCACGTCCACAT-1,0.000027,0.000027,0.999946
AGGTGGTGACCTTCGC-1,0.041143,0.021536,0.937321
AGGTGTATCGCCATGA-1,0.00006,0.00006,0.999879
AGGTGTTGCCGACCAC-1,0.015164,0.000027,0.984809
AGGTTACACCATGCCG-1,0.137767,0.000039,0.862194
AGGTTCTCCTTTCCGG-1,0.000041,0.000041,0.999917
AGGTTGAGGCACGCTT-1,0.03952,0.010926,0.949554
AGGTTTCACACACCTT-1,0.268386,0.00408,0.727534
AGTAACGTTCATCCTG-1,0.283016,0.000061,0.716923
AGTAACTATAGCAGCC-1,0.031443,0.000026,0.968531
AGTAATCTAAGGGTGG-1,0.033598,0.000039,0.966363
AGTAATGTCTTGCCGC-1,0.075621,0.027004,0.897375
AGTAATTTGCAAGCGT-1,0.000035,0.000035,0.99993
AGTACAGAAGCTTATA-1,0.020225,0.006963,0.972812
AGTACATCATTTATCA-1,0.395449,0.000096,0.604455
AGTACCTTCGAGTGCT-1,0.000048,0.000048,0.999904
AGTACGGCCCGTATCG-1,0.000053,0.000053,0.999894
AGTACGGGCACCTGGC-1,0.630441,0.000179,0.36938
AGTACGTGGCCTGTCT-1,0.060128,0.01442,0.925452
AGTACTCTTATGCCCA-1,0.171921,0.000028,0.828052
AGTAGAAGGCGCCTCA-1,0.000025,0.000025,0.99995
AGTAGCGTGAACGAAC-1,0.000021,0.012888,0.98709
AGTAGCTAGACGCCGA-1,0.013675,0.009351,0.976974
AGTAGGAAGGAAGTTG-1,0.057228,0.053552,0.889219
AGTAGGTAACATACAT-1,0.015478,0.000032,0.98449
AGTATAATACTAGGCA-1,0.056971,0.000072,0.942957
AGTATACACAGCGACA-1,0.029054,0.000031,0.970914
AGTATCCATAATAACG-1,0.000052,0.000052,0.999896
AGTATGCTGGAGACCA-1,0.006949,0.017009,0.976043
AGTATTTGGCACGACC-1,0.051199,0.000045,0.948756
AGTCAAATGATGTGAT-1,0.031694,0.00172,0.966586
AGTCAACACCACCATC-1,0.000037,0.000415,0.999548
AGTCAAGATGACACTT-1,0.00005,0.00005,0.999901
AGTCACTAGCTCTCGA-1,0.245163,0.009919,0.744918
AGTCACTCCGCCTCAT-1,0.210856,0.000115,0.789029
AGTCAGCCACCGCCTG-1,0.009532,0.009374,0.981093
AGTCCAGCGGGTACGT-1,0.008802,0.000057,0.991141
AGTCCATTGGCTGATG-1,0.092793,0.010663,0.896544
AGTCCCGCCTTTAATT-1,0.059224,0.000076,0.9407
AGTCCCTCGCAGAAAG-1,0.098089,0.000031,0.90188
AGTCGAAACGATTCAG-1,0.036896,0.000045,0.963059
AGTCGACGGTCTCAAG-1,0.041056,0.004354,0.95459
AGTCGGCCCAAACGAC-1,0.008409,0.000044,0.991547
AGTCGGCTCAACTTTA-1,0.441139,0.000056,0.558805
AGTCGGTTGCGTGAGA-1,0.111825,0.079531,0.808644
AGTCGTATAAAGCAGA-1,0.000024,0.063815,0.936161
AGTCGTCGACCACCAA-1,0.021216,0.022147,0.956637
AGTCGTGGGCATTACG-1,0.058204,0.00006,0.941737
AGTCTAAAGTATACTC-1,0.073531,0.000047,0.926422
AGTCTCACAAGACTAC-1,0.000038,0.000038,0.999924
AGTCTGGACATCCTTG-1,0.095617,0.000058,0.904325
AGTCTTCTCCTCAAAT-1,0.005408,0.000044,0.994547
AGTCTTTAAAGTGTCC-1,0.000024,0.032907,0.967069
AGTGAACAAACTTCTC-1,0.104906,0.000045,0.895049
AGTGAAGATGGTGTCC-1,0.218086,0.000073,0.781841
AGTGACCTACTTTACG-1,0.007755,0.010985,0.98126
AGTGACTGTGACACAA-1,0.000022,0.081649,0.918329
AGTGAGACTTCCAGTA-1,0.178264,0.000063,0.821673
AGTGAGCCTCGCCGCC-1,0.050168,0.000051,0.949781
AGTGAGGGTTTCTGAC-1,0.154631,0.005301,0.840068
AGTGAGTCGAATTAAC-1,0.01332,0.01421,0.97247
AGTGATAACCTGCGCG-1,0.023153,0.000024,0.976823
AGTGATATGAGTAGTT-1,0.007936,0.000045,0.992019
AGTGATTCAAGCAGGA-1,0.598801,0.001282,0.399917
AGTGCACGCTTAAGAA-1,0.195624,0.000027,0.804349
AGTGCGTAGCTCGTAA-1,0.054206,0.022241,0.923552
AGTGCTAAACACAGCA-1,0.001021,0.003069,0.99591
AGTGCTTGCACGAATA-1,0.041262,0.000051,0.958687
AGTGGCCCGCAAATGG-1,0.000013,0.008401,0.991586
AGTGGCGGCAATTTGA-1,0.993428,0.00073,0.005842
AGTGGCGTCTGAAGGT-1,0.000033,0.000033,0.999934
AGTGGCTCCGTCGGCC-1,0.000186,0.004861,0.994952
AGTGGGAGTATACACG-1,0.014332,0.0277,0.957969
