Barcode,Topic 1,Topic 2,Topic 3to4,Topic 5,Topic 6
AAACAAGTATCTCCCA-1,0.432712,0.000099,0.021239,0.175905,0.370044
AAACAATCTACTAGCA-1,0.003264,0.064946,0.104923,0.209067,0.617799
AAACACCAATAACTGC-1,0.031275,0.058231,0.444641,0.363976,0.101877
AAACAGAGCGACTCCT-1,0.061395,0.055052,0.153398,0.453062,0.277093
AAACAGCTTTCAGAAG-1,0.184694,0.044461,0.007679,0.009555,0.75361
AAACAGGGTCTATATT-1,0.006479,0.148893,0.290973,0.519099,0.034556
AAACATGGTGAGAGGA-1,0.037182,0.06243,0.572113,0.186604,0.141671
AAACATTTCCCGGATT-1,0.062307,0.064189,0.458627,0.271047,0.143831
AAACCCGAACGAAATC-1,0.287964,0.22036,0.325981,0.039353,0.126342
AAACCGGAAATGTTAA-1,0.554355,0.000207,0.107354,0.028674,0.309409
AAACCGGGTAGGTACC-1,0.015292,0.222641,0.536364,0.221223,0.004479
AAACCGTTCGTCCAGG-1,0.000081,0.034216,0.277604,0.441924,0.246174
AAACCTAAGCAGCCGG-1,0.685124,0.001744,0.006065,0.22166,0.085408
AAACCTCATGAAGTTG-1,0.047588,0.065279,0.529103,0.317662,0.040368
AAACGAAGAACATACC-1,0.058204,0.042788,0.171336,0.626604,0.101067
AAACGAAGATGGAGTA-1,0.004456,0.015075,0.534182,0.099594,0.346692
AAACGAGACGGTTGAT-1,0.030235,0.106985,0.859096,0.003646,0.000038
AAACGCCCGAGATCGG-1,0.120977,0.087594,0.135939,0.421477,0.234012
AAACGCTGGGCACGAC-1,0.006906,0.041442,0.839595,0.082701,0.029357
AAACGGGCGTACGGGT-1,0.055784,0.026235,0.349228,0.092502,0.476252
AAACGGTTGCGAACTG-1,0.296752,0.024121,0.384022,0.199938,0.095167
AAACGTGTTCGCCCTA-1,0.186513,0.157894,0.543269,0.078235,0.03409
AAACTAACGTGGCGAC-1,0.202227,0.035235,0.572921,0.111768,0.077849
AAACTCGGTTCGCAAT-1,0.000324,0.084907,0.401496,0.170273,0.343
AAACTCGTGATATAAG-1,0.153409,0.082228,0.310878,0.243003,0.210481
AAACTGCTGGCTCCAA-1,0.033032,0.058382,0.622002,0.269868,0.016716
AAACTTAATTGCACGC-1,0.000046,0.093764,0.420116,0.273598,0.212475
AAACTTGCAAACGTAT-1,0.008903,0.085252,0.367694,0.509938,0.028213
AAAGAATGACCTTAGA-1,0.364849,0.010714,0.076053,0.039535,0.508849
AAAGAATGTGGACTAA-1,0.100866,0.153117,0.603615,0.113576,0.028826
AAAGACCCAAGTCGCG-1,0.037573,0.039867,0.257831,0.42869,0.23604
AAAGACTGGGCGCTTT-1,0.001471,0.037515,0.009634,0.711105,0.240276
AAAGCTTGCCTACATA-1,0.012041,0.054438,0.628091,0.116564,0.188867
AAAGGCCCTATAATAC-1,0.06344,0.02886,0.330921,0.269768,0.30701
AAAGGCTACGGACCAT-1,0.020019,0.059932,0.375733,0.174228,0.37009
AAAGGCTCTCGCGCCG-1,0.036235,0.088439,0.476805,0.294104,0.104416
AAAGGGATGTAGCAAG-1,0.064813,0.025751,0.440595,0.41658,0.05226
AAAGGGCAGCTTGAAT-1,0.796851,0.00006,0.000121,0.023347,0.179621
AAAGGTAAGCTGTACC-1,0.306291,0.066281,0.4489,0.007944,0.170584
AAAGTAGCATTGCTCA-1,0.095896,0.298786,0.232664,0.336745,0.035909
AAAGTCACTGATGTAA-1,0.060981,0.024413,0.309282,0.193073,0.412252
AAAGTCGACCCTCAGT-1,0.056462,0.036768,0.054114,0.563597,0.289059
AAAGTGCCATCAATTA-1,0.049918,0.058001,0.514535,0.24892,0.128626
AAAGTGTGATTTATCT-1,0.053442,0.021878,0.774383,0.147285,0.003012
AAAGTTGACTCCCGTA-1,0.058024,0.031182,0.743991,0.101659,0.065145
AAATAACCATACGGGA-1,0.099194,0.040084,0.543405,0.117527,0.19979
AAATAAGGTAGTGCCC-1,0.126856,0.123981,0.586017,0.119423,0.043724
AAATACCTATAAGCAT-1,0.003006,0.059131,0.671521,0.255424,0.010919
AAATAGCTTAGACTTT-1,0.026888,0.015985,0.917376,0.033938,0.005814
AAATAGGGTGCTATTG-1,0.131914,0.035869,0.796134,0.026869,0.009213
AAATCCGATACACGCC-1,0.250627,0.255623,0.150735,0.116308,0.226707
AAATCGCGGAAGGAGT-1,0.050492,0.034862,0.155713,0.305154,0.453779
AAATCGTGTACCACAA-1,0.030938,0.024144,0.37056,0.224679,0.349679
AAATCTAGCCCTGCTA-1,0.291907,0.023889,0.289872,0.317579,0.076753
AAATCTGCCCGCGTCC-1,0.00005,0.015881,0.343871,0.084362,0.555836
AAATGATTCGATCAGC-1,0.094705,0.133622,0.349374,0.228724,0.193576
AAATGCTCGTTACGTT-1,0.117832,0.137612,0.435485,0.309011,0.00006
AAATGGCATGTCTTGT-1,0.892194,0.000111,0.000221,0.000111,0.107364
AAATGGCCCGTGCCCT-1,0.419157,0.000065,0.019642,0.449097,0.112037
AAATGGTCAATGTGCC-1,0.107659,0.054713,0.258317,0.180812,0.398499
AAATGTATCTTATCCC-1,0.366356,0.514499,0.026471,0.000937,0.091737
AAATTAACGGGTAGCT-1,0.411359,0.041019,0.415672,0.09147,0.04048
AAATTAATAAGCGCGA-1,0.648224,0.062672,0.014288,0.145398,0.129418
AAATTACACGACTCTG-1,0.057417,0.005277,0.247067,0.207349,0.48289
AAATTACCTATCGATG-1,0.143118,0.093572,0.436401,0.203347,0.123562
AAATTCCAGGTCCAAA-1,0.112182,0.060447,0.356454,0.266107,0.204811
AAATTGATAGTCCTTT-1,0.031742,0.044825,0.309517,0.57825,0.035666
AAATTGCGGCGGTTCT-1,0.006441,0.017659,0.025575,0.501955,0.44837
AAATTGGTGAGAAGCA-1,0.045049,0.151362,0.68034,0.042661,0.080589
AAATTTACCGAAATCC-1,0.108098,0.18902,0.448727,0.212078,0.042077
AAATTTGCGGGTGTGG-1,0.003887,0.127754,0.159144,0.517285,0.19193
AACAACTGGTAGTTGC-1,0.172361,0.033176,0.171207,0.528616,0.09464
AACAATACATTGTCGA-1,0.040275,0.039058,0.44765,0.297,0.176018
AACAATTACTCTACGC-1,0.000098,0.00913,0.076314,0.85852,0.055938
AACACACGCTCGCCGC-1,0.644266,0.032566,0.132063,0.058269,0.132836
AACACGACTGTACTGA-1,0.081144,0.110718,0.452442,0.299553,0.056143
AACACGAGACGCGGCC-1,0.000048,0.045985,0.265623,0.686764,0.001581
AACACGCGGCCGCGAA-1,0.000058,0.033662,0.120827,0.75875,0.086702
AACAGCTGTGTGGCAA-1,0.014118,0.015386,0.5353,0.405147,0.030048
AACAGGAAATCGAATA-1,0.032527,0.005149,0.316322,0.4233,0.222702
AACAGGATGGGCCGCG-1,0.139078,0.10774,0.220493,0.478822,0.053867
AACAGGTAGTATGGAT-1,0.311354,0.030416,0.237858,0.33507,0.085302
AACATATCAACTGGTG-1,0.000062,0.039522,0.435395,0.215836,0.309185
AACATCGATACGTCTA-1,0.386951,0.025604,0.063049,0.222468,0.301928
AACATTGAAGTTGATC-1,0.040481,0.02787,0.853104,0.061833,0.016713
AACATTGTGACTCGAG-1,0.034632,0.12704,0.562698,0.049829,0.225802
AACCAAGACTTCTCTG-1,0.000076,0.035043,0.049434,0.838458,0.076988
AACCAGTATCACTCTT-1,0.12916,0.028434,0.566456,0.228441,0.047509
AACCATAGGGTTGAAC-1,0.000058,0.006824,0.380999,0.282872,0.329247
AACCATGGGATCGCTA-1,0.000091,0.000091,0.029835,0.753044,0.216938
AACCCAGAGACGGAGA-1,0.000076,0.008682,0.064964,0.700414,0.225864
AACCCATCCCATGATC-1,0.009178,0.031862,0.717937,0.224494,0.016529
AACCCGACAACCCGTG-1,0.169893,0.027022,0.349049,0.254513,0.199523
AACCCGAGCAGAATCG-1,0.011749,0.069921,0.584151,0.237563,0.096616
AACCCGATAGGGCTTC-1,0.142052,0.0479,0.804938,0.002171,0.002939
AACCCTACTGTCAATA-1,0.123162,0.193803,0.309586,0.197222,0.176227
AACCCTGGTGGAACCA-1,0.046369,0.020051,0.221912,0.381914,0.329754
AACCGAGCTTGGTCAT-1,0.014959,0.024372,0.834452,0.05337,0.072847
AACCGCTAAGGGATGC-1,0.014405,0.140631,0.440794,0.226532,0.177637
AACCGTTGTGTTTGCT-1,0.000083,0.016237,0.608683,0.070481,0.304516
AACCTCGCTTTAGCCC-1,0.760481,0.000055,0.007449,0.126234,0.105781
AACCTGTCACGGAATT-1,0.022534,0.099812,0.846117,0.023214,0.008323
AACCTTTAAATACGGT-1,0.000073,0.065941,0.340394,0.044277,0.549315
AACCTTTACGACGTCT-1,0.003254,0.094697,0.420169,0.313941,0.167939
AACGAAAGTCGTCCCA-1,0.000031,0.021137,0.789911,0.17704,0.011881
AACGACCTCCTAGCCG-1,0.046887,0.011485,0.326347,0.234623,0.380658
AACGATAATGCCGTAG-1,0.000083,0.028091,0.521589,0.351768,0.09847
AACGATAGAAGGGCCG-1,0.000503,0.01574,0.744103,0.144887,0.094768
AACGATATGTCAACTG-1,0.000487,0.051571,0.474988,0.180643,0.292312
AACGCATGATCTGGGT-1,0.016187,0.116442,0.404852,0.275542,0.186977
AACGCGAACGGCAACA-1,0.159426,0.037715,0.006639,0.68626,0.10996
AACGCGACCTTGGGCG-1,0.008428,0.017086,0.974446,0.00002,0.00002
AACGCGGTCTCCAGCC-1,0.197048,0.098107,0.673571,0.031209,0.000065
AACGCTGTTGCTGAAA-1,0.056728,0.007966,0.828683,0.014078,0.092546
AACGGACGTACGTATA-1,0.294215,0.001486,0.213151,0.024307,0.466841
AACGGCCATCTCCGGT-1,0.447649,0.017537,0.167364,0.208151,0.159299
AACGTACTGTGGGTAC-1,0.003394,0.167313,0.805929,0.023309,0.000054
AACGTCAGACTAGTGG-1,0.000101,0.081632,0.078274,0.396081,0.443913
AACGTCGCTGCACTTC-1,0.078746,0.135856,0.523038,0.223786,0.038574
AACGTGATGAAGGACA-1,0.138995,0.022072,0.431232,0.255458,0.152244
AACGTGCGAAAGTCTC-1,0.014492,0.099529,0.532721,0.148955,0.204302
AACGTTATCAGCACCT-1,0.013867,0.017628,0.000209,0.293544,0.674751
AACTACCCGTTTGTCA-1,0.662139,0.042429,0.058194,0.105156,0.132082
AACTAGCGTATCGCAC-1,0.002285,0.060246,0.35028,0.363613,0.223576
AACTAGGCTTGGGTGT-1,0.018488,0.021708,0.742196,0.028355,0.189253
AACTCAAGTTAATTGC-1,0.03245,0.052325,0.231974,0.476136,0.207117
AACTCCAGAGCGTGTT-1,0.259425,0.041989,0.601812,0.089313,0.007461
AACTCCTAATCCCATG-1,0.067264,0.232583,0.53869,0.138655,0.022807
AACTCGATAAACACGT-1,0.896781,0.000098,0.000196,0.045475,0.057449
AACTCGATGGCGCAGT-1,0.000047,0.267252,0.307359,0.425295,0.000047
AACTCTCAATAGAGCG-1,0.002231,0.056675,0.572976,0.256581,0.111537
AACTCTCAGTGTGCTC-1,0.048546,0.031151,0.508515,0.12212,0.289668
AACTGAGGTCAGCGTC-1,0.395939,0.008506,0.102419,0.092158,0.400977
AACTGAGTTATACTGA-1,0.996858,0.000628,0.001256,0.000628,0.000629
AACTGATATTAGGCCT-1,0.10852,0.042535,0.702753,0.126025,0.020166
AACTGGGTCCCGACGT-1,0.031456,0.005634,0.936448,0.024943,0.001519
AACTGGTGTGGGCCTT-1,0.003313,0.023042,0.348179,0.410324,0.215143
AACTTCTGCGTCTATC-1,0.006141,0.012428,0.003944,0.593112,0.384375
AACTTGCCCGTATGCA-1,0.000122,0.006036,0.033658,0.920332,0.039852
AACTTGCGTTCTCGCG-1,0.000065,0.141352,0.097369,0.76115,0.000065
AACTTTACGGGAGCTT-1,0.188618,0.198704,0.01262,0.178512,0.421547
AACTTTAGCTGCTGAG-1,0.002324,0.052194,0.171733,0.533667,0.240082
AACTTTCTCGATCATG-1,0.014113,0.063937,0.685099,0.141353,0.095498
AAGAAATCACCAGATT-1,0.003018,0.111536,0.407924,0.096014,0.381507
AAGAAGGATCAGTTAG-1,0.000043,0.238836,0.375655,0.380351,0.005115
AAGACATACGTGGTTT-1,0.000042,0.029228,0.720451,0.240466,0.009813
AAGACCAAATAACTCA-1,0.037976,0.057462,0.17004,0.555021,0.179501
AAGACCCAACTGAACA-1,0.287693,0.012426,0.287225,0.005086,0.407569
AAGACTAACCCGTTGT-1,0.015537,0.409501,0.137711,0.408997,0.028254
AAGACTGCAAGCTACT-1,0.123381,0.039585,0.716496,0.075425,0.045113
AAGAGATGAATCGGTA-1,0.02654,0.032259,0.187419,0.316856,0.436925
AAGAGCTCTTTATCGG-1,0.000058,0.288158,0.650772,0.054132,0.006881
AAGAGGATGTACGCGA-1,0.000058,0.016733,0.643093,0.337643,0.002473
AAGAGGCATGGATCGC-1,0.002566,0.40701,0.342593,0.076493,0.171338
AAGAGGCCCTTTGGAA-1,0.002478,0.04602,0.829751,0.102951,0.018801
AAGATGGCACCGGACC-1,0.108417,0.033408,0.489127,0.200678,0.168371
AAGATTGGCGGAACGT-1,0.058563,0.034523,0.825992,0.075193,0.005729
AAGCACCCTGCGTATC-1,0.004407,0.30142,0.301802,0.029621,0.362751
AAGCATACTCTCCTGA-1,0.00061,0.143564,0.428216,0.232594,0.195016
AAGCCGAAGCGGTTTA-1,0.599712,0.036232,0.11362,0.219226,0.031209
AAGCCGCCGTGAAATC-1,0.006085,0.049175,0.392381,0.276149,0.27621
AAGCCGCTTTACCTTG-1,0.000916,0.108955,0.614004,0.140951,0.135175
AAGCCGGAGAGCAGGA-1,0.200971,0.046617,0.333052,0.322176,0.097184
AAGCGCAGGGCTTTGA-1,0.202589,0.424691,0.118489,0.050927,0.203306
AAGCGGAGTGCGCGCA-1,0.004073,0.056875,0.728501,0.02005,0.190501
AAGCGGCGTCATGGGT-1,0.189644,0.091451,0.497171,0.139156,0.082578
AAGCGTCCCTCATCGA-1,0.026763,0.079102,0.622618,0.179418,0.092098
AAGCTAGATCGAGTAA-1,0.000548,0.061076,0.590302,0.240105,0.10797
AAGCTCGTGCCAAGTC-1,0.040624,0.143158,0.559963,0.168722,0.087533
AAGCTCTTTCATGGTG-1,0.659439,0.000949,0.080493,0.05466,0.204459
AAGGAGCGGTTGGTGC-1,0.036,0.080076,0.440854,0.30415,0.13892
AAGGATCGATCGCTTG-1,0.380736,0.014503,0.193815,0.111691,0.299256
AAGGATGAGGGACCTC-1,0.014921,0.018364,0.872831,0.088835,0.005049
AAGGCAGGCTGTCTCC-1,0.153721,0.135546,0.497663,0.112383,0.100686
AAGGCGCGTAAAGCTT-1,0.000063,0.04152,0.031615,0.516965,0.409837
AAGGCTGTGCTCATCG-1,0.079007,0.145027,0.440357,0.213307,0.122302
AAGGGAACGACTGGCT-1,0.000044,0.034061,0.448189,0.184825,0.33288
AAGGGACAGATTCTGT-1,0.043811,0.484554,0.471595,0.00002,0.00002
AAGGGACTATGCATTC-1,0.000081,0.006169,0.755395,0.238192,0.000162
AAGGGTTTGATTTCAG-1,0.015084,0.098355,0.263557,0.254768,0.368237
AAGGTATCCTAATATA-1,0.000055,0.025926,0.758819,0.060945,0.154255
AAGGTGATAAACCAGC-1,0.024093,0.041351,0.848241,0.071445,0.014871
AAGTAGAAGACCGGGT-1,0.114242,0.052475,0.640228,0.121104,0.071951
AAGTAGTGACGCGAGG-1,0.000091,0.045104,0.397127,0.557587,0.000091
AAGTCAATTGTCGTCA-1,0.025826,0.038968,0.926864,0.007615,0.000727
AAGTCTAGTAGCTGCC-1,0.021981,0.182565,0.502131,0.050138,0.243185
AAGTCTTCTGTGGCCT-1,0.153329,0.333352,0.0853,0.256969,0.17105
AAGTGACGACCGAATT-1,0.000059,0.064414,0.196127,0.459713,0.279687
AAGTGAGTCGGGTTTA-1,0.081655,0.013014,0.809549,0.093294,0.002487
AAGTGCAAAGGTAGAC-1,0.134818,0.001882,0.055748,0.568768,0.238784
AAGTGCCTTGACTGTA-1,0.122261,0.027252,0.507613,0.115496,0.227378
AAGTGCGTTAGAATCT-1,0.019687,0.068427,0.457313,0.353571,0.101003
AAGTGCTTCTCTATTG-1,0.221797,0.046949,0.493108,0.068851,0.169295
AAGTGTTTGGAGACGG-1,0.107594,0.039695,0.699455,0.13659,0.016666
AAGTTCACTCCAAGCT-1,0.316862,0.2664,0.330633,0.058601,0.027504
AAGTTCAGTCTGCGTA-1,0.100612,0.018709,0.201766,0.276594,0.402319
AAGTTCGGCCAACAGG-1,0.004117,0.018904,0.578517,0.243114,0.155349
AAGTTGTGATGTTATA-1,0.006955,0.076399,0.719591,0.153841,0.043213
AAGTTTACTAATGGCA-1,0.002766,0.049278,0.448751,0.480492,0.018713
AAGTTTATGGGCCCAA-1,0.111459,0.086418,0.169176,0.50246,0.130488
AATAACAACGCTCGGC-1,0.027148,0.069793,0.295073,0.471425,0.136561
AATAACACTAGAACAA-1,0.002596,0.011427,0.709984,0.227497,0.048497
AATAAGTCCTCGAGAC-1,0.086163,0.033571,0.255328,0.424835,0.200103
AATAATCTTCGTATCG-1,0.997929,0.000414,0.000829,0.000414,0.000414
AATACAATGTTTCAGG-1,0.075965,0.109798,0.162856,0.644551,0.006829
AATACCGGAGGGCTGT-1,0.055718,0.931223,0.013024,0.000017,0.000017
AATAGAACAGAGTGGC-1,0.279316,0.020782,0.486503,0.19196,0.021439
AATAGAATCTGTTTCA-1,0.033754,0.079564,0.824979,0.045897,0.015807
AATAGCAAGCCTCCTG-1,0.269633,0.033226,0.328927,0.072174,0.29604
AATAGCTACCGCGTGC-1,0.064686,0.093301,0.223218,0.186119,0.432676
AATAGTCCGTCCCGAC-1,0.007081,0.090743,0.605567,0.2121,0.08451
AATAGTCGCGAGTCGG-1,0.176108,0.0001,0.0002,0.334692,0.488899
AATATCAAGGTCGGAT-1,0.011199,0.01485,0.138096,0.702403,0.133452
AATATCCTAGCAAACT-1,0.520125,0.037478,0.011369,0.081517,0.349511
AATATCGAATCAATGC-1,0.687272,0.000364,0.000728,0.009949,0.301687
AATATCGAGGGTTCTC-1,0.00997,0.15105,0.393739,0.327048,0.118193
AATATTGGAGTATTGA-1,0.085619,0.000102,0.039618,0.494043,0.380618
AATCAGACTGCAGGAC-1,0.000043,0.508469,0.20718,0.279532,0.004775
AATCAGGTTTCATTTA-1,0.025605,0.045046,0.191707,0.114662,0.62298
AATCATGTAAAGACTC-1,0.018537,0.054517,0.402512,0.470426,0.054008
AATCCAAGGGCCTGAG-1,0.039318,0.022696,0.708241,0.140656,0.089089
AATCCATGCAAGGGTG-1,0.000039,0.142913,0.244697,0.612313,0.000039
AATCGCCTCAGCGCCA-1,0.011922,0.150338,0.481114,0.164266,0.192361
AATCGCGCAGAGGACT-1,0.260077,0.040382,0.582873,0.084295,0.032373
AATCGGGACACTACGA-1,0.047763,0.116542,0.175804,0.488727,0.171163
AATCGGTATAGCCCTC-1,0.134298,0.11517,0.534258,0.139894,0.076381
AATCGTGAGCCGAGCA-1,0.602076,0.058976,0.116463,0.116191,0.106294
AATCTAGGTTTACTTG-1,0.015984,0.032578,0.458968,0.357705,0.134765
AATCTATGCCGGAGCC-1,0.055878,0.042038,0.179994,0.289345,0.432745
AATCTCTACTGTGGTT-1,0.12938,0.024836,0.000176,0.083386,0.762221
AATCTGCGTTGGGACG-1,0.005433,0.04411,0.438776,0.311994,0.199687
AATCTGGCTTTCTAGT-1,0.000087,0.017813,0.102356,0.866019,0.013724
AATCTGGGTAGACCCT-1,0.081603,0.074102,0.581247,0.250693,0.012355
AATGACAGCAATGTCT-1,0.056013,0.037117,0.049619,0.777806,0.079445
AATGACGTAGGATGTC-1,0.054128,0.235209,0.66834,0.005939,0.036383
AATGACTGTCAGCCGG-1,0.086519,0.063559,0.492923,0.273125,0.083874
AATGAGTTCGCATATG-1,0.068898,0.151764,0.206256,0.469354,0.103728
AATGATGATACGCTAT-1,0.04621,0.025392,0.505405,0.05202,0.370972
AATGATGCGACTCCTG-1,0.121544,0.073192,0.139226,0.123735,0.542303
AATGCAACCGGGTACC-1,0.023918,0.041183,0.756829,0.162656,0.015413
AATGCACCAAGCAATG-1,0.034141,0.513415,0.238717,0.173586,0.040141
AATGGTCCACCGTTCA-1,0.183703,0.00271,0.002984,0.712758,0.097845
AATGGTTCTCACAAGC-1,0.000519,0.01442,0.22782,0.691842,0.065399
AATGTATGGCACTGTA-1,0.00008,0.032615,0.397413,0.41238,0.157511
AATGTGCCCGAGGTGT-1,0.141937,0.022768,0.471861,0.360134,0.0033
AATGTGCTAATCTGAG-1,0.038051,0.044135,0.831821,0.083819,0.002174
AATGTTGTCGTGAGAC-1,0.073261,0.071534,0.838241,0.01584,0.001124
AATTAAAGGTCGGCGT-1,0.026545,0.061525,0.76396,0.131739,0.01623
AATTAACGGATTTCCA-1,0.047758,0.0452,0.422384,0.285463,0.199195
AATTACGAGACCCATC-1,0.002469,0.046962,0.627458,0.259859,0.063253
AATTACTCGTACGCTC-1,0.316867,0.000204,0.000408,0.053683,0.628839
AATTAGCGCTGCAGCG-1,0.01648,0.051342,0.600173,0.12272,0.209284
AATTCATAAGGGATCT-1,0.044744,0.039138,0.541772,0.3079,0.066446
AATTCATTGTCATGCA-1,0.032162,0.028812,0.41372,0.226637,0.29867
AATTCCAAGCATGTAC-1,0.219109,0.085299,0.370773,0.241431,0.083388
AATTCGATTCGAGGAT-1,0.177669,0.044486,0.497405,0.197065,0.083374
AATTCTAGAGTTAGGC-1,0.000093,0.108722,0.660771,0.194956,0.035458
AATTGAACGCTCTGGT-1,0.06911,0.100424,0.528181,0.078394,0.22389
AATTGCAGCAATCGAC-1,0.007939,0.035744,0.688726,0.051896,0.215695
AATTGCGTGGATTACA-1,0.000074,0.146214,0.341006,0.410237,0.10247
AATTGTGGTTGCCAAA-1,0.000017,0.031277,0.965427,0.003262,0.000017
AATTTGGGACATAGTA-1,0.014798,0.133129,0.360468,0.37947,0.112135
AATTTGGTTCCAAAGA-1,0.514437,0.003179,0.27772,0.151002,0.053661
ACAAACCATGCGTCCT-1,0.014696,0.074239,0.864097,0.04695,0.000018
ACAAAGAAGGTAGGCC-1,0.430997,0.032431,0.018438,0.121196,0.396937
ACAAAGCATGACCTAG-1,0.151648,0.028497,0.769929,0.046887,0.003039
ACAAATCGCACCGAAT-1,0.015603,0.108323,0.738295,0.037485,0.100293
ACAAATGGTAGTGTTT-1,0.000091,0.029834,0.628566,0.280637,0.060873
ACAAATTCAGATCTGA-1,0.034901,0.11,0.203972,0.51668,0.134447
ACAACAGCATGAGCTA-1,0.03942,0.128519,0.711344,0.108416,0.012301
ACAACGGTCCCTGCGA-1,0.000085,0.032538,0.049624,0.910734,0.00702
ACAAGCAGTGCCTAGC-1,0.000096,0.000096,0.033114,0.909336,0.057358
ACAAGCTATATGGAAG-1,0.364343,0.175391,0.091837,0.047779,0.32065
ACAAGGAAATCCGCCC-1,0.044002,0.075595,0.593283,0.14588,0.141239
ACAAGGACAAGAGGTT-1,0.009701,0.112368,0.748448,0.126488,0.002995
ACAAGGATGCTTTAGG-1,0.043682,0.069538,0.394177,0.073448,0.419155
ACAAGGCCTACCAGCC-1,0.159571,0.057808,0.138807,0.163185,0.480629
ACAAGGGCAGGCTCTG-1,0.000526,0.114716,0.884677,0.000041,0.000041
ACAATAGTCGTACGTT-1,0.072153,0.158405,0.14283,0.442734,0.183877
ACAATCCATTTAAACC-1,0.000058,0.087157,0.492126,0.071188,0.349472
ACAATGAATACGGAGA-1,0.000255,0.006113,0.418968,0.518786,0.055879
ACAATGATTCTTCTAC-1,0.178574,0.126472,0.177494,0.240521,0.27694
ACAATTGTGTCTCTTT-1,0.327051,0.204856,0.324903,0.053716,0.089474
ACAATTTAGGAGGCTC-1,0.201622,0.055693,0.139649,0.488143,0.114893
ACAATTTGAGCAGTGG-1,0.014881,0.044877,0.635879,0.229864,0.074499
ACAATTTGGCCATATT-1,0.138144,0.202514,0.420938,0.002632,0.235773
ACACAAAGACGGGTGG-1,0.030085,0.027307,0.7572,0.177792,0.007617
ACACAAATATTCCTAG-1,0.062925,0.276171,0.510129,0.003404,0.14737
ACACACCAGGACCAGT-1,0.023718,0.08099,0.862632,0.025347,0.007314
ACACACTTTCTACACG-1,0.000048,0.029893,0.958938,0.011073,0.000048
ACACATGATCAAATCT-1,0.002249,0.014905,0.850517,0.128667,0.003662
ACACATTGACGCAACA-1,0.547434,0.11811,0.000162,0.066352,0.267942
ACACCACATAATTAGC-1,0.924393,0.000036,0.000072,0.000036,0.075463
ACACCCAGCATGCAGC-1,0.015876,0.019572,0.877161,0.087347,0.000045
ACACCCGAGAAATCCG-1,0.091748,0.02597,0.419818,0.437996,0.024469
ACACCGAGCGCTCTTT-1,0.283816,0.000335,0.00067,0.000335,0.714844
ACACCGGTCTGACCGC-1,0.00249,0.005202,0.242793,0.000031,0.749484
ACACCTTAAGTAGGGC-1,0.000062,0.017269,0.621753,0.344544,0.016371
ACACCTTACTACTTGC-1,0.138785,0.050379,0.310695,0.223668,0.276472
ACACGAGACTCCTTCT-1,0.058151,0.108308,0.481708,0.157256,0.194577
ACACGGCACTATGCAT-1,0.050461,0.033947,0.533152,0.342446,0.039994
ACACGGGAACTTAGGG-1,0.087988,0.043748,0.823267,0.035849,0.009148
ACACGTAGGCCACAAG-1,0.001423,0.030411,0.777281,0.174228,0.016657
ACACTCCAATGTCACT-1,0.026606,0.067058,0.126048,0.715349,0.064939
ACACTGATCAAGGTGT-1,0.019006,0.021093,0.528083,0.227326,0.204491
ACACTGGGACAGTCGT-1,0.049575,0.044267,0.796314,0.089607,0.020237
ACAGAACTGAGAACAA-1,0.142339,0.06277,0.616601,0.15018,0.02811
ACAGATTAGGTTAGTG-1,0.056281,0.045985,0.229144,0.43997,0.22862
ACAGCATAGAGCCAGT-1,0.160006,0.110149,0.674227,0.055567,0.000052
ACAGCGACATTCTCAT-1,0.020443,0.173337,0.552765,0.193107,0.06035
ACAGCGCACCCGCAGC-1,0.051516,0.007535,0.784672,0.152338,0.003939
ACAGGCACGGATCCTT-1,0.046172,0.024698,0.769438,0.026644,0.133048
ACAGGCTTGCCCGACT-1,0.04696,0.233317,0.630845,0.03704,0.051838
ACAGGTGGAGGTGAGG-1,0.032785,0.032529,0.490163,0.417,0.027523
ACAGGTGTGTTGTTGC-1,0.252868,0.170122,0.022103,0.107112,0.447794
ACAGTAATACAACTTG-1,0.012874,0.062707,0.361184,0.506156,0.057079
ACAGTATACCGTGGGA-1,0.00752,0.066188,0.84023,0.053703,0.032359
ACATAAGTCGTGGTGA-1,0.000037,0.014858,0.832235,0.152832,0.000037
ACATAATAAGGCGGTG-1,0.126214,0.012999,0.808791,0.034475,0.017521
ACATCAGCTGGGACGC-1,0.106644,0.167743,0.098147,0.431418,0.196049
ACATCCCGGCCATACG-1,0.031644,0.062404,0.429724,0.286962,0.189266
ACATCCTGGTAACTGT-1,0.07204,0.037045,0.265568,0.293906,0.331442
ACATCGATCGTTTACC-1,0.08708,0.026537,0.596832,0.025068,0.264483
ACATCGGTCAGCCGCG-1,0.024523,0.028242,0.530192,0.076891,0.340152
ACATCGTATGCAATGG-1,0.053269,0.025116,0.818336,0.098245,0.005035
ACATCGTTAACCTAGT-1,0.023581,0.073038,0.4588,0.348047,0.096533
ACATCTCAACGCGTAA-1,0.026863,0.026017,0.327755,0.599125,0.02024
ACATGGCGCCAAAGTA-1,0.083969,0.029287,0.459582,0.177935,0.249227
ACATGGCTCAATTTAG-1,0.364709,0.192732,0.000266,0.225536,0.216756
ACATTAGTTTATATCC-1,0.00005,0.0179,0.980253,0.001749,0.00005
ACATTTGAAACCTAAC-1,0.000072,0.048605,0.328791,0.446284,0.176248
ACCAAACACCCAGCGA-1,0.057768,0.113516,0.192529,0.359587,0.276599
ACCAAACTAGAAATCC-1,0.126278,0.007977,0.148691,0.578441,0.138613
ACCAACACCACACACT-1,0.071076,0.143907,0.371529,0.303668,0.10982
ACCAACCGCACTCCAC-1,0.224724,0.040937,0.321828,0.322844,0.089667
ACCAACGCTTATTTAT-1,0.025174,0.036662,0.78332,0.104237,0.050607
ACCAAGAACGCGTGTC-1,0.771324,0.000051,0.109404,0.06178,0.05744
ACCAAGTCATCGGCAG-1,0.009616,0.127717,0.283045,0.152398,0.427224
ACCAATATGCAAGTTA-1,0.059866,0.057844,0.463663,0.224907,0.19372
ACCACAACTCAGAACA-1,0.00008,0.084912,0.13179,0.425226,0.357992
ACCACAAGTTTCTATC-1,0.484792,0.036115,0.040918,0.177404,0.26077
ACCACCAATGTAACAA-1,0.205141,0.061799,0.514528,0.033222,0.18531
ACCACCCTCTCTTCTA-1,0.003049,0.028839,0.928388,0.005512,0.034212
ACCACGTGCAGCTATA-1,0.000115,0.013862,0.393497,0.249191,0.343335
ACCACTGTTCAAGAAG-1,0.499764,0.020031,0.000388,0.046553,0.433263
ACCAGACCATAACAAC-1,0.092617,0.267396,0.434635,0.196425,0.008927
ACCAGCCCGGTCTTTG-1,0.000106,0.011946,0.350694,0.19324,0.444015
ACCAGGAGTGTGATCT-1,0.051381,0.060137,0.203595,0.392843,0.292044
ACCAGTGCCCGGTCAA-1,0.413902,0.131884,0.237399,0.060847,0.155969
ACCAGTGCGGGAGACG-1,0.006085,0.040614,0.802617,0.115862,0.034822
ACCATATCCGCAATAA-1,0.138612,0.117556,0.295561,0.373462,0.074809
ACCATCCGCCAACTAG-1,0.158492,0.013573,0.005471,0.616897,0.205567
ACCATCGTATATGGTA-1,0.009586,0.059026,0.678336,0.175397,0.077656
ACCATTAAGGGTGTCA-1,0.660241,0.000161,0.000322,0.010463,0.328812
ACCCAACGCCCGTGGC-1,0.551298,0.000052,0.000105,0.000052,0.448492
ACCCACCTACATGCTC-1,0.70111,0.000084,0.000167,0.032888,0.265751
ACCCATCTTGAGGGTA-1,0.016109,0.539201,0.397857,0.038326,0.008508
ACCCATTTGTCCCTCT-1,0.007615,0.01805,0.845753,0.118122,0.01046
ACCCGAGCGAAATTAC-1,0.019405,0.117868,0.372998,0.314555,0.175175
ACCCGATTGGTTCCGA-1,0.913825,0.00006,0.000119,0.009221,0.076775
ACCCGGAAACTCCCAG-1,0.000069,0.016977,0.78241,0.066545,0.133998
ACCCGGAGCACCACAA-1,0.219513,0.009327,0.192602,0.136221,0.442338
ACCCGGATGACGCATC-1,0.11606,0.043745,0.331194,0.370797,0.138205
ACCCGGTTACACTTCC-1,0.104744,0.008096,0.830224,0.056871,0.000065
ACCCGTAGTCTAGTTG-1,0.018338,0.068321,0.652768,0.098139,0.162434
ACCCGTGTCATCAGTA-1,0.011004,0.024369,0.869268,0.031187,0.064172
ACCCTATAGGACTGAG-1,0.00006,0.274302,0.200833,0.503195,0.02161
ACCCTATGCCATATCG-1,0.119224,0.038801,0.442614,0.328017,0.071344
ACCCTCCCGTCAGGGC-1,0.148036,0.129172,0.689897,0.023498,0.009397
ACCCTCCCTTGCTATT-1,0.136638,0.145747,0.47603,0.036117,0.205468
ACCCTGGTAACGCCCT-1,0.079259,0.065522,0.723677,0.017354,0.114188
ACCCTTCATCTGCGAA-1,0.057404,0.034594,0.683818,0.20505,0.019134
ACCCTTGCCTGGGTCG-1,0.036569,0.066359,0.879875,0.014861,0.002335
ACCCTTTAGTTCTCCA-1,0.088409,0.003354,0.276161,0.339182,0.292893
ACCGAAAGGGCCCTGC-1,0.29665,0.002373,0.17027,0.238927,0.291781
ACCGAAGAGTCTGGTT-1,0.059624,0.014761,0.490549,0.307379,0.127687
ACCGACACATCTCCCA-1,0.045493,0.093982,0.665099,0.137503,0.057923
ACCGACTGAGTCCCAC-1,0.162857,0.070875,0.608049,0.071081,0.087137
ACCGAGTCTCCTTATT-1,0.193853,0.209872,0.207744,0.134035,0.254496
ACCGATAGGCATAACC-1,0.019251,0.15735,0.734878,0.056775,0.031746
ACCGATATTTAATCAT-1,0.261387,0.060669,0.598837,0.02058,0.058527
ACCGATGGTAGCATCG-1,0.022454,0.061616,0.729247,0.170818,0.015866
ACCGCAATAACTGCCT-1,0.022008,0.047343,0.854126,0.029078,0.047445
ACCGCGGTGGAAGTCG-1,0.111194,0.585258,0.252898,0.020034,0.030616
ACCGGGCCTTTGTTGA-1,0.000251,0.10527,0.883702,0.010199,0.000579
ACCGGTCAGGTACACC-1,0.00562,0.034333,0.309962,0.470053,0.180032
ACCGGTCTGAGTACGG-1,0.139731,0.040316,0.30024,0.410276,0.109437
ACCGTCCACTGGGCCC-1,0.105618,0.109201,0.26474,0.267271,0.25317
ACCGTGACCACGTGGG-1,0.286066,0.042626,0.531675,0.068507,0.071125
ACCGTTCCCGCTCTGA-1,0.017165,0.004746,0.239918,0.524457,0.213713
ACCTAAGTACCTTTCA-1,0.014587,0.052658,0.424134,0.48789,0.020732
ACCTAATCGACTTCCT-1,0.013155,0.000119,0.068309,0.784512,0.133905
ACCTACAGTATGTGGT-1,0.179153,0.024027,0.623997,0.046675,0.126148
ACCTACTATAAATCTA-1,0.115262,0.023723,0.385479,0.091077,0.384459
ACCTCCGCCCTCGCTG-1,0.238754,0.020637,0.57983,0.130176,0.030603
ACCTCCGTTATTCACC-1,0.013809,0.080604,0.455386,0.209247,0.240955
ACCTCGAACTTATGCT-1,0.020413,0.03682,0.643616,0.213348,0.085804
ACCTGCGTGTCATGTT-1,0.000066,0.145745,0.134101,0.709238,0.010851
ACGAAATGGGCGGCAC-1,0.000957,0.003464,0.000313,0.608692,0.386574
ACGACCCATGAGTTGC-1,0.537631,0.000067,0.208266,0.000068,0.253968
ACGACTCTAGGGCCGA-1,0.024485,0.005694,0.267711,0.321903,0.380207
ACGACTGGTCATACTC-1,0.149171,0.028035,0.354665,0.124488,0.34364
ACGAGAACCCATCACG-1,0.062931,0.01117,0.013077,0.7164,0.196421
ACGAGATATTTGCTTA-1,0.000083,0.175869,0.356026,0.270279,0.197743
ACGAGGATACCACTCT-1,0.106786,0.00796,0.15268,0.712599,0.019976
ACGAGGTTTACAACGT-1,0.09936,0.409145,0.44861,0.010006,0.032879
ACGAGTACGGATGCCC-1,0.0377,0.029845,0.57088,0.229102,0.132474
ACGAGTCGCCGGCGTT-1,0.296486,0.337081,0.001262,0.100888,0.264282
ACGATACATAGAACTA-1,0.051595,0.024344,0.792244,0.127258,0.004559
ACGATACCTATCCTGA-1,0.504129,0.099751,0.02296,0.025357,0.347803
ACGATCATACATAGAG-1,0.025957,0.037211,0.801559,0.094214,0.041059
ACGATCATCTTGTAAA-1,0.023303,0.0453,0.795335,0.024974,0.111088
ACGATGCATATGTTAT-1,0.000089,0.085389,0.587807,0.316076,0.010638
ACGATGGATCCGATGC-1,0.149396,0.005044,0.577507,0.141218,0.126835
ACGCAAACTAATAGAT-1,0.032947,0.072128,0.179136,0.255268,0.460522
ACGCAATCACTACAGC-1,0.015932,0.015302,0.254532,0.39934,0.314895
ACGCATAAATGACATG-1,0.241677,0.175053,0.570828,0.006635,0.005807
ACGCATACGTTTACTA-1,0.560834,0.000235,0.059463,0.164936,0.214532
ACGCATTCGTGAGTAC-1,0.012046,0.04651,0.494929,0.17912,0.267396
ACGCCAGATGATTTCT-1,0.000101,0.031486,0.482072,0.352615,0.133725
ACGCCAGTGCGTTTGC-1,0.00423,0.051181,0.707485,0.206051,0.031054
ACGCCGCTAGACGACC-1,0.000082,0.088045,0.492488,0.183724,0.23566
ACGCGAAGTCAGACGA-1,0.000087,0.063068,0.513586,0.269892,0.153366
ACGCGCTACACAGGGT-1,0.001095,0.259713,0.488435,0.119146,0.131611
ACGCGGGCCAAGGACA-1,0.058597,0.083799,0.514582,0.151413,0.191609
ACGCGTTTCTTAAGAG-1,0.269404,0.004758,0.000353,0.067339,0.658146
ACGCTAGTGATACACT-1,0.16764,0.028426,0.794948,0.005281,0.003705
ACGCTGTGAGGCGTAG-1,0.167492,0.001632,0.012381,0.325552,0.492944
ACGGAACACGAGTGCC-1,0.076927,0.000151,0.228686,0.634295,0.059941
ACGGAATTTAGCAAAT-1,0.478011,0.021311,0.019104,0.226198,0.255376
ACGGACTCTCAAAGCG-1,0.019388,0.14391,0.529613,0.095613,0.211477
ACGGAGCGCAAATTAC-1,0.869416,0.048619,0.036055,0.022801,0.023109
ACGGATGGTGCGGATA-1,0.154753,0.019057,0.477681,0.149043,0.199466
ACGGCACTTGCTTGGG-1,0.028906,0.040263,0.702078,0.028306,0.200448
ACGGCCAACATGGACT-1,0.000065,0.014194,0.740941,0.194149,0.05065
ACGGCGACGATGGGAA-1,0.038387,0.12155,0.363926,0.348867,0.127271
ACGGCGGGTTGCCCTG-1,0.000081,0.023874,0.014243,0.774652,0.18715
ACGGCTGGATGTAGAA-1,0.00005,0.072762,0.35689,0.044169,0.52613
ACGGGAGTGTCGGCCC-1,0.005356,0.000074,0.046006,0.8289,0.119664
ACGGGCGTATGCGACA-1,0.137712,0.033535,0.652281,0.126699,0.049774
ACGGGTCATGTGACTT-1,0.234244,0.063065,0.000204,0.29128,0.411206
ACGGTACAGTTCAATG-1,0.008534,0.027621,0.41266,0.410131,0.141055
ACGGTCACCGAGAACA-1,0.037766,0.923133,0.003335,0.001247,0.034519
ACGTACAGATTTCTCT-1,0.034239,0.014484,0.463861,0.319596,0.167819
ACGTACTTTGGCACGG-1,0.405207,0.082292,0.166814,0.121793,0.223894
ACGTAGATTGCTGATG-1,0.604759,0.000494,0.051444,0.001372,0.341932
ACGTAGGAGAGTCGCT-1,0.325238,0.020709,0.214777,0.216196,0.22308
ACGTATTACTCCGATC-1,0.054614,0.135078,0.395712,0.173509,0.241087
ACGTCGGGCAACTCGG-1,0.078201,0.072301,0.556487,0.042342,0.250669
ACGTCTCGTTCCGGGA-1,0.336259,0.009274,0.008886,0.148723,0.496859
ACGTGACAAAGTAAGT-1,0.069287,0.031119,0.264038,0.521379,0.114178
ACGTGCGCCTCGTGCA-1,0.000117,0.001399,0.229875,0.747028,0.021581
ACGTTAATGTCGAAGA-1,0.054835,0.148411,0.792262,0.004442,0.000051
ACGTTAGATTTGCCCG-1,0.02937,0.099044,0.291454,0.382184,0.197948
ACGTTATTGGTCACTC-1,0.073772,0.034071,0.000202,0.391066,0.500889
ACGTTCCGCGCTCCGT-1,0.318757,0.047477,0.134789,0.144818,0.354159
ACGTTCGCAATCAATT-1,0.133132,0.102486,0.509387,0.135088,0.119906
ACGTTCGTTCAGGAAA-1,0.045706,0.039502,0.534781,0.140256,0.239755
ACGTTCTGTACAAGTC-1,0.084153,0.023458,0.324444,0.493378,0.074568
ACGTTTAGTTGTGATC-1,0.060565,0.005923,0.14871,0.130269,0.654533
ACTAAGGACGCACACC-1,0.024195,0.169914,0.332342,0.007305,0.466245
ACTAATACGTCAGGCG-1,0.058458,0.081975,0.195154,0.135717,0.528695
ACTACAAAGAGAGGTG-1,0.015193,0.08405,0.710268,0.15169,0.0388
ACTACATCCCGACAAG-1,0.021649,0.025885,0.737028,0.171836,0.043602
ACTACCAGCTCTCTGG-1,0.009004,0.032205,0.126533,0.758994,0.073263
ACTACGCGTTAGAATT-1,0.026971,0.153678,0.335858,0.393701,0.089792
ACTAGTTGCGATCGTC-1,0.373656,0.00043,0.00086,0.132815,0.492239
ACTATATGCTGTGTTC-1,0.337677,0.069947,0.31724,0.125983,0.149153
ACTATCCAGGGCATGG-1,0.529835,0.00897,0.297487,0.059198,0.10451
ACTATCGCCGGCTAAA-1,0.510559,0.118201,0.000126,0.000186,0.370929
ACTATCTGCCCGCGTA-1,0.083484,0.013882,0.407282,0.441354,0.053998
ACTATGTCCAGCTGCC-1,0.051364,0.034384,0.848462,0.021973,0.043817
ACTATTCGTCCGTGGT-1,0.054647,0.645579,0.267525,0.029546,0.002703
ACTATTTCCGGGCCCA-1,0.000065,0.042404,0.627169,0.168677,0.161685
ACTCAACGAATGTATT-1,0.000088,0.002913,0.04215,0.70851,0.246338
ACTCAAGTGCAAGGCT-1,0.249064,0.123621,0.346027,0.090028,0.19126
ACTCAATAAAGGCACG-1,0.087781,0.03137,0.550625,0.311056,0.019168
ACTCAGACCTGCTTCT-1,0.09397,0.032069,0.568407,0.188689,0.116865
ACTCATGGCAGCCTTC-1,0.000036,0.016056,0.866949,0.049636,0.067323
ACTCCAATATCATCAT-1,0.000075,0.022654,0.39326,0.233292,0.350719
ACTCCCATTCCTAAAG-1,0.018869,0.073376,0.304423,0.584244,0.019088
ACTCCCGAATTCGTTT-1,0.007245,0.085788,0.706789,0.135558,0.06462
ACTCCCGTAGACTAGG-1,0.018064,0.285936,0.5274,0.060384,0.108216
ACTCCCTAATGCTAAA-1,0.013861,0.077127,0.455157,0.296396,0.15746
ACTCCCTAGAATAGTA-1,0.027607,0.020067,0.624292,0.294099,0.033935
ACTCCGGCCGACCACT-1,0.009217,0.009448,0.163488,0.356058,0.461788
ACTCGATGTATTTCAT-1,0.258174,0.050476,0.164639,0.15118,0.375532
ACTCGCCGTTCGATAA-1,0.000029,0.042909,0.887145,0.058865,0.011052
ACTCGCGATCTGACGC-1,0.997955,0.000409,0.000818,0.000409,0.000409
ACTCGTAACCCGTCCT-1,0.134818,0.004304,0.005416,0.612538,0.242924
ACTCGTCAGTAATCCC-1,0.105536,0.434958,0.453827,0.001484,0.004196
ACTCTAAACCTGGGAT-1,0.437097,0.233489,0.007045,0.000941,0.321428
ACTCTCTGACTTAGGT-1,0.880953,0.00007,0.000139,0.00007,0.118768
ACTCTCTTATACACGA-1,0.000086,0.018558,0.19748,0.525398,0.258479
ACTCTGACCTAATAGA-1,0.035928,0.040144,0.633383,0.284135,0.006409
ACTCTTCAGCTCCCGC-1,0.083708,0.13993,0.33052,0.145705,0.300136
ACTCTTGTATAGTAAC-1,0.010378,0.078085,0.661045,0.066291,0.184201
ACTGAAACGCCGTTAG-1,0.132733,0.043005,0.743203,0.067971,0.013088
ACTGAATGGCGAAAGT-1,0.004225,0.023959,0.744518,0.163796,0.063501
ACTGATTTAGTGATTC-1,0.000247,0.212924,0.190359,0.334304,0.262167
ACTGCCCGCCATTCTC-1,0.000067,0.054401,0.545973,0.339518,0.060041
ACTGCCGTCGTAACTC-1,0.035156,0.062764,0.32158,0.456109,0.124391
ACTGCGGACACACCGT-1,0.053351,0.119576,0.699705,0.016446,0.110922
ACTGCTCGGAAGGATG-1,0.014891,0.024141,0.283436,0.499879,0.177652
ACTGGCGAACCTGCGT-1,0.164298,0.129599,0.625335,0.009877,0.070892
ACTGTACGATACACAT-1,0.000074,0.066917,0.670104,0.108596,0.154309
ACTGTAGCACTTTGGA-1,0.000096,0.019929,0.219141,0.737224,0.02361
ACTGTATACGCGAGCA-1,0.000115,0.066614,0.236274,0.469826,0.227171
ACTGTCCAGGATTATA-1,0.739117,0.012467,0.073971,0.018495,0.15595
ACTGTCTTCTTTAGAA-1,0.132831,0.105331,0.5127,0.222568,0.026569
ACTGTGCTAGTAGATC-1,0.000133,0.000133,0.033546,0.68403,0.282157
ACTTACCGGGCGCGCA-1,0.56471,0.003762,0.013411,0.242905,0.175212
ACTTACGCATCCACGC-1,0.101398,0.046323,0.777381,0.062763,0.012135
ACTTAGTACGACAAGA-1,0.000082,0.073631,0.034394,0.473785,0.418109
ACTTATACTTACCCGG-1,0.02911,0.094821,0.798066,0.043633,0.03437
ACTTATTAGGATCGGT-1,0.024232,0.175853,0.381684,0.31633,0.101901
ACTTATTTATGTGCCA-1,0.000067,0.061194,0.933766,0.004906,0.000067
ACTTCAGGCTGATCCC-1,0.005962,0.090115,0.570259,0.252983,0.080681
ACTTCCAGTGGAAGCT-1,0.015665,0.05989,0.23816,0.58307,0.103215
ACTTCCATGCGGGACA-1,0.221528,0.012798,0.269896,0.281451,0.214327
ACTTCGCCATACGCAC-1,0.000111,0.070282,0.384421,0.151451,0.393735
ACTTCGCTAGCGAGTG-1,0.624956,0.014172,0.165522,0.03068,0.164669
ACTTGACTCCCTCTTT-1,0.016517,0.052248,0.807831,0.056217,0.067187
ACTTGCCATATTGTAC-1,0.102662,0.03558,0.081023,0.747687,0.033048
ACTTGCTCTATCTACC-1,0.008056,0.011303,0.515595,0.320035,0.14501
ACTTGGGACCCGGTGG-1,0.018084,0.071219,0.200341,0.482702,0.227654
ACTTGTAGTCCCTTCA-1,0.12478,0.000093,0.004912,0.684151,0.186063
ACTTGTGGATGGAACG-1,0.245774,0.095872,0.144702,0.262034,0.251619
ACTTTACCCTCATGAA-1,0.00837,0.103574,0.87001,0.012595,0.005451
ACTTTCCTATAGCTTC-1,0.000376,0.027673,0.904601,0.062851,0.004499
ACTTTGACTGCATCCT-1,0.160621,0.000266,0.000532,0.074267,0.764313
ACTTTGGTCGTGCTCC-1,0.000043,0.021566,0.787359,0.145481,0.04555
ACTTTGTCGACGCACT-1,0.054193,0.145807,0.551922,0.212684,0.035395
AGAAATTATGACTCGC-1,0.071061,0.144251,0.698793,0.078249,0.007645
AGAACCCAGCGTGACA-1,0.272234,0.01584,0.017925,0.141617,0.552384
AGAACCCTCAATTGGG-1,0.00913,0.064313,0.317429,0.272163,0.336966
AGAACGTGGTACATTC-1,0.019754,0.038672,0.66035,0.241073,0.040151
AGAAGAGCGCCGTTCC-1,0.001591,0.827268,0.05906,0.110491,0.00159
AGAAGGTACACTTCAC-1,0.001573,0.405242,0.231368,0.357064,0.004753
AGAAGGTTGCCGAATT-1,0.005589,0.04171,0.479981,0.393003,0.079718
AGAAGGTTGTAGGTCG-1,0.107093,0.084614,0.394874,0.273625,0.139795
AGAAGTGATTCGTGAT-1,0.000102,0.030119,0.138551,0.809549,0.021679
AGAATAAATCTTCAGG-1,0.194771,0.029244,0.000356,0.128612,0.647017
AGAATGCGGGTTCGGA-1,0.06935,0.038562,0.66265,0.154429,0.075009
AGAATTATGGATTCGA-1,0.000066,0.057043,0.264862,0.24777,0.430259
AGAATTGTTTGACATA-1,0.005998,0.011837,0.003741,0.925619,0.052805
AGACAGCTCAGAATCC-1,0.112092,0.101163,0.119508,0.299569,0.367669
AGACAGGCATCTCAGC-1,0.447639,0.117924,0.011015,0.004233,0.419189
AGACATAGATCCTTCC-1,0.000083,0.041994,0.408612,0.354465,0.194846
AGACCAAACCACACCT-1,0.020542,0.060996,0.113059,0.779718,0.025686
AGACCATGGGATACAA-1,0.00007,0.059153,0.145315,0.777841,0.017622
AGACCCACCGCTGATC-1,0.120444,0.024287,0.719633,0.071307,0.064329
AGACCCGCCCTCCTCG-1,0.076745,0.015303,0.650794,0.178218,0.078941
AGACCGCTCCGCGGTT-1,0.206045,0.369756,0.424056,0.000071,0.000071
AGACCGGGAAACCCTG-1,0.217031,0.007663,0.058538,0.131201,0.585567
AGACGAAGTGCCGGTC-1,0.102511,0.055031,0.357891,0.232415,0.252153
AGACGACGATGCCGCT-1,0.209982,0.013285,0.133938,0.606357,0.036439
AGACGCCCACTTCGCC-1,0.027883,0.046952,0.477461,0.244506,0.203198
AGACGGGCCGATTTAA-1,0.034497,0.045542,0.418368,0.401173,0.10042
AGACTAGCCTTCCAGA-1,0.003635,0.022008,0.503613,0.345604,0.125139
AGACTGTTACCGGGTC-1,0.208413,0.142707,0.036276,0.124234,0.488371
AGAGAAACACCAGAAA-1,0.116107,0.015481,0.332442,0.272122,0.263849
AGAGAACCGTCTAGGA-1,0.006704,0.013862,0.971203,0.008202,0.000028
AGAGAAGGAGTACAAT-1,0.293866,0.003002,0.440061,0.218281,0.044791
AGAGATCTCTAAAGCG-1,0.385964,0.154997,0.431812,0.026775,0.000451
AGAGCAGTTATGAGAC-1,0.033044,0.000149,0.000298,0.557007,0.409503
AGAGCCGCCGAGATTT-1,0.022745,0.042487,0.686058,0.229858,0.018852
AGAGCGCTTGTAACGG-1,0.068441,0.049547,0.602308,0.137265,0.142439
AGAGCGGGCTAATCAT-1,0.00366,0.034772,0.741572,0.217107,0.002889
AGAGCGTACAAGCTCG-1,0.010603,0.018529,0.47041,0.485187,0.015272
AGAGCTACGAAAGCAT-1,0.238292,0.154964,0.029023,0.429037,0.148684
AGAGGCTTCGGAAACC-1,0.863233,0.000144,0.000288,0.006227,0.130108
AGAGGGACAATTGTCC-1,0.093506,0.166023,0.682856,0.033365,0.02425
AGAGTAAACTTCACTA-1,0.426633,0.033747,0.131093,0.232585,0.175942
AGAGTATAGTGTTACG-1,0.08237,0.039087,0.716488,0.124403,0.037653
AGAGTTAGAGACCGAT-1,0.071695,0.119777,0.591009,0.121799,0.09572
AGAGTTGCAGGCCTCC-1,0.011784,0.057026,0.305565,0.314442,0.311183
AGATAACTTCAGGGCC-1,0.000091,0.23082,0.094945,0.611417,0.062727
AGATACCAATAGAACC-1,0.023025,0.072487,0.427956,0.398792,0.07774
AGATACCAGCACTTCA-1,0.037527,0.344876,0.444826,0.062388,0.110383
AGATACCGGTGTTCAC-1,0.000076,0.058148,0.321963,0.23976,0.380053
AGATACGACTTCATAT-1,0.000072,0.235601,0.055417,0.571331,0.137579
AGATACTCAAGATCGA-1,0.001366,0.266604,0.689739,0.012538,0.029754
AGATATAATACGACTA-1,0.61805,0.002672,0.088347,0.244964,0.045967
AGATCGTGCATAAGAT-1,0.166234,0.058931,0.572669,0.058865,0.143302
AGATCTCAGGTGTGAT-1,0.223522,0.004126,0.396126,0.1258,0.250426
AGATGACTCGCCCACG-1,0.000101,0.180183,0.369944,0.317458,0.132315
AGATGAGGGTTGCGAT-1,0.017042,0.049547,0.495194,0.332844,0.105372
AGATGATGGAGTCTGG-1,0.047755,0.072065,0.811022,0.067355,0.001804
AGATGCAAGACGTGCA-1,0.20295,0.01146,0.20426,0.340318,0.241012
AGATGCATCCTGTGTC-1,0.0548,0.031942,0.33984,0.559533,0.013885
AGATGCTATAACGAGC-1,0.381123,0.280378,0.000345,0.094335,0.24382
AGATTATAGGACGTTT-1,0.132888,0.238845,0.444996,0.166814,0.016456
AGATTCACAACCGATA-1,0.000022,0.156326,0.553682,0.226324,0.063646
AGCAAAGGCCGCTAGT-1,0.006546,0.054277,0.819168,0.118412,0.001598
AGCAACATATCTTATT-1,0.113409,0.207406,0.66706,0.003497,0.008629
AGCAACCGAAAGTAAT-1,0.058139,0.016483,0.813509,0.110122,0.001747
AGCACACGTTTAGACT-1,0.028616,0.255187,0.685485,0.012836,0.017877
AGCACCAGTACTCACG-1,0.141031,0.064663,0.42475,0.171918,0.197638
AGCACTACCGGCCTGT-1,0.098894,0.255434,0.089427,0.480244,0.076001
AGCACTACCTCACCAG-1,0.020624,0.039123,0.501059,0.300616,0.138579
AGCACTTAAGGACGCC-1,0.000066,0.127495,0.388834,0.404146,0.079459
AGCAGAAGGAGAAAGA-1,0.164122,0.036582,0.337131,0.26902,0.193145
AGCAGCCAGATGAATA-1,0.022644,0.057356,0.711978,0.1583,0.049722
AGCATATCAATATGCT-1,0.411157,0.083574,0.1026,0.18201,0.220658
AGCATCATTTCGAAAG-1,0.000819,0.016374,0.646585,0.327818,0.008404
AGCATCGTCGATAATT-1,0.000111,0.008043,0.290047,0.635594,0.066206
AGCATTACGAGGCAAG-1,0.019445,0.201175,0.654166,0.118028,0.007185
AGCCAAGCTTTGTGTC-1,0.982544,0.000051,0.000313,0.012698,0.004395
AGCCACAGGTTACCCG-1,0.606343,0.00008,0.134052,0.213715,0.045809
AGCCACTCCCGTGCTT-1,0.06204,0.026898,0.47291,0.150109,0.288043
AGCCATATAGTATGTG-1,0.064711,0.019328,0.690886,0.207264,0.017811
AGCCCATACATGTAAG-1,0.000065,0.171641,0.174828,0.639188,0.014279
AGCCCGCAACAAGCAG-1,0.165278,0.112677,0.313234,0.033855,0.374956
AGCCCGCACTACAATG-1,0.00896,0.194748,0.489233,0.210962,0.096097
AGCCCGGCATTAGAGG-1,0.022913,0.014317,0.78211,0.115244,0.065416
AGCCCGGTAGCCTGTA-1,0.040441,0.08065,0.565058,0.273927,0.039924
AGCCCTAAGCGAAGTT-1,0.013807,0.003344,0.294152,0.510531,0.178166
AGCCCTCCCTGGTGGC-1,0.037407,0.100892,0.523232,0.264302,0.074168
