Barcode,Topic 1,Topic 2,Topic 3,Topic 4,Topic 5,Topic 6,Topic 7
AAACAACGAATAGTTC-1,0.089417,0.10089,0.089565,0.096992,0.238875,0.306756,0.077504
AAACAAGTATCTCCCA-1,0.088838,0.006784,0.004504,0.044879,0.604878,0.095148,0.15497
AAACAATCTACTAGCA-1,0.027249,0.042261,0.070723,0.111485,0.396468,0.128198,0.223616
AAACACCAATAACTGC-1,0.000049,0.002954,0.000049,0.173326,0.633461,0.051974,0.138186
AAACAGAGCGACTCCT-1,0.216528,0.045162,0.33707,0.062559,0.071582,0.145733,0.121366
AAACAGCTTTCAGAAG-1,0.042325,0.413711,0.219489,0.124915,0.034563,0.102903,0.062094
AAACAGGGTCTATATT-1,0.000597,0.098135,0.431546,0.183881,0.051011,0.147075,0.087755
AAACATTTCCCGGATT-1,0.09836,0.101068,0.107359,0.103433,0.310901,0.138936,0.139942
AAACCACTACACAGAT-1,0.499251,0.0001,0.032843,0.010363,0.321642,0.031511,0.10429
AAACCCGAACGAAATC-1,0.853826,0.00865,0.021797,0.044155,0.03974,0.003078,0.028754
AAACCGGAAATGTTAA-1,0.037115,0.136,0.392839,0.104933,0.107291,0.115983,0.105839
AAACCGGGTAGGTACC-1,0.059979,0.090743,0.315399,0.214706,0.119669,0.096229,0.103275
AAACCGTTCGTCCAGG-1,0.000023,0.247157,0.54875,0.119741,0.00593,0.051234,0.027165
AAACCTAAGCAGCCGG-1,0.000021,0.131899,0.160111,0.195975,0.137438,0.226855,0.147701
AAACCTCATGAAGTTG-1,0.077256,0.076886,0.053538,0.197813,0.181514,0.08343,0.329564
AAACGAAGAACATACC-1,0.005299,0.036683,0.050128,0.06518,0.445346,0.232664,0.164699
AAACGACAGTCTTGCC-1,0.917715,0.000121,0.000121,0.000121,0.047592,0.000121,0.034208
AAACGAGACGGTTGAT-1,0.7545,0.000168,0.000168,0.022477,0.124287,0.000168,0.098233
AAACGCCCGAGATCGG-1,0.035783,0.002072,0.014831,0.047846,0.664367,0.082042,0.153059
AAACGCTGGGCACGAC-1,0.047614,0.142722,0.355399,0.03011,0.125706,0.228771,0.069677
AAACGGGCGTACGGGT-1,0.018663,0.106338,0.211029,0.094798,0.119885,0.249127,0.20016
AAACGGGTTGGTATCC-1,0.053779,0.080076,0.065145,0.041462,0.500163,0.168085,0.09129
AAACGGTTGCGAACTG-1,0.107765,0.134798,0.026233,0.333862,0.210689,0.099885,0.086768
AAACGTGTTCGCCCTA-1,0.117677,0.151131,0.169313,0.046648,0.176895,0.216467,0.121869
AAACTAACGTGGCGAC-1,0.21946,0.083211,0.302509,0.056888,0.056146,0.094006,0.187779
AAACTCGGTTCGCAAT-1,0.000909,0.049883,0.04244,0.466494,0.179427,0.115817,0.14503
AAACTCGTGATATAAG-1,0.076103,0.050954,0.068164,0.081831,0.422158,0.085831,0.214959
AAACTGCTGGCTCCAA-1,0.085926,0.022748,0.003989,0.049747,0.638738,0.112885,0.085967
AAACTTGCAAACGTAT-1,0.019523,0.01365,0.110901,0.212521,0.38257,0.084749,0.176087
AAAGAATGTGGACTAA-1,0.153998,0.000027,0.000027,0.011411,0.698604,0.04642,0.089512
AAAGACATGAAGTTTA-1,0.172083,0.005226,0.008363,0.09156,0.417373,0.085288,0.220107
AAAGACCCAAGTCGCG-1,0.101706,0.206436,0.291909,0.13674,0.04483,0.078476,0.139903
AAAGACTGGGCGCTTT-1,0.483292,0.056395,0.025176,0.144836,0.093548,0.017245,0.179508
AAAGCTTGCCTACATA-1,0.029264,0.246001,0.595222,0.027497,0.021927,0.033058,0.047031
AAAGGCCCTATAATAC-1,0.154006,0.011833,0.001718,0.296726,0.3646,0.075763,0.095355
AAAGGCTACGGACCAT-1,0.010227,0.246998,0.530306,0.083386,0.012953,0.082105,0.034025
AAAGGCTCTCGCGCCG-1,0.013375,0.192613,0.349586,0.125342,0.061197,0.164782,0.093105
AAAGGGATGTAGCAAG-1,0.79077,0.000117,0.000117,0.000119,0.088957,0.000117,0.119803
AAAGGGCAGCTTGAAT-1,0.107864,0.209051,0.202754,0.131643,0.168184,0.143833,0.036671
AAAGGTAAGCTGTACC-1,0.017553,0.039535,0.039503,0.021649,0.320491,0.156848,0.404421
AAAGGTCAACGACATG-1,0.016159,0.211829,0.225787,0.097635,0.204482,0.112752,0.131357
AAAGTAGCATTGCTCA-1,0.005873,0.163642,0.249458,0.32402,0.090317,0.105387,0.061302
AAAGTCACTGATGTAA-1,0.4153,0.003879,0.004408,0.043739,0.376469,0.056382,0.099822
AAAGTCGACCCTCAGT-1,0.088372,0.043347,0.098209,0.331897,0.22251,0.084637,0.131028
AAAGTGCCATCAATTA-1,0.042814,0.132006,0.267838,0.039558,0.154901,0.251546,0.111339
AAAGTGTGATTTATCT-1,0.039597,0.091743,0.101922,0.065584,0.25324,0.056028,0.391886
AAAGTTGACTCCCGTA-1,0.06496,0.627045,0.192692,0.052924,0.013719,0.018276,0.030385
AAATAACCATACGGGA-1,0.244834,0.08876,0.119061,0.046372,0.205499,0.112474,0.183
AAATAAGGTAGTGCCC-1,0.121012,0.020822,0.038505,0.045957,0.427982,0.053299,0.292424
AAATACCTATAAGCAT-1,0.000722,0.001445,0.004849,0.113337,0.637281,0.089816,0.152551
AAATAGGGTGCTATTG-1,0.000045,0.109343,0.380202,0.183706,0.060843,0.169723,0.096137
AAATCCGATACACGCC-1,0.012917,0.02528,0.008632,0.084976,0.534977,0.2355,0.097718
AAATCGTGTACCACAA-1,0.022392,0.024087,0.057458,0.103287,0.383225,0.170615,0.238937
AAATCTAGCCCTGCTA-1,0.026202,0.051952,0.113777,0.311446,0.300859,0.084719,0.111046
AAATGCTCGTTACGTT-1,0.234947,0.046807,0.017697,0.208595,0.271454,0.133323,0.087178
AAATGGCATGTCTTGT-1,0.002069,0.113091,0.277723,0.05586,0.165649,0.170226,0.215382
AAATGGCCCGTGCCCT-1,0.004669,0.014521,0.03087,0.211868,0.201798,0.12009,0.416185
AAATGGTCAATGTGCC-1,0.000046,0.000046,0.000046,0.004169,0.942928,0.02331,0.029457
AAATGTATCTTATCCC-1,0.119458,0.100684,0.049487,0.262488,0.274269,0.120247,0.073367
AAATGTGGGTGCTCCT-1,0.231591,0.021297,0.024893,0.096419,0.418273,0.124478,0.083048
AAATTAACGGGTAGCT-1,0.143873,0.057951,0.050408,0.184755,0.222427,0.080421,0.260165
AAATTAATAAGCGCGA-1,0.144333,0.067872,0.057851,0.14353,0.314227,0.188139,0.084048
AAATTACACGACTCTG-1,0.046899,0.100118,0.412314,0.117667,0.145519,0.050483,0.127
AAATTACCTATCGATG-1,0.050396,0.062594,0.063127,0.022229,0.472828,0.207336,0.12149
AAATTCCAGGTCCAAA-1,0.085213,0.096056,0.141004,0.078388,0.30892,0.097168,0.193251
AAATTGATAGTCCTTT-1,0.184603,0.009225,0.000045,0.081826,0.556385,0.094902,0.073014
AAATTGCGGCGGTTCT-1,0.398983,0.00008,0.00008,0.058662,0.48443,0.001076,0.056688
AAATTGGTGAGAAGCA-1,0.125775,0.211069,0.017499,0.096367,0.372518,0.102829,0.073943
AAATTTACCGAAATCC-1,0.841883,0.000316,0.000316,0.000316,0.156537,0.000316,0.000316
AAATTTGCGGGTGTGG-1,0.000024,0.153698,0.547151,0.112535,0.017505,0.054648,0.114439
AACAACTGGTAGTTGC-1,0.068461,0.110037,0.581472,0.131992,0.012544,0.043438,0.052057
AACAATACATTGTCGA-1,0.000041,0.067477,0.083787,0.463044,0.127826,0.152796,0.10503
AACAATTACTCTACGC-1,0.032859,0.088994,0.122516,0.195849,0.341033,0.080143,0.138607
AACACACGCTCGCCGC-1,0.026447,0.056371,0.163776,0.093435,0.344779,0.208157,0.107034
AACACGACTGTACTGA-1,0.058874,0.110675,0.198267,0.115921,0.189738,0.235103,0.091422
AACACGAGACGCGGCC-1,0.000038,0.012575,0.060514,0.139417,0.368203,0.269197,0.150056
AACACGCGGCCGCGAA-1,0.0593,0.001361,0.000041,0.091575,0.638603,0.069744,0.139375
AACAGCTGTGTGGCAA-1,0.002242,0.083984,0.008707,0.208186,0.420536,0.253392,0.022952
AACAGGAAATCGAATA-1,0.168041,0.087487,0.045475,0.110006,0.390231,0.158564,0.040196
AACAGGATGGGCCGCG-1,0.297802,0.321178,0.006446,0.111327,0.118055,0.084583,0.060609
AACAGGTAGTATGGAT-1,0.378328,0.044133,0.040752,0.096777,0.173706,0.145415,0.120888
AACATATCAACTGGTG-1,0.093717,0.11513,0.132767,0.076254,0.28439,0.127418,0.170324
AACATCGATACGTCTA-1,0.201834,0.120852,0.037489,0.040292,0.388921,0.098925,0.111687
AACATTGAAGTTGATC-1,0.242087,0.021039,0.004134,0.09583,0.337536,0.273364,0.026011
AACATTGGTCAGCCGT-1,0.156463,0.005987,0.011436,0.163815,0.351301,0.101584,0.209414
AACATTGTGACTCGAG-1,0.000024,0.066334,0.442248,0.188218,0.046842,0.140074,0.116259
AACCAAGACTTCTCTG-1,0.131938,0.066643,0.025162,0.297748,0.145532,0.109796,0.223181
AACCAGTATCACTCTT-1,0.252641,0.20013,0.097048,0.251692,0.084624,0.053363,0.060502
AACCATGGGATCGCTA-1,0.005388,0.156172,0.501468,0.145323,0.039259,0.051757,0.100633
AACCCAGAGACGGAGA-1,0.462424,0.000074,0.000074,0.011925,0.420896,0.002307,0.1023
AACCCATCCCATGATC-1,0.000034,0.000076,0.000931,0.063527,0.693879,0.116303,0.12525
AACCCGACAACCCGTG-1,0.038709,0.069051,0.204413,0.294522,0.058678,0.074653,0.259974
AACCCGAGCAGAATCG-1,0.109238,0.146881,0.089117,0.262101,0.142453,0.168312,0.081898
AACCCTACTGTCAATA-1,0.099476,0.002673,0.002974,0.016732,0.534961,0.055504,0.28768
AACCCTGGTGGAACCA-1,0.913685,0.000108,0.000108,0.000108,0.07626,0.000108,0.009622
AACCGAGCTTGGTCAT-1,0.03572,0.075353,0.397945,0.075881,0.14286,0.185352,0.086888
AACCGCTAAGGGATGC-1,0.035523,0.035783,0.098432,0.055557,0.387123,0.155695,0.231886
AACCGTTGTGTTTGCT-1,0.734197,0.000084,0.000084,0.010267,0.225973,0.004665,0.024731
AACCTAAAGCCGTCCG-1,0.071047,0.00004,0.00004,0.012259,0.855791,0.029759,0.031063
AACCTCGCTTTAGCCC-1,0.043447,0.185412,0.142488,0.197769,0.117805,0.142498,0.17058
AACCTGTCACGGAATT-1,0.107208,0.088263,0.243178,0.067953,0.177887,0.174761,0.14075
AACCTTTAAATACGGT-1,0.031275,0.100259,0.084593,0.096923,0.292407,0.177748,0.216795
AACCTTTACGACGTCT-1,0.000042,0.007003,0.01121,0.024721,0.668272,0.11652,0.172232
AACGACCTCCTAGCCG-1,0.044574,0.133157,0.193903,0.032563,0.132922,0.380273,0.082607
AACGATAATGCCGTAG-1,0.032068,0.253507,0.482858,0.117936,0.008446,0.087998,0.017186
AACGATAGAAGGGCCG-1,0.006499,0.223726,0.738212,0.012929,0.000016,0.01534,0.003278
AACGATATGTCAACTG-1,0.06375,0.124007,0.10205,0.100188,0.23098,0.184394,0.194632
AACGCATGATCTGGGT-1,0.275265,0.017393,0.039221,0.018711,0.405579,0.077558,0.166273
AACGCGAACGGCAACA-1,0.095234,0.084999,0.068953,0.085811,0.320762,0.136294,0.207947
AACGCGACCTTGGGCG-1,0.013464,0.198624,0.431329,0.120459,0.07775,0.096198,0.062176
AACGCGGTCTCCAGCC-1,0.414286,0.0123,0.000071,0.106712,0.260885,0.11238,0.093366
AACGCTGTTGCTGAAA-1,0.017589,0.066938,0.162152,0.11293,0.274919,0.217471,0.148001
AACGGACGTACGTATA-1,0.013853,0.029741,0.084054,0.037255,0.482199,0.181309,0.171589
AACGGCCATCTCCGGT-1,0.000032,0.017951,0.319739,0.103505,0.21221,0.106024,0.240539
AACGTACTGTGGGTAC-1,0.000038,0.086388,0.244432,0.164215,0.096556,0.235041,0.17333
AACGTAGTCTACCCAT-1,0.03184,0.03859,0.022601,0.170357,0.449665,0.060156,0.226791
AACGTCAGACTAGTGG-1,0.079125,0.04067,0.362985,0.192811,0.151058,0.080485,0.092866
AACGTCGCTGCACTTC-1,0.000052,0.001032,0.00542,0.066568,0.417661,0.198249,0.311018
AACGTGATGAAGGACA-1,0.041398,0.310081,0.010652,0.056925,0.220657,0.277519,0.082767
AACGTGCGAAAGTCTC-1,0.056243,0.000045,0.000045,0.000982,0.799583,0.017317,0.125786
AACGTTATCAGCACCT-1,0.175491,0.058577,0.149625,0.317757,0.12609,0.122336,0.050124
AACTACCCGTTTGTCA-1,0.128745,0.479363,0.311112,0.057959,0.000245,0.014094,0.008482
AACTAGCGTATCGCAC-1,0.573125,0.040599,0.000065,0.025756,0.170912,0.070167,0.119376
AACTAGGCTTGGGTGT-1,0.000054,0.004105,0.009746,0.098481,0.472486,0.202189,0.212939
AACTCAAGTTAATTGC-1,0.004798,0.176023,0.533932,0.079866,0.035814,0.073209,0.096359
AACTCCAGAGCGTGTT-1,0.000039,0.08406,0.019058,0.202659,0.432259,0.134571,0.127355
AACTCCTAATCCCATG-1,0.952015,0.000105,0.000105,0.000105,0.047454,0.000105,0.000113
AACTCGATAAACACGT-1,0.016502,0.100445,0.274038,0.3292,0.126674,0.030631,0.12251
AACTCGATGGCGCAGT-1,0.004531,0.242987,0.725465,0.019731,0.000022,0.00437,0.002895
AACTCTCAATAGAGCG-1,0.045143,0.21574,0.364913,0.054603,0.074321,0.124351,0.120929
AACTCTCAGTGTGCTC-1,0.00052,0.078689,0.139122,0.204303,0.24296,0.167015,0.167392
AACTGAGGTCAGCGTC-1,0.295316,0.000073,0.000073,0.018109,0.650779,0.002797,0.032854
AACTGAGTTATACTGA-1,0.019875,0.065096,0.279525,0.044556,0.269073,0.237002,0.084873
AACTGATATTAGGCCT-1,0.005173,0.05429,0.112683,0.146533,0.412719,0.154991,0.113611
AACTGGGTCCCGACGT-1,0.042827,0.013511,0.012461,0.124369,0.514622,0.137088,0.155122
AACTGGGTTCGAGCCG-1,0.040277,0.29271,0.517346,0.033866,0.011974,0.038929,0.064899
AACTGGTGTGGGCCTT-1,0.22919,0.154836,0.129658,0.162098,0.138624,0.072425,0.113169
AACTTCTGCGTCTATC-1,0.227639,0.000095,0.000095,0.211835,0.48859,0.012988,0.058757
AACTTGCCCGTATGCA-1,0.110421,0.000046,0.000046,0.018277,0.787169,0.063161,0.020879
AACTTGCGTTCTCGCG-1,0.078333,0.041242,0.009962,0.160458,0.485208,0.105843,0.118953
AACTTTACGGGAGCTT-1,0.190776,0.148225,0.049732,0.143405,0.163087,0.062017,0.242759
AACTTTAGCTGCTGAG-1,0.831789,0.009031,0.038456,0.012886,0.024517,0.003916,0.079406
AACTTTCTCGATCATG-1,0.080722,0.106756,0.447096,0.04893,0.067549,0.15541,0.093537
AAGAAATCACCAGATT-1,0.114395,0.036761,0.071079,0.04694,0.488958,0.148734,0.093132
AAGAAGGATCAGTTAG-1,0.198071,0.120379,0.089514,0.115068,0.234041,0.156442,0.086485
AAGACATACGTGGTTT-1,0.016567,0.024377,0.013797,0.037406,0.63633,0.211761,0.059762
AAGACCCAACTGAACA-1,0.002401,0.206918,0.375813,0.183353,0.048404,0.101305,0.081805
AAGACTAACCCGTTGT-1,0.054409,0.057816,0.005172,0.108553,0.322338,0.072254,0.379458
AAGACTCACGCCCACT-1,0.17147,0.132958,0.341014,0.128468,0.050796,0.067808,0.107486
AAGACTGCAAGCTACT-1,0.16186,0.110212,0.092782,0.222413,0.190962,0.044053,0.177718
AAGAGATGAATCGGTA-1,0.189267,0.037125,0.000395,0.121366,0.489977,0.101579,0.060291
AAGAGCTCTTTATCGG-1,0.319031,0.091536,0.227825,0.029007,0.225536,0.060259,0.046806
AAGAGGATGTACGCGA-1,0.078075,0.111194,0.056692,0.243661,0.092693,0.106325,0.31136
AAGAGGCATGGATCGC-1,0.997865,0.000356,0.000356,0.000356,0.000356,0.000356,0.000356
AAGAGGCCCTTTGGAA-1,0.070538,0.064432,0.09981,0.161053,0.194233,0.141878,0.268056
AAGATGGCACCGGACC-1,0.003347,0.031358,0.019942,0.216495,0.318768,0.194937,0.215153
AAGATTGGCGGAACGT-1,0.017109,0.310165,0.594831,0.01048,0.004587,0.033842,0.028986
AAGCACCCTGCGTATC-1,0.006456,0.08634,0.032387,0.175644,0.392717,0.183004,0.123453
AAGCATACTCTCCTGA-1,0.011419,0.095723,0.276914,0.186896,0.114633,0.204173,0.110242
AAGCCGAAGCGGTTTA-1,0.075707,0.211103,0.431238,0.072124,0.028785,0.054888,0.126156
AAGCCGCCGTGAAATC-1,0.000041,0.028025,0.079212,0.237549,0.323269,0.210233,0.121671
AAGCCGCTTTACCTTG-1,0.14268,0.048563,0.112243,0.051532,0.324865,0.165648,0.154469
AAGCCGGAGAGCAGGA-1,0.126071,0.159668,0.256887,0.091184,0.076115,0.073431,0.216643
AAGCGCAGGGCTTTGA-1,0.015764,0.200973,0.204272,0.182851,0.134402,0.099288,0.16245
AAGCGGAGTGCGCGCA-1,0.097053,0.067383,0.095445,0.016522,0.491208,0.158597,0.073792
AAGCGGCGTCATGGGT-1,0.250477,0.023931,0.005402,0.026306,0.494987,0.076879,0.122019
AAGCGTCCCTCATCGA-1,0.143557,0.007556,0.000071,0.60342,0.080412,0.016119,0.148864
AAGCTAGATCGAGTAA-1,0.000033,0.074997,0.095896,0.228204,0.226222,0.149663,0.224984
AAGCTCGTGCCAAGTC-1,0.341414,0.000564,0.000054,0.010909,0.446143,0.058318,0.142598
AAGCTCTTTCATGGTG-1,0.000944,0.092999,0.110834,0.112901,0.202709,0.247647,0.231966
AAGGAGAACTTATAAG-1,0.285123,0.017621,0.026203,0.056997,0.332488,0.023891,0.257678
AAGGAGCGGTTGGTGC-1,0.005157,0.000056,0.000056,0.003296,0.933766,0.024238,0.033431
AAGGATCGATCGCTTG-1,0.167318,0.086467,0.109642,0.030896,0.348456,0.094248,0.162974
AAGGATGAGGGACCTC-1,0.01167,0.000494,0.029306,0.066442,0.57153,0.205213,0.115345
AAGGCAGGCTGTCTCC-1,0.500877,0.159875,0.015559,0.074613,0.128845,0.071371,0.048861
AAGGCGCGTAAAGCTT-1,0.937142,0.000066,0.000066,0.003535,0.035164,0.000066,0.02396
AAGGCTGTGCTCATCG-1,0.091698,0.27336,0.534145,0.022747,0.008723,0.034075,0.035251
AAGGGAACGACTGGCT-1,0.000018,0.496721,0.281553,0.11182,0.017891,0.054004,0.037992
AAGGGACAGATTCTGT-1,0.024406,0.121508,0.411069,0.055993,0.177962,0.105197,0.103866
AAGGGACTATGCATTC-1,0.003007,0.090799,0.222644,0.284526,0.069432,0.089561,0.240031
AAGGTATCCTAATATA-1,0.033634,0.019123,0.142028,0.025522,0.363429,0.14892,0.267345
AAGGTGATAAACCAGC-1,0.025374,0.026792,0.141547,0.051368,0.305888,0.178453,0.270578
AAGTAAGCTTCCAAAC-1,0.090765,0.227481,0.300762,0.119924,0.093117,0.066117,0.101835
AAGTAGAAGACCGGGT-1,0.00175,0.000043,0.000043,0.007249,0.933487,0.025012,0.032417
AAGTAGTGACGCGAGG-1,0.016404,0.053469,0.106292,0.142844,0.314252,0.256686,0.110054
AAGTCAATTGTCGTCA-1,0.819089,0.032005,0.148551,0.000089,0.000089,0.000089,0.000089
AAGTCTAGTAGCTGCC-1,0.12682,0.035735,0.069662,0.041071,0.47568,0.12752,0.123513
AAGTCTTCTGTGGCCT-1,0.003008,0.103156,0.457223,0.138608,0.055244,0.13701,0.105752
AAGTGACGACCGAATT-1,0.165408,0.000053,0.000053,0.113251,0.519024,0.049705,0.152506
AAGTGAGTCGGGTTTA-1,0.002171,0.140503,0.236516,0.11678,0.15119,0.220824,0.132015
AAGTGCAAAGGTAGAC-1,0.399823,0.000098,0.000098,0.123984,0.347548,0.000357,0.128091
AAGTGCCTTGACTGTA-1,0.715567,0.016976,0.10998,0.019641,0.020918,0.014534,0.102384
AAGTGCGTTAGAATCT-1,0.002099,0.14912,0.652459,0.126584,0.005845,0.028724,0.03517
AAGTGCTTCTCTATTG-1,0.145467,0.007108,0.002491,0.56496,0.15357,0.02034,0.106064
AAGTGTTTGGAGACGG-1,0.015068,0.030642,0.053801,0.090362,0.30961,0.250034,0.250483
AAGTTCACTCCAAGCT-1,0.000036,0.029905,0.005131,0.09484,0.517461,0.18974,0.162887
AAGTTCAGTCTGCGTA-1,0.015171,0.051414,0.515772,0.080023,0.151133,0.102552,0.083935
AAGTTCGGCCAACAGG-1,0.00478,0.406537,0.019307,0.142385,0.219351,0.097697,0.109943
AAGTTGTGATGTTATA-1,0.000339,0.08988,0.531521,0.10402,0.047135,0.113459,0.113647
AAGTTTACTAATGGCA-1,0.031816,0.082883,0.038991,0.134918,0.348953,0.07494,0.287499
AAGTTTATGGGCCCAA-1,0.000604,0.114548,0.298532,0.24714,0.104818,0.129881,0.104476
AATAACAACGCTCGGC-1,0.000022,0.147397,0.610087,0.108601,0.013199,0.036774,0.083921
AATAACACTAGAACAA-1,0.008185,0.194885,0.277514,0.126456,0.055522,0.096964,0.240473
AATAAGTCCTCGAGAC-1,0.050521,0.128691,0.215212,0.168027,0.095459,0.13297,0.209119
AATAATCTTCGTATCG-1,0.097193,0.600186,0.069177,0.062069,0.030068,0.120333,0.020974
AATACAATGTTTCAGG-1,0.232418,0.042208,0.002437,0.216485,0.249919,0.038145,0.218387
AATACCGGAGGGCTGT-1,0.050187,0.002641,0.000052,0.097346,0.713488,0.086242,0.050045
AATACCTGATGTGAAC-1,0.000129,0.069787,0.197542,0.229788,0.128156,0.056547,0.318051
AATAGAACAGAGTGGC-1,0.04671,0.10449,0.223525,0.172025,0.142053,0.04531,0.265887
AATAGAATCTGTTTCA-1,0.030353,0.038492,0.037891,0.024253,0.356291,0.356791,0.155929
AATAGCAAGCCTCCTG-1,0.803017,0.000122,0.000122,0.000122,0.196373,0.000122,0.000122
AATAGCTACCGCGTGC-1,0.036522,0.060092,0.038007,0.023082,0.516151,0.234294,0.091852
AATAGTCCGTCCCGAC-1,0.048604,0.33839,0.54347,0.051276,0.000097,0.007922,0.01024
AATAGTCGCGAGTCGG-1,0.286774,0.002642,0.000074,0.320111,0.228855,0.004863,0.156681
AATATCAAGGTCGGAT-1,0.063863,0.245626,0.079885,0.323825,0.100579,0.063472,0.12275
AATATCCTAGCAAACT-1,0.006342,0.07958,0.348678,0.147894,0.105834,0.214344,0.097328
AATATCGAATCAATGC-1,0.114769,0.026329,0.001601,0.068553,0.488683,0.077394,0.22267
AATATCGAGGGTTCTC-1,0.111106,0.036011,0.044363,0.139958,0.369268,0.120913,0.178381
AATATTGGAGTATTGA-1,0.10832,0.063423,0.029196,0.121007,0.347393,0.090886,0.239774
AATCAGGTTTCATTTA-1,0.728963,0.015514,0.000553,0.023884,0.162298,0.063672,0.005115
AATCATGTAAAGACTC-1,0.012361,0.069472,0.271038,0.257234,0.131448,0.12447,0.133977
AATCCAAGGGCCTGAG-1,0.240014,0.069445,0.009073,0.198705,0.35478,0.062747,0.065237
AATCCATGCAAGGGTG-1,0.015948,0.078919,0.067812,0.443974,0.151118,0.059849,0.182379
AATCGCCTCAGCGCCA-1,0.004247,0.379637,0.358335,0.114476,0.032586,0.04699,0.063729
AATCGCGCAGAGGACT-1,0.11138,0.031018,0.007281,0.097128,0.481421,0.05397,0.217801
AATCGGGACACTACGA-1,0.047016,0.287614,0.498577,0.019529,0.018506,0.07984,0.048919
AATCGGTATAGCCCTC-1,0.001797,0.077577,0.151719,0.034119,0.21113,0.371742,0.151916
AATCGTGAGCCGAGCA-1,0.100795,0.049786,0.06405,0.06916,0.318274,0.292565,0.105371
AATCTAGGTTTACTTG-1,0.000075,0.047028,0.01675,0.237543,0.308477,0.191619,0.198507
AATCTATGCCGGAGCC-1,0.11506,0.000059,0.000059,0.004785,0.733687,0.027721,0.118628
AATCTCTACTGTGGTT-1,0.005131,0.026659,0.025548,0.134907,0.624054,0.076884,0.106817
AATCTGCGTTGGGACG-1,0.034002,0.000067,0.000067,0.000067,0.963087,0.000067,0.002643
AATCTGGCTTTCTAGT-1,0.000031,0.110262,0.568941,0.133192,0.02082,0.106217,0.060535
AATCTGGGTAGACCCT-1,0.290366,0.066988,0.027425,0.070864,0.210279,0.22902,0.105058
AATGACAGCAATGTCT-1,0.000038,0.065169,0.306814,0.237489,0.098445,0.170539,0.121506
AATGACGTAGGATGTC-1,0.00054,0.078832,0.524548,0.128235,0.075196,0.071268,0.121381
AATGACTGTCAGCCGG-1,0.030312,0.008988,0.000321,0.050802,0.732238,0.105356,0.071983
AATGAGTTCGCATATG-1,0.190853,0.253245,0.123903,0.117458,0.100776,0.090993,0.122772
AATGATGATACGCTAT-1,0.015326,0.094874,0.353064,0.069349,0.140386,0.168546,0.158455
AATGATGCGACTCCTG-1,0.000034,0.010555,0.052406,0.046334,0.608346,0.04946,0.232866
AATGCAACCGGGTACC-1,0.136752,0.054462,0.027379,0.120157,0.347943,0.072434,0.240873
AATGCACCAAGCAATG-1,0.000047,0.000261,0.002556,0.016934,0.783725,0.089314,0.107164
AATGGCCGCCAATGCG-1,0.771931,0.00022,0.00022,0.00022,0.083876,0.00022,0.143314
AATGGTCCACCGTTCA-1,0.662071,0.001231,0.000074,0.119759,0.098801,0.005911,0.112154
AATGGTTCTCACAAGC-1,0.229672,0.008794,0.030897,0.289072,0.124875,0.022139,0.294551
AATGTGCCCGAGGTGT-1,0.000039,0.307876,0.30671,0.185906,0.029908,0.067741,0.101821
AATGTTGTCGTGAGAC-1,0.01371,0.001504,0.000051,0.030506,0.731029,0.068955,0.154245
AATTAAAGGTCGGCGT-1,0.39511,0.000068,0.000068,0.053036,0.43905,0.02645,0.086218
AATTAACGGATTTCCA-1,0.01889,0.186586,0.282663,0.177595,0.121035,0.120775,0.092455
AATTACTCGTACGCTC-1,0.00004,0.053874,0.094601,0.119921,0.330148,0.14836,0.253056
AATTAGCGCTGCAGCG-1,0.032118,0.168582,0.106279,0.156617,0.180752,0.228391,0.127262
AATTCATAAGGGATCT-1,0.00006,0.035458,0.066121,0.097035,0.180884,0.06655,0.553893
AATTCCAACTTGGTGA-1,0.044859,0.088844,0.069446,0.408615,0.14518,0.052865,0.190191
AATTCCAAGCATGTAC-1,0.194157,0.222088,0.096299,0.261216,0.067483,0.040578,0.11818
AATTCGATTCGAGGAT-1,0.035783,0.335244,0.293267,0.076352,0.079809,0.136255,0.04329
AATTCTAGAGTTAGGC-1,0.002663,0.082453,0.128881,0.178305,0.206329,0.197078,0.204291
AATTGAACGCTCTGGT-1,0.004961,0.004849,0.018689,0.044287,0.648942,0.073917,0.204355
AATTGCAGCAATCGAC-1,0.020174,0.024258,0.046985,0.136989,0.452352,0.187142,0.1321
AATTGTGGTTGCCAAA-1,0.022555,0.234153,0.613888,0.025501,0.008763,0.047881,0.047259
AATTTGGGACATAGTA-1,0.48545,0.00007,0.00007,0.008391,0.307114,0.007705,0.191199
AATTTGGTTCCAAAGA-1,0.091123,0.000047,0.000047,0.022563,0.799561,0.028946,0.057713
ACAAAGAAGGTAGGCC-1,0.006918,0.117803,0.095403,0.220036,0.243373,0.194102,0.122364
ACAAAGCATGACCTAG-1,0.037455,0.08605,0.091134,0.130814,0.344912,0.14562,0.164016
ACAAATCGCACCGAAT-1,0.002883,0.00738,0.007478,0.085546,0.668851,0.100456,0.127406
ACAAATGGTAGTGTTT-1,0.07821,0.076412,0.077597,0.063982,0.377423,0.145461,0.180915
ACAAATTCAGATCTGA-1,0.100939,0.189173,0.359414,0.058547,0.08805,0.072253,0.131625
ACAACAGCATGAGCTA-1,0.91063,0.000175,0.000175,0.000175,0.051331,0.000175,0.037338
ACAACGGTCCCTGCGA-1,0.000461,0.043987,0.239454,0.204417,0.184205,0.149114,0.178362
ACAAGCAGTGCCTAGC-1,0.045079,0.035555,0.028242,0.105534,0.452593,0.220348,0.11265
ACAAGCTATATGGAAG-1,0.00541,0.150707,0.238097,0.216405,0.130923,0.162916,0.09554
ACAAGGAAATCCGCCC-1,0.398365,0.017866,0.009934,0.147009,0.195413,0.037899,0.193514
ACAAGGACAAGAGGTT-1,0.140642,0.130748,0.111311,0.104857,0.140503,0.246187,0.125752
ACAAGGATGCTTTAGG-1,0.000049,0.172779,0.425903,0.125567,0.011266,0.109735,0.1547
ACAAGGCCTACCAGCC-1,0.031402,0.042045,0.156308,0.052176,0.299483,0.151525,0.267061
ACAAGGGCAGGCTCTG-1,0.00005,0.000594,0.000088,0.025233,0.737693,0.082093,0.154249
ACAATAGTCGTACGTT-1,0.059446,0.513985,0.279381,0.086497,0.010554,0.026615,0.023522
ACAATCCATTTAAACC-1,0.001632,0.158407,0.361957,0.236851,0.059614,0.083267,0.098272
ACAATCGATCTTTATA-1,0.025551,0.175292,0.288149,0.160829,0.074927,0.123943,0.15131
ACAATGAATACGGAGA-1,0.00311,0.268601,0.68317,0.028218,0.000015,0.012636,0.00425
ACAATGATTCTTCTAC-1,0.686292,0.000122,0.000122,0.000122,0.287217,0.000122,0.026004
ACAATTGTGTCTCTTT-1,0.003551,0.069532,0.054261,0.051048,0.458059,0.158576,0.204972
ACAATTTAGGAGGCTC-1,0.147051,0.294986,0.554399,0.0035,0.000021,0.000021,0.000021
ACAATTTGAGCAGTGG-1,0.115545,0.095139,0.275355,0.023109,0.215638,0.17726,0.097952
ACAATTTGGCCATATT-1,0.208854,0.274227,0.099225,0.027094,0.196096,0.152931,0.041573
ACACAAAGACGGGTGG-1,0.211804,0.118123,0.512626,0.053845,0.008846,0.020671,0.074083
ACACAAATATTCCTAG-1,0.137426,0.045496,0.053783,0.035917,0.42004,0.194796,0.112542
ACACACCAGGACCAGT-1,0.017593,0.056069,0.210839,0.071685,0.304733,0.22948,0.1096
ACACACTTTCTACACG-1,0.26054,0.062137,0.192454,0.121196,0.18885,0.053233,0.121591
ACACATGATCAAATCT-1,0.030021,0.000097,0.000097,0.312858,0.27146,0.177523,0.207943
ACACATTGACGCAACA-1,0.07375,0.095676,0.072912,0.122851,0.219588,0.078374,0.336849
ACACATTTCCGTAGAC-1,0.131907,0.018483,0.014637,0.2171,0.279604,0.112938,0.225331
ACACCACATAATTAGC-1,0.055622,0.002959,0.007737,0.015217,0.727112,0.098671,0.092682
ACACCCAGCATGCAGC-1,0.02307,0.060999,0.035228,0.172357,0.332216,0.074619,0.301511
ACACCCGAGAAATCCG-1,0.187349,0.268874,0.28553,0.068577,0.048968,0.075128,0.065573
ACACCGAGCGCTCTTT-1,0.085788,0.093254,0.028996,0.205741,0.261535,0.180649,0.144036
ACACCGGTCTGACCGC-1,0.000096,0.183004,0.02062,0.494463,0.147054,0.094263,0.0605
ACACCTTAAGTAGGGC-1,0.000041,0.044926,0.131979,0.224119,0.214133,0.091031,0.293771
ACACCTTACTACTTGC-1,0.063772,0.020744,0.085848,0.09475,0.241244,0.136966,0.356676
ACACGAGACTCCTTCT-1,0.328723,0.000083,0.000083,0.034888,0.527521,0.037896,0.070807
ACACGGCACTATGCAT-1,0.157493,0.076107,0.062508,0.271526,0.206858,0.061234,0.164274
ACACGGGAACTTAGGG-1,0.860688,0.000122,0.000122,0.014549,0.049602,0.000122,0.074794
ACACTCCAATGTCACT-1,0.283201,0.002301,0.0001,0.216474,0.36304,0.006297,0.128587
ACACTGATCAAGGTGT-1,0.058716,0.286816,0.156975,0.13913,0.117422,0.125498,0.115442
ACACTGGGACAGTCGT-1,0.046497,0.147853,0.382907,0.086156,0.108993,0.111566,0.116028
ACAGAACTGAGAACAA-1,0.000057,0.009982,0.003939,0.384064,0.194785,0.0232,0.383974
ACAGATTAGGTTAGTG-1,0.130961,0.207318,0.07569,0.125705,0.184112,0.079704,0.19651
ACAGCATAGAGCCAGT-1,0.000049,0.000049,0.000049,0.002369,0.953063,0.003982,0.040439
ACAGCGACATTCTCAT-1,0.052153,0.179155,0.17285,0.297834,0.059576,0.085499,0.152932
ACAGCGCACCCGCAGC-1,0.020866,0.037237,0.061938,0.057625,0.436991,0.238973,0.14637
ACAGGAGGCGCAGCCG-1,0.062552,0.107875,0.090287,0.171923,0.20001,0.178274,0.189079
ACAGGCACGGATCCTT-1,0.024968,0.177992,0.035497,0.059657,0.291579,0.351704,0.058604
ACAGGCTTGCCCGACT-1,0.003036,0.039221,0.104766,0.241681,0.292915,0.060645,0.257737
ACAGGTGGAGGTGAGG-1,0.042942,0.059105,0.08105,0.098364,0.364424,0.262655,0.09146
ACAGGTGTGTTGTTGC-1,0.01438,0.047019,0.153346,0.149298,0.323153,0.157499,0.155306
ACAGTAATACAACTTG-1,0.000026,0.049248,0.122023,0.180771,0.182172,0.253027,0.212731
ACAGTATACCGTGGGA-1,0.322764,0.02591,0.089663,0.079031,0.218516,0.107784,0.156333
ACAGTGCAGCGCATTT-1,0.012634,0.051112,0.016714,0.033414,0.325717,0.242654,0.317755
ACATAAGTCGTGGTGA-1,0.000156,0.000156,0.000156,0.034011,0.925454,0.000156,0.039913
ACATAATAAGGCGGTG-1,0.163726,0.191166,0.098545,0.145948,0.228659,0.102779,0.069175
ACATCAGCTGGGACGC-1,0.0944,0.015036,0.015891,0.157889,0.434556,0.096957,0.185271
ACATCCCGGCCATACG-1,0.000032,0.074727,0.392771,0.245775,0.111558,0.102198,0.072939
ACATCCTGGTAACTGT-1,0.027238,0.095428,0.297398,0.075531,0.124109,0.208463,0.171834
ACATCGATCGTTTACC-1,0.005611,0.002037,0.002723,0.132415,0.538268,0.047876,0.27107
ACATCGGTCAGCCGCG-1,0.060261,0.109078,0.125306,0.305068,0.103317,0.204807,0.092164
ACATCGTATGCAATGG-1,0.037514,0.006333,0.015586,0.08069,0.661852,0.053269,0.144757
ACATCGTTAACCTAGT-1,0.080135,0.13176,0.204,0.080851,0.188871,0.189306,0.125077
ACATCTCAACGCGTAA-1,0.999372,0.000105,0.000105,0.000105,0.000105,0.000105,0.000105
ACATGGCGCCAAAGTA-1,0.077073,0.09975,0.141867,0.048504,0.339715,0.198282,0.094809
ACATGGCTCAATTTAG-1,0.451383,0.000101,0.000101,0.006847,0.466015,0.00097,0.074582
ACATTAGTTTATATCC-1,0.015056,0.036036,0.003989,0.102688,0.504016,0.072025,0.26619
ACATTTGAAACCTAAC-1,0.000069,0.097492,0.093087,0.19533,0.229137,0.118206,0.266679
ACCAAACACCCAGCGA-1,0.205434,0.000036,0.000036,0.000415,0.773442,0.006307,0.014331
ACCAAACTAGAAATCC-1,0.069427,0.071747,0.180393,0.167248,0.192003,0.109935,0.209246
ACCAACCGCACTCCAC-1,0.058054,0.114576,0.119015,0.067792,0.313317,0.21796,0.109287
ACCAACGCTTATTTAT-1,0.029396,0.406984,0.561457,0.002102,0.00002,0.00002,0.00002
ACCAAGAACGCGTGTC-1,0.057237,0.021309,0.012231,0.114099,0.317912,0.089135,0.388077
ACCAAGTCATCGGCAG-1,0.011332,0.066364,0.065086,0.089129,0.283215,0.372127,0.112747
ACCAATATGCAAGTTA-1,0.041709,0.101489,0.029857,0.269821,0.274168,0.20019,0.082765
ACCACAACTCAGAACA-1,0.052683,0.038138,0.182013,0.08398,0.458391,0.091679,0.093116
ACCACAAGTTTCTATC-1,0.063079,0.000055,0.000055,0.041767,0.827945,0.010226,0.056872
ACCACCAATGTAACAA-1,0.036414,0.137234,0.151009,0.089353,0.276951,0.225079,0.08396
ACCACCCTCTCTTCTA-1,0.287553,0.189306,0.15526,0.131616,0.076922,0.039332,0.120011
ACCACGTGCAGCTATA-1,0.203849,0.413525,0.190542,0.057875,0.009391,0.055845,0.068974
ACCACTGTTCAAGAAG-1,0.013569,0.009867,0.004076,0.263675,0.563431,0.076902,0.06848
ACCAGACCATAACAAC-1,0.001206,0.003945,0.002582,0.043641,0.664595,0.109611,0.174421
ACCAGCCCGGTCTTTG-1,0.01559,0.201099,0.10975,0.141395,0.273066,0.122356,0.136744
ACCAGGAGTGTGATCT-1,0.443418,0.028855,0.249343,0.104891,0.040104,0.041609,0.091779
ACCAGTGCCCGGTCAA-1,0.037346,0.035511,0.216453,0.150291,0.323471,0.036011,0.200917
ACCAGTGCGGGAGACG-1,0.049356,0.242247,0.110748,0.084933,0.127484,0.198745,0.186485
ACCATATCCGCAATAA-1,0.110026,0.60263,0.224321,0.021404,0.003814,0.0359,0.001905
ACCATCCGCCAACTAG-1,0.13799,0.166094,0.031435,0.074831,0.184193,0.355873,0.049585
ACCATCGTATATGGTA-1,0.037083,0.487883,0.44833,0.005849,0.000031,0.015237,0.005588
ACCATTAAGGGTGTCA-1,0.05207,0.107405,0.0999,0.2497,0.17855,0.147274,0.165102
ACCCAACGCCCGTGGC-1,0.401789,0.005138,0.104468,0.077216,0.307613,0.021399,0.082377
ACCCACCTACATGCTC-1,0.117064,0.068532,0.035552,0.271689,0.212526,0.097761,0.196876
ACCCATCTTGAGGGTA-1,0.000059,0.029537,0.045784,0.181051,0.477816,0.094112,0.171641
ACCCATTTGTCCCTCT-1,0.112812,0.048631,0.094001,0.102383,0.3144,0.143725,0.184049
ACCCGAGCGAAATTAC-1,0.021577,0.153028,0.096721,0.294502,0.139956,0.21485,0.079365
ACCCGATTGGTTCCGA-1,0.425023,0.080565,0.000264,0.082788,0.2638,0.04982,0.097741
ACCCGGAAACTCCCAG-1,0.019515,0.094443,0.36893,0.152673,0.10621,0.127199,0.13103
ACCCGGAGCACCACAA-1,0.901502,0.044978,0.052915,0.000151,0.000151,0.000151,0.000151
ACCCGGATGACGCATC-1,0.162935,0.019378,0.037382,0.203213,0.290768,0.064568,0.221756
ACCCGGTTACACTTCC-1,0.01654,0.290441,0.638171,0.040481,0.000085,0.008175,0.006107
ACCCGTAGTCTAGTTG-1,0.000012,0.068798,0.730345,0.018051,0.03086,0.071472,0.080462
ACCCGTGTCATCAGTA-1,0.000024,0.156955,0.578347,0.105989,0.017266,0.104106,0.037311
ACCCTATAGGACTGAG-1,0.079084,0.005776,0.000052,0.174639,0.606976,0.030738,0.102734
ACCCTATGCCATATCG-1,0.020749,0.007794,0.002177,0.109972,0.483949,0.159512,0.215848
ACCCTCCCGTCAGGGC-1,0.12066,0.016038,0.001285,0.018892,0.530188,0.21332,0.099616
ACCCTCCCTTGCTATT-1,0.016166,0.000047,0.000047,0.007547,0.903994,0.007017,0.065183
ACCCTGGTAACGCCCT-1,0.091904,0.040557,0.142864,0.121796,0.22644,0.11203,0.264409
ACCCTTCATCTGCGAA-1,0.494032,0.000095,0.000095,0.024234,0.215299,0.001197,0.265047
ACCCTTGCCTGGGTCG-1,0.123436,0.028183,0.126689,0.072672,0.4368,0.114717,0.097503
ACCCTTTAGTTCTCCA-1,0.027821,0.01859,0.028714,0.108123,0.613051,0.070576,0.133125
ACCGAAAGGGCCCTGC-1,0.110437,0.06543,0.094572,0.285258,0.191692,0.070545,0.182066
ACCGACACATCTCCCA-1,0.000028,0.010456,0.025439,0.163692,0.448305,0.066258,0.285821
ACCGACTGAGTCCCAC-1,0.088242,0.512971,0.237997,0.048462,0.015001,0.034274,0.063054
ACCGAGTCTCCTTATT-1,0.000028,0.057774,0.114969,0.128656,0.189727,0.255128,0.253719
ACCGATAGGCATAACC-1,0.053547,0.05231,0.055915,0.345926,0.155952,0.137709,0.198641
ACCGATATTTAATCAT-1,0.048062,0.006234,0.03229,0.082469,0.346773,0.143597,0.340575
ACCGATGGTAGCATCG-1,0.064848,0.027473,0.123295,0.036572,0.392068,0.092878,0.262866
ACCGCAATAACTGCCT-1,0.000074,0.041647,0.011495,0.321269,0.183874,0.063945,0.377697
ACCGCGGTGGAAGTCG-1,0.225073,0.106327,0.153152,0.035774,0.167801,0.151032,0.16084
ACCGGGCCTTTGTTGA-1,0.059078,0.001037,0.000053,0.042393,0.754175,0.02186,0.121404
ACCGGTCAGGTACACC-1,0.000063,0.062512,0.088309,0.487582,0.075293,0.04233,0.243912
ACCGGTCTGAGTACGG-1,0.194763,0.134447,0.147233,0.103547,0.166848,0.082777,0.170385
ACCGTGACCACGTGGG-1,0.004973,0.008233,0.009689,0.192035,0.486042,0.086642,0.212386
ACCGTTCCCGCTCTGA-1,0.01241,0.073269,0.616798,0.145639,0.027393,0.062772,0.061718
ACCTAAGTACCTTTCA-1,0.000042,0.104179,0.034382,0.243532,0.162464,0.141112,0.31429
ACCTAATCGACTTCCT-1,0.023001,0.031366,0.293658,0.172374,0.236543,0.082077,0.160981
ACCTACAGTATGTGGT-1,0.019672,0.033087,0.090581,0.07187,0.496861,0.215645,0.072283
ACCTACTATAAATCTA-1,0.018701,0.510658,0.465433,0.004234,0.000012,0.00095,0.000012
ACCTCCGCCCTCGCTG-1,0.226983,0.022614,0.0207,0.107228,0.361652,0.120345,0.140478
ACCTCCGTTATTCACC-1,0.054702,0.096515,0.473025,0.044135,0.087428,0.123369,0.120825
ACCTGCGTGTCATGTT-1,0.057102,0.000063,0.000063,0.091134,0.7241,0.03852,0.089019
ACCTTTCCTTTAGAAG-1,0.215264,0.06507,0.060253,0.147171,0.327414,0.104584,0.080244
ACGAAATGGGCGGCAC-1,0.008503,0.058057,0.066369,0.170018,0.371726,0.242,0.083327
ACGACCCATGAGTTGC-1,0.692096,0.00253,0.00325,0.016511,0.180851,0.014245,0.090517
ACGACTCTAGGGCCGA-1,0.000022,0.063665,0.039504,0.091327,0.546568,0.169748,0.089166
ACGACTGGTCATACTC-1,0.000029,0.110426,0.282069,0.170863,0.147027,0.148576,0.14101
ACGAGAACCCATCACG-1,0.084929,0.000037,0.000037,0.006394,0.844138,0.043898,0.020567
ACGAGATATTTGCTTA-1,0.241997,0.026347,0.008986,0.033454,0.48806,0.091853,0.109302
ACGAGGATACCACTCT-1,0.167134,0.072775,0.078665,0.321502,0.102429,0.162804,0.094691
ACGAGGTTTACAACGT-1,0.000029,0.053054,0.276192,0.238541,0.131054,0.189525,0.111604
ACGAGTACGGATGCCC-1,0.259293,0.163349,0.074378,0.01507,0.274719,0.108812,0.104379
ACGAGTCGCCGGCGTT-1,0.105512,0.076375,0.040979,0.274382,0.361863,0.063636,0.077252
ACGATACATAGAACTA-1,0.003277,0.062432,0.219044,0.142502,0.255987,0.101102,0.215655
ACGATACCTATCCTGA-1,0.053903,0.19384,0.60472,0.044299,0.012538,0.063165,0.027535
ACGATCATACATAGAG-1,0.415564,0.001632,0.00006,0.097079,0.357031,0.026689,0.101944
ACGATCATCTTGTAAA-1,0.030771,0.012908,0.000044,0.003211,0.848539,0.073637,0.03089
ACGATGCATATGTTAT-1,0.000037,0.055852,0.228637,0.053842,0.27245,0.229503,0.15968
ACGATGGATCCGATGC-1,0.07008,0.268708,0.390099,0.057546,0.075221,0.078653,0.059693
ACGCAAACTAATAGAT-1,0.011695,0.146575,0.219051,0.247345,0.171807,0.115568,0.087957
ACGCAATCACTACAGC-1,0.170567,0.021421,0.007308,0.020346,0.576275,0.093057,0.111025
ACGCATAAATGACATG-1,0.10778,0.10215,0.221102,0.027122,0.292513,0.181288,0.068044
ACGCATACGTTTACTA-1,0.026278,0.139379,0.135202,0.24257,0.090088,0.196645,0.169838
ACGCATTCGTGAGTAC-1,0.327796,0.002374,0.044429,0.041526,0.234426,0.04003,0.309419
ACGCCAGATGATTTCT-1,0.08989,0.145329,0.505908,0.078872,0.021072,0.07055,0.08838
ACGCCAGTGCGTTTGC-1,0.062103,0.114354,0.672672,0.03878,0.017838,0.066316,0.027936
ACGCCCAGCTGTCGAT-1,0.031335,0.172907,0.718552,0.037679,0.001534,0.020813,0.01718
ACGCCGCTAGACGACC-1,0.113861,0.233202,0.280324,0.088577,0.076931,0.100695,0.106411
ACGCCTGACACGCGCT-1,0.046437,0.138339,0.330583,0.233772,0.107928,0.082208,0.060734
ACGCGAAGTCAGACGA-1,0.000028,0.083322,0.50319,0.181688,0.050319,0.114578,0.066875
ACGCGCTACACAGGGT-1,0.007926,0.232387,0.036626,0.168773,0.407886,0.099669,0.046732
ACGCGGGCCAAGGACA-1,0.065962,0.152389,0.577631,0.122057,0.018601,0.025803,0.037558
ACGCGTTTCTTAAGAG-1,0.062509,0.287149,0.3677,0.131174,0.018513,0.100161,0.032795
ACGCTACTGAATGGGC-1,0.000183,0.035543,0.134021,0.193121,0.363093,0.033892,0.240147
ACGCTAGTGATACACT-1,0.042904,0.02263,0.102919,0.063524,0.398206,0.124595,0.245222
ACGCTGTGAGGCGTAG-1,0.015839,0.137923,0.155916,0.446808,0.055551,0.101564,0.086399
ACGCTTAGTGTCTCTC-1,0.062404,0.041776,0.147403,0.272374,0.232755,0.068195,0.175094
ACGGAACACGAGTGCC-1,0.004409,0.138206,0.186193,0.150305,0.124602,0.171409,0.224876
ACGGAATTTAGCAAAT-1,0.063654,0.030497,0.015693,0.286746,0.347554,0.123993,0.131863
ACGGACTCTCAAAGCG-1,0.010977,0.128642,0.106099,0.221311,0.217997,0.203381,0.111593
ACGGAGCGCAAATTAC-1,0.312466,0.025494,0.163107,0.116503,0.125886,0.014473,0.242072
ACGGATGGTGCGGATA-1,0.000966,0.169736,0.038606,0.112795,0.343356,0.243977,0.090564
ACGGCACTTGCTTGGG-1,0.039962,0.213541,0.039466,0.340246,0.127533,0.134322,0.10493
ACGGCCAACATGGACT-1,0.021914,0.203728,0.52577,0.063881,0.027842,0.061465,0.0954
ACGGCGACGATGGGAA-1,0.059029,0.067708,0.051733,0.186946,0.285796,0.169217,0.179571
ACGGCGGGTTGCCCTG-1,0.070541,0.210337,0.192867,0.167418,0.07259,0.098978,0.18727
ACGGGAGTGTCGGCCC-1,0.000055,0.031732,0.060103,0.237671,0.144945,0.174107,0.351388
ACGGGCGTATGCGACA-1,0.879047,0.000322,0.000322,0.000322,0.055403,0.000322,0.064263
ACGGGTCATGTGACTT-1,0.000038,0.092169,0.275098,0.218946,0.13094,0.096416,0.186393
ACGGTACAGTTCAATG-1,0.000028,0.112294,0.240791,0.096395,0.223064,0.200102,0.127326
ACGTACAGATTTCTCT-1,0.046173,0.005595,0.031739,0.025421,0.714769,0.054945,0.121359
ACGTACTTTGGCACGG-1,0.638875,0.047371,0.008777,0.15582,0.096458,0.029046,0.023652
ACGTAGATTGCTGATG-1,0.209043,0.124161,0.097077,0.204415,0.189479,0.10757,0.068254
ACGTAGGAGAGTCGCT-1,0.007257,0.037353,0.041556,0.088501,0.203427,0.515695,0.10621
ACGTATTACTCCGATC-1,0.521714,0.032824,0.000139,0.013104,0.280541,0.080163,0.071515
ACGTCCTAAACGAGAT-1,0.091822,0.037254,0.030101,0.070333,0.485073,0.131442,0.153976
ACGTCTCGTTCCGGGA-1,0.024375,0.147541,0.389841,0.134797,0.055271,0.181999,0.066177
ACGTGCGCCTCGTGCA-1,0.308714,0.025107,0.00261,0.208259,0.273549,0.076752,0.105008
ACGTGGTCGAATGTGC-1,0.000152,0.024354,0.112732,0.150677,0.425315,0.086658,0.200113
ACGTTAATGTCGAAGA-1,0.113958,0.021113,0.025986,0.319283,0.28595,0.040246,0.193464
ACGTTAGATTTGCCCG-1,0.00003,0.041195,0.533615,0.068637,0.037734,0.118951,0.199839
ACGTTCCGCGCTCCGT-1,0.107381,0.106748,0.248674,0.152418,0.137774,0.145736,0.101269
ACGTTCGCAATCAATT-1,0.157614,0.321583,0.026293,0.064831,0.199316,0.183359,0.047004
ACGTTCGTTCAGGAAA-1,0.003578,0.035147,0.245474,0.128346,0.233296,0.094259,0.259901
ACGTTCTGTACAAGTC-1,0.073075,0.178897,0.576966,0.049779,0.01576,0.057846,0.047677
ACGTTTAGTTGTGATC-1,0.00374,0.087869,0.368555,0.068851,0.199343,0.085368,0.186274
ACGTTTCGGTGCACTT-1,0.02816,0.044021,0.041497,0.462375,0.093154,0.094044,0.236749
ACTAATACGTCAGGCG-1,0.12043,0.014536,0.061605,0.080415,0.450886,0.098457,0.17367
ACTACAAAGAGAGGTG-1,0.998897,0.000739,0.000293,0.000018,0.000018,0.000018,0.000018
ACTACATCCCGACAAG-1,0.015864,0.050407,0.098637,0.309789,0.222462,0.188765,0.114076
ACTACCAGCTCTCTGG-1,0.04669,0.050794,0.195258,0.081095,0.319219,0.233002,0.073942
ACTACGCGTTAGAATT-1,0.000769,0.075442,0.519934,0.077864,0.063033,0.164131,0.098829
ACTAGTTGCGATCGTC-1,0.030751,0.001885,0.01338,0.107198,0.387123,0.083572,0.376092
ACTATATGCTGTGTTC-1,0.000034,0.04046,0.098502,0.024699,0.497514,0.181872,0.156918
ACTATCCAGGGCATGG-1,0.076434,0.258433,0.21683,0.029017,0.108954,0.223829,0.086502
ACTATCGCCGGCTAAA-1,0.106171,0.197363,0.104592,0.140263,0.246561,0.120514,0.084536
ACTATCTGCCCGCGTA-1,0.134366,0.280379,0.205865,0.070313,0.168014,0.076445,0.064618
ACTATGTCCAGCTGCC-1,0.000059,0.073788,0.044015,0.265112,0.23304,0.057975,0.32601
ACTATTCGTCCGTGGT-1,0.07825,0.005792,0.007892,0.075333,0.589545,0.084694,0.158494
ACTATTTCCGGGCCCA-1,0.054907,0.310841,0.422804,0.063737,0.013141,0.063281,0.07129
ACTCAACGAATGTATT-1,0.022262,0.294515,0.274761,0.096808,0.052273,0.098348,0.161033
ACTCAAGTGCAAGGCT-1,0.00025,0.030195,0.047101,0.208954,0.342374,0.16621,0.204916
ACTCAATAAAGGCACG-1,0.043341,0.447181,0.360253,0.058897,0.01804,0.050998,0.021291
ACTCAGACCTGCTTCT-1,0.101235,0.010743,0.000046,0.068523,0.476488,0.062319,0.280647
ACTCATGGCAGCCTTC-1,0.142558,0.231283,0.072468,0.460253,0.022967,0.037327,0.033145
ACTCCAATATCATCAT-1,0.008628,0.007072,0.000035,0.050455,0.582718,0.193409,0.157683
ACTCCCATTCCTAAAG-1,0.02703,0.000037,0.000037,0.057341,0.753418,0.087105,0.075031
ACTCCCGAATTCGTTT-1,0.392917,0.076631,0.453858,0.013176,0.00578,0.016515,0.041123
ACTCCCGTAGACTAGG-1,0.093622,0.031113,0.093938,0.037205,0.431719,0.158045,0.154359
ACTCCCTAATGCTAAA-1,0.183903,0.068121,0.057136,0.064245,0.434631,0.12231,0.069655
ACTCCCTAGAATAGTA-1,0.00373,0.09775,0.505015,0.101481,0.04909,0.090224,0.15271
ACTCCGGCCGACCACT-1,0.000017,0.155743,0.449253,0.093835,0.063755,0.14565,0.091746
ACTCGATGTATTTCAT-1,0.001274,0.051701,0.109553,0.208534,0.265068,0.231678,0.132192
