Barcode,Topic 1,Topic 2,Topic 3to4,Topic 5,Topic 6to8
AAACAAGTATCTCCCA-1,0.001661,0.095567,0.265194,0.053482,0.584096
AAACAATCTACTAGCA-1,0.016732,0.083725,0.376912,0.019221,0.50341
AAACACCAATAACTGC-1,0.995237,0.00068,0.001361,0.00068,0.002041
AAACAGAGCGACTCCT-1,0.000015,0.021448,0.303731,0.011333,0.663472
AAACAGCTTTCAGAAG-1,0.963275,0.035948,0.000259,0.00013,0.000389
AAACAGGGTCTATATT-1,0.99921,0.000113,0.000226,0.000113,0.000339
AAACATGGTGAGAGGA-1,0.780092,0.000196,0.21893,0.000196,0.000587
AAACATTTCCCGGATT-1,0.023877,0.038011,0.502104,0.057456,0.378553
AAACCACTACACAGAT-1,0.180547,0.108862,0.366142,0.071117,0.273334
AAACCCGAACGAAATC-1,0.001155,0.243008,0.616958,0.038923,0.099956
AAACCGGAAATGTTAA-1,0.043763,0.110225,0.459708,0.067982,0.318322
AAACCGGGTAGGTACC-1,0.259765,0.050531,0.358387,0.208033,0.123284
AAACCGTTCGTCCAGG-1,0.124917,0.133027,0.454327,0.062284,0.225445
AAACCTAAGCAGCCGG-1,0.983191,0.000059,0.016517,0.000059,0.000176
AAACCTCATGAAGTTG-1,0.135585,0.012497,0.083317,0.294307,0.474294
AAACGAAGAACATACC-1,0.04634,0.04237,0.789163,0.079453,0.042675
AAACGAAGATGGAGTA-1,0.952272,0.000117,0.000234,0.000117,0.04726
AAACGACAGTCTTGCC-1,0.023733,0.00152,0.005772,0.00001,0.968966
AAACGAGACGGTTGAT-1,0.011158,0.070001,0.422411,0.123546,0.372884
AAACGCCCGAGATCGG-1,0.016817,0.001412,0.935355,0.010084,0.036332
AAACGGGCGTACGGGT-1,0.7929,0.008413,0.152057,0.026169,0.020461
AAACGGGTTGGTATCC-1,0.076494,0.021777,0.712852,0.016304,0.172573
AAACGGTTGCGAACTG-1,0.99927,0.000104,0.000209,0.000104,0.000313
AAACGTGTTCGCCCTA-1,0.000013,0.019242,0.194314,0.050712,0.735719
AAACTAACGTGGCGAC-1,0.007773,0.003168,0.673848,0.025724,0.289487
AAACTCGGTTCGCAAT-1,0.998672,0.00019,0.00038,0.00019,0.000569
AAACTCGTGATATAAG-1,0.011899,0.021169,0.51609,0.154325,0.296516
AAACTGCTGGCTCCAA-1,0.044988,0.04238,0.320335,0.064333,0.527965
AAACTTAATTGCACGC-1,0.939923,0.000206,0.059049,0.000206,0.000617
AAACTTGCAAACGTAT-1,0.345611,0.005084,0.255919,0.037456,0.35593
AAAGAATGACCTTAGA-1,0.985881,0.000185,0.013194,0.000185,0.000555
AAAGACATGAAGTTTA-1,0.072923,0.012853,0.866876,0.007826,0.039522
AAAGACCCAAGTCGCG-1,0.012831,0.016526,0.270759,0.027572,0.672312
AAAGACTGGGCGCTTT-1,0.047899,0.144457,0.303914,0.370877,0.132853
AAAGCTTGCCTACATA-1,0.068672,0.039636,0.186014,0.121665,0.584014
AAAGGCCCTATAATAC-1,0.999031,0.000138,0.000277,0.000138,0.000415
AAAGGCTACGGACCAT-1,0.999359,0.000092,0.000183,0.000092,0.000275
AAAGGCTCTCGCGCCG-1,0.102629,0.110961,0.073613,0.203998,0.508799
AAAGGGATGTAGCAAG-1,0.009201,0.022357,0.694617,0.062364,0.21146
AAAGGGCAGCTTGAAT-1,0.012785,0.040112,0.546014,0.040447,0.360641
AAAGGTAAGCTGTACC-1,0.031223,0.012748,0.445044,0.044345,0.46664
AAAGGTCAACGACATG-1,0.006602,0.018087,0.442965,0.170442,0.361904
AAAGTAGCATTGCTCA-1,0.734142,0.000189,0.264913,0.000189,0.000567
AAAGTCACTGATGTAA-1,0.009425,0.032627,0.198474,0.052603,0.706871
AAAGTCGACCCTCAGT-1,0.131363,0.053909,0.579483,0.06688,0.168365
AAAGTGCCATCAATTA-1,0.159407,0.062542,0.367798,0.258169,0.152084
AAAGTGTGATTTATCT-1,0.000814,0.01628,0.154678,0.05851,0.769719
AAAGTTGACTCCCGTA-1,0.047687,0.096179,0.61943,0.151733,0.08497
AAATAACCATACGGGA-1,0.024015,0.018622,0.238516,0.037481,0.681365
AAATAAGGTAGTGCCC-1,0.031856,0.036479,0.759208,0.088189,0.084267
AAATACCTATAAGCAT-1,0.110174,0.026272,0.50098,0.074129,0.288446
AAATAGCTTAGACTTT-1,0.126851,0.016511,0.595204,0.128083,0.133352
AAATAGGGTGCTATTG-1,0.019979,0.002607,0.649667,0.201369,0.126378
AAATCACTCCTAAACG-1,0.12427,0.000029,0.816477,0.016526,0.042699
AAATCCGATACACGCC-1,0.8332,0.000032,0.160288,0.006383,0.000097
AAATCGCGGAAGGAGT-1,0.997841,0.000308,0.000617,0.000308,0.000925
AAATCGTGTACCACAA-1,0.03963,0.027687,0.033683,0.078406,0.820593
AAATCTAGCCCTGCTA-1,0.039365,0.26096,0.401763,0.054273,0.243639
AAATCTGCCCGCGTCC-1,0.999242,0.000108,0.000217,0.000108,0.000325
AAATGATTCGATCAGC-1,0.000014,0.70759,0.088789,0.040293,0.163314
AAATGCTCGTTACGTT-1,0.011035,0.007658,0.130074,0.033653,0.817581
AAATGGCATGTCTTGT-1,0.023174,0.000935,0.782661,0.014131,0.179098
AAATGGCCCGTGCCCT-1,0.998645,0.000194,0.000387,0.000194,0.000581
AAATGGTCAATGTGCC-1,0.042589,0.046286,0.488058,0.216751,0.206316
AAATGTATCTTATCCC-1,0.796082,0.041998,0.004882,0.000099,0.15694
AAATGTGGGTGCTCCT-1,0.065198,0.069552,0.095449,0.511201,0.258599
AAATTAACGGGTAGCT-1,0.012801,0.005237,0.661001,0.02617,0.294791
AAATTAATAAGCGCGA-1,0.998529,0.00021,0.00042,0.00021,0.00063
AAATTACACGACTCTG-1,0.028536,0.000032,0.788158,0.038412,0.144862
AAATTACCTATCGATG-1,0.019688,0.013199,0.18528,0.027622,0.754211
AAATTCCAGGTCCAAA-1,0.012228,0.023657,0.606848,0.069469,0.287798
AAATTGATAGTCCTTT-1,0.914656,0.000169,0.006803,0.000169,0.078205
AAATTGCGGCGGTTCT-1,0.086164,0.051816,0.389004,0.034042,0.438974
AAATTGGTGAGAAGCA-1,0.015401,0.006251,0.92669,0.020334,0.031324
AAATTTACCGAAATCC-1,0.019148,0.003406,0.672579,0.064359,0.240508
AAATTTGCGGGTGTGG-1,0.208313,0.061069,0.354274,0.075957,0.300389
AACAACTGGTAGTTGC-1,0.000024,0.008756,0.269206,0.06987,0.652143
AACAATACATTGTCGA-1,0.997903,0.0003,0.000599,0.0003,0.000899
AACAATTACTCTACGC-1,0.000018,0.157301,0.099032,0.023437,0.720212
AACACACGCTCGCCGC-1,0.005535,0.025014,0.106954,0.058434,0.804064
AACACGACTGTACTGA-1,0.000017,0.034049,0.507415,0.03123,0.427289
AACACGCGGCCGCGAA-1,0.046396,0.013465,0.644905,0.08087,0.214365
AACAGCTGTGTGGCAA-1,0.996333,0.000524,0.001048,0.000524,0.001571
AACAGGAAATCGAATA-1,0.022828,0.01039,0.759802,0.12138,0.0856
AACAGGATGGGCCGCG-1,0.001721,0.011935,0.000025,0.00104,0.985279
AACAGGTAGTATGGAT-1,0.035538,0.082693,0.506585,0.216905,0.15828
AACATATCAACTGGTG-1,0.027745,0.033525,0.582145,0.1259,0.230686
AACATCGATACGTCTA-1,0.001933,0.018682,0.116348,0.045378,0.81766
AACATTGAAGTTGATC-1,0.998613,0.000198,0.000396,0.000198,0.000594
AACATTGGTCAGCCGT-1,0.126687,0.016136,0.495684,0.083401,0.278092
AACATTGTGACTCGAG-1,0.999516,0.000069,0.000138,0.000069,0.000207
AACCAAGACTTCTCTG-1,0.000011,0.995331,0.000023,0.000011,0.004624
AACCAGTATCACTCTT-1,0.040571,0.00584,0.740842,0.043499,0.169248
AACCATAGGGTTGAAC-1,0.997675,0.000332,0.000665,0.000332,0.000997
AACCATGGGATCGCTA-1,0.0653,0.020436,0.249103,0.202258,0.462902
AACCCAGAGACGGAGA-1,0.104491,0.05815,0.364509,0.2062,0.26665
AACCCATCCCATGATC-1,0.999042,0.000137,0.000274,0.000137,0.000411
AACCCGACAACCCGTG-1,0.999569,0.000062,0.000123,0.000062,0.000185
AACCCGAGCAGAATCG-1,0.070599,0.160929,0.317767,0.200937,0.249768
AACCCGATAGGGCTTC-1,0.000028,0.030238,0.360075,0.105052,0.504606
AACCCTACTGTCAATA-1,0.031794,0.022475,0.680135,0.089154,0.176443
AACCCTGGTGGAACCA-1,0.042276,0.007402,0.77736,0.099781,0.073182
AACCGAGCTTGGTCAT-1,0.000019,0.005865,0.542032,0.029721,0.422363
AACCGCTAAGGGATGC-1,0.001131,0.037108,0.026688,0.064325,0.870749
AACCGTTGTGTTTGCT-1,0.00006,0.017508,0.484211,0.016637,0.481583
AACCTAAAGCCGTCCG-1,0.243773,0.019514,0.716362,0.011408,0.008942
AACCTCGCTTTAGCCC-1,0.734117,0.059124,0.098305,0.099834,0.00862
AACCTGTCACGGAATT-1,0.015802,0.002518,0.79571,0.028441,0.157528
AACCTTTAAATACGGT-1,0.092962,0.023947,0.628677,0.081919,0.172495
AACCTTTACGACGTCT-1,0.000024,0.022304,0.342193,0.056412,0.579067
AACGAAAGTCGTCCCA-1,0.998948,0.00015,0.000301,0.00015,0.000451
AACGATAATGCCGTAG-1,0.054472,0.016989,0.304301,0.196253,0.427984
AACGATAGAAGGGCCG-1,0.124708,0.02,0.398619,0.063245,0.393428
AACGATATGTCAACTG-1,0.053454,0.000814,0.635956,0.215827,0.093949
AACGCATGATCTGGGT-1,0.027502,0.019385,0.734062,0.067108,0.151943
AACGCGAACGGCAACA-1,0.043511,0.039567,0.4544,0.102893,0.359629
AACGCGACCTTGGGCG-1,0.999376,0.000089,0.000178,0.000089,0.000268
AACGCGGTCTCCAGCC-1,0.025171,0.130795,0.775253,0.018979,0.049802
AACGCTGTTGCTGAAA-1,0.012533,0.024741,0.276092,0.139615,0.54702
AACGGACGTACGTATA-1,0.004093,0.026909,0.456467,0.136781,0.37575
AACGGCCATCTCCGGT-1,0.522615,0.043363,0.30163,0.086222,0.046171
AACGTACTGTGGGTAC-1,0.327914,0.041331,0.327883,0.23229,0.070582
AACGTAGTCTACCCAT-1,0.059448,0.015833,0.573357,0.023839,0.327522
AACGTCAGACTAGTGG-1,0.060835,0.099925,0.194985,0.256991,0.387265
AACGTGATGAAGGACA-1,0.010758,0.005719,0.721234,0.096483,0.165806
AACGTGCGAAAGTCTC-1,0.012406,0.070276,0.368269,0.052625,0.496424
AACGTTATCAGCACCT-1,0.131634,0.043988,0.277943,0.186501,0.359933
AACTACCCGTTTGTCA-1,0.103965,0.057867,0.191981,0.075063,0.571124
AACTAGCGTATCGCAC-1,0.047002,0.057625,0.303403,0.100916,0.491054
AACTAGGCTTGGGTGT-1,0.193516,0.046206,0.222609,0.053419,0.48425
AACTCAAGTTAATTGC-1,0.058256,0.06506,0.324925,0.324106,0.227653
AACTCCAGAGCGTGTT-1,0.02309,0.044393,0.563113,0.037789,0.331616
AACTCCTAATCCCATG-1,0.006964,0.011585,0.70032,0.028674,0.252457
AACTCGATAAACACGT-1,0.037105,0.021623,0.333438,0.080124,0.52771
AACTCGATGGCGCAGT-1,0.022254,0.028641,0.04838,0.034298,0.866427
AACTCTCAATAGAGCG-1,0.000018,0.024762,0.32395,0.045596,0.605674
AACTCTCAGTGTGCTC-1,0.167468,0.017946,0.724255,0.035338,0.054993
AACTGAGGTCAGCGTC-1,0.056334,0.022382,0.415665,0.289516,0.216102
AACTGAGTTATACTGA-1,0.115175,0.127064,0.283687,0.334545,0.139529
AACTGATATTAGGCCT-1,0.01654,0.058355,0.700603,0.09081,0.133691
AACTGGGTCCCGACGT-1,0.009714,0.011519,0.503112,0.093472,0.382182
AACTGGGTTCGAGCCG-1,0.015202,0.001191,0.931217,0.031904,0.020487
AACTGGTGTGGGCCTT-1,0.032585,0.057357,0.340987,0.060505,0.508567
AACTTCTGCGTCTATC-1,0.02437,0.021352,0.149179,0.153069,0.652031
AACTTGCCCGTATGCA-1,0.034182,0.112952,0.228346,0.190214,0.434306
AACTTGCGTTCTCGCG-1,0.030418,0.020033,0.38554,0.114967,0.449042
AACTTTACGGGAGCTT-1,0.223621,0.033409,0.044019,0.021934,0.677016
AACTTTAGCTGCTGAG-1,0.002283,0.03489,0.171826,0.035086,0.755916
AACTTTCTCGATCATG-1,0.00404,0.088068,0.393122,0.166081,0.348689
AAGAAATCACCAGATT-1,0.001438,0.223536,0.15297,0.117173,0.504883
AAGAAGGATCAGTTAG-1,0.022922,0.055687,0.465261,0.063699,0.392431
AAGACATACGTGGTTT-1,0.782667,0.006647,0.172453,0.034536,0.003697
AAGACCAAATAACTCA-1,0.998275,0.000246,0.000493,0.000246,0.000739
AAGACCCAACTGAACA-1,0.747756,0.010643,0.17195,0.035459,0.034192
AAGACTAACCCGTTGT-1,0.081227,0.017292,0.614217,0.137447,0.149818
AAGACTCACGCCCACT-1,0.049762,0.044762,0.152922,0.242326,0.51023
AAGACTGCAAGCTACT-1,0.032449,0.024114,0.284435,0.169414,0.489588
AAGAGATGAATCGGTA-1,0.036071,0.040839,0.513526,0.0531,0.356464
AAGAGCTCTTTATCGG-1,0.00001,0.923308,0.00002,0.000743,0.075919
AAGAGGATGTACGCGA-1,0.061349,0.017985,0.277126,0.136193,0.507347
AAGAGGCATGGATCGC-1,0.000312,0.035177,0.214985,0.068162,0.681364
AAGAGGCCCTTTGGAA-1,0.036677,0.075453,0.361639,0.157746,0.368485
AAGATGGCACCGGACC-1,0.904529,0.000407,0.093437,0.000407,0.00122
AAGATTGGCGGAACGT-1,0.000564,0.044431,0.389112,0.066908,0.498985
AAGCACCCTGCGTATC-1,0.225835,0.021975,0.462458,0.174039,0.115693
AAGCATACTCTCCTGA-1,0.064873,0.043116,0.230886,0.187288,0.473838
AAGCCGAAGCGGTTTA-1,0.000303,0.053686,0.187662,0.086034,0.672316
AAGCCGCCGTGAAATC-1,0.998386,0.000231,0.000461,0.000231,0.000692
AAGCCGCTTTACCTTG-1,0.040452,0.039851,0.600756,0.113911,0.205031
AAGCCGGAGAGCAGGA-1,0.088507,0.044118,0.691514,0.147861,0.027999
AAGCGCAGGGCTTTGA-1,0.594109,0.404432,0.000486,0.000243,0.000729
AAGCGGAGTGCGCGCA-1,0.027641,0.030707,0.532996,0.071339,0.337318
AAGCGGCGTCATGGGT-1,0.00002,0.024929,0.64836,0.02963,0.297061
AAGCGTCCCTCATCGA-1,0.939181,0.00026,0.000521,0.00026,0.059778
AAGCTAGATCGAGTAA-1,0.137348,0.061597,0.445866,0.130438,0.224751
AAGCTCGTGCCAAGTC-1,0.015834,0.103434,0.229187,0.130878,0.520666
AAGCTCTTTCATGGTG-1,0.035593,0.00382,0.702745,0.056236,0.201606
AAGGAGAACTTATAAG-1,0.069526,0.139992,0.245527,0.140417,0.404539
AAGGAGCGGTTGGTGC-1,0.055593,0.018198,0.379936,0.096488,0.449786
AAGGATCGATCGCTTG-1,0.00001,0.055944,0.020616,0.06356,0.85987
AAGGATGAGGGACCTC-1,0.000012,0.047971,0.058253,0.066982,0.826783
AAGGCAGGCTGTCTCC-1,0.000816,0.0506,0.44744,0.1363,0.364844
AAGGCGCGTAAAGCTT-1,0.166732,0.174101,0.144425,0.331497,0.183246
AAGGCTGTGCTCATCG-1,0.002296,0.005761,0.163675,0.022316,0.805951
AAGGGAACGACTGGCT-1,0.998684,0.000188,0.000376,0.000188,0.000564
AAGGGACAGATTCTGT-1,0.000022,0.024728,0.750644,0.027591,0.197015
AAGGGACTATGCATTC-1,0.996069,0.000561,0.001123,0.000562,0.001684
AAGGGTTTGATTTCAG-1,0.828811,0.115126,0.000694,0.054328,0.001041
AAGGTATCCTAATATA-1,0.010436,0.008135,0.575566,0.084361,0.321502
AAGGTGATAAACCAGC-1,0.004733,0.022312,0.194117,0.037657,0.74118
AAGTAGAAGACCGGGT-1,0.099418,0.036534,0.363902,0.141873,0.358274
AAGTAGTGACGCGAGG-1,0.028251,0.059227,0.512653,0.154772,0.245097
AAGTCAATTGTCGTCA-1,0.007486,0.077235,0.203082,0.22078,0.491417
AAGTCTAGTAGCTGCC-1,0.00001,0.624589,0.002592,0.011529,0.36128
AAGTCTTCTGTGGCCT-1,0.877306,0.071488,0.000198,0.015325,0.035682
AAGTGACGACCGAATT-1,0.450461,0.005237,0.438443,0.043111,0.062747
AAGTGAGTCGGGTTTA-1,0.874237,0.071289,0.000244,0.000122,0.054107
AAGTGCAAAGGTAGAC-1,0.065509,0.005748,0.374506,0.038264,0.515973
AAGTGCCTTGACTGTA-1,0.005106,0.064634,0.422235,0.099538,0.408487
AAGTGCGTTAGAATCT-1,0.181911,0.027983,0.347563,0.3997,0.042843
AAGTGCTTCTCTATTG-1,0.846042,0.038567,0.000349,0.000174,0.114868
AAGTGTTTGGAGACGG-1,0.052803,0.083324,0.317722,0.130843,0.415308
AAGTTCACTCCAAGCT-1,0.036909,0.043742,0.095806,0.144043,0.679501
AAGTTCAGTCTGCGTA-1,0.000157,0.045879,0.416366,0.062304,0.475295
AAGTTCGGCCAACAGG-1,0.186986,0.032084,0.377384,0.074886,0.32866
AAGTTGTGATGTTATA-1,0.837492,0.032256,0.077739,0.033092,0.019421
AAGTTTACTAATGGCA-1,0.000015,0.075251,0.265297,0.039931,0.619506
AAGTTTATGGGCCCAA-1,0.812085,0.00015,0.170128,0.017186,0.000451
AATAACAACGCTCGGC-1,0.107488,0.042561,0.405136,0.361261,0.083555
AATAACACTAGAACAA-1,0.146944,0.02701,0.25829,0.058145,0.509611
AATAAGTCCTCGAGAC-1,0.046767,0.00422,0.831739,0.025373,0.091901
AATAATCTTCGTATCG-1,0.09976,0.139966,0.288436,0.266145,0.205694
AATACAATGTTTCAGG-1,0.10058,0.026493,0.018308,0.12038,0.734239
AATACCGGAGGGCTGT-1,0.999275,0.000104,0.000207,0.000104,0.000311
AATAGAACAGAGTGGC-1,0.088409,0.056157,0.284344,0.103043,0.468046
AATAGAATCTGTTTCA-1,0.001141,0.022591,0.646008,0.038437,0.291823
AATAGCAAGCCTCCTG-1,0.057736,0.069847,0.181408,0.090423,0.600586
AATAGCTACCGCGTGC-1,0.000066,0.046279,0.424331,0.060265,0.469058
AATAGTCCGTCCCGAC-1,0.134773,0.005663,0.825447,0.001393,0.032724
AATAGTCGCGAGTCGG-1,0.019238,0.174796,0.117,0.07157,0.617397
AATATCAAGGTCGGAT-1,0.101355,0.019135,0.686091,0.095298,0.098121
AATATCCTAGCAAACT-1,0.998151,0.000264,0.000528,0.000264,0.000793
AATATCGAATCAATGC-1,0.004468,0.048872,0.562834,0.063917,0.319908
AATATCGAGGGTTCTC-1,0.040726,0.125966,0.707896,0.037711,0.087702
AATATTGGAGTATTGA-1,0.118859,0.147446,0.19343,0.242114,0.298151
AATCAGACTGCAGGAC-1,0.027672,0.087793,0.26063,0.028733,0.595171
AATCAGGTTTCATTTA-1,0.88541,0.000103,0.114074,0.000103,0.000309
AATCATGTAAAGACTC-1,0.029231,0.092139,0.364618,0.142999,0.371012
AATCCAAGGGCCTGAG-1,0.197658,0.043288,0.728063,0.017847,0.013143
AATCCATGCAAGGGTG-1,0.021817,0.127401,0.52177,0.085542,0.24347
AATCGCCTCAGCGCCA-1,0.023484,0.016457,0.074909,0.031511,0.853638
AATCGCGCAGAGGACT-1,0.011125,0.021411,0.810701,0.03626,0.120504
AATCGGGACACTACGA-1,0.02996,0.03945,0.460219,0.156939,0.313432
AATCGTGAGCCGAGCA-1,0.837317,0.000151,0.161928,0.000151,0.000453
AATCTAGGTTTACTTG-1,0.993997,0.000858,0.001715,0.000858,0.002573
AATCTATGCCGGAGCC-1,0.000018,0.053392,0.39176,0.078531,0.4763
AATCTCTACTGTGGTT-1,0.272782,0.100976,0.567465,0.020686,0.038091
AATCTGCGTTGGGACG-1,0.000019,0.02295,0.310751,0.06283,0.60345
AATCTGGCTTTCTAGT-1,0.997217,0.000398,0.000795,0.000398,0.001193
AATCTGGGTAGACCCT-1,0.011885,0.059601,0.193177,0.079562,0.655776
AATGACAGCAATGTCT-1,0.230435,0.037532,0.226101,0.063916,0.442016
AATGACGTAGGATGTC-1,0.09308,0.095939,0.121577,0.369169,0.320235
AATGACTGTCAGCCGG-1,0.109398,0.046866,0.246635,0.069911,0.52719
AATGAGTTCGCATATG-1,0.018026,0.055417,0.322608,0.160946,0.443003
AATGATGATACGCTAT-1,0.008491,0.152582,0.293114,0.064296,0.481517
AATGATGCGACTCCTG-1,0.001777,0.018747,0.094691,0.004265,0.880519
AATGCAACCGGGTACC-1,0.015104,0.010339,0.196899,0.071964,0.705693
AATGCACCAAGCAATG-1,0.051371,0.080913,0.267114,0.142952,0.457649
AATGGCCGCCAATGCG-1,0.158633,0.029114,0.552516,0.23125,0.028486
AATGGTCCACCGTTCA-1,0.001448,0.005765,0.077632,0.032583,0.882571
AATGGTTCTCACAAGC-1,0.151022,0.029495,0.532566,0.09621,0.190706
AATGTATGGCACTGTA-1,0.998226,0.000253,0.000507,0.000253,0.00076
AATGTGCCCGAGGTGT-1,0.993043,0.000994,0.001988,0.000994,0.002981
AATGTGCTAATCTGAG-1,0.998962,0.000148,0.000297,0.000148,0.000445
AATGTTGTCGTGAGAC-1,0.695845,0.010016,0.282495,0.011416,0.000229
AATTAAAGGTCGGCGT-1,0.034809,0.031115,0.279224,0.154381,0.50047
AATTAACGGATTTCCA-1,0.217019,0.052018,0.330598,0.099765,0.3006
AATTACGAGACCCATC-1,0.897364,0.000464,0.100318,0.000464,0.001391
AATTACTCGTACGCTC-1,0.080046,0.09343,0.595232,0.086449,0.144843
AATTAGCGCTGCAGCG-1,0.065039,0.04569,0.079211,0.141543,0.668518
AATTCATAAGGGATCT-1,0.000027,0.067344,0.627999,0.024212,0.280417
AATTCATTGTCATGCA-1,0.8508,0.00021,0.14815,0.00021,0.00063
AATTCCAACTTGGTGA-1,0.052111,0.054848,0.309364,0.222406,0.361271
AATTCCAAGCATGTAC-1,0.998857,0.000163,0.000327,0.000163,0.00049
AATTCGATTCGAGGAT-1,0.970877,0.000109,0.028578,0.000109,0.000327
AATTCTAGAGTTAGGC-1,0.042832,0.04099,0.322942,0.172343,0.420893
AATTGAACGCTCTGGT-1,0.064253,0.166324,0.113101,0.067222,0.5891
AATTGCAGCAATCGAC-1,0.315447,0.021481,0.42962,0.201106,0.032346
AATTGCGTGGATTACA-1,0.997769,0.000319,0.000637,0.000319,0.000956
AATTGTGGTTGCCAAA-1,0.771943,0.068582,0.036819,0.09662,0.026036
AATTTGGGACATAGTA-1,0.03548,0.010259,0.588617,0.079365,0.286279
AATTTGGTTCCAAAGA-1,0.041313,0.011841,0.710339,0.036355,0.200154
ACAAACCATGCGTCCT-1,0.998409,0.000227,0.000455,0.000227,0.000682
ACAAACCGACAAGGCG-1,0.306423,0.00392,0.686943,0.002631,0.000083
ACAAAGAAGGTAGGCC-1,0.998155,0.000264,0.000527,0.000264,0.000791
ACAAAGCATGACCTAG-1,0.03549,0.05048,0.072623,0.066904,0.774502
ACAAATCGCACCGAAT-1,0.069608,0.054727,0.501439,0.2542,0.120026
ACAAATGGTAGTGTTT-1,0.001992,0.064503,0.06257,0.070867,0.800068
ACAAATTCAGATCTGA-1,0.010063,0.033042,0.495933,0.173811,0.287151
ACAACAGCATGAGCTA-1,0.012734,0.022109,0.140207,0.160131,0.664819
ACAACGGTCCCTGCGA-1,0.045192,0.021368,0.544392,0.070921,0.318128
ACAAGCAGTGCCTAGC-1,0.041046,0.050853,0.43765,0.113183,0.357269
ACAAGCTATATGGAAG-1,0.960712,0.026356,0.00019,0.000095,0.012646
ACAAGGAAATCCGCCC-1,0.055712,0.026382,0.385989,0.20636,0.325557
ACAAGGACAAGAGGTT-1,0.007598,0.032209,0.176083,0.044524,0.739587
ACAAGGATGCTTTAGG-1,0.074235,0.023853,0.312748,0.118545,0.47062
ACAAGGCCTACCAGCC-1,0.053143,0.000094,0.898418,0.022857,0.025488
ACAAGGGCAGGCTCTG-1,0.089557,0.101997,0.195578,0.327047,0.285821
ACAATAGTCGTACGTT-1,0.101004,0.000773,0.80058,0.01712,0.080523
ACAATCCATTTAAACC-1,0.125997,0.016108,0.418598,0.275983,0.163315
ACAATCGATCTTTATA-1,0.011957,0.031129,0.561349,0.050599,0.344966
ACAATGAATACGGAGA-1,0.742921,0.038986,0.000325,0.000162,0.217606
ACAATGATTCTTCTAC-1,0.060386,0.025557,0.575549,0.166721,0.171786
ACAATTGTGTCTCTTT-1,0.030435,0.029959,0.256038,0.023738,0.65983
ACAATTTAGGAGGCTC-1,0.125328,0.047851,0.742871,0.024992,0.058958
ACAATTTGAGCAGTGG-1,0.046001,0.04234,0.324071,0.139403,0.448184
ACAATTTGGCCATATT-1,0.000023,0.205151,0.431748,0.061586,0.301493
ACACAAAGACGGGTGG-1,0.035484,0.075034,0.216156,0.114228,0.559098
ACACAAATATTCCTAG-1,0.061405,0.035996,0.728922,0.058518,0.115159
ACACACCAGGACCAGT-1,0.004789,0.039407,0.5781,0.058607,0.319097
ACACACTTTCTACACG-1,0.003449,0.009803,0.124832,0.061276,0.80064
ACACATGATCAAATCT-1,0.997352,0.000378,0.000757,0.000378,0.001135
ACACATTGACGCAACA-1,0.021423,0.032609,0.05289,0.080228,0.81285
ACACCACATAATTAGC-1,0.0029,0.06604,0.272603,0.05688,0.601577
ACACCCAGCATGCAGC-1,0.108942,0.026676,0.541904,0.071215,0.251263
ACACCCGAGAAATCCG-1,0.107183,0.036379,0.484166,0.033837,0.338435
ACACCCGTAAATCTGT-1,0.049407,0.00914,0.711527,0.139395,0.090531
ACACCGAGCGCTCTTT-1,0.045553,0.049034,0.443499,0.110879,0.351035
ACACCGGTCTGACCGC-1,0.999368,0.00009,0.000181,0.00009,0.000271
ACACCTTAAGTAGGGC-1,0.116001,0.095099,0.187855,0.30522,0.295826
ACACCTTACTACTTGC-1,0.000016,0.018127,0.337919,0.035414,0.608523
ACACGAGACTCCTTCT-1,0.017472,0.054616,0.228817,0.085846,0.613248
ACACGGCACTATGCAT-1,0.578604,0.01096,0.355661,0.030529,0.024246
ACACGGGAACTTAGGG-1,0.007732,0.007885,0.612222,0.09273,0.27943
ACACGTAGGCCACAAG-1,0.032063,0.117765,0.291105,0.132512,0.426555
ACACTCCAATGTCACT-1,0.015118,0.044729,0.154216,0.298657,0.487279
ACACTGATCAAGGTGT-1,0.149207,0.011351,0.713449,0.037779,0.088214
ACACTGGGACAGTCGT-1,0.004238,0.410481,0.061685,0.084663,0.438934
ACAGAACTGAGAACAA-1,0.93265,0.000174,0.061295,0.005357,0.000523
ACAGATTAGGTTAGTG-1,0.080646,0.014198,0.576621,0.126532,0.202002
ACAGCATAGAGCCAGT-1,0.010105,0.01883,0.169966,0.152073,0.649027
ACAGCGACATTCTCAT-1,0.040443,0.109424,0.487729,0.253442,0.108962
ACAGCGCACCCGCAGC-1,0.005243,0.032507,0.181309,0.070005,0.710936
ACAGGAGGCGCAGCCG-1,0.863573,0.000053,0.136163,0.000053,0.000158
ACAGGCTTGCCCGACT-1,0.027199,0.06873,0.350966,0.131411,0.421696
ACAGGTGGAGGTGAGG-1,0.16001,0.021926,0.232162,0.10814,0.477762
ACAGGTGTGTTGTTGC-1,0.870378,0.000102,0.000205,0.129008,0.000307
ACAGTAATACAACTTG-1,0.999414,0.000084,0.000168,0.000084,0.000251
ACAGTATACCGTGGGA-1,0.00437,0.032432,0.556105,0.052943,0.354149
ACAGTGCAGCGCATTT-1,0.000023,0.002071,0.72083,0.044477,0.232598
ACATAAGTCGTGGTGA-1,0.998514,0.000212,0.000424,0.000212,0.000637
ACATAATAAGGCGGTG-1,0.072293,0.010007,0.438519,0.126341,0.35284
ACATCAGCTGGGACGC-1,0.081554,0.036453,0.232644,0.131058,0.51829
ACATCCCGGCCATACG-1,0.105074,0.047815,0.332362,0.133582,0.381167
ACATCCTGGTAACTGT-1,0.000019,0.03335,0.496352,0.050124,0.420155
ACATCGATCGTTTACC-1,0.035798,0.048679,0.201885,0.115796,0.597841
ACATCGGTCAGCCGCG-1,0.160368,0.081649,0.139021,0.113166,0.505796
ACATCGTATGCAATGG-1,0.000016,0.032044,0.238314,0.057661,0.671965
ACATCGTTAACCTAGT-1,0.083997,0.02112,0.212997,0.641516,0.04037
ACATCTCAACGCGTAA-1,0.116064,0.032795,0.551092,0.181746,0.118303
ACATGGCGCCAAAGTA-1,0.038232,0.050082,0.454292,0.114524,0.342871
ACATGGCTCAATTTAG-1,0.01756,0.243303,0.194778,0.058591,0.485768
ACATTAGTTTATATCC-1,0.096726,0.079642,0.281688,0.104254,0.43769
ACCAAACACCCAGCGA-1,0.039932,0.004104,0.836462,0.032434,0.087067
ACCAAACTAGAAATCC-1,0.05601,0.000431,0.869121,0.013668,0.06077
ACCAACACCACACACT-1,0.007704,0.209617,0.069148,0.020054,0.693477
ACCAACCGCACTCCAC-1,0.750109,0.031884,0.169385,0.025842,0.02278
ACCAACGCTTATTTAT-1,0.086402,0.032591,0.275676,0.309576,0.295755
ACCAAGAACGCGTGTC-1,0.174179,0.139996,0.338269,0.154512,0.193044
ACCAATATGCAAGTTA-1,0.06433,0.011939,0.394564,0.155582,0.373586
ACCACAACTCAGAACA-1,0.104609,0.008363,0.358243,0.140941,0.387843
ACCACAAGTTTCTATC-1,0.007318,0.00342,0.226745,0.08979,0.672727
ACCACCAATGTAACAA-1,0.017092,0.014156,0.737663,0.040538,0.190551
ACCACCCTCTCTTCTA-1,0.062487,0.021928,0.670233,0.026089,0.219264
ACCACGTGCAGCTATA-1,0.061331,0.077129,0.471318,0.137231,0.25299
ACCACTGTTCAAGAAG-1,0.079335,0.061435,0.660779,0.161743,0.036709
ACCAGACCATAACAAC-1,0.745394,0.028166,0.008734,0.042602,0.175103
ACCAGCCCGGTCTTTG-1,0.066655,0.007109,0.872788,0.0242,0.029248
ACCAGGAGTGTGATCT-1,0.015098,0.018699,0.063197,0.35061,0.552395
ACCAGTGCCCGGTCAA-1,0.085507,0.052043,0.651977,0.14442,0.066053
ACCAGTGCGGGAGACG-1,0.000016,0.008032,0.439059,0.016164,0.53673
ACCATATCCGCAATAA-1,0.056099,0.020433,0.080022,0.102036,0.74141
ACCATCCGCCAACTAG-1,0.928099,0.000148,0.024623,0.000148,0.046983
ACCATCGTATATGGTA-1,0.029317,0.019888,0.483451,0.08397,0.383374
ACCATTAAGGGTGTCA-1,0.093697,0.220954,0.343265,0.025531,0.316553
ACCCAACGCCCGTGGC-1,0.000024,0.01135,0.364105,0.033074,0.591447
ACCCACCTACATGCTC-1,0.023408,0.037465,0.176737,0.035877,0.726513
ACCCATCTTGAGGGTA-1,0.037149,0.067922,0.330589,0.148047,0.416293
ACCCATTTGTCCCTCT-1,0.008567,0.041365,0.701989,0.04412,0.203959
ACCCGAGCGAAATTAC-1,0.996869,0.000447,0.000895,0.000447,0.001342
ACCCGATTGGTTCCGA-1,0.909841,0.000098,0.000195,0.000098,0.089768
ACCCGGAAACTCCCAG-1,0.336602,0.049827,0.267343,0.148395,0.197833
ACCCGGAGCACCACAA-1,0.060115,0.03461,0.715674,0.141664,0.047938
ACCCGGATGACGCATC-1,0.010307,0.087247,0.141552,0.172985,0.587908
ACCCGGTTACACTTCC-1,0.079635,0.081762,0.449303,0.032828,0.356473
ACCCGTAGTCTAGTTG-1,0.867829,0.073258,0.001711,0.029947,0.027255
ACCCGTGTCATCAGTA-1,0.566986,0.09744,0.008496,0.193777,0.133301
ACCCTATAGGACTGAG-1,0.016909,0.29353,0.442284,0.023425,0.223852
ACCCTATGCCATATCG-1,0.703384,0.000173,0.287125,0.008799,0.000519
ACCCTCCCTTGCTATT-1,0.016922,0.184843,0.537673,0.129708,0.130854
ACCCTGGTAACGCCCT-1,0.000016,0.052178,0.07725,0.026888,0.843668
ACCCTTCATCTGCGAA-1,0.00002,0.01279,0.246837,0.020499,0.719855
ACCCTTGCCTGGGTCG-1,0.000037,0.086616,0.496659,0.11211,0.304578
ACCCTTTAGTTCTCCA-1,0.010372,0.019719,0.351342,0.109319,0.509248
ACCGAAAGGGCCCTGC-1,0.052676,0.036561,0.253393,0.048733,0.608638
ACCGAAGAGTCTGGTT-1,0.998048,0.000279,0.000558,0.000279,0.000836
ACCGACACATCTCCCA-1,0.999603,0.000057,0.000113,0.000057,0.00017
ACCGACTGAGTCCCAC-1,0.027427,0.023161,0.655164,0.149255,0.144993
ACCGATAGGCATAACC-1,0.071181,0.050586,0.489801,0.079109,0.309323
ACCGATATTTAATCAT-1,0.00001,0.616076,0.02353,0.033337,0.327047
ACCGATGGTAGCATCG-1,0.098946,0.03266,0.289927,0.127462,0.451004
ACCGCAATAACTGCCT-1,0.067149,0.082937,0.335873,0.23742,0.276622
ACCGCGGTGGAAGTCG-1,0.000012,0.016669,0.32146,0.03507,0.626788
ACCGGGCCTTTGTTGA-1,0.017278,0.036062,0.100342,0.039424,0.806895
ACCGGTCAGGTACACC-1,0.960634,0.00045,0.037114,0.00045,0.001351
ACCGGTCTGAGTACGG-1,0.000138,0.018006,0.393139,0.026566,0.562151
ACCGTCCACTGGGCCC-1,0.998475,0.000218,0.000436,0.000218,0.000653
ACCGTGACCACGTGGG-1,0.998965,0.000148,0.000296,0.000148,0.000444
ACCGTTCCCGCTCTGA-1,0.023859,0.011936,0.521614,0.037422,0.405168
ACCTAAGTACCTTTCA-1,0.141364,0.02054,0.544753,0.012144,0.281198
ACCTAATCGACTTCCT-1,0.005529,0.027377,0.167029,0.058604,0.74146
ACCTACAGTATGTGGT-1,0.013339,0.032528,0.276327,0.044875,0.632931
ACCTACTATAAATCTA-1,0.968323,0.000134,0.031005,0.000135,0.000404
ACCTCCGCCCTCGCTG-1,0.002197,0.056329,0.558216,0.038993,0.344265
ACCTCCGTTATTCACC-1,0.00002,0.006069,0.372182,0.013637,0.608091
ACCTCGAACTTATGCT-1,0.974949,0.024197,0.000285,0.000142,0.000427
ACCTGCGTGTCATGTT-1,0.326765,0.016913,0.549095,0.009003,0.098225
ACCTTTCCTTTAGAAG-1,0.034828,0.001781,0.876208,0.015458,0.071725
ACGAAATGGGCGGCAC-1,0.037565,0.009865,0.427712,0.072694,0.452165
ACGACCCATGAGTTGC-1,0.103816,0.094622,0.543798,0.208041,0.049724
ACGACTGGTCATACTC-1,0.873186,0.000211,0.125758,0.000211,0.000633
ACGAGAACCCATCACG-1,0.083344,0.097883,0.09123,0.130606,0.596937
ACGAGATATTTGCTTA-1,0.000719,0.003925,0.334901,0.095909,0.564548
ACGAGGATACCACTCT-1,0.998803,0.000171,0.000342,0.000171,0.000513
ACGAGGTTTACAACGT-1,0.966278,0.033035,0.000229,0.000114,0.000343
ACGAGTACGGATGCCC-1,0.000015,0.043189,0.013322,0.04519,0.898285
ACGATACATAGAACTA-1,0.012236,0.052604,0.795707,0.069254,0.070198
ACGATACCTATCCTGA-1,0.879744,0.075279,0.000151,0.015213,0.029613
ACGATCATACATAGAG-1,0.000027,0.03772,0.399886,0.152422,0.409944
ACGATCATCTTGTAAA-1,0.010115,0.039134,0.667697,0.062319,0.220735
ACGATGCATATGTTAT-1,0.053115,0.139194,0.043208,0.190338,0.574144
ACGATGGATCCGATGC-1,0.135324,0.000049,0.59276,0.270183,0.001684
ACGCAAACTAATAGAT-1,0.966631,0.000183,0.032452,0.000183,0.00055
ACGCAATCACTACAGC-1,0.022376,0.063744,0.814559,0.034962,0.064358
ACGCATAAATGACATG-1,0.000019,0.008624,0.555631,0.033423,0.402304
ACGCATACGTTTACTA-1,0.108539,0.071866,0.300573,0.205244,0.313778
ACGCATTCGTGAGTAC-1,0.004923,0.015037,0.717387,0.05501,0.207643
ACGCCAGATGATTTCT-1,0.000631,0.017115,0.43179,0.20027,0.350194
ACGCCCAGCTGTCGAT-1,0.075735,0.040615,0.326417,0.03069,0.526542
ACGCCGCTAGACGACC-1,0.073663,0.113744,0.095673,0.431634,0.285286
ACGCGAAGTCAGACGA-1,0.043413,0.030016,0.118287,0.273378,0.534905
ACGCGCTACACAGGGT-1,0.247562,0.03504,0.483031,0.118309,0.116058
ACGCGGGCCAAGGACA-1,0.000019,0.013704,0.110357,0.061927,0.813993
ACGCGTTTCTTAAGAG-1,0.206911,0.005332,0.681389,0.031659,0.07471
ACGCTAGTATCAGTGC-1,0.032329,0.000047,0.940457,0.000047,0.027119
ACGCTAGTGATACACT-1,0.011598,0.004086,0.368355,0.102888,0.513072
ACGCTGTGAGGCGTAG-1,0.190638,0.026417,0.761726,0.007136,0.014083
ACGCTTAGTGTCTCTC-1,0.382023,0.007068,0.579063,0.003318,0.028528
ACGGAATTTAGCAAAT-1,0.004401,0.041509,0.148029,0.100592,0.70547
ACGGACTCTCAAAGCG-1,0.79408,0.075457,0.033373,0.083584,0.013507
ACGGAGCGCAAATTAC-1,0.004703,0.207605,0.032814,0.042921,0.711958
ACGGATGGTGCGGATA-1,0.096194,0.005032,0.474055,0.063127,0.361592
ACGGCACTTGCTTGGG-1,0.08853,0.044363,0.282409,0.102993,0.481705
ACGGCCAACATGGACT-1,0.114548,0.046227,0.399299,0.165286,0.274639
ACGGCGACGATGGGAA-1,0.038626,0.027995,0.574798,0.263025,0.095556
ACGGCGGGTTGCCCTG-1,0.083076,0.005305,0.551631,0.14925,0.210738
ACGGCTGGATGTAGAA-1,0.998588,0.000202,0.000403,0.000202,0.000605
ACGGGAGTGTCGGCCC-1,0.37451,0.065328,0.298333,0.118389,0.14344
ACGGGCGTATGCGACA-1,0.002427,0.036218,0.455137,0.075232,0.430986
ACGGGTCATGTGACTT-1,0.080578,0.082429,0.023082,0.108162,0.70575
ACGTACAGATTTCTCT-1,0.027349,0.016488,0.533909,0.083181,0.339073
ACGTAGATTGCTGATG-1,0.028649,0.035227,0.14587,0.212222,0.578032
ACGTATTACTCCGATC-1,0.044046,0.031141,0.43824,0.223591,0.262982
ACGTCCTAAACGAGAT-1,0.200379,0.035942,0.097828,0.040705,0.625146
ACGTCGGGCAACTCGG-1,0.998443,0.000222,0.000445,0.000222,0.000667
ACGTCTCGTTCCGGGA-1,0.99866,0.000191,0.000383,0.000191,0.000575
ACGTGACAAAGTAAGT-1,0.998181,0.00026,0.00052,0.00026,0.000779
ACGTGCGCCTCGTGCA-1,0.036891,0.013161,0.801587,0.02153,0.12683
ACGTGGTCGAATGTGC-1,0.444789,0.000067,0.553714,0.001229,0.000201
ACGTTAATGTCGAAGA-1,0.021111,0.028075,0.522562,0.173927,0.254324
ACGTTAGATTTGCCCG-1,0.009773,0.058559,0.7081,0.042295,0.181273
ACGTTATTGGTCACTC-1,0.052634,0.389678,0.281711,0.152834,0.123143
ACGTTCCGCGCTCCGT-1,0.040744,0.027,0.321032,0.067239,0.543985
ACGTTCGCAATCAATT-1,0.004793,0.124386,0.1233,0.145808,0.601712
ACGTTCGTTCAGGAAA-1,0.998696,0.000186,0.000373,0.000186,0.000559
ACGTTCTGTACAAGTC-1,0.866855,0.023772,0.074434,0.012247,0.022693
ACGTTTAGTTGTGATC-1,0.036467,0.002305,0.554822,0.056838,0.349568
ACTAAGGACGCACACC-1,0.034466,0.014985,0.549316,0.095395,0.305838
ACTAATACGTCAGGCG-1,0.000365,0.029181,0.70657,0.023878,0.240005
ACTACATCCCGACAAG-1,0.998233,0.000252,0.000505,0.000252,0.000757
ACTACCAGCTCTCTGG-1,0.185963,0.083811,0.127509,0.150016,0.452701
ACTACGCGTTAGAATT-1,0.800923,0.007264,0.170698,0.017217,0.003898
ACTAGTTGCGATCGTC-1,0.002215,0.09832,0.114877,0.066039,0.718549
ACTATATGCTGTGTTC-1,0.019078,0.052396,0.542373,0.08491,0.301243
ACTATCCAGGGCATGG-1,0.001,0.130529,0.139309,0.056462,0.672699
ACTATCGCCGGCTAAA-1,0.131379,0.835203,0.002946,0.000354,0.030118
ACTATCTGCCCGCGTA-1,0.049782,0.026321,0.560257,0.056006,0.307633
ACTATGTCCAGCTGCC-1,0.929626,0.00026,0.069075,0.00026,0.000779
ACTATTCGTCCGTGGT-1,0.019274,0.002139,0.691903,0.044131,0.242554
ACTATTTCCGGGCCCA-1,0.611947,0.000754,0.384281,0.000754,0.002263
ACTCAACGAATGTATT-1,0.064488,0.032007,0.095677,0.05338,0.754448
ACTCAAGTGCAAGGCT-1,0.040659,0.040521,0.315849,0.09219,0.51078
ACTCAATAAAGGCACG-1,0.006762,0.024973,0.472236,0.186022,0.310007
ACTCAGACCTGCTTCT-1,0.213467,0.012555,0.463609,0.260103,0.050265
ACTCATGGCAGCCTTC-1,0.999017,0.00014,0.000281,0.00014,0.000421
ACTCCAATATCATCAT-1,0.997407,0.00037,0.000741,0.00037,0.001111
ACTCCCATTCCTAAAG-1,0.695446,0.00011,0.302435,0.00011,0.001899
ACTCCCGAATTCGTTT-1,0.0291,0.053659,0.449328,0.274361,0.193551
ACTCCCGTAGACTAGG-1,0.020902,0.180213,0.389768,0.151081,0.258036
ACTCCCTAATGCTAAA-1,0.173737,0.054987,0.585016,0.135588,0.050671
ACTCCCTAGAATAGTA-1,0.094593,0.071237,0.118218,0.236396,0.479556
ACTCGATGTATTTCAT-1,0.063495,0.099777,0.11556,0.144392,0.576776
ACTCGCCGTTCGATAA-1,0.81442,0.049266,0.036638,0.076652,0.023024
ACTCGCGATCTGACGC-1,0.034665,0.053046,0.643997,0.095533,0.172759
ACTCGTAACCCGTCCT-1,0.240702,0.016392,0.061794,0.067854,0.613259
ACTCGTCAGTAATCCC-1,0.00002,0.123135,0.385139,0.119861,0.371844
ACTCTAAACCTGGGAT-1,0.836669,0.05814,0.104072,0.00028,0.000839
ACTCTCTGACTTAGGT-1,0.001948,0.004706,0.509222,0.219425,0.264698
ACTCTCTTATACACGA-1,0.026191,0.001553,0.827832,0.052758,0.091666
ACTCTTCAGCTCCCGC-1,0.046552,0.041225,0.298377,0.116572,0.497274
ACTCTTGTATAGTAAC-1,0.032222,0.100609,0.03709,0.086306,0.743774
ACTGAAACGCCGTTAG-1,0.008064,0.032122,0.458815,0.082384,0.418615
ACTGAATGGCGAAAGT-1,0.013929,0.057067,0.418043,0.199357,0.311604
ACTGATTTAGTGATTC-1,0.170441,0.124081,0.497402,0.131365,0.07671
ACTGCCCGCCATTCTC-1,0.999415,0.000084,0.000167,0.000084,0.000251
ACTGCCGTCGTAACTC-1,0.013445,0.061468,0.255303,0.080603,0.589181
ACTGCGGACACACCGT-1,0.000466,0.028622,0.09933,0.093685,0.777897
ACTGCTCGGAAGGATG-1,0.994233,0.000824,0.001648,0.000824,0.002471
ACTGGCGAACCTGCGT-1,0.086506,0.049015,0.482102,0.049825,0.332552
ACTGTACGATACACAT-1,0.00005,0.043647,0.793844,0.012869,0.149591
ACTGTAGCACTTTGGA-1,0.023284,0.003825,0.500917,0.074768,0.397206
ACTGTATACGCGAGCA-1,0.083523,0.060031,0.194836,0.170618,0.490993
ACTGTCCAGGATTATA-1,0.014857,0.002337,0.627286,0.075861,0.279658
ACTGTCTTCTTTAGAA-1,0.091922,0.074535,0.224099,0.098945,0.5105
ACTGTGCTAGTAGATC-1,0.091985,0.123364,0.212403,0.52138,0.050868
ACTGTTTAGTGTAGGC-1,0.038254,0.043164,0.436186,0.130856,0.35154
ACTTACCGGGCGCGCA-1,0.002371,0.066874,0.771108,0.092586,0.06706
ACTTACGCATCCACGC-1,0.070737,0.012641,0.252932,0.046269,0.61742
ACTTAGTACGACAAGA-1,0.118884,0.084181,0.446356,0.14354,0.207039
ACTTATACTTACCCGG-1,0.020123,0.013756,0.627963,0.03384,0.304319
ACTTATTAGGATCGGT-1,0.037159,0.050417,0.058212,0.129201,0.725011
ACTTATTTATGTGCCA-1,0.001228,0.028762,0.56144,0.066151,0.342419
ACTTCAGGCTGATCCC-1,0.103759,0.062569,0.186965,0.567097,0.07961
ACTTCCAGTGGAAGCT-1,0.990597,0.000268,0.008066,0.000268,0.000803
ACTTCCATGCGGGACA-1,0.145495,0.047037,0.245711,0.089939,0.471819
ACTTCCTGTCGTGCGA-1,0.01367,0.001343,0.90222,0.017354,0.065413
ACTTCGCCATACGCAC-1,0.000594,0.000038,0.714917,0.063815,0.220636
ACTTCGCTAGCGAGTG-1,0.043461,0.103929,0.593128,0.199768,0.059714
ACTTGACTCCCTCTTT-1,0.083271,0.077247,0.340869,0.157031,0.341582
ACTTGCCATATTGTAC-1,0.036847,0.014933,0.601661,0.087703,0.258856
ACTTGCTCTATCTACC-1,0.998522,0.000211,0.000422,0.000211,0.000633
ACTTGGGACCCGGTGG-1,0.043138,0.026982,0.404156,0.047547,0.478177
ACTTGTAGTCCCTTCA-1,0.998676,0.000189,0.000378,0.000189,0.000567
ACTTGTGGATGGAACG-1,0.012123,0.041335,0.206977,0.093358,0.646206
ACTTTACCCTCATGAA-1,0.000026,0.037821,0.584958,0.097299,0.279897
ACTTTCCTATAGCTTC-1,0.025427,0.018942,0.776634,0.109241,0.069757
ACTTTGACTGCATCCT-1,0.17295,0.471629,0.326604,0.021022,0.007795
ACTTTGGTCGTGCTCC-1,0.913823,0.00022,0.085076,0.00022,0.00066
ACTTTGTCGACGCACT-1,0.038722,0.026776,0.839782,0.035704,0.059016
AGAAATTATGACTCGC-1,0.000615,0.122787,0.197636,0.04108,0.637881
AGAACCCAGCGTGACA-1,0.031038,0.388024,0.094508,0.42658,0.059851
AGAACCCTCAATTGGG-1,0.998742,0.00018,0.000359,0.00018,0.000539
AGAACGTGGTACATTC-1,0.029394,0.011663,0.683037,0.211428,0.064479
AGAAGAGCGCCGTTCC-1,0.048674,0.000247,0.894023,0.000247,0.056807
AGAAGGTACACTTCAC-1,0.997873,0.000304,0.000608,0.000304,0.000912
AGAAGGTTGCCGAATT-1,0.04618,0.033699,0.02789,0.073796,0.818436
AGAAGGTTGTAGGTCG-1,0.847954,0.000108,0.151506,0.000108,0.000324
AGAAGTGATTCGTGAT-1,0.198436,0.046142,0.544461,0.020983,0.189978
AGAATAAATCTTCAGG-1,0.097185,0.008657,0.718356,0.050849,0.124953
AGAATGCGGGTTCGGA-1,0.000014,0.744221,0.203915,0.002693,0.049157
AGAATTATGGATTCGA-1,0.013505,0.107536,0.23428,0.048378,0.596301
AGAATTGTTTGACATA-1,0.002425,0.040137,0.461569,0.07119,0.424679
AGACAGCTCAGAATCC-1,0.081706,0.018232,0.509115,0.09001,0.300937
AGACAGGCATCTCAGC-1,0.028865,0.243729,0.475931,0.120271,0.131204
AGACATAGATCCTTCC-1,0.041678,0.04988,0.307945,0.067649,0.532848
AGACCAAACCACACCT-1,0.998579,0.000203,0.000406,0.000203,0.000609
AGACCATGGGATACAA-1,0.066876,0.033972,0.335341,0.161404,0.402407
AGACCCACCGCTGATC-1,0.177777,0.048882,0.283492,0.076764,0.413085
AGACCCGCCCTCCTCG-1,0.01357,0.038544,0.215052,0.151991,0.580843
AGACCGCTCCGCGGTT-1,0.005673,0.069114,0.602296,0.193093,0.129823
AGACCGGGAAACCCTG-1,0.029526,0.415894,0.4247,0.027771,0.102109
AGACGAAGTGCCGGTC-1,0.029341,0.048159,0.00707,0.037563,0.877868
AGACGACGATGCCGCT-1,0.868498,0.000115,0.031792,0.008331,0.091264
AGACGCCCACTTCGCC-1,0.089173,0.062879,0.603289,0.107704,0.136955
AGACGGGATTGGTATA-1,0.760375,0.050704,0.124381,0.008168,0.056373
AGACGGGCCGATTTAA-1,0.024865,0.012674,0.379783,0.092178,0.490499
AGACTAGCCTTCCAGA-1,0.00552,0.01561,0.452685,0.296386,0.229799
AGACTGTTACCGGGTC-1,0.964746,0.034449,0.000268,0.000134,0.000403
AGAGAAACACCAGAAA-1,0.448066,0.343418,0.000115,0.000593,0.207807
AGAGAACCGTCTAGGA-1,0.000018,0.02248,0.510428,0.072193,0.394882
AGAGAAGGAGTACAAT-1,0.970882,0.000137,0.028431,0.000137,0.000412
AGAGATCTCTAAAGCG-1,0.079909,0.003776,0.866677,0.013386,0.036252
AGAGCAGTTATGAGAC-1,0.013982,0.026115,0.210423,0.122298,0.627183
AGAGCCGCCGAGATTT-1,0.01276,0.132659,0.287999,0.268726,0.297857
AGAGCGCTTGTAACGG-1,0.051514,0.111296,0.506227,0.18917,0.141793
AGAGCGGGCTAATCAT-1,0.002844,0.006377,0.681488,0.0852,0.224091
AGAGCGTACAAGCTCG-1,0.005742,0.012323,0.260815,0.052721,0.668398
AGAGCTACGAAAGCAT-1,0.027596,0.048623,0.383867,0.067019,0.472895
AGAGGCTTCGGAAACC-1,0.032026,0.089314,0.437796,0.163864,0.277001
AGAGGGACAATTGTCC-1,0.040035,0.09824,0.791524,0.036771,0.03343
AGAGGTATCTCGGTCC-1,0.087192,0.005761,0.412503,0.100509,0.394035
AGAGTAAACTTCACTA-1,0.000566,0.018252,0.100117,0.049077,0.831988
AGAGTATAGTGTTACG-1,0.000028,0.058432,0.274315,0.068171,0.599054
AGAGTGAACAGACACC-1,0.060962,0.020014,0.783757,0.089564,0.045703
AGAGTTAGAGACCGAT-1,0.000028,0.003362,0.862266,0.002866,0.131477
AGAGTTGCAGGCCTCC-1,0.029045,0.034528,0.29511,0.080844,0.560473
AGATAACTTCAGGGCC-1,0.080344,0.06036,0.305804,0.392626,0.160866
AGATACCAATAGAACC-1,0.157918,0.16028,0.511072,0.080193,0.090538
AGATACCAGCACTTCA-1,0.019513,0.010459,0.837279,0.112598,0.02015
AGATACCGGTGTTCAC-1,0.030956,0.093926,0.221118,0.106285,0.547716
AGATACGACTTCATAT-1,0.066609,0.124409,0.52996,0.080944,0.198078
AGATACTCAAGATCGA-1,0.021399,0.034076,0.346387,0.217002,0.381136
AGATATAATACGACTA-1,0.999415,0.000084,0.000167,0.000084,0.000251
AGATCGTGCATAAGAT-1,0.003316,0.045622,0.827356,0.057305,0.0664
AGATCTCAGGTGTGAT-1,0.027936,0.031085,0.545618,0.030411,0.36495
AGATGACTCGCCCACG-1,0.027251,0.141029,0.245272,0.185577,0.400871
AGATGATGGAGTCTGG-1,0.000024,0.07306,0.266863,0.026454,0.633599
AGATGCAAGACGTGCA-1,0.996978,0.000432,0.000864,0.000432,0.001295
AGATGCATCCTGTGTC-1,0.998415,0.000226,0.000453,0.000226,0.000679
AGATGCTATAACGAGC-1,0.081269,0.033061,0.509376,0.236134,0.140159
AGATTATAGGACGTTT-1,0.040182,0.039406,0.522134,0.083035,0.315243
AGATTCAAGCGGGTCG-1,0.023443,0.01222,0.237655,0.236811,0.489871
AGATTCACAACCGATA-1,0.942032,0.056587,0.00046,0.00023,0.000691
AGCAAAGGCCGCTAGT-1,0.716068,0.017403,0.008269,0.245286,0.012974
AGCAACATATCTTATT-1,0.005492,0.032431,0.357717,0.067209,0.537151
AGCAACCGAAAGTAAT-1,0.998432,0.000224,0.000448,0.000224,0.000672
AGCACACGTTTAGACT-1,0.99847,0.000219,0.000437,0.000219,0.000655
AGCACCAGTACTCACG-1,0.003138,0.030664,0.2534,0.138411,0.574387
AGCACTACCGGCCTGT-1,0.212456,0.014962,0.243834,0.067558,0.46119
AGCACTACCTCACCAG-1,0.029973,0.009126,0.404355,0.142502,0.414044
AGCACTTAAGGACGCC-1,0.004985,0.063438,0.352587,0.038403,0.540587
AGCAGAAGGAGAAAGA-1,0.943099,0.000142,0.05619,0.000142,0.000426
AGCAGCCAGATGAATA-1,0.124755,0.030303,0.725013,0.05867,0.06126
AGCATATCAATATGCT-1,0.00931,0.019928,0.3676,0.019638,0.583524
AGCATCATTTCGAAAG-1,0.996987,0.000431,0.000861,0.00043,0.001291
AGCATCGTCGATAATT-1,0.02988,0.082826,0.112991,0.243182,0.531121
AGCATTACGAGGCAAG-1,0.817244,0.001495,0.159347,0.001804,0.020109
AGCCAAGCTTTGTGTC-1,0.959749,0.00023,0.039102,0.00023,0.000689
AGCCACAGGTTACCCG-1,0.340785,0.159959,0.349814,0.055439,0.094004
AGCCACTCCCGTGCTT-1,0.029066,0.03724,0.439816,0.371801,0.122076
