Barcode,Topic 1,Topic 2,Topic 3to4,Topic 5to8,Topic 9to12
AAACAAGTATCTCCCA-1,0.00001,0.034929,0.019737,0.086868,0.858456
AAACAATCTACTAGCA-1,0.004007,0.100959,0.142764,0.343321,0.408949
AAACACCAATAACTGC-1,0.007808,0.064541,0.203623,0.302776,0.421253
AAACAGAGCGACTCCT-1,0.612633,0.000522,0.384251,0.001297,0.001297
AAACAGCTTTCAGAAG-1,0.013398,0.019614,0.1129,0.705624,0.148463
AAACAGGGTCTATATT-1,0.02318,0.014447,0.005493,0.185983,0.770897
AAACAGTGTTCCTGGG-1,0.013333,0.046527,0.009346,0.113016,0.817778
AAACATTTCCCGGATT-1,0.009171,0.000025,0.009835,0.251254,0.729714
AAACCACTACACAGAT-1,0.015624,0.145401,0.064623,0.112876,0.661476
AAACCCGAACGAAATC-1,0.084122,0.001544,0.181702,0.188285,0.544348
AAACCGGAAATGTTAA-1,0.045168,0.07352,0.012979,0.210379,0.657954
AAACCGGGTAGGTACC-1,0.053112,0.024246,0.207325,0.627474,0.087843
AAACCGTTCGTCCAGG-1,0.099268,0.022195,0.012578,0.191484,0.674476
AAACCTAAGCAGCCGG-1,0.000007,0.087341,0.1929,0.331084,0.388667
AAACCTCATGAAGTTG-1,0.000006,0.046415,0.045414,0.6275,0.280665
AAACGAAGAACATACC-1,0.000005,0.093053,0.161525,0.290356,0.455062
AAACGACAGTCTTGCC-1,0.001539,0.089758,0.027282,0.105336,0.776086
AAACGAGACGGTTGAT-1,0.004476,0.011363,0.21363,0.17893,0.591602
AAACGCCCGAGATCGG-1,0.000011,0.00838,0.004369,0.04696,0.940281
AAACGGGCGTACGGGT-1,0.037903,0.393429,0.045813,0.229884,0.292971
AAACGGGTTGGTATCC-1,0.000017,0.004045,0.072203,0.027578,0.896158
AAACGGTTGCGAACTG-1,0.041872,0.016766,0.148522,0.48448,0.30836
AAACGTGTTCGCCCTA-1,0.001335,0.24497,0.17688,0.079893,0.496922
AAACTAACGTGGCGAC-1,0.055812,0.235199,0.16842,0.249129,0.29144
AAACTCGGTTCGCAAT-1,0.000012,0.002667,0.063939,0.517415,0.415968
AAACTCGTGATATAAG-1,0.02228,0.012451,0.139182,0.588817,0.237269
AAACTGCTGGCTCCAA-1,0.000009,0.032803,0.139317,0.322393,0.505478
AAACTTAATTGCACGC-1,0.000017,0.000017,0.000034,0.044445,0.955487
AAACTTGCAAACGTAT-1,0.000005,0.049649,0.288499,0.604704,0.057144
AAAGACATGAAGTTTA-1,0.007468,0.007715,0.072689,0.069886,0.842241
AAAGACCCAAGTCGCG-1,0.062202,0.017751,0.376332,0.23756,0.306155
AAAGACTGGGCGCTTT-1,0.000006,0.045122,0.25598,0.400344,0.298549
AAAGCTTGCCTACATA-1,0.250833,0.215927,0.075513,0.000754,0.456972
AAAGGCCCTATAATAC-1,0.000008,0.000855,0.390489,0.592004,0.016643
AAAGGCTACGGACCAT-1,0.015256,0.015019,0.168038,0.421829,0.379857
AAAGGCTCTCGCGCCG-1,0.000908,0.001564,0.421974,0.340137,0.235417
AAAGGGATGTAGCAAG-1,0.030191,0.029601,0.36663,0.329985,0.243592
AAAGGGCAGCTTGAAT-1,0.000006,0.001267,0.185169,0.342723,0.470834
AAAGGTAAGCTGTACC-1,0.088979,0.072252,0.119,0.091191,0.628579
AAAGGTCAACGACATG-1,0.007525,0.149081,0.020106,0.151058,0.672229
AAAGTAGCATTGCTCA-1,0.003634,0.038528,0.056122,0.806647,0.095069
AAAGTCACTGATGTAA-1,0.007766,0.05172,0.126797,0.240001,0.573716
AAAGTCGACCCTCAGT-1,0.003307,0.011752,0.114915,0.71314,0.156886
AAAGTGCCATCAATTA-1,0.023415,0.047056,0.05099,0.308474,0.570066
AAAGTGTGATTTATCT-1,0.065282,0.138561,0.181138,0.306285,0.308735
AAATAACCATACGGGA-1,0.003677,0.031847,0.223893,0.503687,0.236896
AAATAAGGTAGTGCCC-1,0.482935,0.513225,0.000768,0.001536,0.001536
AAATACCTATAAGCAT-1,0.000008,0.101865,0.202012,0.214893,0.481223
AAATAGCTTAGACTTT-1,0.597223,0.402023,0.000151,0.000302,0.000302
AAATAGGGTGCTATTG-1,0.000006,0.155626,0.283166,0.370024,0.191178
AAATCACTCCTAAACG-1,0.046995,0.341,0.076518,0.218384,0.317103
AAATCCGATACACGCC-1,0.00963,0.051574,0.234431,0.587353,0.117012
AAATCGCGGAAGGAGT-1,0.000016,0.000016,0.003768,0.301491,0.694709
AAATCGTGTACCACAA-1,0.000007,0.002005,0.559563,0.399181,0.039243
AAATCTAGCCCTGCTA-1,0.009371,0.005053,0.065648,0.184359,0.73557
AAATGACTGATCAAAC-1,0.003623,0.003623,0.007247,0.971013,0.014493
AAATGATTCGATCAGC-1,0.016056,0.31635,0.012885,0.11553,0.539179
AAATGCTCGTTACGTT-1,0.000009,0.018825,0.205628,0.389515,0.386023
AAATGGCATGTCTTGT-1,0.000006,0.001898,0.505666,0.285726,0.206705
AAATGGCCCGTGCCCT-1,0.01586,0.009122,0.087352,0.835336,0.052329
AAATGGTCAATGTGCC-1,0.02688,0.142291,0.019814,0.251106,0.559909
AAATGTGGGTGCTCCT-1,0.000007,0.153264,0.062202,0.284739,0.499789
AAATTAACGGGTAGCT-1,0.012436,0.081881,0.057903,0.376255,0.471524
AAATTAATAAGCGCGA-1,0.000012,0.000012,0.059377,0.114003,0.826596
AAATTACACGACTCTG-1,0.014152,0.006024,0.097984,0.270902,0.610939
AAATTACCTATCGATG-1,0.039655,0.005474,0.224335,0.489414,0.241122
AAATTCCAGGTCCAAA-1,0.542455,0.45724,0.000061,0.000122,0.000122
AAATTGATAGTCCTTT-1,0.019386,0.010279,0.243232,0.716554,0.010549
AAATTGGTGAGAAGCA-1,0.004011,0.074795,0.051677,0.213077,0.65644
AAATTTACCGAAATCC-1,0.009436,0.044406,0.096523,0.187912,0.661723
AAATTTGCGGGTGTGG-1,0.00001,0.136823,0.013144,0.330221,0.519801
AACAACTGGTAGTTGC-1,0.012776,0.017251,0.025943,0.208278,0.735752
AACAATACATTGTCGA-1,0.004134,0.020509,0.040873,0.546181,0.388304
AACAATTACTCTACGC-1,0.035764,0.01839,0.127344,0.594475,0.224027
AACACACGCTCGCCGC-1,0.001916,0.203573,0.028746,0.208139,0.557626
AACACGACTGTACTGA-1,0.000007,0.049885,0.162247,0.31789,0.469971
AACACGAGACGCGGCC-1,0.009535,0.000702,0.213795,0.398287,0.377681
AACACGCGGCCGCGAA-1,0.001813,0.087639,0.258414,0.155127,0.497006
AACAGCTGTGTGGCAA-1,0.001191,0.134726,0.017171,0.610105,0.236808
AACAGGAAATCGAATA-1,0.069464,0.141143,0.104131,0.220254,0.465009
AACAGGATGGGCCGCG-1,0.000013,0.002322,0.000027,0.069625,0.928013
AACAGGTAGTATGGAT-1,0.348887,0.11966,0.035361,0.147275,0.348817
AACATAGCGTGTATCG-1,0.001208,0.001208,0.174065,0.818688,0.004831
AACATATCAACTGGTG-1,0.0693,0.093613,0.137955,0.290934,0.408198
AACATCGATACGTCTA-1,0.008355,0.066746,0.108909,0.333757,0.482233
AACATTGAAGTTGATC-1,0.026158,0.075183,0.086273,0.574843,0.237544
AACATTGTGACTCGAG-1,0.03766,0.15658,0.034397,0.20979,0.561573
AACCAAGACTTCTCTG-1,0.082124,0.055994,0.022827,0.367535,0.471521
AACCAGTATCACTCTT-1,0.000009,0.004327,0.475888,0.26279,0.256986
AACCATAGGGTTGAAC-1,0.000011,0.000011,0.012567,0.526773,0.460637
AACCATGGGATCGCTA-1,0.000012,0.014978,0.046526,0.196213,0.742271
AACCCAGAGACGGAGA-1,0.00001,0.613313,0.002009,0.018817,0.36585
AACCCATCCCATGATC-1,0.008382,0.021271,0.030134,0.783558,0.156655
AACCCGACAACCCGTG-1,0.000016,0.000809,0.001806,0.225776,0.771594
AACCCGAGCAGAATCG-1,0.089833,0.047049,0.005367,0.03145,0.826301
AACCCGATAGGGCTTC-1,0.055898,0.054638,0.314608,0.27834,0.296517
AACCCGCTGTATTCCA-1,0.001097,0.001097,0.452072,0.004386,0.541348
AACCCTACTGTCAATA-1,0.165484,0.344355,0.062494,0.14294,0.284727
AACCCTGGTGGAACCA-1,0.000008,0.001259,0.012239,0.088732,0.897763
AACCGAGCTTGGTCAT-1,0.007773,0.03762,0.026448,0.060383,0.867775
AACCGCTAAGGGATGC-1,0.126571,0.33534,0.084158,0.313188,0.140742
AACCGTTGTGTTTGCT-1,0.015279,0.125397,0.099595,0.275779,0.48395
AACCTAAAGCCGTCCG-1,0.045877,0.019924,0.517176,0.043783,0.373241
AACCTCGCTTTAGCCC-1,0.029894,0.046239,0.134077,0.556985,0.232804
AACCTGTCACGGAATT-1,0.725238,0.254,0.020395,0.000184,0.000184
AACCTTTAAATACGGT-1,0.000007,0.262702,0.014419,0.160434,0.562437
AACCTTTACGACGTCT-1,0.352566,0.559041,0.084277,0.002058,0.002058
AACGAAAGTCGTCCCA-1,0.000007,0.000113,0.380474,0.595388,0.024018
AACGATAATGCCGTAG-1,0.000008,0.058496,0.281012,0.277067,0.383416
AACGATAGAAGGGCCG-1,0.000007,0.126514,0.308295,0.334585,0.2306
AACGATATGTCAACTG-1,0.23052,0.722138,0.023281,0.023749,0.000312
AACGCATGATCTGGGT-1,0.0256,0.05516,0.035899,0.208739,0.674603
AACGCGACCTTGGGCG-1,0.00246,0.254633,0.061798,0.387089,0.29402
AACGCGGTCTCCAGCC-1,0.015948,0.078293,0.063843,0.217296,0.62462
AACGCTGTTGCTGAAA-1,0.00437,0.091718,0.042256,0.198736,0.66292
AACGGACGTACGTATA-1,0.087044,0.0633,0.000049,0.049204,0.800404
AACGGCCATCTCCGGT-1,0.000761,0.030466,0.31798,0.542799,0.107993
AACGTACTGTGGGTAC-1,0.023928,0.150183,0.015823,0.189147,0.620919
AACGTAGTCTACCCAT-1,0.000465,0.000813,0.212359,0.344665,0.441699
AACGTCAGACTAGTGG-1,0.005108,0.01116,0.065509,0.395147,0.523076
AACGTCATCCGGCTTG-1,0.041667,0.041668,0.083336,0.666657,0.166672
AACGTGATGAAGGACA-1,0.046701,0.213492,0.009774,0.039764,0.690269
AACGTGCGAAAGTCTC-1,0.000069,0.044437,0.672309,0.209938,0.073246
AACGTTATCAGCACCT-1,0.000009,0.131957,0.003775,0.201174,0.663085
AACGTTCTACCATTGT-1,0.000076,0.6268,0.012147,0.313361,0.047617
AACTACCCGTTTGTCA-1,0.336633,0.076401,0.00023,0.00046,0.586275
AACTAGCGTATCGCAC-1,0.000009,0.088314,0.130221,0.213266,0.568189
AACTAGGCTTGGGTGT-1,0.000011,0.140022,0.049006,0.142764,0.668197
AACTCAAGTTAATTGC-1,0.002491,0.03444,0.009728,0.134469,0.818871
AACTCCAGAGCGTGTT-1,0.013442,0.032714,0.439649,0.036319,0.477876
AACTCCTAATCCCATG-1,0.019004,0.000382,0.878767,0.000028,0.101819
AACTCGATGGCGCAGT-1,0.000011,0.002347,0.046077,0.240358,0.711207
AACTCTCAATAGAGCG-1,0.104786,0.020179,0.394035,0.287042,0.193958
AACTCTCAGTGTGCTC-1,0.021578,0.003865,0.027345,0.249531,0.697682
AACTGAGGTCAGCGTC-1,0.095485,0.251653,0.104346,0.199249,0.349267
AACTGAGTTATACTGA-1,0.088105,0.009159,0.283455,0.127383,0.491898
AACTGATATTAGGCCT-1,0.011413,0.008485,0.084382,0.222553,0.673167
AACTGGGTCCCGACGT-1,0.000007,0.001046,0.170106,0.379177,0.449664
AACTGGGTTCGAGCCG-1,0.008067,0.26224,0.114078,0.116228,0.499387
AACTGGTGTGGGCCTT-1,0.00001,0.04189,0.048941,0.163327,0.745832
AACTTCTGCGTCTATC-1,0.019897,0.133203,0.000529,0.116472,0.7299
AACTTGCCCGTATGCA-1,0.006989,0.044934,0.04286,0.313923,0.591294
AACTTGCGTTCTCGCG-1,0.000012,0.012742,0.186165,0.425966,0.375115
AACTTTAGCTGCTGAG-1,0.00001,0.356648,0.012069,0.053551,0.577723
AACTTTCTCGATCATG-1,0.033028,0.417501,0.081093,0.264416,0.203962
AAGAAAGTTTGATGGG-1,0.002874,0.002874,0.005747,0.97701,0.011495
AAGAAATCACCAGATT-1,0.004993,0.035643,0.385759,0.481211,0.092394
AAGAAGGATCAGTTAG-1,0.000011,0.009711,0.000023,0.057869,0.932386
AAGACATACGTGGTTT-1,0.000031,0.000031,0.000063,0.001721,0.998153
AAGACCAAATAACTCA-1,0.010999,0.013962,0.04327,0.453577,0.478191
AAGACCCAACTGAACA-1,0.004257,0.024517,0.081053,0.195382,0.694791
AAGACTAACCCGTTGT-1,0.000009,0.000009,0.052827,0.343752,0.603404
AAGACTCACGCCCACT-1,0.000007,0.107646,0.066746,0.170345,0.655256
AAGACTGCAAGCTACT-1,0.125464,0.569352,0.184399,0.114519,0.006267
AAGAGATGAATCGGTA-1,0.00001,0.117635,0.006047,0.206219,0.67009
AAGAGCTCTTTATCGG-1,0.000007,0.03655,0.349326,0.160638,0.45348
AAGAGGATGTACGCGA-1,0.002802,0.12346,0.034314,0.44912,0.390304
AAGAGGCATGGATCGC-1,0.000007,0.101008,0.404756,0.233693,0.260536
AAGAGGCCCTTTGGAA-1,0.001879,0.215122,0.200922,0.465984,0.116093
AAGATGGCACCGGACC-1,0.027551,0.009484,0.21005,0.574043,0.178873
AAGATTGGCGGAACGT-1,0.178145,0.41767,0.000157,0.000315,0.403713
AAGCACCCTGCGTATC-1,0.005269,0.290745,0.011624,0.151626,0.540737
AAGCATACTCTCCTGA-1,0.00001,0.254328,0.030654,0.102245,0.612763
AAGCCGAAGCGGTTTA-1,0.109176,0.022308,0.021949,0.018893,0.827674
AAGCCGCCGTGAAATC-1,0.020288,0.002201,0.151988,0.738317,0.087207
AAGCCGCTTTACCTTG-1,0.015521,0.328198,0.002303,0.092315,0.561663
AAGCCGGAGAGCAGGA-1,0.000025,0.000025,0.000051,0.042685,0.957214
AAGCGCAGGGCTTTGA-1,0.021105,0.014108,0.022157,0.226267,0.716363
AAGCGGAGTGCGCGCA-1,0.006305,0.031295,0.005835,0.136617,0.819948
AAGCGGCGTCATGGGT-1,0.000011,0.012508,0.070394,0.090311,0.826775
AAGCGTCCCTCATCGA-1,0.023421,0.012352,0.052087,0.265706,0.646435
AAGCTAGATCGAGTAA-1,0.000006,0.012116,0.384229,0.297313,0.306336
AAGCTCGTGCCAAGTC-1,0.000009,0.219278,0.098121,0.109536,0.573056
AAGCTCTTTCATGGTG-1,0.003418,0.005094,0.001032,0.114362,0.876094
AAGGAGAACTTATAAG-1,0.000004,0.042541,0.189451,0.255255,0.512748
AAGGAGCGGTTGGTGC-1,0.02976,0.048762,0.061089,0.295661,0.564728
AAGGATCGATCGCTTG-1,0.855859,0.082237,0.048425,0.013328,0.000151
AAGGATGAGGGACCTC-1,0.015107,0.171076,0.061516,0.269614,0.482688
AAGGCAGGCTGTCTCC-1,0.506719,0.144803,0.000179,0.000358,0.34794
AAGGCGCGTAAAGCTT-1,0.013214,0.018793,0.227694,0.412553,0.327746
AAGGCTGTGCTCATCG-1,0.000006,0.000006,0.68933,0.310399,0.000258
AAGGGAACGACTGGCT-1,0.031711,0.157332,0.013286,0.448292,0.349378
AAGGGACAGATTCTGT-1,0.25748,0.000386,0.000772,0.001543,0.73982
AAGGGACTATGCATTC-1,0.011516,0.311511,0.038263,0.457413,0.181297
AAGGGTTAGCCATGCG-1,0.000043,0.213475,0.17388,0.466099,0.146503
AAGGTATCCTAATATA-1,0.035607,0.000007,0.026598,0.0001,0.937688
AAGGTGATAAACCAGC-1,0.072977,0.005351,0.000056,0.065034,0.856583
AAGTAAGCTTCCAAAC-1,0.000005,0.006977,0.291313,0.364206,0.337499
AAGTAGAAGACCGGGT-1,0.000007,0.072088,0.30898,0.269654,0.349271
AAGTAGTGACGCGAGG-1,0.000017,0.000017,0.000033,0.141652,0.858281
AAGTCAATTGTCGTCA-1,0.076955,0.027665,0.205461,0.113942,0.575977
AAGTCTAGTAGCTGCC-1,0.021922,0.183195,0.293357,0.116982,0.384543
AAGTCTTCTGTGGCCT-1,0.000035,0.071525,0.086808,0.306434,0.535199
AAGTGACGACCGAATT-1,0.015052,0.013429,0.16579,0.771626,0.034102
AAGTGAGTCGGGTTTA-1,0.000009,0.015393,0.000932,0.119504,0.864161
AAGTGCCTTGACTGTA-1,0.312503,0.610174,0.000718,0.075167,0.001437
AAGTGCGTTAGAATCT-1,0.009587,0.252511,0.00946,0.290091,0.43835
AAGTGCTTCTCTATTG-1,0.000018,0.000019,0.015875,0.439352,0.544736
AAGTGTTTGGAGACGG-1,0.001064,0.024063,0.112079,0.319008,0.543786
AAGTTCACTCCAAGCT-1,0.030352,0.005641,0.139555,0.186972,0.637479
AAGTTCAGTCTGCGTA-1,0.028323,0.047832,0.007032,0.046317,0.870496
AAGTTCGGCCAACAGG-1,0.002751,0.029908,0.033209,0.312799,0.621334
AAGTTGTGATGTTATA-1,0.009241,0.000026,0.000053,0.060255,0.930424
AAGTTTACTAATGGCA-1,0.000009,0.153605,0.098601,0.181646,0.56614
AAGTTTATGGGCCCAA-1,0.029079,0.005335,0.073453,0.376621,0.515513
AATAACAACGCTCGGC-1,0.007731,0.000232,0.374436,0.560517,0.057083
AATAACACTAGAACAA-1,0.067394,0.014286,0.006832,0.280573,0.630914
AATAAGTCCTCGAGAC-1,0.000009,0.041604,0.000018,0.012366,0.946003
AATAATCTTCGTATCG-1,0.04488,0.014008,0.231771,0.606056,0.103285
AATACAATGTTTCAGG-1,0.019243,0.009833,0.148008,0.17838,0.644536
AATACCGGAGGGCTGT-1,0.015188,0.02175,0.082778,0.642239,0.238045
AATACCTGATGTGAAC-1,0.052438,0.000045,0.063696,0.611273,0.272547
AATAGAACAGAGTGGC-1,0.000007,0.106079,0.250481,0.513574,0.12986
AATAGAATCTGTTTCA-1,0.033536,0.043378,0.112133,0.077121,0.733832
AATAGCAAGCCTCCTG-1,0.031464,0.037268,0.194708,0.190077,0.546484
AATAGCTACCGCGTGC-1,0.030381,0.266443,0.012303,0.088416,0.602456
AATAGGCACGACCCTT-1,0.083333,0.083333,0.166667,0.333333,0.333333
AATAGTCCGTCCCGAC-1,0.000009,0.031835,0.021653,0.186911,0.759592
AATATCAAGGTCGGAT-1,0.000008,0.185485,0.061728,0.408301,0.344479
AATATCGAATCAATGC-1,0.457213,0.422012,0.018687,0.000272,0.101816
AATATCGAGGGTTCTC-1,0.136224,0.160983,0.281876,0.195219,0.225698
AATATTGGAGTATTGA-1,0.018946,0.025527,0.022639,0.591476,0.341412
AATCAGACTGCAGGAC-1,0.000012,0.012155,0.117314,0.284741,0.585778
AATCAGGTTTCATTTA-1,0.007202,0.010426,0.034959,0.526999,0.420414
AATCCAAGGGCCTGAG-1,0.000006,0.003889,0.453408,0.418022,0.124675
AATCCATGCAAGGGTG-1,0.00001,0.002333,0.032525,0.330286,0.634846
AATCCCGCTCAGAGCC-1,0.003623,0.32452,0.007247,0.650116,0.014493
AATCGAGGTCTCAAGG-1,0.002778,0.002778,0.406406,0.011112,0.576926
AATCGCCTCAGCGCCA-1,0.003707,0.156962,0.137859,0.190318,0.511155
AATCGCGCAGAGGACT-1,0.579674,0.412128,0.006776,0.000094,0.001327
AATCGGGACACTACGA-1,0.000009,0.000863,0.0601,0.136698,0.802329
AATCGTGAGCCGAGCA-1,0.00866,0.002546,0.29809,0.530358,0.160346
AATCTAGGTTTACTTG-1,0.006028,0.005905,0.000047,0.333147,0.654872
AATCTATGCCGGAGCC-1,0.015606,0.003558,0.00983,0.110523,0.860483
AATCTCTACTGTGGTT-1,0.000393,0.000078,0.200193,0.750325,0.049011
AATCTGCGTTGGGACG-1,0.12143,0.060682,0.033647,0.127019,0.657222
AATCTGGCTTTCTAGT-1,0.001469,0.177595,0.018185,0.544169,0.258581
AATCTGGGTAGACCCT-1,0.000008,0.024654,0.126255,0.161988,0.687094
AATGACAGCAATGTCT-1,0.00972,0.01034,0.02615,0.231481,0.72231
AATGACGTAGGATGTC-1,0.014022,0.082872,0.210865,0.326431,0.36581
AATGACTGTCAGCCGG-1,0.113145,0.039643,0.363517,0.352621,0.131074
AATGAGTTCGCATATG-1,0.000445,0.202579,0.011187,0.232731,0.553058
AATGATGATACGCTAT-1,0.625041,0.292427,0.000783,0.001565,0.080185
AATGATGCGACTCCTG-1,0.163331,0.182956,0.020684,0.106853,0.526176
AATGCAACCGGGTACC-1,0.01826,0.040428,0.05837,0.187903,0.695039
AATGCACCAAGCAATG-1,0.20552,0.395583,0.060956,0.07367,0.264271
AATGGCCGCCAATGCG-1,0.010841,0.351825,0.000033,0.063755,0.573546
AATGGTCCACCGTTCA-1,0.000005,0.041747,0.153823,0.532991,0.271434
AATGGTTCTCACAAGC-1,0.000278,0.00176,0.19482,0.338323,0.464819
AATGTATGGCACTGTA-1,0.00002,0.00002,0.000041,0.092037,0.907882
AATGTGCCCGAGGTGT-1,0.000007,0.009942,0.142339,0.788097,0.059615
AATGTGCTAATCTGAG-1,0.009054,0.088472,0.002464,0.169499,0.730512
AATGTTAAGACCCTGA-1,0.000502,0.366952,0.335784,0.28324,0.013523
AATGTTGTCGTGAGAC-1,0.012101,0.013375,0.343908,0.449568,0.181049
AATTAAAGGTCGGCGT-1,0.081674,0.117499,0.109633,0.456067,0.235127
AATTAACGGATTTCCA-1,0.000009,0.030747,0.144068,0.381898,0.443279
AATTACGAGACCCATC-1,0.000026,0.001898,0.000052,0.165752,0.832273
AATTAGCGCTGCAGCG-1,0.000012,0.05375,0.039818,0.128976,0.777444
AATTATACCCAGCAAG-1,0.000916,0.000916,0.396795,0.59771,0.003663
AATTCATAAGGGATCT-1,0.454982,0.346115,0.000585,0.197149,0.00117
AATTCATTGTCATGCA-1,0.00001,0.00001,0.288691,0.669956,0.041333
AATTCCAAGCATGTAC-1,0.005254,0.060994,0.083037,0.288672,0.562043
AATTCGATTCGAGGAT-1,0.000017,0.006858,0.057806,0.101242,0.834077
AATTCTAGAGTTAGGC-1,0.00001,0.018551,0.150892,0.325473,0.505074
AATTGAACGCTCTGGT-1,0.000009,0.246792,0.096009,0.230989,0.426201
AATTGCAGCAATCGAC-1,0.000036,0.058774,0.010443,0.398285,0.532463
AATTGCGTGGATTACA-1,0.000025,0.000025,0.009005,0.513227,0.477717
AATTGTGGTTGCCAAA-1,0.001767,0.000741,0.096586,0.468051,0.432856
AATTTGGGACATAGTA-1,0.056739,0.044197,0.341476,0.208988,0.3486
AATTTGGTTCCAAAGA-1,0.000279,0.094308,0.047206,0.175468,0.682739
ACAAACCATGCGTCCT-1,0.033661,0.047892,0.140234,0.443293,0.33492
ACAAACCGACAAGGCG-1,0.002913,0.000008,0.000016,0.002954,0.994109
ACAAACTCCATCAGAG-1,0.027778,0.027779,0.72221,0.111117,0.111116
ACAAAGCATGACCTAG-1,0.003678,0.004502,0.116025,0.518038,0.357757
ACAAATCGCACCGAAT-1,0.031667,0.037161,0.197365,0.434422,0.299384
ACAAATGGTAGTGTTT-1,0.007279,0.108574,0.371462,0.304059,0.208625
ACAAATTCAGATCTGA-1,0.017304,0.016208,0.220144,0.172903,0.573441
ACAACAGCATGAGCTA-1,0.003175,0.139716,0.572673,0.120191,0.164244
ACAACGGTCCCTGCGA-1,0.000008,0.019121,0.113949,0.23535,0.631572
ACAAGCAGTGCCTAGC-1,0.000009,0.780194,0.002575,0.024326,0.192896
ACAAGGAAATCCGCCC-1,0.00001,0.155293,0.092355,0.131383,0.620959
ACAAGGACAAGAGGTT-1,0.00263,0.000012,0.000025,0.022722,0.974611
ACAAGGATGCTTTAGG-1,0.090465,0.013824,0.085997,0.353349,0.456366
ACAAGGCCTACCAGCC-1,0.032291,0.26436,0.03327,0.045903,0.624175
ACAAGGGCAGGCTCTG-1,0.017463,0.040624,0.088052,0.221737,0.632125
ACAATAGTCGTACGTT-1,0.046166,0.049193,0.030339,0.52744,0.346862
ACAATCCATTTAAACC-1,0.000007,0.000339,0.143571,0.497841,0.358242
ACAATCGATCTTTATA-1,0.000007,0.00496,0.234984,0.269762,0.490286
ACAATGAATACGGAGA-1,0.013815,0.026275,0.010437,0.406584,0.542889
ACAATGATTCTTCTAC-1,0.072413,0.018504,0.178299,0.239917,0.490867
ACAATTTAGGAGGCTC-1,0.014426,0.016181,0.166319,0.632028,0.171046
ACAATTTGAGCAGTGG-1,0.041004,0.087509,0.127537,0.196555,0.547395
ACAATTTGGCCATATT-1,0.59196,0.389693,0.000142,0.000284,0.017922
ACACAAAGACGGGTGG-1,0.028272,0.18244,0.155846,0.513962,0.11948
ACACAAATATTCCTAG-1,0.009834,0.00428,0.064884,0.348367,0.572635
ACACACCAGGACCAGT-1,0.046377,0.064691,0.173758,0.306611,0.408562
ACACACTTTCTACACG-1,0.013764,0.234259,0.205272,0.2078,0.338906
ACACATGATCAAATCT-1,0.017029,0.017739,0.203322,0.623922,0.137988
ACACATTTCCGTAGAC-1,0.001619,0.254048,0.217887,0.289442,0.237004
ACACCACATAATTAGC-1,0.518922,0.070212,0.347949,0.062176,0.000741
ACACCCAGCATGCAGC-1,0.049879,0.015402,0.332238,0.323327,0.279154
ACACCCGAGAAATCCG-1,0.000006,0.227031,0.013006,0.347222,0.412735
ACACCCGTAAATCTGT-1,0.074215,0.273091,0.065469,0.090179,0.497047
ACACCGGTCTGACCGC-1,0.000009,0.12122,0.153533,0.681327,0.043911
ACACCTTAAGTAGGGC-1,0.004662,0.150693,0.025355,0.430765,0.388526
ACACCTTACTACTTGC-1,0.4649,0.127101,0.048205,0.000284,0.359511
ACACGAGACTCCTTCT-1,0.000004,0.014771,0.816384,0.10531,0.063531
ACACGGCACTATGCAT-1,0.00001,0.048941,0.003887,0.044535,0.902627
ACACGGGAACTTAGGG-1,0.020167,0.022548,0.145573,0.222581,0.589131
ACACGTAGGCCACAAG-1,0.022745,0.260544,0.000046,0.000092,0.716573
ACACTCCAATGTCACT-1,0.000011,0.00022,0.007949,0.136056,0.855764
ACACTGATCAAGGTGT-1,0.037226,0.033219,0.277976,0.501501,0.150078
ACACTGGGACAGTCGT-1,0.022202,0.000026,0.066012,0.387885,0.523875
ACAGAACTGAGAACAA-1,0.021593,0.014597,0.250177,0.428651,0.284981
ACAGATTAGGTTAGTG-1,0.000008,0.037327,0.143646,0.293031,0.525989
ACAGCATAGAGCCAGT-1,0.06371,0.007377,0.290977,0.298014,0.339922
ACAGCGCACCCGCAGC-1,0.000009,0.565807,0.001357,0.012096,0.420731
ACAGGCACGGATCCTT-1,0.034299,0.020879,0.105744,0.38482,0.454257
ACAGGCTTGCCCGACT-1,0.041065,0.031192,0.240418,0.407482,0.279843
ACAGGTGGAGGTGAGG-1,0.077354,0.031135,0.017889,0.191433,0.682189
ACAGTAATACAACTTG-1,0.013162,0.008037,0.003439,0.33541,0.639951
ACAGTATACCGTGGGA-1,0.017386,0.000938,0.176549,0.552028,0.2531
ACAGTGCAGCGCATTT-1,0.14188,0.25876,0.10937,0.124837,0.365153
ACATAAGTCGTGGTGA-1,0.023998,0.028708,0.004907,0.465564,0.476823
ACATAATAAGGCGGTG-1,0.000009,0.074467,0.054748,0.192318,0.678457
ACATCAGCTGGGACGC-1,0.047633,0.021142,0.03752,0.434485,0.45922
ACATCCCGGCCATACG-1,0.003822,0.05748,0.53046,0.263267,0.14497
ACATCCTGGTAACTGT-1,0.513619,0.485882,0.0001,0.0002,0.0002
ACATCGATCGTTTACC-1,0.000013,0.011822,0.389225,0.094073,0.504867
ACATCGGTCAGCCGCG-1,0.000008,0.056997,0.252474,0.530812,0.159709
ACATCGTATGCAATGG-1,0.000012,0.170654,0.00422,0.070988,0.754126
ACATCGTTAACCTAGT-1,0.000006,0.100302,0.368228,0.216689,0.314774
ACATCTCAACGCGTAA-1,0.000009,0.052225,0.00022,0.024603,0.922943
ACATGCTTACGGCAGC-1,0.001736,0.001736,0.198224,0.006945,0.791359
ACATGGCGCCAAAGTA-1,0.483085,0.287969,0.000284,0.000569,0.228093
ACATTAGTTTATATCC-1,0.000009,0.092018,0.152872,0.329066,0.426034
ACCAAACACCCAGCGA-1,0.00879,0.079086,0.041303,0.306396,0.564425
ACCAAACTAGAAATCC-1,0.000851,0.025214,0.067496,0.179223,0.727216
ACCAACACCACACACT-1,0.023958,0.195611,0.148672,0.342693,0.289066
ACCAACCGCACTCCAC-1,0.000015,0.067593,0.048932,0.484731,0.39873
ACCAACGCTTATTTAT-1,0.015317,0.01176,0.107141,0.526797,0.338985
ACCAAGAACGCGTGTC-1,0.000007,0.047669,0.383081,0.417758,0.151486
ACCAAGTCATCGGCAG-1,0.000017,0.000017,0.06872,0.600394,0.330852
ACCAATATGCAAGTTA-1,0.003143,0.027226,0.148156,0.409336,0.412139
ACCACAACTCAGAACA-1,0.017885,0.272978,0.120556,0.262594,0.325987
ACCACAAGTTTCTATC-1,0.004314,0.006951,0.247159,0.538666,0.20291
ACCACACGGTTGATGG-1,0.001323,0.001323,0.002646,0.989417,0.005291
ACCACCAATGTAACAA-1,0.58052,0.224248,0.00044,0.00088,0.193912
ACCACCCTCTCTTCTA-1,0.008688,0.141266,0.014063,0.140883,0.6951
ACCACGTGCAGCTATA-1,0.003404,0.086001,0.075263,0.172154,0.663177
ACCAGACCATAACAAC-1,0.01496,0.172264,0.081909,0.450732,0.280135
ACCAGCCCGGTCTTTG-1,0.00001,0.035742,0.045668,0.160904,0.757676
ACCAGGAGTGTGATCT-1,0.000009,0.007993,0.028112,0.063601,0.900285
ACCAGTGCCCGGTCAA-1,0.040054,0.018024,0.270803,0.133087,0.538032
ACCAGTGCGGGAGACG-1,0.01141,0.025268,0.000035,0.009638,0.953649
ACCATATCCGCAATAA-1,0.011367,0.054165,0.135653,0.512985,0.28583
ACCATCCGCCAACTAG-1,0.000008,0.003096,0.006823,0.36808,0.621992
ACCATCGTATATGGTA-1,0.002137,0.023729,0.060545,0.238338,0.675251
ACCCAACGCCCGTGGC-1,0.05331,0.159937,0.612235,0.139238,0.03528
ACCCACCTACATGCTC-1,0.000009,0.023035,0.083233,0.229802,0.663921
ACCCATCTTGAGGGTA-1,0.000013,0.002688,0.044863,0.317205,0.635232
ACCCATTTGTCCCTCT-1,0.00006,0.005027,0.000119,0.276735,0.718059
ACCCGAGCGAAATTAC-1,0.008966,0.005894,0.124475,0.781152,0.079512
ACCCGATTGGTTCCGA-1,0.000017,0.002387,0.055023,0.407247,0.535325
ACCCGGAAACTCCCAG-1,0.000009,0.115638,0.048424,0.210737,0.625192
ACCCGGAGCACCACAA-1,0.019858,0.310607,0.009379,0.053421,0.606735
ACCCGGTTACACTTCC-1,0.00001,0.037839,0.221855,0.511035,0.229262
ACCCGTAGCAGAGAAT-1,0.228198,0.070724,0.082318,0.300653,0.318108
ACCCGTAGTCTAGTTG-1,0.055832,0.071468,0.000063,0.055319,0.817319
ACCCGTGTCATCAGTA-1,0.000012,0.009567,0.162408,0.284407,0.543607
ACCCTATGCCATATCG-1,0.051903,0.129058,0.087203,0.383709,0.348127
ACCCTCCCGTCAGGGC-1,0.007842,0.010012,0.053701,0.452752,0.475694
ACCCTCCCTTGCTATT-1,0.00001,0.038631,0.010899,0.070233,0.880227
ACCCTGGTAACGCCCT-1,0.019536,0.002749,0.013223,0.216589,0.747903
ACCCTTCATCTGCGAA-1,0.000009,0.154087,0.062631,0.191581,0.591692
ACCCTTGCCTGGGTCG-1,0.013142,0.000014,0.000521,0.136274,0.850049
ACCCTTTAGTTCTCCA-1,0.000011,0.18493,0.182431,0.157072,0.475557
ACCGAAAGGGCCCTGC-1,0.000006,0.052638,0.29657,0.286353,0.364433
ACCGAAGAGTCTGGTT-1,0.018895,0.000807,0.013047,0.207762,0.759489
ACCGACACATCTCCCA-1,0.000008,0.020487,0.024344,0.137594,0.817566
ACCGACTGAGTCCCAC-1,0.035033,0.053149,0.194298,0.279541,0.437979
ACCGAGTCTCCTTATT-1,0.000011,0.13369,0.095501,0.371457,0.39934
ACCGATAGGCATAACC-1,0.023286,0.040914,0.026003,0.329527,0.580269
ACCGATATTTAATCAT-1,0.019009,0.071771,0.194362,0.325006,0.389853
ACCGATGGTAGCATCG-1,0.434108,0.562134,0.000751,0.001506,0.001502
ACCGCAATAACTGCCT-1,0.03106,0.00601,0.018847,0.177783,0.766299
ACCGCGGTGGAAGTCG-1,0.54541,0.451775,0.000563,0.001126,0.001126
ACCGCTAGTCATTGGT-1,0.000072,0.182982,0.524743,0.291426,0.000776
ACCGGTCAGGTACACC-1,0.000013,0.097203,0.005451,0.493782,0.403551
ACCGGTCTGAGTACGG-1,0.000007,0.008882,0.178833,0.205988,0.60629
ACCGTGACCACGTGGG-1,0.015796,0.001666,0.027246,0.364588,0.590704
ACCGTTCCCGCTCTGA-1,0.01158,0.063042,0.347306,0.229284,0.348789
ACCTAAGTACCTTTCA-1,0.012099,0.234677,0.00805,0.474416,0.270758
ACCTAATCGACTTCCT-1,0.001833,0.184824,0.123656,0.197607,0.49208
ACCTACAGTATGTGGT-1,0.631298,0.333749,0.000074,0.000148,0.034732
ACCTACTATAAATCTA-1,0.040686,0.010334,0.078096,0.310302,0.560581
ACCTCCGCCCTCGCTG-1,0.023993,0.152754,0.015871,0.194327,0.613054
ACCTCCGTTATTCACC-1,0.691363,0.307505,0.000226,0.000453,0.000453
ACCTCGAACTTATGCT-1,0.0041,0.168593,0.020992,0.527796,0.278518
ACCTGCGTGTCATGTT-1,0.048401,0.022939,0.05336,0.20828,0.66702
ACCTTTCCTTTAGAAG-1,0.001416,0.043009,0.181541,0.240854,0.533179
ACGAAATGGGCGGCAC-1,0.002076,0.368899,0.306857,0.213689,0.108479
ACGACCCATGAGTTGC-1,0.010059,0.002038,0.152446,0.605244,0.230213
ACGACTCTAGGGCCGA-1,0.008024,0.023412,0.088352,0.413691,0.466521
ACGACTGGTCATACTC-1,0.028166,0.077341,0.054125,0.320535,0.519834
ACGAGAACCCATCACG-1,0.01235,0.012853,0.091366,0.213221,0.67021
ACGAGATATTTGCTTA-1,0.000012,0.649957,0.065825,0.054584,0.229623
ACGAGGATACCACTCT-1,0.011699,0.022159,0.066738,0.789643,0.109761
ACGAGGTTTACAACGT-1,0.007509,0.000023,0.001303,0.558614,0.432552
ACGAGTACGGATGCCC-1,0.116417,0.032402,0.095628,0.321348,0.434206
ACGATACATAGAACTA-1,0.010045,0.132156,0.051375,0.250263,0.556161
ACGATCATACATAGAG-1,0.021744,0.14795,0.204658,0.30056,0.325088
ACGATCATCTTGTAAA-1,0.271349,0.297719,0.000322,0.02197,0.408639
ACGATGCATATGTTAT-1,0.0566,0.325027,0.00302,0.09739,0.517963
ACGATGGATCCGATGC-1,0.000009,0.198983,0.024944,0.055548,0.720516
ACGCAAACTAATAGAT-1,0.000007,0.312166,0.004273,0.052093,0.63146
ACGCAATCACTACAGC-1,0.017077,0.041881,0.022564,0.262085,0.656393
ACGCATAAATGACATG-1,0.013459,0.01707,0.014569,0.040129,0.914773
ACGCATACGTTTACTA-1,0.000014,0.139674,0.03652,0.063323,0.760469
ACGCATTCGTGAGTAC-1,0.034164,0.079205,0.034749,0.293972,0.557911
ACGCCACTCGAAACAG-1,0.001208,0.001208,0.002416,0.004831,0.990338
ACGCCAGATGATTTCT-1,0.046464,0.011691,0.063736,0.125273,0.752836
ACGCCCAGCTGTCGAT-1,0.005887,0.129549,0.000021,0.012846,0.851697
ACGCCGCTAGACGACC-1,0.032915,0.079914,0.14573,0.289587,0.451854
ACGCGAAGTCAGACGA-1,0.000008,0.003773,0.240171,0.44114,0.314908
ACGCGCTACACAGGGT-1,0.014022,0.004842,0.014304,0.003098,0.963734
ACGCGGGCCAAGGACA-1,0.104215,0.001823,0.02884,0.305058,0.560064
ACGCTAGTATCAGTGC-1,0.089828,0.212149,0.026346,0.057463,0.614215
ACGCTAGTGATACACT-1,0.000014,0.461192,0.007689,0.362995,0.16811
ACGCTGTGAGGCGTAG-1,0.013188,0.002989,0.013718,0.516281,0.453824
ACGCTTAGTGTCTCTC-1,0.005713,0.045062,0.451262,0.016351,0.481612
ACGGAATTTAGCAAAT-1,0.00001,0.078179,0.014825,0.085032,0.821954
ACGGACGCAGCGACAA-1,0.062526,0.000196,0.64111,0.295385,0.000783
ACGGACTCTCAAAGCG-1,0.000008,0.017115,0.084426,0.247993,0.650457
ACGGAGCGCAAATTAC-1,0.051765,0.009809,0.391289,0.500775,0.046362
ACGGATGGTGCGGATA-1,0.003124,0.016374,0.30739,0.429811,0.243301
ACGGCACTTGCTTGGG-1,0.000012,0.127329,0.042959,0.079839,0.74986
ACGGCCAACATGGACT-1,0.000007,0.013166,0.29856,0.325285,0.362982
ACGGCGACGATGGGAA-1,0.000425,0.049344,0.01784,0.086655,0.845736
ACGGCGGGTTGCCCTG-1,0.000011,0.012527,0.065677,0.199318,0.722468
ACGGCTGGATGTAGAA-1,0.004349,0.004771,0.169868,0.798183,0.022829
ACGGGAGTGTCGGCCC-1,0.006037,0.206073,0.061942,0.358558,0.36739
ACGGGCGTATGCGACA-1,0.041999,0.078722,0.066601,0.338415,0.474262
ACGGGTTGTGACCTGT-1,0.196824,0.238784,0.000159,0.017167,0.547065
ACGGTACAGTTCAATG-1,0.003561,0.062504,0.044958,0.360491,0.528485
ACGGTCACCGAGAACA-1,0.085046,0.029515,0.074991,0.667372,0.143076
ACGTACAGATTTCTCT-1,0.000009,0.001787,0.050621,0.221842,0.725741
ACGTACTTTGGCACGG-1,0.008376,0.045805,0.057434,0.525731,0.362655
ACGTAGATTGCTGATG-1,0.025063,0.539625,0.009288,0.122759,0.303266
ACGTAGGAGAGTCGCT-1,0.016612,0.011665,0.067297,0.3795,0.524925
ACGTCCTAAACGAGAT-1,0.000008,0.126032,0.021636,0.079177,0.773147
ACGTCTCGTTCCGGGA-1,0.014006,0.02426,0.031003,0.430812,0.499919
ACGTGCGCCTCGTGCA-1,0.010156,0.018028,0.051714,0.226685,0.693416
ACGTGGTCGAATGTGC-1,0.011892,0.009231,0.207171,0.35041,0.421295
ACGTTAATGTCGAAGA-1,0.025221,0.017451,0.303656,0.297914,0.355757
ACGTTAGATTTGCCCG-1,0.003793,0.00038,0.017425,0.341323,0.63708
ACGTTATTGGTCACTC-1,0.018833,0.016759,0.038841,0.344573,0.580993
ACGTTCACTATGCCGC-1,0.027558,0.4478,0.021749,0.381592,0.121301
ACGTTCCGCGCTCCGT-1,0.000007,0.002622,0.051777,0.236417,0.709176
ACGTTCGCAATCAATT-1,0.964481,0.000105,0.00021,0.00042,0.034783
ACGTTCGTTCAGGAAA-1,0.012282,0.046219,0.280729,0.421344,0.239426
ACGTTCTGTACAAGTC-1,0.002552,0.211092,0.013578,0.179162,0.593616
ACGTTGTCGTTGAAAG-1,0.002137,0.002137,0.004274,0.008547,0.982905
ACGTTTAGTTGTGATC-1,0.000008,0.051878,0.525451,0.273289,0.149374
ACTAAGGACGCACACC-1,0.00001,0.038962,0.012089,0.098516,0.850424
ACTAATACGTCAGGCG-1,0.000008,0.01474,0.258739,0.231139,0.495374
ACTACAAAGAGAGGTG-1,0.000013,0.162517,0.069026,0.628258,0.140186
ACTACATCCCGACAAG-1,0.007229,0.018785,0.02816,0.2937,0.652126
ACTACCAGCTCTCTGG-1,0.018317,0.100343,0.05564,0.293728,0.531972
ACTACGCGTTAGAATT-1,0.000008,0.033092,0.143948,0.427683,0.395268
ACTAGTTGCGATCGTC-1,0.011351,0.161916,0.06199,0.087442,0.677301
ACTATATGCTGTGTTC-1,0.03394,0.161772,0.079963,0.195699,0.528626
ACTATCCAGGGCATGG-1,0.867353,0.085009,0.047442,0.000098,0.000098
ACTATCTGCCCGCGTA-1,0.214742,0.232521,0.032527,0.066667,0.453543
ACTATGTCCAGCTGCC-1,0.022461,0.000749,0.019697,0.643992,0.313101
ACTATTCGTCCGTGGT-1,0.043017,0.172912,0.329001,0.2153,0.23977
ACTATTTCCGGGCCCA-1,0.010741,0.014457,0.340348,0.540144,0.09431
ACTCAACGAATGTATT-1,0.028913,0.06668,0.03626,0.151099,0.717047
ACTCAATAAAGGCACG-1,0.000332,0.203273,0.134999,0.238572,0.422823
ACTCAGACCTGCTTCT-1,0.000008,0.02352,0.420398,0.283394,0.272679
ACTCATGGCAGCCTTC-1,0.000024,0.309677,0.000049,0.376702,0.313549
ACTCCAATATCATCAT-1,0.00168,0.162315,0.015406,0.317296,0.503303
ACTCCCATTCCTAAAG-1,0.039082,0.059344,0.057705,0.611332,0.232536
ACTCCCGAATTCGTTT-1,0.51318,0.48219,0.000926,0.001852,0.001852
ACTCCCGTAGACTAGG-1,0.000708,0.319168,0.027658,0.236811,0.415654
ACTCCCTAATGCTAAA-1,0.000008,0.178831,0.008662,0.162674,0.649825
ACTCCCTAGAATAGTA-1,0.00001,0.051625,0.042651,0.180172,0.725542
ACTCCGGCCGACCACT-1,0.033237,0.090287,0.058566,0.330266,0.487644
ACTCGATGTATTTCAT-1,0.000006,0.004016,0.130491,0.608607,0.256879
ACTCGCGATCTGACGC-1,0.451185,0.546737,0.000416,0.000831,0.000831
ACTCGTAACCCGTCCT-1,0.086449,0.024587,0.016242,0.304851,0.567871
ACTCGTCAGTAATCCC-1,0.01943,0.053189,0.410056,0.106422,0.410903
ACTCTCTGACTTAGGT-1,0.008043,0.026564,0.528529,0.273849,0.163015
ACTCTCTTATACACGA-1,0.012293,0.113741,0.009829,0.09236,0.771777
ACTCTGACCTAATAGA-1,0.034259,0.012931,0.122767,0.676752,0.153291
ACTCTTCAGCTCCCGC-1,0.114584,0.137376,0.106115,0.016895,0.62503
ACTCTTGTATAGTAAC-1,0.046673,0.027931,0.016861,0.095157,0.813377
ACTGAAACGCCGTTAG-1,0.024135,0.178333,0.326818,0.441987,0.028726
ACTGAATGGCGAAAGT-1,0.000007,0.014388,0.303921,0.327158,0.354527
ACTGATTTAGTGATTC-1,0.000009,0.06376,0.377611,0.222512,0.336109
ACTGCCGTCGTAACTC-1,0.095584,0.016808,0.039213,0.067946,0.780449
ACTGCGGACACACCGT-1,0.767815,0.227897,0.000086,0.00398,0.000223
ACTGCTCGGAAGGATG-1,0.000012,0.32456,0.000721,0.329652,0.345055
ACTGGCGAACCTGCGT-1,0.000006,0.012809,0.278198,0.565509,0.143478
ACTGGGATGCCAGTGC-1,0.009295,0.003894,0.011581,0.093691,0.881539
ACTGTACGATACACAT-1,0.017098,0.120263,0.039673,0.065334,0.757631
ACTGTAGCACTTTGGA-1,0.000007,0.039783,0.301135,0.547074,0.112
ACTGTATACGCGAGCA-1,0.000007,0.013803,0.373051,0.430204,0.182935
ACTGTCCAGGATTATA-1,0.010338,0.027495,0.079037,0.381816,0.501314
ACTGTCTTCTTTAGAA-1,0.030348,0.157289,0.010085,0.21404,0.588238
ACTGTGCTAGTAGATC-1,0.000009,0.083598,0.700791,0.031765,0.183837
ACTGTTTAGTGTAGGC-1,0.000007,0.003091,0.267217,0.220785,0.508899
ACTTACCGGGCGCGCA-1,0.032788,0.129135,0.055808,0.023494,0.758775
ACTTACGCATCCACGC-1,0.003798,0.001044,0.236867,0.473581,0.28471
ACTTAGTACGACAAGA-1,0.000006,0.015636,0.296618,0.420622,0.267119
ACTTATACTTACCCGG-1,0.137484,0.089038,0.125457,0.247956,0.400065
ACTTATCTGATCTATA-1,0.001418,0.015305,0.249279,0.423628,0.31037
ACTTATTAGGATCGGT-1,0.000018,0.371925,0.007172,0.172298,0.448587
ACTTATTTATGTGCCA-1,0.016019,0.035341,0.396246,0.308954,0.243441
ACTTCAGGCTGATCCC-1,0.00001,0.036303,0.009875,0.098787,0.855025
ACTTCCATGCGGGACA-1,0.037485,0.033136,0.000045,0.043393,0.885941
ACTTCCTGTCGTGCGA-1,0.078366,0.206736,0.000103,0.000206,0.714588
ACTTCGCCATACGCAC-1,0.010958,0.103965,0.074517,0.205842,0.604718
ACTTCGCTAGCGAGTG-1,0.027911,0.003817,0.198518,0.629135,0.140619
ACTTGACTCCCTCTTT-1,0.048684,0.280621,0.163134,0.247301,0.26026
ACTTGCCATATTGTAC-1,0.000008,0.08586,0.142274,0.085002,0.686856
ACTTGGGACCCGGTGG-1,0.000009,0.050421,0.270221,0.543692,0.135656
ACTTGGGCTTTCGCCA-1,0.027778,0.027778,0.055557,0.111115,0.777772
ACTTGTAGTCCCTTCA-1,0.000011,0.002774,0.020663,0.564771,0.411781
ACTTGTGGATGGAACG-1,0.069788,0.07543,0.102443,0.196963,0.555375
ACTTGTTACCGGATCA-1,0.001852,0.001852,0.003704,0.477285,0.515307
ACTTTACCCTCATGAA-1,0.849144,0.000464,0.000916,0.147644,0.001832
ACTTTATACACCACTT-1,0.353969,0.376104,0.163214,0.001736,0.104977
ACTTTCCTATAGCTTC-1,0.020394,0.127174,0.112297,0.348359,0.391776
ACTTTGACTGCATCCT-1,0.005439,0.012534,0.22374,0.410857,0.34743
ACTTTGGTCGTGCTCC-1,0.009864,0.001903,0.032543,0.539338,0.416352
ACTTTGTCGACGCACT-1,0.025192,0.016686,0.080296,0.255856,0.621969
AGAAATTATGACTCGC-1,0.096141,0.002749,0.014334,0.045462,0.841313
AGAACACGGCGATGGT-1,0.096481,0.004167,0.008334,0.874351,0.016667
AGAACCCAGCGTGACA-1,0.292789,0.298823,0.000114,0.004042,0.404232
AGAACCCTCAATTGGG-1,0.018094,0.007249,0.004662,0.461311,0.508683
AGAACGTGGTACATTC-1,0.013665,0.022728,0.290503,0.259021,0.414083
AGAACTGTACTTTGTA-1,0.000015,0.005783,0.062443,0.340224,0.591535
AGAAGAGCGCCGTTCC-1,0.00029,0.00029,0.000581,0.167771,0.831068
AGAAGGTACACTTCAC-1,0.025808,0.008638,0.048232,0.641127,0.276195
AGAAGGTTGCCGAATT-1,0.0137,0.026974,0.073992,0.41737,0.467965
AGAAGGTTGTAGGTCG-1,0.000011,0.035413,0.016434,0.232198,0.715943
AGAAGTGATTCGTGAT-1,0.01672,0.007176,0.227933,0.682113,0.066058
AGAATAAATCTTCAGG-1,0.020009,0.012197,0.099445,0.622313,0.246037
AGAATGCGGGTTCGGA-1,0.020546,0.029685,0.40263,0.406308,0.140832
AGAATTATGGATTCGA-1,0.348506,0.247805,0.000206,0.107758,0.295726
AGAATTGTTTGACATA-1,0.000009,0.006491,0.027676,0.245604,0.720221
AGACAGCTCAGAATCC-1,0.019655,0.014381,0.106497,0.537492,0.321975
AGACAGGCATCTCAGC-1,0.012126,0.102328,0.000054,0.010989,0.874503
AGACATAGATCCTTCC-1,0.001175,0.212875,0.081469,0.31589,0.388591
AGACCAAACCACACCT-1,0.005101,0.253624,0.006907,0.279189,0.45518
AGACCATGGGATACAA-1,0.000005,0.066871,0.420586,0.263487,0.249052
AGACCCACCGCTGATC-1,0.016598,0.039411,0.098299,0.243848,0.601845
AGACCCGCCCTCCTCG-1,0.000007,0.119331,0.251922,0.561551,0.06719
AGACCGCTCCGCGGTT-1,0.115379,0.403197,0.056003,0.086711,0.33871
AGACCGGGAAACCCTG-1,0.009812,0.008805,0.073593,0.419614,0.488176
AGACGACGATGCCGCT-1,0.007259,0.135972,0.00836,0.437883,0.410527
AGACGCCCACTTCGCC-1,0.012386,0.008914,0.003837,0.306571,0.668292
AGACGGGATTGGTATA-1,0.028373,0.0031,0.13164,0.314343,0.522544
AGACGGGCCGATTTAA-1,0.000362,0.171853,0.141703,0.166931,0.519151
AGACTAGCCTTCCAGA-1,0.013955,0.036233,0.070431,0.08771,0.791671
AGACTGTTACCGGGTC-1,0.003028,0.002799,0.012392,0.276307,0.705474
AGAGAAACACCAGAAA-1,0.000006,0.009523,0.328897,0.616752,0.044821
AGAGAACCGTCTAGGA-1,0.039755,0.088949,0.409034,0.243831,0.21843
AGAGAAGGAGTACAAT-1,0.037763,0.031826,0.036195,0.221453,0.672762
AGAGATCTCTAAAGCG-1,0.028901,0.050723,0.086838,0.579789,0.253748
AGAGCAGTTATGAGAC-1,0.000008,0.010592,0.054304,0.408672,0.526424
AGAGCCGCCGAGATTT-1,0.07313,0.091443,0.135731,0.478945,0.22075
AGAGCGCTTGTAACGG-1,0.00001,0.007426,0.400297,0.505194,0.087073
AGAGCGGGCTAATCAT-1,0.000008,0.023935,0.198236,0.273216,0.504605
AGAGCGTACAAGCTCG-1,0.000006,0.002075,0.378483,0.436178,0.183258
AGAGGCTTCGGAAACC-1,0.000014,0.259783,0.000028,0.003791,0.736385
AGAGGGACAATTGTCC-1,0.027099,0.139336,0.000488,0.07397,0.759108
AGAGGTATCTCGGTCC-1,0.005649,0.01406,0.185142,0.173899,0.621249
AGAGTAAACTTCACTA-1,0.023758,0.058689,0.22851,0.168557,0.520485
AGAGTATAGTGTTACG-1,0.075466,0.026592,0.151524,0.45686,0.289557
AGAGTCTTAATGAAAG-1,0.231272,0.004902,0.009804,0.019609,0.734413
AGAGTGAACAGACACC-1,0.043256,0.029933,0.15588,0.23673,0.534202
AGAGTTAGAGACCGAT-1,0.014752,0.009252,0.399807,0.202296,0.373893
AGAGTTGCAGGCCTCC-1,0.051224,0.007383,0.080079,0.333201,0.528112
AGATAACTTCAGGGCC-1,0.000011,0.019149,0.047928,0.436282,0.49663
AGATACCAGCACTTCA-1,0.005259,0.108916,0.007304,0.113656,0.764865
AGATACCGGTGTTCAC-1,0.000013,0.067425,0.004197,0.110608,0.817758
AGATACGACTTCATAT-1,0.000012,0.006617,0.032321,0.14342,0.81763
AGATACTCAAGATCGA-1,0.002952,0.035787,0.205766,0.367373,0.388123
AGATATAATACGACTA-1,0.000011,0.026681,0.011473,0.079958,0.881877
AGATCGTGCATAAGAT-1,0.164787,0.116819,0.176012,0.144306,0.398077
AGATCTCAGGTGTGAT-1,0.015517,0.002566,0.879212,0.067296,0.035408
AGATCTGGAGAGGATA-1,0.00641,0.006411,0.935895,0.025642,0.025642
AGATGACTCGCCCACG-1,0.023271,0.179043,0.091537,0.445802,0.260348
AGATGAGGGTTGCGAT-1,0.363595,0.400823,0.000829,0.001658,0.233095
AGATGATGGAGTCTGG-1,0.901608,0.000356,0.000712,0.095899,0.001425
AGATGCAAGACGTGCA-1,0.011519,0.024363,0.023846,0.594252,0.34602
AGATGCATCCTGTGTC-1,0.019836,0.109493,0.114206,0.191686,0.564779
AGATTATAGGACGTTT-1,0.00001,0.012847,0.438977,0.493208,0.054958
AGATTCAAGCGGGTCG-1,0.000012,0.009715,0.000066,0.005693,0.984514
AGATTCACAACCGATA-1,0.005237,0.039855,0.137574,0.661441,0.155894
AGCAAAGGCCGCTAGT-1,0.012606,0.014536,0.182875,0.480713,0.309269
AGCAACATATCTTATT-1,0.05575,0.051922,0.145016,0.170611,0.576701
AGCAACCGAAAGTAAT-1,0.000007,0.347527,0.008368,0.269467,0.374631
AGCACCAGTACTCACG-1,0.006862,0.068431,0.336762,0.393032,0.194914
AGCACTACCGGCCTGT-1,0.022641,0.176876,0.079441,0.494412,0.22663
AGCACTACCTCACCAG-1,0.043342,0.000383,0.000019,0.012593,0.943664
AGCACTTAAGGACGCC-1,0.000007,0.024209,0.216735,0.48838,0.270668
AGCAGAAGGAGAAAGA-1,0.000004,0.0168,0.359309,0.393434,0.230453
AGCAGCCAGATGAATA-1,0.000008,0.078831,0.117178,0.302106,0.501876
AGCAGTCGAAGCATGC-1,0.001345,0.222024,0.364518,0.311375,0.100738
AGCATATCAATATGCT-1,0.000021,0.25606,0.034501,0.147202,0.562216
AGCATCATTTCGAAAG-1,0.019155,0.034995,0.141309,0.737553,0.066988
AGCATCGTCGATAATT-1,0.011561,0.165978,0.185798,0.39781,0.238852
AGCATTACGAGGCAAG-1,0.007818,0.000017,0.007439,0.325367,0.659359
AGCCAAGCTTTGTGTC-1,0.028808,0.045834,0.100222,0.192815,0.632321
AGCCACAGGTTACCCG-1,0.045032,0.03323,0.004525,0.346184,0.571029
AGCCACTCCCGTGCTT-1,0.012773,0.126264,0.460084,0.245257,0.155622
