Barcode,Topic 1,Topic 2to3,Topic 4,Topic 5,Topic 6,Topic 7,Topic 8
AAACAACGAATAGTTC-1,0.077641,0.272893,0.112213,0.106505,0.00004,0.368863,0.061845
AAACAAGTATCTCCCA-1,0.005428,0.135232,0.004701,0.009273,0.049425,0.721407,0.074535
AAACAATCTACTAGCA-1,0.01021,0.102007,0.037777,0.000057,0.007395,0.643603,0.198951
AAACACCAATAACTGC-1,0.104251,0.57251,0.036509,0.006262,0.07296,0.056831,0.150678
AAACAGAGCGACTCCT-1,0.12843,0.146804,0.095703,0.000073,0.123919,0.499573,0.005497
AAACAGCTTTCAGAAG-1,0.137332,0.312507,0.056747,0.000036,0.427928,0.022855,0.042595
AAACAGGGTCTATATT-1,0.040721,0.215097,0.583918,0.00002,0.00002,0.075213,0.085012
AAACAGTGTTCCTGGG-1,0.055361,0.430596,0.047449,0.000031,0.24857,0.147602,0.070391
AAACATGGTGAGAGGA-1,0.035373,0.110759,0.023618,0.000038,0.053356,0.391582,0.385274
AAACATTTCCCGGATT-1,0.021699,0.723517,0.02175,0.000029,0.012656,0.021998,0.198351
AAACCACTACACAGAT-1,0.026833,0.277872,0.078853,0.006382,0.006465,0.354435,0.24916
AAACCCGAACGAAATC-1,0.125877,0.670506,0.047699,0.006506,0.042271,0.095354,0.011787
AAACCGGAAATGTTAA-1,0.070366,0.198153,0.01621,0.01479,0.169535,0.351305,0.179642
AAACCGGGTAGGTACC-1,0.139512,0.489334,0.329479,0.000023,0.010612,0.022488,0.008551
AAACCGTTCGTCCAGG-1,0.008996,0.03072,0.00074,0.002636,0.010341,0.037663,0.908903
AAACCTAAGCAGCCGG-1,0.079551,0.672375,0.027089,0.000021,0.070606,0.099115,0.051244
AAACCTCATGAAGTTG-1,0.093408,0.577223,0.116032,0.000039,0.084952,0.111721,0.016624
AAACGAAGAACATACC-1,0.055366,0.140946,0.065984,0.000055,0.035066,0.57904,0.123544
AAACGAAGATGGAGTA-1,0.156269,0.315925,0.097286,0.00228,0.278953,0.078875,0.070411
AAACGACAGTCTTGCC-1,0.012702,0.122523,0.001038,0.000055,0.023306,0.659002,0.181374
AAACGAGACGGTTGAT-1,0.112956,0.462021,0.039289,0.00006,0.103012,0.102794,0.179868
AAACGCCCGAGATCGG-1,0.000035,0.00007,0.814901,0.013373,0.029099,0.008208,0.134314
AAACGGGCGTACGGGT-1,0.013505,0.183418,0.000354,0.00506,0.15112,0.535011,0.111532
AAACGGGTTGGTATCC-1,0.336586,0.258204,0.013783,0.006129,0.00614,0.329593,0.049565
AAACGGTTGCGAACTG-1,0.253147,0.20595,0.03317,0.00769,0.198412,0.204028,0.097605
AAACGTGTTCGCCCTA-1,0.073072,0.020497,0.238218,0.000202,0.094199,0.020406,0.553406
AAACTAACGTGGCGAC-1,0.072303,0.491325,0.094834,0.000047,0.064157,0.097921,0.179412
AAACTCGGTTCGCAAT-1,0.168433,0.11793,0.042355,0.000045,0.128459,0.335598,0.20718
AAACTCGTGATATAAG-1,0.052844,0.028972,0.16109,0.002002,0.149942,0.085884,0.519266
AAACTGCTGGCTCCAA-1,0.100143,0.484369,0.05487,0.000057,0.012734,0.319008,0.028818
AAACTTAATTGCACGC-1,0.153574,0.489185,0.212576,0.006337,0.002375,0.127875,0.008078
AAACTTGCAAACGTAT-1,0.096359,0.639881,0.026295,0.000044,0.00321,0.226654,0.007557
AAAGAATGACCTTAGA-1,0.125144,0.353563,0.080864,0.011957,0.037236,0.250042,0.141194
AAAGAATGTGGACTAA-1,0.133438,0.178983,0.212136,0.008743,0.194884,0.224796,0.047019
AAAGACATGAAGTTTA-1,0.043298,0.277929,0.063431,0.007237,0.089093,0.349064,0.169947
AAAGACCCAAGTCGCG-1,0.151619,0.118517,0.08437,0.000045,0.013039,0.191517,0.440893
AAAGACTGGGCGCTTT-1,0.033823,0.651794,0.08167,0.000045,0.039824,0.192024,0.00082
AAAGCTTGCCTACATA-1,0.019009,0.128171,0.212456,0.004394,0.176448,0.437144,0.022377
AAAGGCCCTATAATAC-1,0.066123,0.10709,0.006662,0.007137,0.552765,0.227734,0.03249
AAAGGCTACGGACCAT-1,0.114378,0.446336,0.088434,0.011815,0.090794,0.201637,0.046606
AAAGGCTCTCGCGCCG-1,0.045893,0.504989,0.099196,0.000048,0.048712,0.159638,0.141523
AAAGGGATGTAGCAAG-1,0.160893,0.536253,0.097434,0.004238,0.030681,0.119778,0.050723
AAAGGGCAGCTTGAAT-1,0.214775,0.397496,0.027358,0.011665,0.060986,0.126297,0.161424
AAAGGTAAGCTGTACC-1,0.008547,0.403308,0.174854,0.000083,0.085724,0.301633,0.025852
AAAGGTCAACGACATG-1,0.074048,0.148457,0.096468,0.000036,0.056908,0.198452,0.425631
AAAGTAGCATTGCTCA-1,0.291253,0.440507,0.050431,0.002067,0.046756,0.160775,0.00821
AAAGTCACTGATGTAA-1,0.062436,0.088163,0.084192,0.032129,0.188923,0.300363,0.243794
AAAGTCGACCCTCAGT-1,0.131699,0.806623,0.039281,0.001237,0.012175,0.008966,0.000019
AAAGTGCCATCAATTA-1,0.017657,0.3325,0.00313,0.00004,0.059563,0.573568,0.013541
AAAGTGTGATTTATCT-1,0.006241,0.110705,0.008109,0.016426,0.414379,0.219658,0.224483
AAAGTTGACTCCCGTA-1,0.059278,0.775226,0.06986,0.001716,0.090176,0.000337,0.003407
AAATAACCATACGGGA-1,0.00814,0.275866,0.017433,0.000074,0.036409,0.301428,0.360651
AAATAAGGTAGTGCCC-1,0.11795,0.652356,0.105816,0.000038,0.065283,0.050664,0.007893
AAATACCTATAAGCAT-1,0.063375,0.854031,0.029561,0.000028,0.001539,0.045366,0.006099
AAATAGCTTAGACTTT-1,0.109952,0.531087,0.040747,0.000054,0.047333,0.246492,0.024335
AAATAGGGTGCTATTG-1,0.029026,0.085503,0.011828,0.000074,0.062654,0.427164,0.383751
AAATCACTCCTAAACG-1,0.01885,0.0207,0.01161,0.00578,0.132816,0.165953,0.644292
AAATCCGATACACGCC-1,0.057166,0.446956,0.01512,0.000034,0.216265,0.236227,0.028233
AAATCGCGGAAGGAGT-1,0.000013,0.000025,0.999911,0.000013,0.000013,0.000013,0.000013
AAATCGTGTACCACAA-1,0.001924,0.007964,0.002939,0.007962,0.000064,0.001278,0.97787
AAATCTAGCCCTGCTA-1,0.120855,0.487256,0.011649,0.125386,0.081376,0.041425,0.132053
AAATCTGCCCGCGTCC-1,0.213001,0.460137,0.028229,0.000037,0.061293,0.234275,0.003028
AAATGACTGATCAAAC-1,0.064687,0.139112,0.056713,0.017537,0.290805,0.368609,0.062537
AAATGATTCGATCAGC-1,0.007982,0.086859,0.101425,0.010029,0.229818,0.413511,0.150376
AAATGCTCGTTACGTT-1,0.090987,0.702777,0.079738,0.001841,0.067955,0.048634,0.008068
AAATGGCATGTCTTGT-1,0.132945,0.418665,0.223701,0.000034,0.000034,0.064135,0.160487
AAATGGCCCGTGCCCT-1,0.074406,0.058008,0.062203,0.000063,0.054657,0.536392,0.214271
AAATGGTCAATGTGCC-1,0.222182,0.523042,0.051133,0.000059,0.005063,0.067378,0.131143
AAATGTATCTTATCCC-1,0.080438,0.661174,0.086281,0.000038,0.009536,0.15854,0.003995
AAATGTGGGTGCTCCT-1,0.076732,0.336138,0.126474,0.000066,0.000719,0.372134,0.087738
AAATTAACGGGTAGCT-1,0.058748,0.480071,0.056163,0.000059,0.000109,0.174377,0.230473
AAATTAATAAGCGCGA-1,0.026808,0.094535,0.048513,0.034458,0.181406,0.305193,0.309087
AAATTACACGACTCTG-1,0.163707,0.133934,0.139343,0.00007,0.002464,0.112659,0.447823
AAATTACCTATCGATG-1,0.074794,0.099013,0.14571,0.024434,0.135833,0.339103,0.181114
AAATTCCAGGTCCAAA-1,0.040102,0.494129,0.029216,0.000044,0.100688,0.157194,0.178627
AAATTGATAGTCCTTT-1,0.283268,0.310652,0.088142,0.000046,0.159455,0.13511,0.023327
AAATTGCGGCGGTTCT-1,0.300408,0.163011,0.209005,0.01046,0.005019,0.280038,0.032059
AAATTGGTGAGAAGCA-1,0.000088,0.000176,0.013762,0.172975,0.210009,0.334182,0.268808
AAATTTACCGAAATCC-1,0.058287,0.349901,0.026227,0.000044,0.004608,0.185203,0.375732
AAATTTGCGGGTGTGG-1,0.012734,0.046766,0.014198,0.00159,0.24503,0.631828,0.047854
AACAACTGGTAGTTGC-1,0.032684,0.332833,0.141255,0.00007,0.0249,0.186152,0.282106
AACAATACATTGTCGA-1,0.087769,0.260619,0.020713,0.000033,0.000998,0.074855,0.555013
AACAATTACTCTACGC-1,0.24282,0.034689,0.13851,0.002152,0.339027,0.108163,0.13464
AACACACGCTCGCCGC-1,0.048076,0.574205,0.005498,0.00358,0.015219,0.15415,0.199272
AACACGACTGTACTGA-1,0.022486,0.036726,0.047849,0.002958,0.132494,0.238334,0.519152
AACACGAGACGCGGCC-1,0.025454,0.060785,0.014791,0.004365,0.047746,0.838309,0.00855
AACACGCGGCCGCGAA-1,0.024642,0.13316,0.00837,0.000058,0.000058,0.786384,0.047329
AACAGCTGTGTGGCAA-1,0.239045,0.404187,0.041169,0.00002,0.181583,0.015027,0.118969
AACAGGAAATCGAATA-1,0.050047,0.298216,0.187753,0.00395,0.066148,0.332373,0.061514
AACAGGATGGGCCGCG-1,0.071411,0.442469,0.10842,0.001201,0.054329,0.153703,0.168468
AACAGGTAGTATGGAT-1,0.000032,0.00366,0.061288,0.934924,0.000032,0.000032,0.000032
AACATAGCGTGTATCG-1,0.074373,0.526473,0.013987,0.001264,0.067877,0.068848,0.247178
AACATATCAACTGGTG-1,0.21427,0.562654,0.15117,0.006932,0.017122,0.044773,0.003079
AACATCGATACGTCTA-1,0.000116,0.016023,0.117537,0.000116,0.162733,0.432194,0.271282
AACATTGAAGTTGATC-1,0.142003,0.178587,0.010874,0.000967,0.43995,0.078288,0.149331
AACATTGGTCAGCCGT-1,0.056561,0.099619,0.011626,0.000095,0.000095,0.792939,0.039066
AACATTGTGACTCGAG-1,0.088699,0.827744,0.038985,0.006478,0.000027,0.03804,0.000027
AACCAAGACTTCTCTG-1,0.033896,0.360371,0.128414,0.000058,0.098943,0.369706,0.008612
AACCAGTATCACTCTT-1,0.013964,0.04802,0.210671,0.000108,0.262641,0.216235,0.248361
AACCATAGGGTTGAAC-1,0.03777,0.469559,0.066248,0.013848,0.036012,0.370316,0.006247
AACCATGGGATCGCTA-1,0.046057,0.124732,0.03647,0.000088,0.000088,0.542332,0.250232
AACCCAGAGACGGAGA-1,0.082255,0.357029,0.299517,0.000043,0.035497,0.123276,0.102384
AACCCATCCCATGATC-1,0.030386,0.175289,0.000069,0.002717,0.018466,0.516486,0.256586
AACCCGACAACCCGTG-1,0.193152,0.56333,0.030145,0.000025,0.03393,0.018228,0.161191
AACCCGAGCAGAATCG-1,0.010421,0.237672,0.076512,0.000076,0.120814,0.540614,0.01389
AACCCGATAGGGCTTC-1,0.081262,0.302603,0.075827,0.000038,0.011448,0.317437,0.211385
AACCCGCTGTATTCCA-1,0.219321,0.040372,0.034822,0.000024,0.361529,0.008569,0.335363
AACCCTACTGTCAATA-1,0.093443,0.206046,0.015239,0.015817,0.185703,0.313728,0.170024
AACCCTGGTGGAACCA-1,0.07029,0.192789,0.14613,0.00191,0.251096,0.29501,0.042774
AACCGAGCTTGGTCAT-1,0.067403,0.373386,0.098745,0.00484,0.110756,0.303115,0.041755
AACCGCTAAGGGATGC-1,0.013822,0.147368,0.021888,0.012357,0.176936,0.496577,0.131054
AACCGTTGTGTTTGCT-1,0.345799,0.288359,0.214818,0.000038,0.008744,0.021684,0.120558
AACCTAAAGCCGTCCG-1,0.11317,0.215064,0.025866,0.003538,0.000067,0.540085,0.102209
AACCTCGCTTTAGCCC-1,0.071957,0.398426,0.023535,0.000072,0.054819,0.334152,0.117038
AACCTGTCACGGAATT-1,0.000066,0.021251,0.489932,0.000066,0.149187,0.320342,0.019155
AACCTTTAAATACGGT-1,0.154037,0.66025,0.069829,0.000027,0.076029,0.010233,0.029594
AACCTTTACGACGTCT-1,0.192642,0.09321,0.02347,0.000097,0.095866,0.441078,0.153639
AACGAAAGTCGTCCCA-1,0.000118,0.000235,0.00255,0.000118,0.846691,0.070323,0.079965
AACGACCTCCTAGCCG-1,0.003581,0.064664,0.000073,0.000073,0.148444,0.676825,0.106338
AACGATAATGCCGTAG-1,0.0158,0.216877,0.016276,0.00007,0.01506,0.250563,0.485355
AACGATAGAAGGGCCG-1,0.05452,0.426954,0.059034,0.000058,0.010763,0.227018,0.221653
AACGATATGTCAACTG-1,0.169506,0.577103,0.066433,0.000033,0.000033,0.078744,0.108148
AACGCATGATCTGGGT-1,0.108125,0.32097,0.080597,0.00006,0.021829,0.223711,0.244707
AACGCGAACGGCAACA-1,0.169991,0.427542,0.119782,0.001554,0.000037,0.271988,0.009107
AACGCGACCTTGGGCG-1,0.12677,0.124,0.101788,0.017043,0.376686,0.064084,0.18963
AACGCGGTCTCCAGCC-1,0.110534,0.151445,0.177581,0.000094,0.011317,0.448929,0.1001
AACGCTGTTGCTGAAA-1,0.173024,0.455231,0.026071,0.000056,0.251195,0.090381,0.004043
AACGGACGTACGTATA-1,0.16618,0.288739,0.008415,0.001826,0.161344,0.154999,0.218498
AACGGCCATCTCCGGT-1,0.203835,0.138401,0.09003,0.000036,0.228146,0.177376,0.162176
AACGTACTGTGGGTAC-1,0.037295,0.110946,0.107374,0.000094,0.054391,0.440928,0.248972
AACGTAGTCTACCCAT-1,0.005892,0.055805,0.064422,0.000084,0.015807,0.81116,0.046831
AACGTCAGACTAGTGG-1,0.083186,0.237657,0.025435,0.000064,0.000064,0.301955,0.351638
AACGTCATCCGGCTTG-1,0.241663,0.409721,0.036511,0.000019,0.017933,0.051885,0.242268
AACGTCGCTGCACTTC-1,0.13484,0.324974,0.120659,0.030964,0.107614,0.235217,0.045732
AACGTGATGAAGGACA-1,0.007399,0.161159,0.013249,0.000071,0.000071,0.385682,0.432369
AACGTGCGAAAGTCTC-1,0.125707,0.260326,0.09726,0.000067,0.029375,0.357428,0.129838
AACGTTATCAGCACCT-1,0.281897,0.583783,0.049207,0.000038,0.002179,0.033505,0.049392
AACTACCCGTTTGTCA-1,0.014259,0.241519,0.03753,0.106035,0.053207,0.464819,0.08263
AACTAGCGTATCGCAC-1,0.199257,0.570147,0.176385,0.012919,0.000036,0.027206,0.01405
AACTAGGCTTGGGTGT-1,0.302996,0.067846,0.000542,0.000073,0.126983,0.112437,0.389124
AACTCAAGTTAATTGC-1,0.01147,0.019506,0.040791,0.010747,0.035697,0.457952,0.423838
AACTCCAGAGCGTGTT-1,0.016215,0.508142,0.021487,0.002293,0.053354,0.106696,0.291814
AACTCCTAATCCCATG-1,0.06012,0.20096,0.056007,0.000073,0.000073,0.629707,0.05306
AACTCGATAAACACGT-1,0.111615,0.208042,0.000054,0.003761,0.000054,0.65001,0.026464
AACTCGATGGCGCAGT-1,0.116821,0.332274,0.07759,0.000064,0.042377,0.419249,0.011625
AACTCTCAATAGAGCG-1,0.115023,0.33264,0.039659,0.00006,0.425692,0.018975,0.067951
AACTCTCAGTGTGCTC-1,0.010492,0.159489,0.005186,0.000066,0.000066,0.236715,0.587986
AACTGAGGTCAGCGTC-1,0.070458,0.044771,0.188737,0.00011,0.090703,0.290506,0.314716
AACTGAGTTATACTGA-1,0.040575,0.083072,0.019416,0.036728,0.646276,0.090764,0.083169
AACTGATATTAGGCCT-1,0.339478,0.378594,0.157741,0.009177,0.013358,0.081133,0.020519
AACTGGGTCCCGACGT-1,0.035035,0.066771,0.19517,0.000573,0.057934,0.279308,0.36521
AACTGGGTTCGAGCCG-1,0.127817,0.358727,0.166023,0.018077,0.00005,0.301857,0.02745
AACTGGTGTGGGCCTT-1,0.162306,0.104232,0.105563,0.005685,0.000052,0.225127,0.397034
AACTTCTGCGTCTATC-1,0.193317,0.138144,0.549606,0.073617,0.000023,0.026735,0.018558
AACTTGCCCGTATGCA-1,0.004548,0.014365,0.001665,0.102037,0.079818,0.699427,0.098141
AACTTGCGTTCTCGCG-1,0.251193,0.073823,0.060884,0.000078,0.017158,0.446774,0.15009
AACTTTACGGGAGCTT-1,0.133171,0.121067,0.346437,0.006904,0.144754,0.212903,0.034763
AACTTTAGCTGCTGAG-1,0.169123,0.308298,0.064294,0.000052,0.07046,0.099509,0.288265
AACTTTCTCGATCATG-1,0.10942,0.188738,0.078008,0.012716,0.12224,0.47282,0.016059
AAGAAAGTTTGATGGG-1,0.00555,0.086195,0.005045,0.016512,0.162655,0.474145,0.249897
AAGAAATCACCAGATT-1,0.117313,0.347597,0.339299,0.018886,0.038411,0.088876,0.049617
AAGAAGGATCAGTTAG-1,0.166691,0.351557,0.311777,0.000488,0.000033,0.128811,0.040642
AAGACATACGTGGTTT-1,0.076493,0.198187,0.028076,0.000057,0.141692,0.204354,0.351141
AAGACCAAATAACTCA-1,0.297333,0.395992,0.039908,0.000019,0.008299,0.140712,0.117736
AAGACCCAACTGAACA-1,0.254756,0.213711,0.112601,0.013582,0.000149,0.195592,0.209607
AAGACTAACCCGTTGT-1,0.179185,0.388124,0.043602,0.009503,0.000047,0.368031,0.011508
AAGACTCACGCCCACT-1,0.103745,0.384637,0.029798,0.00008,0.057895,0.293677,0.130166
AAGACTGCAAGCTACT-1,0.156628,0.229052,0.071236,0.000062,0.449636,0.000325,0.093062
AAGAGATGAATCGGTA-1,0.024562,0.068624,0.077428,0.000089,0.128261,0.58603,0.115006
AAGAGCTCTTTATCGG-1,0.000114,0.306032,0.027897,0.000114,0.046321,0.350797,0.268726
AAGAGGATGTACGCGA-1,0.020983,0.471333,0.055194,0.02026,0.090766,0.237361,0.104104
AAGAGGCATGGATCGC-1,0.020052,0.022127,0.003459,0.000063,0.042464,0.276363,0.635471
AAGAGGCCCTTTGGAA-1,0.148602,0.576228,0.02479,0.000041,0.045995,0.11026,0.094084
AAGATGGCACCGGACC-1,0.108644,0.406477,0.056279,0.002377,0.054164,0.123909,0.248151
AAGATTGGCGGAACGT-1,0.095655,0.168378,0.078904,0.000069,0.421074,0.083293,0.152627
AAGCACCCTGCGTATC-1,0.12891,0.262105,0.035442,0.005191,0.097495,0.454477,0.016381
AAGCATACTCTCCTGA-1,0.111437,0.430567,0.091689,0.000057,0.180107,0.172237,0.013907
AAGCCACTTGCAGGTA-1,0.110465,0.157582,0.165274,0.004057,0.146876,0.398062,0.017684
AAGCCGAAGCGGTTTA-1,0.085081,0.779674,0.015088,0.004806,0.005998,0.055154,0.054199
AAGCCGCCGTGAAATC-1,0.000049,0.000098,0.005656,0.000049,0.859219,0.035214,0.099715
AAGCCGCTTTACCTTG-1,0.043385,0.010877,0.064293,0.000067,0.290114,0.000067,0.591198
AAGCCGGAGAGCAGGA-1,0.02953,0.605298,0.007703,0.01609,0.040664,0.29221,0.008505
AAGCGCAGGGCTTTGA-1,0.016086,0.252913,0.017079,0.001357,0.189867,0.262048,0.26065
AAGCGGAGTGCGCGCA-1,0.000073,0.029855,0.096343,0.000073,0.066878,0.30869,0.498087
AAGCGGCGTCATGGGT-1,0.010741,0.000265,0.143159,0.008969,0.044406,0.681045,0.111415
AAGCGTCCCTCATCGA-1,0.156925,0.071747,0.075602,0.000054,0.040868,0.008007,0.646799
AAGCTAGATCGAGTAA-1,0.100496,0.084241,0.051543,0.00008,0.151281,0.324483,0.287877
AAGCTATGGATTGACC-1,0.113383,0.101594,0.152672,0.005538,0.133154,0.269663,0.223996
AAGCTCGTGCCAAGTC-1,0.102192,0.218537,0.10844,0.000066,0.00107,0.130908,0.438787
AAGCTCTTTCATGGTG-1,0.029557,0.847612,0.107464,0.003063,0.008481,0.003469,0.000354
AAGGAGAACTTATAAG-1,0.123722,0.385983,0.177721,0.005573,0.13667,0.033573,0.136758
AAGGAGCGGTTGGTGC-1,0.093088,0.067662,0.066449,0.023612,0.124623,0.604881,0.019685
AAGGATCGATCGCTTG-1,0.109889,0.444994,0.178217,0.005218,0.125815,0.128927,0.00694
AAGGATGAGGGACCTC-1,0.169857,0.592021,0.062056,0.000056,0.009867,0.133518,0.032626
AAGGCAGGCTGTCTCC-1,0.010922,0.411572,0.00601,0.000075,0.123283,0.402879,0.045257
AAGGCGCGTAAAGCTT-1,0.253747,0.193136,0.03948,0.000057,0.000057,0.320106,0.193416
AAGGCTGTGCTCATCG-1,0.246178,0.597893,0.076609,0.000041,0.000041,0.060449,0.018788
AAGGGAACGACTGGCT-1,0.090366,0.171291,0.018441,0.015452,0.136181,0.44804,0.120229
AAGGGACAGATTCTGT-1,0.238438,0.292676,0.042777,0.004719,0.046184,0.37083,0.004376
AAGGGACTATGCATTC-1,0.062689,0.056482,0.054192,0.021285,0.290737,0.404132,0.110482
AAGGGTTAGCCATGCG-1,0.015963,0.49696,0.015581,0.000065,0.180168,0.291199,0.000065
AAGGGTTTGATTTCAG-1,0.043981,0.219971,0.143737,0.003736,0.015767,0.03029,0.542518
AAGGTATCCTAATATA-1,0.18083,0.480159,0.136333,0.062404,0.009232,0.087376,0.043666
AAGGTGATAAACCAGC-1,0.053592,0.700815,0.046523,0.008136,0.019525,0.171366,0.000042
AAGTAAGCTTCCAAAC-1,0.067701,0.166352,0.045384,0.004732,0.000042,0.492833,0.222956
AAGTAGAAGACCGGGT-1,0.079332,0.229173,0.000815,0.011848,0.01979,0.583216,0.075826
AAGTAGTGACGCGAGG-1,0.037343,0.132839,0.016725,0.026862,0.00008,0.469182,0.316969
AAGTCAATTGTCGTCA-1,0.178906,0.644882,0.153877,0.002634,0.008405,0.010835,0.000461
AAGTCTAGTAGCTGCC-1,0.000096,0.033553,0.029116,0.000096,0.103161,0.532369,0.301608
AAGTCTTCTGTGGCCT-1,0.084574,0.294993,0.031551,0.006891,0.404271,0.163063,0.014656
AAGTGACGACCGAATT-1,0.012357,0.005199,0.877416,0.000027,0.058522,0.012474,0.034005
AAGTGAGTCGGGTTTA-1,0.076932,0.320519,0.075466,0.000069,0.104817,0.347179,0.075019
AAGTGCAAAGGTAGAC-1,0.021286,0.440573,0.06323,0.000041,0.088756,0.226368,0.159745
AAGTGCCTTGACTGTA-1,0.020007,0.069083,0.000126,0.007935,0.040425,0.810472,0.051951
AAGTGCGTTAGAATCT-1,0.048525,0.034366,0.024521,0.135632,0.404029,0.123962,0.228964
AAGTGCTTCTCTATTG-1,0.092711,0.374332,0.10637,0.001596,0.336448,0.013251,0.075292
AAGTGTTTGGAGACGG-1,0.000048,0.00543,0.000048,0.000048,0.812425,0.000048,0.181954
AAGTTCACTCCAAGCT-1,0.026263,0.542751,0.034282,0.000076,0.0156,0.296823,0.084204
AAGTTCAGTCTGCGTA-1,0.000989,0.000119,0.846862,0.00006,0.047742,0.101288,0.002941
AAGTTCGGCCAACAGG-1,0.24616,0.274293,0.083334,0.00003,0.061376,0.079561,0.255247
AAGTTGTGATGTTATA-1,0.130096,0.679523,0.04485,0.000034,0.010985,0.119145,0.015365
AAGTTTACTAATGGCA-1,0.145483,0.247503,0.082205,0.000061,0.015253,0.422318,0.087177
AAGTTTATGGGCCCAA-1,0.044624,0.17018,0.074803,0.005216,0.272776,0.210975,0.221427
AATAACAACGCTCGGC-1,0.000017,0.000033,0.915635,0.000017,0.058873,0.000017,0.025409
AATAACACTAGAACAA-1,0.297789,0.274349,0.250104,0.008535,0.005293,0.145107,0.018823
AATAACGTCGCGCCCA-1,0.029645,0.018646,0.001483,0.000059,0.299707,0.62463,0.02583
AATAAGTCCTCGAGAC-1,0.125013,0.376115,0.048321,0.017539,0.000042,0.16601,0.26696
AATAATCTTCGTATCG-1,0.063465,0.074433,0.36827,0.022955,0.239835,0.003954,0.227087
AATACAATGTTTCAGG-1,0.121743,0.768705,0.015387,0.000049,0.000049,0.05555,0.038516
AATACCGGAGGGCTGT-1,0.044037,0.400611,0.033199,0.00004,0.042757,0.077842,0.401515
AATACCTGATGTGAAC-1,0.001863,0.005646,0.004215,0.044538,0.285602,0.610438,0.047698
AATAGAACAGAGTGGC-1,0.159657,0.167515,0.537315,0.028022,0.000026,0.067992,0.039473
AATAGAATCTGTTTCA-1,0.11422,0.475661,0.022488,0.000051,0.077129,0.205038,0.105412
AATAGCAAGCCTCCTG-1,0.028172,0.067557,0.020984,0.000113,0.062774,0.073523,0.746877
AATAGCTACCGCGTGC-1,0.000157,0.048469,0.019861,0.036139,0.335736,0.520548,0.039089
AATAGGCACGACCCTT-1,0.252611,0.465403,0.022092,0.019117,0.049012,0.139682,0.052085
AATAGTCCGTCCCGAC-1,0.376262,0.243462,0.0181,0.000068,0.133414,0.144232,0.084463
AATAGTCGCGAGTCGG-1,0.192899,0.344684,0.31196,0.001846,0.074581,0.072109,0.001921
AATATCAAGGTCGGAT-1,0.14905,0.241561,0.235709,0.000057,0.015396,0.257565,0.100663
AATATCCTAGCAAACT-1,0.188867,0.332723,0.027187,0.014732,0.018849,0.392163,0.025479
AATATCGAATCAATGC-1,0.078862,0.578002,0.042844,0.000049,0.010156,0.142662,0.147424
AATATCGAGGGTTCTC-1,0.070572,0.31664,0.037546,0.000116,0.049063,0.451747,0.074315
AATATTGGAGTATTGA-1,0.255528,0.289054,0.00096,0.00007,0.265086,0.167709,0.021593
AATCAGACTGCAGGAC-1,0.20668,0.336114,0.090466,0.004898,0.00256,0.349431,0.009852
AATCAGGTTTCATTTA-1,0.014325,0.3964,0.078086,0.002597,0.069992,0.118129,0.32047
AATCATGTAAAGACTC-1,0.014594,0.091718,0.010072,0.002318,0.308215,0.080816,0.492267
AATCCAAGGGCCTGAG-1,0.091674,0.216978,0.051082,0.060694,0.032515,0.36796,0.179097
AATCCATGCAAGGGTG-1,0.123161,0.435167,0.023683,0.002214,0.165542,0.197586,0.052648
AATCCCGCTCAGAGCC-1,0.007861,0.000931,0.032858,0.000051,0.439027,0.358027,0.161246
AATCGAGGTCTCAAGG-1,0.020583,0.336712,0.015322,0.003061,0.344607,0.209661,0.070055
AATCGCCTCAGCGCCA-1,0.080112,0.410606,0.03245,0.000047,0.132959,0.034878,0.308948
AATCGCGCAGAGGACT-1,0.030106,0.268045,0.018608,0.000065,0.021831,0.524096,0.137249
AATCGGGACACTACGA-1,0.225094,0.209649,0.046023,0.011576,0.027607,0.340073,0.139979
AATCGGTATAGCCCTC-1,0.068801,0.11962,0.01802,0.000049,0.460667,0.093606,0.239236
AATCGTGAGCCGAGCA-1,0.079071,0.614667,0.071015,0.007249,0.092196,0.112061,0.023741
AATCTAGGTTTACTTG-1,0.110042,0.53366,0.038675,0.000755,0.001875,0.163682,0.151311
AATCTATGCCGGAGCC-1,0.093591,0.485483,0.131232,0.000071,0.033675,0.183674,0.072274
AATCTCTACTGTGGTT-1,0.043301,0.222271,0.095563,0.000056,0.018362,0.241692,0.378755
AATCTGCGTTGGGACG-1,0.160822,0.308811,0.118128,0.000065,0.103902,0.159631,0.148642
AATCTGGCTTTCTAGT-1,0.000095,0.000189,0.000095,0.023724,0.305927,0.500392,0.169579
AATCTGGGTAGACCCT-1,0.044147,0.169651,0.076513,0.000112,0.000112,0.554525,0.154941
AATGACAGCAATGTCT-1,0.060459,0.142011,0.001931,0.000073,0.028263,0.545868,0.221395
AATGACGTAGGATGTC-1,0.075154,0.258466,0.277033,0.069479,0.124985,0.175409,0.019475
AATGACTGTCAGCCGG-1,0.286192,0.1556,0.016842,0.004637,0.000048,0.340328,0.196353
AATGAGTTCGCATATG-1,0.461311,0.343652,0.095408,0.000043,0.006447,0.064071,0.029067
AATGATGATACGCTAT-1,0.035313,0.339235,0.000999,0.000102,0.04329,0.564842,0.016219
AATGATGCGACTCCTG-1,0.26512,0.220672,0.081503,0.000079,0.039367,0.293549,0.09971
AATGCAACCGGGTACC-1,0.037227,0.773021,0.043216,0.003654,0.00004,0.119457,0.023386
AATGCACCAAGCAATG-1,0.235658,0.155696,0.040709,0.010818,0.184611,0.327588,0.04492
AATGGCCGCCAATGCG-1,0.090804,0.351943,0.045707,0.024372,0.104594,0.308745,0.073836
AATGGTCCACCGTTCA-1,0.129036,0.459274,0.242987,0.000043,0.041546,0.084292,0.042823
AATGGTTCTCACAAGC-1,0.127981,0.225768,0.064709,0.000071,0.10554,0.302903,0.173027
AATGTATGGCACTGTA-1,0.200856,0.362481,0.243996,0.000035,0.001971,0.13001,0.060649
AATGTGCCCGAGGTGT-1,0.029837,0.087864,0.151329,0.001298,0.000171,0.484335,0.245167
AATGTGCTAATCTGAG-1,0.092766,0.170083,0.151501,0.000047,0.031178,0.30075,0.253675
AATGTTAAGACCCTGA-1,0.049298,0.738527,0.017869,0.002217,0.11159,0.078445,0.002054
AATGTTGTCGTGAGAC-1,0.108,0.317261,0.104985,0.010471,0.072744,0.329031,0.057508
AATTAAAGGTCGGCGT-1,0.171473,0.169943,0.145194,0.000079,0.099828,0.301998,0.111485
AATTAACGGATTTCCA-1,0.294146,0.454262,0.041919,0.000046,0.045201,0.156809,0.007616
AATTACGAGACCCATC-1,0.124052,0.425037,0.023371,0.002908,0.06546,0.22264,0.136531
AATTACTCGTACGCTC-1,0.000098,0.066835,0.014577,0.008564,0.000098,0.909719,0.000109
AATTAGCGCTGCAGCG-1,0.029668,0.012396,0.016723,0.008998,0.081025,0.688873,0.162316
AATTATACCCAGCAAG-1,0.028881,0.620198,0.033123,0.009469,0.148475,0.115685,0.044169
AATTCATAAGGGATCT-1,0.000062,0.008077,0.147122,0.000062,0.000062,0.224749,0.619866
AATTCATTGTCATGCA-1,0.221244,0.470922,0.060729,0.000032,0.006234,0.100918,0.139923
AATTCCAACTTGGTGA-1,0.006122,0.365175,0.04156,0.035334,0.000057,0.512522,0.03923
AATTCCAAGCATGTAC-1,0.078697,0.238554,0.063518,0.031269,0.062457,0.161653,0.363852
AATTCGATTCGAGGAT-1,0.129264,0.099538,0.102361,0.021185,0.163476,0.363404,0.120771
AATTCTAGAGTTAGGC-1,0.117251,0.382462,0.048388,0.005942,0.273103,0.086686,0.086169
AATTGAACGCTCTGGT-1,0.139189,0.558087,0.034934,0.00355,0.068136,0.037234,0.15887
AATTGCAGCAATCGAC-1,0.070807,0.579299,0.03403,0.000046,0.117753,0.132839,0.065225
AATTGCGTGGATTACA-1,0.104575,0.669196,0.034511,0.003099,0.037562,0.095844,0.055211
AATTGTGGTTGCCAAA-1,0.166149,0.375956,0.044849,0.000038,0.249816,0.130141,0.03305
AATTTGGGACATAGTA-1,0.161573,0.144868,0.045398,0.011154,0.027599,0.531396,0.078013
AATTTGGTTCCAAAGA-1,0.142282,0.095638,0.483419,0.010625,0.04184,0.072761,0.153434
ACAAACCATGCGTCCT-1,0.052622,0.472775,0.031534,0.000043,0.008753,0.380088,0.054184
ACAAACCGACAAGGCG-1,0.041645,0.277217,0.100118,0.000095,0.001975,0.416121,0.162828
ACAAACTCCATCAGAG-1,0.000038,0.006933,0.000038,0.000038,0.823066,0.045264,0.124625
ACAAAGAAGGTAGGCC-1,0.149558,0.555687,0.122172,0.000025,0.005707,0.152399,0.014451
ACAAAGCATGACCTAG-1,0.023204,0.126905,0.026659,0.000043,0.297923,0.405902,0.119364
ACAAATCGCACCGAAT-1,0.049774,0.644197,0.094882,0.004579,0.018263,0.033865,0.154439
ACAAATGGTAGTGTTT-1,0.069176,0.108961,0.059042,0.023482,0.255833,0.050582,0.432923
ACAAATTCAGATCTGA-1,0.109404,0.592708,0.106556,0.000048,0.044189,0.121111,0.025984
ACAACAGCATGAGCTA-1,0.054339,0.504488,0.23545,0.000034,0.035458,0.039151,0.131079
ACAACGGTCCCTGCGA-1,0.189917,0.509782,0.084659,0.014017,0.000034,0.033281,0.16831
ACAAGCAGTGCCTAGC-1,0.126127,0.318999,0.038703,0.009692,0.01023,0.211192,0.285056
ACAAGCTATATGGAAG-1,0.053044,0.427385,0.072714,0.000043,0.122617,0.255687,0.068511
ACAAGGAAATCCGCCC-1,0.125192,0.277966,0.120966,0.000049,0.052546,0.235086,0.188196
ACAAGGACAAGAGGTT-1,0.153884,0.210329,0.078396,0.006885,0.008242,0.324569,0.217696
ACAAGGATGCTTTAGG-1,0.036754,0.311136,0.025143,0.00459,0.065279,0.472992,0.084106
ACAAGGCCTACCAGCC-1,0.045144,0.028903,0.080214,0.000125,0.236127,0.583822,0.025664
ACAAGGGCAGGCTCTG-1,0.007722,0.367131,0.015036,0.032366,0.195432,0.199376,0.182938
ACAAGTAATTGTAAGG-1,0.224613,0.440338,0.111884,0.002348,0.123378,0.037258,0.060181
ACAATAGTCGTACGTT-1,0.025008,0.057577,0.034447,0.000075,0.160505,0.468506,0.253882
ACAATCCATTTAAACC-1,0.104858,0.71821,0.158312,0.000021,0.000021,0.017465,0.001112
ACAATCGATCTTTATA-1,0.102495,0.378552,0.048894,0.000068,0.000068,0.321446,0.148476
ACAATGAATACGGAGA-1,0.259288,0.3491,0.177203,0.006353,0.037239,0.136033,0.034784
ACAATGATTCTTCTAC-1,0.000131,0.000262,0.000131,0.000131,0.22135,0.000131,0.777865
ACAATTGTGTCTCTTT-1,0.039999,0.231184,0.004239,0.000071,0.150019,0.315922,0.258566
ACAATTTAGGAGGCTC-1,0.095691,0.242654,0.030195,0.012118,0.000055,0.313935,0.305352
ACAATTTGAGCAGTGG-1,0.048882,0.060312,0.339853,0.000088,0.097839,0.311672,0.141354
ACAATTTGGCCATATT-1,0.029043,0.296137,0.013218,0.000042,0.121501,0.054062,0.485997
ACACAAAGACGGGTGG-1,0.090039,0.138149,0.0967,0.000064,0.010665,0.532318,0.132064
ACACAAATATTCCTAG-1,0.127385,0.165261,0.187296,0.000038,0.422347,0.05844,0.039234
ACACACCAGGACCAGT-1,0.091658,0.307151,0.016327,0.000082,0.098705,0.245502,0.240575
ACACACTTTCTACACG-1,0.253376,0.133573,0.309203,0.000056,0.102029,0.015071,0.186693
ACACATGATCAAATCT-1,0.178691,0.442993,0.047736,0.064983,0.052909,0.111304,0.101385
ACACATTGACGCAACA-1,0.041498,0.710922,0.136059,0.003966,0.005228,0.077482,0.024847
ACACATTTCCGTAGAC-1,0.065678,0.421866,0.069937,0.006484,0.16338,0.022252,0.250403
ACACCACATAATTAGC-1,0.088172,0.447178,0.186644,0.014378,0.076327,0.12566,0.061641
ACACCCAGCATGCAGC-1,0.029975,0.604942,0.091677,0.000045,0.000045,0.142525,0.130792
ACACCCGAGAAATCCG-1,0.004356,0.185628,0.039536,0.000065,0.081775,0.409447,0.279193
ACACCCGTAAATCTGT-1,0.116042,0.10108,0.505487,0.005472,0.13958,0.013952,0.118388
ACACCGAGCGCTCTTT-1,0.179051,0.118338,0.18749,0.000069,0.006873,0.347003,0.161177
ACACCGGTCTGACCGC-1,0.028334,0.182949,0.017429,0.054347,0.011284,0.507557,0.198099
ACACCTTAAGTAGGGC-1,0.000084,0.000743,0.641423,0.000084,0.000084,0.268329,0.089253
ACACCTTACTACTTGC-1,0.130551,0.672678,0.062194,0.004987,0.021666,0.101204,0.00672
ACACGAGACTCCTTCT-1,0.034414,0.210029,0.033295,0.000089,0.023778,0.329513,0.368882
ACACGGCACTATGCAT-1,0.076638,0.046573,0.252225,0.002946,0.263895,0.070071,0.287651
ACACGGGAACTTAGGG-1,0.110088,0.427421,0.150286,0.000063,0.003705,0.145157,0.16328
ACACGTAGGCCACAAG-1,0.141804,0.689331,0.0397,0.027709,0.00318,0.091893,0.006384
ACACTCCAATGTCACT-1,0.082145,0.517766,0.131377,0.000039,0.000039,0.234197,0.034437
ACACTGATCAAGGTGT-1,0.063691,0.630239,0.027176,0.027422,0.000062,0.224603,0.026807
ACACTGGGACAGTCGT-1,0.01367,0.673912,0.014136,0.004206,0.01588,0.170129,0.108066
ACAGAACTGAGAACAA-1,0.077576,0.075622,0.003131,0.000049,0.11546,0.413393,0.314769
ACAGATTAGGTTAGTG-1,0.064153,0.406421,0.055058,0.009291,0.000046,0.188331,0.2767
ACAGCATAGAGCCAGT-1,0.196691,0.066597,0.107329,0.000086,0.002515,0.237718,0.389065
ACAGCGACATTCTCAT-1,0.268524,0.320859,0.014183,0.000089,0.083489,0.163467,0.149391
ACAGCGCACCCGCAGC-1,0.008168,0.073694,0.109874,0.000092,0.055103,0.481608,0.271461
ACAGGAGGCGCAGCCG-1,0.068333,0.379612,0.033116,0.015284,0.03793,0.443292,0.022433
ACAGGCACGGATCCTT-1,0.013178,0.293959,0.021748,0.00812,0.046719,0.291073,0.325203
ACAGGCTTGCCCGACT-1,0.233351,0.351956,0.025448,0.000061,0.085088,0.250471,0.053625
ACAGGTGGAGGTGAGG-1,0.069349,0.453326,0.110359,0.006923,0.000033,0.110875,0.249134
ACAGGTGTGTTGTTGC-1,0.049983,0.217864,0.024874,0.014779,0.298993,0.282992,0.110515
ACAGTAATACAACTTG-1,0.027359,0.065167,0.094878,0.015785,0.053601,0.517224,0.225986
ACAGTATACCGTGGGA-1,0.0344,0.150961,0.193278,0.045695,0.34861,0.087678,0.139378
ACAGTGCAGCGCATTT-1,0.162265,0.156267,0.034947,0.000077,0.006357,0.45337,0.186718
ACATAAGTCGTGGTGA-1,0.006513,0.110157,0.024613,0.000061,0.216198,0.270962,0.371495
ACATAATAAGGCGGTG-1,0.049243,0.660299,0.144897,0.000036,0.003915,0.061199,0.08041
ACATACAATCAAGCGG-1,0.000303,0.065528,0.000069,0.008392,0.201391,0.696675,0.027641
ACATCAGCTGGGACGC-1,0.02489,0.265896,0.162199,0.017237,0.049409,0.286221,0.194149
ACATCCCGGCCATACG-1,0.266258,0.268747,0.144891,0.000062,0.012756,0.22686,0.080427
ACATCCTGGTAACTGT-1,0.041564,0.094912,0.001186,0.021471,0.077899,0.675599,0.08737
ACATCGATCGTTTACC-1,0.241662,0.50906,0.068493,0.000041,0.005372,0.02375,0.151621
ACATCGCAATATTCGG-1,0.004512,0.031938,0.075654,0.123067,0.249488,0.355379,0.159961
ACATCGGTCAGCCGCG-1,0.23232,0.671681,0.052203,0.000037,0.000455,0.035641,0.007663
ACATCGTATGCAATGG-1,0.028833,0.792778,0.04745,0.017516,0.012638,0.035484,0.065301
ACATCGTTAACCTAGT-1,0.058768,0.539743,0.142076,0.000045,0.041329,0.087428,0.13061
ACATCTCAACGCGTAA-1,0.148437,0.204631,0.040287,0.007,0.022861,0.465053,0.11173
ACATGCTTACGGCAGC-1,0.022502,0.105933,0.017854,0.003158,0.208427,0.527385,0.11474
ACATGGCGCCAAAGTA-1,0.004852,0.046383,0.003345,0.000049,0.527539,0.235472,0.18236
ACATGGCTCAATTTAG-1,0.016043,0.591123,0.163936,0.000054,0.000054,0.172843,0.055945
ACATTAGTTTATATCC-1,0.105511,0.285856,0.091544,0.000089,0.08531,0.208242,0.223447
ACATTCGCGCGGAATA-1,0.101148,0.307751,0.222743,0.005979,0.296374,0.059,0.007004
ACATTTGAAACCTAAC-1,0.015576,0.064505,0.081826,0.018984,0.705109,0.109869,0.004131
ACCAAACACCCAGCGA-1,0.000082,0.000165,0.000082,0.000083,0.925722,0.003128,0.070737
ACCAAACTAGAAATCC-1,0.055658,0.307703,0.063269,0.000041,0.000041,0.349234,0.224053
ACCAACACCACACACT-1,0.00006,0.004094,0.068232,0.210329,0.31839,0.360925,0.037968
ACCAACCGCACTCCAC-1,0.048181,0.200843,0.0065,0.007877,0.21354,0.328364,0.194695
ACCAACGCTTATTTAT-1,0.020722,0.445765,0.070699,0.008187,0.024799,0.290895,0.138933
ACCAAGAACGCGTGTC-1,0.041488,0.857977,0.096404,0.001181,0.002728,0.000204,0.000018
ACCAAGTCATCGGCAG-1,0.078434,0.350698,0.088681,0.000048,0.064089,0.171315,0.246734
ACCAATATGCAAGTTA-1,0.033805,0.431126,0.019949,0.000057,0.28883,0.088532,0.137699
ACCACAACTCAGAACA-1,0.045243,0.598942,0.070692,0.006029,0.000045,0.244835,0.034213
ACCACAAGTTTCTATC-1,0.026791,0.607658,0.164779,0.000061,0.000061,0.141132,0.059517
ACCACACGGTTGATGG-1,0.034689,0.200864,0.01324,0.180957,0.423056,0.144192,0.003002
ACCACCAATGTAACAA-1,0.072049,0.705662,0.025035,0.000037,0.007818,0.169293,0.020106
ACCACCCTCTCTTCTA-1,0.126575,0.409281,0.096637,0.000053,0.086808,0.143005,0.137641
ACCACGTGCAGCTATA-1,0.094481,0.216657,0.350712,0.008245,0.071932,0.088652,0.16932
ACCACTGTTCAAGAAG-1,0.007409,0.037872,0.036118,0.000085,0.109615,0.420469,0.388431
ACCAGACCATAACAAC-1,0.082493,0.290805,0.063193,0.000099,0.205764,0.216725,0.140922
ACCAGCCCGGTCTTTG-1,0.142713,0.430068,0.201365,0.000057,0.000057,0.181378,0.044361
ACCAGGAGTGTGATCT-1,0.048868,0.297999,0.152886,0.000079,0.000079,0.238827,0.261262
ACCAGTGCCCGGTCAA-1,0.007574,0.190073,0.21275,0.005482,0.027881,0.531909,0.024331
ACCAGTGCGGGAGACG-1,0.051316,0.140325,0.017675,0.000094,0.201543,0.547146,0.041901
ACCATATCCGCAATAA-1,0.112174,0.59217,0.076074,0.000035,0.050393,0.015733,0.153422
ACCATCCGCCAACTAG-1,0.082228,0.329503,0.056309,0.021059,0.02346,0.463159,0.024281
ACCATCGTATATGGTA-1,0.046265,0.260211,0.059004,0.007391,0.000127,0.25157,0.375433
ACCATTAAGGGTGTCA-1,0.116869,0.110263,0.292047,0.00291,0.019885,0.435993,0.022033
ACCCAACGCCCGTGGC-1,0.166392,0.632631,0.027067,0.039244,0.02104,0.108132,0.005495
ACCCACCTACATGCTC-1,0.115792,0.398363,0.099979,0.000052,0.024189,0.324186,0.03744
ACCCATCTTGAGGGTA-1,0.018436,0.661156,0.048897,0.005139,0.211469,0.041522,0.013383
ACCCATTTGTCCCTCT-1,0.172486,0.458872,0.086804,0.000054,0.043769,0.153242,0.084773
ACCCGAGCGAAATTAC-1,0.120924,0.154623,0.024203,0.016853,0.157304,0.303057,0.223036
ACCCGATTGGTTCCGA-1,0.14024,0.084024,0.04817,0.010271,0.145337,0.000039,0.57192
ACCCGGAAACTCCCAG-1,0.17859,0.671921,0.045433,0.006086,0.000025,0.018797,0.079148
ACCCGGAGCACCACAA-1,0.021273,0.287479,0.009306,0.000048,0.281097,0.335797,0.065
ACCCGGATGACGCATC-1,0.074116,0.409086,0.011015,0.00006,0.099517,0.342691,0.063515
ACCCGGTTACACTTCC-1,0.233222,0.302751,0.023794,0.00008,0.103551,0.305044,0.031558
ACCCGTAGCAGAGAAT-1,0.061226,0.379306,0.023532,0.306766,0.117562,0.068527,0.043082
ACCCGTAGTCTAGTTG-1,0.213157,0.577512,0.068562,0.003326,0.042472,0.006797,0.088174
ACCCGTGTCATCAGTA-1,0.221295,0.38038,0.138756,0.000052,0.023263,0.171309,0.064944
ACCCTATAGGACTGAG-1,0.132641,0.07198,0.032445,0.000064,0.000064,0.366278,0.396527
ACCCTATGCCATATCG-1,0.239342,0.408471,0.174712,0.010199,0.063601,0.055126,0.04855
ACCCTCCCGTCAGGGC-1,0.099499,0.479366,0.155937,0.000024,0.099587,0.106528,0.05906
ACCCTCCCTTGCTATT-1,0.143771,0.456125,0.052962,0.000069,0.231887,0.059818,0.055368
ACCCTGGTAACGCCCT-1,0.109581,0.263899,0.058331,0.033579,0.093924,0.267067,0.173619
ACCCTTCATCTGCGAA-1,0.008343,0.198218,0.152018,0.009868,0.157658,0.32104,0.152855
ACCCTTGCCTGGGTCG-1,0.000083,0.000165,0.067555,0.030727,0.801216,0.038247,0.062006
ACCCTTTAGTTCTCCA-1,0.000141,0.178587,0.028145,0.000141,0.105803,0.563,0.124182
ACCGAAAGGGCCCTGC-1,0.10523,0.478221,0.116727,0.005378,0.04517,0.176581,0.072692
ACCGAAGAGTCTGGTT-1,0.078312,0.560489,0.059075,0.000034,0.003443,0.119885,0.178761
ACCGACACATCTCCCA-1,0.16396,0.493702,0.131876,0.000033,0.032584,0.115146,0.062699
ACCGACTGAGTCCCAC-1,0.025916,0.58713,0.061119,0.000058,0.038352,0.185948,0.101477
ACCGAGTCTCCTTATT-1,0.054928,0.031102,0.002232,0.009939,0.251672,0.178643,0.471483
ACCGATAGGCATAACC-1,0.01071,0.207767,0.03648,0.000072,0.133661,0.475879,0.135431
ACCGATATTTAATCAT-1,0.050959,0.749526,0.019118,0.000043,0.174774,0.005537,0.000043
ACCGATGGTAGCATCG-1,0.264802,0.431951,0.148582,0.003308,0.018788,0.119784,0.012784
ACCGCAATAACTGCCT-1,0.100536,0.130525,0.011166,0.000066,0.297595,0.363309,0.096802
ACCGCGGTGGAAGTCG-1,0.005289,0.117601,0.000112,0.000112,0.078306,0.649626,0.148955
ACCGCTAGTCATTGGT-1,0.01603,0.229603,0.052911,0.002834,0.409969,0.262764,0.025889
ACCGGGCCTTTGTTGA-1,0.01671,0.527702,0.046864,0.016587,0.051281,0.316332,0.024524
ACCGGTCAGGTACACC-1,0.140695,0.728,0.039594,0.000026,0.033152,0.04671,0.011822
ACCGGTCTGAGTACGG-1,0.019152,0.091553,0.23846,0.000142,0.021376,0.467828,0.161489
ACCGTCCACTGGGCCC-1,0.132526,0.581815,0.035301,0.000024,0.003108,0.178424,0.068801
ACCGTGACCACGTGGG-1,0.074833,0.332854,0.062447,0.003182,0.090236,0.237591,0.198856
ACCGTTCCCGCTCTGA-1,0.328515,0.222368,0.192241,0.000612,0.000055,0.200782,0.055428
ACCTAAGTACCTTTCA-1,0.20317,0.290288,0.016384,0.012833,0.064661,0.388039,0.024625
ACCTAATCGACTTCCT-1,0.197446,0.317466,0.32389,0.029894,0.051325,0.05007,0.029909
ACCTACAGTATGTGGT-1,0.038694,0.45788,0.034055,0.022065,0.040514,0.282339,0.124453
ACCTACTATAAATCTA-1,0.040144,0.083692,0.047603,0.006901,0.089095,0.22779,0.504776
ACCTCAGCGAGGCGCA-1,0.000047,0.000095,0.000047,0.000047,0.024601,0.000047,0.975115
ACCTCCGCCCTCGCTG-1,0.013596,0.525692,0.016691,0.007701,0.168036,0.155614,0.11267
ACCTCCGTTATTCACC-1,0.10274,0.65742,0.033813,0.004959,0.042413,0.077735,0.080919
ACCTCGAACTTATGCT-1,0.133272,0.400524,0.047776,0.001669,0.013427,0.111593,0.29174
ACCTGCGTGTCATGTT-1,0.178236,0.126951,0.000094,0.007728,0.000094,0.686802,0.000094
ACCTTTCCTTTAGAAG-1,0.015051,0.156541,0.000108,0.008747,0.081091,0.712904,0.025557
ACGAAATGGGCGGCAC-1,0.033009,0.117223,0.078474,0.000062,0.03902,0.191923,0.54029
ACGACCCATGAGTTGC-1,0.013354,0.225675,0.009572,0.000069,0.338623,0.412638,0.000069
ACGACTCTAGGGCCGA-1,0.037266,0.592346,0.01937,0.002308,0.115738,0.205274,0.027698
ACGACTGGTCATACTC-1,0.060952,0.089105,0.224886,0.015179,0.079155,0.160852,0.36987
ACGAGAACCCATCACG-1,0.000075,0.000149,0.015284,0.016382,0.044276,0.696589,0.227245
ACGAGATATTTGCTTA-1,0.289809,0.23541,0.003225,0.000095,0.025717,0.083294,0.36245
ACGAGGATACCACTCT-1,0.208895,0.409579,0.004772,0.00619,0.033422,0.286387,0.050756
ACGAGGTTTACAACGT-1,0.221536,0.249751,0.00786,0.011434,0.000025,0.002651,0.506744
ACGAGTACGGATGCCC-1,0.217367,0.041262,0.005111,0.00469,0.032725,0.583082,0.115763
ACGAGTCGCCGGCGTT-1,0.000085,0.000171,0.000085,0.016296,0.000085,0.9376,0.045678
ACGATACATAGAACTA-1,0.025025,0.262856,0.130564,0.000269,0.0001,0.27492,0.306266
ACGATACCTATCCTGA-1,0.012381,0.120696,0.069997,0.005711,0.639466,0.102643,0.049106
ACGATCATACATAGAG-1,0.09941,0.638877,0.093268,0.005478,0.000042,0.036822,0.126103
ACGATCATCTTGTAAA-1,0.006569,0.09101,0.014091,0.000098,0.112544,0.496084,0.279604
ACGATGCATATGTTAT-1,0.061527,0.532471,0.097778,0.000074,0.139516,0.109324,0.05931
ACGATGGATCCGATGC-1,0.063167,0.048539,0.053641,0.000065,0.356561,0.097066,0.380962
ACGCAAACTAATAGAT-1,0.175164,0.433386,0.034768,0.00051,0.053693,0.203518,0.098961
ACGCAATCACTACAGC-1,0.070141,0.490536,0.314934,0.003102,0.043575,0.062578,0.015135
ACGCATAAATGACATG-1,0.139979,0.324125,0.118845,0.000049,0.010261,0.17918,0.227561
ACGCATACGTTTACTA-1,0.043893,0.118985,0.000121,0.000121,0.230221,0.538818,0.067842
ACGCATTCGTGAGTAC-1,0.190382,0.367997,0.021962,0.002833,0.050732,0.139771,0.226323
ACGCCACTCGAAACAG-1,0.028344,0.065916,0.04642,0.229895,0.309804,0.122121,0.1975
ACGCCAGATGATTTCT-1,0.244605,0.118738,0.291719,0.002308,0.174759,0.012083,0.155788
ACGCCAGTGCGTTTGC-1,0.102964,0.036148,0.004557,0.033388,0.290855,0.372224,0.159864
ACGCCCAGCTGTCGAT-1,0.175318,0.214624,0.069002,0.009333,0.000086,0.444206,0.08743
ACGCCGCTAGACGACC-1,0.038133,0.058595,0.038959,0.000089,0.145923,0.573475,0.144827
ACGCCTGACACGCGCT-1,0.038093,0.010305,0.002731,0.000043,0.211873,0.447781,0.289175
ACGCGAAGTCAGACGA-1,0.010148,0.256255,0.046785,0.00006,0.000205,0.172705,0.513844
ACGCGCTACACAGGGT-1,0.15754,0.310079,0.056493,0.000055,0.006386,0.318848,0.1506
ACGCGGGCCAAGGACA-1,0.000059,0.000119,0.000059,0.000059,0.40713,0.000059,0.592514
ACGCGTTTCTTAAGAG-1,0.077219,0.136858,0.011449,0.01253,0.694089,0.014901,0.052954
ACGCTACTGAATGGGC-1,0.033935,0.242453,0.069612,0.000097,0.116382,0.537424,0.000097
ACGCTAGTATCAGTGC-1,0.202958,0.300765,0.134474,0.016486,0.063263,0.242663,0.039391
ACGCTAGTGATACACT-1,0.01487,0.586502,0.101011,0.002166,0.126763,0.124621,0.044067
ACGCTGTGAGGCGTAG-1,0.091179,0.163574,0.053978,0.000063,0.481801,0.121237,0.088167
ACGCTTAGTGTCTCTC-1,0.130546,0.061368,0.651992,0.045606,0.000078,0.06792,0.04249
ACGGAACACGAGTGCC-1,0.223005,0.005143,0.044406,0.001473,0.289406,0.258751,0.177816
ACGGAATTTAGCAAAT-1,0.054129,0.413363,0.098542,0.00004,0.008348,0.223016,0.202562
