Barcode,Topic 1,Topic 2,Topic 3to4,Topic 5,Topic 6to8
AAACAAGTATCTCCCA-1,0.363887,0.084617,0.331668,0.035475,0.184353
AAACACCAATAACTGC-1,0.149808,0.052436,0.142593,0.008323,0.64684
AAACAGAGCGACTCCT-1,0.124297,0.019544,0.13897,0.132575,0.584615
AAACAGCTTTCAGAAG-1,0.996549,0.000493,0.000986,0.000493,0.001479
AAACAGGGTCTATATT-1,0.999028,0.000139,0.000278,0.000139,0.000416
AAACATGGTGAGAGGA-1,0.999416,0.000083,0.000167,0.000083,0.00025
AAACATTTCCCGGATT-1,0.046451,0.124723,0.36947,0.147713,0.311643
AAACCACTACACAGAT-1,0.049621,0.027879,0.248083,0.026085,0.648331
AAACCCGAACGAAATC-1,0.030654,0.076337,0.406529,0.205718,0.280762
AAACCGGAAATGTTAA-1,0.999231,0.00011,0.00022,0.00011,0.000329
AAACCGGGTAGGTACC-1,0.16779,0.082892,0.093407,0.067906,0.588005
AAACCGTTCGTCCAGG-1,0.06713,0.058138,0.132867,0.315281,0.426584
AAACCTAAGCAGCCGG-1,0.163694,0.083825,0.159974,0.145409,0.447099
AAACCTCATGAAGTTG-1,0.735343,0.263799,0.000286,0.000143,0.000429
AAACGAAGAACATACC-1,0.014962,0.03911,0.122411,0.039458,0.78406
AAACGAAGATGGAGTA-1,0.998875,0.000161,0.000321,0.000161,0.000482
AAACGAGACGGTTGAT-1,0.000277,0.126416,0.606714,0.106228,0.160364
AAACGCCCGAGATCGG-1,0.020253,0.000074,0.004315,0.025072,0.950286
AAACGCTGGGCACGAC-1,0.066647,0.06427,0.210613,0.047054,0.611416
AAACGGGCGTACGGGT-1,0.147012,0.226407,0.1601,0.321914,0.144568
AAACGGTTGCGAACTG-1,0.090378,0.047672,0.316564,0.057217,0.48817
AAACGTGTTCGCCCTA-1,0.044042,0.000023,0.011442,0.067304,0.877189
AAACTAACGTGGCGAC-1,0.118808,0.040318,0.148569,0.035569,0.656736
AAACTCGGTTCGCAAT-1,0.008913,0.098181,0.49879,0.116703,0.277412
AAACTCGTGATATAAG-1,0.038939,0.06376,0.302599,0.03199,0.562712
AAACTGCTGGCTCCAA-1,0.103425,0.12969,0.673776,0.047147,0.045964
AAACTTAATTGCACGC-1,0.892652,0.000056,0.022217,0.083327,0.001748
AAACTTGCAAACGTAT-1,0.998999,0.000143,0.000286,0.000143,0.000429
AAAGAATGACCTTAGA-1,0.99946,0.000077,0.000154,0.000077,0.000231
AAAGACCCAAGTCGCG-1,0.218385,0.013517,0.055442,0.038562,0.674093
AAAGACTGGGCGCTTT-1,0.973561,0.000153,0.025672,0.000153,0.00046
AAAGCTTGCCTACATA-1,0.034078,0.045389,0.083656,0.089697,0.74718
AAAGGCCCTATAATAC-1,0.082434,0.140603,0.259097,0.432817,0.085049
AAAGGCTACGGACCAT-1,0.007467,0.156791,0.387099,0.129857,0.318785
AAAGGCTCTCGCGCCG-1,0.089927,0.133681,0.253475,0.089583,0.433334
AAAGGGATGTAGCAAG-1,0.04225,0.23243,0.288173,0.127128,0.31002
AAAGGGCAGCTTGAAT-1,0.350511,0.065826,0.089636,0.048172,0.445855
AAAGGTAAGCTGTACC-1,0.092808,0.00075,0.004821,0.028447,0.873173
AAAGTAGCATTGCTCA-1,0.089098,0.246742,0.232421,0.154241,0.277497
AAAGTCACTGATGTAA-1,0.019381,0.008845,0.07865,0.107443,0.78568
AAAGTCGACCCTCAGT-1,0.998151,0.000264,0.000528,0.000264,0.000793
AAAGTGCCATCAATTA-1,0.053861,0.046781,0.306104,0.049743,0.54351
AAAGTGTGATTTATCT-1,0.09793,0.095071,0.721391,0.072923,0.012686
AAAGTTGACTCCCGTA-1,0.061679,0.494921,0.233997,0.060112,0.149291
AAATAACCATACGGGA-1,0.003468,0.070292,0.251924,0.045869,0.628447
AAATAAGGTAGTGCCC-1,0.018582,0.135397,0.626564,0.047767,0.17169
AAATACCTATAAGCAT-1,0.069626,0.192814,0.587414,0.136839,0.013307
AAATAGCTTAGACTTT-1,0.000057,0.104893,0.281055,0.01919,0.594806
AAATAGGGTGCTATTG-1,0.067193,0.076826,0.346038,0.168912,0.341031
AAATCCGATACACGCC-1,0.258763,0.058844,0.110987,0.144683,0.426723
AAATCGCGGAAGGAGT-1,0.999436,0.000081,0.000161,0.000081,0.000242
AAATCGTGTACCACAA-1,0.027867,0.032509,0.234513,0.553277,0.151833
AAATCTAGCCCTGCTA-1,0.007709,0.283987,0.36739,0.138201,0.202713
AAATCTGCCCGCGTCC-1,0.999352,0.000093,0.000185,0.000093,0.000278
AAATGATTCGATCAGC-1,0.062451,0.097349,0.45621,0.204283,0.179707
AAATGCTCGTTACGTT-1,0.473676,0.39021,0.000355,0.00064,0.135118
AAATGGCATGTCTTGT-1,0.002652,0.157486,0.47795,0.042668,0.319244
AAATGGCCCGTGCCCT-1,0.999652,0.00005,0.000099,0.00005,0.000149
AAATGGTCAATGTGCC-1,0.100565,0.028448,0.213419,0.261894,0.395673
AAATGTATCTTATCCC-1,0.995236,0.00068,0.001361,0.000681,0.002042
AAATTAACGGGTAGCT-1,0.041996,0.082593,0.334898,0.124393,0.41612
AAATTAATAAGCGCGA-1,0.997352,0.000378,0.000756,0.000378,0.001135
AAATTACACGACTCTG-1,0.000016,0.070258,0.25269,0.042182,0.634856
AAATTACCTATCGATG-1,0.006747,0.582156,0.057281,0.19827,0.155547
AAATTCCAGGTCCAAA-1,0.000014,0.078345,0.560199,0.062021,0.29942
AAATTGATAGTCCTTT-1,0.020123,0.037008,0.432848,0.378822,0.131198
AAATTGCGGCGGTTCT-1,0.997877,0.000303,0.000606,0.000303,0.00091
AAATTGGTGAGAAGCA-1,0.025606,0.094668,0.255515,0.059606,0.564605
AAATTTACCGAAATCC-1,0.039077,0.078658,0.251338,0.083544,0.547384
AAATTTGCGGGTGTGG-1,0.014775,0.09198,0.480683,0.168229,0.244333
AACAACTGGTAGTTGC-1,0.035515,0.056334,0.118177,0.02562,0.764355
AACAATACATTGTCGA-1,0.084127,0.149498,0.121421,0.319592,0.325361
AACAATTACTCTACGC-1,0.226286,0.010284,0.122912,0.085002,0.555516
AACACACGCTCGCCGC-1,0.108372,0.029559,0.122245,0.204546,0.535279
AACACGACTGTACTGA-1,0.005413,0.54844,0.205197,0.0269,0.21405
AACACGAGACGCGGCC-1,0.255925,0.00052,0.038022,0.048919,0.656614
AACACGCGGCCGCGAA-1,0.002108,0.415015,0.05056,0.012559,0.519759
AACAGCTGTGTGGCAA-1,0.029844,0.0479,0.417061,0.316946,0.188249
AACAGGAAATCGAATA-1,0.017065,0.101486,0.516902,0.044523,0.320023
AACAGGATGGGCCGCG-1,0.200518,0.035959,0.274621,0.131554,0.357348
AACAGGTAGTATGGAT-1,0.150288,0.003803,0.049702,0.183335,0.612872
AACATATCAACTGGTG-1,0.027123,0.126772,0.39013,0.126239,0.329736
AACATCGATACGTCTA-1,0.038751,0.024986,0.113389,0.1194,0.703473
AACATTGAAGTTGATC-1,0.051569,0.112783,0.258984,0.227356,0.349308
AACATTGTGACTCGAG-1,0.083059,0.065565,0.252172,0.51844,0.080764
AACCAAGACTTCTCTG-1,0.224418,0.011415,0.03148,0.088905,0.643782
AACCAGTATCACTCTT-1,0.00086,0.115617,0.165341,0.085541,0.63264
AACCATAGGGTTGAAC-1,0.999532,0.000067,0.000134,0.000067,0.000201
AACCATGGGATCGCTA-1,0.055132,0.047993,0.114805,0.019446,0.762625
AACCCAGAGACGGAGA-1,0.029998,0.040139,0.339272,0.120637,0.469955
AACCCATCCCATGATC-1,0.999191,0.000116,0.000231,0.000116,0.000347
AACCCGACAACCCGTG-1,0.041177,0.06835,0.341608,0.102005,0.44686
AACCCGAGCAGAATCG-1,0.938747,0.035979,0.002111,0.01658,0.006583
AACCCGATAGGGCTTC-1,0.006313,0.06887,0.182205,0.108764,0.633848
AACCCTACTGTCAATA-1,0.256801,0.051136,0.171548,0.345626,0.174888
AACCCTGGTGGAACCA-1,0.000009,0.066045,0.389121,0.013413,0.531413
AACCGAGCTTGGTCAT-1,0.045741,0.133332,0.5438,0.05826,0.218867
AACCGCTAAGGGATGC-1,0.084732,0.174709,0.646326,0.052749,0.041484
AACCGTTGTGTTTGCT-1,0.001158,0.100752,0.497569,0.047746,0.352775
AACCTCGCTTTAGCCC-1,0.11258,0.238646,0.336819,0.117357,0.194598
AACCTGTCACGGAATT-1,0.104808,0.032833,0.158719,0.017463,0.686178
AACCTTTAAATACGGT-1,0.000016,0.139558,0.48892,0.089944,0.281562
AACCTTTACGACGTCT-1,0.003573,0.050698,0.551034,0.062533,0.332162
AACGAAAGTCGTCCCA-1,0.997524,0.000354,0.000707,0.000354,0.001061
AACGATAATGCCGTAG-1,0.014914,0.111918,0.706615,0.09333,0.073223
AACGATAGAAGGGCCG-1,0.021357,0.078178,0.301524,0.139332,0.459609
AACGATATGTCAACTG-1,0.028778,0.055004,0.387023,0.128516,0.400679
AACGCATGATCTGGGT-1,0.007108,0.401068,0.432923,0.04202,0.116882
AACGCGAACGGCAACA-1,0.689582,0.000078,0.000156,0.000078,0.310107
AACGCGACCTTGGGCG-1,0.010347,0.087653,0.596724,0.031105,0.274171
AACGCGGTCTCCAGCC-1,0.000019,0.312763,0.398501,0.039166,0.24955
AACGCTGTTGCTGAAA-1,0.192301,0.003103,0.016707,0.205336,0.582553
AACGGACGTACGTATA-1,0.131433,0.32836,0.203507,0.11077,0.225931
AACGGCCATCTCCGGT-1,0.056502,0.125302,0.740516,0.062968,0.014712
AACGTACTGTGGGTAC-1,0.000453,0.094316,0.813178,0.012972,0.07908
AACGTCAGACTAGTGG-1,0.223716,0.025951,0.236624,0.060359,0.45335
AACGTGATGAAGGACA-1,0.000018,0.001277,0.034273,0.029024,0.935408
AACGTGCGAAAGTCTC-1,0.025474,0.034074,0.385574,0.191694,0.363185
AACGTTATCAGCACCT-1,0.999535,0.000066,0.000133,0.000066,0.000199
AACTACCCGTTTGTCA-1,0.159932,0.039408,0.410039,0.1879,0.202721
AACTAGCGTATCGCAC-1,0.029688,0.068887,0.570743,0.022957,0.307726
AACTAGGCTTGGGTGT-1,0.000026,0.198591,0.689042,0.002989,0.109353
AACTCAAGTTAATTGC-1,0.041898,0.223348,0.356483,0.073722,0.304549
AACTCCAGAGCGTGTT-1,0.173163,0.544432,0.021889,0.232318,0.028198
AACTCCTAATCCCATG-1,0.002629,0.13623,0.049093,0.009134,0.802915
AACTCGATAAACACGT-1,0.999298,0.0001,0.000201,0.0001,0.000301
AACTCGATGGCGCAGT-1,0.027154,0.040239,0.344996,0.037881,0.549731
AACTCTCAATAGAGCG-1,0.043368,0.206246,0.396049,0.189931,0.164407
AACTCTCAGTGTGCTC-1,0.061588,0.098832,0.272133,0.249423,0.318024
AACTGAGGTCAGCGTC-1,0.057617,0.007513,0.112452,0.055083,0.767335
AACTGAGTTATACTGA-1,0.059131,0.713645,0.086241,0.044285,0.096698
AACTGATATTAGGCCT-1,0.000016,0.029165,0.314395,0.15516,0.501264
AACTGGGTCCCGACGT-1,0.014909,0.057019,0.58395,0.096389,0.247733
AACTGGTGTGGGCCTT-1,0.060772,0.041832,0.113752,0.139555,0.644088
AACTTCTGCGTCTATC-1,0.728882,0.000159,0.007201,0.131057,0.132702
AACTTGCCCGTATGCA-1,0.110202,0.00548,0.082831,0.111642,0.689844
AACTTGCGTTCTCGCG-1,0.723189,0.246573,0.029907,0.000083,0.000249
AACTTTACGGGAGCTT-1,0.99807,0.000276,0.000552,0.000276,0.000827
AACTTTAGCTGCTGAG-1,0.012535,0.007389,0.189685,0.037729,0.752661
AACTTTCTCGATCATG-1,0.018418,0.105197,0.458917,0.311367,0.106102
AAGAAATCACCAGATT-1,0.027244,0.013513,0.154551,0.317368,0.487325
AAGAAGGATCAGTTAG-1,0.205808,0.032661,0.228923,0.126997,0.405611
AAGACATACGTGGTTT-1,0.047278,0.010852,0.053308,0.149629,0.738933
AAGACCAAATAACTCA-1,0.999364,0.000091,0.000182,0.000091,0.000273
AAGACCCAACTGAACA-1,0.020708,0.353144,0.12573,0.104178,0.39624
AAGACTAACCCGTTGT-1,0.090722,0.023176,0.189663,0.244223,0.452217
AAGACTGCAAGCTACT-1,0.023281,0.032682,0.176885,0.113964,0.653189
AAGAGATGAATCGGTA-1,0.196554,0.012159,0.109679,0.224847,0.456762
AAGAGCTCTTTATCGG-1,0.078333,0.110328,0.314108,0.442401,0.05483
AAGAGGATGTACGCGA-1,0.159843,0.291663,0.426186,0.034312,0.087996
AAGAGGCATGGATCGC-1,0.021023,0.163842,0.606004,0.062701,0.146431
AAGAGGCCCTTTGGAA-1,0.250143,0.116717,0.077622,0.193761,0.361757
AAGATGGCACCGGACC-1,0.046758,0.169122,0.259805,0.305459,0.218856
AAGATTGGCGGAACGT-1,0.009824,0.099519,0.235903,0.184706,0.470046
AAGCACCCTGCGTATC-1,0.00182,0.267776,0.707533,0.00509,0.017781
AAGCATACTCTCCTGA-1,0.005864,0.427486,0.135914,0.042395,0.388342
AAGCCGAAGCGGTTTA-1,0.095587,0.027634,0.16634,0.391274,0.319166
AAGCCGCCGTGAAATC-1,0.065636,0.210079,0.285921,0.201958,0.236407
AAGCCGCTTTACCTTG-1,0.069442,0.014946,0.046977,0.33012,0.538516
AAGCCGGAGAGCAGGA-1,0.143927,0.01829,0.017418,0.100829,0.719535
AAGCGCAGGGCTTTGA-1,0.088289,0.065949,0.400719,0.188277,0.256766
AAGCGGAGTGCGCGCA-1,0.06912,0.770794,0.001122,0.010642,0.148321
AAGCGGCGTCATGGGT-1,0.004976,0.096367,0.584884,0.052979,0.260794
AAGCGTCCCTCATCGA-1,0.067006,0.101254,0.537124,0.189325,0.10529
AAGCTAGATCGAGTAA-1,0.000015,0.138485,0.609222,0.025804,0.226474
AAGCTCGTGCCAAGTC-1,0.076848,0.24073,0.259222,0.317693,0.105507
AAGCTCTTTCATGGTG-1,0.324882,0.167395,0.485482,0.020138,0.002104
AAGGAGCGGTTGGTGC-1,0.018191,0.981504,0.00002,0.000255,0.00003
AAGGATCGATCGCTTG-1,0.020189,0.133809,0.577786,0.182304,0.085911
AAGGATGAGGGACCTC-1,0.000018,0.127879,0.65855,0.044392,0.16916
AAGGCAGGCTGTCTCC-1,0.015297,0.144306,0.286818,0.175545,0.378034
AAGGCGCGTAAAGCTT-1,0.112986,0.029181,0.179319,0.08953,0.588985
AAGGCTGTGCTCATCG-1,0.025504,0.021114,0.25723,0.254323,0.441829
AAGGGAACGACTGGCT-1,0.222177,0.216725,0.374627,0.068769,0.117702
AAGGGACAGATTCTGT-1,0.000017,0.139875,0.295721,0.067207,0.49718
AAGGGACTATGCATTC-1,0.16303,0.10039,0.324663,0.053936,0.357982
AAGGGTTTGATTTCAG-1,0.998507,0.000213,0.000427,0.000213,0.00064
AAGGTATCCTAATATA-1,0.153691,0.101539,0.307868,0.139791,0.297112
AAGGTGATAAACCAGC-1,0.064209,0.244909,0.369119,0.023913,0.297849
AAGTAGAAGACCGGGT-1,0.063778,0.110302,0.226362,0.080612,0.518946
AAGTAGTGACGCGAGG-1,0.125888,0.05247,0.48089,0.088686,0.252067
AAGTCAATTGTCGTCA-1,0.104793,0.035739,0.187656,0.175944,0.495867
AAGTCTAGTAGCTGCC-1,0.000819,0.097889,0.223168,0.116982,0.561142
AAGTCTTCTGTGGCCT-1,0.998499,0.000214,0.000429,0.000214,0.000643
AAGTGACGACCGAATT-1,0.141323,0.072557,0.076912,0.029834,0.679374
AAGTGAGTCGGGTTTA-1,0.00002,0.103217,0.641071,0.028841,0.22685
AAGTGCAAAGGTAGAC-1,0.996254,0.000535,0.00107,0.000535,0.001606
AAGTGCCTTGACTGTA-1,0.196347,0.064543,0.598551,0.072663,0.067896
AAGTGCGTTAGAATCT-1,0.069414,0.432054,0.225047,0.021264,0.252221
AAGTGCTTCTCTATTG-1,0.026411,0.09097,0.291585,0.117222,0.473812
AAGTGTTTGGAGACGG-1,0.103688,0.087138,0.181653,0.196271,0.43125
AAGTTCACTCCAAGCT-1,0.089755,0.229474,0.557928,0.10987,0.012973
AAGTTCAGTCTGCGTA-1,0.009641,0.008977,0.09478,0.027828,0.858773
AAGTTCGGCCAACAGG-1,0.111534,0.146439,0.398621,0.245175,0.098231
AAGTTGTGATGTTATA-1,0.008716,0.228679,0.687661,0.009463,0.065482
AAGTTTACTAATGGCA-1,0.069783,0.00002,0.003729,0.014767,0.9117
AAGTTTATGGGCCCAA-1,0.006152,0.120254,0.302611,0.017918,0.553065
AATAACAACGCTCGGC-1,0.122192,0.021932,0.043866,0.046094,0.765915
AATAACACTAGAACAA-1,0.019454,0.062651,0.571702,0.084977,0.261217
AATAAGTCCTCGAGAC-1,0.000012,0.000374,0.021969,0.009499,0.968145
AATAATCTTCGTATCG-1,0.998709,0.000184,0.000369,0.000184,0.000553
AATACAATGTTTCAGG-1,0.999621,0.000054,0.000108,0.000054,0.000162
AATACCGGAGGGCTGT-1,0.047306,0.003796,0.032253,0.075011,0.841634
AATAGAACAGAGTGGC-1,0.018772,0.131841,0.712168,0.069624,0.067595
AATAGAATCTGTTTCA-1,0.117294,0.078369,0.294685,0.13292,0.376731
AATAGCAAGCCTCCTG-1,0.01079,0.31904,0.364789,0.015923,0.289458
AATAGCTACCGCGTGC-1,0.016234,0.044864,0.0676,0.183937,0.687365
AATAGTCCGTCCCGAC-1,0.084809,0.215714,0.616118,0.023047,0.060312
AATAGTCGCGAGTCGG-1,0.997933,0.000295,0.000591,0.000295,0.000886
AATATCAAGGTCGGAT-1,0.008926,0.167497,0.406661,0.009995,0.40692
AATATCCTAGCAAACT-1,0.998159,0.000263,0.000526,0.000263,0.000789
AATATCGAATCAATGC-1,0.07648,0.172166,0.288115,0.095566,0.367673
AATATCGAGGGTTCTC-1,0.029896,0.044448,0.226344,0.241236,0.458077
AATATTGGAGTATTGA-1,0.207859,0.054836,0.588197,0.050048,0.099061
AATCAGACTGCAGGAC-1,0.394925,0.00006,0.000121,0.084268,0.520626
AATCAGGTTTCATTTA-1,0.15655,0.178893,0.487482,0.037225,0.139849
AATCATGTAAAGACTC-1,0.058596,0.049833,0.158236,0.275093,0.458243
AATCCAAGGGCCTGAG-1,0.070808,0.261291,0.402426,0.016152,0.249323
AATCCATGCAAGGGTG-1,0.044954,0.071136,0.086576,0.00794,0.789395
AATCGCCTCAGCGCCA-1,0.013676,0.074463,0.507051,0.149066,0.255744
AATCGCGCAGAGGACT-1,0.015137,0.070967,0.548202,0.057898,0.307797
AATCGGGACACTACGA-1,0.02909,0.126043,0.334992,0.058921,0.450953
AATCGTGAGCCGAGCA-1,0.999608,0.000056,0.000112,0.000056,0.000168
AATCTAGGTTTACTTG-1,0.957639,0.00013,0.000259,0.00013,0.041842
AATCTATGCCGGAGCC-1,0.00003,0.070001,0.159718,0.029878,0.740374
AATCTCTACTGTGGTT-1,0.997399,0.000372,0.000743,0.000372,0.001115
AATCTGCGTTGGGACG-1,0.064895,0.171084,0.375657,0.148229,0.240135
AATCTGGCTTTCTAGT-1,0.867775,0.000146,0.000292,0.052237,0.079549
AATCTGGGTAGACCCT-1,0.06744,0.000018,0.000037,0.004702,0.927804
AATGACAGCAATGTCT-1,0.1367,0.062419,0.360052,0.093181,0.347648
AATGACGTAGGATGTC-1,0.228077,0.043443,0.229305,0.411394,0.087781
AATGACTGTCAGCCGG-1,0.046643,0.066985,0.156474,0.16842,0.561478
AATGAGTTCGCATATG-1,0.303728,0.694676,0.001372,0.000056,0.000168
AATGATGATACGCTAT-1,0.007021,0.132857,0.367791,0.213217,0.279114
AATGATGCGACTCCTG-1,0.000027,0.020539,0.085741,0.121946,0.771748
AATGCAACCGGGTACC-1,0.132466,0.010513,0.066913,0.299568,0.49054
AATGCACCAAGCAATG-1,0.004419,0.10597,0.647565,0.039315,0.202731
AATGGCCGCCAATGCG-1,0.000711,0.898742,0.000018,0.000627,0.099902
AATGGTCCACCGTTCA-1,0.997741,0.000323,0.000645,0.000323,0.000968
AATGGTTCTCACAAGC-1,0.121893,0.016766,0.19093,0.340426,0.329985
AATGTATGGCACTGTA-1,0.9992,0.000114,0.000229,0.000114,0.000343
AATGTGCCCGAGGTGT-1,0.11044,0.025252,0.349323,0.253388,0.261596
AATGTGCTAATCTGAG-1,0.281592,0.204294,0.039845,0.139814,0.334456
AATGTTGTCGTGAGAC-1,0.444448,0.07221,0.134555,0.107087,0.2417
AATTAAAGGTCGGCGT-1,0.067274,0.098803,0.53617,0.064085,0.233668
AATTAACGGATTTCCA-1,0.000144,0.460804,0.382171,0.050835,0.106046
AATTACGAGACCCATC-1,0.99943,0.000081,0.000163,0.000081,0.000244
AATTACTCGTACGCTC-1,0.770135,0.228591,0.000424,0.000212,0.000637
AATTAGCGCTGCAGCG-1,0.004874,0.070786,0.70887,0.093433,0.122037
AATTCATAAGGGATCT-1,0.000014,0.058847,0.493034,0.073562,0.374544
AATTCATTGTCATGCA-1,0.997586,0.000345,0.00069,0.000345,0.001035
AATTCCAAGCATGTAC-1,0.548733,0.046522,0.171148,0.051342,0.182255
AATTCGATTCGAGGAT-1,0.192212,0.111427,0.505467,0.058532,0.132363
AATTCTAGAGTTAGGC-1,0.009411,0.1436,0.718585,0.035984,0.092421
AATTGAACGCTCTGGT-1,0.169332,0.058924,0.234126,0.055604,0.482014
AATTGCAGCAATCGAC-1,0.128893,0.020319,0.07879,0.244713,0.527285
AATTGCGTGGATTACA-1,0.929648,0.000104,0.003778,0.062034,0.004437
AATTGTGGTTGCCAAA-1,0.061092,0.010494,0.016699,0.066293,0.845422
AATTTGGGACATAGTA-1,0.003352,0.021598,0.043011,0.080482,0.851555
AATTTGGTTCCAAAGA-1,0.000016,0.066036,0.206822,0.038192,0.688935
ACAAACCATGCGTCCT-1,0.925894,0.000132,0.000264,0.043265,0.030445
ACAAAGAAGGTAGGCC-1,0.998836,0.000166,0.000333,0.000166,0.000499
ACAAAGCATGACCTAG-1,0.194501,0.051772,0.132582,0.151433,0.469711
ACAAATCGCACCGAAT-1,0.04381,0.090147,0.489956,0.12742,0.248668
ACAAATGGTAGTGTTT-1,0.056932,0.775635,0.000972,0.017028,0.149434
ACAAATTCAGATCTGA-1,0.0444,0.000019,0.004339,0.028376,0.922866
ACAACAGCATGAGCTA-1,0.054905,0.131265,0.187427,0.122302,0.504101
ACAACGGTCCCTGCGA-1,0.118882,0.225837,0.43927,0.084325,0.131685
ACAAGCAGTGCCTAGC-1,0.125936,0.087677,0.410671,0.067302,0.308414
ACAAGCTATATGGAAG-1,0.828979,0.169758,0.000421,0.00021,0.000631
ACAAGGAAATCCGCCC-1,0.066141,0.463864,0.423682,0.028082,0.018231
ACAAGGACAAGAGGTT-1,0.127031,0.007633,0.085515,0.16268,0.617141
ACAAGGATGCTTTAGG-1,0.38436,0.000769,0.006438,0.023675,0.584759
ACAAGGCCTACCAGCC-1,0.025385,0.01141,0.039272,0.02121,0.902722
ACAAGGGCAGGCTCTG-1,0.086895,0.048488,0.343297,0.103869,0.417451
ACAATAGTCGTACGTT-1,0.774555,0.000466,0.000931,0.000466,0.223583
ACAATCCATTTAAACC-1,0.085369,0.089014,0.33568,0.154776,0.335161
ACAATGAATACGGAGA-1,0.077663,0.531653,0.036994,0.103022,0.250668
ACAATGATTCTTCTAC-1,0.247203,0.011233,0.085044,0.16166,0.49486
ACAATTGTGTCTCTTT-1,0.125451,0.409508,0.043934,0.106882,0.314225
ACAATTTAGGAGGCTC-1,0.995681,0.000617,0.001234,0.000617,0.001851
ACAATTTGAGCAGTGG-1,0.106278,0.147973,0.588346,0.018952,0.138452
ACAATTTGGCCATATT-1,0.014204,0.121424,0.639793,0.038868,0.185711
ACACAAAGACGGGTGG-1,0.07848,0.022654,0.078933,0.157403,0.662531
ACACACCAGGACCAGT-1,0.105133,0.059643,0.355523,0.192195,0.287506
ACACACTTTCTACACG-1,0.137968,0.060397,0.430966,0.039226,0.331443
ACACATGATCAAATCT-1,0.999612,0.000055,0.000111,0.000055,0.000166
ACACATTGACGCAACA-1,0.903147,0.00037,0.000741,0.00037,0.095371
ACACCACATAATTAGC-1,0.057748,0.075021,0.173101,0.478175,0.215955
ACACCCAGCATGCAGC-1,0.04355,0.090161,0.32388,0.371881,0.170528
ACACCCGAGAAATCCG-1,0.0357,0.030994,0.266742,0.030529,0.636035
ACACCGAGCGCTCTTT-1,0.996988,0.00043,0.000861,0.00043,0.001291
ACACCGGTCTGACCGC-1,0.643052,0.093406,0.016149,0.114669,0.132724
ACACCTTAAGTAGGGC-1,0.025633,0.042754,0.175292,0.108676,0.647644
ACACCTTACTACTTGC-1,0.001162,0.168714,0.545824,0.191597,0.092702
ACACGAGACTCCTTCT-1,0.052174,0.123363,0.406776,0.306311,0.111375
ACACGGCACTATGCAT-1,0.000012,0.047856,0.429456,0.057035,0.465643
ACACGGGAACTTAGGG-1,0.004882,0.149123,0.79597,0.023823,0.026202
ACACGTAGGCCACAAG-1,0.598043,0.024324,0.002778,0.080172,0.294683
ACACTCCAATGTCACT-1,0.631978,0.276458,0.069752,0.021328,0.000484
ACACTGATCAAGGTGT-1,0.055958,0.214796,0.567539,0.016281,0.145426
ACACTGGGACAGTCGT-1,0.232636,0.158938,0.087907,0.056909,0.463611
ACAGAACTGAGAACAA-1,0.119784,0.046981,0.536649,0.0729,0.223686
ACAGATTAGGTTAGTG-1,0.026546,0.066981,0.411987,0.025949,0.468537
ACAGCATAGAGCCAGT-1,0.032425,0.077066,0.111026,0.049502,0.729982
ACAGCGACATTCTCAT-1,0.136539,0.162264,0.491731,0.014664,0.194802
ACAGCGCACCCGCAGC-1,0.000016,0.099762,0.706561,0.025336,0.168325
ACAGGCACGGATCCTT-1,0.282165,0.032646,0.124219,0.182921,0.378048
ACAGGCTTGCCCGACT-1,0.070896,0.1552,0.676912,0.038048,0.058944
ACAGGTGGAGGTGAGG-1,0.021199,0.05996,0.322026,0.146849,0.449966
ACAGGTGTGTTGTTGC-1,0.998801,0.000171,0.000343,0.000171,0.000514
ACAGTAATACAACTTG-1,0.998981,0.000146,0.000291,0.000146,0.000437
ACAGTATACCGTGGGA-1,0.137865,0.022093,0.032806,0.126624,0.680612
ACATAAGTCGTGGTGA-1,0.996717,0.000469,0.000938,0.000469,0.001407
ACATAATAAGGCGGTG-1,0.003624,0.05266,0.397209,0.11898,0.427527
ACATCAGCTGGGACGC-1,0.999207,0.000113,0.000227,0.000113,0.00034
ACATCCCGGCCATACG-1,0.002144,0.107782,0.80397,0.031009,0.055095
ACATCCTGGTAACTGT-1,0.031228,0.118597,0.538461,0.159617,0.152097
ACATCGATCGTTTACC-1,0.000014,0.142835,0.816369,0.013389,0.027392
ACATCGGTCAGCCGCG-1,0.090796,0.11815,0.630824,0.028476,0.131753
ACATCGTATGCAATGG-1,0.041784,0.052881,0.093321,0.143236,0.668778
ACATCGTTAACCTAGT-1,0.007694,0.036276,0.222696,0.065224,0.66811
ACATCTCAACGCGTAA-1,0.007513,0.000578,0.061827,0.064355,0.865726
ACATGGCGCCAAAGTA-1,0.017584,0.018258,0.168635,0.195308,0.600215
ACATGGCTCAATTTAG-1,0.998922,0.000154,0.000308,0.000154,0.000462
ACATTAGTTTATATCC-1,0.006506,0.23299,0.556426,0.040403,0.163675
ACATTCGCGCGGAATA-1,0.135165,0.134526,0.19562,0.064197,0.470492
ACCAAACACCCAGCGA-1,0.033804,0.073105,0.215214,0.197861,0.480015
ACCAACACCACACACT-1,0.077024,0.074639,0.331565,0.211505,0.305267
ACCAACCGCACTCCAC-1,0.046273,0.008614,0.127046,0.313072,0.504995
ACCAACGCTTATTTAT-1,0.087652,0.065595,0.279764,0.437823,0.129166
ACCAAGAACGCGTGTC-1,0.038832,0.052647,0.508611,0.045173,0.354736
ACCAAGTCATCGGCAG-1,0.037501,0.042242,0.178533,0.037569,0.704155
ACCAATATGCAAGTTA-1,0.04527,0.122642,0.415663,0.260002,0.156424
ACCACAACTCAGAACA-1,0.003543,0.116822,0.574591,0.012273,0.292772
ACCACAAGTTTCTATC-1,0.010743,0.096045,0.458143,0.209012,0.226056
ACCACCAATGTAACAA-1,0.001065,0.072144,0.604083,0.038283,0.284424
ACCACCCTCTCTTCTA-1,0.010394,0.035404,0.165659,0.249887,0.538656
ACCACGTGCAGCTATA-1,0.074924,0.288251,0.341401,0.124273,0.171151
ACCACTGTTCAAGAAG-1,0.997303,0.000385,0.000771,0.000385,0.001156
ACCAGACCATAACAAC-1,0.998476,0.000218,0.000435,0.000218,0.000653
ACCAGCCCGGTCTTTG-1,0.001712,0.017505,0.221661,0.014846,0.744275
ACCAGTGCCCGGTCAA-1,0.047596,0.028774,0.430129,0.233589,0.259912
ACCAGTGCGGGAGACG-1,0.070429,0.109526,0.695186,0.051328,0.073531
ACCATATCCGCAATAA-1,0.014353,0.374614,0.567976,0.010854,0.032203
ACCATCCGCCAACTAG-1,0.997938,0.000295,0.000589,0.000295,0.000884
ACCATCGTATATGGTA-1,0.066627,0.13436,0.12403,0.201061,0.473922
ACCATTAAGGGTGTCA-1,0.998753,0.000178,0.000356,0.000178,0.000534
ACCCAACGCCCGTGGC-1,0.146065,0.199944,0.177084,0.207808,0.269098
ACCCACCTACATGCTC-1,0.406236,0.136442,0.175702,0.005176,0.276444
ACCCATCTTGAGGGTA-1,0.060838,0.015803,0.074879,0.122061,0.726419
ACCCATTTGTCCCTCT-1,0.271416,0.118221,0.2066,0.108693,0.295071
ACCCGAGCGAAATTAC-1,0.291078,0.06572,0.214971,0.134171,0.29406
ACCCGATTGGTTCCGA-1,0.147487,0.063074,0.030942,0.075983,0.682515
ACCCGGAAACTCCCAG-1,0.045273,0.125655,0.361525,0.076815,0.390732
ACCCGGAGCACCACAA-1,0.110894,0.021566,0.013786,0.044857,0.808897
ACCCGGATGACGCATC-1,0.025449,0.201134,0.508655,0.158681,0.106081
ACCCGGTTACACTTCC-1,0.020161,0.091901,0.301148,0.076362,0.510428
ACCCGTAGCAGAGAAT-1,0.631744,0.048105,0.025898,0.095136,0.199116
ACCCGTAGTCTAGTTG-1,0.601388,0.001393,0.000085,0.002469,0.394665
ACCCGTGTCATCAGTA-1,0.035066,0.120382,0.497884,0.072722,0.273945
ACCCTATAGGACTGAG-1,0.781041,0.065164,0.000363,0.000181,0.15325
ACCCTATGCCATATCG-1,0.053886,0.480921,0.138746,0.222399,0.104049
ACCCTCCCGTCAGGGC-1,0.082661,0.059089,0.135521,0.285407,0.437322
ACCCTCCCTTGCTATT-1,0.053828,0.125464,0.45453,0.079872,0.286306
ACCCTGGTAACGCCCT-1,0.033463,0.007168,0.101065,0.596961,0.261342
ACCCTTCATCTGCGAA-1,0.00194,0.181485,0.765181,0.018671,0.032723
ACCCTTGCCTGGGTCG-1,0.020221,0.082834,0.47285,0.305711,0.118384
ACCCTTTAGTTCTCCA-1,0.007761,0.108515,0.030082,0.061457,0.792185
ACCGAAAGGGCCCTGC-1,0.011094,0.038842,0.23204,0.080516,0.637508
ACCGAAGAGTCTGGTT-1,0.999086,0.000131,0.000261,0.000131,0.000392
ACCGACACATCTCCCA-1,0.105076,0.076015,0.125274,0.259919,0.433716
ACCGACTGAGTCCCAC-1,0.024769,0.125266,0.497786,0.094166,0.258012
ACCGAGTCTCCTTATT-1,0.105216,0.093495,0.291514,0.087701,0.422075
ACCGATAGGCATAACC-1,0.106304,0.140785,0.503106,0.096748,0.153058
ACCGATATTTAATCAT-1,0.240066,0.335236,0.216312,0.092989,0.115398
ACCGATGGTAGCATCG-1,0.06245,0.015896,0.178287,0.191126,0.552241
ACCGCAATAACTGCCT-1,0.187685,0.348091,0.288201,0.055462,0.120561
ACCGCGGTGGAAGTCG-1,0.027056,0.082919,0.668681,0.130629,0.090715
ACCGGGCCTTTGTTGA-1,0.16089,0.072509,0.494229,0.149922,0.12245
ACCGGTCAGGTACACC-1,0.999716,0.000041,0.000081,0.000041,0.000122
ACCGGTCTGAGTACGG-1,0.04033,0.010363,0.015657,0.011702,0.921949
ACCGTCCACTGGGCCC-1,0.999091,0.00013,0.00026,0.00013,0.00039
ACCGTGACCACGTGGG-1,0.072317,0.093414,0.552027,0.038421,0.243821
ACCGTTCCCGCTCTGA-1,0.02912,0.022483,0.165009,0.014683,0.768705
ACCTAAGTACCTTTCA-1,0.0953,0.279429,0.4484,0.065459,0.111412
ACCTAATCGACTTCCT-1,0.053506,0.170072,0.739361,0.028721,0.00834
ACCTACAGTATGTGGT-1,0.047921,0.136761,0.414412,0.189449,0.211457
ACCTACTATAAATCTA-1,0.071116,0.055205,0.193574,0.048673,0.631432
ACCTCCGCCCTCGCTG-1,0.985176,0.000104,0.000209,0.000104,0.014407
ACCTCCGTTATTCACC-1,0.000017,0.186135,0.499919,0.088349,0.225581
ACCTCGAACTTATGCT-1,0.9984,0.000228,0.000457,0.000229,0.000686
ACCTGCGTGTCATGTT-1,0.999366,0.000091,0.000181,0.000091,0.000272
ACGAAATGGGCGGCAC-1,0.170037,0.003793,0.086623,0.028588,0.710959
ACGACCCATGAGTTGC-1,0.064877,0.072252,0.271282,0.173505,0.418083
ACGACTCTAGGGCCGA-1,0.18853,0.144274,0.114727,0.092032,0.460438
ACGACTGGTCATACTC-1,0.405645,0.002174,0.023841,0.032977,0.535363
ACGAGAACCCATCACG-1,0.06103,0.101702,0.133768,0.247607,0.455892
ACGAGATATTTGCTTA-1,0.042723,0.064152,0.349796,0.092812,0.450518
ACGAGGATACCACTCT-1,0.999127,0.000125,0.000249,0.000125,0.000374
ACGAGGTTTACAACGT-1,0.999242,0.000108,0.000217,0.000108,0.000325
ACGAGTACGGATGCCC-1,0.000022,0.062269,0.184389,0.1693,0.584019
ACGAGTCGCCGGCGTT-1,0.999399,0.000086,0.000172,0.000086,0.000258
ACGATACATAGAACTA-1,0.023853,0.008319,0.082095,0.122848,0.762884
ACGATACCTATCCTGA-1,0.998204,0.000257,0.000513,0.000257,0.00077
ACGATCATACATAGAG-1,0.096116,0.103078,0.421662,0.154134,0.22501
ACGATCATCTTGTAAA-1,0.023338,0.041869,0.225419,0.161781,0.547593
ACGATGCATATGTTAT-1,0.02825,0.060697,0.204353,0.107787,0.598912
ACGATGGATCCGATGC-1,0.000018,0.020564,0.11686,0.122339,0.740219
ACGCAAACTAATAGAT-1,0.075298,0.168575,0.536179,0.051534,0.168413
ACGCAATCACTACAGC-1,0.000032,0.016958,0.172127,0.089302,0.721581
ACGCATAAATGACATG-1,0.134889,0.043335,0.026784,0.034038,0.760954
ACGCATACGTTTACTA-1,0.081921,0.012662,0.030684,0.13629,0.738443
ACGCATTCGTGAGTAC-1,0.043632,0.094616,0.504367,0.104849,0.252536
ACGCCAGATGATTTCT-1,0.012843,0.058197,0.618194,0.016515,0.294252
ACGCCGCTAGACGACC-1,0.168763,0.05901,0.174576,0.528703,0.06895
ACGCGAAGTCAGACGA-1,0.003703,0.122134,0.58075,0.031739,0.261675
ACGCGCTACACAGGGT-1,0.140823,0.088497,0.147068,0.061359,0.562253
ACGCGGGCCAAGGACA-1,0.138882,0.019354,0.313126,0.41439,0.114248
ACGCGTTTCTTAAGAG-1,0.994962,0.00072,0.001439,0.00072,0.002159
ACGCTAGTGATACACT-1,0.006424,0.113682,0.391652,0.094636,0.393607
ACGCTGTGAGGCGTAG-1,0.998389,0.00023,0.00046,0.00023,0.00069
ACGGAATTTAGCAAAT-1,0.081899,0.098822,0.078846,0.032782,0.70765
ACGGACTCTCAAAGCG-1,0.036191,0.169803,0.697424,0.03354,0.063043
ACGGAGCGCAAATTAC-1,0.030178,0.053885,0.291829,0.12523,0.498877
ACGGATGGTGCGGATA-1,0.244986,0.072835,0.124602,0.444272,0.113305
ACGGCACTTGCTTGGG-1,0.038216,0.314139,0.540044,0.056513,0.051087
ACGGCCAACATGGACT-1,0.04604,0.078342,0.621836,0.11165,0.142132
ACGGCGACGATGGGAA-1,0.081319,0.69921,0.122922,0.070384,0.026166
ACGGCGGGTTGCCCTG-1,0.000543,0.697338,0.05002,0.005365,0.246734
ACGGCTGGATGTAGAA-1,0.990499,0.000168,0.000337,0.000168,0.008828
ACGGGAGTGTCGGCCC-1,0.100144,0.112073,0.214806,0.072671,0.500306
ACGGGCGTATGCGACA-1,0.001738,0.075386,0.485474,0.048694,0.388708
ACGGGTCATGTGACTT-1,0.997227,0.000396,0.000792,0.000396,0.001188
ACGGGTTGTGACCTGT-1,0.957825,0.000078,0.000157,0.000078,0.041862
ACGGTCACCGAGAACA-1,0.133655,0.065785,0.279892,0.105566,0.415101
ACGTACAGATTTCTCT-1,0.055964,0.107457,0.63221,0.070416,0.133954
ACGTACTTTGGCACGG-1,0.21011,0.255385,0.061296,0.274466,0.198744
ACGTAGATTGCTGATG-1,0.005957,0.213016,0.227811,0.096561,0.456656
ACGTAGGAGAGTCGCT-1,0.215883,0.000063,0.01173,0.018392,0.753932
ACGTATTACTCCGATC-1,0.152042,0.113476,0.388182,0.219849,0.126451
ACGTCGGGCAACTCGG-1,0.998848,0.000165,0.000329,0.000165,0.000494
ACGTCTCGTTCCGGGA-1,0.998182,0.00026,0.00052,0.00026,0.000779
ACGTGACAAAGTAAGT-1,0.998922,0.000154,0.000308,0.000154,0.000462
ACGTGCGCCTCGTGCA-1,0.000021,0.117341,0.454382,0.020277,0.407981
ACGTTAATGTCGAAGA-1,0.622467,0.010681,0.185949,0.09335,0.087553
ACGTTAGATTTGCCCG-1,0.074178,0.10094,0.483062,0.028624,0.313195
ACGTTATTGGTCACTC-1,0.780364,0.13415,0.084887,0.00015,0.000449
ACGTTCCGCGCTCCGT-1,0.000262,0.117411,0.172439,0.019863,0.690025
ACGTTCGCAATCAATT-1,0.000019,0.085656,0.223372,0.017722,0.673232
ACGTTCGTTCAGGAAA-1,0.009295,0.28943,0.132555,0.039295,0.529425
ACGTTCTGTACAAGTC-1,0.105233,0.106719,0.204993,0.244537,0.338518
ACGTTTAGTTGTGATC-1,0.010546,0.037341,0.11248,0.146296,0.693338
ACTAAGGACGCACACC-1,0.048831,0.074645,0.390637,0.348567,0.137321
ACTAATACGTCAGGCG-1,0.004422,0.022329,0.112744,0.167774,0.692731
ACTACAAAGAGAGGTG-1,0.020824,0.115914,0.573054,0.106333,0.183874
ACTACATCCCGACAAG-1,0.919352,0.065766,0.000136,0.000068,0.014677
ACTACCAGCTCTCTGG-1,0.009058,0.06648,0.384188,0.113864,0.426409
ACTACGCGTTAGAATT-1,0.018014,0.276313,0.36684,0.145823,0.193011
ACTAGTTGCGATCGTC-1,0.185982,0.033881,0.085128,0.241535,0.453474
ACTATATGCTGTGTTC-1,0.000026,0.003464,0.095775,0.123086,0.777648
ACTATCCAGGGCATGG-1,0.00499,0.076319,0.536061,0.12961,0.253019
ACTATCGCCGGCTAAA-1,0.997972,0.00029,0.00058,0.00029,0.000869
ACTATCTGCCCGCGTA-1,0.147707,0.043797,0.158362,0.183264,0.46687
ACTATGTCCAGCTGCC-1,0.05116,0.630726,0.110636,0.045677,0.161802
ACTATTCGTCCGTGGT-1,0.000022,0.069099,0.161445,0.032064,0.737369
ACTATTTCCGGGCCCA-1,0.076624,0.186072,0.682056,0.030514,0.024734
ACTCAACGAATGTATT-1,0.03083,0.228141,0.177955,0.238527,0.324547
ACTCAAGTGCAAGGCT-1,0.144927,0.087643,0.446094,0.181976,0.139361
ACTCAATAAAGGCACG-1,0.001386,0.085061,0.641147,0.051244,0.221162
ACTCAGACCTGCTTCT-1,0.027067,0.172871,0.328814,0.033256,0.437992
ACTCATGGCAGCCTTC-1,0.127554,0.158284,0.33324,0.049446,0.331477
ACTCCAATATCATCAT-1,0.429551,0.125656,0.097817,0.080062,0.266914
ACTCCCATTCCTAAAG-1,0.9998,0.000029,0.000057,0.000029,0.000086
ACTCCCGAATTCGTTT-1,0.004415,0.025463,0.353381,0.333178,0.283563
ACTCCCGTAGACTAGG-1,0.014109,0.031637,0.221108,0.308255,0.424892
ACTCCCTAATGCTAAA-1,0.016962,0.187915,0.559898,0.051907,0.183317
ACTCCCTAGAATAGTA-1,0.069011,0.112777,0.406175,0.124291,0.287746
ACTCCGGCCGACCACT-1,0.051089,0.087018,0.168453,0.137088,0.556353
ACTCGATGTATTTCAT-1,0.998103,0.000271,0.000542,0.000271,0.000813
ACTCGCCGTTCGATAA-1,0.048313,0.049275,0.234656,0.064391,0.603365
ACTCGCGATCTGACGC-1,0.441053,0.132024,0.281455,0.090896,0.054571
ACTCGTAACCCGTCCT-1,0.130398,0.068434,0.332365,0.274751,0.194052
ACTCGTCAGTAATCCC-1,0.14092,0.079041,0.444325,0.12185,0.213865
ACTCTAAACCTGGGAT-1,0.997155,0.000406,0.000813,0.000406,0.00122
ACTCTCTGACTTAGGT-1,0.036403,0.16894,0.227364,0.113972,0.453321
ACTCTCTTATACACGA-1,0.000014,0.049301,0.333009,0.028701,0.588974
ACTCTGACCTAATAGA-1,0.345039,0.025505,0.050372,0.16699,0.412094
ACTCTTCAGCTCCCGC-1,0.029549,0.09797,0.378801,0.168083,0.325596
ACTCTTGTATAGTAAC-1,0.239659,0.418228,0.080892,0.071585,0.189636
ACTGAAACGCCGTTAG-1,0.064012,0.075382,0.150443,0.132137,0.578027
ACTGAATGGCGAAAGT-1,0.190869,0.042255,0.335421,0.159293,0.272161
ACTGATTTAGTGATTC-1,0.000064,0.065868,0.205542,0.048621,0.679905
ACTGCCCGCCATTCTC-1,0.358894,0.022312,0.088285,0.179128,0.351381
ACTGCCGTCGTAACTC-1,0.19222,0.051709,0.251734,0.085245,0.419092
ACTGCGGACACACCGT-1,0.434224,0.000314,0.035979,0.035923,0.49356
ACTGCTCGGAAGGATG-1,0.998773,0.000175,0.000351,0.000175,0.000526
ACTGGCGAACCTGCGT-1,0.026174,0.028679,0.201007,0.07335,0.670789
ACTGTACGATACACAT-1,0.150139,0.128657,0.508912,0.130248,0.082044
ACTGTAGCACTTTGGA-1,0.059311,0.125572,0.09083,0.242324,0.481963
ACTGTATACGCGAGCA-1,0.037154,0.012766,0.025957,0.013432,0.910691
ACTGTCCAGGATTATA-1,0.041143,0.328067,0.309765,0.035287,0.285739
ACTGTCTTCTTTAGAA-1,0.006864,0.084858,0.238999,0.11182,0.557459
ACTGTGCTAGTAGATC-1,0.007143,0.144885,0.204393,0.019209,0.62437
ACTTACCGGGCGCGCA-1,0.024782,0.907821,0.012662,0.009052,0.045684
ACTTACGCATCCACGC-1,0.06748,0.15993,0.608022,0.067248,0.097318
ACTTAGTACGACAAGA-1,0.043926,0.022545,0.09463,0.013408,0.82549
ACTTATACTTACCCGG-1,0.20529,0.049549,0.322175,0.282774,0.140212
ACTTATTAGGATCGGT-1,0.194789,0.088397,0.572934,0.046745,0.097135
ACTTATTTATGTGCCA-1,0.184536,0.076758,0.043875,0.097945,0.596886
ACTTCAGGCTGATCCC-1,0.085083,0.148898,0.338946,0.159358,0.267715
ACTTCCAGTGGAAGCT-1,0.902495,0.000111,0.014656,0.082405,0.000334
ACTTCCATGCGGGACA-1,0.127446,0.067998,0.111334,0.624181,0.06904
ACTTCGCCATACGCAC-1,0.000173,0.074871,0.126303,0.107991,0.690661
ACTTCGCTAGCGAGTG-1,0.08002,0.095774,0.557047,0.156417,0.110742
ACTTGACTCCCTCTTT-1,0.124342,0.10672,0.409206,0.110927,0.248805
ACTTGCCATATTGTAC-1,0.044067,0.13936,0.138907,0.082759,0.594906
ACTTGCTCTATCTACC-1,0.999501,0.000071,0.000143,0.000071,0.000214
ACTTGGGACCCGGTGG-1,0.014882,0.156069,0.100135,0.068009,0.660904
ACTTGTAGTCCCTTCA-1,0.99777,0.000319,0.000637,0.000319,0.000956
ACTTGTGGATGGAACG-1,0.224754,0.005551,0.062932,0.116027,0.590737
ACTTTACCCTCATGAA-1,0.031432,0.077458,0.607896,0.086614,0.196599
ACTTTCCTATAGCTTC-1,0.000669,0.11969,0.632662,0.090884,0.156095
ACTTTGACTGCATCCT-1,0.926688,0.000267,0.000534,0.000267,0.072244
ACTTTGGTCGTGCTCC-1,0.799855,0.007684,0.000251,0.000126,0.192084
ACTTTGTCGACGCACT-1,0.139896,0.013793,0.056276,0.050806,0.739229
AGAAATTATGACTCGC-1,0.134223,0.018337,0.016566,0.093219,0.737654
AGAACCCAGCGTGACA-1,0.054072,0.136607,0.324296,0.183604,0.301422
AGAACCCTCAATTGGG-1,0.998139,0.000266,0.000532,0.000266,0.000798
AGAACGTGGTACATTC-1,0.000011,0.154698,0.661958,0.099614,0.083718
AGAAGAGCGCCGTTCC-1,0.000247,0.001036,0.19944,0.208858,0.590418
AGAAGGTACACTTCAC-1,0.957239,0.000171,0.000341,0.000171,0.042078
AGAAGGTTGCCGAATT-1,0.078479,0.046586,0.482431,0.069835,0.322668
AGAAGGTTGTAGGTCG-1,0.080455,0.072306,0.452736,0.250072,0.144431
AGAAGTGATTCGTGAT-1,0.065708,0.188661,0.263815,0.091367,0.390449
AGAATAAATCTTCAGG-1,0.997117,0.000412,0.000824,0.000412,0.001236
AGAATGCGGGTTCGGA-1,0.000009,0.107953,0.498815,0.009194,0.384028
AGAATTATGGATTCGA-1,0.007454,0.039641,0.379166,0.129282,0.444457
AGAATTGTTTGACATA-1,0.678504,0.038955,0.000211,0.000105,0.282224
AGACAGCTCAGAATCC-1,0.904616,0.000134,0.000268,0.000134,0.094849
AGACAGGCATCTCAGC-1,0.510118,0.005068,0.014558,0.076093,0.394163
AGACATAGATCCTTCC-1,0.092544,0.293692,0.350501,0.175392,0.08787
AGACCAAACCACACCT-1,0.999031,0.000138,0.000277,0.000138,0.000415
AGACCATGGGATACAA-1,0.337006,0.000077,0.000155,0.032006,0.630755
AGACCCACCGCTGATC-1,0.030161,0.127675,0.334193,0.205551,0.30242
AGACCCGCCCTCCTCG-1,0.023676,0.034249,0.384018,0.050591,0.507465
AGACCGCTCCGCGGTT-1,0.1606,0.00003,0.005671,0.154778,0.678921
AGACCGGGAAACCCTG-1,0.949756,0.000124,0.000249,0.000124,0.049746
AGACGAAGTGCCGGTC-1,0.077178,0.222318,0.498215,0.082718,0.119572
AGACGACGATGCCGCT-1,0.094638,0.141518,0.56153,0.050605,0.15171
AGACGCCCACTTCGCC-1,0.049886,0.027389,0.066576,0.202843,0.653305
AGACGGGCCGATTTAA-1,0.007304,0.000019,0.004668,0.018361,0.969648
AGACTAGCCTTCCAGA-1,0.052326,0.086053,0.048491,0.068857,0.744272
AGACTGTTACCGGGTC-1,0.036763,0.089706,0.703447,0.027136,0.142949
AGAGAAACACCAGAAA-1,0.160156,0.012351,0.095876,0.157079,0.574539
AGAGAACCGTCTAGGA-1,0.003207,0.216768,0.475226,0.058666,0.246132
AGAGAAGGAGTACAAT-1,0.046508,0.119768,0.511641,0.094817,0.227266
AGAGATCTCTAAAGCG-1,0.962642,0.000274,0.000548,0.000274,0.036261
AGAGCAGTTATGAGAC-1,0.997878,0.000303,0.000606,0.000303,0.00091
AGAGCCGCCGAGATTT-1,0.97528,0.014574,0.000124,0.000062,0.009961
AGAGCGCTTGTAACGG-1,0.030287,0.038882,0.22197,0.188893,0.519969
AGAGCGGGCTAATCAT-1,0.072152,0.072927,0.385258,0.075059,0.394604
AGAGCGTACAAGCTCG-1,0.192734,0.112209,0.1243,0.074428,0.496329
AGAGCTACGAAAGCAT-1,0.472308,0.39053,0.000179,0.00009,0.136893
AGAGGCTTCGGAAACC-1,0.186654,0.107738,0.205591,0.143426,0.356591
AGAGGGACAATTGTCC-1,0.127522,0.030287,0.096005,0.152184,0.594002
AGAGTAAACTTCACTA-1,0.143129,0.03465,0.067736,0.138408,0.616078
AGAGTATAGTGTTACG-1,0.098644,0.004881,0.121268,0.361884,0.413322
AGAGTTAGAGACCGAT-1,0.027682,0.138286,0.775588,0.006185,0.05226
AGAGTTGCAGGCCTCC-1,0.253018,0.054126,0.219005,0.131018,0.342833
AGATAACTTCAGGGCC-1,0.025034,0.017337,0.079051,0.046126,0.832453
AGATACCAATAGAACC-1,0.039486,0.02106,0.217994,0.256373,0.465086
AGATACCAGCACTTCA-1,0.001339,0.000025,0.04376,0.2337,0.721177
AGATACCGGTGTTCAC-1,0.376121,0.053867,0.244827,0.150475,0.17471
AGATACGACTTCATAT-1,0.014069,0.335671,0.123481,0.026364,0.500415
AGATACTCAAGATCGA-1,0.106801,0.030772,0.372144,0.275704,0.214579
AGATATAATACGACTA-1,0.027845,0.143354,0.539777,0.126151,0.162873
AGATCGTGCATAAGAT-1,0.022818,0.028988,0.239589,0.25745,0.451156
AGATCTCAGGTGTGAT-1,0.129004,0.058973,0.229077,0.281765,0.301181
AGATGACTCGCCCACG-1,0.030575,0.245215,0.426891,0.024473,0.272847
AGATGAGGGTTGCGAT-1,0.000651,0.062142,0.545341,0.078855,0.313011
AGATGATGGAGTCTGG-1,0.000026,0.03621,0.203135,0.093247,0.667382
AGATGCAAGACGTGCA-1,0.096128,0.008459,0.132092,0.082383,0.680938
AGATGCATCCTGTGTC-1,0.99824,0.000251,0.000503,0.000251,0.000754
AGATGCTATAACGAGC-1,0.928549,0.052355,0.018268,0.000207,0.000621
AGATTATAGGACGTTT-1,0.115893,0.045099,0.24202,0.1708,0.426188
AGATTCAAGCGGGTCG-1,0.002805,0.00002,0.002398,0.03362,0.961157
AGATTCACAACCGATA-1,0.999065,0.000133,0.000267,0.000133,0.000401
AGCAAAGGCCGCTAGT-1,0.026574,0.146469,0.44848,0.106949,0.271528
AGCAACATATCTTATT-1,0.175392,0.087671,0.070955,0.277769,0.388214
AGCAACCGAAAGTAAT-1,0.503703,0.000095,0.00019,0.000108,0.495903
AGCACACGTTTAGACT-1,0.048264,0.042695,0.094165,0.156594,0.658281
AGCACCAGTACTCACG-1,0.000459,0.099699,0.615022,0.032229,0.252591
AGCACTACCGGCCTGT-1,0.837503,0.000707,0.001415,0.000707,0.159667
AGCACTACCTCACCAG-1,0.07644,0.11136,0.299955,0.260168,0.252078
AGCACTTAAGGACGCC-1,0.064139,0.131884,0.601055,0.042976,0.159946
AGCAGAAGGAGAAAGA-1,0.009922,0.179611,0.5504,0.018271,0.241795
AGCAGCCAGATGAATA-1,0.002326,0.073623,0.498006,0.175379,0.250665
AGCATATCAATATGCT-1,0.05889,0.197944,0.084521,0.147458,0.511188
AGCATCATTTCGAAAG-1,0.837542,0.000204,0.000408,0.000204,0.161642
AGCATCGTCGATAATT-1,0.233664,0.211095,0.141805,0.167772,0.245664
AGCATTACGAGGCAAG-1,0.029957,0.015458,0.088972,0.189379,0.676234
AGCCAAGCTTTGTGTC-1,0.160751,0.316082,0.279084,0.037306,0.206777
AGCCACAGGTTACCCG-1,0.713704,0.12932,0.076153,0.059146,0.021676
AGCCACTCCCGTGCTT-1,0.064348,0.082993,0.370187,0.107768,0.374703
AGCCATATAGTATGTG-1,0.838189,0.000056,0.015045,0.145748,0.000963
AGCCCATACATGTAAG-1,0.028301,0.267394,0.661163,0.032988,0.010154
AGCCCGCAACAAGCAG-1,0.09108,0.107871,0.595316,0.185044,0.020688
AGCCCGGCATTAGAGG-1,0.131406,0.168184,0.2323,0.180485,0.287625
AGCCCGGTAGCCTGTA-1,0.000012,0.1987,0.695351,0.004665,0.101273
AGCCCTAAGCGAAGTT-1,0.046248,0.075921,0.272422,0.323394,0.282016
AGCCCTCCCTGGTGGC-1,0.119958,0.014214,0.049986,0.431066,0.384775
AGCCCTGTCGCACCGT-1,0.013604,0.167852,0.462273,0.130209,0.226062
AGCCCTTCTAATCCGA-1,0.000145,0.077212,0.328046,0.108903,0.485693
AGCCCTTGGACATCCC-1,0.824762,0.000028,0.001759,0.007971,0.165479
AGCCGCAAATTCAAAT-1,0.998584,0.000202,0.000405,0.000202,0.000607
AGCCGCTTGATTAGCG-1,0.997098,0.000415,0.000829,0.000415,0.001244
AGCCGTGGCTAAATGT-1,0.161061,0.057452,0.517597,0.014767,0.249124
AGCCTAATACCCACGT-1,0.972217,0.000101,0.000202,0.027177,0.000303
