Barcode,Topic 1to2,Topic 3to5,Topic 6to8
AAACAAGTATCTCCCA-1,0.017118,0.644186,0.338696
AAACACCAATAACTGC-1,0.936888,0.001497,0.061615
AAACAGAGCGACTCCT-1,0.036429,0.426777,0.536794
AAACAGCTTTCAGAAG-1,0.262938,0.129527,0.607535
AAACAGGGTCTATATT-1,0.326787,0.191231,0.481982
AAACATGGTGAGAGGA-1,0.827974,0.017108,0.154918
AAACATTTCCCGGATT-1,0.026977,0.538238,0.434785
AAACCCGAACGAAATC-1,0.020638,0.609928,0.369434
AAACCGGAAATGTTAA-1,0.154402,0.103808,0.74179
AAACCGGGTAGGTACC-1,0.929287,0.070337,0.000376
AAACCGTTCGTCCAGG-1,0.098216,0.570384,0.3314
AAACCTAAGCAGCCGG-1,0.123708,0.540416,0.335877
AAACCTCATGAAGTTG-1,0.926892,0.000142,0.072966
AAACGAAGATGGAGTA-1,0.105542,0.709286,0.185172
AAACGAGACGGTTGAT-1,0.059742,0.468367,0.471891
AAACGCTGGGCACGAC-1,0.120048,0.661932,0.21802
AAACGGGCGTACGGGT-1,0.00013,0.257498,0.742372
AAACGGTTGCGAACTG-1,0.000134,0.423778,0.576088
AAACGTGTTCGCCCTA-1,0.181462,0.002353,0.816185
AAACTAACGTGGCGAC-1,0.064286,0.000212,0.935501
AAACTCGGTTCGCAAT-1,0.000162,0.37284,0.626998
AAACTCGTGATATAAG-1,0.217898,0.66653,0.115572
AAACTGCTGGCTCCAA-1,0.026654,0.070252,0.903094
AAACTTAATTGCACGC-1,0.792953,0.00042,0.206627
AAACTTGCAAACGTAT-1,0.775363,0.000295,0.224342
AAAGAATGACCTTAGA-1,0.427691,0.113633,0.458676
AAAGAATGTGGACTAA-1,0.048716,0.438829,0.512456
AAAGACCCAAGTCGCG-1,0.000116,0.017274,0.982611
AAAGACTGGGCGCTTT-1,0.019786,0.54808,0.432134
AAAGCTTGCCTACATA-1,0.086333,0.142514,0.771152
AAAGGCCCTATAATAC-1,0.182907,0.009188,0.807905
AAAGGCTACGGACCAT-1,0.000111,0.092754,0.907135
AAAGGCTCTCGCGCCG-1,0.051965,0.129066,0.818969
AAAGGGATGTAGCAAG-1,0.655833,0.172453,0.171714
AAAGGGCAGCTTGAAT-1,0.207434,0.000343,0.792223
AAAGGTAAGCTGTACC-1,0.38381,0.128765,0.487426
AAAGTAGCATTGCTCA-1,0.759738,0.000393,0.239868
AAAGTCACTGATGTAA-1,0.004901,0.498727,0.496372
AAAGTCGACCCTCAGT-1,0.99979,0.000105,0.000105
AAAGTGCCATCAATTA-1,0.000058,0.732519,0.267423
AAAGTGTGATTTATCT-1,0.038996,0.410485,0.550519
AAAGTTGACTCCCGTA-1,0.065929,0.169077,0.764994
AAATAACCATACGGGA-1,0.584329,0.000481,0.41519
AAATAAGGTAGTGCCC-1,0.07559,0.040377,0.884032
AAATACCTATAAGCAT-1,0.01624,0.12671,0.85705
AAATAGCTTAGACTTT-1,0.244559,0.398054,0.357387
AAATAGGGTGCTATTG-1,0.011954,0.25154,0.736506
AAATCCGATACACGCC-1,0.000074,0.774561,0.225365
AAATCGCGGAAGGAGT-1,0.188366,0.263434,0.5482
AAATCGTGTACCACAA-1,0.00028,0.000421,0.999299
AAATCTAGCCCTGCTA-1,0.999537,0.000232,0.000232
AAATGATTCGATCAGC-1,0.044546,0.000317,0.955137
AAATGCTCGTTACGTT-1,0.122898,0.121662,0.75544
AAATGGCATGTCTTGT-1,0.000199,0.000298,0.999503
AAATGGCCCGTGCCCT-1,0.115849,0.602283,0.281867
AAATGGTCAATGTGCC-1,0.040154,0.102177,0.857669
AAATGTATCTTATCCC-1,0.686266,0.311901,0.001833
AAATTAACGGGTAGCT-1,0.0965,0.120965,0.782535
AAATTAATAAGCGCGA-1,0.999451,0.000275,0.000275
AAATTACACGACTCTG-1,0.063254,0.780334,0.156412
AAATTACCTATCGATG-1,0.067372,0.194026,0.738601
AAATTCCAGGTCCAAA-1,0.272524,0.585532,0.141944
AAATTGATAGTCCTTT-1,0.877409,0.000659,0.121931
AAATTGGTGAGAAGCA-1,0.451831,0.037723,0.510446
AAATTTGCGGGTGTGG-1,0.998651,0.000674,0.000674
AACAACTGGTAGTTGC-1,0.046397,0.277627,0.675977
AACAATACATTGTCGA-1,0.827229,0.000971,0.171801
AACAATTACTCTACGC-1,0.048985,0.00036,0.950655
AACACACGCTCGCCGC-1,0.00008,0.732738,0.267182
AACACGACTGTACTGA-1,0.154876,0.188784,0.65634
AACACGAGACGCGGCC-1,0.926495,0.000197,0.073308
AACAGCTGTGTGGCAA-1,0.754502,0.16404,0.081458
AACAGGAAATCGAATA-1,0.051705,0.276136,0.672159
AACAGGATGGGCCGCG-1,0.19441,0.001173,0.804417
AACAGGTAGTATGGAT-1,0.017018,0.005836,0.977145
AACATATCAACTGGTG-1,0.051826,0.498494,0.44968
AACATCGATACGTCTA-1,0.998711,0.000644,0.000644
AACATTGAAGTTGATC-1,0.009137,0.983601,0.007262
AACATTGTGACTCGAG-1,0.000128,0.135012,0.86486
AACCAAGACTTCTCTG-1,0.036028,0.674426,0.289546
AACCATAGGGTTGAAC-1,0.702872,0.000341,0.296787
AACCATGGGATCGCTA-1,0.246199,0.163905,0.589897
AACCCAGAGACGGAGA-1,0.20896,0.187213,0.603827
AACCCATCCCATGATC-1,0.82128,0.178008,0.000712
AACCCGACAACCCGTG-1,0.017571,0.569431,0.412998
AACCCGAGCAGAATCG-1,0.090204,0.495262,0.414534
AACCCTACTGTCAATA-1,0.006862,0.31153,0.681608
AACCCTGGTGGAACCA-1,0.503229,0.06216,0.434611
AACCGAGCTTGGTCAT-1,0.316237,0.060077,0.623686
AACCGCTAAGGGATGC-1,0.047421,0.2569,0.695678
AACCGTTGTGTTTGCT-1,0.166058,0.007183,0.826759
AACCTCGCTTTAGCCC-1,0.505515,0.012725,0.481759
AACCTGTCACGGAATT-1,0.050281,0.729852,0.219867
AACCTTTAAATACGGT-1,0.000104,0.770388,0.229508
AACCTTTACGACGTCT-1,0.000065,0.891598,0.108337
AACGAAAGTCGTCCCA-1,0.415161,0.280658,0.304181
AACGACCTCCTAGCCG-1,0.090842,0.784023,0.125135
AACGATAATGCCGTAG-1,0.000175,0.144576,0.855249
AACGATAGAAGGGCCG-1,0.060032,0.481933,0.458034
AACGATATGTCAACTG-1,0.031373,0.549419,0.419208
AACGCATGATCTGGGT-1,0.00012,0.540617,0.459263
AACGCGAACGGCAACA-1,0.974175,0.025501,0.000324
AACGCGACCTTGGGCG-1,0.000069,0.896727,0.103204
AACGCGGTCTCCAGCC-1,0.227513,0.10106,0.671428
AACGCTGTTGCTGAAA-1,0.020461,0.242817,0.736722
AACGGACGTACGTATA-1,0.029993,0.746193,0.223814
AACGGCCATCTCCGGT-1,0.063725,0.527188,0.409087
AACGTACTGTGGGTAC-1,0.103558,0.052655,0.843788
AACGTCAGACTAGTGG-1,0.147827,0.015376,0.836797
AACGTGATGAAGGACA-1,0.802523,0.135583,0.061895
AACGTGCGAAAGTCTC-1,0.343076,0.139394,0.517529
AACGTTATCAGCACCT-1,0.055514,0.15068,0.793806
AACTACCCGTTTGTCA-1,0.017955,0.871452,0.110593
AACTAGGCTTGGGTGT-1,0.071373,0.083407,0.84522
AACTCAAGTTAATTGC-1,0.404218,0.305077,0.290705
AACTCCAGAGCGTGTT-1,0.161459,0.730136,0.108405
AACTCCTAATCCCATG-1,0.159336,0.003366,0.837299
AACTCGATGGCGCAGT-1,0.01001,0.377772,0.612218
AACTCTCAATAGAGCG-1,0.012213,0.425127,0.56266
AACTCTCAGTGTGCTC-1,0.172773,0.22344,0.603787
AACTGAGGTCAGCGTC-1,0.0448,0.000261,0.954939
AACTGAGTTATACTGA-1,0.031369,0.370791,0.59784
AACTGATATTAGGCCT-1,0.000117,0.55117,0.448712
AACTGGGTCCCGACGT-1,0.000179,0.011315,0.988506
AACTGGTGTGGGCCTT-1,0.140901,0.004392,0.854706
AACTTCTGCGTCTATC-1,0.001647,0.123269,0.875085
AACTTGCCCGTATGCA-1,0.000362,0.655326,0.344312
AACTTGCGTTCTCGCG-1,0.999329,0.000336,0.000336
AACTTTACGGGAGCTT-1,0.999419,0.00029,0.00029
AACTTTCTCGATCATG-1,0.000163,0.177737,0.8221
AAGAAATCACCAGATT-1,0.000098,0.022227,0.977675
AAGAAGGATCAGTTAG-1,0.042497,0.518809,0.438694
AAGACATACGTGGTTT-1,0.076296,0.401703,0.522001
AAGACCAAATAACTCA-1,0.543974,0.000361,0.455666
AAGACCCAACTGAACA-1,0.000043,0.893426,0.106531
AAGACTGCAAGCTACT-1,0.355897,0.097265,0.546837
AAGAGATGAATCGGTA-1,0.000226,0.000339,0.999435
AAGAGCTCTTTATCGG-1,0.036804,0.085002,0.878194
AAGAGGATGTACGCGA-1,0.116849,0.542373,0.340778
AAGAGGCATGGATCGC-1,0.058497,0.674719,0.266784
AAGAGGCCCTTTGGAA-1,0.000077,0.549712,0.450212
AAGATGGCACCGGACC-1,0.499127,0.158764,0.342109
AAGATTGGCGGAACGT-1,0.048088,0.191822,0.76009
AAGCACCCTGCGTATC-1,0.159108,0.265753,0.575138
AAGCATACTCTCCTGA-1,0.000112,0.594069,0.405819
AAGCCGAAGCGGTTTA-1,0.000071,0.954026,0.045902
AAGCCGCCGTGAAATC-1,0.999058,0.000471,0.000471
AAGCCGCTTTACCTTG-1,0.087343,0.000578,0.912079
AAGCCGGAGAGCAGGA-1,0.000091,0.12954,0.870369
AAGCGCAGGGCTTTGA-1,0.036851,0.124995,0.838153
AAGCGGAGTGCGCGCA-1,0.999433,0.000284,0.000284
AAGCGGCGTCATGGGT-1,0.998177,0.000912,0.000912
AAGCGTCCCTCATCGA-1,0.999421,0.000289,0.000289
AAGCTAGATCGAGTAA-1,0.00013,0.353975,0.645895
AAGCTCGTGCCAAGTC-1,0.336588,0.000543,0.662869
AAGCTCTTTCATGGTG-1,0.006654,0.241834,0.751512
AAGGAGCGGTTGGTGC-1,0.000227,0.208247,0.791526
AAGGATCGATCGCTTG-1,0.081321,0.008112,0.910567
AAGGATGAGGGACCTC-1,0.933795,0.000886,0.065319
AAGGCAGGCTGTCTCC-1,0.000131,0.362749,0.637119
AAGGCGCGTAAAGCTT-1,0.144301,0.059467,0.796232
AAGGCTGTGCTCATCG-1,0.935437,0.00072,0.063844
AAGGGAACGACTGGCT-1,0.875804,0.000608,0.123588
AAGGGACAGATTCTGT-1,0.118973,0.115062,0.765965
AAGGGACTATGCATTC-1,0.929084,0.069727,0.001189
AAGGGTTTGATTTCAG-1,0.592479,0.145304,0.262217
AAGGTATCCTAATATA-1,0.792641,0.002098,0.205261
AAGGTGATAAACCAGC-1,0.193426,0.21393,0.592644
AAGTAGAAGACCGGGT-1,0.021407,0.606776,0.371816
AAGTAGTGACGCGAGG-1,0.419725,0.000573,0.579702
AAGTCAATTGTCGTCA-1,0.076295,0.228885,0.694821
AAGTCTAGTAGCTGCC-1,0.02218,0.148275,0.829545
AAGTCTTCTGTGGCCT-1,0.888602,0.111097,0.000301
AAGTGACGACCGAATT-1,0.869161,0.000335,0.130505
AAGTGAGTCGGGTTTA-1,0.000088,0.748912,0.251
AAGTGCAAAGGTAGAC-1,0.217002,0.182166,0.600832
AAGTGCCTTGACTGTA-1,0.000136,0.699792,0.300073
AAGTGCGTTAGAATCT-1,0.87788,0.000368,0.121753
AAGTGCTTCTCTATTG-1,0.000046,0.874744,0.125211
AAGTGTTTGGAGACGG-1,0.006386,0.342809,0.650806
AAGTTCACTCCAAGCT-1,0.043299,0.762313,0.194387
AAGTTCAGTCTGCGTA-1,0.99877,0.000615,0.000615
AAGTTCGGCCAACAGG-1,0.209341,0.053215,0.737443
AAGTTGTGATGTTATA-1,0.00423,0.489059,0.506711
AAGTTTATGGGCCCAA-1,0.00819,0.276764,0.715046
AATAACAACGCTCGGC-1,0.120122,0.211137,0.668741
AATAACACTAGAACAA-1,0.169461,0.36641,0.464129
AATAATCTTCGTATCG-1,0.614319,0.024672,0.361008
AATACAATGTTTCAGG-1,0.102182,0.407992,0.489826
AATACCGGAGGGCTGT-1,0.000068,0.5174,0.482532
AATAGAACAGAGTGGC-1,0.183737,0.557145,0.259118
AATAGAATCTGTTTCA-1,0.059712,0.445979,0.494309
AATAGCAAGCCTCCTG-1,0.299403,0.160853,0.539744
AATAGCTACCGCGTGC-1,0.045985,0.000236,0.953778
AATAGTCCGTCCCGAC-1,0.070108,0.637027,0.292865
AATAGTCGCGAGTCGG-1,0.064748,0.266871,0.668381
AATATCAAGGTCGGAT-1,0.998837,0.000582,0.000582
AATATCCTAGCAAACT-1,0.880116,0.119671,0.000213
AATATCGAATCAATGC-1,0.013229,0.653834,0.332937
AATATCGAGGGTTCTC-1,0.187836,0.020973,0.791192
AATATTGGAGTATTGA-1,0.306677,0.002572,0.690751
AATCAGGTTTCATTTA-1,0.000103,0.562102,0.437795
AATCATGTAAAGACTC-1,0.000071,0.722067,0.277861
AATCCAAGGGCCTGAG-1,0.683516,0.032553,0.283931
AATCCATGCAAGGGTG-1,0.069898,0.502028,0.428074
AATCGCCTCAGCGCCA-1,0.168114,0.051405,0.780481
AATCGCGCAGAGGACT-1,0.018153,0.428444,0.553403
AATCGGGACACTACGA-1,0.994992,0.002504,0.002504
AATCGGTATAGCCCTC-1,0.073999,0.176445,0.749556
AATCGTGAGCCGAGCA-1,0.399159,0.173884,0.426957
AATCTAGGTTTACTTG-1,0.213529,0.57448,0.211991
AATCTATGCCGGAGCC-1,0.295548,0.432675,0.271777
AATCTCTACTGTGGTT-1,0.862241,0.000275,0.137484
AATCTGCGTTGGGACG-1,0.998794,0.000603,0.000603
AATCTGGCTTTCTAGT-1,0.227015,0.700928,0.072057
AATGACAGCAATGTCT-1,0.878854,0.000373,0.120773
AATGACGTAGGATGTC-1,0.706755,0.124004,0.169241
AATGACTGTCAGCCGG-1,0.068769,0.257202,0.674028
AATGAGTTCGCATATG-1,0.96661,0.032793,0.000597
AATGATGATACGCTAT-1,0.01755,0.408461,0.573989
AATGATGCGACTCCTG-1,0.934704,0.000603,0.064693
AATGCAACCGGGTACC-1,0.142343,0.014328,0.843329
AATGCACCAAGCAATG-1,0.00525,0.399243,0.595507
AATGGTCCACCGTTCA-1,0.041065,0.588733,0.370202
AATGGTTCTCACAAGC-1,0.181925,0.022954,0.795121
AATGTATGGCACTGTA-1,0.691903,0.148785,0.159312
AATGTGCCCGAGGTGT-1,0.652671,0.000747,0.346583
AATGTGCTAATCTGAG-1,0.051605,0.894046,0.054349
AATGTTGTCGTGAGAC-1,0.000079,0.915227,0.084694
AATTAAAGGTCGGCGT-1,0.000194,0.167965,0.83184
AATTAACGGATTTCCA-1,0.000081,0.856904,0.143016
AATTACGAGACCCATC-1,0.342046,0.092655,0.565299
AATTACTCGTACGCTC-1,0.076872,0.106337,0.81679
AATTAGCGCTGCAGCG-1,0.000072,0.929243,0.070684
AATTCATAAGGGATCT-1,0.025568,0.394963,0.579469
AATTCATTGTCATGCA-1,0.743526,0.000293,0.256181
AATTCCAAGCATGTAC-1,0.124714,0.588537,0.286749
AATTCGATTCGAGGAT-1,0.15273,0.327874,0.519396
AATTCTAGAGTTAGGC-1,0.000165,0.464028,0.535808
AATTGAACGCTCTGGT-1,0.034304,0.511986,0.45371
AATTGCAGCAATCGAC-1,0.05287,0.650913,0.296217
AATTGCGTGGATTACA-1,0.002941,0.996976,0.000083
AATTGTGGTTGCCAAA-1,0.065088,0.601693,0.333219
AATTTGGGACATAGTA-1,0.104839,0.003026,0.892135
AATTTGGTTCCAAAGA-1,0.423776,0.000623,0.575601
ACAAACCATGCGTCCT-1,0.106919,0.695908,0.197173
ACAAAGAAGGTAGGCC-1,0.249773,0.345659,0.404568
ACAAAGCATGACCTAG-1,0.009431,0.60134,0.389229
ACAAATCGCACCGAAT-1,0.026497,0.163553,0.80995
ACAAATGGTAGTGTTT-1,0.998668,0.000666,0.000666
ACAAATTCAGATCTGA-1,0.434769,0.093233,0.471998
ACAACAGCATGAGCTA-1,0.998154,0.000923,0.000923
ACAACGGTCCCTGCGA-1,0.490501,0.073162,0.436338
ACAAGCAGTGCCTAGC-1,0.078976,0.099573,0.821451
ACAAGCTATATGGAAG-1,0.285804,0.673397,0.040799
ACAAGGAAATCCGCCC-1,0.000144,0.469856,0.53
ACAAGGACAAGAGGTT-1,0.131262,0.644259,0.22448
ACAAGGATGCTTTAGG-1,0.581804,0.11429,0.303906
ACAAGGGCAGGCTCTG-1,0.725433,0.00634,0.268226
ACAATAGTCGTACGTT-1,0.876653,0.023972,0.099375
ACAATCCATTTAAACC-1,0.051032,0.004905,0.944063
ACAATGAATACGGAGA-1,0.75071,0.047814,0.201476
ACAATGATTCTTCTAC-1,0.085102,0.041431,0.873467
ACAATTGTGTCTCTTT-1,0.002085,0.353199,0.644716
ACAATTTAGGAGGCTC-1,0.849562,0.04607,0.104368
ACAATTTGAGCAGTGG-1,0.818857,0.000921,0.180222
ACAATTTGGCCATATT-1,0.052281,0.764987,0.182733
ACACAAAGACGGGTGG-1,0.026533,0.000266,0.973201
ACACAAATATTCCTAG-1,0.947824,0.050854,0.001322
ACACACCAGGACCAGT-1,0.038865,0.111006,0.850128
ACACACTTTCTACACG-1,0.075279,0.187413,0.737308
ACACATGATCAAATCT-1,0.845625,0.000819,0.153556
ACACATTGACGCAACA-1,0.120098,0.691644,0.188257
ACACCACATAATTAGC-1,0.02347,0.679745,0.296785
ACACCCAGCATGCAGC-1,0.238866,0.026679,0.734455
ACACCCGAGAAATCCG-1,0.99814,0.00093,0.00093
ACACCGAGCGCTCTTT-1,0.047462,0.499221,0.453317
ACACCGGTCTGACCGC-1,0.026079,0.414851,0.55907
ACACCTTAAGTAGGGC-1,0.748309,0.251333,0.000357
ACACCTTACTACTTGC-1,0.36304,0.116367,0.520593
ACACGAGACTCCTTCT-1,0.997918,0.001041,0.001041
ACACGGCACTATGCAT-1,0.293058,0.000864,0.706078
ACACGGGAACTTAGGG-1,0.941892,0.056266,0.001842
ACACGTAGGCCACAAG-1,0.00009,0.466942,0.532968
ACACTCCAATGTCACT-1,0.000158,0.52733,0.472512
ACACTGATCAAGGTGT-1,0.81371,0.10859,0.077699
ACACTGGGACAGTCGT-1,0.000084,0.50628,0.493636
ACAGAACTGAGAACAA-1,0.834429,0.000392,0.165179
ACAGATTAGGTTAGTG-1,0.662037,0.00077,0.337193
ACAGCATAGAGCCAGT-1,0.368257,0.000492,0.631251
ACAGCGACATTCTCAT-1,0.047274,0.679325,0.2734
ACAGCGCACCCGCAGC-1,0.998806,0.000597,0.000597
ACAGGCACGGATCCTT-1,0.016509,0.281176,0.702314
ACAGGCTTGCCCGACT-1,0.112853,0.297968,0.589179
ACAGGTGGAGGTGAGG-1,0.053277,0.134755,0.811968
ACAGGTGTGTTGTTGC-1,0.132364,0.803758,0.063878
ACAGTAATACAACTTG-1,0.297318,0.06807,0.634612
ACAGTATACCGTGGGA-1,0.999135,0.000432,0.000432
ACATAAGTCGTGGTGA-1,0.49844,0.228838,0.272722
ACATAATAAGGCGGTG-1,0.063307,0.35291,0.583783
ACATCAGCTGGGACGC-1,0.999522,0.000239,0.000239
ACATCCCGGCCATACG-1,0.020659,0.584083,0.395259
ACATCCTGGTAACTGT-1,0.0002,0.106359,0.893441
ACATCGATCGTTTACC-1,0.000279,0.246091,0.75363
ACATCGGTCAGCCGCG-1,0.072478,0.302741,0.624781
ACATCGTATGCAATGG-1,0.086179,0.302071,0.61175
ACATCGTTAACCTAGT-1,0.004834,0.000306,0.99486
ACATGGCGCCAAAGTA-1,0.155229,0.096172,0.748599
ACATGGCTCAATTTAG-1,0.176597,0.236692,0.586711
ACATTAGTTTATATCC-1,0.000189,0.313961,0.685849
ACCAAACACCCAGCGA-1,0.670952,0.000533,0.328516
ACCAACACCACACACT-1,0.117301,0.269276,0.613423
ACCAACCGCACTCCAC-1,0.100409,0.399811,0.49978
ACCAACGCTTATTTAT-1,0.855384,0.000742,0.143873
ACCAAGAACGCGTGTC-1,0.998269,0.000865,0.000866
ACCAAGTCATCGGCAG-1,0.109275,0.659431,0.231294
ACCAATATGCAAGTTA-1,0.000172,0.069024,0.930804
ACCACAAGTTTCTATC-1,0.811054,0.002511,0.186435
ACCACCAATGTAACAA-1,0.094912,0.111376,0.793712
ACCACCCTCTCTTCTA-1,0.020761,0.021882,0.957357
ACCACGTGCAGCTATA-1,0.03977,0.371214,0.589016
ACCACTGTTCAAGAAG-1,0.13137,0.246883,0.621747
ACCAGACCATAACAAC-1,0.218096,0.473954,0.30795
ACCAGTGCCCGGTCAA-1,0.997771,0.001115,0.001115
ACCAGTGCGGGAGACG-1,0.01704,0.277071,0.705889
ACCATATCCGCAATAA-1,0.00007,0.999824,0.000106
ACCATCCGCCAACTAG-1,0.201768,0.092228,0.706003
ACCATCGTATATGGTA-1,0.32003,0.66302,0.01695
ACCATTAAGGGTGTCA-1,0.000082,0.383621,0.616297
ACCCAACGCCCGTGGC-1,0.524647,0.011535,0.463818
ACCCACCTACATGCTC-1,0.013727,0.139774,0.846498
ACCCATCTTGAGGGTA-1,0.27264,0.132353,0.595007
ACCCATTTGTCCCTCT-1,0.082529,0.470219,0.447252
ACCCGAGCGAAATTAC-1,0.189331,0.136761,0.673907
ACCCGATTGGTTCCGA-1,0.000066,0.732478,0.267456
ACCCGGAAACTCCCAG-1,0.000114,0.843879,0.156007
ACCCGGAGCACCACAA-1,0.174574,0.144233,0.681193
ACCCGGATGACGCATC-1,0.041844,0.841253,0.116903
ACCCGGTTACACTTCC-1,0.068041,0.000456,0.931503
ACCCGTAGTCTAGTTG-1,0.011536,0.530614,0.45785
ACCCGTGTCATCAGTA-1,0.000099,0.882175,0.117726
ACCCTATAGGACTGAG-1,0.999054,0.000473,0.000473
ACCCTATGCCATATCG-1,0.171929,0.302723,0.525348
ACCCTCCCGTCAGGGC-1,0.000076,0.758493,0.241431
ACCCTCCCTTGCTATT-1,0.803835,0.000446,0.195719
ACCCTGGTAACGCCCT-1,0.174564,0.09934,0.726096
ACCCTTCATCTGCGAA-1,0.011076,0.194175,0.794749
ACCCTTGCCTGGGTCG-1,0.012452,0.725542,0.262006
ACCGAAAGGGCCCTGC-1,0.997877,0.001061,0.001061
ACCGAAGAGTCTGGTT-1,0.624429,0.150029,0.225541
ACCGACACATCTCCCA-1,0.000054,0.952711,0.047235
ACCGACTGAGTCCCAC-1,0.999029,0.000485,0.000485
ACCGAGTCTCCTTATT-1,0.276896,0.000347,0.722757
ACCGATAGGCATAACC-1,0.024665,0.628501,0.346835
ACCGATATTTAATCAT-1,0.051778,0.243327,0.704895
ACCGATGGTAGCATCG-1,0.092354,0.184708,0.722938
ACCGCAATAACTGCCT-1,0.000152,0.250998,0.748851
ACCGCGGTGGAAGTCG-1,0.014857,0.344947,0.640196
ACCGGGCCTTTGTTGA-1,0.466746,0.170812,0.362443
ACCGGTCAGGTACACC-1,0.719295,0.001407,0.279298
ACCGTCCACTGGGCCC-1,0.857073,0.11876,0.024168
ACCGTGACCACGTGGG-1,0.949871,0.037797,0.012333
ACCTAAGTACCTTTCA-1,0.942993,0.000371,0.056636
ACCTAATCGACTTCCT-1,0.415008,0.41678,0.168212
ACCTACAGTATGTGGT-1,0.128781,0.266449,0.604771
ACCTACTATAAATCTA-1,0.083178,0.146277,0.770545
ACCTCCGCCCTCGCTG-1,0.013587,0.352898,0.633515
ACCTCCGTTATTCACC-1,0.206552,0.11338,0.680067
ACCTCGAACTTATGCT-1,0.68781,0.025604,0.286587
ACCTGCGTGTCATGTT-1,0.95534,0.000264,0.044396
ACGAAATGGGCGGCAC-1,0.056413,0.209332,0.734254
ACGACCCATGAGTTGC-1,0.089026,0.45278,0.458193
ACGACTCTAGGGCCGA-1,0.087558,0.708818,0.203625
ACGACTGGTCATACTC-1,0.07818,0.236816,0.685004
ACGAGAACCCATCACG-1,0.157021,0.481845,0.361134
ACGAGATATTTGCTTA-1,0.997409,0.001295,0.001295
ACGAGGATACCACTCT-1,0.156797,0.606067,0.237136
ACGAGGTTTACAACGT-1,0.701852,0.153391,0.144758
ACGAGTACGGATGCCC-1,0.007268,0.699268,0.293464
ACGATACATAGAACTA-1,0.497174,0.001204,0.501622
ACGATACCTATCCTGA-1,0.411081,0.498553,0.090366
ACGATCATACATAGAG-1,0.53546,0.463587,0.000953
ACGATCATCTTGTAAA-1,0.639642,0.017741,0.342616
ACGATGCATATGTTAT-1,0.179011,0.710459,0.11053
ACGATGGATCCGATGC-1,0.044365,0.085702,0.869933
ACGCAAACTAATAGAT-1,0.01544,0.211569,0.772991
ACGCAATCACTACAGC-1,0.082527,0.189308,0.728165
ACGCATACGTTTACTA-1,0.01353,0.310709,0.675761
ACGCATTCGTGAGTAC-1,0.458229,0.244438,0.297333
ACGCCAGATGATTTCT-1,0.000185,0.076204,0.923611
ACGCCAGTGCGTTTGC-1,0.010247,0.619793,0.36996
ACGCCGCTAGACGACC-1,0.068116,0.007974,0.92391
ACGCGAAGTCAGACGA-1,0.014047,0.159016,0.826937
ACGCGCTACACAGGGT-1,0.10263,0.000344,0.897026
ACGCGGGCCAAGGACA-1,0.501813,0.265984,0.232204
ACGCGTTTCTTAAGAG-1,0.156754,0.485246,0.358
ACGCTAGTGATACACT-1,0.2983,0.193165,0.508535
ACGCTGTGAGGCGTAG-1,0.998609,0.000274,0.001117
ACGGAATTTAGCAAAT-1,0.192871,0.285095,0.522034
ACGGACTCTCAAAGCG-1,0.059803,0.94012,0.000078
ACGGAGCGCAAATTAC-1,0.016241,0.032097,0.951662
ACGGATGGTGCGGATA-1,0.000176,0.192559,0.807264
ACGGCACTTGCTTGGG-1,0.000169,0.517904,0.481926
ACGGCCAACATGGACT-1,0.000159,0.002386,0.997455
ACGGCGACGATGGGAA-1,0.008472,0.401532,0.589996
ACGGCTGGATGTAGAA-1,0.200591,0.24889,0.550519
ACGGGAGTGTCGGCCC-1,0.945541,0.000186,0.054273
ACGGGCGTATGCGACA-1,0.006932,0.686623,0.306444
ACGGGTCATGTGACTT-1,0.162301,0.13221,0.705489
ACGGTACAGTTCAATG-1,0.001291,0.57231,0.4264
ACGTACAGATTTCTCT-1,0.239466,0.000808,0.759726
ACGTACTTTGGCACGG-1,0.000658,0.422608,0.576734
ACGTAGATTGCTGATG-1,0.998422,0.000789,0.000789
ACGTAGGAGAGTCGCT-1,0.999423,0.000288,0.000288
ACGTATTACTCCGATC-1,0.006617,0.275143,0.71824
ACGTCGGGCAACTCGG-1,0.730779,0.026448,0.242773
ACGTCTCGTTCCGGGA-1,0.999574,0.000213,0.000213
ACGTGACAAAGTAAGT-1,0.567084,0.003029,0.429888
ACGTGCGCCTCGTGCA-1,0.000148,0.349986,0.649866
ACGTTAATGTCGAAGA-1,0.645958,0.000453,0.353589
ACGTTAGATTTGCCCG-1,0.146091,0.017094,0.836815
ACGTTATTGGTCACTC-1,0.447899,0.000333,0.551767
ACGTTCCGCGCTCCGT-1,0.83824,0.00154,0.16022
ACGTTCGCAATCAATT-1,0.026229,0.469672,0.504098
ACGTTCGTTCAGGAAA-1,0.073953,0.713557,0.21249
ACGTTCTGTACAAGTC-1,0.210131,0.386001,0.403869
ACGTTTAGTTGTGATC-1,0.077597,0.176316,0.746087
ACTAAGGACGCACACC-1,0.132213,0.67517,0.192617
ACTAATACGTCAGGCG-1,0.99672,0.00164,0.00164
ACTACAAAGAGAGGTG-1,0.041728,0.231828,0.726444
ACTACATCCCGACAAG-1,0.309042,0.242897,0.448061
ACTACCAGCTCTCTGG-1,0.203613,0.040898,0.755488
ACTACGCGTTAGAATT-1,0.000637,0.24663,0.752733
ACTAGTTGCGATCGTC-1,0.000107,0.683943,0.31595
ACTATATGCTGTGTTC-1,0.998479,0.00076,0.00076
ACTATCCAGGGCATGG-1,0.145871,0.025968,0.828161
ACTATCGCCGGCTAAA-1,0.042064,0.786579,0.171357
ACTATCTGCCCGCGTA-1,0.999471,0.000264,0.000264
ACTATGTCCAGCTGCC-1,0.941577,0.000546,0.057877
ACTATTCGTCCGTGGT-1,0.017316,0.330429,0.652255
ACTATTTCCGGGCCCA-1,0.139898,0.502551,0.357551
ACTCAACGAATGTATT-1,0.154435,0.508737,0.336828
ACTCAAGTGCAAGGCT-1,0.15969,0.735037,0.105274
ACTCAATAAAGGCACG-1,0.125912,0.711371,0.162717
ACTCAGACCTGCTTCT-1,0.29068,0.214138,0.495181
ACTCATGGCAGCCTTC-1,0.099012,0.738975,0.162014
ACTCCAATATCATCAT-1,0.343671,0.361889,0.29444
ACTCCCATTCCTAAAG-1,0.739162,0.000197,0.260641
ACTCCCGAATTCGTTT-1,0.097547,0.000269,0.902184
ACTCCCGTAGACTAGG-1,0.05411,0.107363,0.838526
ACTCCCTAATGCTAAA-1,0.049824,0.335567,0.614609
ACTCCCTAGAATAGTA-1,0.001371,0.387698,0.610931
ACTCCGGCCGACCACT-1,0.000049,0.988381,0.01157
ACTCGATGTATTTCAT-1,0.082414,0.02185,0.895737
ACTCGCCGTTCGATAA-1,0.058602,0.33382,0.607578
ACTCGCGATCTGACGC-1,0.020894,0.396701,0.582405
ACTCGTAACCCGTCCT-1,0.978712,0.000277,0.021012
ACTCGTCAGTAATCCC-1,0.045717,0.710372,0.243911
ACTCTAAACCTGGGAT-1,0.651809,0.347762,0.000429
ACTCTCTGACTTAGGT-1,0.456714,0.343532,0.199755
ACTCTCTTATACACGA-1,0.17298,0.284409,0.542611
ACTCTGACCTAATAGA-1,0.000778,0.252399,0.746823
ACTCTTCAGCTCCCGC-1,0.569545,0.030007,0.400448
ACTCTTGTATAGTAAC-1,0.934451,0.001125,0.064424
ACTGAAACGCCGTTAG-1,0.059875,0.733405,0.20672
ACTGAATGGCGAAAGT-1,0.851677,0.000416,0.147907
ACTGCCCGCCATTCTC-1,0.104113,0.838251,0.057636
ACTGCCGTCGTAACTC-1,0.000158,0.007026,0.992816
ACTGCGGACACACCGT-1,0.192936,0.17238,0.634684
ACTGCTCGGAAGGATG-1,0.622717,0.000488,0.376796
ACTGGCGAACCTGCGT-1,0.017433,0.177835,0.804732
ACTGTACGATACACAT-1,0.027618,0.113049,0.859333
ACTGTAGCACTTTGGA-1,0.074469,0.020922,0.904608
ACTGTATACGCGAGCA-1,0.088258,0.264745,0.646997
ACTGTCCAGGATTATA-1,0.021244,0.912996,0.06576
ACTGTCTTCTTTAGAA-1,0.057151,0.537156,0.405693
ACTGTGCTAGTAGATC-1,0.05549,0.367366,0.577144
ACTTACCGGGCGCGCA-1,0.227981,0.046597,0.725422
ACTTACGCATCCACGC-1,0.000134,0.573012,0.426854
ACTTAGTACGACAAGA-1,0.160625,0.2704,0.568975
ACTTATACTTACCCGG-1,0.155161,0.139888,0.704951
ACTTATTAGGATCGGT-1,0.00013,0.733506,0.266363
ACTTATTTATGTGCCA-1,0.252867,0.052736,0.694397
ACTTCAGGCTGATCCC-1,0.000156,0.344537,0.655308
ACTTCCAGTGGAAGCT-1,0.068458,0.571537,0.360005
ACTTCCATGCGGGACA-1,0.183384,0.354405,0.462211
ACTTCGCCATACGCAC-1,0.200902,0.128184,0.670914
ACTTCGCTAGCGAGTG-1,0.09784,0.048506,0.853654
ACTTGACTCCCTCTTT-1,0.040997,0.784065,0.174938
ACTTGCTCTATCTACC-1,0.855072,0.064289,0.080639
ACTTGGGACCCGGTGG-1,0.052233,0.196169,0.751598
ACTTGTAGTCCCTTCA-1,0.160838,0.000369,0.838793
ACTTGTGGATGGAACG-1,0.004343,0.572125,0.423531
ACTTTACCCTCATGAA-1,0.218654,0.262285,0.519061
ACTTTCCTATAGCTTC-1,0.049444,0.000459,0.950096
ACTTTGACTGCATCCT-1,0.978471,0.021138,0.000391
ACTTTGGTCGTGCTCC-1,0.382467,0.28159,0.335943
ACTTTGTCGACGCACT-1,0.016529,0.545146,0.438325
AGAAATTATGACTCGC-1,0.102673,0.446661,0.450666
AGAACCCAGCGTGACA-1,0.0642,0.471057,0.464743
AGAACCCTCAATTGGG-1,0.428613,0.119179,0.452207
AGAACGTGGTACATTC-1,0.1302,0.064389,0.805411
AGAAGAGCGCCGTTCC-1,0.302804,0.003415,0.693781
AGAAGGTACACTTCAC-1,0.388418,0.142961,0.468621
AGAAGGTTGCCGAATT-1,0.125119,0.006512,0.868369
AGAAGGTTGTAGGTCG-1,0.922557,0.076848,0.000594
AGAAGTGATTCGTGAT-1,0.881341,0.000563,0.118096
AGAATAAATCTTCAGG-1,0.979593,0.000272,0.020135
AGAATGCGGGTTCGGA-1,0.026448,0.474213,0.499339
AGAATTATGGATTCGA-1,0.350778,0.015866,0.633355
AGAATTGTTTGACATA-1,0.230258,0.384307,0.385435
AGACAGCTCAGAATCC-1,0.070402,0.013693,0.915906
AGACAGGCATCTCAGC-1,0.067205,0.461923,0.470872
AGACATAGATCCTTCC-1,0.000369,0.21993,0.779701
AGACCAAACCACACCT-1,0.823751,0.000219,0.17603
AGACCATGGGATACAA-1,0.99879,0.000605,0.000605
AGACCCACCGCTGATC-1,0.000136,0.254982,0.744882
AGACCCGCCCTCCTCG-1,0.000178,0.223938,0.775884
AGACCGCTCCGCGGTT-1,0.179922,0.512235,0.307843
AGACCGGGAAACCCTG-1,0.984614,0.00016,0.015226
AGACGAAGTGCCGGTC-1,0.050379,0.630064,0.319557
AGACGACGATGCCGCT-1,0.841251,0.00046,0.158289
AGACGCCCACTTCGCC-1,0.003369,0.264094,0.732537
AGACGGGCCGATTTAA-1,0.997553,0.001224,0.001224
AGACTAGCCTTCCAGA-1,0.172113,0.070516,0.757371
AGACTGTTACCGGGTC-1,0.068097,0.500278,0.431625
AGAGAAACACCAGAAA-1,0.013469,0.328473,0.658057
AGAGAACCGTCTAGGA-1,0.444878,0.233631,0.32149
AGAGAAGGAGTACAAT-1,0.862648,0.000679,0.136672
AGAGATCTCTAAAGCG-1,0.897028,0.000198,0.102774
AGAGCAGTTATGAGAC-1,0.209455,0.167551,0.622994
AGAGCCGCCGAGATTT-1,0.073386,0.218346,0.708267
AGAGCGCTTGTAACGG-1,0.047988,0.009924,0.942088
AGAGCGGGCTAATCAT-1,0.000071,0.779382,0.220547
AGAGCGTACAAGCTCG-1,0.998388,0.000806,0.000806
AGAGCTACGAAAGCAT-1,0.211325,0.164621,0.624053
AGAGGCTTCGGAAACC-1,0.000075,0.633612,0.366313
AGAGGGACAATTGTCC-1,0.206353,0.206249,0.587398
AGAGTAAACTTCACTA-1,0.115548,0.135101,0.749351
AGAGTATAGTGTTACG-1,0.516151,0.000932,0.482917
AGAGTTGCAGGCCTCC-1,0.040428,0.111645,0.847927
AGATAACTTCAGGGCC-1,0.345502,0.08425,0.570248
AGATACCAATAGAACC-1,0.999499,0.000251,0.000251
AGATACCAGCACTTCA-1,0.120769,0.041511,0.83772
AGATACCGGTGTTCAC-1,0.072306,0.836019,0.091675
AGATACGACTTCATAT-1,0.58642,0.115131,0.298449
AGATACTCAAGATCGA-1,0.200482,0.000265,0.799253
AGATATAATACGACTA-1,0.000219,0.185544,0.814237
AGATCGTGCATAAGAT-1,0.101784,0.696909,0.201307
AGATCTCAGGTGTGAT-1,0.16949,0.13493,0.69558
AGATGACTCGCCCACG-1,0.000143,0.392582,0.607276
AGATGAGGGTTGCGAT-1,0.305091,0.098386,0.596523
AGATGATGGAGTCTGG-1,0.06721,0.000326,0.932464
AGATGCATCCTGTGTC-1,0.744293,0.000229,0.255478
AGATGCTATAACGAGC-1,0.052716,0.482321,0.464963
AGATTATAGGACGTTT-1,0.068742,0.538897,0.392361
AGATTCACAACCGATA-1,0.728003,0.000456,0.271541
AGCAAAGGCCGCTAGT-1,0.000095,0.56422,0.435686
AGCAACATATCTTATT-1,0.055288,0.499411,0.445301
AGCAACCGAAAGTAAT-1,0.437985,0.159955,0.40206
AGCACACGTTTAGACT-1,0.046005,0.730513,0.223482
AGCACCAGTACTCACG-1,0.998675,0.000663,0.000663
AGCACTACCGGCCTGT-1,0.12897,0.277827,0.593203
AGCACTACCTCACCAG-1,0.046552,0.438833,0.514615
AGCACTTAAGGACGCC-1,0.064019,0.224525,0.711456
AGCAGAAGGAGAAAGA-1,0.175707,0.118473,0.70582
AGCAGCCAGATGAATA-1,0.026144,0.213113,0.760743
AGCATATCAATATGCT-1,0.002878,0.086198,0.910925
AGCATCATTTCGAAAG-1,0.578583,0.177011,0.244406
AGCATCGTCGATAATT-1,0.000112,0.773356,0.226532
AGCATTACGAGGCAAG-1,0.012177,0.823242,0.164581
AGCCAAGCTTTGTGTC-1,0.003078,0.78742,0.209502
AGCCACAGGTTACCCG-1,0.041083,0.914358,0.044559
AGCCACTCCCGTGCTT-1,0.998409,0.000796,0.000796
AGCCATATAGTATGTG-1,0.059022,0.627553,0.313425
AGCCCATACATGTAAG-1,0.858849,0.01557,0.125581
AGCCCGCAACAAGCAG-1,0.013523,0.34631,0.640166
AGCCCGGCATTAGAGG-1,0.352934,0.000191,0.646875
AGCCCGGTAGCCTGTA-1,0.000064,0.874616,0.125321
AGCCCTAAGCGAAGTT-1,0.072002,0.552231,0.375768
AGCCCTCCCTGGTGGC-1,0.053665,0.368788,0.577547
AGCCCTGTCGCACCGT-1,0.037206,0.461838,0.500956
AGCCCTTCTAATCCGA-1,0.99836,0.00082,0.00082
AGCCCTTGGACATCCC-1,0.40473,0.282966,0.312304
AGCCGCAAATTCAAAT-1,0.215084,0.556003,0.228914
AGCCGCTTGATTAGCG-1,0.186927,0.574865,0.238207
AGCCGTGGCTAAATGT-1,0.713989,0.000321,0.285691
AGCCTAATACCCACGT-1,0.129502,0.870392,0.000106
AGCCTTAAAGCGGAAG-1,0.017916,0.25853,0.723553
AGCGACAGGAACGGTC-1,0.223743,0.105802,0.670455
AGCGACATCCCATTCA-1,0.00015,0.260203,0.739647
AGCGACCAACGATATT-1,0.000206,0.000309,0.999484
AGCGAGACGTGAAGGC-1,0.01586,0.803587,0.180552
AGCGATGCGCCTAATA-1,0.586334,0.005484,0.408182
AGCGCATAATGAATCG-1,0.021376,0.805351,0.173273
AGCGCGGGTGCCAATG-1,0.039638,0.552632,0.407731
AGCGCTAGAGCGATGT-1,0.102349,0.397994,0.499657
AGCGCTTATGGGCAAG-1,0.997065,0.001467,0.001467
AGCGGACACTTCGTAG-1,0.000185,0.503438,0.496377
AGCGGCGGTTAGCGGT-1,0.290892,0.184782,0.524326
AGCGGGAAGGGTCCAT-1,0.454422,0.016794,0.528784
AGCGGGTCTGACACTC-1,0.015531,0.2344,0.750069
AGCGGTTGCCGCTCTG-1,0.77321,0.001021,0.225769
AGCGTACGAGAGCTAG-1,0.036799,0.065665,0.897536
AGCGTGGTATTCTACT-1,0.053137,0.709048,0.237816
AGCTAACAAGCAATGT-1,0.514473,0.014475,0.471052
AGCTAAGTACGCAGGC-1,0.03549,0.294769,0.669741
AGCTAGAAGCAGAAGT-1,0.00008,0.830392,0.169528
AGCTATTTAATCCAAC-1,0.000147,0.194757,0.805096
AGCTCCATATATGTTC-1,0.055787,0.84297,0.101243
AGCTCCTTCGCACATC-1,0.675929,0.163741,0.16033
AGCTCGTTGATGGAAA-1,0.101997,0.426772,0.471231
AGCTCTAGACGTTCCA-1,0.09925,0.502319,0.398432
AGCTCTTCCCAGTGCA-1,0.000136,0.278472,0.721392
AGCTCTTCGTAACCTT-1,0.050308,0.344265,0.605427
AGCTCTTTACTCAGTT-1,0.094361,0.673767,0.231873
AGCTGAAGTAAACCAA-1,0.086291,0.451227,0.462482
AGCTGTAACCTCAATC-1,0.731778,0.105452,0.16277
AGCTTCTTCTCGAGCA-1,0.115276,0.276014,0.60871
AGCTTGATCTTAACTT-1,0.870078,0.000361,0.129561
AGGAACGAACGACTTC-1,0.085135,0.237903,0.676961
AGGAAGCTGTCCGCCG-1,0.029726,0.577979,0.392295
AGGACAGTCGAATCCC-1,0.20552,0.380544,0.413936
AGGACATCGCACGTCG-1,0.99763,0.001185,0.001185
AGGACATCGGCACACT-1,0.00005,0.98785,0.0121
AGGACGACCCATTAGA-1,0.104822,0.000453,0.894725
AGGACGCTCGATGTTG-1,0.058957,0.271415,0.669628
AGGACTTATAGGAGAA-1,0.05041,0.494212,0.455379
AGGAGACATCCACAGT-1,0.000158,0.309466,0.690376
AGGAGAGTCTGGCTAC-1,0.117416,0.031856,0.850729
AGGAGGCCTTCGCGCG-1,0.009297,0.857118,0.133585
AGGATAAAGTCGGGAT-1,0.089344,0.219716,0.690939
AGGATATAGGGATTTA-1,0.446943,0.007301,0.545756
AGGATATCCGACTGCA-1,0.114596,0.412176,0.473227
AGGATCACGCGATCTG-1,0.162394,0.627638,0.209968
AGGATTGCTTACGACA-1,0.115914,0.239271,0.644815
AGGCACGTGACTGTCC-1,0.000037,0.9991,0.000863
AGGCAGATGCGTAAAC-1,0.998955,0.000523,0.000523
AGGCAGGGAGCGTACT-1,0.000137,0.215419,0.784443
AGGCATTGTCGTAGGG-1,0.101592,0.693001,0.205407
AGGCCACATTGGTTAC-1,0.103805,0.170641,0.725554
AGGCCACCCGTTATGA-1,0.123208,0.161414,0.715378
AGGCCCAGTGACTGGT-1,0.039423,0.348891,0.611685
AGGCCCATTGTACAGG-1,0.030635,0.442032,0.527333
AGGCCCTAGAACGCCA-1,0.900024,0.000267,0.09971
AGGCCTATCATACCAA-1,0.00037,0.591453,0.408176
AGGCCTGAGAATCTCG-1,0.11835,0.491657,0.389992
AGGCGATAACTGGCGT-1,0.04499,0.130251,0.824759
AGGCGGTTTGTCCCGC-1,0.562009,0.001878,0.436113
AGGCGTCTATGGACGG-1,0.03607,0.152108,0.811822
AGGCTATGGTTAGCTT-1,0.103262,0.000364,0.896374
AGGCTTCCCGAAGAAG-1,0.050225,0.759744,0.190031
AGGCTTGCTAGACACC-1,0.030028,0.189178,0.780794
AGGGAAACGAGGTACT-1,0.998969,0.000515,0.000515
AGGGACCGGCTGCGTT-1,0.076272,0.050069,0.873659
AGGGACTCTACGCGAC-1,0.087228,0.451781,0.460991
AGGGAGACATACTTCG-1,0.09735,0.339568,0.563082
AGGGCAGCGGCGTGGT-1,0.997453,0.001274,0.001273
AGGGCCCTAATGTTCT-1,0.068604,0.050964,0.880432
AGGGCGAGCAGCTGAT-1,0.65862,0.000272,0.341108
AGGGCGTGATCGGCTA-1,0.455499,0.000754,0.543747
AGGGCTGCAGTTACAG-1,0.174542,0.220671,0.604786
AGGGTCAGAGCACTCG-1,0.000051,0.99464,0.005309
AGGGTCAGTAACCCTA-1,0.223459,0.091055,0.685486
AGGGTCGATGCGAACT-1,0.050031,0.125441,0.824528
AGGGTCTGGACGCAGT-1,0.034077,0.531276,0.434647
AGGGTGCCGTTCTTTA-1,0.000101,0.005819,0.99408
AGGGTGCTCTCGAGGG-1,0.134946,0.864935,0.000119
AGGGTGGATAGTGCAT-1,0.107757,0.1802,0.712044
AGGGTTCAGACGGTCC-1,0.040226,0.418015,0.541759
AGGGTTCCCTTTGGTT-1,0.902072,0.001485,0.096443
AGGGTTTAGTTCGGGA-1,0.304246,0.12536,0.570394
AGGTAACCTCCTATTC-1,0.510975,0.148631,0.340394
AGGTACGATATTGCCA-1,0.037526,0.307255,0.655218
AGGTAGATCGAGATAT-1,0.185785,0.000145,0.81407
AGGTAGGTACAAAGCT-1,0.062501,0.398616,0.538882
AGGTATAATTGATAGT-1,0.035779,0.481642,0.482579
AGGTATGCGGACATTA-1,0.060541,0.030413,0.909046
AGGTCAGGTGAGAGTG-1,0.853956,0.000218,0.145825
AGGTCGCCTCCCAACA-1,0.000073,0.669508,0.330419
AGGTCGCGGAGTTACT-1,0.21502,0.070983,0.713997
AGGTGCACGTCCACAT-1,0.037558,0.372158,0.590283
AGGTGGTGACCTTCGC-1,0.000136,0.438524,0.56134
AGGTGTATCGCCATGA-1,0.999627,0.000186,0.000186
AGGTGTTGCCGACCAC-1,0.048468,0.135338,0.816194
AGGTTACACCATGCCG-1,0.017633,0.297148,0.685219
AGGTTCTCCTTTCCGG-1,0.160116,0.279128,0.560757
AGGTTGAGGCACGCTT-1,0.009683,0.300668,0.689649
AGGTTTCACACACCTT-1,0.090038,0.883658,0.026304
AGTAACTATAGCAGCC-1,0.58299,0.19002,0.226991
AGTAATGTCTTGCCGC-1,0.00019,0.000285,0.999524
AGTAATTTGCAAGCGT-1,0.141789,0.264015,0.594196
AGTACAGAAGCTTATA-1,0.000175,0.145732,0.854093
AGTACATCATTTATCA-1,0.00016,0.480471,0.519369
AGTACCTTCGAGTGCT-1,0.222137,0.005811,0.772053
AGTACGGCCCGTATCG-1,0.999747,0.000126,0.000126
AGTACGGGCACCTGGC-1,0.997696,0.001152,0.001152
AGTACTCTTATGCCCA-1,0.000134,0.572212,0.427654
AGTAGAAGGCGCCTCA-1,0.000108,0.644568,0.355324
AGTAGGAAGGAAGTTG-1,0.197535,0.199648,0.602817
AGTAGGTAACATACAT-1,0.000081,0.837002,0.162917
AGTATAATACTAGGCA-1,0.087632,0.291561,0.620807
AGTATACACAGCGACA-1,0.000078,0.734683,0.26524
AGTATGCTGGAGACCA-1,0.603301,0.000481,0.396218
AGTATTTGGCACGACC-1,0.000102,0.807513,0.192386
AGTCAAATGATGTGAT-1,0.000124,0.013576,0.9863
AGTCAACACCACCATC-1,0.5012,0.022014,0.476786
AGTCAAGATGACACTT-1,0.953345,0.000565,0.04609
AGTCACTAGCTCTCGA-1,0.064387,0.278441,0.657172
AGTCAGCCACCGCCTG-1,0.060036,0.444919,0.495045
AGTCCATTGGCTGATG-1,0.000166,0.598071,0.401763
AGTCCCGCCTTTAATT-1,0.872762,0.057126,0.070112
AGTCCCTCGCAGAAAG-1,0.109556,0.411289,0.479155
AGTCGAAACGATTCAG-1,0.506556,0.051473,0.441971
AGTCGACGGTCTCAAG-1,0.190666,0.328321,0.481013
AGTCGGCCCAAACGAC-1,0.152844,0.068909,0.778247
AGTCGGCTCAACTTTA-1,0.956239,0.039848,0.003913
AGTCGGTTGCGTGAGA-1,0.360773,0.228433,0.410794
AGTCGTATAAAGCAGA-1,0.947547,0.01657,0.035882
AGTCGTCGACCACCAA-1,0.12837,0.667113,0.204517
AGTCGTGGGCATTACG-1,0.879209,0.000535,0.120255
AGTCTAAAGTATACTC-1,0.000133,0.690976,0.308891
AGTCTCACAAGACTAC-1,0.822768,0.000811,0.17642
AGTCTGGACATCCTTG-1,0.015688,0.345578,0.638734
AGTCTTCTCCTCAAAT-1,0.478696,0.000584,0.52072
AGTCTTTAAAGTGTCC-1,0.17762,0.196088,0.626293
AGTGAACAAACTTCTC-1,0.000106,0.616001,0.383893
AGTGAAGATGGTGTCC-1,0.259896,0.498092,0.242013
AGTGACCTACTTTACG-1,0.017451,0.000415,0.982134
AGTGACTGTGACACAA-1,0.056527,0.041428,0.902045
AGTGAGACTTCCAGTA-1,0.040558,0.139553,0.819888
AGTGAGCCTCGCCGCC-1,0.028888,0.936008,0.035103
AGTGAGGGTTTCTGAC-1,0.04756,0.290702,0.661738
AGTGAGTCGAATTAAC-1,0.047551,0.55943,0.393019
AGTGATAACCTGCGCG-1,0.153474,0.401784,0.444741
AGTGATATGAGTAGTT-1,0.000311,0.057535,0.942155
AGTGATTCAAGCAGGA-1,0.068674,0.799186,0.13214
AGTGCACGCTTAAGAA-1,0.000112,0.32877,0.671118
AGTGCGTAGCTCGTAA-1,0.071449,0.863775,0.064777
AGTGCTAAACACAGCA-1,0.1373,0.390451,0.472249
AGTGCTTGCACGAATA-1,0.039876,0.187771,0.772352
AGTGGCGGCAATTTGA-1,0.057749,0.211235,0.731016
AGTGGCGTCTGAAGGT-1,0.000106,0.810735,0.18916
AGTGGCTCCGTCGGCC-1,0.92576,0.000249,0.073991
AGTGGGAGTATACACG-1,0.100951,0.874261,0.024788
AGTGGTGTTACCCGTG-1,0.281573,0.321472,0.396955
AGTGGTTGCGTATAGG-1,0.728257,0.086958,0.184785
AGTGTATTGCGCATTG-1,0.077116,0.783538,0.139346
AGTGTGCTAAGATCGC-1,0.000105,0.341048,0.658847
AGTGTGGTCTATTGTG-1,0.093395,0.606992,0.299614
AGTTAAACACTTGCGA-1,0.268538,0.264639,0.466823
AGTTAAGCGGTCCCGG-1,0.00647,0.005865,0.987665
AGTTAAGTCAACCGCT-1,0.838567,0.000312,0.161121
AGTTACCCTTAAGACT-1,0.024234,0.469589,0.506177
AGTTACCGCACATGGT-1,0.000092,0.49264,0.507268
AGTTACTCTATCGTGG-1,0.108847,0.435387,0.455766
AGTTCACCGGTTGGAC-1,0.209865,0.067216,0.722918
AGTTCCTACAGAATTA-1,0.000134,0.518672,0.481194
AGTTCCTATTTATGTT-1,0.028859,0.100027,0.871113
AGTTCTGCGTTGTATC-1,0.87833,0.078385,0.043285
AGTTGACATCGGCTGG-1,0.126867,0.108325,0.764808
AGTTGACGGTCCTTGC-1,0.000086,0.846309,0.153605
AGTTGCGGTCCTCAAC-1,0.287791,0.484418,0.22779
AGTTGCTGACTGATAT-1,0.00681,0.197224,0.795965
AGTTGGCAAGGCTAGA-1,0.000076,0.779113,0.220811
AGTTTATGTAAAGACA-1,0.02455,0.230509,0.744941
AGTTTCGCAGGTCGGA-1,0.015809,0.140817,0.843374
AGTTTGCACCTGCCTC-1,0.137788,0.098273,0.76394
AGTTTGGCACGGGTTG-1,0.034784,0.381199,0.584017
AGTTTGGCCAGACCTA-1,0.86876,0.000395,0.130845
ATAAACGGACCCGTAA-1,0.104894,0.061151,0.833955
ATAAACGTTGCACCAC-1,0.015597,0.55633,0.428073
ATAAAGGCTCGGTCGT-1,0.114968,0.000595,0.884436
ATAAATATTAGCAGCT-1,0.162039,0.062164,0.775797
ATAACGCCGGAGGGTC-1,0.158054,0.136355,0.705591
ATAACGGAGTCCAACG-1,0.048416,0.026457,0.925126
ATAACGTTACCTCCAC-1,0.072719,0.000198,0.927083
ATAAGCAAACACCGAG-1,0.001087,0.373867,0.625046
ATAAGGTGGAGAACAT-1,0.000172,0.358369,0.641459
ATAAGTACCCGATTGT-1,0.034554,0.000267,0.965179
ATAAGTAGGATTCAGA-1,0.02837,0.4941,0.477529
ATAAGTAGGGCGACTC-1,0.112062,0.09755,0.790388
ATAAGTTACCGCGACG-1,0.010803,0.268814,0.720383
ATAATACCGTTAGCCG-1,0.010867,0.572504,0.416629
ATAATAGCTGTTGAAT-1,0.006157,0.363263,0.63058
ATAATAGTGTAGGGAC-1,0.000126,0.121571,0.878303
ATAATCTTGGAGAACC-1,0.158245,0.176698,0.665057
ATAATTAGCTAAGTAG-1,0.000047,0.919389,0.080564
ATACAGGCCCTCCAAT-1,0.000223,0.052041,0.947735
ATACCACGGGCAACTT-1,0.117824,0.011199,0.870978
ATACCAGGCTAATAGA-1,0.997942,0.001029,0.001029
ATACCGTCATCCATAA-1,0.023014,0.000161,0.976825
ATACCTAACCAAGAAA-1,0.078249,0.329742,0.592009
ATACGAAGGCTTTCCA-1,0.043887,0.03021,0.925904
ATACGCCGGCGAAACC-1,0.642328,0.000767,0.356905
ATACGGAACGTCGTTT-1,0.573704,0.174394,0.251901
ATACGGGTTTCGATTG-1,0.421107,0.000501,0.578392
ATACGGTGAAGATGCA-1,0.990298,0.009531,0.000171
ATACGTACTTAGCCAC-1,0.032114,0.302262,0.665624
ATACGTCCACTCCTGT-1,0.048402,0.408974,0.542624
ATACGTTATGCACGGA-1,0.000186,0.294094,0.70572
ATACTACCCGTACCAC-1,0.037178,0.308386,0.654436
ATACTAGCATGACCCT-1,0.01144,0.248096,0.740463
ATACTCTCGCCACTCT-1,0.066073,0.469567,0.46436
ATACTGCCTTACACCG-1,0.000082,0.903147,0.096771
ATACTTGTTCTCGAGC-1,0.109194,0.564121,0.326685
ATAGACAACGGGACCT-1,0.1898,0.000375,0.809825
ATAGACGAAGAGAAAG-1,0.585378,0.057123,0.3575
ATAGAGTACTGGGACA-1,0.00009,0.818912,0.180998
ATAGAGTTATCAACTT-1,0.124969,0.129538,0.745493
ATAGCAACTAGGGAAG-1,0.043953,0.927823,0.028224
ATAGCCATAACAGTCA-1,0.07492,0.171239,0.753841
ATAGCCTCAGTACCCA-1,0.170705,0.272857,0.556437
ATAGCTGCTCTTGTTA-1,0.313316,0.000209,0.686475
ATAGGCGGCTATAGAA-1,0.64369,0.059308,0.297001
ATAGGCTAGCTTCGCA-1,0.014472,0.266004,0.719523
ATAGGGATATCCTTGA-1,0.000113,0.689468,0.310419
ATAGGTTGGGCAGATG-1,0.372991,0.000513,0.626496
ATAGTCTTTGACGTGC-1,0.441501,0.150407,0.408092
ATAGTGAAGCGTTCTC-1,0.020768,0.638458,0.340774
ATAGTTCCACCCACTC-1,0.009688,0.066804,0.923508
ATATAAAGCGCTCGTG-1,0.000087,0.833282,0.166631
ATATAAATGTAGCTGC-1,0.000213,0.037149,0.962638
ATATAACACGGGCGCA-1,0.160459,0.348708,0.490833
ATATACATGTATGGTA-1,0.920005,0.079346,0.000649
ATATACGCTCGTGACG-1,0.025038,0.563002,0.41196
ATATAGAGTATTGGTC-1,0.576195,0.000438,0.423367
ATATCAACCTACAGAG-1,0.999137,0.000432,0.000432
ATATCAATTCCAGCCT-1,0.362416,0.182091,0.455493
ATATCGGTAGGGAGAT-1,0.099692,0.027947,0.872361
ATATCGTTCCTCGAAC-1,0.562856,0.086953,0.350191
ATATCTCCCTCGTTAA-1,0.000085,0.65105,0.348865
ATATCTTAGGGCCTTC-1,0.97299,0.025925,0.001086
ATATGGGATAGCAACT-1,0.000083,0.893593,0.106324
ATATGTCTCCCTAGCC-1,0.048727,0.758869,0.192405
ATATGTGCACAAACCA-1,0.021898,0.636361,0.341741
ATATTATCCCGTATTT-1,0.124595,0.834729,0.040677
ATATTCAGTTAAACCT-1,0.338845,0.660775,0.000379
ATATTCCACATAGTGA-1,0.035842,0.102825,0.861333
ATATTCCCACAGGTCA-1,0.246882,0.00931,0.743809
ATATTGCTGTCAAAGT-1,0.01813,0.085834,0.896036
ATATTGGAGAGGCCTT-1,0.011934,0.945529,0.042537
ATATTTAACCCTCAAG-1,0.118051,0.002513,0.879436
ATCAAACACTGTTCCA-1,0.012411,0.885357,0.102233
ATCAAACGAAGGTTTG-1,0.999353,0.000324,0.000324
ATCAAGATCCCAGGAC-1,0.000491,0.54876,0.450749
ATCAATCTGGGCTGCA-1,0.880649,0.000953,0.118397
ATCAATGCCGTGGCTG-1,0.890098,0.00186,0.108042
ATCACATTAGAATATC-1,0.060929,0.011912,0.927159
ATCACGTGCTAATTAA-1,0.059705,0.067167,0.873128
ATCACTTCATCCTCGC-1,0.000169,0.070947,0.928884
ATCAGACGGCACGCCG-1,0.99926,0.00037,0.00037
ATCAGCCTCATGCTGC-1,0.037254,0.331637,0.631109
ATCAGCTCGTCCACTA-1,0.288487,0.308473,0.40304
ATCAGGTAGCTGACAG-1,0.116044,0.679095,0.204861
ATCAGGTCGCCATTGC-1,0.934704,0.063769,0.001527
