Barcode,Topic 1,Topic 2,Topic 3,Topic 4,Topic 5,Topic 6,Topic 7,Topic 8
AAACAACGAATAGTTC-1,0.008908,0.001492,0.380335,0.241737,0.181156,0.155321,0.005477,0.025574
AAACAAGTATCTCCCA-1,0.508183,0.064702,0.39317,0.023161,0.01064,0.000048,0.000048,0.000048
AAACAATCTACTAGCA-1,0.018482,0.000523,0.516071,0.173742,0.049909,0.172666,0.000563,0.068044
AAACACCAATAACTGC-1,0.000015,0.027484,0.170263,0.177357,0.175545,0.246689,0.110892,0.091755
AAACAGAGCGACTCCT-1,0.969699,0.000426,0.027746,0.000426,0.000426,0.000426,0.000426,0.000426
AAACAGCTTTCAGAAG-1,0.001777,0.065306,0.036306,0.207276,0.131776,0.03992,0.175317,0.342323
AAACAGGGTCTATATT-1,0.051464,0.001626,0.222538,0.05405,0.095419,0.559063,0.011155,0.004684
AAACAGTGTTCCTGGG-1,0.004394,0.055268,0.254093,0.17709,0.085517,0.141581,0.085693,0.196364
AAACATGGTGAGAGGA-1,0.000944,0.031154,0.074067,0.134277,0.167965,0.302552,0.155061,0.133978
AAACATTTCCCGGATT-1,0.000031,0.02247,0.499519,0.240121,0.143853,0.010886,0.024976,0.058144
AAACCACTACACAGAT-1,0.693524,0.016722,0.287067,0.000537,0.000537,0.000537,0.000537,0.000537
AAACCCGAACGAAATC-1,0.369236,0.374031,0.229123,0.010503,0.016136,0.00003,0.000912,0.00003
AAACCGGAAATGTTAA-1,0.000008,0.979425,0.000008,0.000008,0.000008,0.000008,0.008852,0.011686
AAACCGGGTAGGTACC-1,0.000754,0.058893,0.124395,0.179456,0.123821,0.069584,0.218596,0.2245
AAACCGTTCGTCCAGG-1,0.014656,0.106416,0.081637,0.076762,0.205514,0.242586,0.187954,0.084476
AAACCTAAGCAGCCGG-1,0.017195,0.058232,0.350818,0.103233,0.087466,0.087671,0.084265,0.211119
AAACCTCATGAAGTTG-1,0.021057,0.012818,0.033314,0.108641,0.180718,0.226853,0.181845,0.234753
AAACGAAGAACATACC-1,0.231129,0.003866,0.385999,0.161171,0.038909,0.004274,0.001721,0.172932
AAACGAAGATGGAGTA-1,0.004619,0.082849,0.073959,0.130317,0.259375,0.039976,0.218601,0.190304
AAACGACAGTCTTGCC-1,0.679972,0.074997,0.242185,0.000569,0.000569,0.000569,0.000569,0.000569
AAACGAGACGGTTGAT-1,0.073307,0.059233,0.09971,0.169736,0.118227,0.288003,0.017054,0.17473
AAACGCCCGAGATCGG-1,0.889211,0.000852,0.105677,0.000852,0.000852,0.000852,0.000852,0.000852
AAACGCTGGGCACGAC-1,0.142998,0.513155,0.261746,0.008728,0.00896,0.061099,0.003075,0.000237
AAACGGGCGTACGGGT-1,0.044867,0.000032,0.662441,0.073836,0.103044,0.075025,0.021115,0.019642
AAACGGGTTGGTATCC-1,0.11885,0.000039,0.498829,0.146146,0.191119,0.038763,0.005541,0.000713
AAACGGTTGCGAACTG-1,0.000025,0.021066,0.332016,0.325565,0.054839,0.049442,0.13648,0.080568
AAACGTGTTCGCCCTA-1,0.989834,0.009653,0.000086,0.000085,0.000085,0.000085,0.000085,0.000085
AAACTAACGTGGCGAC-1,0.998003,0.000285,0.000285,0.000285,0.000285,0.000285,0.000285,0.000285
AAACTCGGTTCGCAAT-1,0.058263,0.040908,0.412624,0.148913,0.050279,0.162297,0.052931,0.073786
AAACTCGTGATATAAG-1,0.858527,0.116586,0.000848,0.000056,0.00696,0.016909,0.000056,0.000056
AAACTGCTGGCTCCAA-1,0.035858,0.024379,0.452161,0.259035,0.061014,0.030348,0.034246,0.102959
AAACTTAATTGCACGC-1,0.010917,0.07426,0.089406,0.152281,0.087894,0.270589,0.137182,0.177469
AAACTTGCAAACGTAT-1,0.010749,0.13655,0.016165,0.076687,0.146161,0.029924,0.261768,0.321997
AAAGAATGACCTTAGA-1,0.003954,0.02398,0.176665,0.129329,0.223539,0.089531,0.163137,0.189864
AAAGAATGTGGACTAA-1,0.004163,0.047232,0.763416,0.132279,0.011752,0.014375,0.018537,0.008247
AAAGACATGAAGTTTA-1,0.997599,0.000343,0.000343,0.000343,0.000343,0.000343,0.000343,0.000343
AAAGACCCAAGTCGCG-1,0.083497,0.026796,0.12651,0.25268,0.112294,0.072195,0.012192,0.313835
AAAGACTGGGCGCTTT-1,0.220861,0.03185,0.042412,0.073393,0.122715,0.325764,0.116957,0.066049
AAAGCTTGCCTACATA-1,0.722947,0.000173,0.276017,0.000173,0.000173,0.000173,0.000173,0.000173
AAAGGCCCTATAATAC-1,0.007777,0.038408,0.133437,0.221505,0.22172,0.119323,0.140577,0.117252
AAAGGCTACGGACCAT-1,0.04729,0.004429,0.553748,0.097757,0.114121,0.059007,0.109114,0.014534
AAAGGCTCTCGCGCCG-1,0.010205,0.001272,0.286496,0.160066,0.084295,0.292722,0.064398,0.100546
AAAGGGATGTAGCAAG-1,0.183185,0.000035,0.344183,0.011479,0.018658,0.439884,0.000035,0.002542
AAAGGGCAGCTTGAAT-1,0.011277,0.056722,0.173129,0.179216,0.255568,0.063203,0.079114,0.181771
AAAGGTAAGCTGTACC-1,0.816109,0.06705,0.020861,0.00006,0.020914,0.074885,0.00006,0.00006
AAAGGTCAACGACATG-1,0.816,0.081336,0.048879,0.000229,0.000229,0.000229,0.05287,0.000229
AAAGTAGCATTGCTCA-1,0.032447,0.021416,0.077961,0.095445,0.127559,0.252871,0.30319,0.08911
AAAGTCACTGATGTAA-1,0.072593,0.010795,0.068974,0.097553,0.050974,0.372894,0.013793,0.312423
AAAGTCGACCCTCAGT-1,0.009764,0.008019,0.300423,0.129215,0.178669,0.27811,0.041979,0.053821
AAAGTGCCATCAATTA-1,0.002253,0.953739,0.000916,0.002136,0.001507,0.023246,0.007725,0.008477
AAAGTGTGATTTATCT-1,0.03679,0.032081,0.075822,0.191645,0.08248,0.053676,0.061958,0.465548
AAAGTTGACTCCCGTA-1,0.119643,0.037259,0.356266,0.178084,0.085246,0.011615,0.019236,0.192652
AAATAACCATACGGGA-1,0.997654,0.000095,0.000095,0.000095,0.000095,0.001776,0.000095,0.000095
AAATAAGGTAGTGCCC-1,0.99724,0.000022,0.000022,0.000022,0.000022,0.002629,0.000022,0.000022
AAATACCTATAAGCAT-1,0.000866,0.036937,0.000014,0.014203,0.00278,0.240178,0.037097,0.667926
AAATAGCTTAGACTTT-1,0.463763,0.499245,0.000019,0.000019,0.000019,0.001014,0.03571,0.000211
AAATAGGGTGCTATTG-1,0.000025,0.008332,0.07432,0.215295,0.173361,0.138479,0.03936,0.350828
AAATCACTCCTAAACG-1,0.534364,0.000768,0.461027,0.000768,0.000768,0.000768,0.000768,0.000768
AAATCCGATACACGCC-1,0.01604,0.015725,0.112134,0.104504,0.09944,0.287702,0.020846,0.343609
AAATCGCGGAAGGAGT-1,0.000084,0.065522,0.130151,0.187031,0.259592,0.156794,0.119859,0.080966
AAATCGTGTACCACAA-1,0.000031,0.034273,0.214218,0.138803,0.0613,0.375141,0.036759,0.139475
AAATCTAGCCCTGCTA-1,0.264967,0.000214,0.733749,0.000214,0.000214,0.000214,0.000214,0.000214
AAATCTGCCCGCGTCC-1,0.00524,0.080607,0.001018,0.032912,0.168144,0.132985,0.285318,0.293776
AAATGACTGATCAAAC-1,0.012209,0.020975,0.662373,0.118162,0.05677,0.008295,0.060229,0.060987
AAATGATTCGATCAGC-1,0.78351,0.041112,0.04352,0.007688,0.068961,0.037075,0.000064,0.018072
AAATGCTCGTTACGTT-1,0.009289,0.003843,0.177539,0.242408,0.145953,0.225425,0.07784,0.117703
AAATGGCATGTCTTGT-1,0.039362,0.000046,0.494855,0.252784,0.089703,0.003613,0.020644,0.098992
AAATGGCCCGTGCCCT-1,0.024046,0.019284,0.085165,0.125664,0.169128,0.405133,0.118584,0.052996
AAATGGTCAATGTGCC-1,0.092647,0.06896,0.275223,0.130989,0.186815,0.1363,0.027942,0.081124
AAATGTATCTTATCCC-1,0.02102,0.07306,0.014176,0.097666,0.099313,0.129891,0.096964,0.46791
AAATGTGGGTGCTCCT-1,0.035473,0.139539,0.107316,0.230529,0.009931,0.006258,0.063243,0.407711
AAATTAACGGGTAGCT-1,0.064457,0.002168,0.538803,0.090609,0.084901,0.141173,0.024964,0.052925
AAATTAATAAGCGCGA-1,0.090287,0.008908,0.213398,0.089331,0.217916,0.323087,0.024155,0.032919
AAATTACACGACTCTG-1,0.71856,0.09614,0.156842,0.022627,0.000104,0.000104,0.00552,0.000104
AAATTACCTATCGATG-1,0.674614,0.018232,0.248259,0.03167,0.020183,0.000068,0.000068,0.006905
AAATTCCAGGTCCAAA-1,0.891551,0.051321,0.000029,0.000029,0.000029,0.056983,0.000029,0.000029
AAATTGATAGTCCTTT-1,0.024479,0.021859,0.231183,0.112864,0.174815,0.188429,0.115193,0.131178
AAATTGCGGCGGTTCT-1,0.009541,0.024288,0.205541,0.390512,0.186975,0.039311,0.021901,0.12193
AAATTGGTGAGAAGCA-1,0.956719,0.000133,0.042485,0.000133,0.000133,0.000133,0.000133,0.000133
AAATTTACCGAAATCC-1,0.365813,0.00483,0.277366,0.221257,0.031336,0.03895,0.000863,0.059585
AAATTTGCGGGTGTGG-1,0.000029,0.005721,0.301563,0.26203,0.132714,0.118896,0.109477,0.069571
AACAACTGGTAGTTGC-1,0.02438,0.051216,0.032881,0.075964,0.014846,0.07525,0.131355,0.594107
AACAATACATTGTCGA-1,0.009025,0.120322,0.00913,0.023695,0.03609,0.285156,0.338701,0.177881
AACAATTACTCTACGC-1,0.004563,0.040012,0.030952,0.082579,0.111904,0.057175,0.240352,0.432464
AACACACGCTCGCCGC-1,0.017847,0.039993,0.232381,0.382212,0.064101,0.153175,0.021859,0.088433
AACACGACTGTACTGA-1,0.257207,0.000032,0.112079,0.293718,0.021499,0.002882,0.006227,0.306357
AACACGAGACGCGGCC-1,0.016385,0.038068,0.339777,0.060959,0.228578,0.048869,0.205922,0.061442
AACACGCGGCCGCGAA-1,0.054931,0.05726,0.248673,0.321963,0.099726,0.015351,0.019067,0.183029
AACAGCTGTGTGGCAA-1,0.020897,0.108937,0.130637,0.143753,0.093626,0.099375,0.113958,0.288817
AACAGGAAATCGAATA-1,0.055422,0.005401,0.135965,0.185369,0.148248,0.184575,0.008171,0.276849
AACAGGATGGGCCGCG-1,0.057198,0.034478,0.042632,0.121237,0.167847,0.104288,0.269346,0.202975
AACAGGTAGTATGGAT-1,0.011698,0.9438,0.007118,0.007492,0.00107,0.000019,0.011094,0.017709
AACATAGCGTGTATCG-1,0.232544,0.092114,0.299337,0.070391,0.054949,0.123036,0.064738,0.062891
AACATATCAACTGGTG-1,0.979302,0.000038,0.002903,0.000038,0.000038,0.017603,0.000038,0.000038
AACATCGATACGTCTA-1,0.99967,0.000047,0.000047,0.000047,0.000047,0.000047,0.000047,0.000047
AACATTGAAGTTGATC-1,0.000722,0.074758,0.053117,0.220837,0.233913,0.1136,0.108563,0.194489
AACATTGGTCAGCCGT-1,0.003157,0.028463,0.042605,0.27248,0.181218,0.105847,0.046694,0.319535
AACATTGTGACTCGAG-1,0.030848,0.260683,0.157974,0.078271,0.161322,0.19232,0.075675,0.042906
AACCAAGACTTCTCTG-1,0.087666,0.005736,0.254876,0.140214,0.310541,0.119458,0.053549,0.02796
AACCAGTATCACTCTT-1,0.813149,0.000252,0.185337,0.000252,0.000252,0.000252,0.000252,0.000252
AACCATAGGGTTGAAC-1,0.047194,0.046038,0.189435,0.081539,0.190577,0.187525,0.136904,0.120788
AACCATGGGATCGCTA-1,0.054662,0.051471,0.006102,0.077869,0.033432,0.006367,0.078641,0.691456
AACCCAGAGACGGAGA-1,0.016388,0.010677,0.317717,0.170248,0.294369,0.124732,0.003879,0.06199
AACCCATCCCATGATC-1,0.000014,0.07607,0.072981,0.1821,0.110007,0.073941,0.28394,0.200948
AACCCGACAACCCGTG-1,0.017903,0.04229,0.195139,0.150677,0.202059,0.229671,0.113352,0.04891
AACCCGAGCAGAATCG-1,0.185021,0.518808,0.080345,0.016685,0.063803,0.133406,0.001877,0.000054
AACCCGATAGGGCTTC-1,0.527288,0.276562,0.194736,0.000283,0.000283,0.000283,0.000283,0.000283
AACCCGCTGTATTCCA-1,0.05497,0.049143,0.464432,0.213919,0.02299,0.023467,0.075688,0.095391
AACCCTACTGTCAATA-1,0.157958,0.046123,0.262838,0.235586,0.127101,0.038424,0.012234,0.119737
AACCCTGGTGGAACCA-1,0.201422,0.009275,0.184211,0.170398,0.091427,0.053522,0.011204,0.27854
AACCGAGCTTGGTCAT-1,0.09801,0.027057,0.169233,0.103742,0.081341,0.270102,0.035504,0.21501
AACCGCTAAGGGATGC-1,0.018744,0.050325,0.132678,0.392416,0.085577,0.013461,0.052093,0.254706
AACCGTTGTGTTTGCT-1,0.106181,0.002753,0.370037,0.180467,0.118533,0.182006,0.000565,0.039458
AACCTAAAGCCGTCCG-1,0.541776,0.366501,0.021533,0.025783,0.020697,0.000055,0.022514,0.001141
AACCTCGCTTTAGCCC-1,0.08113,0.000034,0.368896,0.173337,0.140672,0.168906,0.01277,0.054255
AACCTGTCACGGAATT-1,0.744911,0.120101,0.000038,0.000038,0.000409,0.134426,0.000038,0.000038
AACCTTTAAATACGGT-1,0.000027,0.01645,0.08338,0.214584,0.167912,0.005235,0.027891,0.484521
AACCTTTACGACGTCT-1,0.914045,0.000288,0.084228,0.000288,0.000288,0.000288,0.000288,0.000288
AACGAAAGTCGTCCCA-1,0.000649,0.03574,0.160949,0.180474,0.161164,0.131061,0.125481,0.204483
AACGACCTCCTAGCCG-1,0.263285,0.002338,0.674813,0.000036,0.000036,0.059419,0.000036,0.000036
AACGATAATGCCGTAG-1,0.002856,0.050916,0.114559,0.218107,0.162395,0.066277,0.03808,0.34681
AACGATAGAAGGGCCG-1,0.158359,0.003907,0.161266,0.19365,0.061869,0.171687,0.001372,0.247889
AACGATATGTCAACTG-1,0.035375,0.846825,0.00001,0.00001,0.00001,0.003782,0.090382,0.023605
AACGCATGATCTGGGT-1,0.699973,0.000485,0.297115,0.000485,0.000485,0.000485,0.000485,0.000485
AACGCGAACGGCAACA-1,0.012154,0.001436,0.427675,0.17748,0.272843,0.032507,0.013338,0.062568
AACGCGACCTTGGGCG-1,0.000011,0.125076,0.001197,0.075842,0.007096,0.000126,0.243308,0.547344
AACGCGGTCTCCAGCC-1,0.10139,0.000056,0.149259,0.278786,0.098744,0.148357,0.007629,0.215778
AACGCTGTTGCTGAAA-1,0.120566,0.001782,0.38742,0.059551,0.223381,0.127039,0.012584,0.067677
AACGGACGTACGTATA-1,0.023674,0.057815,0.327137,0.30693,0.086471,0.025439,0.028063,0.144472
AACGGCCATCTCCGGT-1,0.000017,0.071708,0.107585,0.131386,0.106029,0.102789,0.363498,0.116988
AACGTACTGTGGGTAC-1,0.007876,0.068929,0.121982,0.116132,0.108546,0.238745,0.284956,0.052835
AACGTAGTCTACCCAT-1,0.033555,0.012455,0.454506,0.130669,0.183037,0.058484,0.000037,0.127257
AACGTCAGACTAGTGG-1,0.121466,0.047939,0.004926,0.086683,0.049092,0.009961,0.088562,0.591371
AACGTCATCCGGCTTG-1,0.006669,0.003656,0.703458,0.135891,0.028271,0.008443,0.040108,0.073504
AACGTCGCTGCACTTC-1,0.019519,0.328594,0.288964,0.137211,0.013622,0.000662,0.132431,0.078997
AACGTGATGAAGGACA-1,0.997699,0.000329,0.000329,0.000329,0.000329,0.000329,0.000329,0.000329
AACGTGCGAAAGTCTC-1,0.169077,0.000204,0.176364,0.26379,0.046498,0.023541,0.021482,0.299044
AACGTTATCAGCACCT-1,0.155613,0.007165,0.136251,0.0249,0.244239,0.220012,0.2093,0.00252
AACGTTCTACCATTGT-1,0.497839,0.22982,0.199596,0.013289,0.008531,0.040533,0.010365,0.000026
AACTACCCGTTTGTCA-1,0.246213,0.261433,0.478974,0.000092,0.000092,0.000092,0.013012,0.000092
AACTAGCGTATCGCAC-1,0.070773,0.381876,0.035863,0.03207,0.111986,0.172939,0.051801,0.142693
AACTAGGCTTGGGTGT-1,0.004368,0.106879,0.008879,0.049188,0.017189,0.004773,0.15496,0.653763
AACTCAAGTTAATTGC-1,0.004561,0.053164,0.024457,0.044607,0.044055,0.586189,0.098946,0.144022
AACTCCAGAGCGTGTT-1,0.000036,0.029404,0.216306,0.387209,0.036371,0.003637,0.035901,0.291135
AACTCCTAATCCCATG-1,0.892799,0.000283,0.105501,0.000283,0.000283,0.000283,0.000283,0.000283
AACTCGATAAACACGT-1,0.022199,0.000032,0.309979,0.326636,0.217229,0.012066,0.044033,0.067826
AACTCGATGGCGCAGT-1,0.012553,0.00749,0.197749,0.245798,0.137468,0.316194,0.012536,0.070212
AACTCTCAATAGAGCG-1,0.132763,0.017086,0.294119,0.02646,0.217138,0.29755,0.003416,0.011469
AACTCTCAGTGTGCTC-1,0.08355,0.145856,0.032091,0.039409,0.06365,0.306747,0.21071,0.117987
AACTGAGGTCAGCGTC-1,0.986643,0.000135,0.012545,0.000135,0.000135,0.000135,0.000135,0.000135
AACTGAGTTATACTGA-1,0.072161,0.811974,0.002226,0.001172,0.003269,0.078545,0.02175,0.008903
AACTGATATTAGGCCT-1,0.109471,0.007632,0.049913,0.29543,0.078293,0.149893,0.007351,0.302018
AACTGGGTCCCGACGT-1,0.148043,0.011207,0.000579,0.031962,0.004384,0.000705,0.019508,0.783613
AACTGGGTTCGAGCCG-1,0.84813,0.000196,0.140319,0.000196,0.01057,0.000196,0.000196,0.000196
AACTGGTGTGGGCCTT-1,0.020071,0.011044,0.239749,0.164568,0.074207,0.145087,0.009879,0.335394
AACTTCTGCGTCTATC-1,0.051704,0.074823,0.079683,0.132597,0.163477,0.168519,0.032219,0.296977
AACTTGCCCGTATGCA-1,0.029751,0.030424,0.104439,0.093268,0.212764,0.276218,0.137174,0.115961
AACTTGCGTTCTCGCG-1,0.001039,0.004234,0.121344,0.417239,0.129935,0.088352,0.109896,0.127962
AACTTTACGGGAGCTT-1,0.052107,0.000682,0.120444,0.197578,0.355141,0.181329,0.022192,0.070527
AACTTTAGCTGCTGAG-1,0.029269,0.011707,0.219199,0.317943,0.029738,0.010522,0.00009,0.381532
AACTTTCTCGATCATG-1,0.772644,0.000094,0.223555,0.000832,0.002605,0.00009,0.00009,0.00009
AAGAAAGTTTGATGGG-1,0.005033,0.088903,0.032162,0.090842,0.199134,0.071809,0.339198,0.172919
AAGAAATCACCAGATT-1,0.929677,0.068393,0.000042,0.000042,0.000042,0.000042,0.001723,0.000042
AAGAAGGATCAGTTAG-1,0.051465,0.012158,0.096744,0.111851,0.143284,0.230489,0.034687,0.319323
AAGACATACGTGGTTT-1,0.064435,0.284174,0.647053,0.004106,0.000058,0.000058,0.000058,0.000058
AAGACCAAATAACTCA-1,0.000012,0.027055,0.123593,0.147399,0.138802,0.199134,0.226296,0.137709
AAGACCCAACTGAACA-1,0.000421,0.059343,0.276048,0.20537,0.080781,0.024325,0.093484,0.260229
AAGACTAACCCGTTGT-1,0.039363,0.002997,0.292008,0.14192,0.191351,0.267305,0.006199,0.058857
AAGACTCACGCCCACT-1,0.997384,0.000374,0.000374,0.000374,0.000374,0.000374,0.000374,0.000374
AAGACTGCAAGCTACT-1,0.159813,0.015225,0.227519,0.169828,0.042529,0.112372,0.026655,0.24606
AAGAGATGAATCGGTA-1,0.076858,0.197796,0.064181,0.069734,0.129549,0.062296,0.209579,0.190008
AAGAGCTCTTTATCGG-1,0.015972,0.107258,0.001042,0.07125,0.003517,0.004012,0.12629,0.670658
AAGAGGATGTACGCGA-1,0.047067,0.054162,0.085187,0.126809,0.153656,0.144505,0.263783,0.124832
AAGAGGCATGGATCGC-1,0.056412,0.170956,0.214755,0.20471,0.072185,0.015817,0.025247,0.239917
AAGAGGCCCTTTGGAA-1,0.000029,0.170135,0.700927,0.107201,0.008035,0.000029,0.001979,0.011666
AAGATGGCACCGGACC-1,0.294217,0.034983,0.279915,0.138177,0.11723,0.046695,0.050865,0.037918
AAGATTGGCGGAACGT-1,0.093064,0.183168,0.025858,0.082976,0.065083,0.033374,0.058609,0.457869
AAGCACCCTGCGTATC-1,0.061314,0.025647,0.187118,0.109921,0.284697,0.255104,0.006425,0.069775
AAGCATACTCTCCTGA-1,0.001127,0.007987,0.358054,0.249481,0.134535,0.117378,0.023635,0.107804
AAGCCACTTGCAGGTA-1,0.007454,0.052006,0.308211,0.051572,0.169777,0.2989,0.095103,0.016977
AAGCCGAAGCGGTTTA-1,0.320827,0.000355,0.677045,0.000355,0.000355,0.000355,0.000355,0.000355
AAGCCGCCGTGAAATC-1,0.054581,0.058223,0.347901,0.163732,0.144576,0.091622,0.090555,0.04881
AAGCCGCTTTACCTTG-1,0.82427,0.068801,0.073746,0.00012,0.00012,0.00012,0.007554,0.02527
AAGCCGGAGAGCAGGA-1,0.001728,0.924792,0.006751,0.003422,0.003278,0.053645,0.003411,0.002974
AAGCGCAGGGCTTTGA-1,0.002291,0.46906,0.165231,0.0392,0.096569,0.181414,0.031302,0.014932
AAGCGGAGTGCGCGCA-1,0.798846,0.14147,0.058154,0.000306,0.000306,0.000306,0.000306,0.000306
AAGCGGCGTCATGGGT-1,0.774233,0.00011,0.154029,0.0475,0.020101,0.00011,0.00011,0.003808
AAGCGTCCCTCATCGA-1,0.036123,0.167942,0.019915,0.052759,0.08737,0.23649,0.245272,0.154131
AAGCTAGATCGAGTAA-1,0.001853,0.00858,0.340507,0.180331,0.233754,0.139079,0.03151,0.064386
AAGCTATGGATTGACC-1,0.016653,0.061602,0.02001,0.036176,0.373765,0.31886,0.099573,0.07336
AAGCTCGTGCCAAGTC-1,0.084821,0.030472,0.013085,0.050639,0.017274,0.074752,0.060091,0.668864
AAGCTCTTTCATGGTG-1,0.000046,0.014186,0.318617,0.349836,0.067503,0.069751,0.034457,0.145602
AAGGAGAACTTATAAG-1,0.109336,0.00003,0.482775,0.197549,0.087972,0.049523,0.00003,0.072785
AAGGAGCGGTTGGTGC-1,0.056664,0.202175,0.116021,0.075611,0.295049,0.041389,0.164939,0.048151
AAGGATCGATCGCTTG-1,0.479383,0.226908,0.274224,0.013651,0.001459,0.000047,0.004281,0.000047
AAGGATGAGGGACCTC-1,0.169948,0.018988,0.325025,0.198894,0.13081,0.087656,0.00329,0.06539
AAGGCAGGCTGTCTCC-1,0.538364,0.24918,0.207441,0.004739,0.000069,0.000069,0.000069,0.000069
AAGGCGCGTAAAGCTT-1,0.109414,0.064523,0.094708,0.252313,0.058435,0.065509,0.05454,0.300557
AAGGCTGTGCTCATCG-1,0.001732,0.08127,0.000023,0.013586,0.005191,0.009151,0.174631,0.714417
AAGGGAACGACTGGCT-1,0.00371,0.040984,0.358109,0.211144,0.136834,0.102318,0.069491,0.077411
AAGGGACAGATTCTGT-1,0.257495,0.002323,0.203389,0.195153,0.050581,0.003869,0.001907,0.285283
AAGGGACTATGCATTC-1,0.019099,0.05504,0.19757,0.141139,0.28105,0.122673,0.068821,0.114609
AAGGGTTAGCCATGCG-1,0.366098,0.005899,0.395705,0.000044,0.000044,0.232122,0.000044,0.000044
AAGGGTTTGATTTCAG-1,0.005603,0.052748,0.12919,0.103169,0.196721,0.400021,0.085859,0.026688
AAGGTATCCTAATATA-1,0.089142,0.00004,0.281811,0.415881,0.039671,0.007613,0.006819,0.159022
AAGGTGATAAACCAGC-1,0.012066,0.05088,0.038271,0.16864,0.030135,0.005647,0.060327,0.634034
AAGTAAGCTTCCAAAC-1,0.043675,0.063025,0.503429,0.19869,0.052531,0.024433,0.018803,0.095414
AAGTAGAAGACCGGGT-1,0.145564,0.137756,0.014899,0.037754,0.027582,0.057181,0.149877,0.429387
AAGTAGTGACGCGAGG-1,0.062652,0.003458,0.124671,0.109638,0.084869,0.404656,0.189599,0.020457
AAGTCAATTGTCGTCA-1,0.615975,0.058506,0.20619,0.067025,0.028898,0.002045,0.012265,0.009096
AAGTCTAGTAGCTGCC-1,0.949826,0.049725,0.000075,0.000075,0.000075,0.000075,0.000075,0.000075
AAGTCTTCTGTGGCCT-1,0.048591,0.068704,0.075067,0.206623,0.159344,0.078841,0.054052,0.308779
AAGTGACGACCGAATT-1,0.038802,0.362781,0.025392,0.04108,0.067772,0.13159,0.259462,0.073123
AAGTGAGTCGGGTTTA-1,0.040807,0.012184,0.428035,0.057642,0.112565,0.303057,0.018801,0.026908
AAGTGCAAAGGTAGAC-1,0.000015,0.034618,0.007748,0.085104,0.06716,0.041471,0.23739,0.526493
AAGTGCCTTGACTGTA-1,0.68905,0.115494,0.063806,0.057644,0.000075,0.001083,0.059823,0.013025
AAGTGCGTTAGAATCT-1,0.000023,0.018409,0.188223,0.286211,0.192738,0.15451,0.101217,0.05867
AAGTGCTTCTCTATTG-1,0.035368,0.015398,0.244397,0.226238,0.180813,0.063714,0.189988,0.044085
AAGTGTTTGGAGACGG-1,0.007838,0.063605,0.168516,0.134414,0.034273,0.389382,0.043157,0.158814
AAGTTCACTCCAAGCT-1,0.073386,0.004284,0.032358,0.194436,0.04487,0.003025,0.03191,0.61573
AAGTTCAGTCTGCGTA-1,0.684116,0.000549,0.31259,0.000549,0.000549,0.000549,0.000549,0.000549
AAGTTCGGCCAACAGG-1,0.000012,0.177126,0.002146,0.025085,0.020842,0.007959,0.580196,0.186635
AAGTTGTGATGTTATA-1,0.000035,0.065324,0.517756,0.225337,0.021799,0.000805,0.086582,0.082362
AAGTTTACTAATGGCA-1,0.08592,0.000087,0.839262,0.072366,0.002103,0.000087,0.000087,0.000087
AAGTTTATGGGCCCAA-1,0.000013,0.183979,0.04142,0.134987,0.011066,0.002897,0.208195,0.417444
AATAACAACGCTCGGC-1,0.131971,0.040277,0.037353,0.097257,0.089825,0.175709,0.208311,0.219296
AATAACACTAGAACAA-1,0.002168,0.051488,0.025489,0.049642,0.07292,0.221329,0.328777,0.248187
AATAACGTCGCGCCCA-1,0.501145,0.000034,0.487775,0.000034,0.000034,0.010911,0.000034,0.000034
AATAAGTCCTCGAGAC-1,0.362604,0.214822,0.365611,0.055609,0.000338,0.000338,0.000338,0.000338
AATAATCTTCGTATCG-1,0.082941,0.708007,0.179839,0.004022,0.003111,0.002029,0.020026,0.000024
AATACAATGTTTCAGG-1,0.000016,0.532241,0.00139,0.016586,0.050975,0.147457,0.185039,0.066295
AATACCGGAGGGCTGT-1,0.010049,0.074227,0.058269,0.084541,0.084382,0.093715,0.492494,0.102323
AATACCTGATGTGAAC-1,0.033233,0.121525,0.498225,0.178296,0.072525,0.015683,0.006143,0.07437
AATAGAACAGAGTGGC-1,0.093878,0.141382,0.025658,0.029532,0.036226,0.378489,0.222037,0.072798
AATAGAATCTGTTTCA-1,0.148966,0.000042,0.348608,0.142148,0.062626,0.257262,0.000081,0.040268
AATAGCAAGCCTCCTG-1,0.586627,0.412826,0.000091,0.000091,0.000091,0.000091,0.000091,0.000091
AATAGCTACCGCGTGC-1,0.89667,0.021227,0.000613,0.000053,0.031276,0.050056,0.000053,0.000053
AATAGGCACGACCCTT-1,0.01886,0.079738,0.261869,0.105379,0.08674,0.270809,0.136141,0.040464
AATAGTCCGTCCCGAC-1,0.00015,0.01589,0.416567,0.18547,0.162771,0.013988,0.101327,0.103837
AATAGTCGCGAGTCGG-1,0.034681,0.023641,0.010649,0.03831,0.085076,0.355189,0.116648,0.335805
AATATCAAGGTCGGAT-1,0.043854,0.023452,0.375105,0.123246,0.279127,0.081615,0.000689,0.072912
AATATCCTAGCAAACT-1,0.019308,0.019841,0.190262,0.155923,0.300848,0.151214,0.042108,0.120496
AATATCGAATCAATGC-1,0.311586,0.270363,0.196803,0.00031,0.059709,0.000074,0.161081,0.000074
AATATCGAGGGTTCTC-1,0.89931,0.000069,0.057304,0.000069,0.02193,0.021183,0.000069,0.000069
AATATTGGAGTATTGA-1,0.035569,0.000079,0.351886,0.090569,0.369821,0.069438,0.061785,0.020853
AATCAGACTGCAGGAC-1,0.241442,0.003091,0.108805,0.33545,0.043487,0.040569,0.020415,0.206741
AATCAGGTTTCATTTA-1,0.000249,0.028963,0.09574,0.158686,0.190704,0.095859,0.299512,0.130286
AATCATGTAAAGACTC-1,0.219714,0.041268,0.299157,0.109624,0.262016,0.012936,0.025901,0.029384
AATCCAAGGGCCTGAG-1,0.168972,0.012806,0.380048,0.106737,0.040941,0.100705,0.152545,0.037246
AATCCATGCAAGGGTG-1,0.030773,0.014507,0.218665,0.240731,0.364397,0.017608,0.020371,0.092949
AATCCCGCTCAGAGCC-1,0.000026,0.04597,0.544043,0.277713,0.034038,0.000177,0.019586,0.078448
AATCGAGGTCTCAAGG-1,0.097352,0.050111,0.279804,0.111238,0.145592,0.01976,0.089534,0.206609
AATCGCCTCAGCGCCA-1,0.026649,0.000033,0.159228,0.046096,0.014106,0.732845,0.000033,0.02101
AATCGCGCAGAGGACT-1,0.206214,0.765531,0.023952,0.003151,0.000248,0.000046,0.000046,0.000812
AATCGGGACACTACGA-1,0.06305,0.033949,0.043059,0.252926,0.0264,0.096757,0.010101,0.473758
AATCGGTATAGCCCTC-1,0.002804,0.290705,0.332027,0.090389,0.018556,0.017102,0.210519,0.037898
AATCGTGAGCCGAGCA-1,0.106457,0.017405,0.00739,0.000016,0.000016,0.009265,0.859435,0.000016
AATCTAGGTTTACTTG-1,0.099425,0.055141,0.05616,0.059036,0.265585,0.072552,0.238059,0.154041
AATCTATGCCGGAGCC-1,0.836206,0.013198,0.039839,0.000127,0.110247,0.000127,0.000127,0.000127
AATCTCTACTGTGGTT-1,0.00778,0.325187,0.047043,0.052301,0.128979,0.178737,0.134735,0.125238
AATCTGCGTTGGGACG-1,0.181647,0.009036,0.182635,0.211031,0.089582,0.021194,0.012788,0.292087
AATCTGGCTTTCTAGT-1,0.001781,0.04688,0.016881,0.094444,0.086826,0.093757,0.433547,0.225884
AATCTGGGTAGACCCT-1,0.953639,0.000067,0.030571,0.000067,0.012033,0.003489,0.000067,0.000067
AATGACAGCAATGTCT-1,0.00003,0.02946,0.0518,0.197181,0.167221,0.303138,0.159727,0.091443
AATGACGTAGGATGTC-1,0.012827,0.060932,0.012978,0.063394,0.03762,0.028499,0.045535,0.738215
AATGACTGTCAGCCGG-1,0.043434,0.071887,0.108719,0.223521,0.035679,0.0261,0.043459,0.447202
AATGAGTTCGCATATG-1,0.031089,0.001292,0.12844,0.27636,0.47524,0.039006,0.009453,0.039119
AATGATGATACGCTAT-1,0.783285,0.000266,0.215117,0.000266,0.000266,0.000266,0.000266,0.000266
AATGATGCGACTCCTG-1,0.833527,0.000086,0.015102,0.000086,0.032934,0.118094,0.000086,0.000086
AATGCAACCGGGTACC-1,0.058032,0.020026,0.107017,0.109408,0.049675,0.283034,0.022121,0.350688
AATGCACCAAGCAATG-1,0.850714,0.000125,0.06068,0.000125,0.000125,0.087982,0.000125,0.000125
AATGGCCGCCAATGCG-1,0.599632,0.224476,0.174629,0.000252,0.000252,0.000252,0.000252,0.000252
AATGGTCCACCGTTCA-1,0.050969,0.020175,0.203028,0.235951,0.273002,0.100448,0.047564,0.068864
AATGGTTCTCACAAGC-1,0.070239,0.023949,0.006241,0.08271,0.059074,0.096892,0.168292,0.492603
AATGTATGGCACTGTA-1,0.017068,0.005728,0.371101,0.1827,0.184532,0.184833,0.050237,0.003801
AATGTGCCCGAGGTGT-1,0.000105,0.076098,0.101434,0.118518,0.172401,0.230394,0.194686,0.106364
AATGTGCTAATCTGAG-1,0.000009,0.211558,0.000009,0.000799,0.002075,0.19489,0.492336,0.098325
AATGTTAAGACCCTGA-1,0.297116,0.124356,0.207356,0.122727,0.056757,0.011512,0.085045,0.09513
AATGTTGTCGTGAGAC-1,0.000017,0.175292,0.263435,0.362552,0.002925,0.001023,0.050329,0.144426
AATTAAAGGTCGGCGT-1,0.057015,0.035044,0.196076,0.177674,0.089003,0.116252,0.150741,0.178195
AATTAACGGATTTCCA-1,0.055135,0.159446,0.091373,0.150005,0.074591,0.015518,0.144549,0.309383
AATTACGAGACCCATC-1,0.001796,0.026031,0.138289,0.195565,0.361996,0.066545,0.149684,0.060094
AATTACTCGTACGCTC-1,0.014651,0.008492,0.165195,0.356431,0.187883,0.139936,0.053689,0.073724
AATTAGCGCTGCAGCG-1,0.02424,0.00004,0.430408,0.190225,0.17617,0.033959,0.022627,0.122331
AATTATACCCAGCAAG-1,0.001822,0.092023,0.439795,0.17808,0.067972,0.090455,0.08278,0.047074
AATTCATAAGGGATCT-1,0.17589,0.016861,0.171061,0.257411,0.028694,0.015021,0.004907,0.330156
AATTCATTGTCATGCA-1,0.00002,0.011601,0.186639,0.017637,0.027706,0.628459,0.125135,0.002801
AATTCCAACTTGGTGA-1,0.000564,0.016904,0.0991,0.204729,0.11069,0.01717,0.03309,0.517753
AATTCCAAGCATGTAC-1,0.000021,0.058118,0.295279,0.309993,0.030306,0.004239,0.062222,0.239822
AATTCGATTCGAGGAT-1,0.000037,0.001251,0.681996,0.228732,0.05006,0.001555,0.009585,0.026784
AATTCTAGAGTTAGGC-1,0.04725,0.005849,0.367573,0.104217,0.063968,0.352527,0.02165,0.036966
AATTGAACGCTCTGGT-1,0.021044,0.000042,0.401838,0.247108,0.117314,0.081703,0.03771,0.093242
AATTGCAGCAATCGAC-1,0.000576,0.036804,0.202394,0.306603,0.15032,0.01409,0.043097,0.246117
AATTGCGTGGATTACA-1,0.061185,0.046803,0.000012,0.000012,0.001487,0.004601,0.877002,0.008899
AATTGTGGTTGCCAAA-1,0.001044,0.671983,0.303559,0.010165,0.00879,0.002839,0.001608,0.000013
AATTTGGGACATAGTA-1,0.837159,0.000591,0.159297,0.000591,0.000591,0.000591,0.000591,0.000591
AATTTGGTTCCAAAGA-1,0.088177,0.00004,0.45962,0.329995,0.065363,0.011076,0.001858,0.043871
ACAAACCATGCGTCCT-1,0.14563,0.076622,0.198118,0.050521,0.093571,0.357165,0.045664,0.032711
ACAAACCGACAAGGCG-1,0.914849,0.00005,0.084848,0.00005,0.00005,0.00005,0.00005,0.00005
ACAAACTCCATCAGAG-1,0.023145,0.094828,0.294434,0.129931,0.124463,0.103601,0.123457,0.10614
ACAAAGAAGGTAGGCC-1,0.008007,0.022241,0.105072,0.286041,0.109346,0.066506,0.17677,0.226018
ACAAAGCATGACCTAG-1,0.001744,0.207434,0.22136,0.144665,0.132264,0.099788,0.091021,0.101725
ACAAATCGCACCGAAT-1,0.009956,0.003386,0.430383,0.244584,0.128528,0.022859,0.020607,0.139695
ACAAATGGTAGTGTTT-1,0.02051,0.02931,0.08112,0.288913,0.14184,0.003705,0.090162,0.34444
ACAAATTCAGATCTGA-1,0.999129,0.000124,0.000124,0.000124,0.000124,0.000124,0.000124,0.000124
ACAACAGCATGAGCTA-1,0.071456,0.048351,0.100377,0.377877,0.029242,0.088147,0.023849,0.260702
ACAACGGTCCCTGCGA-1,0.03127,0.056348,0.103868,0.112586,0.078344,0.321712,0.100076,0.195796
ACAAGCAGTGCCTAGC-1,0.026843,0.019447,0.10057,0.079904,0.136404,0.19896,0.131218,0.306654
ACAAGCTATATGGAAG-1,0.404609,0.009254,0.117393,0.079687,0.286599,0.027693,0.055569,0.019196
ACAAGGAAATCCGCCC-1,0.000016,0.061571,0.008202,0.092764,0.01194,0.03471,0.10217,0.688628
ACAAGGACAAGAGGTT-1,0.023435,0.042632,0.000016,0.01715,0.008361,0.216314,0.119323,0.572769
ACAAGGATGCTTTAGG-1,0.008134,0.00004,0.472853,0.16843,0.186044,0.045937,0.057002,0.061559
ACAAGGCCTACCAGCC-1,0.737841,0.039757,0.220801,0.00032,0.00032,0.00032,0.00032,0.00032
ACAAGGGCAGGCTCTG-1,0.000015,0.07853,0.000015,0.002238,0.000134,0.441423,0.051468,0.426176
ACAAGTAATTGTAAGG-1,0.001773,0.103519,0.021416,0.05564,0.121485,0.03137,0.508627,0.156171
ACAATAGTCGTACGTT-1,0.410759,0.052312,0.031523,0.0221,0.054242,0.228377,0.157323,0.043363
ACAATCCATTTAAACC-1,0.126148,0.049272,0.016199,0.072368,0.129383,0.015007,0.38749,0.204132
ACAATCGATCTTTATA-1,0.770704,0.000099,0.094609,0.099002,0.015805,0.000099,0.000099,0.019584
ACAATGAATACGGAGA-1,0.032739,0.104596,0.045166,0.087547,0.089813,0.295644,0.252732,0.091763
ACAATGATTCTTCTAC-1,0.863449,0.134862,0.000214,0.000214,0.000214,0.000619,0.000214,0.000214
ACAATTGTGTCTCTTT-1,0.191666,0.093826,0.25875,0.142958,0.218527,0.008533,0.014294,0.071444
ACAATTTAGGAGGCTC-1,0.117876,0.021124,0.072914,0.090299,0.279381,0.277498,0.082653,0.058256
ACAATTTGAGCAGTGG-1,0.029887,0.329152,0.054404,0.093243,0.063449,0.094094,0.065913,0.269859
ACAATTTGGCCATATT-1,0.160753,0.668891,0.099962,0.019652,0.013074,0.00004,0.024816,0.012812
ACACAAAGACGGGTGG-1,0.057128,0.011731,0.314148,0.207467,0.079719,0.192779,0.014537,0.12249
ACACAAATATTCCTAG-1,0.545708,0.430375,0.02346,0.000091,0.000091,0.000091,0.000091,0.000091
ACACACCAGGACCAGT-1,0.015926,0.061315,0.281262,0.304582,0.05694,0.00242,0.016777,0.260778
ACACACTTTCTACACG-1,0.048043,0.024346,0.087181,0.108886,0.054422,0.178761,0.052603,0.445758
ACACATGATCAAATCT-1,0.001003,0.047278,0.102755,0.233836,0.137773,0.112314,0.196395,0.168645
ACACATTGACGCAACA-1,0.000022,0.086411,0.012365,0.076027,0.029668,0.03169,0.303433,0.460385
ACACATTTCCGTAGAC-1,0.023057,0.009881,0.190837,0.290834,0.058334,0.02018,0.053775,0.353099
ACACCACATAATTAGC-1,0.916894,0.000106,0.049866,0.000106,0.000106,0.032708,0.000106,0.000106
ACACCCAGCATGCAGC-1,0.039557,0.047393,0.237715,0.252744,0.040172,0.050686,0.037193,0.294539
ACACCCGAGAAATCCG-1,0.042532,0.030412,0.072843,0.315386,0.117372,0.028068,0.10276,0.290627
ACACCCGTAAATCTGT-1,0.898972,0.000422,0.000422,0.000422,0.000422,0.000422,0.098499,0.000422
ACACCGAGCGCTCTTT-1,0.03302,0.044511,0.05287,0.091972,0.093557,0.100164,0.126912,0.456995
ACACCGGTCTGACCGC-1,0.026698,0.279785,0.012826,0.026278,0.050579,0.227002,0.315716,0.061116
ACACCTTAAGTAGGGC-1,0.043488,0.036757,0.187452,0.083449,0.012893,0.365178,0.095489,0.175295
ACACCTTACTACTTGC-1,0.546045,0.042319,0.404898,0.000185,0.005999,0.000185,0.000185,0.000185
ACACGAGACTCCTTCT-1,0.182377,0.000047,0.264352,0.134434,0.094366,0.231039,0.002625,0.09076
ACACGGCACTATGCAT-1,0.998902,0.000157,0.000157,0.000157,0.000157,0.000157,0.000157,0.000157
ACACGGGAACTTAGGG-1,0.055887,0.077036,0.389169,0.049264,0.050414,0.241129,0.11106,0.026041
ACACGTAGGCCACAAG-1,0.034572,0.418191,0.480261,0.042205,0.019824,0.000038,0.004037,0.000872
ACACTCCAATGTCACT-1,0.01844,0.003386,0.224351,0.420383,0.092392,0.164558,0.007765,0.068725
ACACTGATCAAGGTGT-1,0.166382,0.137282,0.121663,0.02396,0.062833,0.33695,0.122236,0.028695
ACACTGGGACAGTCGT-1,0.026888,0.62826,0.336314,0.008118,0.000299,0.00004,0.00004,0.00004
ACAGAACTGAGAACAA-1,0.152302,0.040988,0.124244,0.066626,0.113684,0.129373,0.335997,0.036785
ACAGATTAGGTTAGTG-1,0.107165,0.000055,0.361398,0.35569,0.040972,0.071948,0.000055,0.062718
ACAGCATAGAGCCAGT-1,0.080966,0.538665,0.014788,0.039874,0.015966,0.091025,0.131274,0.087443
ACAGCGACATTCTCAT-1,0.00969,0.003381,0.494552,0.215277,0.151015,0.019015,0.055803,0.051266
ACAGCGCACCCGCAGC-1,0.894499,0.000184,0.063749,0.038009,0.000184,0.003009,0.000184,0.000184
ACAGGAGGCGCAGCCG-1,0.065875,0.059272,0.215344,0.215146,0.090772,0.05433,0.05563,0.243631
ACAGGCACGGATCCTT-1,0.001705,0.080091,0.087245,0.283016,0.054647,0.147163,0.071565,0.274568
ACAGGCTTGCCCGACT-1,0.021341,0.023889,0.292162,0.160326,0.134251,0.051604,0.04933,0.267097
ACAGGTGGAGGTGAGG-1,0.001993,0.065223,0.00999,0.023721,0.036901,0.253614,0.359509,0.249048
ACAGGTGTGTTGTTGC-1,0.02528,0.093158,0.000016,0.012345,0.024586,0.093342,0.199645,0.551628
ACAGTAATACAACTTG-1,0.02648,0.002253,0.250338,0.128474,0.124791,0.435382,0.007221,0.025061
ACAGTATACCGTGGGA-1,0.884981,0.026541,0.000046,0.000046,0.000046,0.08654,0.001754,0.000046
ACAGTGCAGCGCATTT-1,0.448886,0.518956,0.029914,0.000449,0.000449,0.000449,0.000449,0.000449
ACATAAGTCGTGGTGA-1,0.000493,0.037123,0.148895,0.205964,0.222438,0.116113,0.122926,0.146048
ACATAATAAGGCGGTG-1,0.218911,0.115344,0.002489,0.033984,0.017947,0.002029,0.090441,0.518854
ACATACAATCAAGCGG-1,0.002467,0.026229,0.468455,0.194547,0.117389,0.013749,0.051128,0.126036
ACATCAGCTGGGACGC-1,0.042239,0.003263,0.179219,0.166696,0.092247,0.264701,0.113642,0.137993
ACATCCCGGCCATACG-1,0.163896,0.045467,0.304389,0.075322,0.171761,0.162933,0.031798,0.044434
ACATCCTGGTAACTGT-1,0.516193,0.281894,0.146007,0.049363,0.00615,0.000087,0.000087,0.000219
ACATCGATCGTTTACC-1,0.080936,0.006277,0.318328,0.117367,0.036923,0.000055,0.407183,0.03293
ACATCGCAATATTCGG-1,0.001974,0.030149,0.250306,0.123648,0.244235,0.284014,0.058185,0.007489
ACATCGGTCAGCCGCG-1,0.000021,0.035293,0.030724,0.222019,0.106526,0.022367,0.359747,0.223303
ACATCGTATGCAATGG-1,0.010869,0.025947,0.183077,0.124671,0.093461,0.039962,0.039598,0.482416
ACATCGTTAACCTAGT-1,0.269677,0.00008,0.388507,0.272224,0.055292,0.00008,0.00008,0.01406
ACATCTCAACGCGTAA-1,0.684422,0.000222,0.314248,0.000222,0.000222,0.000222,0.000222,0.000222
ACATGCTTACGGCAGC-1,0.037776,0.045337,0.059304,0.0457,0.162401,0.140783,0.475611,0.033088
ACATGGCGCCAAAGTA-1,0.849191,0.000073,0.142368,0.005517,0.002632,0.000073,0.000073,0.000073
ACATGGCTCAATTTAG-1,0.055108,0.01817,0.043226,0.169082,0.234971,0.015911,0.218139,0.245394
ACATTAGTTTATATCC-1,0.046341,0.037196,0.020813,0.076237,0.057856,0.186074,0.104156,0.471326
ACATTCGCGCGGAATA-1,0.008458,0.057706,0.024415,0.048303,0.129275,0.074852,0.565929,0.091062
ACATTTGAAACCTAAC-1,0.023829,0.005183,0.436074,0.013312,0.003187,0.518365,0.000025,0.000025
ACCAAACACCCAGCGA-1,0.916753,0.000036,0.000036,0.000036,0.000036,0.083033,0.000036,0.000036
ACCAAACTAGAAATCC-1,0.70988,0.000168,0.284124,0.005156,0.000168,0.000168,0.000168,0.000168
ACCAACACCACACACT-1,0.846336,0.025962,0.02624,0.009516,0.014178,0.077682,0.000043,0.000043
ACCAACCGCACTCCAC-1,0.004519,0.008484,0.156855,0.232486,0.190985,0.00648,0.043403,0.356787
ACCAACGCTTATTTAT-1,0.136413,0.088086,0.064284,0.040964,0.048384,0.534627,0.021468,0.065774
ACCAAGAACGCGTGTC-1,0.055017,0.096048,0.144768,0.156126,0.03963,0.01376,0.087228,0.407423
ACCAAGTCATCGGCAG-1,0.00003,0.073748,0.770183,0.087953,0.011837,0.00206,0.019092,0.035096
ACCAATATGCAAGTTA-1,0.014528,0.024585,0.128648,0.150525,0.084436,0.079819,0.062957,0.454503
ACCACAACTCAGAACA-1,0.845655,0.000098,0.063913,0.054268,0.000098,0.000098,0.007381,0.028488
ACCACAAGTTTCTATC-1,0.141164,0.008361,0.211483,0.223608,0.026822,0.008434,0.067522,0.312606
ACCACACGGTTGATGG-1,0.180472,0.011564,0.5578,0.027205,0.132252,0.060827,0.010587,0.019293
ACCACCAATGTAACAA-1,0.346004,0.000379,0.65172,0.000379,0.000379,0.000379,0.000379,0.000379
ACCACCCTCTCTTCTA-1,0.79845,0.110258,0.000036,0.000036,0.000036,0.040017,0.047357,0.00381
ACCACGTGCAGCTATA-1,0.025582,0.013018,0.397608,0.075827,0.079137,0.318567,0.040122,0.05014
ACCACTGTTCAAGAAG-1,0.005543,0.036075,0.408269,0.122574,0.274102,0.065287,0.078469,0.009682
ACCAGACCATAACAAC-1,0.044338,0.126098,0.020452,0.069476,0.093791,0.069753,0.224075,0.352018
ACCAGCCCGGTCTTTG-1,0.873711,0.000436,0.123671,0.000436,0.000436,0.000436,0.000436,0.000436
ACCAGGAGTGTGATCT-1,0.103452,0.027871,0.258208,0.237627,0.073001,0.054495,0.027008,0.218337
ACCAGTGCCCGGTCAA-1,0.998781,0.000069,0.000069,0.000069,0.000069,0.000803,0.000069,0.000069
ACCAGTGCGGGAGACG-1,0.019467,0.050514,0.151906,0.17999,0.105813,0.101395,0.021417,0.369497
ACCATATCCGCAATAA-1,0.110503,0.020957,0.01015,0.076405,0.074747,0.025813,0.097554,0.583872
ACCATCCGCCAACTAG-1,0.026258,0.010834,0.135356,0.162405,0.151405,0.389194,0.065054,0.059495
ACCATCGTATATGGTA-1,0.000048,0.003798,0.082806,0.248966,0.172194,0.118354,0.136901,0.236932
ACCATTAAGGGTGTCA-1,0.000046,0.000046,0.239263,0.066799,0.192665,0.497257,0.001037,0.002886
ACCCAACGCCCGTGGC-1,0.05577,0.009177,0.05347,0.180238,0.019425,0.013654,0.007501,0.660764
ACCCACCTACATGCTC-1,0.027857,0.031068,0.005259,0.032926,0.182829,0.36773,0.205107,0.147224
ACCCATCTTGAGGGTA-1,0.031755,0.019731,0.069381,0.10997,0.221257,0.388263,0.059144,0.100499
ACCCATTTGTCCCTCT-1,0.000688,0.055211,0.312475,0.261528,0.112285,0.039837,0.048966,0.16901
ACCCGAGCGAAATTAC-1,0.016118,0.084447,0.219597,0.192101,0.102034,0.089681,0.122837,0.173186
ACCCGATTGGTTCCGA-1,0.007595,0.024307,0.10104,0.07995,0.071072,0.493819,0.154486,0.067732
ACCCGGAAACTCCCAG-1,0.038638,0.049712,0.291446,0.304123,0.07119,0.135685,0.040914,0.068291
ACCCGGAGCACCACAA-1,0.000006,0.977539,0.000006,0.000878,0.000006,0.000036,0.00504,0.016488
ACCCGGATGACGCATC-1,0.455223,0.021569,0.195225,0.0697,0.063455,0.101456,0.070889,0.022482
ACCCGGTTACACTTCC-1,0.000023,0.049974,0.000023,0.016567,0.02158,0.004028,0.363833,0.543973
ACCCGTAGCAGAGAAT-1,0.000454,0.062788,0.103032,0.11415,0.263181,0.312895,0.101146,0.042356
ACCCGTAGTCTAGTTG-1,0.166129,0.156034,0.391788,0.000033,0.000775,0.285176,0.000033,0.000033
ACCCGTGTCATCAGTA-1,0.261915,0.000614,0.249474,0.109414,0.123492,0.145554,0.014736,0.094802
ACCCTATAGGACTGAG-1,0.094568,0.067763,0.078159,0.064913,0.163573,0.032521,0.147494,0.35101
ACCCTATGCCATATCG-1,0.004451,0.116802,0.200087,0.046318,0.248039,0.306143,0.03049,0.04767
ACCCTCCCGTCAGGGC-1,0.054594,0.005004,0.580266,0.042199,0.037722,0.262261,0.010439,0.007514
ACCCTCCCTTGCTATT-1,0.027341,0.00453,0.092814,0.246317,0.079904,0.338306,0.020831,0.189957
ACCCTGGTAACGCCCT-1,0.987544,0.000033,0.000033,0.000033,0.000033,0.012258,0.000033,0.000033
ACCCTTCATCTGCGAA-1,0.146523,0.000605,0.122179,0.184606,0.050585,0.377567,0.008613,0.10932
ACCCTTGCCTGGGTCG-1,0.786253,0.002136,0.210688,0.000185,0.000185,0.000185,0.000185,0.000185
ACCCTTTAGTTCTCCA-1,0.97941,0.000067,0.020188,0.000067,0.000067,0.000067,0.000067,0.000067
ACCGAAAGGGCCCTGC-1,0.043312,0.009691,0.411257,0.167354,0.088582,0.008508,0.004628,0.266669
ACCGAAGAGTCTGGTT-1,0.00983,0.035625,0.016156,0.075912,0.079899,0.080542,0.390633,0.311402
ACCGACACATCTCCCA-1,0.032116,0.082534,0.35164,0.084097,0.039648,0.283353,0.067806,0.058806
ACCGACTGAGTCCCAC-1,0.158361,0.020228,0.115576,0.221643,0.049787,0.108691,0.074699,0.251013
ACCGAGTCTCCTTATT-1,0.03238,0.008128,0.381157,0.064974,0.035425,0.344583,0.017389,0.115964
ACCGATAGGCATAACC-1,0.000008,0.975773,0.000008,0.000415,0.000008,0.000551,0.006404,0.016834
ACCGATATTTAATCAT-1,0.010627,0.73764,0.179786,0.015274,0.030698,0.01163,0.014216,0.000128
ACCGATGGTAGCATCG-1,0.114002,0.032709,0.200737,0.3108,0.105832,0.076646,0.016949,0.142324
ACCGCAATAACTGCCT-1,0.000862,0.022027,0.060827,0.127157,0.044785,0.006773,0.073199,0.664371
ACCGCGGTGGAAGTCG-1,0.510692,0.137097,0.351122,0.000218,0.000218,0.000218,0.000218,0.000218
ACCGCTAGTCATTGGT-1,0.010667,0.066525,0.004145,0.013407,0.035965,0.549805,0.289181,0.030304
ACCGGGCCTTTGTTGA-1,0.064633,0.024504,0.493231,0.209362,0.106645,0.024676,0.023513,0.053436
ACCGGTCAGGTACACC-1,0.000019,0.022024,0.080647,0.256471,0.199233,0.009591,0.244901,0.187113
ACCGGTCTGAGTACGG-1,0.998658,0.000192,0.000192,0.000192,0.000192,0.000192,0.000192,0.000192
ACCGTCCACTGGGCCC-1,0.000015,0.037213,0.118557,0.218995,0.247938,0.047342,0.249658,0.080282
