Barcode,Topic 1,Topic 2,Topic 3,Topic 4to5,Topic 6to7,Topic 8,Topic 9to10,Topic 11,Topic 12,Topic 13
AAACAAGTATCTCCCA-1,0.000039,0.114672,0.277806,0.000078,0.000078,0.295197,0.224738,0.040661,0.033743,0.012989
AAACAATCTACTAGCA-1,0.012492,0.010089,0.008023,0.169422,0.128465,0.065088,0.327487,0.069178,0.07324,0.136517
AAACACCAATAACTGC-1,0.6873,0.154027,0.045045,0.000106,0.000106,0.000053,0.113202,0.000053,0.000053,0.000053
AAACAGAGCGACTCCT-1,0.022909,0.066965,0.050043,0.008634,0.071512,0.244655,0.14903,0.299811,0.015987,0.070453
AAACAGCTTTCAGAAG-1,0.601284,0.327772,0.03442,0.036174,0.000088,0.000044,0.000088,0.000044,0.000044,0.000044
AAACAGGGTCTATATT-1,0.000111,0.606355,0.392421,0.000223,0.000223,0.000111,0.000223,0.000111,0.000111,0.000111
AAACAGTGTTCCTGGG-1,0.784984,0.148119,0.046528,0.020105,0.000066,0.000033,0.000066,0.000033,0.000033,0.000033
AAACATGGTGAGAGGA-1,0.001832,0.001832,0.001832,0.468732,0.003663,0.001832,0.003663,0.001832,0.001832,0.512953
AAACATTTCCCGGATT-1,0.000009,0.017461,0.011815,0.075124,0.05104,0.223357,0.23771,0.283533,0.046955,0.052996
AAACCACTACACAGAT-1,0.098048,0.001248,0.005957,0.532467,0.322939,0.00075,0.000542,0.014964,0.009274,0.013811
AAACCCGAACGAAATC-1,0.010593,0.000083,0.070586,0.753293,0.061685,0.002265,0.030506,0.004017,0.028297,0.038675
AAACCGGAAATGTTAA-1,0.027266,0.004918,0.040945,0.507709,0.159876,0.013641,0.120642,0.016618,0.060219,0.048166
AAACCGGGTAGGTACC-1,0.000256,0.682269,0.032108,0.000513,0.000513,0.061734,0.000513,0.221581,0.000256,0.000256
AAACCGTTCGTCCAGG-1,0.000264,0.578406,0.279398,0.000529,0.000529,0.000264,0.000529,0.139553,0.000264,0.000264
AAACCTAAGCAGCCGG-1,0.037717,0.000008,0.000006,0.082164,0.011129,0.035784,0.680698,0.013001,0.09795,0.041542
AAACCTCATGAAGTTG-1,0.000192,0.620687,0.377203,0.000384,0.000384,0.000192,0.000384,0.000192,0.000192,0.000192
AAACGAAGAACATACC-1,0.028401,0.013108,0.007091,0.198021,0.255856,0.049645,0.050611,0.299239,0.038532,0.059497
AAACGAAGATGGAGTA-1,0.204086,0.570256,0.000028,0.000056,0.000056,0.130112,0.021648,0.0737,0.000028,0.000028
AAACGACAGTCTTGCC-1,0.013566,0.012571,0.006941,0.144209,0.289507,0.067425,0.178644,0.144241,0.035896,0.106999
AAACGAGACGGTTGAT-1,0.000026,0.027031,0.622633,0.000884,0.000053,0.104716,0.202842,0.016164,0.011906,0.013746
AAACGCCCGAGATCGG-1,0.000009,0.00279,0.000009,0.006566,0.059238,0.21778,0.333967,0.311246,0.017495,0.050898
AAACGCTGGGCACGAC-1,0.000014,0.052983,0.11411,0.0998,0.258258,0.065403,0.296859,0.025547,0.024728,0.062298
AAACGGGCGTACGGGT-1,0.071437,0.002954,0.005185,0.370177,0.081386,0.027627,0.238202,0.019023,0.09281,0.091199
AAACGGTTGCGAACTG-1,0.000174,0.760089,0.000174,0.000347,0.000347,0.0998,0.138548,0.000174,0.000174,0.000174
AAACGTGTTCGCCCTA-1,0.019572,0.06234,0.180419,0.103447,0.134284,0.157482,0.111254,0.130605,0.050239,0.050359
AAACTAACGTGGCGAC-1,0.068827,0.001528,0.000781,0.427126,0.326331,0.009148,0.037551,0.046642,0.028121,0.053945
AAACTCGGTTCGCAAT-1,0.061933,0.292846,0.000363,0.000726,0.000726,0.180386,0.461933,0.000363,0.000363,0.000363
AAACTCGTGATATAAG-1,0.016975,0.011414,0.050207,0.284344,0.094656,0.108731,0.162651,0.047166,0.20244,0.021416
AAACTGCTGGCTCCAA-1,0.015781,0.034599,0.039295,0.213394,0.120693,0.025037,0.252964,0.007037,0.116424,0.174776
AAACTTAATTGCACGC-1,0.29064,0.448004,0.000033,0.000067,0.000067,0.054659,0.195967,0.000033,0.010495,0.000033
AAACTTGCAAACGTAT-1,0.000269,0.921836,0.032072,0.000538,0.000538,0.043402,0.000538,0.000269,0.000269,0.000269
AAAGAATGACCTTAGA-1,0.413559,0.401759,0.000018,0.011341,0.002138,0.028347,0.071063,0.013226,0.038292,0.020258
AAAGAATGTGGACTAA-1,0.046713,0.021589,0.306138,0.074233,0.049458,0.029254,0.321285,0.012681,0.061476,0.077173
AAAGACATGAAGTTTA-1,0.0099,0.012979,0.061601,0.070591,0.105128,0.17604,0.234999,0.138897,0.098763,0.091103
AAAGACCCAAGTCGCG-1,0.260032,0.045611,0.204776,0.000021,0.003979,0.078194,0.352695,0.034734,0.005516,0.014441
AAAGACTGGGCGCTTT-1,0.000189,0.704346,0.094639,0.000378,0.000378,0.199125,0.000378,0.000189,0.000189,0.000189
AAAGCTTGCCTACATA-1,0.007192,0.001847,0.054714,0.130445,0.060658,0.045851,0.504616,0.024453,0.050274,0.119951
AAAGGCCCTATAATAC-1,0.515522,0.390056,0.000016,0.002494,0.00755,0.008027,0.040671,0.006966,0.012781,0.015917
AAAGGCTACGGACCAT-1,0.000212,0.388805,0.000212,0.182331,0.000424,0.000212,0.349281,0.063911,0.0144,0.000212
AAAGGCTCTCGCGCCG-1,0.026833,0.009782,0.023438,0.806953,0.021887,0.000551,0.032977,0.000013,0.06758,0.009986
AAAGGGATGTAGCAAG-1,0.026544,0.103382,0.068319,0.009283,0.017527,0.170461,0.450659,0.044098,0.08192,0.027807
AAAGGGCAGCTTGAAT-1,0.451443,0.359014,0.076918,0.111418,0.000302,0.000151,0.000302,0.000151,0.000151,0.000151
AAAGGTAAGCTGTACC-1,0.004369,0.04039,0.086311,0.017655,0.416407,0.088517,0.206077,0.088464,0.018422,0.033388
AAAGGTCAACGACATG-1,0.00811,0.010744,0.000008,0.019069,0.119202,0.148479,0.396432,0.212932,0.022934,0.062091
AAAGTAGCATTGCTCA-1,0.00057,0.660759,0.00057,0.00114,0.00114,0.00057,0.333543,0.00057,0.00057,0.00057
AAAGTCACTGATGTAA-1,0.078213,0.083523,0.227155,0.082897,0.106862,0.095949,0.174373,0.049978,0.062223,0.038827
AAAGTCGACCCTCAGT-1,0.000263,0.729729,0.003484,0.000527,0.000527,0.043619,0.000527,0.220796,0.000263,0.000263
AAAGTGCCATCAATTA-1,0.002886,0.000934,0.073745,0.319813,0.074511,0.018621,0.35631,0.003744,0.063373,0.086063
AAAGTGTGATTTATCT-1,0.000014,0.008596,0.079492,0.016377,0.021125,0.209167,0.541859,0.047668,0.031753,0.043948
AAAGTTGACTCCCGTA-1,0.005626,0.00939,0.088435,0.183952,0.107294,0.053668,0.357009,0.024628,0.076743,0.093256
AAATAACCATACGGGA-1,0.000013,0.005462,0.00885,0.039338,0.175098,0.088193,0.388565,0.085274,0.06189,0.147316
AAATAAGGTAGTGCCC-1,0.016337,0.001622,0.009721,0.332595,0.08983,0.019365,0.323505,0.00803,0.084734,0.114262
AAATACCTATAAGCAT-1,0.013899,0.012256,0.031005,0.118544,0.043913,0.096257,0.479655,0.052568,0.047761,0.104141
AAATAGCTTAGACTTT-1,0.005612,0.000468,0.008582,0.248423,0.08211,0.03901,0.319861,0.099332,0.101485,0.095118
AAATAGGGTGCTATTG-1,0.003542,0.013696,0.019444,0.101091,0.021024,0.052774,0.55713,0.037328,0.144024,0.049946
AAATCACTCCTAAACG-1,0.004487,0.144623,0.106715,0.003607,0.725519,0.005135,0.000193,0.006342,0.000014,0.003364
AAATCCGATACACGCC-1,0.004493,0.00029,0.00001,0.170021,0.024774,0.102105,0.427736,0.069104,0.123177,0.07829
AAATCGCGGAAGGAGT-1,0.08507,0.599251,0.000033,0.000066,0.000066,0.057942,0.255264,0.000037,0.000033,0.002239
AAATCGTGTACCACAA-1,0.022282,0.046768,0.018002,0.102688,0.088636,0.109878,0.300595,0.067362,0.091389,0.152399
AAATCTAGCCCTGCTA-1,0.000085,0.08255,0.916513,0.00017,0.00017,0.000085,0.00017,0.000085,0.000085,0.000085
AAATCTGCCCGCGTCC-1,0.943535,0.044534,0.000024,0.011716,0.000048,0.000024,0.000048,0.000024,0.000024,0.000024
AAATGACTGATCAAAC-1,0.897434,0.008547,0.008547,0.017094,0.017094,0.008547,0.017094,0.008547,0.008547,0.008547
AAATGATTCGATCAGC-1,0.026133,0.017751,0.038866,0.178509,0.06585,0.062592,0.333743,0.02584,0.191901,0.058814
AAATGCTCGTTACGTT-1,0.001693,0.152878,0.000049,0.000098,0.000098,0.125631,0.548403,0.003943,0.166747,0.000461
AAATGGCATGTCTTGT-1,0.044825,0.001719,0.002945,0.410865,0.257924,0.026889,0.057869,0.100597,0.022662,0.073704
AAATGGCCCGTGCCCT-1,0.000399,0.727409,0.000399,0.000797,0.000797,0.000399,0.268605,0.000399,0.000399,0.000399
AAATGGTCAATGTGCC-1,0.048206,0.006464,0.027241,0.119442,0.234703,0.051427,0.314659,0.028167,0.04884,0.120852
AAATGTATCTTATCCC-1,0.012821,0.012821,0.012821,0.025641,0.025641,0.846151,0.025641,0.012821,0.012821,0.012821
AAATTAACGGGTAGCT-1,0.055638,0.034388,0.009883,0.139308,0.170351,0.108443,0.164466,0.118011,0.099386,0.100127
AAATTAATAAGCGCGA-1,0.000387,0.96028,0.035468,0.000773,0.000773,0.000387,0.000773,0.000387,0.000387,0.000387
AAATTACACGACTCTG-1,0.019928,0.003009,0.003484,0.098497,0.245981,0.101629,0.171426,0.189397,0.056498,0.110151
AAATTACCTATCGATG-1,0.098159,0.056765,0.17822,0.226817,0.303255,0.01742,0.031618,0.018826,0.036535,0.032386
AAATTCCAGGTCCAAA-1,0.005896,0.002546,0.029919,0.17982,0.109659,0.100606,0.272263,0.087725,0.111719,0.099846
AAATTGATAGTCCTTT-1,0.000785,0.416101,0.344447,0.00157,0.00157,0.000785,0.232387,0.000785,0.000785,0.000785
AAATTGCGGCGGTTCT-1,0.000043,0.14938,0.092712,0.000085,0.000085,0.324825,0.403592,0.029193,0.000043,0.000043
AAATTGGTGAGAAGCA-1,0.019112,0.015593,0.025596,0.115652,0.148872,0.139739,0.276824,0.133878,0.088446,0.03629
AAATTTACCGAAATCC-1,0.011339,0.003986,0.000174,0.056988,0.183606,0.018381,0.408244,0.029238,0.047595,0.240449
AAATTTGCGGGTGTGG-1,0.39503,0.172934,0.123362,0.000469,0.000469,0.232497,0.000469,0.074301,0.000235,0.000235
AACAACTGGTAGTTGC-1,0.039519,0.01079,0.005499,0.417096,0.16911,0.027453,0.055546,0.110797,0.040971,0.12322
AACAATACATTGTCGA-1,0.105447,0.596581,0.000273,0.000546,0.000546,0.000273,0.295516,0.000273,0.000273,0.000273
AACAATTACTCTACGC-1,0.276852,0.222632,0.045982,0.064773,0.000164,0.140243,0.000164,0.23906,0.010048,0.000082
AACACACGCTCGCCGC-1,0.000107,0.364032,0.634791,0.000214,0.000214,0.000107,0.000214,0.000107,0.000107,0.000107
AACACGACTGTACTGA-1,0.021858,0.013025,0.113233,0.164322,0.240263,0.040347,0.176876,0.061032,0.041689,0.127354
AACACGAGACGCGGCC-1,0.000435,0.813538,0.000435,0.000869,0.000869,0.000435,0.182116,0.000435,0.000435,0.000435
AACACGCGGCCGCGAA-1,0.000009,0.214482,0.180085,0.011624,0.196163,0.108353,0.195704,0.030493,0.009625,0.053461
AACAGCTGTGTGGCAA-1,0.000481,0.678334,0.000481,0.000962,0.000962,0.000481,0.316859,0.000481,0.000481,0.000481
AACAGGAAATCGAATA-1,0.002775,0.014491,0.002119,0.025047,0.158622,0.094694,0.452386,0.13077,0.056103,0.062994
AACAGGATGGGCCGCG-1,0.000387,0.37652,0.619228,0.000773,0.000773,0.000387,0.000773,0.000387,0.000387,0.000387
AACAGGTAGTATGGAT-1,0.017376,0.000513,0.000171,0.684574,0.094951,0.016909,0.035499,0.056104,0.04567,0.048233
AACATAGCGTGTATCG-1,0.002481,0.002481,0.002481,0.004963,0.004963,0.002481,0.468491,0.002481,0.002481,0.506695
AACATATCAACTGGTG-1,0.005572,0.046253,0.27015,0.007711,0.008876,0.237886,0.366747,0.003522,0.025886,0.027398
AACATCGATACGTCTA-1,0.018158,0.005909,0.117945,0.409565,0.100825,0.030995,0.150995,0.021378,0.107363,0.036868
AACATTGAAGTTGATC-1,0.385196,0.405211,0.001447,0.000082,0.00022,0.021983,0.16085,0.000127,0.007995,0.01689
AACATTGGTCAGCCGT-1,0.000044,0.090348,0.178973,0.000088,0.000088,0.111536,0.618791,0.000044,0.000044,0.000044
AACATTGTGACTCGAG-1,0.218843,0.262055,0.187219,0.000284,0.000284,0.000142,0.071999,0.000142,0.20671,0.05232
AACCAAGACTTCTCTG-1,0.000343,0.259266,0.428992,0.000687,0.000687,0.308309,0.000687,0.000343,0.000343,0.000343
AACCAGTATCACTCTT-1,0.005985,0.000063,0.002436,0.235205,0.243017,0.027332,0.217622,0.035684,0.092725,0.139931
AACCATAGGGTTGAAC-1,0.275358,0.451137,0.02266,0.000048,0.000048,0.066588,0.146278,0.004362,0.033495,0.000024
AACCATGGGATCGCTA-1,0.000475,0.383037,0.389313,0.00095,0.00095,0.222902,0.00095,0.000475,0.000475,0.000475
AACCCAGAGACGGAGA-1,0.104856,0.027551,0.061764,0.161854,0.068858,0.130335,0.2379,0.047901,0.142468,0.016513
AACCCATCCCATGATC-1,0.000218,0.857184,0.000218,0.000436,0.000436,0.000218,0.140636,0.000218,0.000218,0.000218
AACCCGACAACCCGTG-1,0.074109,0.434614,0.089565,0.000163,0.000163,0.019412,0.364899,0.000081,0.000081,0.016912
AACCCGAGCAGAATCG-1,0.000049,0.028833,0.362311,0.001814,0.006726,0.035756,0.462009,0.000049,0.019212,0.08324
AACCCGATAGGGCTTC-1,0.000019,0.227692,0.037257,0.000039,0.470578,0.078697,0.11182,0.060588,0.000636,0.012675
AACCCGCTGTATTCCA-1,0.00157,0.19876,0.00157,0.458493,0.00314,0.00157,0.330188,0.00157,0.00157,0.00157
AACCCTACTGTCAATA-1,0.072603,0.00984,0.021933,0.275438,0.115541,0.105147,0.068676,0.204395,0.069393,0.057033
AACCCTGGTGGAACCA-1,0.041137,0.016214,0.14622,0.207406,0.222849,0.02107,0.103932,0.058221,0.030953,0.151998
AACCGAGCTTGGTCAT-1,0.016147,0.039396,0.048883,0.190267,0.183084,0.060174,0.232634,0.054508,0.094849,0.080059
AACCGCTAAGGGATGC-1,0.000012,0.004409,0.032934,0.00641,0.008446,0.265782,0.518389,0.091876,0.027453,0.044289
AACCGTTGTGTTTGCT-1,0.00686,0.000011,0.000092,0.075491,0.152731,0.042758,0.561739,0.027588,0.018228,0.114501
AACCTCGCTTTAGCCC-1,0.015927,0.000007,0.000402,0.418792,0.042477,0.006239,0.314813,0.001866,0.110604,0.088873
AACCTGTCACGGAATT-1,0.007951,0.014721,0.126074,0.191652,0.086378,0.03739,0.305296,0.014642,0.059184,0.156712
AACCTTTAAATACGGT-1,0.264335,0.016133,0.024382,0.02819,0.041731,0.138656,0.178519,0.20915,0.081162,0.017741
AACCTTTACGACGTCT-1,0.085228,0.012978,0.001151,0.118746,0.219098,0.051451,0.020341,0.408208,0.055085,0.027715
AACGAAAGTCGTCCCA-1,0.133495,0.61173,0.006387,0.000071,0.000071,0.082855,0.155658,0.003483,0.006214,0.000036
AACGACCTCCTAGCCG-1,0.010709,0.014896,0.016117,0.189761,0.06355,0.068258,0.468294,0.008883,0.105463,0.05407
AACGATAATGCCGTAG-1,0.007364,0.001365,0.012378,0.133577,0.027616,0.061369,0.582465,0.014901,0.111018,0.047947
AACGATAGAAGGGCCG-1,0.006063,0.012545,0.356724,0.041826,0.017201,0.181988,0.218432,0.063978,0.084891,0.016353
AACGATATGTCAACTG-1,0.073552,0.005416,0.003301,0.019409,0.073838,0.254614,0.275114,0.181025,0.077842,0.035888
AACGCATGATCTGGGT-1,0.039269,0.004443,0.003211,0.251917,0.330861,0.020804,0.088397,0.097617,0.057192,0.106289
AACGCGAACGGCAACA-1,0.000145,0.043695,0.449751,0.00029,0.00029,0.132167,0.373228,0.000145,0.000145,0.000145
AACGCGACCTTGGGCG-1,0.228993,0.295238,0.000078,0.000157,0.000157,0.240723,0.228684,0.000078,0.005814,0.000078
AACGCGGTCTCCAGCC-1,0.012952,0.034523,0.156705,0.106396,0.092108,0.195189,0.237788,0.102885,0.041105,0.020351
AACGCTGTTGCTGAAA-1,0.000028,0.200423,0.255347,0.087628,0.003889,0.025319,0.274502,0.014343,0.040378,0.098142
AACGGACGTACGTATA-1,0.000334,0.107144,0.889177,0.000669,0.000669,0.000334,0.000669,0.000334,0.000334,0.000334
AACGGCCATCTCCGGT-1,0.36653,0.272522,0.201279,0.000176,0.108605,0.000088,0.036502,0.000088,0.014122,0.000088
AACGTACTGTGGGTAC-1,0.0005,0.116511,0.660075,0.000999,0.000999,0.0005,0.165888,0.0005,0.053529,0.0005
AACGTCAGACTAGTGG-1,0.000154,0.154116,0.204933,0.000309,0.117182,0.383063,0.139779,0.000154,0.000154,0.000154
AACGTCGCTGCACTTC-1,0.00488,0.083479,0.189542,0.128062,0.086155,0.155201,0.073956,0.217011,0.058487,0.003226
AACGTGATGAAGGACA-1,0.02303,0.016873,0.024864,0.145451,0.182048,0.097403,0.124641,0.256222,0.039404,0.090065
AACGTGCGAAAGTCTC-1,0.023229,0.022658,0.049471,0.280561,0.12364,0.036695,0.198713,0.021811,0.142824,0.100398
AACGTTATCAGCACCT-1,0.33053,0.539105,0.072169,0.012941,0.026797,0.018149,0.000123,0.000062,0.000062,0.000062
AACGTTCTACCATTGT-1,0.243886,0.048202,0.090065,0.556075,0.060615,0.000193,0.000386,0.000193,0.000193,0.000193
AACTACCCGTTTGTCA-1,0.000014,0.072273,0.089837,0.018264,0.024812,0.128556,0.440574,0.135071,0.013673,0.076925
AACTAGCGTATCGCAC-1,0.157853,0.008931,0.003504,0.440342,0.180475,0.031277,0.030035,0.064412,0.052186,0.030984
AACTAGGCTTGGGTGT-1,0.042454,0.009376,0.000018,0.321967,0.029956,0.097884,0.31075,0.017837,0.148502,0.021257
AACTCAAGTTAATTGC-1,0.022988,0.01072,0.006742,0.06634,0.061011,0.049841,0.599226,0.008731,0.086499,0.087903
AACTCCAGAGCGTGTT-1,0.003018,0.00348,0.009758,0.192631,0.025895,0.040464,0.556279,0.007872,0.075738,0.084865
AACTCCTAATCCCATG-1,0.000043,0.013109,0.014575,0.010997,0.064411,0.277374,0.214365,0.315578,0.016442,0.073105
AACTCGATAAACACGT-1,0.061718,0.047961,0.070338,0.449458,0.082518,0.00955,0.174042,0.000108,0.085266,0.019042
AACTCGATGGCGCAGT-1,0.31848,0.117332,0.475511,0.000169,0.000169,0.056183,0.000169,0.011815,0.020089,0.000084
AACTCTCAATAGAGCG-1,0.049445,0.01487,0.019438,0.183859,0.096038,0.101859,0.21676,0.167571,0.060892,0.089269
AACTCTCAGTGTGCTC-1,0.00062,0.541998,0.190789,0.001241,0.001241,0.00062,0.001241,0.00062,0.00062,0.261009
AACTGAGGTCAGCGTC-1,0.373487,0.010548,0.006803,0.034803,0.230688,0.092361,0.032279,0.16175,0.027296,0.029985
AACTGAGTTATACTGA-1,0.00001,0.015936,0.00001,0.026854,0.041026,0.069985,0.679503,0.034157,0.029047,0.103472
AACTGATATTAGGCCT-1,0.039613,0.014395,0.027818,0.028021,0.269521,0.075261,0.367288,0.046435,0.02854,0.103108
AACTGGGTCCCGACGT-1,0.031432,0.005008,0.026897,0.220816,0.226752,0.055938,0.246982,0.044681,0.070451,0.071042
AACTGGGTTCGAGCCG-1,0.144095,0.000005,0.000005,0.480536,0.249963,0.001419,0.029072,0.010668,0.029971,0.054266
AACTGGTGTGGGCCTT-1,0.026122,0.105217,0.133258,0.003537,0.038272,0.169703,0.448778,0.017842,0.022946,0.034325
AACTTCTGCGTCTATC-1,0.028371,0.646855,0.323275,0.0003,0.0003,0.00015,0.0003,0.00015,0.00015,0.00015
AACTTGCCCGTATGCA-1,0.091852,0.321987,0.121834,0.000454,0.000454,0.000227,0.218265,0.244474,0.000227,0.000227
AACTTGCGTTCTCGCG-1,0.077078,0.021398,0.000086,0.000172,0.000172,0.519768,0.323915,0.000086,0.05724,0.000086
AACTTTACGGGAGCTT-1,0.000102,0.149084,0.849791,0.000205,0.000205,0.000102,0.000205,0.000102,0.000102,0.000102
AACTTTAGCTGCTGAG-1,0.000016,0.014856,0.035253,0.000032,0.007873,0.066951,0.827074,0.025881,0.008065,0.013998
AACTTTCTCGATCATG-1,0.005624,0.009484,0.029517,0.073484,0.028726,0.080064,0.545441,0.046263,0.085253,0.096142
AAGAAAGTTTGATGGG-1,0.003663,0.003663,0.003663,0.007326,0.007326,0.956043,0.007326,0.003663,0.003663,0.003663
AAGAAATCACCAGATT-1,0.001535,0.015075,0.026021,0.02018,0.031845,0.177011,0.567889,0.035949,0.047671,0.076825
AAGAAGGATCAGTTAG-1,0.142796,0.016904,0.408983,0.25631,0.02569,0.000072,0.052137,0.000072,0.001782,0.095254
AAGACATACGTGGTTT-1,0.003088,0.000012,0.000686,0.265887,0.049659,0.011985,0.541848,0.00592,0.032623,0.088292
AAGACCAAATAACTCA-1,0.169547,0.589791,0.000017,0.000033,0.000037,0.050032,0.17234,0.008655,0.006167,0.003381
AAGACCCAACTGAACA-1,0.160006,0.212937,0.200347,0.004376,0.020843,0.044893,0.226114,0.047865,0.016903,0.065715
AAGACTAACCCGTTGT-1,0.029249,0.015939,0.001027,0.087899,0.030118,0.101376,0.49059,0.051628,0.147104,0.045071
AAGACTCACGCCCACT-1,0.021651,0.038059,0.057901,0.041764,0.082016,0.135777,0.236247,0.249179,0.035489,0.101917
AAGACTGCAAGCTACT-1,0.014601,0.018409,0.002696,0.32821,0.151289,0.11317,0.084649,0.150207,0.081349,0.055418
AAGAGATGAATCGGTA-1,0.352393,0.530825,0.115131,0.00033,0.00033,0.000165,0.00033,0.000165,0.000165,0.000165
AAGAGCTCTTTATCGG-1,0.000014,0.059281,0.868431,0.000028,0.000028,0.013494,0.058237,0.000014,0.000014,0.000458
AAGAGGATGTACGCGA-1,0.000506,0.622243,0.113518,0.001012,0.001012,0.000506,0.259684,0.000506,0.000506,0.000506
AAGAGGCATGGATCGC-1,0.000437,0.070832,0.088208,0.095621,0.017078,0.095056,0.451217,0.061125,0.084885,0.035542
AAGAGGCCCTTTGGAA-1,0.00006,0.180439,0.13803,0.00012,0.00012,0.139184,0.525154,0.002134,0.00006,0.0147
AAGATGGCACCGGACC-1,0.515188,0.340794,0.000178,0.142411,0.000357,0.000178,0.000357,0.000178,0.000178,0.000178
AAGATTGGCGGAACGT-1,0.04199,0.001791,0.007225,0.538255,0.270769,0.006386,0.010302,0.063726,0.024271,0.035286
AAGCACCCTGCGTATC-1,0.002667,0.000012,0.000012,0.218233,0.031252,0.057278,0.469188,0.018709,0.109504,0.093146
AAGCATACTCTCCTGA-1,0.076122,0.052344,0.075974,0.000844,0.000955,0.201198,0.399293,0.15013,0.018462,0.024678
AAGCCACTTGCAGGTA-1,0.465041,0.530575,0.000399,0.000797,0.000797,0.000399,0.000797,0.000399,0.000399,0.000399
AAGCCGAAGCGGTTTA-1,0.00002,0.002407,0.024845,0.00004,0.00004,0.279238,0.595674,0.050698,0.010802,0.036234
AAGCCGCCGTGAAATC-1,0.403714,0.248931,0.000028,0.000056,0.000056,0.061987,0.137125,0.07788,0.070019,0.000203
AAGCCGCTTTACCTTG-1,0.055189,0.068248,0.111195,0.000655,0.040268,0.183415,0.395815,0.093116,0.015832,0.036266
AAGCCGGAGAGCAGGA-1,0.000011,0.005409,0.044133,0.000021,0.001369,0.054669,0.871706,0.004963,0.005182,0.012539
AAGCGCAGGGCTTTGA-1,0.045393,0.059188,0.010003,0.198113,0.035709,0.185641,0.277416,0.04328,0.082393,0.062864
AAGCGGAGTGCGCGCA-1,0.000026,0.118468,0.258256,0.000051,0.007964,0.107803,0.306016,0.180009,0.001568,0.01984
AAGCGGCGTCATGGGT-1,0.009765,0.001273,0.019821,0.15441,0.35449,0.023474,0.173828,0.057514,0.032602,0.172823
AAGCGTCCCTCATCGA-1,0.066362,0.182543,0.447114,0.000836,0.000836,0.300218,0.000836,0.000418,0.000418,0.000418
AAGCTAGATCGAGTAA-1,0.012139,0.007563,0.0036,0.266656,0.098071,0.049646,0.321336,0.024672,0.123721,0.092595
AAGCTCGTGCCAAGTC-1,0.051169,0.030961,0.02435,0.462658,0.172099,0.013393,0.068119,0.045101,0.059033,0.073118
AAGCTCTTTCATGGTG-1,0.003199,0.005512,0.001087,0.007025,0.006392,0.519061,0.100068,0.334071,0.021172,0.002412
AAGGAGAACTTATAAG-1,0.029571,0.072128,0.09022,0.153428,0.066061,0.089119,0.212798,0.02751,0.217191,0.041974
AAGGAGCGGTTGGTGC-1,0.055851,0.00155,0.019315,0.514824,0.182958,0.00733,0.076927,0.009721,0.03888,0.092644
AAGGATCGATCGCTTG-1,0.00001,0.052622,0.004368,0.059457,0.041333,0.139541,0.330687,0.181139,0.077916,0.112927
AAGGATGAGGGACCTC-1,0.014209,0.032447,0.007524,0.127105,0.227366,0.063824,0.264823,0.063786,0.091982,0.106934
AAGGCAGGCTGTCTCC-1,0.169706,0.003068,0.019944,0.213519,0.12595,0.037646,0.229451,0.029577,0.065598,0.10554
AAGGCGCGTAAAGCTT-1,0.116708,0.25275,0.220857,0.000256,0.057472,0.284356,0.059425,0.000128,0.000128,0.007921
AAGGCTGTGCTCATCG-1,0.005407,0.013185,0.003421,0.423015,0.122881,0.012712,0.171715,0.024032,0.1017,0.121932
AAGGGAACGACTGGCT-1,0.3056,0.466121,0.00005,0.000099,0.000099,0.073443,0.101679,0.048721,0.004139,0.00005
AAGGGACAGATTCTGT-1,0.015079,0.031562,0.075686,0.222498,0.170449,0.097217,0.09309,0.173578,0.052845,0.067996
AAGGGACTATGCATTC-1,0.000561,0.774496,0.000561,0.001123,0.001123,0.000561,0.219889,0.000561,0.000561,0.000561
AAGGGTTAGCCATGCG-1,0.021805,0.218123,0.02468,0.733977,0.000354,0.000177,0.000354,0.000177,0.000177,0.000177
AAGGGTTTGATTTCAG-1,0.001148,0.239282,0.001148,0.002296,0.19128,0.001148,0.002296,0.559105,0.001148,0.001148
AAGGTATCCTAATATA-1,0.070769,0.023148,0.082368,0.454454,0.242845,0.008596,0.002153,0.084289,0.015977,0.015402
AAGGTGATAAACCAGC-1,0.003059,0.012943,0.168964,0.028992,0.006066,0.07254,0.602322,0.017509,0.049429,0.038176
AAGTAGAAGACCGGGT-1,0.027559,0.026734,0.057898,0.214465,0.030146,0.030689,0.376259,0.002634,0.192424,0.041193
AAGTAGTGACGCGAGG-1,0.000063,0.280155,0.719149,0.000127,0.000127,0.000063,0.000127,0.000063,0.000063,0.000063
AAGTCAATTGTCGTCA-1,0.00013,0.039638,0.081254,0.03199,0.04727,0.075958,0.535017,0.026077,0.031155,0.13151
AAGTCTAGTAGCTGCC-1,0.010082,0.038957,0.006913,0.382892,0.077118,0.060154,0.196468,0.0408,0.09841,0.088206
AAGTCTTCTGTGGCCT-1,0.05476,0.41287,0.525439,0.001386,0.001386,0.000693,0.001386,0.000693,0.000693,0.000693
AAGTGACGACCGAATT-1,0.000538,0.819334,0.174748,0.001076,0.001076,0.000538,0.001076,0.000538,0.000538,0.000538
AAGTGAGTCGGGTTTA-1,0.449683,0.091058,0.227607,0.04107,0.000222,0.000111,0.189917,0.000111,0.000111,0.000111
AAGTGCAAAGGTAGAC-1,0.129019,0.555517,0.246492,0.000242,0.002137,0.000121,0.066109,0.000121,0.000121,0.000121
AAGTGCCTTGACTGTA-1,0.000014,0.010602,0.032874,0.010786,0.009306,0.096892,0.723116,0.029402,0.01657,0.070438
AAGTGCGTTAGAATCT-1,0.00057,0.704556,0.289176,0.00114,0.00114,0.00057,0.00114,0.00057,0.00057,0.00057
AAGTGCTTCTCTATTG-1,0.162145,0.585241,0.000088,0.000176,0.000176,0.089602,0.089891,0.072505,0.000088,0.000088
AAGTGTTTGGAGACGG-1,0.000018,0.014382,0.035199,0.008113,0.008265,0.071377,0.782287,0.012172,0.022574,0.045614
AAGTTCACTCCAAGCT-1,0.020663,0.004142,0.005645,0.387116,0.043433,0.068204,0.249056,0.057621,0.097101,0.067018
AAGTTCAGTCTGCGTA-1,0.00274,0.008507,0.000228,0.02534,0.142475,0.091341,0.287482,0.2769,0.033025,0.131961
AAGTTCGGCCAACAGG-1,0.000273,0.644005,0.235251,0.000546,0.000546,0.000273,0.118289,0.000273,0.000273,0.000273
AAGTTGTGATGTTATA-1,0.000009,0.000009,0.000009,0.466084,0.016853,0.005539,0.397156,0.000967,0.066572,0.046804
AAGTTTACTAATGGCA-1,0.000012,0.073512,0.433497,0.000106,0.051305,0.14678,0.253183,0.010633,0.008827,0.022144
AAGTTTATGGGCCCAA-1,0.182347,0.156161,0.0623,0.164613,0.063905,0.031747,0.216559,0.02473,0.049472,0.048166
AATAACAACGCTCGGC-1,0.000187,0.794786,0.190556,0.000373,0.000373,0.000187,0.000373,0.012791,0.000187,0.000187
AATAACACTAGAACAA-1,0.129436,0.000452,0.714933,0.000905,0.000905,0.000452,0.000905,0.000452,0.000452,0.151106
AATAACGTCGCGCCCA-1,0.258418,0.098622,0.040315,0.484191,0.117417,0.000173,0.000346,0.000173,0.000173,0.000173
AATAAGTCCTCGAGAC-1,0.070179,0.032749,0.026617,0.05983,0.243655,0.077903,0.295129,0.069744,0.044413,0.079781
AATAATCTTCGTATCG-1,0.136884,0.00001,0.001828,0.015342,0.03348,0.044906,0.59846,0.0155,0.016092,0.137498
AATACAATGTTTCAGG-1,0.111664,0.4993,0.265114,0.000287,0.122774,0.000144,0.000287,0.000144,0.000144,0.000144
AATACCGGAGGGCTGT-1,0.024623,0.809968,0.000174,0.000347,0.000347,0.109167,0.054854,0.000174,0.000174,0.000174
AATACCTGATGTGAAC-1,0.029759,0.209173,0.029056,0.465455,0.162878,0.010845,0.012757,0.014764,0.05269,0.012623
AATAGAACAGAGTGGC-1,0.000463,0.001376,0.596716,0.000927,0.000927,0.000463,0.355814,0.042387,0.000463,0.000463
AATAGAATCTGTTTCA-1,0.000012,0.036038,0.076448,0.019081,0.023116,0.135833,0.528124,0.068363,0.037604,0.075381
AATAGCAAGCCTCCTG-1,0.008359,0.001087,0.000231,0.201324,0.294869,0.026569,0.159646,0.035259,0.044371,0.228285
AATAGCTACCGCGTGC-1,0.009479,0.072016,0.120499,0.015448,0.043129,0.336201,0.229771,0.117339,0.020347,0.03577
AATAGTCCGTCCCGAC-1,0.000041,0.14217,0.000041,0.000082,0.000082,0.035688,0.805676,0.000041,0.000041,0.016139
AATAGTCGCGAGTCGG-1,0.015917,0.801478,0.181388,0.000243,0.000243,0.000122,0.000243,0.000122,0.000122,0.000122
AATATCAAGGTCGGAT-1,0.013618,0.042882,0.02955,0.127383,0.110706,0.18406,0.11372,0.288299,0.046322,0.04346
AATATCCTAGCAAACT-1,0.001876,0.313179,0.001876,0.603236,0.003752,0.001876,0.003752,0.001876,0.0667,0.001876
AATATCGAATCAATGC-1,0.000011,0.003376,0.031378,0.050707,0.024677,0.038288,0.717832,0.009,0.045578,0.079153
AATATCGAGGGTTCTC-1,0.000016,0.072003,0.270113,0.007649,0.048176,0.20346,0.310189,0.052787,0.011472,0.024135
AATATTGGAGTATTGA-1,0.000487,0.291943,0.702701,0.000974,0.000974,0.000487,0.000974,0.000487,0.000487,0.000487
AATCAGACTGCAGGAC-1,0.045782,0.038322,0.389169,0.008448,0.006601,0.229316,0.188343,0.054881,0.026724,0.012415
AATCAGGTTTCATTTA-1,0.000133,0.64088,0.000133,0.000265,0.000265,0.026369,0.331557,0.000133,0.000133,0.000133
AATCATGTAAAGACTC-1,0.000049,0.229585,0.692095,0.000098,0.000098,0.000049,0.076747,0.000049,0.000049,0.001182
AATCCAAGGGCCTGAG-1,0.57945,0.000121,0.018259,0.01795,0.010135,0.111507,0.17973,0.054644,0.014152,0.014053
AATCCATGCAAGGGTG-1,0.000013,0.028609,0.028916,0.000027,0.000027,0.192789,0.727429,0.006428,0.012259,0.003503
AATCCCGCTCAGAGCC-1,0.005917,0.005917,0.005917,0.011834,0.011835,0.005917,0.93491,0.005917,0.005917,0.005917
AATCGAGGTCTCAAGG-1,0.003345,0.003345,0.253556,0.712999,0.006689,0.003345,0.006689,0.003345,0.003345,0.003345
AATCGCCTCAGCGCCA-1,0.038222,0.028658,0.053756,0.244223,0.042774,0.090703,0.204047,0.136398,0.107232,0.053988
AATCGCGCAGAGGACT-1,0.030945,0.000471,0.003121,0.329574,0.113145,0.022285,0.293064,0.026791,0.075521,0.105084
AATCGGGACACTACGA-1,0.000248,0.007665,0.000011,0.000266,0.029143,0.234623,0.501776,0.150617,0.004619,0.071032
AATCGGTATAGCCCTC-1,0.000017,0.146054,0.031753,0.000919,0.107414,0.137709,0.484332,0.052884,0.009064,0.029855
AATCGTGAGCCGAGCA-1,0.035719,0.001811,0.010015,0.15873,0.021261,0.039992,0.526784,0.014488,0.1459,0.0453
AATCTAGGTTTACTTG-1,0.00034,0.842022,0.00034,0.000681,0.000681,0.117531,0.037384,0.00034,0.00034,0.00034
AATCTATGCCGGAGCC-1,0.000907,0.013918,0.034994,0.094944,0.081594,0.15668,0.384129,0.07174,0.080735,0.080359
AATCTCTACTGTGGTT-1,0.000173,0.72679,0.042271,0.000346,0.000346,0.152199,0.077357,0.000173,0.000173,0.000173
AATCTGCGTTGGGACG-1,0.022933,0.019398,0.109804,0.08833,0.054704,0.188126,0.192625,0.158617,0.111116,0.054348
AATCTGGCTTTCTAGT-1,0.00045,0.495976,0.26965,0.0009,0.0009,0.229875,0.0009,0.00045,0.00045,0.00045
AATCTGGGTAGACCCT-1,0.015861,0.000737,0.001094,0.156503,0.234364,0.020709,0.306217,0.067914,0.033199,0.163404
AATGACAGCAATGTCT-1,0.602165,0.394805,0.000474,0.000503,0.000503,0.000251,0.000503,0.000294,0.000251,0.000251
AATGACGTAGGATGTC-1,0.010371,0.006178,0.074853,0.261837,0.046414,0.115417,0.20908,0.124361,0.09641,0.055078
AATGACTGTCAGCCGG-1,0.000093,0.382126,0.484406,0.000187,0.000187,0.131014,0.001707,0.000093,0.000093,0.000093
AATGAGTTCGCATATG-1,0.000162,0.371184,0.010972,0.000325,0.000325,0.330893,0.222832,0.062983,0.000162,0.000162
AATGATGATACGCTAT-1,0.027733,0.0229,0.039419,0.046585,0.119449,0.239046,0.174646,0.242251,0.030835,0.057136
AATGATGCGACTCCTG-1,0.000047,0.231007,0.304897,0.000094,0.093424,0.114431,0.226346,0.012911,0.000047,0.016795
AATGCAACCGGGTACC-1,0.048103,0.04554,0.112302,0.118285,0.091918,0.088677,0.251264,0.029409,0.053917,0.160585
AATGCACCAAGCAATG-1,0.007195,0.083249,0.072339,0.022806,0.259373,0.094294,0.03716,0.385479,0.008069,0.030036
AATGGCCGCCAATGCG-1,0.000008,0.048189,0.244322,0.000017,0.031087,0.110083,0.470321,0.047158,0.003025,0.04579
AATGGTCCACCGTTCA-1,0.00029,0.312969,0.419964,0.000581,0.000581,0.00029,0.264455,0.00029,0.00029,0.00029
AATGGTTCTCACAAGC-1,0.007901,0.066797,0.072139,0.000061,0.000061,0.134153,0.676003,0.023686,0.011513,0.007688
AATGTATGGCACTGTA-1,0.127201,0.570473,0.000027,0.000055,0.000055,0.010763,0.251764,0.002942,0.023551,0.013169
AATGTGCCCGAGGTGT-1,0.000538,0.327468,0.113523,0.001076,0.001076,0.55363,0.001076,0.000538,0.000538,0.000538
AATGTGCTAATCTGAG-1,0.000187,0.591081,0.000187,0.000373,0.000373,0.000187,0.407052,0.000187,0.000187,0.000187
AATGTTAAGACCCTGA-1,0.002137,0.002137,0.002137,0.717484,0.004274,0.002137,0.263285,0.002137,0.002137,0.002137
AATGTTGTCGTGAGAC-1,0.000015,0.000015,0.000015,0.262201,0.036002,0.011676,0.459987,0.001286,0.066889,0.161915
AATTAAAGGTCGGCGT-1,0.004484,0.00187,0.001781,0.120369,0.070727,0.058323,0.549544,0.033371,0.057406,0.102122
AATTAACGGATTTCCA-1,0.000269,0.047541,0.003475,0.009298,0.004672,0.361142,0.049778,0.511488,0.009349,0.002987
AATTACGAGACCCATC-1,0.079395,0.581385,0.000024,0.000048,0.000048,0.083659,0.000048,0.255347,0.000024,0.000024
AATTACTCGTACGCTC-1,0.000146,0.676466,0.321928,0.000292,0.000292,0.000146,0.000292,0.000146,0.000146,0.000146
AATTAGCGCTGCAGCG-1,0.012738,0.093428,0.016136,0.175726,0.056867,0.038861,0.344097,0.064528,0.101913,0.095705
AATTATACCCAGCAAG-1,0.001832,0.001832,0.173991,0.003663,0.003663,0.001832,0.441788,0.001832,0.001832,0.367737
AATTCATAAGGGATCT-1,0.013872,0.028004,0.053838,0.092626,0.212031,0.053008,0.250858,0.060678,0.053118,0.181968
AATTCATTGTCATGCA-1,0.139796,0.513544,0.000027,0.000053,0.000053,0.127786,0.129773,0.082614,0.006326,0.000027
AATTCCAACTTGGTGA-1,0.114929,0.209015,0.246359,0.00016,0.00016,0.057771,0.163351,0.110946,0.00008,0.09723
AATTCCAAGCATGTAC-1,0.003667,0.841932,0.151912,0.000498,0.000498,0.000249,0.000498,0.000249,0.000249,0.000249
AATTCGATTCGAGGAT-1,0.00001,0.00001,0.00001,0.01005,0.005186,0.068629,0.846446,0.021782,0.019834,0.028043
AATTCTAGAGTTAGGC-1,0.022426,0.028031,0.024427,0.141421,0.05697,0.138197,0.366162,0.114442,0.054265,0.053658
AATTGAACGCTCTGGT-1,0.049625,0.021464,0.085487,0.32419,0.244828,0.053234,0.114782,0.028027,0.039087,0.039275
AATTGCAGCAATCGAC-1,0.000932,0.000009,0.001645,0.200087,0.041116,0.016932,0.569106,0.006598,0.080216,0.083361
AATTGCGTGGATTACA-1,0.693377,0.126907,0.000485,0.015617,0.001798,0.000034,0.000035,0.160901,0.000828,0.000017
AATTGTGGTTGCCAAA-1,0.000014,0.000201,0.041308,0.012319,0.014191,0.088955,0.720273,0.021702,0.026095,0.074944
AATTTGGGACATAGTA-1,0.020039,0.002533,0.000011,0.077718,0.20656,0.100111,0.145423,0.222523,0.052154,0.172928
AATTTGGTTCCAAAGA-1,0.015918,0.00228,0.001068,0.311746,0.200556,0.026054,0.223054,0.056452,0.035593,0.127279
ACAAACCATGCGTCCT-1,0.538326,0.295043,0.023122,0.033973,0.015669,0.006448,0.021905,0.007193,0.045877,0.012443
ACAAACTCCATCAGAG-1,0.019231,0.019231,0.769226,0.038463,0.038462,0.019231,0.038462,0.019231,0.019231,0.019231
ACAAAGAAGGTAGGCC-1,0.957199,0.042506,0.000027,0.000054,0.000054,0.000027,0.000054,0.000027,0.000027,0.000027
ACAAAGCATGACCTAG-1,0.005201,0.002033,0.008,0.233444,0.040303,0.051114,0.391979,0.024714,0.088117,0.155095
ACAAATCGCACCGAAT-1,0.022176,0.028571,0.027902,0.401697,0.035823,0.044176,0.259019,0.017987,0.131229,0.03142
ACAAATGGTAGTGTTT-1,0.019872,0.022915,0.222014,0.195543,0.067577,0.083948,0.212454,0.031274,0.065344,0.079059
ACAAATTCAGATCTGA-1,0.085499,0.002703,0.005621,0.124745,0.367579,0.052006,0.189269,0.03732,0.037302,0.097958
ACAACAGCATGAGCTA-1,0.000021,0.142558,0.184822,0.002385,0.04504,0.288231,0.145743,0.138798,0.008564,0.043838
ACAACGGTCCCTGCGA-1,0.148437,0.080168,0.104253,0.017763,0.054484,0.058741,0.128676,0.253272,0.023154,0.131053
ACAAGCAGTGCCTAGC-1,0.413181,0.074662,0.10404,0.218039,0.133368,0.000063,0.016108,0.000063,0.009344,0.031133
ACAAGCTATATGGAAG-1,0.005495,0.005495,0.005495,0.010989,0.010989,0.005495,0.939559,0.005495,0.005495,0.005495
ACAAGGAAATCCGCCC-1,0.009792,0.002258,0.030634,0.200331,0.053457,0.031055,0.390307,0.006096,0.178936,0.097134
ACAAGGACAAGAGGTT-1,0.000016,0.055902,0.037573,0.000031,0.008028,0.099344,0.699817,0.02143,0.007309,0.07055
ACAAGGATGCTTTAGG-1,0.000011,0.000011,0.000011,0.031054,0.009151,0.022765,0.865353,0.006011,0.034593,0.031039
ACAAGGCCTACCAGCC-1,0.002117,0.090969,0.000015,0.00652,0.096875,0.17835,0.332272,0.182496,0.00731,0.103077
ACAAGGGCAGGCTCTG-1,0.00164,0.003358,0.023692,0.056225,0.015786,0.068037,0.631548,0.02585,0.090032,0.083832
ACAATAGTCGTACGTT-1,0.000445,0.172888,0.822221,0.000889,0.000889,0.000445,0.000889,0.000445,0.000445,0.000445
ACAATCCATTTAAACC-1,0.000021,0.869259,0.130041,0.000042,0.000513,0.000021,0.000042,0.000021,0.000021,0.000021
ACAATCGATCTTTATA-1,0.020867,0.033036,0.02352,0.1631,0.039324,0.195985,0.160488,0.173241,0.173287,0.017152
ACAATGAATACGGAGA-1,0.08085,0.490164,0.000387,0.000773,0.000773,0.003924,0.421969,0.000387,0.000387,0.000387
ACAATGATTCTTCTAC-1,0.260089,0.002401,0.084277,0.236412,0.296442,0.007962,0.013764,0.028956,0.019579,0.050118
ACAATTGTGTCTCTTT-1,0.000084,0.162788,0.836284,0.000169,0.000169,0.000084,0.000169,0.000084,0.000084,0.000084
ACAATTTAGGAGGCTC-1,0.00014,0.851556,0.146903,0.00028,0.00028,0.00014,0.00028,0.00014,0.00014,0.00014
ACAATTTGAGCAGTGG-1,0.157235,0.015121,0.041856,0.358472,0.091271,0.057354,0.004633,0.233168,0.03677,0.004118
ACAATTTGGCCATATT-1,0.092673,0.010969,0.055514,0.214335,0.130355,0.044896,0.232463,0.037398,0.069234,0.112164
ACACAAAGACGGGTGG-1,0.060609,0.014959,0.117489,0.565664,0.09463,0.01638,0.024068,0.055199,0.031273,0.01973
ACACAAATATTCCTAG-1,0.032957,0.021434,0.159743,0.368661,0.205475,0.030713,0.03861,0.047398,0.056752,0.038257
ACACACCAGGACCAGT-1,0.000339,0.073361,0.037361,0.058842,0.11118,0.176099,0.314314,0.072262,0.031705,0.124536
ACACACTTTCTACACG-1,0.014167,0.002998,0.006252,0.23759,0.367857,0.024204,0.14154,0.086977,0.040403,0.078011
ACACATGATCAAATCT-1,0.351411,0.428613,0.032265,0.000085,0.002189,0.062832,0.03587,0.061082,0.000043,0.02561
ACACATTGACGCAACA-1,0.067222,0.51653,0.227271,0.000238,0.000238,0.001194,0.109941,0.077129,0.000119,0.000119
ACACATTTCCGTAGAC-1,0.455229,0.391305,0.000119,0.056912,0.043294,0.000119,0.000239,0.052544,0.000119,0.000119
ACACCACATAATTAGC-1,0.000014,0.062388,0.112635,0.001548,0.025017,0.235696,0.493636,0.011058,0.019236,0.038771
ACACCCAGCATGCAGC-1,0.000045,0.183716,0.367133,0.000091,0.000091,0.228863,0.170797,0.049175,0.000045,0.000045
ACACCCGAGAAATCCG-1,0.067577,0.019167,0.137831,0.505779,0.022523,0.074304,0.085312,0.016534,0.059937,0.011035
ACACCGAGCGCTCTTT-1,0.245534,0.530673,0.223142,0.00013,0.00013,0.000065,0.00013,0.000065,0.000065,0.000065
ACACCGGTCTGACCGC-1,0.621945,0.224732,0.000017,0.003198,0.007328,0.01637,0.098773,0.014981,0.009481,0.003174
ACACCTTAAGTAGGGC-1,0.000111,0.36269,0.210728,0.000221,0.371898,0.053798,0.000221,0.000111,0.000111,0.000111
ACACCTTACTACTTGC-1,0.00902,0.00142,0.022216,0.396412,0.096296,0.023344,0.273492,0.017485,0.041649,0.118666
ACACGAGACTCCTTCT-1,0.000055,0.043316,0.706808,0.000109,0.000109,0.018532,0.229542,0.001421,0.000055,0.000055
ACACGGCACTATGCAT-1,0.001825,0.117465,0.005958,0.001677,0.078766,0.195898,0.412456,0.103926,0.009802,0.072226
ACACGGGAACTTAGGG-1,0.024315,0.087683,0.037391,0.239243,0.465893,0.031348,0.008491,0.061218,0.036868,0.007549
ACACGTAGGCCACAAG-1,0.269965,0.028503,0.10492,0.007576,0.006674,0.095264,0.326531,0.006692,0.134543,0.019331
ACACTCCAATGTCACT-1,0.638924,0.359802,0.000116,0.000232,0.000232,0.000116,0.000232,0.000116,0.000116,0.000116
ACACTGATCAAGGTGT-1,0.000275,0.351905,0.081997,0.000549,0.000549,0.109783,0.405262,0.002813,0.000275,0.046593
ACACTGGGACAGTCGT-1,0.023081,0.02727,0.131234,0.022965,0.038526,0.069161,0.566864,0.044633,0.025744,0.050522
ACAGAACTGAGAACAA-1,0.000356,0.48769,0.508392,0.000712,0.000712,0.000356,0.000712,0.000356,0.000356,0.000356
ACAGATTAGGTTAGTG-1,0.02852,0.039661,0.132055,0.471621,0.093707,0.008747,0.000026,0.213061,0.007982,0.004621
ACAGCATAGAGCCAGT-1,0.009622,0.010997,0.011493,0.136054,0.119807,0.138187,0.177074,0.298736,0.027706,0.070324
ACAGCGACATTCTCAT-1,0.000016,0.025511,0.006738,0.000608,0.005839,0.133938,0.702579,0.043582,0.010105,0.071087
ACAGCGCACCCGCAGC-1,0.007436,0.037825,0.008493,0.036874,0.189754,0.054983,0.432445,0.036096,0.017115,0.178981
ACAGGCACGGATCCTT-1,0.000325,0.002243,0.004199,0.125471,0.038702,0.017195,0.625105,0.005784,0.040428,0.140547
ACAGGCTTGCCCGACT-1,0.005663,0.356433,0.222622,0.000195,0.000195,0.085045,0.000195,0.329458,0.000097,0.000097
ACAGGTGGAGGTGAGG-1,0.000332,0.341294,0.655058,0.000663,0.000663,0.000332,0.000663,0.000332,0.000332,0.000332
ACAGGTGTGTTGTTGC-1,0.003846,0.003846,0.003846,0.007692,0.957692,0.003846,0.007692,0.003846,0.003846,0.003846
ACAGTAATACAACTTG-1,0.00014,0.783499,0.01604,0.000281,0.000281,0.00014,0.199197,0.00014,0.00014,0.00014
ACAGTATACCGTGGGA-1,0.129531,0.000329,0.00494,0.676926,0.085886,0.009809,0.034425,0.013714,0.031202,0.013238
ACAGTGCAGCGCATTT-1,0.000012,0.012005,0.218541,0.012049,0.039248,0.148157,0.394162,0.115987,0.015281,0.044557
ACATAAGTCGTGGTGA-1,0.000057,0.668352,0.000057,0.000114,0.000114,0.001815,0.32932,0.000057,0.000057,0.000057
ACATAATAAGGCGGTG-1,0.16208,0.025629,0.019494,0.071386,0.062537,0.169987,0.144457,0.19039,0.123357,0.030684
ACATACAATCAAGCGG-1,0.959865,0.003345,0.003345,0.006689,0.006689,0.003345,0.006689,0.003345,0.003345,0.003345
ACATCAGCTGGGACGC-1,0.000325,0.395695,0.54391,0.000649,0.000649,0.05715,0.000649,0.000325,0.000325,0.000325
ACATCCCGGCCATACG-1,0.10457,0.032204,0.029779,0.05743,0.064152,0.062071,0.495879,0.020738,0.060058,0.073119
ACATCCTGGTAACTGT-1,0.021844,0.005589,0.050022,0.34031,0.120923,0.043739,0.17303,0.076125,0.067309,0.101109
ACATCGATCGTTTACC-1,0.016472,0.016601,0.01184,0.220966,0.140581,0.057323,0.256485,0.108051,0.106926,0.064754
ACATCGGTCAGCCGCG-1,0.000481,0.649763,0.344948,0.000962,0.000962,0.000481,0.000962,0.000481,0.000481,0.000481
ACATCGTATGCAATGG-1,0.004171,0.017334,0.080345,0.108448,0.051438,0.084773,0.428897,0.096072,0.06102,0.067503
ACATCGTTAACCTAGT-1,0.038134,0.020422,0.284729,0.102628,0.138161,0.038843,0.087631,0.152515,0.020557,0.116379
ACATCTCAACGCGTAA-1,0.009635,0.00001,0.00001,0.073646,0.088743,0.030972,0.625829,0.016795,0.057808,0.096552
ACATGCTTACGGCAGC-1,0.002137,0.002137,0.002137,0.004274,0.004274,0.002137,0.976495,0.002137,0.002137,0.002137
ACATGGCGCCAAAGTA-1,0.012662,0.020279,0.007479,0.036585,0.024848,0.141254,0.564128,0.05908,0.061549,0.072136
ACATGGCTCAATTTAG-1,0.428669,0.054144,0.439682,0.000135,0.000135,0.076898,0.000135,0.000067,0.000067,0.000067
ACATTAGTTTATATCC-1,0.011631,0.004008,0.211832,0.426422,0.061179,0.007875,0.128884,0.001024,0.107213,0.039933
ACATTCGCGCGGAATA-1,0.695513,0.304228,0.000024,0.000047,0.000047,0.000024,0.000047,0.000024,0.000024,0.000024
ACATTTGAAACCTAAC-1,0.000008,0.23061,0.002948,0.499997,0.191641,0.000918,0.020436,0.002446,0.017524,0.033471
ACCAAACACCCAGCGA-1,0.448484,0.015485,0.045147,0.116831,0.085709,0.081714,0.031338,0.083071,0.087274,0.004947
ACCAAACTAGAAATCC-1,0.000012,0.047113,0.186216,0.000024,0.007511,0.186355,0.477539,0.038603,0.004429,0.052197
ACCAACACCACACACT-1,0.225562,0.027523,0.069425,0.325905,0.27734,0.023481,0.0066,0.012637,0.027317,0.004209
