Barcode,Topic 1,Topic 2,Topic 3to5,Topic 6to8
AAACAACGAATAGTTC-1,0.008908,0.001492,0.803228,0.186372
AAACAAGTATCTCCCA-1,0.508183,0.064702,0.426971,0.000144
AAACAATCTACTAGCA-1,0.018482,0.000523,0.739721,0.241273
AAACACCAATAACTGC-1,0.000015,0.027484,0.523165,0.449336
AAACAGAGCGACTCCT-1,0.969699,0.000426,0.028598,0.001278
AAACAGCTTTCAGAAG-1,0.001777,0.065306,0.375358,0.557559
AAACAGGGTCTATATT-1,0.051464,0.001626,0.372007,0.574902
AAACAGTGTTCCTGGG-1,0.004394,0.055268,0.5167,0.423638
AAACATGGTGAGAGGA-1,0.000944,0.031154,0.37631,0.591592
AAACATTTCCCGGATT-1,0.000031,0.02247,0.883493,0.094006
AAACCACTACACAGAT-1,0.693524,0.016722,0.288142,0.001612
AAACCCGAACGAAATC-1,0.369236,0.374031,0.255762,0.000972
AAACCGGAAATGTTAA-1,0.000008,0.979425,0.000023,0.020545
AAACCGGGTAGGTACC-1,0.000754,0.058893,0.427672,0.512681
AAACCGTTCGTCCAGG-1,0.014656,0.106416,0.363913,0.515015
AAACCTAAGCAGCCGG-1,0.017195,0.058232,0.541517,0.383055
AAACCTCATGAAGTTG-1,0.021057,0.012818,0.322673,0.643452
AAACGAAGAACATACC-1,0.231129,0.003866,0.586079,0.178926
AAACGAAGATGGAGTA-1,0.004619,0.082849,0.46365,0.448881
AAACGACAGTCTTGCC-1,0.679972,0.074997,0.243324,0.001707
AAACGAGACGGTTGAT-1,0.073307,0.059233,0.387673,0.479787
AAACGCCCGAGATCGG-1,0.889211,0.000852,0.107381,0.002557
AAACGCTGGGCACGAC-1,0.142998,0.513155,0.279435,0.064412
AAACGGGCGTACGGGT-1,0.044867,0.000032,0.83932,0.115781
AAACGGGTTGGTATCC-1,0.11885,0.000039,0.836094,0.045017
AAACGGTTGCGAACTG-1,0.000025,0.021066,0.71242,0.26649
AAACGTGTTCGCCCTA-1,0.989834,0.009653,0.000257,0.000256
AAACTAACGTGGCGAC-1,0.998003,0.000285,0.000856,0.000856
AAACTCGGTTCGCAAT-1,0.058263,0.040908,0.611816,0.289014
AAACTCGTGATATAAG-1,0.858527,0.116586,0.007865,0.017022
AAACTGCTGGCTCCAA-1,0.035858,0.024379,0.772211,0.167552
AAACTTAATTGCACGC-1,0.010917,0.07426,0.329581,0.585241
AAACTTGCAAACGTAT-1,0.010749,0.13655,0.239012,0.613689
AAAGAATGACCTTAGA-1,0.003954,0.02398,0.529533,0.442533
AAAGAATGTGGACTAA-1,0.004163,0.047232,0.907447,0.041158
AAAGACATGAAGTTTA-1,0.997599,0.000343,0.001029,0.001029
AAAGACCCAAGTCGCG-1,0.083497,0.026796,0.491484,0.398223
AAAGACTGGGCGCTTT-1,0.220861,0.03185,0.238519,0.50877
AAAGCTTGCCTACATA-1,0.722947,0.000173,0.276362,0.000518
AAAGGCCCTATAATAC-1,0.007777,0.038408,0.576662,0.377153
AAAGGCTACGGACCAT-1,0.04729,0.004429,0.765626,0.182655
AAAGGCTCTCGCGCCG-1,0.010205,0.001272,0.530857,0.457666
AAAGGGATGTAGCAAG-1,0.183185,0.000035,0.374319,0.442461
AAAGGGCAGCTTGAAT-1,0.011277,0.056722,0.607913,0.324088
AAAGGTAAGCTGTACC-1,0.816109,0.06705,0.041836,0.075005
AAAGGTCAACGACATG-1,0.816,0.081336,0.049337,0.053328
AAAGTAGCATTGCTCA-1,0.032447,0.021416,0.300965,0.645172
AAAGTCACTGATGTAA-1,0.072593,0.010795,0.217501,0.69911
AAAGTCGACCCTCAGT-1,0.009764,0.008019,0.608308,0.37391
AAAGTGCCATCAATTA-1,0.002253,0.953739,0.004559,0.039448
AAAGTGTGATTTATCT-1,0.03679,0.032081,0.349947,0.581182
AAAGTTGACTCCCGTA-1,0.119643,0.037259,0.619596,0.223503
AAATAACCATACGGGA-1,0.997654,0.000095,0.000285,0.001966
AAATAAGGTAGTGCCC-1,0.99724,0.000022,0.000065,0.002673
AAATACCTATAAGCAT-1,0.000866,0.036937,0.016996,0.945201
AAATAGCTTAGACTTT-1,0.463763,0.499245,0.000056,0.036936
AAATAGGGTGCTATTG-1,0.000025,0.008332,0.462976,0.528666
AAATCACTCCTAAACG-1,0.534364,0.000768,0.462563,0.002305
AAATCCGATACACGCC-1,0.01604,0.015725,0.316078,0.652157
AAATCGCGGAAGGAGT-1,0.000084,0.065522,0.576774,0.35762
AAATCGTGTACCACAA-1,0.000031,0.034273,0.414321,0.551375
AAATCTAGCCCTGCTA-1,0.264967,0.000214,0.734177,0.000642
AAATCTGCCCGCGTCC-1,0.00524,0.080607,0.202073,0.712079
AAATGACTGATCAAAC-1,0.012209,0.020975,0.837305,0.129511
AAATGATTCGATCAGC-1,0.78351,0.041112,0.120168,0.05521
AAATGCTCGTTACGTT-1,0.009289,0.003843,0.5659,0.420969
AAATGGCATGTCTTGT-1,0.039362,0.000046,0.837343,0.123249
AAATGGCCCGTGCCCT-1,0.024046,0.019284,0.379958,0.576712
AAATGGTCAATGTGCC-1,0.092647,0.06896,0.593026,0.245367
AAATGTATCTTATCCC-1,0.02102,0.07306,0.211155,0.694765
AAATGTGGGTGCTCCT-1,0.035473,0.139539,0.347775,0.477212
AAATTAACGGGTAGCT-1,0.064457,0.002168,0.714313,0.219062
AAATTAATAAGCGCGA-1,0.090287,0.008908,0.520645,0.380161
AAATTACACGACTCTG-1,0.71856,0.09614,0.179572,0.005728
AAATTACCTATCGATG-1,0.674614,0.018232,0.300112,0.007042
AAATTCCAGGTCCAAA-1,0.891551,0.051321,0.000087,0.057041
AAATTGATAGTCCTTT-1,0.024479,0.021859,0.518862,0.4348
AAATTGCGGCGGTTCT-1,0.009541,0.024288,0.783028,0.183142
AAATTGGTGAGAAGCA-1,0.956719,0.000133,0.04275,0.000398
AAATTTACCGAAATCC-1,0.365813,0.00483,0.529959,0.099398
AAATTTGCGGGTGTGG-1,0.000029,0.005721,0.696306,0.297943
AACAACTGGTAGTTGC-1,0.02438,0.051216,0.123691,0.800712
AACAATACATTGTCGA-1,0.009025,0.120322,0.068914,0.801738
AACAATTACTCTACGC-1,0.004563,0.040012,0.225435,0.72999
AACACACGCTCGCCGC-1,0.017847,0.039993,0.678694,0.263467
AACACGACTGTACTGA-1,0.257207,0.000032,0.427296,0.315466
AACACGAGACGCGGCC-1,0.016385,0.038068,0.629315,0.316232
AACACGCGGCCGCGAA-1,0.054931,0.05726,0.670362,0.217447
AACAGCTGTGTGGCAA-1,0.020897,0.108937,0.368016,0.50215
AACAGGAAATCGAATA-1,0.055422,0.005401,0.469582,0.469594
AACAGGATGGGCCGCG-1,0.057198,0.034478,0.331716,0.576609
AACAGGTAGTATGGAT-1,0.011698,0.9438,0.01568,0.028822
AACATAGCGTGTATCG-1,0.232544,0.092114,0.424677,0.250665
AACATATCAACTGGTG-1,0.979302,0.000038,0.00298,0.01768
AACATCGATACGTCTA-1,0.99967,0.000047,0.000141,0.000141
AACATTGAAGTTGATC-1,0.000722,0.074758,0.507868,0.416652
AACATTGGTCAGCCGT-1,0.003157,0.028463,0.496304,0.472076
AACATTGTGACTCGAG-1,0.030848,0.260683,0.397568,0.310901
AACCAAGACTTCTCTG-1,0.087666,0.005736,0.705631,0.200967
AACCAGTATCACTCTT-1,0.813149,0.000252,0.185841,0.000757
AACCATAGGGTTGAAC-1,0.047194,0.046038,0.461551,0.445217
AACCATGGGATCGCTA-1,0.054662,0.051471,0.117403,0.776465
AACCCAGAGACGGAGA-1,0.016388,0.010677,0.782334,0.190601
AACCCATCCCATGATC-1,0.000014,0.07607,0.365088,0.558828
AACCCGACAACCCGTG-1,0.017903,0.04229,0.547875,0.391933
AACCCGAGCAGAATCG-1,0.185021,0.518808,0.160834,0.135337
AACCCGATAGGGCTTC-1,0.527288,0.276562,0.195302,0.000848
AACCCGCTGTATTCCA-1,0.05497,0.049143,0.701341,0.194546
AACCCTACTGTCAATA-1,0.157958,0.046123,0.625525,0.170395
AACCCTGGTGGAACCA-1,0.201422,0.009275,0.446035,0.343267
AACCGAGCTTGGTCAT-1,0.09801,0.027057,0.354317,0.520616
AACCGCTAAGGGATGC-1,0.018744,0.050325,0.610671,0.32026
AACCGTTGTGTTTGCT-1,0.106181,0.002753,0.669037,0.222029
AACCTAAAGCCGTCCG-1,0.541776,0.366501,0.068013,0.02371
AACCTCGCTTTAGCCC-1,0.08113,0.000034,0.682905,0.235931
AACCTGTCACGGAATT-1,0.744911,0.120101,0.000485,0.134503
AACCTTTAAATACGGT-1,0.000027,0.01645,0.465877,0.517646
AACCTTTACGACGTCT-1,0.914045,0.000288,0.084804,0.000864
AACGAAAGTCGTCCCA-1,0.000649,0.03574,0.502586,0.461025
AACGACCTCCTAGCCG-1,0.263285,0.002338,0.674885,0.059491
AACGATAATGCCGTAG-1,0.002856,0.050916,0.495061,0.451168
AACGATAGAAGGGCCG-1,0.158359,0.003907,0.416785,0.420949
AACGATATGTCAACTG-1,0.035375,0.846825,0.000031,0.117769
AACGCATGATCTGGGT-1,0.699973,0.000485,0.298086,0.001456
AACGCGAACGGCAACA-1,0.012154,0.001436,0.877998,0.108413
AACGCGACCTTGGGCG-1,0.000011,0.125076,0.084135,0.790779
AACGCGGTCTCCAGCC-1,0.10139,0.000056,0.526789,0.371765
AACGCTGTTGCTGAAA-1,0.120566,0.001782,0.670352,0.2073
AACGGACGTACGTATA-1,0.023674,0.057815,0.720538,0.197974
AACGGCCATCTCCGGT-1,0.000017,0.071708,0.345,0.583275
AACGTACTGTGGGTAC-1,0.007876,0.068929,0.346659,0.576536
AACGTAGTCTACCCAT-1,0.033555,0.012455,0.768211,0.185778
AACGTCAGACTAGTGG-1,0.121466,0.047939,0.140701,0.689894
AACGTCATCCGGCTTG-1,0.006669,0.003656,0.86762,0.122055
AACGTCGCTGCACTTC-1,0.019519,0.328594,0.439797,0.212089
AACGTGATGAAGGACA-1,0.997699,0.000329,0.000986,0.000986
AACGTGCGAAAGTCTC-1,0.169077,0.000204,0.486652,0.344067
AACGTTATCAGCACCT-1,0.155613,0.007165,0.405391,0.431832
AACGTTCTACCATTGT-1,0.497839,0.22982,0.221416,0.050925
AACTACCCGTTTGTCA-1,0.246213,0.261433,0.479158,0.013196
AACTAGCGTATCGCAC-1,0.070773,0.381876,0.179918,0.367433
AACTAGGCTTGGGTGT-1,0.004368,0.106879,0.075257,0.813496
AACTCAAGTTAATTGC-1,0.004561,0.053164,0.113118,0.829157
AACTCCAGAGCGTGTT-1,0.000036,0.029404,0.639886,0.330673
AACTCCTAATCCCATG-1,0.892799,0.000283,0.106068,0.00085
AACTCGATAAACACGT-1,0.022199,0.000032,0.853844,0.123924
AACTCGATGGCGCAGT-1,0.012553,0.00749,0.581015,0.398942
AACTCTCAATAGAGCG-1,0.132763,0.017086,0.537717,0.312435
AACTCTCAGTGTGCTC-1,0.08355,0.145856,0.135149,0.635444
AACTGAGGTCAGCGTC-1,0.986643,0.000135,0.012815,0.000406
AACTGAGTTATACTGA-1,0.072161,0.811974,0.006667,0.109198
AACTGATATTAGGCCT-1,0.109471,0.007632,0.423636,0.459261
AACTGGGTCCCGACGT-1,0.148043,0.011207,0.036925,0.803825
AACTGGGTTCGAGCCG-1,0.84813,0.000196,0.151085,0.000589
AACTGGTGTGGGCCTT-1,0.020071,0.011044,0.478525,0.490361
AACTTCTGCGTCTATC-1,0.051704,0.074823,0.375758,0.497716
AACTTGCCCGTATGCA-1,0.029751,0.030424,0.410472,0.529353
AACTTGCGTTCTCGCG-1,0.001039,0.004234,0.668518,0.326209
AACTTTACGGGAGCTT-1,0.052107,0.000682,0.673163,0.274048
AACTTTAGCTGCTGAG-1,0.029269,0.011707,0.56688,0.392144
AACTTTCTCGATCATG-1,0.772644,0.000094,0.226993,0.000269
AAGAAAGTTTGATGGG-1,0.005033,0.088903,0.322138,0.583925
AAGAAATCACCAGATT-1,0.929677,0.068393,0.000125,0.001806
AAGAAGGATCAGTTAG-1,0.051465,0.012158,0.351879,0.584498
AAGACATACGTGGTTT-1,0.064435,0.284174,0.651217,0.000174
AAGACCAAATAACTCA-1,0.000012,0.027055,0.409794,0.563139
AAGACCCAACTGAACA-1,0.000421,0.059343,0.562199,0.378037
AAGACTAACCCGTTGT-1,0.039363,0.002997,0.625279,0.332361
AAGACTCACGCCCACT-1,0.997384,0.000374,0.001121,0.001121
AAGACTGCAAGCTACT-1,0.159813,0.015225,0.439876,0.385086
AAGAGATGAATCGGTA-1,0.076858,0.197796,0.263463,0.461882
AAGAGCTCTTTATCGG-1,0.015972,0.107258,0.075809,0.80096
AAGAGGATGTACGCGA-1,0.047067,0.054162,0.365652,0.53312
AAGAGGCATGGATCGC-1,0.056412,0.170956,0.49165,0.280982
AAGAGGCCCTTTGGAA-1,0.000029,0.170135,0.816162,0.013673
AAGATGGCACCGGACC-1,0.294217,0.034983,0.535322,0.135478
AAGATTGGCGGAACGT-1,0.093064,0.183168,0.173916,0.549851
AAGCACCCTGCGTATC-1,0.061314,0.025647,0.581736,0.331303
AAGCATACTCTCCTGA-1,0.001127,0.007987,0.74207,0.248817
AAGCCACTTGCAGGTA-1,0.007454,0.052006,0.52956,0.41098
AAGCCGAAGCGGTTTA-1,0.320827,0.000355,0.677755,0.001064
AAGCCGCCGTGAAATC-1,0.054581,0.058223,0.656209,0.230987
AAGCCGCTTTACCTTG-1,0.82427,0.068801,0.073985,0.032944
AAGCCGGAGAGCAGGA-1,0.001728,0.924792,0.01345,0.060029
AAGCGCAGGGCTTTGA-1,0.002291,0.46906,0.301001,0.227648
AAGCGGAGTGCGCGCA-1,0.798846,0.14147,0.058766,0.000919
AAGCGGCGTCATGGGT-1,0.774233,0.00011,0.22163,0.004027
AAGCGTCCCTCATCGA-1,0.036123,0.167942,0.160043,0.635892
AAGCTAGATCGAGTAA-1,0.001853,0.00858,0.754592,0.234974
AAGCTATGGATTGACC-1,0.016653,0.061602,0.429952,0.491793
AAGCTCGTGCCAAGTC-1,0.084821,0.030472,0.080999,0.803708
AAGCTCTTTCATGGTG-1,0.000046,0.014186,0.735957,0.249811
AAGGAGAACTTATAAG-1,0.109336,0.00003,0.768296,0.122338
AAGGAGCGGTTGGTGC-1,0.056664,0.202175,0.486681,0.25448
AAGGATCGATCGCTTG-1,0.479383,0.226908,0.289334,0.004376
AAGGATGAGGGACCTC-1,0.169948,0.018988,0.654728,0.156336
AAGGCAGGCTGTCTCC-1,0.538364,0.24918,0.212249,0.000207
AAGGCGCGTAAAGCTT-1,0.109414,0.064523,0.405457,0.420606
AAGGCTGTGCTCATCG-1,0.001732,0.08127,0.0188,0.898198
AAGGGAACGACTGGCT-1,0.00371,0.040984,0.706087,0.249219
AAGGGACAGATTCTGT-1,0.257495,0.002323,0.449124,0.291059
AAGGGACTATGCATTC-1,0.019099,0.05504,0.619758,0.306103
AAGGGTTAGCCATGCG-1,0.366098,0.005899,0.395793,0.23221
AAGGGTTTGATTTCAG-1,0.005603,0.052748,0.429081,0.512568
AAGGTATCCTAATATA-1,0.089142,0.00004,0.737363,0.173454
AAGGTGATAAACCAGC-1,0.012066,0.05088,0.237045,0.700009
AAGTAAGCTTCCAAAC-1,0.043675,0.063025,0.754651,0.138649
AAGTAGAAGACCGGGT-1,0.145564,0.137756,0.080235,0.636446
AAGTAGTGACGCGAGG-1,0.062652,0.003458,0.319179,0.614712
AAGTCAATTGTCGTCA-1,0.615975,0.058506,0.302113,0.023406
AAGTCTAGTAGCTGCC-1,0.949826,0.049725,0.000224,0.000224
AAGTCTTCTGTGGCCT-1,0.048591,0.068704,0.441033,0.441672
AAGTGACGACCGAATT-1,0.038802,0.362781,0.134244,0.464174
AAGTGAGTCGGGTTTA-1,0.040807,0.012184,0.598242,0.348766
AAGTGCAAAGGTAGAC-1,0.000015,0.034618,0.160012,0.805355
AAGTGCCTTGACTGTA-1,0.68905,0.115494,0.121525,0.073931
AAGTGCGTTAGAATCT-1,0.000023,0.018409,0.667172,0.314397
AAGTGCTTCTCTATTG-1,0.035368,0.015398,0.651447,0.297787
AAGTGTTTGGAGACGG-1,0.007838,0.063605,0.337203,0.591354
AAGTTCACTCCAAGCT-1,0.073386,0.004284,0.271664,0.650665
AAGTTCAGTCTGCGTA-1,0.684116,0.000549,0.313688,0.001647
AAGTTCGGCCAACAGG-1,0.000012,0.177126,0.048072,0.774789
AAGTTGTGATGTTATA-1,0.000035,0.065324,0.764891,0.169749
AAGTTTACTAATGGCA-1,0.08592,0.000087,0.913731,0.000262
AAGTTTATGGGCCCAA-1,0.000013,0.183979,0.187473,0.628536
AATAACAACGCTCGGC-1,0.131971,0.040277,0.224435,0.603317
AATAACACTAGAACAA-1,0.002168,0.051488,0.148051,0.798293
AATAACGTCGCGCCCA-1,0.501145,0.000034,0.487843,0.010979
AATAAGTCCTCGAGAC-1,0.362604,0.214822,0.421558,0.001015
AATAATCTTCGTATCG-1,0.082941,0.708007,0.186972,0.022079
AATACAATGTTTCAGG-1,0.000016,0.532241,0.06895,0.398792
AATACCGGAGGGCTGT-1,0.010049,0.074227,0.227192,0.688532
AATACCTGATGTGAAC-1,0.033233,0.121525,0.749046,0.096196
AATAGAACAGAGTGGC-1,0.093878,0.141382,0.091416,0.673324
AATAGAATCTGTTTCA-1,0.148966,0.000042,0.553382,0.29761
AATAGCAAGCCTCCTG-1,0.586627,0.412826,0.000274,0.000274
AATAGCTACCGCGTGC-1,0.89667,0.021227,0.031942,0.050161
AATAGGCACGACCCTT-1,0.01886,0.079738,0.453988,0.447414
AATAGTCCGTCCCGAC-1,0.00015,0.01589,0.764808,0.219152
AATAGTCGCGAGTCGG-1,0.034681,0.023641,0.134036,0.807643
AATATCAAGGTCGGAT-1,0.043854,0.023452,0.777478,0.155217
AATATCCTAGCAAACT-1,0.019308,0.019841,0.647033,0.313818
AATATCGAATCAATGC-1,0.311586,0.270363,0.256822,0.161229
AATATCGAGGGTTCTC-1,0.89931,0.000069,0.079302,0.02132
AATATTGGAGTATTGA-1,0.035569,0.000079,0.812277,0.152076
AATCAGACTGCAGGAC-1,0.241442,0.003091,0.487742,0.267725
AATCAGGTTTCATTTA-1,0.000249,0.028963,0.44513,0.525658
AATCATGTAAAGACTC-1,0.219714,0.041268,0.670797,0.068221
AATCCAAGGGCCTGAG-1,0.168972,0.012806,0.527726,0.290496
AATCCATGCAAGGGTG-1,0.030773,0.014507,0.823792,0.130928
AATCCCGCTCAGAGCC-1,0.000026,0.04597,0.855794,0.098211
AATCGAGGTCTCAAGG-1,0.097352,0.050111,0.536634,0.315903
AATCGCCTCAGCGCCA-1,0.026649,0.000033,0.21943,0.753888
AATCGCGCAGAGGACT-1,0.206214,0.765531,0.027351,0.000904
AATCGGGACACTACGA-1,0.06305,0.033949,0.322384,0.580616
AATCGGTATAGCCCTC-1,0.002804,0.290705,0.440972,0.265518
AATCGTGAGCCGAGCA-1,0.106457,0.017405,0.007423,0.868716
AATCTAGGTTTACTTG-1,0.099425,0.055141,0.380781,0.464653
AATCTATGCCGGAGCC-1,0.836206,0.013198,0.150213,0.000382
AATCTCTACTGTGGTT-1,0.00778,0.325187,0.228323,0.43871
AATCTGCGTTGGGACG-1,0.181647,0.009036,0.483248,0.32607
AATCTGGCTTTCTAGT-1,0.001781,0.04688,0.198151,0.753189
AATCTGGGTAGACCCT-1,0.953639,0.000067,0.042671,0.003623
AATGACAGCAATGTCT-1,0.00003,0.02946,0.416202,0.554308
AATGACGTAGGATGTC-1,0.012827,0.060932,0.113992,0.812249
AATGACTGTCAGCCGG-1,0.043434,0.071887,0.367919,0.51676
AATGAGTTCGCATATG-1,0.031089,0.001292,0.880041,0.087578
AATGATGATACGCTAT-1,0.783285,0.000266,0.21565,0.000799
AATGATGCGACTCCTG-1,0.833527,0.000086,0.048122,0.118265
AATGCAACCGGGTACC-1,0.058032,0.020026,0.266099,0.655843
AATGCACCAAGCAATG-1,0.850714,0.000125,0.06093,0.088232
AATGGCCGCCAATGCG-1,0.599632,0.224476,0.175134,0.000757
AATGGTCCACCGTTCA-1,0.050969,0.020175,0.711981,0.216875
AATGGTTCTCACAAGC-1,0.070239,0.023949,0.148026,0.757787
AATGTATGGCACTGTA-1,0.017068,0.005728,0.738333,0.238871
AATGTGCCCGAGGTGT-1,0.000105,0.076098,0.392353,0.531444
AATGTGCTAATCTGAG-1,0.000009,0.211558,0.002882,0.785551
AATGTTAAGACCCTGA-1,0.297116,0.124356,0.38684,0.191688
AATGTTGTCGTGAGAC-1,0.000017,0.175292,0.628912,0.195779
AATTAAAGGTCGGCGT-1,0.057015,0.035044,0.462753,0.445188
AATTAACGGATTTCCA-1,0.055135,0.159446,0.315969,0.46945
AATTACGAGACCCATC-1,0.001796,0.026031,0.69585,0.276323
AATTACTCGTACGCTC-1,0.014651,0.008492,0.709509,0.267348
AATTAGCGCTGCAGCG-1,0.02424,0.00004,0.796802,0.178917
AATTATACCCAGCAAG-1,0.001822,0.092023,0.685847,0.220309
AATTCATAAGGGATCT-1,0.17589,0.016861,0.457165,0.350083
AATTCATTGTCATGCA-1,0.00002,0.011601,0.231983,0.756395
AATTCCAACTTGGTGA-1,0.000564,0.016904,0.414519,0.568013
AATTCCAAGCATGTAC-1,0.000021,0.058118,0.635578,0.306282
AATTCGATTCGAGGAT-1,0.000037,0.001251,0.960788,0.037923
AATTCTAGAGTTAGGC-1,0.04725,0.005849,0.535758,0.411143
AATTGAACGCTCTGGT-1,0.021044,0.000042,0.766259,0.212655
AATTGCAGCAATCGAC-1,0.000576,0.036804,0.659316,0.303304
AATTGCGTGGATTACA-1,0.061185,0.046803,0.00151,0.890502
AATTGTGGTTGCCAAA-1,0.001044,0.671983,0.322514,0.004459
AATTTGGGACATAGTA-1,0.837159,0.000591,0.160479,0.001772
AATTTGGTTCCAAAGA-1,0.088177,0.00004,0.854978,0.056805
ACAAACCATGCGTCCT-1,0.14563,0.076622,0.342209,0.435539
ACAAACCGACAAGGCG-1,0.914849,0.00005,0.084949,0.000151
ACAAACTCCATCAGAG-1,0.023145,0.094828,0.548829,0.333199
ACAAAGAAGGTAGGCC-1,0.008007,0.022241,0.500458,0.469293
ACAAAGCATGACCTAG-1,0.001744,0.207434,0.498289,0.292533
ACAAATCGCACCGAAT-1,0.009956,0.003386,0.803496,0.183162
ACAAATGGTAGTGTTT-1,0.02051,0.02931,0.511873,0.438307
ACAAATTCAGATCTGA-1,0.999129,0.000124,0.000373,0.000373
ACAACAGCATGAGCTA-1,0.071456,0.048351,0.507496,0.372698
ACAACGGTCCCTGCGA-1,0.03127,0.056348,0.294798,0.617584
ACAAGCAGTGCCTAGC-1,0.026843,0.019447,0.316878,0.636832
ACAAGCTATATGGAAG-1,0.404609,0.009254,0.483679,0.102458
ACAAGGAAATCCGCCC-1,0.000016,0.061571,0.112906,0.825507
ACAAGGACAAGAGGTT-1,0.023435,0.042632,0.025527,0.908406
ACAAGGATGCTTTAGG-1,0.008134,0.00004,0.827327,0.164499
ACAAGGCCTACCAGCC-1,0.737841,0.039757,0.221442,0.000961
ACAAGGGCAGGCTCTG-1,0.000015,0.07853,0.002387,0.919067
ACAAGTAATTGTAAGG-1,0.001773,0.103519,0.19854,0.696168
ACAATAGTCGTACGTT-1,0.410759,0.052312,0.107866,0.429064
ACAATCCATTTAAACC-1,0.126148,0.049272,0.21795,0.606629
ACAATCGATCTTTATA-1,0.770704,0.000099,0.209416,0.019781
ACAATGAATACGGAGA-1,0.032739,0.104596,0.222526,0.640139
ACAATGATTCTTCTAC-1,0.863449,0.134862,0.000642,0.001047
ACAATTGTGTCTCTTT-1,0.191666,0.093826,0.620235,0.094272
ACAATTTAGGAGGCTC-1,0.117876,0.021124,0.442593,0.418407
ACAATTTGAGCAGTGG-1,0.029887,0.329152,0.211096,0.429866
ACAATTTGGCCATATT-1,0.160753,0.668891,0.132688,0.037668
ACACAAAGACGGGTGG-1,0.057128,0.011731,0.601335,0.329806
ACACAAATATTCCTAG-1,0.545708,0.430375,0.023643,0.000274
ACACACCAGGACCAGT-1,0.015926,0.061315,0.642784,0.279975
ACACACTTTCTACACG-1,0.048043,0.024346,0.250489,0.677122
ACACATGATCAAATCT-1,0.001003,0.047278,0.474364,0.477354
ACACATTGACGCAACA-1,0.000022,0.086411,0.11806,0.795507
ACACATTTCCGTAGAC-1,0.023057,0.009881,0.540006,0.427055
ACACCACATAATTAGC-1,0.916894,0.000106,0.050079,0.032921
ACACCCAGCATGCAGC-1,0.039557,0.047393,0.530632,0.382418
ACACCCGAGAAATCCG-1,0.042532,0.030412,0.505601,0.421454
ACACCCGTAAATCTGT-1,0.898972,0.000422,0.001265,0.099342
ACACCGAGCGCTCTTT-1,0.03302,0.044511,0.238398,0.684071
ACACCGGTCTGACCGC-1,0.026698,0.279785,0.089683,0.603833
ACACCTTAAGTAGGGC-1,0.043488,0.036757,0.283793,0.635962
ACACCTTACTACTTGC-1,0.546045,0.042319,0.411081,0.000554
ACACGAGACTCCTTCT-1,0.182377,0.000047,0.493152,0.324424
ACACGGCACTATGCAT-1,0.998902,0.000157,0.000471,0.000471
ACACGGGAACTTAGGG-1,0.055887,0.077036,0.488847,0.37823
ACACGTAGGCCACAAG-1,0.034572,0.418191,0.54229,0.004947
ACACTCCAATGTCACT-1,0.01844,0.003386,0.737125,0.241048
ACACTGATCAAGGTGT-1,0.166382,0.137282,0.208455,0.487881
ACACTGGGACAGTCGT-1,0.026888,0.62826,0.344732,0.00012
ACAGAACTGAGAACAA-1,0.152302,0.040988,0.304554,0.502156
ACAGATTAGGTTAGTG-1,0.107165,0.000055,0.75806,0.13472
ACAGCATAGAGCCAGT-1,0.080966,0.538665,0.070627,0.309742
ACAGCGACATTCTCAT-1,0.00969,0.003381,0.860845,0.126084
ACAGCGCACCCGCAGC-1,0.894499,0.000184,0.101941,0.003376
ACAGGAGGCGCAGCCG-1,0.065875,0.059272,0.521262,0.353591
ACAGGCACGGATCCTT-1,0.001705,0.080091,0.424907,0.493297
ACAGGCTTGCCCGACT-1,0.021341,0.023889,0.586739,0.368031
ACAGGTGGAGGTGAGG-1,0.001993,0.065223,0.070613,0.862171
ACAGGTGTGTTGTTGC-1,0.02528,0.093158,0.036947,0.844616
ACAGTAATACAACTTG-1,0.02648,0.002253,0.503603,0.467663
ACAGTATACCGTGGGA-1,0.884981,0.026541,0.000138,0.08834
ACAGTGCAGCGCATTT-1,0.448886,0.518956,0.030812,0.001347
ACATAAGTCGTGGTGA-1,0.000493,0.037123,0.577297,0.385087
ACATAATAAGGCGGTG-1,0.218911,0.115344,0.05442,0.611325
ACATACAATCAAGCGG-1,0.002467,0.026229,0.780391,0.190913
ACATCAGCTGGGACGC-1,0.042239,0.003263,0.438162,0.516336
ACATCCCGGCCATACG-1,0.163896,0.045467,0.551471,0.239166
ACATCCTGGTAACTGT-1,0.516193,0.281894,0.201519,0.000394
ACATCGATCGTTTACC-1,0.080936,0.006277,0.472618,0.440169
ACATCGCAATATTCGG-1,0.001974,0.030149,0.618189,0.349688
ACATCGGTCAGCCGCG-1,0.000021,0.035293,0.359268,0.605417
ACATCGTATGCAATGG-1,0.010869,0.025947,0.401209,0.561976
ACATCGTTAACCTAGT-1,0.269677,0.00008,0.716023,0.01422
ACATCTCAACGCGTAA-1,0.684422,0.000222,0.314691,0.000665
ACATGCTTACGGCAGC-1,0.037776,0.045337,0.267405,0.649482
ACATGGCGCCAAAGTA-1,0.849191,0.000073,0.150517,0.000219
ACATGGCTCAATTTAG-1,0.055108,0.01817,0.447279,0.479444
ACATTAGTTTATATCC-1,0.046341,0.037196,0.154907,0.761556
ACATTCGCGCGGAATA-1,0.008458,0.057706,0.201993,0.731843
ACATTTGAAACCTAAC-1,0.023829,0.005183,0.452574,0.518415
ACCAAACACCCAGCGA-1,0.916753,0.000036,0.000107,0.083104
ACCAAACTAGAAATCC-1,0.70988,0.000168,0.289449,0.000504
ACCAACACCACACACT-1,0.846336,0.025962,0.049934,0.077768
ACCAACCGCACTCCAC-1,0.004519,0.008484,0.580326,0.406671
ACCAACGCTTATTTAT-1,0.136413,0.088086,0.153632,0.621869
ACCAAGAACGCGTGTC-1,0.055017,0.096048,0.340524,0.50841
ACCAAGTCATCGGCAG-1,0.00003,0.073748,0.869974,0.056249
ACCAATATGCAAGTTA-1,0.014528,0.024585,0.363608,0.597279
ACCACAACTCAGAACA-1,0.845655,0.000098,0.11828,0.035967
ACCACAAGTTTCTATC-1,0.141164,0.008361,0.461913,0.388563
ACCACACGGTTGATGG-1,0.180472,0.011564,0.717257,0.090707
ACCACCAATGTAACAA-1,0.346004,0.000379,0.652478,0.001138
ACCACCCTCTCTTCTA-1,0.79845,0.110258,0.000109,0.091184
ACCACGTGCAGCTATA-1,0.025582,0.013018,0.552572,0.408828
ACCACTGTTCAAGAAG-1,0.005543,0.036075,0.804945,0.153438
ACCAGACCATAACAAC-1,0.044338,0.126098,0.183719,0.645846
ACCAGCCCGGTCTTTG-1,0.873711,0.000436,0.124544,0.001309
ACCAGGAGTGTGATCT-1,0.103452,0.027871,0.568836,0.29984
ACCAGTGCCCGGTCAA-1,0.998781,0.000069,0.000208,0.000941
ACCAGTGCGGGAGACG-1,0.019467,0.050514,0.43771,0.492309
ACCATATCCGCAATAA-1,0.110503,0.020957,0.161302,0.707238
ACCATCCGCCAACTAG-1,0.026258,0.010834,0.449165,0.513743
ACCATCGTATATGGTA-1,0.000048,0.003798,0.503966,0.492188
ACCATTAAGGGTGTCA-1,0.000046,0.000046,0.498728,0.501181
ACCCAACGCCCGTGGC-1,0.05577,0.009177,0.253134,0.681919
ACCCACCTACATGCTC-1,0.027857,0.031068,0.221014,0.720061
ACCCATCTTGAGGGTA-1,0.031755,0.019731,0.400608,0.547906
ACCCATTTGTCCCTCT-1,0.000688,0.055211,0.686288,0.257813
ACCCGAGCGAAATTAC-1,0.016118,0.084447,0.513732,0.385703
ACCCGATTGGTTCCGA-1,0.007595,0.024307,0.252062,0.716037
ACCCGGAAACTCCCAG-1,0.038638,0.049712,0.666759,0.24489
ACCCGGAGCACCACAA-1,0.000006,0.977539,0.00089,0.021564
ACCCGGATGACGCATC-1,0.455223,0.021569,0.32838,0.194828
ACCCGGTTACACTTCC-1,0.000023,0.049974,0.03817,0.911834
ACCCGTAGCAGAGAAT-1,0.000454,0.062788,0.480362,0.456396
ACCCGTAGTCTAGTTG-1,0.166129,0.156034,0.392596,0.285241
ACCCGTGTCATCAGTA-1,0.261915,0.000614,0.48238,0.255091
ACCCTATAGGACTGAG-1,0.094568,0.067763,0.306644,0.531025
ACCCTATGCCATATCG-1,0.004451,0.116802,0.494444,0.384303
ACCCTCCCGTCAGGGC-1,0.054594,0.005004,0.660188,0.280215
ACCCTCCCTTGCTATT-1,0.027341,0.00453,0.419036,0.549094
ACCCTGGTAACGCCCT-1,0.987544,0.000033,0.000099,0.012324
ACCCTTCATCTGCGAA-1,0.146523,0.000605,0.357371,0.495501
ACCCTTGCCTGGGTCG-1,0.786253,0.002136,0.211058,0.000554
ACCCTTTAGTTCTCCA-1,0.97941,0.000067,0.020322,0.000201
ACCGAAAGGGCCCTGC-1,0.043312,0.009691,0.667193,0.279805
ACCGAAGAGTCTGGTT-1,0.00983,0.035625,0.171968,0.782577
ACCGACACATCTCCCA-1,0.032116,0.082534,0.475385,0.409965
ACCGACTGAGTCCCAC-1,0.158361,0.020228,0.387007,0.434404
ACCGAGTCTCCTTATT-1,0.03238,0.008128,0.481556,0.477935
ACCGATAGGCATAACC-1,0.000008,0.975773,0.000431,0.023789
ACCGATATTTAATCAT-1,0.010627,0.73764,0.225758,0.025974
ACCGATGGTAGCATCG-1,0.114002,0.032709,0.617369,0.23592
ACCGCAATAACTGCCT-1,0.000862,0.022027,0.232768,0.744343
ACCGCGGTGGAAGTCG-1,0.510692,0.137097,0.351558,0.000653
ACCGCTAGTCATTGGT-1,0.010667,0.066525,0.053517,0.869291
ACCGGGCCTTTGTTGA-1,0.064633,0.024504,0.809237,0.101626
ACCGGTCAGGTACACC-1,0.000019,0.022024,0.536351,0.441605
ACCGGTCTGAGTACGG-1,0.998658,0.000192,0.000575,0.000575
ACCGTCCACTGGGCCC-1,0.000015,0.037213,0.58549,0.377282
ACCGTGACCACGTGGG-1,0.007904,0.051922,0.217196,0.722978
ACCGTTCCCGCTCTGA-1,0.796947,0.000138,0.202502,0.000414
ACCTAAGTACCTTTCA-1,0.006989,0.040211,0.450237,0.502563
ACCTAATCGACTTCCT-1,0.083351,0.062327,0.000057,0.854265
ACCTACAGTATGTGGT-1,0.374516,0.00084,0.622124,0.00252
ACCTACTATAAATCTA-1,0.000017,0.050425,0.47054,0.479018
ACCTCAGCGAGGCGCA-1,0.016034,0.106854,0.296355,0.580757
ACCTCCGCCCTCGCTG-1,0.167387,0.270226,0.451564,0.110823
ACCTCCGTTATTCACC-1,0.942205,0.003797,0.000133,0.053864
ACCTCGAACTTATGCT-1,0.018434,0.105517,0.22766,0.648388
ACCTGCGTGTCATGTT-1,0.027599,0.080172,0.640599,0.25163
ACCTTTCCTTTAGAAG-1,0.981078,0.000137,0.00041,0.018375
ACGAAATGGGCGGCAC-1,0.202851,0.030633,0.270851,0.495665
ACGACCCATGAGTTGC-1,0.011746,0.865853,0.081746,0.040654
ACGACTCTAGGGCCGA-1,0.00268,0.049338,0.586459,0.361523
ACGACTGGTCATACTC-1,0.076167,0.196227,0.014656,0.71295
ACGAGAACCCATCACG-1,0.145929,0.025224,0.505056,0.323791
ACGAGATATTTGCTTA-1,0.981537,0.000278,0.000835,0.01735
ACGAGGATACCACTCT-1,0.049495,0.239998,0.241794,0.468713
ACGAGGTTTACAACGT-1,0.001551,0.008921,0.419774,0.569755
ACGAGTACGGATGCCC-1,0.985281,0.000046,0.000137,0.014536
ACGAGTCGCCGGCGTT-1,0.027467,0.020697,0.444252,0.507584
ACGATACATAGAACTA-1,0.04947,0.002413,0.736642,0.211475
ACGATACCTATCCTGA-1,0.061994,0.052949,0.20937,0.675687
ACGATCATACATAGAG-1,0.075538,0.057329,0.55528,0.311854
ACGATCATCTTGTAAA-1,0.845248,0.021895,0.129054,0.003804
ACGATGCATATGTTAT-1,0.084402,0.033365,0.385409,0.496823
ACGATGGATCCGATGC-1,0.317006,0.000048,0.509875,0.173071
ACGCAAACTAATAGAT-1,0.056114,0.025257,0.657267,0.261361
ACGCAATCACTACAGC-1,0.840665,0.016079,0.142787,0.00047
ACGCATAAATGACATG-1,0.519246,0.479901,0.000426,0.000427
ACGCATACGTTTACTA-1,0.381352,0.000075,0.618348,0.000225
ACGCATTCGTGAGTAC-1,0.077077,0.000076,0.808688,0.114158
ACGCCACTCGAAACAG-1,0.023388,0.137488,0.006019,0.833105
ACGCCAGATGATTTCT-1,0.067839,0.003712,0.712508,0.215941
ACGCCAGTGCGTTTGC-1,0.015191,0.045516,0.779887,0.159406
ACGCCCAGCTGTCGAT-1,0.761303,0.00037,0.237215,0.001111
ACGCCGCTAGACGACC-1,0.003047,0.048563,0.760981,0.187409
ACGCCTGACACGCGCT-1,0.100186,0.010444,0.202202,0.687167
ACGCGAAGTCAGACGA-1,0.049749,0.38018,0.016494,0.553577
ACGCGCTACACAGGGT-1,0.000018,0.260744,0.192158,0.547081
ACGCGGGCCAAGGACA-1,0.031834,0.013856,0.336106,0.618205
ACGCGTTTCTTAAGAG-1,0.007422,0.006138,0.553069,0.433372
ACGCTACTGAATGGGC-1,0.3176,0.128353,0.550872,0.003175
ACGCTAGTATCAGTGC-1,0.331019,0.668012,0.000485,0.000485
ACGCTAGTGATACACT-1,0.898731,0.000047,0.00014,0.101083
ACGCTGTGAGGCGTAG-1,0.006876,0.010984,0.545557,0.436583
ACGCTTAGTGTCTCTC-1,0.398992,0.000073,0.600717,0.000218
ACGGAACACGAGTGCC-1,0.006514,0.065857,0.724093,0.203536
ACGGAATTTAGCAAAT-1,0.013191,0.035246,0.572893,0.37867
ACGGACGCAGCGACAA-1,0.000012,0.044512,0.335175,0.620301
ACGGACTCTCAAAGCG-1,0.002781,0.093055,0.239456,0.664708
ACGGAGCGCAAATTAC-1,0.688046,0.032566,0.065631,0.213757
ACGGATGGTGCGGATA-1,0.013328,0.000046,0.750804,0.235821
ACGGCACTTGCTTGGG-1,0.007203,0.019603,0.634829,0.338365
ACGGCCAACATGGACT-1,0.045706,0.104592,0.266443,0.583259
ACGGCGACGATGGGAA-1,0.075574,0.035801,0.636418,0.252207
ACGGCGGGTTGCCCTG-1,0.066013,0.022948,0.703415,0.207624
ACGGCTGGATGTAGAA-1,0.000017,0.035936,0.611214,0.352834
ACGGGAGTGTCGGCCC-1,0.00002,0.049388,0.278238,0.672354
ACGGGCGTATGCGACA-1,0.996459,0.000048,0.000143,0.00335
ACGGGTCATGTGACTT-1,0.328829,0.000025,0.112688,0.558459
ACGGGTTGTGACCTGT-1,0.021427,0.107113,0.384586,0.486874
ACGGTACAGTTCAATG-1,0.000025,0.123949,0.513881,0.362144
ACGGTCACCGAGAACA-1,0.000885,0.093004,0.222671,0.68344
ACGTACAGATTTCTCT-1,0.106789,0.000066,0.716583,0.176562
ACGTACTTTGGCACGG-1,0.000384,0.024553,0.456655,0.518407
ACGTAGATTGCTGATG-1,0.083224,0.150942,0.512028,0.253806
ACGTAGGAGAGTCGCT-1,0.031304,0.025426,0.683398,0.259872
ACGTATTACTCCGATC-1,0.131749,0.101515,0.483341,0.283396
ACGTCCTAAACGAGAT-1,0.830216,0.000289,0.16863,0.000866
ACGTCGGGCAACTCGG-1,0.000234,0.036021,0.289153,0.674592
ACGTCTCGTTCCGGGA-1,0.087087,0.000034,0.54719,0.365688
ACGTGACAAAGTAAGT-1,0.025914,0.118117,0.421214,0.434755
ACGTGCGCCTCGTGCA-1,0.03517,0.000045,0.732174,0.232611
ACGTGGTCGAATGTGC-1,0.586851,0.00073,0.411448,0.00097
ACGTTAATGTCGAAGA-1,0.043501,0.023537,0.279829,0.653133
ACGTTAGATTTGCCCG-1,0.000031,0.012142,0.203684,0.784143
ACGTTATTGGTCACTC-1,0.039912,0.116214,0.301387,0.542487
ACGTTCACTATGCCGC-1,0.056963,0.015605,0.410243,0.517189
ACGTTCCGCGCTCCGT-1,0.072556,0.000036,0.543067,0.384342
ACGTTCGCAATCAATT-1,0.905741,0.022832,0.00007,0.071357
ACGTTCGTTCAGGAAA-1,0.000044,0.108845,0.294848,0.596263
ACGTTCTGTACAAGTC-1,0.036113,0.011353,0.888548,0.063986
ACGTTGTCGTTGAAAG-1,0.016756,0.072834,0.40665,0.503759
ACGTTTAGTTGTGATC-1,0.015949,0.023503,0.14637,0.814179
ACGTTTCGGTGCACTT-1,0.401019,0.074028,0.390339,0.134614
ACTAAGGACGCACACC-1,0.827797,0.170946,0.000628,0.000628
ACTAATACGTCAGGCG-1,0.969813,0.000092,0.000275,0.02982
ACTACAAAGAGAGGTG-1,0.006636,0.070227,0.707481,0.215657
ACTACATCCCGACAAG-1,0.371885,0.055498,0.372525,0.200093
ACTACCAGCTCTCTGG-1,0.103595,0.106547,0.124898,0.664959
ACTACCATCCGAGGGC-1,0.00903,0.016784,0.052813,0.921372
ACTACGCGTTAGAATT-1,0.007235,0.053958,0.822759,0.116047
ACTAGTTGCGATCGTC-1,0.535285,0.045797,0.418606,0.000312
ACTATATGCTGTGTTC-1,0.963611,0.000093,0.03186,0.004436
ACTATCCAGGGCATGG-1,0.662703,0.137703,0.191711,0.007884
ACTATCGCCGGCTAAA-1,0.124719,0.006165,0.708206,0.16091
ACTATCTGCCCGCGTA-1,0.170995,0.649726,0.167692,0.011587
ACTATGTCCAGCTGCC-1,0.009914,0.077763,0.434775,0.477547
ACTATTCGTCCGTGGT-1,0.01857,0.000331,0.839454,0.141645
ACTATTTCCGGGCCCA-1,0.132777,0.017078,0.567142,0.283003
ACTCAACGAATGTATT-1,0.061743,0.031569,0.472087,0.4346
ACTCAAGTGCAAGGCT-1,0.007152,0.019263,0.503964,0.469621
ACTCAATAAAGGCACG-1,0.091806,0.018315,0.678607,0.211272
ACTCAGACCTGCTTCT-1,0.144561,0.011548,0.635813,0.208078
ACTCATGGCAGCCTTC-1,0.000016,0.056419,0.239545,0.704021
ACTCCAATATCATCAT-1,0.071237,0.083491,0.263838,0.581435
ACTCCCATTCCTAAAG-1,0.228022,0.068626,0.378988,0.324364
ACTCCCGAATTCGTTT-1,0.999742,0.000037,0.000111,0.000111
ACTCCCGTAGACTAGG-1,0.788396,0.099581,0.000118,0.111904
ACTCCCTAATGCTAAA-1,0.021864,0.000505,0.630857,0.346774
ACTCCCTAGAATAGTA-1,0.006142,0.036798,0.098623,0.858436
ACTCCGGCCGACCACT-1,0.002649,0.061243,0.495009,0.4411
ACTCGATGTATTTCAT-1,0.000038,0.085593,0.425565,0.488803
ACTCGCCGTTCGATAA-1,0.078551,0.063566,0.627514,0.230368
ACTCGCGATCTGACGC-1,0.513053,0.350708,0.136137,0.000103
ACTCGTAACCCGTCCT-1,0.021248,0.0395,0.37759,0.561663
ACTCGTCAGTAATCCC-1,0.000021,0.117389,0.021336,0.861254
ACTCTAAACCTGGGAT-1,0.026015,0.017633,0.671559,0.284794
ACTCTCTGACTTAGGT-1,0.059936,0.017723,0.717911,0.20443
ACTCTCTTATACACGA-1,0.997699,0.000329,0.000986,0.000986
ACTCTGACCTAATAGA-1,0.01358,0.038109,0.788934,0.159377
ACTCTTCAGCTCCCGC-1,0.650354,0.231276,0.058645,0.059725
ACTCTTGTATAGTAAC-1,0.235091,0.030868,0.307275,0.426766
ACTGAAACGCCGTTAG-1,0.001766,0.035615,0.733288,0.229331
ACTGAATGGCGAAAGT-1,0.074921,0.043233,0.786604,0.095242
ACTGATTTAGTGATTC-1,0.576814,0.000059,0.422107,0.00102
ACTGCCCGCCATTCTC-1,0.009429,0.068499,0.358769,0.563303
ACTGCCGTCGTAACTC-1,0.038747,0.000051,0.365755,0.595447
ACTGCGGACACACCGT-1,0.734414,0.14005,0.125356,0.000179
ACTGCTCGGAAGGATG-1,0.00337,0.082913,0.346641,0.567077
ACTGGCGAACCTGCGT-1,0.618032,0.219665,0.161439,0.000864
ACTGGGATGCCAGTGC-1,0.00002,0.034239,0.425733,0.540008
ACTGTACGATACACAT-1,0.099625,0.051158,0.54159,0.307627
ACTGTAGCACTTTGGA-1,0.001599,0.073977,0.274233,0.650192
ACTGTATACGCGAGCA-1,0.033643,0.033735,0.511367,0.421255
ACTGTCCAGGATTATA-1,0.01624,0.041387,0.058846,0.883527
ACTGTCTTCTTTAGAA-1,0.309402,0.045841,0.034755,0.610002
ACTGTGCTAGTAGATC-1,0.006167,0.00006,0.759117,0.234656
ACTGTTTAGTGTAGGC-1,0.238141,0.00011,0.703216,0.058532
ACTTACCGGGCGCGCA-1,0.72338,0.03936,0.236908,0.000352
ACTTACGCATCCACGC-1,0.076076,0.017946,0.403196,0.502782
ACTTAGTACGACAAGA-1,0.038317,0.019261,0.374671,0.567751
ACTTATACTTACCCGG-1,0.099196,0.003046,0.768657,0.129102
ACTTATCTGATCTATA-1,0.190371,0.027235,0.611754,0.170639
ACTTATTAGGATCGGT-1,0.042842,0.018429,0.023299,0.91543
ACTTATTTATGTGCCA-1,0.006165,0.03443,0.526372,0.433034
ACTTCAGGCTGATCCC-1,0.000466,0.008439,0.903852,0.087243
ACTTCCAGTGGAAGCT-1,0.026911,0.090916,0.396304,0.485868
ACTTCCATGCGGGACA-1,0.013986,0.019514,0.819499,0.147001
ACTTCCTGTCGTGCGA-1,0.657178,0.140937,0.200585,0.0013
ACTTCGCCATACGCAC-1,0.044508,0.071797,0.107039,0.776656
ACTTCGCTAGCGAGTG-1,0.748238,0.087841,0.163769,0.000152
ACTTGACTCCCTCTTT-1,0.038174,0.101607,0.311368,0.54885
ACTTGCCATATTGTAC-1,0.15847,0.000656,0.520344,0.32053
ACTTGCTCTATCTACC-1,0.00833,0.085686,0.174876,0.731108
ACTTGGGACCCGGTGG-1,0.179787,0.020674,0.154944,0.644595
ACTTGGGCTTTCGCCA-1,0.016408,0.349764,0.399246,0.234582
ACTTGTAGTCCCTTCA-1,0.047199,0.097347,0.471908,0.383546
ACTTGTGGATGGAACG-1,0.262744,0.503061,0.23397,0.000225
ACTTGTTACCGGATCA-1,0.023094,0.044816,0.730011,0.202078
ACTTTACCCTCATGAA-1,0.938936,0.000034,0.001079,0.059951
ACTTTATACACCACTT-1,0.018155,0.097304,0.451578,0.432963
ACTTTCCTATAGCTTC-1,0.029083,0.012413,0.372335,0.586169
ACTTTGACTGCATCCT-1,0.019165,0.031196,0.380678,0.568961
ACTTTGGTCGTGCTCC-1,0.015625,0.063998,0.344236,0.57614
ACTTTGTCGACGCACT-1,0.039911,0.873647,0.054382,0.03206
AGAAATTATGACTCGC-1,0.001183,0.917289,0.049002,0.032526
AGAACACGGCGATGGT-1,0.008216,0.120684,0.329099,0.542001
AGAACCCAGCGTGACA-1,0.288995,0.509416,0.201494,0.000095
AGAACCCTCAATTGGG-1,0.00001,0.080257,0.217654,0.70208
AGAACGTGGTACATTC-1,0.103431,0.003735,0.492066,0.400768
AGAACTGTACTTTGTA-1,0.02594,0.101233,0.596339,0.276489
AGAAGAGCGCCGTTCC-1,0.000895,0.000894,0.995528,0.002684
AGAAGGTACACTTCAC-1,0.004395,0.126211,0.064105,0.805289
AGAAGGTTGCCGAATT-1,0.000033,0.107155,0.329057,0.563754
AGAAGGTTGTAGGTCG-1,0.004311,0.041302,0.405628,0.548759
AGAAGTGATTCGTGAT-1,0.076377,0.014852,0.274677,0.634094
AGAATAAATCTTCAGG-1,0.129469,0.010966,0.408402,0.451163
AGAATACAGGCTATCC-1,0.013629,0.074722,0.8399,0.071749
AGAATGCGGGTTCGGA-1,0.999483,0.000074,0.000221,0.000221
AGAATTATGGATTCGA-1,0.720435,0.029603,0.241499,0.008463
AGAATTGTTTGACATA-1,0.002085,0.000035,0.594209,0.403671
AGACAGCTCAGAATCC-1,0.099975,0.032929,0.061497,0.8056
AGACAGGCATCTCAGC-1,0.031396,0.914611,0.000035,0.053958
AGACATAGATCCTTCC-1,0.043196,0.002933,0.749161,0.20471
AGACCAAACCACACCT-1,0.036079,0.016311,0.320391,0.627219
AGACCATGGGATACAA-1,0.084079,0.029122,0.620659,0.26614
AGACCCACCGCTGATC-1,0.02991,0.008419,0.404299,0.557372
AGACCCGCCCTCCTCG-1,0.055751,0.00004,0.297507,0.646702
AGACCGCTCCGCGGTT-1,0.5278,0.082202,0.389201,0.000796
AGACCGGGAAACCCTG-1,0.001959,0.062536,0.16987,0.765635
AGACGAAGTGCCGGTC-1,0.073562,0.04825,0.668918,0.20927
AGACGACGATGCCGCT-1,0.095165,0.072101,0.400777,0.431957
AGACGCCCACTTCGCC-1,0.000551,0.950388,0.005069,0.043991
AGACGGGATTGGTATA-1,0.645965,0.00018,0.353317,0.000539
AGACGGGCCGATTTAA-1,0.854936,0.123025,0.000147,0.021891
AGACTAGCCTTCCAGA-1,0.11972,0.036516,0.215205,0.628559
AGACTGTTACCGGGTC-1,0.054421,0.048438,0.358949,0.538192
AGAGAAACACCAGAAA-1,0.003808,0.101622,0.4481,0.446469
AGAGAACCGTCTAGGA-1,0.144072,0.147745,0.452616,0.255567
AGAGAAGGAGTACAAT-1,0.087325,0.071149,0.316226,0.525301
AGAGATCTCTAAAGCG-1,0.03181,0.055535,0.496732,0.415923
AGAGCAGTTATGAGAC-1,0.021371,0.021066,0.261413,0.696151
AGAGCCGCCGAGATTT-1,0.156171,0.393205,0.390015,0.060609
AGAGCGCTTGTAACGG-1,0.952261,0.044535,0.00304,0.000163
AGAGCGGGCTAATCAT-1,0.124987,0.007207,0.049355,0.818452
AGAGCGTACAAGCTCG-1,0.00003,0.011427,0.666063,0.322479
AGAGCTACGAAAGCAT-1,0.010062,0.032773,0.343692,0.613473
AGAGGCTTCGGAAACC-1,0.086699,0.772409,0.050235,0.090657
AGAGGGACAATTGTCC-1,0.738888,0.199126,0.000383,0.061603
AGAGGTATCTCGGTCC-1,0.042533,0.000372,0.740466,0.216629
AGAGTAAACTTCACTA-1,0.294335,0.282497,0.422622,0.000545
AGAGTATAGTGTTACG-1,0.860041,0.00018,0.139239,0.00054
AGAGTCTTAATGAAAG-1,0.486553,0.033108,0.181882,0.298457
AGAGTGAACAGACACC-1,0.613276,0.098887,0.116824,0.171013
AGAGTTAGAGACCGAT-1,0.95828,0.00008,0.00024,0.0414
AGAGTTGCAGGCCTCC-1,0.785417,0.171828,0.042158,0.000597
AGATAACTTCAGGGCC-1,0.020731,0.069158,0.318138,0.591973
AGATAATCACACCTAT-1,0.022835,0.095065,0.215932,0.666168
AGATACCAATAGAACC-1,0.000018,0.115801,0.814232,0.069949
AGATACCAGCACTTCA-1,0.914226,0.000293,0.02996,0.05552
AGATACCGGTGTTCAC-1,0.000018,0.015017,0.171056,0.813909
AGATACGACTTCATAT-1,0.019609,0.020043,0.744289,0.216059
AGATACTCAAGATCGA-1,0.021874,0.069949,0.340363,0.567814
AGATATAATACGACTA-1,0.045218,0.091171,0.294433,0.569177
AGATCGTGCATAAGAT-1,0.999732,0.000038,0.000115,0.000115
AGATCTCAGGTGTGAT-1,0.250248,0.014408,0.040869,0.694475
AGATCTGGAGAGGATA-1,0.003494,0.090942,0.31665,0.588913
AGATGACTCGCCCACG-1,0.04066,0.030649,0.591353,0.337338
AGATGAGGGTTGCGAT-1,0.837515,0.000535,0.160344,0.001605
AGATGATGGAGTCTGG-1,0.839323,0.000042,0.001802,0.158834
AGATGCAAGACGTGCA-1,0.011709,0.053619,0.246543,0.688129
AGATGCATCCTGTGTC-1,0.001256,0.015186,0.527121,0.456438
AGATGCTATAACGAGC-1,0.02845,0.007757,0.48975,0.474043
AGATTATAGGACGTTT-1,0.112466,0.014404,0.211688,0.661442
AGATTCAAGCGGGTCG-1,0.9972,0.0004,0.0012,0.0012
AGATTCACAACCGATA-1,0.000532,0.078603,0.663496,0.257369
AGCAAAGGCCGCTAGT-1,0.031478,0.120812,0.121679,0.726031
AGCAACATATCTTATT-1,0.041418,0.027866,0.803099,0.127617
AGCAACCGAAAGTAAT-1,0.000088,0.016297,0.478394,0.505221
AGCACACGTTTAGACT-1,0.014671,0.073851,0.625383,0.286095
AGCACCAGTACTCACG-1,0.08213,0.030131,0.67512,0.21262
AGCACTACCGGCCTGT-1,0.030065,0.014642,0.348228,0.607065
AGCACTACCTCACCAG-1,0.009626,0.005025,0.813698,0.171651
AGCACTTAAGGACGCC-1,0.117135,0.044945,0.23316,0.60476
AGCAGAAGGAGAAAGA-1,0.000016,0.066637,0.635723,0.297624
AGCAGCCAGATGAATA-1,0.000026,0.013547,0.56354,0.422888
AGCAGTCGAAGCATGC-1,0.156855,0.186968,0.322438,0.33374
AGCATATCAATATGCT-1,0.032978,0.033916,0.415198,0.517909
AGCATCATTTCGAAAG-1,0.009152,0.012671,0.476476,0.501702
AGCATCGTCGATAATT-1,0.025472,0.071278,0.378772,0.524479
AGCATTACGAGGCAAG-1,0.00003,0.022597,0.819806,0.157568
AGCCAAGCTTTGTGTC-1,0.000024,0.055161,0.773841,0.170974
AGCCACAGGTTACCCG-1,0.000031,0.000031,0.555331,0.444607
AGCCACTCCCGTGCTT-1,0.147257,0.000063,0.484662,0.368019
AGCCATATAGTATGTG-1,0.01939,0.074132,0.045566,0.860911
AGCCCATACATGTAAG-1,0.000028,0.030687,0.580739,0.388546
AGCCCGCAACAAGCAG-1,0.000019,0.082102,0.569553,0.348327
AGCCCGCACTACAATG-1,0.061243,0.448182,0.378737,0.111838
AGCCCGGCATTAGAGG-1,0.101178,0.024124,0.4841,0.390598
AGCCCGGTAGCCTGTA-1,0.009052,0.05816,0.630392,0.302396
AGCCCTAAGCGAAGTT-1,0.062847,0.060664,0.279974,0.596516
AGCCCTCCCTGGTGGC-1,0.030385,0.063023,0.346389,0.560203
AGCCCTGTCGCACCGT-1,0.364104,0.473868,0.157845,0.004182
AGCCCTTCTAATCCGA-1,0.998308,0.000242,0.000725,0.000725
AGCCCTTGGACATCCC-1,0.005353,0.825153,0.157935,0.011559
AGCCGCAAATTCAAAT-1,0.121899,0.012475,0.60085,0.264777
AGCCGCTTGATTAGCG-1,0.066272,0.013809,0.464938,0.454981
AGCCGTGGCTAAATGT-1,0.017433,0.056627,0.653978,0.271962
AGCCTAATACCCACGT-1,0.113508,0.01941,0.130195,0.736887
AGCCTTAAAGCGGAAG-1,0.01324,0.041618,0.45035,0.494792
AGCCTTGTCACTGATA-1,0.213917,0.109557,0.210778,0.465748
AGCGACAGGAACGGTC-1,0.001316,0.041886,0.481353,0.475446
AGCGACATCCCATTCA-1,0.072505,0.018724,0.161606,0.747165
AGCGACCAACGATATT-1,0.017737,0.016598,0.529164,0.436501
AGCGACTTTGAAGACA-1,0.000014,0.082233,0.327534,0.590219
AGCGAGACGTGAAGGC-1,0.000016,0.111946,0.533636,0.354402
AGCGATGCGCCTAATA-1,0.000015,0.171017,0.612951,0.216017
AGCGCATAATGAATCG-1,0.019197,0.013228,0.782876,0.184699
