Barcode,Topic 1,Topic 2to5,Topic 6to9
AAACAACGAATAGTTC-1,0.005667,0.800563,0.193771
AAACAAGTATCTCCCA-1,0.000064,0.842979,0.156957
AAACAATCTACTAGCA-1,0.000077,0.776504,0.223419
AAACACCAATAACTGC-1,0.998066,0.000967,0.000967
AAACAGAGCGACTCCT-1,0.000075,0.461475,0.53845
AAACAGCTTTCAGAAG-1,0.765592,0.233344,0.001064
AAACAGGGTCTATATT-1,0.571489,0.425506,0.003005
AAACAGTGTTCCTGGG-1,0.71731,0.153391,0.129298
AAACATGGTGAGAGGA-1,0.947651,0.026174,0.026175
AAACATTTCCCGGATT-1,0.000088,0.999561,0.000351
AAACCACTACACAGAT-1,0.000074,0.805922,0.194004
AAACCCGAACGAAATC-1,0.000027,0.603006,0.396967
AAACCGGAAATGTTAA-1,0.000039,0.780302,0.219659
AAACCGGGTAGGTACC-1,0.730412,0.266365,0.003223
AAACCGTTCGTCCAGG-1,0.995086,0.002457,0.002457
AAACCTAAGCAGCCGG-1,0.848192,0.000969,0.150839
AAACCTCATGAAGTTG-1,0.961015,0.038201,0.000784
AAACGAAGAACATACC-1,0.000045,0.747372,0.252583
AAACGAAGATGGAGTA-1,0.422187,0.000611,0.577202
AAACGACAGTCTTGCC-1,0.000084,0.848635,0.151281
AAACGAGACGGTTGAT-1,0.000059,0.393185,0.606755
AAACGCCCGAGATCGG-1,0.000085,0.63407,0.365845
AAACGCTGGGCACGAC-1,0.009539,0.921153,0.069307
AAACGGGCGTACGGGT-1,0.895259,0.001426,0.103316
AAACGGGTTGGTATCC-1,0.014338,0.493883,0.491779
AAACGGTTGCGAACTG-1,0.708183,0.288707,0.00311
AAACGTGTTCGCCCTA-1,0.013795,0.748707,0.237498
AAACTAACGTGGCGAC-1,0.000116,0.651787,0.348097
AAACTCGGTTCGCAAT-1,0.780244,0.21575,0.004007
AAACTCGTGATATAAG-1,0.017187,0.591319,0.391494
AAACTGCTGGCTCCAA-1,0.088689,0.81125,0.100061
AAACTTAATTGCACGC-1,0.476054,0.310003,0.213943
AAACTTGCAAACGTAT-1,0.547588,0.054868,0.397544
AAAGAATGACCTTAGA-1,0.474651,0.000349,0.525
AAAGAATGTGGACTAA-1,0.451085,0.385355,0.16356
AAAGACATGAAGTTTA-1,0.053675,0.513551,0.432775
AAAGACCCAAGTCGCG-1,0.000064,0.636481,0.363455
AAAGACTGGGCGCTTT-1,0.33469,0.323921,0.34139
AAAGCTTGCCTACATA-1,0.026881,0.550158,0.422961
AAAGGCCCTATAATAC-1,0.481513,0.303167,0.215321
AAAGGCTACGGACCAT-1,0.774978,0.223228,0.001793
AAAGGCTCTCGCGCCG-1,0.990734,0.004633,0.004633
AAAGGGATGTAGCAAG-1,0.101246,0.101584,0.79717
AAAGGGCAGCTTGAAT-1,0.000033,0.089711,0.910256
AAAGGTAAGCTGTACC-1,0.059731,0.73294,0.207329
AAAGGTCAACGACATG-1,0.000076,0.722357,0.277566
AAAGTAGCATTGCTCA-1,0.925053,0.073701,0.001246
AAAGTCACTGATGTAA-1,0.07993,0.697182,0.222888
AAAGTCGACCCTCAGT-1,0.702847,0.295841,0.001312
AAAGTGCCATCAATTA-1,0.000036,0.978896,0.021068
AAAGTGTGATTTATCT-1,0.000096,0.814631,0.185272
AAAGTTGACTCCCGTA-1,0.056631,0.586102,0.357267
AAATAACCATACGGGA-1,0.000064,0.220661,0.779274
AAATAAGGTAGTGCCC-1,0.013226,0.446945,0.539829
AAATACCTATAAGCAT-1,0.22298,0.639296,0.137724
AAATAGCTTAGACTTT-1,0.000085,0.85064,0.149275
AAATAGGGTGCTATTG-1,0.076489,0.505706,0.417805
AAATCACTCCTAAACG-1,0.009551,0.836768,0.153681
AAATCCGATACACGCC-1,0.849617,0.14951,0.000874
AAATCGCGGAAGGAGT-1,0.431306,0.116523,0.452171
AAATCGTGTACCACAA-1,0.078408,0.660607,0.260985
AAATCTAGCCCTGCTA-1,0.004738,0.21336,0.781902
AAATCTGCCCGCGTCC-1,0.542951,0.000797,0.456252
AAATGACTGATCAAAC-1,0.698399,0.000357,0.301244
AAATGATTCGATCAGC-1,0.025288,0.316908,0.657804
AAATGCTCGTTACGTT-1,0.000112,0.787392,0.212496
AAATGGCATGTCTTGT-1,0.000068,0.460074,0.539858
AAATGGCCCGTGCCCT-1,0.611138,0.385639,0.003223
AAATGGTCAATGTGCC-1,0.000073,0.439629,0.560298
AAATGTATCTTATCCC-1,0.013898,0.93051,0.055591
AAATGTGGGTGCTCCT-1,0.000069,0.822115,0.177816
AAATTAACGGGTAGCT-1,0.452911,0.474068,0.073021
AAATTAATAAGCGCGA-1,0.791454,0.091781,0.116765
AAATTACACGACTCTG-1,0.000076,0.51709,0.482833
AAATTACCTATCGATG-1,0.046494,0.764615,0.188891
AAATTCCAGGTCCAAA-1,0.007632,0.854495,0.137873
AAATTGATAGTCCTTT-1,0.691699,0.003026,0.305275
AAATTGCGGCGGTTCT-1,0.000041,0.268519,0.731439
AAATTGGTGAGAAGCA-1,0.000064,0.64924,0.350696
AAATTTACCGAAATCC-1,0.018027,0.636785,0.345188
AAATTTGCGGGTGTGG-1,0.99564,0.00218,0.00218
AACAACTGGTAGTTGC-1,0.000095,0.854869,0.145036
AACAATACATTGTCGA-1,0.998374,0.000813,0.000813
AACAATTACTCTACGC-1,0.082112,0.7047,0.213187
AACACACGCTCGCCGC-1,0.000072,0.846831,0.153097
AACACGACTGTACTGA-1,0.000053,0.690819,0.309128
AACACGAGACGCGGCC-1,0.844838,0.154208,0.000954
AACACGCGGCCGCGAA-1,0.010321,0.67511,0.314569
AACAGCTGTGTGGCAA-1,0.730241,0.267774,0.001985
AACAGGAAATCGAATA-1,0.027865,0.455845,0.51629
AACAGGATGGGCCGCG-1,0.000098,0.506757,0.493145
AACAGGTAGTATGGAT-1,0.000046,0.629785,0.370169
AACATAGCGTGTATCG-1,0.998713,0.000644,0.000644
AACATATCAACTGGTG-1,0.227727,0.283862,0.488411
AACATCGATACGTCTA-1,0.000057,0.390846,0.609097
AACATTGAAGTTGATC-1,0.578366,0.123901,0.297733
AACATTGGTCAGCCGT-1,0.000068,0.472764,0.527168
AACATTGTGACTCGAG-1,0.998075,0.000963,0.000963
AACCAAGACTTCTCTG-1,0.815946,0.182816,0.001239
AACCAGTATCACTCTT-1,0.083046,0.238016,0.678938
AACCATAGGGTTGAAC-1,0.476115,0.344832,0.179053
AACCATGGGATCGCTA-1,0.000112,0.758619,0.241269
AACCCAGAGACGGAGA-1,0.004372,0.901394,0.094234
AACCCATCCCATGATC-1,0.829823,0.167964,0.002213
AACCCGACAACCCGTG-1,0.997167,0.001417,0.001417
AACCCGAGCAGAATCG-1,0.03606,0.455432,0.508508
AACCCGATAGGGCTTC-1,0.000042,0.563018,0.43694
AACCCGCTGTATTCCA-1,0.998658,0.000671,0.000671
AACCCTACTGTCAATA-1,0.000081,0.876649,0.12327
AACCCTGGTGGAACCA-1,0.00777,0.577634,0.414596
AACCGAGCTTGGTCAT-1,0.034287,0.229605,0.736108
AACCGCTAAGGGATGC-1,0.226481,0.494808,0.278711
AACCGTTGTGTTTGCT-1,0.000049,0.482719,0.517232
AACCTAAAGCCGTCCG-1,0.000193,0.326456,0.67335
AACCTCGCTTTAGCCC-1,0.998696,0.000652,0.000652
AACCTGTCACGGAATT-1,0.000056,0.707868,0.292076
AACCTTTAAATACGGT-1,0.095648,0.765508,0.138844
AACCTTTACGACGTCT-1,0.000057,0.404167,0.595776
AACGAAAGTCGTCCCA-1,0.539975,0.288699,0.171327
AACGACCTCCTAGCCG-1,0.038945,0.840046,0.121009
AACGATAATGCCGTAG-1,0.063809,0.691969,0.244222
AACGATAGAAGGGCCG-1,0.000059,0.819319,0.180621
AACGATATGTCAACTG-1,0.446719,0.00013,0.55315
AACGCATGATCTGGGT-1,0.000096,0.788172,0.211731
AACGCGAACGGCAACA-1,0.000118,0.995131,0.004751
AACGCGACCTTGGGCG-1,0.776043,0.002965,0.220992
AACGCGGTCTCCAGCC-1,0.000067,0.617041,0.382892
AACGCTGTTGCTGAAA-1,0.000074,0.838886,0.161041
AACGGACGTACGTATA-1,0.000063,0.688662,0.311275
AACGGCCATCTCCGGT-1,0.992587,0.003707,0.003706
AACGTACTGTGGGTAC-1,0.657137,0.335451,0.007413
AACGTAGTCTACCCAT-1,0.0001,0.673522,0.326378
AACGTCAGACTAGTGG-1,0.01395,0.790604,0.195447
AACGTCATCCGGCTTG-1,0.89092,0.004118,0.104962
AACGTCGCTGCACTTC-1,0.793246,0.206039,0.000715
AACGTGATGAAGGACA-1,0.000086,0.523651,0.476263
AACGTGCGAAAGTCTC-1,0.000066,0.494008,0.505925
AACGTTATCAGCACCT-1,0.008096,0.850632,0.141272
AACGTTCTACCATTGT-1,0.172796,0.490953,0.336252
AACTACCCGTTTGTCA-1,0.009572,0.612862,0.377566
AACTAGCGTATCGCAC-1,0.000062,0.554462,0.445475
AACTAGGCTTGGGTGT-1,0.55865,0.438946,0.002404
AACTCAAGTTAATTGC-1,0.023031,0.81045,0.166519
AACTCCAGAGCGTGTT-1,0.005831,0.765544,0.228626
AACTCCTAATCCCATG-1,0.000058,0.622319,0.377623
AACTCGATAAACACGT-1,0.000099,0.617123,0.382777
AACTCGATGGCGCAGT-1,0.000153,0.999237,0.00061
AACTCTCAATAGAGCG-1,0.017652,0.631754,0.350594
AACTCTCAGTGTGCTC-1,0.167228,0.001368,0.831403
AACTGAGGTCAGCGTC-1,0.000078,0.289914,0.710008
AACTGAGTTATACTGA-1,0.011406,0.605336,0.383258
AACTGATATTAGGCCT-1,0.000063,0.502316,0.497621
AACTGGGTCCCGACGT-1,0.000049,0.65373,0.34622
AACTGGGTTCGAGCCG-1,0.040094,0.650087,0.309819
AACTGGTGTGGGCCTT-1,0.000092,0.88131,0.118599
AACTTCTGCGTCTATC-1,0.000099,0.871495,0.128406
AACTTGCCCGTATGCA-1,0.000094,0.512169,0.487737
AACTTGCGTTCTCGCG-1,0.000164,0.766588,0.233248
AACTTTACGGGAGCTT-1,0.998584,0.000708,0.000708
AACTTTAGCTGCTGAG-1,0.000075,0.42305,0.576876
AACTTTCTCGATCATG-1,0.011017,0.718779,0.270205
AAGAAAGTTTGATGGG-1,0.387704,0.13049,0.481806
AAGAAATCACCAGATT-1,0.000055,0.63567,0.364275
AAGAAGGATCAGTTAG-1,0.000099,0.947706,0.052196
AAGACATACGTGGTTT-1,0.11563,0.774526,0.109844
AAGACCAAATAACTCA-1,0.72422,0.171116,0.104664
AAGACCCAACTGAACA-1,0.815626,0.002663,0.18171
AAGACTAACCCGTTGT-1,0.010561,0.575077,0.414362
AAGACTCACGCCCACT-1,0.008538,0.634284,0.357178
AAGACTGCAAGCTACT-1,0.049644,0.436336,0.51402
AAGAGATGAATCGGTA-1,0.00008,0.557538,0.442382
AAGAGCTCTTTATCGG-1,0.000071,0.527454,0.472474
AAGAGGATGTACGCGA-1,0.566982,0.430575,0.002444
AAGAGGCATGGATCGC-1,0.015098,0.036787,0.948115
AAGAGGCCCTTTGGAA-1,0.000028,0.446179,0.553792
AAGATGGCACCGGACC-1,0.839502,0.158013,0.002484
AAGATTGGCGGAACGT-1,0.600808,0.275519,0.123673
AAGCACCCTGCGTATC-1,0.785015,0.001449,0.213537
AAGCATACTCTCCTGA-1,0.048216,0.951429,0.000355
AAGCCACTTGCAGGTA-1,0.467245,0.243729,0.289026
AAGCCGAAGCGGTTTA-1,0.073067,0.788239,0.138693
AAGCCGCCGTGAAATC-1,0.344411,0.413666,0.241923
AAGCCGCTTTACCTTG-1,0.000085,0.71922,0.280696
AAGCCGGAGAGCAGGA-1,0.000053,0.894919,0.105028
AAGCGCAGGGCTTTGA-1,0.807663,0.001528,0.190808
AAGCGGAGTGCGCGCA-1,0.000059,0.870505,0.129436
AAGCGGCGTCATGGGT-1,0.022312,0.388897,0.588792
AAGCGTCCCTCATCGA-1,0.452144,0.001101,0.546755
AAGCTAGATCGAGTAA-1,0.071237,0.915597,0.013165
AAGCTATGGATTGACC-1,0.848008,0.006178,0.145814
AAGCTCGTGCCAAGTC-1,0.00009,0.661664,0.338246
AAGCTCTTTCATGGTG-1,0.176316,0.667781,0.155903
AAGGAGAACTTATAAG-1,0.000034,0.4299,0.570066
AAGGAGCGGTTGGTGC-1,0.023058,0.673981,0.302962
AAGGATCGATCGCTTG-1,0.03798,0.708813,0.253207
AAGGATGAGGGACCTC-1,0.062581,0.033481,0.903938
AAGGCAGGCTGTCTCC-1,0.02259,0.591506,0.385903
AAGGCGCGTAAAGCTT-1,0.084624,0.848989,0.066387
AAGGCTGTGCTCATCG-1,0.001272,0.62904,0.369688
AAGGGAACGACTGGCT-1,0.378329,0.619794,0.001877
AAGGGACAGATTCTGT-1,0.047674,0.636867,0.315459
AAGGGACTATGCATTC-1,0.745769,0.250462,0.003769
AAGGGTTAGCCATGCG-1,0.805787,0.139771,0.054442
AAGGGTTTGATTTCAG-1,0.319239,0.015885,0.664876
AAGGTATCCTAATATA-1,0.013123,0.113711,0.873167
AAGGTGATAAACCAGC-1,0.00005,0.652155,0.347795
AAGTAAGCTTCCAAAC-1,0.000086,0.842754,0.15716
AAGTAGAAGACCGGGT-1,0.028338,0.597758,0.373905
AAGTAGTGACGCGAGG-1,0.000117,0.845781,0.154102
AAGTCAATTGTCGTCA-1,0.019255,0.57054,0.410205
AAGTCTAGTAGCTGCC-1,0.000055,0.679419,0.320527
AAGTCTTCTGTGGCCT-1,0.731079,0.009266,0.259655
AAGTGACGACCGAATT-1,0.563237,0.062181,0.374582
AAGTGAGTCGGGTTTA-1,0.836697,0.160886,0.002417
AAGTGCAAAGGTAGAC-1,0.64946,0.349931,0.000608
AAGTGCCTTGACTGTA-1,0.000057,0.552761,0.447182
AAGTGCGTTAGAATCT-1,0.632886,0.362754,0.004361
AAGTGCTTCTCTATTG-1,0.86051,0.13722,0.002269
AAGTGTTTGGAGACGG-1,0.085545,0.343105,0.571351
AAGTTCACTCCAAGCT-1,0.140118,0.818673,0.041209
AAGTTCAGTCTGCGTA-1,0.000104,0.566224,0.433673
AAGTTCGGCCAACAGG-1,0.582182,0.001492,0.416326
AAGTTGTGATGTTATA-1,0.000039,0.381174,0.618787
AAGTTTACTAATGGCA-1,0.000067,0.630156,0.369777
AAGTTTATGGGCCCAA-1,0.99503,0.002485,0.002485
AATAACAACGCTCGGC-1,0.35625,0.561541,0.082209
AATAACACTAGAACAA-1,0.590792,0.406778,0.00243
AATAACGTCGCGCCCA-1,0.897648,0.016085,0.086268
AATAAGTCCTCGAGAC-1,0.000078,0.458391,0.541531
AATAATCTTCGTATCG-1,0.009724,0.921136,0.06914
AATACAATGTTTCAGG-1,0.000113,0.89169,0.108197
AATACCGGAGGGCTGT-1,0.998286,0.000857,0.000857
AATACCTGATGTGAAC-1,0.570353,0.000304,0.429344
AATAGAACAGAGTGGC-1,0.990636,0.004682,0.004682
AATAGAATCTGTTTCA-1,0.000081,0.985121,0.014798
AATAGCAAGCCTCCTG-1,0.006561,0.326614,0.666825
AATAGCTACCGCGTGC-1,0.000065,0.301688,0.698248
AATAGGCACGACCCTT-1,0.33963,0.000634,0.659735
AATAGTCCGTCCCGAC-1,0.817131,0.180984,0.001885
AATAGTCGCGAGTCGG-1,0.702314,0.297033,0.000653
AATATCAAGGTCGGAT-1,0.000079,0.610403,0.389518
AATATCCTAGCAAACT-1,0.557747,0.017107,0.425145
AATATCGAATCAATGC-1,0.000072,0.828776,0.171153
AATATCGAGGGTTCTC-1,0.109926,0.475514,0.41456
AATATTGGAGTATTGA-1,0.776384,0.222172,0.001444
AATCAGACTGCAGGAC-1,0.000054,0.576352,0.423594
AATCAGGTTTCATTTA-1,0.851929,0.146327,0.001744
AATCATGTAAAGACTC-1,0.002949,0.667707,0.329344
AATCCAAGGGCCTGAG-1,0.000059,0.615941,0.383999
AATCCATGCAAGGGTG-1,0.000086,0.721248,0.278666
AATCCCGCTCAGAGCC-1,0.99911,0.000445,0.000445
AATCGAGGTCTCAAGG-1,0.937795,0.000803,0.061402
AATCGCCTCAGCGCCA-1,0.006467,0.131451,0.862082
AATCGCGCAGAGGACT-1,0.01682,0.524483,0.458697
AATCGGGACACTACGA-1,0.000053,0.497402,0.502546
AATCGGTATAGCCCTC-1,0.31341,0.370601,0.315989
AATCGTGAGCCGAGCA-1,0.964461,0.032688,0.002851
AATCTAGGTTTACTTG-1,0.992398,0.003801,0.003801
AATCTATGCCGGAGCC-1,0.000051,0.209299,0.79065
AATCTCTACTGTGGTT-1,0.484522,0.000384,0.515094
AATCTGCGTTGGGACG-1,0.032817,0.67586,0.291322
AATCTGGCTTTCTAGT-1,0.864185,0.13052,0.005295
AATCTGGGTAGACCCT-1,0.000092,0.467467,0.532441
AATGACAGCAATGTCT-1,0.440565,0.257277,0.302159
AATGACGTAGGATGTC-1,0.067714,0.454116,0.478169
AATGACTGTCAGCCGG-1,0.01587,0.812246,0.171884
AATGAGTTCGCATATG-1,0.000146,0.880428,0.119426
AATGATGATACGCTAT-1,0.089277,0.49228,0.418443
AATGATGCGACTCCTG-1,0.355517,0.122121,0.522362
AATGCAACCGGGTACC-1,0.023773,0.465477,0.51075
AATGCACCAAGCAATG-1,0.088328,0.745753,0.165919
AATGGCCGCCAATGCG-1,0.022835,0.743145,0.234021
AATGGTCCACCGTTCA-1,0.376596,0.356838,0.266566
AATGGTTCTCACAAGC-1,0.000073,0.808064,0.191863
AATGTATGGCACTGTA-1,0.438575,0.240857,0.320568
AATGTGCCCGAGGTGT-1,0.49696,0.130683,0.372357
AATGTGCTAATCTGAG-1,0.881294,0.11776,0.000946
AATGTTAAGACCCTGA-1,0.998923,0.000538,0.000538
AATGTTGTCGTGAGAC-1,0.000094,0.860604,0.139302
AATTAAAGGTCGGCGT-1,0.000092,0.699392,0.300516
AATTAACGGATTTCCA-1,0.634785,0.361599,0.003616
AATTACGAGACCCATC-1,0.475636,0.000439,0.523924
AATTACTCGTACGCTC-1,0.00011,0.735473,0.264417
AATTAGCGCTGCAGCG-1,0.114958,0.803128,0.081914
AATTATACCCAGCAAG-1,0.791671,0.207534,0.000796
AATTCATAAGGGATCT-1,0.035898,0.648071,0.316031
AATTCATTGTCATGCA-1,0.516337,0.171164,0.312499
AATTCCAACTTGGTGA-1,0.000136,0.571114,0.42875
AATTCCAAGCATGTAC-1,0.710813,0.000842,0.288345
AATTCGATTCGAGGAT-1,0.820841,0.175601,0.003558
AATTCTAGAGTTAGGC-1,0.116626,0.816886,0.066488
AATTGAACGCTCTGGT-1,0.00009,0.943742,0.056168
AATTGCAGCAATCGAC-1,0.00007,0.881359,0.118571
AATTGCGTGGATTACA-1,0.429648,0.51881,0.051542
AATTGTGGTTGCCAAA-1,0.000059,0.999705,0.000236
AATTTGGGACATAGTA-1,0.007982,0.522264,0.469754
AATTTGGTTCCAAAGA-1,0.000049,0.651816,0.348135
ACAAACCATGCGTCCT-1,0.418807,0.57971,0.001483
ACAAACCGACAAGGCG-1,0.000099,0.24325,0.756651
ACAAACTCCATCAGAG-1,0.538865,0.000278,0.460857
ACAAAGAAGGTAGGCC-1,0.50494,0.002128,0.492932
ACAAAGCATGACCTAG-1,0.000055,0.751125,0.248819
ACAAATCGCACCGAAT-1,0.027873,0.554436,0.417691
ACAAATGGTAGTGTTT-1,0.054144,0.022286,0.92357
ACAAATTCAGATCTGA-1,0.010094,0.516154,0.473752
ACAACAGCATGAGCTA-1,0.005505,0.222225,0.77227
ACAACGGTCCCTGCGA-1,0.000078,0.867228,0.132693
ACAAGCAGTGCCTAGC-1,0.024649,0.916068,0.059282
ACAAGCTATATGGAAG-1,0.145085,0.82315,0.031765
ACAAGGAAATCCGCCC-1,0.070084,0.408323,0.521593
ACAAGGACAAGAGGTT-1,0.046373,0.921289,0.032339
ACAAGGATGCTTTAGG-1,0.247125,0.752398,0.000476
ACAAGGCCTACCAGCC-1,0.000107,0.586486,0.413407
ACAAGGGCAGGCTCTG-1,0.060628,0.567446,0.371925
ACAAGTAATTGTAAGG-1,0.181328,0.000357,0.818315
ACAATAGTCGTACGTT-1,0.637667,0.360321,0.002013
ACAATCCATTTAAACC-1,0.031207,0.676406,0.292387
ACAATCGATCTTTATA-1,0.000066,0.733852,0.266082
ACAATGAATACGGAGA-1,0.59771,0.149173,0.253117
ACAATGATTCTTCTAC-1,0.000126,0.712288,0.287586
ACAATTGTGTCTCTTT-1,0.000078,0.948134,0.051788
ACAATTTAGGAGGCTC-1,0.540218,0.001849,0.457933
ACAATTTGAGCAGTGG-1,0.027545,0.291519,0.680936
ACAATTTGGCCATATT-1,0.085166,0.638926,0.275908
ACACAAAGACGGGTGG-1,0.089953,0.44225,0.467797
ACACAAATATTCCTAG-1,0.000055,0.689375,0.31057
ACACACCAGGACCAGT-1,0.01221,0.009469,0.978321
ACACACTTTCTACACG-1,0.000071,0.677221,0.322708
ACACATGATCAAATCT-1,0.912275,0.08639,0.001336
ACACATTGACGCAACA-1,0.000147,0.999267,0.000587
ACACATTTCCGTAGAC-1,0.807104,0.191528,0.001369
ACACCACATAATTAGC-1,0.001683,0.55848,0.439837
ACACCCAGCATGCAGC-1,0.000046,0.54852,0.451435
ACACCCGAGAAATCCG-1,0.033814,0.837507,0.128679
ACACCCGTAAATCTGT-1,0.026459,0.476795,0.496745
ACACCGAGCGCTCTTT-1,0.087824,0.522777,0.389399
ACACCGGTCTGACCGC-1,0.234092,0.764572,0.001336
ACACCTTAAGTAGGGC-1,0.009436,0.35163,0.638934
ACACCTTACTACTTGC-1,0.000064,0.674939,0.324998
ACACGAGACTCCTTCT-1,0.013037,0.592198,0.394765
ACACGGCACTATGCAT-1,0.000048,0.38253,0.617422
ACACGGGAACTTAGGG-1,0.00008,0.597448,0.402471
ACACGTAGGCCACAAG-1,0.000071,0.968112,0.031817
ACACTCCAATGTCACT-1,0.000094,0.623544,0.376362
ACACTGATCAAGGTGT-1,0.566882,0.004318,0.4288
ACACTGGGACAGTCGT-1,0.024018,0.219226,0.756756
ACAGAACTGAGAACAA-1,0.300411,0.698906,0.000683
ACAGATTAGGTTAGTG-1,0.000084,0.611495,0.388421
ACAGCATAGAGCCAGT-1,0.011272,0.624514,0.364214
ACAGCGACATTCTCAT-1,0.000092,0.946078,0.05383
ACAGCGCACCCGCAGC-1,0.023888,0.294292,0.68182
ACAGGAGGCGCAGCCG-1,0.030958,0.000175,0.968867
ACAGGCACGGATCCTT-1,0.997892,0.001054,0.001054
ACAGGCTTGCCCGACT-1,0.000102,0.415356,0.584541
ACAGGTGGAGGTGAGG-1,0.762081,0.002031,0.235888
ACAGGTGTGTTGTTGC-1,0.851734,0.074126,0.07414
ACAGTAATACAACTTG-1,0.655135,0.342973,0.001892
ACAGTATACCGTGGGA-1,0.000085,0.701071,0.298844
ACAGTGCAGCGCATTT-1,0.037702,0.572519,0.389779
ACATAAGTCGTGGTGA-1,0.378626,0.410095,0.211279
ACATAATAAGGCGGTG-1,0.002079,0.352971,0.64495
ACATACAATCAAGCGG-1,0.997399,0.0013,0.0013
ACATCAGCTGGGACGC-1,0.647068,0.350528,0.002404
ACATCCCGGCCATACG-1,0.575175,0.164478,0.260347
ACATCCTGGTAACTGT-1,0.007968,0.569184,0.422847
ACATCGATCGTTTACC-1,0.109119,0.35011,0.540771
ACATCGCAATATTCGG-1,0.367443,0.000523,0.632034
ACATCGGTCAGCCGCG-1,0.817038,0.101046,0.081915
ACATCGTATGCAATGG-1,0.004917,0.592389,0.402694
ACATCGTTAACCTAGT-1,0.000076,0.505651,0.494273
ACATCTCAACGCGTAA-1,0.000065,0.442798,0.557137
ACATGCTTACGGCAGC-1,0.370783,0.231877,0.39734
ACATGGCGCCAAAGTA-1,0.000048,0.591974,0.407978
ACATGGCTCAATTTAG-1,0.030653,0.888053,0.081294
ACATTAGTTTATATCC-1,0.147712,0.724861,0.127428
ACATTCGCGCGGAATA-1,0.532576,0.275146,0.192278
ACATTTGAAACCTAAC-1,0.684882,0.314218,0.0009
ACCAAACACCCAGCGA-1,0.110037,0.603721,0.286243
ACCAAACTAGAAATCC-1,0.000041,0.255083,0.744876
ACCAACACCACACACT-1,0.021107,0.518717,0.460176
ACCAACCGCACTCCAC-1,0.181851,0.660753,0.157396
ACCAACGCTTATTTAT-1,0.470221,0.001994,0.527785
ACCAAGAACGCGTGTC-1,0.000057,0.793449,0.206495
ACCAAGTCATCGGCAG-1,0.831649,0.167746,0.000605
ACCAATATGCAAGTTA-1,0.096836,0.885934,0.01723
ACCACAACTCAGAACA-1,0.000082,0.672405,0.327513
ACCACAAGTTTCTATC-1,0.00004,0.535929,0.464031
ACCACACGGTTGATGG-1,0.881797,0.00041,0.117793
ACCACCAATGTAACAA-1,0.000051,0.572406,0.427543
ACCACCCTCTCTTCTA-1,0.01002,0.561469,0.428511
ACCACGTGCAGCTATA-1,0.132047,0.372446,0.495508
ACCACTGTTCAAGAAG-1,0.042389,0.122393,0.835218
ACCAGACCATAACAAC-1,0.862579,0.003089,0.134332
ACCAGCCCGGTCTTTG-1,0.000089,0.673928,0.325983
ACCAGGAGTGTGATCT-1,0.037532,0.725143,0.237325
ACCAGTGCCCGGTCAA-1,0.000084,0.626074,0.373842
ACCAGTGCGGGAGACG-1,0.000086,0.678295,0.32162
ACCATATCCGCAATAA-1,0.028454,0.661957,0.309589
ACCATCCGCCAACTAG-1,0.577535,0.050168,0.372297
ACCATCGTATATGGTA-1,0.759118,0.129811,0.111071
ACCATTAAGGGTGTCA-1,0.026299,0.516458,0.457242
ACCCAACGCCCGTGGC-1,0.030111,0.345476,0.624413
ACCCACCTACATGCTC-1,0.000086,0.515035,0.48488
ACCCATCTTGAGGGTA-1,0.019502,0.72951,0.250989
ACCCATTTGTCCCTCT-1,0.000082,0.963388,0.03653
ACCCGAGCGAAATTAC-1,0.998406,0.000797,0.000797
ACCCGATTGGTTCCGA-1,0.851186,0.147571,0.001242
ACCCGGAAACTCCCAG-1,0.46171,0.039681,0.49861
ACCCGGAGCACCACAA-1,0.00003,0.587159,0.412811
ACCCGGATGACGCATC-1,0.0251,0.391561,0.583338
ACCCGGTTACACTTCC-1,0.090611,0.683056,0.226333
ACCCGTAGCAGAGAAT-1,0.256034,0.03845,0.705516
ACCCGTAGTCTAGTTG-1,0.000052,0.86139,0.138558
ACCCGTGTCATCAGTA-1,0.676944,0.001544,0.321512
ACCCTATAGGACTGAG-1,0.000176,0.83097,0.168855
ACCCTATGCCATATCG-1,0.87105,0.126715,0.002235
ACCCTCCCGTCAGGGC-1,0.846103,0.085888,0.068009
ACCCTCCCTTGCTATT-1,0.000102,0.739294,0.260604
ACCCTGGTAACGCCCT-1,0.013059,0.512368,0.474573
ACCCTTCATCTGCGAA-1,0.00005,0.671025,0.328925
ACCCTTGCCTGGGTCG-1,0.000054,0.695071,0.304876
ACCCTTTAGTTCTCCA-1,0.000102,0.58656,0.413338
ACCGAAAGGGCCCTGC-1,0.071713,0.683934,0.244353
ACCGAAGAGTCTGGTT-1,0.997892,0.001054,0.001054
ACCGACACATCTCCCA-1,0.810186,0.002159,0.187655
ACCGACTGAGTCCCAC-1,0.000075,0.60174,0.398185
ACCGAGTCTCCTTATT-1,0.82192,0.176481,0.0016
ACCGATAGGCATAACC-1,0.00005,0.999261,0.000689
ACCGATATTTAATCAT-1,0.032798,0.532086,0.435116
ACCGATGGTAGCATCG-1,0.095032,0.513285,0.391683
ACCGCAATAACTGCCT-1,0.130702,0.490367,0.378931
ACCGCGGTGGAAGTCG-1,0.000077,0.846675,0.153248
ACCGCTAGTCATTGGT-1,0.412709,0.203948,0.383343
ACCGGGCCTTTGTTGA-1,0.0015,0.185334,0.813167
ACCGGTCAGGTACACC-1,0.853907,0.144292,0.001801
ACCGGTCTGAGTACGG-1,0.032911,0.459379,0.50771
ACCGTCCACTGGGCCC-1,0.361231,0.364155,0.274614
ACCGTGACCACGTGGG-1,0.996132,0.001934,0.001934
ACCGTTCCCGCTCTGA-1,0.000079,0.749794,0.250127
ACCTAAGTACCTTTCA-1,0.995058,0.002471,0.002471
ACCTAATCGACTTCCT-1,0.000128,0.99936,0.000512
ACCTACAGTATGTGGT-1,0.231689,0.316374,0.451936
ACCTACTATAAATCTA-1,0.879027,0.119524,0.001449
ACCTCAGCGAGGCGCA-1,0.993779,0.00311,0.003111
ACCTCCGCCCTCGCTG-1,0.006066,0.795328,0.198606
ACCTCCGTTATTCACC-1,0.000034,0.154444,0.845522
ACCTCGAACTTATGCT-1,0.417084,0.426666,0.15625
ACCTGCGTGTCATGTT-1,0.944858,0.054117,0.001025
ACCTTTCCTTTAGAAG-1,0.000064,0.483658,0.516278
ACGAAATGGGCGGCAC-1,0.053249,0.74667,0.200081
ACGACCCATGAGTTGC-1,0.070868,0.716845,0.212287
ACGACTCTAGGGCCGA-1,0.980853,0.000758,0.018389
ACGACTGGTCATACTC-1,0.953121,0.045773,0.001106
ACGAGAACCCATCACG-1,0.000088,0.422448,0.577464
ACGAGATATTTGCTTA-1,0.000093,0.442349,0.557558
ACGAGGATACCACTCT-1,0.451353,0.538058,0.010589
ACGAGGTTTACAACGT-1,0.788719,0.209364,0.001917
ACGAGTACGGATGCCC-1,0.546886,0.095139,0.357974
ACGAGTCGCCGGCGTT-1,0.000056,0.267815,0.73213
ACGATACATAGAACTA-1,0.05617,0.665116,0.278714
ACGATACCTATCCTGA-1,0.716922,0.026161,0.256917
ACGATCATACATAGAG-1,0.111124,0.563063,0.325813
ACGATCATCTTGTAAA-1,0.000046,0.251977,0.747977
ACGATGCATATGTTAT-1,0.020981,0.727823,0.251196
ACGATGGATCCGATGC-1,0.000048,0.505031,0.494922
ACGCAAACTAATAGAT-1,0.913772,0.085143,0.001085
ACGCAATCACTACAGC-1,0.068159,0.727802,0.204039
ACGCATAAATGACATG-1,0.000084,0.680877,0.319039
ACGCATACGTTTACTA-1,0.036058,0.636161,0.327781
ACGCATTCGTGAGTAC-1,0.006002,0.584443,0.409555
ACGCCACTCGAAACAG-1,0.951342,0.000882,0.047776
ACGCCAGATGATTTCT-1,0.000083,0.784305,0.215612
ACGCCAGTGCGTTTGC-1,0.961475,0.037895,0.000631
ACGCCCAGCTGTCGAT-1,0.0001,0.600403,0.399497
ACGCCGCTAGACGACC-1,0.07318,0.769335,0.157485
ACGCCTGACACGCGCT-1,0.011799,0.000286,0.987915
ACGCGAAGTCAGACGA-1,0.095901,0.79922,0.104879
ACGCGCTACACAGGGT-1,0.513941,0.303207,0.182852
ACGCGGGCCAAGGACA-1,0.160911,0.528411,0.310678
ACGCGTTTCTTAAGAG-1,0.986875,0.000579,0.012546
ACGCTACTGAATGGGC-1,0.551449,0.341799,0.106752
ACGCTAGTATCAGTGC-1,0.029927,0.725992,0.244081
ACGCTAGTGATACACT-1,0.154332,0.573038,0.27263
ACGCTGTGAGGCGTAG-1,0.596304,0.398699,0.004997
ACGCTTAGTGTCTCTC-1,0.000165,0.505716,0.49412
ACGGAACACGAGTGCC-1,0.840405,0.158856,0.000739
ACGGAATTTAGCAAAT-1,0.000077,0.882292,0.117631
ACGGACGCAGCGACAA-1,0.292956,0.65245,0.054594
ACGGACTCTCAAAGCG-1,0.835226,0.162012,0.002762
ACGGAGCGCAAATTAC-1,0.000069,0.51514,0.484791
ACGGATGGTGCGGATA-1,0.266184,0.733326,0.000489
ACGGCACTTGCTTGGG-1,0.281204,0.630059,0.088737
ACGGCCAACATGGACT-1,0.538296,0.25623,0.205474
ACGGCGACGATGGGAA-1,0.145624,0.278497,0.575879
ACGGCGGGTTGCCCTG-1,0.000087,0.96621,0.033703
ACGGCTGGATGTAGAA-1,0.369958,0.459391,0.170652
ACGGGAGTGTCGGCCC-1,0.571537,0.184417,0.244047
ACGGGCGTATGCGACA-1,0.200051,0.071677,0.728272
ACGGGTCATGTGACTT-1,0.011527,0.979549,0.008924
ACGGGTTGTGACCTGT-1,0.43705,0.227508,0.335442
ACGGTACAGTTCAATG-1,0.831062,0.000683,0.168255
ACGGTCACCGAGAACA-1,0.440584,0.307204,0.252212
ACGTACAGATTTCTCT-1,0.046885,0.759487,0.193628
ACGTACTTTGGCACGG-1,0.995166,0.002417,0.002417
ACGTAGATTGCTGATG-1,0.000058,0.503829,0.496113
ACGTAGGAGAGTCGCT-1,0.726719,0.27108,0.002202
ACGTATTACTCCGATC-1,0.000093,0.82326,0.176646
ACGTCCTAAACGAGAT-1,0.000044,0.665382,0.334574
ACGTCGGGCAACTCGG-1,0.060542,0.00112,0.938338
ACGTCTCGTTCCGGGA-1,0.888124,0.000674,0.111203
ACGTGACAAAGTAAGT-1,0.766496,0.003089,0.230415
ACGTGCGCCTCGTGCA-1,0.000062,0.547059,0.452879
ACGTGGTCGAATGTGC-1,0.000141,0.695138,0.304721
ACGTTAATGTCGAAGA-1,0.076457,0.639351,0.284192
ACGTTAGATTTGCCCG-1,0.076392,0.922549,0.001059
ACGTTATTGGTCACTC-1,0.000111,0.6053,0.394589
ACGTTCACTATGCCGC-1,0.751259,0.081365,0.167376
ACGTTCCGCGCTCCGT-1,0.046019,0.674849,0.279132
ACGTTCGCAATCAATT-1,0.00005,0.557668,0.442282
ACGTTCGTTCAGGAAA-1,0.872119,0.124265,0.003616
ACGTTCTGTACAAGTC-1,0.739935,0.081727,0.178338
ACGTTGTCGTTGAAAG-1,0.234511,0.292672,0.472816
ACGTTTAGTTGTGATC-1,0.000104,0.696233,0.303663
ACGTTTCGGTGCACTT-1,0.361881,0.46163,0.176489
ACTAAGGACGCACACC-1,0.000063,0.755718,0.244219
ACTAATACGTCAGGCG-1,0.029388,0.583086,0.387526
ACTACAAAGAGAGGTG-1,0.916425,0.082014,0.001561
ACTACATCCCGACAAG-1,0.480635,0.342773,0.176592
ACTACCAGCTCTCTGG-1,0.014377,0.514265,0.471359
ACTACCATCCGAGGGC-1,0.283955,0.316369,0.399676
ACTACGCGTTAGAATT-1,0.849765,0.147058,0.003177
ACTAGTTGCGATCGTC-1,0.000118,0.843952,0.15593
ACTATATGCTGTGTTC-1,0.073727,0.416031,0.510242
ACTATCCAGGGCATGG-1,0.000085,0.63186,0.368055
ACTATCGCCGGCTAAA-1,0.099255,0.000254,0.900491
ACTATCTGCCCGCGTA-1,0.061769,0.707621,0.23061
ACTATGTCCAGCTGCC-1,0.374529,0.128183,0.497288
ACTATTCGTCCGTGGT-1,0.000078,0.545275,0.454647
ACTATTTCCGGGCCCA-1,0.564533,0.205046,0.230421
ACTCAACGAATGTATT-1,0.000058,0.370568,0.629373
ACTCAAGTGCAAGGCT-1,0.209507,0.790033,0.00046
ACTCAATAAAGGCACG-1,0.022911,0.465901,0.511188
ACTCAGACCTGCTTCT-1,0.000082,0.849172,0.150746
ACTCATGGCAGCCTTC-1,0.489336,0.075952,0.434711
ACTCCAATATCATCAT-1,0.961707,0.037296,0.000997
ACTCCCATTCCTAAAG-1,0.659358,0.339396,0.001246
ACTCCCGAATTCGTTT-1,0.000086,0.683426,0.316488
ACTCCCGTAGACTAGG-1,0.006016,0.66628,0.327704
ACTCCCTAATGCTAAA-1,0.473197,0.099234,0.427569
ACTCCCTAGAATAGTA-1,0.111692,0.79465,0.093658
ACTCCGGCCGACCACT-1,0.998158,0.000921,0.000921
ACTCGATGTATTTCAT-1,0.015628,0.734614,0.249758
ACTCGCCGTTCGATAA-1,0.000085,0.999575,0.00034
ACTCGCGATCTGACGC-1,0.000029,0.274255,0.725716
ACTCGTAACCCGTCCT-1,0.369297,0.623164,0.007539
ACTCGTCAGTAATCCC-1,0.084611,0.48835,0.427038
ACTCTAAACCTGGGAT-1,0.894397,0.002745,0.102858
ACTCTCTGACTTAGGT-1,0.024564,0.799525,0.175911
ACTCTCTTATACACGA-1,0.000084,0.220318,0.779598
ACTCTGACCTAATAGA-1,0.905078,0.001416,0.093505
ACTCTTCAGCTCCCGC-1,0.000044,0.64494,0.355017
ACTCTTGTATAGTAAC-1,0.000084,0.67811,0.321807
ACTGAAACGCCGTTAG-1,0.000076,0.909429,0.090495
ACTGAATGGCGAAAGT-1,0.000075,0.785243,0.214682
ACTGATTTAGTGATTC-1,0.211483,0.420867,0.36765
ACTGCCCGCCATTCTC-1,0.687331,0.24432,0.06835
ACTGCCGTCGTAACTC-1,0.035556,0.24834,0.716104
ACTGCGGACACACCGT-1,0.000043,0.530104,0.469853
ACTGCTCGGAAGGATG-1,0.627717,0.000451,0.371833
ACTGGCGAACCTGCGT-1,0.020965,0.798389,0.180646
ACTGGGATGCCAGTGC-1,0.998884,0.000558,0.000558
ACTGTACGATACACAT-1,0.035852,0.569864,0.394284
ACTGTAGCACTTTGGA-1,0.005093,0.649031,0.345876
ACTGTATACGCGAGCA-1,0.00008,0.796658,0.203261
ACTGTCCAGGATTATA-1,0.023845,0.674661,0.301493
ACTGTCTTCTTTAGAA-1,0.000044,0.454744,0.545212
ACTGTGCTAGTAGATC-1,0.000137,0.557046,0.442817
ACTGTTTAGTGTAGGC-1,0.000057,0.739838,0.260106
ACTTACCGGGCGCGCA-1,0.046332,0.596971,0.356697
ACTTACGCATCCACGC-1,0.691213,0.229853,0.078934
ACTTAGTACGACAAGA-1,0.00009,0.764778,0.235132
ACTTATACTTACCCGG-1,0.394232,0.055283,0.550485
ACTTATCTGATCTATA-1,0.000119,0.789263,0.210619
ACTTATTAGGATCGGT-1,0.050434,0.652233,0.297333
ACTTATTTATGTGCCA-1,0.051444,0.597849,0.350707
ACTTCAGGCTGATCCC-1,0.000096,0.793805,0.2061
ACTTCCAGTGGAAGCT-1,0.309135,0.001044,0.689821
ACTTCCATGCGGGACA-1,0.367843,0.535628,0.09653
ACTTCCTGTCGTGCGA-1,0.020864,0.535326,0.44381
ACTTCGCCATACGCAC-1,0.005589,0.773938,0.220473
ACTTCGCTAGCGAGTG-1,0.000062,0.793585,0.206352
ACTTGACTCCCTCTTT-1,0.028374,0.295798,0.675828
ACTTGCCATATTGTAC-1,0.000055,0.768594,0.231351
ACTTGCTCTATCTACC-1,0.546327,0.001174,0.452499
ACTTGGGACCCGGTGG-1,0.078155,0.799752,0.122093
ACTTGGGCTTTCGCCA-1,0.867683,0.004538,0.127779
ACTTGTAGTCCCTTCA-1,0.600686,0.086814,0.3125
ACTTGTGGATGGAACG-1,0.000073,0.865387,0.13454
ACTTGTTACCGGATCA-1,0.999102,0.000449,0.000449
ACTTTACCCTCATGAA-1,0.000086,0.951985,0.047929
ACTTTATACACCACTT-1,0.40806,0.359152,0.232788
ACTTTCCTATAGCTTC-1,0.000055,0.63904,0.360905
ACTTTGACTGCATCCT-1,0.598663,0.271049,0.130288
ACTTTGGTCGTGCTCC-1,0.590208,0.405299,0.004493
ACTTTGTCGACGCACT-1,0.040336,0.626068,0.333597
AGAAATTATGACTCGC-1,0.000061,0.96082,0.039119
AGAACACGGCGATGGT-1,0.269549,0.533091,0.19736
AGAACCCAGCGTGACA-1,0.008854,0.852398,0.138749
AGAACCCTCAATTGGG-1,0.548342,0.268246,0.183412
AGAACGTGGTACATTC-1,0.008155,0.359717,0.632128
AGAACTGTACTTTGTA-1,0.94515,0.053835,0.001015
AGAAGAGCGCCGTTCC-1,0.001373,0.89373,0.104897
AGAAGGTACACTTCAC-1,0.673898,0.321609,0.004493
AGAAGGTTGCCGAATT-1,0.782916,0.20508,0.012004
AGAAGGTTGTAGGTCG-1,0.922907,0.002149,0.074944
AGAAGTGATTCGTGAT-1,0.603386,0.387349,0.009266
AGAATAAATCTTCAGG-1,0.903557,0.095389,0.001054
AGAATACAGGCTATCC-1,0.881696,0.000478,0.117826
AGAATGCGGGTTCGGA-1,0.081607,0.243633,0.67476
AGAATTATGGATTCGA-1,0.000106,0.867215,0.132679
AGAATTGTTTGACATA-1,0.00011,0.678401,0.32149
AGACAGCTCAGAATCC-1,0.01027,0.31532,0.67441
AGACAGGCATCTCAGC-1,0.015744,0.792836,0.19142
AGACATAGATCCTTCC-1,0.000084,0.680694,0.319222
AGACCAAACCACACCT-1,0.363692,0.177562,0.458746
AGACCATGGGATACAA-1,0.000093,0.954901,0.045006
AGACCCACCGCTGATC-1,0.102872,0.617939,0.279188
AGACCCGCCCTCCTCG-1,0.015904,0.679133,0.304963
AGACCGCTCCGCGGTT-1,0.000044,0.187829,0.812127
AGACCGGGAAACCCTG-1,0.862706,0.13654,0.000754
AGACGAAGTGCCGGTC-1,0.130493,0.11036,0.759147
AGACGACGATGCCGCT-1,0.919273,0.00278,0.077947
AGACGCCCACTTCGCC-1,0.000059,0.953541,0.0464
AGACGGGATTGGTATA-1,0.000118,0.495861,0.504021
AGACGGGCCGATTTAA-1,0.035595,0.415837,0.548567
AGACTAGCCTTCCAGA-1,0.000078,0.948571,0.051351
AGACTGTTACCGGGTC-1,0.996247,0.001877,0.001877
AGAGAAACACCAGAAA-1,0.934821,0.064327,0.000852
AGAGAACCGTCTAGGA-1,0.024099,0.212543,0.763358
AGAGAAGGAGTACAAT-1,0.7165,0.038742,0.244758
AGAGATCTCTAAAGCG-1,0.999009,0.000495,0.000495
AGAGCAGTTATGAGAC-1,0.000397,0.791134,0.20847
AGAGCCGCCGAGATTT-1,0.000067,0.619914,0.38002
AGAGCGCTTGTAACGG-1,0.000066,0.765502,0.234432
AGAGCGGGCTAATCAT-1,0.000052,0.731253,0.268695
AGAGCGTACAAGCTCG-1,0.00005,0.181109,0.818841
AGAGCTACGAAAGCAT-1,0.047825,0.951138,0.001037
AGAGGCTTCGGAAACC-1,0.000052,0.506402,0.493545
AGAGGGACAATTGTCC-1,0.000086,0.676035,0.323879
AGAGGTATCTCGGTCC-1,0.000045,0.754743,0.245212
AGAGTAAACTTCACTA-1,0.000051,0.624369,0.37558
AGAGTATAGTGTTACG-1,0.00008,0.807498,0.192423
AGAGTCTTAATGAAAG-1,0.798614,0.000944,0.200442
AGAGTGAACAGACACC-1,0.383459,0.305243,0.311298
AGAGTTAGAGACCGAT-1,0.068231,0.631678,0.300091
AGAGTTGCAGGCCTCC-1,0.000083,0.941633,0.058284
AGATAACTTCAGGGCC-1,0.028167,0.826721,0.145112
AGATAATCACACCTAT-1,0.503632,0.000521,0.495847
AGATACCAATAGAACC-1,0.000059,0.999704,0.000237
AGATACCAGCACTTCA-1,0.459705,0.354322,0.185973
AGATACCGGTGTTCAC-1,0.651864,0.346984,0.001152
AGATACGACTTCATAT-1,0.000061,0.653095,0.346844
AGATACTCAAGATCGA-1,0.000064,0.504481,0.495456
AGATATAATACGACTA-1,0.712827,0.283017,0.004157
AGATCGTGCATAAGAT-1,0.000043,0.589251,0.410705
AGATCTCAGGTGTGAT-1,0.000819,0.444148,0.555034
AGATCTGGAGAGGATA-1,0.443037,0.555758,0.001205
AGATGACTCGCCCACG-1,0.040993,0.662077,0.29693
AGATGAGGGTTGCGAT-1,0.078009,0.424719,0.497272
AGATGATGGAGTCTGG-1,0.000077,0.76002,0.239903
AGATGCAAGACGTGCA-1,0.766323,0.229091,0.004585
AGATGCATCCTGTGTC-1,0.617812,0.380464,0.001724
AGATGCTATAACGAGC-1,0.041007,0.48287,0.476124
AGATTATAGGACGTTT-1,0.05549,0.518182,0.426328
AGATTCAAGCGGGTCG-1,0.000128,0.686114,0.313758
AGATTCACAACCGATA-1,0.797017,0.200221,0.002762
AGCAAAGGCCGCTAGT-1,0.833361,0.163137,0.003502
AGCAACATATCTTATT-1,0.057754,0.863214,0.079032
AGCAACCGAAAGTAAT-1,0.89399,0.104594,0.001416
AGCACACGTTTAGACT-1,0.725835,0.271549,0.002616
AGCACCAGTACTCACG-1,0.000055,0.378978,0.620967
AGCACTACCGGCCTGT-1,0.482804,0.514855,0.002341
AGCACTACCTCACCAG-1,0.104086,0.535928,0.359985
AGCACTTAAGGACGCC-1,0.000137,0.934919,0.064944
AGCAGAAGGAGAAAGA-1,0.703903,0.293612,0.002485
AGCAGCCAGATGAATA-1,0.803959,0.193795,0.002246
AGCAGTCGAAGCATGC-1,0.947322,0.000493,0.052185
AGCATATCAATATGCT-1,0.000064,0.708318,0.291618
AGCATCATTTCGAAAG-1,0.800514,0.196598,0.002888
AGCATCGTCGATAATT-1,0.001232,0.529909,0.468859
AGCATTACGAGGCAAG-1,0.054464,0.665063,0.280473
AGCCAAGCTTTGTGTC-1,0.779726,0.217142,0.003132
AGCCACAGGTTACCCG-1,0.7913,0.187382,0.021317
AGCCACTCCCGTGCTT-1,0.130909,0.412517,0.456574
AGCCATATAGTATGTG-1,0.998453,0.000773,0.000774
AGCCCATACATGTAAG-1,0.685801,0.31229,0.001909
AGCCCGCAACAAGCAG-1,0.99782,0.00109,0.00109
AGCCCGCACTACAATG-1,0.763944,0.235536,0.00052
AGCCCGGCATTAGAGG-1,0.885951,0.112771,0.001278
AGCCCGGTAGCCTGTA-1,0.744214,0.252676,0.00311
AGCCCTAAGCGAAGTT-1,0.000064,0.804543,0.195393
AGCCCTCCCTGGTGGC-1,0.64464,0.354017,0.001344
AGCCCTGTCGCACCGT-1,0.000048,0.596165,0.403787
AGCCCTTCTAATCCGA-1,0.026716,0.72365,0.249633
AGCCCTTGGACATCCC-1,0.00006,0.643807,0.356134
AGCCGCAAATTCAAAT-1,0.829223,0.162974,0.007803
AGCCGCTTGATTAGCG-1,0.059528,0.00034,0.940133
AGCCGTGGCTAAATGT-1,0.930547,0.066321,0.003132
AGCCTAATACCCACGT-1,0.770817,0.191133,0.03805
AGCCTTAAAGCGGAAG-1,0.000098,0.88664,0.113262
AGCCTTGTCACTGATA-1,0.582375,0.007668,0.409956
AGCGACAGGAACGGTC-1,0.802995,0.194956,0.00205
AGCGACATCCCATTCA-1,0.000047,0.706991,0.292962
AGCGACCAACGATATT-1,0.006864,0.738131,0.255004
AGCGACTTTGAAGACA-1,0.668559,0.000919,0.330523
AGCGAGACGTGAAGGC-1,0.226714,0.48757,0.285716
AGCGATGCGCCTAATA-1,0.000061,0.991999,0.00794
AGCGCATAATGAATCG-1,0.713812,0.003971,0.282217
AGCGCGGGTGCCAATG-1,0.027157,0.188102,0.784741
AGCGCTAGAGCGATGT-1,0.000043,0.607361,0.392596
AGCGCTTATGGGCAAG-1,0.000097,0.480467,0.519436
AGCGGACACTTCGTAG-1,0.525239,0.471715,0.003046
AGCGGCGGTTAGCGGT-1,0.383662,0.61098,0.005358
AGCGGGAAGGGTCCAT-1,0.000134,0.759527,0.240338
AGCGGGTCTGACACTC-1,0.996823,0.001588,0.001588
AGCGGTTGAGATGTAC-1,0.039543,0.504053,0.456405
AGCGGTTGCCGCTCTG-1,0.000053,0.433412,0.566534
AGCGTACGAGAGCTAG-1,0.000079,0.739819,0.260102
AGCGTAGCGCTAGACC-1,0.000076,0.682345,0.317579
AGCGTCTGAACCCGCA-1,0.000099,0.848024,0.151877
AGCGTGGTATTCTACT-1,0.029136,0.097412,0.873452
AGCGTTCCGATTTAAA-1,0.06184,0.545125,0.393035
AGCTAACAAGCAATGT-1,0.825557,0.00079,0.173653
AGCTAAGCTCCGTCCG-1,0.441703,0.085865,0.472432
AGCTAAGTACGCAGGC-1,0.770909,0.000767,0.228324
AGCTACGAATGGTGGT-1,0.995415,0.002292,0.002293
AGCTAGAAGCAGAAGT-1,0.026009,0.520826,0.453165
AGCTATTTAATCCAAC-1,0.03891,0.686219,0.274871
AGCTCCATATATGTTC-1,0.000065,0.867489,0.132446
AGCTCCTTCGCACATC-1,0.000126,0.713019,0.286854
AGCTCGTTGATGGAAA-1,0.020831,0.829025,0.150144
AGCTCTAGACGTTCCA-1,0.027595,0.466627,0.505778
AGCTCTTCCCAGTGCA-1,0.045093,0.240782,0.714125
AGCTCTTCGTAACCTT-1,0.012188,0.566296,0.421516
AGCTCTTTACTCAGTT-1,0.130562,0.777058,0.09238
AGCTGAAGTAAACCAA-1,0.017287,0.395086,0.587627
AGCTGCATTTGAGGTG-1,0.000126,0.638041,0.361832
AGCTGCTGTGCCGAAT-1,0.000123,0.620321,0.379556
AGCTGTAACCTCAATC-1,0.762891,0.235011,0.002098
AGCTTATAGAGACCTG-1,0.000094,0.456755,0.543151
AGCTTCAATACTTTGA-1,0.000121,0.602371,0.397508
AGCTTCTTCTCGAGCA-1,0.998079,0.000961,0.000961
AGCTTGATCAGGGTAG-1,0.303301,0.468703,0.227996
AGCTTGATCTTAACTT-1,0.79257,0.000524,0.206905
AGGAAAGCCTCTGATG-1,0.000135,0.854904,0.144961
AGGAACGAACGACTTC-1,0.028496,0.582891,0.388612
AGGAAGCTGTCCGCCG-1,0.994576,0.002712,0.002712
AGGACAGTCGAATCCC-1,0.000064,0.465252,0.534684
AGGACATCGCACGTCG-1,0.04236,0.831404,0.126235
AGGACATCGGCACACT-1,0.000041,0.753693,0.246266
AGGACGACCCATTAGA-1,0.763254,0.16997,0.066776
AGGACGCTCGATGTTG-1,0.043793,0.85725,0.098958
AGGACTTATAGGAGAA-1,0.061175,0.009791,0.929034
AGGAGACATCCACAGT-1,0.000104,0.996594,0.003301
AGGAGAGTCTGGCTAC-1,0.000058,0.448107,0.551835
AGGAGCGTTTATTATC-1,0.976384,0.001282,0.022334
AGGAGGCCTTCGCGCG-1,0.021902,0.682437,0.29566
AGGATAAAGTCGGGAT-1,0.173657,0.825906,0.000438
AGGATATAGGGATTTA-1,0.04107,0.831202,0.127728
AGGATATCCGACTGCA-1,0.883513,0.000502,0.115985
AGGATCACGCGATCTG-1,0.753864,0.075932,0.170204
AGGATTGCTTACGACA-1,0.00005,0.669139,0.330811
AGGCAAAGAGGAATCA-1,0.000119,0.699392,0.300489
AGGCAATACGGAGGAC-1,0.128453,0.000104,0.871443
AGGCACGTGACTGTCC-1,0.012008,0.435085,0.552906
AGGCAGATGCGTAAAC-1,0.027018,0.68644,0.286542
AGGCAGGGAGCGTACT-1,0.864986,0.002815,0.132199
AGGCATTGTCGTAGGG-1,0.000061,0.416217,0.583722
AGGCCACATTGGTTAC-1,0.000063,0.936808,0.063129
AGGCCACCCGTTATGA-1,0.077043,0.922341,0.000616
AGGCCCAGTGACTGGT-1,0.002597,0.960497,0.036905
AGGCCCATTGTACAGG-1,0.017639,0.672143,0.310218
AGGCCCTAGAACGCCA-1,0.623425,0.374447,0.002128
AGGCCTATCATACCAA-1,0.907098,0.000716,0.092186
AGGCCTGAGAATCTCG-1,0.476012,0.444786,0.079202
AGGCGATAACTGGCGT-1,0.000039,0.741564,0.258397
AGGCGGTTTGTCCCGC-1,0.995343,0.002328,0.002328
AGGCGTCTATGGACGG-1,0.015526,0.258071,0.726403
AGGCTATGGTTAGCTT-1,0.000111,0.617185,0.382703
AGGCTTAAGTTGCACA-1,0.938128,0.005559,0.056312
AGGCTTCCCGAAGAAG-1,0.663272,0.327266,0.009462
AGGCTTGCTAGACACC-1,0.000102,0.848047,0.151851
AGGGAAACGAGGTACT-1,0.000079,0.449944,0.549976
AGGGACAGCACGGCGG-1,0.011379,0.61733,0.371291
AGGGACCGGCTGCGTT-1,0.000048,0.176835,0.823118
AGGGACTCTACGCGAC-1,0.923737,0.001129,0.075135
AGGGAGACATACTTCG-1,0.066395,0.8498,0.083805
AGGGCAGCGGCGTGGT-1,0.000089,0.684278,0.315633
AGGGCCCTAATGTTCT-1,0.021169,0.460541,0.51829
AGGGCGAGCAGCTGAT-1,0.695823,0.2355,0.068677
AGGGCGTGATCGGCTA-1,0.043791,0.817784,0.138424
AGGGCTGCAGTTACAG-1,0.000075,0.766492,0.233433
AGGGTCAGAGCACTCG-1,0.997466,0.001267,0.001267
AGGGTCAGTAACCCTA-1,0.027134,0.522791,0.450075
AGGGTCGATGCGAACT-1,0.021465,0.504305,0.474231
AGGGTCTGGACGCAGT-1,0.000054,0.8849,0.115046
AGGGTGCCGTTCTTTA-1,0.949243,0.049532,0.001225
AGGGTGCTCTCGAGGG-1,0.055819,0.402857,0.541324
AGGGTGGATAGTGCAT-1,0.448982,0.550437,0.000581
AGGGTGTGCTACACGC-1,0.027438,0.795728,0.176834
AGGGTTCAGACGGTCC-1,0.854926,0.142904,0.00217
AGGGTTCCCTTTGGTT-1,0.008538,0.631396,0.360066
AGGGTTTAGTTCGGGA-1,0.092115,0.35568,0.552205
AGGTAACCTCCTATTC-1,0.000083,0.745848,0.254069
AGGTACGATATTGCCA-1,0.000086,0.677581,0.322333
AGGTAGATCGAGATAT-1,0.939546,0.001629,0.058825
AGGTAGGTACAAAGCT-1,0.030954,0.669593,0.299453
AGGTATAATTGATAGT-1,0.000085,0.629404,0.37051
AGGTATGCGGACATTA-1,0.000053,0.43786,0.562087
AGGTCAGGTGAGAGTG-1,0.637875,0.3607,0.001426
AGGTCGCCACTTCGGT-1,0.000098,0.794409,0.205493
AGGTCGCCTCCCAACA-1,0.000034,0.714856,0.28511
AGGTCGCGGAGTTACT-1,0.15946,0.364887,0.475653
AGGTGCACGTCCACAT-1,0.521079,0.478255,0.000666
AGGTGGTGACCTTCGC-1,0.709665,0.284977,0.005358
AGGTGTATCGCCATGA-1,0.753121,0.244945,0.001934
AGGTGTTGCCGACCAC-1,0.008061,0.986504,0.005436
AGGTTACACCATGCCG-1,0.000051,0.559482,0.440467
AGGTTCTCCTTTCCGG-1,0.522171,0.061288,0.416541
AGGTTGAGGCACGCTT-1,0.005172,0.427469,0.567358
AGGTTTCACACACCTT-1,0.04768,0.765955,0.186365
AGTAACGTTCATCCTG-1,0.000115,0.486253,0.513632
AGTAACTATAGCAGCC-1,0.711914,0.287604,0.000482
AGTAAGGGACAGAATC-1,0.931494,0.002471,0.066035
AGTAATCTAAGGGTGG-1,0.999331,0.000334,0.000334
AGTAATGTCTTGCCGC-1,0.00007,0.730459,0.269471
AGTAATTTGCAAGCGT-1,0.470949,0.213809,0.315242
AGTACAGAAGCTTATA-1,0.681769,0.001304,0.316927
AGTACATCATTTATCA-1,0.015344,0.681785,0.302871
AGTACCTTCGAGTGCT-1,0.124835,0.577237,0.297928
AGTACGGCCCGTATCG-1,0.518153,0.179416,0.302432
AGTACGGGCACCTGGC-1,0.077085,0.235751,0.687164
AGTACGTGGCCTGTCT-1,0.000077,0.557232,0.442692
AGTACTCTTATGCCCA-1,0.009999,0.844617,0.145384
AGTAGAAGGCGCCTCA-1,0.995882,0.002059,0.002059
AGTAGCGTGAACGAAC-1,0.023693,0.497153,0.479155
AGTAGCTAGACGCCGA-1,0.044864,0.577524,0.377612
AGTAGGAAGGAAGTTG-1,0.018755,0.173387,0.807858
AGTAGGTAACATACAT-1,0.045113,0.556545,0.398342
AGTATAATACTAGGCA-1,0.020688,0.567873,0.411439
AGTATACACAGCGACA-1,0.886076,0.112973,0.00095
AGTATCCATAATAACG-1,0.000082,0.920471,0.079447
AGTATGCTGGAGACCA-1,0.483403,0.507134,0.009463
AGTATTTGGCACGACC-1,0.786704,0.209139,0.004157
AGTCAAATGATGTGAT-1,0.963724,0.000562,0.035714
AGTCAACACCACCATC-1,0.059462,0.754475,0.186064
