Barcode,Topic 1,Topic 2to6,Topic 7,Topic 8to10
AAACAAGTATCTCCCA-1,0.016653,0.607891,0.02724,0.348216
AAACACCAATAACTGC-1,0.000024,0.842996,0.036957,0.120023
AAACAGAGCGACTCCT-1,0.527155,0.433108,0.010064,0.029673
AAACAGCTTTCAGAAG-1,0.124009,0.442544,0.003234,0.430213
AAACAGGGTCTATATT-1,0.035613,0.754016,0.046441,0.163929
AAACATGGTGAGAGGA-1,0.656652,0.04813,0.055048,0.24017
AAACATTTCCCGGATT-1,0.009157,0.482606,0.287177,0.22106
AAACCACTACACAGAT-1,0.061387,0.295339,0.046982,0.596292
AAACCCGAACGAAATC-1,0.016654,0.536148,0.028606,0.418592
AAACCGGAAATGTTAA-1,0.044408,0.433298,0.031336,0.490959
AAACCGGGTAGGTACC-1,0.022773,0.832043,0.113119,0.032065
AAACCGTTCGTCCAGG-1,0.000031,0.496513,0.039057,0.464398
AAACCTAAGCAGCCGG-1,0.026048,0.56777,0.013526,0.392656
AAACCTCATGAAGTTG-1,0.214333,0.739209,0.037759,0.008699
AAACGAAGAACATACC-1,0.999039,0.000534,0.000107,0.00032
AAACGAAGATGGAGTA-1,0.766899,0.184436,0.006661,0.042004
AAACGACAGTCTTGCC-1,0.10597,0.643982,0.000113,0.249935
AAACGAGACGGTTGAT-1,0.115448,0.817346,0.000044,0.067162
AAACGCCCGAGATCGG-1,0.213093,0.526229,0.037845,0.222833
AAACGGGCGTACGGGT-1,0.00002,0.273042,0.044502,0.682437
AAACGGTTGCGAACTG-1,0.036857,0.661499,0.165544,0.136099
AAACGTGTTCGCCCTA-1,0.709429,0.146392,0.002957,0.141223
AAACTAACGTGGCGAC-1,0.190168,0.784301,0.000846,0.024686
AAACTCGGTTCGCAAT-1,0.139571,0.365884,0.044793,0.449752
AAACTCGTGATATAAG-1,0.35004,0.486963,0.010518,0.152479
AAACTGCTGGCTCCAA-1,0.016993,0.619933,0.00355,0.359524
AAACTTAATTGCACGC-1,0.120082,0.669183,0.018406,0.19233
AAACTTGCAAACGTAT-1,0.000032,0.832964,0.01967,0.147334
AAAGAATGACCTTAGA-1,0.2666,0.564465,0.066473,0.102462
AAAGACCCAAGTCGCG-1,0.182958,0.816915,0.000032,0.000095
AAAGACTGGGCGCTTT-1,0.752991,0.151161,0.009849,0.086
AAAGCTTGCCTACATA-1,0.113253,0.329495,0.018216,0.539037
AAAGGCCCTATAATAC-1,0.000019,0.5471,0.348894,0.103986
AAAGGCTACGGACCAT-1,0.104978,0.625606,0.138835,0.130581
AAAGGCTCTCGCGCCG-1,0.000018,0.111492,0.05954,0.82895
AAAGGGATGTAGCAAG-1,0.071829,0.925648,0.000042,0.002482
AAAGGGCAGCTTGAAT-1,0.015402,0.241381,0.009614,0.733603
AAAGGTAAGCTGTACC-1,0.063679,0.836648,0.031604,0.068069
AAAGTAGCATTGCTCA-1,0.010785,0.735395,0.030468,0.223352
AAAGTCACTGATGTAA-1,0.00819,0.991594,0.000054,0.000163
AAAGTCGACCCTCAGT-1,0.097064,0.702428,0.172028,0.028481
AAAGTGCCATCAATTA-1,0.091378,0.409656,0.10438,0.394587
AAAGTGTGATTTATCT-1,0.021607,0.813888,0.086992,0.077513
AAAGTTGACTCCCGTA-1,0.015267,0.733963,0.067561,0.183208
AAATAACCATACGGGA-1,0.179515,0.720905,0.042984,0.056597
AAATAAGGTAGTGCCC-1,0.02662,0.658641,0.003703,0.311036
AAATACCTATAAGCAT-1,0.000023,0.164585,0.083065,0.752327
AAATAGCTTAGACTTT-1,0.134744,0.674217,0.050846,0.140194
AAATAGGGTGCTATTG-1,0.018766,0.465091,0.037219,0.478923
AAATCCGATACACGCC-1,0.051489,0.497586,0.025054,0.425871
AAATCGCGGAAGGAGT-1,0.867714,0.085145,0.025116,0.022025
AAATCGTGTACCACAA-1,0.102105,0.708099,0.085271,0.104525
AAATCTAGCCCTGCTA-1,0.000027,0.733084,0.022042,0.244847
AAATGATTCGATCAGC-1,0.007298,0.444247,0.069378,0.479076
AAATGCTCGTTACGTT-1,0.002574,0.997144,0.00007,0.000211
AAATGGCATGTCTTGT-1,0.998905,0.000608,0.000122,0.000365
AAATGGCCCGTGCCCT-1,0.018013,0.611476,0.151954,0.218557
AAATGGTCAATGTGCC-1,0.059219,0.746497,0.004132,0.190152
AAATGTATCTTATCCC-1,0.120039,0.067392,0.013453,0.799117
AAATTAACGGGTAGCT-1,0.579186,0.271943,0.000054,0.148817
AAATTAATAAGCGCGA-1,0.153752,0.6261,0.027167,0.19298
AAATTACACGACTCTG-1,0.869494,0.129993,0.000128,0.000385
AAATTACCTATCGATG-1,0.201791,0.57648,0.018679,0.20305
AAATTCCAGGTCCAAA-1,0.03361,0.596322,0.036891,0.333178
AAATTGATAGTCCTTT-1,0.042693,0.649718,0.293936,0.013654
AAATTGCGGCGGTTCT-1,0.485663,0.51413,0.000052,0.000156
AAATTGGTGAGAAGCA-1,0.73825,0.025288,0.086549,0.149912
AAATTTACCGAAATCC-1,0.035976,0.850056,0.000037,0.113932
AAATTTGCGGGTGTGG-1,0.003149,0.68214,0.017458,0.297253
AACAACTGGTAGTTGC-1,0.998308,0.00094,0.000188,0.000564
AACAATACATTGTCGA-1,0.018935,0.847866,0.001107,0.132093
AACAATTACTCTACGC-1,0.265748,0.72992,0.00005,0.004283
AACACACGCTCGCCGC-1,0.391941,0.451625,0.000861,0.155573
AACACGACTGTACTGA-1,0.073529,0.902069,0.000035,0.024368
AACACGAGACGCGGCC-1,0.000021,0.424673,0.05227,0.523036
AACACGCGGCCGCGAA-1,0.452752,0.546876,0.000093,0.000278
AACAGCTGTGTGGCAA-1,0.000017,0.454189,0.070665,0.475129
AACAGGAAATCGAATA-1,0.061804,0.744127,0.039294,0.154775
AACAGGATGGGCCGCG-1,0.093444,0.44477,0.0593,0.402486
AACAGGTAGTATGGAT-1,0.049527,0.421104,0.476923,0.052445
AACATATCAACTGGTG-1,0.032016,0.758511,0.061032,0.148441
AACATCGATACGTCTA-1,0.329933,0.136152,0.106778,0.427136
AACATTGAAGTTGATC-1,0.000022,0.109151,0.103633,0.787194
AACATTGTGACTCGAG-1,0.113589,0.802052,0.025859,0.0585
AACCAAGACTTCTCTG-1,0.000444,0.507302,0.0723,0.419955
AACCAGTATCACTCTT-1,0.000052,0.999738,0.000052,0.000157
AACCATAGGGTTGAAC-1,0.070613,0.85095,0.007484,0.070953
AACCATGGGATCGCTA-1,0.000046,0.999772,0.000046,0.000137
AACCCAGAGACGGAGA-1,0.000042,0.999791,0.000042,0.000126
AACCCATCCCATGATC-1,0.000014,0.141715,0.118685,0.739586
AACCCGACAACCCGTG-1,0.247792,0.489383,0.261353,0.001472
AACCCGAGCAGAATCG-1,0.018124,0.796404,0.003931,0.181541
AACCCGATAGGGCTTC-1,0.000054,0.891369,0.000054,0.108523
AACCCTACTGTCAATA-1,0.000035,0.795876,0.00601,0.198078
AACCCTGGTGGAACCA-1,0.502251,0.497188,0.00014,0.000421
AACCGAGCTTGGTCAT-1,0.157679,0.529162,0.253478,0.059681
AACCGCTAAGGGATGC-1,0.00534,0.597486,0.058937,0.338237
AACCGTTGTGTTTGCT-1,0.301385,0.698305,0.000077,0.000232
AACCTCGCTTTAGCCC-1,0.245018,0.208652,0.064448,0.481881
AACCTGTCACGGAATT-1,0.061753,0.261976,0.089722,0.58655
AACCTTTAAATACGGT-1,0.089401,0.460883,0.083831,0.365885
AACCTTTACGACGTCT-1,0.042888,0.608054,0.004298,0.344761
AACGAAAGTCGTCCCA-1,0.979461,0.020149,0.000098,0.000293
AACGATAATGCCGTAG-1,0.023806,0.11112,0.109522,0.755552
AACGATAGAAGGGCCG-1,0.045342,0.940009,0.000048,0.014601
AACGATATGTCAACTG-1,0.000048,0.075666,0.136401,0.787884
AACGCATGATCTGGGT-1,0.066284,0.340475,0.015321,0.577919
AACGCGAACGGCAACA-1,0.129314,0.870506,0.000045,0.000135
AACGCGACCTTGGGCG-1,0.057656,0.748815,0.069608,0.123921
AACGCGGTCTCCAGCC-1,0.021944,0.818313,0.024447,0.135296
AACGCTGTTGCTGAAA-1,0.002008,0.213869,0.027602,0.756521
AACGGACGTACGTATA-1,0.011759,0.453342,0.063621,0.471278
AACGGCCATCTCCGGT-1,0.000032,0.710962,0.006326,0.282681
AACGTACTGTGGGTAC-1,0.000028,0.211444,0.105757,0.682771
AACGTCAGACTAGTGG-1,0.761907,0.111649,0.000116,0.126328
AACGTGATGAAGGACA-1,0.003366,0.340329,0.656239,0.000066
AACGTGCGAAAGTCTC-1,0.008542,0.235184,0.018331,0.737942
AACGTTATCAGCACCT-1,0.330968,0.34662,0.008104,0.314309
AACTACCCGTTTGTCA-1,0.110866,0.614679,0.034338,0.240118
AACTAGCGTATCGCAC-1,0.163556,0.814941,0.00153,0.019973
AACTAGGCTTGGGTGT-1,0.067488,0.42879,0.477143,0.026579
AACTCAAGTTAATTGC-1,0.999469,0.000295,0.000059,0.000177
AACTCCAGAGCGTGTT-1,0.000041,0.895016,0.000041,0.104902
AACTCCTAATCCCATG-1,0.050569,0.760468,0.01089,0.178073
AACTCGATAAACACGT-1,0.000083,0.999585,0.000083,0.000249
AACTCGATGGCGCAGT-1,0.069904,0.92978,0.00005,0.000266
AACTCTCAATAGAGCG-1,0.033434,0.216221,0.492893,0.257452
AACTCTCAGTGTGCTC-1,0.034568,0.744581,0.036744,0.184107
AACTGAGGTCAGCGTC-1,0.030412,0.547652,0.421846,0.00009
AACTGAGTTATACTGA-1,0.027388,0.611047,0.068793,0.292773
AACTGATATTAGGCCT-1,0.000056,0.999718,0.000056,0.000169
AACTGGGTCCCGACGT-1,0.416237,0.583469,0.000073,0.00022
AACTGGGTTCGAGCCG-1,0.104453,0.639644,0.096547,0.159357
AACTGGTGTGGGCCTT-1,0.941411,0.057831,0.000189,0.000568
AACTTCTGCGTCTATC-1,0.000066,0.999671,0.000066,0.000197
AACTTGCCCGTATGCA-1,0.953879,0.045681,0.00011,0.00033
AACTTGCGTTCTCGCG-1,0.354407,0.645172,0.000105,0.000316
AACTTTACGGGAGCTT-1,0.243086,0.219067,0.023238,0.514609
AACTTTAGCTGCTGAG-1,0.207064,0.276527,0.000645,0.515764
AACTTTCTCGATCATG-1,0.002235,0.13387,0.054885,0.80901
AAGAAATCACCAGATT-1,0.011936,0.473342,0.029597,0.485125
AAGAAGGATCAGTTAG-1,0.000035,0.34344,0.056184,0.60034
AAGACATACGTGGTTT-1,0.050684,0.397962,0.000332,0.551022
AAGACCAAATAACTCA-1,0.186397,0.812222,0.000023,0.001358
AAGACCCAACTGAACA-1,0.009916,0.484104,0.115915,0.390065
AAGACTAACCCGTTGT-1,0.998841,0.000644,0.000129,0.000386
AAGACTGCAAGCTACT-1,0.068404,0.813407,0.000045,0.118143
AAGAGATGAATCGGTA-1,0.458658,0.374235,0.00014,0.166967
AAGAGCTCTTTATCGG-1,0.082248,0.908872,0.000047,0.008833
AAGAGGATGTACGCGA-1,0.000412,0.982663,0.000045,0.01688
AAGAGGCATGGATCGC-1,0.886401,0.051116,0.000037,0.062445
AAGAGGCCCTTTGGAA-1,0.504376,0.255497,0.000032,0.240095
AAGATGGCACCGGACC-1,0.077129,0.556892,0.065579,0.3004
AAGATTGGCGGAACGT-1,0.178748,0.196107,0.073666,0.55148
AAGCACCCTGCGTATC-1,0.462398,0.514417,0.001983,0.021202
AAGCATACTCTCCTGA-1,0.354603,0.278494,0.086553,0.28035
AAGCCGAAGCGGTTTA-1,0.379013,0.589015,0.000042,0.03193
AAGCCGCCGTGAAATC-1,0.00001,0.036081,0.069558,0.894351
AAGCCGCTTTACCTTG-1,0.038353,0.30157,0.02135,0.638727
AAGCCGGAGAGCAGGA-1,0.349215,0.361796,0.004568,0.284421
AAGCGCAGGGCTTTGA-1,0.027903,0.797805,0.058815,0.115478
AAGCGGAGTGCGCGCA-1,0.017006,0.617748,0.032475,0.33277
AAGCGGCGTCATGGGT-1,0.61555,0.327667,0.004099,0.052683
AAGCGTCCCTCATCGA-1,0.095721,0.428581,0.025276,0.450422
AAGCTAGATCGAGTAA-1,0.00003,0.691217,0.008977,0.299776
AAGCTCGTGCCAAGTC-1,0.067211,0.66331,0.000043,0.269436
AAGCTCTTTCATGGTG-1,0.112269,0.767194,0.005637,0.1149
AAGGAGCGGTTGGTGC-1,0.034863,0.839527,0.023004,0.102606
AAGGATCGATCGCTTG-1,0.000031,0.53263,0.046678,0.420661
AAGGATGAGGGACCTC-1,0.007766,0.6986,0.009848,0.283786
AAGGCAGGCTGTCTCC-1,0.003794,0.465121,0.123797,0.407288
AAGGCGCGTAAAGCTT-1,0.998899,0.000611,0.000122,0.000367
AAGGCTGTGCTCATCG-1,0.07736,0.47909,0.012778,0.430773
AAGGGAACGACTGGCT-1,0.200754,0.433541,0.365647,0.000058
AAGGGACAGATTCTGT-1,0.999533,0.000259,0.000052,0.000156
AAGGGACTATGCATTC-1,0.000024,0.317849,0.052002,0.630125
AAGGGTTTGATTTCAG-1,0.651969,0.199743,0.109637,0.038651
AAGGTATCCTAATATA-1,0.046094,0.248928,0.105534,0.599445
AAGGTGATAAACCAGC-1,0.000032,0.471648,0.013644,0.514676
AAGTAGAAGACCGGGT-1,0.343392,0.331335,0.281559,0.043714
AAGTAGTGACGCGAGG-1,0.418841,0.538228,0.034718,0.008213
AAGTCAATTGTCGTCA-1,0.262778,0.64182,0.00264,0.092762
AAGTCTAGTAGCTGCC-1,0.151282,0.670867,0.023297,0.154554
AAGTCTTCTGTGGCCT-1,0.417123,0.218311,0.004064,0.360502
AAGTGACGACCGAATT-1,0.000021,0.300559,0.105464,0.593956
AAGTGAGTCGGGTTTA-1,0.6313,0.228903,0.006137,0.133659
AAGTGCAAAGGTAGAC-1,0.999279,0.000401,0.00008,0.00024
AAGTGCCTTGACTGTA-1,0.088257,0.363426,0.402687,0.14563
AAGTGCGTTAGAATCT-1,0.037301,0.543927,0.070864,0.347907
AAGTGCTTCTCTATTG-1,0.015713,0.837195,0.087365,0.059726
AAGTGTTTGGAGACGG-1,0.064288,0.258077,0.45698,0.220656
AAGTTCACTCCAAGCT-1,0.000037,0.901365,0.028882,0.069715
AAGTTCAGTCTGCGTA-1,0.622684,0.246724,0.005373,0.125219
AAGTTCGGCCAACAGG-1,0.026288,0.76495,0.00361,0.205152
AAGTTGTGATGTTATA-1,0.000053,0.940161,0.000053,0.059733
AAGTTTACTAATGGCA-1,0.905474,0.093951,0.000144,0.000431
AAGTTTATGGGCCCAA-1,0.000343,0.503551,0.062369,0.433737
AATAACAACGCTCGGC-1,0.054062,0.815016,0.070099,0.060824
AATAACACTAGAACAA-1,0.000023,0.585236,0.046032,0.36871
AATAAGTCCTCGAGAC-1,0.187053,0.812721,0.000057,0.00017
AATAATCTTCGTATCG-1,0.000024,0.253169,0.053016,0.693791
AATACAATGTTTCAGG-1,0.262216,0.627301,0.092289,0.018195
AATACCGGAGGGCTGT-1,0.012334,0.868836,0.00119,0.11764
AATAGAACAGAGTGGC-1,0.00258,0.94097,0.0002,0.05625
AATAGAATCTGTTTCA-1,0.000042,0.963987,0.003915,0.032055
AATAGCAAGCCTCCTG-1,0.758575,0.176976,0.053372,0.011076
AATAGCTACCGCGTGC-1,0.089655,0.780874,0.055579,0.073893
AATAGTCCGTCCCGAC-1,0.072283,0.776017,0.015175,0.136525
AATAGTCGCGAGTCGG-1,0.091518,0.321256,0.045187,0.542038
AATATCAAGGTCGGAT-1,0.077101,0.916255,0.000042,0.006602
AATATCCTAGCAAACT-1,0.999086,0.000508,0.000102,0.000305
AATATCGAATCAATGC-1,0.346231,0.481966,0.007706,0.164096
AATATCGAGGGTTCTC-1,0.07265,0.641026,0.013668,0.272656
AATATTGGAGTATTGA-1,0.000026,0.114929,0.069803,0.815243
AATCAGACTGCAGGAC-1,0.469514,0.530093,0.000098,0.000295
AATCAGGTTTCATTTA-1,0.000033,0.379373,0.01592,0.604674
AATCATGTAAAGACTC-1,0.035984,0.730148,0.02847,0.205398
AATCCAAGGGCCTGAG-1,0.08123,0.918579,0.000048,0.000143
AATCCATGCAAGGGTG-1,0.691058,0.308223,0.00018,0.000539
AATCGCCTCAGCGCCA-1,0.051256,0.666772,0.022837,0.259135
AATCGCGCAGAGGACT-1,0.004518,0.659065,0.2524,0.084017
AATCGGGACACTACGA-1,0.785854,0.149316,0.000123,0.064707
AATCGTGAGCCGAGCA-1,0.000015,0.102914,0.124698,0.772373
AATCTAGGTTTACTTG-1,0.181613,0.795671,0.000038,0.022678
AATCTATGCCGGAGCC-1,0.007078,0.467955,0.039768,0.485199
AATCTCTACTGTGGTT-1,0.05545,0.812734,0.000039,0.131777
AATCTGCGTTGGGACG-1,0.039918,0.601377,0.042062,0.316643
AATCTGGCTTTCTAGT-1,0.117484,0.613276,0.01028,0.258961
AATCTGGGTAGACCCT-1,0.003477,0.968752,0.003694,0.024077
AATGACAGCAATGTCT-1,0.000039,0.490993,0.021873,0.487095
AATGACGTAGGATGTC-1,0.000047,0.756636,0.000047,0.24327
AATGACTGTCAGCCGG-1,0.17376,0.208217,0.135848,0.482175
AATGAGTTCGCATATG-1,0.032918,0.966774,0.000077,0.00023
AATGATGATACGCTAT-1,0.0469,0.254681,0.00831,0.690109
AATGATGCGACTCCTG-1,0.055056,0.608786,0.019052,0.317106
AATGCAACCGGGTACC-1,0.613087,0.276756,0.000048,0.11011
AATGCACCAAGCAATG-1,0.044441,0.777765,0.024732,0.153062
AATGGCCGCCAATGCG-1,0.001844,0.498914,0.014093,0.485149
AATGGTCCACCGTTCA-1,0.879103,0.120027,0.000217,0.000652
AATGGTTCTCACAAGC-1,0.078705,0.805054,0.001329,0.114912
AATGTATGGCACTGTA-1,0.191236,0.426373,0.051982,0.33041
AATGTGCCCGAGGTGT-1,0.000039,0.711257,0.000139,0.288565
AATGTGCTAATCTGAG-1,0.000021,0.12505,0.116266,0.758663
AATGTTGTCGTGAGAC-1,0.121653,0.264729,0.60793,0.005688
AATTAAAGGTCGGCGT-1,0.159639,0.628671,0.069321,0.142369
AATTAACGGATTTCCA-1,0.000037,0.640019,0.065178,0.294765
AATTACGAGACCCATC-1,0.551415,0.301284,0.083629,0.063672
AATTACTCGTACGCTC-1,0.820914,0.098417,0.009752,0.070918
AATTAGCGCTGCAGCG-1,0.22811,0.768463,0.000039,0.003388
AATTCATAAGGGATCT-1,0.092521,0.305412,0.037083,0.564983
AATTCATTGTCATGCA-1,0.206229,0.570161,0.01815,0.20546
AATTCCAAGCATGTAC-1,0.09681,0.65715,0.030495,0.215545
AATTCGATTCGAGGAT-1,0.075645,0.23168,0.184218,0.508457
AATTCTAGAGTTAGGC-1,0.000028,0.05927,0.10514,0.835563
AATTGAACGCTCTGGT-1,0.000045,0.665448,0.017457,0.31705
AATTGCAGCAATCGAC-1,0.000034,0.802788,0.003375,0.193803
AATTGCGTGGATTACA-1,0.179235,0.544069,0.04512,0.231576
AATTGTGGTTGCCAAA-1,0.012814,0.556604,0.042511,0.388071
AATTTGGGACATAGTA-1,0.045815,0.5948,0.006133,0.353252
AATTTGGTTCCAAAGA-1,0.558972,0.440537,0.000123,0.000368
ACAAACCATGCGTCCT-1,0.133596,0.585328,0.077721,0.203355
ACAAAGAAGGTAGGCC-1,0.999556,0.000246,0.000049,0.000148
ACAAAGCATGACCTAG-1,0.000019,0.658673,0.077827,0.26348
ACAAATCGCACCGAAT-1,0.37873,0.550238,0.000033,0.070999
ACAAATGGTAGTGTTT-1,0.00002,0.000817,0.036824,0.962338
ACAAATTCAGATCTGA-1,0.000021,0.401799,0.043701,0.55448
ACAACAGCATGAGCTA-1,0.965589,0.000419,0.033741,0.000251
ACAACGGTCCCTGCGA-1,0.192047,0.470761,0.004346,0.332846
ACAAGCAGTGCCTAGC-1,0.091049,0.478812,0.029355,0.400783
ACAAGCTATATGGAAG-1,0.422746,0.001188,0.025659,0.550407
ACAAGGAAATCCGCCC-1,0.13176,0.481297,0.021164,0.365779
ACAAGGACAAGAGGTT-1,0.257262,0.74255,0.000047,0.000141
ACAAGGATGCTTTAGG-1,0.007618,0.866627,0.017939,0.107816
ACAAGGCCTACCAGCC-1,0.019787,0.971925,0.000037,0.008251
ACAAGGGCAGGCTCTG-1,0.063093,0.843822,0.007562,0.085523
ACAATAGTCGTACGTT-1,0.000044,0.787017,0.000044,0.212895
ACAATCCATTTAAACC-1,0.040345,0.527856,0.267043,0.164756
ACAATGAATACGGAGA-1,0.00708,0.929156,0.044954,0.018811
ACAATGATTCTTCTAC-1,0.005065,0.629709,0.365167,0.000059
ACAATTGTGTCTCTTT-1,0.002607,0.38263,0.108379,0.506385
ACAATTTAGGAGGCTC-1,0.357582,0.522767,0.002442,0.117209
ACAATTTGAGCAGTGG-1,0.00969,0.878178,0.013782,0.09835
ACAATTTGGCCATATT-1,0.034779,0.458477,0.062755,0.443988
ACACAAAGACGGGTGG-1,0.841763,0.157542,0.000174,0.000521
ACACAAATATTCCTAG-1,0.015197,0.779684,0.003899,0.20122
ACACACCAGGACCAGT-1,0.140049,0.252218,0.012378,0.595354
ACACACTTTCTACACG-1,0.066865,0.581444,0.040294,0.311397
ACACATGATCAAATCT-1,0.000021,0.656702,0.026605,0.316672
ACACATTGACGCAACA-1,0.073526,0.801037,0.003553,0.121884
ACACCACATAATTAGC-1,0.022401,0.818815,0.042784,0.116001
ACACCCAGCATGCAGC-1,0.856692,0.14228,0.000257,0.000771
ACACCCGAGAAATCCG-1,0.038688,0.260455,0.10856,0.592297
ACACCGAGCGCTCTTT-1,0.241921,0.018773,0.060551,0.678755
ACACCGGTCTGACCGC-1,0.114227,0.289589,0.072582,0.523603
ACACCTTAAGTAGGGC-1,0.056964,0.449691,0.031588,0.461757
ACACCTTACTACTTGC-1,0.000029,0.237361,0.201045,0.561565
ACACGAGACTCCTTCT-1,0.834074,0.018474,0.019361,0.128091
ACACGGCACTATGCAT-1,0.998548,0.000807,0.000161,0.000484
ACACGGGAACTTAGGG-1,0.07455,0.443054,0.482292,0.000104
ACACGTAGGCCACAAG-1,0.010244,0.687442,0.022394,0.27992
ACACTCCAATGTCACT-1,0.057883,0.57749,0.036462,0.328166
ACACTGATCAAGGTGT-1,0.010141,0.851364,0.006364,0.132131
ACACTGGGACAGTCGT-1,0.000046,0.651276,0.070135,0.278542
ACAGAACTGAGAACAA-1,0.218532,0.403693,0.100735,0.27704
ACAGATTAGGTTAGTG-1,0.089922,0.891806,0.018088,0.000184
ACAGCATAGAGCCAGT-1,0.729943,0.269632,0.000106,0.000319
ACAGCGACATTCTCAT-1,0.000039,0.715949,0.041811,0.242201
ACAGCGCACCCGCAGC-1,0.058668,0.941171,0.00004,0.00012
ACAGGCTTGCCCGACT-1,0.300767,0.670139,0.000045,0.029049
ACAGGTGGAGGTGAGG-1,0.000019,0.118166,0.074435,0.80738
ACAGGTGTGTTGTTGC-1,0.552657,0.000867,0.030244,0.416232
ACAGTAATACAACTTG-1,0.716221,0.20629,0.00004,0.077449
ACAGTATACCGTGGGA-1,0.061746,0.377053,0.048876,0.512325
ACATAAGTCGTGGTGA-1,0.999446,0.000308,0.000062,0.000185
ACATAATAAGGCGGTG-1,0.011876,0.711153,0.007704,0.269266
ACATCAGCTGGGACGC-1,0.233587,0.374105,0.156336,0.235972
ACATCCCGGCCATACG-1,0.004394,0.03769,0.766329,0.191586
ACATCCTGGTAACTGT-1,0.009334,0.570586,0.038978,0.381102
ACATCGATCGTTTACC-1,0.074555,0.14623,0.115725,0.663489
ACATCGGTCAGCCGCG-1,0.085901,0.65053,0.040234,0.223335
ACATCGTATGCAATGG-1,0.000056,0.819953,0.06628,0.113711
ACATCGTTAACCTAGT-1,0.000052,0.99039,0.000052,0.009506
ACATCTCAACGCGTAA-1,0.251489,0.383415,0.078758,0.286339
ACATGGCGCCAAAGTA-1,0.001873,0.91008,0.032742,0.055305
ACATGGCTCAATTTAG-1,0.073479,0.767381,0.076947,0.082193
ACATTAGTTTATATCC-1,0.413015,0.497129,0.024072,0.065785
ACCAAACACCCAGCGA-1,0.029495,0.720128,0.15063,0.099746
ACCAACACCACACACT-1,0.000023,0.521773,0.036458,0.441747
ACCAACCGCACTCCAC-1,0.000021,0.542315,0.101523,0.356141
ACCAACGCTTATTTAT-1,0.046579,0.801117,0.018604,0.133701
ACCAAGAACGCGTGTC-1,0.225243,0.628491,0.000036,0.14623
ACCAATATGCAAGTTA-1,0.115321,0.75065,0.036412,0.097617
ACCACAACTCAGAACA-1,0.000034,0.757461,0.025513,0.216993
ACCACAAGTTTCTATC-1,0.039688,0.86253,0.000041,0.097742
ACCACCAATGTAACAA-1,0.052507,0.760879,0.05028,0.136334
ACCACCCTCTCTTCTA-1,0.044406,0.698809,0.009419,0.247366
ACCACGTGCAGCTATA-1,0.01822,0.954909,0.000054,0.026817
ACCACTGTTCAAGAAG-1,0.611789,0.072952,0.315196,0.000064
ACCAGACCATAACAAC-1,0.300739,0.545676,0.004875,0.14871
ACCAGCCCGGTCTTTG-1,0.08224,0.917559,0.00005,0.00015
ACCAGTGCCCGGTCAA-1,0.034935,0.347161,0.026953,0.590951
ACCAGTGCGGGAGACG-1,0.062017,0.409746,0.025632,0.502605
ACCATATCCGCAATAA-1,0.033713,0.533648,0.101482,0.331157
ACCATCCGCCAACTAG-1,0.001112,0.789451,0.038647,0.17079
ACCATCGTATATGGTA-1,0.350372,0.547869,0.025982,0.075778
ACCATTAAGGGTGTCA-1,0.340897,0.658118,0.000775,0.000211
ACCCAACGCCCGTGGC-1,0.85744,0.021849,0.012052,0.108659
ACCCACCTACATGCTC-1,0.467434,0.532256,0.000077,0.000232
ACCCATCTTGAGGGTA-1,0.944117,0.055523,0.00009,0.00027
ACCCATTTGTCCCTCT-1,0.000027,0.506542,0.405167,0.088265
ACCCGAGCGAAATTAC-1,0.001,0.451496,0.106611,0.440893
ACCCGATTGGTTCCGA-1,0.001694,0.127496,0.085462,0.785348
ACCCGGAAACTCCCAG-1,0.057016,0.719238,0.024452,0.199293
ACCCGGAGCACCACAA-1,0.066554,0.427992,0.090352,0.415103
ACCCGGATGACGCATC-1,0.015149,0.662488,0.040153,0.28221
ACCCGGTTACACTTCC-1,0.999431,0.000316,0.000063,0.00019
ACCCGTAGTCTAGTTG-1,0.0001,0.925633,0.036773,0.037494
ACCCGTGTCATCAGTA-1,0.00003,0.265169,0.077667,0.657134
ACCCTATAGGACTGAG-1,0.004562,0.995158,0.00007,0.00021
ACCCTATGCCATATCG-1,0.010251,0.854735,0.060984,0.074029
ACCCTCCCTTGCTATT-1,0.089865,0.282389,0.08276,0.544986
ACCCTGGTAACGCCCT-1,0.0156,0.203546,0.047106,0.733748
ACCCTTCATCTGCGAA-1,0.183514,0.701297,0.007153,0.108036
ACCCTTGCCTGGGTCG-1,0.070625,0.21045,0.020864,0.698061
ACCCTTTAGTTCTCCA-1,0.00004,0.87996,0.063264,0.056737
ACCGAAAGGGCCCTGC-1,0.91164,0.001045,0.050646,0.03667
ACCGAAGAGTCTGGTT-1,0.754223,0.245332,0.000111,0.000334
ACCGACACATCTCCCA-1,0.059182,0.268529,0.058117,0.614171
ACCGACTGAGTCCCAC-1,0.115763,0.830544,0.014203,0.039489
ACCGATAGGCATAACC-1,0.000036,0.664372,0.039163,0.296429
ACCGATATTTAATCAT-1,0.045089,0.746734,0.022125,0.186052
ACCGATGGTAGCATCG-1,0.244995,0.585802,0.011342,0.157861
ACCGCAATAACTGCCT-1,0.013637,0.396925,0.244849,0.344589
ACCGCGGTGGAAGTCG-1,0.000021,0.032236,0.096127,0.871616
ACCGGGCCTTTGTTGA-1,0.459644,0.243464,0.045603,0.251289
ACCGGTCAGGTACACC-1,0.012962,0.931098,0.015931,0.040008
ACCGGTCTGAGTACGG-1,0.000031,0.548006,0.034239,0.417725
ACCGTCCACTGGGCCC-1,0.137804,0.561815,0.073573,0.226808
ACCGTGACCACGTGGG-1,0.014039,0.10664,0.127359,0.751962
ACCGTTCCCGCTCTGA-1,0.998753,0.000693,0.000139,0.000416
ACCTAAGTACCTTTCA-1,0.000018,0.0586,0.073206,0.868176
ACCTAATCGACTTCCT-1,0.642576,0.356215,0.000055,0.001155
ACCTACAGTATGTGGT-1,0.005062,0.281355,0.17204,0.541543
ACCTACTATAAATCTA-1,0.103639,0.470124,0.043253,0.382984
ACCTCCGCCCTCGCTG-1,0.000288,0.666989,0.015084,0.317639
ACCTCCGTTATTCACC-1,0.025145,0.243825,0.096461,0.634568
ACCTCGAACTTATGCT-1,0.073819,0.794626,0.054865,0.07669
ACCTGCGTGTCATGTT-1,0.002787,0.776353,0.069066,0.151794
ACGAAATGGGCGGCAC-1,0.061002,0.197705,0.054715,0.686578
ACGACCCATGAGTTGC-1,0.117745,0.646963,0.018617,0.216676
ACGACTGGTCATACTC-1,0.003009,0.348137,0.041245,0.60761
ACGAGAACCCATCACG-1,0.999017,0.000546,0.000109,0.000328
ACGAGATATTTGCTTA-1,0.003296,0.518854,0.018485,0.459365
ACGAGGATACCACTCT-1,0.459044,0.323074,0.020035,0.197847
ACGAGGTTTACAACGT-1,0.114687,0.643807,0.233027,0.008478
ACGAGTACGGATGCCC-1,0.825007,0.054037,0.004736,0.11622
ACGATACATAGAACTA-1,0.105079,0.756438,0.052704,0.085778
ACGATACCTATCCTGA-1,0.174123,0.003933,0.006817,0.815128
ACGATCATACATAGAG-1,0.079418,0.863543,0.055148,0.001891
ACGATCATCTTGTAAA-1,0.498507,0.381725,0.015625,0.104143
ACGATGCATATGTTAT-1,0.965969,0.015242,0.018523,0.000267
ACGATGGATCCGATGC-1,0.280778,0.718927,0.000074,0.000221
ACGCAAACTAATAGAT-1,0.194981,0.480243,0.091008,0.233768
ACGCAATCACTACAGC-1,0.104006,0.677576,0.001214,0.217205
ACGCATAAATGACATG-1,0.363687,0.478573,0.011575,0.146164
ACGCATACGTTTACTA-1,0.050156,0.374595,0.085862,0.489387
ACGCATTCGTGAGTAC-1,0.058742,0.208108,0.158704,0.574446
ACGCCAGATGATTTCT-1,0.000065,0.999673,0.000065,0.000196
ACGCCGCTAGACGACC-1,0.0944,0.086035,0.041423,0.778142
ACGCGAAGTCAGACGA-1,0.834764,0.011401,0.000065,0.15377
ACGCGCTACACAGGGT-1,0.00004,0.860689,0.049885,0.089385
ACGCGGGCCAAGGACA-1,0.32042,0.597087,0.00004,0.082453
ACGCGTTTCTTAAGAG-1,0.177659,0.609594,0.032132,0.180615
ACGCTAGTGATACACT-1,0.010181,0.531107,0.066975,0.391737
ACGCTGTGAGGCGTAG-1,0.423239,0.576436,0.000081,0.000244
ACGCTTAGTGTCTCTC-1,0.159469,0.7146,0.000136,0.125796
ACGGAATTTAGCAAAT-1,0.062823,0.895235,0.000051,0.041891
ACGGACTCTCAAAGCG-1,0.076375,0.246048,0.015061,0.662515
ACGGAGCGCAAATTAC-1,0.050543,0.882157,0.011595,0.055705
ACGGATGGTGCGGATA-1,0.038675,0.844249,0.011165,0.105911
ACGGCACTTGCTTGGG-1,0.217119,0.0838,0.124399,0.574682
ACGGCCAACATGGACT-1,0.110906,0.154981,0.100377,0.633735
ACGGCGACGATGGGAA-1,0.000022,0.106626,0.054236,0.839117
ACGGCGGGTTGCCCTG-1,0.516024,0.402928,0.000152,0.080896
ACGGCTGGATGTAGAA-1,0.432077,0.125936,0.186182,0.255805
ACGGGAGTGTCGGCCC-1,0.002049,0.341264,0.087997,0.568689
ACGGGCGTATGCGACA-1,0.567457,0.257013,0.158103,0.017427
ACGGGTCATGTGACTT-1,0.356145,0.6437,0.000039,0.000116
ACGTACAGATTTCTCT-1,0.176933,0.583155,0.165454,0.074459
ACGTAGATTGCTGATG-1,0.069386,0.336439,0.016751,0.577424
ACGTATTACTCCGATC-1,0.01329,0.1388,0.106292,0.741618
ACGTCGGGCAACTCGG-1,0.076697,0.735546,0.040361,0.147396
ACGTCTCGTTCCGGGA-1,0.554348,0.324285,0.000033,0.121334
ACGTGACAAAGTAAGT-1,0.999598,0.000223,0.000045,0.000134
ACGTGCGCCTCGTGCA-1,0.059846,0.939917,0.000059,0.000177
ACGTTAATGTCGAAGA-1,0.080196,0.256176,0.068106,0.595522
ACGTTAGATTTGCCCG-1,0.061267,0.55525,0.021693,0.36179
ACGTTATTGGTCACTC-1,0.44665,0.552542,0.000507,0.000301
ACGTTCCGCGCTCCGT-1,0.998795,0.00067,0.000134,0.000402
ACGTTCGCAATCAATT-1,0.013538,0.616751,0.035533,0.334178
ACGTTCGTTCAGGAAA-1,0.00005,0.634961,0.013501,0.351488
ACGTTCTGTACAAGTC-1,0.052005,0.591712,0.101371,0.254913
ACGTTTAGTTGTGATC-1,0.814853,0.133309,0.00017,0.051669
ACTAAGGACGCACACC-1,0.004822,0.41062,0.011265,0.573294
ACTAATACGTCAGGCG-1,0.05633,0.641075,0.292152,0.010444
ACTACATCCCGACAAG-1,0.781674,0.218167,0.00004,0.000119
ACTACCAGCTCTCTGG-1,0.46526,0.534377,0.000091,0.000272
ACTACGCGTTAGAATT-1,0.013162,0.432005,0.09158,0.463254
ACTAGTTGCGATCGTC-1,0.725846,0.176388,0.017354,0.080412
ACTATATGCTGTGTTC-1,0.131496,0.806132,0.00004,0.062332
ACTATCCAGGGCATGG-1,0.072207,0.35468,0.448911,0.124202
ACTATCGCCGGCTAAA-1,0.12118,0.059534,0.038942,0.780344
ACTATCTGCCCGCGTA-1,0.011006,0.586912,0.183307,0.218775
ACTATGTCCAGCTGCC-1,0.061047,0.818948,0.044965,0.07504
ACTATTCGTCCGTGGT-1,0.000039,0.488314,0.007031,0.504616
ACTATTTCCGGGCCCA-1,0.000022,0.257594,0.047246,0.695138
ACTCAACGAATGTATT-1,0.8859,0.004812,0.000123,0.109165
ACTCAAGTGCAAGGCT-1,0.004653,0.773105,0.014067,0.208175
ACTCAATAAAGGCACG-1,0.000041,0.911648,0.017405,0.070905
ACTCAGACCTGCTTCT-1,0.021515,0.978285,0.00005,0.00015
ACTCATGGCAGCCTTC-1,0.037623,0.643433,0.013873,0.305072
ACTCCAATATCATCAT-1,0.016979,0.105631,0.017,0.86039
ACTCCCATTCCTAAAG-1,0.008074,0.899551,0.011338,0.081037
ACTCCCGAATTCGTTT-1,0.058913,0.642133,0.047934,0.25102
ACTCCCGTAGACTAGG-1,0.044433,0.778253,0.001996,0.175319
ACTCCCTAATGCTAAA-1,0.165971,0.756553,0.060969,0.016507
ACTCCCTAGAATAGTA-1,0.024234,0.036491,0.125576,0.813699
ACTCGATGTATTTCAT-1,0.973924,0.025681,0.000099,0.000296
ACTCGCCGTTCGATAA-1,0.00003,0.464866,0.367864,0.16724
ACTCGCGATCTGACGC-1,0.051377,0.771657,0.019964,0.157002
ACTCGTAACCCGTCCT-1,0.000026,0.229797,0.088866,0.681311
ACTCGTCAGTAATCCC-1,0.058654,0.884147,0.00005,0.057149
ACTCTAAACCTGGGAT-1,0.050507,0.000108,0.153199,0.796186
ACTCTCTGACTTAGGT-1,0.000054,0.618498,0.021602,0.359845
ACTCTCTTATACACGA-1,0.086071,0.333667,0.264494,0.315767
ACTCTTCAGCTCCCGC-1,0.090102,0.047187,0.027889,0.834823
ACTCTTGTATAGTAAC-1,0.071709,0.73781,0.107483,0.082998
ACTGAAACGCCGTTAG-1,0.000035,0.972398,0.000035,0.027533
ACTGAATGGCGAAAGT-1,0.000023,0.038682,0.055559,0.905736
ACTGATTTAGTGATTC-1,0.202669,0.655789,0.002213,0.139329
ACTGCCCGCCATTCTC-1,0.047894,0.660358,0.083523,0.208225
ACTGCCGTCGTAACTC-1,0.089239,0.326464,0.092411,0.491886
ACTGCGGACACACCGT-1,0.015475,0.022564,0.202751,0.759209
ACTGCTCGGAAGGATG-1,0.604581,0.395064,0.000089,0.000266
ACTGGCGAACCTGCGT-1,0.00002,0.393073,0.038025,0.568882
ACTGTACGATACACAT-1,0.026326,0.820024,0.025503,0.128146
ACTGTAGCACTTTGGA-1,0.996564,0.001909,0.000382,0.001145
ACTGTATACGCGAGCA-1,0.000048,0.911179,0.018048,0.070725
ACTGTCCAGGATTATA-1,0.40605,0.213215,0.146514,0.234221
ACTGTCTTCTTTAGAA-1,0.99915,0.000472,0.000094,0.000283
ACTGTGCTAGTAGATC-1,0.000056,0.991782,0.006494,0.001668
ACTTACCGGGCGCGCA-1,0.067933,0.257331,0.08964,0.585095
ACTTACGCATCCACGC-1,0.110095,0.707891,0.017503,0.16451
ACTTAGTACGACAAGA-1,0.000033,0.661588,0.001423,0.336956
ACTTATACTTACCCGG-1,0.005779,0.871932,0.021821,0.100468
ACTTATTAGGATCGGT-1,0.080022,0.259897,0.018927,0.641154
ACTTATTTATGTGCCA-1,0.000047,0.709342,0.113784,0.176827
ACTTCAGGCTGATCCC-1,0.043757,0.63684,0.04201,0.277393
ACTTCCAGTGGAAGCT-1,0.75733,0.206245,0.036298,0.000126
ACTTCCATGCGGGACA-1,0.026638,0.855172,0.029759,0.088432
ACTTCGCCATACGCAC-1,0.022928,0.686071,0.0793,0.211701
ACTTCGCTAGCGAGTG-1,0.018939,0.573779,0.063509,0.343773
ACTTGACTCCCTCTTT-1,0.000058,0.825705,0.006302,0.167935
ACTTGCCATATTGTAC-1,0.123336,0.834841,0.000127,0.041696
ACTTGCTCTATCTACC-1,0.217634,0.607641,0.074902,0.099824
ACTTGGGACCCGGTGG-1,0.000025,0.320799,0.028861,0.650315
ACTTGTAGTCCCTTCA-1,0.109075,0.837254,0.015833,0.037838
ACTTGTGGATGGAACG-1,0.002902,0.777709,0.003947,0.215443
ACTTTACCCTCATGAA-1,0.017895,0.397287,0.02669,0.558128
ACTTTCCTATAGCTTC-1,0.998369,0.000906,0.000181,0.000544
ACTTTGACTGCATCCT-1,0.148384,0.851393,0.000056,0.000167
ACTTTGGTCGTGCTCC-1,0.941094,0.05859,0.000079,0.000237
ACTTTGTCGACGCACT-1,0.036367,0.497286,0.005901,0.460446
AGAAATTATGACTCGC-1,0.025579,0.525246,0.321265,0.12791
AGAACCCAGCGTGACA-1,0.052511,0.787493,0.078456,0.08154
AGAACCCTCAATTGGG-1,0.359265,0.591742,0.000037,0.048955
AGAACGTGGTACATTC-1,0.00004,0.473578,0.058945,0.467437
AGAAGAGCGCCGTTCC-1,0.000479,0.997607,0.000479,0.001436
AGAAGGTACACTTCAC-1,0.078438,0.475634,0.031098,0.414831
AGAAGGTTGCCGAATT-1,0.034934,0.645784,0.025089,0.294193
AGAAGGTTGTAGGTCG-1,0.006807,0.120683,0.049322,0.823188
AGAAGTGATTCGTGAT-1,0.000056,0.928263,0.00256,0.069122
AGAATAAATCTTCAGG-1,0.083233,0.827529,0.059186,0.030052
AGAATGCGGGTTCGGA-1,0.173969,0.602486,0.203631,0.019914
AGAATTATGGATTCGA-1,0.060882,0.571469,0.051343,0.316306
AGAATTGTTTGACATA-1,0.04722,0.952561,0.000055,0.000165
AGACAGCTCAGAATCC-1,0.64189,0.355207,0.000046,0.002856
AGACAGGCATCTCAGC-1,0.027964,0.310812,0.138478,0.522746
AGACATAGATCCTTCC-1,0.354811,0.237978,0.007083,0.400129
AGACCAAACCACACCT-1,0.508174,0.491541,0.000071,0.000214
AGACCATGGGATACAA-1,0.187085,0.717381,0.003164,0.092369
AGACCCACCGCTGATC-1,0.00003,0.309967,0.052486,0.637516
AGACCCGCCCTCCTCG-1,0.723468,0.275411,0.00028,0.000841
AGACCGCTCCGCGGTT-1,0.127709,0.291254,0.088394,0.492643
AGACCGGGAAACCCTG-1,0.160173,0.79475,0.021333,0.023744
AGACGAAGTGCCGGTC-1,0.068688,0.43174,0.054128,0.445444
AGACGACGATGCCGCT-1,0.093377,0.60172,0.084069,0.220833
AGACGCCCACTTCGCC-1,0.000054,0.693357,0.046201,0.260387
AGACGGGCCGATTTAA-1,0.017882,0.848426,0.000326,0.133365
AGACTAGCCTTCCAGA-1,0.023934,0.801123,0.031874,0.143068
AGACTGTTACCGGGTC-1,0.059647,0.714049,0.000083,0.22622
AGAGAAACACCAGAAA-1,0.000012,0.165494,0.13177,0.702723
AGAGAACCGTCTAGGA-1,0.119705,0.412595,0.016279,0.451421
AGAGAAGGAGTACAAT-1,0.000025,0.521389,0.00316,0.475426
AGAGATCTCTAAAGCG-1,0.125864,0.780812,0.012115,0.081209
AGAGCAGTTATGAGAC-1,0.047472,0.387042,0.007996,0.55749
AGAGCCGCCGAGATTT-1,0.106137,0.455173,0.009918,0.428773
AGAGCGCTTGTAACGG-1,0.07304,0.62145,0.021896,0.283614
AGAGCGGGCTAATCAT-1,0.000041,0.885842,0.04719,0.066927
AGAGCGTACAAGCTCG-1,0.254938,0.744798,0.000066,0.000197
AGAGCTACGAAAGCAT-1,0.401311,0.598441,0.000062,0.000186
AGAGGCTTCGGAAACC-1,0.002163,0.408267,0.021808,0.567762
AGAGGGACAATTGTCC-1,0.024305,0.554262,0.02399,0.397444
AGAGTAAACTTCACTA-1,0.000032,0.731485,0.025197,0.243286
AGAGTATAGTGTTACG-1,0.03057,0.7005,0.026378,0.242552
AGAGTTAGAGACCGAT-1,0.268035,0.724454,0.000045,0.007466
AGAGTTGCAGGCCTCC-1,0.000017,0.379769,0.01168,0.608534
AGATAACTTCAGGGCC-1,0.199673,0.711244,0.00006,0.089023
AGATACCAATAGAACC-1,0.000035,0.794126,0.001559,0.204279
AGATACCAGCACTTCA-1,0.134257,0.576868,0.210623,0.078252
AGATACCGGTGTTCAC-1,0.00004,0.81212,0.009201,0.178638
AGATACGACTTCATAT-1,0.000054,0.919694,0.061292,0.01896
AGATACTCAAGATCGA-1,0.044006,0.59579,0.028604,0.331599
AGATATAATACGACTA-1,0.015717,0.434309,0.185934,0.364039
AGATCGTGCATAAGAT-1,0.008113,0.765154,0.009924,0.216809
AGATCTCAGGTGTGAT-1,0.050716,0.816233,0.029575,0.103476
AGATGACTCGCCCACG-1,0.162077,0.742961,0.016626,0.078336
AGATGAGGGTTGCGAT-1,0.756495,0.122244,0.000125,0.121136
AGATGATGGAGTCTGG-1,0.315051,0.190746,0.016532,0.477672
AGATGCAAGACGTGCA-1,0.05826,0.817274,0.003965,0.1205
AGATGCATCCTGTGTC-1,0.988138,0.011666,0.000049,0.000147
AGATGCTATAACGAGC-1,0.457818,0.531528,0.000027,0.010627
AGATTATAGGACGTTT-1,0.016506,0.462994,0.059535,0.460965
AGATTCAAGCGGGTCG-1,0.000017,0.41957,0.016326,0.564087
AGATTCACAACCGATA-1,0.036868,0.772394,0.006392,0.184346
AGCAAAGGCCGCTAGT-1,0.11886,0.843445,0.011307,0.026389
AGCAACATATCTTATT-1,0.006052,0.749336,0.006258,0.238355
AGCAACCGAAAGTAAT-1,0.000022,0.737951,0.018111,0.243915
AGCACACGTTTAGACT-1,0.000022,0.246394,0.371356,0.382228
AGCACCAGTACTCACG-1,0.034813,0.719342,0.062831,0.183014
AGCACTACCGGCCTGT-1,0.983261,0.000412,0.000082,0.016244
AGCACTACCTCACCAG-1,0.000032,0.55538,0.058786,0.385802
AGCACTTAAGGACGCC-1,0.372994,0.212639,0.047913,0.366453
AGCAGAAGGAGAAAGA-1,0.153977,0.71815,0.060045,0.067828
AGCAGCCAGATGAATA-1,0.035397,0.618721,0.172104,0.173778
AGCATATCAATATGCT-1,0.049774,0.586701,0.009787,0.353738
AGCATCATTTCGAAAG-1,0.391611,0.58011,0.000034,0.028245
AGCATCGTCGATAATT-1,0.996103,0.002165,0.000433,0.001299
AGCATTACGAGGCAAG-1,0.000031,0.707554,0.003589,0.288826
AGCCAAGCTTTGTGTC-1,0.033838,0.297241,0.134185,0.534737
AGCCACAGGTTACCCG-1,0.039598,0.898806,0.006422,0.055174
AGCCACTCCCGTGCTT-1,0.000046,0.978102,0.014919,0.006932
AGCCCATACATGTAAG-1,0.034121,0.404526,0.05751,0.503844
AGCCCGCAACAAGCAG-1,0.887759,0.017008,0.000046,0.095187
AGCCCGGCATTAGAGG-1,0.000025,0.754494,0.005459,0.240023
AGCCCGGTAGCCTGTA-1,0.906481,0.000319,0.093009,0.000191
AGCCCTAAGCGAAGTT-1,0.000049,0.938662,0.000049,0.06124
AGCCCTCCCTGGTGGC-1,0.121815,0.559036,0.030677,0.288472
AGCCCTGTCGCACCGT-1,0.031089,0.467411,0.04347,0.45803
AGCCCTTCTAATCCGA-1,0.061102,0.051308,0.067708,0.819882
AGCCCTTGGACATCCC-1,0.063324,0.257571,0.037534,0.641571
AGCCGCAAATTCAAAT-1,0.24671,0.353408,0.060289,0.339593
AGCCGCTTGATTAGCG-1,0.128697,0.024073,0.036731,0.810499
AGCCGTGGCTAAATGT-1,0.009886,0.135914,0.009205,0.844994
AGCCTAATACCCACGT-1,0.034796,0.439008,0.119671,0.406526
AGCCTTAAAGCGGAAG-1,0.014763,0.360527,0.064946,0.559764
AGCGACAGGAACGGTC-1,0.000022,0.421721,0.060519,0.517738
AGCGACATCCCATTCA-1,0.000048,0.949157,0.000048,0.050747
AGCGACCAACGATATT-1,0.647263,0.351732,0.000251,0.000754
AGCGAGACGTGAAGGC-1,0.000018,0.223208,0.095917,0.680856
AGCGATGCGCCTAATA-1,0.000026,0.211233,0.057919,0.730821
AGCGCATAATGAATCG-1,0.000022,0.398127,0.066574,0.535277
AGCGCGGGTGCCAATG-1,0.127443,0.574058,0.001853,0.296645
AGCGCTAGAGCGATGT-1,0.08955,0.633405,0.04895,0.228096
AGCGCTTATGGGCAAG-1,0.847977,0.151855,0.000042,0.000126
AGCGGACACTTCGTAG-1,0.000021,0.280817,0.10186,0.617302
AGCGGCGGTTAGCGGT-1,0.086431,0.507336,0.064213,0.342019
AGCGGGAAGGGTCCAT-1,0.000067,0.981021,0.018709,0.000202
AGCGGGTCTGACACTC-1,0.000015,0.137693,0.222758,0.639534
AGCGGTTGCCGCTCTG-1,0.105821,0.726635,0.110663,0.056882
AGCGTACGAGAGCTAG-1,0.572606,0.42688,0.000129,0.000386
AGCGTCTGAACCCGCA-1,0.189279,0.810473,0.000062,0.000186
AGCGTGGTATTCTACT-1,0.017561,0.741902,0.031688,0.208849
AGCTAACAAGCAATGT-1,0.156017,0.494756,0.035651,0.313576
AGCTAAGTACGCAGGC-1,0.022093,0.458114,0.079289,0.440504
AGCTAGAAGCAGAAGT-1,0.005139,0.2618,0.014327,0.718733
AGCTATTTAATCCAAC-1,0.006995,0.613779,0.143813,0.235413
AGCTCCATATATGTTC-1,0.000045,0.721778,0.010678,0.267498
AGCTCCTTCGCACATC-1,0.040155,0.362721,0.005336,0.591789
AGCTCGTTGATGGAAA-1,0.000018,0.33509,0.001981,0.66291
AGCTCTAGACGTTCCA-1,0.020939,0.487507,0.047722,0.443832
AGCTCTTCCCAGTGCA-1,0.07753,0.238064,0.340007,0.344399
AGCTCTTCGTAACCTT-1,0.050804,0.463731,0.092438,0.393027
AGCTCTTTACTCAGTT-1,0.263798,0.057512,0.053434,0.625255
AGCTGAAGTAAACCAA-1,0.13916,0.288425,0.050758,0.521657
AGCTGTAACCTCAATC-1,0.000026,0.183966,0.077017,0.73899
AGCTTATAGAGACCTG-1,0.374679,0.624796,0.000131,0.000393
AGCTTCTTCTCGAGCA-1,0.000034,0.568949,0.05845,0.372567
AGCTTGATCTTAACTT-1,0.000027,0.274851,0.108638,0.616484
AGGAAAGCCTCTGATG-1,0.055178,0.944687,0.000034,0.000101
AGGAACGAACGACTTC-1,0.064005,0.864509,0.002811,0.068675
AGGAAGCTGTCCGCCG-1,0.224789,0.390894,0.130092,0.254225
AGGACAGTCGAATCCC-1,0.197985,0.233139,0.035155,0.533722
AGGACATCGCACGTCG-1,0.000052,0.929244,0.011941,0.058764
AGGACATCGGCACACT-1,0.000196,0.566771,0.000196,0.432838
AGGACGACCCATTAGA-1,0.000023,0.048619,0.163111,0.788247
AGGACGCTCGATGTTG-1,0.056458,0.586311,0.04044,0.316791
AGGACTTATAGGAGAA-1,0.109223,0.090625,0.072359,0.727793
AGGAGACATCCACAGT-1,0.001608,0.282454,0.056947,0.658991
AGGAGAGTCTGGCTAC-1,0.029205,0.419819,0.007562,0.543414
AGGAGGCCTTCGCGCG-1,0.01427,0.574632,0.010841,0.400257
AGGATAAAGTCGGGAT-1,0.998006,0.000204,0.001667,0.000122
AGGATATAGGGATTTA-1,0.000031,0.357649,0.152458,0.489862
AGGATCACGCGATCTG-1,0.057199,0.492248,0.108142,0.34241
AGGATTGCTTACGACA-1,0.067825,0.521523,0.02065,0.390002
AGGCACGTGACTGTCC-1,0.000026,0.153503,0.100648,0.745823
AGGCAGATGCGTAAAC-1,0.036484,0.658396,0.056749,0.24837
AGGCAGGGAGCGTACT-1,0.123225,0.763509,0.077474,0.035792
AGGCATTGTCGTAGGG-1,0.005877,0.038723,0.048319,0.907081
AGGCCACATTGGTTAC-1,0.002126,0.002126,0.069826,0.925921
AGGCCACCCGTTATGA-1,0.694539,0.297421,0.007554,0.000486
AGGCCCAGTGACTGGT-1,0.208605,0.758251,0.032964,0.00018
AGGCCCATTGTACAGG-1,0.026758,0.972026,0.000053,0.001164
AGGCCCTAGAACGCCA-1,0.000011,0.007074,0.071449,0.921467
AGGCCTGAGAATCTCG-1,0.147463,0.566259,0.00109,0.285187
AGGCGATAACTGGCGT-1,0.000033,0.187609,0.178368,0.633991
AGGCGGTTTGTCCCGC-1,0.025577,0.956271,0.000032,0.01812
AGGCGTCTATGGACGG-1,0.160086,0.460881,0.294428,0.084605
AGGCTATGGTTAGCTT-1,0.02683,0.529233,0.036785,0.407152
AGGCTTCCCGAAGAAG-1,0.000029,0.477278,0.088743,0.43395
AGGCTTGCTAGACACC-1,0.058302,0.765781,0.006263,0.169655
AGGGAAACGAGGTACT-1,0.118401,0.857297,0.000043,0.024259
AGGGACAGCACGGCGG-1,0.302441,0.472983,0.000122,0.224453
AGGGACCGGCTGCGTT-1,0.02692,0.486834,0.026305,0.459941
AGGGACTCTACGCGAC-1,0.000032,0.556343,0.040627,0.402997
AGGGAGACATACTTCG-1,0.038218,0.195934,0.01447,0.751379
AGGGCAGCGGCGTGGT-1,0.045878,0.843255,0.014064,0.096803
AGGGCCCTAATGTTCT-1,0.001843,0.933227,0.025373,0.039557
AGGGCGAGCAGCTGAT-1,0.000029,0.875709,0.0058,0.118462
AGGGCGTGATCGGCTA-1,0.043992,0.369623,0.536951,0.049434
AGGGCTGCAGTTACAG-1,0.879918,0.000194,0.025672,0.094216
AGGGTCAGAGCACTCG-1,0.020084,0.128086,0.080314,0.771515
AGGGTCAGTAACCCTA-1,0.066977,0.895619,0.003582,0.033822
AGGGTCGATGCGAACT-1,0.094576,0.329216,0.063985,0.512223
AGGGTGCCGTTCTTTA-1,0.000012,0.149116,0.796183,0.054689
AGGGTGCTCTCGAGGG-1,0.000015,0.000073,0.042913,0.956999
AGGGTGGATAGTGCAT-1,0.999235,0.000425,0.000085,0.000255
AGGGTGTGCTACACGC-1,0.873342,0.126506,0.000038,0.000114
AGGGTTCAGACGGTCC-1,0.002761,0.917792,0.001131,0.078316
AGGGTTCCCTTTGGTT-1,0.06952,0.708019,0.084084,0.138378
AGGGTTTAGTTCGGGA-1,0.084611,0.556426,0.052415,0.306548
AGGTAACCTCCTATTC-1,0.000034,0.532509,0.208234,0.259223
AGGTACGATATTGCCA-1,0.000025,0.102276,0.022442,0.875256
AGGTAGATCGAGATAT-1,0.019451,0.440391,0.059236,0.480922
AGGTAGGTACAAAGCT-1,0.086397,0.893769,0.000044,0.019791
AGGTATAATTGATAGT-1,0.056478,0.609911,0.047265,0.286346
AGGTATGCGGACATTA-1,0.136476,0.390201,0.052993,0.420331
AGGTCAGGTGAGAGTG-1,0.00002,0.540242,0.368451,0.091288
AGGTCGCCTCCCAACA-1,0.00004,0.728021,0.096272,0.175667
AGGTCGCGGAGTTACT-1,0.04159,0.680163,0.00473,0.273517
AGGTGGTGACCTTCGC-1,0.064511,0.439026,0.216402,0.280061
AGGTGTATCGCCATGA-1,0.189344,0.459135,0.329124,0.022398
AGGTGTTGCCGACCAC-1,0.000032,0.218224,0.099007,0.682738
AGGTTACACCATGCCG-1,0.010039,0.563189,0.064571,0.362201
AGGTTCTCCTTTCCGG-1,0.10893,0.114639,0.776255,0.000176
AGGTTGAGGCACGCTT-1,0.260883,0.708071,0.000058,0.030988
AGGTTTCACACACCTT-1,0.244059,0.485103,0.02886,0.241978
AGTAACGTTCATCCTG-1,0.003353,0.974984,0.000048,0.021615
AGTAATGTCTTGCCGC-1,0.027809,0.628828,0.000037,0.343326
AGTAATTTGCAAGCGT-1,0.162937,0.308692,0.16919,0.359182
AGTACATCATTTATCA-1,0.078358,0.158175,0.057262,0.706205
AGTACCTTCGAGTGCT-1,0.000042,0.954417,0.000953,0.044588
AGTACGGCCCGTATCG-1,0.418161,0.547186,0.000035,0.034618
AGTACGGGCACCTGGC-1,0.000023,0.028212,0.234005,0.73776
AGTACGTGGCCTGTCT-1,0.358063,0.641646,0.000073,0.000218
AGTACTCTTATGCCCA-1,0.067312,0.557944,0.026252,0.348493
AGTAGCTAGACGCCGA-1,0.023666,0.001582,0.971425,0.003328
AGTAGGAAGGAAGTTG-1,0.404611,0.456115,0.022351,0.116922
AGTAGGTAACATACAT-1,0.042433,0.864358,0.000898,0.092311
