Barcode,Topic 1,Topic 2,Topic 3,Topic 4to7,Topic 8to10,Topic 11to13
AAACAAGTATCTCCCA-1,0.000039,0.114672,0.277806,0.000155,0.519934,0.087393
AAACAATCTACTAGCA-1,0.012492,0.010089,0.008023,0.297887,0.392574,0.278935
AAACACCAATAACTGC-1,0.6873,0.154027,0.045045,0.000213,0.113256,0.000159
AAACAGAGCGACTCCT-1,0.022909,0.066965,0.050043,0.080147,0.393685,0.386251
AAACAGCTTTCAGAAG-1,0.601284,0.327772,0.03442,0.036262,0.000131,0.000131
AAACAGGGTCTATATT-1,0.000111,0.606355,0.392421,0.000445,0.000334,0.000334
AAACAGTGTTCCTGGG-1,0.784984,0.148119,0.046528,0.020171,0.000099,0.000099
AAACATGGTGAGAGGA-1,0.001832,0.001832,0.001832,0.472395,0.005495,0.516616
AAACATTTCCCGGATT-1,0.000009,0.017461,0.011815,0.126164,0.461066,0.383485
AAACCACTACACAGAT-1,0.098048,0.001248,0.005957,0.855406,0.001292,0.038048
AAACCCGAACGAAATC-1,0.010593,0.000083,0.070586,0.814978,0.032771,0.070989
AAACCGGAAATGTTAA-1,0.027266,0.004918,0.040945,0.667586,0.134283,0.125003
AAACCGGGTAGGTACC-1,0.000256,0.682269,0.032108,0.001026,0.062246,0.222094
AAACCGTTCGTCCAGG-1,0.000264,0.578406,0.279398,0.001057,0.000793,0.140081
AAACCTAAGCAGCCGG-1,0.037717,0.000008,0.000006,0.093293,0.716482,0.152493
AAACCTCATGAAGTTG-1,0.000192,0.620687,0.377203,0.000767,0.000575,0.000575
AAACGAAGAACATACC-1,0.028401,0.013108,0.007091,0.453877,0.100255,0.397268
AAACGAAGATGGAGTA-1,0.204086,0.570256,0.000028,0.000113,0.15176,0.073757
AAACGACAGTCTTGCC-1,0.013566,0.012571,0.006941,0.433716,0.246069,0.287137
AAACGAGACGGTTGAT-1,0.000026,0.027031,0.622633,0.000936,0.307557,0.041816
AAACGCCCGAGATCGG-1,0.000009,0.00279,0.000009,0.065805,0.551747,0.379639
AAACGCTGGGCACGAC-1,0.000014,0.052983,0.11411,0.358058,0.362262,0.112573
AAACGGGCGTACGGGT-1,0.071437,0.002954,0.005185,0.451563,0.265829,0.203032
AAACGGTTGCGAACTG-1,0.000174,0.760089,0.000174,0.000695,0.238348,0.000521
AAACGTGTTCGCCCTA-1,0.019572,0.06234,0.180419,0.237731,0.268736,0.231202
AAACTAACGTGGCGAC-1,0.068827,0.001528,0.000781,0.753458,0.046699,0.128708
AAACTCGGTTCGCAAT-1,0.061933,0.292846,0.000363,0.001451,0.642318,0.001089
AAACTCGTGATATAAG-1,0.016975,0.011414,0.050207,0.379,0.271382,0.271022
AAACTGCTGGCTCCAA-1,0.015781,0.034599,0.039295,0.334087,0.278001,0.298237
AAACTTAATTGCACGC-1,0.29064,0.448004,0.000033,0.000134,0.250626,0.010562
AAACTTGCAAACGTAT-1,0.000269,0.921836,0.032072,0.001076,0.04394,0.000807
AAAGAATGACCTTAGA-1,0.413559,0.401759,0.000018,0.013479,0.09941,0.071775
AAAGAATGTGGACTAA-1,0.046713,0.021589,0.306138,0.123691,0.350539,0.151329
AAAGACATGAAGTTTA-1,0.0099,0.012979,0.061601,0.175719,0.411038,0.328763
AAAGACCCAAGTCGCG-1,0.260032,0.045611,0.204776,0.004001,0.43089,0.054691
AAAGACTGGGCGCTTT-1,0.000189,0.704346,0.094639,0.000756,0.199503,0.000567
AAAGCTTGCCTACATA-1,0.007192,0.001847,0.054714,0.191102,0.550467,0.194677
AAAGGCCCTATAATAC-1,0.515522,0.390056,0.000016,0.010043,0.048698,0.035665
AAAGGCTACGGACCAT-1,0.000212,0.388805,0.000212,0.182755,0.349493,0.078523
AAAGGCTCTCGCGCCG-1,0.026833,0.009782,0.023438,0.82884,0.033528,0.077579
AAAGGGATGTAGCAAG-1,0.026544,0.103382,0.068319,0.02681,0.62112,0.153825
AAAGGGCAGCTTGAAT-1,0.451443,0.359014,0.076918,0.11172,0.000452,0.000452
AAAGGTAAGCTGTACC-1,0.004369,0.04039,0.086311,0.434062,0.294594,0.140274
AAAGGTCAACGACATG-1,0.00811,0.010744,0.000008,0.138271,0.544911,0.297957
AAAGTAGCATTGCTCA-1,0.00057,0.660759,0.00057,0.002279,0.334112,0.001709
AAAGTCACTGATGTAA-1,0.078213,0.083523,0.227155,0.189759,0.270322,0.151028
AAAGTCGACCCTCAGT-1,0.000263,0.729729,0.003484,0.001054,0.044146,0.221323
AAAGTGCCATCAATTA-1,0.002886,0.000934,0.073745,0.394323,0.374931,0.153181
AAAGTGTGATTTATCT-1,0.000014,0.008596,0.079492,0.037503,0.751025,0.123369
AAAGTTGACTCCCGTA-1,0.005626,0.00939,0.088435,0.291246,0.410677,0.194627
AAATAACCATACGGGA-1,0.000013,0.005462,0.00885,0.214437,0.476758,0.29448
AAATAAGGTAGTGCCC-1,0.016337,0.001622,0.009721,0.422425,0.342869,0.207025
AAATACCTATAAGCAT-1,0.013899,0.012256,0.031005,0.162457,0.575913,0.20447
AAATAGCTTAGACTTT-1,0.005612,0.000468,0.008582,0.330533,0.358871,0.295934
AAATAGGGTGCTATTG-1,0.003542,0.013696,0.019444,0.122115,0.609905,0.231299
AAATCACTCCTAAACG-1,0.004487,0.144623,0.106715,0.729127,0.005329,0.00972
AAATCCGATACACGCC-1,0.004493,0.00029,0.00001,0.194794,0.529841,0.270571
AAATCGCGGAAGGAGT-1,0.08507,0.599251,0.000033,0.000132,0.313206,0.002309
AAATCGTGTACCACAA-1,0.022282,0.046768,0.018002,0.191325,0.410473,0.311151
AAATCTAGCCCTGCTA-1,0.000085,0.08255,0.916513,0.000341,0.000256,0.000256
AAATCTGCCCGCGTCC-1,0.943535,0.044534,0.000024,0.011764,0.000072,0.000072
AAATGACTGATCAAAC-1,0.897434,0.008547,0.008547,0.034189,0.025642,0.025642
AAATGATTCGATCAGC-1,0.026133,0.017751,0.038866,0.244359,0.396335,0.276556
AAATGCTCGTTACGTT-1,0.001693,0.152878,0.000049,0.000196,0.674034,0.17115
AAATGGCATGTCTTGT-1,0.044825,0.001719,0.002945,0.668789,0.084758,0.196963
AAATGGCCCGTGCCCT-1,0.000399,0.727409,0.000399,0.001594,0.269004,0.001196
AAATGGTCAATGTGCC-1,0.048206,0.006464,0.027241,0.354145,0.366086,0.197859
AAATGTATCTTATCCC-1,0.012821,0.012821,0.012821,0.051283,0.871793,0.038462
AAATTAACGGGTAGCT-1,0.055638,0.034388,0.009883,0.309658,0.272908,0.317524
AAATTAATAAGCGCGA-1,0.000387,0.96028,0.035468,0.001546,0.00116,0.00116
AAATTACACGACTCTG-1,0.019928,0.003009,0.003484,0.344478,0.273055,0.356046
AAATTACCTATCGATG-1,0.098159,0.056765,0.17822,0.530072,0.049037,0.087747
AAATTCCAGGTCCAAA-1,0.005896,0.002546,0.029919,0.28948,0.372869,0.29929
AAATTGATAGTCCTTT-1,0.000785,0.416101,0.344447,0.00314,0.233172,0.002355
AAATTGCGGCGGTTCT-1,0.000043,0.14938,0.092712,0.00017,0.728417,0.029278
AAATTGGTGAGAAGCA-1,0.019112,0.015593,0.025596,0.264523,0.416563,0.258613
AAATTTACCGAAATCC-1,0.011339,0.003986,0.000174,0.240594,0.426625,0.317282
AAATTTGCGGGTGTGG-1,0.39503,0.172934,0.123362,0.000938,0.232966,0.07477
AACAACTGGTAGTTGC-1,0.039519,0.01079,0.005499,0.586206,0.082999,0.274988
AACAATACATTGTCGA-1,0.105447,0.596581,0.000273,0.001091,0.295789,0.000818
AACAATTACTCTACGC-1,0.276852,0.222632,0.045982,0.064936,0.140407,0.24919
AACACACGCTCGCCGC-1,0.000107,0.364032,0.634791,0.000428,0.000321,0.000321
AACACGACTGTACTGA-1,0.021858,0.013025,0.113233,0.404585,0.217223,0.230075
AACACGAGACGCGGCC-1,0.000435,0.813538,0.000435,0.001738,0.18255,0.001304
AACACGCGGCCGCGAA-1,0.000009,0.214482,0.180085,0.207788,0.304057,0.093578
AACAGCTGTGTGGCAA-1,0.000481,0.678334,0.000481,0.001923,0.317339,0.001442
AACAGGAAATCGAATA-1,0.002775,0.014491,0.002119,0.183669,0.54708,0.249867
AACAGGATGGGCCGCG-1,0.000387,0.37652,0.619228,0.001546,0.00116,0.00116
AACAGGTAGTATGGAT-1,0.017376,0.000513,0.000171,0.779525,0.052409,0.150006
AACATAGCGTGTATCG-1,0.002481,0.002481,0.002481,0.009926,0.470972,0.511657
AACATATCAACTGGTG-1,0.005572,0.046253,0.27015,0.016587,0.604632,0.056805
AACATCGATACGTCTA-1,0.018158,0.005909,0.117945,0.510389,0.181989,0.165609
AACATTGAAGTTGATC-1,0.385196,0.405211,0.001447,0.000302,0.182833,0.025011
AACATTGGTCAGCCGT-1,0.000044,0.090348,0.178973,0.000176,0.730327,0.000132
AACATTGTGACTCGAG-1,0.218843,0.262055,0.187219,0.000569,0.072141,0.259173
AACCAAGACTTCTCTG-1,0.000343,0.259266,0.428992,0.001374,0.308996,0.00103
AACCAGTATCACTCTT-1,0.005985,0.000063,0.002436,0.478223,0.244954,0.268339
AACCATAGGGTTGAAC-1,0.275358,0.451137,0.02266,0.000097,0.212866,0.037882
AACCATGGGATCGCTA-1,0.000475,0.383037,0.389313,0.001899,0.223851,0.001425
AACCCAGAGACGGAGA-1,0.104856,0.027551,0.061764,0.230712,0.368234,0.206882
AACCCATCCCATGATC-1,0.000218,0.857184,0.000218,0.000872,0.140854,0.000654
AACCCGACAACCCGTG-1,0.074109,0.434614,0.089565,0.000326,0.38431,0.017075
AACCCGAGCAGAATCG-1,0.000049,0.028833,0.362311,0.00854,0.497765,0.102501
AACCCGATAGGGCTTC-1,0.000019,0.227692,0.037257,0.470617,0.190517,0.073898
AACCCGCTGTATTCCA-1,0.00157,0.19876,0.00157,0.461633,0.331758,0.00471
AACCCTACTGTCAATA-1,0.072603,0.00984,0.021933,0.390979,0.173823,0.330821
AACCCTGGTGGAACCA-1,0.041137,0.016214,0.14622,0.430254,0.125003,0.241172
AACCGAGCTTGGTCAT-1,0.016147,0.039396,0.048883,0.373351,0.292808,0.229416
AACCGCTAAGGGATGC-1,0.000012,0.004409,0.032934,0.014856,0.784171,0.163618
AACCGTTGTGTTTGCT-1,0.00686,0.000011,0.000092,0.228222,0.604497,0.160317
AACCTCGCTTTAGCCC-1,0.015927,0.000007,0.000402,0.461269,0.321052,0.201343
AACCTGTCACGGAATT-1,0.007951,0.014721,0.126074,0.27803,0.342686,0.230538
AACCTTTAAATACGGT-1,0.264335,0.016133,0.024382,0.069921,0.317175,0.308054
AACCTTTACGACGTCT-1,0.085228,0.012978,0.001151,0.337844,0.071791,0.491008
AACGAAAGTCGTCCCA-1,0.133495,0.61173,0.006387,0.000142,0.238513,0.009733
AACGACCTCCTAGCCG-1,0.010709,0.014896,0.016117,0.253311,0.536552,0.168415
AACGATAATGCCGTAG-1,0.007364,0.001365,0.012378,0.161193,0.643834,0.173866
AACGATAGAAGGGCCG-1,0.006063,0.012545,0.356724,0.059027,0.400419,0.165223
AACGATATGTCAACTG-1,0.073552,0.005416,0.003301,0.093248,0.529728,0.294755
AACGCATGATCTGGGT-1,0.039269,0.004443,0.003211,0.582778,0.1092,0.261098
AACGCGAACGGCAACA-1,0.000145,0.043695,0.449751,0.000579,0.505395,0.000435
AACGCGACCTTGGGCG-1,0.228993,0.295238,0.000078,0.000313,0.469407,0.005971
AACGCGGTCTCCAGCC-1,0.012952,0.034523,0.156705,0.198505,0.432976,0.16434
AACGCTGTTGCTGAAA-1,0.000028,0.200423,0.255347,0.091517,0.299822,0.152863
AACGGACGTACGTATA-1,0.000334,0.107144,0.889177,0.001338,0.001003,0.001003
AACGGCCATCTCCGGT-1,0.36653,0.272522,0.201279,0.108781,0.03659,0.014298
AACGTACTGTGGGTAC-1,0.0005,0.116511,0.660075,0.001998,0.166388,0.054528
AACGTCAGACTAGTGG-1,0.000154,0.154116,0.204933,0.11749,0.522843,0.000463
AACGTCGCTGCACTTC-1,0.00488,0.083479,0.189542,0.214218,0.229157,0.278724
AACGTGATGAAGGACA-1,0.02303,0.016873,0.024864,0.327498,0.222044,0.385692
AACGTGCGAAAGTCTC-1,0.023229,0.022658,0.049471,0.404201,0.235407,0.265034
AACGTTATCAGCACCT-1,0.33053,0.539105,0.072169,0.039738,0.018272,0.000185
AACGTTCTACCATTGT-1,0.243886,0.048202,0.090065,0.61669,0.000578,0.000578
AACTACCCGTTTGTCA-1,0.000014,0.072273,0.089837,0.043076,0.56913,0.225669
AACTAGCGTATCGCAC-1,0.157853,0.008931,0.003504,0.620818,0.061312,0.147582
AACTAGGCTTGGGTGT-1,0.042454,0.009376,0.000018,0.351923,0.408634,0.187596
AACTCAAGTTAATTGC-1,0.022988,0.01072,0.006742,0.127351,0.649066,0.183132
AACTCCAGAGCGTGTT-1,0.003018,0.00348,0.009758,0.218526,0.596743,0.168474
AACTCCTAATCCCATG-1,0.000043,0.013109,0.014575,0.075408,0.491739,0.405125
AACTCGATAAACACGT-1,0.061718,0.047961,0.070338,0.531975,0.183592,0.104416
AACTCGATGGCGCAGT-1,0.31848,0.117332,0.475511,0.000338,0.056351,0.031988
AACTCTCAATAGAGCG-1,0.049445,0.01487,0.019438,0.279897,0.318619,0.317732
AACTCTCAGTGTGCTC-1,0.00062,0.541998,0.190789,0.002481,0.001861,0.26225
AACTGAGGTCAGCGTC-1,0.373487,0.010548,0.006803,0.265491,0.12464,0.219031
AACTGAGTTATACTGA-1,0.00001,0.015936,0.00001,0.06788,0.749488,0.166676
AACTGATATTAGGCCT-1,0.039613,0.014395,0.027818,0.297541,0.442549,0.178083
AACTGGGTCCCGACGT-1,0.031432,0.005008,0.026897,0.447568,0.30292,0.186174
AACTGGGTTCGAGCCG-1,0.144095,0.000005,0.000005,0.730499,0.030491,0.094905
AACTGGTGTGGGCCTT-1,0.026122,0.105217,0.133258,0.041809,0.618481,0.075113
AACTTCTGCGTCTATC-1,0.028371,0.646855,0.323275,0.0006,0.00045,0.00045
AACTTGCCCGTATGCA-1,0.091852,0.321987,0.121834,0.000908,0.218492,0.244928
AACTTGCGTTCTCGCG-1,0.077078,0.021398,0.000086,0.000343,0.843683,0.057412
AACTTTACGGGAGCTT-1,0.000102,0.149084,0.849791,0.000409,0.000307,0.000307
AACTTTAGCTGCTGAG-1,0.000016,0.014856,0.035253,0.007906,0.894025,0.047944
AACTTTCTCGATCATG-1,0.005624,0.009484,0.029517,0.10221,0.625505,0.227659
AAGAAAGTTTGATGGG-1,0.003663,0.003663,0.003663,0.014652,0.963369,0.010989
AAGAAATCACCAGATT-1,0.001535,0.015075,0.026021,0.052025,0.7449,0.160445
AAGAAGGATCAGTTAG-1,0.142796,0.016904,0.408983,0.282,0.052209,0.097107
AAGACATACGTGGTTT-1,0.003088,0.000012,0.000686,0.315545,0.553832,0.126835
AAGACCAAATAACTCA-1,0.169547,0.589791,0.000017,0.00007,0.222372,0.018203
AAGACCCAACTGAACA-1,0.160006,0.212937,0.200347,0.025219,0.271007,0.130484
AAGACTAACCCGTTGT-1,0.029249,0.015939,0.001027,0.118017,0.591966,0.243803
AAGACTCACGCCCACT-1,0.021651,0.038059,0.057901,0.12378,0.372024,0.386585
AAGACTGCAAGCTACT-1,0.014601,0.018409,0.002696,0.4795,0.197819,0.286975
AAGAGATGAATCGGTA-1,0.352393,0.530825,0.115131,0.00066,0.000495,0.000495
AAGAGCTCTTTATCGG-1,0.000014,0.059281,0.868431,0.000057,0.071731,0.000487
AAGAGGATGTACGCGA-1,0.000506,0.622243,0.113518,0.002024,0.26019,0.001518
AAGAGGCATGGATCGC-1,0.000437,0.070832,0.088208,0.112699,0.546273,0.181551
AAGAGGCCCTTTGGAA-1,0.00006,0.180439,0.13803,0.000239,0.664337,0.016894
AAGATGGCACCGGACC-1,0.515188,0.340794,0.000178,0.142768,0.000535,0.000535
AAGATTGGCGGAACGT-1,0.04199,0.001791,0.007225,0.809024,0.016688,0.123283
AAGCACCCTGCGTATC-1,0.002667,0.000012,0.000012,0.249485,0.526466,0.221359
AAGCATACTCTCCTGA-1,0.076122,0.052344,0.075974,0.001799,0.600492,0.19327
AAGCCACTTGCAGGTA-1,0.465041,0.530575,0.000399,0.001594,0.001196,0.001196
AAGCCGAAGCGGTTTA-1,0.00002,0.002407,0.024845,0.000081,0.874912,0.097735
AAGCCGCCGTGAAATC-1,0.403714,0.248931,0.000028,0.000113,0.199112,0.148102
AAGCCGCTTTACCTTG-1,0.055189,0.068248,0.111195,0.040923,0.57923,0.145214
AAGCCGGAGAGCAGGA-1,0.000011,0.005409,0.044133,0.00139,0.926375,0.022683
AAGCGCAGGGCTTTGA-1,0.045393,0.059188,0.010003,0.233822,0.463057,0.188537
AAGCGGAGTGCGCGCA-1,0.000026,0.118468,0.258256,0.008015,0.413819,0.201416
AAGCGGCGTCATGGGT-1,0.009765,0.001273,0.019821,0.5089,0.197301,0.26294
AAGCGTCCCTCATCGA-1,0.066362,0.182543,0.447114,0.001672,0.301054,0.001254
AAGCTAGATCGAGTAA-1,0.012139,0.007563,0.0036,0.364727,0.370983,0.240988
AAGCTCGTGCCAAGTC-1,0.051169,0.030961,0.02435,0.634757,0.081512,0.177251
AAGCTCTTTCATGGTG-1,0.003199,0.005512,0.001087,0.013417,0.619129,0.357656
AAGGAGAACTTATAAG-1,0.029571,0.072128,0.09022,0.219489,0.301917,0.286675
AAGGAGCGGTTGGTGC-1,0.055851,0.00155,0.019315,0.697782,0.084257,0.141245
AAGGATCGATCGCTTG-1,0.00001,0.052622,0.004368,0.10079,0.470228,0.371982
AAGGATGAGGGACCTC-1,0.014209,0.032447,0.007524,0.35447,0.328647,0.262702
AAGGCAGGCTGTCTCC-1,0.169706,0.003068,0.019944,0.339468,0.267098,0.200716
AAGGCGCGTAAAGCTT-1,0.116708,0.25275,0.220857,0.057728,0.343781,0.008177
AAGGCTGTGCTCATCG-1,0.005407,0.013185,0.003421,0.545896,0.184427,0.247663
AAGGGAACGACTGGCT-1,0.3056,0.466121,0.00005,0.000198,0.175121,0.05291
AAGGGACAGATTCTGT-1,0.015079,0.031562,0.075686,0.392947,0.190307,0.29442
AAGGGACTATGCATTC-1,0.000561,0.774496,0.000561,0.002246,0.220451,0.001684
AAGGGTTAGCCATGCG-1,0.021805,0.218123,0.02468,0.734331,0.000531,0.000531
AAGGGTTTGATTTCAG-1,0.001148,0.239282,0.001148,0.193576,0.003444,0.561401
AAGGTATCCTAATATA-1,0.070769,0.023148,0.082368,0.697298,0.010749,0.115668
AAGGTGATAAACCAGC-1,0.003059,0.012943,0.168964,0.035059,0.674862,0.105114
AAGTAGAAGACCGGGT-1,0.027559,0.026734,0.057898,0.244611,0.406948,0.236251
AAGTAGTGACGCGAGG-1,0.000063,0.280155,0.719149,0.000253,0.00019,0.00019
AAGTCAATTGTCGTCA-1,0.00013,0.039638,0.081254,0.079261,0.610975,0.188742
AAGTCTAGTAGCTGCC-1,0.010082,0.038957,0.006913,0.46001,0.256622,0.227417
AAGTCTTCTGTGGCCT-1,0.05476,0.41287,0.525439,0.002772,0.002079,0.002079
AAGTGACGACCGAATT-1,0.000538,0.819334,0.174748,0.002152,0.001614,0.001614
AAGTGAGTCGGGTTTA-1,0.449683,0.091058,0.227607,0.041292,0.190028,0.000333
AAGTGCAAAGGTAGAC-1,0.129019,0.555517,0.246492,0.00238,0.06623,0.000363
AAGTGCCTTGACTGTA-1,0.000014,0.010602,0.032874,0.020092,0.820008,0.116411
AAGTGCGTTAGAATCT-1,0.00057,0.704556,0.289176,0.002279,0.001709,0.001709
AAGTGCTTCTCTATTG-1,0.162145,0.585241,0.000088,0.000352,0.179494,0.072681
AAGTGTTTGGAGACGG-1,0.000018,0.014382,0.035199,0.016377,0.853663,0.080361
AAGTTCACTCCAAGCT-1,0.020663,0.004142,0.005645,0.43055,0.317259,0.221741
AAGTTCAGTCTGCGTA-1,0.00274,0.008507,0.000228,0.167815,0.378823,0.441886
AAGTTCGGCCAACAGG-1,0.000273,0.644005,0.235251,0.001091,0.118562,0.000818
AAGTTGTGATGTTATA-1,0.000009,0.000009,0.000009,0.482937,0.402694,0.114343
AAGTTTACTAATGGCA-1,0.000012,0.073512,0.433497,0.051412,0.399964,0.041603
AAGTTTATGGGCCCAA-1,0.182347,0.156161,0.0623,0.228519,0.248306,0.122368
AATAACAACGCTCGGC-1,0.000187,0.794786,0.190556,0.000747,0.00056,0.013165
AATAACACTAGAACAA-1,0.129436,0.000452,0.714933,0.00181,0.001357,0.152011
AATAACGTCGCGCCCA-1,0.258418,0.098622,0.040315,0.601608,0.000519,0.000519
AATAAGTCCTCGAGAC-1,0.070179,0.032749,0.026617,0.303485,0.373031,0.193939
AATAATCTTCGTATCG-1,0.136884,0.00001,0.001828,0.048822,0.643366,0.16909
AATACAATGTTTCAGG-1,0.111664,0.4993,0.265114,0.123061,0.000431,0.000431
AATACCGGAGGGCTGT-1,0.024623,0.809968,0.000174,0.000695,0.164021,0.000521
AATACCTGATGTGAAC-1,0.029759,0.209173,0.029056,0.628333,0.023602,0.080077
AATAGAACAGAGTGGC-1,0.000463,0.001376,0.596716,0.001854,0.356277,0.043313
AATAGAATCTGTTTCA-1,0.000012,0.036038,0.076448,0.042196,0.663957,0.181347
AATAGCAAGCCTCCTG-1,0.008359,0.001087,0.000231,0.496193,0.186215,0.307916
AATAGCTACCGCGTGC-1,0.009479,0.072016,0.120499,0.058577,0.565972,0.173457
AATAGTCCGTCCCGAC-1,0.000041,0.14217,0.000041,0.000164,0.841363,0.016221
AATAGTCGCGAGTCGG-1,0.015917,0.801478,0.181388,0.000487,0.000365,0.000365
AATATCAAGGTCGGAT-1,0.013618,0.042882,0.02955,0.238089,0.29778,0.37808
AATATCCTAGCAAACT-1,0.001876,0.313179,0.001876,0.606988,0.005629,0.070452
AATATCGAATCAATGC-1,0.000011,0.003376,0.031378,0.075384,0.75612,0.133731
AATATCGAGGGTTCTC-1,0.000016,0.072003,0.270113,0.055825,0.51365,0.088394
AATATTGGAGTATTGA-1,0.000487,0.291943,0.702701,0.001947,0.001461,0.001461
AATCAGACTGCAGGAC-1,0.045782,0.038322,0.389169,0.015049,0.417659,0.09402
AATCAGGTTTCATTTA-1,0.000133,0.64088,0.000133,0.000531,0.357926,0.000398
AATCATGTAAAGACTC-1,0.000049,0.229585,0.692095,0.000195,0.076796,0.00128
AATCCAAGGGCCTGAG-1,0.57945,0.000121,0.018259,0.028084,0.291237,0.082849
AATCCATGCAAGGGTG-1,0.000013,0.028609,0.028916,0.000054,0.920217,0.022191
AATCCCGCTCAGAGCC-1,0.005917,0.005917,0.005917,0.023669,0.940827,0.017752
AATCGAGGTCTCAAGG-1,0.003345,0.003345,0.253556,0.719688,0.010034,0.010034
AATCGCCTCAGCGCCA-1,0.038222,0.028658,0.053756,0.286997,0.29475,0.297619
AATCGCGCAGAGGACT-1,0.030945,0.000471,0.003121,0.442719,0.315348,0.207396
AATCGGGACACTACGA-1,0.000248,0.007665,0.000011,0.029409,0.736398,0.226268
AATCGGTATAGCCCTC-1,0.000017,0.146054,0.031753,0.108333,0.622041,0.091803
AATCGTGAGCCGAGCA-1,0.035719,0.001811,0.010015,0.179991,0.566776,0.205688
AATCTAGGTTTACTTG-1,0.00034,0.842022,0.00034,0.001361,0.154915,0.001021
AATCTATGCCGGAGCC-1,0.000907,0.013918,0.034994,0.176538,0.540809,0.232834
AATCTCTACTGTGGTT-1,0.000173,0.72679,0.042271,0.000691,0.229556,0.000519
AATCTGCGTTGGGACG-1,0.022933,0.019398,0.109804,0.143033,0.380751,0.324082
AATCTGGCTTTCTAGT-1,0.00045,0.495976,0.26965,0.001799,0.230775,0.00135
AATCTGGGTAGACCCT-1,0.015861,0.000737,0.001094,0.390866,0.326926,0.264516
AATGACAGCAATGTCT-1,0.602165,0.394805,0.000474,0.001006,0.000754,0.000796
AATGACGTAGGATGTC-1,0.010371,0.006178,0.074853,0.308251,0.324498,0.275848
AATGACTGTCAGCCGG-1,0.000093,0.382126,0.484406,0.000373,0.132721,0.00028
AATGAGTTCGCATATG-1,0.000162,0.371184,0.010972,0.000649,0.553725,0.063307
AATGATGATACGCTAT-1,0.027733,0.0229,0.039419,0.166034,0.413692,0.330221
AATGATGCGACTCCTG-1,0.000047,0.231007,0.304897,0.093518,0.340777,0.029753
AATGCAACCGGGTACC-1,0.048103,0.04554,0.112302,0.210203,0.339941,0.243911
AATGCACCAAGCAATG-1,0.007195,0.083249,0.072339,0.282179,0.131454,0.423584
AATGGCCGCCAATGCG-1,0.000008,0.048189,0.244322,0.031103,0.580404,0.095973
AATGGTCCACCGTTCA-1,0.00029,0.312969,0.419964,0.001161,0.264745,0.000871
AATGGTTCTCACAAGC-1,0.007901,0.066797,0.072139,0.000122,0.810156,0.042887
AATGTATGGCACTGTA-1,0.127201,0.570473,0.000027,0.000109,0.262527,0.039662
AATGTGCCCGAGGTGT-1,0.000538,0.327468,0.113523,0.002152,0.554706,0.001614
AATGTGCTAATCTGAG-1,0.000187,0.591081,0.000187,0.000747,0.407239,0.00056
AATGTTAAGACCCTGA-1,0.002137,0.002137,0.002137,0.721758,0.265422,0.00641
AATGTTGTCGTGAGAC-1,0.000015,0.000015,0.000015,0.298203,0.471662,0.23009
AATTAAAGGTCGGCGT-1,0.004484,0.00187,0.001781,0.191096,0.607868,0.1929
AATTAACGGATTTCCA-1,0.000269,0.047541,0.003475,0.013971,0.41092,0.523824
AATTACGAGACCCATC-1,0.079395,0.581385,0.000024,0.000095,0.083707,0.255394
AATTACTCGTACGCTC-1,0.000146,0.676466,0.321928,0.000584,0.000438,0.000438
AATTAGCGCTGCAGCG-1,0.012738,0.093428,0.016136,0.232593,0.382957,0.262147
AATTATACCCAGCAAG-1,0.001832,0.001832,0.173991,0.007326,0.443619,0.3714
AATTCATAAGGGATCT-1,0.013872,0.028004,0.053838,0.304657,0.303866,0.295764
AATTCATTGTCATGCA-1,0.139796,0.513544,0.000027,0.000107,0.257559,0.088968
AATTCCAACTTGGTGA-1,0.114929,0.209015,0.246359,0.00032,0.221121,0.208256
AATTCCAAGCATGTAC-1,0.003667,0.841932,0.151912,0.000996,0.000747,0.000747
AATTCGATTCGAGGAT-1,0.00001,0.00001,0.00001,0.015237,0.915075,0.069659
AATTCTAGAGTTAGGC-1,0.022426,0.028031,0.024427,0.198391,0.504359,0.222365
AATTGAACGCTCTGGT-1,0.049625,0.021464,0.085487,0.569018,0.168017,0.106388
AATTGCAGCAATCGAC-1,0.000932,0.000009,0.001645,0.241203,0.586038,0.170174
AATTGCGTGGATTACA-1,0.693377,0.126907,0.000485,0.017415,0.000069,0.161746
AATTGTGGTTGCCAAA-1,0.000014,0.000201,0.041308,0.02651,0.809227,0.12274
AATTTGGGACATAGTA-1,0.020039,0.002533,0.000011,0.284278,0.245534,0.447604
AATTTGGTTCCAAAGA-1,0.015918,0.00228,0.001068,0.512301,0.249108,0.219324
ACAAACCATGCGTCCT-1,0.538326,0.295043,0.023122,0.049642,0.028353,0.065513
ACAAACTCCATCAGAG-1,0.019231,0.019231,0.769226,0.076925,0.057693,0.057693
ACAAAGAAGGTAGGCC-1,0.957199,0.042506,0.000027,0.000107,0.00008,0.00008
ACAAAGCATGACCTAG-1,0.005201,0.002033,0.008,0.273747,0.443093,0.267926
ACAAATCGCACCGAAT-1,0.022176,0.028571,0.027902,0.43752,0.303195,0.180636
ACAAATGGTAGTGTTT-1,0.019872,0.022915,0.222014,0.26312,0.296402,0.175678
ACAAATTCAGATCTGA-1,0.085499,0.002703,0.005621,0.492324,0.241275,0.172579
ACAACAGCATGAGCTA-1,0.000021,0.142558,0.184822,0.047425,0.433975,0.1912
ACAACGGTCCCTGCGA-1,0.148437,0.080168,0.104253,0.072247,0.187416,0.407479
ACAAGCAGTGCCTAGC-1,0.413181,0.074662,0.10404,0.351407,0.016171,0.04054
ACAAGCTATATGGAAG-1,0.005495,0.005495,0.005495,0.021978,0.945054,0.016484
ACAAGGAAATCCGCCC-1,0.009792,0.002258,0.030634,0.253787,0.421362,0.282167
ACAAGGACAAGAGGTT-1,0.000016,0.055902,0.037573,0.00806,0.799161,0.099289
ACAAGGATGCTTTAGG-1,0.000011,0.000011,0.000011,0.040205,0.888118,0.071643
ACAAGGCCTACCAGCC-1,0.002117,0.090969,0.000015,0.103395,0.510622,0.292882
ACAAGGGCAGGCTCTG-1,0.00164,0.003358,0.023692,0.072011,0.699585,0.199714
ACAATAGTCGTACGTT-1,0.000445,0.172888,0.822221,0.001779,0.001334,0.001334
ACAATCCATTTAAACC-1,0.000021,0.869259,0.130041,0.000554,0.000062,0.000062
ACAATCGATCTTTATA-1,0.020867,0.033036,0.02352,0.202424,0.356474,0.36368
ACAATGAATACGGAGA-1,0.08085,0.490164,0.000387,0.001546,0.425894,0.00116
ACAATGATTCTTCTAC-1,0.260089,0.002401,0.084277,0.532854,0.021726,0.098653
ACAATTGTGTCTCTTT-1,0.000084,0.162788,0.836284,0.000337,0.000253,0.000253
ACAATTTAGGAGGCTC-1,0.00014,0.851556,0.146903,0.00056,0.00042,0.00042
ACAATTTGAGCAGTGG-1,0.157235,0.015121,0.041856,0.449744,0.061987,0.274057
ACAATTTGGCCATATT-1,0.092673,0.010969,0.055514,0.34469,0.277358,0.218796
ACACAAAGACGGGTGG-1,0.060609,0.014959,0.117489,0.660293,0.040448,0.106201
ACACAAATATTCCTAG-1,0.032957,0.021434,0.159743,0.574136,0.069323,0.142406
ACACACCAGGACCAGT-1,0.000339,0.073361,0.037361,0.170023,0.490413,0.228503
ACACACTTTCTACACG-1,0.014167,0.002998,0.006252,0.605448,0.165743,0.205391
ACACATGATCAAATCT-1,0.351411,0.428613,0.032265,0.002274,0.098702,0.086735
ACACATTGACGCAACA-1,0.067222,0.51653,0.227271,0.000476,0.111135,0.077367
ACACATTTCCGTAGAC-1,0.455229,0.391305,0.000119,0.100207,0.000358,0.052782
ACACCACATAATTAGC-1,0.000014,0.062388,0.112635,0.026565,0.729332,0.069065
ACACCCAGCATGCAGC-1,0.000045,0.183716,0.367133,0.000181,0.399659,0.049265
ACACCCGAGAAATCCG-1,0.067577,0.019167,0.137831,0.528302,0.159616,0.087506
ACACCGAGCGCTCTTT-1,0.245534,0.530673,0.223142,0.00026,0.000195,0.000195
ACACCGGTCTGACCGC-1,0.621945,0.224732,0.000017,0.010526,0.115143,0.027637
ACACCTTAAGTAGGGC-1,0.000111,0.36269,0.210728,0.372119,0.054019,0.000332
ACACCTTACTACTTGC-1,0.00902,0.00142,0.022216,0.492708,0.296836,0.1778
ACACGAGACTCCTTCT-1,0.000055,0.043316,0.706808,0.000218,0.248074,0.00153
ACACGGCACTATGCAT-1,0.001825,0.117465,0.005958,0.080442,0.608355,0.185955
ACACGGGAACTTAGGG-1,0.024315,0.087683,0.037391,0.705137,0.039839,0.105635
ACACGTAGGCCACAAG-1,0.269965,0.028503,0.10492,0.01425,0.421795,0.160567
ACACTCCAATGTCACT-1,0.638924,0.359802,0.000116,0.000463,0.000348,0.000348
ACACTGATCAAGGTGT-1,0.000275,0.351905,0.081997,0.001099,0.515045,0.04968
ACACTGGGACAGTCGT-1,0.023081,0.02727,0.131234,0.061491,0.636025,0.120899
ACAGAACTGAGAACAA-1,0.000356,0.48769,0.508392,0.001425,0.001068,0.001068
ACAGATTAGGTTAGTG-1,0.02852,0.039661,0.132055,0.565328,0.008773,0.225663
ACAGCATAGAGCCAGT-1,0.009622,0.010997,0.011493,0.255861,0.315261,0.396767
ACAGCGACATTCTCAT-1,0.000016,0.025511,0.006738,0.006446,0.836516,0.124773
ACAGCGCACCCGCAGC-1,0.007436,0.037825,0.008493,0.226627,0.487428,0.232191
ACAGGCACGGATCCTT-1,0.000325,0.002243,0.004199,0.164173,0.6423,0.18676
ACAGGCTTGCCCGACT-1,0.005663,0.356433,0.222622,0.000389,0.08524,0.329653
ACAGGTGGAGGTGAGG-1,0.000332,0.341294,0.655058,0.001326,0.000995,0.000995
ACAGGTGTGTTGTTGC-1,0.003846,0.003846,0.003846,0.965384,0.011539,0.011539
ACAGTAATACAACTTG-1,0.00014,0.783499,0.01604,0.000561,0.199338,0.000421
ACAGTATACCGTGGGA-1,0.129531,0.000329,0.00494,0.762813,0.044234,0.058154
ACAGTGCAGCGCATTT-1,0.000012,0.012005,0.218541,0.051297,0.542319,0.175826
ACATAAGTCGTGGTGA-1,0.000057,0.668352,0.000057,0.000228,0.331135,0.000171
ACATAATAAGGCGGTG-1,0.16208,0.025629,0.019494,0.133923,0.314444,0.344431
ACATACAATCAAGCGG-1,0.959865,0.003345,0.003345,0.013378,0.010034,0.010034
ACATCAGCTGGGACGC-1,0.000325,0.395695,0.54391,0.001298,0.057799,0.000974
ACATCCCGGCCATACG-1,0.10457,0.032204,0.029779,0.121582,0.55795,0.153916
ACATCCTGGTAACTGT-1,0.021844,0.005589,0.050022,0.461233,0.21677,0.244543
ACATCGATCGTTTACC-1,0.016472,0.016601,0.01184,0.361547,0.313809,0.279731
ACATCGGTCAGCCGCG-1,0.000481,0.649763,0.344948,0.001923,0.001442,0.001442
ACATCGTATGCAATGG-1,0.004171,0.017334,0.080345,0.159886,0.513669,0.224594
ACATCGTTAACCTAGT-1,0.038134,0.020422,0.284729,0.240789,0.126475,0.289451
ACATCTCAACGCGTAA-1,0.009635,0.00001,0.00001,0.162389,0.656801,0.171156
ACATGCTTACGGCAGC-1,0.002137,0.002137,0.002137,0.008547,0.978632,0.00641
ACATGGCGCCAAAGTA-1,0.012662,0.020279,0.007479,0.061433,0.705382,0.192765
ACATGGCTCAATTTAG-1,0.428669,0.054144,0.439682,0.00027,0.077033,0.000202
ACATTAGTTTATATCC-1,0.011631,0.004008,0.211832,0.4876,0.136759,0.14817
ACATTCGCGCGGAATA-1,0.695513,0.304228,0.000024,0.000094,0.000071,0.000071
ACATTTGAAACCTAAC-1,0.000008,0.23061,0.002948,0.691639,0.021355,0.05344
ACCAAACACCCAGCGA-1,0.448484,0.015485,0.045147,0.202539,0.113052,0.175292
ACCAAACTAGAAATCC-1,0.000012,0.047113,0.186216,0.007535,0.663894,0.09523
ACCAACACCACACACT-1,0.225562,0.027523,0.069425,0.603245,0.030081,0.044164
ACCAACCGCACTCCAC-1,0.000007,0.003716,0.049161,0.24299,0.443168,0.260958
ACCAACGCTTATTTAT-1,0.000342,0.485378,0.269317,0.001368,0.24257,0.001026
ACCAAGAACGCGTGTC-1,0.051411,0.051792,0.081034,0.236474,0.372307,0.206981
ACCAAGTCATCGGCAG-1,0.030557,0.016844,0.016924,0.11624,0.638373,0.181062
ACCAATATGCAAGTTA-1,0.000566,0.003935,0.008914,0.0647,0.621528,0.300356
ACCACAACTCAGAACA-1,0.016864,0.001843,0.011873,0.719835,0.067785,0.1818
ACCACAAGTTTCTATC-1,0.019317,0.023035,0.012089,0.427984,0.262744,0.254832
ACCACACGGTTGATGG-1,0.002564,0.002564,0.002564,0.010257,0.974358,0.007692
ACCACCAATGTAACAA-1,0.000013,0.017926,0.007994,0.131737,0.517939,0.324391
ACCACCCTCTCTTCTA-1,0.003738,0.04398,0.105989,0.218739,0.44156,0.185995
ACCACGTGCAGCTATA-1,0.016321,0.010232,0.011306,0.255305,0.260109,0.446727
ACCACTGTTCAAGAAG-1,0.000066,0.483905,0.515367,0.000265,0.000199,0.000199
ACCAGACCATAACAAC-1,0.000171,0.765519,0.232605,0.000682,0.000512,0.000512
ACCAGCCCGGTCTTTG-1,0.048377,0.005213,0.012282,0.523672,0.025637,0.384819
ACCAGGAGTGTGATCT-1,0.000015,0.020865,0.07695,0.00006,0.885995,0.016115
ACCAGTGCCCGGTCAA-1,0.029862,0.000007,0.001191,0.756296,0.069078,0.143567
ACCAGTGCGGGAGACG-1,0.006926,0.006907,0.02568,0.692229,0.111702,0.156555
ACCATATCCGCAATAA-1,0.044276,0.004347,0.000443,0.710047,0.069544,0.171342
ACCATCCGCCAACTAG-1,0.000211,0.521915,0.475761,0.000845,0.000634,0.000634
ACCATCGTATATGGTA-1,0.000831,0.03577,0.000044,0.115085,0.719797,0.128473
ACCATTAAGGGTGTCA-1,0.332907,0.539341,0.127326,0.000171,0.000128,0.000128
ACCCAACGCCCGTGGC-1,0.01991,0.018459,0.260548,0.244251,0.273381,0.183451
ACCCACCTACATGCTC-1,0.000314,0.313628,0.51528,0.168894,0.000942,0.000942
ACCCATCTTGAGGGTA-1,0.000051,0.182806,0.096081,0.000203,0.535115,0.185743
ACCCATTTGTCCCTCT-1,0.000012,0.003518,0.018101,0.153752,0.576101,0.248516
ACCCGAGCGAAATTAC-1,0.000203,0.782408,0.078778,0.000812,0.081629,0.05617
ACCCGATTGGTTCCGA-1,0.21035,0.475608,0.000103,0.000412,0.29025,0.023278
ACCCGGAAACTCCCAG-1,0.056449,0.027291,0.074076,0.544845,0.106976,0.190363
ACCCGGAGCACCACAA-1,0.000009,0.009603,0.030816,0.106423,0.725943,0.127207
ACCCGGATGACGCATC-1,0.080756,0.044468,0.110866,0.197146,0.346716,0.220048
ACCCGGTTACACTTCC-1,0.000017,0.000017,0.002137,0.042229,0.781669,0.173932
ACCCGTAGCAGAGAAT-1,0.283732,0.522601,0.000045,0.00018,0.184997,0.008445
ACCCGTAGTCTAGTTG-1,0.000222,0.115542,0.321855,0.000889,0.560824,0.000667
ACCCGTGTCATCAGTA-1,0.000289,0.232568,0.356989,0.001157,0.40813,0.000868
ACCCTATAGGACTGAG-1,0.138466,0.016937,0.020684,0.26418,0.322959,0.236774
ACCCTATGCCATATCG-1,0.749714,0.001487,0.247322,0.000591,0.000443,0.000443
ACCCTCCCGTCAGGGC-1,0.035427,0.000926,0.014741,0.604817,0.19769,0.146398
ACCCTCCCTTGCTATT-1,0.01015,0.002714,0.056542,0.764829,0.077144,0.088621
ACCCTGGTAACGCCCT-1,0.001168,0.005625,0.042234,0.114175,0.610822,0.225976
ACCCTTCATCTGCGAA-1,0.032727,0.007566,0.006172,0.660201,0.039546,0.253788
ACCCTTGCCTGGGTCG-1,0.022518,0.044047,0.206509,0.077611,0.560484,0.088832
ACCCTTTAGTTCTCCA-1,0.01545,0.00087,0.000008,0.57568,0.129641,0.278352
ACCGAAAGGGCCCTGC-1,0.057664,0.054827,0.238987,0.234012,0.176185,0.238324
ACCGAAGAGTCTGGTT-1,0.261493,0.4376,0.023808,0.034916,0.219578,0.022605
ACCGACACATCTCCCA-1,0.159992,0.003753,0.002263,0.068306,0.585634,0.180051
ACCGACTGAGTCCCAC-1,0.044051,0.044909,0.163205,0.343508,0.232725,0.171603
ACCGAGTCTCCTTATT-1,0.009063,0.143293,0.077761,0.02481,0.71599,0.029082
ACCGATAGGCATAACC-1,0.00001,0.008482,0.009706,0.018245,0.742486,0.221071
ACCGATATTTAATCAT-1,0.013776,0.000007,0.004168,0.764535,0.079202,0.138312
ACCGATGGTAGCATCG-1,0.012792,0.009143,0.004179,0.258615,0.275712,0.43956
ACCGCAATAACTGCCT-1,0.001351,0.006415,0.066395,0.029176,0.831479,0.065184
ACCGCGGTGGAAGTCG-1,0.004699,0.002748,0.000055,0.250775,0.467456,0.274266
ACCGCTAGTCATTGGT-1,0.695906,0.297585,0.000592,0.002367,0.001775,0.001775
ACCGGGCCTTTGTTGA-1,0.001715,0.000674,0.048439,0.298592,0.439741,0.21084
ACCGGTCAGGTACACC-1,0.097125,0.6197,0.130859,0.014972,0.065824,0.071521
ACCGGTCTGAGTACGG-1,0.016639,0.059857,0.059503,0.20694,0.39246,0.264601
ACCGTCCACTGGGCCC-1,0.289996,0.471242,0.000019,0.006131,0.22208,0.010531
ACCGTGACCACGTGGG-1,0.197878,0.099279,0.615729,0.000592,0.086079,0.000444
ACCGTTCCCGCTCTGA-1,0.003602,0.000009,0.000009,0.363467,0.276561,0.356354
ACCTAAGTACCTTTCA-1,0.000394,0.373811,0.62185,0.001578,0.001183,0.001183
ACCTAATCGACTTCCT-1,0.000332,0.628689,0.367664,0.001326,0.000995,0.000995
ACCTACAGTATGTGGT-1,0.016683,0.004623,0.017888,0.355555,0.354313,0.250939
ACCTACTATAAATCTA-1,0.275682,0.293451,0.430152,0.000286,0.000215,0.000215
ACCTCAGCGAGGCGCA-1,0.000999,0.000999,0.181557,0.003996,0.809452,0.002997
ACCTCCGCCCTCGCTG-1,0.069793,0.146505,0.397834,0.048143,0.272716,0.06501
ACCTCCGTTATTCACC-1,0.022756,0.002788,0.001449,0.326932,0.318935,0.32714
ACCTCGAACTTATGCT-1,0.498681,0.384517,0.00971,0.038971,0.015583,0.052538
ACCTGCGTGTCATGTT-1,0.000322,0.69081,0.238269,0.001287,0.068345,0.000966
ACGAAATGGGCGGCAC-1,0.131004,0.431746,0.025387,0.001144,0.000858,0.40986
ACGACCCATGAGTTGC-1,0.011248,0.000387,0.048766,0.46812,0.279679,0.1918
ACGACTCTAGGGCCGA-1,0.00001,0.00001,0.00001,0.12254,0.724203,0.153228
ACGACTGGTCATACTC-1,0.229011,0.387398,0.008596,0.000498,0.36917,0.005328
ACGAGAACCCATCACG-1,0.000011,0.024189,0.037596,0.012126,0.848174,0.077903
ACGAGATATTTGCTTA-1,0.017378,0.005185,0.012978,0.289586,0.29984,0.375034
ACGAGGATACCACTCT-1,0.000278,0.797034,0.000278,0.001111,0.200466,0.000833
ACGAGGTTTACAACGT-1,0.055719,0.634836,0.046616,0.000354,0.26221,0.000266
ACGAGTACGGATGCCC-1,0.000015,0.076403,0.099848,0.071854,0.599892,0.151988
ACGAGTCGCCGGCGTT-1,0.000091,0.383197,0.615802,0.000364,0.000273,0.000273
ACGATACATAGAACTA-1,0.084559,0.006181,0.004257,0.282131,0.143816,0.479057
ACGATACCTATCCTGA-1,0.002849,0.002849,0.131471,0.845737,0.008547,0.008547
ACGATCATACATAGAG-1,0.065549,0.060364,0.115396,0.148441,0.406699,0.203552
ACGATCATCTTGTAAA-1,0.015224,0.014253,0.037785,0.472681,0.283346,0.176711
ACGATGCATATGTTAT-1,0.002912,0.096539,0.02051,0.041693,0.650342,0.188003
ACGATGGATCCGATGC-1,0.000886,0.000009,0.000009,0.290359,0.268775,0.439962
ACGCAAACTAATAGAT-1,0.278605,0.103199,0.016956,0.321596,0.122622,0.157022
ACGCAATCACTACAGC-1,0.000498,0.003475,0.017595,0.089599,0.706411,0.182421
ACGCATAAATGACATG-1,0.124607,0.030664,0.008129,0.459782,0.158388,0.21843
ACGCATACGTTTACTA-1,0.000022,0.336986,0.286769,0.05406,0.263303,0.058859
ACGCATTCGTGAGTAC-1,0.004964,0.016001,0.078098,0.556109,0.217597,0.127231
ACGCCACTCGAAACAG-1,0.003205,0.003205,0.003205,0.505382,0.475386,0.009616
ACGCCAGATGATTTCT-1,0.046981,0.024314,0.017947,0.526368,0.153282,0.231109
ACGCCAGTGCGTTTGC-1,0.00042,0.048203,0.012949,0.301287,0.439693,0.197448
ACGCCCAGCTGTCGAT-1,0.059255,0.014441,0.214846,0.181491,0.376448,0.153519
ACGCCGCTAGACGACC-1,0.026775,0.041058,0.043726,0.155828,0.491245,0.241368
ACGCGAAGTCAGACGA-1,0.008078,0.014942,0.011109,0.091976,0.694728,0.179167
ACGCGCTACACAGGGT-1,0.33798,0.241921,0.106865,0.000477,0.09506,0.217698
ACGCGGGCCAAGGACA-1,0.023255,0.020329,0.016918,0.785786,0.013304,0.140409
ACGCGTTTCTTAAGAG-1,0.218217,0.37639,0.404916,0.000191,0.000143,0.000143
ACGCTACTGAATGGGC-1,0.052687,0.089313,0.047447,0.405783,0.202227,0.202544
ACGCTAGTATCAGTGC-1,0.000014,0.107222,0.006511,0.140558,0.502813,0.242882
ACGCTAGTGATACACT-1,0.028365,0.01136,0.055766,0.109988,0.532814,0.261708
ACGCTGTGAGGCGTAG-1,0.000261,0.844014,0.153118,0.001043,0.000782,0.000782
ACGCTTAGTGTCTCTC-1,0.12638,0.000006,0.000006,0.84805,0.000254,0.025304
ACGGAACACGAGTGCC-1,0.013478,0.057086,0.0246,0.538998,0.15042,0.215419
ACGGAATTTAGCAAAT-1,0.016339,0.037718,0.165149,0.235477,0.363221,0.182096
ACGGACGCAGCGACAA-1,0.541823,0.384267,0.000138,0.000551,0.000414,0.072807
ACGGACTCTCAAAGCG-1,0.013743,0.000008,0.000007,0.338162,0.406665,0.241414
ACGGAGCGCAAATTAC-1,0.021988,0.024312,0.03175,0.101003,0.578505,0.242441
ACGGATGGTGCGGATA-1,0.002001,0.01061,0.000885,0.170719,0.61681,0.198976
ACGGCACTTGCTTGGG-1,0.035621,0.005905,0.037924,0.5946,0.120257,0.205693
ACGGCCAACATGGACT-1,0.104745,0.003274,0.018854,0.515451,0.225755,0.131922
ACGGCGACGATGGGAA-1,0.011245,0.005856,0.09616,0.405915,0.268289,0.212536
ACGGCGGGTTGCCCTG-1,0.057343,0.064359,0.050042,0.264866,0.316196,0.247193
ACGGCTGGATGTAGAA-1,0.036002,0.622893,0.000046,0.000184,0.325544,0.01533
ACGGGAGTGTCGGCCC-1,0.00043,0.712707,0.282566,0.001719,0.001289,0.001289
ACGGGCGTATGCGACA-1,0.073735,0.000006,0.006579,0.844647,0.013732,0.061301
ACGGGTCATGTGACTT-1,0.026827,0.665593,0.188902,0.000662,0.11752,0.000496
ACGGGTTGTGACCTGT-1,0.467611,0.529587,0.000255,0.001019,0.000764,0.000764
ACGGTACAGTTCAATG-1,0.00789,0.008383,0.007453,0.23846,0.548101,0.189713
ACGGTCACCGAGAACA-1,0.406062,0.414941,0.000021,0.000084,0.147258,0.031633
ACGTACAGATTTCTCT-1,0.013229,0.000008,0.000008,0.606426,0.227036,0.153294
ACGTACTTTGGCACGG-1,0.000077,0.796798,0.000077,0.000306,0.202513,0.00023
ACGTAGATTGCTGATG-1,0.000016,0.000335,0.015708,0.101854,0.531915,0.350171
ACGTAGGAGAGTCGCT-1,0.129926,0.175408,0.120677,0.00025,0.570193,0.003546
ACGTATTACTCCGATC-1,0.008633,0.059426,0.091444,0.345045,0.290377,0.205075
ACGTCGGGCAACTCGG-1,0.428463,0.351519,0.000035,0.005039,0.204785,0.010159
ACGTCTCGTTCCGGGA-1,0.104414,0.681282,0.000033,0.000134,0.101156,0.112981
ACGTGACAAAGTAAGT-1,0.80133,0.193316,0.000036,0.000145,0.000108,0.005064
ACGTGCGCCTCGTGCA-1,0.071778,0.021058,0.011543,0.23488,0.176876,0.483866
ACGTGGTCGAATGTGC-1,0.01106,0.002523,0.001387,0.173953,0.613299,0.197778
ACGTTAATGTCGAAGA-1,0.024767,0.000009,0.000312,0.462907,0.246849,0.265156
ACGTTAGATTTGCCCG-1,0.130928,0.059876,0.020215,0.276262,0.274578,0.238142
ACGTTATTGGTCACTC-1,0.00021,0.75275,0.244938,0.000841,0.000631,0.000631
ACGTTCACTATGCCGC-1,0.517257,0.476521,0.000566,0.002262,0.001697,0.001697
ACGTTCCGCGCTCCGT-1,0.000016,0.126037,0.11333,0.000065,0.738386,0.022166
ACGTTCGCAATCAATT-1,0.000009,0.017356,0.020002,0.083441,0.549474,0.329718
ACGTTCGTTCAGGAAA-1,0.220368,0.358274,0.114786,0.218911,0.000353,0.087308
ACGTTCTGTACAAGTC-1,0.010057,0.000009,0.00044,0.47797,0.330585,0.180939
ACGTTGTCGTTGAAAG-1,0.003345,0.003345,0.003345,0.013378,0.010034,0.966555
ACGTTTAGTTGTGATC-1,0.0325,0.00001,0.001618,0.61753,0.193564,0.154778
ACGTTTCGGTGCACTT-1,0.045407,0.077459,0.111297,0.548948,0.075826,0.141062
ACTAAGGACGCACACC-1,0.039111,0.092646,0.024396,0.096902,0.578859,0.168086
ACTAATACGTCAGGCG-1,0.013596,0.001831,0.017581,0.688117,0.066009,0.212867
ACTACAAAGAGAGGTG-1,0.796695,0.146306,0.005705,0.018298,0.021552,0.011443
ACTACATCCCGACAAG-1,0.49971,0.228799,0.00004,0.000162,0.24745,0.023838
ACTACCAGCTCTCTGG-1,0.626193,0.000093,0.248492,0.000373,0.105746,0.019103
ACTACCATCCGAGGGC-1,0.728212,0.268482,0.0003,0.001202,0.000901,0.000901
ACTACGCGTTAGAATT-1,0.000566,0.566394,0.427384,0.002262,0.001697,0.001697
ACTAGTTGCGATCGTC-1,0.000181,0.261769,0.384356,0.000722,0.352431,0.000542
ACTATATGCTGTGTTC-1,0.000015,0.032505,0.049752,0.011446,0.690017,0.216266
ACTATCCAGGGCATGG-1,0.01394,0.009157,0.021108,0.384565,0.329679,0.241551
ACTATCGCCGGCTAAA-1,0.007692,0.007692,0.007692,0.03077,0.923076,0.023077
ACTATCTGCCCGCGTA-1,0.00037,0.00037,0.995562,0.001479,0.001109,0.001109
ACTATGTCCAGCTGCC-1,0.364704,0.391837,0.000026,0.000104,0.068776,0.174552
ACTATTCGTCCGTGGT-1,0.079425,0.000436,0.000552,0.723013,0.004627,0.191946
ACTATTTCCGGGCCCA-1,0.281036,0.485279,0.000237,0.00095,0.231786,0.000712
ACTCAACGAATGTATT-1,0.020272,0.050296,0.030617,0.208447,0.413792,0.276577
ACTCAAGTGCAAGGCT-1,0.005109,0.00001,0.036964,0.151848,0.600487,0.205582
ACTCAATAAAGGCACG-1,0.255867,0.096686,0.111001,0.304504,0.11196,0.119982
ACTCAGACCTGCTTCT-1,0.042101,0.069563,0.07471,0.250597,0.352439,0.21059
ACTCATGGCAGCCTTC-1,0.306743,0.431972,0.006942,0.004714,0.174908,0.07472
ACTCCAATATCATCAT-1,0.715706,0.215591,0.027746,0.040579,0.000189,0.000189
ACTCCCATTCCTAAAG-1,0.000249,0.534892,0.46237,0.000996,0.000747,0.000747
ACTCCCGAATTCGTTT-1,0.000019,0.009741,0.257953,0.013659,0.573456,0.145172
ACTCCCGTAGACTAGG-1,0.00001,0.039102,0.143437,0.043848,0.54524,0.228362
ACTCCCTAATGCTAAA-1,0.017059,0.015652,0.004895,0.054885,0.772994,0.134515
ACTCCCTAGAATAGTA-1,0.083251,0.006659,0.010762,0.3374,0.344073,0.217855
ACTCCGGCCGACCACT-1,0.000931,0.0038,0.004337,0.064469,0.774374,0.152089
ACTCGATGTATTTCAT-1,0.324339,0.343586,0.32899,0.002584,0.000251,0.000251
ACTCGCCGTTCGATAA-1,0.001181,0.001713,0.002368,0.029505,0.644416,0.320816
ACTCGCGATCTGACGC-1,0.001481,0.005947,0.154241,0.076603,0.618004,0.143723
ACTCGTAACCCGTCCT-1,0.065843,0.64162,0.000956,0.001091,0.053311,0.237179
ACTCGTCAGTAATCCC-1,0.001207,0.035891,0.172724,0.049346,0.548831,0.192001
ACTCTAAACCTGGGAT-1,0.005128,0.005128,0.005128,0.020513,0.015385,0.948717
ACTCTCTGACTTAGGT-1,0.022599,0.002026,0.010431,0.44491,0.327025,0.193009
ACTCTCTTATACACGA-1,0.007149,0.072723,0.038158,0.328551,0.411935,0.141485
ACTCTGACCTAATAGA-1,0.005815,0.000006,0.010412,0.455938,0.338451,0.189377
ACTCTTCAGCTCCCGC-1,0.056642,0.00716,0.060671,0.191617,0.49853,0.185379
