Barcode,Topic 1,Topic 2,Topic 3,Topic 4to5,Topic 6,Topic 7,Topic 8
AAACAACGAATAGTTC-1,0.000038,0.00787,0.056881,0.326812,0.001843,0.506523,0.100034
AAACAAGTATCTCCCA-1,0.001597,0.032797,0.125579,0.392631,0.093177,0.255909,0.09831
AAACAATCTACTAGCA-1,0.032653,0.000034,0.123245,0.231502,0.044324,0.438407,0.129836
AAACACCAATAACTGC-1,0.124404,0.26029,0.010877,0.604032,0.000133,0.000133,0.000133
AAACAGAGCGACTCCT-1,0.092472,0.324878,0.163315,0.331104,0.048828,0.039328,0.000075
AAACAGCTTTCAGAAG-1,0.728064,0.271576,0.00006,0.00012,0.00006,0.00006,0.00006
AAACAGGGTCTATATT-1,0.288555,0.644141,0.018721,0.04828,0.000101,0.000101,0.000101
AAACAGTGTTCCTGGG-1,0.000053,0.002821,0.000053,0.830838,0.000053,0.160865,0.005317
AAACATGGTGAGAGGA-1,0.581765,0.416463,0.000074,0.001477,0.000074,0.000074,0.000074
AAACATTTCCCGGATT-1,0.088429,0.012652,0.076152,0.358523,0.172644,0.179053,0.112548
AAACCACTACACAGAT-1,0.156527,0.000039,0.276795,0.2283,0.122896,0.191067,0.024376
AAACCCGAACGAAATC-1,0.005228,0.052527,0.015186,0.186267,0.092457,0.100452,0.547882
AAACCGGAAATGTTAA-1,0.16216,0.012447,0.065266,0.412363,0.058204,0.250506,0.039055
AAACCGGGTAGGTACC-1,0.34389,0.588343,0.00026,0.00052,0.00026,0.066468,0.00026
AAACCGTTCGTCCAGG-1,0.000703,0.751447,0.244332,0.001407,0.000703,0.000703,0.000703
AAACCTAAGCAGCCGG-1,0.059271,0.033648,0.388821,0.254186,0.078127,0.180701,0.005248
AAACCTCATGAAGTTG-1,0.000137,0.907047,0.024319,0.068087,0.000137,0.000137,0.000137
AAACGAAGAACATACC-1,0.039335,0.02436,0.468176,0.166734,0.092499,0.106127,0.102768
AAACGAAGATGGAGTA-1,0.379748,0.61211,0.000078,0.007832,0.000078,0.000078,0.000078
AAACGACAGTCTTGCC-1,0.013715,0.089509,0.28654,0.317106,0.222126,0.013796,0.057207
AAACGAGACGGTTGAT-1,0.028517,0.043914,0.026992,0.22994,0.040998,0.587205,0.042434
AAACGCCCGAGATCGG-1,0.001008,0.048786,0.160439,0.259256,0.085705,0.281056,0.163751
AAACGCTGGGCACGAC-1,0.000041,0.048174,0.066659,0.852703,0.008502,0.023879,0.000041
AAACGGGCGTACGGGT-1,0.130622,0.000035,0.101146,0.030324,0.301143,0.274465,0.162264
AAACGGGTTGGTATCC-1,0.000056,0.008195,0.085293,0.398864,0.001767,0.37183,0.133994
AAACGGTTGCGAACTG-1,0.000056,0.000056,0.003001,0.662534,0.038566,0.23455,0.061238
AAACGTGTTCGCCCTA-1,0.143211,0.055716,0.111962,0.200337,0.137517,0.247544,0.103713
AAACTAACGTGGCGAC-1,0.000027,0.018911,0.000027,0.04944,0.000219,0.734386,0.196989
AAACTCGGTTCGCAAT-1,0.014987,0.000044,0.107507,0.050813,0.063255,0.700431,0.062962
AAACTCGTGATATAAG-1,0.274045,0.725192,0.000127,0.000254,0.000127,0.000127,0.000127
AAACTGCTGGCTCCAA-1,0.000066,0.000066,0.311812,0.271844,0.039321,0.272207,0.104685
AAACTTAATTGCACGC-1,0.16457,0.834927,0.000084,0.000168,0.000084,0.000084,0.000084
AAACTTGCAAACGTAT-1,0.568288,0.299447,0.1103,0.000087,0.012172,0.000043,0.009664
AAAGAATGACCTTAGA-1,0.500911,0.481444,0.000049,0.01745,0.000049,0.000049,0.000049
AAAGAATGTGGACTAA-1,0.000055,0.002415,0.098533,0.644056,0.066249,0.16933,0.019364
AAAGACATGAAGTTTA-1,0.009826,0.008177,0.310083,0.568189,0.000137,0.032368,0.07122
AAAGACCCAAGTCGCG-1,0.089093,0.009951,0.384065,0.3855,0.049367,0.078893,0.003132
AAAGACTGGGCGCTTT-1,0.362929,0.51993,0.000165,0.00033,0.116316,0.000165,0.000165
AAAGCTTGCCTACATA-1,0.706843,0.289579,0.000596,0.001193,0.000596,0.000596,0.000596
AAAGGCCCTATAATAC-1,0.081538,0.721448,0.000426,0.055348,0.038734,0.000085,0.102422
AAAGGCTACGGACCAT-1,0.105707,0.000188,0.0262,0.424086,0.047352,0.337003,0.059463
AAAGGCTCTCGCGCCG-1,0.000058,0.000058,0.013315,0.283931,0.041608,0.467397,0.193632
AAAGGGATGTAGCAAG-1,0.084134,0.000071,0.035281,0.167825,0.129434,0.40181,0.181445
AAAGGGCAGCTTGAAT-1,0.000067,0.081605,0.030101,0.666428,0.000067,0.182994,0.038737
AAAGGTAAGCTGTACC-1,0.000071,0.013891,0.057151,0.466465,0.02796,0.382847,0.051616
AAAGGTCAACGACATG-1,0.14795,0.001742,0.027424,0.011555,0.198734,0.378545,0.23405
AAAGTAGCATTGCTCA-1,0.042539,0.023912,0.002367,0.355779,0.021199,0.530299,0.023904
AAAGTCACTGATGTAA-1,0.000055,0.000055,0.205718,0.263625,0.174504,0.190812,0.165231
AAAGTCGACCCTCAGT-1,0.306085,0.599967,0.060334,0.000154,0.033305,0.000077,0.000077
AAAGTGCCATCAATTA-1,0.06705,0.066615,0.00788,0.331343,0.040634,0.365255,0.121223
AAAGTGTGATTTATCT-1,0.000056,0.000056,0.074847,0.173738,0.178954,0.546029,0.026321
AAAGTTGACTCCCGTA-1,0.004869,0.000042,0.011413,0.163823,0.034901,0.699458,0.085493
AAATAACCATACGGGA-1,0.720462,0.219765,0.012201,0.047434,0.000046,0.000046,0.000046
AAATAAGGTAGTGCCC-1,0.459673,0.456881,0.002502,0.080726,0.000073,0.000073,0.000073
AAATACCTATAAGCAT-1,0.070558,0.00431,0.115528,0.516452,0.083351,0.144387,0.065415
AAATAGCTTAGACTTT-1,0.388823,0.486184,0.098294,0.019692,0.006873,0.000066,0.000066
AAATAGGGTGCTATTG-1,0.000037,0.000037,0.000037,0.298074,0.016676,0.536194,0.148944
AAATCACTCCTAAACG-1,0.040843,0.081899,0.000039,0.000078,0.877061,0.000039,0.000039
AAATCCGATACACGCC-1,0.000031,0.000031,0.05387,0.11631,0.087951,0.662621,0.079185
AAATCGCGGAAGGAGT-1,0.636901,0.210068,0.000048,0.000096,0.152791,0.000048,0.000048
AAATCGTGTACCACAA-1,0.000041,0.000041,0.000041,0.116953,0.045088,0.776397,0.06144
AAATCTAGCCCTGCTA-1,0.197456,0.052074,0.044859,0.152535,0.10625,0.372757,0.074068
AAATCTGCCCGCGTCC-1,0.504561,0.280641,0.006743,0.000164,0.024476,0.053371,0.130044
AAATGACTGATCAAAC-1,0.000056,0.014468,0.131432,0.6889,0.00849,0.110697,0.045957
AAATGATTCGATCAGC-1,0.587832,0.335487,0.00009,0.000179,0.045393,0.00009,0.030929
AAATGCTCGTTACGTT-1,0.00007,0.00007,0.015413,0.393643,0.044407,0.442958,0.103437
AAATGGCATGTCTTGT-1,0.639849,0.004975,0.070601,0.014239,0.114927,0.035068,0.12034
AAATGGCCCGTGCCCT-1,0.020659,0.628874,0.233503,0.034994,0.029585,0.000088,0.052297
AAATGGTCAATGTGCC-1,0.000069,0.019631,0.00512,0.20793,0.043576,0.716825,0.006849
AAATGTATCTTATCCC-1,0.386731,0.60953,0.000623,0.001246,0.000623,0.000623,0.000623
AAATGTGGGTGCTCCT-1,0.000043,0.009672,0.1172,0.109076,0.3051,0.216623,0.242286
AAATTAACGGGTAGCT-1,0.000083,0.000083,0.004692,0.372974,0.016294,0.470056,0.135818
AAATTAATAAGCGCGA-1,0.178033,0.714187,0.106763,0.000407,0.000204,0.000204,0.000204
AAATTACACGACTCTG-1,0.521326,0.430646,0.028038,0.000156,0.019678,0.000078,0.000078
AAATTACCTATCGATG-1,0.952323,0.027004,0.003511,0.000087,0.000356,0.016245,0.000474
AAATTCCAGGTCCAAA-1,0.134773,0.78373,0.073667,0.007569,0.000087,0.000087,0.000087
AAATTGATAGTCCTTT-1,0.010518,0.03662,0.267469,0.441452,0.038884,0.151886,0.053171
AAATTGCGGCGGTTCT-1,0.044594,0.000038,0.030604,0.036427,0.008826,0.808108,0.071403
AAATTGGTGAGAAGCA-1,0.001635,0.565672,0.000577,0.430385,0.000577,0.000577,0.000577
AAATTTACCGAAATCC-1,0.158598,0.048009,0.016175,0.249819,0.063213,0.427734,0.036452
AAATTTGCGGGTGTGG-1,0.00005,0.002012,0.05295,0.468124,0.069769,0.373684,0.033411
AACAACTGGTAGTTGC-1,0.000107,0.020245,0.299452,0.679873,0.000107,0.000107,0.000107
AACAATACATTGTCGA-1,0.000042,0.000042,0.017212,0.540535,0.003739,0.421111,0.017319
AACAATTACTCTACGC-1,0.101826,0.02648,0.095792,0.386228,0.193492,0.160279,0.035903
AACACACGCTCGCCGC-1,0.000052,0.000052,0.005746,0.749423,0.021937,0.126869,0.095921
AACACGACTGTACTGA-1,0.131469,0.01745,0.125847,0.308152,0.000103,0.269515,0.147465
AACACGAGACGCGGCC-1,0.391199,0.379768,0.014129,0.185103,0.000041,0.000041,0.029719
AACACGCGGCCGCGAA-1,0.000059,0.000059,0.051067,0.907769,0.000059,0.007934,0.033054
AACAGCTGTGTGGCAA-1,0.000051,0.000051,0.009309,0.896799,0.000051,0.090212,0.003527
AACAGGAAATCGAATA-1,0.192467,0.011928,0.056493,0.021442,0.222357,0.061791,0.433522
AACAGGATGGGCCGCG-1,0.085659,0.022272,0.024299,0.075632,0.003208,0.73129,0.057641
AACAGGTAGTATGGAT-1,0.041222,0.000031,0.000031,0.003147,0.003439,0.766459,0.185671
AACATAGCGTGTATCG-1,0.000051,0.000051,0.017736,0.109356,0.016382,0.799577,0.056847
AACATATCAACTGGTG-1,0.341158,0.039443,0.363229,0.055385,0.139104,0.019959,0.041722
AACATCGATACGTCTA-1,0.016779,0.106121,0.451207,0.314102,0.081369,0.00588,0.024542
AACATTGAAGTTGATC-1,0.488254,0.422327,0.007963,0.081219,0.000079,0.000079,0.000079
AACATTGGTCAGCCGT-1,0.008358,0.000044,0.070815,0.104612,0.004261,0.127933,0.683977
AACATTGTGACTCGAG-1,0.000061,0.005688,0.069715,0.635665,0.016513,0.270037,0.002322
AACCAAGACTTCTCTG-1,0.289039,0.243527,0.023109,0.000532,0.353034,0.000266,0.090494
AACCAGTATCACTCTT-1,0.723138,0.206667,0.03701,0.011391,0.000096,0.000096,0.021603
AACCATAGGGTTGAAC-1,0.000126,0.825885,0.006213,0.167398,0.000126,0.000126,0.000126
AACCATGGGATCGCTA-1,0.000063,0.000063,0.001614,0.549321,0.07299,0.313223,0.062727
AACCCAGAGACGGAGA-1,0.000057,0.000057,0.089521,0.332394,0.120543,0.384809,0.072619
AACCCATCCCATGATC-1,0.085139,0.712451,0.011087,0.001467,0.155951,0.000075,0.03383
AACCCGACAACCCGTG-1,0.000054,0.000054,0.017669,0.946895,0.014335,0.020939,0.000054
AACCCGAGCAGAATCG-1,0.080624,0.006192,0.052447,0.175299,0.263782,0.288487,0.133168
AACCCGATAGGGCTTC-1,0.254535,0.066927,0.213289,0.373432,0.0129,0.0535,0.025416
AACCCGCTGTATTCCA-1,0.035285,0.001751,0.111881,0.171744,0.159777,0.422342,0.097219
AACCCTACTGTCAATA-1,0.000064,0.000064,0.05249,0.664615,0.018568,0.248713,0.015484
AACCCTGGTGGAACCA-1,0.677493,0.040945,0.051546,0.010617,0.058492,0.028416,0.13249
AACCGAGCTTGGTCAT-1,0.42563,0.388783,0.00719,0.017106,0.117862,0.0001,0.043328
AACCGCTAAGGGATGC-1,0.034503,0.033668,0.057606,0.601629,0.095342,0.140479,0.036773
AACCGTTGTGTTTGCT-1,0.036873,0.025633,0.221727,0.136545,0.16375,0.296216,0.119257
AACCTAAAGCCGTCCG-1,0.032184,0.026378,0.022643,0.386988,0.090863,0.203676,0.237268
AACCTCGCTTTAGCCC-1,0.000073,0.000073,0.3015,0.360578,0.06403,0.203664,0.070083
AACCTGTCACGGAATT-1,0.208032,0.153351,0.034892,0.319423,0.031305,0.252886,0.000112
AACCTTTAAATACGGT-1,0.014929,0.020694,0.021761,0.609597,0.22921,0.084453,0.019356
AACCTTTACGACGTCT-1,0.039413,0.090586,0.415553,0.285387,0.032937,0.07185,0.064274
AACGAAAGTCGTCCCA-1,0.047927,0.930753,0.02089,0.000172,0.000086,0.000086,0.000086
AACGACCTCCTAGCCG-1,0.000054,0.005344,0.112233,0.409855,0.015707,0.456752,0.000054
AACGATAATGCCGTAG-1,0.044422,0.026275,0.151515,0.369588,0.160214,0.171637,0.076349
AACGATAGAAGGGCCG-1,0.04031,0.06852,0.207034,0.134278,0.035119,0.409734,0.105005
AACGATATGTCAACTG-1,0.379203,0.305452,0.282584,0.032548,0.000071,0.000071,0.000071
AACGCATGATCTGGGT-1,0.175774,0.183894,0.227908,0.194062,0.040583,0.119426,0.058353
AACGCGAACGGCAACA-1,0.000065,0.000065,0.200192,0.386628,0.109714,0.275265,0.028072
AACGCGACCTTGGGCG-1,0.000171,0.112367,0.041261,0.810872,0.000171,0.034988,0.000171
AACGCGGTCTCCAGCC-1,0.140868,0.119884,0.071387,0.153049,0.000347,0.380628,0.133838
AACGCTGTTGCTGAAA-1,0.029735,0.000516,0.153891,0.289438,0.141584,0.115104,0.269732
AACGGACGTACGTATA-1,0.033157,0.000035,0.04351,0.078613,0.128187,0.587922,0.128575
AACGGCCATCTCCGGT-1,0.000068,0.000068,0.000668,0.86938,0.000068,0.10028,0.029467
AACGTACTGTGGGTAC-1,0.000078,0.000078,0.000078,0.847229,0.012007,0.121686,0.018845
AACGTAGTCTACCCAT-1,0.000053,0.000053,0.000053,0.377432,0.038023,0.300818,0.283568
AACGTCAGACTAGTGG-1,0.014078,0.059392,0.035018,0.404616,0.000127,0.338247,0.148521
AACGTCATCCGGCTTG-1,0.130925,0.020204,0.018351,0.153489,0.080582,0.409837,0.186612
AACGTCGCTGCACTTC-1,0.21111,0.002868,0.074866,0.49686,0.156928,0.049924,0.007443
AACGTGATGAAGGACA-1,0.493464,0.506002,0.000089,0.000178,0.000089,0.000089,0.000089
AACGTGCGAAAGTCTC-1,0.019602,0.000045,0.048754,0.000091,0.278647,0.51206,0.140801
AACGTTATCAGCACCT-1,0.026503,0.969129,0.000728,0.001456,0.000728,0.000728,0.000728
AACTACCCGTTTGTCA-1,0.016135,0.024423,0.132512,0.241411,0.056298,0.441614,0.087608
AACTAGCGTATCGCAC-1,0.000064,0.000064,0.024824,0.550897,0.017795,0.142846,0.263509
AACTAGGCTTGGGTGT-1,0.000118,0.00029,0.033094,0.689425,0.061086,0.214354,0.001633
AACTCAAGTTAATTGC-1,0.108505,0.048363,0.013086,0.574484,0.062358,0.000041,0.193162
AACTCCAGAGCGTGTT-1,0.000054,0.000054,0.015956,0.235791,0.088815,0.550698,0.108633
AACTCCTAATCCCATG-1,0.097929,0.144208,0.213972,0.304606,0.124483,0.114706,0.000096
AACTCGATAAACACGT-1,0.001318,0.000046,0.479976,0.145355,0.083946,0.229914,0.059445
AACTCGATGGCGCAGT-1,0.000094,0.000094,0.005331,0.751024,0.012955,0.201641,0.02886
AACTCTCAATAGAGCG-1,0.317103,0.000073,0.048361,0.171916,0.183024,0.198109,0.081415
AACTCTCAGTGTGCTC-1,0.107094,0.281091,0.016116,0.461275,0.023822,0.039154,0.071447
AACTGAGGTCAGCGTC-1,0.05008,0.03026,0.000054,0.087682,0.465446,0.33762,0.028857
AACTGAGTTATACTGA-1,0.000059,0.024819,0.01905,0.599412,0.084804,0.18933,0.082526
AACTGATATTAGGCCT-1,0.195553,0.00031,0.343684,0.00062,0.076327,0.298984,0.084522
AACTGGGTCCCGACGT-1,0.015902,0.031197,0.090715,0.575924,0.079753,0.090261,0.116248
AACTGGGTTCGAGCCG-1,0.040228,0.088412,0.125842,0.502872,0.071545,0.160167,0.010935
AACTGGTGTGGGCCTT-1,0.000043,0.000043,0.000043,0.114376,0.029567,0.702242,0.153684
AACTTCTGCGTCTATC-1,0.000075,0.004156,0.264093,0.103631,0.349358,0.161457,0.11723
AACTTGCCCGTATGCA-1,0.120089,0.019579,0.000042,0.047264,0.016039,0.741251,0.055737
AACTTGCGTTCTCGCG-1,0.000097,0.000097,0.020422,0.643831,0.051671,0.236829,0.047052
AACTTTACGGGAGCTT-1,0.000435,0.873644,0.081878,0.00087,0.042304,0.000435,0.000435
AACTTTAGCTGCTGAG-1,0.000035,0.000035,0.0481,0.004247,0.091091,0.04768,0.808811
AACTTTCTCGATCATG-1,0.000742,0.968464,0.000737,0.027847,0.000737,0.000737,0.000737
AAGAAAGTTTGATGGG-1,0.322796,0.34724,0.007524,0.082065,0.000992,0.115255,0.124129
AAGAAATCACCAGATT-1,0.000949,0.73086,0.000203,0.267379,0.000203,0.000203,0.000203
AAGAAGGATCAGTTAG-1,0.000084,0.000084,0.077396,0.606031,0.046433,0.254566,0.015407
AAGACATACGTGGTTT-1,0.383199,0.000078,0.011948,0.138806,0.051745,0.393855,0.020369
AAGACCAAATAACTCA-1,0.236836,0.762783,0.000064,0.000127,0.000064,0.000064,0.000064
AAGACCCAACTGAACA-1,0.000039,0.021718,0.128528,0.259612,0.068647,0.472453,0.049003
AAGACTAACCCGTTGT-1,0.000061,0.000061,0.083432,0.412926,0.000605,0.362287,0.140629
AAGACTCACGCCCACT-1,0.078863,0.021414,0.116776,0.287371,0.028679,0.368167,0.09873
AAGACTGCAAGCTACT-1,0.123683,0.08136,0.000154,0.593262,0.000154,0.080246,0.121142
AAGAGATGAATCGGTA-1,0.001017,0.000064,0.434359,0.031969,0.317268,0.123762,0.091561
AAGAGCTCTTTATCGG-1,0.261531,0.285618,0.348813,0.000167,0.103706,0.000083,0.000083
AAGAGGATGTACGCGA-1,0.053561,0.259627,0.011969,0.198307,0.476331,0.000102,0.000102
AAGAGGCATGGATCGC-1,0.069106,0.000057,0.147532,0.232838,0.167255,0.186202,0.197009
AAGAGGCCCTTTGGAA-1,0.129994,0.002241,0.130149,0.178858,0.208873,0.341065,0.008819
AAGATGGCACCGGACC-1,0.000037,0.000037,0.024926,0.392599,0.051946,0.493304,0.037152
AAGATTGGCGGAACGT-1,0.144999,0.00381,0.002533,0.102457,0.00961,0.47908,0.257511
AAGCACCCTGCGTATC-1,0.000068,0.000068,0.181828,0.27743,0.232171,0.249563,0.058872
AAGCATACTCTCCTGA-1,0.029535,0.000035,0.000035,0.009069,0.055426,0.621589,0.28431
AAGCCACTTGCAGGTA-1,0.000114,0.560768,0.014695,0.424081,0.000114,0.000114,0.000114
AAGCCGAAGCGGTTTA-1,0.000064,0.026576,0.180993,0.498532,0.041801,0.206798,0.045235
AAGCCGCCGTGAAATC-1,0.025463,0.180746,0.033423,0.553872,0.000054,0.206388,0.000054
AAGCCGCTTTACCTTG-1,0.048615,0.617122,0.238732,0.001128,0.093274,0.000564,0.000564
AAGCCGGAGAGCAGGA-1,0.443354,0.13431,0.000149,0.250348,0.000149,0.17154,0.000149
AAGCGCAGGGCTTTGA-1,0.025679,0.00314,0.070857,0.607488,0.031649,0.121691,0.139496
AAGCGGAGTGCGCGCA-1,0.29993,0.056775,0.084587,0.442657,0.030144,0.075659,0.010249
AAGCGGCGTCATGGGT-1,0.077492,0.010872,0.012222,0.342679,0.110814,0.3979,0.048021
AAGCGTCCCTCATCGA-1,0.000091,0.000091,0.106332,0.78528,0.047295,0.056584,0.004326
AAGCTAGATCGAGTAA-1,0.000059,0.000059,0.026841,0.403146,0.231763,0.297448,0.040685
AAGCTATGGATTGACC-1,0.328704,0.4326,0.067193,0.07952,0.014565,0.054134,0.023283
AAGCTCGTGCCAAGTC-1,0.216173,0.037424,0.09708,0.149926,0.223245,0.15223,0.123921
AAGCTCTTTCATGGTG-1,0.108545,0.000051,0.01127,0.172829,0.018781,0.500735,0.187788
AAGGAGAACTTATAAG-1,0.037857,0.003168,0.470849,0.104249,0.202432,0.103583,0.077861
AAGGAGCGGTTGGTGC-1,0.000152,0.000152,0.019062,0.788062,0.000152,0.115426,0.076994
AAGGATCGATCGCTTG-1,0.576461,0.255614,0.007925,0.022304,0.137541,0.000078,0.000078
AAGGATGAGGGACCTC-1,0.000075,0.018264,0.266799,0.383575,0.012241,0.263962,0.055085
AAGGCAGGCTGTCTCC-1,0.014561,0.040507,0.048676,0.36851,0.047314,0.412174,0.068257
AAGGCGCGTAAAGCTT-1,0.061186,0.000062,0.193514,0.295391,0.077162,0.334659,0.038026
AAGGCTGTGCTCATCG-1,0.000085,0.000085,0.022311,0.62202,0.000085,0.355329,0.000085
AAGGGAACGACTGGCT-1,0.021717,0.15322,0.009043,0.559005,0.000055,0.173913,0.083049
AAGGGACAGATTCTGT-1,0.244607,0.453694,0.269017,0.004403,0.000068,0.000068,0.028143
AAGGGACTATGCATTC-1,0.128146,0.000048,0.068468,0.182039,0.025652,0.555243,0.040405
AAGGGTTAGCCATGCG-1,0.000061,0.001388,0.001372,0.977118,0.01832,0.001681,0.000061
AAGGGTTTGATTTCAG-1,0.252015,0.747335,0.000108,0.000216,0.000108,0.000108,0.000108
AAGGTATCCTAATATA-1,0.019822,0.000048,0.053245,0.178969,0.176282,0.330732,0.240903
AAGGTGATAAACCAGC-1,0.000053,0.014204,0.198666,0.378215,0.052058,0.309427,0.047376
AAGTAAGCTTCCAAAC-1,0.000024,0.000024,0.000024,0.067386,0.049213,0.73243,0.150899
AAGTAGAAGACCGGGT-1,0.000061,0.000061,0.070585,0.388308,0.119414,0.300472,0.121099
AAGTAGTGACGCGAGG-1,0.071348,0.101409,0.000532,0.826323,0.000129,0.000129,0.000129
AAGTCAATTGTCGTCA-1,0.029978,0.055225,0.023707,0.494842,0.116708,0.229519,0.050021
AAGTCTAGTAGCTGCC-1,0.41965,0.573814,0.001089,0.002178,0.001089,0.00109,0.001089
AAGTCTTCTGTGGCCT-1,0.307395,0.691376,0.000205,0.00041,0.000205,0.000205,0.000205
AAGTGACGACCGAATT-1,0.095183,0.761914,0.000471,0.14102,0.000471,0.000471,0.000471
AAGTGAGTCGGGTTTA-1,0.000049,0.010712,0.146503,0.084601,0.153393,0.439826,0.164916
AAGTGCAAAGGTAGAC-1,0.774979,0.053463,0.000064,0.000129,0.000064,0.000064,0.171237
AAGTGCCTTGACTGTA-1,0.037636,0.028904,0.093142,0.388271,0.073048,0.354028,0.024971
AAGTGCGTTAGAATCT-1,0.000042,0.000042,0.000042,0.259242,0.013561,0.693382,0.033689
AAGTGCTTCTCTATTG-1,0.000063,0.000063,0.002635,0.759332,0.090238,0.059499,0.088169
AAGTGTTTGGAGACGG-1,0.000069,0.007867,0.058857,0.530813,0.253523,0.098251,0.05062
AAGTTCACTCCAAGCT-1,0.000889,0.000074,0.000074,0.003186,0.862592,0.085889,0.047294
AAGTTCAGTCTGCGTA-1,0.428741,0.43436,0.126547,0.000198,0.000099,0.000099,0.009957
AAGTTCGGCCAACAGG-1,0.001948,0.116027,0.007326,0.609,0.079899,0.176025,0.009775
AAGTTGTGATGTTATA-1,0.100118,0.016535,0.120371,0.333461,0.027572,0.303597,0.098346
AAGTTTACTAATGGCA-1,0.00005,0.00005,0.00005,0.001652,0.00005,0.837332,0.160816
AAGTTTATGGGCCCAA-1,0.08732,0.010247,0.070812,0.4487,0.012297,0.309234,0.06139
AATAACAACGCTCGGC-1,0.254042,0.012268,0.014655,0.223933,0.013697,0.449526,0.031879
AATAACACTAGAACAA-1,0.000055,0.015376,0.01972,0.43634,0.062963,0.447476,0.01807
AATAACGTCGCGCCCA-1,0.003034,0.040728,0.093754,0.498592,0.257482,0.083281,0.02313
AATAAGTCCTCGAGAC-1,0.194038,0.154617,0.259739,0.000251,0.083368,0.190537,0.117449
AATAATCTTCGTATCG-1,0.096814,0.015081,0.053752,0.553395,0.033093,0.244332,0.003534
AATACAATGTTTCAGG-1,0.446035,0.452827,0.016209,0.000375,0.000188,0.084177,0.000188
AATACCGGAGGGCTGT-1,0.000062,0.010946,0.004582,0.984223,0.000062,0.000062,0.000062
AATACCTGATGTGAAC-1,0.055075,0.073033,0.253228,0.324225,0.086854,0.131252,0.076333
AATAGAACAGAGTGGC-1,0.000049,0.000049,0.000049,0.751233,0.000049,0.182807,0.065765
AATAGAATCTGTTTCA-1,0.070192,0.00773,0.00018,0.076555,0.040575,0.720753,0.084016
AATAGCAAGCCTCCTG-1,0.050278,0.000751,0.2484,0.44553,0.053296,0.181184,0.020561
AATAGCTACCGCGTGC-1,0.553325,0.298127,0.006994,0.118085,0.000077,0.023316,0.000077
AATAGGCACGACCCTT-1,0.000042,0.047339,0.114049,0.700294,0.107186,0.031047,0.000042
AATAGTCCGTCCCGAC-1,0.373311,0.62335,0.000557,0.001113,0.000557,0.000557,0.000557
AATAGTCGCGAGTCGG-1,0.001061,0.697049,0.296583,0.002122,0.001061,0.001061,0.001061
AATATCAAGGTCGGAT-1,0.000066,0.000066,0.000066,0.565275,0.000066,0.241067,0.193393
AATATCCTAGCAAACT-1,0.013559,0.9848,0.000273,0.000547,0.000273,0.000273,0.000273
AATATCGAATCAATGC-1,0.013094,0.00264,0.024779,0.456799,0.039632,0.366644,0.096412
AATATCGAGGGTTCTC-1,0.489614,0.466708,0.001132,0.014781,0.001224,0.02648,0.000061
AATATTGGAGTATTGA-1,0.167722,0.475881,0.190053,0.00036,0.142206,0.00018,0.023597
AATCAGACTGCAGGAC-1,0.000099,0.000099,0.143723,0.520763,0.011481,0.256601,0.067234
AATCAGGTTTCATTTA-1,0.000058,0.000058,0.014501,0.783988,0.033564,0.092259,0.07557
AATCATGTAAAGACTC-1,0.072668,0.010912,0.134021,0.193009,0.416897,0.138255,0.034238
AATCCAAGGGCCTGAG-1,0.00005,0.00005,0.185739,0.332031,0.037225,0.383033,0.061871
AATCCATGCAAGGGTG-1,0.000097,0.0027,0.040716,0.863261,0.00733,0.085798,0.000097
AATCCCGCTCAGAGCC-1,0.000053,0.055552,0.013746,0.343424,0.056248,0.480477,0.050501
AATCGAGGTCTCAAGG-1,0.091639,0.003263,0.000074,0.152003,0.002869,0.525412,0.224741
AATCGCCTCAGCGCCA-1,0.025774,0.426151,0.133855,0.017422,0.000058,0.000058,0.39668
AATCGCGCAGAGGACT-1,0.332237,0.59127,0.015902,0.009832,0.050644,0.000058,0.000058
AATCGGGACACTACGA-1,0.04553,0.00006,0.023455,0.25392,0.0235,0.487244,0.166291
AATCGGTATAGCCCTC-1,0.061747,0.002878,0.156246,0.226933,0.147294,0.346332,0.058571
AATCGTGAGCCGAGCA-1,0.035185,0.000935,0.070501,0.383007,0.106996,0.346261,0.057115
AATCTAGGTTTACTTG-1,0.004212,0.598259,0.013452,0.170044,0.000123,0.000123,0.213787
AATCTATGCCGGAGCC-1,0.203908,0.714537,0.000105,0.033238,0.048001,0.000105,0.000105
AATCTCTACTGTGGTT-1,0.273957,0.565807,0.021449,0.070073,0.068377,0.000169,0.000169
AATCTGCGTTGGGACG-1,0.031381,0.0001,0.300955,0.177821,0.200069,0.242379,0.047294
AATCTGGCTTTCTAGT-1,0.387488,0.50548,0.039851,0.003565,0.044221,0.000076,0.019318
AATCTGGGTAGACCCT-1,0.000086,0.156061,0.066766,0.619122,0.011915,0.055714,0.090335
AATGACAGCAATGTCT-1,0.000043,0.000043,0.034138,0.178712,0.069627,0.665065,0.052373
AATGACGTAGGATGTC-1,0.000051,0.000051,0.022527,0.188257,0.091521,0.600507,0.097086
AATGACTGTCAGCCGG-1,0.011734,0.165787,0.179045,0.325416,0.067088,0.001382,0.249548
AATGAGTTCGCATATG-1,0.000083,0.000083,0.007625,0.542581,0.077424,0.359317,0.012886
AATGATGATACGCTAT-1,0.122254,0.081676,0.171245,0.330356,0.051205,0.208467,0.034798
AATGATGCGACTCCTG-1,0.287855,0.512421,0.045949,0.078098,0.000083,0.075503,0.00009
AATGCAACCGGGTACC-1,0.000353,0.093789,0.000353,0.904447,0.000353,0.000353,0.000353
AATGCACCAAGCAATG-1,0.113775,0.016067,0.013397,0.149969,0.611445,0.0855,0.009847
AATGGCCGCCAATGCG-1,0.042913,0.009337,0.015651,0.083202,0.169378,0.425823,0.253696
AATGGTCCACCGTTCA-1,0.730522,0.164061,0.104873,0.000218,0.000109,0.000109,0.000109
AATGGTTCTCACAAGC-1,0.000052,0.000052,0.041533,0.09224,0.136824,0.607078,0.12222
AATGTATGGCACTGTA-1,0.134302,0.674003,0.002389,0.064337,0.035596,0.000083,0.08929
AATGTGCCCGAGGTGT-1,0.000048,0.000048,0.104275,0.104912,0.122738,0.592393,0.075586
AATGTGCTAATCTGAG-1,0.00007,0.00007,0.061744,0.786976,0.111755,0.007307,0.032077
AATGTTAAGACCCTGA-1,0.031247,0.001214,0.255442,0.069413,0.067457,0.514895,0.060333
AATGTTGTCGTGAGAC-1,0.063661,0.005035,0.138287,0.091199,0.318662,0.264239,0.118917
AATTAAAGGTCGGCGT-1,0.196533,0.000092,0.055534,0.396759,0.052589,0.285218,0.013274
AATTAACGGATTTCCA-1,0.042335,0.00004,0.02906,0.013176,0.112017,0.629187,0.174184
AATTACGAGACCCATC-1,0.571701,0.4276,0.000116,0.000233,0.000116,0.000116,0.000116
AATTACTCGTACGCTC-1,0.001079,0.549361,0.00108,0.445241,0.001079,0.00108,0.00108
AATTAGCGCTGCAGCG-1,0.016501,0.006624,0.014117,0.353329,0.118393,0.436297,0.054739
AATTATACCCAGCAAG-1,0.077982,0.004202,0.02085,0.427562,0.254531,0.202412,0.012462
AATTCATAAGGGATCT-1,0.000303,0.041718,0.766903,0.000605,0.189867,0.000303,0.000302
AATTCATTGTCATGCA-1,0.365445,0.577201,0.000101,0.05695,0.000101,0.000101,0.000101
AATTCCAACTTGGTGA-1,0.000081,0.065617,0.030793,0.792109,0.022709,0.066614,0.022078
AATTCCAAGCATGTAC-1,0.031378,0.018671,0.106196,0.468365,0.09117,0.257588,0.026633
AATTCGATTCGAGGAT-1,0.000068,0.000068,0.048344,0.453412,0.020573,0.470087,0.007449
AATTCTAGAGTTAGGC-1,0.000069,0.000069,0.000069,0.000139,0.999514,0.000069,0.000069
AATTGAACGCTCTGGT-1,0.077923,0.000074,0.003121,0.435878,0.18771,0.139744,0.15555
AATTGCAGCAATCGAC-1,0.002955,0.000059,0.082065,0.436485,0.097938,0.220175,0.160323
AATTGCGTGGATTACA-1,0.549605,0.40155,0.000072,0.000143,0.048487,0.000072,0.000072
AATTGTGGTTGCCAAA-1,0.370961,0.077853,0.017303,0.135824,0.165348,0.210936,0.021775
AATTTGGGACATAGTA-1,0.187266,0.55695,0.238719,0.000222,0.01662,0.000111,0.000111
AATTTGGTTCCAAAGA-1,0.109555,0.009027,0.098151,0.203236,0.251743,0.159009,0.169278
ACAAACCATGCGTCCT-1,0.000088,0.533903,0.323646,0.142097,0.000088,0.000088,0.000088
ACAAACCGACAAGGCG-1,0.181882,0.069819,0.191288,0.171086,0.034125,0.177679,0.174121
ACAAACTCCATCAGAG-1,0.00006,0.013867,0.020539,0.964843,0.00006,0.000572,0.00006
ACAAAGAAGGTAGGCC-1,0.632878,0.3667,0.00007,0.00014,0.00007,0.00007,0.00007
ACAAAGCATGACCTAG-1,0.033926,0.000024,0.029609,0.147578,0.028034,0.419997,0.340832
ACAAATCGCACCGAAT-1,0.000045,0.002386,0.030675,0.437941,0.38304,0.108354,0.037558
ACAAATGGTAGTGTTT-1,0.111349,0.007738,0.068489,0.237121,0.18909,0.336029,0.050184
ACAAATTCAGATCTGA-1,0.000045,0.004346,0.000047,0.45521,0.001008,0.482118,0.057227
ACAACAGCATGAGCTA-1,0.037575,0.000037,0.000037,0.000074,0.106797,0.697759,0.15772
ACAACGGTCCCTGCGA-1,0.000102,0.0328,0.080128,0.531436,0.107191,0.196363,0.051981
ACAAGCAGTGCCTAGC-1,0.117943,0.056141,0.272975,0.344505,0.208283,0.000077,0.000077
ACAAGCTATATGGAAG-1,0.076677,0.407405,0.000105,0.073704,0.000105,0.000105,0.441897
ACAAGGAAATCCGCCC-1,0.064038,0.000114,0.017629,0.263104,0.155622,0.408665,0.090829
ACAAGGACAAGAGGTT-1,0.013792,0.054144,0.084939,0.546747,0.269778,0.006292,0.024307
ACAAGGATGCTTTAGG-1,0.000044,0.009196,0.003585,0.174865,0.012401,0.685001,0.114908
ACAAGGCCTACCAGCC-1,0.000051,0.024201,0.000051,0.247528,0.000051,0.683544,0.044575
ACAAGGGCAGGCTCTG-1,0.000063,0.006628,0.09172,0.297374,0.143464,0.444879,0.015872
ACAAGTAATTGTAAGG-1,0.264067,0.320975,0.036196,0.048601,0.009859,0.000039,0.320263
ACAATAGTCGTACGTT-1,0.12003,0.559085,0.127192,0.025108,0.005121,0.005429,0.158036
ACAATCCATTTAAACC-1,0.000063,0.130415,0.0605,0.53366,0.164415,0.079152,0.031795
ACAATCGATCTTTATA-1,0.125739,0.026362,0.272908,0.329995,0.068689,0.028597,0.14771
ACAATGAATACGGAGA-1,0.000112,0.072686,0.096567,0.8303,0.000112,0.000112,0.000112
ACAATGATTCTTCTAC-1,0.131491,0.021841,0.00796,0.626503,0.046717,0.094339,0.071149
ACAATTGTGTCTCTTT-1,0.000048,0.000048,0.000048,0.261687,0.019086,0.614784,0.104299
ACAATTTAGGAGGCTC-1,0.025705,0.972942,0.000226,0.000451,0.000226,0.000226,0.000226
ACAATTTGAGCAGTGG-1,0.017394,0.024012,0.000048,0.046444,0.026303,0.789358,0.096441
ACAATTTGGCCATATT-1,0.000097,0.000097,0.001537,0.243637,0.000097,0.70364,0.050894
ACACAAAGACGGGTGG-1,0.002578,0.008141,0.065506,0.439237,0.006855,0.234652,0.24303
ACACAAATATTCCTAG-1,0.186518,0.27199,0.034859,0.384158,0.122191,0.000142,0.000142
ACACACCAGGACCAGT-1,0.026415,0.704172,0.187948,0.045012,0.000216,0.03602,0.000216
ACACACTTTCTACACG-1,0.000652,0.147724,0.582154,0.114261,0.000652,0.000652,0.153904
ACACATGATCAAATCT-1,0.000088,0.749049,0.018418,0.232182,0.000088,0.000088,0.000088
ACACATTGACGCAACA-1,0.000123,0.140583,0.067643,0.503491,0.009744,0.125836,0.15258
ACACATTTCCGTAGAC-1,0.003118,0.061526,0.480829,0.356452,0.001206,0.096744,0.000126
ACACCACATAATTAGC-1,0.290929,0.708272,0.000133,0.000266,0.000133,0.000133,0.000133
ACACCCAGCATGCAGC-1,0.058266,0.001437,0.036972,0.55122,0.003784,0.283512,0.064809
ACACCCGAGAAATCCG-1,0.20124,0.130979,0.038474,0.37868,0.002587,0.242517,0.005523
ACACCCGTAAATCTGT-1,0.017527,0.020467,0.074702,0.369416,0.068472,0.289632,0.159785
ACACCGAGCGCTCTTT-1,0.209713,0.782538,0.001291,0.002583,0.001292,0.001292,0.001292
ACACCGGTCTGACCGC-1,0.000098,0.600107,0.051141,0.117545,0.002993,0.051042,0.177073
ACACCTTAAGTAGGGC-1,0.117295,0.000189,0.191311,0.515073,0.115403,0.000189,0.06054
ACACCTTACTACTTGC-1,0.000701,0.191321,0.341576,0.354366,0.000112,0.111812,0.000112
ACACGAGACTCCTTCT-1,0.052959,0.000081,0.084399,0.209562,0.037235,0.518396,0.097369
ACACGGCACTATGCAT-1,0.634929,0.121811,0.019319,0.009148,0.026997,0.102346,0.08545
ACACGGGAACTTAGGG-1,0.467982,0.191051,0.079431,0.115372,0.040745,0.105339,0.00008
ACACGTAGGCCACAAG-1,0.552489,0.07024,0.203568,0.046474,0.00012,0.114764,0.012345
ACACTCCAATGTCACT-1,0.000051,0.030018,0.000051,0.012977,0.025649,0.74631,0.184945
ACACTGATCAAGGTGT-1,0.00005,0.00005,0.00005,0.272398,0.002306,0.637371,0.087775
ACACTGGGACAGTCGT-1,0.000663,0.00008,0.386177,0.222996,0.14853,0.234413,0.007141
ACAGAACTGAGAACAA-1,0.003487,0.014537,0.076359,0.693582,0.021739,0.136533,0.053763
ACAGATTAGGTTAGTG-1,0.02507,0.000068,0.175531,0.030721,0.091981,0.478128,0.198502
ACAGCATAGAGCCAGT-1,0.084933,0.000084,0.100205,0.10152,0.481486,0.029161,0.202612
ACAGCGACATTCTCAT-1,0.000039,0.000038,0.006766,0.015669,0.090662,0.627398,0.259428
ACAGCGCACCCGCAGC-1,0.008958,0.699749,0.100716,0.113208,0.018472,0.058778,0.000119
ACAGGAGGCGCAGCCG-1,0.00084,0.843004,0.000841,0.001681,0.00084,0.000841,0.151953
ACAGGCACGGATCCTT-1,0.000049,0.000049,0.014681,0.525396,0.087504,0.173088,0.199232
ACAGGCTTGCCCGACT-1,0.454,0.259539,0.126275,0.159757,0.000242,0.000094,0.000094
ACAGGTGGAGGTGAGG-1,0.000083,0.000083,0.060863,0.927944,0.000083,0.01086,0.000083
ACAGGTGTGTTGTTGC-1,0.13956,0.857201,0.00054,0.00108,0.00054,0.00054,0.00054
ACAGTAATACAACTTG-1,0.454432,0.349579,0.006896,0.079752,0.002167,0.008275,0.098898
ACAGTATACCGTGGGA-1,0.000278,0.865266,0.000278,0.133345,0.000278,0.000278,0.000278
ACAGTGCAGCGCATTT-1,0.00006,0.00006,0.309399,0.672719,0.002155,0.015548,0.00006
ACATAAGTCGTGGTGA-1,0.817063,0.135654,0.014384,0.000078,0.027424,0.000039,0.005358
ACATAATAAGGCGGTG-1,0.061702,0.000087,0.186396,0.600079,0.036985,0.109036,0.005715
ACATACAATCAAGCGG-1,0.0001,0.0001,0.397163,0.146282,0.076422,0.361496,0.018438
ACATCAGCTGGGACGC-1,0.455588,0.447362,0.000134,0.000268,0.09638,0.000134,0.000134
ACATCCCGGCCATACG-1,0.000091,0.025651,0.043478,0.611388,0.04056,0.24724,0.031592
ACATCCTGGTAACTGT-1,0.007854,0.026559,0.101541,0.195279,0.085647,0.493713,0.089407
ACATCGATCGTTTACC-1,0.023504,0.000084,0.00861,0.249465,0.00735,0.632667,0.078319
ACATCGCAATATTCGG-1,0.697413,0.092255,0.011337,0.004816,0.003515,0.020272,0.170392
ACATCGGTCAGCCGCG-1,0.000062,0.000247,0.251223,0.246824,0.212612,0.17223,0.116802
ACATCGTATGCAATGG-1,0.657901,0.0811,0.003451,0.019483,0.168767,0.057608,0.01169
ACATCGTTAACCTAGT-1,0.738108,0.100351,0.105466,0.054385,0.00007,0.00007,0.00155
ACATCTCAACGCGTAA-1,0.449046,0.065953,0.243429,0.012118,0.010333,0.178471,0.04065
ACATGCTTACGGCAGC-1,0.00011,0.674218,0.015473,0.309867,0.00011,0.00011,0.00011
ACATGGCGCCAAAGTA-1,0.012528,0.007677,0.2786,0.161593,0.169795,0.202044,0.167762
ACATGGCTCAATTTAG-1,0.000105,0.000105,0.16764,0.571834,0.00519,0.149267,0.105859
ACATTAGTTTATATCC-1,0.048947,0.000065,0.001052,0.207632,0.00855,0.622655,0.111099
ACATTCGCGCGGAATA-1,0.048244,0.552216,0.041799,0.357537,0.000068,0.000068,0.000068
ACATTTGAAACCTAAC-1,0.051385,0.023368,0.203838,0.38485,0.065034,0.140497,0.131027
ACCAAACACCCAGCGA-1,0.163755,0.084276,0.000081,0.000162,0.746402,0.000081,0.005244
ACCAAACTAGAAATCC-1,0.894003,0.010298,0.04675,0.00005,0.038846,0.000025,0.010029
ACCAACACCACACACT-1,0.558484,0.31107,0.053488,0.076735,0.000074,0.000074,0.000074
ACCAACCGCACTCCAC-1,0.000048,0.000048,0.260739,0.293849,0.092642,0.329341,0.023332
ACCAACGCTTATTTAT-1,0.000065,0.000065,0.048187,0.518905,0.060268,0.254712,0.117799
ACCAAGAACGCGTGTC-1,0.046297,0.006567,0.004695,0.515168,0.006644,0.199522,0.221107
ACCAAGTCATCGGCAG-1,0.111958,0.017547,0.093974,0.153908,0.208052,0.303436,0.111125
ACCAATATGCAAGTTA-1,0.000036,0.000036,0.003405,0.047471,0.073473,0.579476,0.296103
ACCACAACTCAGAACA-1,0.060896,0.316514,0.058574,0.111951,0.122012,0.280209,0.049845
ACCACAAGTTTCTATC-1,0.000097,0.000097,0.061789,0.529751,0.009778,0.394189,0.004299
ACCACACGGTTGATGG-1,0.081919,0.001434,0.027442,0.16478,0.202065,0.515209,0.007151
ACCACCAATGTAACAA-1,0.261857,0.255339,0.043997,0.238578,0.004202,0.161261,0.034765
ACCACCCTCTCTTCTA-1,0.464681,0.482171,0.000248,0.000497,0.000248,0.000248,0.051906
ACCACGTGCAGCTATA-1,0.000065,0.000065,0.155522,0.334251,0.060966,0.37231,0.076823
ACCACTGTTCAAGAAG-1,0.001228,0.84315,0.149483,0.002456,0.001228,0.001228,0.001228
ACCAGACCATAACAAC-1,0.115906,0.821286,0.000191,0.000381,0.000191,0.000191,0.061854
ACCAGCCCGGTCTTTG-1,0.167858,0.228373,0.181188,0.000835,0.165178,0.1411,0.115469
ACCAGGAGTGTGATCT-1,0.011271,0.001735,0.061008,0.114548,0.487499,0.241435,0.082505
ACCAGTGCCCGGTCAA-1,0.016029,0.022583,0.0055,0.34047,0.018688,0.515435,0.081295
ACCAGTGCGGGAGACG-1,0.082307,0.000058,0.00531,0.250608,0.216035,0.397539,0.048143
ACCATATCCGCAATAA-1,0.019397,0.012755,0.034426,0.607021,0.04459,0.281725,0.000087
ACCATCCGCCAACTAG-1,0.395017,0.604526,0.000076,0.000152,0.000076,0.000076,0.000076
ACCATCGTATATGGTA-1,0.035583,0.00006,0.009364,0.02328,0.033935,0.81963,0.078146
ACCATTAAGGGTGTCA-1,0.388728,0.60112,0.001692,0.003384,0.001692,0.001692,0.001692
ACCCAACGCCCGTGGC-1,0.028137,0.00384,0.203528,0.224645,0.181747,0.328047,0.030055
ACCCACCTACATGCTC-1,0.000093,0.054126,0.211796,0.539849,0.066023,0.12802,0.000093
ACCCATCTTGAGGGTA-1,0.044143,0.011947,0.09313,0.077085,0.328945,0.405571,0.039179
ACCCATTTGTCCCTCT-1,0.067266,0.000059,0.06711,0.168337,0.266043,0.366407,0.064778
ACCCGAGCGAAATTAC-1,0.000035,0.000035,0.008822,0.397566,0.004149,0.527633,0.06176
ACCCGATTGGTTCCGA-1,0.000044,0.000044,0.012949,0.33028,0.014185,0.438465,0.204033
ACCCGGAAACTCCCAG-1,0.000064,0.000064,0.065747,0.270782,0.172233,0.314882,0.176228
ACCCGGAGCACCACAA-1,0.216424,0.040338,0.034636,0.064754,0.286585,0.324298,0.032966
ACCCGGATGACGCATC-1,0.051197,0.00771,0.044403,0.333017,0.355111,0.119101,0.089461
ACCCGGTTACACTTCC-1,0.0234,0.000029,0.000029,0.000058,0.000029,0.000029,0.976427
ACCCGTAGCAGAGAAT-1,0.673607,0.041723,0.000038,0.000076,0.284481,0.000038,0.000038
ACCCGTAGTCTAGTTG-1,0.150831,0.049859,0.252565,0.056453,0.078229,0.259643,0.15242
ACCCGTGTCATCAGTA-1,0.374388,0.42005,0.062014,0.000677,0.000338,0.142194,0.000338
ACCCTATAGGACTGAG-1,0.000053,0.000053,0.012677,0.044704,0.000053,0.870544,0.071916
ACCCTATGCCATATCG-1,0.000087,0.000087,0.009347,0.730706,0.026189,0.149169,0.084416
ACCCTCCCGTCAGGGC-1,0.052494,0.024946,0.186895,0.335837,0.073632,0.316953,0.009243
ACCCTCCCTTGCTATT-1,0.000101,0.034818,0.174799,0.515581,0.000101,0.222979,0.051621
ACCCTGGTAACGCCCT-1,0.38555,0.470412,0.000195,0.000391,0.143061,0.000195,0.000195
ACCCTTCATCTGCGAA-1,0.065233,0.000092,0.042867,0.060139,0.072966,0.642446,0.116256
ACCCTTGCCTGGGTCG-1,0.063566,0.26282,0.028812,0.302211,0.118926,0.205469,0.018197
ACCCTTTAGTTCTCCA-1,0.209892,0.035438,0.173096,0.196172,0.063701,0.052649,0.269053
ACCGAAAGGGCCCTGC-1,0.000031,0.000031,0.000031,0.003798,0.059551,0.71516,0.221397
ACCGAAGAGTCTGGTT-1,0.597076,0.402438,0.000081,0.000162,0.000081,0.000081,0.000081
ACCGACACATCTCCCA-1,0.000038,0.009919,0.036087,0.131034,0.038087,0.67887,0.105966
ACCGACTGAGTCCCAC-1,0.132809,0.030224,0.032484,0.426346,0.009492,0.263868,0.104777
ACCGAGTCTCCTTATT-1,0.000086,0.060849,0.062026,0.59848,0.095362,0.120023,0.063174
ACCGATAGGCATAACC-1,0.229316,0.002747,0.170795,0.188502,0.182067,0.189565,0.037008
ACCGATATTTAATCAT-1,0.292833,0.005985,0.305085,0.167417,0.010589,0.207971,0.01012
ACCGATGGTAGCATCG-1,0.107353,0.000081,0.11803,0.410711,0.261732,0.076021,0.026072
ACCGCAATAACTGCCT-1,0.000048,0.000048,0.145763,0.139558,0.053417,0.602215,0.058951
ACCGCGGTGGAAGTCG-1,0.011559,0.02081,0.094721,0.195235,0.078635,0.452541,0.146499
ACCGCTAGTCATTGGT-1,0.000085,0.043066,0.011549,0.945047,0.000085,0.000085,0.000085
ACCGGGCCTTTGTTGA-1,0.036328,0.008179,0.0211,0.580807,0.030972,0.27554,0.047073
ACCGGTCAGGTACACC-1,0.229276,0.632951,0.061464,0.035481,0.021592,0.019148,0.000088
ACCGGTCTGAGTACGG-1,0.008862,0.044104,0.027685,0.271207,0.042642,0.538209,0.06729
ACCGTCCACTGGGCCC-1,0.111792,0.660811,0.003703,0.003291,0.038718,0.010672,0.171013
ACCGTGACCACGTGGG-1,0.00006,0.00006,0.038601,0.880813,0.024404,0.025337,0.030725
ACCGTTCCCGCTCTGA-1,0.138989,0.011548,0.084461,0.0892,0.062408,0.087272,0.526121
ACCTAAGTACCTTTCA-1,0.000101,0.000101,0.037239,0.503226,0.000101,0.451203,0.008028
ACCTAATCGACTTCCT-1,0.105347,0.010266,0.01438,0.408694,0.000077,0.451036,0.010202
ACCTACAGTATGTGGT-1,0.070558,0.67342,0.000275,0.00055,0.254646,0.000275,0.000275
ACCTACTATAAATCTA-1,0.014559,0.101206,0.03083,0.42571,0.029278,0.355671,0.042746
ACCTCCGCCCTCGCTG-1,0.296172,0.050386,0.066165,0.153326,0.249458,0.172433,0.01206
ACCTCCGTTATTCACC-1,0.339105,0.262552,0.105601,0.25089,0.000067,0.000067,0.041718
ACCTCGAACTTATGCT-1,0.000113,0.744791,0.216023,0.038735,0.000113,0.000113,0.000113
ACCTGCGTGTCATGTT-1,0.590127,0.118949,0.007753,0.037356,0.191747,0.005391,0.048679
ACCTTTCCTTTAGAAG-1,0.058878,0.077544,0.096825,0.135112,0.231267,0.140411,0.259964
ACGAAATGGGCGGCAC-1,0.000684,0.468684,0.000684,0.527895,0.000684,0.000684,0.000684
ACGACCCATGAGTTGC-1,0.201232,0.068775,0.000108,0.008418,0.470208,0.098185,0.153075
ACGACTCTAGGGCCGA-1,0.066106,0.020553,0.025611,0.255331,0.110243,0.43795,0.084206
ACGACTGGTCATACTC-1,0.00004,0.00004,0.000317,0.578276,0.056491,0.329791,0.035046
ACGAGAACCCATCACG-1,0.000051,0.000783,0.015962,0.341368,0.014245,0.566009,0.061583
ACGAGATATTTGCTTA-1,0.322186,0.000072,0.055386,0.252436,0.013413,0.247992,0.108515
ACGAGGATACCACTCT-1,0.378877,0.552992,0.020316,0.007267,0.000088,0.000088,0.040372
ACGAGGTTTACAACGT-1,0.458638,0.440486,0.039197,0.045754,0.000093,0.000093,0.015738
ACGAGTACGGATGCCC-1,0.510862,0.488536,0.0001,0.000201,0.0001,0.0001,0.0001
ACGAGTCGCCGGCGTT-1,0.044714,0.016904,0.06872,0.260388,0.140115,0.269655,0.199503
ACGATACATAGAACTA-1,0.15301,0.043085,0.393785,0.038449,0.257583,0.000083,0.114005
ACGATACCTATCCTGA-1,0.031487,0.966183,0.000242,0.001364,0.000242,0.000242,0.000242
ACGATCATACATAGAG-1,0.021963,0.042917,0.200438,0.602679,0.000203,0.037485,0.094315
ACGATCATCTTGTAAA-1,0.631012,0.303854,0.010524,0.007679,0.000053,0.046825,0.000053
ACGATGCATATGTTAT-1,0.086775,0.000877,0.00007,0.159118,0.119132,0.605219,0.028808
ACGATGGATCCGATGC-1,0.916311,0.000032,0.000032,0.000065,0.037642,0.000095,0.045823
ACGCAAACTAATAGAT-1,0.18588,0.010669,0.214535,0.287982,0.120507,0.136894,0.043533
ACGCAATCACTACAGC-1,0.1603,0.7868,0.000193,0.052128,0.000193,0.000193,0.000193
ACGCATAAATGACATG-1,0.000027,0.000027,0.022089,0.217844,0.026847,0.557117,0.176049
ACGCATACGTTTACTA-1,0.121733,0.001411,0.00004,0.048378,0.044016,0.652356,0.132066
ACGCATTCGTGAGTAC-1,0.077016,0.128682,0.027952,0.078856,0.578337,0.095498,0.01366
ACGCCACTCGAAACAG-1,0.000078,0.001821,0.383448,0.485722,0.00008,0.117351,0.0115
ACGCCAGATGATTTCT-1,0.45093,0.424503,0.033066,0.000163,0.013911,0.000081,0.077347
ACGCCAGTGCGTTTGC-1,0.031417,0.00004,0.00004,0.016713,0.051556,0.786872,0.113363
ACGCCCAGCTGTCGAT-1,0.291739,0.010965,0.379866,0.007659,0.081341,0.091672,0.136757
ACGCCGCTAGACGACC-1,0.000059,0.010899,0.018371,0.185893,0.116955,0.56938,0.098443
ACGCCTGACACGCGCT-1,0.000075,0.131179,0.124109,0.744411,0.000075,0.000075,0.000075
ACGCGAAGTCAGACGA-1,0.238046,0.000028,0.000028,0.000056,0.001259,0.46607,0.294513
ACGCGCTACACAGGGT-1,0.071523,0.000054,0.018615,0.108,0.041715,0.741757,0.018335
ACGCGGGCCAAGGACA-1,0.063882,0.007659,0.060649,0.233895,0.157646,0.37349,0.10278
ACGCGTTTCTTAAGAG-1,0.484835,0.411165,0.102803,0.000479,0.000239,0.000239,0.000239
ACGCTACTGAATGGGC-1,0.000089,0.000089,0.014647,0.832629,0.02734,0.125118,0.000089
ACGCTAGTATCAGTGC-1,0.114905,0.073927,0.265105,0.32716,0.140463,0.077146,0.001293
ACGCTAGTGATACACT-1,0.725673,0.00988,0.007341,0.000093,0.101868,0.123355,0.03179
ACGCTGTGAGGCGTAG-1,0.427414,0.572032,0.000092,0.000184,0.000092,0.000092,0.000092
ACGCTTAGTGTCTCTC-1,0.078054,0.091413,0.021575,0.253537,0.007136,0.424597,0.123687
ACGGAACACGAGTGCC-1,0.000039,0.000039,0.209798,0.161777,0.074915,0.443425,0.110006
ACGGAATTTAGCAAAT-1,0.000081,0.000081,0.144005,0.579149,0.152688,0.073803,0.050194
