Barcode,Topic 1,Topic 2to3,Topic 4,Topic 5to9
AAACAACGAATAGTTC-1,0.000799,0.882655,0.082337,0.034209
AAACAAGTATCTCCCA-1,0.044729,0.02119,0.097043,0.837038
AAACAATCTACTAGCA-1,0.028385,0.897186,0.002992,0.071437
AAACACCAATAACTGC-1,0.212324,0.039844,0.00764,0.740192
AAACAGAGCGACTCCT-1,0.108445,0.132215,0.521361,0.237979
AAACAGCTTTCAGAAG-1,0.942592,0.035293,0.000061,0.022054
AAACAGGGTCTATATT-1,0.26951,0.211575,0.274004,0.244911
AAACAGTGTTCCTGGG-1,0.032442,0.063335,0.248956,0.655267
AAACATGGTGAGAGGA-1,0.47969,0.118935,0.042777,0.358598
AAACATTTCCCGGATT-1,0.169123,0.071288,0.202544,0.557046
AAACCACTACACAGAT-1,0.080015,0.753822,0.079403,0.086759
AAACCCGAACGAAATC-1,0.001505,0.063271,0.018752,0.916472
AAACCGGAAATGTTAA-1,0.238825,0.136876,0.105544,0.518755
AAACCGGGTAGGTACC-1,0.667033,0.036206,0.026983,0.269778
AAACCGTTCGTCCAGG-1,0.059597,0.090749,0.389436,0.460218
AAACCTAAGCAGCCGG-1,0.021907,0.121647,0.102199,0.754247
AAACCTCATGAAGTTG-1,0.24352,0.053078,0.141935,0.561467
AAACGAAGAACATACC-1,0.003248,0.898456,0.000023,0.098273
AAACGAAGATGGAGTA-1,0.111469,0.039775,0.014407,0.834349
AAACGACAGTCTTGCC-1,0.032093,0.945454,0.022276,0.000177
AAACGAGACGGTTGAT-1,0.027158,0.134556,0.2842,0.554086
AAACGCCCGAGATCGG-1,0.131714,0.771498,0.096465,0.000322
AAACGCTGGGCACGAC-1,0.255834,0.048367,0.393585,0.302215
AAACGGGCGTACGGGT-1,0.007887,0.136003,0.101791,0.754319
AAACGGGTTGGTATCC-1,0.000031,0.954554,0.000031,0.045383
AAACGGTTGCGAACTG-1,0.086134,0.046616,0.234359,0.63289
AAACGTGTTCGCCCTA-1,0.31984,0.373754,0.141757,0.164649
AAACTAACGTGGCGAC-1,0.209246,0.727311,0.053023,0.01042
AAACTCGGTTCGCAAT-1,0.017897,0.029332,0.019288,0.933483
AAACTCGTGATATAAG-1,0.77694,0.000994,0.17356,0.048506
AAACTGCTGGCTCCAA-1,0.023514,0.046153,0.006563,0.92377
AAACTTAATTGCACGC-1,0.080592,0.056893,0.676749,0.185766
AAACTTGCAAACGTAT-1,0.777014,0.016245,0.159406,0.047336
AAAGAATGACCTTAGA-1,0.999884,0.000029,0.000015,0.000073
AAAGAATGTGGACTAA-1,0.145071,0.027413,0.464222,0.363294
AAAGACATGAAGTTTA-1,0.080329,0.827968,0.073039,0.018665
AAAGACCCAAGTCGCG-1,0.067208,0.895398,0.011335,0.026059
AAAGACTGGGCGCTTT-1,0.325468,0.598396,0.039306,0.03683
AAAGCTTGCCTACATA-1,0.006802,0.045103,0.170017,0.778078
AAAGGCCCTATAATAC-1,0.021434,0.053742,0.085396,0.839428
AAAGGCTACGGACCAT-1,0.072326,0.042151,0.593909,0.291614
AAAGGCTCTCGCGCCG-1,0.00002,0.017493,0.006588,0.975898
AAAGGGATGTAGCAAG-1,0.000016,0.07751,0.063695,0.858779
AAAGGGCAGCTTGAAT-1,0.606893,0.288064,0.020606,0.084437
AAAGGTAAGCTGTACC-1,0.402425,0.427398,0.161149,0.009028
AAAGGTCAACGACATG-1,0.034571,0.809342,0.14597,0.010117
AAAGTAGCATTGCTCA-1,0.417152,0.080638,0.190556,0.311653
AAAGTCACTGATGTAA-1,0.104933,0.790033,0.050431,0.054602
AAAGTCGACCCTCAGT-1,0.717118,0.204654,0.023711,0.054517
AAAGTGCCATCAATTA-1,0.091799,0.028118,0.294064,0.58602
AAAGTGTGATTTATCT-1,0.00002,0.043197,0.003184,0.953599
AAAGTTGACTCCCGTA-1,0.087609,0.042488,0.200012,0.66989
AAATAACCATACGGGA-1,0.550276,0.277803,0.170591,0.00133
AAATAAGGTAGTGCCC-1,0.066292,0.111203,0.178557,0.643948
AAATACCTATAAGCAT-1,0.047584,0.119707,0.183451,0.649257
AAATAGCTTAGACTTT-1,0.301303,0.058383,0.122046,0.518268
AAATAGGGTGCTATTG-1,0.002818,0.111901,0.057091,0.82819
AAATCACTCCTAAACG-1,0.00001,0.806767,0.009011,0.184212
AAATCCGATACACGCC-1,0.052922,0.031391,0.28412,0.631567
AAATCGCGGAAGGAGT-1,0.071454,0.064158,0.034041,0.830347
AAATCGTGTACCACAA-1,0.085875,0.078783,0.057429,0.777913
AAATCTAGCCCTGCTA-1,0.191181,0.030844,0.535421,0.242553
AAATCTGCCCGCGTCC-1,0.307215,0.017116,0.148345,0.527323
AAATGACTGATCAAAC-1,0.172725,0.074332,0.256032,0.496911
AAATGATTCGATCAGC-1,0.042222,0.066046,0.011553,0.88018
AAATGCTCGTTACGTT-1,0.263397,0.70469,0.025977,0.005936
AAATGGCATGTCTTGT-1,0.000021,0.73851,0.00026,0.261208
AAATGGCCCGTGCCCT-1,0.00289,0.032179,0.00852,0.956411
AAATGGTCAATGTGCC-1,0.216068,0.23884,0.302577,0.242515
AAATGTATCTTATCCC-1,0.424331,0.495384,0.003964,0.07632
AAATGTGGGTGCTCCT-1,0.083296,0.902207,0.000107,0.01439
AAATTAACGGGTAGCT-1,0.17654,0.25862,0.201168,0.363672
AAATTAATAAGCGCGA-1,0.372927,0.603308,0.019131,0.004634
AAATTACACGACTCTG-1,0.616059,0.245394,0.138177,0.000369
AAATTACCTATCGATG-1,0.999803,0.000049,0.000025,0.000123
AAATTCCAGGTCCAAA-1,0.002865,0.054157,0.010643,0.932334
AAATTGATAGTCCTTT-1,0.205904,0.112647,0.417856,0.263592
AAATTGCGGCGGTTCT-1,0.026475,0.949002,0.000045,0.024478
AAATTGGTGAGAAGCA-1,0.319778,0.177325,0.369226,0.133671
AAATTTACCGAAATCC-1,0.205171,0.622834,0.124354,0.047642
AAATTTGCGGGTGTGG-1,0.21181,0.073701,0.086258,0.628231
AACAACTGGTAGTTGC-1,0.505523,0.211624,0.271257,0.011595
AACAATACATTGTCGA-1,0.012787,0.083536,0.027933,0.875744
AACAATTACTCTACGC-1,0.581458,0.376371,0.030299,0.011873
AACACACGCTCGCCGC-1,0.165646,0.138498,0.202278,0.493578
AACACGACTGTACTGA-1,0.212994,0.634658,0.122011,0.030338
AACACGAGACGCGGCC-1,0.783536,0.010634,0.144594,0.061236
AACACGCGGCCGCGAA-1,0.056772,0.87665,0.025648,0.040931
AACAGCTGTGTGGCAA-1,0.305868,0.039372,0.321095,0.333665
AACAGGAAATCGAATA-1,0.129678,0.601656,0.186425,0.082241
AACAGGATGGGCCGCG-1,0.692005,0.307572,0.00007,0.000352
AACAGGTAGTATGGAT-1,0.075805,0.096217,0.211729,0.616248
AACATAGCGTGTATCG-1,0.08808,0.053926,0.282208,0.575786
AACATATCAACTGGTG-1,0.091628,0.146988,0.204344,0.557039
AACATCGATACGTCTA-1,0.062843,0.073116,0.324574,0.539466
AACATTGAAGTTGATC-1,0.1545,0.145837,0.26156,0.438103
AACATTGGTCAGCCGT-1,0.061099,0.924528,0.003715,0.010658
AACATTGTGACTCGAG-1,0.114054,0.027139,0.126867,0.73194
AACCAAGACTTCTCTG-1,0.306088,0.110098,0.224992,0.358823
AACCAGTATCACTCTT-1,0.192871,0.486666,0.183663,0.1368
AACCATAGGGTTGAAC-1,0.056466,0.009245,0.331314,0.602975
AACCATGGGATCGCTA-1,0.221619,0.731496,0.046591,0.000294
AACCCAGAGACGGAGA-1,0.269019,0.629577,0.055186,0.046218
AACCCATCCCATGATC-1,0.416461,0.120754,0.273126,0.189659
AACCCGACAACCCGTG-1,0.05112,0.031545,0.080964,0.83637
AACCCGAGCAGAATCG-1,0.144762,0.1516,0.130721,0.572917
AACCCGATAGGGCTTC-1,0.000019,0.802289,0.056204,0.141487
AACCCGCTGTATTCCA-1,0.112602,0.043343,0.144912,0.699143
AACCCTACTGTCAATA-1,0.033184,0.067382,0.158084,0.741349
AACCCTGGTGGAACCA-1,0.203045,0.704708,0.030767,0.06148
AACCGAGCTTGGTCAT-1,0.076413,0.415604,0.082627,0.425356
AACCGCTAAGGGATGC-1,0.035744,0.03545,0.057986,0.87082
AACCGTTGTGTTTGCT-1,0.153576,0.798351,0.017554,0.030519
AACCTAAAGCCGTCCG-1,0.040559,0.869274,0.04046,0.049707
AACCTCGCTTTAGCCC-1,0.002293,0.056193,0.085647,0.855867
AACCTGTCACGGAATT-1,0.00122,0.054688,0.02012,0.923971
AACCTTTAAATACGGT-1,0.021288,0.079445,0.161529,0.737737
AACCTTTACGACGTCT-1,0.230238,0.139961,0.108091,0.52171
AACGAAAGTCGTCCCA-1,0.208616,0.029027,0.064198,0.698159
AACGACCTCCTAGCCG-1,0.119536,0.070637,0.167917,0.64191
AACGATAATGCCGTAG-1,0.0312,0.075361,0.033626,0.859814
AACGATAGAAGGGCCG-1,0.170763,0.739215,0.050161,0.039861
AACGATATGTCAACTG-1,0.361778,0.088369,0.0096,0.540253
AACGCATGATCTGGGT-1,0.26587,0.10791,0.413779,0.212441
AACGCGAACGGCAACA-1,0.027286,0.930743,0.000025,0.041945
AACGCGACCTTGGGCG-1,0.16143,0.072166,0.506152,0.260253
AACGCGGTCTCCAGCC-1,0.172487,0.193858,0.183176,0.450479
AACGCTGTTGCTGAAA-1,0.036783,0.064612,0.00603,0.892574
AACGGACGTACGTATA-1,0.016813,0.085909,0.035441,0.861838
AACGGCCATCTCCGGT-1,0.018787,0.061211,0.082901,0.837101
AACGTACTGTGGGTAC-1,0.146852,0.167915,0.014561,0.670672
AACGTAGTCTACCCAT-1,0.011436,0.901766,0.043275,0.043524
AACGTCAGACTAGTGG-1,0.193569,0.628331,0.080845,0.097255
AACGTCATCCGGCTTG-1,0.080238,0.000151,0.683101,0.236511
AACGTCGCTGCACTTC-1,0.023134,0.05059,0.069338,0.856938
AACGTGATGAAGGACA-1,0.115876,0.750474,0.0057,0.127949
AACGTGCGAAAGTCTC-1,0.0001,0.039645,0.063583,0.896672
AACGTTATCAGCACCT-1,0.584225,0.371854,0.042384,0.001536
AACGTTCTACCATTGT-1,0.290104,0.123885,0.159734,0.426277
AACTACCCGTTTGTCA-1,0.000398,0.033234,0.024694,0.941674
AACTAGCGTATCGCAC-1,0.047192,0.877485,0.000054,0.075269
AACTAGGCTTGGGTGT-1,0.095281,0.002708,0.321386,0.580625
AACTCAAGTTAATTGC-1,0.118766,0.132613,0.144945,0.603676
AACTCCAGAGCGTGTT-1,0.094337,0.066781,0.039209,0.799674
AACTCCTAATCCCATG-1,0.888398,0.103764,0.002052,0.005786
AACTCGATAAACACGT-1,0.001985,0.946417,0.035042,0.016556
AACTCGATGGCGCAGT-1,0.104039,0.883735,0.00743,0.004796
AACTCTCAATAGAGCG-1,0.226895,0.186223,0.368139,0.218744
AACTCTCAGTGTGCTC-1,0.229423,0.050314,0.611922,0.108341
AACTGAGGTCAGCGTC-1,0.106199,0.721855,0.000044,0.171902
AACTGAGTTATACTGA-1,0.066592,0.054634,0.621837,0.256937
AACTGATATTAGGCCT-1,0.30621,0.58806,0.023563,0.082167
AACTGGGTCCCGACGT-1,0.249964,0.257569,0.084257,0.40821
AACTGGGTTCGAGCCG-1,0.098305,0.881212,0.01031,0.010173
AACTGGTGTGGGCCTT-1,0.003698,0.986203,0.000029,0.010071
AACTTCTGCGTCTATC-1,0.188268,0.799183,0.006406,0.006143
AACTTGCCCGTATGCA-1,0.515056,0.46833,0.002697,0.013917
AACTTGCGTTCTCGCG-1,0.158188,0.516954,0.324504,0.000355
AACTTTACGGGAGCTT-1,0.502619,0.463209,0.02672,0.007452
AACTTTAGCTGCTGAG-1,0.090529,0.548876,0.360348,0.000246
AACTTTCTCGATCATG-1,0.835518,0.022585,0.000036,0.141861
AAGAAAGTTTGATGGG-1,0.039557,0.010855,0.0016,0.947989
AAGAAATCACCAGATT-1,0.01995,0.091238,0.007173,0.881638
AAGAAGGATCAGTTAG-1,0.089497,0.796321,0.056064,0.058118
AAGACATACGTGGTTT-1,0.068811,0.060036,0.092721,0.778432
AAGACCAAATAACTCA-1,0.858361,0.027534,0.000045,0.11406
AAGACCCAACTGAACA-1,0.068797,0.061229,0.27988,0.590094
AAGACTAACCCGTTGT-1,0.015195,0.906561,0.059018,0.019226
AAGACTCACGCCCACT-1,0.200684,0.716051,0.082956,0.000309
AAGACTGCAAGCTACT-1,0.083754,0.132534,0.087667,0.696045
AAGAGATGAATCGGTA-1,0.182282,0.639923,0.001432,0.176363
AAGAGCTCTTTATCGG-1,0.334601,0.00845,0.113963,0.542987
AAGAGGATGTACGCGA-1,0.185805,0.105415,0.192974,0.515806
AAGAGGCATGGATCGC-1,0.110626,0.10908,0.318386,0.461908
AAGAGGCCCTTTGGAA-1,0.203599,0.029386,0.061963,0.705053
AAGATGGCACCGGACC-1,0.092231,0.03984,0.045629,0.8223
AAGATTGGCGGAACGT-1,0.999597,0.000101,0.00005,0.000252
AAGCACCCTGCGTATC-1,0.006281,0.10807,0.062096,0.823554
AAGCATACTCTCCTGA-1,0.012182,0.030624,0.014589,0.942606
AAGCCACTTGCAGGTA-1,0.02307,0.009907,0.004664,0.962359
AAGCCGAAGCGGTTTA-1,0.050273,0.082384,0.508252,0.359091
AAGCCGCCGTGAAATC-1,0.05848,0.037025,0.584553,0.319941
AAGCCGCTTTACCTTG-1,0.129344,0.221066,0.104879,0.544711
AAGCCGGAGAGCAGGA-1,0.318678,0.034567,0.028143,0.618612
AAGCGCAGGGCTTTGA-1,0.101888,0.049139,0.651644,0.197329
AAGCGGAGTGCGCGCA-1,0.505913,0.283747,0.111319,0.099021
AAGCGGCGTCATGGGT-1,0.235303,0.667273,0.00356,0.093864
AAGCGTCCCTCATCGA-1,0.282445,0.000849,0.281771,0.434936
AAGCTAGATCGAGTAA-1,0.094156,0.058632,0.22321,0.624002
AAGCTATGGATTGACC-1,0.041157,0.027014,0.127386,0.804443
AAGCTCGTGCCAAGTC-1,0.080105,0.106069,0.272124,0.541703
AAGCTCTTTCATGGTG-1,0.040576,0.099923,0.311629,0.547873
AAGGAGAACTTATAAG-1,0.051107,0.872419,0.02863,0.047844
AAGGAGCGGTTGGTGC-1,0.521538,0.23495,0.011341,0.232171
AAGGATCGATCGCTTG-1,0.112442,0.044674,0.241517,0.601366
AAGGATGAGGGACCTC-1,0.332389,0.032049,0.446668,0.188895
AAGGCAGGCTGTCTCC-1,0.039266,0.048334,0.10683,0.80557
AAGGCGCGTAAAGCTT-1,0.252495,0.662044,0.047817,0.037643
AAGGCTGTGCTCATCG-1,0.661976,0.066233,0.253228,0.018562
AAGGGAACGACTGGCT-1,0.00593,0.034286,0.048567,0.911217
AAGGGACAGATTCTGT-1,0.99967,0.000082,0.000041,0.000206
AAGGGACTATGCATTC-1,0.176435,0.045352,0.771409,0.006804
AAGGGTTAGCCATGCG-1,0.028983,0.092974,0.276612,0.601431
AAGGGTTTGATTTCAG-1,0.427965,0.210112,0.091445,0.270478
AAGGTATCCTAATATA-1,0.722832,0.024568,0.017531,0.235068
AAGGTGATAAACCAGC-1,0.028988,0.028091,0.194414,0.748506
AAGTAAGCTTCCAAAC-1,0.042061,0.842097,0.092444,0.023398
AAGTAGAAGACCGGGT-1,0.191505,0.668342,0.039102,0.101051
AAGTAGTGACGCGAGG-1,0.308653,0.256089,0.145805,0.289453
AAGTCAATTGTCGTCA-1,0.041319,0.013438,0.180317,0.764925
AAGTCTAGTAGCTGCC-1,0.127692,0.148285,0.25397,0.470052
AAGTCTTCTGTGGCCT-1,0.552436,0.436672,0.000029,0.010862
AAGTGACGACCGAATT-1,0.919728,0.024579,0.021263,0.034431
AAGTGAGTCGGGTTTA-1,0.003992,0.095265,0.2429,0.657844
AAGTGCAAAGGTAGAC-1,0.231978,0.552818,0.000134,0.21507
AAGTGCCTTGACTGTA-1,0.05672,0.124555,0.024406,0.794319
AAGTGCGTTAGAATCT-1,0.205482,0.083023,0.011988,0.699507
AAGTGCTTCTCTATTG-1,0.050674,0.019827,0.130431,0.799067
AAGTGTTTGGAGACGG-1,0.059305,0.026093,0.534138,0.380463
AAGTTCACTCCAAGCT-1,0.001575,0.154875,0.018191,0.825359
AAGTTCAGTCTGCGTA-1,0.1342,0.137384,0.14853,0.579886
AAGTTCGGCCAACAGG-1,0.179753,0.187504,0.221355,0.411388
AAGTTGTGATGTTATA-1,0.000014,0.100058,0.005356,0.894571
AAGTTTACTAATGGCA-1,0.142187,0.780809,0.042177,0.034828
AAGTTTATGGGCCCAA-1,0.049105,0.055336,0.285437,0.610122
AATAACAACGCTCGGC-1,0.759573,0.039132,0.021177,0.180118
AATAACACTAGAACAA-1,0.099465,0.093153,0.137481,0.669902
AATAACGTCGCGCCCA-1,0.18356,0.051473,0.394742,0.370225
AATAAGTCCTCGAGAC-1,0.063567,0.781756,0.053872,0.100805
AATAATCTTCGTATCG-1,0.084409,0.019991,0.418005,0.477595
AATACAATGTTTCAGG-1,0.169857,0.754023,0.021014,0.055105
AATACCGGAGGGCTGT-1,0.043385,0.023309,0.058021,0.875285
AATACCTGATGTGAAC-1,0.171875,0.093539,0.02167,0.712916
AATAGAACAGAGTGGC-1,0.080398,0.050479,0.069482,0.79964
AATAGAATCTGTTTCA-1,0.164126,0.115979,0.178258,0.541637
AATAGCAAGCCTCCTG-1,0.274806,0.608382,0.111096,0.005716
AATAGCTACCGCGTGC-1,0.430844,0.062125,0.162305,0.344726
AATAGGCACGACCCTT-1,0.059875,0.042404,0.038497,0.859224
AATAGTCCGTCCCGAC-1,0.055597,0.040297,0.038376,0.865731
AATAGTCGCGAGTCGG-1,0.371602,0.563678,0.01708,0.04764
AATATCAAGGTCGGAT-1,0.143197,0.719294,0.135943,0.001566
AATATCCTAGCAAACT-1,0.776969,0.158577,0.054253,0.010201
AATATCGAATCAATGC-1,0.014573,0.039508,0.061901,0.884018
AATATCGAGGGTTCTC-1,0.08156,0.043627,0.419036,0.455778
AATATTGGAGTATTGA-1,0.11494,0.138253,0.072418,0.674389
AATCAGACTGCAGGAC-1,0.043492,0.951086,0.005204,0.000219
AATCAGGTTTCATTTA-1,0.08115,0.069632,0.355934,0.493285
AATCATGTAAAGACTC-1,0.080289,0.101556,0.156645,0.66151
AATCCAAGGGCCTGAG-1,0.092291,0.812436,0.012362,0.082911
AATCCATGCAAGGGTG-1,0.059643,0.925395,0.006545,0.008417
AATCCCGCTCAGAGCC-1,0.259454,0.006936,0.202476,0.531134
AATCGAGGTCTCAAGG-1,0.324637,0.027498,0.058839,0.589026
AATCGCCTCAGCGCCA-1,0.152274,0.080672,0.414627,0.352427
AATCGCGCAGAGGACT-1,0.019737,0.084649,0.036078,0.859536
AATCGGGACACTACGA-1,0.074999,0.797246,0.079253,0.048502
AATCGGTATAGCCCTC-1,0.020589,0.048591,0.178035,0.752785
AATCGTGAGCCGAGCA-1,0.040443,0.076763,0.207518,0.675277
AATCTAGGTTTACTTG-1,0.25622,0.21151,0.227152,0.305117
AATCTATGCCGGAGCC-1,0.022938,0.033552,0.114198,0.829313
AATCTCTACTGTGGTT-1,0.889929,0.109628,0.000074,0.000369
AATCTGCGTTGGGACG-1,0.069275,0.065131,0.270999,0.594595
AATCTGGCTTTCTAGT-1,0.055824,0.070305,0.113315,0.760556
AATCTGGGTAGACCCT-1,0.103057,0.814281,0.075267,0.007396
AATGACAGCAATGTCT-1,0.229808,0.051151,0.082139,0.636902
AATGACGTAGGATGTC-1,0.00888,0.059895,0.303543,0.627682
AATGACTGTCAGCCGG-1,0.761162,0.177677,0.060922,0.000238
AATGAGTTCGCATATG-1,0.209231,0.722568,0.050413,0.017789
AATGATGATACGCTAT-1,0.196253,0.110991,0.394096,0.298661
AATGATGCGACTCCTG-1,0.334235,0.00379,0.44576,0.216215
AATGCAACCGGGTACC-1,0.021678,0.129395,0.05034,0.798587
AATGCACCAAGCAATG-1,0.000014,0.226848,0.000044,0.773094
AATGGCCGCCAATGCG-1,0.000014,0.849422,0.000793,0.149771
AATGGTCCACCGTTCA-1,0.540402,0.378827,0.074588,0.006182
AATGGTTCTCACAAGC-1,0.43188,0.524358,0.037115,0.006647
AATGTATGGCACTGTA-1,0.119465,0.02164,0.330196,0.528698
AATGTGCCCGAGGTGT-1,0.091203,0.018833,0.006025,0.883939
AATGTGCTAATCTGAG-1,0.02009,0.037017,0.342617,0.600275
AATGTTAAGACCCTGA-1,0.132857,0.01519,0.587708,0.264245
AATGTTGTCGTGAGAC-1,0.318953,0.027704,0.016425,0.636918
AATTAAAGGTCGGCGT-1,0.045586,0.094894,0.237006,0.622514
AATTAACGGATTTCCA-1,0.10739,0.127321,0.266012,0.499277
AATTACGAGACCCATC-1,0.558807,0.105995,0.211068,0.12413
AATTACTCGTACGCTC-1,0.003907,0.983966,0.000033,0.012095
AATTAGCGCTGCAGCG-1,0.000018,0.009757,0.002082,0.988143
AATTATACCCAGCAAG-1,0.134492,0.028698,0.107462,0.729347
AATTCATAAGGGATCT-1,0.224096,0.142877,0.45516,0.177868
AATTCATTGTCATGCA-1,0.078417,0.118481,0.080793,0.72231
AATTCCAACTTGGTGA-1,0.000032,0.962475,0.000052,0.03744
AATTCCAAGCATGTAC-1,0.171786,0.063175,0.03308,0.731959
AATTCGATTCGAGGAT-1,0.086728,0.052306,0.074593,0.786373
AATTCTAGAGTTAGGC-1,0.167958,0.142909,0.309402,0.379731
AATTGAACGCTCTGGT-1,0.17812,0.078718,0.490814,0.252348
AATTGCAGCAATCGAC-1,0.168253,0.053444,0.124682,0.653621
AATTGCGTGGATTACA-1,0.091716,0.074564,0.28406,0.549659
AATTGTGGTTGCCAAA-1,0.079711,0.01513,0.177644,0.727514
AATTTGGGACATAGTA-1,0.700988,0.153432,0.076562,0.069019
AATTTGGTTCCAAAGA-1,0.068163,0.749892,0.013239,0.168705
ACAAACCATGCGTCCT-1,0.093939,0.068341,0.221895,0.615825
ACAAACCGACAAGGCG-1,0.000027,0.98756,0.00339,0.009024
ACAAACTCCATCAGAG-1,0.043582,0.026847,0.647913,0.281658
ACAAAGAAGGTAGGCC-1,0.904737,0.090129,0.003319,0.001815
ACAAAGCATGACCTAG-1,0.077068,0.019889,0.494021,0.409021
ACAAATCGCACCGAAT-1,0.11695,0.109299,0.287906,0.485846
ACAAATGGTAGTGTTT-1,0.185209,0.0302,0.107633,0.676958
ACAAATTCAGATCTGA-1,0.361798,0.515534,0.075585,0.047082
ACAACAGCATGAGCTA-1,0.000878,0.047163,0.396889,0.55507
ACAACGGTCCCTGCGA-1,0.24933,0.653423,0.068973,0.028274
ACAAGCAGTGCCTAGC-1,0.592404,0.318388,0.066497,0.022711
ACAAGCTATATGGAAG-1,0.355285,0.607722,0.002152,0.034841
ACAAGGAAATCCGCCC-1,0.135791,0.101883,0.114892,0.647435
ACAAGGACAAGAGGTT-1,0.281173,0.48795,0.001647,0.22923
ACAAGGATGCTTTAGG-1,0.109603,0.058244,0.454695,0.377459
ACAAGGCCTACCAGCC-1,0.365531,0.555352,0.075114,0.004003
ACAAGGGCAGGCTCTG-1,0.043867,0.05025,0.35233,0.553553
ACAAGTAATTGTAAGG-1,0.091001,0.031249,0.349933,0.527817
ACAATAGTCGTACGTT-1,0.877762,0.051557,0.005619,0.065062
ACAATCCATTTAAACC-1,0.350682,0.140272,0.197069,0.311977
ACAATCGATCTTTATA-1,0.004203,0.948726,0.030156,0.016915
ACAATGAATACGGAGA-1,0.763809,0.000066,0.207325,0.0288
ACAATGATTCTTCTAC-1,0.331877,0.559845,0.041624,0.066654
ACAATTGTGTCTCTTT-1,0.084574,0.042414,0.145494,0.727518
ACAATTTAGGAGGCTC-1,0.344407,0.518022,0.029967,0.107603
ACAATTTGAGCAGTGG-1,0.170794,0.110772,0.481366,0.237068
ACAATTTGGCCATATT-1,0.032391,0.065837,0.230439,0.671333
ACACAAAGACGGGTGG-1,0.220763,0.318307,0.305208,0.155722
ACACAAATATTCCTAG-1,0.403117,0.161638,0.321264,0.11398
ACACACCAGGACCAGT-1,0.046836,0.095569,0.066717,0.790878
ACACACTTTCTACACG-1,0.071873,0.639203,0.120602,0.168322
ACACATGATCAAATCT-1,0.007901,0.016486,0.003124,0.97249
ACACATTGACGCAACA-1,0.001949,0.973973,0.000022,0.024056
ACACATTTCCGTAGAC-1,0.002296,0.043071,0.055428,0.899205
ACACCACATAATTAGC-1,0.004787,0.080961,0.011427,0.902825
ACACCCAGCATGCAGC-1,0.168968,0.387658,0.00002,0.443354
ACACCCGAGAAATCCG-1,0.298294,0.645321,0.030683,0.025701
ACACCCGTAAATCTGT-1,0.028666,0.799088,0.023557,0.148689
ACACCGAGCGCTCTTT-1,0.075929,0.900858,0.022446,0.000767
ACACCGGTCTGACCGC-1,0.063747,0.022164,0.23892,0.67517
ACACCTTAAGTAGGGC-1,0.578106,0.346622,0.060643,0.014629
ACACCTTACTACTTGC-1,0.033025,0.037898,0.034885,0.894191
ACACGAGACTCCTTCT-1,0.158823,0.11371,0.189516,0.537951
ACACGGCACTATGCAT-1,0.127042,0.662916,0.156005,0.054037
ACACGGGAACTTAGGG-1,0.268058,0.317361,0.007838,0.406743
ACACGTAGGCCACAAG-1,0.104866,0.094481,0.178961,0.621692
ACACTCCAATGTCACT-1,0.458884,0.524832,0.004851,0.011433
ACACTGATCAAGGTGT-1,0.240737,0.103558,0.484548,0.171157
ACACTGGGACAGTCGT-1,0.197159,0.059491,0.292473,0.450877
ACAGAACTGAGAACAA-1,0.277397,0.013451,0.000011,0.709141
ACAGATTAGGTTAGTG-1,0.082128,0.646139,0.132306,0.139427
ACAGCATAGAGCCAGT-1,0.17561,0.667274,0.044658,0.112458
ACAGCGACATTCTCAT-1,0.111269,0.096449,0.158716,0.633566
ACAGCGCACCCGCAGC-1,0.138659,0.650418,0.106852,0.104071
ACAGGAGGCGCAGCCG-1,0.005661,0.844298,0.024045,0.125995
ACAGGCACGGATCCTT-1,0.04751,0.06242,0.284297,0.605773
ACAGGCTTGCCCGACT-1,0.050316,0.073751,0.292054,0.583879
ACAGGTGGAGGTGAGG-1,0.078618,0.108722,0.159731,0.652929
ACAGGTGTGTTGTTGC-1,0.195582,0.666148,0.001045,0.137225
ACAGTAATACAACTTG-1,0.331471,0.186121,0.125318,0.35709
ACAGTATACCGTGGGA-1,0.055399,0.12375,0.128361,0.69249
ACAGTGCAGCGCATTT-1,0.000012,0.783127,0.003012,0.213848
ACATAAGTCGTGGTGA-1,0.999707,0.000073,0.000037,0.000183
ACATAATAAGGCGGTG-1,0.312368,0.00968,0.523871,0.15408
ACATACAATCAAGCGG-1,0.635287,0.009746,0.115942,0.239025
ACATCAGCTGGGACGC-1,0.529545,0.384204,0.083552,0.002699
ACATCCCGGCCATACG-1,0.050719,0.038209,0.26895,0.642123
ACATCCTGGTAACTGT-1,0.057113,0.053504,0.10457,0.784813
ACATCGATCGTTTACC-1,0.155504,0.249242,0.341499,0.253755
ACATCGCAATATTCGG-1,0.167662,0.003364,0.035138,0.793836
ACATCGGTCAGCCGCG-1,0.150408,0.086747,0.107441,0.655403
ACATCGTATGCAATGG-1,0.073599,0.060087,0.466466,0.399848
ACATCGTTAACCTAGT-1,0.087711,0.753266,0.032785,0.126238
ACATCTCAACGCGTAA-1,0.029358,0.860985,0.086278,0.023379
ACATGCTTACGGCAGC-1,0.261174,0.004668,0.333454,0.400703
ACATGGCGCCAAAGTA-1,0.105856,0.10687,0.157442,0.629832
ACATGGCTCAATTTAG-1,0.001425,0.878158,0.078343,0.042075
ACATTAGTTTATATCC-1,0.089039,0.069696,0.502475,0.33879
ACATTCGCGCGGAATA-1,0.214352,0.026243,0.320369,0.439036
ACATTTGAAACCTAAC-1,0.845383,0.004053,0.000278,0.150285
ACCAAACACCCAGCGA-1,0.118081,0.14737,0.115899,0.618649
ACCAAACTAGAAATCC-1,0.092377,0.829794,0.04354,0.034288
ACCAACACCACACACT-1,0.13733,0.149761,0.134408,0.578501
ACCAACCGCACTCCAC-1,0.034869,0.065401,0.166063,0.733667
ACCAACGCTTATTTAT-1,0.048976,0.043669,0.10925,0.798104
ACCAAGAACGCGTGTC-1,0.462654,0.475321,0.042283,0.019743
ACCAAGTCATCGGCAG-1,0.118714,0.04063,0.239911,0.600746
ACCAATATGCAAGTTA-1,0.090454,0.131492,0.365993,0.412061
ACCACAACTCAGAACA-1,0.199986,0.609365,0.073264,0.117385
ACCACAAGTTTCTATC-1,0.089526,0.163839,0.12226,0.624374
ACCACACGGTTGATGG-1,0.030778,0.023851,0.138233,0.807138
ACCACCAATGTAACAA-1,0.086811,0.071315,0.085735,0.756139
ACCACCCTCTCTTCTA-1,0.513971,0.121469,0.130431,0.234129
ACCACGTGCAGCTATA-1,0.000022,0.012406,0.027639,0.959933
ACCACTGTTCAAGAAG-1,0.002309,0.944744,0.003755,0.049192
ACCAGACCATAACAAC-1,0.398535,0.477312,0.001507,0.122646
ACCAGCCCGGTCTTTG-1,0.098203,0.855696,0.030668,0.015433
ACCAGGAGTGTGATCT-1,0.000038,0.969476,0.000038,0.030449
ACCAGTGCCCGGTCAA-1,0.173504,0.670732,0.04934,0.106424
ACCAGTGCGGGAGACG-1,0.000023,0.081937,0.033607,0.884432
ACCATATCCGCAATAA-1,0.326664,0.110428,0.440471,0.122437
ACCATCCGCCAACTAG-1,0.999707,0.000073,0.000037,0.000183
ACCATCGTATATGGTA-1,0.120258,0.061432,0.040255,0.778055
ACCATTAAGGGTGTCA-1,0.039562,0.82381,0.000025,0.136603
ACCCAACGCCCGTGGC-1,0.002763,0.042382,0.058896,0.895959
ACCCACCTACATGCTC-1,0.435313,0.40853,0.094158,0.061999
ACCCATCTTGAGGGTA-1,0.041151,0.086808,0.263274,0.608767
ACCCATTTGTCCCTCT-1,0.130441,0.114689,0.329127,0.425742
ACCCGAGCGAAATTAC-1,0.091687,0.15589,0.070576,0.681848
ACCCGATTGGTTCCGA-1,0.091212,0.000539,0.382004,0.526245
ACCCGGAAACTCCCAG-1,0.024602,0.105597,0.083341,0.78646
ACCCGGAGCACCACAA-1,0.138066,0.108615,0.116084,0.637235
ACCCGGATGACGCATC-1,0.080775,0.160479,0.272989,0.485757
ACCCGGTTACACTTCC-1,0.164994,0.091994,0.047912,0.695101
ACCCGTAGCAGAGAAT-1,0.151164,0.182989,0.239359,0.426489
ACCCGTAGTCTAGTTG-1,0.09353,0.166667,0.140503,0.5993
ACCCGTGTCATCAGTA-1,0.053284,0.004785,0.000421,0.94151
ACCCTATAGGACTGAG-1,0.029964,0.930621,0.021599,0.017816
ACCCTATGCCATATCG-1,0.074473,0.011032,0.048446,0.866049
ACCCTCCCGTCAGGGC-1,0.059134,0.06996,0.148482,0.722424
ACCCTCCCTTGCTATT-1,0.013402,0.153674,0.240815,0.592109
ACCCTGGTAACGCCCT-1,0.259347,0.092887,0.177192,0.470574
ACCCTTCATCTGCGAA-1,0.111565,0.625774,0.059497,0.203164
ACCCTTGCCTGGGTCG-1,0.290123,0.297897,0.110265,0.301714
ACCCTTTAGTTCTCCA-1,0.000733,0.911452,0.002575,0.085241
ACCGAAAGGGCCCTGC-1,0.095437,0.808264,0.049184,0.047115
ACCGAAGAGTCTGGTT-1,0.535195,0.095781,0.239177,0.129847
ACCGACACATCTCCCA-1,0.000131,0.023216,0.012877,0.963776
ACCGACTGAGTCCCAC-1,0.020463,0.239804,0.015069,0.724664
ACCGAGTCTCCTTATT-1,0.107371,0.070593,0.337386,0.48465
ACCGATAGGCATAACC-1,0.420276,0.008428,0.426382,0.144913
ACCGATATTTAATCAT-1,0.09465,0.062534,0.338743,0.504073
ACCGATGGTAGCATCG-1,0.061006,0.144241,0.292336,0.502416
ACCGCAATAACTGCCT-1,0.019196,0.033265,0.346171,0.601369
ACCGCGGTGGAAGTCG-1,0.021041,0.034085,0.178797,0.766077
ACCGCTAGTCATTGGT-1,0.168034,0.044036,0.17908,0.608851
ACCGGGCCTTTGTTGA-1,0.029545,0.067576,0.048082,0.854797
ACCGGTCAGGTACACC-1,0.231749,0.123173,0.360676,0.284402
ACCGGTCTGAGTACGG-1,0.095957,0.832713,0.002112,0.069218
ACCGTCCACTGGGCCC-1,0.992101,0.000064,0.001625,0.00621
ACCGTGACCACGTGGG-1,0.023407,0.059459,0.049562,0.867572
ACCGTTCCCGCTCTGA-1,0.088211,0.873333,0.035628,0.002828
ACCTAAGTACCTTTCA-1,0.024836,0.109621,0.279154,0.586389
ACCTAATCGACTTCCT-1,0.919586,0.056561,0.022893,0.00096
ACCTACAGTATGTGGT-1,0.081154,0.04392,0.074075,0.80085
ACCTACTATAAATCTA-1,0.092956,0.025385,0.245881,0.635777
ACCTCAGCGAGGCGCA-1,0.347678,0.028835,0.129823,0.493664
ACCTCCGCCCTCGCTG-1,0.025501,0.070939,0.27872,0.624841
ACCTCCGTTATTCACC-1,0.041627,0.243811,0.198267,0.516295
ACCTCGAACTTATGCT-1,0.246115,0.029384,0.209932,0.514569
ACCTGCGTGTCATGTT-1,0.238762,0.047901,0.492047,0.22129
ACCTTTCCTTTAGAAG-1,0.006265,0.952825,0.033226,0.007684
ACGAAATGGGCGGCAC-1,0.705689,0.220952,0.073036,0.000323
ACGACCCATGAGTTGC-1,0.341452,0.01601,0.45482,0.187719
ACGACTCTAGGGCCGA-1,0.021763,0.034698,0.05129,0.892249
ACGACTGGTCATACTC-1,0.029285,0.059482,0.164166,0.747067
ACGAGAACCCATCACG-1,0.020773,0.872212,0.019655,0.08736
ACGAGATATTTGCTTA-1,0.192347,0.649702,0.054642,0.103308
ACGAGGATACCACTCT-1,0.151429,0.031656,0.210997,0.605918
ACGAGGTTTACAACGT-1,0.991975,0.000047,0.000023,0.007954
ACGAGTACGGATGCCC-1,0.130424,0.077027,0.311386,0.481162
ACGAGTCGCCGGCGTT-1,0.022071,0.906185,0.051435,0.020309
ACGATACATAGAACTA-1,0.006009,0.127088,0.002376,0.864526
ACGATACCTATCCTGA-1,0.278295,0.645187,0.003007,0.073511
ACGATCATACATAGAG-1,0.000011,0.077585,0.000011,0.922393
ACGATCATCTTGTAAA-1,0.029519,0.150682,0.38893,0.430869
ACGATGCATATGTTAT-1,0.167211,0.075592,0.092812,0.664385
ACGATGGATCCGATGC-1,0.188204,0.674306,0.109816,0.027674
ACGCAAACTAATAGAT-1,0.004424,0.081534,0.147638,0.766404
ACGCAATCACTACAGC-1,0.122307,0.06062,0.187113,0.629961
ACGCATAAATGACATG-1,0.242426,0.596351,0.155024,0.006199
ACGCATACGTTTACTA-1,0.103617,0.111605,0.211762,0.573015
ACGCATTCGTGAGTAC-1,0.084772,0.098298,0.208312,0.608618
ACGCCACTCGAAACAG-1,0.0213,0.092261,0.182451,0.703988
ACGCCAGATGATTTCT-1,0.107359,0.10317,0.086953,0.702519
ACGCCAGTGCGTTTGC-1,0.614301,0.000107,0.27788,0.107712
ACGCCCAGCTGTCGAT-1,0.026856,0.922935,0.006074,0.044135
ACGCCGCTAGACGACC-1,0.008075,0.250072,0.056205,0.685648
ACGCCTGACACGCGCT-1,0.003119,0.781453,0.021864,0.193564
ACGCGAAGTCAGACGA-1,0.227514,0.043319,0.04004,0.689128
ACGCGCTACACAGGGT-1,0.357227,0.029073,0.199393,0.414307
ACGCGGGCCAAGGACA-1,0.092746,0.072015,0.126893,0.708346
ACGCGTTTCTTAAGAG-1,0.574537,0.356585,0.042161,0.026717
ACGCTACTGAATGGGC-1,0.006399,0.011033,0.127822,0.854745
ACGCTAGTATCAGTGC-1,0.000017,0.803181,0.000411,0.196391
ACGCTAGTGATACACT-1,0.099072,0.148773,0.182257,0.569897
ACGCTGTGAGGCGTAG-1,0.999156,0.000211,0.000105,0.000527
ACGCTTAGTGTCTCTC-1,0.028909,0.894849,0.000033,0.076209
ACGGAACACGAGTGCC-1,0.950291,0.000069,0.000034,0.049606
ACGGAATTTAGCAAAT-1,0.120696,0.819726,0.059255,0.000323
ACGGACGCAGCGACAA-1,0.123487,0.010852,0.383797,0.481865
ACGGACTCTCAAAGCG-1,0.082158,0.018915,0.359031,0.539896
ACGGAGCGCAAATTAC-1,0.452282,0.075387,0.35365,0.118681
ACGGATGGTGCGGATA-1,0.013109,0.023418,0.118873,0.8446
ACGGCACTTGCTTGGG-1,0.001857,0.080099,0.187616,0.730428
ACGGCCAACATGGACT-1,0.030287,0.046578,0.075166,0.84797
ACGGCGACGATGGGAA-1,0.133727,0.04201,0.090773,0.73349
ACGGCGGGTTGCCCTG-1,0.010262,0.918488,0.000108,0.071142
ACGGCTGGATGTAGAA-1,0.060596,0.143891,0.023677,0.771836
ACGGGAGTGTCGGCCC-1,0.050079,0.109634,0.116378,0.723908
ACGGGCGTATGCGACA-1,0.570263,0.029182,0.007397,0.393157
ACGGGTCATGTGACTT-1,0.08907,0.82034,0.023837,0.066753
ACGGGTTGTGACCTGT-1,0.131681,0.210285,0.466948,0.191087
ACGGTACAGTTCAATG-1,0.045722,0.033915,0.23531,0.685053
ACGGTCACCGAGAACA-1,0.131742,0.153465,0.400709,0.314084
ACGTACAGATTTCTCT-1,0.239982,0.521759,0.110259,0.127999
ACGTACTTTGGCACGG-1,0.063844,0.054228,0.539895,0.342033
ACGTAGATTGCTGATG-1,0.000064,0.203224,0.103642,0.693071
ACGTAGGAGAGTCGCT-1,0.102128,0.184884,0.136101,0.576887
ACGTATTACTCCGATC-1,0.007486,0.219536,0.004575,0.768402
ACGTCCTAAACGAGAT-1,0.036762,0.904574,0.047373,0.011291
ACGTCGGGCAACTCGG-1,0.426801,0.025242,0.035334,0.512623
ACGTCTCGTTCCGGGA-1,0.840108,0.091105,0.005863,0.062924
ACGTGACAAAGTAAGT-1,0.308275,0.301412,0.048221,0.342092
ACGTGCGCCTCGTGCA-1,0.429805,0.247097,0.249643,0.073455
ACGTGGTCGAATGTGC-1,0.105079,0.791294,0.030844,0.072782
ACGTTAATGTCGAAGA-1,0.059301,0.071079,0.169558,0.700062
ACGTTAGATTTGCCCG-1,0.084805,0.08275,0.704191,0.128253
ACGTTATTGGTCACTC-1,0.105705,0.843132,0.000047,0.051116
ACGTTCACTATGCCGC-1,0.128034,0.001347,0.076524,0.794094
ACGTTCCGCGCTCCGT-1,0.19575,0.757537,0.023752,0.022962
ACGTTCGCAATCAATT-1,0.130113,0.141778,0.430757,0.297352
ACGTTCGTTCAGGAAA-1,0.00426,0.112343,0.103846,0.779552
ACGTTCTGTACAAGTC-1,0.001187,0.05332,0.006728,0.938766
ACGTTGTCGTTGAAAG-1,0.087959,0.000083,0.427178,0.484779
ACGTTTAGTTGTGATC-1,0.037393,0.732773,0.000039,0.229795
ACGTTTCGGTGCACTT-1,0.058273,0.026441,0.338973,0.576313
ACTAAGGACGCACACC-1,0.410677,0.400739,0.00256,0.186025
ACTAATACGTCAGGCG-1,0.314817,0.535952,0.117277,0.031954
ACTACAAAGAGAGGTG-1,0.137256,0.03148,0.387709,0.443555
ACTACATCCCGACAAG-1,0.000009,0.030237,0.001222,0.968531
ACTACCAGCTCTCTGG-1,0.548671,0.390706,0.00006,0.060562
ACTACCATCCGAGGGC-1,0.419804,0.000258,0.000174,0.579764
ACTACGCGTTAGAATT-1,0.095784,0.106968,0.197644,0.599604
ACTAGTTGCGATCGTC-1,0.021259,0.014852,0.283653,0.680235
ACTATATGCTGTGTTC-1,0.179976,0.239962,0.430858,0.149204
ACTATCCAGGGCATGG-1,0.01707,0.049659,0.035973,0.897298
ACTATCGCCGGCTAAA-1,0.000015,0.889797,0.00231,0.107878
ACTATCTGCCCGCGTA-1,0.081431,0.048019,0.203514,0.667036
ACTATGTCCAGCTGCC-1,0.137195,0.029635,0.278535,0.554636
ACTATTCGTCCGTGGT-1,0.216598,0.631003,0.10864,0.043759
ACTATTTCCGGGCCCA-1,0.136623,0.081369,0.523708,0.2583
ACTCAACGAATGTATT-1,0.133323,0.827219,0.001555,0.037904
ACTCAAGTGCAAGGCT-1,0.036134,0.023181,0.835221,0.105464
ACTCAATAAAGGCACG-1,0.021217,0.234652,0.010551,0.733579
ACTCAGACCTGCTTCT-1,0.180425,0.721244,0.071981,0.026349
ACTCATGGCAGCCTTC-1,0.000018,0.005573,0.000741,0.993668
ACTCCAATATCATCAT-1,0.146416,0.098916,0.370552,0.384115
ACTCCCATTCCTAAAG-1,0.095516,0.115552,0.199075,0.589857
ACTCCCGAATTCGTTT-1,0.176337,0.063427,0.198505,0.56173
ACTCCCGTAGACTAGG-1,0.214845,0.093169,0.052129,0.639857
ACTCCCTAATGCTAAA-1,0.025593,0.132776,0.14173,0.699901
ACTCCCTAGAATAGTA-1,0.077497,0.065377,0.1274,0.729726
ACTCCGGCCGACCACT-1,0.021039,0.137254,0.206531,0.635176
ACTCGATGTATTTCAT-1,0.297465,0.579247,0.121234,0.002054
ACTCGCCGTTCGATAA-1,0.112344,0.245905,0.012793,0.628957
ACTCGCGATCTGACGC-1,0.021584,0.05211,0.181877,0.744429
ACTCGTAACCCGTCCT-1,0.270215,0.054569,0.020347,0.654869
ACTCGTCAGTAATCCC-1,0.091141,0.100028,0.028735,0.780096
ACTCTAAACCTGGGAT-1,0.265125,0.599763,0.000015,0.135097
ACTCTCTGACTTAGGT-1,0.056116,0.039202,0.284361,0.620321
ACTCTCTTATACACGA-1,0.336247,0.567528,0.077489,0.018735
ACTCTGACCTAATAGA-1,0.051697,0.043452,0.616519,0.288332
ACTCTTCAGCTCCCGC-1,0.191287,0.059108,0.137998,0.611607
ACTCTTGTATAGTAAC-1,0.056747,0.299675,0.054522,0.589056
ACTGAAACGCCGTTAG-1,0.058561,0.13562,0.063401,0.742418
ACTGAATGGCGAAAGT-1,0.000017,0.015494,0.001652,0.982837
ACTGATTTAGTGATTC-1,0.030148,0.881998,0.036564,0.051291
ACTGCCCGCCATTCTC-1,0.010519,0.072809,0.176707,0.739965
ACTGCCGTCGTAACTC-1,0.373246,0.359939,0.052629,0.214186
ACTGCGGACACACCGT-1,0.217641,0.046879,0.099415,0.636064
ACTGCTCGGAAGGATG-1,0.110999,0.189077,0.324295,0.375629
ACTGGCGAACCTGCGT-1,0.528287,0.323447,0.015512,0.132755
ACTGGGATGCCAGTGC-1,0.031492,0.037731,0.575691,0.355085
ACTGTACGATACACAT-1,0.06405,0.120985,0.460903,0.354063
ACTGTAGCACTTTGGA-1,0.48394,0.285366,0.144115,0.086579
ACTGTATACGCGAGCA-1,0.067417,0.891674,0.010539,0.03037
ACTGTCCAGGATTATA-1,0.159955,0.074153,0.07735,0.688543
ACTGTCTTCTTTAGAA-1,0.264792,0.123554,0.013028,0.598626
ACTGTGCTAGTAGATC-1,0.09625,0.534559,0.368185,0.001006
ACTGTTTAGTGTAGGC-1,0.026295,0.917804,0.055585,0.000316
ACTTACCGGGCGCGCA-1,0.893536,0.105668,0.000061,0.000735
ACTTACGCATCCACGC-1,0.105947,0.012332,0.391615,0.490106
ACTTAGTACGACAAGA-1,0.255108,0.647053,0.073318,0.024521
ACTTATACTTACCCGG-1,0.12921,0.233317,0.378371,0.259102
ACTTATCTGATCTATA-1,0.074403,0.866235,0.042287,0.017074
ACTTATTAGGATCGGT-1,0.070056,0.153114,0.065259,0.711571
ACTTATTTATGTGCCA-1,0.183418,0.081741,0.449263,0.285579
ACTTCAGGCTGATCCC-1,0.02142,0.034081,0.102694,0.841805
ACTTCCAGTGGAAGCT-1,0.145363,0.188968,0.041754,0.623916
ACTTCCATGCGGGACA-1,0.002651,0.046978,0.172758,0.777613
ACTTCCTGTCGTGCGA-1,0.066255,0.863652,0.034778,0.035316
ACTTCGCCATACGCAC-1,0.148054,0.181794,0.057511,0.612641
ACTTCGCTAGCGAGTG-1,0.089475,0.06114,0.377852,0.471533
ACTTGACTCCCTCTTT-1,0.019253,0.069336,0.638871,0.27254
ACTTGCCATATTGTAC-1,0.112137,0.764244,0.123411,0.000208
ACTTGCTCTATCTACC-1,0.299562,0.132499,0.180897,0.387042
ACTTGGGACCCGGTGG-1,0.610379,0.14396,0.151753,0.093909
ACTTGGGCTTTCGCCA-1,0.121499,0.071913,0.256381,0.550206
ACTTGTAGTCCCTTCA-1,0.939308,0.000104,0.060326,0.000261
ACTTGTGGATGGAACG-1,0.011187,0.106485,0.378276,0.504053
ACTTGTTACCGGATCA-1,0.018436,0.100279,0.141119,0.740166
ACTTTACCCTCATGAA-1,0.190249,0.080623,0.49056,0.238569
ACTTTATACACCACTT-1,0.103851,0.025829,0.48107,0.389251
ACTTTCCTATAGCTTC-1,0.005147,0.108353,0.004801,0.881699
ACTTTGACTGCATCCT-1,0.981197,0.017967,0.000139,0.000697
ACTTTGGTCGTGCTCC-1,0.011136,0.089449,0.029091,0.870323
ACTTTGTCGACGCACT-1,0.287587,0.058789,0.154921,0.498703
AGAAATTATGACTCGC-1,0.062235,0.080282,0.103141,0.754342
AGAACACGGCGATGGT-1,0.006897,0.007644,0.004343,0.981116
AGAACCCAGCGTGACA-1,0.032909,0.032903,0.010194,0.923994
AGAACCCTCAATTGGG-1,0.335682,0.06852,0.116337,0.47946
AGAACGTGGTACATTC-1,0.004179,0.082475,0.00002,0.913327
AGAACTGTACTTTGTA-1,0.694733,0.001813,0.004825,0.298628
AGAAGAGCGCCGTTCC-1,0.629585,0.004942,0.002471,0.363002
AGAAGGTACACTTCAC-1,0.233228,0.219334,0.304963,0.242475
AGAAGGTTGCCGAATT-1,0.096828,0.074333,0.013754,0.815085
AGAAGGTTGTAGGTCG-1,0.010016,0.05836,0.036695,0.894929
AGAAGTGATTCGTGAT-1,0.312342,0.069047,0.019741,0.59887
AGAATAAATCTTCAGG-1,0.957422,0.016365,0.025944,0.000269
AGAATACAGGCTATCC-1,0.369847,0.025389,0.204456,0.400308
AGAATGCGGGTTCGGA-1,0.446415,0.271294,0.152486,0.129804
AGAATTATGGATTCGA-1,0.126839,0.070354,0.734882,0.067926
AGAATTGTTTGACATA-1,0.234066,0.748054,0.007954,0.009927
AGACAGCTCAGAATCC-1,0.682869,0.315708,0.001237,0.000185
AGACAGGCATCTCAGC-1,0.158891,0.111536,0.308145,0.421427
AGACATAGATCCTTCC-1,0.062614,0.903019,0.034121,0.000246
AGACCAAACCACACCT-1,0.448736,0.056772,0.081414,0.413079
AGACCATGGGATACAA-1,0.58797,0.397624,0.009835,0.00457
AGACCCACCGCTGATC-1,0.068091,0.152887,0.295518,0.483504
AGACCCGCCCTCCTCG-1,0.18139,0.082049,0.054566,0.681995
AGACCGCTCCGCGGTT-1,0.000021,0.047335,0.0174,0.935243
AGACCGGGAAACCCTG-1,0.999516,0.000121,0.000061,0.000303
AGACGAAGTGCCGGTC-1,0.178711,0.135754,0.12977,0.555764
AGACGACGATGCCGCT-1,0.000187,0.112686,0.059931,0.827196
AGACGCCCACTTCGCC-1,0.406873,0.014714,0.270487,0.307927
AGACGGGATTGGTATA-1,0.070392,0.868948,0.017254,0.043406
AGACGGGCCGATTTAA-1,0.335659,0.36744,0.296655,0.000246
AGACTAGCCTTCCAGA-1,0.333081,0.341125,0.146228,0.179566
AGACTGTTACCGGGTC-1,0.159103,0.095209,0.179045,0.566643
AGAGAAACACCAGAAA-1,0.125189,0.003933,0.775415,0.095463
AGAGAACCGTCTAGGA-1,0.836003,0.000136,0.163643,0.000218
AGAGAAGGAGTACAAT-1,0.168803,0.071173,0.168208,0.591815
AGAGATCTCTAAAGCG-1,0.960573,0.037084,0.002046,0.000297
AGAGCAGTTATGAGAC-1,0.325994,0.53198,0.025045,0.11698
AGAGCCGCCGAGATTT-1,0.193739,0.123665,0.308452,0.374143
AGAGCGCTTGTAACGG-1,0.022751,0.251801,0.01487,0.710579
AGAGCGGGCTAATCAT-1,0.347051,0.537338,0.073965,0.041645
AGAGCGTACAAGCTCG-1,0.429774,0.539553,0.021602,0.009072
AGAGCTACGAAAGCAT-1,0.039767,0.938481,0.008447,0.013305
AGAGGCTTCGGAAACC-1,0.005192,0.04095,0.029166,0.924692
AGAGGGACAATTGTCC-1,0.309323,0.564389,0.083135,0.043153
AGAGGTATCTCGGTCC-1,0.092955,0.754321,0.151755,0.00097
AGAGTAAACTTCACTA-1,0.017495,0.074413,0.157616,0.750477
AGAGTATAGTGTTACG-1,0.033483,0.08301,0.010846,0.872661
AGAGTCTTAATGAAAG-1,0.166619,0.114516,0.319546,0.39932
AGAGTGAACAGACACC-1,0.0118,0.814259,0.012756,0.161185
AGAGTTAGAGACCGAT-1,0.378579,0.54685,0.032065,0.042507
AGAGTTGCAGGCCTCC-1,0.575699,0.295393,0.022699,0.106209
AGATAACTTCAGGGCC-1,0.999723,0.000069,0.000035,0.000173
AGATAATCACACCTAT-1,0.220942,0.032591,0.352731,0.393736
AGATACCAATAGAACC-1,0.101721,0.165846,0.092708,0.639725
AGATACCAGCACTTCA-1,0.083292,0.2687,0.012109,0.635899
AGATACCGGTGTTCAC-1,0.223433,0.13774,0.350132,0.288694
AGATACGACTTCATAT-1,0.243515,0.665819,0.082973,0.007694
AGATACTCAAGATCGA-1,0.009969,0.0283,0.208469,0.753261
AGATATAATACGACTA-1,0.118623,0.081762,0.340924,0.45869
AGATCGTGCATAAGAT-1,0.160614,0.108351,0.396463,0.334572
AGATCTCAGGTGTGAT-1,0.016675,0.257025,0.0827,0.643599
AGATCTGGAGAGGATA-1,0.17024,0.019404,0.232383,0.577973
AGATGACTCGCCCACG-1,0.180641,0.500073,0.217658,0.101628
AGATGAGGGTTGCGAT-1,0.11561,0.12104,0.284175,0.479175
AGATGATGGAGTCTGG-1,0.038072,0.070457,0.600741,0.29073
AGATGCAAGACGTGCA-1,0.084102,0.139146,0.13782,0.638932
AGATGCATCCTGTGTC-1,0.807247,0.137524,0.004153,0.051076
AGATGCTATAACGAGC-1,0.000018,0.932064,0.000018,0.0679
AGATTATAGGACGTTT-1,0.117705,0.07359,0.528538,0.280168
AGATTCAAGCGGGTCG-1,0.272515,0.706447,0.020683,0.000354
AGATTCACAACCGATA-1,0.226187,0.117201,0.346171,0.310441
AGCAAAGGCCGCTAGT-1,0.140599,0.066204,0.13081,0.662387
AGCAACATATCTTATT-1,0.213525,0.052925,0.230745,0.502804
AGCAACCGAAAGTAAT-1,0.484291,0.024561,0.174622,0.316525
AGCACACGTTTAGACT-1,0.076571,0.057684,0.308089,0.557656
AGCACCAGTACTCACG-1,0.004579,0.076442,0.02345,0.895529
AGCACTACCGGCCTGT-1,0.842173,0.144197,0.000753,0.012878
AGCACTACCTCACCAG-1,0.012979,0.102207,0.097992,0.786822
AGCACTTAAGGACGCC-1,0.395808,0.273149,0.171886,0.159157
AGCAGAAGGAGAAAGA-1,0.101384,0.025346,0.10319,0.770079
AGCAGCCAGATGAATA-1,0.021144,0.014704,0.27224,0.691912
AGCAGTCGAAGCATGC-1,0.09643,0.039957,0.149423,0.71419
AGCATATCAATATGCT-1,0.065292,0.038332,0.179631,0.716744
AGCATCATTTCGAAAG-1,0.252755,0.126187,0.160524,0.460533
AGCATCGTCGATAATT-1,0.589649,0.225802,0.124599,0.05995
AGCATTACGAGGCAAG-1,0.082301,0.050649,0.31828,0.548769
AGCCAAGCTTTGTGTC-1,0.000288,0.044241,0.011789,0.943683
AGCCACAGGTTACCCG-1,0.032487,0.056099,0.049252,0.862162
AGCCACTCCCGTGCTT-1,0.076337,0.19193,0.093878,0.637855
AGCCATATAGTATGTG-1,0.139141,0.061614,0.266096,0.533149
AGCCCATACATGTAAG-1,0.723904,0.069746,0.088285,0.118065
AGCCCGCAACAAGCAG-1,0.186312,0.014539,0.030078,0.769071
AGCCCGCACTACAATG-1,0.213032,0.011571,0.220433,0.554965
AGCCCGGCATTAGAGG-1,0.136152,0.101912,0.169128,0.592808
AGCCCGGTAGCCTGTA-1,0.000031,0.05672,0.076086,0.867163
AGCCCTAAGCGAAGTT-1,0.01049,0.74365,0.000029,0.245831
AGCCCTCCCTGGTGGC-1,0.015527,0.009709,0.313238,0.661525
AGCCCTGTCGCACCGT-1,0.007834,0.05026,0.023946,0.917959
AGCCCTTCTAATCCGA-1,0.116931,0.172614,0.205505,0.504949
AGCCCTTGGACATCCC-1,0.284151,0.037938,0.26279,0.415121
AGCCGCAAATTCAAAT-1,0.225683,0.548311,0.000357,0.225649
AGCCGCTTGATTAGCG-1,0.067319,0.837198,0.016615,0.078868
AGCCGTGGCTAAATGT-1,0.39099,0.009267,0.000015,0.599728
AGCCTAATACCCACGT-1,0.028612,0.026614,0.003863,0.940911
AGCCTTAAAGCGGAAG-1,0.558664,0.440438,0.000557,0.00034
AGCCTTGTCACTGATA-1,0.226363,0.11117,0.215335,0.447132
AGCGACAGGAACGGTC-1,0.09983,0.09255,0.310974,0.496647
AGCGACATCCCATTCA-1,0.366763,0.500575,0.090715,0.041947
AGCGACCAACGATATT-1,0.144273,0.157546,0.136735,0.561446
AGCGACTTTGAAGACA-1,0.08181,0.13366,0.030304,0.754226
AGCGAGACGTGAAGGC-1,0.035448,0.015721,0.336173,0.612658
AGCGATGCGCCTAATA-1,0.061797,0.01018,0.05197,0.876054
AGCGCATAATGAATCG-1,0.084434,0.048445,0.283228,0.583893
