Barcode,Topic 1,Topic 2to6,Topic 7to9
AAACAAGTATCTCCCA-1,0.000018,0.581483,0.418499
AAACAATCTACTAGCA-1,0.000281,0.001407,0.998311
AAACACCAATAACTGC-1,0.000016,0.495906,0.504078
AAACAGAGCGACTCCT-1,0.000034,0.088377,0.911589
AAACAGCTTTCAGAAG-1,0.000272,0.440452,0.559276
AAACAGGGTCTATATT-1,0.000041,0.168499,0.83146
AAACATGGTGAGAGGA-1,0.000027,0.265746,0.734227
AAACATTTCCCGGATT-1,0.000021,0.523094,0.476885
AAACCACTACACAGAT-1,0.000015,0.296117,0.703868
AAACCCGAACGAAATC-1,0.000023,0.012934,0.987043
AAACCGGAAATGTTAA-1,0.000024,0.183795,0.816181
AAACCGGGTAGGTACC-1,0.000019,0.57546,0.424521
AAACCGTTCGTCCAGG-1,0.000021,0.484735,0.515244
AAACCTAAGCAGCCGG-1,0.000014,0.592446,0.407539
AAACCTCATGAAGTTG-1,0.000157,0.031248,0.968596
AAACGAAGAACATACC-1,0.000023,0.702776,0.297201
AAACGAAGATGGAGTA-1,0.000017,0.778257,0.221726
AAACGACAGTCTTGCC-1,0.000017,0.663547,0.336436
AAACGAGACGGTTGAT-1,0.00002,0.993564,0.006417
AAACGCCCGAGATCGG-1,0.000032,0.010605,0.989363
AAACGCTGGGCACGAC-1,0.000019,0.998747,0.001234
AAACGGGCGTACGGGT-1,0.000024,0.082743,0.917233
AAACGGGTTGGTATCC-1,0.000306,0.001532,0.998162
AAACGGTTGCGAACTG-1,0.000024,0.215551,0.784425
AAACGTGTTCGCCCTA-1,0.000021,0.804511,0.195468
AAACTAACGTGGCGAC-1,0.000025,0.44093,0.559045
AAACTCGGTTCGCAAT-1,0.000037,0.387518,0.612445
AAACTCGTGATATAAG-1,0.000025,0.420777,0.579198
AAACTGCTGGCTCCAA-1,0.000019,0.679953,0.320028
AAACTTAATTGCACGC-1,0.000071,0.307639,0.69229
AAACTTGCAAACGTAT-1,0.000016,0.407206,0.592777
AAAGAATGTGGACTAA-1,0.000018,0.246918,0.753064
AAAGACATGAAGTTTA-1,0.000024,0.327567,0.672409
AAAGACCCAAGTCGCG-1,0.000222,0.190518,0.80926
AAAGACTGGGCGCTTT-1,0.000494,0.709801,0.289705
AAAGCTTGCCTACATA-1,0.000021,0.105383,0.894596
AAAGGCTACGGACCAT-1,0.00002,0.389171,0.610809
AAAGGCTCTCGCGCCG-1,0.000043,0.006272,0.993685
AAAGGGATGTAGCAAG-1,0.000018,0.863958,0.136025
AAAGGGCAGCTTGAAT-1,0.000751,0.003757,0.995493
AAAGGTAAGCTGTACC-1,0.000038,0.015441,0.984521
AAAGGTCAACGACATG-1,0.000022,0.038641,0.961337
AAAGTAGCATTGCTCA-1,0.000028,0.269515,0.730457
AAAGTCACTGATGTAA-1,0.000025,0.74935,0.250625
AAAGTCGACCCTCAGT-1,0.000223,0.001114,0.998663
AAAGTGCCATCAATTA-1,0.000027,0.136567,0.863406
AAAGTGTGATTTATCT-1,0.000048,0.000239,0.999713
AAAGTTGACTCCCGTA-1,0.000038,0.102217,0.897745
AAATAACCATACGGGA-1,0.000035,0.041745,0.958219
AAATAAGGTAGTGCCC-1,0.000031,0.100964,0.899004
AAATACCTATAAGCAT-1,0.000025,0.437809,0.562166
AAATAGCTTAGACTTT-1,0.000028,0.66249,0.337482
AAATAGGGTGCTATTG-1,0.000038,0.04545,0.954513
AAATCCGATACACGCC-1,0.00002,0.480173,0.519807
AAATCGCGGAAGGAGT-1,0.000025,0.098637,0.901338
AAATCGTGTACCACAA-1,0.000049,0.466081,0.53387
AAATCTAGCCCTGCTA-1,0.000035,0.640577,0.359388
AAATGATTCGATCAGC-1,0.000027,0.450471,0.549502
AAATGCTCGTTACGTT-1,0.003367,0.016847,0.979786
AAATGGCATGTCTTGT-1,0.000031,0.175391,0.824578
AAATGGCCCGTGCCCT-1,0.000027,0.129571,0.870401
AAATGGTCAATGTGCC-1,0.000038,0.445607,0.554356
AAATGTATCTTATCCC-1,0.000903,0.00452,0.994577
AAATGTGGGTGCTCCT-1,0.000139,0.000698,0.999163
AAATTAACGGGTAGCT-1,0.000034,0.569092,0.430874
AAATTAATAAGCGCGA-1,0.001916,0.009586,0.988499
AAATTACACGACTCTG-1,0.000027,0.732297,0.267676
AAATTACCTATCGATG-1,0.000022,0.569381,0.430597
AAATTCCAGGTCCAAA-1,0.000015,0.744599,0.255386
AAATTGATAGTCCTTT-1,0.000048,0.299647,0.700305
AAATTGCGGCGGTTCT-1,0.000122,0.299403,0.700475
AAATTGGTGAGAAGCA-1,0.000022,0.401273,0.598705
AAATTTACCGAAATCC-1,0.000024,0.418045,0.581931
AAATTTGCGGGTGTGG-1,0.000043,0.000216,0.999741
AACAACTGGTAGTTGC-1,0.000036,0.077325,0.922639
AACAATACATTGTCGA-1,0.000018,0.272603,0.727379
AACAATTACTCTACGC-1,0.001481,0.007413,0.991106
AACACACGCTCGCCGC-1,0.000033,0.01319,0.986778
AACACGACTGTACTGA-1,0.000015,0.589805,0.41018
AACACGAGACGCGGCC-1,0.000033,0.000167,0.9998
AACACGCGGCCGCGAA-1,0.000397,0.001986,0.997618
AACAGCTGTGTGGCAA-1,0.000018,0.196895,0.803087
AACAGGAAATCGAATA-1,0.000039,0.250853,0.749108
AACAGGTAGTATGGAT-1,0.000027,0.432712,0.567261
AACATATCAACTGGTG-1,0.000045,0.176618,0.823338
AACATCGATACGTCTA-1,0.000032,0.079438,0.92053
AACATTGGTCAGCCGT-1,0.00016,0.000802,0.999037
AACATTGTGACTCGAG-1,0.000028,0.088279,0.911693
AACCAAGACTTCTCTG-1,0.000025,0.593508,0.406467
AACCAGTATCACTCTT-1,0.000037,0.355972,0.643991
AACCATGGGATCGCTA-1,0.001122,0.005616,0.993262
AACCCAGAGACGGAGA-1,0.000343,0.274391,0.725266
AACCCATCCCATGATC-1,0.00002,0.352193,0.647787
AACCCGACAACCCGTG-1,0.00001,0.929917,0.070074
AACCCGAGCAGAATCG-1,0.000017,0.855615,0.144367
AACCCGATAGGGCTTC-1,0.000009,0.948487,0.051504
AACCCTACTGTCAATA-1,0.000029,0.53286,0.467111
AACCCTGGTGGAACCA-1,0.000014,0.530768,0.469218
AACCGAGCTTGGTCAT-1,0.000029,0.624839,0.375131
AACCGCTAAGGGATGC-1,0.000046,0.016763,0.983191
AACCGTTGTGTTTGCT-1,0.000048,0.000241,0.999711
AACCTAAAGCCGTCCG-1,0.000013,0.780261,0.219725
AACCTCGCTTTAGCCC-1,0.000023,0.453578,0.546399
AACCTGTCACGGAATT-1,0.000018,0.705384,0.294598
AACCTTTAAATACGGT-1,0.000033,0.008715,0.991251
AACCTTTACGACGTCT-1,0.000036,0.271935,0.728029
AACGAAAGTCGTCCCA-1,0.00001,0.652915,0.347075
AACGACCTCCTAGCCG-1,0.000017,0.972755,0.027227
AACGATAATGCCGTAG-1,0.000037,0.225748,0.774215
AACGATAGAAGGGCCG-1,0.000045,0.001041,0.998915
AACGATATGTCAACTG-1,0.000028,0.431384,0.568588
AACGCATGATCTGGGT-1,0.000031,0.346354,0.653615
AACGCGAACGGCAACA-1,0.000379,0.001898,0.997723
AACGCGACCTTGGGCG-1,0.000031,0.397146,0.602822
AACGCGGTCTCCAGCC-1,0.000046,0.156124,0.84383
AACGCTGTTGCTGAAA-1,0.000031,0.422954,0.577016
AACGGACGTACGTATA-1,0.000046,0.234928,0.765025
AACGGCCATCTCCGGT-1,0.00003,0.239722,0.760247
AACGTACTGTGGGTAC-1,0.000051,0.541607,0.458341
AACGTAGTCTACCCAT-1,0.000374,0.173622,0.826004
AACGTCAGACTAGTGG-1,0.000026,0.516896,0.483078
AACGTGATGAAGGACA-1,0.000033,0.08092,0.919047
AACGTGCGAAAGTCTC-1,0.000035,0.236627,0.763338
AACGTTATCAGCACCT-1,0.000335,0.001675,0.997991
AACGTTCTACCATTGT-1,0.000056,0.037574,0.962369
AACTACCCGTTTGTCA-1,0.000034,0.211031,0.788935
AACTAGCGTATCGCAC-1,0.000105,0.000527,0.999368
AACTAGGCTTGGGTGT-1,0.00006,0.174548,0.825392
AACTCAAGTTAATTGC-1,0.000024,0.309519,0.690457
AACTCCAGAGCGTGTT-1,0.000018,0.676272,0.32371
AACTCCTAATCCCATG-1,0.000034,0.039606,0.96036
AACTCGATAAACACGT-1,0.00036,0.518859,0.480782
AACTCGATGGCGCAGT-1,0.000422,0.002114,0.997464
AACTCTCAATAGAGCG-1,0.000022,0.806977,0.193001
AACTCTCAGTGTGCTC-1,0.000035,0.177313,0.822652
AACTGAGGTCAGCGTC-1,0.000028,0.064067,0.935905
AACTGAGTTATACTGA-1,0.000023,0.506606,0.493371
AACTGATATTAGGCCT-1,0.000026,0.539123,0.460851
AACTGGGTCCCGACGT-1,0.000041,0.038828,0.961131
AACTGGGTTCGAGCCG-1,0.000028,0.510569,0.489403
AACTGGTGTGGGCCTT-1,0.000115,0.000577,0.999307
AACTTCTGCGTCTATC-1,0.002179,0.062924,0.934897
AACTTGCCCGTATGCA-1,0.000047,0.134686,0.865268
AACTTGCGTTCTCGCG-1,0.000467,0.814981,0.184552
AACTTTACGGGAGCTT-1,0.000374,0.001872,0.997754
AACTTTAGCTGCTGAG-1,0.00012,0.000602,0.999278
AACTTTCTCGATCATG-1,0.000024,0.256652,0.743324
AAGAAATCACCAGATT-1,0.00002,0.17464,0.82534
AAGAAGGATCAGTTAG-1,0.001263,0.006318,0.99242
AAGACATACGTGGTTT-1,0.000033,0.462382,0.537585
AAGACCAAATAACTCA-1,0.000028,0.071662,0.92831
AAGACCCAACTGAACA-1,0.00002,0.333854,0.666126
AAGACTAACCCGTTGT-1,0.000137,0.408995,0.590868
AAGACTCACGCCCACT-1,0.000022,0.214197,0.785781
AAGACTGCAAGCTACT-1,0.000043,0.002391,0.997566
AAGAGATGAATCGGTA-1,0.000193,0.193541,0.806266
AAGAGCTCTTTATCGG-1,0.000028,0.739767,0.260205
AAGAGGATGTACGCGA-1,0.000028,0.47877,0.521202
AAGAGGCATGGATCGC-1,0.000037,0.01262,0.987343
AAGAGGCCCTTTGGAA-1,0.000018,0.617166,0.382815
AAGATGGCACCGGACC-1,0.000032,0.268991,0.730978
AAGATTGGCGGAACGT-1,0.00004,0.017699,0.982261
AAGCACCCTGCGTATC-1,0.000025,0.536729,0.463247
AAGCATACTCTCCTGA-1,0.00003,0.059005,0.940965
AAGCCGAAGCGGTTTA-1,0.000036,0.172168,0.827796
AAGCCGCCGTGAAATC-1,0.000042,0.007624,0.992334
AAGCCGCTTTACCTTG-1,0.000018,0.835525,0.164457
AAGCCGGAGAGCAGGA-1,0.000029,0.585713,0.414258
AAGCGCAGGGCTTTGA-1,0.00003,0.177376,0.822594
AAGCGGAGTGCGCGCA-1,0.000051,0.000257,0.999691
AAGCGGCGTCATGGGT-1,0.000083,0.009618,0.990299
AAGCGTCCCTCATCGA-1,0.000028,0.066152,0.93382
AAGCTAGATCGAGTAA-1,0.000027,0.235391,0.764582
AAGCTCGTGCCAAGTC-1,0.000044,0.175641,0.824315
AAGCTCTTTCATGGTG-1,0.000013,0.913227,0.08676
AAGGAGAACTTATAAG-1,0.000149,0.000747,0.999103
AAGGAGCGGTTGGTGC-1,0.000031,0.473845,0.526124
AAGGATCGATCGCTTG-1,0.000025,0.53245,0.467525
AAGGATGAGGGACCTC-1,0.00006,0.329459,0.670481
AAGGCAGGCTGTCTCC-1,0.000038,0.206401,0.793562
AAGGCGCGTAAAGCTT-1,0.000026,0.25319,0.746784
AAGGCTGTGCTCATCG-1,0.000035,0.403862,0.596103
AAGGGAACGACTGGCT-1,0.000038,0.201952,0.79801
AAGGGACAGATTCTGT-1,0.000035,0.299266,0.700699
AAGGGACTATGCATTC-1,0.000023,0.505381,0.494596
AAGGGTTAGCCATGCG-1,0.000118,0.686931,0.312951
AAGGGTTTGATTTCAG-1,0.000014,0.810141,0.189846
AAGGTATCCTAATATA-1,0.000024,0.577145,0.422831
AAGGTGATAAACCAGC-1,0.000033,0.24606,0.753907
AAGTAAGCTTCCAAAC-1,0.000406,0.002029,0.997565
AAGTAGAAGACCGGGT-1,0.000024,0.075901,0.924074
AAGTAGTGACGCGAGG-1,0.000042,0.61017,0.389789
AAGTCAATTGTCGTCA-1,0.000028,0.56418,0.435793
AAGTCTAGTAGCTGCC-1,0.00002,0.433227,0.566753
AAGTCTTCTGTGGCCT-1,0.000823,0.795266,0.203911
AAGTGAGTCGGGTTTA-1,0.000073,0.275045,0.724882
AAGTGCAAAGGTAGAC-1,0.000703,0.003519,0.995778
AAGTGCCTTGACTGTA-1,0.000045,0.291362,0.708593
AAGTGCGTTAGAATCT-1,0.00004,0.110241,0.889719
AAGTGTTTGGAGACGG-1,0.000039,0.104699,0.895262
AAGTTCACTCCAAGCT-1,0.000025,0.525377,0.474597
AAGTTCAGTCTGCGTA-1,0.000036,0.002983,0.99698
AAGTTCGGCCAACAGG-1,0.000024,0.82747,0.172506
AAGTTGTGATGTTATA-1,0.000021,0.705717,0.294261
AAGTTTACTAATGGCA-1,0.000072,0.330845,0.669083
AAGTTTATGGGCCCAA-1,0.000023,0.247229,0.752748
AATAACAACGCTCGGC-1,0.000036,0.030958,0.969007
AATAACACTAGAACAA-1,0.000015,0.66726,0.332724
AATAAGTCCTCGAGAC-1,0.000021,0.036256,0.963723
AATAATCTTCGTATCG-1,0.000029,0.048721,0.95125
AATACAATGTTTCAGG-1,0.001709,0.008553,0.989738
AATACCGGAGGGCTGT-1,0.000034,0.424353,0.575613
AATAGAACAGAGTGGC-1,0.00006,0.576195,0.423745
AATAGAATCTGTTTCA-1,0.000021,0.324667,0.675313
AATAGCAAGCCTCCTG-1,0.00002,0.496286,0.503693
AATAGCTACCGCGTGC-1,0.000054,0.165264,0.834682
AATAGTCCGTCCCGAC-1,0.00003,0.496987,0.502983
AATAGTCGCGAGTCGG-1,0.000299,0.603625,0.396076
AATATCAAGGTCGGAT-1,0.000114,0.117919,0.881967
AATATCCTAGCAAACT-1,0.000033,0.208729,0.791238
AATATCGAATCAATGC-1,0.000025,0.335743,0.664232
AATATCGAGGGTTCTC-1,0.000032,0.17478,0.825188
AATATTGGAGTATTGA-1,0.000064,0.705337,0.294598
AATCAGACTGCAGGAC-1,0.000112,0.656788,0.3431
AATCATGTAAAGACTC-1,0.00002,0.625813,0.374168
AATCCAAGGGCCTGAG-1,0.000027,0.591528,0.408445
AATCCATGCAAGGGTG-1,0.000842,0.004212,0.994946
AATCGCCTCAGCGCCA-1,0.00003,0.53483,0.46514
AATCGCGCAGAGGACT-1,0.000032,0.389281,0.610687
AATCGGGACACTACGA-1,0.000034,0.345282,0.654684
AATCGGTATAGCCCTC-1,0.000016,0.841523,0.158461
AATCGTGAGCCGAGCA-1,0.000035,0.230129,0.769835
AATCTAGGTTTACTTG-1,0.000018,0.506062,0.49392
AATCTATGCCGGAGCC-1,0.000044,0.003123,0.996833
AATCTCTACTGTGGTT-1,0.000273,0.178797,0.82093
AATCTGCGTTGGGACG-1,0.00002,0.940013,0.059968
AATCTGGCTTTCTAGT-1,0.000044,0.137718,0.862238
AATCTGGGTAGACCCT-1,0.000038,0.11736,0.882602
AATGACAGCAATGTCT-1,0.000032,0.271824,0.728144
AATGACGTAGGATGTC-1,0.000031,0.217421,0.782548
AATGACTGTCAGCCGG-1,0.000045,0.515417,0.484538
AATGAGTTCGCATATG-1,0.00161,0.008057,0.990332
AATGATGATACGCTAT-1,0.000041,0.381545,0.618415
AATGATGCGACTCCTG-1,0.000047,0.19859,0.801363
AATGCAACCGGGTACC-1,0.000021,0.548129,0.451849
AATGCACCAAGCAATG-1,0.000038,0.17095,0.829012
AATGGCCGCCAATGCG-1,0.000016,0.72223,0.277754
AATGGTCCACCGTTCA-1,0.000235,0.001178,0.998587
AATGGTTCTCACAAGC-1,0.000259,0.027263,0.972478
AATGTGCCCGAGGTGT-1,0.000022,0.549203,0.450775
AATGTGCTAATCTGAG-1,0.000036,0.397138,0.602826
AATGTTGTCGTGAGAC-1,0.000055,0.000277,0.999668
AATTAAAGGTCGGCGT-1,0.000034,0.862991,0.136975
AATTAACGGATTTCCA-1,0.000014,0.903546,0.09644
AATTACGAGACCCATC-1,0.000028,0.244185,0.755787
AATTACTCGTACGCTC-1,0.000686,0.003432,0.995882
AATTAGCGCTGCAGCG-1,0.000051,0.214274,0.785676
AATTCATAAGGGATCT-1,0.000029,0.45805,0.541921
AATTCATTGTCATGCA-1,0.000028,0.499068,0.500904
AATTCCAACTTGGTGA-1,0.000257,0.001287,0.998456
AATTCCAAGCATGTAC-1,0.000016,0.340285,0.659699
AATTCGATTCGAGGAT-1,0.000026,0.325347,0.674627
AATTCTAGAGTTAGGC-1,0.000034,0.270827,0.729139
AATTGAACGCTCTGGT-1,0.000022,0.444739,0.555239
AATTGCAGCAATCGAC-1,0.000018,0.523181,0.476801
AATTGTGGTTGCCAAA-1,0.000026,0.171307,0.828667
AATTTGGGACATAGTA-1,0.000039,0.347529,0.652432
AATTTGGTTCCAAAGA-1,0.00002,0.027231,0.972749
ACAAACCATGCGTCCT-1,0.000039,0.556148,0.443813
ACAAACCGACAAGGCG-1,0.000012,0.446608,0.553381
ACAAAGAAGGTAGGCC-1,0.000038,0.333987,0.665975
ACAAAGCATGACCTAG-1,0.00002,0.581003,0.418976
ACAAATCGCACCGAAT-1,0.000026,0.27291,0.727064
ACAAATGGTAGTGTTT-1,0.000049,0.260359,0.739591
ACAAATTCAGATCTGA-1,0.000045,0.187512,0.812443
ACAACAGCATGAGCTA-1,0.000022,0.838905,0.161073
ACAACGGTCCCTGCGA-1,0.000236,0.117703,0.882061
ACAAGCAGTGCCTAGC-1,0.000048,0.00024,0.999712
ACAAGCTATATGGAAG-1,0.001355,0.00678,0.991865
ACAAGGAAATCCGCCC-1,0.000016,0.813967,0.186017
ACAAGGACAAGAGGTT-1,0.000037,0.185265,0.814699
ACAAGGATGCTTTAGG-1,0.000016,0.831143,0.168841
ACAAGGCCTACCAGCC-1,0.000028,0.093564,0.906409
ACAAGGGCAGGCTCTG-1,0.000041,0.011155,0.988804
ACAATAGTCGTACGTT-1,0.000058,0.139144,0.860798
ACAATCCATTTAAACC-1,0.000026,0.000129,0.999845
ACAATCGATCTTTATA-1,0.000089,0.096223,0.903688
ACAATGATTCTTCTAC-1,0.00002,0.509996,0.489984
ACAATTGTGTCTCTTT-1,0.000025,0.618241,0.381734
ACAATTTAGGAGGCTC-1,0.000842,0.004212,0.994947
ACAATTTGAGCAGTGG-1,0.000053,0.000264,0.999684
ACAATTTGGCCATATT-1,0.000039,0.384483,0.615479
ACACAAAGACGGGTGG-1,0.000032,0.092813,0.907154
ACACAAATATTCCTAG-1,0.000016,0.474731,0.525253
ACACACCAGGACCAGT-1,0.000026,0.246358,0.753616
ACACACTTTCTACACG-1,0.000028,0.660203,0.339768
ACACATGATCAAATCT-1,0.000014,0.575299,0.424687
ACACATTGACGCAACA-1,0.000772,0.003861,0.995368
ACACCACATAATTAGC-1,0.000028,0.227872,0.7721
ACACCCAGCATGCAGC-1,0.000024,0.190275,0.8097
ACACCCGAGAAATCCG-1,0.000036,0.016943,0.983022
ACACCCGTAAATCTGT-1,0.000044,0.632317,0.367639
ACACCGAGCGCTCTTT-1,0.000861,0.00431,0.994829
ACACCGGTCTGACCGC-1,0.000026,0.219229,0.780745
ACACCTTAAGTAGGGC-1,0.000027,0.308605,0.691368
ACACCTTACTACTTGC-1,0.00003,0.36219,0.63778
ACACGAGACTCCTTCT-1,0.000058,0.005448,0.994494
ACACGGCACTATGCAT-1,0.000022,0.009156,0.990822
ACACGGGAACTTAGGG-1,0.000037,0.30288,0.697083
ACACGTAGGCCACAAG-1,0.000019,0.690303,0.309678
ACACTCCAATGTCACT-1,0.000573,0.002866,0.996561
ACACTGATCAAGGTGT-1,0.00005,0.700868,0.299082
ACACTGGGACAGTCGT-1,0.00002,0.64956,0.350421
ACAGAACTGAGAACAA-1,0.000015,0.815468,0.184517
ACAGATTAGGTTAGTG-1,0.000056,0.113391,0.886554
ACAGCATAGAGCCAGT-1,0.000031,0.000157,0.999812
ACAGCGACATTCTCAT-1,0.000021,0.747102,0.252877
ACAGCGCACCCGCAGC-1,0.000023,0.390177,0.609801
ACAGGAGGCGCAGCCG-1,0.00022,0.111813,0.887967
ACAGGCACGGATCCTT-1,0.000033,0.636739,0.363228
ACAGGCTTGCCCGACT-1,0.000032,0.352117,0.647851
ACAGGTGGAGGTGAGG-1,0.000019,0.869928,0.130054
ACAGGTGTGTTGTTGC-1,0.000343,0.001716,0.997941
ACAGTAATACAACTTG-1,0.000053,0.020654,0.979294
ACAGTATACCGTGGGA-1,0.000021,0.290188,0.709791
ACAGTGCAGCGCATTT-1,0.000012,0.476849,0.523139
ACATAAGTCGTGGTGA-1,0.000023,0.475017,0.52496
ACATAATAAGGCGGTG-1,0.000022,0.65037,0.349607
ACATCAGCTGGGACGC-1,0.000703,0.003519,0.995778
ACATCCCGGCCATACG-1,0.000043,0.313331,0.686626
ACATCCTGGTAACTGT-1,0.000033,0.487963,0.512004
ACATCGATCGTTTACC-1,0.000031,0.500296,0.499673
ACATCGGTCAGCCGCG-1,0.000051,0.096195,0.903755
ACATCGTATGCAATGG-1,0.000047,0.274956,0.724997
ACATCGTTAACCTAGT-1,0.000021,0.627048,0.372932
ACATCTCAACGCGTAA-1,0.000019,0.315067,0.684914
ACATGGCGCCAAAGTA-1,0.000017,0.718993,0.28099
ACATGGCTCAATTTAG-1,0.000262,0.094547,0.905191
ACATTAGTTTATATCC-1,0.000027,0.499847,0.500125
ACATTTGAAACCTAAC-1,0.000068,0.382198,0.617734
ACCAAACACCCAGCGA-1,0.000017,0.486212,0.51377
ACCAAACTAGAAATCC-1,0.00004,0.122939,0.877021
ACCAACACCACACACT-1,0.000032,0.0047,0.995268
ACCAACCGCACTCCAC-1,0.000014,0.27916,0.720826
ACCAACGCTTATTTAT-1,0.000019,0.875916,0.124065
ACCAAGAACGCGTGTC-1,0.000042,0.534365,0.465593
ACCAAGTCATCGGCAG-1,0.000037,0.108811,0.891151
ACCAATATGCAAGTTA-1,0.000026,0.577922,0.422053
ACCACAACTCAGAACA-1,0.000035,0.376239,0.623725
ACCACAAGTTTCTATC-1,0.000028,0.581459,0.418513
ACCACCAATGTAACAA-1,0.000041,0.001535,0.998425
ACCACCCTCTCTTCTA-1,0.000023,0.195125,0.804852
ACCACGTGCAGCTATA-1,0.000026,0.688863,0.311111
ACCACTGTTCAAGAAG-1,0.000799,0.229419,0.769782
ACCAGACCATAACAAC-1,0.000514,0.172314,0.827172
ACCAGCCCGGTCTTTG-1,0.000016,0.43894,0.561044
ACCAGGAGTGTGATCT-1,0.000135,0.000675,0.999189
ACCAGTGCCCGGTCAA-1,0.000023,0.57653,0.423447
ACCAGTGCGGGAGACG-1,0.000028,0.430976,0.568996
ACCATATCCGCAATAA-1,0.000019,0.298088,0.701893
ACCATCCGCCAACTAG-1,0.000183,0.003137,0.99668
ACCATCGTATATGGTA-1,0.000036,0.694266,0.305698
ACCATTAAGGGTGTCA-1,0.000534,0.031126,0.96834
ACCCAACGCCCGTGGC-1,0.000031,0.095305,0.904664
ACCCACCTACATGCTC-1,0.000387,0.167826,0.831787
ACCCATCTTGAGGGTA-1,0.000021,0.988364,0.011615
ACCCATTTGTCCCTCT-1,0.000021,0.516191,0.483788
ACCCGAGCGAAATTAC-1,0.000016,0.246508,0.753476
ACCCGGAAACTCCCAG-1,0.000025,0.622614,0.377361
ACCCGGAGCACCACAA-1,0.000015,0.436387,0.563598
ACCCGGATGACGCATC-1,0.00003,0.497846,0.502124
ACCCGGTTACACTTCC-1,0.000016,0.996382,0.003602
ACCCGTAGTCTAGTTG-1,0.000043,0.09292,0.907037
ACCCGTGTCATCAGTA-1,0.000031,0.525804,0.474166
ACCCTATAGGACTGAG-1,0.000084,0.625555,0.37436
ACCCTATGCCATATCG-1,0.000017,0.749822,0.250161
ACCCTCCCGTCAGGGC-1,0.000016,0.900218,0.099766
ACCCTCCCTTGCTATT-1,0.000036,0.271866,0.728098
ACCCTGGTAACGCCCT-1,0.000024,0.502504,0.497472
ACCCTTCATCTGCGAA-1,0.000026,0.546896,0.453078
ACCCTTGCCTGGGTCG-1,0.000022,0.691995,0.307983
ACCCTTTAGTTCTCCA-1,0.000028,0.290172,0.7098
ACCGAAAGGGCCCTGC-1,0.000053,0.186071,0.813876
ACCGAAGAGTCTGGTT-1,0.000014,0.594295,0.405691
ACCGACACATCTCCCA-1,0.000033,0.278042,0.721925
ACCGACTGAGTCCCAC-1,0.000028,0.585665,0.414306
ACCGAGTCTCCTTATT-1,0.000021,0.239015,0.760965
ACCGATAGGCATAACC-1,0.000027,0.24849,0.751483
ACCGATATTTAATCAT-1,0.000034,0.405731,0.594235
ACCGATGGTAGCATCG-1,0.000023,0.400477,0.599499
ACCGCAATAACTGCCT-1,0.000035,0.375998,0.623967
ACCGCGGTGGAAGTCG-1,0.000025,0.272413,0.727562
ACCGGGCCTTTGTTGA-1,0.000031,0.030649,0.96932
ACCGGTCAGGTACACC-1,0.000022,0.122979,0.876999
ACCGGTCTGAGTACGG-1,0.000034,0.241008,0.758958
ACCGTCCACTGGGCCC-1,0.000022,0.140106,0.859873
ACCGTGACCACGTGGG-1,0.000024,0.230172,0.769804
ACCGTTCCCGCTCTGA-1,0.000045,0.329086,0.67087
ACCTAAGTACCTTTCA-1,0.000025,0.193591,0.806384
ACCTAATCGACTTCCT-1,0.000036,0.325214,0.67475
ACCTACAGTATGTGGT-1,0.000029,0.502068,0.497904
ACCTACTATAAATCTA-1,0.000022,0.396778,0.6032
ACCTCCGCCCTCGCTG-1,0.000034,0.22148,0.778486
ACCTCCGTTATTCACC-1,0.000031,0.422131,0.577838
ACCTGCGTGTCATGTT-1,0.000045,0.000227,0.999728
ACCTTTCCTTTAGAAG-1,0.000141,0.000704,0.999156
ACGAAATGGGCGGCAC-1,0.000111,0.000555,0.999334
ACGACCCATGAGTTGC-1,0.000035,0.375513,0.624452
ACGACTCTAGGGCCGA-1,0.000019,0.998589,0.001392
ACGACTGGTCATACTC-1,0.000025,0.209469,0.790506
ACGAGAACCCATCACG-1,0.00026,0.001302,0.998438
ACGAGATATTTGCTTA-1,0.000024,0.537059,0.462918
ACGAGGATACCACTCT-1,0.000014,0.523304,0.476682
ACGAGGTTTACAACGT-1,0.000009,0.801176,0.198814
ACGAGTACGGATGCCC-1,0.000044,0.035306,0.96465
ACGAGTCGCCGGCGTT-1,0.000198,0.000989,0.998813
ACGATACATAGAACTA-1,0.000045,0.041374,0.958582
ACGATACCTATCCTGA-1,0.000287,0.674395,0.325318
ACGATCATACATAGAG-1,0.000024,0.711643,0.288334
ACGATCATCTTGTAAA-1,0.000023,0.226889,0.773087
ACGATGCATATGTTAT-1,0.000025,0.564144,0.435831
ACGATGGATCCGATGC-1,0.000015,0.836986,0.162999
ACGCAAACTAATAGAT-1,0.000024,0.440621,0.559355
ACGCAATCACTACAGC-1,0.00006,0.022725,0.977215
ACGCATAAATGACATG-1,0.000017,0.733829,0.266154
ACGCATACGTTTACTA-1,0.000016,0.77351,0.226474
ACGCATTCGTGAGTAC-1,0.000041,0.424674,0.575285
ACGCCAGATGATTTCT-1,0.000029,0.51223,0.487741
ACGCCAGTGCGTTTGC-1,0.000032,0.10611,0.893858
ACGCCCAGCTGTCGAT-1,0.000019,0.101604,0.898376
ACGCCGCTAGACGACC-1,0.000041,0.312662,0.687297
ACGCCTGACACGCGCT-1,0.000049,0.214087,0.785864
ACGCGAAGTCAGACGA-1,0.000057,0.14717,0.852773
ACGCGCTACACAGGGT-1,0.000072,0.315665,0.684263
ACGCGGGCCAAGGACA-1,0.000021,0.955076,0.044904
ACGCGTTTCTTAAGAG-1,0.00101,0.005054,0.993935
ACGCTACTGAATGGGC-1,0.000021,0.98059,0.019389
ACGCTAGTATCAGTGC-1,0.000056,0.688625,0.311319
ACGCTAGTGATACACT-1,0.000022,0.590255,0.409724
ACGCTGTGAGGCGTAG-1,0.000081,0.000406,0.999513
ACGCTTAGTGTCTCTC-1,0.000029,0.401993,0.597979
ACGGAATTTAGCAAAT-1,0.001481,0.007413,0.991105
ACGGACTCTCAAAGCG-1,0.000026,0.215796,0.784178
ACGGAGCGCAAATTAC-1,0.000025,0.387896,0.612078
ACGGATGGTGCGGATA-1,0.00002,0.845288,0.154692
ACGGCACTTGCTTGGG-1,0.000042,0.562301,0.437656
ACGGCCAACATGGACT-1,0.000028,0.380939,0.619033
ACGGCGACGATGGGAA-1,0.000033,0.50235,0.497617
ACGGCGGGTTGCCCTG-1,0.000494,0.002471,0.997035
ACGGCTGGATGTAGAA-1,0.000077,0.004662,0.995261
ACGGGAGTGTCGGCCC-1,0.000034,0.038702,0.961264
ACGGGCGTATGCGACA-1,0.00003,0.235939,0.764031
ACGGGTCATGTGACTT-1,0.002179,0.010901,0.98692
ACGGTACAGTTCAATG-1,0.000021,0.904988,0.094992
ACGTACAGATTTCTCT-1,0.000031,0.342298,0.657671
ACGTAGATTGCTGATG-1,0.000044,0.476972,0.522985
ACGTAGGAGAGTCGCT-1,0.000025,0.442348,0.557627
ACGTATTACTCCGATC-1,0.000049,0.345264,0.654686
ACGTCCTAAACGAGAT-1,0.000113,0.000566,0.999321
ACGTCTCGTTCCGGGA-1,0.000109,0.259554,0.740337
ACGTGACAAAGTAAGT-1,0.000025,0.290565,0.709411
ACGTGCGCCTCGTGCA-1,0.000051,0.029093,0.970857
ACGTGGTCGAATGTGC-1,0.000018,0.438945,0.561037
ACGTTAATGTCGAAGA-1,0.000032,0.287772,0.712196
ACGTTAGATTTGCCCG-1,0.000084,0.007681,0.992235
ACGTTATTGGTCACTC-1,0.000564,0.576615,0.422821
ACGTTCCGCGCTCCGT-1,0.0001,0.000499,0.999401
ACGTTCGCAATCAATT-1,0.00003,0.08048,0.91949
ACGTTCGTTCAGGAAA-1,0.000029,0.334413,0.665558
ACGTTCTGTACAAGTC-1,0.000018,0.797965,0.202018
ACGTTTAGTTGTGATC-1,0.000041,0.005677,0.994282
ACGTTTCGGTGCACTT-1,0.000033,0.361364,0.638603
ACTAAGGACGCACACC-1,0.000155,0.000776,0.999068
ACTAATACGTCAGGCG-1,0.00005,0.418405,0.581546
ACTACATCCCGACAAG-1,0.000013,0.083295,0.916692
ACTACCAGCTCTCTGG-1,0.000016,0.605748,0.394236
ACTACGCGTTAGAATT-1,0.000033,0.193485,0.806482
ACTAGTTGCGATCGTC-1,0.000032,0.825135,0.174833
ACTATATGCTGTGTTC-1,0.000024,0.382315,0.617662
ACTATCCAGGGCATGG-1,0.00002,0.737686,0.262294
ACTATCGCCGGCTAAA-1,0.000123,0.591013,0.408865
ACTATCTGCCCGCGTA-1,0.000013,0.984905,0.015081
ACTATGTCCAGCTGCC-1,0.000026,0.005385,0.994588
ACTATTCGTCCGTGGT-1,0.000036,0.40345,0.596515
ACTATTTCCGGGCCCA-1,0.000014,0.559767,0.440218
ACTCAACGAATGTATT-1,0.000507,0.002539,0.996954
ACTCAAGTGCAAGGCT-1,0.000017,0.590129,0.409854
ACTCAATAAAGGCACG-1,0.00002,0.733431,0.266549
ACTCAGACCTGCTTCT-1,0.000056,0.181079,0.818866
ACTCCAATATCATCAT-1,0.000011,0.715976,0.284013
ACTCCCATTCCTAAAG-1,0.000033,0.030303,0.969663
ACTCCCGAATTCGTTT-1,0.000023,0.89252,0.107457
ACTCCCGTAGACTAGG-1,0.000017,0.500891,0.499091
ACTCCCTAATGCTAAA-1,0.000017,0.397177,0.602806
ACTCCCTAGAATAGTA-1,0.000022,0.871605,0.128374
ACTCCGGCCGACCACT-1,0.000029,0.3488,0.651171
ACTCGATGTATTTCAT-1,0.000842,0.004212,0.994947
ACTCGCCGTTCGATAA-1,0.000027,0.553612,0.446361
ACTCGCGATCTGACGC-1,0.000064,0.597536,0.402399
ACTCGTAACCCGTCCT-1,0.00002,0.495392,0.504588
ACTCGTCAGTAATCCC-1,0.000024,0.624984,0.374991
ACTCTAAACCTGGGAT-1,0.002415,0.012086,0.985499
ACTCTCTGACTTAGGT-1,0.000015,0.999203,0.000782
ACTCTCTTATACACGA-1,0.000031,0.125717,0.874252
ACTCTGACCTAATAGA-1,0.000012,0.934554,0.065434
ACTCTTCAGCTCCCGC-1,0.000026,0.185231,0.814743
ACTCTTGTATAGTAAC-1,0.000027,0.604333,0.39564
ACTGAAACGCCGTTAG-1,0.000023,0.705856,0.294121
ACTGAATGGCGAAAGT-1,0.000069,0.659585,0.340346
ACTGATTTAGTGATTC-1,0.000028,0.026761,0.97321
ACTGCCGTCGTAACTC-1,0.000038,0.009305,0.990657
ACTGCGGACACACCGT-1,0.000014,0.93599,0.063997
ACTGCTCGGAAGGATG-1,0.000058,0.117452,0.88249
ACTGGCGAACCTGCGT-1,0.000042,0.222149,0.77781
ACTGTACGATACACAT-1,0.000035,0.542199,0.457766
ACTGTAGCACTTTGGA-1,0.000037,0.255069,0.744893
ACTGTATACGCGAGCA-1,0.000313,0.47306,0.526627
ACTGTCCAGGATTATA-1,0.000029,0.372224,0.627747
ACTGTCTTCTTTAGAA-1,0.00004,0.019609,0.980351
ACTGTGCTAGTAGATC-1,0.000439,0.034567,0.964994
ACTGTTTAGTGTAGGC-1,0.000124,0.003508,0.996367
ACTTACCGGGCGCGCA-1,0.000021,0.780306,0.219672
ACTTACGCATCCACGC-1,0.000017,0.441683,0.558301
ACTTAGTACGACAAGA-1,0.000882,0.148086,0.851033
ACTTATACTTACCCGG-1,0.000034,0.186639,0.813327
ACTTATCTGATCTATA-1,0.000113,0.348538,0.651349
ACTTATTAGGATCGGT-1,0.000037,0.63649,0.363473
ACTTATTTATGTGCCA-1,0.000058,0.398736,0.601206
ACTTCAGGCTGATCCC-1,0.000032,0.259366,0.740602
ACTTCCAGTGGAAGCT-1,0.000023,0.128912,0.871065
ACTTCCATGCGGGACA-1,0.000017,0.767722,0.232261
ACTTCCTGTCGTGCGA-1,0.000016,0.515999,0.483986
ACTTCGCCATACGCAC-1,0.000039,0.464037,0.535923
ACTTCGCTAGCGAGTG-1,0.000023,0.284173,0.715804
ACTTGACTCCCTCTTT-1,0.000034,0.38333,0.616635
ACTTGCCATATTGTAC-1,0.000129,0.000647,0.999223
ACTTGGGACCCGGTGG-1,0.000028,0.368617,0.631356
ACTTGTAGTCCCTTCA-1,0.001406,0.231518,0.767075
ACTTGTGGATGGAACG-1,0.000036,0.569333,0.430631
ACTTTACCCTCATGAA-1,0.000027,0.469194,0.53078
ACTTTCCTATAGCTTC-1,0.000034,0.685654,0.314312
ACTTTGACTGCATCCT-1,0.002179,0.010901,0.98692
ACTTTGGTCGTGCTCC-1,0.000017,0.138494,0.861488
ACTTTGTCGACGCACT-1,0.000034,0.421817,0.578149
AGAAATTATGACTCGC-1,0.000017,0.491732,0.508251
AGAACCCAGCGTGACA-1,0.000016,0.676,0.323985
AGAACCCTCAATTGGG-1,0.000027,0.421129,0.578844
AGAACGTGGTACATTC-1,0.000043,0.034221,0.965737
AGAAGAGCGCCGTTCC-1,0.000324,0.001621,0.998055
AGAAGGTACACTTCAC-1,0.000022,0.591872,0.408106
AGAAGGTTGCCGAATT-1,0.000036,0.505431,0.494533
AGAAGGTTGTAGGTCG-1,0.000022,0.833015,0.166963
AGAAGTGATTCGTGAT-1,0.000057,0.005712,0.994231
AGAATAAATCTTCAGG-1,0.000545,0.002725,0.99673
AGAATGCGGGTTCGGA-1,0.000018,0.622649,0.377333
AGAATTATGGATTCGA-1,0.000026,0.225629,0.774344
AGAATTGTTTGACATA-1,0.00202,0.423906,0.574074
AGACAGCTCAGAATCC-1,0.000346,0.001732,0.997922
AGACAGGCATCTCAGC-1,0.000029,0.166402,0.833568
AGACATAGATCCTTCC-1,0.000087,0.37347,0.626443
AGACCAAACCACACCT-1,0.00007,0.000352,0.999578
AGACCATGGGATACAA-1,0.000441,0.002206,0.997353
AGACCCACCGCTGATC-1,0.000035,0.26681,0.733155
AGACCCGCCCTCCTCG-1,0.000025,0.507792,0.492183
AGACCGCTCCGCGGTT-1,0.000023,0.468294,0.531683
AGACCGGGAAACCCTG-1,0.000059,0.226394,0.773547
AGACGAAGTGCCGGTC-1,0.000028,0.362123,0.637848
AGACGACGATGCCGCT-1,0.000037,0.136855,0.863108
AGACGCCCACTTCGCC-1,0.00002,0.395427,0.604553
AGACGGGATTGGTATA-1,0.000021,0.597008,0.402971
AGACGGGCCGATTTAA-1,0.000028,0.082738,0.917235
AGACTAGCCTTCCAGA-1,0.000033,0.133981,0.865986
AGACTGTTACCGGGTC-1,0.000026,0.175142,0.824833
AGAGAACCGTCTAGGA-1,0.000037,0.063803,0.93616
AGAGAAGGAGTACAAT-1,0.000024,0.445188,0.554789
AGAGATCTCTAAAGCG-1,0.000097,0.368497,0.631406
AGAGCAGTTATGAGAC-1,0.000235,0.424375,0.57539
AGAGCCGCCGAGATTT-1,0.000028,0.214947,0.785025
AGAGCGCTTGTAACGG-1,0.00002,0.260834,0.739147
AGAGCGGGCTAATCAT-1,0.000015,0.883096,0.116889
AGAGCGTACAAGCTCG-1,0.001029,0.005148,0.993823
AGAGCTACGAAAGCAT-1,0.000185,0.108063,0.891752
AGAGGCTTCGGAAACC-1,0.00002,0.549173,0.450807
AGAGGGACAATTGTCC-1,0.000013,0.806394,0.193593
AGAGGTATCTCGGTCC-1,0.000115,0.000769,0.999116
AGAGTAAACTTCACTA-1,0.000028,0.373383,0.626588
AGAGTATAGTGTTACG-1,0.00003,0.340289,0.65968
AGAGTGAACAGACACC-1,0.00002,0.041372,0.958608
AGAGTTAGAGACCGAT-1,0.000033,0.03219,0.967777
AGAGTTGCAGGCCTCC-1,0.000039,0.484123,0.515838
AGATAACTTCAGGGCC-1,0.000021,0.512914,0.487064
AGATACCAATAGAACC-1,0.000022,0.518713,0.481266
AGATACCAGCACTTCA-1,0.000019,0.443085,0.556895
AGATACCGGTGTTCAC-1,0.000039,0.341665,0.658296
AGATACGACTTCATAT-1,0.00016,0.347091,0.652749
AGATACTCAAGATCGA-1,0.000022,0.655056,0.344922
AGATATAATACGACTA-1,0.000017,0.673008,0.326975
AGATCGTGCATAAGAT-1,0.000034,0.060917,0.939048
AGATCTCAGGTGTGAT-1,0.000048,0.132542,0.86741
AGATGACTCGCCCACG-1,0.000022,0.797238,0.20274
AGATGAGGGTTGCGAT-1,0.000034,0.032054,0.967912
AGATGATGGAGTCTGG-1,0.000033,0.022909,0.977058
AGATGCAAGACGTGCA-1,0.000022,0.410701,0.589277
AGATGCATCCTGTGTC-1,0.000093,0.012714,0.987193
AGATGCTATAACGAGC-1,0.000373,0.214515,0.785112
AGATTATAGGACGTTT-1,0.000027,0.706606,0.293367
AGATTCAAGCGGGTCG-1,0.000033,0.04404,0.955927
AGATTCACAACCGATA-1,0.000017,0.002569,0.997414
AGCAAAGGCCGCTAGT-1,0.000026,0.268598,0.731375
AGCAACATATCTTATT-1,0.000045,0.25096,0.748995
AGCAACCGAAAGTAAT-1,0.000023,0.46543,0.534547
AGCACCAGTACTCACG-1,0.000031,0.436185,0.563784
AGCACTACCGGCCTGT-1,0.001543,0.007721,0.990735
AGCACTACCTCACCAG-1,0.00002,0.620863,0.379118
AGCACTTAAGGACGCC-1,0.000033,0.178167,0.8218
AGCAGAAGGAGAAAGA-1,0.000021,0.086767,0.913212
AGCAGCCAGATGAATA-1,0.000036,0.231528,0.768437
AGCATATCAATATGCT-1,0.000029,0.261688,0.738283
AGCATCATTTCGAAAG-1,0.000047,0.336991,0.662962
AGCATCGTCGATAATT-1,0.000036,0.112619,0.887344
AGCATTACGAGGCAAG-1,0.000021,0.747111,0.252868
AGCCAAGCTTTGTGTC-1,0.000022,0.02262,0.977357
AGCCACAGGTTACCCG-1,0.000015,0.839089,0.160895
AGCCACTCCCGTGCTT-1,0.000048,0.000239,0.999714
AGCCCATACATGTAAG-1,0.000023,0.415354,0.584623
AGCCCGCAACAAGCAG-1,0.000017,0.230628,0.769355
AGCCCGCACTACAATG-1,0.000035,0.319102,0.680863
AGCCCGGCATTAGAGG-1,0.000014,0.500743,0.499243
AGCCCGGTAGCCTGTA-1,0.000025,0.056287,0.943688
AGCCCTAAGCGAAGTT-1,0.000026,0.227315,0.77266
AGCCCTGTCGCACCGT-1,0.000013,0.836707,0.163281
AGCCCTTCTAATCCGA-1,0.000029,0.087362,0.912609
AGCCCTTGGACATCCC-1,0.000024,0.660427,0.33955
AGCCGCAAATTCAAAT-1,0.000239,0.001198,0.998562
AGCCGCTTGATTAGCG-1,0.000448,0.002242,0.99731
AGCCGTGGCTAAATGT-1,0.00003,0.220803,0.779167
AGCCTAATACCCACGT-1,0.00002,0.284318,0.715661
AGCCTTAAAGCGGAAG-1,0.000285,0.06655,0.933165
AGCGACAGGAACGGTC-1,0.000026,0.229371,0.770603
AGCGACATCCCATTCA-1,0.000028,0.230624,0.769348
AGCGACCAACGATATT-1,0.000028,0.480128,0.519844
AGCGATGCGCCTAATA-1,0.000013,0.886576,0.113412
AGCGCATAATGAATCG-1,0.000023,0.171479,0.828498
AGCGCGGGTGCCAATG-1,0.000047,0.181192,0.818762
AGCGCTAGAGCGATGT-1,0.000028,0.452693,0.547279
AGCGCTTATGGGCAAG-1,0.000038,0.000191,0.999771
AGCGGACACTTCGTAG-1,0.000028,0.608989,0.390983
AGCGGCGGTTAGCGGT-1,0.000031,0.248645,0.751324
AGCGGGAAGGGTCCAT-1,0.000214,0.217062,0.782724
AGCGGGTCTGACACTC-1,0.000021,0.348256,0.651723
AGCGGTTGAGATGTAC-1,0.000023,0.421255,0.578722
AGCGGTTGCCGCTCTG-1,0.000036,0.036366,0.963598
AGCGTACGAGAGCTAG-1,0.000669,0.756326,0.243004
AGCGTAGCGCTAGACC-1,0.000255,0.001275,0.99847
AGCGTCTGAACCCGCA-1,0.000751,0.138955,0.860294
AGCGTGGTATTCTACT-1,0.000023,0.453507,0.54647
AGCGTTCCGATTTAAA-1,0.000027,0.013095,0.986878
AGCTAACAAGCAATGT-1,0.000019,0.1551,0.844881
AGCTAAGTACGCAGGC-1,0.000018,0.661455,0.338527
AGCTAGAAGCAGAAGT-1,0.000037,0.071398,0.928566
AGCTATTTAATCCAAC-1,0.000031,0.191098,0.808871
AGCTCCATATATGTTC-1,0.000034,0.0439,0.956066
AGCTCCTTCGCACATC-1,0.000033,0.108116,0.891851
AGCTCGTTGATGGAAA-1,0.000027,0.527939,0.472034
AGCTCTAGACGTTCCA-1,0.000029,0.358428,0.641543
AGCTCTTCCCAGTGCA-1,0.000045,0.135277,0.864677
AGCTCTTCGTAACCTT-1,0.000037,0.32451,0.675452
AGCTCTTTACTCAGTT-1,0.000039,0.316138,0.683824
AGCTGAAGTAAACCAA-1,0.00003,0.046872,0.953098
AGCTGCATTTGAGGTG-1,0.000049,0.000244,0.999707
AGCTGCTGTGCCGAAT-1,0.000031,0.722936,0.277033
AGCTGTAACCTCAATC-1,0.00003,0.485259,0.514711
AGCTTATAGAGACCTG-1,0.000115,0.010102,0.989783
AGCTTCAATACTTTGA-1,0.000017,0.547429,0.452554
AGCTTCTTCTCGAGCA-1,0.000015,0.885954,0.114031
AGGAAAGCCTCTGATG-1,0.000217,0.001084,0.9987
AGGAACGAACGACTTC-1,0.000024,0.655437,0.344539
AGGAAGCTGTCCGCCG-1,0.000018,0.797388,0.202594
AGGACAGTCGAATCCC-1,0.000018,0.771535,0.228447
AGGACATCGCACGTCG-1,0.000107,0.000535,0.999358
AGGACATCGGCACACT-1,0.000026,0.961227,0.038747
AGGACGACCCATTAGA-1,0.000015,0.873978,0.126006
AGGACGCTCGATGTTG-1,0.000026,0.744935,0.255039
AGGACTTATAGGAGAA-1,0.000336,0.546186,0.453478
AGGAGACATCCACAGT-1,0.000017,0.709591,0.290393
AGGAGAGTCTGGCTAC-1,0.000032,0.562032,0.437936
AGGAGGCCTTCGCGCG-1,0.000015,0.848846,0.151139
AGGATAAAGTCGGGAT-1,0.000035,0.005691,0.994274
AGGATATAGGGATTTA-1,0.000037,0.126584,0.873379
AGGATATCCGACTGCA-1,0.000028,0.516744,0.483228
AGGATCACGCGATCTG-1,0.000035,0.000175,0.99979
AGGATTGCTTACGACA-1,0.000027,0.65743,0.342543
AGGCAAAGAGGAATCA-1,0.000628,0.003141,0.996231
AGGCAATACGGAGGAC-1,0.000829,0.535457,0.463714
AGGCACGTGACTGTCC-1,0.000018,0.812706,0.187276
AGGCAGATGCGTAAAC-1,0.000024,0.631322,0.368654
AGGCAGGGAGCGTACT-1,0.000034,0.370411,0.629555
AGGCATTGTCGTAGGG-1,0.000057,0.478571,0.521372
AGGCCACATTGGTTAC-1,0.000031,0.29128,0.70869
AGGCCACCCGTTATGA-1,0.000032,0.642349,0.357619
AGGCCCAGTGACTGGT-1,0.000276,0.001383,0.998341
AGGCCCATTGTACAGG-1,0.000037,0.000183,0.99978
AGGCCCTAGAACGCCA-1,0.000021,0.599556,0.400423
AGGCCTGAGAATCTCG-1,0.00002,0.543093,0.456887
AGGCGATAACTGGCGT-1,0.00002,0.61203,0.38795
AGGCGGTTTGTCCCGC-1,0.000022,0.307603,0.692375
AGGCGTCTATGGACGG-1,0.000017,0.58947,0.410513
AGGCTATGGTTAGCTT-1,0.000142,0.266533,0.733325
AGGCTTCCCGAAGAAG-1,0.00003,0.144254,0.855716
AGGCTTGCTAGACACC-1,0.000296,0.001483,0.998221
AGGGAAACGAGGTACT-1,0.000026,0.6034,0.396575
AGGGACAGCACGGCGG-1,0.000093,0.346686,0.65322
AGGGACCGGCTGCGTT-1,0.000033,0.30635,0.693618
AGGGACTCTACGCGAC-1,0.000038,0.130139,0.869823
AGGGAGACATACTTCG-1,0.000028,0.611025,0.388947
AGGGCAGCGGCGTGGT-1,0.000025,0.918327,0.081648
AGGGCCCTAATGTTCT-1,0.000019,0.652966,0.347015
AGGGCGAGCAGCTGAT-1,0.000032,0.516438,0.48353
AGGGCGTGATCGGCTA-1,0.000047,0.311258,0.688695
AGGGCTGCAGTTACAG-1,0.000033,0.615841,0.384126
AGGGTCAGTAACCCTA-1,0.000018,0.729347,0.270634
AGGGTCGATGCGAACT-1,0.000035,0.038152,0.961813
AGGGTCTGGACGCAGT-1,0.000062,0.264791,0.735146
AGGGTGCCGTTCTTTA-1,0.000015,0.330611,0.669374
AGGGTGCTCTCGAGGG-1,0.000042,0.243094,0.756864
AGGGTGGATAGTGCAT-1,0.000404,0.002022,0.997574
AGGGTGTGCTACACGC-1,0.000017,0.432639,0.567344
AGGGTTCCCTTTGGTT-1,0.000049,0.000244,0.999707
AGGGTTTAGTTCGGGA-1,0.000046,0.325009,0.674945
AGGTAACCTCCTATTC-1,0.000146,0.000943,0.998911
AGGTACGATATTGCCA-1,0.00003,0.184291,0.815679
AGGTAGATCGAGATAT-1,0.000019,0.375899,0.624082
AGGTAGGTACAAAGCT-1,0.000029,0.000147,0.999824
AGGTATAATTGATAGT-1,0.000047,0.028556,0.971396
AGGTATGCGGACATTA-1,0.000024,0.238635,0.761341
AGGTCAGGTGAGAGTG-1,0.000037,0.002696,0.997267
AGGTCGCCACTTCGGT-1,0.000236,0.190318,0.809446
AGGTCGCCTCCCAACA-1,0.000024,0.02891,0.971066
AGGTCGCGGAGTTACT-1,0.000073,0.016813,0.983114
AGGTGCACGTCCACAT-1,0.00003,0.566737,0.433233
AGGTGGTGACCTTCGC-1,0.000024,0.130818,0.869158
AGGTGTATCGCCATGA-1,0.000363,0.001817,0.99782
AGGTGTTGCCGACCAC-1,0.00002,0.444852,0.555128
AGGTTACACCATGCCG-1,0.000037,0.389326,0.610636
AGGTTGAGGCACGCTT-1,0.000037,0.456424,0.543539
AGGTTTCACACACCTT-1,0.000022,0.813219,0.186759
AGTAACGTTCATCCTG-1,0.000015,0.87733,0.122656
AGTAACTATAGCAGCC-1,0.000013,0.727792,0.272195
AGTAATGTCTTGCCGC-1,0.000045,0.197643,0.802313
AGTACAGAAGCTTATA-1,0.000041,0.65239,0.347569
AGTACATCATTTATCA-1,0.000031,0.620967,0.379002
AGTACCTTCGAGTGCT-1,0.000024,0.651787,0.348188
AGTACGGCCCGTATCG-1,0.000323,0.216971,0.782706
AGTACGGGCACCTGGC-1,0.000037,0.543934,0.456029
AGTACGTGGCCTGTCT-1,0.000038,0.196321,0.803642
AGTACTCTTATGCCCA-1,0.000045,0.271043,0.728912
AGTAGCGTGAACGAAC-1,0.000016,0.525104,0.47488
AGTAGCTAGACGCCGA-1,0.000024,0.627831,0.372145
AGTAGGAAGGAAGTTG-1,0.000023,0.848825,0.151152
AGTAGGTAACATACAT-1,0.000034,0.000172,0.999794
AGTATAATACTAGGCA-1,0.000024,0.77836,0.221616
AGTATACACAGCGACA-1,0.000024,0.024051,0.975925
AGTATCCATAATAACG-1,0.000238,0.00119,0.998572
AGTATGCTGGAGACCA-1,0.00003,0.438822,0.561147
AGTATTTGGCACGACC-1,0.000026,0.476653,0.523321
AGTCAACACCACCATC-1,0.000015,0.89272,0.107265
AGTCAAGATGACACTT-1,0.00004,0.426679,0.573282
AGTCACTAGCTCTCGA-1,0.000036,0.459348,0.540616
AGTCACTCCGCCTCAT-1,0.000204,0.00102,0.998776
AGTCAGCCACCGCCTG-1,0.000296,0.338852,0.660852
AGTCCAGCGGGTACGT-1,0.000261,0.001305,0.998434
AGTCCATTGGCTGATG-1,0.000032,0.406507,0.593461
AGTCCCGCCTTTAATT-1,0.000029,0.428021,0.57195
AGTCCCTCGCAGAAAG-1,0.000016,0.654289,0.345695
AGTCGACGGTCTCAAG-1,0.000029,0.593737,0.406234
AGTCGGCCCAAACGAC-1,0.000015,0.595251,0.404734
AGTCGGCTCAACTTTA-1,0.000031,0.288646,0.711323
AGTCGGTTGCGTGAGA-1,0.000036,0.134663,0.865301
AGTCGTATAAAGCAGA-1,0.000009,0.977645,0.022346
AGTCGTCGACCACCAA-1,0.000015,0.98154,0.018445
AGTCGTGGGCATTACG-1,0.000034,0.116373,0.883593
AGTCTAAAGTATACTC-1,0.000049,0.240182,0.759769
AGTCTCACAAGACTAC-1,0.000027,0.282565,0.717408
AGTCTGGACATCCTTG-1,0.003584,0.017934,0.978482
AGTCTTCTCCTCAAAT-1,0.000026,0.757876,0.242098
AGTCTTTAAAGTGTCC-1,0.000027,0.029633,0.97034
AGTGAACAAACTTCTC-1,0.000031,0.666239,0.33373
AGTGAAGATGGTGTCC-1,0.000031,0.127682,0.872287
AGTGACCTACTTTACG-1,0.000046,0.109109,0.890845
AGTGACTGTGACACAA-1,0.000043,0.339703,0.660253
AGTGAGACTTCCAGTA-1,0.000039,0.232132,0.767828
AGTGAGCCTCGCCGCC-1,0.000042,0.18536,0.814599
AGTGAGGGTTTCTGAC-1,0.000018,0.974656,0.025326
AGTGAGTCGAATTAAC-1,0.000058,0.015579,0.984363
AGTGATAACCTGCGCG-1,0.000027,0.638253,0.36172
AGTGATATGAGTAGTT-1,0.000071,0.603533,0.396396
AGTGATTCAAGCAGGA-1,0.000039,0.289322,0.71064
AGTGCACGCTTAAGAA-1,0.000026,0.65763,0.342344
AGTGCGTAGCTCGTAA-1,0.000018,0.354267,0.645715
AGTGCTAAACACAGCA-1,0.000018,0.283857,0.716125
AGTGCTTGCACGAATA-1,0.000028,0.72758,0.272392
AGTGGCGGCAATTTGA-1,0.000032,0.20351,0.796458
AGTGGCGTCTGAAGGT-1,0.000022,0.163316,0.836663
AGTGGCTCCGTCGGCC-1,0.000174,0.00087,0.998956
AGTGGGAGTATACACG-1,0.001587,0.007942,0.99047
AGTGGTGTTACCCGTG-1,0.00037,0.001853,0.997777
AGTGGTTGCGTATAGG-1,0.001543,0.007721,0.990736
AGTGTATTGCGCATTG-1,0.000036,0.222892,0.777072
AGTGTGCTAAGATCGC-1,0.000419,0.002098,0.997483
AGTGTGGTCTATTGTG-1,0.003704,0.018533,0.977763
AGTTAAACACTTGCGA-1,0.000033,0.609125,0.390843
AGTTAAGCGGTCCCGG-1,0.000021,0.755254,0.244725
AGTTAAGTCAACCGCT-1,0.000028,0.04279,0.957182
AGTTACCCTTAAGACT-1,0.002849,0.014254,0.982897
AGTTACCGCACATGGT-1,0.00202,0.645412,0.352568
AGTTACTCTATCGTGG-1,0.000043,0.046913,0.953044
AGTTATTGAAAGGTAA-1,0.000018,0.488188,0.511794
AGTTCACCGGTTGGAC-1,0.000507,0.03543,0.964063
AGTTCCTACAGAATTA-1,0.00003,0.512447,0.487523
AGTTCCTATTTATGTT-1,0.000019,0.999922,0.000058
AGTTCTGCGTTGTATC-1,0.003003,0.015026,0.981971
AGTTGACATCGGCTGG-1,0.000588,0.002942,0.99647
AGTTGACGGTCCTTGC-1,0.000028,0.178079,0.821893
AGTTGCTGACTGATAT-1,0.000875,0.131042,0.868083
AGTTGGCAAGGCTAGA-1,0.000027,0.139011,0.860962
AGTTTATGTAAAGACA-1,0.000025,0.315248,0.684727
AGTTTCGCAGGTCGGA-1,0.000041,0.517909,0.48205
AGTTTGCACCTGCCTC-1,0.000024,0.639258,0.360719
AGTTTGGCACGGGTTG-1,0.00003,0.705068,0.294902
AGTTTGGCCAGACCTA-1,0.000048,0.18391,0.816041
ATAAACCATTGGACGG-1,0.000193,0.000967,0.99884
ATAAACGGACCCGTAA-1,0.000048,0.013356,0.986597
ATAAACGTTGCACCAC-1,0.000026,0.588901,0.411073
ATAAAGGCTCGGTCGT-1,0.000024,0.78243,0.217546
ATAAAGGTCAAGTACG-1,0.000028,0.283612,0.716361
ATAAATATTAGCAGCT-1,0.000029,0.382868,0.617103
ATAACGCCGGAGGGTC-1,0.000065,0.16271,0.837225
ATAACGGAGTCCAACG-1,0.000043,0.564727,0.435229
ATAACGTTACCTCCAC-1,0.000024,0.097932,0.902045
ATAAGCAAACACCGAG-1,0.000019,0.41728,0.582701
ATAAGGTGGAGAACAT-1,0.000043,0.311947,0.68801
ATAAGTACCCGATTGT-1,0.000019,0.504305,0.495676
ATAAGTAGGATTCAGA-1,0.000042,0.027907,0.972051
ATAAGTAGGGCGACTC-1,0.000025,0.758919,0.241056
ATAAGTTACCGCGACG-1,0.00003,0.442822,0.557149
ATAATACCGTTAGCCG-1,0.00202,0.010108,0.987871
ATAATAGCTGTTGAAT-1,0.000035,0.266336,0.733629
ATAATAGTGTAGGGAC-1,0.000055,0.68747,0.312476
ATAATCTTGGAGAACC-1,0.000024,0.515713,0.484264
ATAATTAGCTAAGTAG-1,0.000013,0.644578,0.355409
ATACAGGCCCTCCAAT-1,0.000019,0.730171,0.26981
ATACCACGGGCAACTT-1,0.000033,0.548783,0.451184
ATACCAGCAAATTGCT-1,0.000066,0.145625,0.854309
ATACCAGGCTAATAGA-1,0.000017,0.70228,0.297703
ATACCAGGTGAGCGAT-1,0.000564,0.002822,0.996614
