Barcode,Topic 1,Topic 2to7,Topic 8to9,Topic 10to11
AAACAACGAATAGTTC-1,0.642455,0.357366,0.000089,0.000089
AAACAAGTATCTCCCA-1,0.294954,0.00024,0.028707,0.676099
AAACAATCTACTAGCA-1,0.000022,0.856216,0.143718,0.000044
AAACACCAATAACTGC-1,0.007688,0.651016,0.23487,0.106426
AAACAGAGCGACTCCT-1,0.002986,0.460265,0.492894,0.043855
AAACAGCTTTCAGAAG-1,0.004684,0.135273,0.295935,0.564108
AAACAGGGTCTATATT-1,0.034269,0.732376,0.130703,0.102653
AAACAGTGTTCCTGGG-1,0.097118,0.89746,0.000048,0.005375
AAACATGGTGAGAGGA-1,0.008266,0.049594,0.92561,0.016531
AAACATTTCCCGGATT-1,0.999538,0.000277,0.000092,0.000092
AAACCACTACACAGAT-1,0.000046,0.938071,0.06179,0.000093
AAACCCGAACGAAATC-1,0.975718,0.024087,0.000098,0.000098
AAACCGGAAATGTTAA-1,0.733182,0.231032,0.000081,0.035706
AAACCGGGTAGGTACC-1,0.002316,0.667976,0.26766,0.062049
AAACCGTTCGTCCAGG-1,0.002769,0.680147,0.294311,0.022773
AAACCTAAGCAGCCGG-1,0.012655,0.72497,0.013728,0.248648
AAACCTCATGAAGTTG-1,0.00003,0.902444,0.061933,0.035592
AAACGAAGAACATACC-1,0.020523,0.413888,0.488869,0.07672
AAACGAAGATGGAGTA-1,0.008922,0.000179,0.097383,0.893516
AAACGACAGTCTTGCC-1,0.032915,0.873856,0.077787,0.015441
AAACGAGACGGTTGAT-1,0.084237,0.72299,0.16482,0.027953
AAACGCCCGAGATCGG-1,0.022402,0.477156,0.486226,0.014216
AAACGGGCGTACGGGT-1,0.873985,0.125843,0.000086,0.000086
AAACGGGTTGGTATCC-1,0.122563,0.456215,0.23894,0.182282
AAACGGTTGCGAACTG-1,0.127582,0.584646,0.000659,0.287113
AAACGTGTTCGCCCTA-1,0.067627,0.910999,0.000142,0.021232
AAACTAACGTGGCGAC-1,0.011057,0.590184,0.363995,0.034764
AAACTCGGTTCGCAAT-1,0.148321,0.711124,0.000044,0.140511
AAACTCGTGATATAAG-1,0.052164,0.836195,0.098447,0.013194
AAACTGCTGGCTCCAA-1,0.067033,0.643598,0.19811,0.091258
AAACTTAATTGCACGC-1,0.000695,0.885839,0.046314,0.067152
AAACTTGCAAACGTAT-1,0.011179,0.803006,0.105701,0.080115
AAAGAATGACCTTAGA-1,0.004708,0.000792,0.004241,0.990259
AAAGAATGTGGACTAA-1,0.483287,0.455788,0.000073,0.060852
AAAGACATGAAGTTTA-1,0.046605,0.585569,0.277571,0.090255
AAAGACCCAAGTCGCG-1,0.01946,0.654722,0.305708,0.020111
AAAGACTGGGCGCTTT-1,0.029639,0.199363,0.584895,0.186104
AAAGGCCCTATAATAC-1,0.017395,0.786253,0.074604,0.121749
AAAGGCTACGGACCAT-1,0.001377,0.784426,0.157529,0.056668
AAAGGCTCTCGCGCCG-1,0.004406,0.715436,0.143247,0.136911
AAAGGGATGTAGCAAG-1,0.057922,0.486635,0.372847,0.082596
AAAGGGCAGCTTGAAT-1,0.006164,0.47699,0.475211,0.041635
AAAGGTAAGCTGTACC-1,0.259099,0.572993,0.167827,0.000081
AAAGGTCAACGACATG-1,0.029656,0.438796,0.377701,0.153846
AAAGTAGCATTGCTCA-1,0.07692,0.784746,0.082642,0.055691
AAAGTCACTGATGTAA-1,0.000018,0.586252,0.408894,0.004837
AAAGTCGACCCTCAGT-1,0.008511,0.752757,0.051961,0.186771
AAAGTGTGATTTATCT-1,0.235405,0.585508,0.02749,0.151596
AAAGTTGACTCCCGTA-1,0.295424,0.704435,0.00007,0.00007
AAATAACCATACGGGA-1,0.037688,0.57794,0.235462,0.14891
AAATACCTATAAGCAT-1,0.05214,0.880103,0.049186,0.01857
AAATAGCTTAGACTTT-1,0.271848,0.537375,0.163736,0.027041
AAATAGGGTGCTATTG-1,0.008238,0.8244,0.08706,0.080303
AAATCCGATACACGCC-1,0.053579,0.858876,0.00024,0.087305
AAATCGCGGAAGGAGT-1,0.029051,0.000262,0.346458,0.62423
AAATCGTGTACCACAA-1,0.0272,0.890963,0.067685,0.014151
AAATCTAGCCCTGCTA-1,0.834228,0.164656,0.000558,0.000558
AAATCTGCCCGCGTCC-1,0.000033,0.141062,0.484576,0.374329
AAATGACTGATCAAAC-1,0.463043,0.31638,0.000086,0.22049
AAATGATTCGATCAGC-1,0.027678,0.881618,0.04795,0.042754
AAATGCTCGTTACGTT-1,0.02485,0.762688,0.06926,0.143202
AAATGGCATGTCTTGT-1,0.00002,0.481055,0.417289,0.101636
AAATGGCCCGTGCCCT-1,0.011317,0.939588,0.028879,0.020216
AAATGGTCAATGTGCC-1,0.031836,0.783384,0.100554,0.084227
AAATGTATCTTATCCC-1,0.003497,0.020982,0.968528,0.006994
AAATGTGGGTGCTCCT-1,0.000017,0.611737,0.352806,0.03544
AAATTAACGGGTAGCT-1,0.015596,0.796463,0.179257,0.008684
AAATTAATAAGCGCGA-1,0.02495,0.061703,0.394534,0.518812
AAATTACACGACTCTG-1,0.083952,0.743355,0.165073,0.00762
AAATTACCTATCGATG-1,0.004291,0.741296,0.204617,0.049796
AAATTCCAGGTCCAAA-1,0.164106,0.749625,0.086221,0.000047
AAATTGATAGTCCTTT-1,0.030026,0.905978,0.010258,0.053738
AAATTGCGGCGGTTCT-1,0.014123,0.96744,0.01835,0.000087
AAATTGGTGAGAAGCA-1,0.031788,0.885071,0.032337,0.050804
AAATTTACCGAAATCC-1,0.045734,0.755782,0.190058,0.008425
AAATTTGCGGGTGTGG-1,0.015305,0.30492,0.233669,0.446106
AACAACTGGTAGTTGC-1,0.000021,0.518896,0.432394,0.04869
AACAATACATTGTCGA-1,0.000013,0.712414,0.120384,0.167189
AACAATTACTCTACGC-1,0.001519,0.694948,0.188363,0.11517
AACACACGCTCGCCGC-1,0.777271,0.222323,0.000203,0.000203
AACACGACTGTACTGA-1,0.000021,0.673827,0.245117,0.081035
AACACGAGACGCGGCC-1,0.042903,0.644348,0.150704,0.162045
AACACGCGGCCGCGAA-1,0.000027,0.888727,0.111191,0.000055
AACAGCTGTGTGGCAA-1,0.007311,0.810293,0.067419,0.114977
AACAGGAAATCGAATA-1,0.01728,0.710543,0.177935,0.094241
AACAGGATGGGCCGCG-1,0.002303,0.931015,0.032841,0.033842
AACAGGTAGTATGGAT-1,0.800419,0.198794,0.000394,0.000394
AACATAGCGTGTATCG-1,0.58004,0.364871,0.000125,0.054963
AACATATCAACTGGTG-1,0.017505,0.646915,0.305803,0.029778
AACATCGATACGTCTA-1,0.011366,0.785253,0.122561,0.08082
AACATTGAAGTTGATC-1,0.005718,0.166768,0.295255,0.532259
AACATTGGTCAGCCGT-1,0.102567,0.574058,0.2555,0.067874
AACATTGTGACTCGAG-1,0.000019,0.834405,0.1351,0.030477
AACCAAGACTTCTCTG-1,0.000028,0.881681,0.117053,0.001239
AACCAGTATCACTCTT-1,0.026189,0.772068,0.171195,0.030548
AACCATAGGGTTGAAC-1,0.005676,0.950042,0.023319,0.020962
AACCATGGGATCGCTA-1,0.005571,0.783996,0.198672,0.011761
AACCCAGAGACGGAGA-1,0.000028,0.942199,0.057717,0.000056
AACCCATCCCATGATC-1,0.000013,0.365374,0.332151,0.302461
AACCCGACAACCCGTG-1,0.044603,0.641719,0.220823,0.092855
AACCCGAGCAGAATCG-1,0.900169,0.099591,0.00012,0.00012
AACCCGATAGGGCTTC-1,0.000042,0.875535,0.124338,0.000085
AACCCGCTGTATTCCA-1,0.401366,0.229164,0.005682,0.363788
AACCCTACTGTCAATA-1,0.081053,0.91883,0.000058,0.000058
AACCCTGGTGGAACCA-1,0.00504,0.69484,0.269249,0.030871
AACCGAGCTTGGTCAT-1,0.023897,0.344831,0.539547,0.091725
AACCGCTAAGGGATGC-1,0.188604,0.524619,0.080865,0.205912
AACCGTTGTGTTTGCT-1,0.003741,0.849954,0.137525,0.00878
AACCTAAAGCCGTCCG-1,0.036154,0.486548,0.439438,0.03786
AACCTCGCTTTAGCCC-1,0.137274,0.862628,0.000049,0.000049
AACCTGTCACGGAATT-1,0.357381,0.633454,0.009088,0.000077
AACCTTTAAATACGGT-1,0.000013,0.815096,0.084227,0.100665
AACCTTTACGACGTCT-1,0.0023,0.675528,0.270467,0.051705
AACGAAAGTCGTCCCA-1,0.008798,0.37585,0.204108,0.411244
AACGACCTCCTAGCCG-1,0.445198,0.352436,0.000053,0.202313
AACGATAATGCCGTAG-1,0.000018,0.935772,0.049729,0.014481
AACGATAGAAGGGCCG-1,0.000023,0.833026,0.124524,0.042427
AACGATATGTCAACTG-1,0.116414,0.468095,0.281297,0.134193
AACGCATGATCTGGGT-1,0.052291,0.768874,0.161831,0.017004
AACGCGAACGGCAACA-1,0.000019,0.765911,0.232294,0.001776
AACGCGACCTTGGGCG-1,0.032167,0.661289,0.023461,0.283083
AACGCGGTCTCCAGCC-1,0.10792,0.405632,0.360418,0.12603
AACGCTGTTGCTGAAA-1,0.767226,0.09626,0.000172,0.136341
AACGGACGTACGTATA-1,0.60874,0.390993,0.000133,0.000133
AACGGCCATCTCCGGT-1,0.031202,0.792204,0.130886,0.045708
AACGTACTGTGGGTAC-1,0.041529,0.46793,0.427236,0.063305
AACGTAGTCTACCCAT-1,0.00002,0.536481,0.4621,0.001398
AACGTCAGACTAGTGG-1,0.001564,0.538013,0.418735,0.041689
AACGTCATCCGGCTTG-1,0.117311,0.000313,0.030868,0.851509
AACGTGATGAAGGACA-1,0.031844,0.822321,0.131274,0.014561
AACGTGCGAAAGTCTC-1,0.073866,0.339331,0.371007,0.215795
AACGTTATCAGCACCT-1,0.031635,0.27999,0.395538,0.292837
AACTACCCGTTTGTCA-1,0.998316,0.00101,0.000337,0.000337
AACTAGCGTATCGCAC-1,0.012807,0.796643,0.183084,0.007466
AACTAGGCTTGGGTGT-1,0.000022,0.929806,0.018519,0.051653
AACTCAAGTTAATTGC-1,0.018526,0.97757,0.000047,0.003856
AACTCCAGAGCGTGTT-1,0.927523,0.072204,0.000136,0.000136
AACTCCTAATCCCATG-1,0.06136,0.39237,0.450312,0.095958
AACTCGATAAACACGT-1,0.122689,0.448822,0.200906,0.227583
AACTCGATGGCGCAGT-1,0.012939,0.787494,0.182513,0.017055
AACTCTCAATAGAGCG-1,0.036405,0.846302,0.116026,0.001268
AACTCTCAGTGTGCTC-1,0.002058,0.871016,0.120268,0.006657
AACTGAGGTCAGCGTC-1,0.000042,0.952303,0.047571,0.000084
AACTGAGTTATACTGA-1,0.378703,0.016071,0.008386,0.596839
AACTGATATTAGGCCT-1,0.000022,0.775903,0.219339,0.004736
AACTGGGTCCCGACGT-1,0.016967,0.576216,0.380889,0.025929
AACTGGGTTCGAGCCG-1,0.059651,0.881865,0.048798,0.009686
AACTGGTGTGGGCCTT-1,0.000025,0.837093,0.162833,0.000049
AACTTCTGCGTCTATC-1,0.000029,0.802553,0.178123,0.019295
AACTTGCCCGTATGCA-1,0.000016,0.36838,0.573896,0.057708
AACTTGCGTTCTCGCG-1,0.004347,0.775507,0.189361,0.030785
AACTTTACGGGAGCTT-1,0.008251,0.000325,0.057495,0.933929
AACTTTAGCTGCTGAG-1,0.013759,0.952583,0.03343,0.000227
AAGAAAGTTTGATGGG-1,0.017611,0.643356,0.112645,0.226389
AAGAAATCACCAGATT-1,0.031973,0.864584,0.001307,0.102137
AAGAAGGATCAGTTAG-1,0.00634,0.838559,0.149055,0.006046
AAGACCAAATAACTCA-1,0.021401,0.270647,0.348503,0.359448
AAGACCCAACTGAACA-1,0.000009,0.579302,0.176034,0.244655
AAGACTAACCCGTTGT-1,0.000031,0.884598,0.113954,0.001417
AAGACTCACGCCCACT-1,0.027305,0.848748,0.093476,0.030471
AAGACTGCAAGCTACT-1,0.043192,0.480159,0.206555,0.270093
AAGAGATGAATCGGTA-1,0.005661,0.775698,0.192018,0.026622
AAGAGCTCTTTATCGG-1,0.121094,0.415904,0.311435,0.151566
AAGAGGATGTACGCGA-1,0.003381,0.810743,0.165488,0.020388
AAGAGGCATGGATCGC-1,0.017623,0.292503,0.640333,0.049541
AAGAGGCCCTTTGGAA-1,0.832014,0.149712,0.000103,0.018171
AAGATGGCACCGGACC-1,0.000017,0.741263,0.193798,0.064922
AAGATTGGCGGAACGT-1,0.025298,0.499084,0.406455,0.069163
AAGCACCCTGCGTATC-1,0.006534,0.678949,0.234235,0.080283
AAGCATACTCTCCTGA-1,0.004556,0.792082,0.144335,0.059027
AAGCCACTTGCAGGTA-1,0.079791,0.663506,0.004557,0.252147
AAGCCGAAGCGGTTTA-1,0.856706,0.142496,0.000399,0.000399
AAGCCGCCGTGAAATC-1,0.039277,0.729703,0.006076,0.224945
AAGCCGCTTTACCTTG-1,0.025509,0.959764,0.000081,0.014646
AAGCCGGAGAGCAGGA-1,0.485289,0.266855,0.000176,0.24768
AAGCGCAGGGCTTTGA-1,0.085775,0.895067,0.000058,0.0191
AAGCGGAGTGCGCGCA-1,0.021524,0.85497,0.117255,0.006251
AAGCGGCGTCATGGGT-1,0.061135,0.636517,0.29384,0.008508
AAGCGTCCCTCATCGA-1,0.000095,0.871207,0.070203,0.058495
AAGCTAGATCGAGTAA-1,0.001857,0.93988,0.02731,0.030953
AAGCTATGGATTGACC-1,0.00716,0.168315,0.305227,0.519298
AAGCTCGTGCCAAGTC-1,0.486022,0.276479,0.058477,0.179023
AAGCTCTTTCATGGTG-1,0.557164,0.441396,0.001332,0.000107
AAGGAGAACTTATAAG-1,0.031063,0.904428,0.064463,0.000047
AAGGAGCGGTTGGTGC-1,0.000029,0.480374,0.503362,0.016235
AAGGATCGATCGCTTG-1,0.22307,0.751895,0.00006,0.024976
AAGGATGAGGGACCTC-1,0.005496,0.64286,0.301522,0.050122
AAGGCAGGCTGTCTCC-1,0.731009,0.199251,0.000104,0.069636
AAGGCGCGTAAAGCTT-1,0.01117,0.767711,0.195569,0.02555
AAGGCTGTGCTCATCG-1,0.030573,0.794104,0.153907,0.021416
AAGGGAACGACTGGCT-1,0.001768,0.590171,0.135427,0.272635
AAGGGACAGATTCTGT-1,0.017626,0.825983,0.087402,0.068989
AAGGGACTATGCATTC-1,0.022488,0.951573,0.002707,0.023232
AAGGGTTTGATTTCAG-1,0.007577,0.962117,0.015153,0.015153
AAGGTATCCTAATATA-1,0.097103,0.668654,0.164174,0.07007
AAGGTGATAAACCAGC-1,0.134343,0.864233,0.001375,0.00005
AAGTAAGCTTCCAAAC-1,0.034004,0.925107,0.040582,0.000306
AAGTAGAAGACCGGGT-1,0.000029,0.697604,0.285974,0.016393
AAGTAGTGACGCGAGG-1,0.008353,0.830951,0.156008,0.004689
AAGTCAATTGTCGTCA-1,0.667376,0.332364,0.00013,0.00013
AAGTCTTCTGTGGCCT-1,0.002273,0.988635,0.004546,0.004546
AAGTGACGACCGAATT-1,0.011598,0.745818,0.211798,0.030787
AAGTGAGTCGGGTTTA-1,0.010482,0.855309,0.078724,0.055484
AAGTGCAAAGGTAGAC-1,0.06855,0.063058,0.399744,0.468648
AAGTGCCTTGACTGTA-1,0.838478,0.161161,0.00018,0.00018
AAGTGCGTTAGAATCT-1,0.00564,0.611475,0.265384,0.117501
AAGTGCTTCTCTATTG-1,0.436256,0.548516,0.00011,0.015118
AAGTGTTTGGAGACGG-1,0.026691,0.616043,0.007188,0.350078
AAGTTCACTCCAAGCT-1,0.940743,0.058958,0.00015,0.00015
AAGTTCAGTCTGCGTA-1,0.006814,0.526163,0.389734,0.077289
AAGTTCGGCCAACAGG-1,0.021362,0.585208,0.194754,0.198675
AAGTTGTGATGTTATA-1,0.712545,0.286932,0.00009,0.000433
AAGTTTACTAATGGCA-1,0.000026,0.757737,0.233777,0.008461
AAGTTTATGGGCCCAA-1,0.068018,0.648568,0.004254,0.27916
AATAACAACGCTCGGC-1,0.000012,0.578198,0.377191,0.044599
AATAACACTAGAACAA-1,0.099484,0.646779,0.094697,0.159039
AATAAGTCCTCGAGAC-1,0.074861,0.66358,0.057214,0.204344
AATAATCTTCGTATCG-1,0.851238,0.139741,0.00012,0.008902
AATACAATGTTTCAGG-1,0.017255,0.828161,0.154533,0.000051
AATACCGGAGGGCTGT-1,0.078816,0.704943,0.096853,0.119388
AATACCTGATGTGAAC-1,0.443207,0.228859,0.000061,0.327873
AATAGAACAGAGTGGC-1,0.006309,0.817307,0.142552,0.033832
AATAGAATCTGTTTCA-1,0.085924,0.78687,0.110087,0.017119
AATAGCAAGCCTCCTG-1,0.000035,0.925606,0.07429,0.000069
AATAGCTACCGCGTGC-1,0.000034,0.705444,0.258177,0.036344
AATAGGCACGACCCTT-1,0.065227,0.547561,0.061093,0.326119
AATAGTCCGTCCCGAC-1,0.002377,0.812363,0.09271,0.09255
AATAGTCGCGAGTCGG-1,0.065396,0.000247,0.161239,0.773119
AATATCAAGGTCGGAT-1,0.000033,0.904809,0.082709,0.012449
AATATCCTAGCAAACT-1,0.006061,0.036367,0.945449,0.012123
AATATCGAATCAATGC-1,0.998522,0.000887,0.000296,0.000296
AATATCGAGGGTTCTC-1,0.040877,0.786449,0.15943,0.013243
AATATTGGAGTATTGA-1,0.000013,0.207999,0.764805,0.027182
AATCAGACTGCAGGAC-1,0.000021,0.562908,0.387921,0.04915
AATCAGGTTTCATTTA-1,0.097165,0.191577,0.077134,0.634125
AATCATGTAAAGACTC-1,0.999412,0.000353,0.000118,0.000118
AATCCAAGGGCCTGAG-1,0.000027,0.790893,0.209026,0.000054
AATCCATGCAAGGGTG-1,0.019322,0.649619,0.283994,0.047064
AATCCCGCTCAGAGCC-1,0.335683,0.105309,0.011579,0.547429
AATCGAGGTCTCAAGG-1,0.356873,0.029273,0.002345,0.61151
AATCGCCTCAGCGCCA-1,0.05363,0.474046,0.379565,0.092759
AATCGCGCAGAGGACT-1,0.683938,0.257598,0.00013,0.058333
AATCGGGACACTACGA-1,0.035127,0.755126,0.201711,0.008036
AATCGTGAGCCGAGCA-1,0.00069,0.565991,0.064117,0.369201
AATCTAGGTTTACTTG-1,0.0156,0.843718,0.021283,0.119399
AATCTATGCCGGAGCC-1,0.011053,0.585138,0.394042,0.009768
AATCTCTACTGTGGTT-1,0.008318,0.290897,0.182659,0.518126
AATCTGCGTTGGGACG-1,0.02405,0.929126,0.039718,0.007106
AATCTGGCTTTCTAGT-1,0.000024,0.511221,0.33293,0.155825
AATCTGGGTAGACCCT-1,0.015956,0.788879,0.192783,0.002382
AATGACAGCAATGTCT-1,0.024609,0.510338,0.343087,0.121966
AATGACGTAGGATGTC-1,0.089376,0.442196,0.117787,0.35064
AATGACTGTCAGCCGG-1,0.000024,0.728774,0.246277,0.024925
AATGAGTTCGCATATG-1,0.006926,0.578869,0.221638,0.192567
AATGATGATACGCTAT-1,0.070805,0.721258,0.181093,0.026844
AATGATGCGACTCCTG-1,0.000024,0.845297,0.152958,0.001721
AATGCAACCGGGTACC-1,0.04196,0.540356,0.376973,0.04071
AATGCACCAAGCAATG-1,0.156586,0.654077,0.036542,0.152795
AATGGTCCACCGTTCA-1,0.144025,0.155593,0.576347,0.124035
AATGGTTCTCACAAGC-1,0.000022,0.671413,0.306323,0.022241
AATGTATGGCACTGTA-1,0.039432,0.786079,0.016601,0.157888
AATGTGCCCGAGGTGT-1,0.012386,0.543491,0.054929,0.389195
AATGTGCTAATCTGAG-1,0.267985,0.611231,0.08053,0.040253
AATGTTAAGACCCTGA-1,0.275047,0.52753,0.000574,0.196849
AATTAAAGGTCGGCGT-1,0.000016,0.383184,0.481868,0.134932
AATTAACGGATTTCCA-1,0.000012,0.665985,0.210972,0.123031
AATTACGAGACCCATC-1,0.019525,0.01616,0.234873,0.729442
AATTACTCGTACGCTC-1,0.079944,0.114277,0.325144,0.480636
AATTAGCGCTGCAGCG-1,0.00061,0.967932,0.000045,0.031414
AATTATACCCAGCAAG-1,0.534598,0.324836,0.00008,0.140486
AATTCATAAGGGATCT-1,0.069702,0.734908,0.148185,0.047205
AATTCATTGTCATGCA-1,0.000893,0.497149,0.318572,0.183385
AATTCCAACTTGGTGA-1,0.280276,0.716547,0.000075,0.003102
AATTCCAAGCATGTAC-1,0.092474,0.834664,0.008136,0.064726
AATTCGATTCGAGGAT-1,0.179033,0.694714,0.003609,0.122644
AATTCTAGAGTTAGGC-1,0.040224,0.804569,0.140567,0.014641
AATTGAACGCTCTGGT-1,0.02103,0.572941,0.371999,0.03403
AATTGCAGCAATCGAC-1,0.310227,0.121672,0.000792,0.56731
AATTGCGTGGATTACA-1,0.025163,0.774927,0.105158,0.094752
AATTTGGGACATAGTA-1,0.21301,0.686751,0.100113,0.000126
AATTTGGTTCCAAAGA-1,0.000023,0.897892,0.081985,0.0201
ACAAACCATGCGTCCT-1,0.042677,0.739497,0.055839,0.161986
ACAAACCGACAAGGCG-1,0.056777,0.510202,0.342566,0.090455
ACAAACTCCATCAGAG-1,0.086787,0.276468,0.071383,0.565363
ACAAAGAAGGTAGGCC-1,0.000526,0.003153,0.898197,0.098124
ACAAAGCATGACCTAG-1,0.718129,0.281637,0.000117,0.000117
ACAAATCGCACCGAAT-1,0.036503,0.761322,0.002027,0.200148
ACAAATGGTAGTGTTT-1,0.055917,0.939184,0.004848,0.000051
ACAAATTCAGATCTGA-1,0.030459,0.698476,0.254299,0.016766
ACAACAGCATGAGCTA-1,0.110386,0.485868,0.264514,0.139232
ACAACGGTCCCTGCGA-1,0.001849,0.610542,0.153296,0.234314
ACAAGCAGTGCCTAGC-1,0.008552,0.667808,0.168888,0.154753
ACAAGCTATATGGAAG-1,0.003637,0.021821,0.967269,0.007274
ACAAGGAAATCCGCCC-1,0.015398,0.681127,0.242313,0.061162
ACAAGGACAAGAGGTT-1,0.00045,0.885387,0.09337,0.020794
ACAAGGATGCTTTAGG-1,0.241855,0.757985,0.00008,0.00008
ACAAGGCCTACCAGCC-1,0.000037,0.684605,0.311657,0.003701
ACAAGGGCAGGCTCTG-1,0.072543,0.735443,0.143855,0.048158
ACAAGTAATTGTAAGG-1,0.008152,0.733097,0.03963,0.219121
ACAATAGTCGTACGTT-1,0.064126,0.550625,0.191566,0.193683
ACAATCCATTTAAACC-1,0.001974,0.96451,0.033474,0.000041
ACAATCGATCTTTATA-1,0.016776,0.793124,0.15923,0.03087
ACAATGAATACGGAGA-1,0.000016,0.866493,0.088256,0.045235
ACAATGATTCTTCTAC-1,0.000024,0.556274,0.443654,0.000048
ACAATTGTGTCTCTTT-1,0.833205,0.166251,0.000272,0.000272
ACAATTTAGGAGGCTC-1,0.074613,0.054389,0.190223,0.680774
ACAATTTGAGCAGTGG-1,0.01696,0.260141,0.518023,0.204875
ACAATTTGGCCATATT-1,0.996989,0.001806,0.000602,0.000602
ACACAAAGACGGGTGG-1,0.062239,0.664783,0.242303,0.030675
ACACAAATATTCCTAG-1,0.047434,0.741377,0.193638,0.017551
ACACACCAGGACCAGT-1,0.107349,0.890158,0.00244,0.000053
ACACACTTTCTACACG-1,0.037134,0.732194,0.190938,0.039734
ACACATGATCAAATCT-1,0.027005,0.797086,0.079598,0.096311
ACACATTGACGCAACA-1,0.106126,0.093518,0.251036,0.54932
ACACATTTCCGTAGAC-1,0.106257,0.71828,0.00852,0.166942
ACACCACATAATTAGC-1,0.323447,0.615713,0.0507,0.01014
ACACCCAGCATGCAGC-1,0.021169,0.578874,0.380131,0.019826
ACACCCGAGAAATCCG-1,0.026637,0.736743,0.20928,0.02734
ACACCGAGCGCTCTTT-1,0.000196,0.001176,0.000392,0.998236
ACACCGGTCTGACCGC-1,0.000038,0.807307,0.058039,0.134616
ACACCTTAAGTAGGGC-1,0.000019,0.80715,0.18407,0.008761
ACACCTTACTACTTGC-1,0.647511,0.352171,0.000159,0.000159
ACACGAGACTCCTTCT-1,0.078231,0.380805,0.186897,0.354067
ACACGGCACTATGCAT-1,0.081719,0.435034,0.093493,0.389754
ACACGGGAACTTAGGG-1,0.002268,0.57888,0.335408,0.083445
ACACGTAGGCCACAAG-1,0.648015,0.351626,0.00018,0.00018
ACACTCCAATGTCACT-1,0.000015,0.344682,0.591453,0.063849
ACACTGATCAAGGTGT-1,0.005247,0.738741,0.221144,0.034868
ACACTGGGACAGTCGT-1,0.777447,0.22223,0.000161,0.000161
ACAGAACTGAGAACAA-1,0.043344,0.533223,0.30911,0.114323
ACAGATTAGGTTAGTG-1,0.01343,0.593538,0.382332,0.0107
ACAGCATAGAGCCAGT-1,0.018364,0.534223,0.405657,0.041756
ACAGCGACATTCTCAT-1,0.885291,0.109508,0.000144,0.005057
ACAGCGCACCCGCAGC-1,0.046125,0.740793,0.13578,0.077302
ACAGGAGGCGCAGCCG-1,0.001716,0.010293,0.419692,0.568299
ACAGGCACGGATCCTT-1,0.489999,0.336964,0.03305,0.139987
ACAGGCTTGCCCGACT-1,0.793141,0.206653,0.000103,0.000103
ACAGGTGGAGGTGAGG-1,0.054477,0.58053,0.285884,0.079108
ACAGGTGTGTTGTTGC-1,0.00433,0.025977,0.619699,0.349994
ACAGTAATACAACTTG-1,0.035746,0.288504,0.6108,0.064949
ACAGTATACCGTGGGA-1,0.016679,0.706022,0.008264,0.269035
ACAGTGCAGCGCATTT-1,0.093321,0.605888,0.088815,0.211976
ACATAAGTCGTGGTGA-1,0.006957,0.238067,0.414804,0.340171
ACATAATAAGGCGGTG-1,0.101406,0.398077,0.100993,0.399525
ACATCAGCTGGGACGC-1,0.051537,0.422318,0.243555,0.282591
ACATCCCGGCCATACG-1,0.000019,0.927335,0.038711,0.033935
ACATCCTGGTAACTGT-1,0.429423,0.484399,0.01493,0.071247
ACATCGATCGTTTACC-1,0.001736,0.815695,0.16643,0.016139
ACATCGCAATATTCGG-1,0.003001,0.502526,0.241908,0.252564
ACATCGGTCAGCCGCG-1,0.021793,0.447977,0.350504,0.179725
ACATCGTATGCAATGG-1,0.07037,0.755745,0.043957,0.129928
ACATCGTTAACCTAGT-1,0.007102,0.705717,0.264819,0.022361
ACATCTCAACGCGTAA-1,0.088586,0.683985,0.180875,0.046554
ACATGCTTACGGCAGC-1,0.01535,0.907319,0.017475,0.059857
ACATGGCGCCAAAGTA-1,0.277404,0.722398,0.000099,0.000099
ACATGGCTCAATTTAG-1,0.051277,0.339332,0.507355,0.102036
ACATTAGTTTATATCC-1,0.022396,0.807293,0.148318,0.021992
ACATTCGCGCGGAATA-1,0.006569,0.714485,0.03011,0.248836
ACATTTGAAACCTAAC-1,0.488513,0.297394,0.005682,0.208411
ACCAAACACCCAGCGA-1,0.114713,0.735115,0.119327,0.030845
ACCAAACTAGAAATCC-1,0.292504,0.538506,0.166873,0.002117
ACCAACACCACACACT-1,0.007481,0.781734,0.186383,0.024401
ACCAACCGCACTCCAC-1,0.622948,0.011963,0.010918,0.354171
ACCAACGCTTATTTAT-1,0.02881,0.837154,0.10418,0.029856
ACCAAGAACGCGTGTC-1,0.004188,0.7623,0.219703,0.013809
ACCAAGTCATCGGCAG-1,0.443066,0.188242,0.00014,0.368552
ACCAATATGCAAGTTA-1,0.058245,0.541968,0.020806,0.378982
ACCACAACTCAGAACA-1,0.058181,0.873778,0.023827,0.044214
ACCACAAGTTTCTATC-1,0.065681,0.587308,0.343915,0.003096
ACCACACGGTTGATGG-1,0.151459,0.444286,0.000392,0.403863
ACCACCAATGTAACAA-1,0.475423,0.057799,0.076312,0.390466
ACCACGTGCAGCTATA-1,0.002295,0.806042,0.087681,0.103982
ACCACTGTTCAAGAAG-1,0.043545,0.000273,0.188178,0.768004
ACCAGACCATAACAAC-1,0.000466,0.002797,0.000933,0.995804
ACCAGCCCGGTCTTTG-1,0.311064,0.678095,0.01078,0.000061
ACCAGGAGTGTGATCT-1,0.000022,0.610231,0.384106,0.005641
ACCAGTGCCCGGTCAA-1,0.000027,0.761754,0.238164,0.000055
ACCAGTGCGGGAGACG-1,0.582373,0.417372,0.000127,0.000127
ACCATATCCGCAATAA-1,0.023947,0.553138,0.12851,0.294406
ACCATCCGCCAACTAG-1,0.021818,0.470565,0.207574,0.300043
ACCATCGTATATGGTA-1,0.028599,0.620146,0.220631,0.130623
ACCATTAAGGGTGTCA-1,0.000223,0.001337,0.06515,0.93329
ACCCAACGCCCGTGGC-1,0.001629,0.165234,0.740908,0.092229
ACCCACCTACATGCTC-1,0.000013,0.353504,0.576147,0.070336
ACCCATCTTGAGGGTA-1,0.010312,0.953306,0.034364,0.002017
ACCCATTTGTCCCTCT-1,0.947603,0.052103,0.000147,0.000147
ACCCGAGCGAAATTAC-1,0.000012,0.840349,0.136612,0.023027
ACCCGATTGGTTCCGA-1,0.143386,0.716525,0.072745,0.067344
ACCCGGAAACTCCCAG-1,0.000017,0.92307,0.055381,0.021533
ACCCGGATGACGCATC-1,0.084636,0.895898,0.019395,0.000072
ACCCGGTTACACTTCC-1,0.013676,0.874194,0.094372,0.017758
ACCCGTAGCAGAGAAT-1,0.000026,0.45151,0.361898,0.186566
ACCCGTGTCATCAGTA-1,0.000346,0.798386,0.120387,0.080882
ACCCTATAGGACTGAG-1,0.000026,0.76882,0.220482,0.010672
ACCCTATGCCATATCG-1,0.053981,0.890749,0.046224,0.009045
ACCCTCCCGTCAGGGC-1,0.698898,0.15048,0.000048,0.150574
ACCCTCCCTTGCTATT-1,0.051861,0.850072,0.015979,0.082087
ACCCTGGTAACGCCCT-1,0.000021,0.937026,0.056004,0.006948
ACCCTTCATCTGCGAA-1,0.049401,0.40741,0.144503,0.398687
ACCCTTGCCTGGGTCG-1,0.000024,0.999881,0.000048,0.000048
ACCCTTTAGTTCTCCA-1,0.003634,0.944253,0.048411,0.003702
ACCGAAAGGGCCCTGC-1,0.061062,0.678264,0.231668,0.029005
ACCGAAGAGTCTGGTT-1,0.004883,0.321222,0.395179,0.278716
ACCGACACATCTCCCA-1,0.000019,0.961482,0.037029,0.00147
ACCGACTGAGTCCCAC-1,0.02009,0.763487,0.212188,0.004235
ACCGAGTCTCCTTATT-1,0.001682,0.639746,0.037078,0.321494
ACCGATAGGCATAACC-1,0.71152,0.211283,0.000206,0.07699
ACCGATATTTAATCAT-1,0.800778,0.164978,0.000105,0.034138
ACCGATGGTAGCATCG-1,0.05325,0.653372,0.281085,0.012293
ACCGCAATAACTGCCT-1,0.020811,0.675573,0.127162,0.176454
ACCGCGGTGGAAGTCG-1,0.999475,0.000315,0.000105,0.000105
ACCGCTAGTCATTGGT-1,0.036074,0.828023,0.001809,0.134094
ACCGGGCCTTTGTTGA-1,0.763562,0.136649,0.000152,0.099637
ACCGGTCAGGTACACC-1,0.013726,0.906316,0.024782,0.055175
ACCGGTCTGAGTACGG-1,0.04023,0.674831,0.284861,0.000078
ACCGTCCACTGGGCCC-1,0.014905,0.239219,0.098913,0.646963
ACCGTGACCACGTGGG-1,0.000012,0.650628,0.241166,0.108194
ACCGTTCCCGCTCTGA-1,0.038231,0.909353,0.020191,0.032226
ACCTAAGTACCTTTCA-1,0.178712,0.683303,0.070583,0.067402
ACCTAATCGACTTCCT-1,0.00774,0.908956,0.076231,0.007074
ACCTACAGTATGTGGT-1,0.769023,0.114644,0.000211,0.116121
ACCTACTATAAATCTA-1,0.129836,0.656693,0.002251,0.211219
ACCTCAGCGAGGCGCA-1,0.146493,0.000805,0.000268,0.852434
ACCTCCGCCCTCGCTG-1,0.98095,0.018765,0.000143,0.000143
ACCTCGAACTTATGCT-1,0.001231,0.711015,0.119134,0.168619
ACCTGCGTGTCATGTT-1,0.019466,0.153348,0.705591,0.121595
ACCTTTCCTTTAGAAG-1,0.174612,0.691374,0.081464,0.052549
ACGAAATGGGCGGCAC-1,0.137269,0.111384,0.514216,0.237131
ACGACTCTAGGGCCGA-1,0.508502,0.37566,0.000085,0.115753
ACGACTGGTCATACTC-1,0.173724,0.49518,0.271812,0.059284
ACGAGAACCCATCACG-1,0.000021,0.597493,0.372325,0.030161
ACGAGATATTTGCTTA-1,0.022174,0.827463,0.107762,0.042601
ACGAGGATACCACTCT-1,0.025339,0.658844,0.089997,0.225819
ACGAGGTTTACAACGT-1,0.038149,0.847832,0.008449,0.105569
ACGAGTACGGATGCCC-1,0.003227,0.614277,0.3707,0.011796
ACGAGTCGCCGGCGTT-1,0.184261,0.19837,0.133444,0.483925
ACGATACATAGAACTA-1,0.204242,0.538126,0.125673,0.131959
ACGATACCTATCCTGA-1,0.002841,0.017048,0.974429,0.005682
ACGATCATACATAGAG-1,0.047726,0.646232,0.156003,0.150039
ACGATCATCTTGTAAA-1,0.106149,0.762158,0.121385,0.010308
ACGATGCATATGTTAT-1,0.000024,0.694279,0.273635,0.032061
ACGATGGATCCGATGC-1,0.081988,0.707529,0.183471,0.027012
ACGCAAACTAATAGAT-1,0.015385,0.890647,0.048591,0.045378
ACGCAATCACTACAGC-1,0.000039,0.771497,0.228195,0.000269
ACGCATAAATGACATG-1,0.014664,0.344202,0.638764,0.002369
ACGCATACGTTTACTA-1,0.82915,0.170387,0.000232,0.000232
ACGCATTCGTGAGTAC-1,0.059752,0.454409,0.381778,0.104061
ACGCCACTCGAAACAG-1,0.053119,0.397117,0.014015,0.535749
ACGCCAGATGATTTCT-1,0.069224,0.773034,0.145688,0.012054
ACGCCAGTGCGTTTGC-1,0.413928,0.337961,0.000049,0.248062
ACGCCCAGCTGTCGAT-1,0.161252,0.81908,0.007612,0.012056
ACGCCGCTAGACGACC-1,0.01253,0.633496,0.288116,0.065858
ACGCCTGACACGCGCT-1,0.349285,0.636728,0.006994,0.006994
ACGCGAAGTCAGACGA-1,0.000028,0.92167,0.059716,0.018586
ACGCGCTACACAGGGT-1,0.004826,0.258249,0.618287,0.118638
ACGCGGGCCAAGGACA-1,0.015076,0.538647,0.428696,0.017581
ACGCGTTTCTTAAGAG-1,0.000406,0.002435,0.156874,0.840285
ACGCTAGTGATACACT-1,0.000028,0.702953,0.275802,0.021216
ACGCTGTGAGGCGTAG-1,0.003308,0.713651,0.168053,0.114988
ACGCTTAGTGTCTCTC-1,0.039626,0.580785,0.1658,0.213789
ACGGAACACGAGTGCC-1,0.3822,0.265158,0.000056,0.352586
ACGGAATTTAGCAAAT-1,0.007162,0.775849,0.158106,0.058883
ACGGACGCAGCGACAA-1,0.013832,0.777816,0.053189,0.155163
ACGGACTCTCAAAGCG-1,0.752932,0.235123,0.000165,0.011781
ACGGAGCGCAAATTAC-1,0.01878,0.877334,0.038195,0.065691
ACGGATGGTGCGGATA-1,0.030898,0.273474,0.071799,0.623829
ACGGCACTTGCTTGGG-1,0.000024,0.982504,0.000048,0.017424
ACGGCCAACATGGACT-1,0.032582,0.77059,0.117387,0.079441
ACGGCGACGATGGGAA-1,0.017597,0.572773,0.02649,0.383141
ACGGCGGGTTGCCCTG-1,0.000031,0.882425,0.117482,0.000062
ACGGCTGGATGTAGAA-1,0.009128,0.536069,0.203725,0.251077
ACGGGAGTGTCGGCCC-1,0.05593,0.72901,0.156031,0.05903
ACGGGCGTATGCGACA-1,0.026437,0.973469,0.000047,0.000047
ACGGGTCATGTGACTT-1,0.02144,0.176085,0.428048,0.374427
ACGGGTTGTGACCTGT-1,0.000013,0.192015,0.468483,0.33949
ACGGTACAGTTCAATG-1,0.310593,0.153619,0.000038,0.535749
ACGGTCACCGAGAACA-1,0.000015,0.023199,0.037997,0.938789
ACGTACAGATTTCTCT-1,0.039356,0.803773,0.104566,0.052305
ACGTACTTTGGCACGG-1,0.077106,0.870532,0.00617,0.046192
ACGTAGATTGCTGATG-1,0.013257,0.814972,0.154393,0.017378
ACGTAGGAGAGTCGCT-1,0.066531,0.690345,0.015715,0.227408
ACGTATTACTCCGATC-1,0.173979,0.824691,0.001259,0.000071
ACGTCCTAAACGAGAT-1,0.014551,0.402434,0.515454,0.067561
ACGTCGGGCAACTCGG-1,0.07495,0.000709,0.330948,0.593392
ACGTCTCGTTCCGGGA-1,0.00007,0.000418,0.114418,0.885094
ACGTGACAAAGTAAGT-1,0.000362,0.002173,0.000724,0.99674
ACGTGCGCCTCGTGCA-1,0.011768,0.635172,0.316156,0.036904
ACGTGGTCGAATGTGC-1,0.044265,0.954923,0.000713,0.000099
ACGTTAATGTCGAAGA-1,0.016868,0.819835,0.096006,0.067292
ACGTTAGATTTGCCCG-1,0.331475,0.571076,0.097373,0.000076
ACGTTATTGGTCACTC-1,0.017888,0.762516,0.197164,0.022432
ACGTTCACTATGCCGC-1,0.066107,0.754162,0.018944,0.160787
ACGTTCCGCGCTCCGT-1,0.002007,0.433572,0.522644,0.041777
ACGTTCGTTCAGGAAA-1,0.015083,0.438979,0.229116,0.316822
ACGTTCTGTACAAGTC-1,0.868281,0.131442,0.000139,0.000139
ACGTTGTCGTTGAAAG-1,0.037584,0.57446,0.103413,0.284543
ACGTTTAGTTGTGATC-1,0.000584,0.53448,0.444608,0.020327
ACTAAGGACGCACACC-1,0.05142,0.872386,0.051472,0.024722
ACTAATACGTCAGGCG-1,0.006876,0.375509,0.277159,0.340456
ACTACAAAGAGAGGTG-1,0.063438,0.806515,0.003996,0.126051
ACTACATCCCGACAAG-1,0.015106,0.75193,0.037715,0.195248
ACTACCAGCTCTCTGG-1,0.002452,0.880838,0.111654,0.005056
ACTACCATCCGAGGGC-1,0.071291,0.540898,0.066339,0.321471
ACTACGCGTTAGAATT-1,0.01558,0.950954,0.000034,0.033432
ACTAGTTGCGATCGTC-1,0.99868,0.000792,0.000264,0.000264
ACTATATGCTGTGTTC-1,0.00003,0.752863,0.225344,0.021762
ACTATCGCCGGCTAAA-1,0.00202,0.012123,0.602316,0.383541
ACTATCTGCCCGCGTA-1,0.688903,0.000226,0.007082,0.303789
ACTATGTCCAGCTGCC-1,0.000015,0.659611,0.026965,0.31341
ACTATTCGTCCGTGGT-1,0.016811,0.484353,0.331774,0.167062
ACTATTTCCGGGCCCA-1,0.000017,0.925264,0.046378,0.028341
ACTCAACGAATGTATT-1,0.000021,0.607535,0.383101,0.009343
ACTCAAGTGCAAGGCT-1,0.099015,0.900888,0.000048,0.000048
ACTCAATAAAGGCACG-1,0.003628,0.48133,0.503482,0.01156
ACTCAGACCTGCTTCT-1,0.01704,0.621596,0.353193,0.008171
ACTCATGGCAGCCTTC-1,0.001787,0.59155,0.274042,0.132621
ACTCCAATATCATCAT-1,0.016119,0.93433,0.018295,0.031256
ACTCCCATTCCTAAAG-1,0.00304,0.502646,0.417608,0.076706
ACTCCCGAATTCGTTT-1,0.046848,0.915947,0.031252,0.005954
ACTCCCTAATGCTAAA-1,0.000019,0.979596,0.014492,0.005893
ACTCCCTAGAATAGTA-1,0.019162,0.96647,0.000048,0.01432
ACTCCGGCCGACCACT-1,0.80543,0.194431,0.00007,0.00007
ACTCGATGTATTTCAT-1,0.024988,0.195226,0.447655,0.33213
ACTCGCGATCTGACGC-1,0.999012,0.000593,0.000198,0.000198
ACTCGTAACCCGTCCT-1,0.008745,0.412055,0.378238,0.200963
ACTCGTCAGTAATCCC-1,0.030423,0.115923,0.70814,0.145514
ACTCTAAACCTGGGAT-1,0.002218,0.277796,0.004435,0.715551
ACTCTCTGACTTAGGT-1,0.017887,0.244938,0.53667,0.200505
ACTCTCTTATACACGA-1,0.08064,0.535069,0.368495,0.015796
ACTCTGACCTAATAGA-1,0.540328,0.459099,0.000063,0.00051
ACTCTTCAGCTCCCGC-1,0.884532,0.115149,0.00016,0.00016
ACTCTTGTATAGTAAC-1,0.067312,0.815279,0.067976,0.049433
ACTGAAACGCCGTTAG-1,0.855184,0.109507,0.035203,0.000106
ACTGAATGGCGAAAGT-1,0.023852,0.850082,0.04718,0.078886
ACTGATTTAGTGATTC-1,0.059305,0.74898,0.103188,0.088528
ACTGCCCGCCATTCTC-1,0.258254,0.732073,0.000367,0.009305
ACTGCCGTCGTAACTC-1,0.012193,0.512649,0.17838,0.296778
ACTGCGGACACACCGT-1,0.909845,0.055635,0.03441,0.000111
ACTGCTCGGAAGGATG-1,0.004944,0.425027,0.248833,0.321196
ACTGGCGAACCTGCGT-1,0.00417,0.860404,0.10825,0.027176
ACTGGGATGCCAGTGC-1,0.053853,0.343129,0.040895,0.562124
ACTGTACGATACACAT-1,0.038295,0.400925,0.300278,0.260502
ACTGTAGCACTTTGGA-1,0.000029,0.891437,0.087594,0.02094
ACTGTATACGCGAGCA-1,0.000031,0.809931,0.189975,0.000063
ACTGTCCAGGATTATA-1,0.000198,0.601326,0.288837,0.109639
ACTGTCTTCTTTAGAA-1,0.027584,0.791431,0.094954,0.08603
ACTGTGCTAGTAGATC-1,0.000038,0.960923,0.038963,0.000076
ACTGTTTAGTGTAGGC-1,0.062486,0.725693,0.196351,0.01547
ACTTACCGGGCGCGCA-1,0.050019,0.385588,0.4383,0.126093
ACTTACGCATCCACGC-1,0.390354,0.581803,0.000268,0.027575
ACTTAGTACGACAAGA-1,0.174859,0.768768,0.056317,0.000055
ACTTATACTTACCCGG-1,0.047977,0.61277,0.334213,0.00504
ACTTATCTGATCTATA-1,0.223943,0.771813,0.004146,0.000098
ACTTATTAGGATCGGT-1,0.152002,0.677141,0.072548,0.098309
ACTTATTTATGTGCCA-1,0.202482,0.797394,0.000062,0.000062
ACTTCAGGCTGATCCC-1,0.055859,0.746744,0.003894,0.193503
ACTTCCAGTGGAAGCT-1,0.000218,0.001308,0.071143,0.927331
ACTTCCATGCGGGACA-1,0.109567,0.890327,0.000053,0.000053
ACTTCGCCATACGCAC-1,0.025514,0.429957,0.494652,0.049876
ACTTCGCTAGCGAGTG-1,0.846993,0.152413,0.000297,0.000297
ACTTGACTCCCTCTTT-1,0.001847,0.927459,0.059363,0.01133
ACTTGCCATATTGTAC-1,0.018923,0.674332,0.27246,0.034285
ACTTGCTCTATCTACC-1,0.000318,0.566225,0.096795,0.336662
ACTTGGGACCCGGTGG-1,0.034371,0.79948,0.158966,0.007183
ACTTGGGCTTTCGCCA-1,0.094026,0.000506,0.000169,0.905299
ACTTGTAGTCCCTTCA-1,0.012379,0.314847,0.185007,0.487767
ACTTGTGGATGGAACG-1,0.818458,0.180919,0.000311,0.000311
ACTTGTTACCGGATCA-1,0.488681,0.466391,0.000148,0.04478
ACTTTACCCTCATGAA-1,0.028546,0.891398,0.053912,0.026144
ACTTTATACACCACTT-1,0.009075,0.536727,0.000046,0.454152
ACTTTCCTATAGCTTC-1,0.190169,0.586201,0.220589,0.003042
ACTTTGACTGCATCCT-1,0.00211,0.325247,0.325456,0.347187
ACTTTGGTCGTGCTCC-1,0.019689,0.649389,0.077362,0.253561
ACTTTGTCGACGCACT-1,0.733799,0.125705,0.000097,0.140399
AGAAATTATGACTCGC-1,0.894252,0.105518,0.000115,0.000115
AGAACACGGCGATGGT-1,0.000012,0.465115,0.374094,0.160778
AGAACCCAGCGTGACA-1,0.99897,0.000618,0.000206,0.000206
AGAACCCTCAATTGGG-1,0.069288,0.4744,0.097186,0.359127
AGAACGTGGTACATTC-1,0.026037,0.854016,0.104621,0.015327
AGAAGAGCGCCGTTCC-1,0.000874,0.335438,0.341637,0.322051
AGAAGGTACACTTCAC-1,0.06571,0.64776,0.071753,0.214778
AGAAGGTTGCCGAATT-1,0.000015,0.508742,0.420127,0.071116
AGAAGGTTGTAGGTCG-1,0.114155,0.865765,0.000059,0.020021
AGAAGTGATTCGTGAT-1,0.066055,0.827891,0.087398,0.018656
AGAATAAATCTTCAGG-1,0.058013,0.480605,0.13984,0.321542
AGAATACAGGCTATCC-1,0.326764,0.379278,0.00005,0.293908
AGAATGCGGGTTCGGA-1,0.013328,0.748393,0.233536,0.004742
AGAATTATGGATTCGA-1,0.008862,0.548843,0.425285,0.01701
AGAATTGTTTGACATA-1,0.000012,0.370693,0.446011,0.183284
AGACAGCTCAGAATCC-1,0.027145,0.489913,0.380642,0.102299
AGACAGGCATCTCAGC-1,0.078765,0.000096,0.000032,0.921107
AGACATAGATCCTTCC-1,0.002381,0.615952,0.377208,0.00446
AGACCAAACCACACCT-1,0.00103,0.477833,0.330544,0.190593
AGACCATGGGATACAA-1,0.005159,0.486557,0.387856,0.120428
AGACCCACCGCTGATC-1,0.011601,0.915071,0.002446,0.070882
AGACCCGCCCTCCTCG-1,0.015614,0.737443,0.246893,0.000051
AGACCGCTCCGCGGTT-1,0.96389,0.033651,0.000235,0.002224
AGACCGGGAAACCCTG-1,0.001504,0.366913,0.53457,0.097013
AGACGAAGTGCCGGTC-1,0.929271,0.070176,0.000277,0.000277
AGACGACGATGCCGCT-1,0.034373,0.651691,0.219185,0.094752
AGACGGGATTGGTATA-1,0.069865,0.824578,0.105135,0.000422
AGACGGGCCGATTTAA-1,0.003982,0.685674,0.284395,0.025948
AGACTAGCCTTCCAGA-1,0.006877,0.462435,0.496132,0.034556
AGACTGTTACCGGGTC-1,0.029129,0.902267,0.027693,0.040911
AGAGAAACACCAGAAA-1,0.086346,0.887475,0.007001,0.019178
AGAGAACCGTCTAGGA-1,0.005352,0.562341,0.355492,0.076816
AGAGAAGGAGTACAAT-1,0.021583,0.705264,0.094287,0.178866
AGAGATCTCTAAAGCG-1,0.008363,0.590776,0.140923,0.259938
AGAGCAGTTATGAGAC-1,0.043942,0.731683,0.197251,0.027124
AGAGCCGCCGAGATTT-1,0.727566,0.176279,0.002878,0.093277
AGAGCGCTTGTAACGG-1,0.053622,0.927364,0.000082,0.018933
AGAGCGGGCTAATCAT-1,0.000641,0.478436,0.480766,0.040157
AGAGCGTACAAGCTCG-1,0.033518,0.821709,0.093468,0.051305
AGAGCTACGAAAGCAT-1,0.00289,0.712942,0.190184,0.093983
AGAGGCTTCGGAAACC-1,0.998402,0.000959,0.00032,0.00032
AGAGGTATCTCGGTCC-1,0.058609,0.800837,0.139742,0.000811
AGAGTAAACTTCACTA-1,0.998241,0.001055,0.000352,0.000352
AGAGTTAGAGACCGAT-1,0.000027,0.605993,0.391151,0.002829
AGAGTTGCAGGCCTCC-1,0.064756,0.894285,0.040898,0.00006
AGATAACTTCAGGGCC-1,0.003705,0.623925,0.351304,0.021067
AGATAATCACACCTAT-1,0.005197,0.662372,0.085267,0.247163
AGATACCAATAGAACC-1,0.394149,0.04741,0.022402,0.536039
AGATACCAGCACTTCA-1,0.03477,0.915828,0.033742,0.01566
AGATACCGGTGTTCAC-1,0.000015,0.502242,0.434871,0.062872
AGATACGACTTCATAT-1,0.000025,0.886155,0.113771,0.00005
AGATACTCAAGATCGA-1,0.081353,0.819746,0.028941,0.069959
AGATATAATACGACTA-1,0.105768,0.423328,0.062087,0.408816
AGATCGTGCATAAGAT-1,0.029316,0.845215,0.101004,0.024465
AGATCTCAGGTGTGAT-1,0.065966,0.300609,0.285766,0.347659
AGATCTGGAGAGGATA-1,0.000019,0.69826,0.226065,0.075656
AGATGACTCGCCCACG-1,0.00002,0.696634,0.294288,0.009058
AGATGAGGGTTGCGAT-1,0.000023,0.627887,0.32955,0.042539
AGATGATGGAGTCTGG-1,0.034802,0.312967,0.554572,0.097659
AGATGCAAGACGTGCA-1,0.000009,0.449989,0.344126,0.205876
AGATGCATCCTGTGTC-1,0.000043,0.000257,0.444703,0.554998
AGATGCTATAACGAGC-1,0.06168,0.000153,0.180411,0.757757
AGATTATAGGACGTTT-1,0.031961,0.190294,0.567115,0.210631
AGATTCAAGCGGGTCG-1,0.000034,0.53035,0.444149,0.025467
AGATTCACAACCGATA-1,0.030286,0.359571,0.335553,0.274591
AGCAAAGGCCGCTAGT-1,0.186914,0.812965,0.000061,0.000061
AGCAACATATCTTATT-1,0.112449,0.86749,0.020008,0.000052
AGCAACCGAAAGTAAT-1,0.034995,0.811566,0.045861,0.107578
AGCACACGTTTAGACT-1,0.117838,0.76365,0.02152,0.096993
AGCACCAGTACTCACG-1,0.046978,0.452761,0.470848,0.029413
AGCACTACCGGCCTGT-1,0.007067,0.227089,0.658115,0.107728
AGCACTACCTCACCAG-1,0.024189,0.675163,0.006573,0.294076
AGCACTTAAGGACGCC-1,0.000014,0.394488,0.51961,0.085888
AGCAGAAGGAGAAAGA-1,0.524735,0.475029,0.000118,0.000118
AGCAGCCAGATGAATA-1,0.000012,0.589453,0.329155,0.081379
AGCAGTCGAAGCATGC-1,0.489506,0.484552,0.000096,0.025846
AGCATATCAATATGCT-1,0.998347,0.000992,0.000331,0.000331
AGCATCATTTCGAAAG-1,0.034375,0.480966,0.266276,0.218383
AGCATCGTCGATAATT-1,0.01719,0.592841,0.362062,0.027907
AGCATTACGAGGCAAG-1,0.679313,0.141501,0.000081,0.179105
AGCCAAGCTTTGTGTC-1,0.006114,0.993802,0.000042,0.000042
AGCCACAGGTTACCCG-1,0.273036,0.726811,0.000076,0.000076
AGCCACTCCCGTGCTT-1,0.466677,0.031047,0.176828,0.325448
AGCCATATAGTATGTG-1,0.353365,0.571999,0.000074,0.074562
AGCCCATACATGTAAG-1,0.002723,0.729607,0.180904,0.086765
AGCCCGCAACAAGCAG-1,0.017573,0.472776,0.116165,0.393485
AGCCCGGCATTAGAGG-1,0.009032,0.932935,0.010269,0.047764
AGCCCGGTAGCCTGTA-1,0.004806,0.451975,0.320529,0.22269
AGCCCTAAGCGAAGTT-1,0.000016,0.607017,0.344755,0.048211
AGCCCTCCCTGGTGGC-1,0.22002,0.693556,0.011489,0.074935
AGCCCTGTCGCACCGT-1,0.999498,0.000301,0.0001,0.0001
AGCCCTTCTAATCCGA-1,0.040374,0.63768,0.2219,0.100046
AGCCCTTGGACATCCC-1,0.833921,0.165806,0.000136,0.000136
AGCCGCAAATTCAAAT-1,0.002674,0.504528,0.005348,0.487449
AGCCGCTTGATTAGCG-1,0.254618,0.009092,0.003031,0.73326
AGCCGTGGCTAAATGT-1,0.032009,0.461839,0.384098,0.122055
AGCCTAATACCCACGT-1,0.000262,0.183417,0.78096,0.035361
AGCCTTAAAGCGGAAG-1,0.120238,0.629452,0.23112,0.019189
AGCCTTGTCACTGATA-1,0.000523,0.265231,0.001045,0.733202
AGCGACAGGAACGGTC-1,0.046226,0.593998,0.161758,0.198018
AGCGACATCCCATTCA-1,0.001739,0.845357,0.148074,0.00483
AGCGACCAACGATATT-1,0.078134,0.752115,0.16572,0.004031
AGCGACTTTGAAGACA-1,0.210475,0.009301,0.006952,0.773272
AGCGAGACGTGAAGGC-1,0.054802,0.7414,0.025017,0.178781
AGCGATGCGCCTAATA-1,0.721606,0.192783,0.005008,0.080604
AGCGCATAATGAATCG-1,0.000021,0.994884,0.001148,0.003947
AGCGCGGGTGCCAATG-1,0.038435,0.680335,0.252989,0.028241
AGCGCTAGAGCGATGT-1,0.832074,0.167665,0.000131,0.000131
AGCGCTTATGGGCAAG-1,0.005582,0.496244,0.450123,0.048051
AGCGGACACTTCGTAG-1,0.000014,0.791113,0.131645,0.077227
AGCGGCGGTTAGCGGT-1,0.011425,0.840257,0.120234,0.028084
AGCGGGAAGGGTCCAT-1,0.000413,0.682653,0.298164,0.01877
AGCGGGTCTGACACTC-1,0.447469,0.552343,0.000094,0.000094
AGCGGTTGAGATGTAC-1,0.079999,0.643302,0.147222,0.129476
AGCGGTTGCCGCTCTG-1,0.015927,0.885175,0.054562,0.044337
AGCGTACGAGAGCTAG-1,0.043286,0.691001,0.234657,0.031057
AGCGTAGCGCTAGACC-1,0.019301,0.493264,0.418848,0.068587
AGCGTCTGAACCCGCA-1,0.00003,0.879354,0.107539,0.013076
AGCGTGGTATTCTACT-1,0.264989,0.699314,0.008535,0.027162
AGCGTTCCGATTTAAA-1,0.068678,0.741532,0.137625,0.052165
AGCTAACAAGCAATGT-1,0.009034,0.55151,0.372419,0.067037
AGCTAAGCTCCGTCCG-1,0.085473,0.528582,0.097119,0.288826
AGCTAAGTACGCAGGC-1,0.040994,0.935101,0.000033,0.023871
AGCTACGAATGGTGGT-1,0.66483,0.089029,0.000159,0.245982
AGCTAGAAGCAGAAGT-1,0.024254,0.539388,0.331676,0.104682
AGCTATTTAATCCAAC-1,0.10667,0.346314,0.380188,0.166827
AGCTCCATATATGTTC-1,0.999377,0.000374,0.000125,0.000125
AGCTCCTTCGCACATC-1,0.415419,0.475145,0.06153,0.047905
AGCTCGTTGATGGAAA-1,0.027304,0.972448,0.000188,0.000059
AGCTCTAGACGTTCCA-1,0.016492,0.409199,0.466026,0.108283
AGCTCTTCCCAGTGCA-1,0.070173,0.700269,0.161803,0.067754
AGCTCTTTACTCAGTT-1,0.000024,0.830285,0.162084,0.007608
AGCTGAAGTAAACCAA-1,0.041475,0.609868,0.26093,0.087727
AGCTGCATTTGAGGTG-1,0.062871,0.628877,0.252003,0.056249
AGCTGCTGTGCCGAAT-1,0.028984,0.644516,0.319032,0.007468
AGCTGTAACCTCAATC-1,0.032521,0.720577,0.048942,0.19796
AGCTTATAGAGACCTG-1,0.036664,0.704269,0.249279,0.009789
AGCTTCAATACTTTGA-1,0.049325,0.851783,0.07146,0.027432
AGCTTCTTCTCGAGCA-1,0.416538,0.119131,0.005985,0.458346
AGCTTGATCAGGGTAG-1,0.045744,0.553847,0.028774,0.371635
AGCTTGATCTTAACTT-1,0.027935,0.361184,0.568937,0.041943
AGGAAAGCCTCTGATG-1,0.046736,0.133374,0.763927,0.055963
AGGAAGCTGTCCGCCG-1,0.000023,0.995895,0.002637,0.001445
AGGACAGTCGAATCCC-1,0.0896,0.850522,0.059831,0.000047
AGGACATCGCACGTCG-1,0.000023,0.806524,0.193405,0.000047
