Barcode,Topic 1,Topic 2to4,Topic 5,Topic 6to8
AAACAAGTATCTCCCA-1,0.363887,0.416285,0.035475,0.184353
AAACACCAATAACTGC-1,0.149808,0.195029,0.008323,0.64684
AAACAGAGCGACTCCT-1,0.124297,0.158513,0.132575,0.584615
AAACAGCTTTCAGAAG-1,0.996549,0.001479,0.000493,0.001479
AAACAGGGTCTATATT-1,0.999028,0.000416,0.000139,0.000416
AAACATGGTGAGAGGA-1,0.999416,0.00025,0.000083,0.00025
AAACATTTCCCGGATT-1,0.046451,0.494193,0.147713,0.311643
AAACCACTACACAGAT-1,0.049621,0.275962,0.026085,0.648331
AAACCCGAACGAAATC-1,0.030654,0.482866,0.205718,0.280762
AAACCGGAAATGTTAA-1,0.999231,0.000329,0.00011,0.000329
AAACCGGGTAGGTACC-1,0.16779,0.176299,0.067906,0.588005
AAACCGTTCGTCCAGG-1,0.06713,0.191005,0.315281,0.426584
AAACCTAAGCAGCCGG-1,0.163694,0.243799,0.145409,0.447099
AAACCTCATGAAGTTG-1,0.735343,0.264085,0.000143,0.000429
AAACGAAGAACATACC-1,0.014962,0.161521,0.039458,0.78406
AAACGAAGATGGAGTA-1,0.998875,0.000482,0.000161,0.000482
AAACGAGACGGTTGAT-1,0.000277,0.733131,0.106228,0.160364
AAACGCCCGAGATCGG-1,0.020253,0.004389,0.025072,0.950286
AAACGCTGGGCACGAC-1,0.066647,0.274883,0.047054,0.611416
AAACGGGCGTACGGGT-1,0.147012,0.386507,0.321914,0.144568
AAACGGTTGCGAACTG-1,0.090378,0.364236,0.057217,0.48817
AAACGTGTTCGCCCTA-1,0.044042,0.011466,0.067304,0.877189
AAACTAACGTGGCGAC-1,0.118808,0.188887,0.035569,0.656736
AAACTCGGTTCGCAAT-1,0.008913,0.596971,0.116703,0.277412
AAACTCGTGATATAAG-1,0.038939,0.366358,0.03199,0.562712
AAACTGCTGGCTCCAA-1,0.103425,0.803465,0.047147,0.045964
AAACTTAATTGCACGC-1,0.892652,0.022273,0.083327,0.001748
AAACTTGCAAACGTAT-1,0.998999,0.000429,0.000143,0.000429
AAAGAATGACCTTAGA-1,0.99946,0.000231,0.000077,0.000231
AAAGACCCAAGTCGCG-1,0.218385,0.06896,0.038562,0.674093
AAAGACTGGGCGCTTT-1,0.973561,0.025826,0.000153,0.00046
AAAGCTTGCCTACATA-1,0.034078,0.129045,0.089697,0.74718
AAAGGCCCTATAATAC-1,0.082434,0.399699,0.432817,0.085049
AAAGGCTACGGACCAT-1,0.007467,0.543891,0.129857,0.318785
AAAGGCTCTCGCGCCG-1,0.089927,0.387156,0.089583,0.433334
AAAGGGATGTAGCAAG-1,0.04225,0.520603,0.127128,0.31002
AAAGGGCAGCTTGAAT-1,0.350511,0.155462,0.048172,0.445855
AAAGGTAAGCTGTACC-1,0.092808,0.005572,0.028447,0.873173
AAAGTAGCATTGCTCA-1,0.089098,0.479163,0.154241,0.277497
AAAGTCACTGATGTAA-1,0.019381,0.087496,0.107443,0.78568
AAAGTCGACCCTCAGT-1,0.998151,0.000793,0.000264,0.000793
AAAGTGCCATCAATTA-1,0.053861,0.352886,0.049743,0.54351
AAAGTGTGATTTATCT-1,0.09793,0.816461,0.072923,0.012686
AAAGTTGACTCCCGTA-1,0.061679,0.728917,0.060112,0.149291
AAATAACCATACGGGA-1,0.003468,0.322216,0.045869,0.628447
AAATAAGGTAGTGCCC-1,0.018582,0.761961,0.047767,0.17169
AAATACCTATAAGCAT-1,0.069626,0.780227,0.136839,0.013307
AAATAGCTTAGACTTT-1,0.000057,0.385948,0.01919,0.594806
AAATAGGGTGCTATTG-1,0.067193,0.422865,0.168912,0.341031
AAATCCGATACACGCC-1,0.258763,0.169832,0.144683,0.426723
AAATCGCGGAAGGAGT-1,0.999436,0.000242,0.000081,0.000242
AAATCGTGTACCACAA-1,0.027867,0.267022,0.553277,0.151833
AAATCTAGCCCTGCTA-1,0.007709,0.651376,0.138201,0.202713
AAATCTGCCCGCGTCC-1,0.999352,0.000278,0.000093,0.000278
AAATGATTCGATCAGC-1,0.062451,0.553559,0.204283,0.179707
AAATGCTCGTTACGTT-1,0.473676,0.390565,0.00064,0.135118
AAATGGCATGTCTTGT-1,0.002652,0.635436,0.042668,0.319244
AAATGGCCCGTGCCCT-1,0.999652,0.000149,0.00005,0.000149
AAATGGTCAATGTGCC-1,0.100565,0.241868,0.261894,0.395673
AAATGTATCTTATCCC-1,0.995236,0.002041,0.000681,0.002042
AAATTAACGGGTAGCT-1,0.041996,0.417492,0.124393,0.41612
AAATTAATAAGCGCGA-1,0.997352,0.001135,0.000378,0.001135
AAATTACACGACTCTG-1,0.000016,0.322947,0.042182,0.634856
AAATTACCTATCGATG-1,0.006747,0.639437,0.19827,0.155547
AAATTCCAGGTCCAAA-1,0.000014,0.638544,0.062021,0.29942
AAATTGATAGTCCTTT-1,0.020123,0.469856,0.378822,0.131198
AAATTGCGGCGGTTCT-1,0.997877,0.00091,0.000303,0.00091
AAATTGGTGAGAAGCA-1,0.025606,0.350183,0.059606,0.564605
AAATTTACCGAAATCC-1,0.039077,0.329995,0.083544,0.547384
AAATTTGCGGGTGTGG-1,0.014775,0.572663,0.168229,0.244333
AACAACTGGTAGTTGC-1,0.035515,0.174511,0.02562,0.764355
AACAATACATTGTCGA-1,0.084127,0.270919,0.319592,0.325361
AACAATTACTCTACGC-1,0.226286,0.133196,0.085002,0.555516
AACACACGCTCGCCGC-1,0.108372,0.151803,0.204546,0.535279
AACACGACTGTACTGA-1,0.005413,0.753636,0.0269,0.21405
AACACGAGACGCGGCC-1,0.255925,0.038542,0.048919,0.656614
AACACGCGGCCGCGAA-1,0.002108,0.465575,0.012559,0.519759
AACAGCTGTGTGGCAA-1,0.029844,0.464961,0.316946,0.188249
AACAGGAAATCGAATA-1,0.017065,0.618388,0.044523,0.320023
AACAGGATGGGCCGCG-1,0.200518,0.31058,0.131554,0.357348
AACAGGTAGTATGGAT-1,0.150288,0.053505,0.183335,0.612872
AACATATCAACTGGTG-1,0.027123,0.516903,0.126239,0.329736
AACATCGATACGTCTA-1,0.038751,0.138375,0.1194,0.703473
AACATTGAAGTTGATC-1,0.051569,0.371767,0.227356,0.349308
AACATTGTGACTCGAG-1,0.083059,0.317737,0.51844,0.080764
AACCAAGACTTCTCTG-1,0.224418,0.042896,0.088905,0.643782
AACCAGTATCACTCTT-1,0.00086,0.280959,0.085541,0.63264
AACCATAGGGTTGAAC-1,0.999532,0.000201,0.000067,0.000201
AACCATGGGATCGCTA-1,0.055132,0.162798,0.019446,0.762625
AACCCAGAGACGGAGA-1,0.029998,0.379411,0.120637,0.469955
AACCCATCCCATGATC-1,0.999191,0.000347,0.000116,0.000347
AACCCGACAACCCGTG-1,0.041177,0.409958,0.102005,0.44686
AACCCGAGCAGAATCG-1,0.938747,0.03809,0.01658,0.006583
AACCCGATAGGGCTTC-1,0.006313,0.251075,0.108764,0.633848
AACCCTACTGTCAATA-1,0.256801,0.222685,0.345626,0.174888
AACCCTGGTGGAACCA-1,0.000009,0.455166,0.013413,0.531413
AACCGAGCTTGGTCAT-1,0.045741,0.677132,0.05826,0.218867
AACCGCTAAGGGATGC-1,0.084732,0.821034,0.052749,0.041484
AACCGTTGTGTTTGCT-1,0.001158,0.598321,0.047746,0.352775
AACCTCGCTTTAGCCC-1,0.11258,0.575464,0.117357,0.194598
AACCTGTCACGGAATT-1,0.104808,0.191552,0.017463,0.686178
AACCTTTAAATACGGT-1,0.000016,0.628478,0.089944,0.281562
AACCTTTACGACGTCT-1,0.003573,0.601732,0.062533,0.332162
AACGAAAGTCGTCCCA-1,0.997524,0.001061,0.000354,0.001061
AACGATAATGCCGTAG-1,0.014914,0.818534,0.09333,0.073223
AACGATAGAAGGGCCG-1,0.021357,0.379702,0.139332,0.459609
AACGATATGTCAACTG-1,0.028778,0.442027,0.128516,0.400679
AACGCATGATCTGGGT-1,0.007108,0.83399,0.04202,0.116882
AACGCGAACGGCAACA-1,0.689582,0.000233,0.000078,0.310107
AACGCGACCTTGGGCG-1,0.010347,0.684377,0.031105,0.274171
AACGCGGTCTCCAGCC-1,0.000019,0.711264,0.039166,0.24955
AACGCTGTTGCTGAAA-1,0.192301,0.01981,0.205336,0.582553
AACGGACGTACGTATA-1,0.131433,0.531866,0.11077,0.225931
AACGGCCATCTCCGGT-1,0.056502,0.865818,0.062968,0.014712
AACGTACTGTGGGTAC-1,0.000453,0.907494,0.012972,0.07908
AACGTCAGACTAGTGG-1,0.223716,0.262575,0.060359,0.45335
AACGTGATGAAGGACA-1,0.000018,0.035551,0.029024,0.935408
AACGTGCGAAAGTCTC-1,0.025474,0.419648,0.191694,0.363185
AACGTTATCAGCACCT-1,0.999535,0.000199,0.000066,0.000199
AACTACCCGTTTGTCA-1,0.159932,0.449447,0.1879,0.202721
AACTAGCGTATCGCAC-1,0.029688,0.63963,0.022957,0.307726
AACTAGGCTTGGGTGT-1,0.000026,0.887633,0.002989,0.109353
AACTCAAGTTAATTGC-1,0.041898,0.579831,0.073722,0.304549
AACTCCAGAGCGTGTT-1,0.173163,0.566321,0.232318,0.028198
AACTCCTAATCCCATG-1,0.002629,0.185322,0.009134,0.802915
AACTCGATAAACACGT-1,0.999298,0.000301,0.0001,0.000301
AACTCGATGGCGCAGT-1,0.027154,0.385234,0.037881,0.549731
AACTCTCAATAGAGCG-1,0.043368,0.602295,0.189931,0.164407
AACTCTCAGTGTGCTC-1,0.061588,0.370964,0.249423,0.318024
AACTGAGGTCAGCGTC-1,0.057617,0.119965,0.055083,0.767335
AACTGAGTTATACTGA-1,0.059131,0.799886,0.044285,0.096698
AACTGATATTAGGCCT-1,0.000016,0.34356,0.15516,0.501264
AACTGGGTCCCGACGT-1,0.014909,0.640969,0.096389,0.247733
AACTGGTGTGGGCCTT-1,0.060772,0.155585,0.139555,0.644088
AACTTCTGCGTCTATC-1,0.728882,0.00736,0.131057,0.132702
AACTTGCCCGTATGCA-1,0.110202,0.088312,0.111642,0.689844
AACTTGCGTTCTCGCG-1,0.723189,0.27648,0.000083,0.000249
AACTTTACGGGAGCTT-1,0.99807,0.000827,0.000276,0.000827
AACTTTAGCTGCTGAG-1,0.012535,0.197074,0.037729,0.752661
AACTTTCTCGATCATG-1,0.018418,0.564114,0.311367,0.106102
AAGAAATCACCAGATT-1,0.027244,0.168064,0.317368,0.487325
AAGAAGGATCAGTTAG-1,0.205808,0.261584,0.126997,0.405611
AAGACATACGTGGTTT-1,0.047278,0.06416,0.149629,0.738933
AAGACCAAATAACTCA-1,0.999364,0.000273,0.000091,0.000273
AAGACCCAACTGAACA-1,0.020708,0.478874,0.104178,0.39624
AAGACTAACCCGTTGT-1,0.090722,0.212838,0.244223,0.452217
AAGACTGCAAGCTACT-1,0.023281,0.209566,0.113964,0.653189
AAGAGATGAATCGGTA-1,0.196554,0.121838,0.224847,0.456762
AAGAGCTCTTTATCGG-1,0.078333,0.424436,0.442401,0.05483
AAGAGGATGTACGCGA-1,0.159843,0.717849,0.034312,0.087996
AAGAGGCATGGATCGC-1,0.021023,0.769846,0.062701,0.146431
AAGAGGCCCTTTGGAA-1,0.250143,0.194339,0.193761,0.361757
AAGATGGCACCGGACC-1,0.046758,0.428927,0.305459,0.218856
AAGATTGGCGGAACGT-1,0.009824,0.335423,0.184706,0.470046
AAGCACCCTGCGTATC-1,0.00182,0.975309,0.00509,0.017781
AAGCATACTCTCCTGA-1,0.005864,0.5634,0.042395,0.388342
AAGCCGAAGCGGTTTA-1,0.095587,0.193973,0.391274,0.319166
AAGCCGCCGTGAAATC-1,0.065636,0.496,0.201958,0.236407
AAGCCGCTTTACCTTG-1,0.069442,0.061923,0.33012,0.538516
AAGCCGGAGAGCAGGA-1,0.143927,0.035709,0.100829,0.719535
AAGCGCAGGGCTTTGA-1,0.088289,0.466668,0.188277,0.256766
AAGCGGAGTGCGCGCA-1,0.06912,0.771917,0.010642,0.148321
AAGCGGCGTCATGGGT-1,0.004976,0.681251,0.052979,0.260794
AAGCGTCCCTCATCGA-1,0.067006,0.638379,0.189325,0.10529
AAGCTAGATCGAGTAA-1,0.000015,0.747707,0.025804,0.226474
AAGCTCGTGCCAAGTC-1,0.076848,0.499952,0.317693,0.105507
AAGCTCTTTCATGGTG-1,0.324882,0.652876,0.020138,0.002104
AAGGAGCGGTTGGTGC-1,0.018191,0.981524,0.000255,0.00003
AAGGATCGATCGCTTG-1,0.020189,0.711595,0.182304,0.085911
AAGGATGAGGGACCTC-1,0.000018,0.786429,0.044392,0.16916
AAGGCAGGCTGTCTCC-1,0.015297,0.431124,0.175545,0.378034
AAGGCGCGTAAAGCTT-1,0.112986,0.2085,0.08953,0.588985
AAGGCTGTGCTCATCG-1,0.025504,0.278344,0.254323,0.441829
AAGGGAACGACTGGCT-1,0.222177,0.591352,0.068769,0.117702
AAGGGACAGATTCTGT-1,0.000017,0.435596,0.067207,0.49718
AAGGGACTATGCATTC-1,0.16303,0.425053,0.053936,0.357982
AAGGGTTTGATTTCAG-1,0.998507,0.00064,0.000213,0.00064
AAGGTATCCTAATATA-1,0.153691,0.409407,0.139791,0.297112
AAGGTGATAAACCAGC-1,0.064209,0.614028,0.023913,0.297849
AAGTAGAAGACCGGGT-1,0.063778,0.336664,0.080612,0.518946
AAGTAGTGACGCGAGG-1,0.125888,0.533359,0.088686,0.252067
AAGTCAATTGTCGTCA-1,0.104793,0.223395,0.175944,0.495867
AAGTCTAGTAGCTGCC-1,0.000819,0.321057,0.116982,0.561142
AAGTCTTCTGTGGCCT-1,0.998499,0.000643,0.000214,0.000643
AAGTGACGACCGAATT-1,0.141323,0.149469,0.029834,0.679374
AAGTGAGTCGGGTTTA-1,0.00002,0.744288,0.028841,0.22685
AAGTGCAAAGGTAGAC-1,0.996254,0.001605,0.000535,0.001606
AAGTGCCTTGACTGTA-1,0.196347,0.663094,0.072663,0.067896
AAGTGCGTTAGAATCT-1,0.069414,0.657101,0.021264,0.252221
AAGTGCTTCTCTATTG-1,0.026411,0.382555,0.117222,0.473812
AAGTGTTTGGAGACGG-1,0.103688,0.268791,0.196271,0.43125
AAGTTCACTCCAAGCT-1,0.089755,0.787403,0.10987,0.012973
AAGTTCAGTCTGCGTA-1,0.009641,0.103758,0.027828,0.858773
AAGTTCGGCCAACAGG-1,0.111534,0.54506,0.245175,0.098231
AAGTTGTGATGTTATA-1,0.008716,0.91634,0.009463,0.065482
AAGTTTACTAATGGCA-1,0.069783,0.003749,0.014767,0.9117
AAGTTTATGGGCCCAA-1,0.006152,0.422864,0.017918,0.553065
AATAACAACGCTCGGC-1,0.122192,0.065798,0.046094,0.765915
AATAACACTAGAACAA-1,0.019454,0.634352,0.084977,0.261217
AATAAGTCCTCGAGAC-1,0.000012,0.022343,0.009499,0.968145
AATAATCTTCGTATCG-1,0.998709,0.000553,0.000184,0.000553
AATACAATGTTTCAGG-1,0.999621,0.000162,0.000054,0.000162
AATACCGGAGGGCTGT-1,0.047306,0.036049,0.075011,0.841634
AATAGAACAGAGTGGC-1,0.018772,0.844009,0.069624,0.067595
AATAGAATCTGTTTCA-1,0.117294,0.373054,0.13292,0.376731
AATAGCAAGCCTCCTG-1,0.01079,0.683829,0.015923,0.289458
AATAGCTACCGCGTGC-1,0.016234,0.112464,0.183937,0.687365
AATAGTCCGTCCCGAC-1,0.084809,0.831832,0.023047,0.060312
AATAGTCGCGAGTCGG-1,0.997933,0.000886,0.000295,0.000886
AATATCAAGGTCGGAT-1,0.008926,0.574159,0.009995,0.40692
AATATCCTAGCAAACT-1,0.998159,0.000789,0.000263,0.000789
AATATCGAATCAATGC-1,0.07648,0.460281,0.095566,0.367673
AATATCGAGGGTTCTC-1,0.029896,0.270792,0.241236,0.458077
AATATTGGAGTATTGA-1,0.207859,0.643033,0.050048,0.099061
AATCAGACTGCAGGAC-1,0.394925,0.000181,0.084268,0.520626
AATCAGGTTTCATTTA-1,0.15655,0.666375,0.037225,0.139849
AATCATGTAAAGACTC-1,0.058596,0.208068,0.275093,0.458243
AATCCAAGGGCCTGAG-1,0.070808,0.663718,0.016152,0.249323
AATCCATGCAAGGGTG-1,0.044954,0.157712,0.00794,0.789395
AATCGCCTCAGCGCCA-1,0.013676,0.581514,0.149066,0.255744
AATCGCGCAGAGGACT-1,0.015137,0.619168,0.057898,0.307797
AATCGGGACACTACGA-1,0.02909,0.461036,0.058921,0.450953
AATCGTGAGCCGAGCA-1,0.999608,0.000168,0.000056,0.000168
AATCTAGGTTTACTTG-1,0.957639,0.000389,0.00013,0.041842
AATCTATGCCGGAGCC-1,0.00003,0.229719,0.029878,0.740374
AATCTCTACTGTGGTT-1,0.997399,0.001115,0.000372,0.001115
AATCTGCGTTGGGACG-1,0.064895,0.546741,0.148229,0.240135
AATCTGGCTTTCTAGT-1,0.867775,0.000438,0.052237,0.079549
AATCTGGGTAGACCCT-1,0.06744,0.000055,0.004702,0.927804
AATGACAGCAATGTCT-1,0.1367,0.422471,0.093181,0.347648
AATGACGTAGGATGTC-1,0.228077,0.272748,0.411394,0.087781
AATGACTGTCAGCCGG-1,0.046643,0.223459,0.16842,0.561478
AATGAGTTCGCATATG-1,0.303728,0.696048,0.000056,0.000168
AATGATGATACGCTAT-1,0.007021,0.500648,0.213217,0.279114
AATGATGCGACTCCTG-1,0.000027,0.106279,0.121946,0.771748
AATGCAACCGGGTACC-1,0.132466,0.077426,0.299568,0.49054
AATGCACCAAGCAATG-1,0.004419,0.753536,0.039315,0.202731
AATGGCCGCCAATGCG-1,0.000711,0.89876,0.000627,0.099902
AATGGTCCACCGTTCA-1,0.997741,0.000968,0.000323,0.000968
AATGGTTCTCACAAGC-1,0.121893,0.207696,0.340426,0.329985
AATGTATGGCACTGTA-1,0.9992,0.000343,0.000114,0.000343
AATGTGCCCGAGGTGT-1,0.11044,0.374576,0.253388,0.261596
AATGTGCTAATCTGAG-1,0.281592,0.244139,0.139814,0.334456
AATGTTGTCGTGAGAC-1,0.444448,0.206765,0.107087,0.2417
AATTAAAGGTCGGCGT-1,0.067274,0.634973,0.064085,0.233668
AATTAACGGATTTCCA-1,0.000144,0.842975,0.050835,0.106046
AATTACGAGACCCATC-1,0.99943,0.000244,0.000081,0.000244
AATTACTCGTACGCTC-1,0.770135,0.229016,0.000212,0.000637
AATTAGCGCTGCAGCG-1,0.004874,0.779656,0.093433,0.122037
AATTCATAAGGGATCT-1,0.000014,0.551881,0.073562,0.374544
AATTCATTGTCATGCA-1,0.997586,0.001035,0.000345,0.001035
AATTCCAAGCATGTAC-1,0.548733,0.21767,0.051342,0.182255
AATTCGATTCGAGGAT-1,0.192212,0.616894,0.058532,0.132363
AATTCTAGAGTTAGGC-1,0.009411,0.862185,0.035984,0.092421
AATTGAACGCTCTGGT-1,0.169332,0.29305,0.055604,0.482014
AATTGCAGCAATCGAC-1,0.128893,0.099109,0.244713,0.527285
AATTGCGTGGATTACA-1,0.929648,0.003882,0.062034,0.004437
AATTGTGGTTGCCAAA-1,0.061092,0.027193,0.066293,0.845422
AATTTGGGACATAGTA-1,0.003352,0.06461,0.080482,0.851555
AATTTGGTTCCAAAGA-1,0.000016,0.272857,0.038192,0.688935
ACAAACCATGCGTCCT-1,0.925894,0.000396,0.043265,0.030445
ACAAAGAAGGTAGGCC-1,0.998836,0.000499,0.000166,0.000499
ACAAAGCATGACCTAG-1,0.194501,0.184354,0.151433,0.469711
ACAAATCGCACCGAAT-1,0.04381,0.580102,0.12742,0.248668
ACAAATGGTAGTGTTT-1,0.056932,0.776607,0.017028,0.149434
ACAAATTCAGATCTGA-1,0.0444,0.004357,0.028376,0.922866
ACAACAGCATGAGCTA-1,0.054905,0.318693,0.122302,0.504101
ACAACGGTCCCTGCGA-1,0.118882,0.665107,0.084325,0.131685
ACAAGCAGTGCCTAGC-1,0.125936,0.498348,0.067302,0.308414
ACAAGCTATATGGAAG-1,0.828979,0.170179,0.00021,0.000631
ACAAGGAAATCCGCCC-1,0.066141,0.887546,0.028082,0.018231
ACAAGGACAAGAGGTT-1,0.127031,0.093148,0.16268,0.617141
ACAAGGATGCTTTAGG-1,0.38436,0.007206,0.023675,0.584759
ACAAGGCCTACCAGCC-1,0.025385,0.050682,0.02121,0.902722
ACAAGGGCAGGCTCTG-1,0.086895,0.391785,0.103869,0.417451
ACAATAGTCGTACGTT-1,0.774555,0.001397,0.000466,0.223583
ACAATCCATTTAAACC-1,0.085369,0.424694,0.154776,0.335161
ACAATGAATACGGAGA-1,0.077663,0.568647,0.103022,0.250668
ACAATGATTCTTCTAC-1,0.247203,0.096277,0.16166,0.49486
ACAATTGTGTCTCTTT-1,0.125451,0.453442,0.106882,0.314225
ACAATTTAGGAGGCTC-1,0.995681,0.001851,0.000617,0.001851
ACAATTTGAGCAGTGG-1,0.106278,0.736318,0.018952,0.138452
ACAATTTGGCCATATT-1,0.014204,0.761217,0.038868,0.185711
ACACAAAGACGGGTGG-1,0.07848,0.101586,0.157403,0.662531
ACACACCAGGACCAGT-1,0.105133,0.415166,0.192195,0.287506
ACACACTTTCTACACG-1,0.137968,0.491363,0.039226,0.331443
ACACATGATCAAATCT-1,0.999612,0.000166,0.000055,0.000166
ACACATTGACGCAACA-1,0.903147,0.001111,0.00037,0.095371
ACACCACATAATTAGC-1,0.057748,0.248122,0.478175,0.215955
ACACCCAGCATGCAGC-1,0.04355,0.414041,0.371881,0.170528
ACACCCGAGAAATCCG-1,0.0357,0.297736,0.030529,0.636035
ACACCGAGCGCTCTTT-1,0.996988,0.001291,0.00043,0.001291
ACACCGGTCTGACCGC-1,0.643052,0.109555,0.114669,0.132724
ACACCTTAAGTAGGGC-1,0.025633,0.218047,0.108676,0.647644
ACACCTTACTACTTGC-1,0.001162,0.714539,0.191597,0.092702
ACACGAGACTCCTTCT-1,0.052174,0.530139,0.306311,0.111375
ACACGGCACTATGCAT-1,0.000012,0.477311,0.057035,0.465643
ACACGGGAACTTAGGG-1,0.004882,0.945093,0.023823,0.026202
ACACGTAGGCCACAAG-1,0.598043,0.027102,0.080172,0.294683
ACACTCCAATGTCACT-1,0.631978,0.346209,0.021328,0.000484
ACACTGATCAAGGTGT-1,0.055958,0.782335,0.016281,0.145426
ACACTGGGACAGTCGT-1,0.232636,0.246844,0.056909,0.463611
ACAGAACTGAGAACAA-1,0.119784,0.58363,0.0729,0.223686
ACAGATTAGGTTAGTG-1,0.026546,0.478968,0.025949,0.468537
ACAGCATAGAGCCAGT-1,0.032425,0.188092,0.049502,0.729982
ACAGCGACATTCTCAT-1,0.136539,0.653995,0.014664,0.194802
ACAGCGCACCCGCAGC-1,0.000016,0.806323,0.025336,0.168325
ACAGGCACGGATCCTT-1,0.282165,0.156865,0.182921,0.378048
ACAGGCTTGCCCGACT-1,0.070896,0.832112,0.038048,0.058944
ACAGGTGGAGGTGAGG-1,0.021199,0.381986,0.146849,0.449966
ACAGGTGTGTTGTTGC-1,0.998801,0.000514,0.000171,0.000514
ACAGTAATACAACTTG-1,0.998981,0.000437,0.000146,0.000437
ACAGTATACCGTGGGA-1,0.137865,0.054899,0.126624,0.680612
ACATAAGTCGTGGTGA-1,0.996717,0.001407,0.000469,0.001407
ACATAATAAGGCGGTG-1,0.003624,0.449869,0.11898,0.427527
ACATCAGCTGGGACGC-1,0.999207,0.00034,0.000113,0.00034
ACATCCCGGCCATACG-1,0.002144,0.911752,0.031009,0.055095
ACATCCTGGTAACTGT-1,0.031228,0.657059,0.159617,0.152097
ACATCGATCGTTTACC-1,0.000014,0.959204,0.013389,0.027392
ACATCGGTCAGCCGCG-1,0.090796,0.748974,0.028476,0.131753
ACATCGTATGCAATGG-1,0.041784,0.146202,0.143236,0.668778
ACATCGTTAACCTAGT-1,0.007694,0.258972,0.065224,0.66811
ACATCTCAACGCGTAA-1,0.007513,0.062406,0.064355,0.865726
ACATGGCGCCAAAGTA-1,0.017584,0.186893,0.195308,0.600215
ACATGGCTCAATTTAG-1,0.998922,0.000462,0.000154,0.000462
ACATTAGTTTATATCC-1,0.006506,0.789416,0.040403,0.163675
ACATTCGCGCGGAATA-1,0.135165,0.330146,0.064197,0.470492
ACCAAACACCCAGCGA-1,0.033804,0.288319,0.197861,0.480015
ACCAACACCACACACT-1,0.077024,0.406205,0.211505,0.305267
ACCAACCGCACTCCAC-1,0.046273,0.13566,0.313072,0.504995
ACCAACGCTTATTTAT-1,0.087652,0.345359,0.437823,0.129166
ACCAAGAACGCGTGTC-1,0.038832,0.561258,0.045173,0.354736
ACCAAGTCATCGGCAG-1,0.037501,0.220775,0.037569,0.704155
ACCAATATGCAAGTTA-1,0.04527,0.538304,0.260002,0.156424
ACCACAACTCAGAACA-1,0.003543,0.691412,0.012273,0.292772
ACCACAAGTTTCTATC-1,0.010743,0.554188,0.209012,0.226056
ACCACCAATGTAACAA-1,0.001065,0.676228,0.038283,0.284424
ACCACCCTCTCTTCTA-1,0.010394,0.201063,0.249887,0.538656
ACCACGTGCAGCTATA-1,0.074924,0.629652,0.124273,0.171151
ACCACTGTTCAAGAAG-1,0.997303,0.001156,0.000385,0.001156
ACCAGACCATAACAAC-1,0.998476,0.000653,0.000218,0.000653
ACCAGCCCGGTCTTTG-1,0.001712,0.239166,0.014846,0.744275
ACCAGTGCCCGGTCAA-1,0.047596,0.458903,0.233589,0.259912
ACCAGTGCGGGAGACG-1,0.070429,0.804712,0.051328,0.073531
ACCATATCCGCAATAA-1,0.014353,0.94259,0.010854,0.032203
ACCATCCGCCAACTAG-1,0.997938,0.000884,0.000295,0.000884
ACCATCGTATATGGTA-1,0.066627,0.258389,0.201061,0.473922
ACCATTAAGGGTGTCA-1,0.998753,0.000534,0.000178,0.000534
ACCCAACGCCCGTGGC-1,0.146065,0.377028,0.207808,0.269098
ACCCACCTACATGCTC-1,0.406236,0.312145,0.005176,0.276444
ACCCATCTTGAGGGTA-1,0.060838,0.090682,0.122061,0.726419
ACCCATTTGTCCCTCT-1,0.271416,0.324821,0.108693,0.295071
ACCCGAGCGAAATTAC-1,0.291078,0.280691,0.134171,0.29406
ACCCGATTGGTTCCGA-1,0.147487,0.094016,0.075983,0.682515
ACCCGGAAACTCCCAG-1,0.045273,0.48718,0.076815,0.390732
ACCCGGAGCACCACAA-1,0.110894,0.035352,0.044857,0.808897
ACCCGGATGACGCATC-1,0.025449,0.709789,0.158681,0.106081
ACCCGGTTACACTTCC-1,0.020161,0.393049,0.076362,0.510428
ACCCGTAGCAGAGAAT-1,0.631744,0.074003,0.095136,0.199116
ACCCGTAGTCTAGTTG-1,0.601388,0.001478,0.002469,0.394665
ACCCGTGTCATCAGTA-1,0.035066,0.618266,0.072722,0.273945
ACCCTATAGGACTGAG-1,0.781041,0.065527,0.000181,0.15325
ACCCTATGCCATATCG-1,0.053886,0.619666,0.222399,0.104049
ACCCTCCCGTCAGGGC-1,0.082661,0.19461,0.285407,0.437322
ACCCTCCCTTGCTATT-1,0.053828,0.579994,0.079872,0.286306
ACCCTGGTAACGCCCT-1,0.033463,0.108233,0.596961,0.261342
ACCCTTCATCTGCGAA-1,0.00194,0.946666,0.018671,0.032723
ACCCTTGCCTGGGTCG-1,0.020221,0.555685,0.305711,0.118384
ACCCTTTAGTTCTCCA-1,0.007761,0.138598,0.061457,0.792185
ACCGAAAGGGCCCTGC-1,0.011094,0.270882,0.080516,0.637508
ACCGAAGAGTCTGGTT-1,0.999086,0.000392,0.000131,0.000392
ACCGACACATCTCCCA-1,0.105076,0.20129,0.259919,0.433716
ACCGACTGAGTCCCAC-1,0.024769,0.623052,0.094166,0.258012
ACCGAGTCTCCTTATT-1,0.105216,0.385008,0.087701,0.422075
ACCGATAGGCATAACC-1,0.106304,0.643891,0.096748,0.153058
ACCGATATTTAATCAT-1,0.240066,0.551548,0.092989,0.115398
ACCGATGGTAGCATCG-1,0.06245,0.194183,0.191126,0.552241
ACCGCAATAACTGCCT-1,0.187685,0.636292,0.055462,0.120561
ACCGCGGTGGAAGTCG-1,0.027056,0.7516,0.130629,0.090715
ACCGGGCCTTTGTTGA-1,0.16089,0.566738,0.149922,0.12245
ACCGGTCAGGTACACC-1,0.999716,0.000122,0.000041,0.000122
ACCGGTCTGAGTACGG-1,0.04033,0.02602,0.011702,0.921949
ACCGTCCACTGGGCCC-1,0.999091,0.00039,0.00013,0.00039
ACCGTGACCACGTGGG-1,0.072317,0.645441,0.038421,0.243821
ACCGTTCCCGCTCTGA-1,0.02912,0.187492,0.014683,0.768705
ACCTAAGTACCTTTCA-1,0.0953,0.727829,0.065459,0.111412
ACCTAATCGACTTCCT-1,0.053506,0.909433,0.028721,0.00834
ACCTACAGTATGTGGT-1,0.047921,0.551174,0.189449,0.211457
ACCTACTATAAATCTA-1,0.071116,0.248779,0.048673,0.631432
ACCTCCGCCCTCGCTG-1,0.985176,0.000313,0.000104,0.014407
ACCTCCGTTATTCACC-1,0.000017,0.686054,0.088349,0.225581
ACCTCGAACTTATGCT-1,0.9984,0.000685,0.000229,0.000686
ACCTGCGTGTCATGTT-1,0.999366,0.000272,0.000091,0.000272
ACGAAATGGGCGGCAC-1,0.170037,0.090416,0.028588,0.710959
ACGACCCATGAGTTGC-1,0.064877,0.343534,0.173505,0.418083
ACGACTCTAGGGCCGA-1,0.18853,0.259001,0.092032,0.460438
ACGACTGGTCATACTC-1,0.405645,0.026016,0.032977,0.535363
ACGAGAACCCATCACG-1,0.06103,0.235471,0.247607,0.455892
ACGAGATATTTGCTTA-1,0.042723,0.413948,0.092812,0.450518
ACGAGGATACCACTCT-1,0.999127,0.000374,0.000125,0.000374
ACGAGGTTTACAACGT-1,0.999242,0.000325,0.000108,0.000325
ACGAGTACGGATGCCC-1,0.000022,0.246658,0.1693,0.584019
ACGAGTCGCCGGCGTT-1,0.999399,0.000258,0.000086,0.000258
ACGATACATAGAACTA-1,0.023853,0.090415,0.122848,0.762884
ACGATACCTATCCTGA-1,0.998204,0.00077,0.000257,0.00077
ACGATCATACATAGAG-1,0.096116,0.52474,0.154134,0.22501
ACGATCATCTTGTAAA-1,0.023338,0.267288,0.161781,0.547593
ACGATGCATATGTTAT-1,0.02825,0.26505,0.107787,0.598912
ACGATGGATCCGATGC-1,0.000018,0.137424,0.122339,0.740219
ACGCAAACTAATAGAT-1,0.075298,0.704754,0.051534,0.168413
ACGCAATCACTACAGC-1,0.000032,0.189086,0.089302,0.721581
ACGCATAAATGACATG-1,0.134889,0.070119,0.034038,0.760954
ACGCATACGTTTACTA-1,0.081921,0.043346,0.13629,0.738443
ACGCATTCGTGAGTAC-1,0.043632,0.598983,0.104849,0.252536
ACGCCAGATGATTTCT-1,0.012843,0.67639,0.016515,0.294252
ACGCCGCTAGACGACC-1,0.168763,0.233585,0.528703,0.06895
ACGCGAAGTCAGACGA-1,0.003703,0.702884,0.031739,0.261675
ACGCGCTACACAGGGT-1,0.140823,0.235565,0.061359,0.562253
ACGCGGGCCAAGGACA-1,0.138882,0.33248,0.41439,0.114248
ACGCGTTTCTTAAGAG-1,0.994962,0.002159,0.00072,0.002159
ACGCTAGTGATACACT-1,0.006424,0.505333,0.094636,0.393607
ACGCTGTGAGGCGTAG-1,0.998389,0.00069,0.00023,0.00069
ACGGAATTTAGCAAAT-1,0.081899,0.177668,0.032782,0.70765
ACGGACTCTCAAAGCG-1,0.036191,0.867227,0.03354,0.063043
ACGGAGCGCAAATTAC-1,0.030178,0.345714,0.12523,0.498877
ACGGATGGTGCGGATA-1,0.244986,0.197437,0.444272,0.113305
ACGGCACTTGCTTGGG-1,0.038216,0.854183,0.056513,0.051087
ACGGCCAACATGGACT-1,0.04604,0.700177,0.11165,0.142132
ACGGCGACGATGGGAA-1,0.081319,0.822132,0.070384,0.026166
ACGGCGGGTTGCCCTG-1,0.000543,0.747358,0.005365,0.246734
ACGGCTGGATGTAGAA-1,0.990499,0.000505,0.000168,0.008828
ACGGGAGTGTCGGCCC-1,0.100144,0.326879,0.072671,0.500306
ACGGGCGTATGCGACA-1,0.001738,0.56086,0.048694,0.388708
ACGGGTCATGTGACTT-1,0.997227,0.001188,0.000396,0.001188
ACGGGTTGTGACCTGT-1,0.957825,0.000235,0.000078,0.041862
ACGGTCACCGAGAACA-1,0.133655,0.345677,0.105566,0.415101
ACGTACAGATTTCTCT-1,0.055964,0.739667,0.070416,0.133954
ACGTACTTTGGCACGG-1,0.21011,0.31668,0.274466,0.198744
ACGTAGATTGCTGATG-1,0.005957,0.440827,0.096561,0.456656
ACGTAGGAGAGTCGCT-1,0.215883,0.011793,0.018392,0.753932
ACGTATTACTCCGATC-1,0.152042,0.501658,0.219849,0.126451
ACGTCGGGCAACTCGG-1,0.998848,0.000494,0.000165,0.000494
ACGTCTCGTTCCGGGA-1,0.998182,0.000779,0.00026,0.000779
ACGTGACAAAGTAAGT-1,0.998922,0.000462,0.000154,0.000462
ACGTGCGCCTCGTGCA-1,0.000021,0.571722,0.020277,0.407981
ACGTTAATGTCGAAGA-1,0.622467,0.19663,0.09335,0.087553
ACGTTAGATTTGCCCG-1,0.074178,0.584002,0.028624,0.313195
ACGTTATTGGTCACTC-1,0.780364,0.219037,0.00015,0.000449
ACGTTCCGCGCTCCGT-1,0.000262,0.28985,0.019863,0.690025
ACGTTCGCAATCAATT-1,0.000019,0.309027,0.017722,0.673232
ACGTTCGTTCAGGAAA-1,0.009295,0.421985,0.039295,0.529425
ACGTTCTGTACAAGTC-1,0.105233,0.311712,0.244537,0.338518
ACGTTTAGTTGTGATC-1,0.010546,0.14982,0.146296,0.693338
ACTAAGGACGCACACC-1,0.048831,0.465282,0.348567,0.137321
ACTAATACGTCAGGCG-1,0.004422,0.135073,0.167774,0.692731
ACTACAAAGAGAGGTG-1,0.020824,0.688968,0.106333,0.183874
ACTACATCCCGACAAG-1,0.919352,0.065903,0.000068,0.014677
ACTACCAGCTCTCTGG-1,0.009058,0.450668,0.113864,0.426409
ACTACGCGTTAGAATT-1,0.018014,0.643152,0.145823,0.193011
ACTAGTTGCGATCGTC-1,0.185982,0.119009,0.241535,0.453474
ACTATATGCTGTGTTC-1,0.000026,0.09924,0.123086,0.777648
ACTATCCAGGGCATGG-1,0.00499,0.612381,0.12961,0.253019
ACTATCGCCGGCTAAA-1,0.997972,0.000869,0.00029,0.000869
ACTATCTGCCCGCGTA-1,0.147707,0.20216,0.183264,0.46687
ACTATGTCCAGCTGCC-1,0.05116,0.741361,0.045677,0.161802
ACTATTCGTCCGTGGT-1,0.000022,0.230545,0.032064,0.737369
ACTATTTCCGGGCCCA-1,0.076624,0.868128,0.030514,0.024734
ACTCAACGAATGTATT-1,0.03083,0.406096,0.238527,0.324547
ACTCAAGTGCAAGGCT-1,0.144927,0.533736,0.181976,0.139361
ACTCAATAAAGGCACG-1,0.001386,0.726208,0.051244,0.221162
ACTCAGACCTGCTTCT-1,0.027067,0.501685,0.033256,0.437992
ACTCATGGCAGCCTTC-1,0.127554,0.491523,0.049446,0.331477
ACTCCAATATCATCAT-1,0.429551,0.223473,0.080062,0.266914
ACTCCCATTCCTAAAG-1,0.9998,0.000086,0.000029,0.000086
ACTCCCGAATTCGTTT-1,0.004415,0.378843,0.333178,0.283563
ACTCCCGTAGACTAGG-1,0.014109,0.252745,0.308255,0.424892
ACTCCCTAATGCTAAA-1,0.016962,0.747814,0.051907,0.183317
ACTCCCTAGAATAGTA-1,0.069011,0.518952,0.124291,0.287746
ACTCCGGCCGACCACT-1,0.051089,0.255471,0.137088,0.556353
ACTCGATGTATTTCAT-1,0.998103,0.000813,0.000271,0.000813
ACTCGCCGTTCGATAA-1,0.048313,0.283931,0.064391,0.603365
ACTCGCGATCTGACGC-1,0.441053,0.41348,0.090896,0.054571
ACTCGTAACCCGTCCT-1,0.130398,0.400799,0.274751,0.194052
ACTCGTCAGTAATCCC-1,0.14092,0.523366,0.12185,0.213865
ACTCTAAACCTGGGAT-1,0.997155,0.001219,0.000406,0.00122
ACTCTCTGACTTAGGT-1,0.036403,0.396304,0.113972,0.453321
ACTCTCTTATACACGA-1,0.000014,0.38231,0.028701,0.588974
ACTCTGACCTAATAGA-1,0.345039,0.075878,0.16699,0.412094
ACTCTTCAGCTCCCGC-1,0.029549,0.476772,0.168083,0.325596
ACTCTTGTATAGTAAC-1,0.239659,0.49912,0.071585,0.189636
ACTGAAACGCCGTTAG-1,0.064012,0.225824,0.132137,0.578027
ACTGAATGGCGAAAGT-1,0.190869,0.377676,0.159293,0.272161
ACTGATTTAGTGATTC-1,0.000064,0.27141,0.048621,0.679905
ACTGCCCGCCATTCTC-1,0.358894,0.110597,0.179128,0.351381
ACTGCCGTCGTAACTC-1,0.19222,0.303443,0.085245,0.419092
ACTGCGGACACACCGT-1,0.434224,0.036292,0.035923,0.49356
ACTGCTCGGAAGGATG-1,0.998773,0.000526,0.000175,0.000526
ACTGGCGAACCTGCGT-1,0.026174,0.229686,0.07335,0.670789
ACTGTACGATACACAT-1,0.150139,0.63757,0.130248,0.082044
ACTGTAGCACTTTGGA-1,0.059311,0.216401,0.242324,0.481963
ACTGTATACGCGAGCA-1,0.037154,0.038723,0.013432,0.910691
ACTGTCCAGGATTATA-1,0.041143,0.637832,0.035287,0.285739
ACTGTCTTCTTTAGAA-1,0.006864,0.323858,0.11182,0.557459
ACTGTGCTAGTAGATC-1,0.007143,0.349278,0.019209,0.62437
ACTTACCGGGCGCGCA-1,0.024782,0.920482,0.009052,0.045684
ACTTACGCATCCACGC-1,0.06748,0.767953,0.067248,0.097318
ACTTAGTACGACAAGA-1,0.043926,0.117176,0.013408,0.82549
ACTTATACTTACCCGG-1,0.20529,0.371724,0.282774,0.140212
ACTTATTAGGATCGGT-1,0.194789,0.661331,0.046745,0.097135
ACTTATTTATGTGCCA-1,0.184536,0.120633,0.097945,0.596886
ACTTCAGGCTGATCCC-1,0.085083,0.487845,0.159358,0.267715
ACTTCCAGTGGAAGCT-1,0.902495,0.014767,0.082405,0.000334
ACTTCCATGCGGGACA-1,0.127446,0.179332,0.624181,0.06904
ACTTCGCCATACGCAC-1,0.000173,0.201174,0.107991,0.690661
ACTTCGCTAGCGAGTG-1,0.08002,0.652821,0.156417,0.110742
ACTTGACTCCCTCTTT-1,0.124342,0.515926,0.110927,0.248805
ACTTGCCATATTGTAC-1,0.044067,0.278267,0.082759,0.594906
ACTTGCTCTATCTACC-1,0.999501,0.000214,0.000071,0.000214
ACTTGGGACCCGGTGG-1,0.014882,0.256205,0.068009,0.660904
ACTTGTAGTCCCTTCA-1,0.99777,0.000956,0.000319,0.000956
ACTTGTGGATGGAACG-1,0.224754,0.068482,0.116027,0.590737
ACTTTACCCTCATGAA-1,0.031432,0.685354,0.086614,0.196599
ACTTTCCTATAGCTTC-1,0.000669,0.752352,0.090884,0.156095
ACTTTGACTGCATCCT-1,0.926688,0.000801,0.000267,0.072244
ACTTTGGTCGTGCTCC-1,0.799855,0.007936,0.000126,0.192084
ACTTTGTCGACGCACT-1,0.139896,0.070069,0.050806,0.739229
AGAAATTATGACTCGC-1,0.134223,0.034903,0.093219,0.737654
AGAACCCAGCGTGACA-1,0.054072,0.460903,0.183604,0.301422
AGAACCCTCAATTGGG-1,0.998139,0.000798,0.000266,0.000798
AGAACGTGGTACATTC-1,0.000011,0.816656,0.099614,0.083718
AGAAGAGCGCCGTTCC-1,0.000247,0.200476,0.208858,0.590418
AGAAGGTACACTTCAC-1,0.957239,0.000512,0.000171,0.042078
AGAAGGTTGCCGAATT-1,0.078479,0.529018,0.069835,0.322668
AGAAGGTTGTAGGTCG-1,0.080455,0.525042,0.250072,0.144431
AGAAGTGATTCGTGAT-1,0.065708,0.452476,0.091367,0.390449
AGAATAAATCTTCAGG-1,0.997117,0.001235,0.000412,0.001236
AGAATGCGGGTTCGGA-1,0.000009,0.606768,0.009194,0.384028
AGAATTATGGATTCGA-1,0.007454,0.418807,0.129282,0.444457
AGAATTGTTTGACATA-1,0.678504,0.039166,0.000105,0.282224
AGACAGCTCAGAATCC-1,0.904616,0.000401,0.000134,0.094849
AGACAGGCATCTCAGC-1,0.510118,0.019626,0.076093,0.394163
AGACATAGATCCTTCC-1,0.092544,0.644194,0.175392,0.08787
AGACCAAACCACACCT-1,0.999031,0.000415,0.000138,0.000415
AGACCATGGGATACAA-1,0.337006,0.000232,0.032006,0.630755
AGACCCACCGCTGATC-1,0.030161,0.461868,0.205551,0.30242
AGACCCGCCCTCCTCG-1,0.023676,0.418267,0.050591,0.507465
AGACCGCTCCGCGGTT-1,0.1606,0.005701,0.154778,0.678921
AGACCGGGAAACCCTG-1,0.949756,0.000373,0.000124,0.049746
AGACGAAGTGCCGGTC-1,0.077178,0.720533,0.082718,0.119572
AGACGACGATGCCGCT-1,0.094638,0.703048,0.050605,0.15171
AGACGCCCACTTCGCC-1,0.049886,0.093966,0.202843,0.653305
AGACGGGCCGATTTAA-1,0.007304,0.004687,0.018361,0.969648
AGACTAGCCTTCCAGA-1,0.052326,0.134545,0.068857,0.744272
AGACTGTTACCGGGTC-1,0.036763,0.793152,0.027136,0.142949
AGAGAAACACCAGAAA-1,0.160156,0.108226,0.157079,0.574539
AGAGAACCGTCTAGGA-1,0.003207,0.691995,0.058666,0.246132
AGAGAAGGAGTACAAT-1,0.046508,0.631409,0.094817,0.227266
AGAGATCTCTAAAGCG-1,0.962642,0.000822,0.000274,0.036261
AGAGCAGTTATGAGAC-1,0.997878,0.000909,0.000303,0.00091
AGAGCCGCCGAGATTT-1,0.97528,0.014697,0.000062,0.009961
AGAGCGCTTGTAACGG-1,0.030287,0.260852,0.188893,0.519969
AGAGCGGGCTAATCAT-1,0.072152,0.458185,0.075059,0.394604
AGAGCGTACAAGCTCG-1,0.192734,0.236509,0.074428,0.496329
AGAGCTACGAAAGCAT-1,0.472308,0.390709,0.00009,0.136893
AGAGGCTTCGGAAACC-1,0.186654,0.31333,0.143426,0.356591
AGAGGGACAATTGTCC-1,0.127522,0.126292,0.152184,0.594002
AGAGTAAACTTCACTA-1,0.143129,0.102386,0.138408,0.616078
AGAGTATAGTGTTACG-1,0.098644,0.12615,0.361884,0.413322
AGAGTTAGAGACCGAT-1,0.027682,0.913874,0.006185,0.05226
AGAGTTGCAGGCCTCC-1,0.253018,0.273131,0.131018,0.342833
AGATAACTTCAGGGCC-1,0.025034,0.096388,0.046126,0.832453
AGATACCAATAGAACC-1,0.039486,0.239055,0.256373,0.465086
AGATACCAGCACTTCA-1,0.001339,0.043784,0.2337,0.721177
AGATACCGGTGTTCAC-1,0.376121,0.298694,0.150475,0.17471
AGATACGACTTCATAT-1,0.014069,0.459153,0.026364,0.500415
AGATACTCAAGATCGA-1,0.106801,0.402916,0.275704,0.214579
AGATATAATACGACTA-1,0.027845,0.683131,0.126151,0.162873
AGATCGTGCATAAGAT-1,0.022818,0.268577,0.25745,0.451156
AGATCTCAGGTGTGAT-1,0.129004,0.28805,0.281765,0.301181
AGATGACTCGCCCACG-1,0.030575,0.672106,0.024473,0.272847
AGATGAGGGTTGCGAT-1,0.000651,0.607483,0.078855,0.313011
AGATGATGGAGTCTGG-1,0.000026,0.239344,0.093247,0.667382
AGATGCAAGACGTGCA-1,0.096128,0.140551,0.082383,0.680938
AGATGCATCCTGTGTC-1,0.99824,0.000754,0.000251,0.000754
AGATGCTATAACGAGC-1,0.928549,0.070623,0.000207,0.000621
AGATTATAGGACGTTT-1,0.115893,0.287119,0.1708,0.426188
AGATTCAAGCGGGTCG-1,0.002805,0.002418,0.03362,0.961157
AGATTCACAACCGATA-1,0.999065,0.0004,0.000133,0.000401
AGCAAAGGCCGCTAGT-1,0.026574,0.594949,0.106949,0.271528
AGCAACATATCTTATT-1,0.175392,0.158626,0.277769,0.388214
AGCAACCGAAAGTAAT-1,0.503703,0.000286,0.000108,0.495903
AGCACACGTTTAGACT-1,0.048264,0.136861,0.156594,0.658281
AGCACCAGTACTCACG-1,0.000459,0.714721,0.032229,0.252591
AGCACTACCGGCCTGT-1,0.837503,0.002122,0.000707,0.159667
AGCACTACCTCACCAG-1,0.07644,0.411315,0.260168,0.252078
AGCACTTAAGGACGCC-1,0.064139,0.73294,0.042976,0.159946
AGCAGAAGGAGAAAGA-1,0.009922,0.730012,0.018271,0.241795
AGCAGCCAGATGAATA-1,0.002326,0.571629,0.175379,0.250665
AGCATATCAATATGCT-1,0.05889,0.282464,0.147458,0.511188
AGCATCATTTCGAAAG-1,0.837542,0.000612,0.000204,0.161642
AGCATCGTCGATAATT-1,0.233664,0.3529,0.167772,0.245664
AGCATTACGAGGCAAG-1,0.029957,0.10443,0.189379,0.676234
AGCCAAGCTTTGTGTC-1,0.160751,0.595166,0.037306,0.206777
AGCCACAGGTTACCCG-1,0.713704,0.205473,0.059146,0.021676
AGCCACTCCCGTGCTT-1,0.064348,0.453181,0.107768,0.374703
AGCCATATAGTATGTG-1,0.838189,0.0151,0.145748,0.000963
AGCCCATACATGTAAG-1,0.028301,0.928557,0.032988,0.010154
AGCCCGCAACAAGCAG-1,0.09108,0.703187,0.185044,0.020688
AGCCCGGCATTAGAGG-1,0.131406,0.400484,0.180485,0.287625
AGCCCGGTAGCCTGTA-1,0.000012,0.894051,0.004665,0.101273
AGCCCTAAGCGAAGTT-1,0.046248,0.348343,0.323394,0.282016
AGCCCTCCCTGGTGGC-1,0.119958,0.0642,0.431066,0.384775
AGCCCTGTCGCACCGT-1,0.013604,0.630124,0.130209,0.226062
AGCCCTTCTAATCCGA-1,0.000145,0.405259,0.108903,0.485693
AGCCCTTGGACATCCC-1,0.824762,0.001788,0.007971,0.165479
AGCCGCAAATTCAAAT-1,0.998584,0.000607,0.000202,0.000607
AGCCGCTTGATTAGCG-1,0.997098,0.001244,0.000415,0.001244
AGCCGTGGCTAAATGT-1,0.161061,0.575048,0.014767,0.249124
AGCCTAATACCCACGT-1,0.972217,0.000303,0.027177,0.000303
AGCCTTAAAGCGGAAG-1,0.705423,0.269618,0.02439,0.000568
AGCCTTGTCACTGATA-1,0.999136,0.00037,0.000123,0.00037
AGCGACAGGAACGGTC-1,0.019822,0.390089,0.095248,0.49484
AGCGACATCCCATTCA-1,0.008199,0.157012,0.078119,0.756671
AGCGACCAACGATATT-1,0.046206,0.065773,0.05298,0.835041
AGCGAGACGTGAAGGC-1,0.063939,0.644184,0.036734,0.255143
AGCGATGCGCCTAATA-1,0.027868,0.519219,0.077938,0.374976
AGCGCATAATGAATCG-1,0.076807,0.742371,0.076941,0.10388
AGCGCGGGTGCCAATG-1,0.00001,0.708573,0.048678,0.24274
AGCGCTAGAGCGATGT-1,0.126649,0.681724,0.086234,0.105394
AGCGCTTATGGGCAAG-1,0.134315,0.206422,0.175288,0.483975
AGCGGACACTTCGTAG-1,0.008331,0.933429,0.006645,0.051595
AGCGGCGGTTAGCGGT-1,0.998204,0.00077,0.000257,0.00077
AGCGGGAAGGGTCCAT-1,0.007946,0.415907,0.026003,0.550143
AGCGGGTCTGACACTC-1,0.011248,0.49908,0.042447,0.447225
AGCGGTTGCCGCTCTG-1,0.167389,0.043504,0.059339,0.729768
AGCGTACGAGAGCTAG-1,0.221801,0.071649,0.028748,0.677802
AGCGTCTGAACCCGCA-1,0.005612,0.33203,0.015002,0.647356
AGCGTGGTATTCTACT-1,0.117182,0.695013,0.040132,0.147674
AGCTAACAAGCAATGT-1,0.078852,0.635764,0.057842,0.227542
AGCTAAGTACGCAGGC-1,0.087785,0.543715,0.098784,0.269716
AGCTAGAAGCAGAAGT-1,0.009307,0.518762,0.180143,0.291787
AGCTATTTAATCCAAC-1,0.112221,0.129784,0.038893,0.719102
AGCTCCATATATGTTC-1,0.335028,0.067049,0.032428,0.565495
AGCTCCTTCGCACATC-1,0.023549,0.683523,0.214828,0.078101
AGCTCGTTGATGGAAA-1,0.01167,0.345685,0.197508,0.445137
AGCTCTAGACGTTCCA-1,0.041022,0.857102,0.051535,0.050341
AGCTCTTCCCAGTGCA-1,0.009102,0.257462,0.05688,0.676556
AGCTCTTCGTAACCTT-1,0.000793,0.563714,0.069049,0.366443
AGCTCTTTACTCAGTT-1,0.013256,0.874384,0.047312,0.065048
AGCTGAAGTAAACCAA-1,0.035129,0.616436,0.036627,0.311808
AGCTGTAACCTCAATC-1,0.046703,0.22796,0.227374,0.497963
AGCTTATAGAGACCTG-1,0.031709,0.33199,0.057325,0.578976
AGCTTCTTCTCGAGCA-1,0.036971,0.481848,0.088153,0.393028
AGCTTGATCAGGGTAG-1,0.543106,0.375732,0.006194,0.074967
AGCTTGATCTTAACTT-1,0.283276,0.122851,0.379351,0.214522
AGGAAAGCCTCTGATG-1,0.999006,0.000426,0.000142,0.000426
AGGAACGAACGACTTC-1,0.039153,0.034333,0.016055,0.910459
AGGAAGCTGTCCGCCG-1,0.029043,0.603746,0.083906,0.283305
AGGACAGTCGAATCCC-1,0.005834,0.54092,0.203188,0.250058
AGGACATCGCACGTCG-1,0.038009,0.013075,0.012937,0.935979
AGGACATCGGCACACT-1,0.027627,0.210834,0.045709,0.715831
AGGACGACCCATTAGA-1,0.02055,0.545484,0.248644,0.185322
AGGACGCTCGATGTTG-1,0.000023,0.36806,0.086341,0.545576
AGGACTTATAGGAGAA-1,0.997295,0.001159,0.000386,0.001159
AGGAGACATCCACAGT-1,0.067703,0.602712,0.095641,0.233944
AGGAGAGTCTGGCTAC-1,0.039494,0.398975,0.175227,0.386304
AGGAGGCCTTCGCGCG-1,0.075173,0.291994,0.316027,0.316806
AGGATAAAGTCGGGAT-1,0.00001,0.968259,0.020007,0.011724
AGGATATAGGGATTTA-1,0.086866,0.346099,0.295007,0.272027
AGGATATCCGACTGCA-1,0.159602,0.306946,0.104013,0.42944
AGGATCACGCGATCTG-1,0.999781,0.000094,0.000031,0.000094
AGGATTGCTTACGACA-1,0.166611,0.150193,0.077707,0.605489
AGGCACGTGACTGTCC-1,0.801277,0.198518,0.000051,0.000154
AGGCAGATGCGTAAAC-1,0.016052,0.422127,0.278434,0.283387
AGGCAGGGAGCGTACT-1,0.016043,0.692688,0.120249,0.17102
AGGCATTGTCGTAGGG-1,0.163725,0.742481,0.03918,0.054614
AGGCCACATTGGTTAC-1,0.126749,0.176125,0.101432,0.595694
AGGCCACCCGTTATGA-1,0.049698,0.486494,0.053068,0.41074
AGGCCCAGTGACTGGT-1,0.999454,0.000234,0.000078,0.000234
AGGCCCATTGTACAGG-1,0.03885,0.731356,0.007588,0.222206
AGGCCCTAGAACGCCA-1,0.199583,0.074241,0.466629,0.259547
AGGCCTATCATACCAA-1,0.008295,0.368011,0.088459,0.535235
AGGCCTGAGAATCTCG-1,0.999324,0.00029,0.000097,0.00029
AGGCGATAACTGGCGT-1,0.153349,0.01998,0.128413,0.698257
AGGCGGTTTGTCCCGC-1,0.860451,0.000339,0.000113,0.139097
AGGCGTCTATGGACGG-1,0.000019,0.037666,0.017159,0.945156
AGGCTATGGTTAGCTT-1,0.162154,0.229612,0.192009,0.416225
AGGCTTCCCGAAGAAG-1,0.057948,0.355152,0.296893,0.290007
AGGCTTGCTAGACACC-1,0.999225,0.000332,0.000111,0.000332
AGGGAAACGAGGTACT-1,0.046429,0.186959,0.158759,0.607853
AGGGACAGCACGGCGG-1,0.010062,0.244785,0.020604,0.724548
AGGGACCGGCTGCGTT-1,0.000011,0.855227,0.004591,0.140171
AGGGACTCTACGCGAC-1,0.006201,0.730386,0.047528,0.215885
AGGGAGACATACTTCG-1,0.013131,0.662325,0.051692,0.272852
AGGGCAGCGGCGTGGT-1,0.00204,0.587871,0.070536,0.339553
AGGGCCCTAATGTTCT-1,0.05202,0.270348,0.022247,0.655385
AGGGCGAGCAGCTGAT-1,0.853912,0.145514,0.000143,0.00043
AGGGCGTGATCGGCTA-1,0.001436,0.110738,0.109303,0.778524
AGGGCTGCAGTTACAG-1,0.041596,0.83926,0.115961,0.003183
AGGGTCAGAGCACTCG-1,0.036848,0.569265,0.04422,0.349667
AGGGTCAGTAACCCTA-1,0.000029,0.227913,0.115589,0.656469
AGGGTCGATGCGAACT-1,0.007157,0.739744,0.02937,0.22373
AGGGTCTGGACGCAGT-1,0.116602,0.010542,0.016738,0.856119
AGGGTGCCGTTCTTTA-1,0.52162,0.055653,0.126789,0.295937
AGGGTGCTCTCGAGGG-1,0.027302,0.831844,0.008353,0.132501
AGGGTGGATAGTGCAT-1,0.825016,0.001282,0.000427,0.173275
AGGGTGTGCTACACGC-1,0.036411,0.157096,0.045607,0.760885
AGGGTTCAGACGGTCC-1,0.026271,0.767232,0.112442,0.094055
AGGGTTCCCTTTGGTT-1,0.134992,0.37689,0.170379,0.317739
AGGGTTTAGTTCGGGA-1,0.037358,0.352362,0.060828,0.549452
AGGTAACCTCCTATTC-1,0.050335,0.285196,0.02911,0.63536
AGGTACGATATTGCCA-1,0.009962,0.682284,0.036431,0.271323
AGGTAGATCGAGATAT-1,0.290055,0.171857,0.135691,0.402398
AGGTAGGTACAAAGCT-1,0.107144,0.618057,0.051378,0.223422
AGGTATAATTGATAGT-1,0.000013,0.671295,0.025827,0.302865
AGGTATGCGGACATTA-1,0.201942,0.564807,0.053103,0.180148
AGGTCAGGTGAGAGTG-1,0.547033,0.184898,0.000129,0.267939
AGGTCGCCTCCCAACA-1,0.087845,0.12879,0.163289,0.620077
