Barcode,Topic 1,Topic 2to7,Topic 8to11
AAACAACGAATAGTTC-1,0.642455,0.357366,0.000179
AAACAAGTATCTCCCA-1,0.294954,0.00024,0.704806
AAACAATCTACTAGCA-1,0.000022,0.856216,0.143762
AAACACCAATAACTGC-1,0.007688,0.651016,0.341295
AAACAGAGCGACTCCT-1,0.002986,0.460265,0.536749
AAACAGCTTTCAGAAG-1,0.004684,0.135273,0.860043
AAACAGGGTCTATATT-1,0.034269,0.732376,0.233356
AAACAGTGTTCCTGGG-1,0.097118,0.89746,0.005422
AAACATGGTGAGAGGA-1,0.008266,0.049594,0.942141
AAACATTTCCCGGATT-1,0.999538,0.000277,0.000185
AAACCACTACACAGAT-1,0.000046,0.938071,0.061883
AAACCCGAACGAAATC-1,0.975718,0.024087,0.000195
AAACCGGAAATGTTAA-1,0.733182,0.231032,0.035787
AAACCGGGTAGGTACC-1,0.002316,0.667976,0.329709
AAACCGTTCGTCCAGG-1,0.002769,0.680147,0.317085
AAACCTAAGCAGCCGG-1,0.012655,0.72497,0.262375
AAACCTCATGAAGTTG-1,0.00003,0.902444,0.097525
AAACGAAGAACATACC-1,0.020523,0.413888,0.565589
AAACGAAGATGGAGTA-1,0.008922,0.000179,0.990899
AAACGACAGTCTTGCC-1,0.032915,0.873856,0.093229
AAACGAGACGGTTGAT-1,0.084237,0.72299,0.192773
AAACGCCCGAGATCGG-1,0.022402,0.477156,0.500442
AAACGGGCGTACGGGT-1,0.873985,0.125843,0.000172
AAACGGGTTGGTATCC-1,0.122563,0.456215,0.421222
AAACGGTTGCGAACTG-1,0.127582,0.584646,0.287772
AAACGTGTTCGCCCTA-1,0.067627,0.910999,0.021374
AAACTAACGTGGCGAC-1,0.011057,0.590184,0.398759
AAACTCGGTTCGCAAT-1,0.148321,0.711124,0.140555
AAACTCGTGATATAAG-1,0.052164,0.836195,0.111641
AAACTGCTGGCTCCAA-1,0.067033,0.643598,0.289368
AAACTTAATTGCACGC-1,0.000695,0.885839,0.113466
AAACTTGCAAACGTAT-1,0.011179,0.803006,0.185816
AAAGAATGACCTTAGA-1,0.004708,0.000792,0.9945
AAAGAATGTGGACTAA-1,0.483287,0.455788,0.060924
AAAGACATGAAGTTTA-1,0.046605,0.585569,0.367826
AAAGACCCAAGTCGCG-1,0.01946,0.654722,0.325819
AAAGACTGGGCGCTTT-1,0.029639,0.199363,0.770999
AAAGGCCCTATAATAC-1,0.017395,0.786253,0.196352
AAAGGCTACGGACCAT-1,0.001377,0.784426,0.214197
AAAGGCTCTCGCGCCG-1,0.004406,0.715436,0.280158
AAAGGGATGTAGCAAG-1,0.057922,0.486635,0.455442
AAAGGGCAGCTTGAAT-1,0.006164,0.47699,0.516846
AAAGGTAAGCTGTACC-1,0.259099,0.572993,0.167908
AAAGGTCAACGACATG-1,0.029656,0.438796,0.531547
AAAGTAGCATTGCTCA-1,0.07692,0.784746,0.138333
AAAGTCACTGATGTAA-1,0.000018,0.586252,0.41373
AAAGTCGACCCTCAGT-1,0.008511,0.752757,0.238732
AAAGTGTGATTTATCT-1,0.235405,0.585508,0.179087
AAAGTTGACTCCCGTA-1,0.295424,0.704435,0.000141
AAATAACCATACGGGA-1,0.037688,0.57794,0.384373
AAATACCTATAAGCAT-1,0.05214,0.880103,0.067757
AAATAGCTTAGACTTT-1,0.271848,0.537375,0.190777
AAATAGGGTGCTATTG-1,0.008238,0.8244,0.167362
AAATCCGATACACGCC-1,0.053579,0.858876,0.087545
AAATCGCGGAAGGAGT-1,0.029051,0.000262,0.970687
AAATCGTGTACCACAA-1,0.0272,0.890963,0.081837
AAATCTAGCCCTGCTA-1,0.834228,0.164656,0.001116
AAATCTGCCCGCGTCC-1,0.000033,0.141062,0.858905
AAATGACTGATCAAAC-1,0.463043,0.31638,0.220577
AAATGATTCGATCAGC-1,0.027678,0.881618,0.090704
AAATGCTCGTTACGTT-1,0.02485,0.762688,0.212462
AAATGGCATGTCTTGT-1,0.00002,0.481055,0.518925
AAATGGCCCGTGCCCT-1,0.011317,0.939588,0.049095
AAATGGTCAATGTGCC-1,0.031836,0.783384,0.184781
AAATGTATCTTATCCC-1,0.003497,0.020982,0.975522
AAATGTGGGTGCTCCT-1,0.000017,0.611737,0.388247
AAATTAACGGGTAGCT-1,0.015596,0.796463,0.187941
AAATTAATAAGCGCGA-1,0.02495,0.061703,0.913347
AAATTACACGACTCTG-1,0.083952,0.743355,0.172693
AAATTACCTATCGATG-1,0.004291,0.741296,0.254414
AAATTCCAGGTCCAAA-1,0.164106,0.749625,0.086269
AAATTGATAGTCCTTT-1,0.030026,0.905978,0.063996
AAATTGCGGCGGTTCT-1,0.014123,0.96744,0.018437
AAATTGGTGAGAAGCA-1,0.031788,0.885071,0.083141
AAATTTACCGAAATCC-1,0.045734,0.755782,0.198483
AAATTTGCGGGTGTGG-1,0.015305,0.30492,0.679775
AACAACTGGTAGTTGC-1,0.000021,0.518896,0.481084
AACAATACATTGTCGA-1,0.000013,0.712414,0.287573
AACAATTACTCTACGC-1,0.001519,0.694948,0.303533
AACACACGCTCGCCGC-1,0.777271,0.222323,0.000406
AACACGACTGTACTGA-1,0.000021,0.673827,0.326152
AACACGAGACGCGGCC-1,0.042903,0.644348,0.312749
AACACGCGGCCGCGAA-1,0.000027,0.888727,0.111246
AACAGCTGTGTGGCAA-1,0.007311,0.810293,0.182396
AACAGGAAATCGAATA-1,0.01728,0.710543,0.272177
AACAGGATGGGCCGCG-1,0.002303,0.931015,0.066683
AACAGGTAGTATGGAT-1,0.800419,0.198794,0.000787
AACATAGCGTGTATCG-1,0.58004,0.364871,0.055089
AACATATCAACTGGTG-1,0.017505,0.646915,0.33558
AACATCGATACGTCTA-1,0.011366,0.785253,0.203381
AACATTGAAGTTGATC-1,0.005718,0.166768,0.827514
AACATTGGTCAGCCGT-1,0.102567,0.574058,0.323374
AACATTGTGACTCGAG-1,0.000019,0.834405,0.165576
AACCAAGACTTCTCTG-1,0.000028,0.881681,0.118291
AACCAGTATCACTCTT-1,0.026189,0.772068,0.201743
AACCATAGGGTTGAAC-1,0.005676,0.950042,0.044282
AACCATGGGATCGCTA-1,0.005571,0.783996,0.210433
AACCCAGAGACGGAGA-1,0.000028,0.942199,0.057773
AACCCATCCCATGATC-1,0.000013,0.365374,0.634612
AACCCGACAACCCGTG-1,0.044603,0.641719,0.313678
AACCCGAGCAGAATCG-1,0.900169,0.099591,0.00024
AACCCGATAGGGCTTC-1,0.000042,0.875535,0.124423
AACCCGCTGTATTCCA-1,0.401366,0.229164,0.36947
AACCCTACTGTCAATA-1,0.081053,0.91883,0.000117
AACCCTGGTGGAACCA-1,0.00504,0.69484,0.30012
AACCGAGCTTGGTCAT-1,0.023897,0.344831,0.631272
AACCGCTAAGGGATGC-1,0.188604,0.524619,0.286777
AACCGTTGTGTTTGCT-1,0.003741,0.849954,0.146305
AACCTAAAGCCGTCCG-1,0.036154,0.486548,0.477298
AACCTCGCTTTAGCCC-1,0.137274,0.862628,0.000097
AACCTGTCACGGAATT-1,0.357381,0.633454,0.009165
AACCTTTAAATACGGT-1,0.000013,0.815096,0.184892
AACCTTTACGACGTCT-1,0.0023,0.675528,0.322172
AACGAAAGTCGTCCCA-1,0.008798,0.37585,0.615352
AACGACCTCCTAGCCG-1,0.445198,0.352436,0.202366
AACGATAATGCCGTAG-1,0.000018,0.935772,0.06421
AACGATAGAAGGGCCG-1,0.000023,0.833026,0.166951
AACGATATGTCAACTG-1,0.116414,0.468095,0.415491
AACGCATGATCTGGGT-1,0.052291,0.768874,0.178835
AACGCGAACGGCAACA-1,0.000019,0.765911,0.23407
AACGCGACCTTGGGCG-1,0.032167,0.661289,0.306545
AACGCGGTCTCCAGCC-1,0.10792,0.405632,0.486448
AACGCTGTTGCTGAAA-1,0.767226,0.09626,0.136514
AACGGACGTACGTATA-1,0.60874,0.390993,0.000266
AACGGCCATCTCCGGT-1,0.031202,0.792204,0.176594
AACGTACTGTGGGTAC-1,0.041529,0.46793,0.490541
AACGTAGTCTACCCAT-1,0.00002,0.536481,0.463498
AACGTCAGACTAGTGG-1,0.001564,0.538013,0.460423
AACGTCATCCGGCTTG-1,0.117311,0.000313,0.882377
AACGTGATGAAGGACA-1,0.031844,0.822321,0.145835
AACGTGCGAAAGTCTC-1,0.073866,0.339331,0.586803
AACGTTATCAGCACCT-1,0.031635,0.27999,0.688375
AACTACCCGTTTGTCA-1,0.998316,0.00101,0.000673
AACTAGCGTATCGCAC-1,0.012807,0.796643,0.19055
AACTAGGCTTGGGTGT-1,0.000022,0.929806,0.070172
AACTCAAGTTAATTGC-1,0.018526,0.97757,0.003904
AACTCCAGAGCGTGTT-1,0.927523,0.072204,0.000273
AACTCCTAATCCCATG-1,0.06136,0.39237,0.54627
AACTCGATAAACACGT-1,0.122689,0.448822,0.428489
AACTCGATGGCGCAGT-1,0.012939,0.787494,0.199568
AACTCTCAATAGAGCG-1,0.036405,0.846302,0.117293
AACTCTCAGTGTGCTC-1,0.002058,0.871016,0.126925
AACTGAGGTCAGCGTC-1,0.000042,0.952303,0.047655
AACTGAGTTATACTGA-1,0.378703,0.016071,0.605225
AACTGATATTAGGCCT-1,0.000022,0.775903,0.224075
AACTGGGTCCCGACGT-1,0.016967,0.576216,0.406818
AACTGGGTTCGAGCCG-1,0.059651,0.881865,0.058484
AACTGGTGTGGGCCTT-1,0.000025,0.837093,0.162883
AACTTCTGCGTCTATC-1,0.000029,0.802553,0.197418
AACTTGCCCGTATGCA-1,0.000016,0.36838,0.631604
AACTTGCGTTCTCGCG-1,0.004347,0.775507,0.220146
AACTTTACGGGAGCTT-1,0.008251,0.000325,0.991424
AACTTTAGCTGCTGAG-1,0.013759,0.952583,0.033657
AAGAAAGTTTGATGGG-1,0.017611,0.643356,0.339033
AAGAAATCACCAGATT-1,0.031973,0.864584,0.103444
AAGAAGGATCAGTTAG-1,0.00634,0.838559,0.155101
AAGACCAAATAACTCA-1,0.021401,0.270647,0.707952
AAGACCCAACTGAACA-1,0.000009,0.579302,0.420689
AAGACTAACCCGTTGT-1,0.000031,0.884598,0.115372
AAGACTCACGCCCACT-1,0.027305,0.848748,0.123947
AAGACTGCAAGCTACT-1,0.043192,0.480159,0.476649
AAGAGATGAATCGGTA-1,0.005661,0.775698,0.218641
AAGAGCTCTTTATCGG-1,0.121094,0.415904,0.463001
AAGAGGATGTACGCGA-1,0.003381,0.810743,0.185876
AAGAGGCATGGATCGC-1,0.017623,0.292503,0.689874
AAGAGGCCCTTTGGAA-1,0.832014,0.149712,0.018275
AAGATGGCACCGGACC-1,0.000017,0.741263,0.258721
AAGATTGGCGGAACGT-1,0.025298,0.499084,0.475618
AAGCACCCTGCGTATC-1,0.006534,0.678949,0.314518
AAGCATACTCTCCTGA-1,0.004556,0.792082,0.203362
AAGCCACTTGCAGGTA-1,0.079791,0.663506,0.256704
AAGCCGAAGCGGTTTA-1,0.856706,0.142496,0.000798
AAGCCGCCGTGAAATC-1,0.039277,0.729703,0.231021
AAGCCGCTTTACCTTG-1,0.025509,0.959764,0.014727
AAGCCGGAGAGCAGGA-1,0.485289,0.266855,0.247856
AAGCGCAGGGCTTTGA-1,0.085775,0.895067,0.019158
AAGCGGAGTGCGCGCA-1,0.021524,0.85497,0.123506
AAGCGGCGTCATGGGT-1,0.061135,0.636517,0.302348
AAGCGTCCCTCATCGA-1,0.000095,0.871207,0.128698
AAGCTAGATCGAGTAA-1,0.001857,0.93988,0.058263
AAGCTATGGATTGACC-1,0.00716,0.168315,0.824525
AAGCTCGTGCCAAGTC-1,0.486022,0.276479,0.237499
AAGCTCTTTCATGGTG-1,0.557164,0.441396,0.001439
AAGGAGAACTTATAAG-1,0.031063,0.904428,0.064509
AAGGAGCGGTTGGTGC-1,0.000029,0.480374,0.519597
AAGGATCGATCGCTTG-1,0.22307,0.751895,0.025035
AAGGATGAGGGACCTC-1,0.005496,0.64286,0.351645
AAGGCAGGCTGTCTCC-1,0.731009,0.199251,0.06974
AAGGCGCGTAAAGCTT-1,0.01117,0.767711,0.221119
AAGGCTGTGCTCATCG-1,0.030573,0.794104,0.175323
AAGGGAACGACTGGCT-1,0.001768,0.590171,0.408061
AAGGGACAGATTCTGT-1,0.017626,0.825983,0.156392
AAGGGACTATGCATTC-1,0.022488,0.951573,0.025939
AAGGGTTTGATTTCAG-1,0.007577,0.962117,0.030306
AAGGTATCCTAATATA-1,0.097103,0.668654,0.234243
AAGGTGATAAACCAGC-1,0.134343,0.864233,0.001424
AAGTAAGCTTCCAAAC-1,0.034004,0.925107,0.040889
AAGTAGAAGACCGGGT-1,0.000029,0.697604,0.302368
AAGTAGTGACGCGAGG-1,0.008353,0.830951,0.160696
AAGTCAATTGTCGTCA-1,0.667376,0.332364,0.00026
AAGTCTTCTGTGGCCT-1,0.002273,0.988635,0.009092
AAGTGACGACCGAATT-1,0.011598,0.745818,0.242585
AAGTGAGTCGGGTTTA-1,0.010482,0.855309,0.134209
AAGTGCAAAGGTAGAC-1,0.06855,0.063058,0.868392
AAGTGCCTTGACTGTA-1,0.838478,0.161161,0.000361
AAGTGCGTTAGAATCT-1,0.00564,0.611475,0.382885
AAGTGCTTCTCTATTG-1,0.436256,0.548516,0.015228
AAGTGTTTGGAGACGG-1,0.026691,0.616043,0.357266
AAGTTCACTCCAAGCT-1,0.940743,0.058958,0.0003
AAGTTCAGTCTGCGTA-1,0.006814,0.526163,0.467023
AAGTTCGGCCAACAGG-1,0.021362,0.585208,0.393429
AAGTTGTGATGTTATA-1,0.712545,0.286932,0.000522
AAGTTTACTAATGGCA-1,0.000026,0.757737,0.242238
AAGTTTATGGGCCCAA-1,0.068018,0.648568,0.283414
AATAACAACGCTCGGC-1,0.000012,0.578198,0.421789
AATAACACTAGAACAA-1,0.099484,0.646779,0.253736
AATAAGTCCTCGAGAC-1,0.074861,0.66358,0.261558
AATAATCTTCGTATCG-1,0.851238,0.139741,0.009022
AATACAATGTTTCAGG-1,0.017255,0.828161,0.154584
AATACCGGAGGGCTGT-1,0.078816,0.704943,0.216241
AATACCTGATGTGAAC-1,0.443207,0.228859,0.327934
AATAGAACAGAGTGGC-1,0.006309,0.817307,0.176384
AATAGAATCTGTTTCA-1,0.085924,0.78687,0.127207
AATAGCAAGCCTCCTG-1,0.000035,0.925606,0.07436
AATAGCTACCGCGTGC-1,0.000034,0.705444,0.294522
AATAGGCACGACCCTT-1,0.065227,0.547561,0.387212
AATAGTCCGTCCCGAC-1,0.002377,0.812363,0.18526
AATAGTCGCGAGTCGG-1,0.065396,0.000247,0.934357
AATATCAAGGTCGGAT-1,0.000033,0.904809,0.095158
AATATCCTAGCAAACT-1,0.006061,0.036367,0.957572
AATATCGAATCAATGC-1,0.998522,0.000887,0.000591
AATATCGAGGGTTCTC-1,0.040877,0.786449,0.172673
AATATTGGAGTATTGA-1,0.000013,0.207999,0.791988
AATCAGACTGCAGGAC-1,0.000021,0.562908,0.437071
AATCAGGTTTCATTTA-1,0.097165,0.191577,0.711258
AATCATGTAAAGACTC-1,0.999412,0.000353,0.000235
AATCCAAGGGCCTGAG-1,0.000027,0.790893,0.20908
AATCCATGCAAGGGTG-1,0.019322,0.649619,0.331059
AATCCCGCTCAGAGCC-1,0.335683,0.105309,0.559008
AATCGAGGTCTCAAGG-1,0.356873,0.029273,0.613854
AATCGCCTCAGCGCCA-1,0.05363,0.474046,0.472324
AATCGCGCAGAGGACT-1,0.683938,0.257598,0.058464
AATCGGGACACTACGA-1,0.035127,0.755126,0.209747
AATCGTGAGCCGAGCA-1,0.00069,0.565991,0.433318
AATCTAGGTTTACTTG-1,0.0156,0.843718,0.140682
AATCTATGCCGGAGCC-1,0.011053,0.585138,0.40381
AATCTCTACTGTGGTT-1,0.008318,0.290897,0.700785
AATCTGCGTTGGGACG-1,0.02405,0.929126,0.046824
AATCTGGCTTTCTAGT-1,0.000024,0.511221,0.488755
AATCTGGGTAGACCCT-1,0.015956,0.788879,0.195165
AATGACAGCAATGTCT-1,0.024609,0.510338,0.465053
AATGACGTAGGATGTC-1,0.089376,0.442196,0.468427
AATGACTGTCAGCCGG-1,0.000024,0.728774,0.271202
AATGAGTTCGCATATG-1,0.006926,0.578869,0.414205
AATGATGATACGCTAT-1,0.070805,0.721258,0.207937
AATGATGCGACTCCTG-1,0.000024,0.845297,0.15468
AATGCAACCGGGTACC-1,0.04196,0.540356,0.417683
AATGCACCAAGCAATG-1,0.156586,0.654077,0.189337
AATGGTCCACCGTTCA-1,0.144025,0.155593,0.700382
AATGGTTCTCACAAGC-1,0.000022,0.671413,0.328564
AATGTATGGCACTGTA-1,0.039432,0.786079,0.174489
AATGTGCCCGAGGTGT-1,0.012386,0.543491,0.444124
AATGTGCTAATCTGAG-1,0.267985,0.611231,0.120784
AATGTTAAGACCCTGA-1,0.275047,0.52753,0.197423
AATTAAAGGTCGGCGT-1,0.000016,0.383184,0.6168
AATTAACGGATTTCCA-1,0.000012,0.665985,0.334002
AATTACGAGACCCATC-1,0.019525,0.01616,0.964314
AATTACTCGTACGCTC-1,0.079944,0.114277,0.80578
AATTAGCGCTGCAGCG-1,0.00061,0.967932,0.031459
AATTATACCCAGCAAG-1,0.534598,0.324836,0.140566
AATTCATAAGGGATCT-1,0.069702,0.734908,0.19539
AATTCATTGTCATGCA-1,0.000893,0.497149,0.501957
AATTCCAACTTGGTGA-1,0.280276,0.716547,0.003177
AATTCCAAGCATGTAC-1,0.092474,0.834664,0.072861
AATTCGATTCGAGGAT-1,0.179033,0.694714,0.126254
AATTCTAGAGTTAGGC-1,0.040224,0.804569,0.155207
AATTGAACGCTCTGGT-1,0.02103,0.572941,0.406029
AATTGCAGCAATCGAC-1,0.310227,0.121672,0.568102
AATTGCGTGGATTACA-1,0.025163,0.774927,0.19991
AATTTGGGACATAGTA-1,0.21301,0.686751,0.100239
AATTTGGTTCCAAAGA-1,0.000023,0.897892,0.102085
ACAAACCATGCGTCCT-1,0.042677,0.739497,0.217826
ACAAACCGACAAGGCG-1,0.056777,0.510202,0.433021
ACAAACTCCATCAGAG-1,0.086787,0.276468,0.636745
ACAAAGAAGGTAGGCC-1,0.000526,0.003153,0.996321
ACAAAGCATGACCTAG-1,0.718129,0.281637,0.000235
ACAAATCGCACCGAAT-1,0.036503,0.761322,0.202175
ACAAATGGTAGTGTTT-1,0.055917,0.939184,0.004899
ACAAATTCAGATCTGA-1,0.030459,0.698476,0.271065
ACAACAGCATGAGCTA-1,0.110386,0.485868,0.403746
ACAACGGTCCCTGCGA-1,0.001849,0.610542,0.38761
ACAAGCAGTGCCTAGC-1,0.008552,0.667808,0.32364
ACAAGCTATATGGAAG-1,0.003637,0.021821,0.974542
ACAAGGAAATCCGCCC-1,0.015398,0.681127,0.303475
ACAAGGACAAGAGGTT-1,0.00045,0.885387,0.114164
ACAAGGATGCTTTAGG-1,0.241855,0.757985,0.000161
ACAAGGCCTACCAGCC-1,0.000037,0.684605,0.315358
ACAAGGGCAGGCTCTG-1,0.072543,0.735443,0.192013
ACAAGTAATTGTAAGG-1,0.008152,0.733097,0.258751
ACAATAGTCGTACGTT-1,0.064126,0.550625,0.385249
ACAATCCATTTAAACC-1,0.001974,0.96451,0.033516
ACAATCGATCTTTATA-1,0.016776,0.793124,0.1901
ACAATGAATACGGAGA-1,0.000016,0.866493,0.133491
ACAATGATTCTTCTAC-1,0.000024,0.556274,0.443702
ACAATTGTGTCTCTTT-1,0.833205,0.166251,0.000544
ACAATTTAGGAGGCTC-1,0.074613,0.054389,0.870998
ACAATTTGAGCAGTGG-1,0.01696,0.260141,0.722898
ACAATTTGGCCATATT-1,0.996989,0.001806,0.001204
ACACAAAGACGGGTGG-1,0.062239,0.664783,0.272978
ACACAAATATTCCTAG-1,0.047434,0.741377,0.211189
ACACACCAGGACCAGT-1,0.107349,0.890158,0.002493
ACACACTTTCTACACG-1,0.037134,0.732194,0.230673
ACACATGATCAAATCT-1,0.027005,0.797086,0.175909
ACACATTGACGCAACA-1,0.106126,0.093518,0.800356
ACACATTTCCGTAGAC-1,0.106257,0.71828,0.175462
ACACCACATAATTAGC-1,0.323447,0.615713,0.06084
ACACCCAGCATGCAGC-1,0.021169,0.578874,0.399957
ACACCCGAGAAATCCG-1,0.026637,0.736743,0.23662
ACACCGAGCGCTCTTT-1,0.000196,0.001176,0.998628
ACACCGGTCTGACCGC-1,0.000038,0.807307,0.192655
ACACCTTAAGTAGGGC-1,0.000019,0.80715,0.192832
ACACCTTACTACTTGC-1,0.647511,0.352171,0.000318
ACACGAGACTCCTTCT-1,0.078231,0.380805,0.540964
ACACGGCACTATGCAT-1,0.081719,0.435034,0.483247
ACACGGGAACTTAGGG-1,0.002268,0.57888,0.418852
ACACGTAGGCCACAAG-1,0.648015,0.351626,0.00036
ACACTCCAATGTCACT-1,0.000015,0.344682,0.655303
ACACTGATCAAGGTGT-1,0.005247,0.738741,0.256012
ACACTGGGACAGTCGT-1,0.777447,0.22223,0.000323
ACAGAACTGAGAACAA-1,0.043344,0.533223,0.423433
ACAGATTAGGTTAGTG-1,0.01343,0.593538,0.393032
ACAGCATAGAGCCAGT-1,0.018364,0.534223,0.447413
ACAGCGACATTCTCAT-1,0.885291,0.109508,0.005201
ACAGCGCACCCGCAGC-1,0.046125,0.740793,0.213083
ACAGGAGGCGCAGCCG-1,0.001716,0.010293,0.987992
ACAGGCACGGATCCTT-1,0.489999,0.336964,0.173037
ACAGGCTTGCCCGACT-1,0.793141,0.206653,0.000207
ACAGGTGGAGGTGAGG-1,0.054477,0.58053,0.364992
ACAGGTGTGTTGTTGC-1,0.00433,0.025977,0.969693
ACAGTAATACAACTTG-1,0.035746,0.288504,0.67575
ACAGTATACCGTGGGA-1,0.016679,0.706022,0.277299
ACAGTGCAGCGCATTT-1,0.093321,0.605888,0.300791
ACATAAGTCGTGGTGA-1,0.006957,0.238067,0.754976
ACATAATAAGGCGGTG-1,0.101406,0.398077,0.500518
ACATCAGCTGGGACGC-1,0.051537,0.422318,0.526146
ACATCCCGGCCATACG-1,0.000019,0.927335,0.072646
ACATCCTGGTAACTGT-1,0.429423,0.484399,0.086177
ACATCGATCGTTTACC-1,0.001736,0.815695,0.182569
ACATCGCAATATTCGG-1,0.003001,0.502526,0.494472
ACATCGGTCAGCCGCG-1,0.021793,0.447977,0.530229
ACATCGTATGCAATGG-1,0.07037,0.755745,0.173885
ACATCGTTAACCTAGT-1,0.007102,0.705717,0.287181
ACATCTCAACGCGTAA-1,0.088586,0.683985,0.227429
ACATGCTTACGGCAGC-1,0.01535,0.907319,0.077331
ACATGGCGCCAAAGTA-1,0.277404,0.722398,0.000199
ACATGGCTCAATTTAG-1,0.051277,0.339332,0.609391
ACATTAGTTTATATCC-1,0.022396,0.807293,0.170311
ACATTCGCGCGGAATA-1,0.006569,0.714485,0.278946
ACATTTGAAACCTAAC-1,0.488513,0.297394,0.214094
ACCAAACACCCAGCGA-1,0.114713,0.735115,0.150172
ACCAAACTAGAAATCC-1,0.292504,0.538506,0.16899
ACCAACACCACACACT-1,0.007481,0.781734,0.210785
ACCAACCGCACTCCAC-1,0.622948,0.011963,0.365089
ACCAACGCTTATTTAT-1,0.02881,0.837154,0.134036
ACCAAGAACGCGTGTC-1,0.004188,0.7623,0.233512
ACCAAGTCATCGGCAG-1,0.443066,0.188242,0.368692
ACCAATATGCAAGTTA-1,0.058245,0.541968,0.399787
ACCACAACTCAGAACA-1,0.058181,0.873778,0.068041
ACCACAAGTTTCTATC-1,0.065681,0.587308,0.347011
ACCACACGGTTGATGG-1,0.151459,0.444286,0.404255
ACCACCAATGTAACAA-1,0.475423,0.057799,0.466778
ACCACGTGCAGCTATA-1,0.002295,0.806042,0.191663
ACCACTGTTCAAGAAG-1,0.043545,0.000273,0.956182
ACCAGACCATAACAAC-1,0.000466,0.002797,0.996736
ACCAGCCCGGTCTTTG-1,0.311064,0.678095,0.010841
ACCAGGAGTGTGATCT-1,0.000022,0.610231,0.389747
ACCAGTGCCCGGTCAA-1,0.000027,0.761754,0.238218
ACCAGTGCGGGAGACG-1,0.582373,0.417372,0.000255
ACCATATCCGCAATAA-1,0.023947,0.553138,0.422916
ACCATCCGCCAACTAG-1,0.021818,0.470565,0.507617
ACCATCGTATATGGTA-1,0.028599,0.620146,0.351254
ACCATTAAGGGTGTCA-1,0.000223,0.001337,0.99844
ACCCAACGCCCGTGGC-1,0.001629,0.165234,0.833136
ACCCACCTACATGCTC-1,0.000013,0.353504,0.646483
ACCCATCTTGAGGGTA-1,0.010312,0.953306,0.036382
ACCCATTTGTCCCTCT-1,0.947603,0.052103,0.000294
ACCCGAGCGAAATTAC-1,0.000012,0.840349,0.159639
ACCCGATTGGTTCCGA-1,0.143386,0.716525,0.140089
ACCCGGAAACTCCCAG-1,0.000017,0.92307,0.076914
ACCCGGATGACGCATC-1,0.084636,0.895898,0.019467
ACCCGGTTACACTTCC-1,0.013676,0.874194,0.11213
ACCCGTAGCAGAGAAT-1,0.000026,0.45151,0.548464
ACCCGTGTCATCAGTA-1,0.000346,0.798386,0.201269
ACCCTATAGGACTGAG-1,0.000026,0.76882,0.231154
ACCCTATGCCATATCG-1,0.053981,0.890749,0.055269
ACCCTCCCGTCAGGGC-1,0.698898,0.15048,0.150622
ACCCTCCCTTGCTATT-1,0.051861,0.850072,0.098066
ACCCTGGTAACGCCCT-1,0.000021,0.937026,0.062952
ACCCTTCATCTGCGAA-1,0.049401,0.40741,0.543189
ACCCTTGCCTGGGTCG-1,0.000024,0.999881,0.000095
ACCCTTTAGTTCTCCA-1,0.003634,0.944253,0.052113
ACCGAAAGGGCCCTGC-1,0.061062,0.678264,0.260674
ACCGAAGAGTCTGGTT-1,0.004883,0.321222,0.673895
ACCGACACATCTCCCA-1,0.000019,0.961482,0.038499
ACCGACTGAGTCCCAC-1,0.02009,0.763487,0.216423
ACCGAGTCTCCTTATT-1,0.001682,0.639746,0.358572
ACCGATAGGCATAACC-1,0.71152,0.211283,0.077196
ACCGATATTTAATCAT-1,0.800778,0.164978,0.034243
ACCGATGGTAGCATCG-1,0.05325,0.653372,0.293378
ACCGCAATAACTGCCT-1,0.020811,0.675573,0.303616
ACCGCGGTGGAAGTCG-1,0.999475,0.000315,0.00021
ACCGCTAGTCATTGGT-1,0.036074,0.828023,0.135904
ACCGGGCCTTTGTTGA-1,0.763562,0.136649,0.099789
ACCGGTCAGGTACACC-1,0.013726,0.906316,0.079958
ACCGGTCTGAGTACGG-1,0.04023,0.674831,0.284939
ACCGTCCACTGGGCCC-1,0.014905,0.239219,0.745876
ACCGTGACCACGTGGG-1,0.000012,0.650628,0.34936
ACCGTTCCCGCTCTGA-1,0.038231,0.909353,0.052416
ACCTAAGTACCTTTCA-1,0.178712,0.683303,0.137985
ACCTAATCGACTTCCT-1,0.00774,0.908956,0.083305
ACCTACAGTATGTGGT-1,0.769023,0.114644,0.116333
ACCTACTATAAATCTA-1,0.129836,0.656693,0.21347
ACCTCAGCGAGGCGCA-1,0.146493,0.000805,0.852702
ACCTCCGCCCTCGCTG-1,0.98095,0.018765,0.000285
ACCTCGAACTTATGCT-1,0.001231,0.711015,0.287754
ACCTGCGTGTCATGTT-1,0.019466,0.153348,0.827186
ACCTTTCCTTTAGAAG-1,0.174612,0.691374,0.134013
ACGAAATGGGCGGCAC-1,0.137269,0.111384,0.751347
ACGACTCTAGGGCCGA-1,0.508502,0.37566,0.115838
ACGACTGGTCATACTC-1,0.173724,0.49518,0.331096
ACGAGAACCCATCACG-1,0.000021,0.597493,0.402486
ACGAGATATTTGCTTA-1,0.022174,0.827463,0.150363
ACGAGGATACCACTCT-1,0.025339,0.658844,0.315816
ACGAGGTTTACAACGT-1,0.038149,0.847832,0.114018
ACGAGTACGGATGCCC-1,0.003227,0.614277,0.382496
ACGAGTCGCCGGCGTT-1,0.184261,0.19837,0.61737
ACGATACATAGAACTA-1,0.204242,0.538126,0.257632
ACGATACCTATCCTGA-1,0.002841,0.017048,0.980111
ACGATCATACATAGAG-1,0.047726,0.646232,0.306042
ACGATCATCTTGTAAA-1,0.106149,0.762158,0.131693
ACGATGCATATGTTAT-1,0.000024,0.694279,0.305697
ACGATGGATCCGATGC-1,0.081988,0.707529,0.210483
ACGCAAACTAATAGAT-1,0.015385,0.890647,0.093968
ACGCAATCACTACAGC-1,0.000039,0.771497,0.228463
ACGCATAAATGACATG-1,0.014664,0.344202,0.641133
ACGCATACGTTTACTA-1,0.82915,0.170387,0.000463
ACGCATTCGTGAGTAC-1,0.059752,0.454409,0.48584
ACGCCACTCGAAACAG-1,0.053119,0.397117,0.549764
ACGCCAGATGATTTCT-1,0.069224,0.773034,0.157742
ACGCCAGTGCGTTTGC-1,0.413928,0.337961,0.248111
ACGCCCAGCTGTCGAT-1,0.161252,0.81908,0.019668
ACGCCGCTAGACGACC-1,0.01253,0.633496,0.353974
ACGCCTGACACGCGCT-1,0.349285,0.636728,0.013988
ACGCGAAGTCAGACGA-1,0.000028,0.92167,0.078302
ACGCGCTACACAGGGT-1,0.004826,0.258249,0.736925
ACGCGGGCCAAGGACA-1,0.015076,0.538647,0.446277
ACGCGTTTCTTAAGAG-1,0.000406,0.002435,0.997159
ACGCTAGTGATACACT-1,0.000028,0.702953,0.297019
ACGCTGTGAGGCGTAG-1,0.003308,0.713651,0.283041
ACGCTTAGTGTCTCTC-1,0.039626,0.580785,0.379589
ACGGAACACGAGTGCC-1,0.3822,0.265158,0.352642
ACGGAATTTAGCAAAT-1,0.007162,0.775849,0.216989
ACGGACGCAGCGACAA-1,0.013832,0.777816,0.208352
ACGGACTCTCAAAGCG-1,0.752932,0.235123,0.011946
ACGGAGCGCAAATTAC-1,0.01878,0.877334,0.103886
ACGGATGGTGCGGATA-1,0.030898,0.273474,0.695628
ACGGCACTTGCTTGGG-1,0.000024,0.982504,0.017472
ACGGCCAACATGGACT-1,0.032582,0.77059,0.196828
ACGGCGACGATGGGAA-1,0.017597,0.572773,0.409631
ACGGCGGGTTGCCCTG-1,0.000031,0.882425,0.117544
ACGGCTGGATGTAGAA-1,0.009128,0.536069,0.454802
ACGGGAGTGTCGGCCC-1,0.05593,0.72901,0.215061
ACGGGCGTATGCGACA-1,0.026437,0.973469,0.000093
ACGGGTCATGTGACTT-1,0.02144,0.176085,0.802475
ACGGGTTGTGACCTGT-1,0.000013,0.192015,0.807973
ACGGTACAGTTCAATG-1,0.310593,0.153619,0.535788
ACGGTCACCGAGAACA-1,0.000015,0.023199,0.976786
ACGTACAGATTTCTCT-1,0.039356,0.803773,0.156871
ACGTACTTTGGCACGG-1,0.077106,0.870532,0.052362
ACGTAGATTGCTGATG-1,0.013257,0.814972,0.171772
ACGTAGGAGAGTCGCT-1,0.066531,0.690345,0.243123
ACGTATTACTCCGATC-1,0.173979,0.824691,0.00133
ACGTCCTAAACGAGAT-1,0.014551,0.402434,0.583015
ACGTCGGGCAACTCGG-1,0.07495,0.000709,0.924341
ACGTCTCGTTCCGGGA-1,0.00007,0.000418,0.999512
ACGTGACAAAGTAAGT-1,0.000362,0.002173,0.997464
ACGTGCGCCTCGTGCA-1,0.011768,0.635172,0.35306
ACGTGGTCGAATGTGC-1,0.044265,0.954923,0.000812
ACGTTAATGTCGAAGA-1,0.016868,0.819835,0.163297
ACGTTAGATTTGCCCG-1,0.331475,0.571076,0.097449
ACGTTATTGGTCACTC-1,0.017888,0.762516,0.219596
ACGTTCACTATGCCGC-1,0.066107,0.754162,0.179731
ACGTTCCGCGCTCCGT-1,0.002007,0.433572,0.564421
ACGTTCGTTCAGGAAA-1,0.015083,0.438979,0.545938
ACGTTCTGTACAAGTC-1,0.868281,0.131442,0.000277
ACGTTGTCGTTGAAAG-1,0.037584,0.57446,0.387955
ACGTTTAGTTGTGATC-1,0.000584,0.53448,0.464936
ACTAAGGACGCACACC-1,0.05142,0.872386,0.076194
ACTAATACGTCAGGCG-1,0.006876,0.375509,0.617615
ACTACAAAGAGAGGTG-1,0.063438,0.806515,0.130047
ACTACATCCCGACAAG-1,0.015106,0.75193,0.232964
ACTACCAGCTCTCTGG-1,0.002452,0.880838,0.11671
ACTACCATCCGAGGGC-1,0.071291,0.540898,0.38781
ACTACGCGTTAGAATT-1,0.01558,0.950954,0.033466
ACTAGTTGCGATCGTC-1,0.99868,0.000792,0.000528
ACTATATGCTGTGTTC-1,0.00003,0.752863,0.247106
ACTATCGCCGGCTAAA-1,0.00202,0.012123,0.985857
ACTATCTGCCCGCGTA-1,0.688903,0.000226,0.310871
ACTATGTCCAGCTGCC-1,0.000015,0.659611,0.340374
ACTATTCGTCCGTGGT-1,0.016811,0.484353,0.498835
ACTATTTCCGGGCCCA-1,0.000017,0.925264,0.074719
ACTCAACGAATGTATT-1,0.000021,0.607535,0.392444
ACTCAAGTGCAAGGCT-1,0.099015,0.900888,0.000097
ACTCAATAAAGGCACG-1,0.003628,0.48133,0.515042
ACTCAGACCTGCTTCT-1,0.01704,0.621596,0.361364
ACTCATGGCAGCCTTC-1,0.001787,0.59155,0.406663
ACTCCAATATCATCAT-1,0.016119,0.93433,0.049551
ACTCCCATTCCTAAAG-1,0.00304,0.502646,0.494314
ACTCCCGAATTCGTTT-1,0.046848,0.915947,0.037205
ACTCCCTAATGCTAAA-1,0.000019,0.979596,0.020385
ACTCCCTAGAATAGTA-1,0.019162,0.96647,0.014367
ACTCCGGCCGACCACT-1,0.80543,0.194431,0.000139
ACTCGATGTATTTCAT-1,0.024988,0.195226,0.779785
ACTCGCGATCTGACGC-1,0.999012,0.000593,0.000395
ACTCGTAACCCGTCCT-1,0.008745,0.412055,0.579201
ACTCGTCAGTAATCCC-1,0.030423,0.115923,0.853654
ACTCTAAACCTGGGAT-1,0.002218,0.277796,0.719986
ACTCTCTGACTTAGGT-1,0.017887,0.244938,0.737176
ACTCTCTTATACACGA-1,0.08064,0.535069,0.384291
ACTCTGACCTAATAGA-1,0.540328,0.459099,0.000573
ACTCTTCAGCTCCCGC-1,0.884532,0.115149,0.000319
ACTCTTGTATAGTAAC-1,0.067312,0.815279,0.117409
ACTGAAACGCCGTTAG-1,0.855184,0.109507,0.035309
ACTGAATGGCGAAAGT-1,0.023852,0.850082,0.126066
ACTGATTTAGTGATTC-1,0.059305,0.74898,0.191715
ACTGCCCGCCATTCTC-1,0.258254,0.732073,0.009673
ACTGCCGTCGTAACTC-1,0.012193,0.512649,0.475158
ACTGCGGACACACCGT-1,0.909845,0.055635,0.034521
ACTGCTCGGAAGGATG-1,0.004944,0.425027,0.570029
ACTGGCGAACCTGCGT-1,0.00417,0.860404,0.135426
ACTGGGATGCCAGTGC-1,0.053853,0.343129,0.603018
ACTGTACGATACACAT-1,0.038295,0.400925,0.56078
ACTGTAGCACTTTGGA-1,0.000029,0.891437,0.108534
ACTGTATACGCGAGCA-1,0.000031,0.809931,0.190038
ACTGTCCAGGATTATA-1,0.000198,0.601326,0.398476
ACTGTCTTCTTTAGAA-1,0.027584,0.791431,0.180985
ACTGTGCTAGTAGATC-1,0.000038,0.960923,0.039039
ACTGTTTAGTGTAGGC-1,0.062486,0.725693,0.211821
ACTTACCGGGCGCGCA-1,0.050019,0.385588,0.564394
ACTTACGCATCCACGC-1,0.390354,0.581803,0.027843
ACTTAGTACGACAAGA-1,0.174859,0.768768,0.056373
ACTTATACTTACCCGG-1,0.047977,0.61277,0.339253
ACTTATCTGATCTATA-1,0.223943,0.771813,0.004244
ACTTATTAGGATCGGT-1,0.152002,0.677141,0.170857
ACTTATTTATGTGCCA-1,0.202482,0.797394,0.000124
ACTTCAGGCTGATCCC-1,0.055859,0.746744,0.197397
ACTTCCAGTGGAAGCT-1,0.000218,0.001308,0.998474
ACTTCCATGCGGGACA-1,0.109567,0.890327,0.000106
ACTTCGCCATACGCAC-1,0.025514,0.429957,0.544529
ACTTCGCTAGCGAGTG-1,0.846993,0.152413,0.000593
ACTTGACTCCCTCTTT-1,0.001847,0.927459,0.070693
ACTTGCCATATTGTAC-1,0.018923,0.674332,0.306745
ACTTGCTCTATCTACC-1,0.000318,0.566225,0.433457
ACTTGGGACCCGGTGG-1,0.034371,0.79948,0.166149
ACTTGGGCTTTCGCCA-1,0.094026,0.000506,0.905468
ACTTGTAGTCCCTTCA-1,0.012379,0.314847,0.672774
ACTTGTGGATGGAACG-1,0.818458,0.180919,0.000623
ACTTGTTACCGGATCA-1,0.488681,0.466391,0.044928
ACTTTACCCTCATGAA-1,0.028546,0.891398,0.080056
ACTTTATACACCACTT-1,0.009075,0.536727,0.454197
ACTTTCCTATAGCTTC-1,0.190169,0.586201,0.223631
ACTTTGACTGCATCCT-1,0.00211,0.325247,0.672643
ACTTTGGTCGTGCTCC-1,0.019689,0.649389,0.330923
ACTTTGTCGACGCACT-1,0.733799,0.125705,0.140496
AGAAATTATGACTCGC-1,0.894252,0.105518,0.00023
AGAACACGGCGATGGT-1,0.000012,0.465115,0.534872
AGAACCCAGCGTGACA-1,0.99897,0.000618,0.000412
AGAACCCTCAATTGGG-1,0.069288,0.4744,0.456312
AGAACGTGGTACATTC-1,0.026037,0.854016,0.119947
AGAAGAGCGCCGTTCC-1,0.000874,0.335438,0.663688
AGAAGGTACACTTCAC-1,0.06571,0.64776,0.286531
AGAAGGTTGCCGAATT-1,0.000015,0.508742,0.491243
AGAAGGTTGTAGGTCG-1,0.114155,0.865765,0.02008
AGAAGTGATTCGTGAT-1,0.066055,0.827891,0.106054
AGAATAAATCTTCAGG-1,0.058013,0.480605,0.461382
AGAATACAGGCTATCC-1,0.326764,0.379278,0.293958
AGAATGCGGGTTCGGA-1,0.013328,0.748393,0.238278
AGAATTATGGATTCGA-1,0.008862,0.548843,0.442295
AGAATTGTTTGACATA-1,0.000012,0.370693,0.629295
AGACAGCTCAGAATCC-1,0.027145,0.489913,0.482941
AGACAGGCATCTCAGC-1,0.078765,0.000096,0.921139
AGACATAGATCCTTCC-1,0.002381,0.615952,0.381668
AGACCAAACCACACCT-1,0.00103,0.477833,0.521138
AGACCATGGGATACAA-1,0.005159,0.486557,0.508284
AGACCCACCGCTGATC-1,0.011601,0.915071,0.073329
AGACCCGCCCTCCTCG-1,0.015614,0.737443,0.246943
AGACCGCTCCGCGGTT-1,0.96389,0.033651,0.002459
AGACCGGGAAACCCTG-1,0.001504,0.366913,0.631584
AGACGAAGTGCCGGTC-1,0.929271,0.070176,0.000554
AGACGACGATGCCGCT-1,0.034373,0.651691,0.313936
AGACGGGATTGGTATA-1,0.069865,0.824578,0.105557
AGACGGGCCGATTTAA-1,0.003982,0.685674,0.310344
AGACTAGCCTTCCAGA-1,0.006877,0.462435,0.530687
AGACTGTTACCGGGTC-1,0.029129,0.902267,0.068604
AGAGAAACACCAGAAA-1,0.086346,0.887475,0.026179
AGAGAACCGTCTAGGA-1,0.005352,0.562341,0.432308
AGAGAAGGAGTACAAT-1,0.021583,0.705264,0.273152
AGAGATCTCTAAAGCG-1,0.008363,0.590776,0.400861
AGAGCAGTTATGAGAC-1,0.043942,0.731683,0.224375
AGAGCCGCCGAGATTT-1,0.727566,0.176279,0.096155
AGAGCGCTTGTAACGG-1,0.053622,0.927364,0.019014
AGAGCGGGCTAATCAT-1,0.000641,0.478436,0.520923
AGAGCGTACAAGCTCG-1,0.033518,0.821709,0.144773
AGAGCTACGAAAGCAT-1,0.00289,0.712942,0.284168
AGAGGCTTCGGAAACC-1,0.998402,0.000959,0.000639
AGAGGTATCTCGGTCC-1,0.058609,0.800837,0.140553
AGAGTAAACTTCACTA-1,0.998241,0.001055,0.000703
AGAGTTAGAGACCGAT-1,0.000027,0.605993,0.39398
AGAGTTGCAGGCCTCC-1,0.064756,0.894285,0.040958
AGATAACTTCAGGGCC-1,0.003705,0.623925,0.37237
AGATAATCACACCTAT-1,0.005197,0.662372,0.33243
AGATACCAATAGAACC-1,0.394149,0.04741,0.55844
AGATACCAGCACTTCA-1,0.03477,0.915828,0.049402
AGATACCGGTGTTCAC-1,0.000015,0.502242,0.497744
AGATACGACTTCATAT-1,0.000025,0.886155,0.113821
AGATACTCAAGATCGA-1,0.081353,0.819746,0.0989
AGATATAATACGACTA-1,0.105768,0.423328,0.470903
AGATCGTGCATAAGAT-1,0.029316,0.845215,0.125469
AGATCTCAGGTGTGAT-1,0.065966,0.300609,0.633425
AGATCTGGAGAGGATA-1,0.000019,0.69826,0.301721
AGATGACTCGCCCACG-1,0.00002,0.696634,0.303347
AGATGAGGGTTGCGAT-1,0.000023,0.627887,0.37209
AGATGATGGAGTCTGG-1,0.034802,0.312967,0.652231
AGATGCAAGACGTGCA-1,0.000009,0.449989,0.550002
AGATGCATCCTGTGTC-1,0.000043,0.000257,0.9997
AGATGCTATAACGAGC-1,0.06168,0.000153,0.938168
AGATTATAGGACGTTT-1,0.031961,0.190294,0.777745
AGATTCAAGCGGGTCG-1,0.000034,0.53035,0.469616
AGATTCACAACCGATA-1,0.030286,0.359571,0.610144
AGCAAAGGCCGCTAGT-1,0.186914,0.812965,0.000121
AGCAACATATCTTATT-1,0.112449,0.86749,0.02006
AGCAACCGAAAGTAAT-1,0.034995,0.811566,0.153439
AGCACACGTTTAGACT-1,0.117838,0.76365,0.118513
AGCACCAGTACTCACG-1,0.046978,0.452761,0.500261
AGCACTACCGGCCTGT-1,0.007067,0.227089,0.765844
AGCACTACCTCACCAG-1,0.024189,0.675163,0.300648
AGCACTTAAGGACGCC-1,0.000014,0.394488,0.605498
AGCAGAAGGAGAAAGA-1,0.524735,0.475029,0.000236
AGCAGCCAGATGAATA-1,0.000012,0.589453,0.410535
AGCAGTCGAAGCATGC-1,0.489506,0.484552,0.025942
AGCATATCAATATGCT-1,0.998347,0.000992,0.000661
AGCATCATTTCGAAAG-1,0.034375,0.480966,0.484659
AGCATCGTCGATAATT-1,0.01719,0.592841,0.389969
AGCATTACGAGGCAAG-1,0.679313,0.141501,0.179186
AGCCAAGCTTTGTGTC-1,0.006114,0.993802,0.000084
AGCCACAGGTTACCCG-1,0.273036,0.726811,0.000152
AGCCACTCCCGTGCTT-1,0.466677,0.031047,0.502276
AGCCATATAGTATGTG-1,0.353365,0.571999,0.074636
AGCCCATACATGTAAG-1,0.002723,0.729607,0.26767
AGCCCGCAACAAGCAG-1,0.017573,0.472776,0.50965
AGCCCGGCATTAGAGG-1,0.009032,0.932935,0.058032
AGCCCGGTAGCCTGTA-1,0.004806,0.451975,0.543219
AGCCCTAAGCGAAGTT-1,0.000016,0.607017,0.392966
AGCCCTCCCTGGTGGC-1,0.22002,0.693556,0.086424
AGCCCTGTCGCACCGT-1,0.999498,0.000301,0.000201
AGCCCTTCTAATCCGA-1,0.040374,0.63768,0.321946
AGCCCTTGGACATCCC-1,0.833921,0.165806,0.000272
AGCCGCAAATTCAAAT-1,0.002674,0.504528,0.492798
AGCCGCTTGATTAGCG-1,0.254618,0.009092,0.73629
AGCCGTGGCTAAATGT-1,0.032009,0.461839,0.506153
AGCCTAATACCCACGT-1,0.000262,0.183417,0.816321
AGCCTTAAAGCGGAAG-1,0.120238,0.629452,0.25031
AGCCTTGTCACTGATA-1,0.000523,0.265231,0.734247
AGCGACAGGAACGGTC-1,0.046226,0.593998,0.359776
AGCGACATCCCATTCA-1,0.001739,0.845357,0.152904
AGCGACCAACGATATT-1,0.078134,0.752115,0.169751
AGCGACTTTGAAGACA-1,0.210475,0.009301,0.780224
AGCGAGACGTGAAGGC-1,0.054802,0.7414,0.203798
AGCGATGCGCCTAATA-1,0.721606,0.192783,0.085612
AGCGCATAATGAATCG-1,0.000021,0.994884,0.005095
AGCGCGGGTGCCAATG-1,0.038435,0.680335,0.28123
AGCGCTAGAGCGATGT-1,0.832074,0.167665,0.000261
AGCGCTTATGGGCAAG-1,0.005582,0.496244,0.498174
AGCGGACACTTCGTAG-1,0.000014,0.791113,0.208873
AGCGGCGGTTAGCGGT-1,0.011425,0.840257,0.148318
AGCGGGAAGGGTCCAT-1,0.000413,0.682653,0.316934
AGCGGGTCTGACACTC-1,0.447469,0.552343,0.000188
AGCGGTTGAGATGTAC-1,0.079999,0.643302,0.276699
AGCGGTTGCCGCTCTG-1,0.015927,0.885175,0.098898
AGCGTACGAGAGCTAG-1,0.043286,0.691001,0.265714
AGCGTAGCGCTAGACC-1,0.019301,0.493264,0.487435
AGCGTCTGAACCCGCA-1,0.00003,0.879354,0.120616
AGCGTGGTATTCTACT-1,0.264989,0.699314,0.035697
AGCGTTCCGATTTAAA-1,0.068678,0.741532,0.189791
AGCTAACAAGCAATGT-1,0.009034,0.55151,0.439455
AGCTAAGCTCCGTCCG-1,0.085473,0.528582,0.385945
AGCTAAGTACGCAGGC-1,0.040994,0.935101,0.023904
AGCTACGAATGGTGGT-1,0.66483,0.089029,0.246141
AGCTAGAAGCAGAAGT-1,0.024254,0.539388,0.436358
AGCTATTTAATCCAAC-1,0.10667,0.346314,0.547015
AGCTCCATATATGTTC-1,0.999377,0.000374,0.000249
AGCTCCTTCGCACATC-1,0.415419,0.475145,0.109435
AGCTCGTTGATGGAAA-1,0.027304,0.972448,0.000248
AGCTCTAGACGTTCCA-1,0.016492,0.409199,0.574309
AGCTCTTCCCAGTGCA-1,0.070173,0.700269,0.229558
AGCTCTTTACTCAGTT-1,0.000024,0.830285,0.169692
AGCTGAAGTAAACCAA-1,0.041475,0.609868,0.348658
AGCTGCATTTGAGGTG-1,0.062871,0.628877,0.308252
AGCTGCTGTGCCGAAT-1,0.028984,0.644516,0.3265
AGCTGTAACCTCAATC-1,0.032521,0.720577,0.246902
AGCTTATAGAGACCTG-1,0.036664,0.704269,0.259067
AGCTTCAATACTTTGA-1,0.049325,0.851783,0.098891
AGCTTCTTCTCGAGCA-1,0.416538,0.119131,0.464332
AGCTTGATCAGGGTAG-1,0.045744,0.553847,0.400409
AGCTTGATCTTAACTT-1,0.027935,0.361184,0.61088
AGGAAAGCCTCTGATG-1,0.046736,0.133374,0.81989
AGGAAGCTGTCCGCCG-1,0.000023,0.995895,0.004082
AGGACAGTCGAATCCC-1,0.0896,0.850522,0.059878
AGGACATCGCACGTCG-1,0.000023,0.806524,0.193452
AGGACGACCCATTAGA-1,0.000023,0.830837,0.16914
AGGACGCTCGATGTTG-1,0.077442,0.597065,0.325494
AGGACTTATAGGAGAA-1,0.239094,0.114833,0.646073
AGGAGGCCTTCGCGCG-1,0.999028,0.000583,0.000389
AGGATAAAGTCGGGAT-1,0.015246,0.83397,0.150784
AGGATATAGGGATTTA-1,0.811098,0.155115,0.033787
AGGATATCCGACTGCA-1,0.536542,0.342747,0.120711
AGGATCACGCGATCTG-1,0.018478,0.834486,0.147036
AGGCAAAGAGGAATCA-1,0.002934,0.772199,0.224867
AGGCAATACGGAGGAC-1,0.024939,0.436376,0.538685
AGGCACGTGACTGTCC-1,0.809205,0.19045,0.000345
AGGCAGATGCGTAAAC-1,0.113103,0.326107,0.56079
AGGCAGGGAGCGTACT-1,0.004,0.959204,0.036797
AGGCATTGTCGTAGGG-1,0.694758,0.30429,0.000952
AGGCCACATTGGTTAC-1,0.999334,0.0004,0.000266
AGGCCACCCGTTATGA-1,0.009902,0.67986,0.310238
AGGCCCAGTGACTGGT-1,0.055856,0.633232,0.310911
AGGCCCATTGTACAGG-1,0.00002,0.736687,0.263293
AGGCCCTAGAACGCCA-1,0.011346,0.763942,0.224712
AGGCCTATCATACCAA-1,0.183601,0.557639,0.25876
AGGCCTGAGAATCTCG-1,0.305404,0.69446,0.000136
AGGCGATAACTGGCGT-1,0.617588,0.105763,0.276648
AGGCGGTTTGTCCCGC-1,0.046227,0.470417,0.483356
AGGCGTCTATGGACGG-1,0.013915,0.765559,0.220526
AGGCTATGGTTAGCTT-1,0.006318,0.644771,0.34891
AGGCTTAAGTTGCACA-1,0.000078,0.000471,0.999451
AGGCTTCCCGAAGAAG-1,0.02061,0.275236,0.704154
AGGCTTGCTAGACACC-1,0.000019,0.42052,0.579461
AGGGAAACGAGGTACT-1,0.041587,0.562532,0.395881
AGGGACAGCACGGCGG-1,0.008957,0.808207,0.182836
AGGGACTCTACGCGAC-1,0.000022,0.940183,0.059795
AGGGAGACATACTTCG-1,0.074303,0.772831,0.152867
AGGGCAGCGGCGTGGT-1,0.030239,0.531533,0.438228
AGGGCGAGCAGCTGAT-1,0.044387,0.638755,0.316858
AGGGCGTGATCGGCTA-1,0.000028,0.812191,0.187781
AGGGCTGCAGTTACAG-1,0.174309,0.704164,0.121527
AGGGTCAGAGCACTCG-1,0.192132,0.700421,0.107448
AGGGTCAGTAACCCTA-1,0.052136,0.925246,0.022619
AGGGTCGATGCGAACT-1,0.110308,0.847324,0.042368
AGGGTGCCGTTCTTTA-1,0.152429,0.717371,0.130201
AGGGTGCTCTCGAGGG-1,0.03322,0.616816,0.349964
AGGGTGGATAGTGCAT-1,0.070996,0.403953,0.525051
AGGGTTCAGACGGTCC-1,0.085913,0.891752,0.022334
AGGGTTCCCTTTGGTT-1,0.000023,0.635605,0.364373
AGGGTTTAGTTCGGGA-1,0.022818,0.477871,0.499311
AGGTAACCTCCTATTC-1,0.024883,0.462624,0.512493
AGGTACGATATTGCCA-1,0.071709,0.700363,0.227928
AGGTAGATCGAGATAT-1,0.050995,0.394389,0.554616
AGGTAGGTACAAAGCT-1,0.027346,0.937955,0.034699
AGGTATGCGGACATTA-1,0.595734,0.014616,0.389651
AGGTCAGGTGAGAGTG-1,0.035451,0.769532,0.195018
AGGTCGCCACTTCGGT-1,0.025476,0.430486,0.544038
AGGTCGCGGAGTTACT-1,0.000016,0.327286,0.672698
AGGTGCACGTCCACAT-1,0.435728,0.564134,0.000138
AGGTGGTGACCTTCGC-1,0.000018,0.944727,0.055256
AGGTGTATCGCCATGA-1,0.00002,0.432636,0.567344
AGGTGTTGCCGACCAC-1,0.16857,0.113602,0.717828
AGGTTACACCATGCCG-1,0.795134,0.183955,0.020911
AGGTTCTCCTTTCCGG-1,0.007494,0.382721,0.609785
AGGTTGAGGCACGCTT-1,0.044078,0.736369,0.219553
AGGTTTCACACACCTT-1,0.033517,0.71479,0.251692
AGTAACGTTCATCCTG-1,0.036054,0.426639,0.537307
AGTAATCTAAGGGTGG-1,0.326484,0.20303,0.470485
AGTAATGTCTTGCCGC-1,0.000021,0.665436,0.334543
AGTAATTTGCAAGCGT-1,0.026391,0.300578,0.673031
AGTACAGAAGCTTATA-1,0.008711,0.627934,0.363355
AGTACATCATTTATCA-1,0.011,0.980789,0.008211
AGTACCTTCGAGTGCT-1,0.065122,0.7038,0.231079
AGTACGGCCCGTATCG-1,0.04671,0.431415,0.521875
AGTACGGGCACCTGGC-1,0.096587,0.372498,0.530915
AGTACGTGGCCTGTCT-1,0.128166,0.562675,0.309158
AGTACTCTTATGCCCA-1,0.729019,0.270653,0.000328
AGTAGAAGGCGCCTCA-1,0.474662,0.020616,0.504723
AGTAGCGTGAACGAAC-1,0.097066,0.771161,0.131773
AGTAGCTAGACGCCGA-1,0.045894,0.750836,0.20327
AGTAGGAAGGAAGTTG-1,0.000015,0.378566,0.621419
AGTAGGTAACATACAT-1,0.00002,0.561794,0.438186
AGTATAATACTAGGCA-1,0.000025,0.75567,0.244304
AGTATACACAGCGACA-1,0.002002,0.938233,0.059765
AGTATCCATAATAACG-1,0.002911,0.868077,0.129011
AGTATGCTGGAGACCA-1,0.000013,0.694199,0.305788
AGTATTTGGCACGACC-1,0.004468,0.936619,0.058913
AGTCAAATGATGTGAT-1,0.139529,0.736657,0.123814
AGTCAACACCACCATC-1,0.000014,0.5792,0.420787
AGTCAAGATGACACTT-1,0.505305,0.487089,0.007606
AGTCACTAGCTCTCGA-1,0.846271,0.000293,0.153435
AGTCACTCCGCCTCAT-1,0.000039,0.924176,0.075786
AGTCAGCCACCGCCTG-1,0.027272,0.715055,0.257673
AGTCCAGCGGGTACGT-1,0.008348,0.524368,0.467284
AGTCCATTGGCTGATG-1,0.477397,0.49959,0.023012
AGTCCCGCCTTTAATT-1,0.017379,0.632206,0.350415
AGTCGAAACGATTCAG-1,0.06992,0.029348,0.900732
AGTCGACGGTCTCAAG-1,0.041948,0.624425,0.333627
AGTCGGCCCAAACGAC-1,0.001307,0.727207,0.271486
AGTCGGCTCAACTTTA-1,0.070176,0.819539,0.110285
AGTCGGTTGCGTGAGA-1,0.999046,0.000572,0.000382
AGTCGTATAAAGCAGA-1,0.030178,0.759933,0.209888
AGTCGTCGACCACCAA-1,0.876079,0.123704,0.000217
AGTCGTGGGCATTACG-1,0.118543,0.851744,0.029713
AGTCTAAAGTATACTC-1,0.034121,0.793552,0.172327
AGTCTCACAAGACTAC-1,0.017633,0.804705,0.177662
AGTCTGGACATCCTTG-1,0.000017,0.299315,0.700668
AGTCTTCTCCTCAAAT-1,0.013018,0.738949,0.248033
AGTCTTTAAAGTGTCC-1,0.021109,0.882441,0.09645
AGTGAACAAACTTCTC-1,0.624733,0.374994,0.000273
AGTGAAGATGGTGTCC-1,0.01111,0.865955,0.122935
AGTGACCTACTTTACG-1,0.02417,0.699994,0.275836
AGTGACTGTGACACAA-1,0.005424,0.267194,0.727382
AGTGAGACTTCCAGTA-1,0.010628,0.747343,0.24203
AGTGAGCCTCGCCGCC-1,0.005717,0.771023,0.22326
AGTGAGGGTTTCTGAC-1,0.002202,0.795174,0.202625
AGTGATAACCTGCGCG-1,0.65772,0.34213,0.00015
AGTGATATGAGTAGTT-1,0.025896,0.738919,0.235185
AGTGATTCAAGCAGGA-1,0.014468,0.878874,0.106658
AGTGCACGCTTAAGAA-1,0.953872,0.045734,0.000394
AGTGCGTAGCTCGTAA-1,0.003177,0.727579,0.269243
AGTGCTAAACACAGCA-1,0.356468,0.238884,0.404648
AGTGCTTGCACGAATA-1,0.104664,0.895189,0.000147
AGTGGCCCGCAAATGG-1,0.289648,0.315299,0.395053
AGTGGCGGCAATTTGA-1,0.000023,0.31442,0.685558
AGTGGCGTCTGAAGGT-1,0.149985,0.849871,0.000145
AGTGGCTCCGTCGGCC-1,0.003843,0.419191,0.576966
AGTGGGAGTATACACG-1,0.227646,0.312374,0.45998
AGTGGTGTTACCCGTG-1,0.020078,0.227964,0.751957
AGTGGTTGCGTATAGG-1,0.033345,0.000343,0.966312
AGTGTATTGCGCATTG-1,0.003213,0.469319,0.527468
AGTGTGCTAAGATCGC-1,0.047352,0.36772,0.584928
AGTGTGGTCTATTGTG-1,0.00682,0.630607,0.362573
AGTTAAACACTTGCGA-1,0.003565,0.58943,0.407004
AGTTAAGCGGTCCCGG-1,0.099439,0.731013,0.169548
AGTTAAGTCAACCGCT-1,0.092589,0.860364,0.047047
AGTTACCCTTAAGACT-1,0.13764,0.004543,0.857817
AGTTACCGCACATGGT-1,0.040379,0.682214,0.277407
AGTTACTCTATCGTGG-1,0.130654,0.650736,0.21861
AGTTATTCAGACTGTG-1,0.546352,0.193549,0.260099
AGTTATTGAAAGGTAA-1,0.03751,0.790341,0.172148
