Barcode,Topic 1,Topic 2,Topic 3to5,Topic 6,Topic 7to8
AAACAAGTATCTCCCA-1,0.002278,0.01484,0.644186,0.069402,0.269294
AAACACCAATAACTGC-1,0.000499,0.936389,0.001497,0.000499,0.061116
AAACAGAGCGACTCCT-1,0.019201,0.017228,0.426777,0.054716,0.482078
AAACAGCTTTCAGAAG-1,0.000103,0.262835,0.129527,0.13974,0.467795
AAACAGGGTCTATATT-1,0.000083,0.326704,0.191231,0.055265,0.426716
AAACATGGTGAGAGGA-1,0.132711,0.695263,0.017108,0.154714,0.000205
AAACATTTCCCGGATT-1,0.022045,0.004931,0.538238,0.067366,0.367419
AAACCCGAACGAAATC-1,0.000036,0.020602,0.609928,0.045759,0.323674
AAACCGGAAATGTTAA-1,0.151915,0.002487,0.103808,0.141176,0.600614
AAACCGGGTAGGTACC-1,0.389962,0.539326,0.070337,0.000125,0.000251
AAACCGTTCGTCCAGG-1,0.009659,0.088557,0.570384,0.198567,0.132833
AAACCTAAGCAGCCGG-1,0.029724,0.093983,0.540416,0.093636,0.242241
AAACCTCATGAAGTTG-1,0.28329,0.643602,0.000142,0.072871,0.000095
AAACGAAGATGGAGTA-1,0.000804,0.104738,0.709286,0.101183,0.08399
AAACGAGACGGTTGAT-1,0.05873,0.001012,0.468367,0.191598,0.280294
AAACGCTGGGCACGAC-1,0.080154,0.039894,0.661932,0.049704,0.168316
AAACGGGCGTACGGGT-1,0.000065,0.000065,0.257498,0.162196,0.580176
AAACGGTTGCGAACTG-1,0.000067,0.000067,0.423778,0.013606,0.562483
AAACGTGTTCGCCCTA-1,0.097014,0.084448,0.002353,0.0606,0.755585
AAACTAACGTGGCGAC-1,0.020559,0.043728,0.000212,0.023163,0.912339
AAACTCGGTTCGCAAT-1,0.000081,0.000081,0.37284,0.055942,0.571055
AAACTCGTGATATAAG-1,0.151645,0.066253,0.66653,0.029012,0.08656
AAACTGCTGGCTCCAA-1,0.000102,0.026552,0.070252,0.040567,0.862527
AAACTTAATTGCACGC-1,0.00014,0.792813,0.00042,0.078179,0.128448
AAACTTGCAAACGTAT-1,0.000098,0.775265,0.000295,0.000098,0.224244
AAAGAATGACCTTAGA-1,0.015677,0.412014,0.113633,0.166135,0.292542
AAAGAATGTGGACTAA-1,0.020472,0.028243,0.438829,0.100058,0.412398
AAAGACCCAAGTCGCG-1,0.000058,0.000058,0.017274,0.000058,0.982553
AAAGACTGGGCGCTTT-1,0.00005,0.019736,0.54808,0.000411,0.431723
AAAGCTTGCCTACATA-1,0.000074,0.086259,0.142514,0.000074,0.771078
AAAGGCCCTATAATAC-1,0.004884,0.178023,0.009188,0.052538,0.755367
AAAGGCTACGGACCAT-1,0.000056,0.000056,0.092754,0.085134,0.822001
AAAGGCTCTCGCGCCG-1,0.000101,0.051864,0.129066,0.072619,0.74635
AAAGGGATGTAGCAAG-1,0.000585,0.655248,0.172453,0.000585,0.171129
AAAGGGCAGCTTGAAT-1,0.000114,0.20732,0.000343,0.22439,0.567833
AAAGGTAAGCTGTACC-1,0.125766,0.258043,0.128765,0.000122,0.487304
AAAGTAGCATTGCTCA-1,0.000131,0.759607,0.000393,0.000131,0.239737
AAAGTCACTGATGTAA-1,0.000052,0.004849,0.498727,0.023229,0.473143
AAAGTCGACCCTCAGT-1,0.060326,0.939464,0.000105,0.000035,0.00007
AAAGTGCCATCAATTA-1,0.000029,0.000029,0.732519,0.006473,0.26095
AAAGTGTGATTTATCT-1,0.000083,0.038913,0.410485,0.302711,0.247808
AAAGTTGACTCCCGTA-1,0.058031,0.007898,0.169077,0.05117,0.713825
AAATAACCATACGGGA-1,0.321246,0.263083,0.000481,0.034581,0.380608
AAATAAGGTAGTGCCC-1,0.004546,0.071044,0.040377,0.002775,0.881258
AAATACCTATAAGCAT-1,0.016104,0.000136,0.12671,0.196373,0.660677
AAATAGCTTAGACTTT-1,0.070113,0.174446,0.398054,0.040929,0.316458
AAATAGGGTGCTATTG-1,0.000088,0.011866,0.25154,0.03098,0.705526
AAATCCGATACACGCC-1,0.000037,0.000037,0.774561,0.100854,0.124511
AAATCGCGGAAGGAGT-1,0.000099,0.188267,0.263434,0.192636,0.355563
AAATCGTGTACCACAA-1,0.00014,0.00014,0.000421,0.00014,0.999159
AAATCTAGCCCTGCTA-1,0.664037,0.3355,0.000232,0.000077,0.000154
AAATGATTCGATCAGC-1,0.000106,0.04444,0.000317,0.000106,0.955031
AAATGCTCGTTACGTT-1,0.039963,0.082935,0.121662,0.000093,0.755347
AAATGGCATGTCTTGT-1,0.000099,0.000099,0.000298,0.000099,0.999404
AAATGGCCCGTGCCCT-1,0.000038,0.115812,0.602283,0.073728,0.20814
AAATGGTCAATGTGCC-1,0.000118,0.040036,0.102177,0.059432,0.798237
AAATGTATCTTATCCC-1,0.212053,0.474213,0.311901,0.000611,0.001222
AAATTAACGGGTAGCT-1,0.042555,0.053945,0.120965,0.100827,0.681708
AAATTAATAAGCGCGA-1,0.434945,0.564506,0.000275,0.000092,0.000183
AAATTACACGACTCTG-1,0.003909,0.059345,0.780334,0.00004,0.156372
AAATTACCTATCGATG-1,0.000076,0.067296,0.194026,0.000076,0.738525
AAATTCCAGGTCCAAA-1,0.054251,0.218273,0.585532,0.046097,0.095847
AAATTGATAGTCCTTT-1,0.00022,0.87719,0.000659,0.00022,0.121712
AAATTGGTGAGAAGCA-1,0.174508,0.277323,0.037723,0.00007,0.510376
AAATTTGCGGGTGTGG-1,0.000225,0.998426,0.000674,0.000225,0.00045
AACAACTGGTAGTTGC-1,0.000098,0.046299,0.277627,0.020802,0.655175
AACAATACATTGTCGA-1,0.000324,0.826905,0.000971,0.171154,0.000647
AACAATTACTCTACGC-1,0.00012,0.048865,0.00036,0.001863,0.948792
AACACACGCTCGCCGC-1,0.00004,0.00004,0.732738,0.103079,0.164104
AACACGACTGTACTGA-1,0.044237,0.110639,0.188784,0.072247,0.584094
AACACGAGACGCGGCC-1,0.000066,0.926429,0.000197,0.000066,0.073243
AACAGCTGTGTGGCAA-1,0.000455,0.754046,0.16404,0.000455,0.081003
AACAGGAAATCGAATA-1,0.00432,0.047385,0.276136,0.000063,0.672096
AACAGGATGGGCCGCG-1,0.000133,0.194277,0.001173,0.099059,0.705358
AACAGGTAGTATGGAT-1,0.000076,0.016943,0.005836,0.051113,0.926032
AACATATCAACTGGTG-1,0.04841,0.003416,0.498494,0.202699,0.246981
AACATCGATACGTCTA-1,0.107494,0.891218,0.000644,0.000215,0.00043
AACATTGAAGTTGATC-1,0.000033,0.009104,0.983601,0.000033,0.007229
AACATTGTGACTCGAG-1,0.000064,0.000064,0.135012,0.263532,0.601328
AACCAAGACTTCTCTG-1,0.000053,0.035975,0.674426,0.000053,0.289492
AACCATAGGGTTGAAC-1,0.000114,0.702759,0.000341,0.182808,0.113978
AACCATGGGATCGCTA-1,0.135587,0.110611,0.163905,0.127964,0.461932
AACCCAGAGACGGAGA-1,0.071559,0.137402,0.187213,0.069147,0.53468
AACCCATCCCATGATC-1,0.000237,0.821043,0.178008,0.000237,0.000474
AACCCGACAACCCGTG-1,0.003587,0.013983,0.569431,0.213579,0.199418
AACCCGAGCAGAATCG-1,0.041637,0.048566,0.495262,0.142914,0.27162
AACCCTACTGTCAATA-1,0.000063,0.006799,0.31153,0.254419,0.427189
AACCCTGGTGGAACCA-1,0.000294,0.502935,0.06216,0.044859,0.389752
AACCGAGCTTGGTCAT-1,0.075795,0.240442,0.060077,0.000098,0.623588
AACCGCTAAGGGATGC-1,0.000065,0.047356,0.2569,0.062671,0.633008
AACCGTTGTGTTTGCT-1,0.065625,0.100433,0.007183,0.081632,0.745128
AACCTCGCTTTAGCCC-1,0.128661,0.376854,0.012725,0.476959,0.0048
AACCTGTCACGGAATT-1,0.019574,0.030707,0.729852,0.009839,0.210028
AACCTTTAAATACGGT-1,0.000052,0.000052,0.770388,0.000052,0.229456
AACCTTTACGACGTCT-1,0.000033,0.000033,0.891598,0.001944,0.106393
AACGAAAGTCGTCCCA-1,0.000224,0.414937,0.280658,0.000224,0.303957
AACGACCTCCTAGCCG-1,0.043407,0.047436,0.784023,0.018643,0.106492
AACGATAATGCCGTAG-1,0.000088,0.000088,0.144576,0.007577,0.847672
AACGATAGAAGGGCCG-1,0.055353,0.004679,0.481933,0.019285,0.438749
AACGATATGTCAACTG-1,0.003432,0.027941,0.549419,0.154411,0.264796
AACGCATGATCTGGGT-1,0.00006,0.00006,0.540617,0.004665,0.454598
AACGCGAACGGCAACA-1,0.60021,0.373965,0.025501,0.000108,0.000216
AACGCGACCTTGGGCG-1,0.000034,0.000034,0.896727,0.01438,0.088825
AACGCGGTCTCCAGCC-1,0.033768,0.193744,0.10106,0.087106,0.584321
AACGCTGTTGCTGAAA-1,0.020384,0.000077,0.242817,0.250788,0.485934
AACGGACGTACGTATA-1,0.018486,0.011507,0.746193,0.137178,0.086636
AACGGCCATCTCCGGT-1,0.033195,0.03053,0.527188,0.038183,0.370904
AACGTACTGTGGGTAC-1,0.025393,0.078165,0.052655,0.142859,0.700929
AACGTCAGACTAGTGG-1,0.08076,0.067067,0.015376,0.000324,0.836473
AACGTGATGAAGGACA-1,0.402776,0.399746,0.135583,0.061378,0.000516
AACGTGCGAAAGTCTC-1,0.20326,0.139816,0.139394,0.01966,0.49787
AACGTTATCAGCACCT-1,0.00124,0.054273,0.15068,0.072257,0.72155
AACTACCCGTTTGTCA-1,0.009663,0.008292,0.871452,0.012185,0.098409
AACTAGGCTTGGGTGT-1,0.071261,0.000112,0.083407,0.238751,0.606469
AACTCAAGTTAATTGC-1,0.000165,0.404053,0.305077,0.000165,0.290539
AACTCCAGAGCGTGTT-1,0.11583,0.045629,0.730136,0.053428,0.054978
AACTCCTAATCCCATG-1,0.034895,0.124441,0.003366,0.173685,0.663614
AACTCGATGGCGCAGT-1,0.009945,0.000064,0.377772,0.078637,0.533581
AACTCTCAATAGAGCG-1,0.005703,0.006511,0.425127,0.005502,0.557158
AACTCTCAGTGTGCTC-1,0.000096,0.172678,0.22344,0.020427,0.583359
AACTGAGGTCAGCGTC-1,0.000087,0.044713,0.000261,0.140675,0.814264
AACTGAGTTATACTGA-1,0.005647,0.025722,0.370791,0.124904,0.472936
AACTGATATTAGGCCT-1,0.000059,0.000059,0.55117,0.0115,0.437212
AACTGGGTCCCGACGT-1,0.00009,0.00009,0.011315,0.00009,0.988416
AACTGGTGTGGGCCTT-1,0.000229,0.140672,0.004392,0.000229,0.854477
AACTTCTGCGTCTATC-1,0.000074,0.001572,0.123269,0.000074,0.87501
AACTTGCCCGTATGCA-1,0.000066,0.000297,0.655326,0.000066,0.344246
AACTTGCGTTCTCGCG-1,0.505332,0.493997,0.000336,0.000112,0.000224
AACTTTACGGGAGCTT-1,0.353936,0.645483,0.00029,0.000097,0.000194
AACTTTCTCGATCATG-1,0.000081,0.000081,0.177737,0.000081,0.822018
AAGAAATCACCAGATT-1,0.000049,0.000049,0.022227,0.113102,0.864573
AAGAAGGATCAGTTAG-1,0.042449,0.000047,0.518809,0.04513,0.393565
AAGACATACGTGGTTT-1,0.076256,0.00004,0.401703,0.394443,0.127558
AAGACCAAATAACTCA-1,0.00012,0.543854,0.000361,0.019688,0.435978
AAGACCCAACTGAACA-1,0.000021,0.000021,0.893426,0.050447,0.056084
AAGACTGCAAGCTACT-1,0.000272,0.355626,0.097265,0.054409,0.492429
AAGAGATGAATCGGTA-1,0.000113,0.000113,0.000339,0.294602,0.704834
AAGAGCTCTTTATCGG-1,0.0001,0.036704,0.085002,0.500077,0.378118
AAGAGGATGTACGCGA-1,0.061186,0.055663,0.542373,0.001761,0.339017
AAGAGGCATGGATCGC-1,0.048131,0.010366,0.674719,0.009745,0.25704
AAGAGGCCCTTTGGAA-1,0.000038,0.000038,0.549712,0.030385,0.419826
AAGATGGCACCGGACC-1,0.000199,0.498928,0.158764,0.033279,0.308831
AAGATTGGCGGAACGT-1,0.000081,0.048007,0.191822,0.000081,0.760009
AAGCACCCTGCGTATC-1,0.116655,0.042454,0.265753,0.084377,0.490761
AAGCATACTCTCCTGA-1,0.000056,0.000056,0.594069,0.072466,0.333353
AAGCCGAAGCGGTTTA-1,0.000036,0.000036,0.954026,0.045564,0.000338
AAGCCGCCGTGAAATC-1,0.000157,0.998901,0.000471,0.000157,0.000314
AAGCCGCTTTACCTTG-1,0.000076,0.087267,0.000578,0.000076,0.912003
AAGCCGGAGAGCAGGA-1,0.000045,0.000045,0.12954,0.061003,0.809366
AAGCGCAGGGCTTTGA-1,0.036723,0.000128,0.124995,0.394804,0.443349
AAGCGGAGTGCGCGCA-1,0.754876,0.244557,0.000284,0.000095,0.000189
AAGCGGCGTCATGGGT-1,0.277731,0.720446,0.000912,0.000304,0.000608
AAGCGTCCCTCATCGA-1,0.214138,0.785283,0.000289,0.000096,0.000193
AAGCTAGATCGAGTAA-1,0.000065,0.000065,0.353975,0.030936,0.614958
AAGCTCGTGCCAAGTC-1,0.065592,0.270996,0.000543,0.216637,0.446232
AAGCTCTTTCATGGTG-1,0.000104,0.00655,0.241834,0.04067,0.710841
AAGGAGCGGTTGGTGC-1,0.000114,0.000114,0.208247,0.048637,0.742889
AAGGATCGATCGCTTG-1,0.000083,0.081238,0.008112,0.434113,0.476454
AAGGATGAGGGACCTC-1,0.000295,0.9335,0.000886,0.000295,0.065024
AAGGCAGGCTGTCTCC-1,0.000066,0.000066,0.362749,0.046217,0.590903
AAGGCGCGTAAAGCTT-1,0.087447,0.056853,0.059467,0.053426,0.742806
AAGGCTGTGCTCATCG-1,0.387512,0.547925,0.00072,0.00024,0.063604
AAGGGAACGACTGGCT-1,0.000203,0.875602,0.000608,0.000203,0.123385
AAGGGACAGATTCTGT-1,0.000083,0.11889,0.115062,0.106317,0.659648
AAGGGACTATGCATTC-1,0.052248,0.876836,0.069727,0.000396,0.000792
AAGGGTTTGATTTCAG-1,0.34544,0.247039,0.145304,0.142972,0.119245
AAGGTATCCTAATATA-1,0.0007,0.791941,0.002098,0.000699,0.204561
AAGGTGATAAACCAGC-1,0.053963,0.139463,0.21393,0.073106,0.519538
AAGTAGAAGACCGGGT-1,0.013153,0.008254,0.606776,0.002273,0.369543
AAGTAGTGACGCGAGG-1,0.119697,0.300028,0.000573,0.000191,0.579511
AAGTCAATTGTCGTCA-1,0.000067,0.076228,0.228885,0.147013,0.547808
AAGTCTAGTAGCTGCC-1,0.000066,0.022114,0.148275,0.000647,0.828898
AAGTCTTCTGTGGCCT-1,0.594195,0.294407,0.111097,0.0001,0.000201
AAGTGACGACCGAATT-1,0.000112,0.869049,0.000335,0.000112,0.130393
AAGTGAGTCGGGTTTA-1,0.000044,0.000044,0.748912,0.15251,0.09849
AAGTGCAAAGGTAGAC-1,0.118195,0.098807,0.182166,0.052328,0.548504
AAGTGCCTTGACTGTA-1,0.000068,0.000068,0.699792,0.00508,0.294993
AAGTGCGTTAGAATCT-1,0.000123,0.877757,0.000368,0.000123,0.12163
AAGTGCTTCTCTATTG-1,0.000023,0.000023,0.874744,0.000908,0.124302
AAGTGTTTGGAGACGG-1,0.006319,0.000066,0.342809,0.355147,0.295659
AAGTTCACTCCAAGCT-1,0.043245,0.000054,0.762313,0.128504,0.065883
AAGTTCAGTCTGCGTA-1,0.218691,0.78008,0.000615,0.000205,0.00041
AAGTTCGGCCAACAGG-1,0.017853,0.191488,0.053215,0.038931,0.698513
AAGTTGTGATGTTATA-1,0.00006,0.00417,0.489059,0.03233,0.474381
AAGTTTATGGGCCCAA-1,0.000077,0.008112,0.276764,0.028604,0.686442
AATAACAACGCTCGGC-1,0.000132,0.11999,0.211137,0.088775,0.579966
AATAACACTAGAACAA-1,0.000084,0.169377,0.36641,0.036431,0.427698
AATAATCTTCGTATCG-1,0.392522,0.221798,0.024672,0.083707,0.277301
AATACAATGTTTCAGG-1,0.010987,0.091194,0.407992,0.038286,0.45154
AATACCGGAGGGCTGT-1,0.000034,0.000034,0.5174,0.288397,0.194135
AATAGAACAGAGTGGC-1,0.070774,0.112963,0.557145,0.07666,0.182459
AATAGAATCTGTTTCA-1,0.024284,0.035428,0.445979,0.028127,0.466182
AATAGCAAGCCTCCTG-1,0.000223,0.29918,0.160853,0.000223,0.539521
AATAGCTACCGCGTGC-1,0.000079,0.045907,0.000236,0.000079,0.953699
AATAGTCCGTCCCGAC-1,0.065882,0.004226,0.637027,0.05541,0.237454
AATAGTCGCGAGTCGG-1,0.025715,0.039034,0.266871,0.015683,0.652698
AATATCAAGGTCGGAT-1,0.686534,0.312303,0.000582,0.000194,0.000388
AATATCCTAGCAAACT-1,0.370102,0.510015,0.119671,0.000071,0.000142
AATATCGAATCAATGC-1,0.00006,0.01317,0.653834,0.003139,0.329798
AATATCGAGGGTTCTC-1,0.166296,0.021539,0.020973,0.397719,0.393473
AATATTGGAGTATTGA-1,0.149924,0.156753,0.002572,0.389843,0.300908
AATCAGGTTTCATTTA-1,0.000051,0.000051,0.562102,0.10311,0.334685
AATCATGTAAAGACTC-1,0.000036,0.000036,0.722067,0.096249,0.181613
AATCCAAGGGCCTGAG-1,0.461627,0.221889,0.032553,0.031525,0.252407
AATCCATGCAAGGGTG-1,0.067423,0.002475,0.502028,0.091303,0.336771
AATCGCCTCAGCGCCA-1,0.139653,0.028461,0.051405,0.000119,0.780362
AATCGCGCAGAGGACT-1,0.000076,0.018077,0.428444,0.014005,0.539398
AATCGGGACACTACGA-1,0.561217,0.433775,0.002504,0.000835,0.001669
AATCGGTATAGCCCTC-1,0.071151,0.002848,0.176445,0.455623,0.293933
AATCGTGAGCCGAGCA-1,0.346445,0.052714,0.173884,0.169671,0.257286
AATCTAGGTTTACTTG-1,0.000104,0.213425,0.57448,0.023978,0.188013
AATCTATGCCGGAGCC-1,0.129211,0.166337,0.432675,0.094832,0.176945
AATCTCTACTGTGGTT-1,0.089202,0.773039,0.000275,0.137301,0.000183
AATCTGCGTTGGGACG-1,0.112687,0.886107,0.000603,0.000201,0.000402
AATCTGGCTTTCTAGT-1,0.000142,0.226873,0.700928,0.06387,0.008188
AATGACAGCAATGTCT-1,0.000124,0.87873,0.000373,0.000124,0.120649
AATGACGTAGGATGTC-1,0.491681,0.215074,0.124004,0.000127,0.169114
AATGACTGTCAGCCGG-1,0.000075,0.068695,0.257202,0.000075,0.673954
AATGAGTTCGCATATG-1,0.296522,0.670087,0.032793,0.000199,0.000398
AATGATGATACGCTAT-1,0.003866,0.013684,0.408461,0.012514,0.561475
AATGATGCGACTCCTG-1,0.374961,0.559743,0.000603,0.064291,0.000402
AATGCAACCGGGTACC-1,0.030129,0.112214,0.014328,0.000082,0.843247
AATGCACCAAGCAATG-1,0.000073,0.005177,0.399243,0.000073,0.595434
AATGGTCCACCGTTCA-1,0.000963,0.040103,0.588733,0.002645,0.367557
AATGGTTCTCACAAGC-1,0.101847,0.080078,0.022954,0.102383,0.692738
AATGTATGGCACTGTA-1,0.310206,0.381697,0.148785,0.139794,0.019518
AATGTGCCCGAGGTGT-1,0.000249,0.652422,0.000747,0.000249,0.346334
AATGTGCTAATCTGAG-1,0.001408,0.050197,0.894046,0.015403,0.038946
AATGTTGTCGTGAGAC-1,0.00004,0.00004,0.915227,0.00004,0.084654
AATTAAAGGTCGGCGT-1,0.000097,0.000097,0.167965,0.301602,0.530238
AATTAACGGATTTCCA-1,0.00004,0.00004,0.856904,0.055322,0.087693
AATTACGAGACCCATC-1,0.000114,0.341931,0.092655,0.218341,0.346958
AATTACTCGTACGCTC-1,0.058315,0.018557,0.106337,0.069365,0.747425
AATTAGCGCTGCAGCG-1,0.000036,0.000036,0.929243,0.000036,0.070648
AATTCATAAGGGATCT-1,0.000086,0.025482,0.394963,0.03085,0.548619
AATTCATTGTCATGCA-1,0.000296,0.74323,0.000293,0.215422,0.040759
AATTCCAAGCATGTAC-1,0.026877,0.097837,0.588537,0.00006,0.286689
AATTCGATTCGAGGAT-1,0.000229,0.152501,0.327874,0.126483,0.392913
AATTCTAGAGTTAGGC-1,0.000082,0.000082,0.464028,0.092732,0.443076
AATTGAACGCTCTGGT-1,0.01915,0.015154,0.511986,0.195187,0.258523
AATTGCAGCAATCGAC-1,0.011739,0.041131,0.650913,0.114988,0.181229
AATTGCGTGGATTACA-1,0.002913,0.000028,0.996976,0.000028,0.000055
AATTGTGGTTGCCAAA-1,0.058232,0.006857,0.601693,0.127424,0.205794
AATTTGGGACATAGTA-1,0.015444,0.089395,0.003026,0.447216,0.444919
AATTTGGTTCCAAAGA-1,0.000217,0.423559,0.000623,0.000208,0.575393
ACAAACCATGCGTCCT-1,0.07326,0.033659,0.695908,0.161155,0.036017
ACAAAGAAGGTAGGCC-1,0.037383,0.21239,0.345659,0.106233,0.298335
ACAAAGCATGACCTAG-1,0.009399,0.000032,0.60134,0.090642,0.298587
ACAAATCGCACCGAAT-1,0.000878,0.025619,0.163553,0.070098,0.739853
ACAAATGGTAGTGTTT-1,0.206962,0.791706,0.000666,0.000222,0.000444
ACAAATTCAGATCTGA-1,0.000208,0.434562,0.093233,0.035613,0.436385
ACAACAGCATGAGCTA-1,0.091146,0.907009,0.000923,0.000308,0.000615
ACAACGGTCCCTGCGA-1,0.130222,0.360278,0.073162,0.044135,0.392203
ACAAGCAGTGCCTAGC-1,0.015963,0.063013,0.099573,0.11497,0.706481
ACAAGCTATATGGAAG-1,0.274507,0.011297,0.673397,0.038964,0.001835
ACAAGGAAATCCGCCC-1,0.000072,0.000072,0.469856,0.000072,0.529928
ACAAGGACAAGAGGTT-1,0.009009,0.122252,0.644259,0.019265,0.205215
ACAAGGATGCTTTAGG-1,0.496314,0.08549,0.11429,0.054312,0.249594
ACAAGGGCAGGCTCTG-1,0.439366,0.286067,0.00634,0.052199,0.216028
ACAATAGTCGTACGTT-1,0.000091,0.876562,0.023972,0.000091,0.099284
ACAATCCATTTAAACC-1,0.000093,0.050939,0.004905,0.000093,0.943971
ACAATGAATACGGAGA-1,0.019108,0.731602,0.047814,0.00022,0.201255
ACAATGATTCTTCTAC-1,0.015341,0.069761,0.041431,0.127762,0.745705
ACAATTGTGTCTCTTT-1,0.002014,0.000071,0.353199,0.052051,0.592665
ACAATTTAGGAGGCTC-1,0.182144,0.667418,0.04607,0.000172,0.104196
ACAATTTGAGCAGTGG-1,0.138049,0.680808,0.000921,0.138382,0.041839
ACAATTTGGCCATATT-1,0.000048,0.052232,0.764987,0.000048,0.182685
ACACAAAGACGGGTGG-1,0.000089,0.026445,0.000266,0.000089,0.973112
ACACAAATATTCCTAG-1,0.57918,0.368644,0.050854,0.000061,0.001261
ACACACCAGGACCAGT-1,0.005696,0.033169,0.111006,0.209039,0.641089
ACACACTTTCTACACG-1,0.005882,0.069397,0.187413,0.081671,0.655637
ACACATGATCAAATCT-1,0.000273,0.845353,0.000819,0.000273,0.153283
ACACATTGACGCAACA-1,0.118424,0.001674,0.691644,0.027622,0.160635
ACACCACATAATTAGC-1,0.001835,0.021635,0.679745,0.094843,0.201941
ACACCCAGCATGCAGC-1,0.072432,0.166434,0.026679,0.00009,0.734365
ACACCCGAGAAATCCG-1,0.123912,0.874228,0.00093,0.00031,0.00062
ACACCGAGCGCTCTTT-1,0.043786,0.003675,0.499221,0.010958,0.442359
ACACCGGTCTGACCGC-1,0.000027,0.026051,0.414851,0.281725,0.277345
ACACCTTAAGTAGGGC-1,0.446833,0.301477,0.251333,0.000119,0.000238
ACACCTTACTACTTGC-1,0.048948,0.314092,0.116367,0.000108,0.520485
ACACGAGACTCCTTCT-1,0.000347,0.997571,0.001041,0.000347,0.000694
ACACGGCACTATGCAT-1,0.000288,0.29277,0.000864,0.008758,0.69732
ACACGGGAACTTAGGG-1,0.586104,0.355788,0.056266,0.000614,0.001228
ACACGTAGGCCACAAG-1,0.000045,0.000045,0.466942,0.043109,0.489859
ACACTCCAATGTCACT-1,0.000116,0.000043,0.52733,0.0065,0.466012
ACACTGATCAAGGTGT-1,0.13959,0.67412,0.10859,0.000137,0.077562
ACACTGGGACAGTCGT-1,0.000042,0.000042,0.50628,0.060774,0.432862
ACAGAACTGAGAACAA-1,0.000131,0.834298,0.000392,0.000131,0.165048
ACAGATTAGGTTAGTG-1,0.000257,0.66178,0.00077,0.203151,0.134042
ACAGCATAGAGCCAGT-1,0.217551,0.150705,0.000492,0.332768,0.298483
ACAGCGACATTCTCAT-1,0.027324,0.01995,0.679325,0.025102,0.248298
ACAGCGCACCCGCAGC-1,0.369092,0.629714,0.000597,0.000199,0.000398
ACAGGCACGGATCCTT-1,0.016441,0.000069,0.281176,0.105607,0.596707
ACAGGCTTGCCCGACT-1,0.020346,0.092507,0.297968,0.145712,0.443467
ACAGGTGGAGGTGAGG-1,0.000079,0.053198,0.134755,0.172178,0.63979
ACAGGTGTGTTGTTGC-1,0.019536,0.112828,0.803758,0.06372,0.000158
ACAGTAATACAACTTG-1,0.000062,0.297256,0.06807,0.252836,0.381776
ACAGTATACCGTGGGA-1,0.104035,0.8951,0.000432,0.000144,0.000288
ACATAAGTCGTGGTGA-1,0.016615,0.481825,0.228838,0.263983,0.008739
ACATAATAAGGCGGTG-1,0.030218,0.033089,0.35291,0.002255,0.581528
ACATCAGCTGGGACGC-1,0.153521,0.846001,0.000239,0.00008,0.000159
ACATCCCGGCCATACG-1,0.020591,0.000067,0.584083,0.032336,0.362923
ACATCCTGGTAACTGT-1,0.0001,0.0001,0.106359,0.0001,0.893341
ACATCGATCGTTTACC-1,0.000139,0.000139,0.246091,0.000139,0.753491
ACATCGGTCAGCCGCG-1,0.000083,0.072395,0.302741,0.000083,0.624698
ACATCGTATGCAATGG-1,0.000084,0.086095,0.302071,0.145003,0.466747
ACATCGTTAACCTAGT-1,0.000102,0.004732,0.000306,0.000102,0.994758
ACATGGCGCCAAAGTA-1,0.000091,0.155137,0.096172,0.004361,0.744238
ACATGGCTCAATTTAG-1,0.136497,0.0401,0.236692,0.006285,0.580426
ACATTAGTTTATATCC-1,0.000095,0.000095,0.313961,0.060398,0.625451
ACCAAACACCCAGCGA-1,0.191816,0.479135,0.000533,0.005622,0.322893
ACCAACACCACACACT-1,0.008283,0.109019,0.269276,0.164605,0.448818
ACCAACCGCACTCCAC-1,0.025038,0.075371,0.399811,0.187436,0.312344
ACCAACGCTTATTTAT-1,0.108374,0.74701,0.000742,0.000247,0.143626
ACCAAGAACGCGTGTC-1,0.688439,0.30983,0.000865,0.000289,0.000577
ACCAAGTCATCGGCAG-1,0.063296,0.045979,0.659431,0.163334,0.067961
ACCAATATGCAAGTTA-1,0.000086,0.000086,0.069024,0.101514,0.82929
ACCACAAGTTTCTATC-1,0.526865,0.284189,0.002511,0.004005,0.18243
ACCACCAATGTAACAA-1,0.000063,0.094849,0.111376,0.04134,0.752372
ACCACCCTCTCTTCTA-1,0.00008,0.020681,0.021882,0.101147,0.856211
ACCACGTGCAGCTATA-1,0.03969,0.000079,0.371214,0.211445,0.377571
ACCACTGTTCAAGAAG-1,0.128933,0.002437,0.246883,0.100592,0.521155
ACCAGACCATAACAAC-1,0.07354,0.144557,0.473954,0.046057,0.261893
ACCAGTGCCCGGTCAA-1,0.109939,0.887832,0.001115,0.000372,0.000743
ACCAGTGCGGGAGACG-1,0.012998,0.004041,0.277071,0.167541,0.538348
ACCATATCCGCAATAA-1,0.000035,0.000035,0.999824,0.000035,0.00007
ACCATCCGCCAACTAG-1,0.004751,0.197017,0.092228,0.374832,0.331171
ACCATCGTATATGGTA-1,0.234869,0.085161,0.66302,0.000069,0.016881
ACCATTAAGGGTGTCA-1,0.000041,0.000041,0.383621,0.063727,0.552571
ACCCAACGCCCGTGGC-1,0.263653,0.260994,0.011535,0.077323,0.386494
ACCCACCTACATGCTC-1,0.000086,0.013641,0.139774,0.000086,0.846412
ACCCATCTTGAGGGTA-1,0.013665,0.258975,0.132353,0.000137,0.59487
ACCCATTTGTCCCTCT-1,0.062177,0.020352,0.470219,0.29928,0.147972
ACCCGAGCGAAATTAC-1,0.014835,0.174496,0.136761,0.233964,0.439944
ACCCGATTGGTTCCGA-1,0.000033,0.000033,0.732478,0.000033,0.267423
ACCCGGAAACTCCCAG-1,0.000057,0.000057,0.843879,0.04162,0.114386
ACCCGGAGCACCACAA-1,0.027864,0.14671,0.144233,0.234701,0.446493
ACCCGGATGACGCATC-1,0.035875,0.005968,0.841253,0.007535,0.109369
ACCCGGTTACACTTCC-1,0.019491,0.04855,0.000456,0.000152,0.931351
ACCCGTAGTCTAGTTG-1,0.010389,0.001147,0.530614,0.229122,0.228727
ACCCGTGTCATCAGTA-1,0.000057,0.000042,0.882175,0.006659,0.111066
ACCCTATAGGACTGAG-1,0.690134,0.30892,0.000473,0.000158,0.000315
ACCCTATGCCATATCG-1,0.000148,0.171782,0.302723,0.000148,0.5252
ACCCTCCCGTCAGGGC-1,0.000038,0.000038,0.758493,0.140549,0.100881
ACCCTCCCTTGCTATT-1,0.30254,0.501295,0.000446,0.105543,0.090176
ACCCTGGTAACGCCCT-1,0.021633,0.152932,0.09934,0.000105,0.725991
ACCCTTCATCTGCGAA-1,0.003104,0.007972,0.194175,0.154663,0.640087
ACCCTTGCCTGGGTCG-1,0.001766,0.010686,0.725542,0.006459,0.255547
ACCGAAAGGGCCCTGC-1,0.45534,0.542537,0.001061,0.000354,0.000708
ACCGAAGAGTCTGGTT-1,0.000229,0.6242,0.150029,0.100924,0.124618
ACCGACACATCTCCCA-1,0.000027,0.000027,0.952711,0.000883,0.046353
ACCGACTGAGTCCCAC-1,0.342793,0.656237,0.000485,0.000162,0.000324
ACCGAGTCTCCTTATT-1,0.268476,0.00842,0.000347,0.15939,0.563367
ACCGATAGGCATAACC-1,0.00003,0.024635,0.628501,0.01637,0.330464
ACCGATATTTAATCAT-1,0.000071,0.051707,0.243327,0.015299,0.689596
ACCGATGGTAGCATCG-1,0.000095,0.092259,0.184708,0.000095,0.722843
ACCGCAATAACTGCCT-1,0.000076,0.000076,0.250998,0.033482,0.715369
ACCGCGGTGGAAGTCG-1,0.008081,0.006776,0.344947,0.097458,0.542738
ACCGGGCCTTTGTTGA-1,0.197483,0.269262,0.170812,0.009265,0.353177
ACCGGTCAGGTACACC-1,0.000469,0.718826,0.001407,0.000469,0.278829
ACCGTCCACTGGGCCC-1,0.065401,0.791672,0.11876,0.023153,0.001014
ACCGTGACCACGTGGG-1,0.208485,0.741385,0.037797,0.000244,0.012089
ACCTAAGTACCTTTCA-1,0.000124,0.942869,0.000371,0.000124,0.056513
ACCTAATCGACTTCCT-1,0.099805,0.315203,0.41678,0.016195,0.152018
ACCTACAGTATGTGGT-1,0.052251,0.07653,0.266449,0.088983,0.515787
ACCTACTATAAATCTA-1,0.083103,0.000075,0.146277,0.068123,0.702423
ACCTCCGCCCTCGCTG-1,0.000076,0.013511,0.352898,0.013454,0.620061
ACCTCCGTTATTCACC-1,0.005985,0.200568,0.11338,0.006582,0.673485
ACCTCGAACTTATGCT-1,0.021364,0.666445,0.025604,0.167411,0.119175
ACCTGCGTGTCATGTT-1,0.000088,0.955252,0.000264,0.000088,0.044308
ACGAAATGGGCGGCAC-1,0.000081,0.056333,0.209332,0.000081,0.734174
ACGACCCATGAGTTGC-1,0.067945,0.021082,0.45278,0.073742,0.384451
ACGACTCTAGGGCCGA-1,0.082103,0.005454,0.708818,0.059999,0.143626
ACGACTGGTCATACTC-1,0.000062,0.078118,0.236816,0.131023,0.553981
ACGAGAACCCATCACG-1,0.024069,0.132952,0.481845,0.063396,0.297738
ACGAGATATTTGCTTA-1,0.43423,0.563179,0.001295,0.000432,0.000864
ACGAGGATACCACTCT-1,0.000047,0.156749,0.606067,0.140328,0.096809
ACGAGGTTTACAACGT-1,0.000339,0.701512,0.153391,0.144079,0.000679
ACGAGTACGGATGCCC-1,0.007199,0.000069,0.699268,0.070503,0.222961
ACGATACATAGAACTA-1,0.000401,0.496773,0.001204,0.500819,0.000803
ACGATACCTATCCTGA-1,0.31552,0.095561,0.498553,0.058277,0.032089
ACGATCATACATAGAG-1,0.058479,0.47698,0.463587,0.000318,0.000636
ACGATCATCTTGTAAA-1,0.308703,0.33094,0.017741,0.000107,0.342509
ACGATGCATATGTTAT-1,0.176491,0.002521,0.710459,0.001442,0.109088
ACGATGGATCCGATGC-1,0.000076,0.044289,0.085702,0.168124,0.701809
ACGCAAACTAATAGAT-1,0.003298,0.012141,0.211569,0.007384,0.765607
ACGCAATCACTACAGC-1,0.000082,0.082445,0.189308,0.155336,0.572829
ACGCATACGTTTACTA-1,0.012485,0.001045,0.310709,0.191116,0.484645
ACGCATTCGTGAGTAC-1,0.000446,0.457783,0.244438,0.000446,0.296887
ACGCCAGATGATTTCT-1,0.000093,0.000093,0.076204,0.228573,0.695038
ACGCCAGTGCGTTTGC-1,0.010212,0.000035,0.619793,0.367837,0.002124
ACGCCGCTAGACGACC-1,0.001361,0.066755,0.007974,0.001479,0.922431
ACGCGAAGTCAGACGA-1,0.000105,0.013942,0.159016,0.016333,0.810605
ACGCGCTACACAGGGT-1,0.000115,0.102515,0.000344,0.005372,0.891653
ACGCGGGCCAAGGACA-1,0.124724,0.377089,0.265984,0.050164,0.182039
ACGCGTTTCTTAAGAG-1,0.067397,0.089357,0.485246,0.010896,0.347103
ACGCTAGTGATACACT-1,0.250297,0.048003,0.193165,0.042838,0.465697
ACGCTGTGAGGCGTAG-1,0.000091,0.998518,0.000274,0.000091,0.001026
ACGGAATTTAGCAAAT-1,0.186399,0.006472,0.285095,0.054477,0.467557
ACGGACTCTCAAAGCG-1,0.059777,0.000026,0.94012,0.000026,0.000052
ACGGAGCGCAAATTAC-1,0.000074,0.016167,0.032097,0.029438,0.922224
ACGGATGGTGCGGATA-1,0.000088,0.000088,0.192559,0.159456,0.647808
ACGGCACTTGCTTGGG-1,0.000085,0.000085,0.517904,0.004185,0.477741
ACGGCCAACATGGACT-1,0.00008,0.00008,0.002386,0.031663,0.965792
ACGGCGACGATGGGAA-1,0.000065,0.008407,0.401532,0.011154,0.578842
ACGGCTGGATGTAGAA-1,0.003727,0.196864,0.24889,0.308345,0.242174
ACGGGAGTGTCGGCCC-1,0.000062,0.945479,0.000186,0.000062,0.054212
ACGGGCGTATGCGACA-1,0.000051,0.006881,0.686623,0.002361,0.304084
ACGGGTCATGTGACTT-1,0.140385,0.021915,0.13221,0.029858,0.675631
ACGGTACAGTTCAATG-1,0.000045,0.001246,0.57231,0.11916,0.307239
ACGTACAGATTTCTCT-1,0.000269,0.239196,0.000808,0.29362,0.466107
ACGTACTTTGGCACGG-1,0.000607,0.000051,0.422608,0.155792,0.420942
ACGTAGATTGCTGATG-1,0.254755,0.743667,0.000789,0.000263,0.000526
ACGTAGGAGAGTCGCT-1,0.84424,0.155184,0.000288,0.000096,0.000192
ACGTATTACTCCGATC-1,0.000093,0.006525,0.275143,0.137708,0.580532
ACGTCGGGCAACTCGG-1,0.030305,0.700474,0.026448,0.09755,0.145223
ACGTCTCGTTCCGGGA-1,0.147155,0.852419,0.000213,0.000071,0.000142
ACGTGACAAAGTAAGT-1,0.000086,0.566998,0.003029,0.000279,0.429609
ACGTGCGCCTCGTGCA-1,0.000074,0.000074,0.349986,0.085946,0.56392
ACGTTAATGTCGAAGA-1,0.108982,0.536976,0.000453,0.175774,0.177816
ACGTTAGATTTGCCCG-1,0.016906,0.129185,0.017094,0.00011,0.836705
ACGTTATTGGTCACTC-1,0.375405,0.072495,0.000333,0.000111,0.551656
ACGTTCCGCGCTCCGT-1,0.498867,0.339373,0.00154,0.000513,0.159707
ACGTTCGCAATCAATT-1,0.000072,0.026158,0.469672,0.002856,0.501243
ACGTTCGTTCAGGAAA-1,0.005957,0.067996,0.713557,0.067338,0.145153
ACGTTCTGTACAAGTC-1,0.146646,0.063485,0.386001,0.252095,0.151773
ACGTTTAGTTGTGATC-1,0.076426,0.001171,0.176316,0.106926,0.63916
ACTAAGGACGCACACC-1,0.060572,0.071642,0.67517,0.000029,0.192588
ACTAATACGTCAGGCG-1,0.017988,0.978732,0.00164,0.000547,0.001093
ACTACAAAGAGAGGTG-1,0.037026,0.004702,0.231828,0.351122,0.375321
ACTACATCCCGACAAG-1,0.010142,0.2989,0.242897,0.115674,0.332387
ACTACCAGCTCTCTGG-1,0.079604,0.12401,0.040898,0.041678,0.713811
ACTACGCGTTAGAATT-1,0.000074,0.000562,0.24663,0.233119,0.519614
ACTAGTTGCGATCGTC-1,0.000053,0.000053,0.683943,0.035256,0.280694
ACTATATGCTGTGTTC-1,0.16589,0.832589,0.00076,0.000253,0.000507
ACTATCCAGGGCATGG-1,0.000079,0.145792,0.025968,0.00935,0.818811
ACTATCGCCGGCTAAA-1,0.042049,0.000015,0.786579,0.055068,0.116289
ACTATCTGCCCGCGTA-1,0.488454,0.511017,0.000264,0.000088,0.000176
ACTATGTCCAGCTGCC-1,0.056103,0.885474,0.000546,0.000182,0.057695
ACTATTCGTCCGTGGT-1,0.004683,0.012633,0.330429,0.153177,0.499078
ACTATTTCCGGGCCCA-1,0.033798,0.1061,0.502551,0.086553,0.270998
ACTCAACGAATGTATT-1,0.02941,0.125024,0.508737,0.00013,0.336698
ACTCAAGTGCAAGGCT-1,0.124907,0.034783,0.735037,0.002948,0.102326
ACTCAATAAAGGCACG-1,0.031689,0.094223,0.711371,0.021983,0.140734
ACTCAGACCTGCTTCT-1,0.000118,0.290562,0.214138,0.019759,0.475422
ACTCATGGCAGCCTTC-1,0.000061,0.09895,0.738975,0.027052,0.134961
ACTCCAATATCATCAT-1,0.000513,0.343157,0.361889,0.292622,0.001818
ACTCCCATTCCTAAAG-1,0.000066,0.739096,0.000197,0.000066,0.260576
ACTCCCGAATTCGTTT-1,0.014466,0.083082,0.000269,0.4025,0.499684
ACTCCCGTAGACTAGG-1,0.018984,0.035127,0.107363,0.017534,0.820992
ACTCCCTAATGCTAAA-1,0.007343,0.042481,0.335567,0.103437,0.511172
ACTCCCTAGAATAGTA-1,0.000111,0.00126,0.387698,0.088295,0.522636
ACTCCGGCCGACCACT-1,0.000024,0.000024,0.988381,0.001326,0.010244
ACTCGATGTATTTCAT-1,0.000129,0.082285,0.02185,0.019849,0.875888
ACTCGCCGTTCGATAA-1,0.00902,0.049582,0.33382,0.124995,0.482583
ACTCGCGATCTGACGC-1,0.012096,0.008798,0.396701,0.32788,0.254525
ACTCGTAACCCGTCCT-1,0.01191,0.966802,0.000277,0.000092,0.020919
ACTCGTCAGTAATCCC-1,0.000068,0.045649,0.710372,0.020992,0.222919
ACTCTAAACCTGGGAT-1,0.470478,0.181331,0.347762,0.000143,0.000286
ACTCTCTGACTTAGGT-1,0.319459,0.137255,0.343532,0.003834,0.195921
ACTCTCTTATACACGA-1,0.030532,0.142448,0.284409,0.056869,0.485741
ACTCTGACCTAATAGA-1,0.000723,0.000055,0.252399,0.149196,0.597627
ACTCTTCAGCTCCCGC-1,0.432841,0.136703,0.030007,0.088301,0.312147
ACTCTTGTATAGTAAC-1,0.000375,0.934076,0.001125,0.000375,0.064049
ACTGAAACGCCGTTAG-1,0.012716,0.047159,0.733405,0.012398,0.194322
ACTGAATGGCGAAAGT-1,0.552814,0.298863,0.000416,0.000139,0.147768
ACTGCCCGCCATTCTC-1,0.05738,0.046734,0.838251,0.011721,0.045915
ACTGCCGTCGTAACTC-1,0.000079,0.000079,0.007026,0.000079,0.992737
ACTGCGGACACACCGT-1,0.130413,0.062523,0.17238,0.146647,0.488037
ACTGCTCGGAAGGATG-1,0.000163,0.622554,0.000488,0.000163,0.376633
ACTGGCGAACCTGCGT-1,0.000052,0.017381,0.177835,0.017248,0.787484
ACTGTACGATACACAT-1,0.000083,0.027534,0.113049,0.100217,0.759116
ACTGTAGCACTTTGGA-1,0.000118,0.074351,0.020922,0.000118,0.90449
ACTGTATACGCGAGCA-1,0.035536,0.052722,0.264745,0.014099,0.632898
ACTGTCCAGGATTATA-1,0.000059,0.021185,0.912996,0.002773,0.062987
ACTGTCTTCTTTAGAA-1,0.025404,0.031748,0.537156,0.00008,0.405612
ACTGTGCTAGTAGATC-1,0.031161,0.024329,0.367366,0.032193,0.544951
ACTTACCGGGCGCGCA-1,0.162346,0.065636,0.046597,0.009987,0.715434
ACTTACGCATCCACGC-1,0.000067,0.000067,0.573012,0.068175,0.358678
ACTTAGTACGACAAGA-1,0.074151,0.086473,0.2704,0.031254,0.537721
ACTTATACTTACCCGG-1,0.077088,0.078073,0.139888,0.021838,0.683113
ACTTATTAGGATCGGT-1,0.000079,0.000052,0.733506,0.26626,0.000103
ACTTATTTATGTGCCA-1,0.169728,0.083139,0.052736,0.264834,0.429563
ACTTCAGGCTGATCCC-1,0.000078,0.000078,0.344537,0.162034,0.493274
ACTTCCAGTGGAAGCT-1,0.001728,0.06673,0.571537,0.136786,0.223219
ACTTCCATGCGGGACA-1,0.183316,0.000067,0.354405,0.073593,0.388618
ACTTCGCCATACGCAC-1,0.049652,0.15125,0.128184,0.003422,0.667493
ACTTCGCTAGCGAGTG-1,0.000222,0.097618,0.048506,0.045592,0.808062
ACTTGACTCCCTCTTT-1,0.032071,0.008926,0.784065,0.005422,0.169516
ACTTGCTCTATCTACC-1,0.044735,0.810336,0.064289,0.00969,0.070949
ACTTGGGACCCGGTGG-1,0.000104,0.052129,0.196169,0.10551,0.646088
ACTTGTAGTCCCTTCA-1,0.000123,0.160715,0.000369,0.270486,0.568307
ACTTGTGGATGGAACG-1,0.000061,0.004282,0.572125,0.050991,0.37254
ACTTTACCCTCATGAA-1,0.002927,0.215727,0.262285,0.003431,0.51563
ACTTTCCTATAGCTTC-1,0.000153,0.049291,0.000459,0.003431,0.946665
ACTTTGACTGCATCCT-1,0.039616,0.938855,0.021138,0.000086,0.000305
ACTTTGGTCGTGCTCC-1,0.000145,0.382322,0.28159,0.098478,0.237465
ACTTTGTCGACGCACT-1,0.000061,0.016468,0.545146,0.004595,0.43373
AGAAATTATGACTCGC-1,0.040043,0.06263,0.446661,0.004304,0.446363
AGAACCCAGCGTGACA-1,0.029373,0.034827,0.471057,0.228901,0.235842
AGAACCCTCAATTGGG-1,0.000129,0.428484,0.119179,0.150957,0.30125
AGAACGTGGTACATTC-1,0.020822,0.109378,0.064389,0.090789,0.714622
AGAAGAGCGCCGTTCC-1,0.301665,0.001138,0.003415,0.141185,0.552596
AGAAGGTACACTTCAC-1,0.00013,0.388288,0.142961,0.218972,0.24965
AGAAGGTTGCCGAATT-1,0.000144,0.124975,0.006512,0.061935,0.806434
AGAAGGTTGTAGGTCG-1,0.445644,0.476913,0.076848,0.000198,0.000396
AGAAGTGATTCGTGAT-1,0.000188,0.881153,0.000563,0.000188,0.117908
AGAATAAATCTTCAGG-1,0.083804,0.895789,0.000272,0.000091,0.020044
AGAATGCGGGTTCGGA-1,0.001855,0.024593,0.474213,0.084059,0.415279
AGAATTATGGATTCGA-1,0.03082,0.319959,0.015866,0.115594,0.517761
AGAATTGTTTGACATA-1,0.01417,0.216088,0.384307,0.000108,0.385327
AGACAGCTCAGAATCC-1,0.000085,0.070317,0.013693,0.000085,0.915821
AGACAGGCATCTCAGC-1,0.053993,0.013212,0.461923,0.006023,0.46485
AGACATAGATCCTTCC-1,0.000184,0.000184,0.21993,0.000184,0.779517
AGACCAAACCACACCT-1,0.000073,0.823678,0.000219,0.000073,0.175957
AGACCATGGGATACAA-1,0.540401,0.458389,0.000605,0.000202,0.000403
AGACCCACCGCTGATC-1,0.000068,0.000068,0.254982,0.504316,0.240566
AGACCCGCCCTCCTCG-1,0.000089,0.000089,0.223938,0.001822,0.774062
AGACCGCTCCGCGGTT-1,0.172063,0.00786,0.512235,0.240466,0.067377
AGACCGGGAAACCCTG-1,0.000053,0.984561,0.00016,0.000053,0.015173
AGACGAAGTGCCGGTC-1,0.00686,0.043519,0.630064,0.110583,0.208974
AGACGACGATGCCGCT-1,0.000153,0.841097,0.00046,0.000153,0.158136
AGACGCCCACTTCGCC-1,0.000048,0.003321,0.264094,0.056614,0.675923
AGACGGGCCGATTTAA-1,0.446851,0.550702,0.001224,0.000408,0.000816
AGACTAGCCTTCCAGA-1,0.06048,0.111633,0.070516,0.00014,0.757231
AGACTGTTACCGGGTC-1,0.020222,0.047875,0.500278,0.006928,0.424697
AGAGAAACACCAGAAA-1,0.006243,0.007226,0.328473,0.094995,0.563063
AGAGAACCGTCTAGGA-1,0.055927,0.388952,0.233631,0.084009,0.237481
AGAGAAGGAGTACAAT-1,0.000226,0.862422,0.000679,0.000226,0.136446
AGAGATCTCTAAAGCG-1,0.008243,0.888785,0.000198,0.040898,0.061876
AGAGCAGTTATGAGAC-1,0.00361,0.205844,0.167551,0.000115,0.62288
AGAGCCGCCGAGATTT-1,0.010997,0.06239,0.218346,0.588925,0.119342
AGAGCGCTTGTAACGG-1,0.000056,0.047932,0.009924,0.000056,0.942031
AGAGCGGGCTAATCAT-1,0.000036,0.000036,0.779382,0.000036,0.220511
AGAGCGTACAAGCTCG-1,0.154258,0.84413,0.000806,0.000269,0.000537
AGAGCTACGAAAGCAT-1,0.122211,0.089114,0.164621,0.064647,0.559406
AGAGGCTTCGGAAACC-1,0.000037,0.000037,0.633612,0.027146,0.339168
AGAGGGACAATTGTCC-1,0.014229,0.192124,0.206249,0.105027,0.48237
AGAGTAAACTTCACTA-1,0.107001,0.008547,0.135101,0.176471,0.57288
AGAGTATAGTGTTACG-1,0.000311,0.51584,0.000932,0.115441,0.367476
AGAGTTGCAGGCCTCC-1,0.017783,0.022646,0.111645,0.037544,0.810383
AGATAACTTCAGGGCC-1,0.151373,0.194129,0.08425,0.000105,0.570143
AGATACCAATAGAACC-1,0.389239,0.610259,0.000251,0.000084,0.000167
AGATACCAGCACTTCA-1,0.009171,0.111599,0.041511,0.120423,0.717297
AGATACCGGTGTTCAC-1,0.010424,0.061883,0.836019,0.000055,0.091619
AGATACGACTTCATAT-1,0.474288,0.112131,0.115131,0.145455,0.152994
AGATACTCAAGATCGA-1,0.027909,0.172573,0.000265,0.519977,0.279276
AGATATAATACGACTA-1,0.000109,0.000109,0.185544,0.000323,0.813914
AGATCGTGCATAAGAT-1,0.049102,0.052682,0.696909,0.00213,0.199176
AGATCTCAGGTGTGAT-1,0.169382,0.000107,0.13493,0.204573,0.491007
AGATGACTCGCCCACG-1,0.000071,0.000071,0.392582,0.000071,0.607204
AGATGAGGGTTGCGAT-1,0.140301,0.16479,0.098386,0.000136,0.596387
AGATGATGGAGTCTGG-1,0.000109,0.067101,0.000326,0.061591,0.870873
AGATGCATCCTGTGTC-1,0.000076,0.744217,0.000229,0.000076,0.255401
AGATGCTATAACGAGC-1,0.001481,0.051235,0.482321,0.097351,0.367612
AGATTATAGGACGTTT-1,0.068666,0.000076,0.538897,0.152787,0.239574
AGATTCACAACCGATA-1,0.000152,0.727851,0.000456,0.000152,0.271389
AGCAAAGGCCGCTAGT-1,0.000047,0.000047,0.56422,0.102887,0.332799
AGCAACATATCTTATT-1,0.03408,0.021208,0.499411,0.04044,0.404861
AGCAACCGAAAGTAAT-1,0.000221,0.437765,0.159955,0.080766,0.321294
AGCACACGTTTAGACT-1,0.005708,0.040297,0.730513,0.13847,0.085012
AGCACCAGTACTCACG-1,0.21687,0.781804,0.000663,0.000221,0.000442
AGCACTACCGGCCTGT-1,0.000112,0.128859,0.277827,0.000112,0.593091
AGCACTACCTCACCAG-1,0.043916,0.002637,0.438833,0.116068,0.398547
AGCACTTAAGGACGCC-1,0.000072,0.063947,0.224525,0.000072,0.711384
AGCAGAAGGAGAAAGA-1,0.165404,0.010303,0.118473,0.2609,0.44492
AGCAGCCAGATGAATA-1,0.000082,0.026062,0.213113,0.045915,0.714828
AGCATATCAATATGCT-1,0.002809,0.000069,0.086198,0.569425,0.3415
AGCATCATTTCGAAAG-1,0.064917,0.513666,0.177011,0.01598,0.228426
AGCATCGTCGATAATT-1,0.000056,0.000056,0.773356,0.01534,0.211192
AGCATTACGAGGCAAG-1,0.00004,0.012137,0.823242,0.049087,0.115494
AGCCAAGCTTTGTGTC-1,0.003031,0.000047,0.78742,0.089549,0.119953
AGCCACAGGTTACCCG-1,0.041032,0.000051,0.914358,0.023169,0.02139
AGCCACTCCCGTGCTT-1,0.303227,0.695182,0.000796,0.000265,0.00053
AGCCATATAGTATGTG-1,0.058959,0.000063,0.627553,0.070683,0.242742
AGCCCATACATGTAAG-1,0.00243,0.856419,0.01557,0.054799,0.070782
AGCCCGCAACAAGCAG-1,0.000057,0.013466,0.34631,0.105535,0.534631
AGCCCGGCATTAGAGG-1,0.000064,0.35287,0.000191,0.560431,0.086444
AGCCCGGTAGCCTGTA-1,0.000032,0.000032,0.874616,0.047314,0.078007
AGCCCTAAGCGAAGTT-1,0.021771,0.050231,0.552231,0.038871,0.336896
AGCCCTCCCTGGTGGC-1,0.000053,0.053613,0.368788,0.074896,0.502651
AGCCCTGTCGCACCGT-1,0.000069,0.037137,0.461838,0.000069,0.500887
AGCCCTTCTAATCCGA-1,0.277963,0.720396,0.00082,0.000273,0.000547
AGCCCTTGGACATCCC-1,0.240314,0.164416,0.282966,0.006042,0.306261
AGCCGCAAATTCAAAT-1,0.117856,0.097227,0.556003,0.048571,0.180342
AGCCGCTTGATTAGCG-1,0.186903,0.000024,0.574865,0.030796,0.207412
AGCCGTGGCTAAATGT-1,0.000107,0.713882,0.000321,0.006999,0.278692
AGCCTAATACCCACGT-1,0.000035,0.129467,0.870392,0.000035,0.00007
AGCCTTAAAGCGGAAG-1,0.000061,0.017856,0.25853,0.000061,0.723492
AGCGACAGGAACGGTC-1,0.00016,0.223583,0.105802,0.231765,0.43869
AGCGACATCCCATTCA-1,0.000075,0.000075,0.260203,0.00913,0.730517
AGCGACCAACGATATT-1,0.000103,0.000103,0.000309,0.000103,0.999381
AGCGAGACGTGAAGGC-1,0.000032,0.015828,0.803587,0.000032,0.18052
AGCGATGCGCCTAATA-1,0.324796,0.261537,0.005484,0.000065,0.408117
AGCGCATAATGAATCG-1,0.017682,0.003694,0.805351,0.036823,0.136451
AGCGCGGGTGCCAATG-1,0.015331,0.024307,0.552632,0.021769,0.385961
AGCGCTAGAGCGATGT-1,0.027436,0.074913,0.397994,0.025331,0.474326
AGCGCTTATGGGCAAG-1,0.290318,0.706747,0.001467,0.000489,0.000978
AGCGGACACTTCGTAG-1,0.000092,0.000092,0.503438,0.067448,0.428929
AGCGGCGGTTAGCGGT-1,0.000084,0.290808,0.184782,0.000408,0.523918
AGCGGGAAGGGTCCAT-1,0.250637,0.203785,0.016794,0.000091,0.528693
AGCGGGTCTGACACTC-1,0.015461,0.00007,0.2344,0.056364,0.693704
AGCGGTTGCCGCTCTG-1,0.00034,0.77287,0.001021,0.00034,0.225428
AGCGTACGAGAGCTAG-1,0.035005,0.001794,0.065665,0.260868,0.636668
AGCGTGGTATTCTACT-1,0.029643,0.023493,0.709048,0.006885,0.23093
AGCTAACAAGCAATGT-1,0.000191,0.514282,0.014475,0.027744,0.443309
AGCTAAGTACGCAGGC-1,0.004681,0.030809,0.294769,0.364303,0.305438
AGCTAGAAGCAGAAGT-1,0.00004,0.00004,0.830392,0.034989,0.134539
AGCTATTTAATCCAAC-1,0.000074,0.000074,0.194757,0.020985,0.784112
AGCTCCATATATGTTC-1,0.05468,0.001107,0.84297,0.013637,0.087606
AGCTCCTTCGCACATC-1,0.032191,0.643739,0.163741,0.000258,0.160072
AGCTCGTTGATGGAAA-1,0.094974,0.007023,0.426772,0.013875,0.457357
AGCTCTAGACGTTCCA-1,0.000104,0.099145,0.502319,0.090182,0.30825
AGCTCTTCCCAGTGCA-1,0.000068,0.000068,0.278472,0.200362,0.52103
AGCTCTTCGTAACCTT-1,0.00008,0.050228,0.344265,0.046617,0.55881
AGCTCTTTACTCAGTT-1,0.027299,0.067062,0.673767,0.00414,0.227732
AGCTGAAGTAAACCAA-1,0.068845,0.017446,0.451227,0.021225,0.441257
AGCTGTAACCTCAATC-1,0.000218,0.73156,0.105452,0.058242,0.104528
AGCTTCTTCTCGAGCA-1,0.087566,0.02771,0.276014,0.518772,0.089938
