Barcode,Topic 1,Topic 2,Topic 3,Topic 4,Topic 5,Topic 6,Topic 7to8
AAACAAGTATCTCCCA-1,0.002278,0.01484,0.079081,0.299335,0.26577,0.069402,0.269294
AAACACCAATAACTGC-1,0.000499,0.936389,0.000499,0.000499,0.000499,0.000499,0.061116
AAACAGAGCGACTCCT-1,0.019201,0.017228,0.296305,0.054536,0.075936,0.054716,0.482078
AAACAGCTTTCAGAAG-1,0.000103,0.262835,0.000103,0.059712,0.069712,0.13974,0.467795
AAACAGGGTCTATATT-1,0.000083,0.326704,0.014778,0.151217,0.025236,0.055265,0.426716
AAACATGGTGAGAGGA-1,0.132711,0.695263,0.016903,0.000102,0.000102,0.154714,0.000205
AAACATTTCCCGGATT-1,0.022045,0.004931,0.071824,0.371413,0.095002,0.067366,0.367419
AAACCCGAACGAAATC-1,0.000036,0.020602,0.139112,0.27451,0.196307,0.045759,0.323674
AAACCGGAAATGTTAA-1,0.151915,0.002487,0.015677,0.037123,0.051008,0.141176,0.600614
AAACCGGGTAGGTACC-1,0.389962,0.539326,0.070086,0.000125,0.000125,0.000125,0.000251
AAACCGTTCGTCCAGG-1,0.009659,0.088557,0.036357,0.125784,0.408243,0.198567,0.132833
AAACCTAAGCAGCCGG-1,0.029724,0.093983,0.540311,0.000053,0.000053,0.093636,0.242241
AAACCTCATGAAGTTG-1,0.28329,0.643602,0.000047,0.000047,0.000047,0.072871,0.000095
AAACGAAGATGGAGTA-1,0.000804,0.104738,0.498998,0.101209,0.109079,0.101183,0.08399
AAACGAGACGGTTGAT-1,0.05873,0.001012,0.436711,0.009862,0.021794,0.191598,0.280294
AAACGCTGGGCACGAC-1,0.080154,0.039894,0.18533,0.177095,0.299508,0.049704,0.168316
AAACGGGCGTACGGGT-1,0.000065,0.000065,0.098446,0.062436,0.096615,0.162196,0.580176
AAACGGTTGCGAACTG-1,0.000067,0.000067,0.105447,0.067086,0.251244,0.013606,0.562483
AAACGTGTTCGCCCTA-1,0.097014,0.084448,0.000067,0.001335,0.000951,0.0606,0.755585
AAACTAACGTGGCGAC-1,0.020559,0.043728,0.000071,0.000071,0.000071,0.023163,0.912339
AAACTCGGTTCGCAAT-1,0.000081,0.000081,0.01177,0.239336,0.121734,0.055942,0.571055
AAACTCGTGATATAAG-1,0.151645,0.066253,0.038698,0.442555,0.185277,0.029012,0.08656
AAACTGCTGGCTCCAA-1,0.000102,0.026552,0.000102,0.070048,0.000102,0.040567,0.862527
AAACTTAATTGCACGC-1,0.00014,0.792813,0.00014,0.00014,0.00014,0.078179,0.128448
AAACTTGCAAACGTAT-1,0.000098,0.775265,0.000098,0.000098,0.000098,0.000098,0.224244
AAAGAATGACCTTAGA-1,0.015677,0.412014,0.044463,0.027488,0.041682,0.166135,0.292542
AAAGAATGTGGACTAA-1,0.020472,0.028243,0.16323,0.078447,0.197152,0.100058,0.412398
AAAGACCCAAGTCGCG-1,0.000058,0.000058,0.000058,0.012583,0.004633,0.000058,0.982553
AAAGACTGGGCGCTTT-1,0.00005,0.019736,0.087206,0.249558,0.211316,0.000411,0.431723
AAAGCTTGCCTACATA-1,0.000074,0.086259,0.049477,0.027825,0.065213,0.000074,0.771078
AAAGGCCCTATAATAC-1,0.004884,0.178023,0.000117,0.000117,0.008954,0.052538,0.755367
AAAGGCTACGGACCAT-1,0.000056,0.000056,0.017529,0.063399,0.011826,0.085134,0.822001
AAAGGCTCTCGCGCCG-1,0.000101,0.051864,0.000686,0.06492,0.063461,0.072619,0.74635
AAAGGGATGTAGCAAG-1,0.000585,0.655248,0.000585,0.000585,0.171283,0.000585,0.171129
AAAGGGCAGCTTGAAT-1,0.000114,0.20732,0.000114,0.000114,0.000114,0.22439,0.567833
AAAGGTAAGCTGTACC-1,0.125766,0.258043,0.000122,0.128521,0.000122,0.000122,0.487304
AAAGTAGCATTGCTCA-1,0.000131,0.759607,0.000131,0.000131,0.000131,0.000131,0.239737
AAAGTCACTGATGTAA-1,0.000052,0.004849,0.108406,0.284578,0.105742,0.023229,0.473143
AAAGTCGACCCTCAGT-1,0.060326,0.939464,0.000035,0.000035,0.000035,0.000035,0.00007
AAAGTGCCATCAATTA-1,0.000029,0.000029,0.02632,0.500035,0.206164,0.006473,0.26095
AAAGTGTGATTTATCT-1,0.000083,0.038913,0.028265,0.209687,0.172533,0.302711,0.247808
AAAGTTGACTCCCGTA-1,0.058031,0.007898,0.000073,0.127818,0.041186,0.05117,0.713825
AAATAACCATACGGGA-1,0.321246,0.263083,0.00016,0.00016,0.00016,0.034581,0.380608
AAATAAGGTAGTGCCC-1,0.004546,0.071044,0.013539,0.011321,0.015518,0.002775,0.881258
AAATACCTATAAGCAT-1,0.016104,0.000136,0.020364,0.100724,0.005622,0.196373,0.660677
AAATAGCTTAGACTTT-1,0.070113,0.174446,0.019384,0.308487,0.070182,0.040929,0.316458
AAATAGGGTGCTATTG-1,0.000088,0.011866,0.03344,0.101607,0.116492,0.03098,0.705526
AAATCCGATACACGCC-1,0.000037,0.000037,0.115603,0.519933,0.139025,0.100854,0.124511
AAATCGCGGAAGGAGT-1,0.000099,0.188267,0.222422,0.024807,0.016205,0.192636,0.355563
AAATCGTGTACCACAA-1,0.00014,0.00014,0.00014,0.00014,0.00014,0.00014,0.999159
AAATCTAGCCCTGCTA-1,0.664037,0.3355,0.000077,0.000077,0.000077,0.000077,0.000154
AAATGATTCGATCAGC-1,0.000106,0.04444,0.000106,0.000106,0.000106,0.000106,0.955031
AAATGCTCGTTACGTT-1,0.039963,0.082935,0.084731,0.012596,0.024335,0.000093,0.755347
AAATGGCATGTCTTGT-1,0.000099,0.000099,0.000099,0.000099,0.000099,0.000099,0.999404
AAATGGCCCGTGCCCT-1,0.000038,0.115812,0.057398,0.398048,0.146837,0.073728,0.20814
AAATGGTCAATGTGCC-1,0.000118,0.040036,0.000118,0.078786,0.023273,0.059432,0.798237
AAATGTATCTTATCCC-1,0.212053,0.474213,0.000611,0.310679,0.000611,0.000611,0.001222
AAATTAACGGGTAGCT-1,0.042555,0.053945,0.119464,0.001381,0.000119,0.100827,0.681708
AAATTAATAAGCGCGA-1,0.434945,0.564506,0.000092,0.000092,0.000092,0.000092,0.000183
AAATTACACGACTCTG-1,0.003909,0.059345,0.780255,0.00004,0.00004,0.00004,0.156372
AAATTACCTATCGATG-1,0.000076,0.067296,0.112302,0.00962,0.072105,0.000076,0.738525
AAATTCCAGGTCCAAA-1,0.054251,0.218273,0.014183,0.495296,0.076053,0.046097,0.095847
AAATTGATAGTCCTTT-1,0.00022,0.87719,0.00022,0.00022,0.00022,0.00022,0.121712
AAATTGGTGAGAAGCA-1,0.174508,0.277323,0.007898,0.004978,0.024846,0.00007,0.510376
AAATTTGCGGGTGTGG-1,0.000225,0.998426,0.000225,0.000225,0.000225,0.000225,0.00045
AACAACTGGTAGTTGC-1,0.000098,0.046299,0.077308,0.128486,0.071832,0.020802,0.655175
AACAATACATTGTCGA-1,0.000324,0.826905,0.000324,0.000324,0.000324,0.171154,0.000647
AACAATTACTCTACGC-1,0.00012,0.048865,0.00012,0.00012,0.00012,0.001863,0.948792
AACACACGCTCGCCGC-1,0.00004,0.00004,0.068337,0.585144,0.079257,0.103079,0.164104
AACACGACTGTACTGA-1,0.044237,0.110639,0.011042,0.092715,0.085026,0.072247,0.584094
AACACGAGACGCGGCC-1,0.000066,0.926429,0.000066,0.000066,0.000066,0.000066,0.073243
AACAGCTGTGTGGCAA-1,0.000455,0.754046,0.000455,0.000455,0.16313,0.000455,0.081003
AACAGGAAATCGAATA-1,0.00432,0.047385,0.000061,0.202484,0.073591,0.000063,0.672096
AACAGGATGGGCCGCG-1,0.000133,0.194277,0.000908,0.000133,0.000133,0.099059,0.705358
AACAGGTAGTATGGAT-1,0.000076,0.016943,0.000076,0.005685,0.000076,0.051113,0.926032
AACATATCAACTGGTG-1,0.04841,0.003416,0.018467,0.266925,0.213101,0.202699,0.246981
AACATCGATACGTCTA-1,0.107494,0.891218,0.000215,0.000215,0.000215,0.000215,0.00043
AACATTGAAGTTGATC-1,0.000033,0.009104,0.094616,0.767237,0.121748,0.000033,0.007229
AACATTGTGACTCGAG-1,0.000064,0.000064,0.01894,0.070338,0.045734,0.263532,0.601328
AACCAAGACTTCTCTG-1,0.000053,0.035975,0.074789,0.454466,0.145171,0.000053,0.289492
AACCATAGGGTTGAAC-1,0.000114,0.702759,0.000114,0.000114,0.000114,0.182808,0.113978
AACCATGGGATCGCTA-1,0.135587,0.110611,0.007772,0.056124,0.100008,0.127964,0.461932
AACCCAGAGACGGAGA-1,0.071559,0.137402,0.019966,0.082244,0.085003,0.069147,0.53468
AACCCATCCCATGATC-1,0.000237,0.821043,0.000237,0.177534,0.000237,0.000237,0.000474
AACCCGACAACCCGTG-1,0.003587,0.013983,0.099761,0.389917,0.079754,0.213579,0.199418
AACCCGAGCAGAATCG-1,0.041637,0.048566,0.074911,0.29156,0.128791,0.142914,0.27162
AACCCTACTGTCAATA-1,0.000063,0.006799,0.032897,0.094673,0.18396,0.254419,0.427189
AACCCTGGTGGAACCA-1,0.000294,0.502935,0.000294,0.061572,0.000294,0.044859,0.389752
AACCGAGCTTGGTCAT-1,0.075795,0.240442,0.000098,0.030868,0.029111,0.000098,0.623588
AACCGCTAAGGGATGC-1,0.000065,0.047356,0.073402,0.177884,0.005615,0.062671,0.633008
AACCGTTGTGTTTGCT-1,0.065625,0.100433,0.000138,0.000138,0.006906,0.081632,0.745128
AACCTCGCTTTAGCCC-1,0.128661,0.376854,0.012534,0.000096,0.000096,0.476959,0.0048
AACCTGTCACGGAATT-1,0.019574,0.030707,0.086717,0.516468,0.126667,0.009839,0.210028
AACCTTTAAATACGGT-1,0.000052,0.000052,0.06981,0.618972,0.081606,0.000052,0.229456
AACCTTTACGACGTCT-1,0.000033,0.000033,0.08,0.603856,0.207741,0.001944,0.106393
AACGAAAGTCGTCCCA-1,0.000224,0.414937,0.068854,0.211581,0.000224,0.000224,0.303957
AACGACCTCCTAGCCG-1,0.043407,0.047436,0.291932,0.348039,0.144051,0.018643,0.106492
AACGATAATGCCGTAG-1,0.000088,0.000088,0.000088,0.113831,0.030658,0.007577,0.847672
AACGATAGAAGGGCCG-1,0.055353,0.004679,0.459803,0.011905,0.010225,0.019285,0.438749
AACGATATGTCAACTG-1,0.003432,0.027941,0.053563,0.292622,0.203234,0.154411,0.264796
AACGCATGATCTGGGT-1,0.00006,0.00006,0.087558,0.336286,0.116772,0.004665,0.454598
AACGCGAACGGCAACA-1,0.60021,0.373965,0.025286,0.000108,0.000108,0.000108,0.000216
AACGCGACCTTGGGCG-1,0.000034,0.000034,0.205399,0.448372,0.242956,0.01438,0.088825
AACGCGGTCTCCAGCC-1,0.033768,0.193744,0.030258,0.014804,0.055998,0.087106,0.584321
AACGCTGTTGCTGAAA-1,0.020384,0.000077,0.01098,0.185369,0.046468,0.250788,0.485934
AACGGACGTACGTATA-1,0.018486,0.011507,0.11571,0.306797,0.323686,0.137178,0.086636
AACGGCCATCTCCGGT-1,0.033195,0.03053,0.107686,0.292951,0.126552,0.038183,0.370904
AACGTACTGTGGGTAC-1,0.025393,0.078165,0.017855,0.027086,0.007714,0.142859,0.700929
AACGTCAGACTAGTGG-1,0.08076,0.067067,0.013029,0.000095,0.002252,0.000324,0.836473
AACGTGATGAAGGACA-1,0.402776,0.399746,0.135066,0.000258,0.000258,0.061378,0.000516
AACGTGCGAAAGTCTC-1,0.20326,0.139816,0.139172,0.000111,0.000111,0.01966,0.49787
AACGTTATCAGCACCT-1,0.00124,0.054273,0.000087,0.011964,0.13863,0.072257,0.72155
AACTACCCGTTTGTCA-1,0.009663,0.008292,0.141124,0.647654,0.082673,0.012185,0.098409
AACTAGGCTTGGGTGT-1,0.071261,0.000112,0.083183,0.000112,0.000112,0.238751,0.606469
AACTCAAGTTAATTGC-1,0.000165,0.404053,0.295031,0.000165,0.009881,0.000165,0.290539
AACTCCAGAGCGTGTT-1,0.11583,0.045629,0.580049,0.08086,0.069226,0.053428,0.054978
AACTCCTAATCCCATG-1,0.034895,0.124441,0.000082,0.003202,0.000082,0.173685,0.663614
AACTCGATGGCGCAGT-1,0.009945,0.000064,0.052205,0.061785,0.263782,0.078637,0.533581
AACTCTCAATAGAGCG-1,0.005703,0.006511,0.055406,0.103406,0.266315,0.005502,0.557158
AACTCTCAGTGTGCTC-1,0.000096,0.172678,0.000096,0.174785,0.04856,0.020427,0.583359
AACTGAGGTCAGCGTC-1,0.000087,0.044713,0.000087,0.000087,0.000087,0.140675,0.814264
AACTGAGTTATACTGA-1,0.005647,0.025722,0.093633,0.206578,0.07058,0.124904,0.472936
AACTGATATTAGGCCT-1,0.000059,0.000059,0.00761,0.241323,0.302237,0.0115,0.437212
AACTGGGTCCCGACGT-1,0.00009,0.00009,0.00009,0.002591,0.008634,0.00009,0.988416
AACTGGTGTGGGCCTT-1,0.000229,0.140672,0.000229,0.003934,0.000229,0.000229,0.854477
AACTTCTGCGTCTATC-1,0.000074,0.001572,0.05446,0.050155,0.018654,0.000074,0.87501
AACTTGCCCGTATGCA-1,0.000066,0.000297,0.655194,0.000066,0.000066,0.000066,0.344246
AACTTGCGTTCTCGCG-1,0.505332,0.493997,0.000112,0.000112,0.000112,0.000112,0.000224
AACTTTACGGGAGCTT-1,0.353936,0.645483,0.000097,0.000097,0.000097,0.000097,0.000194
AACTTTCTCGATCATG-1,0.000081,0.000081,0.000081,0.151899,0.025757,0.000081,0.822018
AAGAAATCACCAGATT-1,0.000049,0.000049,0.000049,0.021122,0.001057,0.113102,0.864573
AAGAAGGATCAGTTAG-1,0.042449,0.000047,0.1642,0.127459,0.22715,0.04513,0.393565
AAGACATACGTGGTTT-1,0.076256,0.00004,0.110839,0.252457,0.038407,0.394443,0.127558
AAGACCAAATAACTCA-1,0.00012,0.543854,0.00012,0.00012,0.00012,0.019688,0.435978
AAGACCCAACTGAACA-1,0.000021,0.000021,0.033133,0.43729,0.423003,0.050447,0.056084
AAGACTGCAAGCTACT-1,0.000272,0.355626,0.080148,0.000272,0.016846,0.054409,0.492429
AAGAGATGAATCGGTA-1,0.000113,0.000113,0.000113,0.000113,0.000113,0.294602,0.704834
AAGAGCTCTTTATCGG-1,0.0001,0.036704,0.0001,0.025094,0.059808,0.500077,0.378118
AAGAGGATGTACGCGA-1,0.061186,0.055663,0.027452,0.429191,0.085731,0.001761,0.339017
AAGAGGCATGGATCGC-1,0.048131,0.010366,0.628707,0.006536,0.039476,0.009745,0.25704
AAGAGGCCCTTTGGAA-1,0.000038,0.000038,0.019233,0.246732,0.283746,0.030385,0.419826
AAGATGGCACCGGACC-1,0.000199,0.498928,0.000199,0.158366,0.000199,0.033279,0.308831
AAGATTGGCGGAACGT-1,0.000081,0.048007,0.057403,0.072593,0.061827,0.000081,0.760009
AAGCACCCTGCGTATC-1,0.116655,0.042454,0.20385,0.019912,0.041991,0.084377,0.490761
AAGCATACTCTCCTGA-1,0.000056,0.000056,0.048523,0.278935,0.266612,0.072466,0.333353
AAGCCGAAGCGGTTTA-1,0.000036,0.000036,0.039298,0.821709,0.09302,0.045564,0.000338
AAGCCGCCGTGAAATC-1,0.000157,0.998901,0.000157,0.000157,0.000157,0.000157,0.000314
AAGCCGCTTTACCTTG-1,0.000076,0.087267,0.000076,0.000076,0.000425,0.000076,0.912003
AAGCCGGAGAGCAGGA-1,0.000045,0.000045,0.015571,0.083659,0.030309,0.061003,0.809366
AAGCGCAGGGCTTTGA-1,0.036723,0.000128,0.001775,0.042663,0.080558,0.394804,0.443349
AAGCGGAGTGCGCGCA-1,0.754876,0.244557,0.000095,0.000095,0.000095,0.000095,0.000189
AAGCGGCGTCATGGGT-1,0.277731,0.720446,0.000304,0.000304,0.000304,0.000304,0.000608
AAGCGTCCCTCATCGA-1,0.214138,0.785283,0.000096,0.000096,0.000096,0.000096,0.000193
AAGCTAGATCGAGTAA-1,0.000065,0.000065,0.002708,0.326382,0.024885,0.030936,0.614958
AAGCTCGTGCCAAGTC-1,0.065592,0.270996,0.000181,0.000181,0.000181,0.216637,0.446232
AAGCTCTTTCATGGTG-1,0.000104,0.00655,0.002549,0.232262,0.007023,0.04067,0.710841
AAGGAGCGGTTGGTGC-1,0.000114,0.000114,0.036829,0.024665,0.146753,0.048637,0.742889
AAGGATCGATCGCTTG-1,0.000083,0.081238,0.000083,0.007945,0.000083,0.434113,0.476454
AAGGATGAGGGACCTC-1,0.000295,0.9335,0.000295,0.000295,0.000295,0.000295,0.065024
AAGGCAGGCTGTCTCC-1,0.000066,0.000066,0.07048,0.197176,0.095093,0.046217,0.590903
AAGGCGCGTAAAGCTT-1,0.087447,0.056853,0.000088,0.025587,0.033793,0.053426,0.742806
AAGGCTGTGCTCATCG-1,0.387512,0.547925,0.00024,0.00024,0.00024,0.00024,0.063604
AAGGGAACGACTGGCT-1,0.000203,0.875602,0.000203,0.000203,0.000203,0.000203,0.123385
AAGGGACAGATTCTGT-1,0.000083,0.11889,0.000083,0.057868,0.057111,0.106317,0.659648
AAGGGACTATGCATTC-1,0.052248,0.876836,0.000396,0.000396,0.068935,0.000396,0.000792
AAGGGTTTGATTTCAG-1,0.34544,0.247039,0.023499,0.007088,0.114716,0.142972,0.119245
AAGGTATCCTAATATA-1,0.0007,0.791941,0.000699,0.000699,0.000699,0.000699,0.204561
AAGGTGATAAACCAGC-1,0.053963,0.139463,0.057826,0.065594,0.090509,0.073106,0.519538
AAGTAGAAGACCGGGT-1,0.013153,0.008254,0.045364,0.194751,0.366661,0.002273,0.369543
AAGTAGTGACGCGAGG-1,0.119697,0.300028,0.000191,0.000191,0.000191,0.000191,0.579511
AAGTCAATTGTCGTCA-1,0.000067,0.076228,0.094567,0.110916,0.023402,0.147013,0.547808
AAGTCTAGTAGCTGCC-1,0.000066,0.022114,0.029087,0.09917,0.020018,0.000647,0.828898
AAGTCTTCTGTGGCCT-1,0.594195,0.294407,0.061093,0.024218,0.025786,0.0001,0.000201
AAGTGACGACCGAATT-1,0.000112,0.869049,0.000112,0.000111,0.000111,0.000112,0.130393
AAGTGAGTCGGGTTTA-1,0.000044,0.000044,0.122934,0.151708,0.474271,0.15251,0.09849
AAGTGCAAAGGTAGAC-1,0.118195,0.098807,0.138462,0.011475,0.032229,0.052328,0.548504
AAGTGCCTTGACTGTA-1,0.000068,0.000068,0.005847,0.491892,0.202053,0.00508,0.294993
AAGTGCGTTAGAATCT-1,0.000123,0.877757,0.000123,0.000123,0.000123,0.000123,0.12163
AAGTGCTTCTCTATTG-1,0.000023,0.000023,0.312663,0.49918,0.062901,0.000908,0.124302
AAGTGTTTGGAGACGG-1,0.006319,0.000066,0.180647,0.157267,0.004895,0.355147,0.295659
AAGTTCACTCCAAGCT-1,0.043245,0.000054,0.09241,0.427966,0.241937,0.128504,0.065883
AAGTTCAGTCTGCGTA-1,0.218691,0.78008,0.000205,0.000205,0.000205,0.000205,0.00041
AAGTTCGGCCAACAGG-1,0.017853,0.191488,0.000854,0.052254,0.000107,0.038931,0.698513
AAGTTGTGATGTTATA-1,0.00006,0.00417,0.363788,0.020985,0.104286,0.03233,0.474381
AAGTTTATGGGCCCAA-1,0.000077,0.008112,0.188851,0.015575,0.072337,0.028604,0.686442
AATAACAACGCTCGGC-1,0.000132,0.11999,0.000132,0.196694,0.014311,0.088775,0.579966
AATAACACTAGAACAA-1,0.000084,0.169377,0.122778,0.154612,0.089021,0.036431,0.427698
AATAATCTTCGTATCG-1,0.392522,0.221798,0.00007,0.001058,0.023545,0.083707,0.277301
AATACAATGTTTCAGG-1,0.010987,0.091194,0.117903,0.063851,0.226238,0.038286,0.45154
AATACCGGAGGGCTGT-1,0.000034,0.000034,0.475969,0.019091,0.02234,0.288397,0.194135
AATAGAACAGAGTGGC-1,0.070774,0.112963,0.279122,0.211855,0.066168,0.07666,0.182459
AATAGAATCTGTTTCA-1,0.024284,0.035428,0.126753,0.205711,0.113515,0.028127,0.466182
AATAGCAAGCCTCCTG-1,0.000223,0.29918,0.000223,0.160407,0.000223,0.000223,0.539521
AATAGCTACCGCGTGC-1,0.000079,0.045907,0.000079,0.000079,0.000079,0.000079,0.953699
AATAGTCCGTCCCGAC-1,0.065882,0.004226,0.040957,0.324461,0.271609,0.05541,0.237454
AATAGTCGCGAGTCGG-1,0.025715,0.039034,0.071252,0.118104,0.077514,0.015683,0.652698
AATATCAAGGTCGGAT-1,0.686534,0.312303,0.000194,0.000194,0.000194,0.000194,0.000388
AATATCCTAGCAAACT-1,0.370102,0.510015,0.069183,0.036098,0.01439,0.000071,0.000142
AATATCGAATCAATGC-1,0.00006,0.01317,0.020542,0.478086,0.155205,0.003139,0.329798
AATATCGAGGGTTCTC-1,0.166296,0.021539,0.00716,0.013705,0.000108,0.397719,0.393473
AATATTGGAGTATTGA-1,0.149924,0.156753,0.000128,0.002317,0.000128,0.389843,0.300908
AATCAGGTTTCATTTA-1,0.000051,0.000051,0.551327,0.009907,0.000868,0.10311,0.334685
AATCATGTAAAGACTC-1,0.000036,0.000036,0.077253,0.489841,0.154974,0.096249,0.181613
AATCCAAGGGCCTGAG-1,0.461627,0.221889,0.026769,0.000079,0.005705,0.031525,0.252407
AATCCATGCAAGGGTG-1,0.067423,0.002475,0.257841,0.107437,0.136749,0.091303,0.336771
AATCGCCTCAGCGCCA-1,0.139653,0.028461,0.000119,0.000119,0.051168,0.000119,0.780362
AATCGCGCAGAGGACT-1,0.000076,0.018077,0.121729,0.228522,0.078193,0.014005,0.539398
AATCGGGACACTACGA-1,0.561217,0.433775,0.000835,0.000835,0.000835,0.000835,0.001669
AATCGGTATAGCCCTC-1,0.071151,0.002848,0.070986,0.065097,0.040362,0.455623,0.293933
AATCGTGAGCCGAGCA-1,0.346445,0.052714,0.122461,0.025911,0.025512,0.169671,0.257286
AATCTAGGTTTACTTG-1,0.000104,0.213425,0.006971,0.525199,0.04231,0.023978,0.188013
AATCTATGCCGGAGCC-1,0.129211,0.166337,0.02763,0.232254,0.172791,0.094832,0.176945
AATCTCTACTGTGGTT-1,0.089202,0.773039,0.000092,0.000092,0.000092,0.137301,0.000183
AATCTGCGTTGGGACG-1,0.112687,0.886107,0.000201,0.000201,0.000201,0.000201,0.000402
AATCTGGCTTTCTAGT-1,0.000142,0.226873,0.021393,0.489059,0.190476,0.06387,0.008188
AATGACAGCAATGTCT-1,0.000124,0.87873,0.000124,0.000124,0.000124,0.000124,0.120649
AATGACGTAGGATGTC-1,0.491681,0.215074,0.000127,0.107866,0.016012,0.000127,0.169114
AATGACTGTCAGCCGG-1,0.000075,0.068695,0.057546,0.150138,0.049518,0.000075,0.673954
AATGAGTTCGCATATG-1,0.296522,0.670087,0.032395,0.000199,0.000199,0.000199,0.000398
AATGATGATACGCTAT-1,0.003866,0.013684,0.08868,0.033265,0.286516,0.012514,0.561475
AATGATGCGACTCCTG-1,0.374961,0.559743,0.000201,0.000201,0.000201,0.064291,0.000402
AATGCAACCGGGTACC-1,0.030129,0.112214,0.010911,0.000082,0.003335,0.000082,0.843247
AATGCACCAAGCAATG-1,0.000073,0.005177,0.008744,0.211173,0.179326,0.000073,0.595434
AATGGTCCACCGTTCA-1,0.000963,0.040103,0.086443,0.393198,0.109091,0.002645,0.367557
AATGGTTCTCACAAGC-1,0.101847,0.080078,0.013627,0.009234,0.000094,0.102383,0.692738
AATGTATGGCACTGTA-1,0.310206,0.381697,0.028272,0.09099,0.029523,0.139794,0.019518
AATGTGCCCGAGGTGT-1,0.000249,0.652422,0.000249,0.000249,0.000249,0.000249,0.346334
AATGTGCTAATCTGAG-1,0.001408,0.050197,0.047939,0.726954,0.119154,0.015403,0.038946
AATGTTGTCGTGAGAC-1,0.00004,0.00004,0.690541,0.197896,0.026789,0.00004,0.084654
AATTAAAGGTCGGCGT-1,0.000097,0.000097,0.000097,0.10467,0.063199,0.301602,0.530238
AATTAACGGATTTCCA-1,0.00004,0.00004,0.518222,0.174539,0.164143,0.055322,0.087693
AATTACGAGACCCATC-1,0.000114,0.341931,0.00454,0.07363,0.014485,0.218341,0.346958
AATTACTCGTACGCTC-1,0.058315,0.018557,0.095238,0.00297,0.00813,0.069365,0.747425
AATTAGCGCTGCAGCG-1,0.000036,0.000036,0.041273,0.7984,0.08957,0.000036,0.070648
AATTCATAAGGGATCT-1,0.000086,0.025482,0.216115,0.152514,0.026334,0.03085,0.548619
AATTCATTGTCATGCA-1,0.000296,0.74323,0.000098,0.000098,0.000098,0.215422,0.040759
AATTCCAAGCATGTAC-1,0.026877,0.097837,0.348629,0.181072,0.058835,0.00006,0.286689
AATTCGATTCGAGGAT-1,0.000229,0.152501,0.137445,0.1902,0.000229,0.126483,0.392913
AATTCTAGAGTTAGGC-1,0.000082,0.000082,0.000082,0.225302,0.238644,0.092732,0.443076
AATTGAACGCTCTGGT-1,0.01915,0.015154,0.038904,0.261084,0.211998,0.195187,0.258523
AATTGCAGCAATCGAC-1,0.011739,0.041131,0.069622,0.474234,0.107057,0.114988,0.181229
AATTGCGTGGATTACA-1,0.002913,0.000028,0.296979,0.623488,0.076509,0.000028,0.000055
AATTGTGGTTGCCAAA-1,0.058232,0.006857,0.146337,0.143488,0.311868,0.127424,0.205794
AATTTGGGACATAGTA-1,0.015444,0.089395,0.002873,0.000075,0.000078,0.447216,0.444919
AATTTGGTTCCAAAGA-1,0.000217,0.423559,0.000208,0.000208,0.000208,0.000208,0.575393
ACAAACCATGCGTCCT-1,0.07326,0.033659,0.086581,0.503091,0.106236,0.161155,0.036017
ACAAAGAAGGTAGGCC-1,0.037383,0.21239,0.183647,0.119196,0.042815,0.106233,0.298335
ACAAAGCATGACCTAG-1,0.009399,0.000032,0.021475,0.491833,0.088032,0.090642,0.298587
ACAAATCGCACCGAAT-1,0.000878,0.025619,0.013933,0.117854,0.031766,0.070098,0.739853
ACAAATGGTAGTGTTT-1,0.206962,0.791706,0.000222,0.000222,0.000222,0.000222,0.000444
ACAAATTCAGATCTGA-1,0.000208,0.434562,0.000208,0.088435,0.00459,0.035613,0.436385
ACAACAGCATGAGCTA-1,0.091146,0.907009,0.000308,0.000308,0.000308,0.000308,0.000615
ACAACGGTCCCTGCGA-1,0.130222,0.360278,0.072895,0.000133,0.000133,0.044135,0.392203
ACAAGCAGTGCCTAGC-1,0.015963,0.063013,0.021749,0.077733,0.000091,0.11497,0.706481
ACAAGCTATATGGAAG-1,0.274507,0.011297,0.334609,0.262998,0.075789,0.038964,0.001835
ACAAGGAAATCCGCCC-1,0.000072,0.000072,0.029774,0.334542,0.10554,0.000072,0.529928
ACAAGGACAAGAGGTT-1,0.009009,0.122252,0.015778,0.237598,0.390883,0.019265,0.205215
ACAAGGATGCTTTAGG-1,0.496314,0.08549,0.01731,0.004048,0.092933,0.054312,0.249594
ACAAGGGCAGGCTCTG-1,0.439366,0.286067,0.000095,0.006151,0.000095,0.052199,0.216028
ACAATAGTCGTACGTT-1,0.000091,0.876562,0.02379,0.000091,0.000091,0.000091,0.099284
ACAATCCATTTAAACC-1,0.000093,0.050939,0.000093,0.000093,0.00472,0.000093,0.943971
ACAATGAATACGGAGA-1,0.019108,0.731602,0.00022,0.003591,0.044003,0.00022,0.201255
ACAATGATTCTTCTAC-1,0.015341,0.069761,0.032485,0.008881,0.000065,0.127762,0.745705
ACAATTGTGTCTCTTT-1,0.002014,0.000071,0.0714,0.123623,0.158176,0.052051,0.592665
ACAATTTAGGAGGCTC-1,0.182144,0.667418,0.045726,0.000172,0.000172,0.000172,0.104196
ACAATTTGAGCAGTGG-1,0.138049,0.680808,0.000307,0.000307,0.000307,0.138382,0.041839
ACAATTTGGCCATATT-1,0.000048,0.052232,0.086117,0.613031,0.065839,0.000048,0.182685
ACACAAAGACGGGTGG-1,0.000089,0.026445,0.000089,0.000089,0.000089,0.000089,0.973112
ACACAAATATTCCTAG-1,0.57918,0.368644,0.000061,0.00226,0.048532,0.000061,0.001261
ACACACCAGGACCAGT-1,0.005696,0.033169,0.009039,0.005534,0.096433,0.209039,0.641089
ACACACTTTCTACACG-1,0.005882,0.069397,0.004234,0.170909,0.01227,0.081671,0.655637
ACACATGATCAAATCT-1,0.000273,0.845353,0.000273,0.000273,0.000273,0.000273,0.153283
ACACATTGACGCAACA-1,0.118424,0.001674,0.148242,0.089062,0.454341,0.027622,0.160635
ACACCACATAATTAGC-1,0.001835,0.021635,0.008956,0.535673,0.135116,0.094843,0.201941
ACACCCAGCATGCAGC-1,0.072432,0.166434,0.00009,0.000858,0.025731,0.00009,0.734365
ACACCCGAGAAATCCG-1,0.123912,0.874228,0.00031,0.00031,0.00031,0.00031,0.00062
ACACCGAGCGCTCTTT-1,0.043786,0.003675,0.051273,0.2332,0.214748,0.010958,0.442359
ACACCGGTCTGACCGC-1,0.000027,0.026051,0.066474,0.296482,0.051895,0.281725,0.277345
ACACCTTAAGTAGGGC-1,0.446833,0.301477,0.019148,0.18371,0.048475,0.000119,0.000238
ACACCTTACTACTTGC-1,0.048948,0.314092,0.000108,0.08248,0.03378,0.000108,0.520485
ACACGAGACTCCTTCT-1,0.000347,0.997571,0.000347,0.000347,0.000347,0.000347,0.000694
ACACGGCACTATGCAT-1,0.000288,0.29277,0.000288,0.000288,0.000288,0.008758,0.69732
ACACGGGAACTTAGGG-1,0.586104,0.355788,0.055039,0.000614,0.000614,0.000614,0.001228
ACACGTAGGCCACAAG-1,0.000045,0.000045,0.02534,0.163933,0.277669,0.043109,0.489859
ACACTCCAATGTCACT-1,0.000116,0.000043,0.080409,0.212628,0.234292,0.0065,0.466012
ACACTGATCAAGGTGT-1,0.13959,0.67412,0.107773,0.000137,0.000679,0.000137,0.077562
ACACTGGGACAGTCGT-1,0.000042,0.000042,0.09471,0.293005,0.118565,0.060774,0.432862
ACAGAACTGAGAACAA-1,0.000131,0.834298,0.000131,0.000131,0.000131,0.000131,0.165048
ACAGATTAGGTTAGTG-1,0.000257,0.66178,0.000257,0.000257,0.000257,0.203151,0.134042
ACAGCATAGAGCCAGT-1,0.217551,0.150705,0.000086,0.00032,0.000086,0.332768,0.298483
ACAGCGACATTCTCAT-1,0.027324,0.01995,0.400096,0.193578,0.085651,0.025102,0.248298
ACAGCGCACCCGCAGC-1,0.369092,0.629714,0.000199,0.000199,0.000199,0.000199,0.000398
ACAGGCACGGATCCTT-1,0.016441,0.000069,0.10738,0.058954,0.114843,0.105607,0.596707
ACAGGCTTGCCCGACT-1,0.020346,0.092507,0.061107,0.192978,0.043883,0.145712,0.443467
ACAGGTGGAGGTGAGG-1,0.000079,0.053198,0.029214,0.105182,0.000359,0.172178,0.63979
ACAGGTGTGTTGTTGC-1,0.019536,0.112828,0.283657,0.396394,0.123708,0.06372,0.000158
ACAGTAATACAACTTG-1,0.000062,0.297256,0.032273,0.021375,0.014422,0.252836,0.381776
ACAGTATACCGTGGGA-1,0.104035,0.8951,0.000144,0.000144,0.000144,0.000144,0.000288
ACATAAGTCGTGGTGA-1,0.016615,0.481825,0.106658,0.122024,0.000156,0.263983,0.008739
ACATAATAAGGCGGTG-1,0.030218,0.033089,0.017351,0.040913,0.294646,0.002255,0.581528
ACATCAGCTGGGACGC-1,0.153521,0.846001,0.00008,0.00008,0.00008,0.00008,0.000159
ACATCCCGGCCATACG-1,0.020591,0.000067,0.033923,0.248635,0.301525,0.032336,0.362923
ACATCCTGGTAACTGT-1,0.0001,0.0001,0.0001,0.048772,0.057487,0.0001,0.893341
ACATCGATCGTTTACC-1,0.000139,0.000139,0.002317,0.219082,0.024692,0.000139,0.753491
ACATCGGTCAGCCGCG-1,0.000083,0.072395,0.015391,0.184376,0.102974,0.000083,0.624698
ACATCGTATGCAATGG-1,0.000084,0.086095,0.208995,0.054524,0.038551,0.145003,0.466747
ACATCGTTAACCTAGT-1,0.000102,0.004732,0.000102,0.000102,0.000102,0.000102,0.994758
ACATGGCGCCAAAGTA-1,0.000091,0.155137,0.000091,0.059135,0.036946,0.004361,0.744238
ACATGGCTCAATTTAG-1,0.136497,0.0401,0.205213,0.02291,0.008569,0.006285,0.580426
ACATTAGTTTATATCC-1,0.000095,0.000095,0.153075,0.086606,0.074281,0.060398,0.625451
ACCAAACACCCAGCGA-1,0.191816,0.479135,0.000178,0.000178,0.000178,0.005622,0.322893
ACCAACACCACACACT-1,0.008283,0.109019,0.057878,0.166612,0.044786,0.164605,0.448818
ACCAACCGCACTCCAC-1,0.025038,0.075371,0.200026,0.123179,0.076606,0.187436,0.312344
ACCAACGCTTATTTAT-1,0.108374,0.74701,0.000247,0.000247,0.000247,0.000247,0.143626
ACCAAGAACGCGTGTC-1,0.688439,0.30983,0.000289,0.000288,0.000288,0.000289,0.000577
ACCAAGTCATCGGCAG-1,0.063296,0.045979,0.086381,0.545798,0.027253,0.163334,0.067961
ACCAATATGCAAGTTA-1,0.000086,0.000086,0.034118,0.022959,0.011946,0.101514,0.82929
ACCACAAGTTTCTATC-1,0.526865,0.284189,0.000165,0.00218,0.000165,0.004005,0.18243
ACCACCAATGTAACAA-1,0.000063,0.094849,0.0062,0.057253,0.047923,0.04134,0.752372
ACCACCCTCTCTTCTA-1,0.00008,0.020681,0.003675,0.003139,0.015067,0.101147,0.856211
ACCACGTGCAGCTATA-1,0.03969,0.000079,0.023159,0.228427,0.119628,0.211445,0.377571
ACCACTGTTCAAGAAG-1,0.128933,0.002437,0.139122,0.043886,0.063875,0.100592,0.521155
ACCAGACCATAACAAC-1,0.07354,0.144557,0.293415,0.116235,0.064304,0.046057,0.261893
ACCAGTGCCCGGTCAA-1,0.109939,0.887832,0.000372,0.000372,0.000372,0.000372,0.000743
ACCAGTGCGGGAGACG-1,0.012998,0.004041,0.064648,0.167673,0.044751,0.167541,0.538348
ACCATATCCGCAATAA-1,0.000035,0.000035,0.007668,0.949454,0.042702,0.000035,0.00007
ACCATCCGCCAACTAG-1,0.004751,0.197017,0.041516,0.031683,0.01903,0.374832,0.331171
ACCATCGTATATGGTA-1,0.234869,0.085161,0.039549,0.561524,0.061948,0.000069,0.016881
ACCATTAAGGGTGTCA-1,0.000041,0.000041,0.239629,0.055279,0.088713,0.063727,0.552571
ACCCAACGCCCGTGGC-1,0.263653,0.260994,0.011279,0.000128,0.000128,0.077323,0.386494
ACCCACCTACATGCTC-1,0.000086,0.013641,0.006146,0.017731,0.115898,0.000086,0.846412
ACCCATCTTGAGGGTA-1,0.013665,0.258975,0.000137,0.087698,0.044517,0.000137,0.59487
ACCCATTTGTCCCTCT-1,0.062177,0.020352,0.21511,0.203284,0.051826,0.29928,0.147972
ACCCGAGCGAAATTAC-1,0.014835,0.174496,0.025139,0.030899,0.080723,0.233964,0.439944
ACCCGATTGGTTCCGA-1,0.000033,0.000033,0.156158,0.259755,0.316565,0.000033,0.267423
ACCCGGAAACTCCCAG-1,0.000057,0.000057,0.175562,0.578432,0.089885,0.04162,0.114386
ACCCGGAGCACCACAA-1,0.027864,0.14671,0.017943,0.025759,0.100531,0.234701,0.446493
ACCCGGATGACGCATC-1,0.035875,0.005968,0.071439,0.671753,0.098061,0.007535,0.109369
ACCCGGTTACACTTCC-1,0.019491,0.04855,0.000152,0.000152,0.000152,0.000152,0.931351
ACCCGTAGTCTAGTTG-1,0.010389,0.001147,0.144859,0.231399,0.154357,0.229122,0.228727
ACCCGTGTCATCAGTA-1,0.000057,0.000042,0.423326,0.262514,0.196336,0.006659,0.111066
ACCCTATAGGACTGAG-1,0.690134,0.30892,0.000158,0.000158,0.000158,0.000158,0.000315
ACCCTATGCCATATCG-1,0.000148,0.171782,0.023644,0.197013,0.082066,0.000148,0.5252
ACCCTCCCGTCAGGGC-1,0.000038,0.000038,0.11928,0.488467,0.150745,0.140549,0.100881
ACCCTCCCTTGCTATT-1,0.30254,0.501295,0.000149,0.000149,0.000149,0.105543,0.090176
ACCCTGGTAACGCCCT-1,0.021633,0.152932,0.000105,0.054433,0.044803,0.000105,0.725991
ACCCTTCATCTGCGAA-1,0.003104,0.007972,0.000069,0.036489,0.157618,0.154663,0.640087
ACCCTTGCCTGGGTCG-1,0.001766,0.010686,0.040643,0.413899,0.271,0.006459,0.255547
ACCGAAAGGGCCCTGC-1,0.45534,0.542537,0.000354,0.000354,0.000354,0.000354,0.000708
ACCGAAGAGTCTGGTT-1,0.000229,0.6242,0.048364,0.101436,0.000229,0.100924,0.124618
ACCGACACATCTCCCA-1,0.000027,0.000027,0.342153,0.584871,0.025687,0.000883,0.046353
ACCGACTGAGTCCCAC-1,0.342793,0.656237,0.000162,0.000162,0.000162,0.000162,0.000324
ACCGAGTCTCCTTATT-1,0.268476,0.00842,0.000098,0.000098,0.00015,0.15939,0.563367
ACCGATAGGCATAACC-1,0.00003,0.024635,0.542588,0.035305,0.050608,0.01637,0.330464
ACCGATATTTAATCAT-1,0.000071,0.051707,0.007545,0.195413,0.040369,0.015299,0.689596
ACCGATGGTAGCATCG-1,0.000095,0.092259,0.108635,0.063819,0.012253,0.000095,0.722843
ACCGCAATAACTGCCT-1,0.000076,0.000076,0.041512,0.155508,0.053978,0.033482,0.715369
ACCGCGGTGGAAGTCG-1,0.008081,0.006776,0.057254,0.130478,0.157215,0.097458,0.542738
ACCGGGCCTTTGTTGA-1,0.197483,0.269262,0.000113,0.094523,0.076176,0.009265,0.353177
ACCGGTCAGGTACACC-1,0.000469,0.718826,0.000469,0.000469,0.000469,0.000469,0.278829
ACCGTCCACTGGGCCC-1,0.065401,0.791672,0.01559,0.102124,0.001045,0.023153,0.001014
ACCGTGACCACGTGGG-1,0.208485,0.741385,0.000244,0.037309,0.000244,0.000244,0.012089
ACCTAAGTACCTTTCA-1,0.000124,0.942869,0.000124,0.000124,0.000124,0.000124,0.056513
ACCTAATCGACTTCCT-1,0.099805,0.315203,0.01178,0.29417,0.110829,0.016195,0.152018
ACCTACAGTATGTGGT-1,0.052251,0.07653,0.000074,0.142083,0.124292,0.088983,0.515787
ACCTACTATAAATCTA-1,0.083103,0.000075,0.060993,0.050077,0.035207,0.068123,0.702423
ACCTCCGCCCTCGCTG-1,0.000076,0.013511,0.031079,0.25646,0.065359,0.013454,0.620061
ACCTCCGTTATTCACC-1,0.005985,0.200568,0.000118,0.043064,0.070198,0.006582,0.673485
ACCTCGAACTTATGCT-1,0.021364,0.666445,0.000172,0.025259,0.000172,0.167411,0.119175
ACCTGCGTGTCATGTT-1,0.000088,0.955252,0.000088,0.000088,0.000088,0.000088,0.044308
ACGAAATGGGCGGCAC-1,0.000081,0.056333,0.209171,0.000081,0.000081,0.000081,0.734174
ACGACCCATGAGTTGC-1,0.067945,0.021082,0.040822,0.106962,0.304996,0.073742,0.384451
ACGACTCTAGGGCCGA-1,0.082103,0.005454,0.316147,0.262013,0.130658,0.059999,0.143626
ACGACTGGTCATACTC-1,0.000062,0.078118,0.013706,0.211099,0.012011,0.131023,0.553981
ACGAGAACCCATCACG-1,0.024069,0.132952,0.042859,0.16193,0.277056,0.063396,0.297738
ACGAGATATTTGCTTA-1,0.43423,0.563179,0.000432,0.000432,0.000432,0.000432,0.000864
ACGAGGATACCACTCT-1,0.000047,0.156749,0.046717,0.447447,0.111903,0.140328,0.096809
ACGAGGTTTACAACGT-1,0.000339,0.701512,0.000339,0.047165,0.105887,0.144079,0.000679
ACGAGTACGGATGCCC-1,0.007199,0.000069,0.085795,0.321097,0.292376,0.070503,0.222961
ACGATACATAGAACTA-1,0.000401,0.496773,0.000401,0.000401,0.000401,0.500819,0.000803
ACGATACCTATCCTGA-1,0.31552,0.095561,0.194893,0.156694,0.146966,0.058277,0.032089
ACGATCATACATAGAG-1,0.058479,0.47698,0.000318,0.293611,0.169658,0.000318,0.000636
ACGATCATCTTGTAAA-1,0.308703,0.33094,0.017527,0.000107,0.000107,0.000107,0.342509
ACGATGCATATGTTAT-1,0.176491,0.002521,0.057789,0.614509,0.038161,0.001442,0.109088
ACGATGGATCCGATGC-1,0.000076,0.044289,0.016869,0.0681,0.000734,0.168124,0.701809
ACGCAAACTAATAGAT-1,0.003298,0.012141,0.05426,0.08977,0.067538,0.007384,0.765607
ACGCAATCACTACAGC-1,0.000082,0.082445,0.052422,0.070136,0.066751,0.155336,0.572829
ACGCATACGTTTACTA-1,0.012485,0.001045,0.055007,0.17679,0.078912,0.191116,0.484645
ACGCATTCGTGAGTAC-1,0.000446,0.457783,0.083731,0.146876,0.013831,0.000446,0.296887
ACGCCAGATGATTTCT-1,0.000093,0.000093,0.002109,0.024172,0.049924,0.228573,0.695038
ACGCCAGTGCGTTTGC-1,0.010212,0.000035,0.099379,0.389018,0.131396,0.367837,0.002124
ACGCCGCTAGACGACC-1,0.001361,0.066755,0.000107,0.000107,0.007761,0.001479,0.922431
ACGCGAAGTCAGACGA-1,0.000105,0.013942,0.111497,0.017238,0.030281,0.016333,0.810605
ACGCGCTACACAGGGT-1,0.000115,0.102515,0.000115,0.000115,0.000115,0.005372,0.891653
ACGCGGGCCAAGGACA-1,0.124724,0.377089,0.143107,0.000229,0.122648,0.050164,0.182039
ACGCGTTTCTTAAGAG-1,0.067397,0.089357,0.11514,0.285345,0.084761,0.010896,0.347103
ACGCTAGTGATACACT-1,0.250297,0.048003,0.050816,0.042435,0.099914,0.042838,0.465697
ACGCTGTGAGGCGTAG-1,0.000091,0.998518,0.000091,0.000091,0.000091,0.000091,0.001026
ACGGAATTTAGCAAAT-1,0.186399,0.006472,0.045248,0.159205,0.080642,0.054477,0.467557
ACGGACTCTCAAAGCG-1,0.059777,0.000026,0.165188,0.7076,0.067332,0.000026,0.000052
ACGGAGCGCAAATTAC-1,0.000074,0.016167,0.02457,0.000074,0.007454,0.029438,0.922224
ACGGATGGTGCGGATA-1,0.000088,0.000088,0.049734,0.115017,0.027809,0.159456,0.647808
ACGGCACTTGCTTGGG-1,0.000085,0.000085,0.029772,0.325209,0.162923,0.004185,0.477741
ACGGCCAACATGGACT-1,0.00008,0.00008,0.00008,0.002227,0.00008,0.031663,0.965792
ACGGCGACGATGGGAA-1,0.000065,0.008407,0.002103,0.177843,0.221586,0.011154,0.578842
ACGGCTGGATGTAGAA-1,0.003727,0.196864,0.107992,0.091461,0.049438,0.308345,0.242174
ACGGGAGTGTCGGCCC-1,0.000062,0.945479,0.000062,0.000062,0.000062,0.000062,0.054212
ACGGGCGTATGCGACA-1,0.000051,0.006881,0.011981,0.420247,0.254395,0.002361,0.304084
ACGGGTCATGTGACTT-1,0.140385,0.021915,0.030029,0.040037,0.062144,0.029858,0.675631
ACGGTACAGTTCAATG-1,0.000045,0.001246,0.234593,0.176193,0.161524,0.11916,0.307239
ACGTACAGATTTCTCT-1,0.000269,0.239196,0.000269,0.000269,0.000269,0.29362,0.466107
ACGTACTTTGGCACGG-1,0.000607,0.000051,0.198985,0.129105,0.094518,0.155792,0.420942
ACGTAGATTGCTGATG-1,0.254755,0.743667,0.000263,0.000263,0.000263,0.000263,0.000526
ACGTAGGAGAGTCGCT-1,0.84424,0.155184,0.000096,0.000096,0.000096,0.000096,0.000192
ACGTATTACTCCGATC-1,0.000093,0.006525,0.002041,0.170894,0.102209,0.137708,0.580532
ACGTCGGGCAACTCGG-1,0.030305,0.700474,0.000063,0.025023,0.001363,0.09755,0.145223
ACGTCTCGTTCCGGGA-1,0.147155,0.852419,0.000071,0.000071,0.000071,0.000071,0.000142
ACGTGACAAAGTAAGT-1,0.000086,0.566998,0.002857,0.000086,0.000086,0.000279,0.429609
ACGTGCGCCTCGTGCA-1,0.000074,0.000074,0.018451,0.147963,0.183572,0.085946,0.56392
ACGTTAATGTCGAAGA-1,0.108982,0.536976,0.000151,0.000151,0.000151,0.175774,0.177816
ACGTTAGATTTGCCCG-1,0.016906,0.129185,0.00011,0.00011,0.016874,0.00011,0.836705
ACGTTATTGGTCACTC-1,0.375405,0.072495,0.000111,0.000111,0.000111,0.000111,0.551656
ACGTTCCGCGCTCCGT-1,0.498867,0.339373,0.000513,0.000513,0.000513,0.000513,0.159707
ACGTTCGCAATCAATT-1,0.000072,0.026158,0.01609,0.352341,0.101242,0.002856,0.501243
ACGTTCGTTCAGGAAA-1,0.005957,0.067996,0.104353,0.592861,0.016342,0.067338,0.145153
ACGTTCTGTACAAGTC-1,0.146646,0.063485,0.126251,0.12175,0.137999,0.252095,0.151773
ACGTTTAGTTGTGATC-1,0.076426,0.001171,0.140819,0.003526,0.031971,0.106926,0.63916
ACTAAGGACGCACACC-1,0.060572,0.071642,0.027785,0.371426,0.275959,0.000029,0.192588
ACTAATACGTCAGGCG-1,0.017988,0.978732,0.000547,0.000547,0.000547,0.000547,0.001093
ACTACAAAGAGAGGTG-1,0.037026,0.004702,0.12992,0.058244,0.043664,0.351122,0.375321
ACTACATCCCGACAAG-1,0.010142,0.2989,0.000837,0.231698,0.010362,0.115674,0.332387
ACTACCAGCTCTCTGG-1,0.079604,0.12401,0.000108,0.040682,0.000108,0.041678,0.713811
ACTACGCGTTAGAATT-1,0.000074,0.000562,0.029345,0.178939,0.038347,0.233119,0.519614
ACTAGTTGCGATCGTC-1,0.000053,0.000053,0.016007,0.60462,0.063316,0.035256,0.280694
ACTATATGCTGTGTTC-1,0.16589,0.832589,0.000253,0.000253,0.000253,0.000253,0.000507
ACTATCCAGGGCATGG-1,0.000079,0.145792,0.000079,0.002448,0.023441,0.00935,0.818811
ACTATCGCCGGCTAAA-1,0.042049,0.000015,0.343388,0.216399,0.226792,0.055068,0.116289
ACTATCTGCCCGCGTA-1,0.488454,0.511017,0.000088,0.000088,0.000088,0.000088,0.000176
ACTATGTCCAGCTGCC-1,0.056103,0.885474,0.000182,0.000182,0.000182,0.000182,0.057695
ACTATTCGTCCGTGGT-1,0.004683,0.012633,0.078788,0.107808,0.143833,0.153177,0.499078
ACTATTTCCGGGCCCA-1,0.033798,0.1061,0.099527,0.266275,0.136748,0.086553,0.270998
ACTCAACGAATGTATT-1,0.02941,0.125024,0.000127,0.01183,0.496781,0.00013,0.336698
ACTCAAGTGCAAGGCT-1,0.124907,0.034783,0.135183,0.278984,0.320869,0.002948,0.102326
ACTCAATAAAGGCACG-1,0.031689,0.094223,0.063066,0.455445,0.19286,0.021983,0.140734
ACTCAGACCTGCTTCT-1,0.000118,0.290562,0.00341,0.18792,0.022809,0.019759,0.475422
ACTCATGGCAGCCTTC-1,0.000061,0.09895,0.152549,0.409512,0.176913,0.027052,0.134961
ACTCCAATATCATCAT-1,0.000513,0.343157,0.100979,0.18773,0.07318,0.292622,0.001818
ACTCCCATTCCTAAAG-1,0.000066,0.739096,0.000066,0.000066,0.000066,0.000066,0.260576
ACTCCCGAATTCGTTT-1,0.014466,0.083082,0.00009,0.00009,0.00009,0.4025,0.499684
ACTCCCGTAGACTAGG-1,0.018984,0.035127,0.000065,0.05955,0.047748,0.017534,0.820992
ACTCCCTAATGCTAAA-1,0.007343,0.042481,0.151265,0.131378,0.052924,0.103437,0.511172
ACTCCCTAGAATAGTA-1,0.000111,0.00126,0.003158,0.331344,0.053196,0.088295,0.522636
ACTCCGGCCGACCACT-1,0.000024,0.000024,0.982592,0.001296,0.004493,0.001326,0.010244
ACTCGATGTATTTCAT-1,0.000129,0.082285,0.000108,0.000108,0.021634,0.019849,0.875888
ACTCGCCGTTCGATAA-1,0.00902,0.049582,0.101442,0.157342,0.075036,0.124995,0.482583
ACTCGCGATCTGACGC-1,0.012096,0.008798,0.010546,0.272151,0.114004,0.32788,0.254525
ACTCGTAACCCGTCCT-1,0.01191,0.966802,0.000092,0.000092,0.000092,0.000092,0.020919
ACTCGTCAGTAATCCC-1,0.000068,0.045649,0.140057,0.370388,0.199927,0.020992,0.222919
ACTCTAAACCTGGGAT-1,0.470478,0.181331,0.019739,0.326727,0.001296,0.000143,0.000286
ACTCTCTGACTTAGGT-1,0.319459,0.137255,0.027213,0.091544,0.224775,0.003834,0.195921
ACTCTCTTATACACGA-1,0.030532,0.142448,0.035194,0.164709,0.084506,0.056869,0.485741
ACTCTGACCTAATAGA-1,0.000723,0.000055,0.084264,0.073484,0.094651,0.149196,0.597627
ACTCTTCAGCTCCCGC-1,0.432841,0.136703,0.000081,0.025254,0.004672,0.088301,0.312147
ACTCTTGTATAGTAAC-1,0.000375,0.934076,0.000375,0.000375,0.000375,0.000375,0.064049
ACTGAAACGCCGTTAG-1,0.012716,0.047159,0.203152,0.319117,0.211136,0.012398,0.194322
ACTGAATGGCGAAAGT-1,0.552814,0.298863,0.000139,0.000139,0.000139,0.000139,0.147768
ACTGCCCGCCATTCTC-1,0.05738,0.046734,0.064751,0.417604,0.355896,0.011721,0.045915
ACTGCCGTCGTAACTC-1,0.000079,0.000079,0.000474,0.000079,0.006474,0.000079,0.992737
ACTGCGGACACACCGT-1,0.130413,0.062523,0.029856,0.106166,0.036358,0.146647,0.488037
ACTGCTCGGAAGGATG-1,0.000163,0.622554,0.000163,0.000163,0.000163,0.000163,0.376633
ACTGGCGAACCTGCGT-1,0.000052,0.017381,0.015496,0.059647,0.102691,0.017248,0.787484
ACTGTACGATACACAT-1,0.000083,0.027534,0.041044,0.057758,0.014247,0.100217,0.759116
ACTGTAGCACTTTGGA-1,0.000118,0.074351,0.000118,0.020686,0.000118,0.000118,0.90449
ACTGTATACGCGAGCA-1,0.035536,0.052722,0.058854,0.069599,0.136293,0.014099,0.632898
ACTGTCCAGGATTATA-1,0.000059,0.021185,0.126953,0.718429,0.067613,0.002773,0.062987
ACTGTCTTCTTTAGAA-1,0.025404,0.031748,0.00008,0.05999,0.477086,0.00008,0.405612
ACTGTGCTAGTAGATC-1,0.031161,0.024329,0.092227,0.102263,0.172876,0.032193,0.544951
ACTTACCGGGCGCGCA-1,0.162346,0.065636,0.001138,0.041668,0.003791,0.009987,0.715434
ACTTACGCATCCACGC-1,0.000067,0.000067,0.02124,0.458424,0.093348,0.068175,0.358678
ACTTAGTACGACAAGA-1,0.074151,0.086473,0.232046,0.000052,0.038302,0.031254,0.537721
ACTTATACTTACCCGG-1,0.077088,0.078073,0.018148,0.051215,0.070525,0.021838,0.683113
ACTTATTAGGATCGGT-1,0.000079,0.000052,0.075583,0.628512,0.029412,0.26626,0.000103
ACTTATTTATGTGCCA-1,0.169728,0.083139,0.00458,0.003057,0.045099,0.264834,0.429563
ACTTCAGGCTGATCCC-1,0.000078,0.000078,0.011444,0.237029,0.096063,0.162034,0.493274
ACTTCCAGTGGAAGCT-1,0.001728,0.06673,0.183583,0.283419,0.104535,0.136786,0.223219
