Barcode,Topic 1,Topic 2to6,Topic 7to10
AAACAAGTATCTCCCA-1,0.016653,0.607891,0.375455
AAACACCAATAACTGC-1,0.000024,0.842996,0.15698
AAACAGAGCGACTCCT-1,0.527155,0.433108,0.039737
AAACAGCTTTCAGAAG-1,0.124009,0.442544,0.433447
AAACAGGGTCTATATT-1,0.035613,0.754016,0.210371
AAACATGGTGAGAGGA-1,0.656652,0.04813,0.295218
AAACATTTCCCGGATT-1,0.009157,0.482606,0.508237
AAACCACTACACAGAT-1,0.061387,0.295339,0.643274
AAACCCGAACGAAATC-1,0.016654,0.536148,0.447198
AAACCGGAAATGTTAA-1,0.044408,0.433298,0.522295
AAACCGGGTAGGTACC-1,0.022773,0.832043,0.145185
AAACCGTTCGTCCAGG-1,0.000031,0.496513,0.503455
AAACCTAAGCAGCCGG-1,0.026048,0.56777,0.406182
AAACCTCATGAAGTTG-1,0.214333,0.739209,0.046458
AAACGAAGAACATACC-1,0.999039,0.000534,0.000427
AAACGAAGATGGAGTA-1,0.766899,0.184436,0.048665
AAACGACAGTCTTGCC-1,0.10597,0.643982,0.250048
AAACGAGACGGTTGAT-1,0.115448,0.817346,0.067206
AAACGCCCGAGATCGG-1,0.213093,0.526229,0.260678
AAACGGGCGTACGGGT-1,0.00002,0.273042,0.726938
AAACGGTTGCGAACTG-1,0.036857,0.661499,0.301643
AAACGTGTTCGCCCTA-1,0.709429,0.146392,0.144179
AAACTAACGTGGCGAC-1,0.190168,0.784301,0.025531
AAACTCGGTTCGCAAT-1,0.139571,0.365884,0.494545
AAACTCGTGATATAAG-1,0.35004,0.486963,0.162997
AAACTGCTGGCTCCAA-1,0.016993,0.619933,0.363074
AAACTTAATTGCACGC-1,0.120082,0.669183,0.210735
AAACTTGCAAACGTAT-1,0.000032,0.832964,0.167005
AAAGAATGACCTTAGA-1,0.2666,0.564465,0.168934
AAAGACCCAAGTCGCG-1,0.182958,0.816915,0.000127
AAAGACTGGGCGCTTT-1,0.752991,0.151161,0.095848
AAAGCTTGCCTACATA-1,0.113253,0.329495,0.557252
AAAGGCCCTATAATAC-1,0.000019,0.5471,0.452881
AAAGGCTACGGACCAT-1,0.104978,0.625606,0.269416
AAAGGCTCTCGCGCCG-1,0.000018,0.111492,0.88849
AAAGGGATGTAGCAAG-1,0.071829,0.925648,0.002523
AAAGGGCAGCTTGAAT-1,0.015402,0.241381,0.743217
AAAGGTAAGCTGTACC-1,0.063679,0.836648,0.099673
AAAGTAGCATTGCTCA-1,0.010785,0.735395,0.253821
AAAGTCACTGATGTAA-1,0.00819,0.991594,0.000217
AAAGTCGACCCTCAGT-1,0.097064,0.702428,0.200508
AAAGTGCCATCAATTA-1,0.091378,0.409656,0.498967
AAAGTGTGATTTATCT-1,0.021607,0.813888,0.164505
AAAGTTGACTCCCGTA-1,0.015267,0.733963,0.25077
AAATAACCATACGGGA-1,0.179515,0.720905,0.09958
AAATAAGGTAGTGCCC-1,0.02662,0.658641,0.314739
AAATACCTATAAGCAT-1,0.000023,0.164585,0.835392
AAATAGCTTAGACTTT-1,0.134744,0.674217,0.191039
AAATAGGGTGCTATTG-1,0.018766,0.465091,0.516143
AAATCCGATACACGCC-1,0.051489,0.497586,0.450925
AAATCGCGGAAGGAGT-1,0.867714,0.085145,0.047141
AAATCGTGTACCACAA-1,0.102105,0.708099,0.189796
AAATCTAGCCCTGCTA-1,0.000027,0.733084,0.266889
AAATGATTCGATCAGC-1,0.007298,0.444247,0.548454
AAATGCTCGTTACGTT-1,0.002574,0.997144,0.000282
AAATGGCATGTCTTGT-1,0.998905,0.000608,0.000487
AAATGGCCCGTGCCCT-1,0.018013,0.611476,0.370511
AAATGGTCAATGTGCC-1,0.059219,0.746497,0.194284
AAATGTATCTTATCCC-1,0.120039,0.067392,0.812569
AAATTAACGGGTAGCT-1,0.579186,0.271943,0.148871
AAATTAATAAGCGCGA-1,0.153752,0.6261,0.220147
AAATTACACGACTCTG-1,0.869494,0.129993,0.000513
AAATTACCTATCGATG-1,0.201791,0.57648,0.221729
AAATTCCAGGTCCAAA-1,0.03361,0.596322,0.370068
AAATTGATAGTCCTTT-1,0.042693,0.649718,0.30759
AAATTGCGGCGGTTCT-1,0.485663,0.51413,0.000208
AAATTGGTGAGAAGCA-1,0.73825,0.025288,0.236461
AAATTTACCGAAATCC-1,0.035976,0.850056,0.113968
AAATTTGCGGGTGTGG-1,0.003149,0.68214,0.314711
AACAACTGGTAGTTGC-1,0.998308,0.00094,0.000752
AACAATACATTGTCGA-1,0.018935,0.847866,0.133199
AACAATTACTCTACGC-1,0.265748,0.72992,0.004333
AACACACGCTCGCCGC-1,0.391941,0.451625,0.156434
AACACGACTGTACTGA-1,0.073529,0.902069,0.024403
AACACGAGACGCGGCC-1,0.000021,0.424673,0.575306
AACACGCGGCCGCGAA-1,0.452752,0.546876,0.000371
AACAGCTGTGTGGCAA-1,0.000017,0.454189,0.545794
AACAGGAAATCGAATA-1,0.061804,0.744127,0.194069
AACAGGATGGGCCGCG-1,0.093444,0.44477,0.461786
AACAGGTAGTATGGAT-1,0.049527,0.421104,0.529369
AACATATCAACTGGTG-1,0.032016,0.758511,0.209473
AACATCGATACGTCTA-1,0.329933,0.136152,0.533915
AACATTGAAGTTGATC-1,0.000022,0.109151,0.890827
AACATTGTGACTCGAG-1,0.113589,0.802052,0.084359
AACCAAGACTTCTCTG-1,0.000444,0.507302,0.492255
AACCAGTATCACTCTT-1,0.000052,0.999738,0.00021
AACCATAGGGTTGAAC-1,0.070613,0.85095,0.078437
AACCATGGGATCGCTA-1,0.000046,0.999772,0.000182
AACCCAGAGACGGAGA-1,0.000042,0.999791,0.000168
AACCCATCCCATGATC-1,0.000014,0.141715,0.858272
AACCCGACAACCCGTG-1,0.247792,0.489383,0.262825
AACCCGAGCAGAATCG-1,0.018124,0.796404,0.185472
AACCCGATAGGGCTTC-1,0.000054,0.891369,0.108577
AACCCTACTGTCAATA-1,0.000035,0.795876,0.204088
AACCCTGGTGGAACCA-1,0.502251,0.497188,0.000561
AACCGAGCTTGGTCAT-1,0.157679,0.529162,0.31316
AACCGCTAAGGGATGC-1,0.00534,0.597486,0.397174
AACCGTTGTGTTTGCT-1,0.301385,0.698305,0.000309
AACCTCGCTTTAGCCC-1,0.245018,0.208652,0.546329
AACCTGTCACGGAATT-1,0.061753,0.261976,0.676272
AACCTTTAAATACGGT-1,0.089401,0.460883,0.449716
AACCTTTACGACGTCT-1,0.042888,0.608054,0.349058
AACGAAAGTCGTCCCA-1,0.979461,0.020149,0.00039
AACGATAATGCCGTAG-1,0.023806,0.11112,0.865074
AACGATAGAAGGGCCG-1,0.045342,0.940009,0.014649
AACGATATGTCAACTG-1,0.000048,0.075666,0.924285
AACGCATGATCTGGGT-1,0.066284,0.340475,0.59324
AACGCGAACGGCAACA-1,0.129314,0.870506,0.00018
AACGCGACCTTGGGCG-1,0.057656,0.748815,0.193529
AACGCGGTCTCCAGCC-1,0.021944,0.818313,0.159743
AACGCTGTTGCTGAAA-1,0.002008,0.213869,0.784123
AACGGACGTACGTATA-1,0.011759,0.453342,0.534899
AACGGCCATCTCCGGT-1,0.000032,0.710962,0.289007
AACGTACTGTGGGTAC-1,0.000028,0.211444,0.788528
AACGTCAGACTAGTGG-1,0.761907,0.111649,0.126444
AACGTGATGAAGGACA-1,0.003366,0.340329,0.656305
AACGTGCGAAAGTCTC-1,0.008542,0.235184,0.756273
AACGTTATCAGCACCT-1,0.330968,0.34662,0.322412
AACTACCCGTTTGTCA-1,0.110866,0.614679,0.274455
AACTAGCGTATCGCAC-1,0.163556,0.814941,0.021504
AACTAGGCTTGGGTGT-1,0.067488,0.42879,0.503722
AACTCAAGTTAATTGC-1,0.999469,0.000295,0.000236
AACTCCAGAGCGTGTT-1,0.000041,0.895016,0.104943
AACTCCTAATCCCATG-1,0.050569,0.760468,0.188963
AACTCGATAAACACGT-1,0.000083,0.999585,0.000332
AACTCGATGGCGCAGT-1,0.069904,0.92978,0.000316
AACTCTCAATAGAGCG-1,0.033434,0.216221,0.750345
AACTCTCAGTGTGCTC-1,0.034568,0.744581,0.220851
AACTGAGGTCAGCGTC-1,0.030412,0.547652,0.421936
AACTGAGTTATACTGA-1,0.027388,0.611047,0.361566
AACTGATATTAGGCCT-1,0.000056,0.999718,0.000226
AACTGGGTCCCGACGT-1,0.416237,0.583469,0.000294
AACTGGGTTCGAGCCG-1,0.104453,0.639644,0.255903
AACTGGTGTGGGCCTT-1,0.941411,0.057831,0.000758
AACTTCTGCGTCTATC-1,0.000066,0.999671,0.000263
AACTTGCCCGTATGCA-1,0.953879,0.045681,0.000441
AACTTGCGTTCTCGCG-1,0.354407,0.645172,0.000422
AACTTTACGGGAGCTT-1,0.243086,0.219067,0.537847
AACTTTAGCTGCTGAG-1,0.207064,0.276527,0.516409
AACTTTCTCGATCATG-1,0.002235,0.13387,0.863895
AAGAAATCACCAGATT-1,0.011936,0.473342,0.514722
AAGAAGGATCAGTTAG-1,0.000035,0.34344,0.656524
AAGACATACGTGGTTT-1,0.050684,0.397962,0.551354
AAGACCAAATAACTCA-1,0.186397,0.812222,0.001381
AAGACCCAACTGAACA-1,0.009916,0.484104,0.505981
AAGACTAACCCGTTGT-1,0.998841,0.000644,0.000515
AAGACTGCAAGCTACT-1,0.068404,0.813407,0.118189
AAGAGATGAATCGGTA-1,0.458658,0.374235,0.167107
AAGAGCTCTTTATCGG-1,0.082248,0.908872,0.00888
AAGAGGATGTACGCGA-1,0.000412,0.982663,0.016925
AAGAGGCATGGATCGC-1,0.886401,0.051116,0.062482
AAGAGGCCCTTTGGAA-1,0.504376,0.255497,0.240127
AAGATGGCACCGGACC-1,0.077129,0.556892,0.365979
AAGATTGGCGGAACGT-1,0.178748,0.196107,0.625146
AAGCACCCTGCGTATC-1,0.462398,0.514417,0.023185
AAGCATACTCTCCTGA-1,0.354603,0.278494,0.366903
AAGCCGAAGCGGTTTA-1,0.379013,0.589015,0.031972
AAGCCGCCGTGAAATC-1,0.00001,0.036081,0.963909
AAGCCGCTTTACCTTG-1,0.038353,0.30157,0.660078
AAGCCGGAGAGCAGGA-1,0.349215,0.361796,0.288989
AAGCGCAGGGCTTTGA-1,0.027903,0.797805,0.174292
AAGCGGAGTGCGCGCA-1,0.017006,0.617748,0.365246
AAGCGGCGTCATGGGT-1,0.61555,0.327667,0.056783
AAGCGTCCCTCATCGA-1,0.095721,0.428581,0.475698
AAGCTAGATCGAGTAA-1,0.00003,0.691217,0.308753
AAGCTCGTGCCAAGTC-1,0.067211,0.66331,0.269479
AAGCTCTTTCATGGTG-1,0.112269,0.767194,0.120538
AAGGAGCGGTTGGTGC-1,0.034863,0.839527,0.12561
AAGGATCGATCGCTTG-1,0.000031,0.53263,0.467339
AAGGATGAGGGACCTC-1,0.007766,0.6986,0.293634
AAGGCAGGCTGTCTCC-1,0.003794,0.465121,0.531085
AAGGCGCGTAAAGCTT-1,0.998899,0.000611,0.000489
AAGGCTGTGCTCATCG-1,0.07736,0.47909,0.44355
AAGGGAACGACTGGCT-1,0.200754,0.433541,0.365706
AAGGGACAGATTCTGT-1,0.999533,0.000259,0.000207
AAGGGACTATGCATTC-1,0.000024,0.317849,0.682127
AAGGGTTTGATTTCAG-1,0.651969,0.199743,0.148288
AAGGTATCCTAATATA-1,0.046094,0.248928,0.704978
AAGGTGATAAACCAGC-1,0.000032,0.471648,0.52832
AAGTAGAAGACCGGGT-1,0.343392,0.331335,0.325273
AAGTAGTGACGCGAGG-1,0.418841,0.538228,0.042931
AAGTCAATTGTCGTCA-1,0.262778,0.64182,0.095402
AAGTCTAGTAGCTGCC-1,0.151282,0.670867,0.177851
AAGTCTTCTGTGGCCT-1,0.417123,0.218311,0.364567
AAGTGACGACCGAATT-1,0.000021,0.300559,0.69942
AAGTGAGTCGGGTTTA-1,0.6313,0.228903,0.139796
AAGTGCAAAGGTAGAC-1,0.999279,0.000401,0.000321
AAGTGCCTTGACTGTA-1,0.088257,0.363426,0.548317
AAGTGCGTTAGAATCT-1,0.037301,0.543927,0.418772
AAGTGCTTCTCTATTG-1,0.015713,0.837195,0.147092
AAGTGTTTGGAGACGG-1,0.064288,0.258077,0.677635
AAGTTCACTCCAAGCT-1,0.000037,0.901365,0.098597
AAGTTCAGTCTGCGTA-1,0.622684,0.246724,0.130592
AAGTTCGGCCAACAGG-1,0.026288,0.76495,0.208763
AAGTTGTGATGTTATA-1,0.000053,0.940161,0.059786
AAGTTTACTAATGGCA-1,0.905474,0.093951,0.000575
AAGTTTATGGGCCCAA-1,0.000343,0.503551,0.496106
AATAACAACGCTCGGC-1,0.054062,0.815016,0.130922
AATAACACTAGAACAA-1,0.000023,0.585236,0.414741
AATAAGTCCTCGAGAC-1,0.187053,0.812721,0.000226
AATAATCTTCGTATCG-1,0.000024,0.253169,0.746807
AATACAATGTTTCAGG-1,0.262216,0.627301,0.110483
AATACCGGAGGGCTGT-1,0.012334,0.868836,0.11883
AATAGAACAGAGTGGC-1,0.00258,0.94097,0.05645
AATAGAATCTGTTTCA-1,0.000042,0.963987,0.035971
AATAGCAAGCCTCCTG-1,0.758575,0.176976,0.064448
AATAGCTACCGCGTGC-1,0.089655,0.780874,0.129472
AATAGTCCGTCCCGAC-1,0.072283,0.776017,0.1517
AATAGTCGCGAGTCGG-1,0.091518,0.321256,0.587226
AATATCAAGGTCGGAT-1,0.077101,0.916255,0.006643
AATATCCTAGCAAACT-1,0.999086,0.000508,0.000406
AATATCGAATCAATGC-1,0.346231,0.481966,0.171803
AATATCGAGGGTTCTC-1,0.07265,0.641026,0.286325
AATATTGGAGTATTGA-1,0.000026,0.114929,0.885045
AATCAGACTGCAGGAC-1,0.469514,0.530093,0.000393
AATCAGGTTTCATTTA-1,0.000033,0.379373,0.620595
AATCATGTAAAGACTC-1,0.035984,0.730148,0.233868
AATCCAAGGGCCTGAG-1,0.08123,0.918579,0.000191
AATCCATGCAAGGGTG-1,0.691058,0.308223,0.000718
AATCGCCTCAGCGCCA-1,0.051256,0.666772,0.281972
AATCGCGCAGAGGACT-1,0.004518,0.659065,0.336417
AATCGGGACACTACGA-1,0.785854,0.149316,0.06483
AATCGTGAGCCGAGCA-1,0.000015,0.102914,0.897071
AATCTAGGTTTACTTG-1,0.181613,0.795671,0.022716
AATCTATGCCGGAGCC-1,0.007078,0.467955,0.524967
AATCTCTACTGTGGTT-1,0.05545,0.812734,0.131816
AATCTGCGTTGGGACG-1,0.039918,0.601377,0.358705
AATCTGGCTTTCTAGT-1,0.117484,0.613276,0.26924
AATCTGGGTAGACCCT-1,0.003477,0.968752,0.027771
AATGACAGCAATGTCT-1,0.000039,0.490993,0.508969
AATGACGTAGGATGTC-1,0.000047,0.756636,0.243317
AATGACTGTCAGCCGG-1,0.17376,0.208217,0.618023
AATGAGTTCGCATATG-1,0.032918,0.966774,0.000307
AATGATGATACGCTAT-1,0.0469,0.254681,0.69842
AATGATGCGACTCCTG-1,0.055056,0.608786,0.336158
AATGCAACCGGGTACC-1,0.613087,0.276756,0.110158
AATGCACCAAGCAATG-1,0.044441,0.777765,0.177794
AATGGCCGCCAATGCG-1,0.001844,0.498914,0.499242
AATGGTCCACCGTTCA-1,0.879103,0.120027,0.00087
AATGGTTCTCACAAGC-1,0.078705,0.805054,0.116241
AATGTATGGCACTGTA-1,0.191236,0.426373,0.382392
AATGTGCCCGAGGTGT-1,0.000039,0.711257,0.288704
AATGTGCTAATCTGAG-1,0.000021,0.12505,0.874929
AATGTTGTCGTGAGAC-1,0.121653,0.264729,0.613618
AATTAAAGGTCGGCGT-1,0.159639,0.628671,0.21169
AATTAACGGATTTCCA-1,0.000037,0.640019,0.359943
AATTACGAGACCCATC-1,0.551415,0.301284,0.1473
AATTACTCGTACGCTC-1,0.820914,0.098417,0.08067
AATTAGCGCTGCAGCG-1,0.22811,0.768463,0.003426
AATTCATAAGGGATCT-1,0.092521,0.305412,0.602067
AATTCATTGTCATGCA-1,0.206229,0.570161,0.22361
AATTCCAAGCATGTAC-1,0.09681,0.65715,0.24604
AATTCGATTCGAGGAT-1,0.075645,0.23168,0.692675
AATTCTAGAGTTAGGC-1,0.000028,0.05927,0.940702
AATTGAACGCTCTGGT-1,0.000045,0.665448,0.334507
AATTGCAGCAATCGAC-1,0.000034,0.802788,0.197178
AATTGCGTGGATTACA-1,0.179235,0.544069,0.276696
AATTGTGGTTGCCAAA-1,0.012814,0.556604,0.430582
AATTTGGGACATAGTA-1,0.045815,0.5948,0.359385
AATTTGGTTCCAAAGA-1,0.558972,0.440537,0.000491
ACAAACCATGCGTCCT-1,0.133596,0.585328,0.281076
ACAAAGAAGGTAGGCC-1,0.999556,0.000246,0.000197
ACAAAGCATGACCTAG-1,0.000019,0.658673,0.341308
ACAAATCGCACCGAAT-1,0.37873,0.550238,0.071032
ACAAATGGTAGTGTTT-1,0.00002,0.000817,0.999162
ACAAATTCAGATCTGA-1,0.000021,0.401799,0.598181
ACAACAGCATGAGCTA-1,0.965589,0.000419,0.033993
ACAACGGTCCCTGCGA-1,0.192047,0.470761,0.337192
ACAAGCAGTGCCTAGC-1,0.091049,0.478812,0.430138
ACAAGCTATATGGAAG-1,0.422746,0.001188,0.576066
ACAAGGAAATCCGCCC-1,0.13176,0.481297,0.386943
ACAAGGACAAGAGGTT-1,0.257262,0.74255,0.000188
ACAAGGATGCTTTAGG-1,0.007618,0.866627,0.125755
ACAAGGCCTACCAGCC-1,0.019787,0.971925,0.008289
ACAAGGGCAGGCTCTG-1,0.063093,0.843822,0.093085
ACAATAGTCGTACGTT-1,0.000044,0.787017,0.212939
ACAATCCATTTAAACC-1,0.040345,0.527856,0.431799
ACAATGAATACGGAGA-1,0.00708,0.929156,0.063765
ACAATGATTCTTCTAC-1,0.005065,0.629709,0.365226
ACAATTGTGTCTCTTT-1,0.002607,0.38263,0.614764
ACAATTTAGGAGGCTC-1,0.357582,0.522767,0.119652
ACAATTTGAGCAGTGG-1,0.00969,0.878178,0.112132
ACAATTTGGCCATATT-1,0.034779,0.458477,0.506744
ACACAAAGACGGGTGG-1,0.841763,0.157542,0.000695
ACACAAATATTCCTAG-1,0.015197,0.779684,0.205119
ACACACCAGGACCAGT-1,0.140049,0.252218,0.607733
ACACACTTTCTACACG-1,0.066865,0.581444,0.351691
ACACATGATCAAATCT-1,0.000021,0.656702,0.343277
ACACATTGACGCAACA-1,0.073526,0.801037,0.125437
ACACCACATAATTAGC-1,0.022401,0.818815,0.158784
ACACCCAGCATGCAGC-1,0.856692,0.14228,0.001029
ACACCCGAGAAATCCG-1,0.038688,0.260455,0.700857
ACACCGAGCGCTCTTT-1,0.241921,0.018773,0.739306
ACACCGGTCTGACCGC-1,0.114227,0.289589,0.596185
ACACCTTAAGTAGGGC-1,0.056964,0.449691,0.493345
ACACCTTACTACTTGC-1,0.000029,0.237361,0.76261
ACACGAGACTCCTTCT-1,0.834074,0.018474,0.147452
ACACGGCACTATGCAT-1,0.998548,0.000807,0.000645
ACACGGGAACTTAGGG-1,0.07455,0.443054,0.482396
ACACGTAGGCCACAAG-1,0.010244,0.687442,0.302315
ACACTCCAATGTCACT-1,0.057883,0.57749,0.364628
ACACTGATCAAGGTGT-1,0.010141,0.851364,0.138495
ACACTGGGACAGTCGT-1,0.000046,0.651276,0.348677
ACAGAACTGAGAACAA-1,0.218532,0.403693,0.377775
ACAGATTAGGTTAGTG-1,0.089922,0.891806,0.018272
ACAGCATAGAGCCAGT-1,0.729943,0.269632,0.000425
ACAGCGACATTCTCAT-1,0.000039,0.715949,0.284012
ACAGCGCACCCGCAGC-1,0.058668,0.941171,0.000161
ACAGGCTTGCCCGACT-1,0.300767,0.670139,0.029095
ACAGGTGGAGGTGAGG-1,0.000019,0.118166,0.881815
ACAGGTGTGTTGTTGC-1,0.552657,0.000867,0.446476
ACAGTAATACAACTTG-1,0.716221,0.20629,0.077489
ACAGTATACCGTGGGA-1,0.061746,0.377053,0.561201
ACATAAGTCGTGGTGA-1,0.999446,0.000308,0.000246
ACATAATAAGGCGGTG-1,0.011876,0.711153,0.276971
ACATCAGCTGGGACGC-1,0.233587,0.374105,0.392309
ACATCCCGGCCATACG-1,0.004394,0.03769,0.957916
ACATCCTGGTAACTGT-1,0.009334,0.570586,0.42008
ACATCGATCGTTTACC-1,0.074555,0.14623,0.779214
ACATCGGTCAGCCGCG-1,0.085901,0.65053,0.263569
ACATCGTATGCAATGG-1,0.000056,0.819953,0.179991
ACATCGTTAACCTAGT-1,0.000052,0.99039,0.009558
ACATCTCAACGCGTAA-1,0.251489,0.383415,0.365097
ACATGGCGCCAAAGTA-1,0.001873,0.91008,0.088047
ACATGGCTCAATTTAG-1,0.073479,0.767381,0.15914
ACATTAGTTTATATCC-1,0.413015,0.497129,0.089857
ACCAAACACCCAGCGA-1,0.029495,0.720128,0.250376
ACCAACACCACACACT-1,0.000023,0.521773,0.478205
ACCAACCGCACTCCAC-1,0.000021,0.542315,0.457664
ACCAACGCTTATTTAT-1,0.046579,0.801117,0.152305
ACCAAGAACGCGTGTC-1,0.225243,0.628491,0.146266
ACCAATATGCAAGTTA-1,0.115321,0.75065,0.134029
ACCACAACTCAGAACA-1,0.000034,0.757461,0.242506
ACCACAAGTTTCTATC-1,0.039688,0.86253,0.097782
ACCACCAATGTAACAA-1,0.052507,0.760879,0.186614
ACCACCCTCTCTTCTA-1,0.044406,0.698809,0.256785
ACCACGTGCAGCTATA-1,0.01822,0.954909,0.026871
ACCACTGTTCAAGAAG-1,0.611789,0.072952,0.31526
ACCAGACCATAACAAC-1,0.300739,0.545676,0.153585
ACCAGCCCGGTCTTTG-1,0.08224,0.917559,0.0002
ACCAGTGCCCGGTCAA-1,0.034935,0.347161,0.617904
ACCAGTGCGGGAGACG-1,0.062017,0.409746,0.528237
ACCATATCCGCAATAA-1,0.033713,0.533648,0.432639
ACCATCCGCCAACTAG-1,0.001112,0.789451,0.209437
ACCATCGTATATGGTA-1,0.350372,0.547869,0.101759
ACCATTAAGGGTGTCA-1,0.340897,0.658118,0.000986
ACCCAACGCCCGTGGC-1,0.85744,0.021849,0.12071
ACCCACCTACATGCTC-1,0.467434,0.532256,0.000309
ACCCATCTTGAGGGTA-1,0.944117,0.055523,0.00036
ACCCATTTGTCCCTCT-1,0.000027,0.506542,0.493431
ACCCGAGCGAAATTAC-1,0.001,0.451496,0.547504
ACCCGATTGGTTCCGA-1,0.001694,0.127496,0.87081
ACCCGGAAACTCCCAG-1,0.057016,0.719238,0.223746
ACCCGGAGCACCACAA-1,0.066554,0.427992,0.505454
ACCCGGATGACGCATC-1,0.015149,0.662488,0.322364
ACCCGGTTACACTTCC-1,0.999431,0.000316,0.000253
ACCCGTAGTCTAGTTG-1,0.0001,0.925633,0.074267
ACCCGTGTCATCAGTA-1,0.00003,0.265169,0.734801
ACCCTATAGGACTGAG-1,0.004562,0.995158,0.00028
ACCCTATGCCATATCG-1,0.010251,0.854735,0.135014
ACCCTCCCTTGCTATT-1,0.089865,0.282389,0.627746
ACCCTGGTAACGCCCT-1,0.0156,0.203546,0.780854
ACCCTTCATCTGCGAA-1,0.183514,0.701297,0.115189
ACCCTTGCCTGGGTCG-1,0.070625,0.21045,0.718925
ACCCTTTAGTTCTCCA-1,0.00004,0.87996,0.12
ACCGAAAGGGCCCTGC-1,0.91164,0.001045,0.087316
ACCGAAGAGTCTGGTT-1,0.754223,0.245332,0.000445
ACCGACACATCTCCCA-1,0.059182,0.268529,0.672288
ACCGACTGAGTCCCAC-1,0.115763,0.830544,0.053693
ACCGATAGGCATAACC-1,0.000036,0.664372,0.335592
ACCGATATTTAATCAT-1,0.045089,0.746734,0.208177
ACCGATGGTAGCATCG-1,0.244995,0.585802,0.169203
ACCGCAATAACTGCCT-1,0.013637,0.396925,0.589437
ACCGCGGTGGAAGTCG-1,0.000021,0.032236,0.967743
ACCGGGCCTTTGTTGA-1,0.459644,0.243464,0.296892
ACCGGTCAGGTACACC-1,0.012962,0.931098,0.055939
ACCGGTCTGAGTACGG-1,0.000031,0.548006,0.451964
ACCGTCCACTGGGCCC-1,0.137804,0.561815,0.300381
ACCGTGACCACGTGGG-1,0.014039,0.10664,0.879321
ACCGTTCCCGCTCTGA-1,0.998753,0.000693,0.000554
ACCTAAGTACCTTTCA-1,0.000018,0.0586,0.941382
ACCTAATCGACTTCCT-1,0.642576,0.356215,0.001209
ACCTACAGTATGTGGT-1,0.005062,0.281355,0.713583
ACCTACTATAAATCTA-1,0.103639,0.470124,0.426237
ACCTCCGCCCTCGCTG-1,0.000288,0.666989,0.332723
ACCTCCGTTATTCACC-1,0.025145,0.243825,0.731029
ACCTCGAACTTATGCT-1,0.073819,0.794626,0.131555
ACCTGCGTGTCATGTT-1,0.002787,0.776353,0.22086
ACGAAATGGGCGGCAC-1,0.061002,0.197705,0.741293
ACGACCCATGAGTTGC-1,0.117745,0.646963,0.235292
ACGACTGGTCATACTC-1,0.003009,0.348137,0.648854
ACGAGAACCCATCACG-1,0.999017,0.000546,0.000437
ACGAGATATTTGCTTA-1,0.003296,0.518854,0.477851
ACGAGGATACCACTCT-1,0.459044,0.323074,0.217882
ACGAGGTTTACAACGT-1,0.114687,0.643807,0.241506
ACGAGTACGGATGCCC-1,0.825007,0.054037,0.120956
ACGATACATAGAACTA-1,0.105079,0.756438,0.138482
ACGATACCTATCCTGA-1,0.174123,0.003933,0.821945
ACGATCATACATAGAG-1,0.079418,0.863543,0.057039
ACGATCATCTTGTAAA-1,0.498507,0.381725,0.119768
ACGATGCATATGTTAT-1,0.965969,0.015242,0.018789
ACGATGGATCCGATGC-1,0.280778,0.718927,0.000295
ACGCAAACTAATAGAT-1,0.194981,0.480243,0.324776
ACGCAATCACTACAGC-1,0.104006,0.677576,0.218419
ACGCATAAATGACATG-1,0.363687,0.478573,0.15774
ACGCATACGTTTACTA-1,0.050156,0.374595,0.575249
ACGCATTCGTGAGTAC-1,0.058742,0.208108,0.73315
ACGCCAGATGATTTCT-1,0.000065,0.999673,0.000262
ACGCCGCTAGACGACC-1,0.0944,0.086035,0.819566
ACGCGAAGTCAGACGA-1,0.834764,0.011401,0.153835
ACGCGCTACACAGGGT-1,0.00004,0.860689,0.13927
ACGCGGGCCAAGGACA-1,0.32042,0.597087,0.082493
ACGCGTTTCTTAAGAG-1,0.177659,0.609594,0.212747
ACGCTAGTGATACACT-1,0.010181,0.531107,0.458712
ACGCTGTGAGGCGTAG-1,0.423239,0.576436,0.000325
ACGCTTAGTGTCTCTC-1,0.159469,0.7146,0.125931
ACGGAATTTAGCAAAT-1,0.062823,0.895235,0.041942
ACGGACTCTCAAAGCG-1,0.076375,0.246048,0.677577
ACGGAGCGCAAATTAC-1,0.050543,0.882157,0.067301
ACGGATGGTGCGGATA-1,0.038675,0.844249,0.117076
ACGGCACTTGCTTGGG-1,0.217119,0.0838,0.699081
ACGGCCAACATGGACT-1,0.110906,0.154981,0.734112
ACGGCGACGATGGGAA-1,0.000022,0.106626,0.893352
ACGGCGGGTTGCCCTG-1,0.516024,0.402928,0.081048
ACGGCTGGATGTAGAA-1,0.432077,0.125936,0.441987
ACGGGAGTGTCGGCCC-1,0.002049,0.341264,0.656686
ACGGGCGTATGCGACA-1,0.567457,0.257013,0.17553
ACGGGTCATGTGACTT-1,0.356145,0.6437,0.000155
ACGTACAGATTTCTCT-1,0.176933,0.583155,0.239912
ACGTAGATTGCTGATG-1,0.069386,0.336439,0.594175
ACGTATTACTCCGATC-1,0.01329,0.1388,0.84791
ACGTCGGGCAACTCGG-1,0.076697,0.735546,0.187757
ACGTCTCGTTCCGGGA-1,0.554348,0.324285,0.121367
ACGTGACAAAGTAAGT-1,0.999598,0.000223,0.000179
ACGTGCGCCTCGTGCA-1,0.059846,0.939917,0.000236
ACGTTAATGTCGAAGA-1,0.080196,0.256176,0.663628
ACGTTAGATTTGCCCG-1,0.061267,0.55525,0.383483
ACGTTATTGGTCACTC-1,0.44665,0.552542,0.000808
ACGTTCCGCGCTCCGT-1,0.998795,0.00067,0.000536
ACGTTCGCAATCAATT-1,0.013538,0.616751,0.369711
ACGTTCGTTCAGGAAA-1,0.00005,0.634961,0.364989
ACGTTCTGTACAAGTC-1,0.052005,0.591712,0.356283
ACGTTTAGTTGTGATC-1,0.814853,0.133309,0.051839
ACTAAGGACGCACACC-1,0.004822,0.41062,0.584558
ACTAATACGTCAGGCG-1,0.05633,0.641075,0.302595
ACTACATCCCGACAAG-1,0.781674,0.218167,0.000159
ACTACCAGCTCTCTGG-1,0.46526,0.534377,0.000363
ACTACGCGTTAGAATT-1,0.013162,0.432005,0.554833
ACTAGTTGCGATCGTC-1,0.725846,0.176388,0.097766
ACTATATGCTGTGTTC-1,0.131496,0.806132,0.062372
ACTATCCAGGGCATGG-1,0.072207,0.35468,0.573113
ACTATCGCCGGCTAAA-1,0.12118,0.059534,0.819286
ACTATCTGCCCGCGTA-1,0.011006,0.586912,0.402081
ACTATGTCCAGCTGCC-1,0.061047,0.818948,0.120004
ACTATTCGTCCGTGGT-1,0.000039,0.488314,0.511647
ACTATTTCCGGGCCCA-1,0.000022,0.257594,0.742384
ACTCAACGAATGTATT-1,0.8859,0.004812,0.109288
ACTCAAGTGCAAGGCT-1,0.004653,0.773105,0.222242
ACTCAATAAAGGCACG-1,0.000041,0.911648,0.088311
ACTCAGACCTGCTTCT-1,0.021515,0.978285,0.0002
ACTCATGGCAGCCTTC-1,0.037623,0.643433,0.318944
ACTCCAATATCATCAT-1,0.016979,0.105631,0.877389
ACTCCCATTCCTAAAG-1,0.008074,0.899551,0.092375
ACTCCCGAATTCGTTT-1,0.058913,0.642133,0.298954
ACTCCCGTAGACTAGG-1,0.044433,0.778253,0.177315
ACTCCCTAATGCTAAA-1,0.165971,0.756553,0.077476
ACTCCCTAGAATAGTA-1,0.024234,0.036491,0.939275
ACTCGATGTATTTCAT-1,0.973924,0.025681,0.000395
ACTCGCCGTTCGATAA-1,0.00003,0.464866,0.535104
ACTCGCGATCTGACGC-1,0.051377,0.771657,0.176966
ACTCGTAACCCGTCCT-1,0.000026,0.229797,0.770177
ACTCGTCAGTAATCCC-1,0.058654,0.884147,0.057199
ACTCTAAACCTGGGAT-1,0.050507,0.000108,0.949385
ACTCTCTGACTTAGGT-1,0.000054,0.618498,0.381447
ACTCTCTTATACACGA-1,0.086071,0.333667,0.580262
ACTCTTCAGCTCCCGC-1,0.090102,0.047187,0.862711
ACTCTTGTATAGTAAC-1,0.071709,0.73781,0.190481
ACTGAAACGCCGTTAG-1,0.000035,0.972398,0.027568
ACTGAATGGCGAAAGT-1,0.000023,0.038682,0.961295
ACTGATTTAGTGATTC-1,0.202669,0.655789,0.141542
ACTGCCCGCCATTCTC-1,0.047894,0.660358,0.291748
ACTGCCGTCGTAACTC-1,0.089239,0.326464,0.584297
ACTGCGGACACACCGT-1,0.015475,0.022564,0.96196
ACTGCTCGGAAGGATG-1,0.604581,0.395064,0.000355
ACTGGCGAACCTGCGT-1,0.00002,0.393073,0.606907
ACTGTACGATACACAT-1,0.026326,0.820024,0.153649
ACTGTAGCACTTTGGA-1,0.996564,0.001909,0.001527
ACTGTATACGCGAGCA-1,0.000048,0.911179,0.088773
ACTGTCCAGGATTATA-1,0.40605,0.213215,0.380735
ACTGTCTTCTTTAGAA-1,0.99915,0.000472,0.000378
ACTGTGCTAGTAGATC-1,0.000056,0.991782,0.008162
ACTTACCGGGCGCGCA-1,0.067933,0.257331,0.674735
ACTTACGCATCCACGC-1,0.110095,0.707891,0.182014
ACTTAGTACGACAAGA-1,0.000033,0.661588,0.338379
ACTTATACTTACCCGG-1,0.005779,0.871932,0.122289
ACTTATTAGGATCGGT-1,0.080022,0.259897,0.660081
ACTTATTTATGTGCCA-1,0.000047,0.709342,0.290611
ACTTCAGGCTGATCCC-1,0.043757,0.63684,0.319402
ACTTCCAGTGGAAGCT-1,0.75733,0.206245,0.036425
ACTTCCATGCGGGACA-1,0.026638,0.855172,0.118191
ACTTCGCCATACGCAC-1,0.022928,0.686071,0.291001
ACTTCGCTAGCGAGTG-1,0.018939,0.573779,0.407282
ACTTGACTCCCTCTTT-1,0.000058,0.825705,0.174237
ACTTGCCATATTGTAC-1,0.123336,0.834841,0.041823
ACTTGCTCTATCTACC-1,0.217634,0.607641,0.174725
ACTTGGGACCCGGTGG-1,0.000025,0.320799,0.679176
ACTTGTAGTCCCTTCA-1,0.109075,0.837254,0.053671
ACTTGTGGATGGAACG-1,0.002902,0.777709,0.21939
ACTTTACCCTCATGAA-1,0.017895,0.397287,0.584818
ACTTTCCTATAGCTTC-1,0.998369,0.000906,0.000725
ACTTTGACTGCATCCT-1,0.148384,0.851393,0.000223
ACTTTGGTCGTGCTCC-1,0.941094,0.05859,0.000316
ACTTTGTCGACGCACT-1,0.036367,0.497286,0.466348
AGAAATTATGACTCGC-1,0.025579,0.525246,0.449175
AGAACCCAGCGTGACA-1,0.052511,0.787493,0.159996
AGAACCCTCAATTGGG-1,0.359265,0.591742,0.048993
AGAACGTGGTACATTC-1,0.00004,0.473578,0.526383
AGAAGAGCGCCGTTCC-1,0.000479,0.997607,0.001914
AGAAGGTACACTTCAC-1,0.078438,0.475634,0.445929
AGAAGGTTGCCGAATT-1,0.034934,0.645784,0.319282
AGAAGGTTGTAGGTCG-1,0.006807,0.120683,0.87251
AGAAGTGATTCGTGAT-1,0.000056,0.928263,0.071681
AGAATAAATCTTCAGG-1,0.083233,0.827529,0.089238
AGAATGCGGGTTCGGA-1,0.173969,0.602486,0.223545
AGAATTATGGATTCGA-1,0.060882,0.571469,0.367649
AGAATTGTTTGACATA-1,0.04722,0.952561,0.000219
AGACAGCTCAGAATCC-1,0.64189,0.355207,0.002902
AGACAGGCATCTCAGC-1,0.027964,0.310812,0.661224
AGACATAGATCCTTCC-1,0.354811,0.237978,0.407212
AGACCAAACCACACCT-1,0.508174,0.491541,0.000286
AGACCATGGGATACAA-1,0.187085,0.717381,0.095534
AGACCCACCGCTGATC-1,0.00003,0.309967,0.690003
AGACCCGCCCTCCTCG-1,0.723468,0.275411,0.001121
AGACCGCTCCGCGGTT-1,0.127709,0.291254,0.581037
AGACCGGGAAACCCTG-1,0.160173,0.79475,0.045077
AGACGAAGTGCCGGTC-1,0.068688,0.43174,0.499572
AGACGACGATGCCGCT-1,0.093377,0.60172,0.304903
AGACGCCCACTTCGCC-1,0.000054,0.693357,0.306588
AGACGGGCCGATTTAA-1,0.017882,0.848426,0.133692
AGACTAGCCTTCCAGA-1,0.023934,0.801123,0.174942
AGACTGTTACCGGGTC-1,0.059647,0.714049,0.226304
AGAGAAACACCAGAAA-1,0.000012,0.165494,0.834493
AGAGAACCGTCTAGGA-1,0.119705,0.412595,0.4677
AGAGAAGGAGTACAAT-1,0.000025,0.521389,0.478586
AGAGATCTCTAAAGCG-1,0.125864,0.780812,0.093324
AGAGCAGTTATGAGAC-1,0.047472,0.387042,0.565486
AGAGCCGCCGAGATTT-1,0.106137,0.455173,0.43869
AGAGCGCTTGTAACGG-1,0.07304,0.62145,0.30551
AGAGCGGGCTAATCAT-1,0.000041,0.885842,0.114117
AGAGCGTACAAGCTCG-1,0.254938,0.744798,0.000263
AGAGCTACGAAAGCAT-1,0.401311,0.598441,0.000247
AGAGGCTTCGGAAACC-1,0.002163,0.408267,0.58957
AGAGGGACAATTGTCC-1,0.024305,0.554262,0.421433
AGAGTAAACTTCACTA-1,0.000032,0.731485,0.268483
AGAGTATAGTGTTACG-1,0.03057,0.7005,0.26893
AGAGTTAGAGACCGAT-1,0.268035,0.724454,0.007511
AGAGTTGCAGGCCTCC-1,0.000017,0.379769,0.620214
AGATAACTTCAGGGCC-1,0.199673,0.711244,0.089083
AGATACCAATAGAACC-1,0.000035,0.794126,0.205838
AGATACCAGCACTTCA-1,0.134257,0.576868,0.288875
AGATACCGGTGTTCAC-1,0.00004,0.81212,0.187839
AGATACGACTTCATAT-1,0.000054,0.919694,0.080252
AGATACTCAAGATCGA-1,0.044006,0.59579,0.360204
AGATATAATACGACTA-1,0.015717,0.434309,0.549973
AGATCGTGCATAAGAT-1,0.008113,0.765154,0.226733
AGATCTCAGGTGTGAT-1,0.050716,0.816233,0.133051
AGATGACTCGCCCACG-1,0.162077,0.742961,0.094962
AGATGAGGGTTGCGAT-1,0.756495,0.122244,0.121261
AGATGATGGAGTCTGG-1,0.315051,0.190746,0.494204
AGATGCAAGACGTGCA-1,0.05826,0.817274,0.124466
AGATGCATCCTGTGTC-1,0.988138,0.011666,0.000197
AGATGCTATAACGAGC-1,0.457818,0.531528,0.010655
AGATTATAGGACGTTT-1,0.016506,0.462994,0.5205
AGATTCAAGCGGGTCG-1,0.000017,0.41957,0.580413
AGATTCACAACCGATA-1,0.036868,0.772394,0.190737
AGCAAAGGCCGCTAGT-1,0.11886,0.843445,0.037696
AGCAACATATCTTATT-1,0.006052,0.749336,0.244613
AGCAACCGAAAGTAAT-1,0.000022,0.737951,0.262026
AGCACACGTTTAGACT-1,0.000022,0.246394,0.753584
AGCACCAGTACTCACG-1,0.034813,0.719342,0.245845
AGCACTACCGGCCTGT-1,0.983261,0.000412,0.016327
AGCACTACCTCACCAG-1,0.000032,0.55538,0.444588
AGCACTTAAGGACGCC-1,0.372994,0.212639,0.414367
AGCAGAAGGAGAAAGA-1,0.153977,0.71815,0.127873
AGCAGCCAGATGAATA-1,0.035397,0.618721,0.345881
AGCATATCAATATGCT-1,0.049774,0.586701,0.363525
AGCATCATTTCGAAAG-1,0.391611,0.58011,0.028279
AGCATCGTCGATAATT-1,0.996103,0.002165,0.001732
AGCATTACGAGGCAAG-1,0.000031,0.707554,0.292414
AGCCAAGCTTTGTGTC-1,0.033838,0.297241,0.668921
AGCCACAGGTTACCCG-1,0.039598,0.898806,0.061596
AGCCACTCCCGTGCTT-1,0.000046,0.978102,0.021851
AGCCCATACATGTAAG-1,0.034121,0.404526,0.561353
AGCCCGCAACAAGCAG-1,0.887759,0.017008,0.095232
AGCCCGGCATTAGAGG-1,0.000025,0.754494,0.245481
AGCCCGGTAGCCTGTA-1,0.906481,0.000319,0.0932
AGCCCTAAGCGAAGTT-1,0.000049,0.938662,0.061289
AGCCCTCCCTGGTGGC-1,0.121815,0.559036,0.319149
AGCCCTGTCGCACCGT-1,0.031089,0.467411,0.5015
AGCCCTTCTAATCCGA-1,0.061102,0.051308,0.88759
AGCCCTTGGACATCCC-1,0.063324,0.257571,0.679105
AGCCGCAAATTCAAAT-1,0.24671,0.353408,0.399883
AGCCGCTTGATTAGCG-1,0.128697,0.024073,0.847231
AGCCGTGGCTAAATGT-1,0.009886,0.135914,0.8542
AGCCTAATACCCACGT-1,0.034796,0.439008,0.526197
AGCCTTAAAGCGGAAG-1,0.014763,0.360527,0.62471
AGCGACAGGAACGGTC-1,0.000022,0.421721,0.578257
AGCGACATCCCATTCA-1,0.000048,0.949157,0.050795
AGCGACCAACGATATT-1,0.647263,0.351732,0.001005
AGCGAGACGTGAAGGC-1,0.000018,0.223208,0.776773
AGCGATGCGCCTAATA-1,0.000026,0.211233,0.78874
AGCGCATAATGAATCG-1,0.000022,0.398127,0.601852
AGCGCGGGTGCCAATG-1,0.127443,0.574058,0.298499
AGCGCTAGAGCGATGT-1,0.08955,0.633405,0.277045
AGCGCTTATGGGCAAG-1,0.847977,0.151855,0.000168
AGCGGACACTTCGTAG-1,0.000021,0.280817,0.719162
AGCGGCGGTTAGCGGT-1,0.086431,0.507336,0.406232
AGCGGGAAGGGTCCAT-1,0.000067,0.981021,0.018911
AGCGGGTCTGACACTC-1,0.000015,0.137693,0.862292
AGCGGTTGCCGCTCTG-1,0.105821,0.726635,0.167544
AGCGTACGAGAGCTAG-1,0.572606,0.42688,0.000514
AGCGTCTGAACCCGCA-1,0.189279,0.810473,0.000248
AGCGTGGTATTCTACT-1,0.017561,0.741902,0.240537
AGCTAACAAGCAATGT-1,0.156017,0.494756,0.349227
AGCTAAGTACGCAGGC-1,0.022093,0.458114,0.519793
AGCTAGAAGCAGAAGT-1,0.005139,0.2618,0.733061
AGCTATTTAATCCAAC-1,0.006995,0.613779,0.379226
AGCTCCATATATGTTC-1,0.000045,0.721778,0.278177
AGCTCCTTCGCACATC-1,0.040155,0.362721,0.597125
AGCTCGTTGATGGAAA-1,0.000018,0.33509,0.664892
AGCTCTAGACGTTCCA-1,0.020939,0.487507,0.491554
AGCTCTTCCCAGTGCA-1,0.07753,0.238064,0.684406
AGCTCTTCGTAACCTT-1,0.050804,0.463731,0.485465
AGCTCTTTACTCAGTT-1,0.263798,0.057512,0.678689
AGCTGAAGTAAACCAA-1,0.13916,0.288425,0.572415
AGCTGTAACCTCAATC-1,0.000026,0.183966,0.816008
AGCTTATAGAGACCTG-1,0.374679,0.624796,0.000524
AGCTTCTTCTCGAGCA-1,0.000034,0.568949,0.431017
AGCTTGATCTTAACTT-1,0.000027,0.274851,0.725121
AGGAAAGCCTCTGATG-1,0.055178,0.944687,0.000134
AGGAACGAACGACTTC-1,0.064005,0.864509,0.071486
AGGAAGCTGTCCGCCG-1,0.224789,0.390894,0.384317
AGGACAGTCGAATCCC-1,0.197985,0.233139,0.568876
AGGACATCGCACGTCG-1,0.000052,0.929244,0.070704
AGGACATCGGCACACT-1,0.000196,0.566771,0.433034
AGGACGACCCATTAGA-1,0.000023,0.048619,0.951358
AGGACGCTCGATGTTG-1,0.056458,0.586311,0.357231
AGGACTTATAGGAGAA-1,0.109223,0.090625,0.800152
AGGAGACATCCACAGT-1,0.001608,0.282454,0.715938
AGGAGAGTCTGGCTAC-1,0.029205,0.419819,0.550976
AGGAGGCCTTCGCGCG-1,0.01427,0.574632,0.411098
AGGATAAAGTCGGGAT-1,0.998006,0.000204,0.00179
AGGATATAGGGATTTA-1,0.000031,0.357649,0.64232
AGGATCACGCGATCTG-1,0.057199,0.492248,0.450553
AGGATTGCTTACGACA-1,0.067825,0.521523,0.410652
AGGCACGTGACTGTCC-1,0.000026,0.153503,0.846471
AGGCAGATGCGTAAAC-1,0.036484,0.658396,0.305119
AGGCAGGGAGCGTACT-1,0.123225,0.763509,0.113266
AGGCATTGTCGTAGGG-1,0.005877,0.038723,0.9554
AGGCCACATTGGTTAC-1,0.002126,0.002126,0.995747
AGGCCACCCGTTATGA-1,0.694539,0.297421,0.00804
AGGCCCAGTGACTGGT-1,0.208605,0.758251,0.033143
AGGCCCATTGTACAGG-1,0.026758,0.972026,0.001217
AGGCCCTAGAACGCCA-1,0.000011,0.007074,0.992915
AGGCCTGAGAATCTCG-1,0.147463,0.566259,0.286277
AGGCGATAACTGGCGT-1,0.000033,0.187609,0.812359
AGGCGGTTTGTCCCGC-1,0.025577,0.956271,0.018152
AGGCGTCTATGGACGG-1,0.160086,0.460881,0.379033
AGGCTATGGTTAGCTT-1,0.02683,0.529233,0.443937
AGGCTTCCCGAAGAAG-1,0.000029,0.477278,0.522693
AGGCTTGCTAGACACC-1,0.058302,0.765781,0.175917
AGGGAAACGAGGTACT-1,0.118401,0.857297,0.024302
AGGGACAGCACGGCGG-1,0.302441,0.472983,0.224575
AGGGACCGGCTGCGTT-1,0.02692,0.486834,0.486246
AGGGACTCTACGCGAC-1,0.000032,0.556343,0.443625
AGGGAGACATACTTCG-1,0.038218,0.195934,0.765849
AGGGCAGCGGCGTGGT-1,0.045878,0.843255,0.110867
AGGGCCCTAATGTTCT-1,0.001843,0.933227,0.06493
AGGGCGAGCAGCTGAT-1,0.000029,0.875709,0.124262
AGGGCGTGATCGGCTA-1,0.043992,0.369623,0.586385
AGGGCTGCAGTTACAG-1,0.879918,0.000194,0.119888
AGGGTCAGAGCACTCG-1,0.020084,0.128086,0.85183
AGGGTCAGTAACCCTA-1,0.066977,0.895619,0.037404
AGGGTCGATGCGAACT-1,0.094576,0.329216,0.576208
AGGGTGCCGTTCTTTA-1,0.000012,0.149116,0.850872
AGGGTGCTCTCGAGGG-1,0.000015,0.000073,0.999912
AGGGTGGATAGTGCAT-1,0.999235,0.000425,0.00034
AGGGTGTGCTACACGC-1,0.873342,0.126506,0.000153
AGGGTTCAGACGGTCC-1,0.002761,0.917792,0.079447
AGGGTTCCCTTTGGTT-1,0.06952,0.708019,0.222461
AGGGTTTAGTTCGGGA-1,0.084611,0.556426,0.358962
AGGTAACCTCCTATTC-1,0.000034,0.532509,0.467457
AGGTACGATATTGCCA-1,0.000025,0.102276,0.897698
AGGTAGATCGAGATAT-1,0.019451,0.440391,0.540158
AGGTAGGTACAAAGCT-1,0.086397,0.893769,0.019835
AGGTATAATTGATAGT-1,0.056478,0.609911,0.333612
AGGTATGCGGACATTA-1,0.136476,0.390201,0.473324
AGGTCAGGTGAGAGTG-1,0.00002,0.540242,0.459738
AGGTCGCCTCCCAACA-1,0.00004,0.728021,0.271939
AGGTCGCGGAGTTACT-1,0.04159,0.680163,0.278247
AGGTGGTGACCTTCGC-1,0.064511,0.439026,0.496463
AGGTGTATCGCCATGA-1,0.189344,0.459135,0.351522
AGGTGTTGCCGACCAC-1,0.000032,0.218224,0.781744
AGGTTACACCATGCCG-1,0.010039,0.563189,0.426772
AGGTTCTCCTTTCCGG-1,0.10893,0.114639,0.776431
AGGTTGAGGCACGCTT-1,0.260883,0.708071,0.031047
AGGTTTCACACACCTT-1,0.244059,0.485103,0.270838
AGTAACGTTCATCCTG-1,0.003353,0.974984,0.021663
AGTAATGTCTTGCCGC-1,0.027809,0.628828,0.343363
AGTAATTTGCAAGCGT-1,0.162937,0.308692,0.528372
AGTACATCATTTATCA-1,0.078358,0.158175,0.763467
AGTACCTTCGAGTGCT-1,0.000042,0.954417,0.045541
AGTACGGCCCGTATCG-1,0.418161,0.547186,0.034653
AGTACGGGCACCTGGC-1,0.000023,0.028212,0.971765
AGTACGTGGCCTGTCT-1,0.358063,0.641646,0.000291
AGTACTCTTATGCCCA-1,0.067312,0.557944,0.374744
AGTAGCTAGACGCCGA-1,0.023666,0.001582,0.974753
AGTAGGAAGGAAGTTG-1,0.404611,0.456115,0.139274
AGTAGGTAACATACAT-1,0.042433,0.864358,0.093209
AGTATAATACTAGGCA-1,0.536729,0.462932,0.000339
AGTATACACAGCGACA-1,0.246059,0.42626,0.327681
AGTATCCATAATAACG-1,0.159291,0.840125,0.000584
AGTATGCTGGAGACCA-1,0.083587,0.673588,0.242825
AGTATTTGGCACGACC-1,0.418529,0.564904,0.016566
AGTCAAATGATGTGAT-1,0.000021,0.49572,0.50426
AGTCAACACCACCATC-1,0.776796,0.077889,0.145315
AGTCAAGATGACACTT-1,0.478645,0.18475,0.336605
AGTCACTAGCTCTCGA-1,0.00241,0.38033,0.617259
AGTCACTCCGCCTCAT-1,0.998564,0.000798,0.000638
AGTCAGCCACCGCCTG-1,0.000055,0.999725,0.00022
AGTCCAGCGGGTACGT-1,0.45488,0.319378,0.225743
AGTCCATTGGCTGATG-1,0.000024,0.000118,0.999858
AGTCCCGCCTTTAATT-1,0.00002,0.101224,0.898756
AGTCCCTCGCAGAAAG-1,0.03761,0.565434,0.396956
AGTCGAAACGATTCAG-1,0.000053,0.812735,0.187212
AGTCGACGGTCTCAAG-1,0.007457,0.877738,0.114806
AGTCGGCCCAAACGAC-1,0.997068,0.001629,0.001303
AGTCGGCTCAACTTTA-1,0.051275,0.56604,0.382685
AGTCGGTTGCGTGAGA-1,0.040342,0.78354,0.176118
AGTCGTATAAAGCAGA-1,0.000015,0.204411,0.795574
AGTCGTCGACCACCAA-1,0.024529,0.287356,0.688115
AGTCGTGGGCATTACG-1,0.011104,0.562854,0.426042
AGTCTAAAGTATACTC-1,0.140016,0.35532,0.504664
AGTCTCACAAGACTAC-1,0.00867,0.296028,0.695303
AGTCTGGACATCCTTG-1,0.024817,0.8944,0.080783
AGTCTTCTCCTCAAAT-1,0.093877,0.3422,0.563923
AGTCTTTAAAGTGTCC-1,0.309305,0.351403,0.339292
AGTGAACAAACTTCTC-1,0.078556,0.124313,0.79713
AGTGAAGATGGTGTCC-1,0.071301,0.783027,0.145672
AGTGACCTACTTTACG-1,0.839814,0.027353,0.132833
AGTGACTGTGACACAA-1,0.000032,0.938099,0.061869
AGTGAGACTTCCAGTA-1,0.899085,0.000281,0.100634
AGTGAGCCTCGCCGCC-1,0.167146,0.560146,0.272708
AGTGAGGGTTTCTGAC-1,0.10909,0.890691,0.000219
AGTGAGTCGAATTAAC-1,0.101614,0.424951,0.473435
AGTGATAACCTGCGCG-1,0.647943,0.303762,0.048295
AGTGATATGAGTAGTT-1,0.058932,0.050586,0.890481
AGTGATTCAAGCAGGA-1,0.226559,0.597551,0.17589
AGTGCACGCTTAAGAA-1,0.04014,0.353704,0.606157
AGTGCGTAGCTCGTAA-1,0.016824,0.725101,0.258074
AGTGCTAAACACAGCA-1,0.017982,0.586748,0.395269
AGTGCTTGCACGAATA-1,0.018484,0.83765,0.143866
AGTGGCGGCAATTTGA-1,0.180424,0.644281,0.175295
AGTGGCGTCTGAAGGT-1,0.001682,0.308333,0.689985
AGTGGCTCCGTCGGCC-1,0.999478,0.00029,0.000232
AGTGGGAGTATACACG-1,0.099768,0.048947,0.851285
AGTGGTGTTACCCGTG-1,0.048202,0.07513,0.876668
AGTGGTTGCGTATAGG-1,0.19008,0.566238,0.243682
AGTGTATTGCGCATTG-1,0.03472,0.308924,0.656356
AGTGTGCTAAGATCGC-1,0.207161,0.780748,0.012091
AGTGTGGTCTATTGTG-1,0.028128,0.838479,0.133393
AGTTAAACACTTGCGA-1,0.260941,0.738869,0.00019
AGTTAAGCGGTCCCGG-1,0.129879,0.796364,0.073757
AGTTAAGTCAACCGCT-1,0.000027,0.258054,0.741919
AGTTACCCTTAAGACT-1,0.062035,0.526049,0.411915
AGTTACCGCACATGGT-1,0.273599,0.721687,0.004714
AGTTACTCTATCGTGG-1,0.141025,0.850967,0.008009
AGTTCACCGGTTGGAC-1,0.23987,0.555637,0.204493
AGTTCCTACAGAATTA-1,0.030195,0.838999,0.130805
AGTTCCTATTTATGTT-1,0.582875,0.281512,0.135613
AGTTCTGCGTTGTATC-1,0.998773,0.000681,0.000545
AGTTGACATCGGCTGG-1,0.000046,0.625336,0.374618
AGTTGACGGTCCTTGC-1,0.017124,0.815034,0.167842
AGTTGCTGACTGATAT-1,0.089185,0.86855,0.042264
AGTTGGCAAGGCTAGA-1,0.259668,0.527644,0.212687
AGTTTATGTAAAGACA-1,0.081796,0.260201,0.658003
AGTTTCGCAGGTCGGA-1,0.003513,0.384025,0.612462
AGTTTGCACCTGCCTC-1,0.437295,0.547975,0.01473
AGTTTGGCACGGGTTG-1,0.150032,0.364537,0.485431
AGTTTGGCCAGACCTA-1,0.000051,0.796805,0.203145
ATAAACGGACCCGTAA-1,0.032767,0.662303,0.30493
ATAAACGTTGCACCAC-1,0.000027,0.486756,0.513217
ATAAAGGCTCGGTCGT-1,0.157129,0.81963,0.023242
ATAAAGGTCAAGTACG-1,0.015415,0.343039,0.641546
ATAAATATTAGCAGCT-1,0.000041,0.952596,0.047364
ATAACGCCGGAGGGTC-1,0.053976,0.388364,0.55766
ATAACGGAGTCCAACG-1,0.070157,0.474556,0.455287
ATAACGTTACCTCCAC-1,0.001648,0.366493,0.631859
ATAAGCAAACACCGAG-1,0.006307,0.929333,0.06436
ATAAGGTGGAGAACAT-1,0.999622,0.00021,0.000168
ATAAGTACCCGATTGT-1,0.075779,0.749735,0.174486
ATAAGTAGGATTCAGA-1,0.129008,0.606248,0.264744
ATAAGTAGGGCGACTC-1,0.034414,0.582646,0.38294
ATAAGTTACCGCGACG-1,0.414611,0.497498,0.087891
ATAATACCGTTAGCCG-1,0.0252,0.705144,0.269656
ATAATAGCTGTTGAAT-1,0.038447,0.721834,0.239719
ATAATAGTGTAGGGAC-1,0.057125,0.942616,0.000259
ATAATCTTGGAGAACC-1,0.067306,0.443629,0.489065
ATAATTAGCTAAGTAG-1,0.087759,0.727848,0.184393
ATACAGGCCCTCCAAT-1,0.000033,0.464636,0.535332
ATACCACGGGCAACTT-1,0.050579,0.747074,0.202347
ATACCAGCAAATTGCT-1,0.519018,0.480386,0.000595
ATACCAGGCTAATAGA-1,0.998978,0.000568,0.000454
ATACCGTCATCCATAA-1,0.04391,0.721174,0.234916
ATACCTAACCAAGAAA-1,0.092024,0.821524,0.086452
ATACGAAGGCTTTCCA-1,0.874396,0.000133,0.125471
ATACGCCGGCGAAACC-1,0.022001,0.537508,0.440491
ATACGGAACGTCGTTT-1,0.000034,0.602708,0.397258
ATACGGGTTTCGATTG-1,0.152277,0.438761,0.408962
ATACGGTGAAGATGCA-1,0.245351,0.411079,0.34357
ATACGTACTTAGCCAC-1,0.06532,0.257459,0.677222
ATACGTCCACTCCTGT-1,0.075573,0.047891,0.876535
ATACGTTATGCACGGA-1,0.030784,0.952393,0.016822
ATACTACCCGTACCAC-1,0.000959,0.415572,0.583469
ATACTAGCATGACCCT-1,0.077764,0.914317,0.007919
ATACTCTCGCCACTCT-1,0.050003,0.949674,0.000323
ATACTGCCTTACACCG-1,0.00003,0.43527,0.5647
ATACTTGTTCTCGAGC-1,0.810566,0.105342,0.084092
ATAGACAACGGGACCT-1,0.231176,0.498044,0.270781
ATAGACGAAGAGAAAG-1,0.086914,0.889731,0.023355
ATAGAGTACTGGGACA-1,0.002836,0.673682,0.323482
ATAGAGTTATCAACTT-1,0.282721,0.4869,0.23038
ATAGCAACTAGGGAAG-1,0.000024,0.489299,0.510677
ATAGCCTCAGTACCCA-1,0.897303,0.102426,0.000271
ATAGCTGCTCTTGTTA-1,0.332562,0.590311,0.077127
ATAGGAATCTAAGCTT-1,0.000028,0.435489,0.564483
ATAGGCGGCTATAGAA-1,0.000025,0.323755,0.67622
ATAGGCTAGCTTCGCA-1,0.032143,0.899635,0.068222
ATAGGGATATCCTTGA-1,0.130221,0.497592,0.372187
ATAGGTTGGGCAGATG-1,0.321533,0.678225,0.000242
ATAGTCTTTGACGTGC-1,0.745291,0.253525,0.001184
ATAGTGAAGCGTTCTC-1,0.246478,0.575725,0.177797
ATAGTTCCACCCACTC-1,0.063052,0.351162,0.585786
ATATAAAGCGCTCGTG-1,0.010329,0.186699,0.802972
ATATAAATGTAGCTGC-1,0.000037,0.538668,0.461295
ATATAACACGGGCGCA-1,0.000653,0.963327,0.03602
ATATACATGTATGGTA-1,0.999252,0.000415,0.000332
ATATACGCTCGTGACG-1,0.054187,0.545231,0.400581
ATATAGAGTATTGGTC-1,0.143161,0.717161,0.139677
ATATCAACCTACAGAG-1,0.004955,0.252518,0.742527
ATATCAATTCCAGCCT-1,0.774639,0.196238,0.029123
ATATCGGTAGGGAGAT-1,0.157476,0.439084,0.40344
ATATCGTTCCTCGAAC-1,0.000046,0.905082,0.094872
ATATCTCCCTCGTTAA-1,0.007221,0.68246,0.31032
ATATCTTAGGGCCTTC-1,0.207678,0.529185,0.263137
ATATGTCTCCCTAGCC-1,0.0212,0.886701,0.0921
