Barcode,Topic 1,Topic 2to5,Topic 6,Topic 7to9
AAACAACGAATAGTTC-1,0.005667,0.800563,0.021378,0.172393
AAACAAGTATCTCCCA-1,0.000064,0.842979,0.000064,0.156894
AAACAATCTACTAGCA-1,0.000077,0.776504,0.075892,0.147528
AAACACCAATAACTGC-1,0.998066,0.000967,0.000242,0.000725
AAACAGAGCGACTCCT-1,0.000075,0.461475,0.166192,0.372258
AAACAGCTTTCAGAAG-1,0.765592,0.233344,0.000266,0.000798
AAACAGGGTCTATATT-1,0.571489,0.425506,0.000751,0.002254
AAACAGTGTTCCTGGG-1,0.71731,0.153391,0.128187,0.001112
AAACATGGTGAGAGGA-1,0.947651,0.026174,0.006541,0.019633
AAACATTTCCCGGATT-1,0.000088,0.999561,0.000088,0.000263
AAACCACTACACAGAT-1,0.000074,0.805922,0.082833,0.111171
AAACCCGAACGAAATC-1,0.000027,0.603006,0.005601,0.391367
AAACCGGAAATGTTAA-1,0.000039,0.780302,0.009431,0.210228
AAACCGGGTAGGTACC-1,0.730412,0.266365,0.000806,0.002417
AAACCGTTCGTCCAGG-1,0.995086,0.002457,0.000614,0.001843
AAACCTAAGCAGCCGG-1,0.848192,0.000969,0.110849,0.03999
AAACCTCATGAAGTTG-1,0.961015,0.038201,0.000196,0.000588
AAACGAAGAACATACC-1,0.000045,0.747372,0.065975,0.186609
AAACGAAGATGGAGTA-1,0.422187,0.000611,0.012921,0.564281
AAACGACAGTCTTGCC-1,0.000084,0.848635,0.15103,0.000251
AAACGAGACGGTTGAT-1,0.000059,0.393185,0.046605,0.56015
AAACGCCCGAGATCGG-1,0.000085,0.63407,0.000085,0.36576
AAACGCTGGGCACGAC-1,0.009539,0.921153,0.024796,0.044511
AAACGGGCGTACGGGT-1,0.895259,0.001426,0.102247,0.001069
AAACGGGTTGGTATCC-1,0.014338,0.493883,0.053841,0.437938
AAACGGTTGCGAACTG-1,0.708183,0.288707,0.000778,0.002333
AAACGTGTTCGCCCTA-1,0.013795,0.748707,0.217936,0.019561
AAACTAACGTGGCGAC-1,0.000116,0.651787,0.087851,0.260246
AAACTCGGTTCGCAAT-1,0.780244,0.21575,0.001002,0.003005
AAACTCGTGATATAAG-1,0.017187,0.591319,0.355247,0.036248
AAACTGCTGGCTCCAA-1,0.088689,0.81125,0.045142,0.054919
AAACTTAATTGCACGC-1,0.476054,0.310003,0.000092,0.213851
AAACTTGCAAACGTAT-1,0.547588,0.054868,0.024579,0.372965
AAAGAATGACCTTAGA-1,0.474651,0.000349,0.000087,0.524912
AAAGAATGTGGACTAA-1,0.451085,0.385355,0.163111,0.000449
AAAGACATGAAGTTTA-1,0.053675,0.513551,0.222023,0.210751
AAAGACCCAAGTCGCG-1,0.000064,0.636481,0.022909,0.340547
AAAGACTGGGCGCTTT-1,0.33469,0.323921,0.064961,0.276429
AAAGCTTGCCTACATA-1,0.026881,0.550158,0.09973,0.323231
AAAGGCCCTATAATAC-1,0.481513,0.303167,0.000428,0.214893
AAAGGCTACGGACCAT-1,0.774978,0.223228,0.000448,0.001345
AAAGGCTCTCGCGCCG-1,0.990734,0.004633,0.001158,0.003475
AAAGGGATGTAGCAAG-1,0.101246,0.101584,0.203787,0.593383
AAAGGGCAGCTTGAAT-1,0.000033,0.089711,0.00652,0.903735
AAAGGTAAGCTGTACC-1,0.059731,0.73294,0.180803,0.026525
AAAGGTCAACGACATG-1,0.000076,0.722357,0.025631,0.251936
AAAGTAGCATTGCTCA-1,0.925053,0.073701,0.000311,0.000934
AAAGTCACTGATGTAA-1,0.07993,0.697182,0.143942,0.078946
AAAGTCGACCCTCAGT-1,0.702847,0.295841,0.000328,0.000984
AAAGTGCCATCAATTA-1,0.000036,0.978896,0.007235,0.013834
AAAGTGTGATTTATCT-1,0.000096,0.814631,0.039638,0.145635
AAAGTTGACTCCCGTA-1,0.056631,0.586102,0.215087,0.14218
AAATAACCATACGGGA-1,0.000064,0.220661,0.510974,0.2683
AAATAAGGTAGTGCCC-1,0.013226,0.446945,0.124819,0.41501
AAATACCTATAAGCAT-1,0.22298,0.639296,0.092087,0.045637
AAATAGCTTAGACTTT-1,0.000085,0.85064,0.055069,0.094206
AAATAGGGTGCTATTG-1,0.076489,0.505706,0.000104,0.417701
AAATCACTCCTAAACG-1,0.009551,0.836768,0.09619,0.057491
AAATCCGATACACGCC-1,0.849617,0.14951,0.000218,0.000655
AAATCGCGGAAGGAGT-1,0.431306,0.116523,0.00024,0.451931
AAATCGTGTACCACAA-1,0.078408,0.660607,0.077991,0.182994
AAATCTAGCCCTGCTA-1,0.004738,0.21336,0.14068,0.641223
AAATCTGCCCGCGTCC-1,0.542951,0.000797,0.000199,0.456052
AAATGACTGATCAAAC-1,0.698399,0.000357,0.130476,0.170768
AAATGATTCGATCAGC-1,0.025288,0.316908,0.09379,0.564015
AAATGCTCGTTACGTT-1,0.000112,0.787392,0.000112,0.212384
AAATGGCATGTCTTGT-1,0.000068,0.460074,0.327263,0.212595
AAATGGCCCGTGCCCT-1,0.611138,0.385639,0.000806,0.002417
AAATGGTCAATGTGCC-1,0.000073,0.439629,0.040639,0.519659
AAATGTATCTTATCCC-1,0.013898,0.93051,0.013897,0.041694
AAATGTGGGTGCTCCT-1,0.000069,0.822115,0.050352,0.127464
AAATTAACGGGTAGCT-1,0.452911,0.474068,0.055558,0.017462
AAATTAATAAGCGCGA-1,0.791454,0.091781,0.115582,0.001183
AAATTACACGACTCTG-1,0.000076,0.51709,0.27728,0.205553
AAATTACCTATCGATG-1,0.046494,0.764615,0.145074,0.043817
AAATTCCAGGTCCAAA-1,0.007632,0.854495,0.113092,0.024781
AAATTGATAGTCCTTT-1,0.691699,0.003026,0.000756,0.304519
AAATTGCGGCGGTTCT-1,0.000041,0.268519,0.000041,0.731398
AAATTGGTGAGAAGCA-1,0.000064,0.64924,0.24621,0.104486
AAATTTACCGAAATCC-1,0.018027,0.636785,0.189712,0.155476
AAATTTGCGGGTGTGG-1,0.99564,0.00218,0.000545,0.001635
AACAACTGGTAGTTGC-1,0.000095,0.854869,0.000095,0.144942
AACAATACATTGTCGA-1,0.998374,0.000813,0.000203,0.00061
AACAATTACTCTACGC-1,0.082112,0.7047,0.030315,0.182872
AACACACGCTCGCCGC-1,0.000072,0.846831,0.000072,0.153025
AACACGACTGTACTGA-1,0.000053,0.690819,0.054246,0.254882
AACACGAGACGCGGCC-1,0.844838,0.154208,0.000239,0.000716
AACACGCGGCCGCGAA-1,0.010321,0.67511,0.155952,0.158617
AACAGCTGTGTGGCAA-1,0.730241,0.267774,0.000496,0.001489
AACAGGAAATCGAATA-1,0.027865,0.455845,0.157077,0.359212
AACAGGATGGGCCGCG-1,0.000098,0.506757,0.449935,0.04321
AACAGGTAGTATGGAT-1,0.000046,0.629785,0.017187,0.352982
AACATAGCGTGTATCG-1,0.998713,0.000644,0.000161,0.000483
AACATATCAACTGGTG-1,0.227727,0.283862,0.376552,0.111859
AACATCGATACGTCTA-1,0.000057,0.390846,0.028081,0.581017
AACATTGAAGTTGATC-1,0.578366,0.123901,0.105036,0.192697
AACATTGGTCAGCCGT-1,0.000068,0.472764,0.000068,0.527099
AACATTGTGACTCGAG-1,0.998075,0.000963,0.000241,0.000722
AACCAAGACTTCTCTG-1,0.815946,0.182816,0.00031,0.000929
AACCAGTATCACTCTT-1,0.083046,0.238016,0.218253,0.460686
AACCATAGGGTTGAAC-1,0.476115,0.344832,0.035016,0.144037
AACCATGGGATCGCTA-1,0.000112,0.758619,0.045219,0.19605
AACCCAGAGACGGAGA-1,0.004372,0.901394,0.010189,0.084045
AACCCATCCCATGATC-1,0.829823,0.167964,0.000553,0.001659
AACCCGACAACCCGTG-1,0.997167,0.001417,0.000354,0.001063
AACCCGAGCAGAATCG-1,0.03606,0.455432,0.044151,0.464357
AACCCGATAGGGCTTC-1,0.000042,0.563018,0.005568,0.431372
AACCCGCTGTATTCCA-1,0.998658,0.000671,0.000168,0.000503
AACCCTACTGTCAATA-1,0.000081,0.876649,0.006293,0.116977
AACCCTGGTGGAACCA-1,0.00777,0.577634,0.099025,0.315571
AACCGAGCTTGGTCAT-1,0.034287,0.229605,0.032546,0.703561
AACCGCTAAGGGATGC-1,0.226481,0.494808,0.254224,0.024487
AACCGTTGTGTTTGCT-1,0.000049,0.482719,0.009004,0.508228
AACCTAAAGCCGTCCG-1,0.000193,0.326456,0.091982,0.581368
AACCTCGCTTTAGCCC-1,0.998696,0.000652,0.000163,0.000489
AACCTGTCACGGAATT-1,0.000056,0.707868,0.00504,0.287036
AACCTTTAAATACGGT-1,0.095648,0.765508,0.062132,0.076712
AACCTTTACGACGTCT-1,0.000057,0.404167,0.000057,0.59572
AACGAAAGTCGTCCCA-1,0.539975,0.288699,0.000245,0.171082
AACGACCTCCTAGCCG-1,0.038945,0.840046,0.014615,0.106394
AACGATAATGCCGTAG-1,0.063809,0.691969,0.000073,0.244149
AACGATAGAAGGGCCG-1,0.000059,0.819319,0.085362,0.095259
AACGATATGTCAACTG-1,0.446719,0.00013,0.188412,0.364738
AACGCATGATCTGGGT-1,0.000096,0.788172,0.118905,0.092827
AACGCGAACGGCAACA-1,0.000118,0.995131,0.004397,0.000354
AACGCGACCTTGGGCG-1,0.776043,0.002965,0.000741,0.22025
AACGCGGTCTCCAGCC-1,0.000067,0.617041,0.215853,0.167039
AACGCTGTTGCTGAAA-1,0.000074,0.838886,0.000074,0.160967
AACGGACGTACGTATA-1,0.000063,0.688662,0.020631,0.290643
AACGGCCATCTCCGGT-1,0.992587,0.003707,0.000927,0.00278
AACGTACTGTGGGTAC-1,0.657137,0.335451,0.001853,0.005559
AACGTAGTCTACCCAT-1,0.0001,0.673522,0.020077,0.306301
AACGTCAGACTAGTGG-1,0.01395,0.790604,0.000085,0.195362
AACGTCATCCGGCTTG-1,0.89092,0.004118,0.00103,0.103933
AACGTCGCTGCACTTC-1,0.793246,0.206039,0.000179,0.000536
AACGTGATGAAGGACA-1,0.000086,0.523651,0.235766,0.240497
AACGTGCGAAAGTCTC-1,0.000066,0.494008,0.280405,0.22552
AACGTTATCAGCACCT-1,0.008096,0.850632,0.000121,0.141151
AACGTTCTACCATTGT-1,0.172796,0.490953,0.006003,0.330248
AACTACCCGTTTGTCA-1,0.009572,0.612862,0.032643,0.344923
AACTAGCGTATCGCAC-1,0.000062,0.554462,0.000062,0.445413
AACTAGGCTTGGGTGT-1,0.55865,0.438946,0.000601,0.001803
AACTCAAGTTAATTGC-1,0.023031,0.81045,0.069181,0.097339
AACTCCAGAGCGTGTT-1,0.005831,0.765544,0.191661,0.036964
AACTCCTAATCCCATG-1,0.000058,0.622319,0.018717,0.358906
AACTCGATAAACACGT-1,0.000099,0.617123,0.185076,0.197701
AACTCGATGGCGCAGT-1,0.000153,0.999237,0.000153,0.000458
AACTCTCAATAGAGCG-1,0.017652,0.631754,0.259542,0.091052
AACTCTCAGTGTGCTC-1,0.167228,0.001368,0.000342,0.831061
AACTGAGGTCAGCGTC-1,0.000078,0.289914,0.089219,0.620789
AACTGAGTTATACTGA-1,0.011406,0.605336,0.012974,0.370284
AACTGATATTAGGCCT-1,0.000063,0.502316,0.105243,0.392378
AACTGGGTCCCGACGT-1,0.000049,0.65373,0.04111,0.305111
AACTGGGTTCGAGCCG-1,0.040094,0.650087,0.099505,0.210314
AACTGGTGTGGGCCTT-1,0.000092,0.88131,0.067182,0.051417
AACTTCTGCGTCTATC-1,0.000099,0.871495,0.000099,0.128308
AACTTGCCCGTATGCA-1,0.000094,0.512169,0.000094,0.487642
AACTTGCGTTCTCGCG-1,0.000164,0.766588,0.008169,0.225079
AACTTTACGGGAGCTT-1,0.998584,0.000708,0.000177,0.000531
AACTTTAGCTGCTGAG-1,0.000075,0.42305,0.147032,0.429844
AACTTTCTCGATCATG-1,0.011017,0.718779,0.080271,0.189934
AAGAAAGTTTGATGGG-1,0.387704,0.13049,0.00011,0.481696
AAGAAATCACCAGATT-1,0.000055,0.63567,0.288461,0.075814
AAGAAGGATCAGTTAG-1,0.000099,0.947706,0.014422,0.037773
AAGACATACGTGGTTT-1,0.11563,0.774526,0.030241,0.079602
AAGACCAAATAACTCA-1,0.72422,0.171116,0.00012,0.104544
AAGACCCAACTGAACA-1,0.815626,0.002663,0.000666,0.181044
AAGACTAACCCGTTGT-1,0.010561,0.575077,0.054716,0.359646
AAGACTCACGCCCACT-1,0.008538,0.634284,0.018573,0.338605
AAGACTGCAAGCTACT-1,0.049644,0.436336,0.010747,0.503273
AAGAGATGAATCGGTA-1,0.00008,0.557538,0.002685,0.439697
AAGAGCTCTTTATCGG-1,0.000071,0.527454,0.3609,0.111574
AAGAGGATGTACGCGA-1,0.566982,0.430575,0.000611,0.001833
AAGAGGCATGGATCGC-1,0.015098,0.036787,0.049928,0.898187
AAGAGGCCCTTTGGAA-1,0.000028,0.446179,0.000028,0.553764
AAGATGGCACCGGACC-1,0.839502,0.158013,0.000621,0.001863
AAGATTGGCGGAACGT-1,0.600808,0.275519,0.095677,0.027996
AAGCACCCTGCGTATC-1,0.785015,0.001449,0.10763,0.105906
AAGCATACTCTCCTGA-1,0.048216,0.951429,0.000089,0.000266
AAGCCACTTGCAGGTA-1,0.467245,0.243729,0.03386,0.255166
AAGCCGAAGCGGTTTA-1,0.073067,0.788239,0.013385,0.125309
AAGCCGCCGTGAAATC-1,0.344411,0.413666,0.000479,0.241444
AAGCCGCTTTACCTTG-1,0.000085,0.71922,0.151334,0.129362
AAGCCGGAGAGCAGGA-1,0.000053,0.894919,0.072426,0.032602
AAGCGCAGGGCTTTGA-1,0.807663,0.001528,0.189662,0.001146
AAGCGGAGTGCGCGCA-1,0.000059,0.870505,0.012793,0.116643
AAGCGGCGTCATGGGT-1,0.022312,0.388897,0.026815,0.561977
AAGCGTCCCTCATCGA-1,0.452144,0.001101,0.000275,0.54648
AAGCTAGATCGAGTAA-1,0.071237,0.915597,0.012925,0.000241
AAGCTATGGATTGACC-1,0.848008,0.006178,0.001544,0.14427
AAGCTCGTGCCAAGTC-1,0.00009,0.661664,0.066659,0.271587
AAGCTCTTTCATGGTG-1,0.176316,0.667781,0.051975,0.103928
AAGGAGAACTTATAAG-1,0.000034,0.4299,0.37359,0.196476
AAGGAGCGGTTGGTGC-1,0.023058,0.673981,0.143162,0.1598
AAGGATCGATCGCTTG-1,0.03798,0.708813,0.036718,0.216489
AAGGATGAGGGACCTC-1,0.062581,0.033481,0.313509,0.590429
AAGGCAGGCTGTCTCC-1,0.02259,0.591506,0.044354,0.341549
AAGGCGCGTAAAGCTT-1,0.084624,0.848989,0.000062,0.066325
AAGGCTGTGCTCATCG-1,0.001272,0.62904,0.089089,0.280599
AAGGGAACGACTGGCT-1,0.378329,0.619794,0.000469,0.001407
AAGGGACAGATTCTGT-1,0.047674,0.636867,0.124498,0.190961
AAGGGACTATGCATTC-1,0.745769,0.250462,0.000942,0.002827
AAGGGTTAGCCATGCG-1,0.805787,0.139771,0.000142,0.0543
AAGGGTTTGATTTCAG-1,0.319239,0.015885,0.003971,0.660905
AAGGTATCCTAATATA-1,0.013123,0.113711,0.000053,0.873113
AAGGTGATAAACCAGC-1,0.00005,0.652155,0.019504,0.328291
AAGTAAGCTTCCAAAC-1,0.000086,0.842754,0.093457,0.063704
AAGTAGAAGACCGGGT-1,0.028338,0.597758,0.077575,0.29633
AAGTAGTGACGCGAGG-1,0.000117,0.845781,0.000117,0.153985
AAGTCAATTGTCGTCA-1,0.019255,0.57054,0.011299,0.398906
AAGTCTAGTAGCTGCC-1,0.000055,0.679419,0.145025,0.175502
AAGTCTTCTGTGGCCT-1,0.731079,0.009266,0.002316,0.257339
AAGTGACGACCGAATT-1,0.563237,0.062181,0.203278,0.171305
AAGTGAGTCGGGTTTA-1,0.836697,0.160886,0.000604,0.001813
AAGTGCAAAGGTAGAC-1,0.64946,0.349931,0.000152,0.000456
AAGTGCCTTGACTGTA-1,0.000057,0.552761,0.0281,0.419082
AAGTGCGTTAGAATCT-1,0.632886,0.362754,0.00109,0.003271
AAGTGCTTCTCTATTG-1,0.86051,0.13722,0.000567,0.001702
AAGTGTTTGGAGACGG-1,0.085545,0.343105,0.000148,0.571202
AAGTTCACTCCAAGCT-1,0.140118,0.818673,0.028907,0.012303
AAGTTCAGTCTGCGTA-1,0.000104,0.566224,0.19126,0.242412
AAGTTCGGCCAACAGG-1,0.582182,0.001492,0.019599,0.396727
AAGTTGTGATGTTATA-1,0.000039,0.381174,0.000039,0.618749
AAGTTTACTAATGGCA-1,0.000067,0.630156,0.009202,0.360574
AAGTTTATGGGCCCAA-1,0.99503,0.002485,0.000621,0.001864
AATAACAACGCTCGGC-1,0.35625,0.561541,0.081852,0.000358
AATAACACTAGAACAA-1,0.590792,0.406778,0.000608,0.001823
AATAACGTCGCGCCCA-1,0.897648,0.016085,0.070862,0.015405
AATAAGTCCTCGAGAC-1,0.000078,0.458391,0.394082,0.147449
AATAATCTTCGTATCG-1,0.009724,0.921136,0.036721,0.032419
AATACAATGTTTCAGG-1,0.000113,0.89169,0.000113,0.108084
AATACCGGAGGGCTGT-1,0.998286,0.000857,0.000214,0.000643
AATACCTGATGTGAAC-1,0.570353,0.000304,0.000076,0.429268
AATAGAACAGAGTGGC-1,0.990636,0.004682,0.00117,0.003511
AATAGAATCTGTTTCA-1,0.000081,0.985121,0.011524,0.003273
AATAGCAAGCCTCCTG-1,0.006561,0.326614,0.051763,0.615062
AATAGCTACCGCGTGC-1,0.000065,0.301688,0.026494,0.671753
AATAGGCACGACCCTT-1,0.33963,0.000634,0.005235,0.6545
AATAGTCCGTCCCGAC-1,0.817131,0.180984,0.000471,0.001413
AATAGTCGCGAGTCGG-1,0.702314,0.297033,0.000163,0.00049
AATATCAAGGTCGGAT-1,0.000079,0.610403,0.039959,0.34956
AATATCCTAGCAAACT-1,0.557747,0.017107,0.412315,0.01283
AATATCGAATCAATGC-1,0.000072,0.828776,0.170598,0.000555
AATATCGAGGGTTCTC-1,0.109926,0.475514,0.149764,0.264796
AATATTGGAGTATTGA-1,0.776384,0.222172,0.000361,0.001083
AATCAGACTGCAGGAC-1,0.000054,0.576352,0.005654,0.41794
AATCAGGTTTCATTTA-1,0.851929,0.146327,0.000436,0.001308
AATCATGTAAAGACTC-1,0.002949,0.667707,0.0927,0.236643
AATCCAAGGGCCTGAG-1,0.000059,0.615941,0.154534,0.229465
AATCCATGCAAGGGTG-1,0.000086,0.721248,0.000086,0.278581
AATCCCGCTCAGAGCC-1,0.99911,0.000445,0.000111,0.000334
AATCGAGGTCTCAAGG-1,0.937795,0.000803,0.000201,0.061201
AATCGCCTCAGCGCCA-1,0.006467,0.131451,0.174852,0.68723
AATCGCGCAGAGGACT-1,0.01682,0.524483,0.159261,0.299436
AATCGGGACACTACGA-1,0.000053,0.497402,0.023822,0.478723
AATCGGTATAGCCCTC-1,0.31341,0.370601,0.071745,0.244244
AATCGTGAGCCGAGCA-1,0.964461,0.032688,0.000713,0.002138
AATCTAGGTTTACTTG-1,0.992398,0.003801,0.00095,0.002851
AATCTATGCCGGAGCC-1,0.000051,0.209299,0.095475,0.695175
AATCTCTACTGTGGTT-1,0.484522,0.000384,0.000096,0.514998
AATCTGCGTTGGGACG-1,0.032817,0.67586,0.085074,0.206249
AATCTGGCTTTCTAGT-1,0.864185,0.13052,0.001324,0.003971
AATCTGGGTAGACCCT-1,0.000092,0.467467,0.409273,0.123167
AATGACAGCAATGTCT-1,0.440565,0.257277,0.000993,0.301166
AATGACGTAGGATGTC-1,0.067714,0.454116,0.013831,0.464338
AATGACTGTCAGCCGG-1,0.01587,0.812246,0.00006,0.171825
AATGAGTTCGCATATG-1,0.000146,0.880428,0.000146,0.11928
AATGATGATACGCTAT-1,0.089277,0.49228,0.214606,0.203836
AATGATGCGACTCCTG-1,0.355517,0.122121,0.036322,0.48604
AATGCAACCGGGTACC-1,0.023773,0.465477,0.10592,0.40483
AATGCACCAAGCAATG-1,0.088328,0.745753,0.118212,0.047707
AATGGCCGCCAATGCG-1,0.022835,0.743145,0.006734,0.227287
AATGGTCCACCGTTCA-1,0.376596,0.356838,0.000314,0.266252
AATGGTTCTCACAAGC-1,0.000073,0.808064,0.004761,0.187102
AATGTATGGCACTGTA-1,0.438575,0.240857,0.000143,0.320425
AATGTGCCCGAGGTGT-1,0.49696,0.130683,0.000783,0.371574
AATGTGCTAATCTGAG-1,0.881294,0.11776,0.000237,0.00071
AATGTTAAGACCCTGA-1,0.998923,0.000538,0.000135,0.000404
AATGTTGTCGTGAGAC-1,0.000094,0.860604,0.000094,0.139208
AATTAAAGGTCGGCGT-1,0.000092,0.699392,0.000092,0.300425
AATTAACGGATTTCCA-1,0.634785,0.361599,0.000904,0.002712
AATTACGAGACCCATC-1,0.475636,0.000439,0.00011,0.523814
AATTACTCGTACGCTC-1,0.00011,0.735473,0.172937,0.091479
AATTAGCGCTGCAGCG-1,0.114958,0.803128,0.005016,0.076898
AATTATACCCAGCAAG-1,0.791671,0.207534,0.000199,0.000597
AATTCATAAGGGATCT-1,0.035898,0.648071,0.12554,0.190491
AATTCATTGTCATGCA-1,0.516337,0.171164,0.000156,0.312343
AATTCCAACTTGGTGA-1,0.000136,0.571114,0.068413,0.360337
AATTCCAAGCATGTAC-1,0.710813,0.000842,0.000211,0.288134
AATTCGATTCGAGGAT-1,0.820841,0.175601,0.00089,0.002669
AATTCTAGAGTTAGGC-1,0.116626,0.816886,0.000847,0.065641
AATTGAACGCTCTGGT-1,0.00009,0.943742,0.046897,0.009271
AATTGCAGCAATCGAC-1,0.00007,0.881359,0.001362,0.117209
AATTGCGTGGATTACA-1,0.429648,0.51881,0.000135,0.051407
AATTGTGGTTGCCAAA-1,0.000059,0.999705,0.000059,0.000177
AATTTGGGACATAGTA-1,0.007982,0.522264,0.05154,0.418214
AATTTGGTTCCAAAGA-1,0.000049,0.651816,0.004447,0.343687
ACAAACCATGCGTCCT-1,0.418807,0.57971,0.000371,0.001112
ACAAACCGACAAGGCG-1,0.000099,0.24325,0.076847,0.679805
ACAAACTCCATCAGAG-1,0.538865,0.000278,0.112069,0.348788
ACAAAGAAGGTAGGCC-1,0.50494,0.002128,0.000532,0.4924
ACAAAGCATGACCTAG-1,0.000055,0.751125,0.000055,0.248764
ACAAATCGCACCGAAT-1,0.027873,0.554436,0.189968,0.227722
ACAAATGGTAGTGTTT-1,0.054144,0.022286,0.025496,0.898073
ACAAATTCAGATCTGA-1,0.010094,0.516154,0.275376,0.198375
ACAACAGCATGAGCTA-1,0.005505,0.222225,0.03569,0.73658
ACAACGGTCCCTGCGA-1,0.000078,0.867228,0.000078,0.132615
ACAAGCAGTGCCTAGC-1,0.024649,0.916068,0.000167,0.059115
ACAAGCTATATGGAAG-1,0.145085,0.82315,0.007941,0.023824
ACAAGGAAATCCGCCC-1,0.070084,0.408323,0.059107,0.462485
ACAAGGACAAGAGGTT-1,0.046373,0.921289,0.031933,0.000405
ACAAGGATGCTTTAGG-1,0.247125,0.752398,0.000119,0.000357
ACAAGGCCTACCAGCC-1,0.000107,0.586486,0.070609,0.342798
ACAAGGGCAGGCTCTG-1,0.060628,0.567446,0.117101,0.254824
ACAAGTAATTGTAAGG-1,0.181328,0.000357,0.000089,0.818226
ACAATAGTCGTACGTT-1,0.637667,0.360321,0.000503,0.001509
ACAATCCATTTAAACC-1,0.031207,0.676406,0.178028,0.114359
ACAATCGATCTTTATA-1,0.000066,0.733852,0.039139,0.226943
ACAATGAATACGGAGA-1,0.59771,0.149173,0.000967,0.25215
ACAATGATTCTTCTAC-1,0.000126,0.712288,0.095672,0.191914
ACAATTGTGTCTCTTT-1,0.000078,0.948134,0.002052,0.049736
ACAATTTAGGAGGCTC-1,0.540218,0.001849,0.174665,0.283267
ACAATTTGAGCAGTGG-1,0.027545,0.291519,0.192225,0.488712
ACAATTTGGCCATATT-1,0.085166,0.638926,0.19891,0.076997
ACACAAAGACGGGTGG-1,0.089953,0.44225,0.209344,0.258453
ACACAAATATTCCTAG-1,0.000055,0.689375,0.030587,0.279982
ACACACCAGGACCAGT-1,0.01221,0.009469,0.103442,0.874879
ACACACTTTCTACACG-1,0.000071,0.677221,0.085393,0.237315
ACACATGATCAAATCT-1,0.912275,0.08639,0.000334,0.001002
ACACATTGACGCAACA-1,0.000147,0.999267,0.000147,0.00044
ACACATTTCCGTAGAC-1,0.807104,0.191528,0.000342,0.001026
ACACCACATAATTAGC-1,0.001683,0.55848,0.204766,0.23507
ACACCCAGCATGCAGC-1,0.000046,0.54852,0.000046,0.451389
ACACCCGAGAAATCCG-1,0.033814,0.837507,0.033475,0.095204
ACACCCGTAAATCTGT-1,0.026459,0.476795,0.056319,0.440426
ACACCGAGCGCTCTTT-1,0.087824,0.522777,0.057555,0.331844
ACACCGGTCTGACCGC-1,0.234092,0.764572,0.000334,0.001002
ACACCTTAAGTAGGGC-1,0.009436,0.35163,0.567097,0.071838
ACACCTTACTACTTGC-1,0.000064,0.674939,0.073751,0.251247
ACACGAGACTCCTTCT-1,0.013037,0.592198,0.141554,0.253211
ACACGGCACTATGCAT-1,0.000048,0.38253,0.040641,0.576781
ACACGGGAACTTAGGG-1,0.00008,0.597448,0.183779,0.218692
ACACGTAGGCCACAAG-1,0.000071,0.968112,0.000071,0.031746
ACACTCCAATGTCACT-1,0.000094,0.623544,0.206715,0.169647
ACACTGATCAAGGTGT-1,0.566882,0.004318,0.001079,0.427721
ACACTGGGACAGTCGT-1,0.024018,0.219226,0.000544,0.756212
ACAGAACTGAGAACAA-1,0.300411,0.698906,0.000157,0.000526
ACAGATTAGGTTAGTG-1,0.000084,0.611495,0.056165,0.332256
ACAGCATAGAGCCAGT-1,0.011272,0.624514,0.137968,0.226246
ACAGCGACATTCTCAT-1,0.000092,0.946078,0.000092,0.053739
ACAGCGCACCCGCAGC-1,0.023888,0.294292,0.45895,0.22287
ACAGGAGGCGCAGCCG-1,0.030958,0.000175,0.113296,0.855571
ACAGGCACGGATCCTT-1,0.997892,0.001054,0.000264,0.00079
ACAGGCTTGCCCGACT-1,0.000102,0.415356,0.177763,0.406778
ACAGGTGGAGGTGAGG-1,0.762081,0.002031,0.000508,0.235381
ACAGGTGTGTTGTTGC-1,0.851734,0.074126,0.018534,0.055606
ACAGTAATACAACTTG-1,0.655135,0.342973,0.000473,0.001419
ACAGTATACCGTGGGA-1,0.000085,0.701071,0.032762,0.266082
ACAGTGCAGCGCATTT-1,0.037702,0.572519,0.173531,0.216248
ACATAAGTCGTGGTGA-1,0.378626,0.410095,0.000278,0.211001
ACATAATAAGGCGGTG-1,0.002079,0.352971,0.062828,0.582122
ACATACAATCAAGCGG-1,0.997399,0.0013,0.000325,0.000975
ACATCAGCTGGGACGC-1,0.647068,0.350528,0.000601,0.001803
ACATCCCGGCCATACG-1,0.575175,0.164478,0.118602,0.141745
ACATCCTGGTAACTGT-1,0.007968,0.569184,0.044292,0.378555
ACATCGATCGTTTACC-1,0.109119,0.35011,0.404573,0.136199
ACATCGCAATATTCGG-1,0.367443,0.000523,0.000131,0.631903
ACATCGGTCAGCCGCG-1,0.817038,0.101046,0.081139,0.000776
ACATCGTATGCAATGG-1,0.004917,0.592389,0.154044,0.24865
ACATCGTTAACCTAGT-1,0.000076,0.505651,0.126269,0.368004
ACATCTCAACGCGTAA-1,0.000065,0.442798,0.20739,0.349747
ACATGCTTACGGCAGC-1,0.370783,0.231877,0.055664,0.341676
ACATGGCGCCAAAGTA-1,0.000048,0.591974,0.126152,0.281826
ACATGGCTCAATTTAG-1,0.030653,0.888053,0.014707,0.066587
ACATTAGTTTATATCC-1,0.147712,0.724861,0.087078,0.04035
ACATTCGCGCGGAATA-1,0.532576,0.275146,0.000117,0.192161
ACATTTGAAACCTAAC-1,0.684882,0.314218,0.000225,0.000675
ACCAAACACCCAGCGA-1,0.110037,0.603721,0.083685,0.202557
ACCAAACTAGAAATCC-1,0.000041,0.255083,0.082954,0.661922
ACCAACACCACACACT-1,0.021107,0.518717,0.158414,0.301762
ACCAACCGCACTCCAC-1,0.181851,0.660753,0.157131,0.000265
ACCAACGCTTATTTAT-1,0.470221,0.001994,0.000499,0.527286
ACCAAGAACGCGTGTC-1,0.000057,0.793449,0.022809,0.183686
ACCAAGTCATCGGCAG-1,0.831649,0.167746,0.000151,0.000454
ACCAATATGCAAGTTA-1,0.096836,0.885934,0.004828,0.012401
ACCACAACTCAGAACA-1,0.000082,0.672405,0.044816,0.282696
ACCACAAGTTTCTATC-1,0.00004,0.535929,0.018343,0.445688
ACCACACGGTTGATGG-1,0.881797,0.00041,0.084679,0.033114
ACCACCAATGTAACAA-1,0.000051,0.572406,0.158726,0.268817
ACCACCCTCTCTTCTA-1,0.01002,0.561469,0.083078,0.345433
ACCACGTGCAGCTATA-1,0.132047,0.372446,0.170434,0.325073
ACCACTGTTCAAGAAG-1,0.042389,0.122393,0.093546,0.741672
ACCAGACCATAACAAC-1,0.862579,0.003089,0.000772,0.13356
ACCAGCCCGGTCTTTG-1,0.000089,0.673928,0.257895,0.068087
ACCAGGAGTGTGATCT-1,0.037532,0.725143,0.010435,0.22689
ACCAGTGCCCGGTCAA-1,0.000084,0.626074,0.072384,0.301459
ACCAGTGCGGGAGACG-1,0.000086,0.678295,0.000086,0.321534
ACCATATCCGCAATAA-1,0.028454,0.661957,0.020456,0.289132
ACCATCCGCCAACTAG-1,0.577535,0.050168,0.164963,0.207334
ACCATCGTATATGGTA-1,0.759118,0.129811,0.023458,0.087614
ACCATTAAGGGTGTCA-1,0.026299,0.516458,0.103929,0.353313
ACCCAACGCCCGTGGC-1,0.030111,0.345476,0.259339,0.365075
ACCCACCTACATGCTC-1,0.000086,0.515035,0.000086,0.484794
ACCCATCTTGAGGGTA-1,0.019502,0.72951,0.000082,0.250907
ACCCATTTGTCCCTCT-1,0.000082,0.963388,0.034506,0.002024
ACCCGAGCGAAATTAC-1,0.998406,0.000797,0.000199,0.000598
ACCCGATTGGTTCCGA-1,0.851186,0.147571,0.000311,0.000932
ACCCGGAAACTCCCAG-1,0.46171,0.039681,0.131475,0.367135
ACCCGGAGCACCACAA-1,0.00003,0.587159,0.108182,0.304628
ACCCGGATGACGCATC-1,0.0251,0.391561,0.012095,0.571243
ACCCGGTTACACTTCC-1,0.090611,0.683056,0.021675,0.204658
ACCCGTAGCAGAGAAT-1,0.256034,0.03845,0.000048,0.705468
ACCCGTAGTCTAGTTG-1,0.000052,0.86139,0.000052,0.138505
ACCCGTGTCATCAGTA-1,0.676944,0.001544,0.000386,0.321126
ACCCTATAGGACTGAG-1,0.000176,0.83097,0.059263,0.109592
ACCCTATGCCATATCG-1,0.87105,0.126715,0.000559,0.001676
ACCCTCCCGTCAGGGC-1,0.846103,0.085888,0.06738,0.000629
ACCCTCCCTTGCTATT-1,0.000102,0.739294,0.043631,0.216973
ACCCTGGTAACGCCCT-1,0.013059,0.512368,0.148776,0.325797
ACCCTTCATCTGCGAA-1,0.00005,0.671025,0.003626,0.325299
ACCCTTGCCTGGGTCG-1,0.000054,0.695071,0.042935,0.261941
ACCCTTTAGTTCTCCA-1,0.000102,0.58656,0.028553,0.384785
ACCGAAAGGGCCCTGC-1,0.071713,0.683934,0.050735,0.193618
ACCGAAGAGTCTGGTT-1,0.997892,0.001054,0.000263,0.00079
ACCGACACATCTCCCA-1,0.810186,0.002159,0.186036,0.001619
ACCGACTGAGTCCCAC-1,0.000075,0.60174,0.021902,0.376283
ACCGAGTCTCCTTATT-1,0.82192,0.176481,0.0004,0.0012
ACCGATAGGCATAACC-1,0.00005,0.999261,0.00005,0.000639
ACCGATATTTAATCAT-1,0.032798,0.532086,0.005295,0.429821
ACCGATGGTAGCATCG-1,0.095032,0.513285,0.171583,0.2201
ACCGCAATAACTGCCT-1,0.130702,0.490367,0.031829,0.347102
ACCGCGGTGGAAGTCG-1,0.000077,0.846675,0.095519,0.057729
ACCGCTAGTCATTGGT-1,0.412709,0.203948,0.000129,0.383214
ACCGGGCCTTTGTTGA-1,0.0015,0.185334,0.00245,0.810717
ACCGGTCAGGTACACC-1,0.853907,0.144292,0.00045,0.00135
ACCGGTCTGAGTACGG-1,0.032911,0.459379,0.313545,0.194166
ACCGTCCACTGGGCCC-1,0.361231,0.364155,0.000138,0.274476
ACCGTGACCACGTGGG-1,0.996132,0.001934,0.000483,0.00145
ACCGTTCCCGCTCTGA-1,0.000079,0.749794,0.080543,0.169585
ACCTAAGTACCTTTCA-1,0.995058,0.002471,0.000618,0.001853
ACCTAATCGACTTCCT-1,0.000128,0.99936,0.000128,0.000384
ACCTACAGTATGTGGT-1,0.231689,0.316374,0.246818,0.205119
ACCTACTATAAATCTA-1,0.879027,0.119524,0.000362,0.001087
ACCTCAGCGAGGCGCA-1,0.993779,0.00311,0.000778,0.002333
ACCTCCGCCCTCGCTG-1,0.006066,0.795328,0.185759,0.012847
ACCTCCGTTATTCACC-1,0.000034,0.154444,0.02063,0.824893
ACCTCGAACTTATGCT-1,0.417084,0.426666,0.000179,0.156071
ACCTGCGTGTCATGTT-1,0.944858,0.054117,0.000256,0.000769
ACCTTTCCTTTAGAAG-1,0.000064,0.483658,0.419257,0.097021
ACGAAATGGGCGGCAC-1,0.053249,0.74667,0.106297,0.093784
ACGACCCATGAGTTGC-1,0.070868,0.716845,0.043961,0.168326
ACGACTCTAGGGCCGA-1,0.980853,0.000758,0.017821,0.000568
ACGACTGGTCATACTC-1,0.953121,0.045773,0.000277,0.00083
ACGAGAACCCATCACG-1,0.000088,0.422448,0.570628,0.006835
ACGAGATATTTGCTTA-1,0.000093,0.442349,0.003216,0.554342
ACGAGGATACCACTCT-1,0.451353,0.538058,0.002647,0.007942
ACGAGGTTTACAACGT-1,0.788719,0.209364,0.000479,0.001438
ACGAGTACGGATGCCC-1,0.546886,0.095139,0.331498,0.026476
ACGAGTCGCCGGCGTT-1,0.000056,0.267815,0.000056,0.732074
ACGATACATAGAACTA-1,0.05617,0.665116,0.225104,0.05361
ACGATACCTATCCTGA-1,0.716922,0.026161,0.006541,0.250376
ACGATCATACATAGAG-1,0.111124,0.563063,0.078581,0.247232
ACGATCATCTTGTAAA-1,0.000046,0.251977,0.000046,0.747931
ACGATGCATATGTTAT-1,0.020981,0.727823,0.012696,0.238499
ACGATGGATCCGATGC-1,0.000048,0.505031,0.013499,0.481422
ACGCAAACTAATAGAT-1,0.913772,0.085143,0.000271,0.000814
ACGCAATCACTACAGC-1,0.068159,0.727802,0.052489,0.15155
ACGCATAAATGACATG-1,0.000084,0.680877,0.087419,0.23162
ACGCATACGTTTACTA-1,0.036058,0.636161,0.150624,0.177157
ACGCATTCGTGAGTAC-1,0.006002,0.584443,0.144825,0.26473
ACGCCACTCGAAACAG-1,0.951342,0.000882,0.047114,0.000662
ACGCCAGATGATTTCT-1,0.000083,0.784305,0.1159,0.099712
ACGCCAGTGCGTTTGC-1,0.961475,0.037895,0.000158,0.000473
ACGCCCAGCTGTCGAT-1,0.0001,0.600403,0.172705,0.226792
ACGCCGCTAGACGACC-1,0.07318,0.769335,0.013099,0.144385
ACGCCTGACACGCGCT-1,0.011799,0.000286,0.195792,0.792123
ACGCGAAGTCAGACGA-1,0.095901,0.79922,0.000074,0.104806
ACGCGCTACACAGGGT-1,0.513941,0.303207,0.000882,0.181969
ACGCGGGCCAAGGACA-1,0.160911,0.528411,0.081131,0.229547
ACGCGTTTCTTAAGAG-1,0.986875,0.000579,0.012112,0.000434
ACGCTACTGAATGGGC-1,0.551449,0.341799,0.00009,0.106662
ACGCTAGTATCAGTGC-1,0.029927,0.725992,0.096618,0.147463
ACGCTAGTGATACACT-1,0.154332,0.573038,0.095904,0.176726
ACGCTGTGAGGCGTAG-1,0.596304,0.398699,0.001249,0.003748
ACGCTTAGTGTCTCTC-1,0.000165,0.505716,0.468744,0.025376
ACGGAACACGAGTGCC-1,0.840405,0.158856,0.000185,0.000554
ACGGAATTTAGCAAAT-1,0.000077,0.882292,0.000077,0.117554
ACGGACGCAGCGACAA-1,0.292956,0.65245,0.000134,0.05446
ACGGACTCTCAAAGCG-1,0.835226,0.162012,0.000691,0.002072
ACGGAGCGCAAATTAC-1,0.000069,0.51514,0.039904,0.444887
ACGGATGGTGCGGATA-1,0.266184,0.733326,0.000122,0.000367
ACGGCACTTGCTTGGG-1,0.281204,0.630059,0.088065,0.000673
ACGGCCAACATGGACT-1,0.538296,0.25623,0.000494,0.204979
ACGGCGACGATGGGAA-1,0.145624,0.278497,0.49399,0.08189
ACGGCGGGTTGCCCTG-1,0.000087,0.96621,0.00309,0.030613
ACGGCTGGATGTAGAA-1,0.369958,0.459391,0.000275,0.170377
ACGGGAGTGTCGGCCC-1,0.571537,0.184417,0.000911,0.243135
ACGGGCGTATGCGACA-1,0.200051,0.071677,0.375962,0.35231
ACGGGTCATGTGACTT-1,0.011527,0.979549,0.000095,0.008829
ACGGGTTGTGACCTGT-1,0.43705,0.227508,0.000141,0.335301
ACGGTACAGTTCAATG-1,0.831062,0.000683,0.167743,0.000512
ACGGTCACCGAGAACA-1,0.440584,0.307204,0.000147,0.252065
ACGTACAGATTTCTCT-1,0.046885,0.759487,0.068912,0.124717
ACGTACTTTGGCACGG-1,0.995166,0.002417,0.000604,0.001813
ACGTAGATTGCTGATG-1,0.000058,0.503829,0.000058,0.496055
ACGTAGGAGAGTCGCT-1,0.726719,0.27108,0.00055,0.001651
ACGTATTACTCCGATC-1,0.000093,0.82326,0.034483,0.142163
ACGTCCTAAACGAGAT-1,0.000044,0.665382,0.057076,0.277499
ACGTCGGGCAACTCGG-1,0.060542,0.00112,0.00028,0.938058
ACGTCTCGTTCCGGGA-1,0.888124,0.000674,0.000168,0.111034
ACGTGACAAAGTAAGT-1,0.766496,0.003089,0.000772,0.229643
ACGTGCGCCTCGTGCA-1,0.000062,0.547059,0.051031,0.401848
ACGTGGTCGAATGTGC-1,0.000141,0.695138,0.304299,0.000422
ACGTTAATGTCGAAGA-1,0.076457,0.639351,0.090154,0.194038
ACGTTAGATTTGCCCG-1,0.076392,0.922549,0.000643,0.000416
ACGTTATTGGTCACTC-1,0.000111,0.6053,0.009557,0.385032
ACGTTCACTATGCCGC-1,0.751259,0.081365,0.167056,0.00032
ACGTTCCGCGCTCCGT-1,0.046019,0.674849,0.183763,0.095369
ACGTTCGCAATCAATT-1,0.00005,0.557668,0.012979,0.429303
ACGTTCGTTCAGGAAA-1,0.872119,0.124265,0.000904,0.002712
ACGTTCTGTACAAGTC-1,0.739935,0.081727,0.064565,0.113773
ACGTTGTCGTTGAAAG-1,0.234511,0.292672,0.000096,0.472721
ACGTTTAGTTGTGATC-1,0.000104,0.696233,0.27431,0.029353
ACGTTTCGGTGCACTT-1,0.361881,0.46163,0.000111,0.176378
ACTAAGGACGCACACC-1,0.000063,0.755718,0.113194,0.131025
ACTAATACGTCAGGCG-1,0.029388,0.583086,0.009876,0.37765
ACTACAAAGAGAGGTG-1,0.916425,0.082014,0.00039,0.00117
ACTACATCCCGACAAG-1,0.480635,0.342773,0.061947,0.114645
ACTACCAGCTCTCTGG-1,0.014377,0.514265,0.034405,0.436954
ACTACCATCCGAGGGC-1,0.283955,0.316369,0.001237,0.398439
ACTACGCGTTAGAATT-1,0.849765,0.147058,0.000794,0.002383
ACTAGTTGCGATCGTC-1,0.000118,0.843952,0.113419,0.042511
ACTATATGCTGTGTTC-1,0.073727,0.416031,0.462094,0.048148
ACTATCCAGGGCATGG-1,0.000085,0.63186,0.000085,0.36797
ACTATCGCCGGCTAAA-1,0.099255,0.000254,0.044854,0.855637
ACTATCTGCCCGCGTA-1,0.061769,0.707621,0.09525,0.13536
ACTATGTCCAGCTGCC-1,0.374529,0.128183,0.000614,0.496674
ACTATTCGTCCGTGGT-1,0.000078,0.545275,0.17812,0.276528
ACTATTTCCGGGCCCA-1,0.564533,0.205046,0.167844,0.062577
ACTCAACGAATGTATT-1,0.000058,0.370568,0.031656,0.597717
ACTCAAGTGCAAGGCT-1,0.209507,0.790033,0.000115,0.000345
ACTCAATAAAGGCACG-1,0.022911,0.465901,0.036355,0.474833
ACTCAGACCTGCTTCT-1,0.000082,0.849172,0.114373,0.036373
ACTCATGGCAGCCTTC-1,0.489336,0.075952,0.000373,0.434338
ACTCCAATATCATCAT-1,0.961707,0.037296,0.000249,0.000748
ACTCCCATTCCTAAAG-1,0.659358,0.339396,0.000311,0.000934
ACTCCCGAATTCGTTT-1,0.000086,0.683426,0.005879,0.310609
ACTCCCGTAGACTAGG-1,0.006016,0.66628,0.039804,0.2879
ACTCCCTAATGCTAAA-1,0.473197,0.099234,0.427146,0.000424
ACTCCCTAGAATAGTA-1,0.111692,0.79465,0.024642,0.069016
ACTCCGGCCGACCACT-1,0.998158,0.000921,0.00023,0.000691
ACTCGATGTATTTCAT-1,0.015628,0.734614,0.060272,0.189487
ACTCGCCGTTCGATAA-1,0.000085,0.999575,0.000085,0.000256
ACTCGCGATCTGACGC-1,0.000029,0.274255,0.034101,0.691615
ACTCGTAACCCGTCCT-1,0.369297,0.623164,0.001885,0.005654
ACTCGTCAGTAATCCC-1,0.084611,0.48835,0.020472,0.406566
ACTCTAAACCTGGGAT-1,0.894397,0.002745,0.000686,0.102171
ACTCTCTGACTTAGGT-1,0.024564,0.799525,0.085269,0.090642
ACTCTCTTATACACGA-1,0.000084,0.220318,0.163727,0.61587
ACTCTGACCTAATAGA-1,0.905078,0.001416,0.000354,0.093151
ACTCTTCAGCTCCCGC-1,0.000044,0.64494,0.010229,0.344787
ACTCTTGTATAGTAAC-1,0.000084,0.67811,0.074433,0.247374
ACTGAAACGCCGTTAG-1,0.000076,0.909429,0.051554,0.03894
ACTGAATGGCGAAAGT-1,0.000075,0.785243,0.180403,0.034279
ACTGATTTAGTGATTC-1,0.211483,0.420867,0.284079,0.083571
ACTGCCCGCCATTCTC-1,0.687331,0.24432,0.000459,0.06789
ACTGCCGTCGTAACTC-1,0.035556,0.24834,0.036828,0.679276
ACTGCGGACACACCGT-1,0.000043,0.530104,0.183696,0.286157
ACTGCTCGGAAGGATG-1,0.627717,0.000451,0.000113,0.37172
ACTGGCGAACCTGCGT-1,0.020965,0.798389,0.129433,0.051213
ACTGGGATGCCAGTGC-1,0.998884,0.000558,0.00014,0.000419
ACTGTACGATACACAT-1,0.035852,0.569864,0.173059,0.221225
ACTGTAGCACTTTGGA-1,0.005093,0.649031,0.017878,0.327998
ACTGTATACGCGAGCA-1,0.00008,0.796658,0.00008,0.203181
ACTGTCCAGGATTATA-1,0.023845,0.674661,0.105753,0.19574
ACTGTCTTCTTTAGAA-1,0.000044,0.454744,0.039771,0.50544
ACTGTGCTAGTAGATC-1,0.000137,0.557046,0.010463,0.432354
ACTGTTTAGTGTAGGC-1,0.000057,0.739838,0.054777,0.205329
ACTTACCGGGCGCGCA-1,0.046332,0.596971,0.083039,0.273658
ACTTACGCATCCACGC-1,0.691213,0.229853,0.00017,0.078765
ACTTAGTACGACAAGA-1,0.00009,0.764778,0.00009,0.235042
ACTTATACTTACCCGG-1,0.394232,0.055283,0.348576,0.201909
ACTTATCTGATCTATA-1,0.000119,0.789263,0.000119,0.2105
ACTTATTAGGATCGGT-1,0.050434,0.652233,0.098847,0.198486
ACTTATTTATGTGCCA-1,0.051444,0.597849,0.033818,0.316888
ACTTCAGGCTGATCCC-1,0.000096,0.793805,0.075632,0.130467
ACTTCCAGTGGAAGCT-1,0.309135,0.001044,0.000261,0.68956
ACTTCCATGCGGGACA-1,0.367843,0.535628,0.000377,0.096153
ACTTCCTGTCGTGCGA-1,0.020864,0.535326,0.014542,0.429269
ACTTCGCCATACGCAC-1,0.005589,0.773938,0.095859,0.124614
ACTTCGCTAGCGAGTG-1,0.000062,0.793585,0.14839,0.057963
ACTTGACTCCCTCTTT-1,0.028374,0.295798,0.206603,0.469225
ACTTGCCATATTGTAC-1,0.000055,0.768594,0.000338,0.231014
ACTTGCTCTATCTACC-1,0.546327,0.001174,0.000293,0.452206
ACTTGGGACCCGGTGG-1,0.078155,0.799752,0.12181,0.000283
ACTTGGGCTTTCGCCA-1,0.867683,0.004538,0.001135,0.126644
ACTTGTAGTCCCTTCA-1,0.600686,0.086814,0.311507,0.000993
ACTTGTGGATGGAACG-1,0.000073,0.865387,0.023148,0.111393
ACTTGTTACCGGATCA-1,0.999102,0.000449,0.000112,0.000337
ACTTTACCCTCATGAA-1,0.000086,0.951985,0.047671,0.000258
ACTTTATACACCACTT-1,0.40806,0.359152,0.00456,0.228229
ACTTTCCTATAGCTTC-1,0.000055,0.63904,0.000782,0.360123
ACTTTGACTGCATCCT-1,0.598663,0.271049,0.000259,0.130028
ACTTTGGTCGTGCTCC-1,0.590208,0.405299,0.001123,0.00337
ACTTTGTCGACGCACT-1,0.040336,0.626068,0.039672,0.293925
AGAAATTATGACTCGC-1,0.000061,0.96082,0.000061,0.039058
AGAACACGGCGATGGT-1,0.269549,0.533091,0.000091,0.197269
AGAACCCAGCGTGACA-1,0.008854,0.852398,0.030506,0.108242
AGAACCCTCAATTGGG-1,0.548342,0.268246,0.000136,0.183276
AGAACGTGGTACATTC-1,0.008155,0.359717,0.044198,0.58793
AGAACTGTACTTTGTA-1,0.94515,0.053835,0.000254,0.000762
AGAAGAGCGCCGTTCC-1,0.001373,0.89373,0.001373,0.103525
AGAAGGTACACTTCAC-1,0.673898,0.321609,0.001123,0.003369
AGAAGGTTGCCGAATT-1,0.782916,0.20508,0.011243,0.000762
AGAAGGTTGTAGGTCG-1,0.922907,0.002149,0.073333,0.001611
AGAAGTGATTCGTGAT-1,0.603386,0.387349,0.002317,0.006949
AGAATAAATCTTCAGG-1,0.903557,0.095389,0.000263,0.00079
AGAATACAGGCTATCC-1,0.881696,0.000478,0.00012,0.117707
AGAATGCGGGTTCGGA-1,0.081607,0.243633,0.394246,0.280515
AGAATTATGGATTCGA-1,0.000106,0.867215,0.028523,0.104157
AGAATTGTTTGACATA-1,0.00011,0.678401,0.004836,0.316654
AGACAGCTCAGAATCC-1,0.01027,0.31532,0.000052,0.674358
AGACAGGCATCTCAGC-1,0.015744,0.792836,0.168264,0.023156
AGACATAGATCCTTCC-1,0.000084,0.680694,0.045705,0.273517
AGACCAAACCACACCT-1,0.363692,0.177562,0.00039,0.458356
AGACCATGGGATACAA-1,0.000093,0.954901,0.003041,0.041965
AGACCCACCGCTGATC-1,0.102872,0.617939,0.27541,0.003779
AGACCCGCCCTCCTCG-1,0.015904,0.679133,0.02491,0.280053
AGACCGCTCCGCGGTT-1,0.000044,0.187829,0.131964,0.680163
AGACCGGGAAACCCTG-1,0.862706,0.13654,0.000188,0.000565
AGACGAAGTGCCGGTC-1,0.130493,0.11036,0.409964,0.349183
AGACGACGATGCCGCT-1,0.919273,0.00278,0.075862,0.002085
AGACGCCCACTTCGCC-1,0.000059,0.953541,0.046222,0.000178
AGACGGGATTGGTATA-1,0.000118,0.495861,0.062577,0.441444
AGACGGGCCGATTTAA-1,0.035595,0.415837,0.421488,0.127079
AGACTAGCCTTCCAGA-1,0.000078,0.948571,0.004197,0.047154
AGACTGTTACCGGGTC-1,0.996247,0.001877,0.000469,0.001407
AGAGAAACACCAGAAA-1,0.934821,0.064327,0.000213,0.000639
AGAGAACCGTCTAGGA-1,0.024099,0.212543,0.170951,0.592408
AGAGAAGGAGTACAAT-1,0.7165,0.038742,0.237099,0.007659
AGAGATCTCTAAAGCG-1,0.999009,0.000495,0.000124,0.000371
AGAGCAGTTATGAGAC-1,0.000397,0.791134,0.01088,0.19759
AGAGCCGCCGAGATTT-1,0.000067,0.619914,0.04136,0.338659
AGAGCGCTTGTAACGG-1,0.000066,0.765502,0.048691,0.18574
AGAGCGGGCTAATCAT-1,0.000052,0.731253,0.25747,0.011225
AGAGCGTACAAGCTCG-1,0.00005,0.181109,0.00005,0.81879
AGAGCTACGAAAGCAT-1,0.047825,0.951138,0.000259,0.000778
AGAGGCTTCGGAAACC-1,0.000052,0.506402,0.000052,0.493493
AGAGGGACAATTGTCC-1,0.000086,0.676035,0.170343,0.153536
AGAGGTATCTCGGTCC-1,0.000045,0.754743,0.030191,0.215021
AGAGTAAACTTCACTA-1,0.000051,0.624369,0.000051,0.375529
AGAGTATAGTGTTACG-1,0.00008,0.807498,0.081725,0.110697
AGAGTCTTAATGAAAG-1,0.798614,0.000944,0.199733,0.000708
AGAGTGAACAGACACC-1,0.383459,0.305243,0.3073,0.003998
AGAGTTAGAGACCGAT-1,0.068231,0.631678,0.20188,0.098211
AGAGTTGCAGGCCTCC-1,0.000083,0.941633,0.001622,0.056662
AGATAACTTCAGGGCC-1,0.028167,0.826721,0.000094,0.145018
AGATAATCACACCTAT-1,0.503632,0.000521,0.00013,0.495716
AGATACCAATAGAACC-1,0.000059,0.999704,0.000059,0.000178
AGATACCAGCACTTCA-1,0.459705,0.354322,0.185783,0.00019
AGATACCGGTGTTCAC-1,0.651864,0.346984,0.000288,0.000864
AGATACGACTTCATAT-1,0.000061,0.653095,0.030418,0.316427
AGATACTCAAGATCGA-1,0.000064,0.504481,0.021808,0.473648
AGATATAATACGACTA-1,0.712827,0.283017,0.001039,0.003117
AGATCGTGCATAAGAT-1,0.000043,0.589251,0.001906,0.408799
AGATCTCAGGTGTGAT-1,0.000819,0.444148,0.049304,0.50573
AGATCTGGAGAGGATA-1,0.443037,0.555758,0.000097,0.001109
AGATGACTCGCCCACG-1,0.040993,0.662077,0.120413,0.176516
AGATGAGGGTTGCGAT-1,0.078009,0.424719,0.378767,0.118505
AGATGATGGAGTCTGG-1,0.000077,0.76002,0.216641,0.023262
AGATGCAAGACGTGCA-1,0.766323,0.229091,0.001146,0.003439
AGATGCATCCTGTGTC-1,0.617812,0.380464,0.000431,0.001293
AGATGCTATAACGAGC-1,0.041007,0.48287,0.052333,0.42379
AGATTATAGGACGTTT-1,0.05549,0.518182,0.084693,0.341635
AGATTCAAGCGGGTCG-1,0.000128,0.686114,0.000128,0.31363
AGATTCACAACCGATA-1,0.797017,0.200221,0.000691,0.002072
AGCAAAGGCCGCTAGT-1,0.833361,0.163137,0.000875,0.002626
AGCAACATATCTTATT-1,0.057754,0.863214,0.000087,0.078945
AGCAACCGAAAGTAAT-1,0.89399,0.104594,0.000354,0.001062
AGCACACGTTTAGACT-1,0.725835,0.271549,0.000654,0.001962
AGCACCAGTACTCACG-1,0.000055,0.378978,0.143222,0.477744
AGCACTACCGGCCTGT-1,0.482804,0.514855,0.000585,0.001756
AGCACTACCTCACCAG-1,0.104086,0.535928,0.015373,0.344612
AGCACTTAAGGACGCC-1,0.000137,0.934919,0.000137,0.064807
AGCAGAAGGAGAAAGA-1,0.703903,0.293612,0.000621,0.001863
AGCAGCCAGATGAATA-1,0.803959,0.193795,0.000562,0.001685
AGCAGTCGAAGCATGC-1,0.947322,0.000493,0.051815,0.00037
AGCATATCAATATGCT-1,0.000064,0.708318,0.000064,0.291554
AGCATCATTTCGAAAG-1,0.800514,0.196598,0.000722,0.002166
AGCATCGTCGATAATT-1,0.001232,0.529909,0.024004,0.444855
AGCATTACGAGGCAAG-1,0.054464,0.665063,0.280217,0.000256
AGCCAAGCTTTGTGTC-1,0.779726,0.217142,0.000783,0.002349
AGCCACAGGTTACCCG-1,0.7913,0.187382,0.020814,0.000504
AGCCACTCCCGTGCTT-1,0.130909,0.412517,0.233252,0.223322
AGCCATATAGTATGTG-1,0.998453,0.000773,0.000193,0.00058
AGCCCATACATGTAAG-1,0.685801,0.31229,0.000477,0.001432
AGCCCGCAACAAGCAG-1,0.99782,0.00109,0.000273,0.000818
AGCCCGCACTACAATG-1,0.763944,0.235536,0.00013,0.00039
AGCCCGGCATTAGAGG-1,0.885951,0.112771,0.00032,0.000959
AGCCCGGTAGCCTGTA-1,0.744214,0.252676,0.000778,0.002333
AGCCCTAAGCGAAGTT-1,0.000064,0.804543,0.028359,0.167034
AGCCCTCCCTGGTGGC-1,0.64464,0.354017,0.000336,0.001008
AGCCCTGTCGCACCGT-1,0.000048,0.596165,0.081208,0.322579
AGCCCTTCTAATCCGA-1,0.026716,0.72365,0.036202,0.213431
AGCCCTTGGACATCCC-1,0.00006,0.643807,0.002223,0.353911
AGCCGCAAATTCAAAT-1,0.829223,0.162974,0.001951,0.005852
AGCCGCTTGATTAGCG-1,0.059528,0.00034,0.058452,0.881681
AGCCGTGGCTAAATGT-1,0.930547,0.066321,0.000783,0.002349
AGCCTAATACCCACGT-1,0.770817,0.191133,0.035338,0.002712
AGCCTTAAAGCGGAAG-1,0.000098,0.88664,0.000098,0.113163
AGCCTTGTCACTGATA-1,0.582375,0.007668,0.001917,0.408039
AGCGACAGGAACGGTC-1,0.802995,0.194956,0.000512,0.001537
AGCGACATCCCATTCA-1,0.000047,0.706991,0.264152,0.02881
AGCGACCAACGATATT-1,0.006864,0.738131,0.223218,0.031787
AGCGACTTTGAAGACA-1,0.668559,0.000919,0.00023,0.330293
AGCGAGACGTGAAGGC-1,0.226714,0.48757,0.000309,0.285407
AGCGATGCGCCTAATA-1,0.000061,0.991999,0.007759,0.000182
AGCGCATAATGAATCG-1,0.713812,0.003971,0.000993,0.281224
AGCGCGGGTGCCAATG-1,0.027157,0.188102,0.166285,0.618456
