Barcode,Topic 1to2,Topic 3,Topic 4,Topic 5,Topic 6to7
AAACAACGAATAGTTC-1,0.000755,0.065409,0.000378,0.78752,0.145938
AAACAAGTATCTCCCA-1,0.918896,0.007102,0.001172,0.00003,0.0728
AAACAATCTACTAGCA-1,0.001237,0.000618,0.000618,0.65549,0.342036
AAACACCAATAACTGC-1,0.00031,0.000155,0.060577,0.657792,0.281167
AAACAGAGCGACTCCT-1,0.83747,0.069577,0.012089,0.000034,0.08083
AAACAGCTTTCAGAAG-1,0.000385,0.000193,0.000193,0.847516,0.151713
AAACAGGGTCTATATT-1,0.000556,0.000278,0.000278,0.621911,0.376978
AAACAGTGTTCCTGGG-1,0.000891,0.000446,0.000445,0.784368,0.213849
AAACATGGTGAGAGGA-1,0.000219,0.000109,0.000109,0.645969,0.353594
AAACATTTCCCGGATT-1,0.001772,0.000885,0.000885,0.393775,0.602683
AAACCACTACACAGAT-1,0.452098,0.011022,0.033447,0.000029,0.503404
AAACCCGAACGAAATC-1,0.742506,0.016615,0.128326,0.017745,0.094808
AAACCGGAAATGTTAA-1,0.448898,0.00654,0.368125,0.000026,0.176411
AAACCGGGTAGGTACC-1,0.00043,0.000215,0.07675,0.702627,0.219978
AAACCGTTCGTCCAGG-1,0.000888,0.000444,0.000444,0.736301,0.261923
AAACCTAAGCAGCCGG-1,0.000747,0.000374,0.087068,0.731639,0.180172
AAACCTCATGAAGTTG-1,0.000594,0.000297,0.000297,0.632658,0.366153
AAACGAAGAACATACC-1,0.001816,0.000049,0.000049,0.000049,0.998036
AAACGAAGATGGAGTA-1,0.00018,0.00009,0.00009,0.795212,0.204428
AAACGACAGTCTTGCC-1,0.909291,0.009026,0.027378,0.000018,0.054287
AAACGAGACGGTTGAT-1,0.284402,0.000112,0.000112,0.000112,0.715262
AAACGCCCGAGATCGG-1,0.185154,0.000046,0.003488,0.000046,0.811266
AAACGCTGGGCACGAC-1,0.000571,0.029864,0.014326,0.954669,0.000571
AAACGGGCGTACGGGT-1,0.174294,0.000504,0.007475,0.81672,0.001007
AAACGGGTTGGTATCC-1,0.000619,0.000309,0.035957,0.962497,0.000619
AAACGGTTGCGAACTG-1,0.063259,0.017236,0.000721,0.768438,0.150346
AAACGTGTTCGCCCTA-1,0.829869,0.00005,0.00005,0.00005,0.169981
AAACTAACGTGGCGAC-1,0.302374,0.003187,0.059198,0.087273,0.547968
AAACTCGGTTCGCAAT-1,0.001472,0.000736,0.000736,0.675959,0.321097
AAACTCGTGATATAAG-1,0.452321,0.000051,0.000051,0.000051,0.547525
AAACTGCTGGCTCCAA-1,0.331586,0.000091,0.161626,0.071889,0.434808
AAACTTAATTGCACGC-1,0.000313,0.000156,0.000156,0.394428,0.604947
AAACTTGCAAACGTAT-1,0.000611,0.000306,0.000306,0.556891,0.441886
AAAGAATGACCTTAGA-1,0.010826,0.001203,0.154669,0.695934,0.137368
AAAGAATGTGGACTAA-1,0.000603,0.000302,0.000302,0.998191,0.000603
AAAGACATGAAGTTTA-1,0.503782,0.001176,0.104385,0.00045,0.390208
AAAGACCCAAGTCGCG-1,0.000148,0.000074,0.000074,0.000074,0.999629
AAAGACTGGGCGCTTT-1,0.000429,0.000215,0.089013,0.519068,0.391275
AAAGCTTGCCTACATA-1,0.322531,0.104144,0.173274,0.000038,0.400013
AAAGGCCCTATAATAC-1,0.00026,0.00013,0.00013,0.835878,0.163603
AAAGGCTACGGACCAT-1,0.000829,0.000415,0.000415,0.953498,0.044843
AAAGGCTCTCGCGCCG-1,0.002126,0.001062,0.001062,0.821722,0.174028
AAAGGGATGTAGCAAG-1,0.227769,0.00022,0.045892,0.000086,0.726033
AAAGGGCAGCTTGAAT-1,0.000526,0.000263,0.000263,0.731574,0.267375
AAAGGTAAGCTGTACC-1,0.402263,0.025469,0.001047,0.000052,0.571169
AAAGGTCAACGACATG-1,0.536975,0.004057,0.003095,0.000026,0.455848
AAAGTAGCATTGCTCA-1,0.000986,0.000493,0.000493,0.618059,0.379969
AAAGTCACTGATGTAA-1,0.888368,0.03135,0.001122,0.000036,0.079124
AAAGTCGACCCTCAGT-1,0.00061,0.000305,0.000305,0.61506,0.38372
AAAGTGCCATCAATTA-1,0.114249,0.022455,0.171326,0.691255,0.000716
AAAGTGTGATTTATCT-1,0.260862,0.05146,0.000078,0.043411,0.644189
AAAGTTGACTCCCGTA-1,0.406925,0.00006,0.09344,0.015025,0.48455
AAATAACCATACGGGA-1,0.086031,0.185652,0.1435,0.000052,0.584765
AAATAAGGTAGTGCCC-1,0.342462,0.008687,0.010234,0.000043,0.638574
AAATACCTATAAGCAT-1,0.387392,0.021971,0.02722,0.004023,0.559394
AAATAGCTTAGACTTT-1,0.536095,0.006083,0.081872,0.013431,0.36252
AAATAGGGTGCTATTG-1,0.50157,0.01966,0.181987,0.068339,0.228445
AAATCACTCCTAAACG-1,0.482785,0.020818,0.005861,0.000025,0.49051
AAATCCGATACACGCC-1,0.001449,0.000725,0.000725,0.867454,0.129647
AAATCGCGGAAGGAGT-1,0.000183,0.000091,0.114018,0.63422,0.251488
AAATCGTGTACCACAA-1,0.66444,0.000707,0.024329,0.036764,0.273761
AAATCTAGCCCTGCTA-1,0.789887,0.015644,0.108168,0.037432,0.048869
AAATCTGCCCGCGTCC-1,0.013446,0.000121,0.000122,0.80803,0.178281
AAATGACTGATCAAAC-1,0.000181,0.00009,0.282257,0.717291,0.000181
AAATGATTCGATCAGC-1,0.383303,0.000857,0.103088,0.000062,0.512689
AAATGCTCGTTACGTT-1,0.000549,0.000274,0.000274,0.88807,0.110833
AAATGGCATGTCTTGT-1,0.450541,0.04062,0.094703,0.000065,0.414071
AAATGGCCCGTGCCCT-1,0.000717,0.000359,0.000359,0.435787,0.562778
AAATGGTCAATGTGCC-1,0.356243,0.037353,0.164857,0.000094,0.441453
AAATGTATCTTATCCC-1,0.00012,0.394959,0.259226,0.345575,0.00012
AAATGTGGGTGCTCCT-1,0.000194,0.000097,0.000097,0.118416,0.881197
AAATTAACGGGTAGCT-1,0.565954,0.000133,0.048726,0.076857,0.30833
AAATTAATAAGCGCGA-1,0.000215,0.15051,0.000108,0.65949,0.189677
AAATTACACGACTCTG-1,0.074508,0.00007,0.00007,0.00007,0.925282
AAATTACCTATCGATG-1,0.862521,0.000037,0.007259,0.000037,0.130146
AAATTCCAGGTCCAAA-1,0.299605,0.005163,0.002355,0.000045,0.692832
AAATTGATAGTCCTTT-1,0.000883,0.000441,0.000441,0.780934,0.2173
AAATTGCGGCGGTTCT-1,0.000588,0.000294,0.000294,0.842308,0.156516
AAATTGGTGAGAAGCA-1,0.687289,0.0069,0.000052,0.000052,0.305706
AAATTTACCGAAATCC-1,0.456164,0.000045,0.000804,0.000045,0.542942
AAATTTGCGGGTGTGG-1,0.000636,0.000318,0.000318,0.753037,0.24569
AACAACTGGTAGTTGC-1,0.001322,0.000661,0.000661,0.423917,0.573438
AACAATACATTGTCGA-1,0.00044,0.106775,0.00022,0.868214,0.024352
AACAATTACTCTACGC-1,0.039796,0.000302,0.000302,0.719712,0.239888
AACACACGCTCGCCGC-1,0.667926,0.091974,0.080867,0.059686,0.099547
AACACGACTGTACTGA-1,0.701299,0.018402,0.045369,0.197716,0.037214
AACACGAGACGCGGCC-1,0.000373,0.000187,0.162295,0.812589,0.024556
AACACGCGGCCGCGAA-1,0.073629,0.000516,0.000516,0.650915,0.274424
AACAGCTGTGTGGCAA-1,0.000541,0.000271,0.000271,0.804521,0.194396
AACAGGAAATCGAATA-1,0.06917,0.000071,0.000071,0.009015,0.921672
AACAGGATGGGCCGCG-1,0.000753,0.000376,0.000377,0.794292,0.204202
AACAGGTAGTATGGAT-1,0.743787,0.032673,0.082479,0.000026,0.141035
AACATAGCGTGTATCG-1,0.056305,0.020328,0.14749,0.77558,0.000297
AACATATCAACTGGTG-1,0.950479,0.032707,0.012112,0.000031,0.004672
AACATCGATACGTCTA-1,0.765972,0.000049,0.024758,0.000049,0.209171
AACATTGAAGTTGATC-1,0.085921,0.000267,0.000267,0.629205,0.284339
AACATTGGTCAGCCGT-1,0.000438,0.000219,0.091491,0.907415,0.000437
AACATTGTGACTCGAG-1,0.000857,0.000428,0.000428,0.878047,0.12024
AACCAAGACTTCTCTG-1,0.000633,0.000317,0.000317,0.743967,0.254766
AACCAGTATCACTCTT-1,0.75974,0.000053,0.007345,0.000053,0.23281
AACCATAGGGTTGAAC-1,0.000373,0.000187,0.000187,0.47816,0.521094
AACCATGGGATCGCTA-1,0.000308,0.000154,0.18135,0.809263,0.008925
AACCCAGAGACGGAGA-1,0.000642,0.000321,0.000321,0.347407,0.651308
AACCCATCCCATGATC-1,0.000415,0.000208,0.000208,0.500521,0.498648
AACCCGACAACCCGTG-1,0.000834,0.047865,0.000417,0.947979,0.002904
AACCCGAGCAGAATCG-1,0.576066,0.002467,0.110446,0.091858,0.219163
AACCCGATAGGGCTTC-1,0.310815,0.000036,0.003614,0.003857,0.681678
AACCCGCTGTATTCCA-1,0.076081,0.000219,0.000219,0.717629,0.205851
AACCCTACTGTCAATA-1,0.444436,0.000053,0.170701,0.109527,0.275283
AACCCTGGTGGAACCA-1,0.846275,0.010844,0.006981,0.000027,0.135874
AACCGAGCTTGGTCAT-1,0.968615,0.018131,0.013181,0.000024,0.000049
AACCGCTAAGGGATGC-1,0.367647,0.000078,0.017809,0.075748,0.538719
AACCGTTGTGTTTGCT-1,0.713656,0.000074,0.000074,0.063498,0.222698
AACCTAAAGCCGTCCG-1,0.513613,0.001359,0.001685,0.000033,0.483309
AACCTCGCTTTAGCCC-1,0.00062,0.00031,0.239336,0.623837,0.135897
AACCTGTCACGGAATT-1,0.7217,0.008657,0.024284,0.000035,0.245324
AACCTTTAAATACGGT-1,0.001112,0.000556,0.079764,0.917455,0.001113
AACCTTTACGACGTCT-1,0.197046,0.065302,0.000093,0.000093,0.737465
AACGAAAGTCGTCCCA-1,0.000217,0.000109,0.000109,0.717222,0.282344
AACGACCTCCTAGCCG-1,0.00043,0.000215,0.13109,0.867836,0.00043
AACGATAATGCCGTAG-1,0.367643,0.099851,0.029428,0.19295,0.310127
AACGATAGAAGGGCCG-1,0.018292,0.000101,0.000101,0.055782,0.925724
AACGATATGTCAACTG-1,0.920735,0.021317,0.002109,0.036091,0.019748
AACGCATGATCTGGGT-1,0.265958,0.000093,0.002869,0.009768,0.721312
AACGCGAACGGCAACA-1,0.000701,0.000351,0.000351,0.843013,0.155584
AACGCGACCTTGGGCG-1,0.000677,0.000338,0.110038,0.808077,0.08087
AACGCGGTCTCCAGCC-1,0.404997,0.000102,0.098302,0.011462,0.485136
AACGCTGTTGCTGAAA-1,0.518487,0.000091,0.16247,0.053146,0.265806
AACGGACGTACGTATA-1,0.74453,0.02017,0.126148,0.079209,0.029943
AACGGCCATCTCCGGT-1,0.089048,0.000444,0.000444,0.909175,0.000888
AACGTACTGTGGGTAC-1,0.01409,0.000415,0.000415,0.854954,0.130126
AACGTAGTCTACCCAT-1,0.001503,0.000751,0.000751,0.694901,0.302093
AACGTCAGACTAGTGG-1,0.00073,0.000365,0.000365,0.600045,0.398495
AACGTCATCCGGCTTG-1,0.345184,0.011412,0.292945,0.227493,0.122967
AACGTCGCTGCACTTC-1,0.000482,0.000241,0.100118,0.871123,0.028037
AACGTGATGAAGGACA-1,0.344291,0.000233,0.000233,0.499319,0.155924
AACGTGCGAAAGTCTC-1,0.670304,0.009596,0.000078,0.000078,0.319944
AACGTTATCAGCACCT-1,0.000438,0.000219,0.000219,0.680103,0.319021
AACGTTCTACCATTGT-1,0.007966,0.000219,0.160635,0.830742,0.000437
AACTACCCGTTTGTCA-1,0.765141,0.0109,0.060681,0.00176,0.161517
AACTAGCGTATCGCAC-1,0.013773,0.000081,0.027397,0.000081,0.958669
AACTAGGCTTGGGTGT-1,0.001442,0.000721,0.000721,0.74088,0.256236
AACTCAAGTTAATTGC-1,0.040524,0.000321,0.027857,0.930656,0.000642
AACTCCAGAGCGTGTT-1,0.002453,0.001226,0.001226,0.8029,0.192195
AACTCCTAATCCCATG-1,0.750397,0.012425,0.00004,0.000034,0.237104
AACTCGATAAACACGT-1,0.00053,0.000265,0.000265,0.730342,0.268599
AACTCGATGGCGCAGT-1,0.000598,0.000299,0.000299,0.944582,0.054222
AACTCTCAATAGAGCG-1,0.219492,0.000064,0.016015,0.000064,0.764364
AACTCTCAGTGTGCTC-1,0.081355,0.000285,0.005124,0.562965,0.35027
AACTGAGGTCAGCGTC-1,0.237289,0.065465,0.049589,0.010016,0.637641
AACTGAGTTATACTGA-1,0.403339,0.01114,0.232616,0.000026,0.352879
AACTGATATTAGGCCT-1,0.594481,0.018373,0.002787,0.010005,0.374353
AACTGGGTCCCGACGT-1,0.686281,0.162732,0.028099,0.000039,0.122849
AACTGGGTTCGAGCCG-1,0.247217,0.114584,0.250891,0.05118,0.336129
AACTGGTGTGGGCCTT-1,0.002389,0.023923,0.000082,0.000082,0.973524
AACTTCTGCGTCTATC-1,0.084655,0.576779,0.000132,0.312723,0.02571
AACTTGCCCGTATGCA-1,0.000755,0.000351,0.000351,0.825281,0.173262
AACTTGCGTTCTCGCG-1,0.000587,0.000293,0.000293,0.77529,0.223536
AACTTTACGGGAGCTT-1,0.000306,0.000153,0.000153,0.689679,0.309709
AACTTTAGCTGCTGAG-1,0.006334,0.000091,0.000091,0.011146,0.982338
AACTTTCTCGATCATG-1,0.754078,0.009288,0.000051,0.000051,0.236533
AAGAAAGTTTGATGGG-1,0.000235,0.042866,0.000118,0.691566,0.265216
AAGAAATCACCAGATT-1,0.632446,0.005044,0.004399,0.000039,0.358073
AAGAAGGATCAGTTAG-1,0.000394,0.000197,0.000197,0.998817,0.000394
AAGACATACGTGGTTT-1,0.001347,0.000674,0.000674,0.828833,0.168472
AAGACCAAATAACTCA-1,0.000096,0.000048,0.206068,0.662987,0.130802
AAGACCCAACTGAACA-1,0.001117,0.000559,0.000558,0.783063,0.214703
AAGACTAACCCGTTGT-1,0.000873,0.000436,0.000436,0.896707,0.101548
AAGACTCACGCCCACT-1,0.771165,0.012957,0.011215,0.002447,0.202216
AAGACTGCAAGCTACT-1,0.372305,0.000111,0.219852,0.000111,0.407621
AAGAGATGAATCGGTA-1,0.016869,0.000436,0.000436,0.724822,0.257437
AAGAGCTCTTTATCGG-1,0.226391,0.000127,0.000127,0.000127,0.773229
AAGAGGATGTACGCGA-1,0.000741,0.00037,0.000371,0.856012,0.142506
AAGAGGCATGGATCGC-1,0.183616,0.000081,0.145909,0.000081,0.670313
AAGAGGCCCTTTGGAA-1,0.109991,0.000168,0.216487,0.406092,0.267263
AAGATGGCACCGGACC-1,0.037224,0.500652,0.000142,0.461698,0.000284
AAGATTGGCGGAACGT-1,0.645822,0.003321,0.027967,0.00005,0.322841
AAGCACCCTGCGTATC-1,0.001216,0.000608,0.166768,0.830192,0.001216
AAGCATACTCTCCTGA-1,0.000857,0.068788,0.124251,0.310073,0.496031
AAGCCACTTGCAGGTA-1,0.000383,0.000191,0.035088,0.846826,0.117512
AAGCCGAAGCGGTTTA-1,0.622516,0.017941,0.058656,0.000047,0.300839
AAGCCGCCGTGAAATC-1,0.000207,0.000103,0.13766,0.764805,0.097224
AAGCCGCTTTACCTTG-1,0.450499,0.000063,0.000063,0.000063,0.549313
AAGCCGGAGAGCAGGA-1,0.074869,0.000125,0.504488,0.175923,0.244595
AAGCGCAGGGCTTTGA-1,0.001428,0.09214,0.076612,0.828392,0.001428
AAGCGGAGTGCGCGCA-1,0.720879,0.025084,0.017056,0.000032,0.236949
AAGCGGCGTCATGGGT-1,0.250279,0.000077,0.000077,0.000077,0.74949
AAGCGTCCCTCATCGA-1,0.000705,0.023583,0.000353,0.757704,0.217656
AAGCTAGATCGAGTAA-1,0.310543,0.022717,0.061748,0.152737,0.452255
AAGCTATGGATTGACC-1,0.000209,0.000105,0.081887,0.764784,0.153016
AAGCTCGTGCCAAGTC-1,0.515657,0.007132,0.084769,0.000097,0.392346
AAGCTCTTTCATGGTG-1,0.260085,0.000481,0.030178,0.708293,0.000963
AAGGAGAACTTATAAG-1,0.155265,0.000148,0.000148,0.40109,0.443348
AAGGAGCGGTTGGTGC-1,0.023485,0.218505,0.309949,0.000076,0.447985
AAGGATCGATCGCTTG-1,0.561855,0.017295,0.301482,0.001168,0.1182
AAGGATGAGGGACCTC-1,0.724233,0.00246,0.022355,0.025306,0.225647
AAGGCAGGCTGTCTCC-1,0.498089,0.000041,0.251621,0.001149,0.249101
AAGGCGCGTAAAGCTT-1,0.048955,0.000309,0.000309,0.749149,0.201279
AAGGCTGTGCTCATCG-1,0.170472,0.079852,0.051631,0.110735,0.58731
AAGGGAACGACTGGCT-1,0.00032,0.00016,0.00016,0.98461,0.014749
AAGGGACAGATTCTGT-1,0.745809,0.005319,0.013058,0.012008,0.223807
AAGGGACTATGCATTC-1,0.000459,0.00023,0.094599,0.534131,0.370581
AAGGGTTAGCCATGCG-1,0.101473,0.000277,0.097666,0.800032,0.000553
AAGGGTTTGATTTCAG-1,0.000163,0.005881,0.188668,0.692771,0.112517
AAGGTATCCTAATATA-1,0.749963,0.005937,0.051486,0.000053,0.19256
AAGGTGATAAACCAGC-1,0.664706,0.028609,0.042559,0.009753,0.254372
AAGTAAGCTTCCAAAC-1,0.001639,0.00082,0.000819,0.555701,0.44102
AAGTAGAAGACCGGGT-1,0.21087,0.008596,0.000163,0.052443,0.727928
AAGTAGTGACGCGAGG-1,0.000755,0.000377,0.000377,0.751036,0.247454
AAGTCAATTGTCGTCA-1,0.589356,0.004212,0.048952,0.007376,0.350105
AAGTCTAGTAGCTGCC-1,0.292977,0.000064,0.036569,0.000064,0.670326
AAGTCTTCTGTGGCCT-1,0.000321,0.046431,0.036957,0.894927,0.021364
AAGTGACGACCGAATT-1,0.000472,0.000236,0.000245,0.705585,0.293463
AAGTGAGTCGGGTTTA-1,0.000654,0.000327,0.24869,0.693233,0.057096
AAGTGCAAAGGTAGAC-1,0.004484,0.574463,0.090399,0.330101,0.000553
AAGTGCCTTGACTGTA-1,0.699644,0.007797,0.077959,0.000054,0.214546
AAGTGCGTTAGAATCT-1,0.001013,0.000506,0.000506,0.766077,0.231897
AAGTGCTTCTCTATTG-1,0.09344,0.000212,0.000212,0.804976,0.10116
AAGTGTTTGGAGACGG-1,0.383721,0.013104,0.028752,0.08752,0.486902
AAGTTCACTCCAAGCT-1,0.082148,0.000446,0.294658,0.572665,0.050084
AAGTTCAGTCTGCGTA-1,0.116117,0.000067,0.214042,0.000067,0.669706
AAGTTCGGCCAACAGG-1,0.000488,0.000244,0.140043,0.822792,0.036433
AAGTTGTGATGTTATA-1,0.001051,0.000525,0.000525,0.846941,0.150957
AAGTTTACTAATGGCA-1,0.153171,0.000072,0.00007,0.010709,0.835977
AAGTTTATGGGCCCAA-1,0.141595,0.000515,0.000514,0.826029,0.031348
AATAACAACGCTCGGC-1,0.000534,0.000267,0.000267,0.870987,0.127945
AATAACACTAGAACAA-1,0.000481,0.000241,0.000241,0.719751,0.279287
AATAACGTCGCGCCCA-1,0.000301,0.00015,0.251996,0.730647,0.016906
AATAAGTCCTCGAGAC-1,0.687293,0.007042,0.019892,0.001719,0.284054
AATAATCTTCGTATCG-1,0.485006,0.003524,0.133539,0.010634,0.367298
AATACAATGTTTCAGG-1,0.00055,0.000275,0.000275,0.882234,0.116667
AATACCGGAGGGCTGT-1,0.000337,0.000169,0.232104,0.708461,0.058929
AATACCTGATGTGAAC-1,0.075332,0.000178,0.054254,0.858037,0.012198
AATAGAACAGAGTGGC-1,0.001185,0.000592,0.000593,0.686488,0.311141
AATAGAATCTGTTTCA-1,0.844159,0.024767,0.0241,0.000061,0.106914
AATAGCAAGCCTCCTG-1,0.284337,0.009129,0.000061,0.012816,0.693657
AATAGCTACCGCGTGC-1,0.295578,0.000081,0.16833,0.000081,0.53593
AATAGGCACGACCCTT-1,0.000277,0.000138,0.177664,0.703848,0.118072
AATAGTCCGTCCCGAC-1,0.001568,0.000783,0.000784,0.79647,0.200395
AATAGTCGCGAGTCGG-1,0.000284,0.013717,0.000142,0.535772,0.450086
AATATCAAGGTCGGAT-1,0.020229,0.000081,0.000081,0.000081,0.979527
AATATCCTAGCAAACT-1,0.000182,0.000091,0.167645,0.831635,0.000447
AATATCGAATCAATGC-1,0.818281,0.082778,0.041759,0.000029,0.057152
AATATCGAGGGTTCTC-1,0.502566,0.0041,0.092974,0.000062,0.400298
AATATTGGAGTATTGA-1,0.000598,0.000299,0.000299,0.998207,0.000598
AATCAGACTGCAGGAC-1,0.001087,0.000543,0.000543,0.970757,0.027069
AATCAGGTTTCATTTA-1,0.000512,0.000256,0.000256,0.790983,0.207993
AATCATGTAAAGACTC-1,0.853665,0.044488,0.068288,0.002738,0.030822
AATCCAAGGGCCTGAG-1,0.036586,0.000091,0.023238,0.000091,0.939994
AATCCATGCAAGGGTG-1,0.000784,0.000392,0.000392,0.842778,0.155654
AATCCCGCTCAGAGCC-1,0.057639,0.15206,0.285146,0.504991,0.000164
AATCGAGGTCTCAAGG-1,0.01425,0.129362,0.09175,0.663425,0.101214
AATCGCCTCAGCGCCA-1,0.785999,0.006034,0.168795,0.012517,0.026655
AATCGCGCAGAGGACT-1,0.450804,0.017068,0.142343,0.000042,0.389743
AATCGGGACACTACGA-1,0.776303,0.02934,0.015532,0.006323,0.172502
AATCGGTATAGCCCTC-1,0.000648,0.000324,0.125763,0.872618,0.000648
AATCGTGAGCCGAGCA-1,0.000665,0.000332,0.081213,0.917126,0.000664
AATCTAGGTTTACTTG-1,0.000638,0.000319,0.000319,0.628688,0.370036
AATCTATGCCGGAGCC-1,0.281803,0.00006,0.021713,0.00006,0.696365
AATCTCTACTGTGGTT-1,0.000465,0.000233,0.000232,0.82285,0.17622
AATCTGCGTTGGGACG-1,0.359065,0.326762,0.168527,0.007244,0.138402
AATCTGGCTTTCTAGT-1,0.00041,0.000205,0.136679,0.818882,0.043824
AATCTGGGTAGACCCT-1,0.93137,0.00185,0.000023,0.000023,0.066733
AATGACAGCAATGTCT-1,0.000875,0.000438,0.000438,0.655687,0.342563
AATGACGTAGGATGTC-1,0.484442,0.000089,0.12941,0.051337,0.334722
AATGACTGTCAGCCGG-1,0.148546,0.00012,0.073679,0.011099,0.766555
AATGAGTTCGCATATG-1,0.020959,0.000171,0.145376,0.80065,0.032845
AATGATGATACGCTAT-1,0.243292,0.00011,0.00011,0.052945,0.703544
AATGATGCGACTCCTG-1,0.827607,0.000051,0.027339,0.000051,0.144952
AATGCAACCGGGTACC-1,0.543031,0.024456,0.000056,0.002739,0.429719
AATGCACCAAGCAATG-1,0.267435,0.000069,0.382797,0.000069,0.34963
AATGGCCGCCAATGCG-1,0.287464,0.020541,0.000033,0.0005,0.691461
AATGGTCCACCGTTCA-1,0.101149,0.000215,0.000215,0.876337,0.022084
AATGGTTCTCACAAGC-1,0.000551,0.000275,0.000275,0.751424,0.247475
AATGTATGGCACTGTA-1,0.001332,0.000086,0.083864,0.914546,0.000172
AATGTGCCCGAGGTGT-1,0.000555,0.000278,0.000278,0.872061,0.126829
AATGTGCTAATCTGAG-1,0.033642,0.000219,0.000219,0.861514,0.104406
AATGTTAAGACCCTGA-1,0.024862,0.1362,0.08159,0.667779,0.089569
AATGTTGTCGTGAGAC-1,0.000477,0.000239,0.374732,0.624075,0.000477
AATTAAAGGTCGGCGT-1,0.082639,0.000353,0.000353,0.199415,0.717241
AATTAACGGATTTCCA-1,0.001083,0.000541,0.199814,0.797478,0.001083
AATTACGAGACCCATC-1,0.0002,0.0001,0.0001,0.548508,0.451092
AATTACTCGTACGCTC-1,0.115289,0.462807,0.104208,0.317537,0.00016
AATTAGCGCTGCAGCG-1,0.000714,0.000357,0.24591,0.623505,0.129514
AATTATACCCAGCAAG-1,0.006742,0.000136,0.100175,0.710387,0.182561
AATTCATAAGGGATCT-1,0.6181,0.000446,0.011229,0.000063,0.370162
AATTCATTGTCATGCA-1,0.000213,0.000107,0.013444,0.853347,0.132889
AATTCCAACTTGGTGA-1,0.019824,0.000189,0.094387,0.885221,0.000379
AATTCCAAGCATGTAC-1,0.000669,0.000335,0.09988,0.898447,0.000669
AATTCGATTCGAGGAT-1,0.237804,0.000763,0.001181,0.758726,0.001527
AATTCTAGAGTTAGGC-1,0.447425,0.008752,0.000155,0.188005,0.355664
AATTGAACGCTCTGGT-1,0.390885,0.022946,0.000099,0.024088,0.561983
AATTGCAGCAATCGAC-1,0.053394,0.000869,0.00087,0.722549,0.222318
AATTGCGTGGATTACA-1,0.129201,0.017162,0.125998,0.715149,0.012489
AATTGTGGTTGCCAAA-1,0.000548,0.000274,0.165238,0.833393,0.000547
AATTTGGGACATAGTA-1,0.646152,0.013156,0.06462,0.000054,0.276017
AATTTGGTTCCAAAGA-1,0.078755,0.003564,0.000068,0.072193,0.845421
ACAAACCATGCGTCCT-1,0.000216,0.000108,0.000108,0.673712,0.325856
ACAAACCGACAAGGCG-1,0.348996,0.004736,0.035211,0.044716,0.566341
ACAAACTCCATCAGAG-1,0.000497,0.000248,0.073035,0.752875,0.173345
ACAAAGAAGGTAGGCC-1,0.000183,0.000091,0.060639,0.755173,0.183914
ACAAAGCATGACCTAG-1,0.110801,0.000493,0.000493,0.887227,0.000986
ACAAATCGCACCGAAT-1,0.396666,0.000081,0.092586,0.154919,0.355749
ACAAATGGTAGTGTTT-1,0.414462,0.007114,0.007127,0.000093,0.571203
ACAAATTCAGATCTGA-1,0.095277,0.000063,0.000063,0.000063,0.904534
ACAACAGCATGAGCTA-1,0.517565,0.041892,0.005439,0.00009,0.435014
ACAACGGTCCCTGCGA-1,0.000537,0.000269,0.000269,0.557889,0.441036
ACAAGCAGTGCCTAGC-1,0.000759,0.00038,0.000379,0.678109,0.320373
ACAAGCTATATGGAAG-1,0.000332,0.020779,0.390152,0.588406,0.000332
ACAAGGAAATCCGCCC-1,0.168439,0.052293,0.000122,0.006254,0.772892
ACAAGGACAAGAGGTT-1,0.000702,0.000351,0.000351,0.691306,0.307291
ACAAGGATGCTTTAGG-1,0.148185,0.000652,0.055082,0.664883,0.131198
ACAAGGCCTACCAGCC-1,0.660721,0.002139,0.037855,0.000038,0.299247
ACAAGGGCAGGCTCTG-1,0.884042,0.026673,0.08008,0.009111,0.000094
ACAAGTAATTGTAAGG-1,0.000205,0.000103,0.109562,0.824944,0.065186
ACAATAGTCGTACGTT-1,0.019251,0.000154,0.109884,0.870404,0.000307
ACAATCCATTTAAACC-1,0.000658,0.000329,0.000329,0.805209,0.193474
ACAATCGATCTTTATA-1,0.206758,0.000106,0.189051,0.058879,0.545207
ACAATGAATACGGAGA-1,0.03245,0.000432,0.000432,0.795103,0.171583
ACAATGATTCTTCTAC-1,0.691109,0.003036,0.030659,0.025368,0.249828
ACAATTGTGTCTCTTT-1,0.374066,0.051039,0.040863,0.005176,0.528856
ACAATTTAGGAGGCTC-1,0.000188,0.000094,0.185382,0.660256,0.15408
ACAATTTGAGCAGTGG-1,0.161814,0.000092,0.072423,0.000092,0.765578
ACAATTTGGCCATATT-1,0.482219,0.009578,0.034996,0.000045,0.473161
ACACAAAGACGGGTGG-1,0.74224,0.000063,0.000063,0.021449,0.236184
ACACAAATATTCCTAG-1,0.939599,0.000372,0.016663,0.000029,0.043337
ACACACCAGGACCAGT-1,0.222038,0.000086,0.131223,0.001203,0.64545
ACACACTTTCTACACG-1,0.273226,0.000096,0.000096,0.000096,0.726485
ACACATGATCAAATCT-1,0.000334,0.000167,0.000167,0.638752,0.36058
ACACATTGACGCAACA-1,0.000513,0.013566,0.164153,0.680626,0.141143
ACACATTTCCGTAGAC-1,0.000532,0.000266,0.173842,0.630465,0.194896
ACACCACATAATTAGC-1,0.579189,0.021373,0.01079,0.000042,0.388607
ACACCCAGCATGCAGC-1,0.367331,0.013391,0.088931,0.072743,0.457604
ACACCCGAGAAATCCG-1,0.137447,0.000254,0.000254,0.861537,0.000508
ACACCCGTAAATCTGT-1,0.347383,0.001604,0.010666,0.000029,0.640317
ACACCGAGCGCTCTTT-1,0.000409,0.121736,0.000204,0.481591,0.396059
ACACCGGTCTGACCGC-1,0.00024,0.00012,0.00012,0.670792,0.328728
ACACCTTAAGTAGGGC-1,0.087454,0.000345,0.000345,0.703246,0.20861
ACACCTTACTACTTGC-1,0.43023,0.026936,0.09871,0.032079,0.412045
ACACGAGACTCCTTCT-1,0.58394,0.066731,0.086275,0.176095,0.086958
ACACGGCACTATGCAT-1,0.172762,0.00006,0.00006,0.00006,0.827058
ACACGGGAACTTAGGG-1,0.520914,0.00008,0.037851,0.00008,0.441075
ACACGTAGGCCACAAG-1,0.170395,0.046605,0.42252,0.165576,0.194905
ACACTCCAATGTCACT-1,0.000513,0.000257,0.000257,0.743243,0.25573
ACACTGATCAAGGTGT-1,0.00164,0.00082,0.306597,0.689304,0.00164
ACACTGGGACAGTCGT-1,0.000132,0.000066,0.665392,0.138385,0.196025
ACAGAACTGAGAACAA-1,0.000608,0.000304,0.000304,0.675983,0.3228
ACAGATTAGGTTAGTG-1,0.2799,0.044802,0.000111,0.000111,0.675076
ACAGCATAGAGCCAGT-1,0.000203,0.000102,0.000102,0.000102,0.999492
ACAGCGACATTCTCAT-1,0.161447,0.000784,0.000785,0.644168,0.192815
ACAGCGCACCCGCAGC-1,0.512815,0.045547,0.013318,0.000046,0.428274
ACAGGAGGCGCAGCCG-1,0.070444,0.751081,0.068361,0.032952,0.077162
ACAGGCACGGATCCTT-1,0.000635,0.073366,0.000317,0.743523,0.182159
ACAGGCTTGCCCGACT-1,0.189383,0.000427,0.211757,0.000086,0.598347
ACAGGTGGAGGTGAGG-1,0.000396,0.000198,0.000198,0.998811,0.000396
ACAGGTGTGTTGTTGC-1,0.000548,0.000274,0.4697,0.528932,0.000547
ACAGTAATACAACTTG-1,0.000509,0.000254,0.000254,0.612995,0.385988
ACAGTATACCGTGGGA-1,0.319891,0.000264,0.000909,0.000054,0.678881
ACAGTGCAGCGCATTT-1,0.302971,0.038507,0.287583,0.301736,0.069203
ACATAAGTCGTGGTGA-1,0.00026,0.00013,0.00013,0.842845,0.156634
ACATAATAAGGCGGTG-1,0.179379,0.002013,0.000095,0.000095,0.818419
ACATACAATCAAGCGG-1,0.000219,0.098584,0.151706,0.728719,0.020772
ACATCAGCTGGGACGC-1,0.078993,0.000124,0.032178,0.888456,0.000249
ACATCCCGGCCATACG-1,0.002372,0.001187,0.001186,0.001186,0.994069
ACATCCTGGTAACTGT-1,0.603372,0.049134,0.028909,0.000052,0.318533
ACATCGATCGTTTACC-1,0.871582,0.000087,0.051349,0.076807,0.000175
ACATCGCAATATTCGG-1,0.084787,0.000154,0.123138,0.676947,0.114974
ACATCGGTCAGCCGCG-1,0.13986,0.021778,0.000529,0.762302,0.075531
ACATCGTATGCAATGG-1,0.562973,0.014568,0.043719,0.000106,0.378634
ACATCGTTAACCTAGT-1,0.151032,0.009485,0.011771,0.000067,0.827646
ACATCTCAACGCGTAA-1,0.07575,0.000052,0.000052,0.000052,0.924094
ACATGCTTACGGCAGC-1,0.00029,0.056378,0.000145,0.503358,0.439829
ACATGGCGCCAAAGTA-1,0.343472,0.030487,0.149792,0.050585,0.425663
ACATGGCTCAATTTAG-1,0.121655,0.070789,0.081702,0.725303,0.000551
ACATTAGTTTATATCC-1,0.145793,0.000611,0.000611,0.242898,0.610088
ACATTCGCGCGGAATA-1,0.00029,0.000145,0.000145,0.881328,0.118092
ACATTTGAAACCTAAC-1,0.000303,0.000151,0.130695,0.868548,0.000303
ACCAAACACCCAGCGA-1,0.120118,0.000053,0.139638,0.000053,0.740138
ACCAAACTAGAAATCC-1,0.150358,0.039819,0.000039,0.000039,0.809744
ACCAACACCACACACT-1,0.1549,0.000057,0.006129,0.000057,0.838857
ACCAACCGCACTCCAC-1,0.001275,0.000637,0.000637,0.848734,0.148716
ACCAACGCTTATTTAT-1,0.001649,0.000825,0.000825,0.771633,0.225068
ACCAAGAACGCGTGTC-1,0.902484,0.028188,0.051335,0.000034,0.017959
ACCAAGTCATCGGCAG-1,0.000693,0.000346,0.348854,0.649414,0.000693
ACCAATATGCAAGTTA-1,0.001264,0.000632,0.128988,0.572479,0.296637
ACCACAACTCAGAACA-1,0.280304,0.000099,0.002576,0.174012,0.543009
ACCACAAGTTTCTATC-1,0.000281,0.000141,0.000141,0.015425,0.984013
ACCACACGGTTGATGG-1,0.000375,0.02565,0.245524,0.688948,0.039503
ACCACCAATGTAACAA-1,0.613114,0.041369,0.109214,0.011165,0.225138
ACCACCCTCTCTTCTA-1,0.320482,0.000073,0.029222,0.000073,0.65015
ACCACGTGCAGCTATA-1,0.873877,0.005279,0.033016,0.024881,0.062948
ACCACTGTTCAAGAAG-1,0.039031,0.213586,0.05713,0.251091,0.439163
ACCAGACCATAACAAC-1,0.028957,0.044008,0.024645,0.633317,0.269073
ACCAGCCCGGTCTTTG-1,0.763144,0.000038,0.019382,0.0135,0.203937
ACCAGGAGTGTGATCT-1,0.070044,0.064137,0.000283,0.399696,0.46584
ACCAGTGCCCGGTCAA-1,0.518387,0.000048,0.000048,0.000048,0.48147
ACCAGTGCGGGAGACG-1,0.321978,0.000092,0.131627,0.024366,0.521936
ACCATATCCGCAATAA-1,0.560967,0.002642,0.1526,0.032134,0.251656
ACCATCCGCCAACTAG-1,0.00044,0.00022,0.00022,0.773769,0.225352
ACCATCGTATATGGTA-1,0.164894,0.000409,0.000409,0.625001,0.209287
ACCATTAAGGGTGTCA-1,0.000282,0.264137,0.000141,0.352582,0.382859
ACCCAACGCCCGTGGC-1,0.744918,0.076788,0.00004,0.00004,0.178215
ACCCACCTACATGCTC-1,0.120514,0.000211,0.000211,0.757169,0.121896
ACCCATCTTGAGGGTA-1,0.000697,0.000348,0.195244,0.480747,0.322964
ACCCATTTGTCCCTCT-1,0.002315,0.001157,0.110788,0.883425,0.002315
ACCCGAGCGAAATTAC-1,0.000376,0.000188,0.149646,0.844055,0.005735
ACCCGATTGGTTCCGA-1,0.000674,0.018321,0.000337,0.807844,0.172824
ACCCGGAAACTCCCAG-1,0.001993,0.000996,0.000996,0.541958,0.454057
ACCCGGAGCACCACAA-1,0.24938,0.000042,0.364618,0.092283,0.293677
ACCCGGATGACGCATC-1,0.382198,0.023589,0.110546,0.020159,0.463508
ACCCGGTTACACTTCC-1,0.096117,0.00052,0.00052,0.605634,0.29721
ACCCGTAGCAGAGAAT-1,0.04014,0.000086,0.008072,0.911097,0.040606
ACCCGTAGTCTAGTTG-1,0.000568,0.000284,0.000284,0.998295,0.000568
ACCCGTGTCATCAGTA-1,0.001567,0.000751,0.000751,0.665939,0.330992
ACCCTATAGGACTGAG-1,0.05346,0.043794,0.000325,0.636485,0.265937
ACCCTATGCCATATCG-1,0.000568,0.157625,0.000284,0.70003,0.141494
ACCCTCCCGTCAGGGC-1,0.001,0.050158,0.101642,0.716472,0.130727
ACCCTCCCTTGCTATT-1,0.262158,0.052353,0.000123,0.070159,0.615207
ACCCTGGTAACGCCCT-1,0.802311,0.000051,0.009786,0.000051,0.1878
ACCCTTCATCTGCGAA-1,0.637641,0.00008,0.061057,0.092533,0.208689
ACCCTTGCCTGGGTCG-1,0.16697,0.00006,0.00006,0.00006,0.83285
ACCCTTTAGTTCTCCA-1,0.490155,0.000063,0.008778,0.01205,0.488954
ACCGAAAGGGCCCTGC-1,0.788312,0.003901,0.000515,0.005941,0.201331
ACCGAAGAGTCTGGTT-1,0.00045,0.000225,0.000225,0.525504,0.473597
ACCGACACATCTCCCA-1,0.001237,0.000618,0.000618,0.560355,0.437171
ACCGACTGAGTCCCAC-1,0.164695,0.009828,0.011807,0.003206,0.810464
ACCGAGTCTCCTTATT-1,0.001248,0.000624,0.000624,0.700331,0.297173
ACCGATAGGCATAACC-1,0.127323,0.00021,0.077843,0.379791,0.414832
ACCGATATTTAATCAT-1,0.449011,0.009123,0.114676,0.000039,0.42715
ACCGATGGTAGCATCG-1,0.384727,0.033206,0.353753,0.00005,0.228263
ACCGCAATAACTGCCT-1,0.262555,0.000124,0.16313,0.110628,0.463562
ACCGCGGTGGAAGTCG-1,0.678332,0.007389,0.072916,0.000042,0.241321
ACCGCTAGTCATTGGT-1,0.000496,0.000248,0.000248,0.666135,0.332874
ACCGGGCCTTTGTTGA-1,0.288834,0.000059,0.049555,0.009633,0.65192
ACCGGTCAGGTACACC-1,0.0003,0.00015,0.00015,0.702937,0.296463
ACCGGTCTGAGTACGG-1,0.568232,0.005872,0.029118,0.01143,0.385348
ACCGTCCACTGGGCCC-1,0.000108,0.008147,0.096044,0.889068,0.006633
ACCGTGACCACGTGGG-1,0.000705,0.000353,0.000352,0.850968,0.147622
ACCGTTCCCGCTCTGA-1,0.642152,0.044413,0.002672,0.006575,0.304188
ACCTAAGTACCTTTCA-1,0.000815,0.000408,0.000408,0.757035,0.241335
ACCTAATCGACTTCCT-1,0.000519,0.085732,0.00026,0.912971,0.000519
ACCTACAGTATGTGGT-1,0.647426,0.022659,0.09242,0.00005,0.237446
ACCTACTATAAATCTA-1,0.000694,0.000347,0.000347,0.997919,0.000693
ACCTCAGCGAGGCGCA-1,0.000191,0.056087,0.131103,0.812428,0.000191
ACCTCCGCCCTCGCTG-1,0.521179,0.004126,0.118152,0.016561,0.339982
ACCTCCGTTATTCACC-1,0.796091,0.007197,0.039336,0.000041,0.157335
ACCTCGAACTTATGCT-1,0.000347,0.000173,0.000173,0.452643,0.546664
ACCTGCGTGTCATGTT-1,0.000491,0.000245,0.000245,0.547707,0.451312
ACCTTTCCTTTAGAAG-1,0.60141,0.000056,0.064257,0.012894,0.321383
ACGAAATGGGCGGCAC-1,0.041488,0.000334,0.000976,0.663725,0.293477
ACGACCCATGAGTTGC-1,0.533387,0.000028,0.210118,0.024534,0.231933
ACGACTCTAGGGCCGA-1,0.000378,0.048229,0.025224,0.925791,0.000378
ACGACTGGTCATACTC-1,0.000427,0.000213,0.042897,0.720438,0.236026
ACGAGAACCCATCACG-1,0.023519,0.00039,0.00039,0.635202,0.340499
ACGAGATATTTGCTTA-1,0.371004,0.016233,0.000068,0.003885,0.608809
ACGAGGATACCACTCT-1,0.04002,0.000318,0.000318,0.660266,0.299078
ACGAGGTTTACAACGT-1,0.000643,0.000322,0.000321,0.411812,0.586902
ACGAGTACGGATGCCC-1,0.317137,0.006301,0.059503,0.001093,0.615965
ACGAGTCGCCGGCGTT-1,0.000446,0.031097,0.000223,0.644681,0.323554
ACGATACATAGAACTA-1,0.586322,0.002617,0.000059,0.026697,0.384305
ACGATACCTATCCTGA-1,0.00076,0.24628,0.212166,0.540638,0.000156
ACGATCATACATAGAG-1,0.900184,0.021191,0.047935,0.004835,0.025855
ACGATCATCTTGTAAA-1,0.387073,0.013859,0.081052,0.000069,0.517948
ACGATGCATATGTTAT-1,0.00156,0.00078,0.00078,0.573501,0.42338
ACGATGGATCCGATGC-1,0.735926,0.004301,0.016962,0.000043,0.242769
ACGCAAACTAATAGAT-1,0.001354,0.000677,0.000676,0.787066,0.210227
ACGCAATCACTACAGC-1,0.735172,0.017071,0.015484,0.000048,0.232225
ACGCATAAATGACATG-1,0.379255,0.000054,0.124486,0.23655,0.259654
ACGCATACGTTTACTA-1,0.92142,0.014392,0.035742,0.019611,0.008835
ACGCATTCGTGAGTAC-1,0.892104,0.039102,0.037553,0.000747,0.030494
ACGCCACTCGAAACAG-1,0.00712,0.175151,0.000156,0.817262,0.000312
ACGCCAGATGATTTCT-1,0.114303,0.000086,0.000097,0.002215,0.883299
ACGCCAGTGCGTTTGC-1,0.000501,0.00025,0.103915,0.71883,0.176503
ACGCCCAGCTGTCGAT-1,0.580318,0.015522,0.088973,0.00004,0.315147
ACGCCGCTAGACGACC-1,0.637966,0.012633,0.036651,0.024231,0.288519
ACGCCTGACACGCGCT-1,0.063748,0.713051,0.08132,0.098367,0.043513
ACGCGAAGTCAGACGA-1,0.119705,0.000536,0.139327,0.338717,0.401716
ACGCGCTACACAGGGT-1,0.000897,0.000448,0.000448,0.867372,0.130835
ACGCGGGCCAAGGACA-1,0.302378,0.000115,0.000115,0.081228,0.616163
ACGCGTTTCTTAAGAG-1,0.000251,0.000125,0.000125,0.647666,0.351832
ACGCTACTGAATGGGC-1,0.035391,0.000216,0.189287,0.774674,0.000432
ACGCTAGTATCAGTGC-1,0.210825,0.000045,0.140074,0.000045,0.649012
ACGCTAGTGATACACT-1,0.594027,0.017219,0.099068,0.028163,0.261522
ACGCTGTGAGGCGTAG-1,0.000352,0.000176,0.256307,0.313262,0.429903
ACGCTTAGTGTCTCTC-1,0.875381,0.008107,0.00692,0.000032,0.109561
ACGGAACACGAGTGCC-1,0.000278,0.000139,0.345551,0.653755,0.000278
ACGGAATTTAGCAAAT-1,0.000374,0.000187,0.000187,0.962612,0.036639
ACGGACGCAGCGACAA-1,0.000244,0.023174,0.059058,0.592691,0.324833
ACGGACTCTCAAAGCG-1,0.000923,0.000461,0.20724,0.790453,0.000923
ACGGAGCGCAAATTAC-1,0.943242,0.005063,0.004946,0.00003,0.04672
ACGGATGGTGCGGATA-1,0.002541,0.00127,0.112128,0.691791,0.19227
ACGGCACTTGCTTGGG-1,0.095076,0.00095,0.000951,0.461493,0.441531
ACGGCCAACATGGACT-1,0.001394,0.000697,0.000697,0.995818,0.001394
ACGGCGACGATGGGAA-1,0.516124,0.050721,0.044372,0.054939,0.333843
ACGGCGGGTTGCCCTG-1,0.000729,0.026498,0.085066,0.886979,0.000728
ACGGCTGGATGTAGAA-1,0.000406,0.000203,0.000203,0.699431,0.299757
ACGGGAGTGTCGGCCC-1,0.000529,0.000264,0.000264,0.895274,0.103669
ACGGGCGTATGCGACA-1,0.466848,0.000057,0.141838,0.001505,0.389752
ACGGGTCATGTGACTT-1,0.015006,0.619456,0.000109,0.233473,0.131957
ACGGGTTGTGACCTGT-1,0.000228,0.000114,0.000114,0.802114,0.197431
ACGGTACAGTTCAATG-1,0.109593,0.000283,0.000406,0.810578,0.07914
ACGGTCACCGAGAACA-1,0.068857,0.015055,0.075357,0.597356,0.243376
ACGTACAGATTTCTCT-1,0.345991,0.181152,0.21353,0.179347,0.079981
ACGTACTTTGGCACGG-1,0.000614,0.081039,0.000158,0.573906,0.344283
ACGTAGATTGCTGATG-1,0.880751,0.006763,0.012722,0.034743,0.065021
ACGTAGGAGAGTCGCT-1,0.065876,0.000463,0.080458,0.792105,0.061098
ACGTATTACTCCGATC-1,0.704525,0.048759,0.079028,0.033259,0.134429
ACGTCCTAAACGAGAT-1,0.379112,0.012168,0.020305,0.083572,0.504844
ACGTCGGGCAACTCGG-1,0.000229,0.000115,0.000115,0.783085,0.216456
ACGTCTCGTTCCGGGA-1,0.000308,0.000154,0.000154,0.555173,0.444212
ACGTGACAAAGTAAGT-1,0.000274,0.000137,0.000137,0.578703,0.420748
ACGTGCGCCTCGTGCA-1,0.011694,0.000101,0.000101,0.000101,0.988004
ACGTGGTCGAATGTGC-1,0.827532,0.004971,0.009993,0.000027,0.157477
ACGTTAATGTCGAAGA-1,0.221825,0.001996,0.138756,0.031589,0.605834
ACGTTAGATTTGCCCG-1,0.000723,0.000362,0.000361,0.721867,0.276687
ACGTTATTGGTCACTC-1,0.000625,0.000312,0.000312,0.66052,0.33823
ACGTTCACTATGCCGC-1,0.057892,0.05021,0.027607,0.863904,0.000387
ACGTTCCGCGCTCCGT-1,0.38103,0.021311,0.000059,0.000059,0.597541
ACGTTCGCAATCAATT-1,0.754581,0.011673,0.000043,0.000043,0.233661
ACGTTCGTTCAGGAAA-1,0.001036,0.000518,0.000518,0.994261,0.003667
ACGTTCTGTACAAGTC-1,0.001157,0.000579,0.000578,0.853357,0.144329
ACGTTGTCGTTGAAAG-1,0.003149,0.041702,0.131703,0.804875,0.018571
ACGTTTAGTTGTGATC-1,0.244899,0.004529,0.000093,0.035699,0.714781
ACGTTTCGGTGCACTT-1,0.103012,0.000339,0.11961,0.776363,0.000677
ACTAAGGACGCACACC-1,0.155324,0.000047,0.000047,0.000047,0.844534
ACTAATACGTCAGGCG-1,0.266055,0.000064,0.007021,0.006777,0.720084
ACTACAAAGAGAGGTG-1,0.000473,0.000236,0.157202,0.841616,0.000473
ACTACATCCCGACAAG-1,0.000185,0.000093,0.041344,0.753072,0.205305
ACTACCAGCTCTCTGG-1,0.001157,0.000579,0.000579,0.422251,0.575435
ACTACCATCCGAGGGC-1,0.00026,0.00013,0.147999,0.749318,0.102292
ACTACGCGTTAGAATT-1,0.000906,0.074264,0.097095,0.82683,0.000905
ACTAGTTGCGATCGTC-1,0.858693,0.050534,0.012664,0.000044,0.078066
ACTATATGCTGTGTTC-1,0.804993,0.01047,0.006016,0.02988,0.148641
ACTATCCAGGGCATGG-1,0.853155,0.004772,0.115055,0.00003,0.026987
ACTATCGCCGGCTAAA-1,0.02777,0.620022,0.227828,0.049749,0.074632
ACTATCTGCCCGCGTA-1,0.495518,0.037972,0.158183,0.000037,0.30829
ACTATGTCCAGCTGCC-1,0.000356,0.000178,0.139646,0.657516,0.202304
ACTATTCGTCCGTGGT-1,0.304624,0.015796,0.00919,0.000073,0.670317
ACTATTTCCGGGCCCA-1,0.068866,0.000454,0.000454,0.704979,0.225246
ACTCAACGAATGTATT-1,0.000732,0.000366,0.000366,0.740414,0.258122
ACTCAAGTGCAAGGCT-1,0.104837,0.000477,0.000477,0.893256,0.000953
ACTCAATAAAGGCACG-1,0.370302,0.034717,0.025097,0.037967,0.531917
ACTCAGACCTGCTTCT-1,0.370223,0.00007,0.003371,0.060297,0.566039
ACTCATGGCAGCCTTC-1,0.000366,0.000183,0.000183,0.507933,0.491336
ACTCCAATATCATCAT-1,0.153688,0.00027,0.016399,0.553637,0.276005
ACTCCCATTCCTAAAG-1,0.000463,0.000231,0.000231,0.815107,0.183967
ACTCCCGAATTCGTTT-1,0.779033,0.008359,0.068308,0.053038,0.091262
ACTCCCGTAGACTAGG-1,0.808244,0.015798,0.004922,0.000043,0.170993
ACTCCCTAATGCTAAA-1,0.0459,0.0632,0.014908,0.875083,0.000908
ACTCCCTAGAATAGTA-1,0.476049,0.035851,0.171331,0.044464,0.272304
ACTCCGGCCGACCACT-1,0.000578,0.043569,0.028725,0.771618,0.155511
ACTCGATGTATTTCAT-1,0.133549,0.000342,0.000365,0.653608,0.212136
ACTCGCCGTTCGATAA-1,0.225966,0.00051,0.043602,0.7289,0.001021
ACTCGCGATCTGACGC-1,0.33443,0.005011,0.063248,0.02777,0.569541
ACTCGTAACCCGTCCT-1,0.0004,0.0002,0.174489,0.824511,0.0004
ACTCGTCAGTAATCCC-1,0.433282,0.000097,0.045518,0.072094,0.449008
ACTCTAAACCTGGGAT-1,0.00011,0.241958,0.226383,0.53144,0.00011
ACTCTCTGACTTAGGT-1,0.729891,0.028685,0.079406,0.000329,0.16169
ACTCTCTTATACACGA-1,0.282598,0.092111,0.137131,0.001384,0.486776
ACTCTGACCTAATAGA-1,0.000426,0.000213,0.036268,0.962666,0.000426
ACTCTTCAGCTCCCGC-1,0.243181,0.01569,0.026218,0.000059,0.714853
ACTCTTGTATAGTAAC-1,0.240352,0.062614,0.160776,0.000122,0.536135
ACTGAAACGCCGTTAG-1,0.114906,0.000388,0.338577,0.236616,0.309512
ACTGAATGGCGAAAGT-1,0.447565,0.000092,0.063667,0.000092,0.488583
ACTGATTTAGTGATTC-1,0.775377,0.021048,0.096544,0.013103,0.093928
ACTGCCCGCCATTCTC-1,0.000303,0.029421,0.121997,0.678712,0.169567
ACTGCCGTCGTAACTC-1,0.307554,0.026269,0.004597,0.018104,0.643475
ACTGCGGACACACCGT-1,0.489225,0.000078,0.000078,0.028661,0.481957
ACTGCTCGGAAGGATG-1,0.000576,0.000288,0.000288,0.748781,0.250067
ACTGGCGAACCTGCGT-1,0.169198,0.000055,0.161939,0.000055,0.668753
ACTGGGATGCCAGTGC-1,0.0007,0.047642,0.00035,0.824635,0.126673
ACTGTACGATACACAT-1,0.939077,0.018513,0.017796,0.024519,0.000096
ACTGTAGCACTTTGGA-1,0.000875,0.000437,0.000437,0.365134,0.633116
ACTGTATACGCGAGCA-1,0.028605,0.000325,0.000325,0.740042,0.230704
ACTGTCCAGGATTATA-1,0.912759,0.000109,0.002811,0.037379,0.046942
ACTGTCTTCTTTAGAA-1,0.300135,0.147532,0.046753,0.000097,0.505484
ACTGTGCTAGTAGATC-1,0.00096,0.00048,0.00048,0.599115,0.398965
ACTGTTTAGTGTAGGC-1,0.838846,0.018164,0.000038,0.024928,0.118024
ACTTACCGGGCGCGCA-1,0.73566,0.003751,0.010017,0.000038,0.250534
ACTTACGCATCCACGC-1,0.111016,0.01547,0.013303,0.859403,0.000808
ACTTAGTACGACAAGA-1,0.054863,0.028865,0.000289,0.873923,0.04206
ACTTATACTTACCCGG-1,0.654111,0.018292,0.019398,0.000064,0.308135
ACTTATCTGATCTATA-1,0.001206,0.000603,0.000603,0.631082,0.366505
ACTTATTAGGATCGGT-1,0.740261,0.008234,0.000081,0.032433,0.218991
ACTTATTTATGTGCCA-1,0.141207,0.000108,0.000108,0.070891,0.787686
ACTTCAGGCTGATCCC-1,0.208055,0.000116,0.164027,0.093491,0.534311
ACTTCCAGTGGAAGCT-1,0.000281,0.00014,0.00014,0.554629,0.44481
ACTTCCATGCGGGACA-1,0.001863,0.000931,0.000931,0.816738,0.179536
ACTTCCTGTCGTGCGA-1,0.83826,0.011598,0.040928,0.013547,0.095667
ACTTCGCCATACGCAC-1,0.435938,0.000107,0.001094,0.000107,0.562753
ACTTCGCTAGCGAGTG-1,0.431955,0.119756,0.129126,0.000031,0.319131
ACTTGACTCCCTCTTT-1,0.167308,0.00015,0.00015,0.013371,0.81902
ACTTGCCATATTGTAC-1,0.329313,0.000464,0.000464,0.31699,0.352768
ACTTGCTCTATCTACC-1,0.017873,0.02151,0.027614,0.793448,0.139556
ACTTGGGACCCGGTGG-1,0.086674,0.001229,0.107981,0.087083,0.717034
ACTTGGGCTTTCGCCA-1,0.002039,0.251266,0.259432,0.483492,0.003769
ACTTGTAGTCCCTTCA-1,0.000483,0.000242,0.000241,0.779167,0.219867
ACTTGTGGATGGAACG-1,0.337427,0.04364,0.294802,0.008087,0.316044
ACTTGTTACCGGATCA-1,0.000544,0.169352,0.000272,0.829289,0.000544
ACTTTACCCTCATGAA-1,0.434359,0.000048,0.17581,0.000643,0.38914
ACTTTATACACCACTT-1,0.014487,0.015775,0.047372,0.705493,0.216873
ACTTTCCTATAGCTTC-1,0.86419,0.11529,0.000074,0.018603,0.001844
ACTTTGACTGCATCCT-1,0.00036,0.00018,0.070599,0.700513,0.228347
ACTTTGGTCGTGCTCC-1,0.000346,0.000173,0.000173,0.523297,0.47601
ACTTTGTCGACGCACT-1,0.658721,0.000309,0.144774,0.000037,0.196159
AGAAATTATGACTCGC-1,0.868632,0.065501,0.050158,0.000013,0.015695
AGAACACGGCGATGGT-1,0.003618,0.000106,0.000106,0.789889,0.206282
AGAACCCAGCGTGACA-1,0.861642,0.007326,0.042649,0.00002,0.088363
AGAACCCTCAATTGGG-1,0.000208,0.000104,0.074414,0.696816,0.228459
AGAACGTGGTACATTC-1,0.734889,0.000069,0.000069,0.000069,0.264904
AGAACTGTACTTTGTA-1,0.00037,0.000185,0.11532,0.878901,0.005225
AGAAGAGCGCCGTTCC-1,0.349867,0.000671,0.000671,0.00067,0.648122
AGAAGGTACACTTCAC-1,0.00051,0.000255,0.000255,0.474875,0.524106
AGAAGGTTGCCGAATT-1,0.001281,0.000641,0.00064,0.43148,0.565957
AGAAGGTTGTAGGTCG-1,0.001421,0.12709,0.146312,0.723757,0.001421
AGAAGTGATTCGTGAT-1,0.000859,0.000429,0.00043,0.910144,0.088138
AGAATAAATCTTCAGG-1,0.000338,0.000169,0.000169,0.521626,0.477698
AGAATACAGGCTATCC-1,0.16588,0.00019,0.00019,0.83336,0.00038
AGAATGCGGGTTCGGA-1,0.442498,0.00005,0.066638,0.000214,0.490599
