Barcode,Topic 1,Topic 2,Topic 3,Topic 4to6,Topic 7,Topic 8,Topic 9to10
AAACAAGTATCTCCCA-1,0.016653,0.110477,0.126865,0.37055,0.02724,0.05072,0.297496
AAACACCAATAACTGC-1,0.000024,0.009359,0.038095,0.795542,0.036957,0.009568,0.110455
AAACAGAGCGACTCCT-1,0.527155,0.028416,0.006651,0.398041,0.010064,0.000049,0.029624
AAACAGCTTTCAGAAG-1,0.124009,0.007707,0.018479,0.416358,0.003234,0.057231,0.372982
AAACAGGGTCTATATT-1,0.035613,0.005645,0.076007,0.672364,0.046441,0.028668,0.135262
AAACATGGTGAGAGGA-1,0.656652,0.03951,0.008555,0.000065,0.055048,0.239632,0.000539
AAACATTTCCCGGATT-1,0.009157,0.018187,0.030621,0.433798,0.287177,0.025203,0.195857
AAACCACTACACAGAT-1,0.061387,0.017347,0.030027,0.247965,0.046982,0.143965,0.452327
AAACCCGAACGAAATC-1,0.016654,0.025854,0.074706,0.435588,0.028606,0.088814,0.329778
AAACCGGAAATGTTAA-1,0.044408,0.117828,0.139513,0.175956,0.031336,0.127295,0.363664
AAACCGGGTAGGTACC-1,0.022773,0.123842,0.070172,0.638028,0.113119,0.003564,0.028501
AAACCGTTCGTCCAGG-1,0.000031,0.014341,0.113939,0.368233,0.039057,0.081945,0.382453
AAACCTAAGCAGCCGG-1,0.026048,0.122937,0.045512,0.399322,0.013526,0.053743,0.338913
AAACCTCATGAAGTTG-1,0.214333,0.065142,0.188167,0.485901,0.037759,0.000989,0.00771
AAACGAAGAACATACC-1,0.999039,0.000107,0.000107,0.00032,0.000107,0.000107,0.000214
AAACGAAGATGGAGTA-1,0.766899,0.132491,0.051865,0.000079,0.006661,0.041951,0.000053
AAACGACAGTCTTGCC-1,0.10597,0.000113,0.000113,0.643757,0.000113,0.000113,0.249822
AAACGAGACGGTTGAT-1,0.115448,0.098332,0.052772,0.666242,0.000044,0.00789,0.059272
AAACGCCCGAGATCGG-1,0.213093,0.130432,0.124251,0.271546,0.037845,0.111601,0.111232
AAACGGGCGTACGGGT-1,0.00002,0.003032,0.015236,0.254774,0.044502,0.041455,0.640982
AAACGGTTGCGAACTG-1,0.036857,0.012145,0.05049,0.598864,0.165544,0.028138,0.107961
AAACGTGTTCGCCCTA-1,0.709429,0.097406,0.018302,0.030684,0.002957,0.045265,0.095958
AAACTAACGTGGCGAC-1,0.190168,0.049367,0.063055,0.671879,0.000846,0.012797,0.011888
AAACTCGGTTCGCAAT-1,0.139571,0.036967,0.201532,0.127384,0.044793,0.101172,0.34858
AAACTCGTGATATAAG-1,0.35004,0.033745,0.029771,0.423447,0.010518,0.011012,0.141466
AAACTGCTGGCTCCAA-1,0.016993,0.078897,0.112221,0.428815,0.00355,0.07938,0.280144
AAACTTAATTGCACGC-1,0.120082,0.008588,0.101491,0.559105,0.018406,0.013532,0.178798
AAACTTGCAAACGTAT-1,0.000032,0.001354,0.152448,0.679162,0.01967,0.012812,0.134522
AAAGAATGACCTTAGA-1,0.2666,0.085574,0.086717,0.392174,0.066473,0.078225,0.024237
AAAGACCCAAGTCGCG-1,0.182958,0.000152,0.051138,0.765626,0.000032,0.000032,0.000063
AAAGACTGGGCGCTTT-1,0.752991,0.150736,0.000106,0.000318,0.009849,0.000106,0.085894
AAAGCTTGCCTACATA-1,0.113253,0.090178,0.177875,0.061441,0.018216,0.264867,0.274169
AAAGGCCCTATAATAC-1,0.000019,0.021249,0.08325,0.442601,0.348894,0.023125,0.080861
AAAGGCTACGGACCAT-1,0.104978,0.003543,0.060972,0.56109,0.138835,0.033583,0.096998
AAAGGCTCTCGCGCCG-1,0.000018,0.026853,0.007428,0.07721,0.05954,0.10048,0.728469
AAAGGGATGTAGCAAG-1,0.071829,0.03511,0.116775,0.773763,0.000042,0.00206,0.000422
AAAGGGCAGCTTGAAT-1,0.015402,0.03294,0.019643,0.188798,0.009614,0.276449,0.457155
AAAGGTAAGCTGTACC-1,0.063679,0.344532,0.08526,0.406856,0.031604,0.028593,0.039476
AAAGTAGCATTGCTCA-1,0.010785,0.040999,0.124347,0.570049,0.030468,0.070924,0.152428
AAAGTCACTGATGTAA-1,0.00819,0.000054,0.00145,0.990089,0.000054,0.000054,0.000108
AAAGTCGACCCTCAGT-1,0.097064,0.009428,0.047555,0.645445,0.172028,0.000029,0.028451
AAAGTGCCATCAATTA-1,0.091378,0.114562,0.085101,0.209993,0.10438,0.171467,0.22312
AAAGTGTGATTTATCT-1,0.021607,0.141203,0.151715,0.52097,0.086992,0.013606,0.063907
AAAGTTGACTCCCGTA-1,0.015267,0.077628,0.155891,0.500444,0.067561,0.018137,0.165072
AAATAACCATACGGGA-1,0.179515,0.023932,0.055925,0.641048,0.042984,0.004371,0.052225
AAATAAGGTAGTGCCC-1,0.02662,0.084514,0.314212,0.259915,0.003703,0.06397,0.247066
AAATACCTATAAGCAT-1,0.000023,0.051886,0.04225,0.07045,0.083065,0.247633,0.504694
AAATAGCTTAGACTTT-1,0.134744,0.170341,0.023082,0.480793,0.050846,0.031312,0.108882
AAATAGGGTGCTATTG-1,0.018766,0.09587,0.13646,0.232761,0.037219,0.133092,0.345831
AAATCCGATACACGCC-1,0.051489,0.078437,0.163006,0.256143,0.025054,0.206265,0.219606
AAATCGCGGAAGGAGT-1,0.867714,0.040007,0.000036,0.045101,0.025116,0.006773,0.015252
AAATCGTGTACCACAA-1,0.102105,0.0627,0.000881,0.644518,0.085271,0.010924,0.093601
AAATCTAGCCCTGCTA-1,0.000027,0.000027,0.032744,0.700313,0.022042,0.015111,0.229736
AAATGATTCGATCAGC-1,0.007298,0.154844,0.059677,0.229726,0.069378,0.105783,0.373293
AAATGCTCGTTACGTT-1,0.002574,0.00007,0.018211,0.978862,0.00007,0.00007,0.000141
AAATGGCATGTCTTGT-1,0.998905,0.000122,0.000122,0.000365,0.000122,0.000122,0.000243
AAATGGCCCGTGCCCT-1,0.018013,0.013022,0.014143,0.584311,0.151954,0.080189,0.138369
AAATGGTCAATGTGCC-1,0.059219,0.148364,0.061617,0.536517,0.004132,0.06291,0.127242
AAATGTATCTTATCCC-1,0.120039,0.067076,0.000079,0.000237,0.013453,0.798959,0.000158
AAATTAACGGGTAGCT-1,0.579186,0.003968,0.005538,0.262437,0.000054,0.068589,0.080228
AAATTAATAAGCGCGA-1,0.153752,0.208653,0.058367,0.359081,0.027167,0.17348,0.0195
AAATTACACGACTCTG-1,0.869494,0.000128,0.000128,0.129736,0.000128,0.000128,0.000256
AAATTACCTATCGATG-1,0.201791,0.145323,0.062989,0.368168,0.018679,0.020776,0.182274
AAATTCCAGGTCCAAA-1,0.03361,0.112363,0.110942,0.373017,0.036891,0.100059,0.233119
AAATTGATAGTCCTTT-1,0.042693,0.000037,0.01346,0.63622,0.293936,0.000037,0.013617
AAATTGCGGCGGTTCT-1,0.485663,0.007862,0.01896,0.487308,0.000052,0.000052,0.000104
AAATTGGTGAGAAGCA-1,0.73825,0.003869,0.004782,0.016638,0.086549,0.06873,0.081182
AAATTTACCGAAATCC-1,0.035976,0.078234,0.149564,0.622257,0.000037,0.007236,0.106696
AAATTTGCGGGTGTGG-1,0.003149,0.256049,0.016254,0.409836,0.017458,0.00553,0.291723
AACAACTGGTAGTTGC-1,0.998308,0.000188,0.000188,0.000564,0.000188,0.000188,0.000376
AACAATACATTGTCGA-1,0.018935,0.025023,0.076686,0.746157,0.001107,0.021872,0.11022
AACAATTACTCTACGC-1,0.265748,0.091848,0.236331,0.40174,0.00005,0.00005,0.004233
AACACACGCTCGCCGC-1,0.391941,0.002362,0.048298,0.400965,0.000861,0.054033,0.10154
AACACGACTGTACTGA-1,0.073529,0.030727,0.476583,0.394759,0.000035,0.021493,0.002875
AACACGAGACGCGGCC-1,0.000021,0.016235,0.063935,0.344503,0.05227,0.035824,0.487212
AACACGCGGCCGCGAA-1,0.452752,0.000093,0.000093,0.546691,0.000093,0.000093,0.000186
AACAGCTGTGTGGCAA-1,0.000017,0.002401,0.049022,0.402766,0.070665,0.030941,0.444188
AACAGGAAATCGAATA-1,0.061804,0.002967,0.037867,0.703294,0.039294,0.030871,0.123905
AACAGGATGGGCCGCG-1,0.093444,0.017064,0.017423,0.410283,0.0593,0.20311,0.199376
AACAGGTAGTATGGAT-1,0.049527,0.118714,0.245085,0.057305,0.476923,0.014881,0.037564
AACATATCAACTGGTG-1,0.032016,0.147073,0.355961,0.255477,0.061032,0.096499,0.051943
AACATCGATACGTCTA-1,0.329933,0.003881,0.002087,0.130184,0.106778,0.186446,0.24069
AACATTGAAGTTGATC-1,0.000022,0.015961,0.060619,0.032572,0.103633,0.09302,0.694174
AACATTGTGACTCGAG-1,0.113589,0.165341,0.460759,0.175952,0.025859,0.011967,0.046533
AACCAAGACTTCTCTG-1,0.000444,0.064033,0.241818,0.20145,0.0723,0.07407,0.345885
AACCAGTATCACTCTT-1,0.000052,0.000052,0.000418,0.999268,0.000052,0.000052,0.000105
AACCATAGGGTTGAAC-1,0.070613,0.0066,0.022294,0.822055,0.007484,0.001158,0.069795
AACCATGGGATCGCTA-1,0.000046,0.000046,0.000046,0.999681,0.000046,0.000046,0.000091
AACCCAGAGACGGAGA-1,0.000042,0.000042,0.043725,0.956024,0.000042,0.000042,0.000084
AACCCATCCCATGATC-1,0.000014,0.001015,0.00403,0.136669,0.118685,0.073173,0.666414
AACCCGACAACCCGTG-1,0.247792,0.02131,0.267034,0.201039,0.261353,0.000027,0.001445
AACCCGAGCAGAATCG-1,0.018124,0.037342,0.195097,0.563965,0.003931,0.047003,0.134538
AACCCGATAGGGCTTC-1,0.000054,0.000054,0.010084,0.881231,0.000054,0.000054,0.108469
AACCCTACTGTCAATA-1,0.000035,0.015593,0.07295,0.707333,0.00601,0.008884,0.189194
AACCCTGGTGGAACCA-1,0.502251,0.00014,0.00014,0.496907,0.00014,0.00014,0.000281
AACCGAGCTTGGTCAT-1,0.157679,0.146639,0.027512,0.355012,0.253478,0.01888,0.040801
AACCGCTAAGGGATGC-1,0.00534,0.060206,0.201099,0.336181,0.058937,0.075992,0.262244
AACCGTTGTGTTTGCT-1,0.301385,0.001968,0.003426,0.692911,0.000077,0.000077,0.000155
AACCTCGCTTTAGCCC-1,0.245018,0.008856,0.068288,0.131509,0.064448,0.064467,0.417414
AACCTGTCACGGAATT-1,0.061753,0.115341,0.026698,0.119938,0.089722,0.298283,0.288267
AACCTTTAAATACGGT-1,0.089401,0.089516,0.073364,0.298004,0.083831,0.092927,0.272959
AACCTTTACGACGTCT-1,0.042888,0.049002,0.069268,0.489784,0.004298,0.103319,0.241441
AACGAAAGTCGTCCCA-1,0.979461,0.000098,0.000098,0.019954,0.000098,0.000098,0.000195
AACGATAATGCCGTAG-1,0.023806,0.014983,0.01644,0.079696,0.109522,0.219065,0.536488
AACGATAGAAGGGCCG-1,0.045342,0.03558,0.000936,0.903493,0.000048,0.000048,0.014552
AACGATATGTCAACTG-1,0.000048,0.00459,0.000402,0.070674,0.136401,0.224016,0.563868
AACGCATGATCTGGGT-1,0.066284,0.036766,0.027697,0.276012,0.015321,0.192742,0.385177
AACGCGAACGGCAACA-1,0.129314,0.000045,0.000045,0.870416,0.000045,0.000045,0.00009
AACGCGACCTTGGGCG-1,0.057656,0.335976,0.00335,0.40949,0.069608,0.054911,0.06901
AACGCGGTCTCCAGCC-1,0.021944,0.104097,0.19275,0.521465,0.024447,0.044312,0.090983
AACGCTGTTGCTGAAA-1,0.002008,0.014076,0.012452,0.187341,0.027602,0.168437,0.588084
AACGGACGTACGTATA-1,0.011759,0.019851,0.011762,0.421729,0.063621,0.168417,0.302861
AACGGCCATCTCCGGT-1,0.000032,0.006322,0.038421,0.666218,0.006326,0.007387,0.275294
AACGTACTGTGGGTAC-1,0.000028,0.062761,0.133435,0.015247,0.105757,0.029776,0.652995
AACGTCAGACTAGTGG-1,0.761907,0.056372,0.000116,0.055161,0.000116,0.000116,0.126212
AACGTGATGAAGGACA-1,0.003366,0.031504,0.008515,0.30031,0.656239,0.000022,0.000044
AACGTGCGAAAGTCTC-1,0.008542,0.020622,0.051334,0.163229,0.018331,0.217189,0.520754
AACGTTATCAGCACCT-1,0.330968,0.003463,0.032311,0.310846,0.008104,0.047093,0.267216
AACTACCCGTTTGTCA-1,0.110866,0.172088,0.017424,0.425167,0.034338,0.025588,0.21453
AACTAGCGTATCGCAC-1,0.163556,0.000161,0.000161,0.81462,0.00153,0.000161,0.019813
AACTAGGCTTGGGTGT-1,0.067488,0.101599,0.017395,0.309797,0.477143,0.007642,0.018937
AACTCAAGTTAATTGC-1,0.999469,0.000059,0.000059,0.000177,0.000059,0.000059,0.000118
AACTCCAGAGCGTGTT-1,0.000041,0.077215,0.027906,0.789895,0.000041,0.009734,0.095168
AACTCCTAATCCCATG-1,0.050569,0.041826,0.061155,0.657487,0.01089,0.077361,0.100712
AACTCGATAAACACGT-1,0.000083,0.000083,0.014994,0.984508,0.000083,0.000083,0.000166
AACTCGATGGCGCAGT-1,0.069904,0.010653,0.030122,0.889005,0.00005,0.000166,0.0001
AACTCTCAATAGAGCG-1,0.033434,0.113877,0.085772,0.016572,0.492893,0.172977,0.084475
AACTCTCAGTGTGCTC-1,0.034568,0.047791,0.12071,0.576079,0.036744,0.047544,0.136563
AACTGAGGTCAGCGTC-1,0.030412,0.000108,0.00599,0.541554,0.421846,0.00003,0.00006
AACTGAGTTATACTGA-1,0.027388,0.069564,0.089919,0.451563,0.068793,0.101358,0.191415
AACTGATATTAGGCCT-1,0.000056,0.042307,0.018758,0.938652,0.000056,0.000056,0.000113
AACTGGGTCCCGACGT-1,0.416237,0.025022,0.015339,0.543108,0.000073,0.000073,0.000147
AACTGGGTTCGAGCCG-1,0.104453,0.000162,0.000162,0.63932,0.096547,0.000162,0.159195
AACTGGTGTGGGCCTT-1,0.941411,0.000189,0.000189,0.057452,0.000189,0.000189,0.000379
AACTTCTGCGTCTATC-1,0.000066,0.000066,0.040665,0.958941,0.000066,0.000066,0.000132
AACTTGCCCGTATGCA-1,0.953879,0.00011,0.00011,0.04546,0.00011,0.00011,0.00022
AACTTGCGTTCTCGCG-1,0.354407,0.000105,0.546498,0.098568,0.000105,0.000105,0.000211
AACTTTACGGGAGCTT-1,0.243086,0.019668,0.041921,0.157477,0.023238,0.29138,0.223229
AACTTTAGCTGCTGAG-1,0.207064,0.005845,0.086642,0.18404,0.000645,0.071736,0.444028
AACTTTCTCGATCATG-1,0.002235,0.040384,0.005959,0.087527,0.054885,0.220376,0.588634
AAGAAATCACCAGATT-1,0.011936,0.0293,0.044733,0.399309,0.029597,0.175002,0.310123
AAGAAGGATCAGTTAG-1,0.000035,0.001923,0.003979,0.337539,0.056184,0.14425,0.45609
AAGACATACGTGGTTT-1,0.050684,0.032741,0.016891,0.348331,0.000332,0.000093,0.550929
AAGACCAAATAACTCA-1,0.186397,0.012478,0.006171,0.793573,0.000023,0.000023,0.001335
AAGACCCAACTGAACA-1,0.009916,0.007287,0.017524,0.459293,0.115915,0.095436,0.29463
AAGACTAACCCGTTGT-1,0.998841,0.000129,0.000129,0.000386,0.000129,0.000129,0.000257
AAGACTGCAAGCTACT-1,0.068404,0.082245,0.24369,0.487473,0.000045,0.053365,0.064778
AAGAGATGAATCGGTA-1,0.458658,0.00014,0.036931,0.337164,0.00014,0.166687,0.00028
AAGAGCTCTTTATCGG-1,0.082248,0.193543,0.128113,0.587216,0.000047,0.000109,0.008724
AAGAGGATGTACGCGA-1,0.000412,0.12891,0.358554,0.495198,0.000045,0.000045,0.016834
AAGAGGCATGGATCGC-1,0.886401,0.039,0.01201,0.000106,0.000037,0.056368,0.006078
AAGAGGCCCTTTGGAA-1,0.504376,0.012503,0.111174,0.13182,0.000032,0.048898,0.191197
AAGATGGCACCGGACC-1,0.077129,0.051737,0.192706,0.31245,0.065579,0.132032,0.168368
AAGATTGGCGGAACGT-1,0.178748,0.058172,0.066115,0.07182,0.073666,0.266869,0.284611
AAGCACCCTGCGTATC-1,0.462398,0.152297,0.340876,0.021245,0.001983,0.008455,0.012747
AAGCATACTCTCCTGA-1,0.354603,0.015987,0.02472,0.237787,0.086553,0.077554,0.202796
AAGCCGAAGCGGTTTA-1,0.379013,0.000042,0.208023,0.38095,0.000042,0.004357,0.027573
AAGCCGCCGTGAAATC-1,0.00001,0.019221,0.000287,0.016572,0.069558,0.372717,0.521634
AAGCCGCTTTACCTTG-1,0.038353,0.121915,0.013718,0.165937,0.02135,0.342951,0.295776
AAGCCGGAGAGCAGGA-1,0.349215,0.086217,0.071828,0.203751,0.004568,0.126613,0.157808
AAGCGCAGGGCTTTGA-1,0.027903,0.040098,0.072149,0.685558,0.058815,0.046324,0.069154
AAGCGGAGTGCGCGCA-1,0.017006,0.002767,0.010312,0.604668,0.032475,0.049655,0.283115
AAGCGGCGTCATGGGT-1,0.61555,0.020351,0.019919,0.287397,0.004099,0.022161,0.030523
AAGCGTCCCTCATCGA-1,0.095721,0.256281,0.026262,0.146037,0.025276,0.080677,0.369745
AAGCTAGATCGAGTAA-1,0.00003,0.033319,0.286999,0.370899,0.008977,0.029978,0.269799
AAGCTCGTGCCAAGTC-1,0.067211,0.000043,0.049379,0.613888,0.000043,0.172764,0.096672
AAGCTCTTTCATGGTG-1,0.112269,0.023715,0.351179,0.392299,0.005637,0.022038,0.092863
AAGGAGCGGTTGGTGC-1,0.034863,0.145123,0.053039,0.641364,0.023004,0.061668,0.040939
AAGGATCGATCGCTTG-1,0.000031,0.203196,0.019723,0.309711,0.046678,0.150549,0.270111
AAGGATGAGGGACCTC-1,0.007766,0.072435,0.166413,0.459753,0.009848,0.083239,0.200547
AAGGCAGGCTGTCTCC-1,0.003794,0.012875,0.041699,0.410548,0.123797,0.058576,0.348712
AAGGCGCGTAAAGCTT-1,0.998899,0.000122,0.000122,0.000367,0.000122,0.000122,0.000245
AAGGCTGTGCTCATCG-1,0.07736,0.067412,0.040405,0.371273,0.012778,0.134664,0.296109
AAGGGAACGACTGGCT-1,0.200754,0.008803,0.061587,0.36315,0.365647,0.000019,0.000039
AAGGGACAGATTCTGT-1,0.999533,0.000052,0.000052,0.000156,0.000052,0.000052,0.000104
AAGGGACTATGCATTC-1,0.000024,0.016264,0.01638,0.285206,0.052002,0.052055,0.57807
AAGGGTTTGATTTCAG-1,0.651969,0.149219,0.05041,0.000114,0.109637,0.038575,0.000076
AAGGTATCCTAATATA-1,0.046094,0.052236,0.091338,0.105355,0.105534,0.308601,0.290844
AAGGTGATAAACCAGC-1,0.000032,0.001803,0.002108,0.467737,0.013644,0.0963,0.418376
AAGTAGAAGACCGGGT-1,0.343392,0.036508,0.084126,0.210701,0.281559,0.011854,0.031859
AAGTAGTGACGCGAGG-1,0.418841,0.035131,0.019251,0.483846,0.034718,0.008098,0.000115
AAGTCAATTGTCGTCA-1,0.262778,0.015676,0.122787,0.503357,0.00264,0.01018,0.082582
AAGTCTAGTAGCTGCC-1,0.151282,0.553676,0.032181,0.085011,0.023297,0.0733,0.081254
AAGTCTTCTGTGGCCT-1,0.417123,0.106743,0.024885,0.086683,0.004064,0.326463,0.03404
AAGTGACGACCGAATT-1,0.000021,0.014988,0.006649,0.278921,0.105464,0.177232,0.416724
AAGTGAGTCGGGTTTA-1,0.6313,0.000063,0.000063,0.228777,0.006137,0.004625,0.129034
AAGTGCAAAGGTAGAC-1,0.999279,0.00008,0.00008,0.00024,0.00008,0.00008,0.00016
AAGTGCCTTGACTGTA-1,0.088257,0.052525,0.011386,0.299515,0.402687,0.050354,0.095277
AAGTGCGTTAGAATCT-1,0.037301,0.073724,0.139497,0.330706,0.070864,0.099786,0.248121
AAGTGCTTCTCTATTG-1,0.015713,0.049175,0.046229,0.741792,0.087365,0.007842,0.051885
AAGTGTTTGGAGACGG-1,0.064288,0.019728,0.05606,0.182289,0.45698,0.050609,0.170047
AAGTTCACTCCAAGCT-1,0.000037,0.004962,0.075686,0.820717,0.028882,0.001926,0.067789
AAGTTCAGTCTGCGTA-1,0.622684,0.000034,0.013324,0.233366,0.005373,0.026072,0.099147
AAGTTCGGCCAACAGG-1,0.026288,0.028977,0.414669,0.321303,0.00361,0.02225,0.182902
AAGTTGTGATGTTATA-1,0.000053,0.013169,0.133015,0.793977,0.000053,0.004804,0.054929
AAGTTTACTAATGGCA-1,0.905474,0.000144,0.000144,0.093663,0.000144,0.000144,0.000287
AAGTTTATGGGCCCAA-1,0.000343,0.041221,0.228257,0.234072,0.062369,0.163173,0.270565
AATAACAACGCTCGGC-1,0.054062,0.009538,0.086063,0.719415,0.070099,0.005719,0.055104
AATAACACTAGAACAA-1,0.000023,0.007159,0.055527,0.522551,0.046032,0.023663,0.345046
AATAAGTCCTCGAGAC-1,0.187053,0.000057,0.010017,0.802647,0.000057,0.000057,0.000113
AATAATCTTCGTATCG-1,0.000024,0.038735,0.096036,0.118399,0.053016,0.208434,0.485357
AATACAATGTTTCAGG-1,0.262216,0.020898,0.059142,0.54726,0.092289,0.000039,0.018156
AATACCGGAGGGCTGT-1,0.012334,0.017196,0.028255,0.823385,0.00119,0.028962,0.088678
AATAGAACAGAGTGGC-1,0.00258,0.278482,0.07274,0.589747,0.0002,0.012305,0.043945
AATAGAATCTGTTTCA-1,0.000042,0.008791,0.17645,0.778746,0.003915,0.000042,0.032013
AATAGCAAGCCTCCTG-1,0.758575,0.00006,0.000259,0.176657,0.053372,0.010311,0.000765
AATAGCTACCGCGTGC-1,0.089655,0.003719,0.095181,0.681973,0.055579,0.01341,0.060483
AATAGTCCGTCCCGAC-1,0.072283,0.183826,0.183338,0.408853,0.015175,0.097855,0.03867
AATAGTCGCGAGTCGG-1,0.091518,0.043039,0.022293,0.255924,0.045187,0.243983,0.298056
AATATCAAGGTCGGAT-1,0.077101,0.000111,0.019338,0.896807,0.000042,0.000042,0.00656
AATATCCTAGCAAACT-1,0.999086,0.000102,0.000102,0.000305,0.000102,0.000102,0.000203
AATATCGAATCAATGC-1,0.346231,0.143231,0.050069,0.288665,0.007706,0.116571,0.047526
AATATCGAGGGTTCTC-1,0.07265,0.007669,0.043664,0.589693,0.013668,0.059867,0.212789
AATATTGGAGTATTGA-1,0.000026,0.000912,0.039619,0.074398,0.069803,0.213461,0.601782
AATCAGACTGCAGGAC-1,0.469514,0.000098,0.000098,0.529896,0.000098,0.000098,0.000197
AATCAGGTTTCATTTA-1,0.000033,0.025184,0.030039,0.32415,0.01592,0.078394,0.52628
AATCATGTAAAGACTC-1,0.035984,0.014284,0.207173,0.50869,0.02847,0.050259,0.155139
AATCCAAGGGCCTGAG-1,0.08123,0.000048,0.000048,0.918483,0.000048,0.000048,0.000096
AATCCATGCAAGGGTG-1,0.691058,0.00018,0.139155,0.168889,0.00018,0.00018,0.000359
AATCGCCTCAGCGCCA-1,0.051256,0.061773,0.05482,0.550179,0.022837,0.064116,0.195019
AATCGCGCAGAGGACT-1,0.004518,0.005413,0.105797,0.547855,0.2524,0.005674,0.078343
AATCGGGACACTACGA-1,0.785854,0.000123,0.000123,0.14907,0.000123,0.064461,0.000246
AATCGTGAGCCGAGCA-1,0.000015,0.012703,0.049249,0.040962,0.124698,0.359052,0.413321
AATCTAGGTTTACTTG-1,0.181613,0.026237,0.088182,0.681252,0.000038,0.000038,0.02264
AATCTATGCCGGAGCC-1,0.007078,0.083498,0.07438,0.310077,0.039768,0.118543,0.366655
AATCTCTACTGTGGTT-1,0.05545,0.012898,0.040574,0.759261,0.000039,0.02212,0.109657
AATCTGCGTTGGGACG-1,0.039918,0.148384,0.097097,0.355896,0.042062,0.064393,0.25225
AATCTGGCTTTCTAGT-1,0.117484,0.000034,0.003326,0.609916,0.01028,0.005919,0.253042
AATCTGGGTAGACCCT-1,0.003477,0.055102,0.054464,0.859186,0.003694,0.000041,0.024036
AATGACAGCAATGTCT-1,0.000039,0.282639,0.060936,0.147417,0.021873,0.129255,0.35784
AATGACGTAGGATGTC-1,0.000047,0.03841,0.196242,0.521984,0.000047,0.033656,0.209614
AATGACTGTCAGCCGG-1,0.17376,0.128344,0.012354,0.067519,0.135848,0.108565,0.37361
AATGAGTTCGCATATG-1,0.032918,0.000077,0.004877,0.961821,0.000077,0.000077,0.000154
AATGATGATACGCTAT-1,0.0469,0.000986,0.032013,0.221681,0.00831,0.259162,0.430948
AATGATGCGACTCCTG-1,0.055056,0.155524,0.021655,0.431607,0.019052,0.057496,0.25961
AATGCAACCGGGTACC-1,0.613087,0.000048,0.038814,0.237894,0.000048,0.001305,0.108805
AATGCACCAAGCAATG-1,0.044441,0.014364,0.146221,0.61718,0.024732,0.000039,0.153023
AATGGCCGCCAATGCG-1,0.001844,0.006595,0.008088,0.484232,0.014093,0.019019,0.46613
AATGGTCCACCGTTCA-1,0.879103,0.000217,0.000217,0.119592,0.000217,0.000217,0.000435
AATGGTTCTCACAAGC-1,0.078705,0.014005,0.174698,0.616351,0.001329,0.052077,0.062835
AATGTATGGCACTGTA-1,0.191236,0.055748,0.065101,0.305523,0.051982,0.156383,0.174027
AATGTGCCCGAGGTGT-1,0.000039,0.054984,0.088388,0.567886,0.000139,0.067715,0.22085
AATGTGCTAATCTGAG-1,0.000021,0.000503,0.001887,0.122659,0.116266,0.122876,0.635787
AATGTTGTCGTGAGAC-1,0.121653,0.037771,0.005186,0.221772,0.60793,0.002168,0.00352
AATTAAAGGTCGGCGT-1,0.159639,0.172022,0.04247,0.414179,0.069321,0.10569,0.03668
AATTAACGGATTTCCA-1,0.000037,0.000039,0.063232,0.576749,0.065178,0.066863,0.227902
AATTACGAGACCCATC-1,0.551415,0.099701,0.016906,0.184677,0.083629,0.030018,0.033654
AATTACTCGTACGCTC-1,0.820914,0.000073,0.000062,0.098282,0.009752,0.016048,0.05487
AATTAGCGCTGCAGCG-1,0.22811,0.059681,0.024272,0.684511,0.000039,0.000039,0.003349
AATTCATAAGGGATCT-1,0.092521,0.037918,0.089749,0.177746,0.037083,0.071015,0.493969
AATTCATTGTCATGCA-1,0.206229,0.03781,0.029409,0.502942,0.01815,0.039461,0.165999
AATTCCAAGCATGTAC-1,0.09681,0.002731,0.036304,0.618114,0.030495,0.014688,0.200857
AATTCGATTCGAGGAT-1,0.075645,0.038652,0.055754,0.137274,0.184218,0.09922,0.409236
AATTCTAGAGTTAGGC-1,0.000028,0.029389,0.000047,0.029833,0.10514,0.216258,0.619305
AATTGAACGCTCTGGT-1,0.000045,0.051073,0.13177,0.482605,0.017457,0.039402,0.277648
AATTGCAGCAATCGAC-1,0.000034,0.015812,0.075864,0.711112,0.003375,0.031345,0.162458
AATTGCGTGGATTACA-1,0.179235,0.032577,0.000413,0.511079,0.04512,0.0001,0.231476
AATTGTGGTTGCCAAA-1,0.012814,0.17234,0.017206,0.367059,0.042511,0.094805,0.293266
AATTTGGGACATAGTA-1,0.045815,0.03873,0.048028,0.508041,0.006133,0.169181,0.184072
AATTTGGTTCCAAAGA-1,0.558972,0.000123,0.000123,0.440291,0.000123,0.000123,0.000245
ACAAACCATGCGTCCT-1,0.133596,0.066493,0.0488,0.470035,0.077721,0.02376,0.179595
ACAAAGAAGGTAGGCC-1,0.999556,0.000049,0.000049,0.000148,0.000049,0.000049,0.000099
ACAAAGCATGACCTAG-1,0.000019,0.041068,0.159896,0.457709,0.077827,0.071895,0.191585
ACAAATCGCACCGAAT-1,0.37873,0.186833,0.030756,0.332649,0.000033,0.027325,0.043674
ACAAATGGTAGTGTTT-1,0.00002,0.00002,0.00002,0.000776,0.036824,0.441595,0.520743
ACAAATTCAGATCTGA-1,0.000021,0.001222,0.012351,0.388225,0.043701,0.177107,0.377373
ACAACAGCATGAGCTA-1,0.965589,0.000084,0.000084,0.000251,0.033741,0.000084,0.000168
ACAACGGTCCCTGCGA-1,0.192047,0.027853,0.077438,0.36547,0.004346,0.070783,0.262063
ACAAGCAGTGCCTAGC-1,0.091049,0.040496,0.037013,0.401304,0.029355,0.102755,0.298028
ACAAGCTATATGGAAG-1,0.422746,0.001044,0.000036,0.000108,0.025659,0.550335,0.000072
ACAAGGAAATCCGCCC-1,0.13176,0.083407,0.020522,0.377368,0.021164,0.084825,0.280954
ACAAGGACAAGAGGTT-1,0.257262,0.052961,0.032659,0.65693,0.000047,0.000047,0.000094
ACAAGGATGCTTTAGG-1,0.007618,0.123273,0.067815,0.675539,0.017939,0.045157,0.062659
ACAAGGCCTACCAGCC-1,0.019787,0.003842,0.010025,0.958058,0.000037,0.000037,0.008214
ACAAGGGCAGGCTCTG-1,0.063093,0.532541,0.102443,0.208838,0.007562,0.023857,0.061665
ACAATAGTCGTACGTT-1,0.000044,0.038837,0.050965,0.697214,0.000044,0.00814,0.204755
ACAATCCATTTAAACC-1,0.040345,0.002064,0.022313,0.503479,0.267043,0.022652,0.142104
ACAATGAATACGGAGA-1,0.00708,0.174954,0.297846,0.456355,0.044954,0.000144,0.018667
ACAATGATTCTTCTAC-1,0.005065,0.013421,0.018605,0.597683,0.365167,0.00002,0.000039
ACAATTGTGTCTCTTT-1,0.002607,0.007093,0.04848,0.327056,0.108379,0.207166,0.299219
ACAATTTAGGAGGCTC-1,0.357582,0.036129,0.015151,0.471486,0.002442,0.056278,0.060932
ACAATTTGAGCAGTGG-1,0.00969,0.022409,0.568535,0.287234,0.013782,0.006381,0.091969
ACAATTTGGCCATATT-1,0.034779,0.136724,0.103573,0.218181,0.062755,0.091405,0.352584
ACACAAAGACGGGTGG-1,0.841763,0.000174,0.013894,0.143475,0.000174,0.000174,0.000347
ACACAAATATTCCTAG-1,0.015197,0.066953,0.137501,0.575231,0.003899,0.069392,0.131828
ACACACCAGGACCAGT-1,0.140049,0.168132,0.034344,0.049742,0.012378,0.254632,0.340723
ACACACTTTCTACACG-1,0.066865,0.191106,0.000052,0.390286,0.040294,0.05888,0.252516
ACACATGATCAAATCT-1,0.000021,0.086058,0.193175,0.377469,0.026605,0.019178,0.297495
ACACATTGACGCAACA-1,0.073526,0.028083,0.012796,0.760159,0.003553,0.040206,0.081678
ACACCACATAATTAGC-1,0.022401,0.055937,0.187802,0.575077,0.042784,0.026624,0.089377
ACACCCAGCATGCAGC-1,0.856692,0.009269,0.000257,0.132753,0.000257,0.000257,0.000514
ACACCCGAGAAATCCG-1,0.038688,0.067645,0.027583,0.165227,0.10856,0.128324,0.463973
ACACCGAGCGCTCTTT-1,0.241921,0.004958,0.000714,0.013101,0.060551,0.399081,0.279674
ACACCGGTCTGACCGC-1,0.114227,0.044565,0.116135,0.128888,0.072582,0.113203,0.4104
ACACCTTAAGTAGGGC-1,0.056964,0.156078,0.081946,0.211667,0.031588,0.159825,0.301933
ACACCTTACTACTTGC-1,0.000029,0.099851,0.021908,0.115603,0.201045,0.106685,0.454881
ACACGAGACTCCTTCT-1,0.834074,0.000059,0.000059,0.018357,0.019361,0.082289,0.045802
ACACGGCACTATGCAT-1,0.998548,0.000161,0.000161,0.000484,0.000161,0.000161,0.000323
ACACGGGAACTTAGGG-1,0.07455,0.031613,0.285025,0.126416,0.482292,0.000035,0.00007
ACACGTAGGCCACAAG-1,0.010244,0.060468,0.071693,0.555281,0.022394,0.024609,0.255311
ACACTCCAATGTCACT-1,0.057883,0.2478,0.031976,0.297714,0.036462,0.085902,0.242264
ACACTGATCAAGGTGT-1,0.010141,0.072882,0.457901,0.320581,0.006364,0.026528,0.105604
ACACTGGGACAGTCGT-1,0.000046,0.017571,0.189712,0.443993,0.070135,0.039985,0.238557
ACAGAACTGAGAACAA-1,0.218532,0.043342,0.209787,0.150564,0.100735,0.056042,0.220998
ACAGATTAGGTTAGTG-1,0.089922,0.000061,0.003499,0.888246,0.018088,0.000061,0.000123
ACAGCATAGAGCCAGT-1,0.729943,0.000106,0.000106,0.269419,0.000106,0.000106,0.000213
ACAGCGACATTCTCAT-1,0.000039,0.014165,0.009275,0.69251,0.041811,0.023077,0.219124
ACAGCGCACCCGCAGC-1,0.058668,0.210391,0.162933,0.567848,0.00004,0.00004,0.00008
ACAGGCTTGCCCGACT-1,0.300767,0.000045,0.01867,0.651423,0.000045,0.000045,0.029004
ACAGGTGGAGGTGAGG-1,0.000019,0.000609,0.009968,0.107588,0.074435,0.093333,0.714047
ACAGGTGTGTTGTTGC-1,0.552657,0.000173,0.000173,0.00052,0.030244,0.403392,0.01284
ACAGTAATACAACTTG-1,0.716221,0.00004,0.096107,0.110143,0.00004,0.012771,0.064678
ACAGTATACCGTGGGA-1,0.061746,0.044493,0.067722,0.264837,0.048876,0.059958,0.452367
ACATAAGTCGTGGTGA-1,0.999446,0.000062,0.000062,0.000185,0.000062,0.000062,0.000123
ACATAATAAGGCGGTG-1,0.011876,0.258164,0.024212,0.428777,0.007704,0.092416,0.176851
ACATCAGCTGGGACGC-1,0.233587,0.019271,0.01721,0.337624,0.156336,0.046904,0.189069
ACATCCCGGCCATACG-1,0.004394,0.027135,0.010361,0.000194,0.766329,0.144768,0.046818
ACATCCTGGTAACTGT-1,0.009334,0.079219,0.108544,0.382824,0.038978,0.150069,0.231033
ACATCGATCGTTTACC-1,0.074555,0.080753,0.000047,0.06543,0.115725,0.619951,0.043539
ACATCGGTCAGCCGCG-1,0.085901,0.401613,0.0686,0.180316,0.040234,0.107065,0.116269
ACATCGTATGCAATGG-1,0.000056,0.263053,0.062941,0.49396,0.06628,0.023517,0.090194
ACATCGTTAACCTAGT-1,0.000052,0.000052,0.034731,0.955608,0.000052,0.000052,0.009454
ACATCTCAACGCGTAA-1,0.251489,0.000073,0.017931,0.365411,0.078758,0.018185,0.268154
ACATGGCGCCAAAGTA-1,0.001873,0.09735,0.306719,0.506012,0.032742,0.018779,0.036526
ACATGGCTCAATTTAG-1,0.073479,0.017216,0.243636,0.506529,0.076947,0.053663,0.028529
ACATTAGTTTATATCC-1,0.413015,0.031957,0.060173,0.404999,0.024072,0.017123,0.048662
ACCAAACACCCAGCGA-1,0.029495,0.005019,0.021885,0.693224,0.15063,0.007096,0.09265
ACCAACACCACACACT-1,0.000023,0.024514,0.084731,0.412527,0.036458,0.066569,0.375178
ACCAACCGCACTCCAC-1,0.000021,0.008322,0.005858,0.528135,0.101523,0.031183,0.324958
ACCAACGCTTATTTAT-1,0.046579,0.03107,0.28544,0.484607,0.018604,0.016618,0.117083
ACCAAGAACGCGTGTC-1,0.225243,0.050083,0.10891,0.469497,0.000036,0.029609,0.116621
ACCAATATGCAAGTTA-1,0.115321,0.418735,0.05866,0.273255,0.036412,0.026854,0.070762
ACCACAACTCAGAACA-1,0.000034,0.028193,0.015939,0.713328,0.025513,0.06491,0.152083
ACCACAAGTTTCTATC-1,0.039688,0.05159,0.009476,0.801464,0.000041,0.057851,0.039891
ACCACCAATGTAACAA-1,0.052507,0.384443,0.033358,0.343079,0.05028,0.038638,0.097695
ACCACCCTCTCTTCTA-1,0.044406,0.071654,0.071995,0.55516,0.009419,0.053273,0.194094
ACCACGTGCAGCTATA-1,0.01822,0.049925,0.010634,0.89435,0.000054,0.001418,0.025399
ACCACTGTTCAAGAAG-1,0.611789,0.000021,0.000047,0.072883,0.315196,0.000021,0.000043
ACCAGACCATAACAAC-1,0.300739,0.168069,0.124672,0.252935,0.004875,0.123933,0.024777
ACCAGCCCGGTCTTTG-1,0.08224,0.016195,0.007687,0.893677,0.00005,0.00005,0.0001
ACCAGTGCCCGGTCAA-1,0.034935,0.012709,0.097841,0.236611,0.026953,0.092369,0.498582
ACCAGTGCGGGAGACG-1,0.062017,0.131209,0.021972,0.256565,0.025632,0.235932,0.266673
ACCATATCCGCAATAA-1,0.033713,0.200558,0.015607,0.317484,0.101482,0.114505,0.216652
ACCATCCGCCAACTAG-1,0.001112,0.00302,0.01815,0.768282,0.038647,0.002447,0.168343
ACCATCGTATATGGTA-1,0.350372,0.0252,0.316609,0.20606,0.025982,0.052737,0.023041
ACCATTAAGGGTGTCA-1,0.340897,0.000065,0.4862,0.171852,0.000775,0.000063,0.000148
ACCCAACGCCCGTGGC-1,0.85744,0.019825,0.001913,0.000112,0.012052,0.083724,0.024935
ACCCACCTACATGCTC-1,0.467434,0.015558,0.481792,0.034906,0.000077,0.000077,0.000155
ACCCATCTTGAGGGTA-1,0.944117,0.00009,0.00009,0.055343,0.00009,0.00009,0.00018
ACCCATTTGTCCCTCT-1,0.000027,0.112411,0.110275,0.283856,0.405167,0.030465,0.057799
ACCCGAGCGAAATTAC-1,0.001,0.031495,0.105298,0.314703,0.106611,0.061202,0.379691
ACCCGATTGGTTCCGA-1,0.001694,0.007266,0.044989,0.075241,0.085462,0.199813,0.585535
ACCCGGAAACTCCCAG-1,0.057016,0.000889,0.044823,0.673526,0.024452,0.008813,0.190481
ACCCGGAGCACCACAA-1,0.066554,0.00359,0.066652,0.357749,0.090352,0.263967,0.151136
ACCCGGATGACGCATC-1,0.015149,0.097454,0.10434,0.460694,0.040153,0.111268,0.170942
ACCCGGTTACACTTCC-1,0.999431,0.000063,0.000063,0.00019,0.000063,0.000063,0.000126
ACCCGTAGTCTAGTTG-1,0.0001,0.043353,0.056288,0.825992,0.036773,0.0001,0.037394
ACCCGTGTCATCAGTA-1,0.00003,0.032775,0.013093,0.219302,0.077667,0.050526,0.606608
ACCCTATAGGACTGAG-1,0.004562,0.00007,0.02042,0.974668,0.00007,0.00007,0.00014
ACCCTATGCCATATCG-1,0.010251,0.056341,0.214267,0.584127,0.060984,0.021026,0.053003
ACCCTCCCTTGCTATT-1,0.089865,0.075871,0.007283,0.199235,0.08276,0.18126,0.363726
ACCCTGGTAACGCCCT-1,0.0156,0.173238,0.001258,0.02905,0.047106,0.173228,0.56052
ACCCTTCATCTGCGAA-1,0.183514,0.000061,0.029692,0.671543,0.007153,0.012964,0.095072
ACCCTTGCCTGGGTCG-1,0.070625,0.016332,0.026863,0.167255,0.020864,0.152134,0.545927
ACCCTTTAGTTCTCCA-1,0.00004,0.00056,0.106597,0.772803,0.063264,0.017928,0.038809
ACCGAAAGGGCCCTGC-1,0.91164,0.000075,0.000744,0.000225,0.050646,0.03652,0.00015
ACCGAAGAGTCTGGTT-1,0.754223,0.000111,0.000111,0.245109,0.000111,0.000111,0.000223
ACCGACACATCTCCCA-1,0.059182,0.057817,0.150419,0.060293,0.058117,0.07868,0.535492
ACCGACTGAGTCCCAC-1,0.115763,0.131712,0.350964,0.347869,0.014203,0.019441,0.020048
ACCGATAGGCATAACC-1,0.000036,0.030493,0.091655,0.542223,0.039163,0.112011,0.184417
ACCGATATTTAATCAT-1,0.045089,0.140488,0.047744,0.558502,0.022125,0.014962,0.17109
ACCGATGGTAGCATCG-1,0.244995,0.151315,0.202308,0.232179,0.011342,0.072778,0.085083
ACCGCAATAACTGCCT-1,0.013637,0.03348,0.252449,0.110997,0.244849,0.145645,0.198943
ACCGCGGTGGAAGTCG-1,0.000021,0.006969,0.000128,0.025139,0.096127,0.261461,0.610155
ACCGGGCCTTTGTTGA-1,0.459644,0.136165,0.042655,0.064644,0.045603,0.061457,0.189832
ACCGGTCAGGTACACC-1,0.012962,0.195812,0.043856,0.691431,0.015931,0.001064,0.038945
ACCGGTCTGAGTACGG-1,0.000031,0.038219,0.042793,0.466994,0.034239,0.099145,0.31858
ACCGTCCACTGGGCCC-1,0.137804,0.003115,0.025036,0.533663,0.073573,0.042373,0.184434
ACCGTGACCACGTGGG-1,0.014039,0.033888,0.03741,0.035343,0.127359,0.125579,0.626383
ACCGTTCCCGCTCTGA-1,0.998753,0.000139,0.000139,0.000416,0.000139,0.000139,0.000277
ACCTAAGTACCTTTCA-1,0.000018,0.022498,0.010134,0.025968,0.073206,0.063534,0.804642
ACCTAATCGACTTCCT-1,0.642576,0.000055,0.028519,0.327642,0.000055,0.000055,0.0011
ACCTACAGTATGTGGT-1,0.005062,0.068089,0.141722,0.071545,0.17204,0.290305,0.251238
ACCTACTATAAATCTA-1,0.103639,0.005389,0.00006,0.464675,0.043253,0.005482,0.377502
ACCTCCGCCCTCGCTG-1,0.000288,0.000039,0.045164,0.621785,0.015084,0.074518,0.243121
ACCTCCGTTATTCACC-1,0.025145,0.108506,0.058004,0.077316,0.096461,0.290123,0.344445
ACCTCGAACTTATGCT-1,0.073819,0.005073,0.049191,0.740362,0.054865,0.004983,0.071707
ACCTGCGTGTCATGTT-1,0.002787,0.015235,0.120839,0.640279,0.069066,0.010319,0.141475
ACGAAATGGGCGGCAC-1,0.061002,0.040142,0.019963,0.137599,0.054715,0.171704,0.514874
ACGACCCATGAGTTGC-1,0.117745,0.003227,0.057544,0.586192,0.018617,0.01775,0.198926
ACGACTGGTCATACTC-1,0.003009,0.045184,0.031212,0.271741,0.041245,0.14477,0.462839
ACGAGAACCCATCACG-1,0.999017,0.000109,0.000109,0.000328,0.000109,0.000109,0.000218
ACGAGATATTTGCTTA-1,0.003296,0.023383,0.005557,0.489915,0.018485,0.102986,0.356379
ACGAGGATACCACTCT-1,0.459044,0.010743,0.119338,0.192993,0.020035,0.065489,0.132358
ACGAGGTTTACAACGT-1,0.114687,0.003073,0.024387,0.616347,0.233027,0.000028,0.00845
ACGAGTACGGATGCCC-1,0.825007,0.016773,0.023367,0.013897,0.004736,0.004945,0.111274
ACGATACATAGAACTA-1,0.105079,0.028224,0.015067,0.713147,0.052704,0.053719,0.032059
ACGATACCTATCCTGA-1,0.174123,0.003759,0.000052,0.000122,0.006817,0.815047,0.000081
ACGATCATACATAGAG-1,0.079418,0.001647,0.194607,0.667288,0.055148,0.000044,0.001847
ACGATCATCTTGTAAA-1,0.498507,0.020897,0.024279,0.336549,0.015625,0.004167,0.099976
ACGATGCATATGTTAT-1,0.965969,0.000089,0.000089,0.015064,0.018523,0.000089,0.000178
ACGATGGATCCGATGC-1,0.280778,0.000074,0.020248,0.698605,0.000074,0.000074,0.000147
ACGCAAACTAATAGAT-1,0.194981,0.017223,0.005744,0.457276,0.091008,0.002263,0.231505
ACGCAATCACTACAGC-1,0.104006,0.088435,0.172414,0.416727,0.001214,0.082343,0.134862
ACGCATAAATGACATG-1,0.363687,0.063753,0.040712,0.374107,0.011575,0.068438,0.077726
ACGCATACGTTTACTA-1,0.050156,0.007398,0.009774,0.357423,0.085862,0.025947,0.46344
ACGCATTCGTGAGTAC-1,0.058742,0.000037,0.000472,0.207599,0.158704,0.29102,0.283426
ACGCCAGATGATTTCT-1,0.000065,0.000876,0.354217,0.64458,0.000065,0.000065,0.000131
ACGCCGCTAGACGACC-1,0.0944,0.071727,0.008113,0.006194,0.041423,0.293775,0.484367
ACGCGAAGTCAGACGA-1,0.834764,0.000065,0.000065,0.011271,0.000065,0.030019,0.123751
ACGCGCTACACAGGGT-1,0.00004,0.003634,0.03878,0.818275,0.049885,0.010648,0.078737
ACGCGGGCCAAGGACA-1,0.32042,0.104122,0.060341,0.432624,0.00004,0.043359,0.039093
ACGCGTTTCTTAAGAG-1,0.177659,0.026732,0.06191,0.520952,0.032132,0.129243,0.051371
ACGCTAGTGATACACT-1,0.010181,0.005671,0.051777,0.473659,0.066975,0.070272,0.321465
ACGCTGTGAGGCGTAG-1,0.423239,0.000081,0.042971,0.533384,0.000081,0.000081,0.000163
ACGCTTAGTGTCTCTC-1,0.159469,0.000136,0.000136,0.714328,0.000136,0.000136,0.12566
ACGGAATTTAGCAAAT-1,0.062823,0.000051,0.045877,0.849308,0.000051,0.000051,0.04184
ACGGACTCTCAAAGCG-1,0.076375,0.032809,0.023228,0.190011,0.015061,0.096561,0.565955
ACGGAGCGCAAATTAC-1,0.050543,0.247492,0.046825,0.587839,0.011595,0.007721,0.047985
ACGGATGGTGCGGATA-1,0.038675,0.155901,0.054846,0.633502,0.011165,0.02748,0.078431
ACGGCACTTGCTTGGG-1,0.217119,0.03738,0.012411,0.03401,0.124399,0.088675,0.486007
ACGGCCAACATGGACT-1,0.110906,0.01157,0.021987,0.121424,0.100377,0.189833,0.443902
ACGGCGACGATGGGAA-1,0.000022,0.016046,0.007671,0.082909,0.054236,0.06853,0.770586
ACGGCGGGTTGCCCTG-1,0.516024,0.000152,0.000152,0.402625,0.000152,0.000152,0.080745
ACGGCTGGATGTAGAA-1,0.432077,0.000045,0.008881,0.11701,0.186182,0.072757,0.183048
ACGGGAGTGTCGGCCC-1,0.002049,0.103972,0.05847,0.178822,0.087997,0.134588,0.434101
ACGGGCGTATGCGACA-1,0.567457,0.005202,0.002049,0.249762,0.158103,0.017346,0.000081
ACGGGTCATGTGACTT-1,0.356145,0.004038,0.050785,0.588877,0.000039,0.000039,0.000077
ACGTACAGATTTCTCT-1,0.176933,0.044328,0.154248,0.384578,0.165454,0.043683,0.030775
ACGTAGATTGCTGATG-1,0.069386,0.010862,0.025926,0.29965,0.016751,0.191054,0.386371
ACGTATTACTCCGATC-1,0.01329,0.017785,0.00586,0.115154,0.106292,0.168319,0.573299
ACGTCGGGCAACTCGG-1,0.076697,0.131887,0.46042,0.143239,0.040361,0.080284,0.067112
ACGTCTCGTTCCGGGA-1,0.554348,0.009427,0.075374,0.239484,0.000033,0.055949,0.065385
ACGTGACAAAGTAAGT-1,0.999598,0.000045,0.000045,0.000134,0.000045,0.000045,0.000089
ACGTGCGCCTCGTGCA-1,0.059846,0.000059,0.010591,0.929267,0.000059,0.000059,0.000118
ACGTTAATGTCGAAGA-1,0.080196,0.072951,0.03892,0.144305,0.068106,0.277736,0.317786
ACGTTAGATTTGCCCG-1,0.061267,0.023382,0.042422,0.489446,0.021693,0.115224,0.246566
ACGTTATTGGTCACTC-1,0.44665,0.049172,0.201032,0.302337,0.000507,0.000042,0.000259
ACGTTCCGCGCTCCGT-1,0.998795,0.000134,0.000134,0.000402,0.000134,0.000134,0.000268
ACGTTCGCAATCAATT-1,0.013538,0.091111,0.046565,0.479076,0.035533,0.160845,0.173333
ACGTTCGTTCAGGAAA-1,0.00005,0.04785,0.083786,0.503325,0.013501,0.009459,0.342029
ACGTTCTGTACAAGTC-1,0.052005,0.018545,0.019452,0.553716,0.101371,0.023302,0.231611
ACGTTTAGTTGTGATC-1,0.814853,0.00017,0.00017,0.13297,0.00017,0.05133,0.000339
ACTAAGGACGCACACC-1,0.004822,0.012894,0.034077,0.363649,0.011265,0.105749,0.467544
ACTAATACGTCAGGCG-1,0.05633,0.009223,0.030952,0.6009,0.292152,0.002628,0.007815
ACTACATCCCGACAAG-1,0.781674,0.027647,0.00004,0.19048,0.00004,0.00004,0.000079
ACTACCAGCTCTCTGG-1,0.46526,0.07036,0.077011,0.387005,0.000091,0.000091,0.000182
ACTACGCGTTAGAATT-1,0.013162,0.399261,0.006967,0.025777,0.09158,0.164078,0.299175
ACTAGTTGCGATCGTC-1,0.725846,0.008418,0.10926,0.05871,0.017354,0.050075,0.030338
ACTATATGCTGTGTTC-1,0.131496,0.017385,0.293149,0.495598,0.00004,0.00004,0.062293
ACTATCCAGGGCATGG-1,0.072207,0.053439,0.032136,0.269104,0.448911,0.077808,0.046394
ACTATCGCCGGCTAAA-1,0.12118,0.057326,0.002169,0.000038,0.038942,0.777409,0.002935
ACTATCTGCCCGCGTA-1,0.011006,0.043464,0.122451,0.420998,0.183307,0.042634,0.17614
ACTATGTCCAGCTGCC-1,0.061047,0.027817,0.22019,0.570941,0.044965,0.001668,0.073372
ACTATTCGTCCGTGGT-1,0.000039,0.004351,0.011257,0.472705,0.007031,0.118045,0.386571
ACTATTTCCGGGCCCA-1,0.000022,0.049018,0.041032,0.167543,0.047246,0.112582,0.582556
ACTCAACGAATGTATT-1,0.8859,0.000123,0.000123,0.004567,0.000123,0.003358,0.105807
ACTCAAGTGCAAGGCT-1,0.004653,0.141316,0.092338,0.539452,0.014067,0.03517,0.173004
ACTCAATAAAGGCACG-1,0.000041,0.032324,0.073503,0.805821,0.017405,0.004525,0.066381
ACTCAGACCTGCTTCT-1,0.021515,0.00005,0.00005,0.978185,0.00005,0.00005,0.0001
ACTCATGGCAGCCTTC-1,0.037623,0.002354,0.045413,0.595667,0.013873,0.089326,0.215746
ACTCCAATATCATCAT-1,0.016979,0.01852,0.014744,0.072367,0.017,0.113184,0.747205
ACTCCCATTCCTAAAG-1,0.008074,0.018964,0.143261,0.737327,0.011338,0.012441,0.068595
ACTCCCGAATTCGTTT-1,0.058913,0.251354,0.042189,0.348591,0.047934,0.064778,0.186242
ACTCCCGTAGACTAGG-1,0.044433,0.088594,0.024033,0.665626,0.001996,0.037483,0.137835
ACTCCCTAATGCTAAA-1,0.165971,0.019614,0.046508,0.690431,0.060969,0.000116,0.016391
ACTCCCTAGAATAGTA-1,0.024234,0.000785,0.002716,0.032989,0.125576,0.127949,0.68575
ACTCGATGTATTTCAT-1,0.973924,0.000099,0.000099,0.025483,0.000099,0.000099,0.000197
ACTCGCCGTTCGATAA-1,0.00003,0.012501,0.0292,0.423165,0.367864,0.026476,0.140765
ACTCGCGATCTGACGC-1,0.051377,0.045072,0.197175,0.52941,0.019964,0.0525,0.104502
ACTCGTAACCCGTCCT-1,0.000026,0.028923,0.045136,0.155738,0.088866,0.158931,0.52238
ACTCGTCAGTAATCCC-1,0.058654,0.111856,0.103117,0.669174,0.00005,0.028701,0.028448
ACTCTAAACCTGGGAT-1,0.050507,0.000022,0.000022,0.000065,0.153199,0.79318,0.003006
ACTCTCTGACTTAGGT-1,0.000054,0.057524,0.165132,0.395842,0.021602,0.190348,0.169497
ACTCTCTTATACACGA-1,0.086071,0.007788,0.028128,0.297751,0.264494,0.132255,0.183513
ACTCTTCAGCTCCCGC-1,0.090102,0.013728,0.001875,0.031584,0.027889,0.304287,0.530536
ACTCTTGTATAGTAAC-1,0.071709,0.020688,0.166463,0.550659,0.107483,0.007561,0.075436
ACTGAAACGCCGTTAG-1,0.000035,0.014674,0.059511,0.898213,0.000035,0.000463,0.02707
ACTGAATGGCGAAAGT-1,0.000023,0.020342,0.007613,0.010727,0.055559,0.225375,0.680361
ACTGATTTAGTGATTC-1,0.202669,0.143434,0.349536,0.162819,0.002213,0.056796,0.082533
ACTGCCCGCCATTCTC-1,0.047894,0.013064,0.058209,0.589084,0.083523,0.052927,0.155298
ACTGCCGTCGTAACTC-1,0.089239,0.000045,0.001983,0.324436,0.092411,0.093368,0.398519
ACTGCGGACACACCGT-1,0.015475,0.00337,0.000371,0.018823,0.202751,0.329556,0.429654
ACTGCTCGGAAGGATG-1,0.604581,0.120291,0.000089,0.274684,0.000089,0.000089,0.000178
ACTGGCGAACCTGCGT-1,0.00002,0.01512,0.009135,0.368818,0.038025,0.165896,0.402986
