Barcode,Topic 1,Topic 2to4,Topic 5to6,Topic 7,Topic 8,Topic 9
AAACAACGAATAGTTC-1,0.001049,0.003147,0.002098,0.001049,0.001049,0.991608
AAACAAGTATCTCCCA-1,0.092163,0.072912,0.463942,0.107269,0.201901,0.061813
AAACAATCTACTAGCA-1,0.140811,0.363464,0.34543,0.063983,0.068029,0.018283
AAACACCAATAACTGC-1,0.116341,0.597665,0.104596,0.047894,0.103319,0.030184
AAACAGAGCGACTCCT-1,0.165056,0.274734,0.434365,0.107012,0.003212,0.015621
AAACAGCTTTCAGAAG-1,0.070953,0.305786,0.199217,0.222686,0.155226,0.046133
AAACAGGGTCTATATT-1,0.439441,0.354245,0.0327,0.090224,0.006666,0.076725
AAACATGGTGAGAGGA-1,0.161502,0.568934,0.065566,0.104875,0.059089,0.040034
AAACATTTCCCGGATT-1,0.066933,0.21272,0.323474,0.053445,0.299578,0.04385
AAACCCGAACGAAATC-1,0.002224,0.006672,0.004448,0.002224,0.002224,0.982209
AAACCGGAAATGTTAA-1,0.00016,0.312593,0.000319,0.00016,0.00016,0.68661
AAACCGGGTAGGTACC-1,0.240025,0.484335,0.13512,0.103512,0.021113,0.015894
AAACCGTTCGTCCAGG-1,0.056717,0.85682,0.010561,0.007687,0.033893,0.034322
AAACCTAAGCAGCCGG-1,0.066847,0.207079,0.415732,0.046763,0.246268,0.017311
AAACCTCATGAAGTTG-1,0.171487,0.710594,0.023843,0.057729,0.033432,0.002915
AAACGAAGAACATACC-1,0.000034,0.000102,0.000068,0.000034,0.007382,0.99238
AAACGAAGATGGAGTA-1,0.008151,0.004274,0.834648,0.043038,0.045822,0.064066
AAACGAGACGGTTGAT-1,0.000097,0.180725,0.306589,0.003384,0.00372,0.505484
AAACGCTGGGCACGAC-1,0.00006,0.318455,0.000119,0.00006,0.00006,0.681247
AAACGGGCGTACGGGT-1,0.140222,0.031012,0.507411,0.221118,0.028477,0.071761
AAACGGGTTGGTATCC-1,0.34695,0.469075,0.005795,0.06449,0.00569,0.108
AAACGGTTGCGAACTG-1,0.065486,0.682991,0.112349,0.074175,0.031254,0.033745
AAACGTGTTCGCCCTA-1,0.128229,0.355421,0.252321,0.09294,0.083288,0.0878
AAACTAACGTGGCGAC-1,0.110747,0.630355,0.137761,0.044906,0.058992,0.017239
AAACTCGGTTCGCAAT-1,0.099061,0.664796,0.045133,0.012505,0.165192,0.013313
AAACTCGTGATATAAG-1,0.061609,0.367663,0.186176,0.050836,0.065578,0.268138
AAACTGCTGGCTCCAA-1,0.031486,0.483198,0.04312,0.032685,0.133451,0.276059
AAACTTAATTGCACGC-1,0.085865,0.287253,0.403555,0.068628,0.126781,0.027918
AAACTTGCAAACGTAT-1,0.125068,0.209202,0.345991,0.232954,0.020265,0.066521
AAAGAATGACCTTAGA-1,0.067677,0.596702,0.001547,0.010875,0.321933,0.001267
AAAGAATGTGGACTAA-1,0.177698,0.290389,0.2535,0.191737,0.082536,0.00414
AAAGACCCAAGTCGCG-1,0.035775,0.935176,0.000066,0.001552,0.008542,0.018889
AAAGACTGGGCGCTTT-1,0.174223,0.342767,0.11517,0.358613,0.005424,0.003803
AAAGCTTGCCTACATA-1,0.193272,0.682532,0.006337,0.055035,0.010318,0.052506
AAAGGCCCTATAATAC-1,0.092185,0.305865,0.366581,0.055145,0.137834,0.04239
AAAGGCTACGGACCAT-1,0.041702,0.276983,0.401582,0.064479,0.173793,0.04146
AAAGGCTCTCGCGCCG-1,0.089166,0.311689,0.409512,0.155878,0.015364,0.018392
AAAGGGATGTAGCAAG-1,0.072419,0.396878,0.261992,0.116861,0.073269,0.07858
AAAGGGCAGCTTGAAT-1,0.212878,0.160367,0.153071,0.268282,0.021536,0.183867
AAAGGTAAGCTGTACC-1,0.154091,0.426853,0.185256,0.156551,0.032707,0.044543
AAAGTAGCATTGCTCA-1,0.029344,0.467199,0.013046,0.015515,0.032313,0.442583
AAAGTCACTGATGTAA-1,0.128545,0.337747,0.210398,0.076826,0.069074,0.17741
AAAGTCGACCCTCAGT-1,0.242251,0.635532,0.01095,0.110483,0.000761,0.000024
AAAGTGCCATCAATTA-1,0.009594,0.610573,0.000096,0.000048,0.046711,0.332979
AAAGTGTGATTTATCT-1,0.025582,0.573887,0.277948,0.021532,0.042368,0.058683
AAAGTTGACTCCCGTA-1,0.000125,0.605578,0.000249,0.000125,0.000125,0.3938
AAATAACCATACGGGA-1,0.035649,0.168481,0.076343,0.086431,0.067134,0.565963
AAATAAGGTAGTGCCC-1,0.069742,0.258256,0.105503,0.272249,0.066396,0.227854
AAATACCTATAAGCAT-1,0.047185,0.341634,0.296347,0.076887,0.061767,0.17618
AAATAGCTTAGACTTT-1,0.004276,0.012829,0.008552,0.004276,0.004276,0.96579
AAATAGGGTGCTATTG-1,0.150615,0.805124,0.017332,0.023643,0.002221,0.001065
AAATCCGATACACGCC-1,0.047445,0.127426,0.628857,0.117192,0.04599,0.03309
AAATCGCGGAAGGAGT-1,0.136845,0.252304,0.355505,0.091864,0.098385,0.065096
AAATCGTGTACCACAA-1,0.115224,0.810043,0.008417,0.014986,0.004492,0.046838
AAATCTAGCCCTGCTA-1,0.027018,0.44685,0.120316,0.046144,0.263368,0.096303
AAATGATTCGATCAGC-1,0.000579,0.414695,0.001158,0.000579,0.000579,0.58241
AAATGCTCGTTACGTT-1,0.350934,0.375461,0.034516,0.161796,0.002723,0.074569
AAATGGCATGTCTTGT-1,0.285599,0.22967,0.217025,0.067787,0.025974,0.173945
AAATGGCCCGTGCCCT-1,0.415126,0.059092,0.101988,0.126347,0.183124,0.114323
AAATGGTCAATGTGCC-1,0.027103,0.062365,0.606896,0.058619,0.021659,0.223359
AAATGTATCTTATCCC-1,0.000756,0.124778,0.001513,0.000756,0.000756,0.87144
AAATGTGGGTGCTCCT-1,0.198753,0.161613,0.317282,0.200515,0.045348,0.076488
AAATTAACGGGTAGCT-1,0.076687,0.632298,0.183506,0.070249,0.02673,0.010531
AAATTAATAAGCGCGA-1,0.301268,0.496373,0.027172,0.170725,0.002904,0.001559
AAATTACACGACTCTG-1,0.016256,0.123513,0.395025,0.047667,0.102093,0.315446
AAATTACCTATCGATG-1,0.00039,0.190679,0.00078,0.00039,0.00039,0.80737
AAATTCCAGGTCCAAA-1,0.000662,0.639557,0.001324,0.000662,0.000662,0.357134
AAATTGATAGTCCTTT-1,0.013449,0.772236,0.000748,0.005039,0.193918,0.014611
AAATTGCGGCGGTTCT-1,0.000934,0.213269,0.001869,0.000934,0.000934,0.782059
AAATTGGTGAGAAGCA-1,0.035524,0.231882,0.575892,0.053293,0.076664,0.026745
AAATTTACCGAAATCC-1,0.113741,0.214929,0.212818,0.104083,0.028055,0.326373
AAATTTGCGGGTGTGG-1,0.135601,0.408786,0.197732,0.165631,0.048514,0.043736
AACAACTGGTAGTTGC-1,0.018627,0.369233,0.282942,0.216828,0.048326,0.064045
AACAATACATTGTCGA-1,0.088363,0.234511,0.180439,0.032918,0.248966,0.214804
AACAATTACTCTACGC-1,0.16003,0.838122,0.000053,0.001743,0.000026,0.000026
AACACACGCTCGCCGC-1,0.061855,0.268304,0.38533,0.213398,0.030648,0.040465
AACACGACTGTACTGA-1,0.136546,0.567434,0.126143,0.120587,0.011785,0.037506
AACACGAGACGCGGCC-1,0.243559,0.185565,0.212664,0.258545,0.021036,0.078631
AACACGCGGCCGCGAA-1,0.166828,0.756343,0.000057,0.006961,0.019954,0.049856
AACAGCTGTGTGGCAA-1,0.104304,0.173433,0.481065,0.180863,0.035817,0.024518
AACAGGAAATCGAATA-1,0.066887,0.824124,0.023845,0.017984,0.020635,0.046525
AACAGGATGGGCCGCG-1,0.231455,0.641914,0.004797,0.098016,0.000035,0.023783
AACAGGTAGTATGGAT-1,0.002586,0.007757,0.005171,0.002586,0.002586,0.979315
AACATATCAACTGGTG-1,0.00005,0.299214,0.199107,0.005764,0.229307,0.266558
AACATCGATACGTCTA-1,0.095152,0.153037,0.585439,0.049519,0.075306,0.041548
AACATTGAAGTTGATC-1,0.040984,0.101923,0.453336,0.069243,0.313377,0.021136
AACATTGGTCAGCCGT-1,0.000604,0.001813,0.001209,0.000604,0.000604,0.995166
AACATTGTGACTCGAG-1,0.025587,0.781178,0.034822,0.011814,0.080572,0.066027
AACCAAGACTTCTCTG-1,0.515693,0.1134,0.117324,0.099121,0.081437,0.073025
AACCAGTATCACTCTT-1,0.107935,0.682419,0.061929,0.080804,0.006588,0.060325
AACCATAGGGTTGAAC-1,0.079279,0.268162,0.248097,0.090134,0.257354,0.056973
AACCATGGGATCGCTA-1,0.235186,0.522033,0.044998,0.087296,0.019541,0.090947
AACCCAGAGACGGAGA-1,0.074983,0.58444,0.091505,0.110449,0.116909,0.021714
AACCCATCCCATGATC-1,0.036082,0.431311,0.215692,0.18044,0.09913,0.037344
AACCCGACAACCCGTG-1,0.095952,0.303001,0.184614,0.050524,0.337898,0.02801
AACCCGAGCAGAATCG-1,0.091549,0.214222,0.281307,0.082186,0.192472,0.138265
AACCCGATAGGGCTTC-1,0.10002,0.610253,0.124069,0.011904,0.110364,0.043391
AACCCTACTGTCAATA-1,0.000312,0.41921,0.000625,0.000312,0.000312,0.579228
AACCCTGGTGGAACCA-1,0.090983,0.871366,0.000276,0.026174,0.009051,0.00215
AACCGAGCTTGGTCAT-1,0.020521,0.17055,0.258378,0.054612,0.178597,0.317342
AACCGCTAAGGGATGC-1,0.077079,0.792646,0.019076,0.028063,0.036535,0.046601
AACCGTTGTGTTTGCT-1,0.083406,0.220068,0.280082,0.208705,0.012626,0.195112
AACCTCGCTTTAGCCC-1,0.139794,0.067046,0.602369,0.126071,0.041161,0.02356
AACCTGTCACGGAATT-1,0.026034,0.553162,0.021574,0.081335,0.006616,0.311279
AACCTTTAAATACGGT-1,0.008621,0.132877,0.601199,0.047782,0.179061,0.03046
AACCTTTACGACGTCT-1,0.050301,0.093782,0.348695,0.189872,0.19325,0.1241
AACGAAAGTCGTCCCA-1,0.131934,0.271242,0.220171,0.131856,0.094317,0.150481
AACGACCTCCTAGCCG-1,0.11488,0.800347,0.019463,0.016538,0.00161,0.047163
AACGATAATGCCGTAG-1,0.249496,0.573391,0.082493,0.037399,0.010392,0.046829
AACGATAGAAGGGCCG-1,0.042645,0.755897,0.019269,0.026007,0.060305,0.095878
AACGATATGTCAACTG-1,0.016823,0.074961,0.749664,0.071713,0.041351,0.045488
AACGCATGATCTGGGT-1,0.088258,0.189743,0.480279,0.074047,0.117563,0.05011
AACGCGAACGGCAACA-1,0.305631,0.269226,0.094204,0.10144,0.002288,0.227211
AACGCGACCTTGGGCG-1,0.088209,0.409738,0.243325,0.087984,0.131505,0.039239
AACGCGGTCTCCAGCC-1,0.14016,0.630615,0.073463,0.031645,0.022215,0.101902
AACGCTGTTGCTGAAA-1,0.03565,0.367668,0.367152,0.081506,0.092155,0.05587
AACGGACGTACGTATA-1,0.046041,0.244463,0.422999,0.137137,0.056633,0.092727
AACGGCCATCTCCGGT-1,0.057557,0.697218,0.11594,0.070494,0.028378,0.030414
AACGTACTGTGGGTAC-1,0.100989,0.101529,0.571386,0.16814,0.014345,0.043611
AACGTAGTCTACCCAT-1,0.085077,0.24932,0.270053,0.027087,0.351927,0.016535
AACGTCAGACTAGTGG-1,0.124316,0.767641,0.014325,0.050181,0.020982,0.022555
AACGTCGCTGCACTTC-1,0.273487,0.659519,0.002018,0.053148,0.000046,0.011782
AACGTGATGAAGGACA-1,0.069135,0.425151,0.247951,0.194608,0.033825,0.02933
AACGTGCGAAAGTCTC-1,0.054975,0.460798,0.28636,0.14681,0.024309,0.026749
AACGTTATCAGCACCT-1,0.001356,0.004068,0.002712,0.001356,0.001356,0.989152
AACGTTCTACCATTGT-1,0.026334,0.288849,0.258419,0.026966,0.07196,0.327473
AACTACCCGTTTGTCA-1,0.003089,0.981468,0.006177,0.003089,0.003089,0.003089
AACTAGCGTATCGCAC-1,0.143291,0.226842,0.25062,0.250773,0.053153,0.075322
AACTAGGCTTGGGTGT-1,0.10396,0.418585,0.220109,0.018307,0.171064,0.067976
AACTCAAGTTAATTGC-1,0.046583,0.688441,0.0303,0.042546,0.000047,0.192083
AACTCCAGAGCGTGTT-1,0.269549,0.149119,0.426107,0.09236,0.022669,0.040196
AACTCCTAATCCCATG-1,0.083019,0.361777,0.310275,0.157108,0.05807,0.029751
AACTCGATAAACACGT-1,0.001503,0.004508,0.003005,0.001503,0.001503,0.987979
AACTCGATGGCGCAGT-1,0.165959,0.321001,0.152105,0.326811,0.005248,0.028877
AACTCTCAATAGAGCG-1,0.003706,0.011118,0.007412,0.003706,0.003706,0.970353
AACTCTCAGTGTGCTC-1,0.023547,0.615267,0.194894,0.022446,0.095696,0.04815
AACTGAGGTCAGCGTC-1,0.028857,0.778186,0.074937,0.03939,0.031445,0.047186
AACTGAGTTATACTGA-1,0.000122,0.449752,0.000244,0.000122,0.000122,0.549639
AACTGATATTAGGCCT-1,0.075281,0.329105,0.33399,0.204194,0.021478,0.035952
AACTGGGTCCCGACGT-1,0.043529,0.891759,0.000088,0.00447,0.000044,0.06011
AACTGGGTTCGAGCCG-1,0.128006,0.486514,0.324143,0.053075,0.005505,0.002757
AACTGGTGTGGGCCTT-1,0.090952,0.571601,0.136233,0.124475,0.022298,0.054442
AACTTCTGCGTCTATC-1,0.194928,0.489949,0.133491,0.175228,0.001607,0.004798
AACTTGCCCGTATGCA-1,0.266293,0.602845,0.001825,0.110184,0.000041,0.018813
AACTTGCGTTCTCGCG-1,0.190108,0.242688,0.118892,0.347456,0.004169,0.096686
AACTTTACGGGAGCTT-1,0.126857,0.375167,0.151545,0.341384,0.003018,0.002029
AACTTTAGCTGCTGAG-1,0.464213,0.126046,0.15619,0.129472,0.021966,0.102112
AACTTTCTCGATCATG-1,0.073901,0.852196,0.009532,0.028742,0.031244,0.004386
AAGAAATCACCAGATT-1,0.119184,0.471969,0.108845,0.120074,0.016646,0.163282
AAGAAGGATCAGTTAG-1,0.289051,0.245571,0.086382,0.245337,0.010441,0.123217
AAGACATACGTGGTTT-1,0.182697,0.362005,0.061368,0.054252,0.183348,0.156329
AAGACCAAATAACTCA-1,0.191468,0.235366,0.288921,0.18339,0.041464,0.05939
AAGACCCAACTGAACA-1,0.040206,0.041665,0.816184,0.056302,0.031697,0.013945
AAGACTAACCCGTTGT-1,0.056867,0.170524,0.36802,0.298608,0.018283,0.087698
AAGACTGCAAGCTACT-1,0.000026,0.000079,0.910268,0.001225,0.067131,0.021271
AAGAGATGAATCGGTA-1,0.175031,0.718259,0.016256,0.050345,0.001571,0.038537
AAGAGCTCTTTATCGG-1,0.040766,0.266111,0.293488,0.037021,0.205728,0.156887
AAGAGGATGTACGCGA-1,0.111,0.132484,0.159909,0.458951,0.117322,0.020334
AAGAGGCATGGATCGC-1,0.000062,0.680311,0.000124,0.000062,0.000062,0.319379
AAGAGGCCCTTTGGAA-1,0.062426,0.02205,0.500924,0.321541,0.036715,0.056344
AAGATGGCACCGGACC-1,0.041403,0.424658,0.20292,0.029811,0.292291,0.008916
AAGATTGGCGGAACGT-1,0.082168,0.446255,0.217028,0.05879,0.052736,0.143023
AAGCACCCTGCGTATC-1,0.048009,0.246386,0.520729,0.069599,0.08836,0.026916
AAGCATACTCTCCTGA-1,0.106395,0.262815,0.285686,0.101428,0.153448,0.090229
AAGCCGAAGCGGTTTA-1,0.001249,0.032807,0.002498,0.001249,0.001249,0.960947
AAGCCGCCGTGAAATC-1,0.059275,0.202466,0.494393,0.080881,0.10718,0.055805
AAGCCGCTTTACCTTG-1,0.152839,0.71357,0.012731,0.013521,0.039526,0.067813
AAGCCGGAGAGCAGGA-1,0.000212,0.000635,0.000424,0.000212,0.000212,0.998306
AAGCGCAGGGCTTTGA-1,0.045367,0.156401,0.469575,0.041089,0.142393,0.145173
AAGCGGAGTGCGCGCA-1,0.113582,0.589397,0.105242,0.022603,0.128874,0.040303
AAGCGGCGTCATGGGT-1,0.087404,0.409694,0.314217,0.095326,0.056204,0.037156
AAGCGTCCCTCATCGA-1,0.0343,0.340042,0.227044,0.073284,0.192074,0.133256
AAGCTAGATCGAGTAA-1,0.045554,0.154017,0.590507,0.051946,0.047754,0.110223
AAGCTCGTGCCAAGTC-1,0.171957,0.101991,0.335418,0.144204,0.118874,0.127555
AAGCTCTTTCATGGTG-1,0.034671,0.112436,0.601397,0.120174,0.111542,0.01978
AAGGAGAACTTATAAG-1,0.114323,0.461153,0.14951,0.085135,0.021904,0.167975
AAGGAGCGGTTGGTGC-1,0.068876,0.773657,0.066715,0.057109,0.029191,0.004451
AAGGATCGATCGCTTG-1,0.00327,0.009811,0.006541,0.003271,0.003271,0.973837
AAGGATGAGGGACCTC-1,0.042318,0.512956,0.300969,0.043567,0.05962,0.040571
AAGGCAGGCTGTCTCC-1,0.000778,0.254939,0.001555,0.000778,0.000778,0.741174
AAGGCGCGTAAAGCTT-1,0.251071,0.677051,0.025055,0.042639,0.000882,0.003301
AAGGCTGTGCTCATCG-1,0.099145,0.346659,0.292539,0.208432,0.034845,0.01838
AAGGGAACGACTGGCT-1,0.001159,0.000145,0.976554,0.007199,0.012716,0.002227
AAGGGACAGATTCTGT-1,0.035982,0.454276,0.000185,0.000093,0.000093,0.509373
AAGGGACTATGCATTC-1,0.003675,0.320015,0.018237,0.010455,0.320976,0.326641
AAGGGTTAGCCATGCG-1,0.255834,0.474618,0.011042,0.000344,0.071772,0.18639
AAGGGTTTGATTTCAG-1,0.166078,0.119929,0.333401,0.268879,0.012794,0.098919
AAGGTATCCTAATATA-1,0.036866,0.4703,0.267471,0.092661,0.048089,0.084612
AAGGTGATAAACCAGC-1,0.064348,0.418912,0.15465,0.026637,0.074646,0.260806
AAGTAGAAGACCGGGT-1,0.125974,0.427835,0.302544,0.06695,0.038025,0.038673
AAGTAGTGACGCGAGG-1,0.075408,0.18656,0.031724,0.041061,0.65502,0.010226
AAGTCAATTGTCGTCA-1,0.000132,0.300425,0.000264,0.000132,0.089791,0.609255
AAGTCTAGTAGCTGCC-1,0.187105,0.435423,0.060703,0.111475,0.034781,0.170513
AAGTCTTCTGTGGCCT-1,0.074663,0.159192,0.177954,0.504092,0.011829,0.072269
AAGTGACGACCGAATT-1,0.260664,0.531942,0.074964,0.110756,0.00404,0.017634
AAGTGAGTCGGGTTTA-1,0.027874,0.577579,0.235351,0.041436,0.082203,0.035558
AAGTGCAAAGGTAGAC-1,0.121651,0.86353,0.000065,0.014389,0.000032,0.000333
AAGTGCCTTGACTGTA-1,0.002586,0.007757,0.005171,0.002586,0.002586,0.979313
AAGTGCGTTAGAATCT-1,0.179789,0.602829,0.143592,0.046818,0.007868,0.019104
AAGTGCTTCTCTATTG-1,0.050104,0.684069,0.139675,0.022792,0.065329,0.038031
AAGTGTTTGGAGACGG-1,0.046188,0.112456,0.37873,0.015165,0.286847,0.160613
AAGTTCACTCCAAGCT-1,0.229487,0.333999,0.214727,0.051165,0.114245,0.056377
AAGTTCAGTCTGCGTA-1,0.000083,0.000248,0.770768,0.000083,0.000083,0.228735
AAGTTCGGCCAACAGG-1,0.111467,0.504807,0.171551,0.063521,0.030528,0.118127
AAGTTGTGATGTTATA-1,0.107654,0.097687,0.47444,0.110725,0.046724,0.162769
AAGTTTACTAATGGCA-1,0.030335,0.96184,0.000057,0.000028,0.000028,0.007711
AAGTTTATGGGCCCAA-1,0.043052,0.186979,0.542398,0.038715,0.148142,0.040715
AATAACAACGCTCGGC-1,0.075778,0.137514,0.414292,0.287782,0.040362,0.044271
AATAACACTAGAACAA-1,0.088182,0.47114,0.257104,0.078594,0.049299,0.055682
AATAAGTCCTCGAGAC-1,0.135703,0.787103,0.000059,0.04595,0.008963,0.022223
AATAATCTTCGTATCG-1,0.000875,0.160466,0.001751,0.000875,0.000876,0.835156
AATACAATGTTTCAGG-1,0.076452,0.922136,0.000089,0.000163,0.000044,0.001116
AATACCGGAGGGCTGT-1,0.087161,0.446237,0.227535,0.032408,0.149033,0.057626
AATAGAACAGAGTGGC-1,0.163126,0.376762,0.319001,0.069451,0.062337,0.009322
AATAGAATCTGTTTCA-1,0.256481,0.385633,0.259567,0.042749,0.037111,0.018459
AATAGCAAGCCTCCTG-1,0.132625,0.386591,0.222518,0.092671,0.123876,0.041719
AATAGCTACCGCGTGC-1,0.06113,0.563994,0.2822,0.037244,0.031174,0.024259
AATAGTCCGTCCCGAC-1,0.054701,0.162184,0.561959,0.106329,0.054595,0.060233
AATAGTCGCGAGTCGG-1,0.131939,0.771053,0.034756,0.041885,0.003279,0.017088
AATATCAAGGTCGGAT-1,0.054563,0.099733,0.470922,0.218116,0.018231,0.138434
AATATCCTAGCAAACT-1,0.448711,0.424554,0.009856,0.084561,0.000024,0.032294
AATATCGAATCAATGC-1,0.002138,0.532278,0.004276,0.002138,0.002138,0.457031
AATATCGAGGGTTCTC-1,0.001483,0.004448,0.002965,0.001482,0.001483,0.98814
AATATTGGAGTATTGA-1,0.081014,0.615398,0.077468,0.121302,0.06549,0.039328
AATCAGACTGCAGGAC-1,0.177639,0.57158,0.049112,0.103937,0.011226,0.086506
AATCAGGTTTCATTTA-1,0.038746,0.238365,0.451648,0.04014,0.181801,0.0493
AATCATGTAAAGACTC-1,0.045259,0.466793,0.288409,0.146764,0.030487,0.022288
AATCCAAGGGCCTGAG-1,0.031248,0.075866,0.645729,0.042551,0.089302,0.115304
AATCCATGCAAGGGTG-1,0.136249,0.032391,0.213867,0.241624,0.000076,0.375793
AATCGCCTCAGCGCCA-1,0.064501,0.214028,0.529597,0.132092,0.033765,0.026017
AATCGCGCAGAGGACT-1,0.003005,0.009015,0.006009,0.003005,0.003005,0.975962
AATCGGGACACTACGA-1,0.000477,0.026678,0.816125,0.043483,0.025325,0.087912
AATCGGTATAGCCCTC-1,0.019185,0.029414,0.563468,0.048953,0.044294,0.294686
AATCGTGAGCCGAGCA-1,0.288997,0.142236,0.338746,0.066088,0.046148,0.117785
AATCTAGGTTTACTTG-1,0.479392,0.11105,0.149288,0.201535,0.034557,0.024178
AATCTATGCCGGAGCC-1,0.037552,0.050486,0.420417,0.183113,0.039404,0.269028
AATCTCTACTGTGGTT-1,0.104916,0.340537,0.066782,0.444154,0.01168,0.03193
AATCTGCGTTGGGACG-1,0.006541,0.019621,0.013083,0.006541,0.006541,0.947672
AATCTGGCTTTCTAGT-1,0.469747,0.193943,0.109961,0.105343,0.024565,0.09644
AATCTGGGTAGACCCT-1,0.220831,0.61715,0.031003,0.038801,0.022159,0.070056
AATGACAGCAATGTCT-1,0.077362,0.726899,0.006119,0.024167,0.046245,0.119207
AATGACGTAGGATGTC-1,0.102519,0.105625,0.649891,0.082235,0.014107,0.045623
AATGACTGTCAGCCGG-1,0.102622,0.380456,0.222909,0.18622,0.06772,0.040072
AATGAGTTCGCATATG-1,0.127446,0.201122,0.14121,0.473309,0.002822,0.054091
AATGATGATACGCTAT-1,0.036036,0.255817,0.386918,0.064845,0.182158,0.074226
AATGATGCGACTCCTG-1,0.005178,0.732688,0.003863,0.000051,0.13,0.12822
AATGCAACCGGGTACC-1,0.183147,0.595944,0.166967,0.03148,0.011444,0.011019
AATGCACCAAGCAATG-1,0.041855,0.619765,0.062821,0.094377,0.045755,0.135427
AATGGTCCACCGTTCA-1,0.10246,0.754106,0.08462,0.058764,0.000025,0.000025
AATGGTTCTCACAAGC-1,0.016246,0.888222,0.000071,0.000036,0.000036,0.095389
AATGTATGGCACTGTA-1,0.113092,0.686894,0.059231,0.047758,0.075638,0.017388
AATGTGCCCGAGGTGT-1,0.031466,0.159572,0.37966,0.131892,0.120232,0.177177
AATGTGCTAATCTGAG-1,0.013571,0.056741,0.738582,0.040316,0.127993,0.022797
AATGTTGTCGTGAGAC-1,0.154947,0.645297,0.051188,0.088088,0.01107,0.049409
AATTAAAGGTCGGCGT-1,0.132581,0.41147,0.154433,0.045619,0.018875,0.237022
AATTAACGGATTTCCA-1,0.011055,0.254062,0.508759,0.041945,0.137497,0.046682
AATTACGAGACCCATC-1,0.084904,0.464419,0.061753,0.042413,0.283002,0.063509
AATTACTCGTACGCTC-1,0.001049,0.003147,0.002098,0.001049,0.001049,0.991608
AATTAGCGCTGCAGCG-1,0.024842,0.879174,0.032697,0.006877,0.048482,0.007928
AATTCATAAGGGATCT-1,0.0055,0.196897,0.40941,0.050652,0.119762,0.217779
AATTCATTGTCATGCA-1,0.117031,0.563429,0.125533,0.058521,0.113738,0.021747
AATTCCAACTTGGTGA-1,0.000458,0.001373,0.000915,0.000458,0.000458,0.996339
AATTCCAAGCATGTAC-1,0.095237,0.5699,0.158905,0.104355,0.042072,0.029532
AATTCGATTCGAGGAT-1,0.037806,0.646505,0.14004,0.030018,0.071072,0.074559
AATTCTAGAGTTAGGC-1,0.036151,0.65521,0.140661,0.032977,0.074974,0.060026
AATTGAACGCTCTGGT-1,0.222206,0.102992,0.426294,0.221468,0.021951,0.005089
AATTGCAGCAATCGAC-1,0.056981,0.458864,0.277593,0.065875,0.050114,0.090573
AATTGCGTGGATTACA-1,0.103302,0.680165,0.077623,0.066,0.059696,0.013213
AATTGTGGTTGCCAAA-1,0.000244,0.538257,0.000489,0.000244,0.000244,0.460521
AATTTGGGACATAGTA-1,0.156208,0.512429,0.070668,0.036562,0.192525,0.031608
AATTTGGTTCCAAAGA-1,0.140971,0.840987,0.000055,0.016937,0.000028,0.001022
ACAAACCATGCGTCCT-1,0.153269,0.382179,0.261448,0.092902,0.077096,0.033106
ACAAAGCATGACCTAG-1,0.18327,0.743382,0.033163,0.02867,0.007846,0.003669
ACAAATCGCACCGAAT-1,0.12729,0.652353,0.065591,0.079502,0.025026,0.050237
ACAAATGGTAGTGTTT-1,0.145436,0.465077,0.196757,0.162851,0.010099,0.019779
ACAAATTCAGATCTGA-1,0.079353,0.415518,0.233562,0.177611,0.051623,0.042332
ACAACAGCATGAGCTA-1,0.042628,0.119674,0.435761,0.029328,0.356459,0.016149
ACAACGGTCCCTGCGA-1,0.267176,0.539188,0.048765,0.058199,0.005126,0.081546
ACAAGCAGTGCCTAGC-1,0.134313,0.14361,0.323214,0.369177,0.0029,0.026786
ACAAGCTATATGGAAG-1,0.202606,0.540094,0.044292,0.155975,0.008275,0.048759
ACAAGGAAATCCGCCC-1,0.17042,0.359393,0.241801,0.136856,0.029908,0.061622
ACAAGGACAAGAGGTT-1,0.004734,0.00107,0.875678,0.088882,0.001159,0.028477
ACAAGGATGCTTTAGG-1,0.455233,0.090596,0.285899,0.12872,0.017989,0.021564
ACAAGGGCAGGCTCTG-1,0.066716,0.128912,0.41701,0.335869,0.005532,0.045962
ACAATAGTCGTACGTT-1,0.237563,0.558891,0.055978,0.099588,0.016461,0.031518
ACAATCCATTTAAACC-1,0.07533,0.797236,0.016413,0.071744,0.023565,0.015712
ACAATCGATCTTTATA-1,0.008566,0.291517,0.023815,0.000057,0.157087,0.518958
ACAATGAATACGGAGA-1,0.030512,0.242074,0.449235,0.07247,0.116532,0.089177
ACAATGATTCTTCTAC-1,0.020097,0.636263,0.116708,0.04896,0.128762,0.04921
ACAATTGTGTCTCTTT-1,0.020568,0.320168,0.286151,0.062109,0.226629,0.084374
ACAATTTAGGAGGCTC-1,0.268921,0.4147,0.131945,0.154134,0.000255,0.030046
ACAATTTGAGCAGTGG-1,0.054608,0.114104,0.426536,0.042704,0.20649,0.155558
ACAATTTGGCCATATT-1,0.001737,0.294806,0.003475,0.001737,0.001737,0.696508
ACACAAAGACGGGTGG-1,0.084645,0.459426,0.292615,0.09073,0.05563,0.016954
ACACAAATATTCCTAG-1,0.016313,0.820785,0.000055,0.000366,0.007111,0.155369
ACACACCAGGACCAGT-1,0.032069,0.680233,0.000105,0.000052,0.042751,0.24479
ACACACTTTCTACACG-1,0.129566,0.376435,0.198291,0.133632,0.019368,0.142708
ACACATGATCAAATCT-1,0.071477,0.151882,0.574724,0.121275,0.027488,0.053154
ACACATTGACGCAACA-1,0.001146,0.245076,0.002292,0.001146,0.001146,0.749193
ACACCACATAATTAGC-1,0.382174,0.32979,0.020973,0.022482,0.067573,0.177008
ACACCCAGCATGCAGC-1,0.114366,0.295858,0.333504,0.188099,0.008064,0.060109
ACACCCGAGAAATCCG-1,0.105734,0.107433,0.489618,0.205656,0.024758,0.066801
ACACCGAGCGCTCTTT-1,0.003587,0.010761,0.007174,0.003587,0.003587,0.971305
ACACCGGTCTGACCGC-1,0.098869,0.125367,0.478715,0.158158,0.114028,0.024863
ACACCTTAAGTAGGGC-1,0.264453,0.464712,0.120842,0.064635,0.034639,0.05072
ACACCTTACTACTTGC-1,0.003587,0.010762,0.007173,0.003587,0.003587,0.971305
ACACGAGACTCCTTCT-1,0.019803,0.258837,0.550268,0.040688,0.095789,0.034615
ACACGGCACTATGCAT-1,0.133642,0.297056,0.256596,0.019405,0.207946,0.085355
ACACGGGAACTTAGGG-1,0.009941,0.067407,0.752816,0.052153,0.106945,0.010738
ACACGTAGGCCACAAG-1,0.083705,0.301204,0.307641,0.135503,0.109579,0.062369
ACACTCCAATGTCACT-1,0.027392,0.008421,0.50483,0.450629,0.000015,0.008714
ACACTGATCAAGGTGT-1,0.058739,0.625176,0.048426,0.064134,0.157757,0.045768
ACACTGGGACAGTCGT-1,0.149486,0.065435,0.088616,0.083312,0.103846,0.509304
ACAGAACTGAGAACAA-1,0.158327,0.803824,0.002727,0.010022,0.008526,0.016572
ACAGATTAGGTTAGTG-1,0.058426,0.673587,0.070077,0.081525,0.010105,0.106281
ACAGCATAGAGCCAGT-1,0.09977,0.20563,0.296628,0.023921,0.047923,0.326128
ACAGCGACATTCTCAT-1,0.022226,0.0887,0.650457,0.084125,0.057533,0.096959
ACAGCGCACCCGCAGC-1,0.094115,0.266639,0.348952,0.02148,0.170098,0.098716
ACAGGAGGCGCAGCCG-1,0.002851,0.008553,0.005702,0.002851,0.002851,0.977193
ACAGGCACGGATCCTT-1,0.096471,0.342072,0.224908,0.078894,0.105019,0.152636
ACAGGCTTGCCCGACT-1,0.072913,0.573664,0.174839,0.033355,0.067096,0.078133
ACAGGTGGAGGTGAGG-1,0.044543,0.388121,0.248037,0.192914,0.092321,0.034064
ACAGGTGTGTTGTTGC-1,0.14909,0.252694,0.099385,0.492091,0.001951,0.004789
ACAGTAATACAACTTG-1,0.170921,0.81584,0.00005,0.01314,0.000025,0.000025
ACAGTATACCGTGGGA-1,0.13777,0.238052,0.210801,0.052133,0.298913,0.062331
ACATAAGTCGTGGTGA-1,0.109568,0.341591,0.270471,0.161662,0.084865,0.031844
ACATAATAAGGCGGTG-1,0.069795,0.68511,0.171601,0.041783,0.011005,0.020705
ACATCAGCTGGGACGC-1,0.124875,0.126144,0.256972,0.478048,0.000246,0.013715
ACATCCCGGCCATACG-1,0.058876,0.515749,0.079367,0.019602,0.239224,0.087182
ACATCCTGGTAACTGT-1,0.000875,0.002627,0.001751,0.000875,0.000876,0.992996
ACATCGATCGTTTACC-1,0.030685,0.321487,0.024297,0.001147,0.577902,0.044482
ACATCGGTCAGCCGCG-1,0.107436,0.857174,0.009126,0.015123,0.007991,0.003149
ACATCGTATGCAATGG-1,0.143111,0.411405,0.2214,0.140803,0.074823,0.008458
ACATCGTTAACCTAGT-1,0.331257,0.336526,0.04944,0.091137,0.023635,0.168005
ACATCTCAACGCGTAA-1,0.273984,0.18261,0.158621,0.199009,0.006501,0.179274
ACATGGCGCCAAAGTA-1,0.002138,0.717603,0.004276,0.002138,0.002138,0.271706
ACATGGCTCAATTTAG-1,0.000167,0.094752,0.000335,0.000167,0.000167,0.904411
ACATTAGTTTATATCC-1,0.072167,0.54094,0.217262,0.018372,0.043473,0.107786
ACATTTGAAACCTAAC-1,0.005341,0.115461,0.34589,0.01279,0.320809,0.199709
ACCAAACACCCAGCGA-1,0.054819,0.520528,0.209978,0.048691,0.051174,0.114809
ACCAAACTAGAAATCC-1,0.349487,0.494453,0.017584,0.022745,0.008195,0.107536
ACCAACACCACACACT-1,0.044573,0.169434,0.515143,0.103374,0.073579,0.093897
ACCAACCGCACTCCAC-1,0.133779,0.447937,0.242048,0.035144,0.097606,0.043486
ACCAACGCTTATTTAT-1,0.000015,0.000046,0.003271,0.000015,0.996636,0.000015
ACCAAGAACGCGTGTC-1,0.047177,0.684433,0.118925,0.043274,0.062538,0.043654
ACCAAGTCATCGGCAG-1,0.340761,0.350602,0.045391,0.119575,0.050249,0.093421
ACCAATATGCAAGTTA-1,0.06148,0.47429,0.344502,0.060489,0.033841,0.025398
ACCACAACTCAGAACA-1,0.106383,0.179213,0.399607,0.208912,0.053597,0.052288
ACCACAAGTTTCTATC-1,0.047296,0.730214,0.116812,0.059475,0.005808,0.040395
ACCACCAATGTAACAA-1,0.004118,0.012354,0.008236,0.004118,0.004119,0.967055
ACCACCCTCTCTTCTA-1,0.13151,0.138538,0.443867,0.182566,0.023658,0.079861
ACCACGTGCAGCTATA-1,0.019123,0.750818,0.000663,0.001363,0.074599,0.153434
ACCACTGTTCAAGAAG-1,0.002471,0.007413,0.004941,0.002471,0.002471,0.980234
ACCAGACCATAACAAC-1,0.146382,0.146397,0.292225,0.303143,0.026691,0.085163
ACCAGCCCGGTCTTTG-1,0.146713,0.235419,0.274033,0.290109,0.03946,0.014266
ACCAGGAGTGTGATCT-1,0.135106,0.408803,0.272737,0.149718,0.015844,0.017792
ACCAGTGCCCGGTCAA-1,0.223948,0.326041,0.226327,0.089514,0.027509,0.106661
ACCAGTGCGGGAGACG-1,0.015163,0.616378,0.005044,0.001963,0.006716,0.354737
ACCATATCCGCAATAA-1,0.14517,0.423251,0.15148,0.070777,0.099041,0.110281
ACCATCCGCCAACTAG-1,0.15668,0.536059,0.029567,0.066573,0.036602,0.17452
ACCATCGTATATGGTA-1,0.096551,0.504911,0.115654,0.161887,0.035858,0.08514
ACCATTAAGGGTGTCA-1,0.002366,0.477556,0.004731,0.002365,0.002365,0.510616
ACCCAACGCCCGTGGC-1,0.007623,0.471205,0.141355,0.011383,0.114889,0.253546
ACCCACCTACATGCTC-1,0.347046,0.45427,0.008384,0.150597,0.000069,0.039635
ACCCATCTTGAGGGTA-1,0.031431,0.058876,0.550372,0.204854,0.080238,0.07423
ACCCATTTGTCCCTCT-1,0.021263,0.602693,0.081495,0.069086,0.064747,0.160716
ACCCGAGCGAAATTAC-1,0.052363,0.644217,0.073853,0.026947,0.112687,0.089933
ACCCGATTGGTTCCGA-1,0.050258,0.170016,0.645707,0.040436,0.072074,0.021509
ACCCGGAAACTCCCAG-1,0.129989,0.214036,0.381,0.150402,0.080336,0.044237
ACCCGGAGCACCACAA-1,0.000307,0.000921,0.000614,0.000307,0.000307,0.997543
ACCCGGATGACGCATC-1,0.003369,0.010108,0.006739,0.003369,0.003369,0.973045
ACCCGGTTACACTTCC-1,0.078576,0.410547,0.18847,0.212372,0.048349,0.061685
ACCCGTAGTCTAGTTG-1,0.008818,0.677587,0.000111,0.000055,0.007364,0.306065
ACCCGTGTCATCAGTA-1,0.120459,0.309507,0.394644,0.097978,0.03575,0.041662
ACCCTATAGGACTGAG-1,0.166179,0.736835,0.005294,0.050974,0.000035,0.040684
ACCCTATGCCATATCG-1,0.065522,0.265139,0.499318,0.099594,0.047447,0.022981
ACCCTCCCGTCAGGGC-1,0.103201,0.365906,0.305478,0.088358,0.070211,0.066846
ACCCTCCCTTGCTATT-1,0.123136,0.611595,0.152634,0.037315,0.017748,0.057574
ACCCTGGTAACGCCCT-1,0.150992,0.218388,0.321799,0.095043,0.012472,0.201307
ACCCTTCATCTGCGAA-1,0.054177,0.461357,0.199586,0.190695,0.039453,0.054733
ACCCTTGCCTGGGTCG-1,0.095365,0.694938,0.000114,0.009504,0.082179,0.1179
ACCCTTTAGTTCTCCA-1,0.214684,0.429032,0.113245,0.09881,0.033357,0.110872
ACCGAAAGGGCCCTGC-1,0.061079,0.282601,0.350392,0.131878,0.029905,0.144144
ACCGAAGAGTCTGGTT-1,0.057407,0.161447,0.486228,0.135187,0.118519,0.041211
ACCGACACATCTCCCA-1,0.023558,0.168722,0.591917,0.056663,0.114246,0.044894
ACCGACTGAGTCCCAC-1,0.019154,0.041892,0.728048,0.027316,0.161556,0.022035
ACCGAGTCTCCTTATT-1,0.156467,0.683679,0.075516,0.01001,0.048217,0.026112
ACCGATAGGCATAACC-1,0.102531,0.355954,0.040615,0.034672,0.237239,0.228989
ACCGATATTTAATCAT-1,0.000628,0.001885,0.001256,0.000628,0.000628,0.994975
ACCGATGGTAGCATCG-1,0.004835,0.014505,0.009667,0.004834,0.004834,0.961325
ACCGCAATAACTGCCT-1,0.229092,0.376223,0.118074,0.177234,0.030673,0.068703
ACCGCGGTGGAAGTCG-1,0.003475,0.010425,0.006949,0.003475,0.003475,0.972201
ACCGGGCCTTTGTTGA-1,0.023344,0.86434,0.027413,0.000042,0.027504,0.057357
ACCGGTCAGGTACACC-1,0.106428,0.784333,0.028652,0.036327,0.030453,0.013807
ACCGGTCTGAGTACGG-1,0.079626,0.290066,0.406003,0.11387,0.046903,0.063532
ACCGTCCACTGGGCCC-1,0.080369,0.020769,0.652611,0.232129,0.007144,0.006978
ACCGTGACCACGTGGG-1,0.060602,0.430249,0.148507,0.036531,0.297947,0.026165
ACCGTTCCCGCTCTGA-1,0.074281,0.207407,0.000128,0.012623,0.005376,0.700186
ACCTAAGTACCTTTCA-1,0.100663,0.291598,0.172595,0.131545,0.132312,0.171287
ACCTAATCGACTTCCT-1,0.057237,0.840556,0.012824,0.042108,0.009405,0.037868
ACCTACAGTATGTGGT-1,0.002316,0.006949,0.004633,0.002316,0.002316,0.981469
ACCTACTATAAATCTA-1,0.11118,0.421258,0.275799,0.154413,0.023477,0.013872
ACCTCCGCCCTCGCTG-1,0.09242,0.259722,0.288933,0.087758,0.178022,0.093146
ACCTCCGTTATTCACC-1,0.000818,0.648256,0.001635,0.000818,0.180272,0.168201
ACCTCGAACTTATGCT-1,0.081374,0.18158,0.317562,0.267109,0.087737,0.064638
ACCTGCGTGTCATGTT-1,0.104938,0.21357,0.372197,0.26921,0.008126,0.031958
ACGACCCATGAGTTGC-1,0.000167,0.14137,0.000334,0.000167,0.000167,0.857794
ACGACTCTAGGGCCGA-1,0.012295,0.147215,0.442967,0.01412,0.309376,0.074028
ACGACTGGTCATACTC-1,0.053844,0.081197,0.772981,0.03355,0.047204,0.011223
ACGAGAACCCATCACG-1,0.254808,0.531186,0.026366,0.087153,0.030984,0.069503
ACGAGATATTTGCTTA-1,0.225968,0.458646,0.104459,0.166509,0.019207,0.025211
ACGAGGATACCACTCT-1,0.444341,0.190637,0.082743,0.109287,0.068708,0.104283
ACGAGGTTTACAACGT-1,0.135712,0.227931,0.407296,0.196819,0.011826,0.020417
ACGAGTACGGATGCCC-1,0.005294,0.015884,0.010589,0.005294,0.005295,0.957644
ACGAGTCGCCGGCGTT-1,0.000713,0.446541,0.001425,0.000713,0.000713,0.549895
ACGATACATAGAACTA-1,0.094635,0.304206,0.433706,0.089762,0.031811,0.045881
ACGATACCTATCCTGA-1,0.284338,0.13021,0.196463,0.311735,0.006846,0.070408
ACGATCATACATAGAG-1,0.03189,0.839409,0.038777,0.019753,0.044208,0.025963
ACGATCATCTTGTAAA-1,0.003587,0.978478,0.007174,0.003587,0.003587,0.003587
ACGATGCATATGTTAT-1,0.000143,0.608201,0.000287,0.000143,0.000143,0.391082
ACGATGGATCCGATGC-1,0.000013,0.00004,0.490553,0.007522,0.501858,0.000013
ACGCAAACTAATAGAT-1,0.060946,0.602917,0.067042,0.037779,0.081557,0.149759
ACGCAATCACTACAGC-1,0.023368,0.260805,0.217639,0.370615,0.045075,0.082498
ACGCATAAATGACATG-1,0.022819,0.651604,0.061881,0.022973,0.051862,0.188861
ACGCATACGTTTACTA-1,0.114994,0.286067,0.196341,0.072779,0.271733,0.058085
ACGCATTCGTGAGTAC-1,0.103715,0.302061,0.436613,0.100722,0.017742,0.039147
ACGCCAGATGATTTCT-1,0.002285,0.21301,0.296128,0.027403,0.088517,0.372657
ACGCCAGTGCGTTTGC-1,0.242898,0.403921,0.098921,0.222085,0.019312,0.012863
ACGCCCAGCTGTCGAT-1,0.148331,0.846281,0.000067,0.005254,0.000033,0.000033
ACGCCGCTAGACGACC-1,0.082271,0.546413,0.246959,0.024081,0.077456,0.02282
ACGCCTGACACGCGCT-1,0.00139,0.00417,0.00278,0.00139,0.293967,0.696304
ACGCGAAGTCAGACGA-1,0.038117,0.277397,0.464591,0.136822,0.053564,0.029508
ACGCGCTACACAGGGT-1,0.180778,0.259683,0.2039,0.340145,0.006274,0.00922
ACGCGGGCCAAGGACA-1,0.079908,0.876489,0.009784,0.01718,0.016223,0.000416
ACGCGTTTCTTAAGAG-1,0.238813,0.403355,0.081791,0.187319,0.007172,0.08155
ACGCTACTGAATGGGC-1,0.000243,0.785249,0.000067,0.000034,0.000034,0.214373
ACGCTAGTGATACACT-1,0.000635,0.577193,0.001271,0.000635,0.000635,0.41963
ACGCTGTGAGGCGTAG-1,0.133511,0.649163,0.02116,0.185497,0.009745,0.000926
ACGCTTAGTGTCTCTC-1,0.093909,0.069195,0.546743,0.231228,0.034731,0.024194
ACGGAACACGAGTGCC-1,0.20184,0.361745,0.150598,0.0414,0.039717,0.204701
ACGGAATTTAGCAAAT-1,0.158875,0.30143,0.189388,0.321014,0.007568,0.021725
ACGGACTCTCAAAGCG-1,0.120563,0.672767,0.154076,0.024965,0.016459,0.011171
ACGGAGCGCAAATTAC-1,0.066412,0.23823,0.526899,0.08964,0.053228,0.025592
ACGGATGGTGCGGATA-1,0.096778,0.239705,0.573009,0.062749,0.018041,0.009717
ACGGCACTTGCTTGGG-1,0.165549,0.447924,0.089425,0.127335,0.079481,0.090286
ACGGCCAACATGGACT-1,0.064023,0.478671,0.265063,0.051032,0.071319,0.069892
ACGGCGACGATGGGAA-1,0.1154,0.52977,0.178451,0.13492,0.004983,0.036476
ACGGCGGGTTGCCCTG-1,0.301749,0.486667,0.093899,0.074564,0.003354,0.039766
ACGGCTGGATGTAGAA-1,0.132828,0.324414,0.202462,0.181733,0.123609,0.034954
ACGGGAGTGTCGGCCC-1,0.103491,0.129324,0.586349,0.155549,0.007112,0.018175
ACGGGCGTATGCGACA-1,0.072443,0.6601,0.093017,0.087936,0.035922,0.050581
ACGGGTCATGTGACTT-1,0.079592,0.270508,0.000365,0.000182,0.000182,0.649171
ACGGTACAGTTCAATG-1,0.069894,0.321736,0.372242,0.027791,0.187403,0.020933
ACGTACAGATTTCTCT-1,0.124369,0.545832,0.127634,0.075118,0.036815,0.090232
ACGTACTTTGGCACGG-1,0.062754,0.20327,0.569387,0.052318,0.080947,0.031324
ACGTAGATTGCTGATG-1,0.000034,0.131844,0.593773,0.019531,0.068325,0.186492
ACGTAGGAGAGTCGCT-1,0.200199,0.243298,0.34039,0.143664,0.063466,0.008982
ACGTATTACTCCGATC-1,0.000142,0.459569,0.000285,0.000142,0.027365,0.512497
ACGTCTCGTTCCGGGA-1,0.017971,0.010667,0.529477,0.050004,0.250814,0.141067
ACGTGACAAAGTAAGT-1,0.077027,0.855554,0.003804,0.025695,0.020691,0.017229
ACGTGCGCCTCGTGCA-1,0.075068,0.326915,0.326829,0.192244,0.066207,0.012736
ACGTGGTCGAATGTGC-1,0.159781,0.176328,0.251873,0.328939,0.02217,0.06091
ACGTTAATGTCGAAGA-1,0.005868,0.051919,0.67478,0.018959,0.150178,0.098296
ACGTTAGATTTGCCCG-1,0.125526,0.521638,0.008196,0.046916,0.060133,0.23759
ACGTTATTGGTCACTC-1,0.194374,0.785644,0.0001,0.00184,0.00005,0.017992
ACGTTCCGCGCTCCGT-1,0.120061,0.766415,0.037792,0.063791,0.004056,0.007886
ACGTTCGCAATCAATT-1,0.000163,0.957111,0.000327,0.000163,0.022229,0.020007
ACGTTCGTTCAGGAAA-1,0.084742,0.505577,0.292101,0.050839,0.048197,0.018544
ACGTTCTGTACAAGTC-1,0.038156,0.57231,0.21465,0.015073,0.059919,0.099892
ACGTTTAGTTGTGATC-1,0.042886,0.606883,0.15225,0.047222,0.096114,0.054645
ACGTTTCGGTGCACTT-1,0.000088,0.426898,0.000176,0.000088,0.000088,0.572663
ACTAAGGACGCACACC-1,0.045368,0.433557,0.121974,0.09452,0.127447,0.177134
ACTAATACGTCAGGCG-1,0.161934,0.489385,0.225597,0.071881,0.043008,0.008195
ACTACAAAGAGAGGTG-1,0.022492,0.037837,0.741464,0.089306,0.086958,0.021944
ACTACATCCCGACAAG-1,0.01153,0.023505,0.796884,0.054047,0.033057,0.080976
ACTACCAGCTCTCTGG-1,0.200882,0.65029,0.010312,0.116902,0.012172,0.009441
ACTACGCGTTAGAATT-1,0.093867,0.29097,0.362904,0.057202,0.117579,0.077478
ACTAGTTGCGATCGTC-1,0.000306,0.958761,0.0001,0.00005,0.024312,0.016471
ACTATATGCTGTGTTC-1,0.163387,0.227709,0.449637,0.118914,0.028784,0.01157
ACTATCCAGGGCATGG-1,0.001049,0.003147,0.002098,0.001049,0.001049,0.991608
ACTATCGCCGGCTAAA-1,0.000708,0.181857,0.001416,0.000708,0.000708,0.814601
ACTATCTGCCCGCGTA-1,0.000473,0.211867,0.000946,0.000473,0.000473,0.785767
ACTATGTCCAGCTGCC-1,0.042449,0.176279,0.522013,0.1601,0.074386,0.024774
ACTATTCGTCCGTGGT-1,0.061733,0.445099,0.049744,0.05917,0.090286,0.293969
ACTATTTCCGGGCCCA-1,0.010326,0.227978,0.002812,0.003582,0.753204,0.0021
ACTCAACGAATGTATT-1,0.313131,0.46089,0.042895,0.097566,0.012288,0.07323
ACTCAAGTGCAAGGCT-1,0.261937,0.270547,0.254751,0.078724,0.065799,0.068242
ACTCAATAAAGGCACG-1,0.079962,0.346476,0.367587,0.09672,0.052566,0.056689
ACTCAGACCTGCTTCT-1,0.234106,0.5451,0.078597,0.106741,0.030563,0.004893
ACTCATGGCAGCCTTC-1,0.060371,0.280257,0.429216,0.099793,0.103112,0.027251
ACTCCAATATCATCAT-1,0.072313,0.209283,0.431612,0.043278,0.108636,0.134878
ACTCCCATTCCTAAAG-1,0.118573,0.856109,0.000046,0.021634,0.002284,0.001354
ACTCCCGAATTCGTTT-1,0.003177,0.00953,0.006354,0.003177,0.003177,0.974586
ACTCCCGTAGACTAGG-1,0.122833,0.821202,0.003462,0.014532,0.010549,0.027423
ACTCCCTAATGCTAAA-1,0.090973,0.200427,0.023995,0.045196,0.638954,0.000456
ACTCCCTAGAATAGTA-1,0.190999,0.28255,0.122859,0.167316,0.10132,0.134956
ACTCCGGCCGACCACT-1,0.29726,0.266501,0.19914,0.077016,0.048861,0.111221
ACTCGATGTATTTCAT-1,0.000548,0.269492,0.001095,0.000548,0.615521,0.112796
ACTCGCCGTTCGATAA-1,0.257161,0.289098,0.105251,0.077606,0.069029,0.201855
ACTCGCGATCTGACGC-1,0.042866,0.271967,0.228818,0.149022,0.025288,0.282038
ACTCGTAACCCGTCCT-1,0.260898,0.599536,0.064554,0.060678,0.014315,0.000019
ACTCGTCAGTAATCCC-1,0.000108,0.606212,0.10618,0.000108,0.005528,0.281865
ACTCTAAACCTGGGAT-1,0.001483,0.539414,0.002965,0.001482,0.001482,0.453174
ACTCTCTGACTTAGGT-1,0.055142,0.363745,0.422392,0.132225,0.014929,0.011566
ACTCTCTTATACACGA-1,0.205002,0.490857,0.099018,0.13802,0.038749,0.028354
ACTCTGACCTAATAGA-1,0.111134,0.503412,0.163199,0.057306,0.06022,0.104729
ACTCTTCAGCTCCCGC-1,0.000434,0.719039,0.000869,0.000434,0.000434,0.27879
ACTCTTGTATAGTAAC-1,0.042772,0.149855,0.439914,0.050104,0.276779,0.040577
ACTGAAACGCCGTTAG-1,0.249476,0.416836,0.092404,0.132161,0.043734,0.06539
ACTGAATGGCGAAAGT-1,0.036319,0.24292,0.487173,0.110997,0.038787,0.083803
ACTGATTTAGTGATTC-1,0.085153,0.509102,0.196272,0.107404,0.075751,0.026319
ACTGCCCGCCATTCTC-1,0.057287,0.200402,0.344627,0.079111,0.296178,0.022394
ACTGCCGTCGTAACTC-1,0.048926,0.916389,0.000093,0.00524,0.000047,0.029304
ACTGCGGACACACCGT-1,0.00502,0.520582,0.000167,0.000084,0.000084,0.474064
ACTGCTCGGAAGGATG-1,0.135728,0.275243,0.181467,0.392931,0.002283,0.012348
ACTGGCGAACCTGCGT-1,0.042127,0.746563,0.065749,0.064622,0.03005,0.050889
ACTGTACGATACACAT-1,0.056679,0.551623,0.210866,0.017106,0.104605,0.059121
ACTGTAGCACTTTGGA-1,0.058898,0.248333,0.000153,0.023443,0.000076,0.669097
ACTGTATACGCGAGCA-1,0.154457,0.766917,0.005935,0.049414,0.010316,0.012961
ACTGTCCAGGATTATA-1,0.064051,0.190589,0.614216,0.070146,0.051052,0.009946
ACTGTCTTCTTTAGAA-1,0.096708,0.28909,0.52698,0.068704,0.015214,0.003304
ACTGTGCTAGTAGATC-1,0.247083,0.319761,0.14122,0.278199,0.00197,0.011769
ACTGTTTAGTGTAGGC-1,0.189425,0.785178,0.000093,0.005651,0.000046,0.019606
ACTTACCGGGCGCGCA-1,0.092171,0.133969,0.454763,0.081905,0.161544,0.075648
ACTTACGCATCCACGC-1,0.203299,0.426641,0.090816,0.012452,0.105854,0.160939
ACTTAGTACGACAAGA-1,0.267691,0.363892,0.085513,0.27607,0.003053,0.003782
ACTTATACTTACCCGG-1,0.000346,0.487637,0.000693,0.000346,0.000346,0.510631
ACTTATCTGATCTATA-1,0.263029,0.117838,0.209563,0.334762,0.038066,0.036742
ACTTATTAGGATCGGT-1,0.032957,0.499057,0.165134,0.139541,0.059665,0.103645
ACTTATTTATGTGCCA-1,0.132586,0.631889,0.083416,0.058496,0.035238,0.058375
ACTTCAGGCTGATCCC-1,0.075471,0.319334,0.32157,0.155633,0.008947,0.119046
ACTTCCAGTGGAAGCT-1,0.03929,0.190347,0.100248,0.157467,0.059091,0.453556
ACTTCCATGCGGGACA-1,0.08296,0.674736,0.080163,0.02552,0.117076,0.019544
ACTTCGCCATACGCAC-1,0.000078,0.000235,0.000157,0.000078,0.004948,0.994504
ACTTCGCTAGCGAGTG-1,0.220004,0.409468,0.176579,0.146818,0.01121,0.03592
ACTTGACTCCCTCTTT-1,0.099783,0.525225,0.247418,0.077479,0.012985,0.037111
ACTTGCCATATTGTAC-1,0.037059,0.069369,0.583592,0.138281,0.016042,0.155655
ACTTGCTCTATCTACC-1,0.166139,0.307798,0.218212,0.139595,0.080235,0.088021
ACTTGGGACCCGGTGG-1,0.037387,0.149737,0.243343,0.286962,0.058076,0.224495
ACTTGTAGTCCCTTCA-1,0.094112,0.844559,0.000062,0.019927,0.000031,0.041309
ACTTGTGGATGGAACG-1,0.052366,0.515292,0.000212,0.000106,0.03815,0.393874
ACTTTACCCTCATGAA-1,0.039241,0.791369,0.000263,0.000131,0.000131,0.168865
ACTTTCCTATAGCTTC-1,0.059675,0.541116,0.270164,0.049987,0.072326,0.006731
ACTTTGACTGCATCCT-1,0.096997,0.147667,0.673298,0.062425,0.010422,0.009191
