Barcode,Topic 1,Topic 2,Topic 3to5,Topic 6to8
AAACAACGAATAGTTC-1,0.000038,0.00787,0.383693,0.608399
AAACAAGTATCTCCCA-1,0.001597,0.032797,0.51821,0.447396
AAACAATCTACTAGCA-1,0.032653,0.000034,0.354747,0.612566
AAACACCAATAACTGC-1,0.124404,0.26029,0.614909,0.000398
AAACAGAGCGACTCCT-1,0.092472,0.324878,0.494419,0.088232
AAACAGCTTTCAGAAG-1,0.728064,0.271576,0.00018,0.00018
AAACAGGGTCTATATT-1,0.288555,0.644141,0.067,0.000304
AAACAGTGTTCCTGGG-1,0.000053,0.002821,0.830891,0.166234
AAACATGGTGAGAGGA-1,0.581765,0.416463,0.001551,0.000221
AAACATTTCCCGGATT-1,0.088429,0.012652,0.434674,0.464244
AAACCACTACACAGAT-1,0.156527,0.000039,0.505095,0.338339
AAACCCGAACGAAATC-1,0.005228,0.052527,0.201453,0.740791
AAACCGGAAATGTTAA-1,0.16216,0.012447,0.477629,0.347765
AAACCGGGTAGGTACC-1,0.34389,0.588343,0.000779,0.066987
AAACCGTTCGTCCAGG-1,0.000703,0.751447,0.245739,0.00211
AAACCTAAGCAGCCGG-1,0.059271,0.033648,0.643007,0.264075
AAACCTCATGAAGTTG-1,0.000137,0.907047,0.092406,0.00041
AAACGAAGAACATACC-1,0.039335,0.02436,0.63491,0.301394
AAACGAAGATGGAGTA-1,0.379748,0.61211,0.007909,0.000233
AAACGACAGTCTTGCC-1,0.013715,0.089509,0.603646,0.293129
AAACGAGACGGTTGAT-1,0.028517,0.043914,0.256932,0.670638
AAACGCCCGAGATCGG-1,0.001008,0.048786,0.419694,0.530512
AAACGCTGGGCACGAC-1,0.000041,0.048174,0.919363,0.032422
AAACGGGCGTACGGGT-1,0.130622,0.000035,0.13147,0.737872
AAACGGGTTGGTATCC-1,0.000056,0.008195,0.484157,0.507591
AAACGGTTGCGAACTG-1,0.000056,0.000056,0.665535,0.334354
AAACGTGTTCGCCCTA-1,0.143211,0.055716,0.312299,0.488773
AAACTAACGTGGCGAC-1,0.000027,0.018911,0.049468,0.931594
AAACTCGGTTCGCAAT-1,0.014987,0.000044,0.15832,0.826649
AAACTCGTGATATAAG-1,0.274045,0.725192,0.000381,0.000381
AAACTGCTGGCTCCAA-1,0.000066,0.000066,0.583655,0.416213
AAACTTAATTGCACGC-1,0.16457,0.834927,0.000252,0.000252
AAACTTGCAAACGTAT-1,0.568288,0.299447,0.110387,0.021879
AAAGAATGACCTTAGA-1,0.500911,0.481444,0.017499,0.000146
AAAGAATGTGGACTAA-1,0.000055,0.002415,0.742589,0.254942
AAAGACATGAAGTTTA-1,0.009826,0.008177,0.878272,0.103725
AAAGACCCAAGTCGCG-1,0.089093,0.009951,0.769565,0.131391
AAAGACTGGGCGCTTT-1,0.362929,0.51993,0.000494,0.116646
AAAGCTTGCCTACATA-1,0.706843,0.289579,0.001789,0.001789
AAAGGCCCTATAATAC-1,0.081538,0.721448,0.055774,0.141241
AAAGGCTACGGACCAT-1,0.105707,0.000188,0.450286,0.443818
AAAGGCTCTCGCGCCG-1,0.000058,0.000058,0.297247,0.702638
AAAGGGATGTAGCAAG-1,0.084134,0.000071,0.203106,0.712689
AAAGGGCAGCTTGAAT-1,0.000067,0.081605,0.696529,0.221799
AAAGGTAAGCTGTACC-1,0.000071,0.013891,0.523616,0.462423
AAAGGTCAACGACATG-1,0.14795,0.001742,0.03898,0.811329
AAAGTAGCATTGCTCA-1,0.042539,0.023912,0.358146,0.575403
AAAGTCACTGATGTAA-1,0.000055,0.000055,0.469343,0.530547
AAAGTCGACCCTCAGT-1,0.306085,0.599967,0.060489,0.03346
AAAGTGCCATCAATTA-1,0.06705,0.066615,0.339223,0.527112
AAAGTGTGATTTATCT-1,0.000056,0.000056,0.248585,0.751303
AAAGTTGACTCCCGTA-1,0.004869,0.000042,0.175237,0.819853
AAATAACCATACGGGA-1,0.720462,0.219765,0.059635,0.000137
AAATAAGGTAGTGCCC-1,0.459673,0.456881,0.083228,0.000218
AAATACCTATAAGCAT-1,0.070558,0.00431,0.63198,0.293153
AAATAGCTTAGACTTT-1,0.388823,0.486184,0.117987,0.007006
AAATAGGGTGCTATTG-1,0.000037,0.000037,0.298112,0.701813
AAATCACTCCTAAACG-1,0.040843,0.081899,0.000118,0.87714
AAATCCGATACACGCC-1,0.000031,0.000031,0.17018,0.829757
AAATCGCGGAAGGAGT-1,0.636901,0.210068,0.000144,0.152887
AAATCGTGTACCACAA-1,0.000041,0.000041,0.116994,0.882925
AAATCTAGCCCTGCTA-1,0.197456,0.052074,0.197394,0.553076
AAATCTGCCCGCGTCC-1,0.504561,0.280641,0.006907,0.207891
AAATGACTGATCAAAC-1,0.000056,0.014468,0.820333,0.165144
AAATGATTCGATCAGC-1,0.587832,0.335487,0.000269,0.076412
AAATGCTCGTTACGTT-1,0.00007,0.00007,0.409057,0.590803
AAATGGCATGTCTTGT-1,0.639849,0.004975,0.084841,0.270335
AAATGGCCCGTGCCCT-1,0.020659,0.628874,0.268497,0.08197
AAATGGTCAATGTGCC-1,0.000069,0.019631,0.21305,0.76725
AAATGTATCTTATCCC-1,0.386731,0.60953,0.001869,0.001869
AAATGTGGGTGCTCCT-1,0.000043,0.009672,0.226276,0.764008
AAATTAACGGGTAGCT-1,0.000083,0.000083,0.377666,0.622168
AAATTAATAAGCGCGA-1,0.178033,0.714187,0.10717,0.000611
AAATTACACGACTCTG-1,0.521326,0.430646,0.028194,0.019834
AAATTACCTATCGATG-1,0.952323,0.027004,0.003598,0.017075
AAATTCCAGGTCCAAA-1,0.134773,0.78373,0.081235,0.000262
AAATTGATAGTCCTTT-1,0.010518,0.03662,0.708921,0.243941
AAATTGCGGCGGTTCT-1,0.044594,0.000038,0.067031,0.888336
AAATTGGTGAGAAGCA-1,0.001635,0.565672,0.430962,0.001731
AAATTTACCGAAATCC-1,0.158598,0.048009,0.265994,0.527399
AAATTTGCGGGTGTGG-1,0.00005,0.002012,0.521074,0.476864
AACAACTGGTAGTTGC-1,0.000107,0.020245,0.979326,0.000322
AACAATACATTGTCGA-1,0.000042,0.000042,0.557747,0.442168
AACAATTACTCTACGC-1,0.101826,0.02648,0.48202,0.389674
AACACACGCTCGCCGC-1,0.000052,0.000052,0.75517,0.244727
AACACGACTGTACTGA-1,0.131469,0.01745,0.433998,0.417083
AACACGAGACGCGGCC-1,0.391199,0.379768,0.199233,0.0298
AACACGCGGCCGCGAA-1,0.000059,0.000059,0.958836,0.041047
AACAGCTGTGTGGCAA-1,0.000051,0.000051,0.906108,0.09379
AACAGGAAATCGAATA-1,0.192467,0.011928,0.077935,0.71767
AACAGGATGGGCCGCG-1,0.085659,0.022272,0.099931,0.792139
AACAGGTAGTATGGAT-1,0.041222,0.000031,0.003177,0.95557
AACATAGCGTGTATCG-1,0.000051,0.000051,0.127092,0.872806
AACATATCAACTGGTG-1,0.341158,0.039443,0.418615,0.200785
AACATCGATACGTCTA-1,0.016779,0.106121,0.765309,0.111792
AACATTGAAGTTGATC-1,0.488254,0.422327,0.089183,0.000236
AACATTGGTCAGCCGT-1,0.008358,0.000044,0.175426,0.816171
AACATTGTGACTCGAG-1,0.000061,0.005688,0.70538,0.288871
AACCAAGACTTCTCTG-1,0.289039,0.243527,0.02364,0.443794
AACCAGTATCACTCTT-1,0.723138,0.206667,0.0484,0.021795
AACCATAGGGTTGAAC-1,0.000126,0.825885,0.173612,0.000377
AACCATGGGATCGCTA-1,0.000063,0.000063,0.550935,0.448939
AACCCAGAGACGGAGA-1,0.000057,0.000057,0.421915,0.577971
AACCCATCCCATGATC-1,0.085139,0.712451,0.012554,0.189856
AACCCGACAACCCGTG-1,0.000054,0.000054,0.964564,0.035328
AACCCGAGCAGAATCG-1,0.080624,0.006192,0.227746,0.685437
AACCCGATAGGGCTTC-1,0.254535,0.066927,0.586721,0.091817
AACCCGCTGTATTCCA-1,0.035285,0.001751,0.283625,0.679338
AACCCTACTGTCAATA-1,0.000064,0.000064,0.717105,0.282766
AACCCTGGTGGAACCA-1,0.677493,0.040945,0.062163,0.219398
AACCGAGCTTGGTCAT-1,0.42563,0.388783,0.024297,0.16129
AACCGCTAAGGGATGC-1,0.034503,0.033668,0.659235,0.272594
AACCGTTGTGTTTGCT-1,0.036873,0.025633,0.358272,0.579223
AACCTAAAGCCGTCCG-1,0.032184,0.026378,0.409631,0.531807
AACCTCGCTTTAGCCC-1,0.000073,0.000073,0.662077,0.337777
AACCTGTCACGGAATT-1,0.208032,0.153351,0.354314,0.284302
AACCTTTAAATACGGT-1,0.014929,0.020694,0.631358,0.333019
AACCTTTACGACGTCT-1,0.039413,0.090586,0.70094,0.16906
AACGAAAGTCGTCCCA-1,0.047927,0.930753,0.021062,0.000258
AACGACCTCCTAGCCG-1,0.000054,0.005344,0.522087,0.472514
AACGATAATGCCGTAG-1,0.044422,0.026275,0.521103,0.4082
AACGATAGAAGGGCCG-1,0.04031,0.06852,0.341312,0.549858
AACGATATGTCAACTG-1,0.379203,0.305452,0.315131,0.000214
AACGCATGATCTGGGT-1,0.175774,0.183894,0.421971,0.218362
AACGCGAACGGCAACA-1,0.000065,0.000065,0.58682,0.413051
AACGCGACCTTGGGCG-1,0.000171,0.112367,0.852133,0.03533
AACGCGGTCTCCAGCC-1,0.140868,0.119884,0.224436,0.514813
AACGCTGTTGCTGAAA-1,0.029735,0.000516,0.443329,0.52642
AACGGACGTACGTATA-1,0.033157,0.000035,0.122123,0.844685
AACGGCCATCTCCGGT-1,0.000068,0.000068,0.870048,0.129816
AACGTACTGTGGGTAC-1,0.000078,0.000078,0.847307,0.152538
AACGTAGTCTACCCAT-1,0.000053,0.000053,0.377485,0.622409
AACGTCAGACTAGTGG-1,0.014078,0.059392,0.439634,0.486896
AACGTCATCCGGCTTG-1,0.130925,0.020204,0.17184,0.677031
AACGTCGCTGCACTTC-1,0.21111,0.002868,0.571726,0.214296
AACGTGATGAAGGACA-1,0.493464,0.506002,0.000267,0.000267
AACGTGCGAAAGTCTC-1,0.019602,0.000045,0.048845,0.931507
AACGTTATCAGCACCT-1,0.026503,0.969129,0.002184,0.002184
AACTACCCGTTTGTCA-1,0.016135,0.024423,0.373923,0.58552
AACTAGCGTATCGCAC-1,0.000064,0.000064,0.575722,0.424149
AACTAGGCTTGGGTGT-1,0.000118,0.00029,0.722519,0.277073
AACTCAAGTTAATTGC-1,0.108505,0.048363,0.58757,0.255561
AACTCCAGAGCGTGTT-1,0.000054,0.000054,0.251747,0.748146
AACTCCTAATCCCATG-1,0.097929,0.144208,0.518578,0.239285
AACTCGATAAACACGT-1,0.001318,0.000046,0.625331,0.373305
AACTCGATGGCGCAGT-1,0.000094,0.000094,0.756356,0.243457
AACTCTCAATAGAGCG-1,0.317103,0.000073,0.220277,0.462548
AACTCTCAGTGTGCTC-1,0.107094,0.281091,0.477391,0.134423
AACTGAGGTCAGCGTC-1,0.05008,0.03026,0.087736,0.831924
AACTGAGTTATACTGA-1,0.000059,0.024819,0.618462,0.35666
AACTGATATTAGGCCT-1,0.195553,0.00031,0.344304,0.459833
AACTGGGTCCCGACGT-1,0.015902,0.031197,0.666639,0.286262
AACTGGGTTCGAGCCG-1,0.040228,0.088412,0.628714,0.242647
AACTGGTGTGGGCCTT-1,0.000043,0.000043,0.11442,0.885493
AACTTCTGCGTCTATC-1,0.000075,0.004156,0.367724,0.628045
AACTTGCCCGTATGCA-1,0.120089,0.019579,0.047306,0.813027
AACTTGCGTTCTCGCG-1,0.000097,0.000097,0.664253,0.335553
AACTTTACGGGAGCTT-1,0.000435,0.873644,0.082747,0.043174
AACTTTAGCTGCTGAG-1,0.000035,0.000035,0.052348,0.947583
AACTTTCTCGATCATG-1,0.000742,0.968464,0.028584,0.00221
AAGAAAGTTTGATGGG-1,0.322796,0.34724,0.089588,0.240376
AAGAAATCACCAGATT-1,0.000949,0.73086,0.267582,0.000609
AAGAAGGATCAGTTAG-1,0.000084,0.000084,0.683427,0.316406
AAGACATACGTGGTTT-1,0.383199,0.000078,0.150754,0.465969
AAGACCAAATAACTCA-1,0.236836,0.762783,0.000191,0.000191
AAGACCCAACTGAACA-1,0.000039,0.021718,0.38814,0.590104
AAGACTAACCCGTTGT-1,0.000061,0.000061,0.496358,0.503521
AAGACTCACGCCCACT-1,0.078863,0.021414,0.404147,0.495577
AAGACTGCAAGCTACT-1,0.123683,0.08136,0.593415,0.201541
AAGAGATGAATCGGTA-1,0.001017,0.000064,0.466328,0.532591
AAGAGCTCTTTATCGG-1,0.261531,0.285618,0.348979,0.103872
AAGAGGATGTACGCGA-1,0.053561,0.259627,0.210276,0.476536
AAGAGGCATGGATCGC-1,0.069106,0.000057,0.380371,0.550466
AAGAGGCCCTTTGGAA-1,0.129994,0.002241,0.309007,0.558757
AAGATGGCACCGGACC-1,0.000037,0.000037,0.417525,0.582401
AAGATTGGCGGAACGT-1,0.144999,0.00381,0.10499,0.746201
AAGCACCCTGCGTATC-1,0.000068,0.000068,0.459258,0.540606
AAGCATACTCTCCTGA-1,0.029535,0.000035,0.009105,0.961326
AAGCCACTTGCAGGTA-1,0.000114,0.560768,0.438776,0.000342
AAGCCGAAGCGGTTTA-1,0.000064,0.026576,0.679525,0.293835
AAGCCGCCGTGAAATC-1,0.025463,0.180746,0.587295,0.206496
AAGCCGCTTTACCTTG-1,0.048615,0.617122,0.239861,0.094402
AAGCCGGAGAGCAGGA-1,0.443354,0.13431,0.250498,0.171839
AAGCGCAGGGCTTTGA-1,0.025679,0.00314,0.678345,0.292836
AAGCGGAGTGCGCGCA-1,0.29993,0.056775,0.527244,0.116052
AAGCGGCGTCATGGGT-1,0.077492,0.010872,0.354901,0.556735
AAGCGTCCCTCATCGA-1,0.000091,0.000091,0.891612,0.108205
AAGCTAGATCGAGTAA-1,0.000059,0.000059,0.429987,0.569896
AAGCTATGGATTGACC-1,0.328704,0.4326,0.146714,0.091982
AAGCTCGTGCCAAGTC-1,0.216173,0.037424,0.247007,0.499396
AAGCTCTTTCATGGTG-1,0.108545,0.000051,0.1841,0.707304
AAGGAGAACTTATAAG-1,0.037857,0.003168,0.575099,0.383876
AAGGAGCGGTTGGTGC-1,0.000152,0.000152,0.807124,0.192572
AAGGATCGATCGCTTG-1,0.576461,0.255614,0.030229,0.137697
AAGGATGAGGGACCTC-1,0.000075,0.018264,0.650374,0.331287
AAGGCAGGCTGTCTCC-1,0.014561,0.040507,0.417186,0.527746
AAGGCGCGTAAAGCTT-1,0.061186,0.000062,0.488905,0.449847
AAGGCTGTGCTCATCG-1,0.000085,0.000085,0.644331,0.355499
AAGGGAACGACTGGCT-1,0.021717,0.15322,0.568047,0.257017
AAGGGACAGATTCTGT-1,0.244607,0.453694,0.273421,0.028278
AAGGGACTATGCATTC-1,0.128146,0.000048,0.250507,0.621299
AAGGGTTAGCCATGCG-1,0.000061,0.001388,0.97849,0.020062
AAGGGTTTGATTTCAG-1,0.252015,0.747335,0.000325,0.000325
AAGGTATCCTAATATA-1,0.019822,0.000048,0.232214,0.747917
AAGGTGATAAACCAGC-1,0.000053,0.014204,0.576881,0.408862
AAGTAAGCTTCCAAAC-1,0.000024,0.000024,0.06741,0.932542
AAGTAGAAGACCGGGT-1,0.000061,0.000061,0.458892,0.540985
AAGTAGTGACGCGAGG-1,0.071348,0.101409,0.826856,0.000387
AAGTCAATTGTCGTCA-1,0.029978,0.055225,0.518549,0.396248
AAGTCTAGTAGCTGCC-1,0.41965,0.573814,0.003268,0.003269
AAGTCTTCTGTGGCCT-1,0.307395,0.691376,0.000615,0.000615
AAGTGACGACCGAATT-1,0.095183,0.761914,0.141491,0.001412
AAGTGAGTCGGGTTTA-1,0.000049,0.010712,0.231104,0.758135
AAGTGCAAAGGTAGAC-1,0.774979,0.053463,0.000193,0.171366
AAGTGCCTTGACTGTA-1,0.037636,0.028904,0.481413,0.452047
AAGTGCGTTAGAATCT-1,0.000042,0.000042,0.259283,0.740633
AAGTGCTTCTCTATTG-1,0.000063,0.000063,0.761967,0.237906
AAGTGTTTGGAGACGG-1,0.000069,0.007867,0.589671,0.402393
AAGTTCACTCCAAGCT-1,0.000889,0.000074,0.003261,0.995776
AAGTTCAGTCTGCGTA-1,0.428741,0.43436,0.126744,0.010154
AAGTTCGGCCAACAGG-1,0.001948,0.116027,0.616326,0.265699
AAGTTGTGATGTTATA-1,0.100118,0.016535,0.453832,0.429515
AAGTTTACTAATGGCA-1,0.00005,0.00005,0.001702,0.998198
AAGTTTATGGGCCCAA-1,0.08732,0.010247,0.519512,0.382921
AATAACAACGCTCGGC-1,0.254042,0.012268,0.238589,0.495102
AATAACACTAGAACAA-1,0.000055,0.015376,0.45606,0.528509
AATAACGTCGCGCCCA-1,0.003034,0.040728,0.592345,0.363893
AATAAGTCCTCGAGAC-1,0.194038,0.154617,0.259991,0.391354
AATAATCTTCGTATCG-1,0.096814,0.015081,0.607147,0.280958
AATACAATGTTTCAGG-1,0.446035,0.452827,0.016585,0.084553
AATACCGGAGGGCTGT-1,0.000062,0.010946,0.988805,0.000187
AATACCTGATGTGAAC-1,0.055075,0.073033,0.577453,0.294439
AATAGAACAGAGTGGC-1,0.000049,0.000049,0.751282,0.24862
AATAGAATCTGTTTCA-1,0.070192,0.00773,0.076734,0.845344
AATAGCAAGCCTCCTG-1,0.050278,0.000751,0.69393,0.255041
AATAGCTACCGCGTGC-1,0.553325,0.298127,0.125079,0.02347
AATAGGCACGACCCTT-1,0.000042,0.047339,0.814343,0.138276
AATAGTCCGTCCCGAC-1,0.373311,0.62335,0.00167,0.00167
AATAGTCGCGAGTCGG-1,0.001061,0.697049,0.298706,0.003184
AATATCAAGGTCGGAT-1,0.000066,0.000066,0.565341,0.434526
AATATCCTAGCAAACT-1,0.013559,0.9848,0.00082,0.00082
AATATCGAATCAATGC-1,0.013094,0.00264,0.481578,0.502688
AATATCGAGGGTTCTC-1,0.489614,0.466708,0.015913,0.027765
AATATTGGAGTATTGA-1,0.167722,0.475881,0.190413,0.165984
AATCAGACTGCAGGAC-1,0.000099,0.000099,0.664486,0.335316
AATCAGGTTTCATTTA-1,0.000058,0.000058,0.79849,0.201394
AATCATGTAAAGACTC-1,0.072668,0.010912,0.32703,0.58939
AATCCAAGGGCCTGAG-1,0.00005,0.00005,0.51777,0.482129
AATCCATGCAAGGGTG-1,0.000097,0.0027,0.903977,0.093226
AATCCCGCTCAGAGCC-1,0.000053,0.055552,0.35717,0.587226
AATCGAGGTCTCAAGG-1,0.091639,0.003263,0.152077,0.753022
AATCGCCTCAGCGCCA-1,0.025774,0.426151,0.151277,0.396797
AATCGCGCAGAGGACT-1,0.332237,0.59127,0.025734,0.050759
AATCGGGACACTACGA-1,0.04553,0.00006,0.277374,0.677036
AATCGGTATAGCCCTC-1,0.061747,0.002878,0.383178,0.552196
AATCGTGAGCCGAGCA-1,0.035185,0.000935,0.453508,0.510371
AATCTAGGTTTACTTG-1,0.004212,0.598259,0.183496,0.214033
AATCTATGCCGGAGCC-1,0.203908,0.714537,0.033344,0.048211
AATCTCTACTGTGGTT-1,0.273957,0.565807,0.091522,0.068715
AATCTGCGTTGGGACG-1,0.031381,0.0001,0.478777,0.489742
AATCTGGCTTTCTAGT-1,0.387488,0.50548,0.043417,0.063615
AATCTGGGTAGACCCT-1,0.000086,0.156061,0.685888,0.157964
AATGACAGCAATGTCT-1,0.000043,0.000043,0.212849,0.787065
AATGACGTAGGATGTC-1,0.000051,0.000051,0.210784,0.789114
AATGACTGTCAGCCGG-1,0.011734,0.165787,0.50446,0.318018
AATGAGTTCGCATATG-1,0.000083,0.000083,0.550206,0.449627
AATGATGATACGCTAT-1,0.122254,0.081676,0.501601,0.29447
AATGATGCGACTCCTG-1,0.287855,0.512421,0.124047,0.075677
AATGCAACCGGGTACC-1,0.000353,0.093789,0.9048,0.001058
AATGCACCAAGCAATG-1,0.113775,0.016067,0.163366,0.706793
AATGGCCGCCAATGCG-1,0.042913,0.009337,0.098853,0.848897
AATGGTCCACCGTTCA-1,0.730522,0.164061,0.105091,0.000326
AATGGTTCTCACAAGC-1,0.000052,0.000052,0.133773,0.866123
AATGTATGGCACTGTA-1,0.134302,0.674003,0.066726,0.124969
AATGTGCCCGAGGTGT-1,0.000048,0.000048,0.209187,0.790718
AATGTGCTAATCTGAG-1,0.00007,0.00007,0.84872,0.151139
AATGTTAAGACCCTGA-1,0.031247,0.001214,0.324855,0.642684
AATGTTGTCGTGAGAC-1,0.063661,0.005035,0.229485,0.701818
AATTAAAGGTCGGCGT-1,0.196533,0.000092,0.452294,0.351081
AATTAACGGATTTCCA-1,0.042335,0.00004,0.042236,0.915388
AATTACGAGACCCATC-1,0.571701,0.4276,0.000349,0.000349
AATTACTCGTACGCTC-1,0.001079,0.549361,0.44632,0.003239
AATTAGCGCTGCAGCG-1,0.016501,0.006624,0.367446,0.609429
AATTATACCCAGCAAG-1,0.077982,0.004202,0.448412,0.469405
AATTCATAAGGGATCT-1,0.000303,0.041718,0.767508,0.190472
AATTCATTGTCATGCA-1,0.365445,0.577201,0.057051,0.000302
AATTCCAACTTGGTGA-1,0.000081,0.065617,0.822902,0.1114
AATTCCAAGCATGTAC-1,0.031378,0.018671,0.57456,0.375391
AATTCGATTCGAGGAT-1,0.000068,0.000068,0.501757,0.498108
AATTCTAGAGTTAGGC-1,0.000069,0.000069,0.000208,0.999653
AATTGAACGCTCTGGT-1,0.077923,0.000074,0.438999,0.483003
AATTGCAGCAATCGAC-1,0.002955,0.000059,0.51855,0.478436
AATTGCGTGGATTACA-1,0.549605,0.40155,0.000215,0.04863
AATTGTGGTTGCCAAA-1,0.370961,0.077853,0.153127,0.398059
AATTTGGGACATAGTA-1,0.187266,0.55695,0.238942,0.016842
AATTTGGTTCCAAAGA-1,0.109555,0.009027,0.301387,0.580031
ACAAACCATGCGTCCT-1,0.000088,0.533903,0.465743,0.000265
ACAAACCGACAAGGCG-1,0.181882,0.069819,0.362374,0.385925
ACAAACTCCATCAGAG-1,0.00006,0.013867,0.985382,0.000691
ACAAAGAAGGTAGGCC-1,0.632878,0.3667,0.000211,0.000211
ACAAAGCATGACCTAG-1,0.033926,0.000024,0.177187,0.788862
ACAAATCGCACCGAAT-1,0.000045,0.002386,0.468616,0.528953
ACAAATGGTAGTGTTT-1,0.111349,0.007738,0.30561,0.575303
ACAAATTCAGATCTGA-1,0.000045,0.004346,0.455257,0.540353
ACAACAGCATGAGCTA-1,0.037575,0.000037,0.000112,0.962276
ACAACGGTCCCTGCGA-1,0.000102,0.0328,0.611564,0.355534
ACAAGCAGTGCCTAGC-1,0.117943,0.056141,0.61748,0.208436
ACAAGCTATATGGAAG-1,0.076677,0.407405,0.07381,0.442108
ACAAGGAAATCCGCCC-1,0.064038,0.000114,0.280733,0.655115
ACAAGGACAAGAGGTT-1,0.013792,0.054144,0.631686,0.300377
ACAAGGATGCTTTAGG-1,0.000044,0.009196,0.17845,0.81231
ACAAGGCCTACCAGCC-1,0.000051,0.024201,0.247579,0.728169
ACAAGGGCAGGCTCTG-1,0.000063,0.006628,0.389095,0.604215
ACAAGTAATTGTAAGG-1,0.264067,0.320975,0.084797,0.330161
ACAATAGTCGTACGTT-1,0.12003,0.559085,0.1523,0.168585
ACAATCCATTTAAACC-1,0.000063,0.130415,0.59416,0.275362
ACAATCGATCTTTATA-1,0.125739,0.026362,0.602903,0.244996
ACAATGAATACGGAGA-1,0.000112,0.072686,0.926868,0.000335
ACAATGATTCTTCTAC-1,0.131491,0.021841,0.634463,0.212205
ACAATTGTGTCTCTTT-1,0.000048,0.000048,0.261735,0.738169
ACAATTTAGGAGGCTC-1,0.025705,0.972942,0.000677,0.000677
ACAATTTGAGCAGTGG-1,0.017394,0.024012,0.046493,0.912102
ACAATTTGGCCATATT-1,0.000097,0.000097,0.245174,0.754631
ACACAAAGACGGGTGG-1,0.002578,0.008141,0.504743,0.484538
ACACAAATATTCCTAG-1,0.186518,0.27199,0.419017,0.122476
ACACACCAGGACCAGT-1,0.026415,0.704172,0.232961,0.036453
ACACACTTTCTACACG-1,0.000652,0.147724,0.696416,0.155208
ACACATGATCAAATCT-1,0.000088,0.749049,0.2506,0.000263
ACACATTGACGCAACA-1,0.000123,0.140583,0.571134,0.288159
ACACATTTCCGTAGAC-1,0.003118,0.061526,0.837281,0.098076
ACACCACATAATTAGC-1,0.290929,0.708272,0.000399,0.000399
ACACCCAGCATGCAGC-1,0.058266,0.001437,0.588192,0.352105
ACACCCGAGAAATCCG-1,0.20124,0.130979,0.417154,0.250627
ACACCCGTAAATCTGT-1,0.017527,0.020467,0.444117,0.517889
ACACCGAGCGCTCTTT-1,0.209713,0.782538,0.003875,0.003875
ACACCGGTCTGACCGC-1,0.000098,0.600107,0.168687,0.231108
ACACCTTAAGTAGGGC-1,0.117295,0.000189,0.706384,0.176132
ACACCTTACTACTTGC-1,0.000701,0.191321,0.695942,0.112036
ACACGAGACTCCTTCT-1,0.052959,0.000081,0.293961,0.652999
ACACGGCACTATGCAT-1,0.634929,0.121811,0.028467,0.214793
ACACGGGAACTTAGGG-1,0.467982,0.191051,0.194803,0.146164
ACACGTAGGCCACAAG-1,0.552489,0.07024,0.250041,0.12723
ACACTCCAATGTCACT-1,0.000051,0.030018,0.013028,0.956903
ACACTGATCAAGGTGT-1,0.00005,0.00005,0.272448,0.727452
ACACTGGGACAGTCGT-1,0.000663,0.00008,0.609172,0.390084
ACAGAACTGAGAACAA-1,0.003487,0.014537,0.769941,0.212035
ACAGATTAGGTTAGTG-1,0.02507,0.000068,0.206252,0.76861
ACAGCATAGAGCCAGT-1,0.084933,0.000084,0.201724,0.713258
ACAGCGACATTCTCAT-1,0.000039,0.000038,0.022435,0.977487
ACAGCGCACCCGCAGC-1,0.008958,0.699749,0.213923,0.07737
ACAGGAGGCGCAGCCG-1,0.00084,0.843004,0.002522,0.153634
ACAGGCACGGATCCTT-1,0.000049,0.000049,0.540078,0.459824
ACAGGCTTGCCCGACT-1,0.454,0.259539,0.286032,0.00043
ACAGGTGGAGGTGAGG-1,0.000083,0.000083,0.988807,0.011026
ACAGGTGTGTTGTTGC-1,0.13956,0.857201,0.001619,0.001619
ACAGTAATACAACTTG-1,0.454432,0.349579,0.086648,0.10934
ACAGTATACCGTGGGA-1,0.000278,0.865266,0.133623,0.000833
ACAGTGCAGCGCATTT-1,0.00006,0.00006,0.982118,0.017762
ACATAAGTCGTGGTGA-1,0.817063,0.135654,0.014462,0.032822
ACATAATAAGGCGGTG-1,0.061702,0.000087,0.786475,0.151736
ACATACAATCAAGCGG-1,0.0001,0.0001,0.543445,0.456356
ACATCAGCTGGGACGC-1,0.455588,0.447362,0.000402,0.096648
ACATCCCGGCCATACG-1,0.000091,0.025651,0.654865,0.319393
ACATCCTGGTAACTGT-1,0.007854,0.026559,0.29682,0.668767
ACATCGATCGTTTACC-1,0.023504,0.000084,0.258075,0.718336
ACATCGCAATATTCGG-1,0.697413,0.092255,0.016153,0.194179
ACATCGGTCAGCCGCG-1,0.000062,0.000247,0.498047,0.501644
ACATCGTATGCAATGG-1,0.657901,0.0811,0.022934,0.238065
ACATCGTTAACCTAGT-1,0.738108,0.100351,0.15985,0.001691
ACATCTCAACGCGTAA-1,0.449046,0.065953,0.255548,0.229454
ACATGCTTACGGCAGC-1,0.00011,0.674218,0.325341,0.000331
ACATGGCGCCAAAGTA-1,0.012528,0.007677,0.440193,0.539601
ACATGGCTCAATTTAG-1,0.000105,0.000105,0.739474,0.260315
ACATTAGTTTATATCC-1,0.048947,0.000065,0.208684,0.742304
ACATTCGCGCGGAATA-1,0.048244,0.552216,0.399336,0.000203
ACATTTGAAACCTAAC-1,0.051385,0.023368,0.588688,0.336558
ACCAAACACCCAGCGA-1,0.163755,0.084276,0.000243,0.751726
ACCAAACTAGAAATCC-1,0.894003,0.010298,0.046799,0.0489
ACCAACACCACACACT-1,0.558484,0.31107,0.130224,0.000223
ACCAACCGCACTCCAC-1,0.000048,0.000048,0.554588,0.445315
ACCAACGCTTATTTAT-1,0.000065,0.000065,0.567092,0.432778
ACCAAGAACGCGTGTC-1,0.046297,0.006567,0.519862,0.427273
ACCAAGTCATCGGCAG-1,0.111958,0.017547,0.247881,0.622613
ACCAATATGCAAGTTA-1,0.000036,0.000036,0.050876,0.949052
ACCACAACTCAGAACA-1,0.060896,0.316514,0.170524,0.452066
ACCACAAGTTTCTATC-1,0.000097,0.000097,0.59154,0.408266
ACCACACGGTTGATGG-1,0.081919,0.001434,0.192222,0.724425
ACCACCAATGTAACAA-1,0.261857,0.255339,0.282576,0.200228
ACCACCCTCTCTTCTA-1,0.464681,0.482171,0.000745,0.052403
ACCACGTGCAGCTATA-1,0.000065,0.000065,0.489773,0.510098
ACCACTGTTCAAGAAG-1,0.001228,0.84315,0.151938,0.003684
ACCAGACCATAACAAC-1,0.115906,0.821286,0.000572,0.062236
ACCAGCCCGGTCTTTG-1,0.167858,0.228373,0.182022,0.421747
ACCAGGAGTGTGATCT-1,0.011271,0.001735,0.175556,0.811439
ACCAGTGCCCGGTCAA-1,0.016029,0.022583,0.34597,0.615418
ACCAGTGCGGGAGACG-1,0.082307,0.000058,0.255917,0.661717
ACCATATCCGCAATAA-1,0.019397,0.012755,0.641447,0.326401
ACCATCCGCCAACTAG-1,0.395017,0.604526,0.000229,0.000229
ACCATCGTATATGGTA-1,0.035583,0.00006,0.032645,0.931712
ACCATTAAGGGTGTCA-1,0.388728,0.60112,0.005076,0.005076
ACCCAACGCCCGTGGC-1,0.028137,0.00384,0.428173,0.53985
ACCCACCTACATGCTC-1,0.000093,0.054126,0.751644,0.194136
ACCCATCTTGAGGGTA-1,0.044143,0.011947,0.170215,0.773694
ACCCATTTGTCCCTCT-1,0.067266,0.000059,0.235448,0.697227
ACCCGAGCGAAATTAC-1,0.000035,0.000035,0.406388,0.593542
ACCCGATTGGTTCCGA-1,0.000044,0.000044,0.343229,0.656682
ACCCGGAAACTCCCAG-1,0.000064,0.000064,0.336529,0.663343
ACCCGGAGCACCACAA-1,0.216424,0.040338,0.09939,0.643849
ACCCGGATGACGCATC-1,0.051197,0.00771,0.37742,0.563673
ACCCGGTTACACTTCC-1,0.0234,0.000029,0.000086,0.976485
ACCCGTAGCAGAGAAT-1,0.673607,0.041723,0.000113,0.284557
ACCCGTAGTCTAGTTG-1,0.150831,0.049859,0.309018,0.490291
ACCCGTGTCATCAGTA-1,0.374388,0.42005,0.062691,0.142871
ACCCTATAGGACTGAG-1,0.000053,0.000053,0.057381,0.942513
ACCCTATGCCATATCG-1,0.000087,0.000087,0.740053,0.259774
ACCCTCCCGTCAGGGC-1,0.052494,0.024946,0.522732,0.399828
ACCCTCCCTTGCTATT-1,0.000101,0.034818,0.69038,0.274701
ACCCTGGTAACGCCCT-1,0.38555,0.470412,0.000586,0.143452
ACCCTTCATCTGCGAA-1,0.065233,0.000092,0.103006,0.831669
ACCCTTGCCTGGGTCG-1,0.063566,0.26282,0.331023,0.342591
ACCCTTTAGTTCTCCA-1,0.209892,0.035438,0.369268,0.385403
ACCGAAAGGGCCCTGC-1,0.000031,0.000031,0.003829,0.996108
ACCGAAGAGTCTGGTT-1,0.597076,0.402438,0.000243,0.000243
ACCGACACATCTCCCA-1,0.000038,0.009919,0.167121,0.822922
ACCGACTGAGTCCCAC-1,0.132809,0.030224,0.45883,0.378137
ACCGAGTCTCCTTATT-1,0.000086,0.060849,0.660506,0.278559
ACCGATAGGCATAACC-1,0.229316,0.002747,0.359297,0.408639
ACCGATATTTAATCAT-1,0.292833,0.005985,0.472502,0.22868
ACCGATGGTAGCATCG-1,0.107353,0.000081,0.528741,0.363825
ACCGCAATAACTGCCT-1,0.000048,0.000048,0.285321,0.714583
ACCGCGGTGGAAGTCG-1,0.011559,0.02081,0.289956,0.677675
ACCGCTAGTCATTGGT-1,0.000085,0.043066,0.956596,0.000254
ACCGGGCCTTTGTTGA-1,0.036328,0.008179,0.601907,0.353586
ACCGGTCAGGTACACC-1,0.229276,0.632951,0.096945,0.040828
ACCGGTCTGAGTACGG-1,0.008862,0.044104,0.298892,0.648142
ACCGTCCACTGGGCCC-1,0.111792,0.660811,0.006993,0.220404
ACCGTGACCACGTGGG-1,0.00006,0.00006,0.919414,0.080465
ACCGTTCCCGCTCTGA-1,0.138989,0.011548,0.173661,0.675801
ACCTAAGTACCTTTCA-1,0.000101,0.000101,0.540465,0.459332
ACCTAATCGACTTCCT-1,0.105347,0.010266,0.423073,0.461314
ACCTACAGTATGTGGT-1,0.070558,0.67342,0.000826,0.255196
ACCTACTATAAATCTA-1,0.014559,0.101206,0.45654,0.427695
ACCTCCGCCCTCGCTG-1,0.296172,0.050386,0.219491,0.433951
ACCTCCGTTATTCACC-1,0.339105,0.262552,0.356491,0.041852
ACCTCGAACTTATGCT-1,0.000113,0.744791,0.254758,0.000338
ACCTGCGTGTCATGTT-1,0.590127,0.118949,0.045108,0.245816
ACCTTTCCTTTAGAAG-1,0.058878,0.077544,0.231937,0.631641
ACGAAATGGGCGGCAC-1,0.000684,0.468684,0.52858,0.002053
ACGACCCATGAGTTGC-1,0.201232,0.068775,0.008526,0.721468
ACGACTCTAGGGCCGA-1,0.066106,0.020553,0.280943,0.632398
ACGACTGGTCATACTC-1,0.00004,0.00004,0.578593,0.421327
ACGAGAACCCATCACG-1,0.000051,0.000783,0.35733,0.641836
ACGAGATATTTGCTTA-1,0.322186,0.000072,0.307823,0.36992
ACGAGGATACCACTCT-1,0.378877,0.552992,0.027584,0.040548
ACGAGGTTTACAACGT-1,0.458638,0.440486,0.084951,0.015924
ACGAGTACGGATGCCC-1,0.510862,0.488536,0.000301,0.000301
ACGAGTCGCCGGCGTT-1,0.044714,0.016904,0.329109,0.609273
ACGATACATAGAACTA-1,0.15301,0.043085,0.432234,0.371671
ACGATACCTATCCTGA-1,0.031487,0.966183,0.001606,0.000725
ACGATCATACATAGAG-1,0.021963,0.042917,0.803118,0.132003
ACGATCATCTTGTAAA-1,0.631012,0.303854,0.018203,0.046931
ACGATGCATATGTTAT-1,0.086775,0.000877,0.159189,0.753159
ACGATGGATCCGATGC-1,0.916311,0.000032,0.000097,0.08356
ACGCAAACTAATAGAT-1,0.18588,0.010669,0.502516,0.300934
ACGCAATCACTACAGC-1,0.1603,0.7868,0.052321,0.000579
ACGCATAAATGACATG-1,0.000027,0.000027,0.239933,0.760013
ACGCATACGTTTACTA-1,0.121733,0.001411,0.048419,0.828438
ACGCATTCGTGAGTAC-1,0.077016,0.128682,0.106808,0.687495
ACGCCACTCGAAACAG-1,0.000078,0.001821,0.86917,0.128931
ACGCCAGATGATTTCT-1,0.45093,0.424503,0.033228,0.091339
ACGCCAGTGCGTTTGC-1,0.031417,0.00004,0.016753,0.951791
ACGCCCAGCTGTCGAT-1,0.291739,0.010965,0.387526,0.30977
ACGCCGCTAGACGACC-1,0.000059,0.010899,0.204263,0.784778
ACGCCTGACACGCGCT-1,0.000075,0.131179,0.86852,0.000226
ACGCGAAGTCAGACGA-1,0.238046,0.000028,0.000084,0.761841
ACGCGCTACACAGGGT-1,0.071523,0.000054,0.126615,0.801808
ACGCGGGCCAAGGACA-1,0.063882,0.007659,0.294544,0.633915
ACGCGTTTCTTAAGAG-1,0.484835,0.411165,0.103282,0.000718
ACGCTACTGAATGGGC-1,0.000089,0.000089,0.847276,0.152546
ACGCTAGTATCAGTGC-1,0.114905,0.073927,0.592265,0.218903
ACGCTAGTGATACACT-1,0.725673,0.00988,0.007434,0.257013
ACGCTGTGAGGCGTAG-1,0.427414,0.572032,0.000277,0.000277
ACGCTTAGTGTCTCTC-1,0.078054,0.091413,0.275112,0.555421
ACGGAACACGAGTGCC-1,0.000039,0.000039,0.371575,0.628346
ACGGAATTTAGCAAAT-1,0.000081,0.000081,0.723154,0.276685
ACGGACGCAGCGACAA-1,0.000147,0.782673,0.216738,0.000441
ACGGACTCTCAAAGCG-1,0.000068,0.000068,0.781516,0.218347
ACGGAGCGCAAATTAC-1,0.172108,0.044994,0.410409,0.372488
ACGGATGGTGCGGATA-1,0.000036,0.000036,0.073339,0.926589
ACGGCACTTGCTTGGG-1,0.129719,0.276398,0.348698,0.245186
ACGGCCAACATGGACT-1,0.029372,0.000086,0.288975,0.681567
ACGGCGACGATGGGAA-1,0.051367,0.001293,0.35863,0.58871
ACGGCGGGTTGCCCTG-1,0.000064,0.000064,0.250539,0.749332
ACGGCTGGATGTAGAA-1,0.135329,0.631399,0.052904,0.180368
ACGGGAGTGTCGGCCC-1,0.083594,0.116099,0.466677,0.33363
ACGGGCGTATGCGACA-1,0.000319,0.715889,0.178502,0.105289
ACGGGTCATGTGACTT-1,0.064716,0.930372,0.002455,0.002456
ACGGGTTGTGACCTGT-1,0.499535,0.186205,0.058963,0.255298
ACGGTACAGTTCAATG-1,0.143482,0.000041,0.119838,0.73664
ACGGTCACCGAGAACA-1,0.000078,0.621084,0.075575,0.303263
ACGTACAGATTTCTCT-1,0.034573,0.003514,0.010271,0.951642
ACGTACTTTGGCACGG-1,0.000062,0.000062,0.440593,0.559284
ACGTAGATTGCTGATG-1,0.009339,0.000104,0.550263,0.440294
ACGTAGGAGAGTCGCT-1,0.000145,0.169833,0.829667,0.000355
ACGTATTACTCCGATC-1,0.033541,0.020342,0.195007,0.751111
ACGTCCTAAACGAGAT-1,0.126786,0.017915,0.363473,0.491827
ACGTCGGGCAACTCGG-1,0.518197,0.481214,0.000295,0.000295
ACGTCTCGTTCCGGGA-1,0.257291,0.741917,0.000396,0.000396
ACGTGACAAAGTAAGT-1,0.059858,0.939396,0.000373,0.000373
ACGTGCGCCTCGTGCA-1,0.830902,0.054971,0.042143,0.071984
ACGTGGTCGAATGTGC-1,0.055007,0.027825,0.261135,0.656033
ACGTTAATGTCGAAGA-1,0.000065,0.000065,0.198875,0.800995
ACGTTAGATTTGCCCG-1,0.028373,0.00831,0.140703,0.822614
ACGTTATTGGTCACTC-1,0.380495,0.615488,0.002009,0.002009
ACGTTCACTATGCCGC-1,0.000083,0.038269,0.961398,0.00025
ACGTTCCGCGCTCCGT-1,0.000061,0.000061,0.422339,0.577539
ACGTTCGCAATCAATT-1,0.314933,0.611156,0.07354,0.000371
ACGTTCGTTCAGGAAA-1,0.001625,0.040496,0.948585,0.009294
ACGTTCTGTACAAGTC-1,0.087504,0.00004,0.000445,0.912011
ACGTTGTCGTTGAAAG-1,0.016436,0.177009,0.721474,0.085082
ACGTTTAGTTGTGATC-1,0.165688,0.323921,0.11305,0.397341
ACGTTTCGGTGCACTT-1,0.000078,0.000078,0.986649,0.013196
ACTAAGGACGCACACC-1,0.201692,0.03259,0.181642,0.584076
ACTAATACGTCAGGCG-1,0.000061,0.009897,0.572703,0.417338
ACTACAAAGAGAGGTG-1,0.002905,0.062157,0.88162,0.053319
ACTACATCCCGACAAG-1,0.000065,0.167489,0.775286,0.057159
ACTACCAGCTCTCTGG-1,0.000131,0.000131,0.766904,0.232834
ACTACCATCCGAGGGC-1,0.149012,0.611178,0.238911,0.000899
ACTACGCGTTAGAATT-1,0.023854,0.001534,0.473561,0.501051
ACTAGTTGCGATCGTC-1,0.063545,0.000073,0.271182,0.6652
ACTATATGCTGTGTTC-1,0.011565,0.130223,0.648004,0.210209
ACTATCCAGGGCATGG-1,0.010683,0.651508,0.337585,0.000224
ACTATCGCCGGCTAAA-1,0.738725,0.142948,0.116217,0.00211
ACTATCTGCCCGCGTA-1,0.454115,0.339418,0.000394,0.206073
ACTATGTCCAGCTGCC-1,0.131419,0.400806,0.321589,0.146186
ACTATTCGTCCGTGGT-1,0.427289,0.57208,0.000315,0.000315
ACTATTTCCGGGCCCA-1,0.000042,0.000042,0.494081,0.505835
ACTCAACGAATGTATT-1,0.000051,0.000051,0.349956,0.649942
ACTCAAGTGCAAGGCT-1,0.000035,0.000035,0.004664,0.995266
ACTCAATAAAGGCACG-1,0.27683,0.343156,0.205516,0.174498
ACTCAGACCTGCTTCT-1,0.000063,0.000063,0.41602,0.583855
ACTCATGGCAGCCTTC-1,0.313193,0.570496,0.102426,0.013885
ACTCCAATATCATCAT-1,0.025191,0.006149,0.247296,0.721364
ACTCCCATTCCTAAAG-1,0.025708,0.47477,0.157368,0.342155
ACTCCCGAATTCGTTT-1,0.753239,0.232834,0.013755,0.000172
ACTCCCGTAGACTAGG-1,0.000489,0.956814,0.041229,0.001468
ACTCCCTAATGCTAAA-1,0.000032,0.000032,0.133751,0.866186
ACTCCCTAGAATAGTA-1,0.043657,0.001368,0.237181,0.717794
ACTCCGGCCGACCACT-1,0.020457,0.005529,0.258616,0.715398
ACTCGATGTATTTCAT-1,0.906129,0.038347,0.001112,0.054412
ACTCGCCGTTCGATAA-1,0.08078,0.014764,0.19864,0.705816
ACTCGCGATCTGACGC-1,0.000079,0.02013,0.457856,0.521934
ACTCGTAACCCGTCCT-1,0.000152,0.201186,0.691349,0.107314
ACTCGTCAGTAATCCC-1,0.042233,0.050757,0.468488,0.438522
ACTCTAAACCTGGGAT-1,0.000559,0.950776,0.046988,0.001677
ACTCTCTGACTTAGGT-1,0.067014,0.000052,0.123119,0.809815
ACTCTCTTATACACGA-1,0.170477,0.033494,0.54075,0.255279
ACTCTGACCTAATAGA-1,0.000045,0.032103,0.418579,0.549272
ACTCTTCAGCTCCCGC-1,0.000089,0.086683,0.486313,0.426914
ACTCTTGTATAGTAAC-1,0.067598,0.081287,0.259505,0.591609
ACTGAAACGCCGTTAG-1,0.000061,0.000061,0.579866,0.420013
ACTGAATGGCGAAAGT-1,0.000064,0.007776,0.482468,0.509692
ACTGATTTAGTGATTC-1,0.450072,0.239976,0.173789,0.136163
ACTGCCCGCCATTCTC-1,0.000064,0.000064,0.587852,0.41202
ACTGCCGTCGTAACTC-1,0.874108,0.018371,0.062685,0.044836
ACTGCGGACACACCGT-1,0.088918,0.053388,0.312853,0.544841
ACTGCTCGGAAGGATG-1,0.125451,0.611756,0.135209,0.127584
ACTGGCGAACCTGCGT-1,0.691796,0.055665,0.108366,0.144174
ACTGGGATGCCAGTGC-1,0.006574,0.079616,0.750848,0.162961
ACTGTACGATACACAT-1,0.143387,0.219658,0.246845,0.39011
ACTGTAGCACTTTGGA-1,0.846876,0.150819,0.001152,0.001152
ACTGTATACGCGAGCA-1,0.000086,0.000086,0.832907,0.166921
ACTGTCCAGGATTATA-1,0.000134,0.000134,0.449378,0.550353
ACTGTCTTCTTTAGAA-1,0.013535,0.047015,0.302262,0.637188
ACTGTGCTAGTAGATC-1,0.00006,0.00006,0.0237,0.97618
ACTGTTTAGTGTAGGC-1,0.0277,0.000038,0.009839,0.962422
ACTTACCGGGCGCGCA-1,0.046044,0.00659,0.621125,0.326241
ACTTACGCATCCACGC-1,0.000038,0.000038,0.000122,0.999802
ACTTAGTACGACAAGA-1,0.000055,0.000055,0.430283,0.569606
ACTTATACTTACCCGG-1,0.180912,0.105912,0.007439,0.705737
ACTTATCTGATCTATA-1,0.014046,0.008332,0.838051,0.139571
ACTTATTAGGATCGGT-1,0.015006,0.000993,0.397264,0.586736
ACTTATTTATGTGCCA-1,0.128024,0.018356,0.585819,0.267802
ACTTCAGGCTGATCCC-1,0.051441,0.000043,0.044432,0.904084
ACTTCCAGTGGAAGCT-1,0.786999,0.21254,0.000231,0.000231
ACTTCCATGCGGGACA-1,0.000054,0.000054,0.343745,0.656147
ACTTCCTGTCGTGCGA-1,0.174355,0.019875,0.340964,0.464806
ACTTCGCCATACGCAC-1,0.000221,0.220106,0.751075,0.028598
ACTTCGCTAGCGAGTG-1,0.0616,0.229629,0.682118,0.026653
ACTTGACTCCCTCTTT-1,0.000106,0.000106,0.612685,0.387104
ACTTGCCATATTGTAC-1,0.00009,0.023351,0.455914,0.520645
ACTTGCTCTATCTACC-1,0.378093,0.357902,0.000266,0.26374
ACTTGGGACCCGGTGG-1,0.000095,0.000095,0.578,0.42181
ACTTGGGCTTTCGCCA-1,0.000044,0.000044,0.190009,0.809902
ACTTGTAGTCCCTTCA-1,0.77096,0.228595,0.000222,0.000222
ACTTGTGGATGGAACG-1,0.049919,0.000074,0.326028,0.62398
ACTTGTTACCGGATCA-1,0.000056,0.000056,0.219087,0.780801
ACTTTACCCTCATGAA-1,0.929913,0.06985,0.000119,0.000119
ACTTTATACACCACTT-1,0.516822,0.334575,0.028395,0.120209
ACTTTCCTATAGCTTC-1,0.034889,0.000385,0.167619,0.797107
ACTTTGACTGCATCCT-1,0.396669,0.602438,0.000447,0.000447
ACTTTGGTCGTGCTCC-1,0.03452,0.351505,0.046446,0.567529
ACTTTGTCGACGCACT-1,0.129602,0.000087,0.451072,0.419239
AGAAATTATGACTCGC-1,0.060143,0.004302,0.294724,0.640831
AGAACACGGCGATGGT-1,0.059536,0.627336,0.116487,0.196641
AGAACCCAGCGTGACA-1,0.12168,0.029561,0.521047,0.327711
AGAACCCTCAATTGGG-1,0.392089,0.375214,0.00018,0.232517
AGAACGTGGTACATTC-1,0.117994,0.012737,0.201791,0.667479
AGAACTGTACTTTGTA-1,0.000072,0.000072,0.854599,0.145257
AGAAGAGCGCCGTTCC-1,0.001193,0.196576,0.798654,0.003578
AGAAGGTACACTTCAC-1,0.185462,0.501102,0.053831,0.259606
AGAAGGTTGCCGAATT-1,0.000073,0.000073,0.577093,0.422761
AGAAGGTTGTAGGTCG-1,0.000051,0.000529,0.257765,0.741655
AGAAGTGATTCGTGAT-1,0.000058,0.000058,0.400575,0.599308
AGAATAAATCTTCAGG-1,0.377831,0.620803,0.000683,0.000683
AGAATGCGGGTTCGGA-1,0.173831,0.061181,0.360786,0.404202
AGAATTATGGATTCGA-1,0.317871,0.028993,0.000115,0.653021
AGAATTGTTTGACATA-1,0.000042,0.000042,0.014378,0.985537
AGACAGCTCAGAATCC-1,0.501962,0.495447,0.001295,0.001295
AGACAGGCATCTCAGC-1,0.069412,0.007013,0.591044,0.33253
AGACATAGATCCTTCC-1,0.000081,0.000081,0.437047,0.562791
AGACCAAACCACACCT-1,0.509997,0.453199,0.033418,0.003385
AGACCATGGGATACAA-1,0.000143,0.002499,0.745645,0.251713
AGACCCACCGCTGATC-1,0.000084,0.000084,0.567914,0.431918
AGACCCGCCCTCCTCG-1,0.014653,0.015806,0.077168,0.892374
AGACCGCTCCGCGGTT-1,0.001,0.000049,0.126039,0.872912
AGACCGGGAAACCCTG-1,0.297555,0.389675,0.050337,0.262434
AGACGAAGTGCCGGTC-1,0.245837,0.024643,0.18955,0.53997
AGACGACGATGCCGCT-1,0.000268,0.197047,0.80188,0.000804
AGACGCCCACTTCGCC-1,0.448688,0.046552,0.171459,0.3333
AGACGGGATTGGTATA-1,0.03357,0.046483,0.448639,0.471309
AGACGGGCCGATTTAA-1,0.000064,0.009144,0.804413,0.18638
AGACTAGCCTTCCAGA-1,0.000099,0.000099,0.766038,0.233764
AGACTGTTACCGGGTC-1,0.00005,0.00005,0.450523,0.549377
AGAGAAACACCAGAAA-1,0.000047,0.015156,0.961338,0.023459
AGAGAACCGTCTAGGA-1,0.041089,0.000024,0.000071,0.958816
AGAGAAGGAGTACAAT-1,0.000071,0.01141,0.918037,0.070483
AGAGATCTCTAAAGCG-1,0.205424,0.427892,0.002228,0.364456
AGAGCAGTTATGAGAC-1,0.196443,0.738321,0.064648,0.000588
AGAGCCGCCGAGATTT-1,0.124633,0.003342,0.331291,0.540734
AGAGCGCTTGTAACGG-1,0.179587,0.051956,0.599666,0.16879
AGAGCGGGCTAATCAT-1,0.433404,0.189498,0.374689,0.002408
AGAGCGTACAAGCTCG-1,0.009033,0.1018,0.824474,0.064693
AGAGCTACGAAAGCAT-1,0.00005,0.00005,0.355681,0.644219
AGAGGCTTCGGAAACC-1,0.214062,0.000025,0.004495,0.781417
AGAGGGACAATTGTCC-1,0.000567,0.81605,0.0017,0.181684
AGAGGTATCTCGGTCC-1,0.000133,0.000133,0.413903,0.585831
AGAGTAAACTTCACTA-1,0.071583,0.009611,0.545542,0.373263
AGAGTATAGTGTTACG-1,0.001456,0.821128,0.173047,0.004368
AGAGTCTTAATGAAAG-1,0.00003,0.00003,0.960656,0.039283
AGAGTGAACAGACACC-1,0.08143,0.01546,0.173645,0.729466
AGAGTTAGAGACCGAT-1,0.017487,0.035399,0.680937,0.266176
AGAGTTGCAGGCCTCC-1,0.158233,0.126462,0.577948,0.137357
AGATAACTTCAGGGCC-1,0.000062,0.05393,0.637197,0.30881
AGATAATCACACCTAT-1,0.000128,0.799098,0.20039,0.000384
AGATACCAATAGAACC-1,0.01149,0.009404,0.48421,0.494896
AGATACCAGCACTTCA-1,0.071656,0.920975,0.003684,0.003684
AGATACCGGTGTTCAC-1,0.101848,0.000061,0.536091,0.361999
AGATACGACTTCATAT-1,0.031342,0.000071,0.492599,0.475989
AGATACTCAAGATCGA-1,0.039783,0.000022,0.000066,0.960128
AGATATAATACGACTA-1,0.108081,0.002658,0.420232,0.46903
AGATCGTGCATAAGAT-1,0.886549,0.087493,0.004825,0.021133
AGATCTCAGGTGTGAT-1,0.00006,0.00006,0.064175,0.935705
AGATCTGGAGAGGATA-1,0.054819,0.678002,0.199782,0.067398
AGATGACTCGCCCACG-1,0.370538,0.405394,0.220937,0.003131
AGATGAGGGTTGCGAT-1,0.000058,0.000058,0.492451,0.507433
AGATGATGGAGTCTGG-1,0.511902,0.487572,0.000263,0.000263
AGATGCAAGACGTGCA-1,0.029535,0.067416,0.722222,0.180827
AGATGCATCCTGTGTC-1,0.023214,0.916009,0.060318,0.000459
AGATGCTATAACGAGC-1,0.388236,0.571367,0.002305,0.038093
AGATTATAGGACGTTT-1,0.094427,0.000093,0.017095,0.888386
AGATTCAAGCGGGTCG-1,0.000059,0.005559,0.797172,0.19721
AGATTCACAACCGATA-1,0.16332,0.586164,0.079726,0.170789
AGCAAAGGCCGCTAGT-1,0.000029,0.000029,0.041022,0.958919
AGCAACATATCTTATT-1,0.000057,0.000057,0.125514,0.874371
AGCAACCGAAAGTAAT-1,0.000134,0.7937,0.205763,0.000403
AGCACACGTTTAGACT-1,0.000058,0.030952,0.577265,0.391725
AGCACCAGTACTCACG-1,0.000277,0.661946,0.336946,0.000831
AGCACTACCGGCCTGT-1,0.717288,0.008415,0.000193,0.274104
AGCACTACCTCACCAG-1,0.000043,0.000043,0.150519,0.849396
AGCACTTAAGGACGCC-1,0.136628,0.000045,0.134341,0.728986
AGCAGAAGGAGAAAGA-1,0.000031,0.019448,0.339282,0.64124
AGCAGCCAGATGAATA-1,0.15283,0.068157,0.501058,0.277955
AGCAGTCGAAGCATGC-1,0.001066,0.00686,0.212832,0.779242
AGCATATCAATATGCT-1,0.000077,0.000077,0.785593,0.214253
AGCATCATTTCGAAAG-1,0.000109,0.092044,0.907519,0.000327
AGCATCGTCGATAATT-1,0.000179,0.085759,0.787767,0.126295
AGCATTACGAGGCAAG-1,0.000055,0.002439,0.625161,0.372345
AGCCAAGCTTTGTGTC-1,0.095773,0.005089,0.38769,0.511448
AGCCACAGGTTACCCG-1,0.000052,0.000052,0.312975,0.686921
AGCCACTCCCGTGCTT-1,0.596341,0.322737,0.028845,0.052077
AGCCATATAGTATGTG-1,0.08603,0.000072,0.165145,0.748754
AGCCCATACATGTAAG-1,0.000354,0.77848,0.220105,0.001061
AGCCCGCAACAAGCAG-1,0.062172,0.007516,0.331404,0.598908
AGCCCGCACTACAATG-1,0.000046,0.008963,0.517753,0.473237
AGCCCGGCATTAGAGG-1,0.000032,0.000032,0.125818,0.874118
AGCCCGGTAGCCTGTA-1,0.000051,0.000051,0.439542,0.560356
AGCCCTAAGCGAAGTT-1,0.56649,0.001346,0.313679,0.118485
AGCCCTCCCTGGTGGC-1,0.042101,0.025999,0.774152,0.157748
AGCCCTGTCGCACCGT-1,0.000052,0.014071,0.102135,0.883741
AGCCCTTCTAATCCGA-1,0.689281,0.209493,0.060177,0.041049
AGCCCTTGGACATCCC-1,0.584739,0.201797,0.105838,0.107626
AGCCGCAAATTCAAAT-1,0.618463,0.167834,0.209029,0.004674
AGCCGCTTGATTAGCG-1,0.68679,0.309337,0.001937,0.001936
AGCCGTGGCTAAATGT-1,0.000047,0.206429,0.22265,0.570874
AGCCTAATACCCACGT-1,0.646444,0.309258,0.008429,0.035869
AGCCTTAAAGCGGAAG-1,0.255069,0.575341,0.030602,0.138987
AGCCTTGTCACTGATA-1,0.596576,0.14443,0.054146,0.204847
AGCGACAGGAACGGTC-1,0.000049,0.000049,0.30494,0.694962
AGCGACATCCCATTCA-1,0.00052,0.815362,0.001559,0.182559
AGCGACCAACGATATT-1,0.017898,0.000067,0.33988,0.642154
AGCGACTTTGAAGACA-1,0.000046,0.067703,0.423123,0.509128
AGCGAGACGTGAAGGC-1,0.502318,0.259477,0.00959,0.228616
AGCGATGCGCCTAATA-1,0.094688,0.001118,0.385938,0.518256
AGCGCATAATGAATCG-1,0.00043,0.640985,0.357294,0.001291
AGCGCGGGTGCCAATG-1,0.224071,0.017104,0.130294,0.628531
AGCGCTAGAGCGATGT-1,0.002846,0.082731,0.392705,0.521718
AGCGCTTATGGGCAAG-1,0.086469,0.027842,0.159445,0.726244
AGCGGACACTTCGTAG-1,0.000039,0.000039,0.001185,0.998737
