Barcode,Topic 1,Topic 2,Topic 3,Topic 4,Topic 5,Topic 6,Topic 7to8
AAACAAGTATCTCCCA-1,0.001661,0.095567,0.123723,0.141471,0.053482,0.091933,0.492163
AAACAATCTACTAGCA-1,0.016732,0.083725,0.175672,0.201239,0.019221,0.070774,0.432635
AAACACCAATAACTGC-1,0.995237,0.00068,0.00068,0.00068,0.00068,0.00068,0.001361
AAACAGAGCGACTCCT-1,0.000015,0.021448,0.190965,0.112766,0.011333,0.049986,0.613486
AAACAGCTTTCAGAAG-1,0.963275,0.035948,0.00013,0.000129,0.00013,0.00013,0.000259
AAACAGGGTCTATATT-1,0.99921,0.000113,0.000113,0.000113,0.000113,0.000113,0.000226
AAACATGGTGAGAGGA-1,0.780092,0.000196,0.000196,0.218734,0.000196,0.000196,0.000391
AAACATTTCCCGGATT-1,0.023877,0.038011,0.107043,0.395061,0.057456,0.028557,0.349996
AAACCACTACACAGAT-1,0.180547,0.108862,0.250988,0.115153,0.071117,0.090198,0.183135
AAACCCGAACGAAATC-1,0.001155,0.243008,0.171148,0.44581,0.038923,0.025709,0.074247
AAACCGGAAATGTTAA-1,0.043763,0.110225,0.203295,0.256412,0.067982,0.102665,0.215657
AAACCGGGTAGGTACC-1,0.259765,0.050531,0.066732,0.291655,0.208033,0.019263,0.104021
AAACCGTTCGTCCAGG-1,0.124917,0.133027,0.096821,0.357506,0.062284,0.015458,0.209987
AAACCTAAGCAGCCGG-1,0.983191,0.000059,0.000059,0.016458,0.000059,0.000059,0.000117
AAACCTCATGAAGTTG-1,0.135585,0.012497,0.034729,0.048588,0.294307,0.032948,0.441346
AAACGAAGAACATACC-1,0.04634,0.04237,0.125643,0.66352,0.079453,0.001615,0.04106
AAACGAAGATGGAGTA-1,0.952272,0.000117,0.000117,0.000117,0.000117,0.047026,0.000234
AAACGACAGTCTTGCC-1,0.023733,0.00152,0.002993,0.002779,0.00001,0.968946,0.000019
AAACGAGACGGTTGAT-1,0.011158,0.070001,0.107661,0.314751,0.123546,0.028347,0.344537
AAACGCCCGAGATCGG-1,0.016817,0.001412,0.199807,0.735548,0.010084,0.000023,0.03631
AAACGGGCGTACGGGT-1,0.7929,0.008413,0.036715,0.115342,0.026169,0.00003,0.020431
AAACGGGTTGGTATCC-1,0.076494,0.021777,0.35821,0.354641,0.016304,0.035991,0.136582
AAACGGTTGCGAACTG-1,0.99927,0.000104,0.000104,0.000104,0.000104,0.000104,0.000209
AAACGTGTTCGCCCTA-1,0.000013,0.019242,0.109226,0.085088,0.050712,0.046733,0.688986
AAACTAACGTGGCGAC-1,0.007773,0.003168,0.26637,0.407478,0.025724,0.00861,0.280877
AAACTCGGTTCGCAAT-1,0.998672,0.00019,0.00019,0.00019,0.00019,0.00019,0.000379
AAACTCGTGATATAAG-1,0.011899,0.021169,0.09234,0.423751,0.154325,0.114448,0.182068
AAACTGCTGGCTCCAA-1,0.044988,0.04238,0.149403,0.170932,0.064333,0.078868,0.449097
AAACTTAATTGCACGC-1,0.939923,0.000206,0.002011,0.057038,0.000206,0.000206,0.000411
AAACTTGCAAACGTAT-1,0.345611,0.005084,0.051949,0.20397,0.037456,0.053212,0.302718
AAAGAATGACCTTAGA-1,0.985881,0.000185,0.000185,0.013009,0.000185,0.000185,0.00037
AAAGACATGAAGTTTA-1,0.072923,0.012853,0.141045,0.725831,0.007826,0.005337,0.034185
AAAGACCCAAGTCGCG-1,0.012831,0.016526,0.132479,0.13828,0.027572,0.110376,0.561936
AAAGACTGGGCGCTTT-1,0.047899,0.144457,0.08405,0.219864,0.370877,0.027087,0.105766
AAAGCTTGCCTACATA-1,0.068672,0.039636,0.077533,0.108481,0.121665,0.05971,0.524303
AAAGGCCCTATAATAC-1,0.999031,0.000138,0.000138,0.000138,0.000138,0.000138,0.000277
AAAGGCTACGGACCAT-1,0.999359,0.000092,0.000092,0.000092,0.000092,0.000092,0.000183
AAAGGCTCTCGCGCCG-1,0.102629,0.110961,0.029809,0.043804,0.203998,0.083868,0.424932
AAAGGGATGTAGCAAG-1,0.009201,0.022357,0.14124,0.553377,0.062364,0.007912,0.203548
AAAGGGCAGCTTGAAT-1,0.012785,0.040112,0.162977,0.383038,0.040447,0.008165,0.352476
AAAGGTAAGCTGTACC-1,0.031223,0.012748,0.19593,0.249114,0.044345,0.028219,0.438421
AAAGGTCAACGACATG-1,0.006602,0.018087,0.214341,0.228624,0.170442,0.029282,0.332622
AAAGTAGCATTGCTCA-1,0.734142,0.000189,0.000189,0.264725,0.000189,0.000189,0.000378
AAAGTCACTGATGTAA-1,0.009425,0.032627,0.089477,0.108997,0.052603,0.06275,0.644121
AAAGTCGACCCTCAGT-1,0.131363,0.053909,0.179209,0.400274,0.06688,0.00919,0.159175
AAAGTGCCATCAATTA-1,0.159407,0.062542,0.069735,0.298063,0.258169,0.052182,0.099902
AAAGTGTGATTTATCT-1,0.000814,0.01628,0.096927,0.057751,0.05851,0.079931,0.689788
AAAGTTGACTCCCGTA-1,0.047687,0.096179,0.116512,0.502918,0.151733,0.00207,0.0829
AAATAACCATACGGGA-1,0.024015,0.018622,0.132312,0.106205,0.037481,0.050386,0.630979
AAATAAGGTAGTGCCC-1,0.031856,0.036479,0.15447,0.604738,0.088189,0.007177,0.07709
AAATACCTATAAGCAT-1,0.110174,0.026272,0.157067,0.343912,0.074129,0.039356,0.24909
AAATAGCTTAGACTTT-1,0.126851,0.016511,0.168607,0.426596,0.128083,0.018494,0.114859
AAATAGGGTGCTATTG-1,0.019979,0.002607,0.324039,0.325628,0.201369,0.007059,0.119318
AAATCACTCCTAAACG-1,0.12427,0.000029,0.082261,0.734216,0.016526,0.041434,0.001265
AAATCCGATACACGCC-1,0.8332,0.000032,0.031256,0.129032,0.006383,0.000032,0.000065
AAATCGCGGAAGGAGT-1,0.997841,0.000308,0.000308,0.000308,0.000308,0.000308,0.000617
AAATCGTGTACCACAA-1,0.03963,0.027687,0.023259,0.010424,0.078406,0.112597,0.707997
AAATCTAGCCCTGCTA-1,0.039365,0.26096,0.159176,0.242587,0.054273,0.04859,0.195049
AAATCTGCCCGCGTCC-1,0.999242,0.000108,0.000108,0.000108,0.000108,0.000108,0.000216
AAATGATTCGATCAGC-1,0.000014,0.70759,0.053959,0.034829,0.040293,0.045243,0.118072
AAATGCTCGTTACGTT-1,0.011035,0.007658,0.079917,0.050157,0.033653,0.122897,0.694684
AAATGGCATGTCTTGT-1,0.023174,0.000935,0.187499,0.595162,0.014131,0.008945,0.170154
AAATGGCCCGTGCCCT-1,0.998645,0.000194,0.000194,0.000194,0.000194,0.000194,0.000387
AAATGGTCAATGTGCC-1,0.042589,0.046286,0.13556,0.352498,0.216751,0.03916,0.167156
AAATGTATCTTATCCC-1,0.796082,0.041998,0.002703,0.002178,0.000099,0.116852,0.040088
AAATGTGGGTGCTCCT-1,0.065198,0.069552,0.040824,0.054625,0.511201,0.047831,0.210768
AAATTAACGGGTAGCT-1,0.012801,0.005237,0.145231,0.51577,0.02617,0.033295,0.261496
AAATTAATAAGCGCGA-1,0.998529,0.00021,0.00021,0.00021,0.00021,0.00021,0.00042
AAATTACACGACTCTG-1,0.028536,0.000032,0.152979,0.635179,0.038412,0.018378,0.126484
AAATTACCTATCGATG-1,0.019688,0.013199,0.141414,0.043866,0.027622,0.046937,0.707273
AAATTCCAGGTCCAAA-1,0.012228,0.023657,0.256938,0.34991,0.069469,0.016264,0.271534
AAATTGATAGTCCTTT-1,0.914656,0.000169,0.005998,0.000804,0.000169,0.000169,0.078036
AAATTGCGGCGGTTCT-1,0.086164,0.051816,0.137139,0.251865,0.034042,0.069591,0.369383
AAATTGGTGAGAAGCA-1,0.015401,0.006251,0.291558,0.635131,0.020334,0.000021,0.031303
AAATTTACCGAAATCC-1,0.019148,0.003406,0.270049,0.40253,0.064359,0.015268,0.22524
AAATTTGCGGGTGTGG-1,0.208313,0.061069,0.111403,0.242871,0.075957,0.109041,0.191347
AACAACTGGTAGTTGC-1,0.000024,0.008756,0.172182,0.097024,0.06987,0.048735,0.603408
AACAATACATTGTCGA-1,0.997903,0.0003,0.0003,0.0003,0.0003,0.0003,0.000599
AACAATTACTCTACGC-1,0.000018,0.157301,0.064169,0.034863,0.023437,0.175373,0.544839
AACACACGCTCGCCGC-1,0.005535,0.025014,0.05101,0.055943,0.058434,0.108804,0.69526
AACACGACTGTACTGA-1,0.000017,0.034049,0.193075,0.31434,0.03123,0.032159,0.39513
AACACGCGGCCGCGAA-1,0.046396,0.013465,0.143158,0.501747,0.08087,0.026859,0.187506
AACAGCTGTGTGGCAA-1,0.996333,0.000524,0.000524,0.000524,0.000524,0.000524,0.001048
AACAGGAAATCGAATA-1,0.022828,0.01039,0.214065,0.545737,0.12138,0.000571,0.085029
AACAGGATGGGCCGCG-1,0.001721,0.011935,0.000012,0.000012,0.00104,0.985254,0.000025
AACAGGTAGTATGGAT-1,0.035538,0.082693,0.131247,0.375338,0.216905,0.020528,0.137752
AACATATCAACTGGTG-1,0.027745,0.033525,0.209242,0.372902,0.1259,0.015071,0.215615
AACATCGATACGTCTA-1,0.001933,0.018682,0.075477,0.040871,0.045378,0.08062,0.73704
AACATTGAAGTTGATC-1,0.998613,0.000198,0.000198,0.000198,0.000198,0.000198,0.000396
AACATTGGTCAGCCGT-1,0.126687,0.016136,0.284371,0.211313,0.083401,0.035742,0.24235
AACATTGTGACTCGAG-1,0.999516,0.000069,0.000069,0.000069,0.000069,0.000069,0.000138
AACCAAGACTTCTCTG-1,0.000011,0.995331,0.000011,0.000011,0.000011,0.004601,0.000023
AACCAGTATCACTCTT-1,0.040571,0.00584,0.431168,0.309674,0.043499,0.030469,0.138779
AACCATAGGGTTGAAC-1,0.997675,0.000332,0.000332,0.000332,0.000332,0.000332,0.000664
AACCATGGGATCGCTA-1,0.0653,0.020436,0.124287,0.124816,0.202258,0.054118,0.408784
AACCCAGAGACGGAGA-1,0.104491,0.05815,0.227684,0.136825,0.2062,0.039575,0.227074
AACCCATCCCATGATC-1,0.999042,0.000137,0.000137,0.000137,0.000137,0.000137,0.000274
AACCCGACAACCCGTG-1,0.999569,0.000062,0.000062,0.000062,0.000062,0.000062,0.000123
AACCCGAGCAGAATCG-1,0.070599,0.160929,0.083065,0.234703,0.200937,0.029643,0.220125
AACCCGATAGGGCTTC-1,0.000028,0.030238,0.174939,0.185136,0.105052,0.055835,0.448771
AACCCTACTGTCAATA-1,0.031794,0.022475,0.220026,0.460109,0.089154,0.055882,0.12056
AACCCTGGTGGAACCA-1,0.042276,0.007402,0.330632,0.446728,0.099781,0.007787,0.065395
AACCGAGCTTGGTCAT-1,0.000019,0.005865,0.22174,0.320293,0.029721,0.044048,0.378314
AACCGCTAAGGGATGC-1,0.001131,0.037108,0.017709,0.008979,0.064325,0.104516,0.766233
AACCGTTGTGTTTGCT-1,0.00006,0.017508,0.12142,0.362791,0.016637,0.039714,0.441869
AACCTAAAGCCGTCCG-1,0.243773,0.019514,0.124175,0.592187,0.011408,0.007334,0.001608
AACCTCGCTTTAGCCC-1,0.734117,0.059124,0.014233,0.084072,0.099834,0.001425,0.007195
AACCTGTCACGGAATT-1,0.015802,0.002518,0.264776,0.530934,0.028441,0.061749,0.095779
AACCTTTAAATACGGT-1,0.092962,0.023947,0.129528,0.499149,0.081919,0.009068,0.163427
AACCTTTACGACGTCT-1,0.000024,0.022304,0.270155,0.072038,0.056412,0.021466,0.557602
AACGAAAGTCGTCCCA-1,0.998948,0.00015,0.00015,0.00015,0.00015,0.00015,0.000301
AACGATAATGCCGTAG-1,0.054472,0.016989,0.10113,0.203171,0.196253,0.019885,0.408098
AACGATAGAAGGGCCG-1,0.124708,0.02,0.185359,0.21326,0.063245,0.118283,0.275145
AACGATATGTCAACTG-1,0.053454,0.000814,0.216898,0.419058,0.215827,0.052128,0.041821
AACGCATGATCTGGGT-1,0.027502,0.019385,0.209788,0.524274,0.067108,0.026506,0.125438
AACGCGAACGGCAACA-1,0.043511,0.039567,0.120839,0.333561,0.102893,0.141691,0.217937
AACGCGACCTTGGGCG-1,0.999376,0.000089,0.000089,0.000089,0.000089,0.000089,0.000178
AACGCGGTCTCCAGCC-1,0.025171,0.130795,0.368297,0.406956,0.018979,0.002804,0.046998
AACGCTGTTGCTGAAA-1,0.012533,0.024741,0.13429,0.141802,0.139615,0.058442,0.488578
AACGGACGTACGTATA-1,0.004093,0.026909,0.234716,0.221751,0.136781,0.065145,0.310605
AACGGCCATCTCCGGT-1,0.522615,0.043363,0.061453,0.240177,0.086222,0.026303,0.019868
AACGTACTGTGGGTAC-1,0.327914,0.041331,0.189837,0.138046,0.23229,0.000753,0.06983
AACGTAGTCTACCCAT-1,0.059448,0.015833,0.175603,0.397755,0.023839,0.022108,0.305414
AACGTCAGACTAGTGG-1,0.060835,0.099925,0.09033,0.104655,0.256991,0.08513,0.302136
AACGTGATGAAGGACA-1,0.010758,0.005719,0.234593,0.486641,0.096483,0.012325,0.153481
AACGTGCGAAAGTCTC-1,0.012406,0.070276,0.188871,0.179398,0.052625,0.057959,0.438464
AACGTTATCAGCACCT-1,0.131634,0.043988,0.126386,0.151557,0.186501,0.107496,0.252438
AACTACCCGTTTGTCA-1,0.103965,0.057867,0.128605,0.063376,0.075063,0.057173,0.51395
AACTAGCGTATCGCAC-1,0.047002,0.057625,0.160679,0.142724,0.100916,0.042466,0.448588
AACTAGGCTTGGGTGT-1,0.193516,0.046206,0.051582,0.171027,0.053419,0.034304,0.449946
AACTCAAGTTAATTGC-1,0.058256,0.06506,0.123063,0.201862,0.324106,0.101833,0.125819
AACTCCAGAGCGTGTT-1,0.02309,0.044393,0.110807,0.452306,0.037789,0.020007,0.311609
AACTCCTAATCCCATG-1,0.006964,0.011585,0.26418,0.43614,0.028674,0.009173,0.243284
AACTCGATAAACACGT-1,0.037105,0.021623,0.176705,0.156733,0.080124,0.027617,0.500093
AACTCGATGGCGCAGT-1,0.022254,0.028641,0.032429,0.015951,0.034298,0.64656,0.219867
AACTCTCAATAGAGCG-1,0.000018,0.024762,0.187151,0.136799,0.045596,0.040658,0.565016
AACTCTCAGTGTGCTC-1,0.167468,0.017946,0.117926,0.606329,0.035338,0.000036,0.054958
AACTGAGGTCAGCGTC-1,0.056334,0.022382,0.217614,0.198051,0.289516,0.006202,0.2099
AACTGAGTTATACTGA-1,0.115175,0.127064,0.135157,0.14853,0.334545,0.031642,0.107887
AACTGATATTAGGCCT-1,0.01654,0.058355,0.08394,0.616664,0.09081,0.009425,0.124267
AACTGGGTCCCGACGT-1,0.009714,0.011519,0.170686,0.332427,0.093472,0.041337,0.340845
AACTGGGTTCGAGCCG-1,0.015202,0.001191,0.315912,0.615305,0.031904,0.00273,0.017756
AACTGGTGTGGGCCTT-1,0.032585,0.057357,0.158305,0.182682,0.060505,0.043064,0.465502
AACTTCTGCGTCTATC-1,0.02437,0.021352,0.08312,0.066059,0.153069,0.191684,0.460346
AACTTGCCCGTATGCA-1,0.034182,0.112952,0.061129,0.167217,0.190214,0.030623,0.403684
AACTTGCGTTCTCGCG-1,0.030418,0.020033,0.237409,0.148131,0.114967,0.067277,0.381764
AACTTTACGGGAGCTT-1,0.223621,0.033409,0.024251,0.019768,0.021934,0.052032,0.624984
AACTTTAGCTGCTGAG-1,0.002283,0.03489,0.115125,0.056701,0.035086,0.062735,0.693181
AACTTTCTCGATCATG-1,0.00404,0.088068,0.143898,0.249224,0.166081,0.067996,0.280693
AAGAAATCACCAGATT-1,0.001438,0.223536,0.074701,0.078269,0.117173,0.238067,0.266816
AAGAAGGATCAGTTAG-1,0.022922,0.055687,0.170359,0.294902,0.063699,0.048604,0.343827
AAGACATACGTGGTTT-1,0.782667,0.006647,0.042927,0.129526,0.034536,0.000784,0.002913
AAGACCAAATAACTCA-1,0.998275,0.000246,0.000247,0.000247,0.000246,0.000246,0.000493
AAGACCCAACTGAACA-1,0.747756,0.010643,0.069641,0.102309,0.035459,0.004612,0.029579
AAGACTAACCCGTTGT-1,0.081227,0.017292,0.108233,0.505983,0.137447,0.014247,0.135571
AAGACTCACGCCCACT-1,0.049762,0.044762,0.110121,0.0428,0.242326,0.050661,0.459568
AAGACTGCAAGCTACT-1,0.032449,0.024114,0.103593,0.180842,0.169414,0.036823,0.452765
AAGAGATGAATCGGTA-1,0.036071,0.040839,0.081969,0.431557,0.0531,0.051352,0.305112
AAGAGCTCTTTATCGG-1,0.00001,0.923308,0.00001,0.00001,0.000743,0.056073,0.019847
AAGAGGATGTACGCGA-1,0.061349,0.017985,0.058348,0.218779,0.136193,0.074018,0.433329
AAGAGGCATGGATCGC-1,0.000312,0.035177,0.109288,0.105698,0.068162,0.046136,0.635228
AAGAGGCCCTTTGGAA-1,0.036677,0.075453,0.096037,0.265603,0.157746,0.041554,0.326931
AAGATGGCACCGGACC-1,0.904529,0.000407,0.012061,0.081376,0.000407,0.000407,0.000813
AAGATTGGCGGAACGT-1,0.000564,0.044431,0.173511,0.215601,0.066908,0.01374,0.485245
AAGCACCCTGCGTATC-1,0.225835,0.021975,0.091611,0.370848,0.174039,0.007969,0.107724
AAGCATACTCTCCTGA-1,0.064873,0.043116,0.115292,0.115593,0.187288,0.063171,0.410667
AAGCCGAAGCGGTTTA-1,0.000303,0.053686,0.091555,0.096106,0.086034,0.051205,0.621111
AAGCCGCCGTGAAATC-1,0.998386,0.000231,0.000231,0.000231,0.000231,0.000231,0.000461
AAGCCGCTTTACCTTG-1,0.040452,0.039851,0.211132,0.389624,0.113911,0.049897,0.155134
AAGCCGGAGAGCAGGA-1,0.088507,0.044118,0.102757,0.588757,0.147861,0.005185,0.022815
AAGCGCAGGGCTTTGA-1,0.594109,0.404432,0.000243,0.000243,0.000243,0.000243,0.000486
AAGCGGAGTGCGCGCA-1,0.027641,0.030707,0.387525,0.145471,0.071339,0.025227,0.31209
AAGCGGCGTCATGGGT-1,0.00002,0.024929,0.317091,0.331269,0.02963,0.020849,0.276211
AAGCGTCCCTCATCGA-1,0.939181,0.00026,0.00026,0.00026,0.00026,0.00026,0.059517
AAGCTAGATCGAGTAA-1,0.137348,0.061597,0.109045,0.33682,0.130438,0.022945,0.201806
AAGCTCGTGCCAAGTC-1,0.015834,0.103434,0.116808,0.112379,0.130878,0.090243,0.430423
AAGCTCTTTCATGGTG-1,0.035593,0.00382,0.114668,0.588077,0.056236,0.00457,0.197036
AAGGAGAACTTATAAG-1,0.069526,0.139992,0.082539,0.162987,0.140417,0.12316,0.281379
AAGGAGCGGTTGGTGC-1,0.055593,0.018198,0.106992,0.272944,0.096488,0.04673,0.403055
AAGGATCGATCGCTTG-1,0.00001,0.055944,0.015677,0.004939,0.06356,0.229195,0.630675
AAGGATGAGGGACCTC-1,0.000012,0.047971,0.045339,0.012913,0.066982,0.120144,0.706639
AAGGCAGGCTGTCTCC-1,0.000816,0.0506,0.145223,0.302217,0.1363,0.046958,0.317886
AAGGCGCGTAAAGCTT-1,0.166732,0.174101,0.034213,0.110212,0.331497,0.083415,0.099831
AAGGCTGTGCTCATCG-1,0.002296,0.005761,0.091433,0.072243,0.022316,0.038638,0.767313
AAGGGAACGACTGGCT-1,0.998684,0.000188,0.000188,0.000188,0.000188,0.000188,0.000376
AAGGGACAGATTCTGT-1,0.000022,0.024728,0.261626,0.489018,0.027591,0.0151,0.181914
AAGGGACTATGCATTC-1,0.996069,0.000561,0.000562,0.000562,0.000562,0.000561,0.001123
AAGGGTTTGATTTCAG-1,0.828811,0.115126,0.000347,0.000347,0.054328,0.000347,0.000694
AAGGTATCCTAATATA-1,0.010436,0.008135,0.279989,0.295577,0.084361,0.017645,0.303857
AAGGTGATAAACCAGC-1,0.004733,0.022312,0.112686,0.081431,0.037657,0.048405,0.692775
AAGTAGAAGACCGGGT-1,0.099418,0.036534,0.130619,0.233283,0.141873,0.092893,0.265381
AAGTAGTGACGCGAGG-1,0.028251,0.059227,0.257091,0.255562,0.154772,0.167472,0.077625
AAGTCAATTGTCGTCA-1,0.007486,0.077235,0.08578,0.117302,0.22078,0.047182,0.444235
AAGTCTAGTAGCTGCC-1,0.00001,0.624589,0.002299,0.000293,0.011529,0.153957,0.207324
AAGTCTTCTGTGGCCT-1,0.877306,0.071488,0.000099,0.000099,0.015325,0.015599,0.020083
AAGTGACGACCGAATT-1,0.450461,0.005237,0.059183,0.379261,0.043111,0.020461,0.042286
AAGTGAGTCGGGTTTA-1,0.874237,0.071289,0.000122,0.000122,0.000122,0.049666,0.004441
AAGTGCAAAGGTAGAC-1,0.065509,0.005748,0.107194,0.267312,0.038264,0.328178,0.187794
AAGTGCCTTGACTGTA-1,0.005106,0.064634,0.131803,0.290431,0.099538,0.04806,0.360428
AAGTGCGTTAGAATCT-1,0.181911,0.027983,0.097575,0.249988,0.3997,0.00787,0.034973
AAGTGCTTCTCTATTG-1,0.846042,0.038567,0.000174,0.000174,0.000174,0.114519,0.000349
AAGTGTTTGGAGACGG-1,0.052803,0.083324,0.091448,0.226275,0.130843,0.051028,0.36428
AAGTTCACTCCAAGCT-1,0.036909,0.043742,0.060099,0.035707,0.144043,0.041992,0.637508
AAGTTCAGTCTGCGTA-1,0.000157,0.045879,0.154815,0.261551,0.062304,0.038691,0.436603
AAGTTCGGCCAACAGG-1,0.186986,0.032084,0.084207,0.293177,0.074886,0.042982,0.285678
AAGTTGTGATGTTATA-1,0.837492,0.032256,0.031876,0.045863,0.033092,0.003301,0.01612
AAGTTTACTAATGGCA-1,0.000015,0.075251,0.123698,0.141599,0.039931,0.104827,0.514678
AAGTTTATGGGCCCAA-1,0.812085,0.00015,0.082352,0.087777,0.017186,0.00015,0.000301
AATAACAACGCTCGGC-1,0.107488,0.042561,0.049755,0.355381,0.361261,0.014827,0.068727
AATAACACTAGAACAA-1,0.146944,0.02701,0.065633,0.192657,0.058145,0.028603,0.481008
AATAAGTCCTCGAGAC-1,0.046767,0.00422,0.267556,0.564183,0.025373,0.006755,0.085146
AATAATCTTCGTATCG-1,0.09976,0.139966,0.166117,0.122318,0.266145,0.056236,0.149457
AATACAATGTTTCAGG-1,0.10058,0.026493,0.010974,0.007334,0.12038,0.107703,0.626535
AATACCGGAGGGCTGT-1,0.999275,0.000104,0.000104,0.000104,0.000104,0.000104,0.000207
AATAGAACAGAGTGGC-1,0.088409,0.056157,0.077061,0.207284,0.103043,0.061109,0.406936
AATAGAATCTGTTTCA-1,0.001141,0.022591,0.18132,0.464689,0.038437,0.022726,0.269097
AATAGCAAGCCTCCTG-1,0.057736,0.069847,0.101711,0.079697,0.090423,0.086956,0.51363
AATAGCTACCGCGTGC-1,0.000066,0.046279,0.167367,0.256965,0.060265,0.022755,0.446304
AATAGTCCGTCCCGAC-1,0.134773,0.005663,0.07734,0.748108,0.001393,0.000061,0.032663
AATAGTCGCGAGTCGG-1,0.019238,0.174796,0.071469,0.045531,0.07157,0.105392,0.512005
AATATCAAGGTCGGAT-1,0.101355,0.019135,0.095214,0.590877,0.095298,0.030964,0.067156
AATATCCTAGCAAACT-1,0.998151,0.000264,0.000264,0.000264,0.000264,0.000264,0.000528
AATATCGAATCAATGC-1,0.004468,0.048872,0.274009,0.288826,0.063917,0.01883,0.301078
AATATCGAGGGTTCTC-1,0.040726,0.125966,0.181999,0.525896,0.037711,0.034265,0.053437
AATATTGGAGTATTGA-1,0.118859,0.147446,0.040194,0.153237,0.242114,0.075259,0.222892
AATCAGACTGCAGGAC-1,0.027672,0.087793,0.133575,0.127055,0.028733,0.176851,0.41832
AATCAGGTTTCATTTA-1,0.88541,0.000103,0.066465,0.047609,0.000103,0.000103,0.000206
AATCATGTAAAGACTC-1,0.029231,0.092139,0.10568,0.258939,0.142999,0.060155,0.310858
AATCCAAGGGCCTGAG-1,0.197658,0.043288,0.256454,0.471609,0.017847,0.007725,0.005418
AATCCATGCAAGGGTG-1,0.021817,0.127401,0.130207,0.391563,0.085542,0.053777,0.189693
AATCGCCTCAGCGCCA-1,0.023484,0.016457,0.054084,0.020826,0.031511,0.078809,0.77483
AATCGCGCAGAGGACT-1,0.011125,0.021411,0.242034,0.568667,0.03626,0.037088,0.083416
AATCGGGACACTACGA-1,0.02996,0.03945,0.098228,0.361992,0.156939,0.032856,0.280575
AATCGTGAGCCGAGCA-1,0.837317,0.000151,0.000317,0.16161,0.000151,0.000151,0.000302
AATCTAGGTTTACTTG-1,0.993997,0.000858,0.000858,0.000858,0.000858,0.000858,0.001715
AATCTATGCCGGAGCC-1,0.000018,0.053392,0.206555,0.185205,0.078531,0.060023,0.416277
AATCTCTACTGTGGTT-1,0.272782,0.100976,0.165213,0.402252,0.020686,0.000079,0.038012
AATCTGCGTTGGGACG-1,0.000019,0.02295,0.16667,0.144081,0.06283,0.055728,0.547722
AATCTGGCTTTCTAGT-1,0.997217,0.000398,0.000398,0.000398,0.000398,0.000398,0.000795
AATCTGGGTAGACCCT-1,0.011885,0.059601,0.123594,0.069582,0.079562,0.034365,0.621411
AATGACAGCAATGTCT-1,0.230435,0.037532,0.112644,0.113458,0.063916,0.076711,0.365305
AATGACGTAGGATGTC-1,0.09308,0.095939,0.046114,0.075463,0.369169,0.051855,0.26838
AATGACTGTCAGCCGG-1,0.109398,0.046866,0.118071,0.128564,0.069911,0.059744,0.467445
AATGAGTTCGCATATG-1,0.018026,0.055417,0.10998,0.212628,0.160946,0.097812,0.345191
AATGATGATACGCTAT-1,0.008491,0.152582,0.181242,0.111873,0.064296,0.034786,0.446731
AATGATGCGACTCCTG-1,0.001777,0.018747,0.020914,0.073777,0.004265,0.880366,0.000153
AATGCAACCGGGTACC-1,0.015104,0.010339,0.083362,0.113536,0.071964,0.083358,0.622335
AATGCACCAAGCAATG-1,0.051371,0.080913,0.154065,0.113049,0.142952,0.05235,0.4053
AATGGCCGCCAATGCG-1,0.158633,0.029114,0.17351,0.379006,0.23125,0.001924,0.026562
AATGGTCCACCGTTCA-1,0.001448,0.005765,0.041613,0.036019,0.032583,0.060998,0.821573
AATGGTTCTCACAAGC-1,0.151022,0.029495,0.135129,0.397437,0.09621,0.023882,0.166824
AATGTATGGCACTGTA-1,0.998226,0.000253,0.000254,0.000254,0.000253,0.000253,0.000507
AATGTGCCCGAGGTGT-1,0.993043,0.000994,0.000994,0.000994,0.000994,0.000994,0.001988
AATGTGCTAATCTGAG-1,0.998962,0.000148,0.000148,0.000148,0.000148,0.000148,0.000297
AATGTTGTCGTGAGAC-1,0.695845,0.010016,0.051809,0.230685,0.011416,0.000076,0.000152
AATTAAAGGTCGGCGT-1,0.034809,0.031115,0.121579,0.157646,0.154381,0.084528,0.415942
AATTAACGGATTTCCA-1,0.217019,0.052018,0.158961,0.171636,0.099765,0.028037,0.272563
AATTACGAGACCCATC-1,0.897364,0.000464,0.000464,0.099854,0.000464,0.000464,0.000928
AATTACTCGTACGCTC-1,0.080046,0.09343,0.214913,0.380319,0.086449,0.015233,0.12961
AATTAGCGCTGCAGCG-1,0.065039,0.04569,0.03524,0.043971,0.141543,0.046458,0.62206
AATTCATAAGGGATCT-1,0.000027,0.067344,0.289631,0.338368,0.024212,0.028811,0.251606
AATTCATTGTCATGCA-1,0.8508,0.00021,0.00021,0.14794,0.00021,0.00021,0.00042
AATTCCAACTTGGTGA-1,0.052111,0.054848,0.187129,0.122235,0.222406,0.03094,0.330331
AATTCCAAGCATGTAC-1,0.998857,0.000163,0.000163,0.000163,0.000163,0.000163,0.000327
AATTCGATTCGAGGAT-1,0.970877,0.000109,0.000109,0.028469,0.000109,0.000109,0.000218
AATTCTAGAGTTAGGC-1,0.042832,0.04099,0.14777,0.175171,0.172343,0.034624,0.386269
AATTGAACGCTCTGGT-1,0.064253,0.166324,0.074096,0.039005,0.067222,0.134201,0.454899
AATTGCAGCAATCGAC-1,0.315447,0.021481,0.092758,0.336862,0.201106,0.001849,0.030497
AATTGCGTGGATTACA-1,0.997769,0.000319,0.000319,0.000319,0.000319,0.000319,0.000637
AATTGTGGTTGCCAAA-1,0.771943,0.068582,0.015903,0.020916,0.09662,0.013191,0.012845
AATTTGGGACATAGTA-1,0.03548,0.010259,0.219367,0.369249,0.079365,0.016152,0.270127
AATTTGGTTCCAAAGA-1,0.041313,0.011841,0.293432,0.416907,0.036355,0.019201,0.180953
ACAAACCATGCGTCCT-1,0.998409,0.000227,0.000227,0.000227,0.000227,0.000227,0.000455
ACAAACCGACAAGGCG-1,0.306423,0.00392,0.088385,0.598558,0.002631,0.000028,0.000056
ACAAAGAAGGTAGGCC-1,0.998155,0.000264,0.000264,0.000264,0.000264,0.000264,0.000527
ACAAAGCATGACCTAG-1,0.03549,0.05048,0.042935,0.029688,0.066904,0.100081,0.674421
ACAAATCGCACCGAAT-1,0.069608,0.054727,0.121567,0.379873,0.2542,0.011556,0.108471
ACAAATGGTAGTGTTT-1,0.001992,0.064503,0.054046,0.008524,0.070867,0.2128,0.587268
ACAAATTCAGATCTGA-1,0.010063,0.033042,0.146508,0.349425,0.173811,0.016422,0.270729
ACAACAGCATGAGCTA-1,0.012734,0.022109,0.073062,0.067144,0.160131,0.071994,0.592826
ACAACGGTCCCTGCGA-1,0.045192,0.021368,0.186989,0.357403,0.070921,0.053706,0.264421
ACAAGCAGTGCCTAGC-1,0.041046,0.050853,0.154613,0.283037,0.113183,0.028067,0.329202
ACAAGCTATATGGAAG-1,0.960712,0.026356,0.000095,0.000095,0.000095,0.012456,0.00019
ACAAGGAAATCCGCCC-1,0.055712,0.026382,0.15319,0.2328,0.20636,0.033466,0.29209
ACAAGGACAAGAGGTT-1,0.007598,0.032209,0.066689,0.109394,0.044524,0.108842,0.630745
ACAAGGATGCTTTAGG-1,0.074235,0.023853,0.059069,0.253679,0.118545,0.033656,0.436963
ACAAGGCCTACCAGCC-1,0.053143,0.000094,0.133455,0.764964,0.022857,0.001253,0.024235
ACAAGGGCAGGCTCTG-1,0.089557,0.101997,0.064404,0.131174,0.327047,0.041006,0.244815
ACAATAGTCGTACGTT-1,0.101004,0.000773,0.159926,0.640654,0.01712,0.003648,0.076875
ACAATCCATTTAAACC-1,0.125997,0.016108,0.112932,0.305665,0.275983,0.005035,0.158279
ACAATCGATCTTTATA-1,0.011957,0.031129,0.295095,0.266254,0.050599,0.021131,0.323835
ACAATGAATACGGAGA-1,0.742921,0.038986,0.000162,0.000162,0.000162,0.110961,0.106645
ACAATGATTCTTCTAC-1,0.060386,0.025557,0.272489,0.30306,0.166721,0.01339,0.158396
ACAATTGTGTCTCTTT-1,0.030435,0.029959,0.098944,0.157095,0.023738,0.118901,0.540929
ACAATTTAGGAGGCTC-1,0.125328,0.047851,0.089444,0.653427,0.024992,0.008251,0.050707
ACAATTTGAGCAGTGG-1,0.046001,0.04234,0.103106,0.220965,0.139403,0.022653,0.425531
ACAATTTGGCCATATT-1,0.000023,0.205151,0.148956,0.282791,0.061586,0.063181,0.238312
ACACAAAGACGGGTGG-1,0.035484,0.075034,0.050887,0.165269,0.114228,0.071061,0.488037
ACACAAATATTCCTAG-1,0.061405,0.035996,0.323085,0.405837,0.058518,0.00566,0.109499
ACACACCAGGACCAGT-1,0.004789,0.039407,0.190604,0.387497,0.058607,0.0331,0.285996
ACACACTTTCTACACG-1,0.003449,0.009803,0.069092,0.05574,0.061276,0.058971,0.74167
ACACATGATCAAATCT-1,0.997352,0.000378,0.000378,0.000378,0.000378,0.000378,0.000757
ACACATTGACGCAACA-1,0.021423,0.032609,0.038996,0.013894,0.080228,0.074932,0.737918
ACACCACATAATTAGC-1,0.0029,0.06604,0.136741,0.135863,0.05688,0.067275,0.534302
ACACCCAGCATGCAGC-1,0.108942,0.026676,0.25665,0.285254,0.071215,0.039782,0.211481
ACACCCGAGAAATCCG-1,0.107183,0.036379,0.227474,0.256692,0.033837,0.023096,0.31534
ACACCCGTAAATCTGT-1,0.049407,0.00914,0.11014,0.601387,0.139395,0.002151,0.088381
ACACCGAGCGCTCTTT-1,0.045553,0.049034,0.184485,0.259013,0.110879,0.06563,0.285405
ACACCGGTCTGACCGC-1,0.999368,0.00009,0.00009,0.00009,0.00009,0.00009,0.000181
ACACCTTAAGTAGGGC-1,0.116001,0.095099,0.053539,0.134316,0.30522,0.052167,0.243659
ACACCTTACTACTTGC-1,0.000016,0.018127,0.17606,0.161859,0.035414,0.192456,0.416067
ACACGAGACTCCTTCT-1,0.017472,0.054616,0.114266,0.114551,0.085846,0.058439,0.554809
ACACGGCACTATGCAT-1,0.578604,0.01096,0.095366,0.260295,0.030529,0.001365,0.022881
ACACGGGAACTTAGGG-1,0.007732,0.007885,0.347609,0.264613,0.09273,0.077027,0.202404
ACACGTAGGCCACAAG-1,0.032063,0.117765,0.158884,0.132221,0.132512,0.055956,0.370599
ACACTCCAATGTCACT-1,0.015118,0.044729,0.062011,0.092206,0.298657,0.10719,0.38009
ACACTGATCAAGGTGT-1,0.149207,0.011351,0.111972,0.601477,0.037779,0.005777,0.082437
ACACTGGGACAGTCGT-1,0.004238,0.410481,0.029784,0.0319,0.084663,0.089603,0.349331
ACAGAACTGAGAACAA-1,0.93265,0.000174,0.000174,0.06112,0.005357,0.000174,0.000349
ACAGATTAGGTTAGTG-1,0.080646,0.014198,0.204564,0.372057,0.126532,0.020469,0.181534
ACAGCATAGAGCCAGT-1,0.010105,0.01883,0.084553,0.085412,0.152073,0.048204,0.600822
ACAGCGACATTCTCAT-1,0.040443,0.109424,0.048539,0.43919,0.253442,0.007572,0.10139
ACAGCGCACCCGCAGC-1,0.005243,0.032507,0.083277,0.098032,0.070005,0.051483,0.659453
ACAGGAGGCGCAGCCG-1,0.863573,0.000053,0.011854,0.124309,0.000053,0.000053,0.000106
ACAGGCTTGCCCGACT-1,0.027199,0.06873,0.14916,0.201805,0.131411,0.092404,0.329292
ACAGGTGGAGGTGAGG-1,0.16001,0.021926,0.078733,0.153429,0.10814,0.018486,0.459276
ACAGGTGTGTTGTTGC-1,0.870378,0.000102,0.000102,0.000102,0.129008,0.000102,0.000205
ACAGTAATACAACTTG-1,0.999414,0.000084,0.000084,0.000084,0.000084,0.000084,0.000168
ACAGTATACCGTGGGA-1,0.00437,0.032432,0.234438,0.321668,0.052943,0.024639,0.329511
ACAGTGCAGCGCATTT-1,0.000023,0.002071,0.167379,0.553452,0.044477,0.00938,0.223218
ACATAAGTCGTGGTGA-1,0.998514,0.000212,0.000212,0.000212,0.000212,0.000212,0.000424
ACATAATAAGGCGGTG-1,0.072293,0.010007,0.115222,0.323297,0.126341,0.022002,0.330838
ACATCAGCTGGGACGC-1,0.081554,0.036453,0.125855,0.106789,0.131058,0.051678,0.466612
ACATCCCGGCCATACG-1,0.105074,0.047815,0.100622,0.23174,0.133582,0.03473,0.346437
ACATCCTGGTAACTGT-1,0.000019,0.03335,0.163253,0.333099,0.050124,0.040249,0.379906
ACATCGATCGTTTACC-1,0.035798,0.048679,0.13753,0.064356,0.115796,0.037939,0.559902
ACATCGGTCAGCCGCG-1,0.160368,0.081649,0.061922,0.077099,0.113166,0.14249,0.363306
ACATCGTATGCAATGG-1,0.000016,0.032044,0.122936,0.115378,0.057661,0.077327,0.594638
ACATCGTTAACCTAGT-1,0.083997,0.02112,0.111523,0.101474,0.641516,0.007895,0.032475
ACATCTCAACGCGTAA-1,0.116064,0.032795,0.19411,0.356982,0.181746,0.012304,0.106
ACATGGCGCCAAAGTA-1,0.038232,0.050082,0.16896,0.285332,0.114524,0.040539,0.302332
ACATGGCTCAATTTAG-1,0.01756,0.243303,0.085902,0.108876,0.058591,0.10973,0.376038
ACATTAGTTTATATCC-1,0.096726,0.079642,0.143884,0.137804,0.104254,0.029231,0.408459
ACCAAACACCCAGCGA-1,0.039932,0.004104,0.407386,0.429077,0.032434,0.002422,0.084645
ACCAAACTAGAAATCC-1,0.05601,0.000431,0.150373,0.718748,0.013668,0.003888,0.056882
ACCAACACCACACACT-1,0.007704,0.209617,0.050144,0.019004,0.020054,0.113579,0.579898
ACCAACCGCACTCCAC-1,0.750109,0.031884,0.038546,0.13084,0.025842,0.005599,0.017181
ACCAACGCTTATTTAT-1,0.086402,0.032591,0.094409,0.181267,0.309576,0.03172,0.264035
ACCAAGAACGCGTGTC-1,0.174179,0.139996,0.111975,0.226294,0.154512,0.070012,0.123032
ACCAATATGCAAGTTA-1,0.06433,0.011939,0.127423,0.267142,0.155582,0.012368,0.361218
ACCACAACTCAGAACA-1,0.104609,0.008363,0.153398,0.204845,0.140941,0.015974,0.371869
ACCACAAGTTTCTATC-1,0.007318,0.00342,0.086041,0.140703,0.08979,0.089213,0.583514
ACCACCAATGTAACAA-1,0.017092,0.014156,0.235563,0.5021,0.040538,0.027944,0.162607
ACCACCCTCTCTTCTA-1,0.062487,0.021928,0.108195,0.562037,0.026089,0.127023,0.092241
ACCACGTGCAGCTATA-1,0.061331,0.077129,0.117233,0.354085,0.137231,0.015401,0.237589
ACCACTGTTCAAGAAG-1,0.079335,0.061435,0.172822,0.487957,0.161743,0.01475,0.021959
ACCAGACCATAACAAC-1,0.745394,0.028166,0.008676,0.000058,0.042602,0.08039,0.094713
ACCAGCCCGGTCTTTG-1,0.066655,0.007109,0.22116,0.651628,0.0242,0.000026,0.029222
ACCAGGAGTGTGATCT-1,0.015098,0.018699,0.052529,0.010668,0.35061,0.047973,0.504422
ACCAGTGCCCGGTCAA-1,0.085507,0.052043,0.208177,0.4438,0.14442,0.005855,0.060198
ACCAGTGCGGGAGACG-1,0.000016,0.008032,0.109105,0.329954,0.016164,0.493369,0.043361
ACCATATCCGCAATAA-1,0.056099,0.020433,0.050066,0.029955,0.102036,0.25973,0.48168
ACCATCCGCCAACTAG-1,0.928099,0.000148,0.024475,0.000148,0.000148,0.000148,0.046835
ACCATCGTATATGGTA-1,0.029317,0.019888,0.213297,0.270154,0.08397,0.028444,0.354931
ACCATTAAGGGTGTCA-1,0.093697,0.220954,0.215569,0.127697,0.025531,0.092089,0.224464
ACCCAACGCCCGTGGC-1,0.000024,0.01135,0.253091,0.111013,0.033074,0.041919,0.549529
ACCCACCTACATGCTC-1,0.023408,0.037465,0.083571,0.093166,0.035877,0.046468,0.680045
ACCCATCTTGAGGGTA-1,0.037149,0.067922,0.13011,0.200479,0.148047,0.02325,0.393044
ACCCATTTGTCCCTCT-1,0.008567,0.041365,0.202433,0.499556,0.04412,0.017577,0.186382
ACCCGAGCGAAATTAC-1,0.996869,0.000447,0.000447,0.000447,0.000447,0.000447,0.000894
ACCCGATTGGTTCCGA-1,0.909841,0.000098,0.000098,0.000098,0.000098,0.089573,0.000195
ACCCGGAAACTCCCAG-1,0.336602,0.049827,0.050396,0.216947,0.148395,0.019664,0.178169
ACCCGGAGCACCACAA-1,0.060115,0.03461,0.181498,0.534175,0.141664,0.007487,0.040451
ACCCGGATGACGCATC-1,0.010307,0.087247,0.051833,0.089719,0.172985,0.071947,0.515961
ACCCGGTTACACTTCC-1,0.079635,0.081762,0.177315,0.271987,0.032828,0.053512,0.302961
ACCCGTAGTCTAGTTG-1,0.867829,0.073258,0.001121,0.00059,0.029947,0.020091,0.007164
ACCCGTGTCATCAGTA-1,0.566986,0.09744,0.002576,0.00592,0.193777,0.036908,0.096393
ACCCTATAGGACTGAG-1,0.016909,0.29353,0.130367,0.311917,0.023425,0.068777,0.155074
ACCCTATGCCATATCG-1,0.703384,0.000173,0.14232,0.144805,0.008799,0.000173,0.000346
ACCCTCCCTTGCTATT-1,0.016922,0.184843,0.152562,0.385111,0.129708,0.036606,0.094248
ACCCTGGTAACGCCCT-1,0.000016,0.052178,0.058952,0.018298,0.026888,0.062691,0.780977
ACCCTTCATCTGCGAA-1,0.00002,0.01279,0.157156,0.089681,0.020499,0.044327,0.675528
ACCCTTGCCTGGGTCG-1,0.000037,0.086616,0.19741,0.299249,0.11211,0.03563,0.268948
ACCCTTTAGTTCTCCA-1,0.010372,0.019719,0.112272,0.23907,0.109319,0.027618,0.481631
ACCGAAAGGGCCCTGC-1,0.052676,0.036561,0.153493,0.0999,0.048733,0.060132,0.548506
ACCGAAGAGTCTGGTT-1,0.998048,0.000279,0.000279,0.000279,0.000279,0.000279,0.000558
ACCGACACATCTCCCA-1,0.999603,0.000057,0.000057,0.000057,0.000057,0.000057,0.000113
ACCGACTGAGTCCCAC-1,0.027427,0.023161,0.135,0.520164,0.149255,0.003898,0.141095
ACCGATAGGCATAACC-1,0.071181,0.050586,0.156694,0.333107,0.079109,0.033112,0.27621
ACCGATATTTAATCAT-1,0.00001,0.616076,0.018244,0.005286,0.033337,0.199418,0.127629
ACCGATGGTAGCATCG-1,0.098946,0.03266,0.164746,0.125182,0.127462,0.038788,0.412216
ACCGCAATAACTGCCT-1,0.067149,0.082937,0.139159,0.196713,0.23742,0.044553,0.232069
ACCGCGGTGGAAGTCG-1,0.000012,0.016669,0.139011,0.18245,0.03507,0.04828,0.578508
ACCGGGCCTTTGTTGA-1,0.017278,0.036062,0.063427,0.036914,0.039424,0.099723,0.707172
ACCGGTCAGGTACACC-1,0.960634,0.00045,0.00045,0.036664,0.00045,0.00045,0.000901
ACCGGTCTGAGTACGG-1,0.000138,0.018006,0.248049,0.14509,0.026566,0.026232,0.535919
ACCGTCCACTGGGCCC-1,0.998475,0.000218,0.000218,0.000218,0.000218,0.000218,0.000436
ACCGTGACCACGTGGG-1,0.998965,0.000148,0.000148,0.000148,0.000148,0.000148,0.000296
ACCGTTCCCGCTCTGA-1,0.023859,0.011936,0.150333,0.371282,0.037422,0.026341,0.378827
ACCTAAGTACCTTTCA-1,0.141364,0.02054,0.123185,0.421568,0.012144,0.013854,0.267344
ACCTAATCGACTTCCT-1,0.005529,0.027377,0.098776,0.068254,0.058604,0.040248,0.701212
ACCTACAGTATGTGGT-1,0.013339,0.032528,0.116005,0.160322,0.044875,0.11952,0.513411
ACCTACTATAAATCTA-1,0.968323,0.000134,0.000135,0.03087,0.000135,0.000134,0.000269
ACCTCCGCCCTCGCTG-1,0.002197,0.056329,0.235705,0.322512,0.038993,0.026119,0.318145
ACCTCCGTTATTCACC-1,0.00002,0.006069,0.234872,0.13731,0.013637,0.034253,0.573839
ACCTCGAACTTATGCT-1,0.974949,0.024197,0.000142,0.000142,0.000142,0.000142,0.000285
ACCTGCGTGTCATGTT-1,0.326765,0.016913,0.101784,0.447311,0.009003,0.00004,0.098184
ACCTTTCCTTTAGAAG-1,0.034828,0.001781,0.457129,0.419079,0.015458,0.000369,0.071356
ACGAAATGGGCGGCAC-1,0.037565,0.009865,0.196394,0.231318,0.072694,0.020847,0.431317
ACGACCCATGAGTTGC-1,0.103816,0.094622,0.186802,0.356996,0.208041,0.008929,0.040795
ACGACTGGTCATACTC-1,0.873186,0.000211,0.000211,0.125547,0.000211,0.000211,0.000422
ACGAGAACCCATCACG-1,0.083344,0.097883,0.056281,0.034949,0.130606,0.114722,0.482215
ACGAGATATTTGCTTA-1,0.000719,0.003925,0.159348,0.175553,0.095909,0.026202,0.538345
ACGAGGATACCACTCT-1,0.998803,0.000171,0.000171,0.000171,0.000171,0.000171,0.000342
ACGAGGTTTACAACGT-1,0.966278,0.033035,0.000114,0.000114,0.000114,0.000114,0.000229
ACGAGTACGGATGCCC-1,0.000015,0.043189,0.009498,0.003824,0.04519,0.114458,0.783827
ACGATACATAGAACTA-1,0.012236,0.052604,0.250721,0.544986,0.069254,0.005283,0.064915
ACGATACCTATCCTGA-1,0.879744,0.075279,0.000075,0.000075,0.015213,0.021825,0.007788
ACGATCATACATAGAG-1,0.000027,0.03772,0.213361,0.186525,0.152422,0.020958,0.388986
ACGATCATCTTGTAAA-1,0.010115,0.039134,0.392889,0.274807,0.062319,0.030916,0.189819
ACGATGCATATGTTAT-1,0.053115,0.139194,0.021496,0.021712,0.190338,0.141591,0.432553
ACGATGGATCCGATGC-1,0.135324,0.000049,0.249258,0.343502,0.270183,0.000049,0.001636
ACGCAAACTAATAGAT-1,0.966631,0.000183,0.000183,0.032269,0.000183,0.000183,0.000367
ACGCAATCACTACAGC-1,0.022376,0.063744,0.366642,0.447917,0.034962,0.020573,0.043785
ACGCATAAATGACATG-1,0.000019,0.008624,0.195598,0.360034,0.033423,0.022166,0.380138
ACGCATACGTTTACTA-1,0.108539,0.071866,0.114579,0.185995,0.205244,0.032889,0.280889
ACGCATTCGTGAGTAC-1,0.004923,0.015037,0.235153,0.482234,0.05501,0.008383,0.19926
ACGCCAGATGATTTCT-1,0.000631,0.017115,0.164377,0.267413,0.20027,0.024816,0.325377
ACGCCCAGCTGTCGAT-1,0.075735,0.040615,0.245483,0.080935,0.03069,0.088547,0.437995
ACGCCGCTAGACGACC-1,0.073663,0.113744,0.079594,0.016078,0.431634,0.044049,0.241237
ACGCGAAGTCAGACGA-1,0.043413,0.030016,0.040108,0.078179,0.273378,0.087558,0.447347
ACGCGCTACACAGGGT-1,0.247562,0.03504,0.113871,0.369159,0.118309,0.050246,0.065812
ACGCGGGCCAAGGACA-1,0.000019,0.013704,0.081477,0.02888,0.061927,0.072459,0.741534
ACGCGTTTCTTAAGAG-1,0.206911,0.005332,0.203681,0.477708,0.031659,0.000043,0.074667
ACGCTAGTATCAGTGC-1,0.032329,0.000047,0.250045,0.690412,0.000047,0.025973,0.001146
ACGCTAGTGATACACT-1,0.011598,0.004086,0.20523,0.163125,0.102888,0.03799,0.475082
ACGCTGTGAGGCGTAG-1,0.190638,0.026417,0.201577,0.560149,0.007136,0.000079,0.014004
ACGCTTAGTGTCTCTC-1,0.382023,0.007068,0.186058,0.393006,0.003318,0.013108,0.015419
ACGGAATTTAGCAAAT-1,0.004401,0.041509,0.084815,0.063214,0.100592,0.059353,0.646117
ACGGACTCTCAAAGCG-1,0.79408,0.075457,0.013569,0.019804,0.083584,0.006122,0.007385
ACGGAGCGCAAATTAC-1,0.004703,0.207605,0.028468,0.004346,0.042921,0.090577,0.62138
ACGGATGGTGCGGATA-1,0.096194,0.005032,0.13998,0.334075,0.063127,0.007646,0.353946
ACGGCACTTGCTTGGG-1,0.08853,0.044363,0.07778,0.204629,0.102993,0.059449,0.422255
ACGGCCAACATGGACT-1,0.114548,0.046227,0.136011,0.263289,0.165286,0.017191,0.257448
ACGGCGACGATGGGAA-1,0.038626,0.027995,0.258832,0.315966,0.263025,0.011825,0.083731
ACGGCGGGTTGCCCTG-1,0.083076,0.005305,0.11602,0.435611,0.14925,0.005365,0.205373
ACGGCTGGATGTAGAA-1,0.998588,0.000202,0.000202,0.000202,0.000202,0.000202,0.000403
ACGGGAGTGTCGGCCC-1,0.37451,0.065328,0.108928,0.189405,0.118389,0.009294,0.134147
ACGGGCGTATGCGACA-1,0.002427,0.036218,0.120359,0.334778,0.075232,0.20772,0.223266
ACGGGTCATGTGACTT-1,0.080578,0.082429,0.017304,0.005778,0.108162,0.068408,0.637342
ACGTACAGATTTCTCT-1,0.027349,0.016488,0.197509,0.336399,0.083181,0.015356,0.323716
ACGTAGATTGCTGATG-1,0.028649,0.035227,0.057941,0.087929,0.212222,0.044702,0.53333
ACGTATTACTCCGATC-1,0.044046,0.031141,0.209101,0.229139,0.223591,0.168731,0.094251
ACGTCCTAAACGAGAT-1,0.200379,0.035942,0.047674,0.050154,0.040705,0.030974,0.594171
ACGTCGGGCAACTCGG-1,0.998443,0.000222,0.000222,0.000222,0.000222,0.000222,0.000445
ACGTCTCGTTCCGGGA-1,0.99866,0.000191,0.000191,0.000191,0.000191,0.000192,0.000383
ACGTGACAAAGTAAGT-1,0.998181,0.00026,0.00026,0.00026,0.00026,0.00026,0.00052
ACGTGCGCCTCGTGCA-1,0.036891,0.013161,0.218719,0.582869,0.02153,0.009356,0.117475
ACGTGGTCGAATGTGC-1,0.444789,0.000067,0.107822,0.445892,0.001229,0.000067,0.000134
ACGTTAATGTCGAAGA-1,0.021111,0.028075,0.143572,0.378991,0.173927,0.051581,0.202743
ACGTTAGATTTGCCCG-1,0.009773,0.058559,0.175442,0.532658,0.042295,0.046632,0.134641
ACGTTATTGGTCACTC-1,0.052634,0.389678,0.110674,0.171036,0.152834,0.015791,0.107352
ACGTTCCGCGCTCCGT-1,0.040744,0.027,0.1551,0.165932,0.067239,0.028077,0.515907
ACGTTCGCAATCAATT-1,0.004793,0.124386,0.057858,0.065441,0.145808,0.062939,0.538773
ACGTTCGTTCAGGAAA-1,0.998696,0.000186,0.000186,0.000186,0.000186,0.000186,0.000373
ACGTTCTGTACAAGTC-1,0.866855,0.023772,0.019876,0.054558,0.012247,0.00245,0.020243
ACGTTTAGTTGTGATC-1,0.036467,0.002305,0.201202,0.35362,0.056838,0.012471,0.337097
ACTAAGGACGCACACC-1,0.034466,0.014985,0.224634,0.324682,0.095395,0.03073,0.275108
ACTAATACGTCAGGCG-1,0.000365,0.029181,0.250188,0.456382,0.023878,0.009804,0.230201
ACTACATCCCGACAAG-1,0.998233,0.000252,0.000252,0.000252,0.000252,0.000252,0.000505
ACTACCAGCTCTCTGG-1,0.185963,0.083811,0.08472,0.042789,0.150016,0.116968,0.335733
ACTACGCGTTAGAATT-1,0.800923,0.007264,0.054101,0.116597,0.017217,0.000038,0.00386
ACTAGTTGCGATCGTC-1,0.002215,0.09832,0.084698,0.030179,0.066039,0.145426,0.573123
ACTATATGCTGTGTTC-1,0.019078,0.052396,0.290174,0.252199,0.08491,0.020442,0.280801
ACTATCCAGGGCATGG-1,0.001,0.130529,0.092099,0.04721,0.056462,0.177757,0.494942
ACTATCGCCGGCTAAA-1,0.131379,0.835203,0.001473,0.001473,0.000354,0.022158,0.00796
ACTATCTGCCCGCGTA-1,0.049782,0.026321,0.215217,0.34504,0.056006,0.046826,0.260807
ACTATGTCCAGCTGCC-1,0.929626,0.00026,0.00026,0.068815,0.00026,0.00026,0.00052
ACTATTCGTCCGTGGT-1,0.019274,0.002139,0.365639,0.326264,0.044131,0.014963,0.227591
ACTATTTCCGGGCCCA-1,0.611947,0.000754,0.000754,0.383527,0.000754,0.000754,0.001508
ACTCAACGAATGTATT-1,0.064488,0.032007,0.050775,0.044901,0.05338,0.060291,0.694157
ACTCAAGTGCAAGGCT-1,0.040659,0.040521,0.119547,0.196303,0.09219,0.072569,0.438211
ACTCAATAAAGGCACG-1,0.006762,0.024973,0.197108,0.275127,0.186022,0.019037,0.29097
ACTCAGACCTGCTTCT-1,0.213467,0.012555,0.12729,0.336319,0.260103,0.032621,0.017644
ACTCATGGCAGCCTTC-1,0.999017,0.00014,0.00014,0.00014,0.00014,0.00014,0.000281
ACTCCAATATCATCAT-1,0.997407,0.00037,0.000371,0.000371,0.00037,0.000371,0.000741
