Barcode,Topic 1,Topic 2,Topic 3to8
AAACAAGTATCTCCCA-1,0.001661,0.095567,0.902773
AAACAATCTACTAGCA-1,0.016732,0.083725,0.899542
AAACACCAATAACTGC-1,0.995237,0.00068,0.004083
AAACAGAGCGACTCCT-1,0.000015,0.021448,0.978536
AAACAGCTTTCAGAAG-1,0.963275,0.035948,0.000777
AAACAGGGTCTATATT-1,0.99921,0.000113,0.000678
AAACATGGTGAGAGGA-1,0.780092,0.000196,0.219712
AAACATTTCCCGGATT-1,0.023877,0.038011,0.938112
AAACCACTACACAGAT-1,0.180547,0.108862,0.710592
AAACCCGAACGAAATC-1,0.001155,0.243008,0.755837
AAACCGGAAATGTTAA-1,0.043763,0.110225,0.846011
AAACCGGGTAGGTACC-1,0.259765,0.050531,0.689703
AAACCGTTCGTCCAGG-1,0.124917,0.133027,0.742056
AAACCTAAGCAGCCGG-1,0.983191,0.000059,0.016751
AAACCTCATGAAGTTG-1,0.135585,0.012497,0.851918
AAACGAAGAACATACC-1,0.04634,0.04237,0.91129
AAACGAAGATGGAGTA-1,0.952272,0.000117,0.047611
AAACGACAGTCTTGCC-1,0.023733,0.00152,0.974748
AAACGAGACGGTTGAT-1,0.011158,0.070001,0.918841
AAACGCCCGAGATCGG-1,0.016817,0.001412,0.981771
AAACGGGCGTACGGGT-1,0.7929,0.008413,0.198687
AAACGGGTTGGTATCC-1,0.076494,0.021777,0.901729
AAACGGTTGCGAACTG-1,0.99927,0.000104,0.000626
AAACGTGTTCGCCCTA-1,0.000013,0.019242,0.980745
AAACTAACGTGGCGAC-1,0.007773,0.003168,0.989059
AAACTCGGTTCGCAAT-1,0.998672,0.00019,0.001138
AAACTCGTGATATAAG-1,0.011899,0.021169,0.966932
AAACTGCTGGCTCCAA-1,0.044988,0.04238,0.912632
AAACTTAATTGCACGC-1,0.939923,0.000206,0.059871
AAACTTGCAAACGTAT-1,0.345611,0.005084,0.649304
AAAGAATGACCTTAGA-1,0.985881,0.000185,0.013934
AAAGACATGAAGTTTA-1,0.072923,0.012853,0.914225
AAAGACCCAAGTCGCG-1,0.012831,0.016526,0.970643
AAAGACTGGGCGCTTT-1,0.047899,0.144457,0.807643
AAAGCTTGCCTACATA-1,0.068672,0.039636,0.891692
AAAGGCCCTATAATAC-1,0.999031,0.000138,0.00083
AAAGGCTACGGACCAT-1,0.999359,0.000092,0.00055
AAAGGCTCTCGCGCCG-1,0.102629,0.110961,0.78641
AAAGGGATGTAGCAAG-1,0.009201,0.022357,0.968442
AAAGGGCAGCTTGAAT-1,0.012785,0.040112,0.947102
AAAGGTAAGCTGTACC-1,0.031223,0.012748,0.956029
AAAGGTCAACGACATG-1,0.006602,0.018087,0.975311
AAAGTAGCATTGCTCA-1,0.734142,0.000189,0.265669
AAAGTCACTGATGTAA-1,0.009425,0.032627,0.957948
AAAGTCGACCCTCAGT-1,0.131363,0.053909,0.814728
AAAGTGCCATCAATTA-1,0.159407,0.062542,0.778051
AAAGTGTGATTTATCT-1,0.000814,0.01628,0.982906
AAAGTTGACTCCCGTA-1,0.047687,0.096179,0.856133
AAATAACCATACGGGA-1,0.024015,0.018622,0.957363
AAATAAGGTAGTGCCC-1,0.031856,0.036479,0.931664
AAATACCTATAAGCAT-1,0.110174,0.026272,0.863554
AAATAGCTTAGACTTT-1,0.126851,0.016511,0.856639
AAATAGGGTGCTATTG-1,0.019979,0.002607,0.977414
AAATCACTCCTAAACG-1,0.12427,0.000029,0.875701
AAATCCGATACACGCC-1,0.8332,0.000032,0.166768
AAATCGCGGAAGGAGT-1,0.997841,0.000308,0.001851
AAATCGTGTACCACAA-1,0.03963,0.027687,0.932683
AAATCTAGCCCTGCTA-1,0.039365,0.26096,0.699675
AAATCTGCCCGCGTCC-1,0.999242,0.000108,0.000649
AAATGATTCGATCAGC-1,0.000014,0.70759,0.292396
AAATGCTCGTTACGTT-1,0.011035,0.007658,0.981307
AAATGGCATGTCTTGT-1,0.023174,0.000935,0.97589
AAATGGCCCGTGCCCT-1,0.998645,0.000194,0.001161
AAATGGTCAATGTGCC-1,0.042589,0.046286,0.911126
AAATGTATCTTATCCC-1,0.796082,0.041998,0.16192
AAATGTGGGTGCTCCT-1,0.065198,0.069552,0.86525
AAATTAACGGGTAGCT-1,0.012801,0.005237,0.981962
AAATTAATAAGCGCGA-1,0.998529,0.00021,0.001261
AAATTACACGACTCTG-1,0.028536,0.000032,0.971432
AAATTACCTATCGATG-1,0.019688,0.013199,0.967112
AAATTCCAGGTCCAAA-1,0.012228,0.023657,0.964115
AAATTGATAGTCCTTT-1,0.914656,0.000169,0.085176
AAATTGCGGCGGTTCT-1,0.086164,0.051816,0.86202
AAATTGGTGAGAAGCA-1,0.015401,0.006251,0.978348
AAATTTACCGAAATCC-1,0.019148,0.003406,0.977446
AAATTTGCGGGTGTGG-1,0.208313,0.061069,0.730619
AACAACTGGTAGTTGC-1,0.000024,0.008756,0.99122
AACAATACATTGTCGA-1,0.997903,0.0003,0.001798
AACAATTACTCTACGC-1,0.000018,0.157301,0.842681
AACACACGCTCGCCGC-1,0.005535,0.025014,0.969451
AACACGACTGTACTGA-1,0.000017,0.034049,0.965934
AACACGCGGCCGCGAA-1,0.046396,0.013465,0.940139
AACAGCTGTGTGGCAA-1,0.996333,0.000524,0.003143
AACAGGAAATCGAATA-1,0.022828,0.01039,0.966782
AACAGGATGGGCCGCG-1,0.001721,0.011935,0.986344
AACAGGTAGTATGGAT-1,0.035538,0.082693,0.881769
AACATATCAACTGGTG-1,0.027745,0.033525,0.93873
AACATCGATACGTCTA-1,0.001933,0.018682,0.979385
AACATTGAAGTTGATC-1,0.998613,0.000198,0.001189
AACATTGGTCAGCCGT-1,0.126687,0.016136,0.857177
AACATTGTGACTCGAG-1,0.999516,0.000069,0.000415
AACCAAGACTTCTCTG-1,0.000011,0.995331,0.004658
AACCAGTATCACTCTT-1,0.040571,0.00584,0.953588
AACCATAGGGTTGAAC-1,0.997675,0.000332,0.001993
AACCATGGGATCGCTA-1,0.0653,0.020436,0.914263
AACCCAGAGACGGAGA-1,0.104491,0.05815,0.837359
AACCCATCCCATGATC-1,0.999042,0.000137,0.000821
AACCCGACAACCCGTG-1,0.999569,0.000062,0.000369
AACCCGAGCAGAATCG-1,0.070599,0.160929,0.768472
AACCCGATAGGGCTTC-1,0.000028,0.030238,0.969733
AACCCTACTGTCAATA-1,0.031794,0.022475,0.945732
AACCCTGGTGGAACCA-1,0.042276,0.007402,0.950323
AACCGAGCTTGGTCAT-1,0.000019,0.005865,0.994116
AACCGCTAAGGGATGC-1,0.001131,0.037108,0.961762
AACCGTTGTGTTTGCT-1,0.00006,0.017508,0.982432
AACCTAAAGCCGTCCG-1,0.243773,0.019514,0.736713
AACCTCGCTTTAGCCC-1,0.734117,0.059124,0.206759
AACCTGTCACGGAATT-1,0.015802,0.002518,0.98168
AACCTTTAAATACGGT-1,0.092962,0.023947,0.883091
AACCTTTACGACGTCT-1,0.000024,0.022304,0.977672
AACGAAAGTCGTCCCA-1,0.998948,0.00015,0.000902
AACGATAATGCCGTAG-1,0.054472,0.016989,0.928539
AACGATAGAAGGGCCG-1,0.124708,0.02,0.855292
AACGATATGTCAACTG-1,0.053454,0.000814,0.945732
AACGCATGATCTGGGT-1,0.027502,0.019385,0.953113
AACGCGAACGGCAACA-1,0.043511,0.039567,0.916922
AACGCGACCTTGGGCG-1,0.999376,0.000089,0.000535
AACGCGGTCTCCAGCC-1,0.025171,0.130795,0.844035
AACGCTGTTGCTGAAA-1,0.012533,0.024741,0.962726
AACGGACGTACGTATA-1,0.004093,0.026909,0.968998
AACGGCCATCTCCGGT-1,0.522615,0.043363,0.434022
AACGTACTGTGGGTAC-1,0.327914,0.041331,0.630755
AACGTAGTCTACCCAT-1,0.059448,0.015833,0.924719
AACGTCAGACTAGTGG-1,0.060835,0.099925,0.83924
AACGTGATGAAGGACA-1,0.010758,0.005719,0.983523
AACGTGCGAAAGTCTC-1,0.012406,0.070276,0.917318
AACGTTATCAGCACCT-1,0.131634,0.043988,0.824378
AACTACCCGTTTGTCA-1,0.103965,0.057867,0.838167
AACTAGCGTATCGCAC-1,0.047002,0.057625,0.895373
AACTAGGCTTGGGTGT-1,0.193516,0.046206,0.760278
AACTCAAGTTAATTGC-1,0.058256,0.06506,0.876684
AACTCCAGAGCGTGTT-1,0.02309,0.044393,0.932517
AACTCCTAATCCCATG-1,0.006964,0.011585,0.981451
AACTCGATAAACACGT-1,0.037105,0.021623,0.941272
AACTCGATGGCGCAGT-1,0.022254,0.028641,0.949105
AACTCTCAATAGAGCG-1,0.000018,0.024762,0.97522
AACTCTCAGTGTGCTC-1,0.167468,0.017946,0.814586
AACTGAGGTCAGCGTC-1,0.056334,0.022382,0.921284
AACTGAGTTATACTGA-1,0.115175,0.127064,0.757761
AACTGATATTAGGCCT-1,0.01654,0.058355,0.925105
AACTGGGTCCCGACGT-1,0.009714,0.011519,0.978767
AACTGGGTTCGAGCCG-1,0.015202,0.001191,0.983608
AACTGGTGTGGGCCTT-1,0.032585,0.057357,0.910058
AACTTCTGCGTCTATC-1,0.02437,0.021352,0.954278
AACTTGCCCGTATGCA-1,0.034182,0.112952,0.852866
AACTTGCGTTCTCGCG-1,0.030418,0.020033,0.949549
AACTTTACGGGAGCTT-1,0.223621,0.033409,0.74297
AACTTTAGCTGCTGAG-1,0.002283,0.03489,0.962827
AACTTTCTCGATCATG-1,0.00404,0.088068,0.907892
AAGAAATCACCAGATT-1,0.001438,0.223536,0.775026
AAGAAGGATCAGTTAG-1,0.022922,0.055687,0.921392
AAGACATACGTGGTTT-1,0.782667,0.006647,0.210686
AAGACCAAATAACTCA-1,0.998275,0.000246,0.001479
AAGACCCAACTGAACA-1,0.747756,0.010643,0.241601
AAGACTAACCCGTTGT-1,0.081227,0.017292,0.901481
AAGACTCACGCCCACT-1,0.049762,0.044762,0.905477
AAGACTGCAAGCTACT-1,0.032449,0.024114,0.943437
AAGAGATGAATCGGTA-1,0.036071,0.040839,0.92309
AAGAGCTCTTTATCGG-1,0.00001,0.923308,0.076682
AAGAGGATGTACGCGA-1,0.061349,0.017985,0.920667
AAGAGGCATGGATCGC-1,0.000312,0.035177,0.964511
AAGAGGCCCTTTGGAA-1,0.036677,0.075453,0.88787
AAGATGGCACCGGACC-1,0.904529,0.000407,0.095064
AAGATTGGCGGAACGT-1,0.000564,0.044431,0.955005
AAGCACCCTGCGTATC-1,0.225835,0.021975,0.75219
AAGCATACTCTCCTGA-1,0.064873,0.043116,0.892011
AAGCCGAAGCGGTTTA-1,0.000303,0.053686,0.946011
AAGCCGCCGTGAAATC-1,0.998386,0.000231,0.001384
AAGCCGCTTTACCTTG-1,0.040452,0.039851,0.919697
AAGCCGGAGAGCAGGA-1,0.088507,0.044118,0.867374
AAGCGCAGGGCTTTGA-1,0.594109,0.404432,0.001459
AAGCGGAGTGCGCGCA-1,0.027641,0.030707,0.941653
AAGCGGCGTCATGGGT-1,0.00002,0.024929,0.97505
AAGCGTCCCTCATCGA-1,0.939181,0.00026,0.060559
AAGCTAGATCGAGTAA-1,0.137348,0.061597,0.801055
AAGCTCGTGCCAAGTC-1,0.015834,0.103434,0.880732
AAGCTCTTTCATGGTG-1,0.035593,0.00382,0.960587
AAGGAGAACTTATAAG-1,0.069526,0.139992,0.790482
AAGGAGCGGTTGGTGC-1,0.055593,0.018198,0.92621
AAGGATCGATCGCTTG-1,0.00001,0.055944,0.944046
AAGGATGAGGGACCTC-1,0.000012,0.047971,0.952017
AAGGCAGGCTGTCTCC-1,0.000816,0.0506,0.948584
AAGGCGCGTAAAGCTT-1,0.166732,0.174101,0.659167
AAGGCTGTGCTCATCG-1,0.002296,0.005761,0.991942
AAGGGAACGACTGGCT-1,0.998684,0.000188,0.001128
AAGGGACAGATTCTGT-1,0.000022,0.024728,0.975249
AAGGGACTATGCATTC-1,0.996069,0.000561,0.003369
AAGGGTTTGATTTCAG-1,0.828811,0.115126,0.056063
AAGGTATCCTAATATA-1,0.010436,0.008135,0.981429
AAGGTGATAAACCAGC-1,0.004733,0.022312,0.972955
AAGTAGAAGACCGGGT-1,0.099418,0.036534,0.864049
AAGTAGTGACGCGAGG-1,0.028251,0.059227,0.912522
AAGTCAATTGTCGTCA-1,0.007486,0.077235,0.915279
AAGTCTAGTAGCTGCC-1,0.00001,0.624589,0.375401
AAGTCTTCTGTGGCCT-1,0.877306,0.071488,0.051205
AAGTGACGACCGAATT-1,0.450461,0.005237,0.544302
AAGTGAGTCGGGTTTA-1,0.874237,0.071289,0.054473
AAGTGCAAAGGTAGAC-1,0.065509,0.005748,0.928743
AAGTGCCTTGACTGTA-1,0.005106,0.064634,0.93026
AAGTGCGTTAGAATCT-1,0.181911,0.027983,0.790106
AAGTGCTTCTCTATTG-1,0.846042,0.038567,0.115391
AAGTGTTTGGAGACGG-1,0.052803,0.083324,0.863873
AAGTTCACTCCAAGCT-1,0.036909,0.043742,0.91935
AAGTTCAGTCTGCGTA-1,0.000157,0.045879,0.953965
AAGTTCGGCCAACAGG-1,0.186986,0.032084,0.78093
AAGTTGTGATGTTATA-1,0.837492,0.032256,0.130252
AAGTTTACTAATGGCA-1,0.000015,0.075251,0.924734
AAGTTTATGGGCCCAA-1,0.812085,0.00015,0.187765
AATAACAACGCTCGGC-1,0.107488,0.042561,0.849951
AATAACACTAGAACAA-1,0.146944,0.02701,0.826046
AATAAGTCCTCGAGAC-1,0.046767,0.00422,0.949013
AATAATCTTCGTATCG-1,0.09976,0.139966,0.760274
AATACAATGTTTCAGG-1,0.10058,0.026493,0.872926
AATACCGGAGGGCTGT-1,0.999275,0.000104,0.000621
AATAGAACAGAGTGGC-1,0.088409,0.056157,0.855434
AATAGAATCTGTTTCA-1,0.001141,0.022591,0.976269
AATAGCAAGCCTCCTG-1,0.057736,0.069847,0.872418
AATAGCTACCGCGTGC-1,0.000066,0.046279,0.953655
AATAGTCCGTCCCGAC-1,0.134773,0.005663,0.859564
AATAGTCGCGAGTCGG-1,0.019238,0.174796,0.805966
AATATCAAGGTCGGAT-1,0.101355,0.019135,0.87951
AATATCCTAGCAAACT-1,0.998151,0.000264,0.001585
AATATCGAATCAATGC-1,0.004468,0.048872,0.946659
AATATCGAGGGTTCTC-1,0.040726,0.125966,0.833308
AATATTGGAGTATTGA-1,0.118859,0.147446,0.733695
AATCAGACTGCAGGAC-1,0.027672,0.087793,0.884534
AATCAGGTTTCATTTA-1,0.88541,0.000103,0.114487
AATCATGTAAAGACTC-1,0.029231,0.092139,0.87863
AATCCAAGGGCCTGAG-1,0.197658,0.043288,0.759054
AATCCATGCAAGGGTG-1,0.021817,0.127401,0.850782
AATCGCCTCAGCGCCA-1,0.023484,0.016457,0.960058
AATCGCGCAGAGGACT-1,0.011125,0.021411,0.967464
AATCGGGACACTACGA-1,0.02996,0.03945,0.93059
AATCGTGAGCCGAGCA-1,0.837317,0.000151,0.162532
AATCTAGGTTTACTTG-1,0.993997,0.000858,0.005146
AATCTATGCCGGAGCC-1,0.000018,0.053392,0.946591
AATCTCTACTGTGGTT-1,0.272782,0.100976,0.626242
AATCTGCGTTGGGACG-1,0.000019,0.02295,0.977031
AATCTGGCTTTCTAGT-1,0.997217,0.000398,0.002385
AATCTGGGTAGACCCT-1,0.011885,0.059601,0.928514
AATGACAGCAATGTCT-1,0.230435,0.037532,0.732034
AATGACGTAGGATGTC-1,0.09308,0.095939,0.810981
AATGACTGTCAGCCGG-1,0.109398,0.046866,0.843736
AATGAGTTCGCATATG-1,0.018026,0.055417,0.926557
AATGATGATACGCTAT-1,0.008491,0.152582,0.838928
AATGATGCGACTCCTG-1,0.001777,0.018747,0.979476
AATGCAACCGGGTACC-1,0.015104,0.010339,0.974556
AATGCACCAAGCAATG-1,0.051371,0.080913,0.867716
AATGGCCGCCAATGCG-1,0.158633,0.029114,0.812252
AATGGTCCACCGTTCA-1,0.001448,0.005765,0.992786
AATGGTTCTCACAAGC-1,0.151022,0.029495,0.819483
AATGTATGGCACTGTA-1,0.998226,0.000253,0.001521
AATGTGCCCGAGGTGT-1,0.993043,0.000994,0.005963
AATGTGCTAATCTGAG-1,0.998962,0.000148,0.00089
AATGTTGTCGTGAGAC-1,0.695845,0.010016,0.294139
AATTAAAGGTCGGCGT-1,0.034809,0.031115,0.934075
AATTAACGGATTTCCA-1,0.217019,0.052018,0.730962
AATTACGAGACCCATC-1,0.897364,0.000464,0.102173
AATTACTCGTACGCTC-1,0.080046,0.09343,0.826524
AATTAGCGCTGCAGCG-1,0.065039,0.04569,0.889272
AATTCATAAGGGATCT-1,0.000027,0.067344,0.932628
AATTCATTGTCATGCA-1,0.8508,0.00021,0.14899
AATTCCAACTTGGTGA-1,0.052111,0.054848,0.893041
AATTCCAAGCATGTAC-1,0.998857,0.000163,0.00098
AATTCGATTCGAGGAT-1,0.970877,0.000109,0.029014
AATTCTAGAGTTAGGC-1,0.042832,0.04099,0.916178
AATTGAACGCTCTGGT-1,0.064253,0.166324,0.769423
AATTGCAGCAATCGAC-1,0.315447,0.021481,0.663072
AATTGCGTGGATTACA-1,0.997769,0.000319,0.001912
AATTGTGGTTGCCAAA-1,0.771943,0.068582,0.159475
AATTTGGGACATAGTA-1,0.03548,0.010259,0.954261
AATTTGGTTCCAAAGA-1,0.041313,0.011841,0.946847
ACAAACCATGCGTCCT-1,0.998409,0.000227,0.001364
ACAAACCGACAAGGCG-1,0.306423,0.00392,0.689658
ACAAAGAAGGTAGGCC-1,0.998155,0.000264,0.001582
ACAAAGCATGACCTAG-1,0.03549,0.05048,0.91403
ACAAATCGCACCGAAT-1,0.069608,0.054727,0.875665
ACAAATGGTAGTGTTT-1,0.001992,0.064503,0.933505
ACAAATTCAGATCTGA-1,0.010063,0.033042,0.956896
ACAACAGCATGAGCTA-1,0.012734,0.022109,0.965157
ACAACGGTCCCTGCGA-1,0.045192,0.021368,0.93344
ACAAGCAGTGCCTAGC-1,0.041046,0.050853,0.908101
ACAAGCTATATGGAAG-1,0.960712,0.026356,0.012932
ACAAGGAAATCCGCCC-1,0.055712,0.026382,0.917906
ACAAGGACAAGAGGTT-1,0.007598,0.032209,0.960193
ACAAGGATGCTTTAGG-1,0.074235,0.023853,0.901912
ACAAGGCCTACCAGCC-1,0.053143,0.000094,0.946763
ACAAGGGCAGGCTCTG-1,0.089557,0.101997,0.808445
ACAATAGTCGTACGTT-1,0.101004,0.000773,0.898223
ACAATCCATTTAAACC-1,0.125997,0.016108,0.857895
ACAATCGATCTTTATA-1,0.011957,0.031129,0.956914
ACAATGAATACGGAGA-1,0.742921,0.038986,0.218093
ACAATGATTCTTCTAC-1,0.060386,0.025557,0.914057
ACAATTGTGTCTCTTT-1,0.030435,0.029959,0.939606
ACAATTTAGGAGGCTC-1,0.125328,0.047851,0.826821
ACAATTTGAGCAGTGG-1,0.046001,0.04234,0.911658
ACAATTTGGCCATATT-1,0.000023,0.205151,0.794826
ACACAAAGACGGGTGG-1,0.035484,0.075034,0.889482
ACACAAATATTCCTAG-1,0.061405,0.035996,0.902599
ACACACCAGGACCAGT-1,0.004789,0.039407,0.955805
ACACACTTTCTACACG-1,0.003449,0.009803,0.986748
ACACATGATCAAATCT-1,0.997352,0.000378,0.00227
ACACATTGACGCAACA-1,0.021423,0.032609,0.945968
ACACCACATAATTAGC-1,0.0029,0.06604,0.93106
ACACCCAGCATGCAGC-1,0.108942,0.026676,0.864382
ACACCCGAGAAATCCG-1,0.107183,0.036379,0.856438
ACACCCGTAAATCTGT-1,0.049407,0.00914,0.941453
ACACCGAGCGCTCTTT-1,0.045553,0.049034,0.905413
ACACCGGTCTGACCGC-1,0.999368,0.00009,0.000542
ACACCTTAAGTAGGGC-1,0.116001,0.095099,0.7889
ACACCTTACTACTTGC-1,0.000016,0.018127,0.981856
ACACGAGACTCCTTCT-1,0.017472,0.054616,0.927912
ACACGGCACTATGCAT-1,0.578604,0.01096,0.410436
ACACGGGAACTTAGGG-1,0.007732,0.007885,0.984382
ACACGTAGGCCACAAG-1,0.032063,0.117765,0.850172
ACACTCCAATGTCACT-1,0.015118,0.044729,0.940153
ACACTGATCAAGGTGT-1,0.149207,0.011351,0.839442
ACACTGGGACAGTCGT-1,0.004238,0.410481,0.585282
ACAGAACTGAGAACAA-1,0.93265,0.000174,0.067175
ACAGATTAGGTTAGTG-1,0.080646,0.014198,0.905155
ACAGCATAGAGCCAGT-1,0.010105,0.01883,0.971065
ACAGCGACATTCTCAT-1,0.040443,0.109424,0.850133
ACAGCGCACCCGCAGC-1,0.005243,0.032507,0.962251
ACAGGAGGCGCAGCCG-1,0.863573,0.000053,0.136374
ACAGGCTTGCCCGACT-1,0.027199,0.06873,0.904072
ACAGGTGGAGGTGAGG-1,0.16001,0.021926,0.818064
ACAGGTGTGTTGTTGC-1,0.870378,0.000102,0.129519
ACAGTAATACAACTTG-1,0.999414,0.000084,0.000503
ACAGTATACCGTGGGA-1,0.00437,0.032432,0.963198
ACAGTGCAGCGCATTT-1,0.000023,0.002071,0.997905
ACATAAGTCGTGGTGA-1,0.998514,0.000212,0.001273
ACATAATAAGGCGGTG-1,0.072293,0.010007,0.9177
ACATCAGCTGGGACGC-1,0.081554,0.036453,0.881992
ACATCCCGGCCATACG-1,0.105074,0.047815,0.847111
ACATCCTGGTAACTGT-1,0.000019,0.03335,0.966631
ACATCGATCGTTTACC-1,0.035798,0.048679,0.915522
ACATCGGTCAGCCGCG-1,0.160368,0.081649,0.757983
ACATCGTATGCAATGG-1,0.000016,0.032044,0.96794
ACATCGTTAACCTAGT-1,0.083997,0.02112,0.894882
ACATCTCAACGCGTAA-1,0.116064,0.032795,0.851141
ACATGGCGCCAAAGTA-1,0.038232,0.050082,0.911686
ACATGGCTCAATTTAG-1,0.01756,0.243303,0.739137
ACATTAGTTTATATCC-1,0.096726,0.079642,0.823632
ACCAAACACCCAGCGA-1,0.039932,0.004104,0.955964
ACCAAACTAGAAATCC-1,0.05601,0.000431,0.943559
ACCAACACCACACACT-1,0.007704,0.209617,0.782679
ACCAACCGCACTCCAC-1,0.750109,0.031884,0.218007
ACCAACGCTTATTTAT-1,0.086402,0.032591,0.881007
ACCAAGAACGCGTGTC-1,0.174179,0.139996,0.685825
ACCAATATGCAAGTTA-1,0.06433,0.011939,0.923732
ACCACAACTCAGAACA-1,0.104609,0.008363,0.887028
ACCACAAGTTTCTATC-1,0.007318,0.00342,0.989262
ACCACCAATGTAACAA-1,0.017092,0.014156,0.968752
ACCACCCTCTCTTCTA-1,0.062487,0.021928,0.915586
ACCACGTGCAGCTATA-1,0.061331,0.077129,0.86154
ACCACTGTTCAAGAAG-1,0.079335,0.061435,0.85923
ACCAGACCATAACAAC-1,0.745394,0.028166,0.226439
ACCAGCCCGGTCTTTG-1,0.066655,0.007109,0.926236
ACCAGGAGTGTGATCT-1,0.015098,0.018699,0.966203
ACCAGTGCCCGGTCAA-1,0.085507,0.052043,0.862451
ACCAGTGCGGGAGACG-1,0.000016,0.008032,0.991952
ACCATATCCGCAATAA-1,0.056099,0.020433,0.923468
ACCATCCGCCAACTAG-1,0.928099,0.000148,0.071753
ACCATCGTATATGGTA-1,0.029317,0.019888,0.950795
ACCATTAAGGGTGTCA-1,0.093697,0.220954,0.685349
ACCCAACGCCCGTGGC-1,0.000024,0.01135,0.988626
ACCCACCTACATGCTC-1,0.023408,0.037465,0.939127
ACCCATCTTGAGGGTA-1,0.037149,0.067922,0.894929
ACCCATTTGTCCCTCT-1,0.008567,0.041365,0.950068
ACCCGAGCGAAATTAC-1,0.996869,0.000447,0.002683
ACCCGATTGGTTCCGA-1,0.909841,0.000098,0.090061
ACCCGGAAACTCCCAG-1,0.336602,0.049827,0.613571
ACCCGGAGCACCACAA-1,0.060115,0.03461,0.905275
ACCCGGATGACGCATC-1,0.010307,0.087247,0.902446
ACCCGGTTACACTTCC-1,0.079635,0.081762,0.838603
ACCCGTAGTCTAGTTG-1,0.867829,0.073258,0.058913
ACCCGTGTCATCAGTA-1,0.566986,0.09744,0.335574
ACCCTATAGGACTGAG-1,0.016909,0.29353,0.689561
ACCCTATGCCATATCG-1,0.703384,0.000173,0.296443
ACCCTCCCTTGCTATT-1,0.016922,0.184843,0.798235
ACCCTGGTAACGCCCT-1,0.000016,0.052178,0.947806
ACCCTTCATCTGCGAA-1,0.00002,0.01279,0.987191
ACCCTTGCCTGGGTCG-1,0.000037,0.086616,0.913347
ACCCTTTAGTTCTCCA-1,0.010372,0.019719,0.969909
ACCGAAAGGGCCCTGC-1,0.052676,0.036561,0.910764
ACCGAAGAGTCTGGTT-1,0.998048,0.000279,0.001673
ACCGACACATCTCCCA-1,0.999603,0.000057,0.00034
ACCGACTGAGTCCCAC-1,0.027427,0.023161,0.949412
ACCGATAGGCATAACC-1,0.071181,0.050586,0.878233
ACCGATATTTAATCAT-1,0.00001,0.616076,0.383914
ACCGATGGTAGCATCG-1,0.098946,0.03266,0.868394
ACCGCAATAACTGCCT-1,0.067149,0.082937,0.849914
ACCGCGGTGGAAGTCG-1,0.000012,0.016669,0.983319
ACCGGGCCTTTGTTGA-1,0.017278,0.036062,0.94666
ACCGGTCAGGTACACC-1,0.960634,0.00045,0.038916
ACCGGTCTGAGTACGG-1,0.000138,0.018006,0.981856
ACCGTCCACTGGGCCC-1,0.998475,0.000218,0.001307
ACCGTGACCACGTGGG-1,0.998965,0.000148,0.000887
ACCGTTCCCGCTCTGA-1,0.023859,0.011936,0.964205
ACCTAAGTACCTTTCA-1,0.141364,0.02054,0.838095
ACCTAATCGACTTCCT-1,0.005529,0.027377,0.967094
ACCTACAGTATGTGGT-1,0.013339,0.032528,0.954133
ACCTACTATAAATCTA-1,0.968323,0.000134,0.031543
ACCTCCGCCCTCGCTG-1,0.002197,0.056329,0.941474
ACCTCCGTTATTCACC-1,0.00002,0.006069,0.993911
ACCTCGAACTTATGCT-1,0.974949,0.024197,0.000855
ACCTGCGTGTCATGTT-1,0.326765,0.016913,0.656322
ACCTTTCCTTTAGAAG-1,0.034828,0.001781,0.963391
ACGAAATGGGCGGCAC-1,0.037565,0.009865,0.952571
ACGACCCATGAGTTGC-1,0.103816,0.094622,0.801562
ACGACTGGTCATACTC-1,0.873186,0.000211,0.126603
ACGAGAACCCATCACG-1,0.083344,0.097883,0.818773
ACGAGATATTTGCTTA-1,0.000719,0.003925,0.995357
ACGAGGATACCACTCT-1,0.998803,0.000171,0.001026
ACGAGGTTTACAACGT-1,0.966278,0.033035,0.000687
ACGAGTACGGATGCCC-1,0.000015,0.043189,0.956796
ACGATACATAGAACTA-1,0.012236,0.052604,0.93516
ACGATACCTATCCTGA-1,0.879744,0.075279,0.044977
ACGATCATACATAGAG-1,0.000027,0.03772,0.962253
ACGATCATCTTGTAAA-1,0.010115,0.039134,0.950751
ACGATGCATATGTTAT-1,0.053115,0.139194,0.807691
ACGATGGATCCGATGC-1,0.135324,0.000049,0.864627
ACGCAAACTAATAGAT-1,0.966631,0.000183,0.033185
ACGCAATCACTACAGC-1,0.022376,0.063744,0.91388
ACGCATAAATGACATG-1,0.000019,0.008624,0.991358
ACGCATACGTTTACTA-1,0.108539,0.071866,0.819595
ACGCATTCGTGAGTAC-1,0.004923,0.015037,0.98004
ACGCCAGATGATTTCT-1,0.000631,0.017115,0.982254
ACGCCCAGCTGTCGAT-1,0.075735,0.040615,0.883649
ACGCCGCTAGACGACC-1,0.073663,0.113744,0.812593
ACGCGAAGTCAGACGA-1,0.043413,0.030016,0.92657
ACGCGCTACACAGGGT-1,0.247562,0.03504,0.717398
ACGCGGGCCAAGGACA-1,0.000019,0.013704,0.986277
ACGCGTTTCTTAAGAG-1,0.206911,0.005332,0.787757
ACGCTAGTATCAGTGC-1,0.032329,0.000047,0.967623
ACGCTAGTGATACACT-1,0.011598,0.004086,0.984315
ACGCTGTGAGGCGTAG-1,0.190638,0.026417,0.782945
ACGCTTAGTGTCTCTC-1,0.382023,0.007068,0.610909
ACGGAATTTAGCAAAT-1,0.004401,0.041509,0.954091
ACGGACTCTCAAAGCG-1,0.79408,0.075457,0.130463
ACGGAGCGCAAATTAC-1,0.004703,0.207605,0.787693
ACGGATGGTGCGGATA-1,0.096194,0.005032,0.898774
ACGGCACTTGCTTGGG-1,0.08853,0.044363,0.867107
ACGGCCAACATGGACT-1,0.114548,0.046227,0.839225
ACGGCGACGATGGGAA-1,0.038626,0.027995,0.933379
ACGGCGGGTTGCCCTG-1,0.083076,0.005305,0.911618
ACGGCTGGATGTAGAA-1,0.998588,0.000202,0.00121
ACGGGAGTGTCGGCCC-1,0.37451,0.065328,0.560162
ACGGGCGTATGCGACA-1,0.002427,0.036218,0.961355
ACGGGTCATGTGACTT-1,0.080578,0.082429,0.836994
ACGTACAGATTTCTCT-1,0.027349,0.016488,0.956162
ACGTAGATTGCTGATG-1,0.028649,0.035227,0.936123
ACGTATTACTCCGATC-1,0.044046,0.031141,0.924813
ACGTCCTAAACGAGAT-1,0.200379,0.035942,0.763679
ACGTCGGGCAACTCGG-1,0.998443,0.000222,0.001334
ACGTCTCGTTCCGGGA-1,0.99866,0.000191,0.001149
ACGTGACAAAGTAAGT-1,0.998181,0.00026,0.001559
ACGTGCGCCTCGTGCA-1,0.036891,0.013161,0.949947
ACGTGGTCGAATGTGC-1,0.444789,0.000067,0.555144
ACGTTAATGTCGAAGA-1,0.021111,0.028075,0.950814
ACGTTAGATTTGCCCG-1,0.009773,0.058559,0.931668
ACGTTATTGGTCACTC-1,0.052634,0.389678,0.557688
ACGTTCCGCGCTCCGT-1,0.040744,0.027,0.932255
ACGTTCGCAATCAATT-1,0.004793,0.124386,0.87082
ACGTTCGTTCAGGAAA-1,0.998696,0.000186,0.001118
ACGTTCTGTACAAGTC-1,0.866855,0.023772,0.109373
ACGTTTAGTTGTGATC-1,0.036467,0.002305,0.961228
ACTAAGGACGCACACC-1,0.034466,0.014985,0.950548
ACTAATACGTCAGGCG-1,0.000365,0.029181,0.970454
ACTACATCCCGACAAG-1,0.998233,0.000252,0.001515
ACTACCAGCTCTCTGG-1,0.185963,0.083811,0.730226
ACTACGCGTTAGAATT-1,0.800923,0.007264,0.191813
ACTAGTTGCGATCGTC-1,0.002215,0.09832,0.899465
ACTATATGCTGTGTTC-1,0.019078,0.052396,0.928526
ACTATCCAGGGCATGG-1,0.001,0.130529,0.86847
ACTATCGCCGGCTAAA-1,0.131379,0.835203,0.033418
ACTATCTGCCCGCGTA-1,0.049782,0.026321,0.923897
ACTATGTCCAGCTGCC-1,0.929626,0.00026,0.070114
ACTATTCGTCCGTGGT-1,0.019274,0.002139,0.978588
ACTATTTCCGGGCCCA-1,0.611947,0.000754,0.387298
ACTCAACGAATGTATT-1,0.064488,0.032007,0.903504
ACTCAAGTGCAAGGCT-1,0.040659,0.040521,0.918819
ACTCAATAAAGGCACG-1,0.006762,0.024973,0.968265
ACTCAGACCTGCTTCT-1,0.213467,0.012555,0.773977
ACTCATGGCAGCCTTC-1,0.999017,0.00014,0.000842
ACTCCAATATCATCAT-1,0.997407,0.00037,0.002223
ACTCCCATTCCTAAAG-1,0.695446,0.00011,0.304444
ACTCCCGAATTCGTTT-1,0.0291,0.053659,0.917241
ACTCCCGTAGACTAGG-1,0.020902,0.180213,0.798885
ACTCCCTAATGCTAAA-1,0.173737,0.054987,0.771276
ACTCCCTAGAATAGTA-1,0.094593,0.071237,0.83417
ACTCGATGTATTTCAT-1,0.063495,0.099777,0.836728
ACTCGCCGTTCGATAA-1,0.81442,0.049266,0.136314
ACTCGCGATCTGACGC-1,0.034665,0.053046,0.912289
ACTCGTAACCCGTCCT-1,0.240702,0.016392,0.742907
ACTCGTCAGTAATCCC-1,0.00002,0.123135,0.876845
ACTCTAAACCTGGGAT-1,0.836669,0.05814,0.10519
ACTCTCTGACTTAGGT-1,0.001948,0.004706,0.993346
ACTCTCTTATACACGA-1,0.026191,0.001553,0.972256
ACTCTTCAGCTCCCGC-1,0.046552,0.041225,0.912224
ACTCTTGTATAGTAAC-1,0.032222,0.100609,0.867169
ACTGAAACGCCGTTAG-1,0.008064,0.032122,0.959813
ACTGAATGGCGAAAGT-1,0.013929,0.057067,0.929003
ACTGATTTAGTGATTC-1,0.170441,0.124081,0.705478
ACTGCCCGCCATTCTC-1,0.999415,0.000084,0.000502
ACTGCCGTCGTAACTC-1,0.013445,0.061468,0.925087
ACTGCGGACACACCGT-1,0.000466,0.028622,0.970912
ACTGCTCGGAAGGATG-1,0.994233,0.000824,0.004943
ACTGGCGAACCTGCGT-1,0.086506,0.049015,0.86448
ACTGTACGATACACAT-1,0.00005,0.043647,0.956303
ACTGTAGCACTTTGGA-1,0.023284,0.003825,0.972892
ACTGTATACGCGAGCA-1,0.083523,0.060031,0.856446
ACTGTCCAGGATTATA-1,0.014857,0.002337,0.982806
ACTGTCTTCTTTAGAA-1,0.091922,0.074535,0.833543
ACTGTGCTAGTAGATC-1,0.091985,0.123364,0.784651
ACTGTTTAGTGTAGGC-1,0.038254,0.043164,0.918582
ACTTACCGGGCGCGCA-1,0.002371,0.066874,0.930754
ACTTACGCATCCACGC-1,0.070737,0.012641,0.916621
ACTTAGTACGACAAGA-1,0.118884,0.084181,0.796935
ACTTATACTTACCCGG-1,0.020123,0.013756,0.966121
ACTTATTAGGATCGGT-1,0.037159,0.050417,0.912424
ACTTATTTATGTGCCA-1,0.001228,0.028762,0.97001
ACTTCAGGCTGATCCC-1,0.103759,0.062569,0.833672
ACTTCCAGTGGAAGCT-1,0.990597,0.000268,0.009136
ACTTCCATGCGGGACA-1,0.145495,0.047037,0.807468
ACTTCCTGTCGTGCGA-1,0.01367,0.001343,0.984987
ACTTCGCCATACGCAC-1,0.000594,0.000038,0.999368
ACTTCGCTAGCGAGTG-1,0.043461,0.103929,0.85261
ACTTGACTCCCTCTTT-1,0.083271,0.077247,0.839483
ACTTGCCATATTGTAC-1,0.036847,0.014933,0.94822
ACTTGCTCTATCTACC-1,0.998522,0.000211,0.001267
ACTTGGGACCCGGTGG-1,0.043138,0.026982,0.92988
ACTTGTAGTCCCTTCA-1,0.998676,0.000189,0.001135
ACTTGTGGATGGAACG-1,0.012123,0.041335,0.946542
ACTTTACCCTCATGAA-1,0.000026,0.037821,0.962154
ACTTTCCTATAGCTTC-1,0.025427,0.018942,0.955632
ACTTTGACTGCATCCT-1,0.17295,0.471629,0.355421
ACTTTGGTCGTGCTCC-1,0.913823,0.00022,0.085957
ACTTTGTCGACGCACT-1,0.038722,0.026776,0.934502
AGAAATTATGACTCGC-1,0.000615,0.122787,0.876598
AGAACCCAGCGTGACA-1,0.031038,0.388024,0.580938
AGAACCCTCAATTGGG-1,0.998742,0.00018,0.001078
AGAACGTGGTACATTC-1,0.029394,0.011663,0.958943
AGAAGAGCGCCGTTCC-1,0.048674,0.000247,0.951078
AGAAGGTACACTTCAC-1,0.997873,0.000304,0.001824
AGAAGGTTGCCGAATT-1,0.04618,0.033699,0.920122
AGAAGGTTGTAGGTCG-1,0.847954,0.000108,0.151938
AGAAGTGATTCGTGAT-1,0.198436,0.046142,0.755422
AGAATAAATCTTCAGG-1,0.097185,0.008657,0.894158
AGAATGCGGGTTCGGA-1,0.000014,0.744221,0.255765
AGAATTATGGATTCGA-1,0.013505,0.107536,0.878958
AGAATTGTTTGACATA-1,0.002425,0.040137,0.957438
AGACAGCTCAGAATCC-1,0.081706,0.018232,0.900062
AGACAGGCATCTCAGC-1,0.028865,0.243729,0.727406
AGACATAGATCCTTCC-1,0.041678,0.04988,0.908442
AGACCAAACCACACCT-1,0.998579,0.000203,0.001218
AGACCATGGGATACAA-1,0.066876,0.033972,0.899152
AGACCCACCGCTGATC-1,0.177777,0.048882,0.773341
AGACCCGCCCTCCTCG-1,0.01357,0.038544,0.947886
AGACCGCTCCGCGGTT-1,0.005673,0.069114,0.925213
AGACCGGGAAACCCTG-1,0.029526,0.415894,0.55458
AGACGAAGTGCCGGTC-1,0.029341,0.048159,0.922501
AGACGACGATGCCGCT-1,0.868498,0.000115,0.131387
AGACGCCCACTTCGCC-1,0.089173,0.062879,0.847948
AGACGGGATTGGTATA-1,0.760375,0.050704,0.188921
AGACGGGCCGATTTAA-1,0.024865,0.012674,0.962461
AGACTAGCCTTCCAGA-1,0.00552,0.01561,0.97887
AGACTGTTACCGGGTC-1,0.964746,0.034449,0.000805
AGAGAAACACCAGAAA-1,0.448066,0.343418,0.208516
AGAGAACCGTCTAGGA-1,0.000018,0.02248,0.977502
AGAGAAGGAGTACAAT-1,0.970882,0.000137,0.028981
AGAGATCTCTAAAGCG-1,0.079909,0.003776,0.916315
AGAGCAGTTATGAGAC-1,0.013982,0.026115,0.959903
AGAGCCGCCGAGATTT-1,0.01276,0.132659,0.854582
AGAGCGCTTGTAACGG-1,0.051514,0.111296,0.83719
AGAGCGGGCTAATCAT-1,0.002844,0.006377,0.990779
AGAGCGTACAAGCTCG-1,0.005742,0.012323,0.981935
AGAGCTACGAAAGCAT-1,0.027596,0.048623,0.923781
AGAGGCTTCGGAAACC-1,0.032026,0.089314,0.87866
AGAGGGACAATTGTCC-1,0.040035,0.09824,0.861725
AGAGGTATCTCGGTCC-1,0.087192,0.005761,0.907047
AGAGTAAACTTCACTA-1,0.000566,0.018252,0.981182
AGAGTATAGTGTTACG-1,0.000028,0.058432,0.94154
AGAGTGAACAGACACC-1,0.060962,0.020014,0.919025
AGAGTTAGAGACCGAT-1,0.000028,0.003362,0.99661
AGAGTTGCAGGCCTCC-1,0.029045,0.034528,0.936427
AGATAACTTCAGGGCC-1,0.080344,0.06036,0.859296
AGATACCAATAGAACC-1,0.157918,0.16028,0.681803
AGATACCAGCACTTCA-1,0.019513,0.010459,0.970028
AGATACCGGTGTTCAC-1,0.030956,0.093926,0.875118
AGATACGACTTCATAT-1,0.066609,0.124409,0.808982
AGATACTCAAGATCGA-1,0.021399,0.034076,0.944525
AGATATAATACGACTA-1,0.999415,0.000084,0.000501
AGATCGTGCATAAGAT-1,0.003316,0.045622,0.951061
AGATCTCAGGTGTGAT-1,0.027936,0.031085,0.940979
AGATGACTCGCCCACG-1,0.027251,0.141029,0.83172
AGATGATGGAGTCTGG-1,0.000024,0.07306,0.926916
AGATGCAAGACGTGCA-1,0.996978,0.000432,0.002591
AGATGCATCCTGTGTC-1,0.998415,0.000226,0.001359
AGATGCTATAACGAGC-1,0.081269,0.033061,0.885669
AGATTATAGGACGTTT-1,0.040182,0.039406,0.920412
AGATTCAAGCGGGTCG-1,0.023443,0.01222,0.964337
AGATTCACAACCGATA-1,0.942032,0.056587,0.001381
AGCAAAGGCCGCTAGT-1,0.716068,0.017403,0.266529
AGCAACATATCTTATT-1,0.005492,0.032431,0.962077
AGCAACCGAAAGTAAT-1,0.998432,0.000224,0.001344
AGCACACGTTTAGACT-1,0.99847,0.000219,0.001311
AGCACCAGTACTCACG-1,0.003138,0.030664,0.966199
AGCACTACCGGCCTGT-1,0.212456,0.014962,0.772582
AGCACTACCTCACCAG-1,0.029973,0.009126,0.960901
AGCACTTAAGGACGCC-1,0.004985,0.063438,0.931576
AGCAGAAGGAGAAAGA-1,0.943099,0.000142,0.056758
AGCAGCCAGATGAATA-1,0.124755,0.030303,0.844942
AGCATATCAATATGCT-1,0.00931,0.019928,0.970762
AGCATCATTTCGAAAG-1,0.996987,0.000431,0.002582
AGCATCGTCGATAATT-1,0.02988,0.082826,0.887294
AGCATTACGAGGCAAG-1,0.817244,0.001495,0.181261
AGCCAAGCTTTGTGTC-1,0.959749,0.00023,0.040021
AGCCACAGGTTACCCG-1,0.340785,0.159959,0.499257
AGCCACTCCCGTGCTT-1,0.029066,0.03724,0.933694
AGCCCATACATGTAAG-1,0.308317,0.052407,0.639275
AGCCCGCAACAAGCAG-1,0.920913,0.000079,0.079008
AGCCCGGCATTAGAGG-1,0.998746,0.000179,0.001075
AGCCCGGTAGCCTGTA-1,0.998806,0.000171,0.001024
AGCCCTAAGCGAAGTT-1,0.011995,0.038356,0.949649
AGCCCTCCCTGGTGGC-1,0.999096,0.000129,0.000775
AGCCCTGTCGCACCGT-1,0.060071,0.02897,0.910959
AGCCCTTCTAATCCGA-1,0.024624,0.052399,0.922976
AGCCCTTGGACATCCC-1,0.001779,0.134408,0.863813
AGCCGCAAATTCAAAT-1,0.59412,0.048655,0.357224
AGCCGCTTGATTAGCG-1,0.285692,0.035087,0.679221
AGCCGTGGCTAAATGT-1,0.854356,0.000191,0.145453
AGCCTAATACCCACGT-1,0.811532,0.000096,0.188372
AGCCTTAAAGCGGAAG-1,0.006161,0.028238,0.965601
AGCGACAGGAACGGTC-1,0.185582,0.047821,0.766597
AGCGACATCCCATTCA-1,0.140015,0.03511,0.824875
AGCGACCAACGATATT-1,0.02722,0.060242,0.912538
AGCGAGACGTGAAGGC-1,0.994393,0.000104,0.005503
AGCGATGCGCCTAATA-1,0.201428,0.039444,0.759128
AGCGCATAATGAATCG-1,0.111615,0.041081,0.847305
AGCGCGGGTGCCAATG-1,0.007863,0.026333,0.965805
AGCGCTAGAGCGATGT-1,0.035668,0.016453,0.947879
AGCGCTTATGGGCAAG-1,0.000014,0.678732,0.321254
AGCGGACACTTCGTAG-1,0.986045,0.008447,0.005507
AGCGGCGGTTAGCGGT-1,0.998298,0.000243,0.001459
AGCGGGAAGGGTCCAT-1,0.083735,0.117761,0.798505
AGCGGGTCTGACACTC-1,0.998473,0.000218,0.001309
AGCGGTTGAGATGTAC-1,0.157688,0.020571,0.821741
AGCGGTTGCCGCTCTG-1,0.05763,0.045554,0.896816
AGCGTACGAGAGCTAG-1,0.026941,0.02299,0.950069
AGCGTAGCGCTAGACC-1,0.034079,0.244847,0.721073
AGCGTCTGAACCCGCA-1,0.079546,0.010271,0.910183
AGCGTGGTATTCTACT-1,0.045179,0.064105,0.890716
AGCGTTCCGATTTAAA-1,0.031882,0.005567,0.962551
AGCTAACAAGCAATGT-1,0.917429,0.071723,0.010848
AGCTAAGTACGCAGGC-1,0.897376,0.015727,0.086897
AGCTAGAAGCAGAAGT-1,0.030292,0.112927,0.856781
AGCTATTTAATCCAAC-1,0.000022,0.036429,0.963549
AGCTCCATATATGTTC-1,0.039841,0.047573,0.912586
AGCTCCTTCGCACATC-1,0.028283,0.043854,0.927862
AGCTCGTTGATGGAAA-1,0.033196,0.050215,0.916589
AGCTCTAGACGTTCCA-1,0.048275,0.008633,0.943093
AGCTCTTCCCAGTGCA-1,0.000097,0.019909,0.979994
AGCTCTTCGTAACCTT-1,0.000014,0.011922,0.988065
AGCTCTTTACTCAGTT-1,0.05816,0.024835,0.917005
AGCTGAAGTAAACCAA-1,0.00001,0.004464,0.995526
AGCTGCATTTGAGGTG-1,0.011702,0.039784,0.948513
AGCTGCTGTGCCGAAT-1,0.079565,0.045618,0.874818
AGCTGTAACCTCAATC-1,0.995681,0.000617,0.003702
AGCTTATAGAGACCTG-1,0.008611,0.048349,0.94304
AGCTTCAATACTTTGA-1,0.822155,0.005071,0.172774
AGCTTCTTCTCGAGCA-1,0.587182,0.000099,0.412718
AGCTTGATCTTAACTT-1,0.128609,0.000037,0.871354
AGGAAAGCCTCTGATG-1,0.035464,0.03327,0.931266
AGGAACGAACGACTTC-1,0.118431,0.072293,0.809277
AGGAAGCTGTCCGCCG-1,0.856445,0.000058,0.143496
AGGACAGTCGAATCCC-1,0.031311,0.037935,0.930754
AGGACATCGCACGTCG-1,0.018093,0.084337,0.89757
AGGACATCGGCACACT-1,0.76961,0.0058,0.224589
AGGACGACCCATTAGA-1,0.070322,0.054073,0.875605
AGGACGCTCGATGTTG-1,0.030722,0.007266,0.962012
AGGACTTATAGGAGAA-1,0.09225,0.1671,0.740649
AGGAGACATCCACAGT-1,0.015165,0.002938,0.981897
AGGAGAGTCTGGCTAC-1,0.052229,0.019389,0.928382
AGGAGGCCTTCGCGCG-1,0.007004,0.033901,0.959095
AGGATAAAGTCGGGAT-1,0.09132,0.047505,0.861176
AGGATATAGGGATTTA-1,0.021759,0.047451,0.93079
AGGATCACGCGATCTG-1,0.998151,0.000264,0.001585
AGGATTGCTTACGACA-1,0.022621,0.029033,0.948346
AGGCAAAGAGGAATCA-1,0.063905,0.122689,0.813406
AGGCAATACGGAGGAC-1,0.611544,0.000034,0.388422
AGGCACGTGACTGTCC-1,0.016458,0.08678,0.896761
AGGCAGATGCGTAAAC-1,0.000011,0.060425,0.939564
AGGCAGGGAGCGTACT-1,0.83572,0.000128,0.164153
AGGCATTGTCGTAGGG-1,0.028588,0.049136,0.922276
AGGCCACATTGGTTAC-1,0.00579,0.087497,0.906713
AGGCCACCCGTTATGA-1,0.016172,0.003323,0.980504
AGGCCCAGTGACTGGT-1,0.137264,0.099864,0.762871
AGGCCCATTGTACAGG-1,0.158004,0.020226,0.82177
AGGCCCTAGAACGCCA-1,0.369581,0.077796,0.552623
AGGCCTGAGAATCTCG-1,0.085038,0.03808,0.876882
AGGCGATAACTGGCGT-1,0.073346,0.036962,0.889693
AGGCGGTTTGTCCCGC-1,0.997517,0.000355,0.002128
AGGCGTCTATGGACGG-1,0.034105,0.008092,0.957803
AGGCTATGGTTAGCTT-1,0.000021,0.012289,0.98769
AGGCTTCCCGAAGAAG-1,0.307943,0.028389,0.663668
AGGCTTGCTAGACACC-1,0.057145,0.031244,0.911611
AGGGAAACGAGGTACT-1,0.000036,0.007867,0.992097
AGGGACAGCACGGCGG-1,0.076352,0.020762,0.902886
AGGGACCGGCTGCGTT-1,0.024299,0.014835,0.960866
AGGGACTCTACGCGAC-1,0.0445,0.656763,0.298737
AGGGAGACATACTTCG-1,0.003149,0.210961,0.78589
AGGGCAGCGGCGTGGT-1,0.043399,0.00744,0.949161
AGGGCCCTAATGTTCT-1,0.115625,0.161419,0.722956
AGGGCGAGCAGCTGAT-1,0.72651,0.000058,0.273432
AGGGCGTGATCGGCTA-1,0.328268,0.052439,0.619294
AGGGCTGCAGTTACAG-1,0.135775,0.01266,0.851566
AGGGTCAGAGCACTCG-1,0.999266,0.000105,0.000629
AGGGTCAGTAACCCTA-1,0.043409,0.034356,0.922235
AGGGTCGATGCGAACT-1,0.038622,0.035983,0.925394
AGGGTCTGGACGCAGT-1,0.628545,0.068542,0.302913
AGGGTGCCGTTCTTTA-1,0.998589,0.000202,0.00121
AGGGTGCTCTCGAGGG-1,0.02261,0.093134,0.884256
AGGGTGGATAGTGCAT-1,0.059188,0.02473,0.916082
AGGGTGTGCTACACGC-1,0.038535,0.020824,0.940641
AGGGTTCCCTTTGGTT-1,0.00009,0.012099,0.987811
AGGGTTTAGTTCGGGA-1,0.040547,0.015763,0.94369
AGGTAACCTCCTATTC-1,0.059373,0.02676,0.913867
AGGTACGATATTGCCA-1,0.021015,0.003615,0.97537
AGGTAGATCGAGATAT-1,0.999117,0.000126,0.000757
AGGTAGGTACAAAGCT-1,0.094512,0.02399,0.881499
AGGTATAATTGATAGT-1,0.000611,0.046954,0.952435
AGGTATGCGGACATTA-1,0.017095,0.079364,0.903541
AGGTCAGGTGAGAGTG-1,0.605819,0.000092,0.394089
AGGTCGCCACTTCGGT-1,0.032584,0.029316,0.938101
AGGTCGCCTCCCAACA-1,0.063306,0.058426,0.878269
AGGTCGCGGAGTTACT-1,0.000024,0.010013,0.989963
AGGTGGTGACCTTCGC-1,0.997598,0.000343,0.002059
AGGTGTATCGCCATGA-1,0.115852,0.26113,0.623019
AGGTGTTGCCGACCAC-1,0.753956,0.064263,0.181781
AGGTTACACCATGCCG-1,0.009763,0.049358,0.940879
AGGTTCTCCTTTCCGG-1,0.587158,0.244207,0.168634
AGGTTGAGGCACGCTT-1,0.00002,0.018623,0.981357
AGGTTTCACACACCTT-1,0.058409,0.050374,0.891217
AGTAACGTTCATCCTG-1,0.002363,0.006875,0.990762
AGTAATGTCTTGCCGC-1,0.082954,0.183341,0.733705
AGTAATTTGCAAGCGT-1,0.72172,0.202202,0.076078
AGTACATCATTTATCA-1,0.004459,0.023402,0.972139
AGTACCTTCGAGTGCT-1,0.001353,0.017608,0.981039
AGTACGGCCCGTATCG-1,0.16271,0.029574,0.807716
AGTACGGGCACCTGGC-1,0.000019,0.044949,0.955032
AGTACGTGGCCTGTCT-1,0.009561,0.00992,0.980518
AGTACTCTTATGCCCA-1,0.000021,0.006582,0.993397
AGTAGCGTGAACGAAC-1,0.059156,0.028548,0.912296
AGTAGCTAGACGCCGA-1,0.044991,0.025554,0.929455
AGTAGGAAGGAAGTTG-1,0.000016,0.005805,0.994179
AGTAGGTAACATACAT-1,0.220796,0.000054,0.77915
AGTATAATACTAGGCA-1,0.012757,0.019563,0.96768
AGTATACACAGCGACA-1,0.999448,0.000079,0.000473
AGTATCCATAATAACG-1,0.044135,0.017443,0.938422
AGTATGCTGGAGACCA-1,0.92682,0.067614,0.005566
AGTATTTGGCACGACC-1,0.83277,0.007712,0.159518
AGTCAAATGATGTGAT-1,0.999377,0.000089,0.000534
AGTCAACACCACCATC-1,0.114955,0.043426,0.841619
AGTCAAGATGACACTT-1,0.012406,0.031121,0.956473
AGTCACTAGCTCTCGA-1,0.034425,0.027629,0.937946
AGTCACTCCGCCTCAT-1,0.045498,0.034054,0.920448
AGTCAGCCACCGCCTG-1,0.014664,0.021537,0.963798
AGTCCAGCGGGTACGT-1,0.030198,0.06028,0.909522
AGTCCATTGGCTGATG-1,0.053145,0.048878,0.897978
AGTCCCGCCTTTAATT-1,0.002891,0.013592,0.983517
AGTCCCTCGCAGAAAG-1,0.010927,0.041041,0.948032
AGTCGAAACGATTCAG-1,0.965295,0.00028,0.034425
AGTCGACGGTCTCAAG-1,0.044048,0.028402,0.92755
AGTCGGCCCAAACGAC-1,0.048196,0.105623,0.846181
AGTCGGCTCAACTTTA-1,0.33213,0.052843,0.615028
AGTCGGTTGCGTGAGA-1,0.000012,0.053046,0.946942
AGTCGTATAAAGCAGA-1,0.902594,0.000094,0.097312
AGTCGTCGACCACCAA-1,0.010842,0.025267,0.96389
AGTCGTGGGCATTACG-1,0.76538,0.000253,0.234367
AGTCTAAAGTATACTC-1,0.002511,0.003444,0.994045
AGTCTCACAAGACTAC-1,0.973293,0.000287,0.026421
AGTCTGGACATCCTTG-1,0.041122,0.021153,0.937726
AGTCTTCTCCTCAAAT-1,0.037819,0.106849,0.855332
AGTCTTTAAAGTGTCC-1,0.822565,0.000111,0.177324
AGTGAACAAACTTCTC-1,0.051567,0.113119,0.835314
AGTGAAGATGGTGTCC-1,0.03226,0.041628,0.926112
AGTGACCTACTTTACG-1,0.028447,0.020558,0.950996
AGTGACTGTGACACAA-1,0.830612,0.087267,0.082121
AGTGAGACTTCCAGTA-1,0.004348,0.04248,0.953172
AGTGAGCCTCGCCGCC-1,0.000035,0.000254,0.999711
AGTGAGGGTTTCTGAC-1,0.00002,0.004782,0.995197
AGTGAGTCGAATTAAC-1,0.610882,0.010508,0.37861
AGTGATAACCTGCGCG-1,0.014448,0.012784,0.972769
AGTGATATGAGTAGTT-1,0.062171,0.033464,0.904365
AGTGATTCAAGCAGGA-1,0.002369,0.050607,0.947024
AGTGCACGCTTAAGAA-1,0.000011,0.02517,0.97482
AGTGCGTAGCTCGTAA-1,0.34225,0.050271,0.607479
AGTGCTAAACACAGCA-1,0.043403,0.042511,0.914086
AGTGCTTGCACGAATA-1,0.000069,0.006663,0.993268
AGTGGCGGCAATTTGA-1,0.000027,0.017646,0.982326
AGTGGCGTCTGAAGGT-1,0.186703,0.066051,0.747247
AGTGGCTCCGTCGGCC-1,0.19231,0.031809,0.77588
AGTGGGAGTATACACG-1,0.320144,0.000046,0.67981
AGTGGTGTTACCCGTG-1,0.97143,0.00015,0.02842
AGTGGTTGCGTATAGG-1,0.345071,0.020892,0.634037
AGTGTATTGCGCATTG-1,0.00773,0.029228,0.963042
AGTGTGCTAAGATCGC-1,0.150342,0.103056,0.746602
AGTGTGGTCTATTGTG-1,0.002022,0.008816,0.989163
AGTTAAACACTTGCGA-1,0.009095,0.039113,0.951792
AGTTAAGCGGTCCCGG-1,0.018446,0.006508,0.975046
AGTTAAGTCAACCGCT-1,0.796512,0.083937,0.119551
AGTTACCCTTAAGACT-1,0.005968,0.469397,0.524635
AGTTACCGCACATGGT-1,0.109812,0.021211,0.868977
AGTTACTCTATCGTGG-1,0.251268,0.012061,0.73667
AGTTATTGAAAGGTAA-1,0.432965,0.018197,0.548839
AGTTCACCGGTTGGAC-1,0.078828,0.083885,0.837287
AGTTCCTACAGAATTA-1,0.127127,0.050123,0.82275
AGTTCCTATTTATGTT-1,0.000032,0.074465,0.925504
AGTTCTGCGTTGTATC-1,0.063173,0.287765,0.649062
AGTTGACATCGGCTGG-1,0.059675,0.043053,0.897272
AGTTGACGGTCCTTGC-1,0.925422,0.000119,0.074459
AGTTGCGGTCCTCAAC-1,0.866214,0.115047,0.018739
AGTTGCTGACTGATAT-1,0.088453,0.016027,0.89552
AGTTGGCAAGGCTAGA-1,0.763255,0.014993,0.221752
AGTTTATGTAAAGACA-1,0.027212,0.021935,0.950853
AGTTTCGCAGGTCGGA-1,0.000029,0.002446,0.997525
AGTTTGCACCTGCCTC-1,0.065328,0.009836,0.924837
AGTTTGGCACGGGTTG-1,0.010461,0.163628,0.825911
AGTTTGGCCAGACCTA-1,0.29344,0.01313,0.69343
ATAAACCATTGGACGG-1,0.000016,0.011921,0.988063
ATAAACGGACCCGTAA-1,0.008266,0.060027,0.931708
ATAAACGTTGCACCAC-1,0.085484,0.028579,0.885937
ATAAAGGCTCGGTCGT-1,0.019434,0.013309,0.967257
ATAAAGGTCAAGTACG-1,0.017389,0.010467,0.972143
ATAAATATTAGCAGCT-1,0.03153,0.018159,0.950311
ATAACGCCGGAGGGTC-1,0.053205,0.220011,0.726784
ATAACGGAGTCCAACG-1,0.000743,0.010752,0.988505
ATAACGTTACCTCCAC-1,0.00886,0.003698,0.987442
ATAAGCAAACACCGAG-1,0.016466,0.138817,0.844717
ATAAGGTGGAGAACAT-1,0.092051,0.068676,0.839273
ATAAGTACCCGATTGT-1,0.04062,0.044265,0.915114
ATAAGTAGGATTCAGA-1,0.009027,0.024163,0.966809
ATAAGTAGGGCGACTC-1,0.017072,0.005829,0.977099
ATAAGTTACCGCGACG-1,0.056645,0.028334,0.915021
ATAATACCGTTAGCCG-1,0.040236,0.010948,0.948816
ATAATAGCTGTTGAAT-1,0.02743,0.124488,0.848082
ATAATAGTGTAGGGAC-1,0.00768,0.269876,0.722444
ATAATCTTGGAGAACC-1,0.61709,0.024516,0.358395
ATAATTAGCTAAGTAG-1,0.99678,0.000067,0.003152
ATACAGGCCCTCCAAT-1,0.11491,0.034638,0.850452
ATACCACGGGCAACTT-1,0.21465,0.029362,0.755988
ATACCAGCAAATTGCT-1,0.050007,0.040174,0.909819
ATACCAGGCTAATAGA-1,0.004636,0.031286,0.964078
ATACCAGGTGAGCGAT-1,0.018702,0.008904,0.972394
ATACCCTGGCTCAAAT-1,0.088131,0.025414,0.886455
