Barcode,Topic 1,Topic 2to3,Topic 4,Topic 5to8
AAACAACGAATAGTTC-1,0.070514,0.003202,0.055044,0.87124
AAACAAGTATCTCCCA-1,0.066115,0.259321,0.315597,0.358967
AAACAATCTACTAGCA-1,0.803722,0.195595,0.000069,0.000614
AAACACCAATAACTGC-1,0.00002,0.041788,0.004292,0.9539
AAACAGAGCGACTCCT-1,0.21129,0.496361,0.054301,0.238048
AAACAGCTTTCAGAAG-1,0.118036,0.854397,0.000067,0.0275
AAACAGGGTCTATATT-1,0.001694,0.693567,0.038125,0.266614
AAACAGTGTTCCTGGG-1,0.022193,0.092685,0.060593,0.824529
AAACATGGTGAGAGGA-1,0.998944,0.000302,0.000151,0.000604
AAACATTTCCCGGATT-1,0.161101,0.100052,0.076299,0.662548
AAACCACTACACAGAT-1,0.530191,0.317403,0.023973,0.128432
AAACCCGAACGAAATC-1,0.248173,0.374716,0.094198,0.282912
AAACCGGAAATGTTAA-1,0.093235,0.323689,0.118787,0.464289
AAACCGGGTAGGTACC-1,0.022111,0.186446,0.053193,0.738251
AAACCGTTCGTCCAGG-1,0.092624,0.195935,0.104211,0.60723
AAACCTAAGCAGCCGG-1,0.166826,0.320564,0.319836,0.192774
AAACCTCATGAAGTTG-1,0.053052,0.771629,0.048071,0.127248
AAACGAAGAACATACC-1,0.039063,0.494298,0.127341,0.339297
AAACGAAGATGGAGTA-1,0.239806,0.657655,0.006613,0.095927
AAACGACAGTCTTGCC-1,0.119976,0.089143,0.028468,0.762413
AAACGAGACGGTTGAT-1,0.00123,0.021433,0.0965,0.880836
AAACGCCCGAGATCGG-1,0.150611,0.507114,0.253972,0.088303
AAACGCTGGGCACGAC-1,0.805267,0.14551,0.000031,0.049191
AAACGGGCGTACGGGT-1,0.195974,0.189029,0.025619,0.589379
AAACGGGTTGGTATCC-1,0.000048,0.445799,0.079711,0.474442
AAACGGTTGCGAACTG-1,0.100036,0.163844,0.207157,0.528963
AAACGTGTTCGCCCTA-1,0.00702,0.679751,0.257058,0.05617
AAACTAACGTGGCGAC-1,0.055942,0.620797,0.138627,0.184633
AAACTCGGTTCGCAAT-1,0.033505,0.199943,0.024263,0.74229
AAACTCGTGATATAAG-1,0.013725,0.575381,0.293386,0.117508
AAACTGCTGGCTCCAA-1,0.170116,0.319291,0.232521,0.278072
AAACTTAATTGCACGC-1,0.327998,0.341024,0.006671,0.324307
AAACTTGCAAACGTAT-1,0.25423,0.679768,0.013536,0.052467
AAAGAATGACCTTAGA-1,0.406939,0.500371,0.004246,0.088444
AAAGAATGTGGACTAA-1,0.010381,0.171602,0.026006,0.792011
AAAGACATGAAGTTTA-1,0.045202,0.407392,0.125057,0.422349
AAAGACCCAAGTCGCG-1,0.000068,0.506931,0.128482,0.364519
AAAGACTGGGCGCTTT-1,0.00056,0.9657,0.000099,0.033641
AAAGCTTGCCTACATA-1,0.011767,0.158051,0.19212,0.638062
AAAGGCCCTATAATAC-1,0.547119,0.450359,0.000264,0.002258
AAAGGCTACGGACCAT-1,0.045211,0.582599,0.098512,0.273678
AAAGGCTCTCGCGCCG-1,0.261913,0.522164,0.074447,0.141477
AAAGGGATGTAGCAAG-1,0.019139,0.116836,0.366119,0.497905
AAAGGGCAGCTTGAAT-1,0.057582,0.802625,0.02386,0.115933
AAAGGTAAGCTGTACC-1,0.041485,0.704982,0.081194,0.172339
AAAGGTCAACGACATG-1,0.059123,0.203459,0.182983,0.554435
AAAGTAGCATTGCTCA-1,0.036558,0.160257,0.246534,0.55665
AAAGTCACTGATGTAA-1,0.012192,0.450647,0.069739,0.467422
AAAGTCGACCCTCAGT-1,0.000048,0.877398,0.004597,0.117957
AAAGTGCCATCAATTA-1,0.050429,0.303682,0.022281,0.623608
AAAGTGTGATTTATCT-1,0.179228,0.009758,0.084804,0.726211
AAAGTTGACTCCCGTA-1,0.000335,0.00101,0.033477,0.965178
AAATAACCATACGGGA-1,0.209664,0.220007,0.03479,0.535539
AAATAAGGTAGTGCCC-1,0.078918,0.535622,0.108481,0.276979
AAATACCTATAAGCAT-1,0.077322,0.194775,0.040129,0.687774
AAATAGCTTAGACTTT-1,0.078994,0.182651,0.157756,0.580599
AAATAGGGTGCTATTG-1,0.006975,0.077193,0.043894,0.871937
AAATCACTCCTAAACG-1,0.054602,0.729463,0.163781,0.052154
AAATCCGATACACGCC-1,0.057215,0.250026,0.324124,0.368635
AAATCGCGGAAGGAGT-1,0.335733,0.417818,0.030881,0.215568
AAATCGTGTACCACAA-1,0.043481,0.263633,0.156947,0.535939
AAATCTAGCCCTGCTA-1,0.391761,0.420787,0.013881,0.173571
AAATCTGCCCGCGTCC-1,0.123097,0.653449,0.029818,0.193636
AAATGACTGATCAAAC-1,0.120195,0.230963,0.015504,0.633338
AAATGATTCGATCAGC-1,0.015831,0.440926,0.142621,0.400622
AAATGCTCGTTACGTT-1,0.061865,0.827972,0.082913,0.02725
AAATGGCATGTCTTGT-1,0.076245,0.52715,0.12703,0.269575
AAATGGCCCGTGCCCT-1,0.000222,0.319159,0.013411,0.667208
AAATGGTCAATGTGCC-1,0.148647,0.379015,0.161303,0.311035
AAATGTATCTTATCCC-1,0.386757,0.188819,0.363276,0.061148
AAATGTGGGTGCTCCT-1,0.049006,0.641721,0.01331,0.295963
AAATTAACGGGTAGCT-1,0.568856,0.007489,0.112488,0.311167
AAATTAATAAGCGCGA-1,0.097394,0.329081,0.156253,0.417273
AAATTACACGACTCTG-1,0.041219,0.358243,0.081,0.519538
AAATTACCTATCGATG-1,0.177076,0.237275,0.04505,0.540599
AAATTCCAGGTCCAAA-1,0.048662,0.18601,0.061159,0.704168
AAATTGATAGTCCTTT-1,0.021019,0.004937,0.006516,0.967529
AAATTGCGGCGGTTCT-1,0.003105,0.772192,0.016822,0.20788
AAATTGGTGAGAAGCA-1,0.006098,0.620435,0.053863,0.319604
AAATTTACCGAAATCC-1,0.132471,0.498085,0.200722,0.168722
AAATTTGCGGGTGTGG-1,0.090086,0.061847,0.039046,0.80902
AACAACTGGTAGTTGC-1,0.042427,0.22002,0.288062,0.449491
AACAATACATTGTCGA-1,0.015997,0.305214,0.014615,0.664173
AACAATTACTCTACGC-1,0.312967,0.585111,0.038658,0.063264
AACACACGCTCGCCGC-1,0.14406,0.329405,0.061733,0.464802
AACACGACTGTACTGA-1,0.067745,0.512194,0.152571,0.26749
AACACGAGACGCGGCC-1,0.005624,0.732899,0.039938,0.221539
AACACGCGGCCGCGAA-1,0.013096,0.859785,0.028617,0.098501
AACAGCTGTGTGGCAA-1,0.148687,0.402969,0.033371,0.414974
AACAGGAAATCGAATA-1,0.20209,0.282692,0.07692,0.438299
AACAGGATGGGCCGCG-1,0.000676,0.631021,0.205101,0.163202
AACAGGTAGTATGGAT-1,0.125457,0.351844,0.168434,0.354265
AACATAGCGTGTATCG-1,0.048136,0.05338,0.043131,0.855353
AACATATCAACTGGTG-1,0.006689,0.264893,0.097801,0.630617
AACATCGATACGTCTA-1,0.001031,0.492419,0.051815,0.454735
AACATTGAAGTTGATC-1,0.182677,0.554266,0.16327,0.099787
AACATTGGTCAGCCGT-1,0.194233,0.647728,0.013437,0.144602
AACATTGTGACTCGAG-1,0.046496,0.254395,0.070298,0.628812
AACCAAGACTTCTCTG-1,0.095332,0.240778,0.011501,0.652388
AACCAGTATCACTCTT-1,0.016437,0.258861,0.436635,0.288067
AACCATAGGGTTGAAC-1,0.17653,0.410706,0.011776,0.400988
AACCATGGGATCGCTA-1,0.061665,0.811635,0.004114,0.122586
AACCCAGAGACGGAGA-1,0.028673,0.543582,0.208559,0.219186
AACCCATCCCATGATC-1,0.00463,0.647396,0.045776,0.302198
AACCCGACAACCCGTG-1,0.014306,0.538499,0.082267,0.364928
AACCCGAGCAGAATCG-1,0.139278,0.298507,0.023723,0.538491
AACCCGATAGGGCTTC-1,0.047481,0.34889,0.544737,0.058891
AACCCGCTGTATTCCA-1,0.224082,0.04623,0.025052,0.704636
AACCCTACTGTCAATA-1,0.189192,0.28791,0.109243,0.413654
AACCCTGGTGGAACCA-1,0.016176,0.367537,0.186319,0.429968
AACCGAGCTTGGTCAT-1,0.078173,0.320228,0.113429,0.48817
AACCGCTAAGGGATGC-1,0.135487,0.000163,0.003349,0.861
AACCGTTGTGTTTGCT-1,0.103585,0.337319,0.078906,0.48019
AACCTAAAGCCGTCCG-1,0.086282,0.572225,0.19111,0.150383
AACCTCGCTTTAGCCC-1,0.089732,0.168554,0.04772,0.693994
AACCTGTCACGGAATT-1,0.087433,0.447577,0.103732,0.361259
AACCTTTAAATACGGT-1,0.901595,0.094163,0.000044,0.004198
AACCTTTACGACGTCT-1,0.045008,0.585669,0.30018,0.069143
AACGAAAGTCGTCCCA-1,0.01091,0.615865,0.013618,0.359607
AACGACCTCCTAGCCG-1,0.110311,0.032164,0.014811,0.842714
AACGATAATGCCGTAG-1,0.095317,0.485029,0.17406,0.245593
AACGATAGAAGGGCCG-1,0.032019,0.25383,0.071723,0.642428
AACGATATGTCAACTG-1,0.653964,0.172676,0.111609,0.061751
AACGCATGATCTGGGT-1,0.040278,0.459507,0.155468,0.344747
AACGCGAACGGCAACA-1,0.008376,0.807603,0.151023,0.032998
AACGCGACCTTGGGCG-1,0.062738,0.239579,0.100196,0.597486
AACGCGGTCTCCAGCC-1,0.00506,0.067391,0.189816,0.737733
AACGCTGTTGCTGAAA-1,0.115473,0.000041,0.015959,0.868527
AACGGACGTACGTATA-1,0.103853,0.343517,0.113896,0.438735
AACGGCCATCTCCGGT-1,0.011366,0.31682,0.131972,0.539842
AACGTACTGTGGGTAC-1,0.06848,0.249175,0.214887,0.467458
AACGTAGTCTACCCAT-1,0.022325,0.812655,0.114077,0.050944
AACGTCAGACTAGTGG-1,0.000063,0.46559,0.0877,0.446647
AACGTCATCCGGCTTG-1,0.08666,0.627268,0.004603,0.281468
AACGTCGCTGCACTTC-1,0.12435,0.590034,0.026127,0.259489
AACGTGATGAAGGACA-1,0.003782,0.461081,0.076743,0.458394
AACGTGCGAAAGTCTC-1,0.082358,0.16121,0.362833,0.393599
AACGTTATCAGCACCT-1,0.119636,0.511108,0.105084,0.264171
AACGTTCTACCATTGT-1,0.325151,0.42861,0.041297,0.204943
AACTACCCGTTTGTCA-1,0.048628,0.498661,0.014617,0.438094
AACTAGCGTATCGCAC-1,0.059312,0.39157,0.112974,0.436143
AACTAGGCTTGGGTGT-1,0.003887,0.377386,0.083263,0.535463
AACTCAAGTTAATTGC-1,0.135353,0.139719,0.071207,0.653721
AACTCCAGAGCGTGTT-1,0.058644,0.204814,0.278937,0.457605
AACTCCTAATCCCATG-1,0.061812,0.544566,0.057946,0.335675
AACTCGATAAACACGT-1,0.257588,0.736314,0.003885,0.002213
AACTCGATGGCGCAGT-1,0.035389,0.742522,0.021306,0.200783
AACTCTCAATAGAGCG-1,0.599416,0.000075,0.000043,0.400466
AACTCTCAGTGTGCTC-1,0.056614,0.043239,0.046451,0.853695
AACTGAGGTCAGCGTC-1,0.003945,0.432892,0.041743,0.521419
AACTGAGTTATACTGA-1,0.557407,0.06935,0.065888,0.307356
AACTGATATTAGGCCT-1,0.667544,0.000059,0.008099,0.324298
AACTGGGTCCCGACGT-1,0.095743,0.472041,0.06482,0.367396
AACTGGGTTCGAGCCG-1,0.040019,0.410616,0.022225,0.52714
AACTGGTGTGGGCCTT-1,0.11936,0.755894,0.045812,0.078935
AACTTCTGCGTCTATC-1,0.00008,0.508159,0.028842,0.462919
AACTTGCCCGTATGCA-1,0.02587,0.417126,0.262765,0.294239
AACTTGCGTTCTCGCG-1,0.000113,0.572357,0.03599,0.39154
AACTTTACGGGAGCTT-1,0.354597,0.645022,0.000076,0.000305
AACTTTAGCTGCTGAG-1,0.000734,0.635914,0.011497,0.351855
AACTTTCTCGATCATG-1,0.384967,0.204327,0.046126,0.364581
AAGAAAGTTTGATGGG-1,0.04794,0.823587,0.066219,0.062253
AAGAAATCACCAGATT-1,0.071519,0.329642,0.158643,0.440196
AAGAAGGATCAGTTAG-1,0.030027,0.782117,0.027693,0.160163
AAGACATACGTGGTTT-1,0.03199,0.284323,0.017931,0.665756
AAGACCAAATAACTCA-1,0.322414,0.474458,0.006362,0.196766
AAGACCCAACTGAACA-1,0.24869,0.235114,0.032506,0.48369
AAGACTAACCCGTTGT-1,0.006358,0.580362,0.082647,0.330633
AAGACTCACGCCCACT-1,0.098967,0.577943,0.201462,0.121628
AAGACTGCAAGCTACT-1,0.032692,0.118324,0.100487,0.748496
AAGAGATGAATCGGTA-1,0.002727,0.589653,0.032345,0.375275
AAGAGCTCTTTATCGG-1,0.000038,0.000077,0.047704,0.95218
AAGAGGATGTACGCGA-1,0.000516,0.204348,0.032504,0.762632
AAGAGGCATGGATCGC-1,0.045533,0.470434,0.072128,0.411905
AAGAGGCCCTTTGGAA-1,0.149313,0.525346,0.050911,0.27443
AAGATGGCACCGGACC-1,0.06666,0.298854,0.083735,0.550751
AAGATTGGCGGAACGT-1,0.054124,0.13273,0.030698,0.782448
AAGCACCCTGCGTATC-1,0.061375,0.30804,0.265298,0.365287
AAGCATACTCTCCTGA-1,0.424232,0.040976,0.018897,0.515895
AAGCCACTTGCAGGTA-1,0.445614,0.022275,0.017668,0.514444
AAGCCGAAGCGGTTTA-1,0.061314,0.253765,0.057945,0.626976
AAGCCGCCGTGAAATC-1,0.280485,0.52582,0.015323,0.178372
AAGCCGCTTTACCTTG-1,0.000127,0.02142,0.022646,0.955807
AAGCCGGAGAGCAGGA-1,0.062733,0.327489,0.050788,0.558989
AAGCGCAGGGCTTTGA-1,0.123734,0.53386,0.211933,0.130474
AAGCGGAGTGCGCGCA-1,0.065168,0.534382,0.164379,0.236071
AAGCGGCGTCATGGGT-1,0.18703,0.757309,0.045808,0.009853
AAGCGTCCCTCATCGA-1,0.158345,0.148745,0.036609,0.656301
AAGCTAGATCGAGTAA-1,0.126539,0.119095,0.083759,0.670607
AAGCTATGGATTGACC-1,0.000049,0.913868,0.002963,0.08312
AAGCTCGTGCCAAGTC-1,0.187749,0.017577,0.022735,0.771938
AAGCTCTTTCATGGTG-1,0.258713,0.384983,0.099536,0.256769
AAGGAGAACTTATAAG-1,0.000109,0.591042,0.191113,0.217737
AAGGAGCGGTTGGTGC-1,0.000086,0.678352,0.173291,0.148271
AAGGATCGATCGCTTG-1,0.162243,0.18323,0.252498,0.402029
AAGGATGAGGGACCTC-1,0.561064,0.236627,0.112103,0.090206
AAGGCAGGCTGTCTCC-1,0.249411,0.243827,0.326573,0.180189
AAGGCGCGTAAAGCTT-1,0.000038,0.269873,0.080993,0.649097
AAGGCTGTGCTCATCG-1,0.004936,0.193517,0.119244,0.682302
AAGGGAACGACTGGCT-1,0.032419,0.036604,0.033207,0.89777
AAGGGACAGATTCTGT-1,0.104654,0.590959,0.125107,0.17928
AAGGGACTATGCATTC-1,0.016536,0.244162,0.092392,0.64691
AAGGGTTAGCCATGCG-1,0.18064,0.438565,0.047747,0.333048
AAGGGTTTGATTTCAG-1,0.394382,0.591328,0.008187,0.006103
AAGGTATCCTAATATA-1,0.826294,0.123111,0.0162,0.034396
AAGGTGATAAACCAGC-1,0.312808,0.277233,0.056589,0.35337
AAGTAAGCTTCCAAAC-1,0.054657,0.833642,0.092925,0.018775
AAGTAGAAGACCGGGT-1,0.011086,0.292018,0.13379,0.563106
AAGTAGTGACGCGAGG-1,0.000063,0.427412,0.082056,0.490469
AAGTCAATTGTCGTCA-1,0.080395,0.28549,0.120143,0.513972
AAGTCTAGTAGCTGCC-1,0.044445,0.042224,0.122197,0.791134
AAGTCTTCTGTGGCCT-1,0.622934,0.376323,0.000149,0.000594
AAGTGACGACCGAATT-1,0.000059,0.346354,0.05367,0.599917
AAGTGAGTCGGGTTTA-1,0.180232,0.506608,0.029523,0.283636
AAGTGCAAAGGTAGAC-1,0.321575,0.362241,0.068549,0.247635
AAGTGCCTTGACTGTA-1,0.066259,0.421697,0.088457,0.423587
AAGTGCGTTAGAATCT-1,0.037575,0.239064,0.106397,0.616964
AAGTGCTTCTCTATTG-1,0.110437,0.493281,0.078941,0.317341
AAGTGTTTGGAGACGG-1,0.083064,0.51209,0.063859,0.340987
AAGTTCACTCCAAGCT-1,0.076309,0.354323,0.089009,0.480359
AAGTTCAGTCTGCGTA-1,0.14474,0.460858,0.079322,0.31508
AAGTTCGGCCAACAGG-1,0.052481,0.367036,0.16996,0.410523
AAGTTGTGATGTTATA-1,0.478315,0.173603,0.029935,0.318148
AAGTTTACTAATGGCA-1,0.112507,0.348736,0.0082,0.530558
AAGTTTATGGGCCCAA-1,0.0982,0.181471,0.254955,0.465374
AATAACAACGCTCGGC-1,0.025275,0.844809,0.054519,0.075397
AATAACACTAGAACAA-1,0.045224,0.507376,0.098269,0.349131
AATAACGTCGCGCCCA-1,0.011861,0.341208,0.015418,0.631512
AATAAGTCCTCGAGAC-1,0.007921,0.302599,0.129417,0.560062
AATAATCTTCGTATCG-1,0.207373,0.348223,0.093711,0.350694
AATACAATGTTTCAGG-1,0.000118,0.956821,0.000118,0.042942
AATACCGGAGGGCTGT-1,0.129015,0.174535,0.047541,0.648909
AATACCTGATGTGAAC-1,0.089781,0.405499,0.162984,0.341735
AATAGAACAGAGTGGC-1,0.103151,0.550476,0.053433,0.29294
AATAGAATCTGTTTCA-1,0.031705,0.019241,0.021847,0.927206
AATAGCAAGCCTCCTG-1,0.010271,0.351506,0.103201,0.535022
AATAGCTACCGCGTGC-1,0.018734,0.094084,0.345475,0.541707
AATAGGCACGACCCTT-1,0.78413,0.150064,0.010252,0.055554
AATAGTCCGTCCCGAC-1,0.184097,0.418465,0.081421,0.316017
AATAGTCGCGAGTCGG-1,0.112251,0.789539,0.098058,0.000152
AATATCAAGGTCGGAT-1,0.000108,0.601305,0.004297,0.39429
AATATCCTAGCAAACT-1,0.211081,0.692185,0.021388,0.075347
AATATCGAATCAATGC-1,0.16917,0.243123,0.073878,0.51383
AATATCGAGGGTTCTC-1,0.092075,0.383059,0.285815,0.239051
AATATTGGAGTATTGA-1,0.000104,0.534267,0.001466,0.464163
AATCAGACTGCAGGAC-1,0.03198,0.774111,0.127766,0.066143
AATCAGGTTTCATTTA-1,0.013064,0.583435,0.025902,0.377598
AATCATGTAAAGACTC-1,0.107034,0.315185,0.094927,0.482855
AATCCAAGGGCCTGAG-1,0.017986,0.7309,0.054312,0.196802
AATCCATGCAAGGGTG-1,0.000078,0.634932,0.024126,0.340864
AATCCCGCTCAGAGCC-1,0.021751,0.194861,0.020964,0.762424
AATCGAGGTCTCAAGG-1,0.313048,0.499202,0.019497,0.168253
AATCGCCTCAGCGCCA-1,0.003134,0.188706,0.159423,0.648737
AATCGCGCAGAGGACT-1,0.115571,0.204631,0.054827,0.624971
AATCGGGACACTACGA-1,0.000131,0.630399,0.058328,0.311142
AATCGGTATAGCCCTC-1,0.046832,0.4708,0.026548,0.455821
AATCGTGAGCCGAGCA-1,0.121943,0.090113,0.180619,0.607325
AATCTAGGTTTACTTG-1,0.000063,0.768941,0.02155,0.209446
AATCTATGCCGGAGCC-1,0.011123,0.182354,0.101853,0.70467
AATCTCTACTGTGGTT-1,0.000103,0.97349,0.000103,0.026303
AATCTGCGTTGGGACG-1,0.036373,0.280144,0.182003,0.50148
AATCTGGCTTTCTAGT-1,0.000045,0.298015,0.022104,0.679836
AATCTGGGTAGACCCT-1,0.144446,0.617446,0.066685,0.171423
AATGACAGCAATGTCT-1,0.00003,0.179514,0.026874,0.793582
AATGACGTAGGATGTC-1,0.756039,0.049227,0.00677,0.187964
AATGACTGTCAGCCGG-1,0.008676,0.556388,0.110687,0.324249
AATGAGTTCGCATATG-1,0.012492,0.770659,0.0081,0.208748
AATGATGATACGCTAT-1,0.205619,0.365152,0.206531,0.222698
AATGATGCGACTCCTG-1,0.000037,0.099911,0.067132,0.83292
AATGCAACCGGGTACC-1,0.105751,0.202101,0.271246,0.420902
AATGCACCAAGCAATG-1,0.306701,0.546284,0.126881,0.020135
AATGGCCGCCAATGCG-1,0.115821,0.607809,0.217955,0.058415
AATGGTCCACCGTTCA-1,0.007863,0.927201,0.006294,0.058643
AATGGTTCTCACAAGC-1,0.02217,0.566218,0.21057,0.201042
AATGTATGGCACTGTA-1,0.202535,0.395521,0.011516,0.390428
AATGTGCCCGAGGTGT-1,0.095169,0.249731,0.020195,0.634905
AATGTGCTAATCTGAG-1,0.014024,0.851489,0.019739,0.114747
AATGTTAAGACCCTGA-1,0.046438,0.423609,0.055681,0.474272
AATGTTGTCGTGAGAC-1,0.854855,0.092428,0.000298,0.052419
AATTAAAGGTCGGCGT-1,0.123532,0.195078,0.23385,0.447539
AATTAACGGATTTCCA-1,0.08235,0.656434,0.04607,0.215146
AATTACGAGACCCATC-1,0.260348,0.566832,0.009518,0.163302
AATTACTCGTACGCTC-1,0.942123,0.045276,0.012028,0.000573
AATTAGCGCTGCAGCG-1,0.323102,0.041367,0.042698,0.592833
AATTATACCCAGCAAG-1,0.320952,0.342763,0.029403,0.306881
AATTCATAAGGGATCT-1,0.364071,0.278308,0.072982,0.284638
AATTCATTGTCATGCA-1,0.424718,0.279689,0.000041,0.295551
AATTCCAACTTGGTGA-1,0.306383,0.463372,0.006832,0.223413
AATTCCAAGCATGTAC-1,0.044969,0.070662,0.016788,0.867581
AATTCGATTCGAGGAT-1,0.119482,0.165849,0.065686,0.648983
AATTCTAGAGTTAGGC-1,0.810427,0.060977,0.01169,0.116905
AATTGAACGCTCTGGT-1,0.053767,0.000052,0.029149,0.917032
AATTGCAGCAATCGAC-1,0.212795,0.156596,0.026452,0.604158
AATTGCGTGGATTACA-1,0.225287,0.385347,0.002904,0.386462
AATTGTGGTTGCCAAA-1,0.290268,0.045228,0.02784,0.636664
AATTTGGGACATAGTA-1,0.12674,0.373423,0.151431,0.348407
AATTTGGTTCCAAAGA-1,0.361376,0.255817,0.009979,0.372827
ACAAACCATGCGTCCT-1,0.752611,0.134055,0.000079,0.113255
ACAAACCGACAAGGCG-1,0.253468,0.375893,0.170385,0.200254
ACAAACTCCATCAGAG-1,0.074589,0.016047,0.031198,0.878166
ACAAAGAAGGTAGGCC-1,0.161237,0.70291,0.050915,0.084938
ACAAAGCATGACCTAG-1,0.033268,0.145428,0.133328,0.687976
ACAAATCGCACCGAAT-1,0.077464,0.115,0.031185,0.776352
ACAAATGGTAGTGTTT-1,0.299582,0.113274,0.138097,0.449047
ACAAATTCAGATCTGA-1,0.406955,0.302222,0.071051,0.219772
ACAACAGCATGAGCTA-1,0.034108,0.090205,0.212622,0.663065
ACAACGGTCCCTGCGA-1,0.213204,0.508909,0.133068,0.144819
ACAAGCAGTGCCTAGC-1,0.000026,0.120921,0.026601,0.852451
ACAAGCTATATGGAAG-1,0.340443,0.000067,0.059586,0.599904
ACAAGGAAATCCGCCC-1,0.166197,0.277421,0.196041,0.36034
ACAAGGACAAGAGGTT-1,0.016317,0.573055,0.232179,0.17845
ACAAGGATGCTTTAGG-1,0.001474,0.098002,0.157563,0.742961
ACAAGGCCTACCAGCC-1,0.261324,0.500798,0.057628,0.18025
ACAAGGGCAGGCTCTG-1,0.315235,0.090939,0.028324,0.565501
ACAAGTAATTGTAAGG-1,0.370578,0.616539,0.003219,0.009663
ACAATAGTCGTACGTT-1,0.240893,0.022589,0.004091,0.732426
ACAATCCATTTAAACC-1,0.021589,0.933041,0.003404,0.041966
ACAATCGATCTTTATA-1,0.000102,0.688769,0.08775,0.223379
ACAATGAATACGGAGA-1,0.100801,0.491493,0.075916,0.33179
ACAATGATTCTTCTAC-1,0.067667,0.393821,0.283225,0.255287
ACAATTGTGTCTCTTT-1,0.145068,0.442984,0.031175,0.380772
ACAATTTAGGAGGCTC-1,0.002682,0.996933,0.000077,0.000307
ACAATTTGAGCAGTGG-1,0.009963,0.307127,0.550098,0.132813
ACAATTTGGCCATATT-1,0.020505,0.228385,0.187624,0.563486
ACACAAAGACGGGTGG-1,0.024194,0.26709,0.100507,0.608209
ACACAAATATTCCTAG-1,0.258675,0.549458,0.048124,0.143743
ACACACCAGGACCAGT-1,0.088657,0.041288,0.137486,0.732569
ACACACTTTCTACACG-1,0.000037,0.02796,0.033883,0.93812
ACACATGATCAAATCT-1,0.000019,0.03153,0.016355,0.952096
ACACATTGACGCAACA-1,0.998057,0.000555,0.000278,0.00111
ACACATTTCCGTAGAC-1,0.434508,0.037735,0.065277,0.462479
ACACCACATAATTAGC-1,0.047853,0.554207,0.132677,0.265263
ACACCCAGCATGCAGC-1,0.133678,0.629362,0.106322,0.130639
ACACCCGAGAAATCCG-1,0.000034,0.226319,0.029902,0.743746
ACACCCGTAAATCTGT-1,0.058603,0.269327,0.214516,0.457554
ACACCGAGCGCTCTTT-1,0.867919,0.0945,0.006986,0.030594
ACACCGGTCTGACCGC-1,0.689385,0.095414,0.001864,0.213337
ACACCTTAAGTAGGGC-1,0.006622,0.53228,0.20437,0.256729
ACACCTTACTACTTGC-1,0.15659,0.033221,0.033097,0.777092
ACACGAGACTCCTTCT-1,0.060388,0.275509,0.073401,0.590702
ACACGGCACTATGCAT-1,0.141635,0.419305,0.109852,0.329207
ACACGGGAACTTAGGG-1,0.091225,0.236715,0.288656,0.383404
ACACGTAGGCCACAAG-1,0.067831,0.476252,0.085651,0.370266
ACACTCCAATGTCACT-1,0.006933,0.645784,0.093497,0.253786
ACACTGATCAAGGTGT-1,0.152168,0.334345,0.071696,0.44179
ACACTGGGACAGTCGT-1,0.028197,0.151741,0.134772,0.685291
ACAGAACTGAGAACAA-1,0.000015,0.028889,0.041523,0.929573
ACAGATTAGGTTAGTG-1,0.000137,0.695909,0.046508,0.257447
ACAGCATAGAGCCAGT-1,0.000123,0.865756,0.000123,0.133998
ACAGCGACATTCTCAT-1,0.05568,0.107161,0.130086,0.707072
ACAGCGCACCCGCAGC-1,0.234095,0.279058,0.283344,0.203503
ACAGGAGGCGCAGCCG-1,0.362985,0.067756,0.397581,0.171679
ACAGGCACGGATCCTT-1,0.041315,0.302122,0.038026,0.618537
ACAGGCTTGCCCGACT-1,0.039304,0.150314,0.058453,0.751928
ACAGGTGGAGGTGAGG-1,0.087294,0.507104,0.202688,0.202914
ACAGGTGTGTTGTTGC-1,0.503838,0.000082,0.178332,0.317749
ACAGTAATACAACTTG-1,0.047459,0.375488,0.079917,0.497137
ACAGTATACCGTGGGA-1,0.000069,0.777744,0.041694,0.180493
ACAGTGCAGCGCATTT-1,0.391034,0.114484,0.173708,0.320773
ACATAAGTCGTGGTGA-1,0.081156,0.249781,0.02237,0.646693
ACATAATAAGGCGGTG-1,0.010116,0.093849,0.138809,0.757227
ACATACAATCAAGCGG-1,0.082017,0.407367,0.016223,0.494393
ACATCAGCTGGGACGC-1,0.009962,0.986398,0.001981,0.001659
ACATCCCGGCCATACG-1,0.009237,0.054105,0.084813,0.851845
ACATCCTGGTAACTGT-1,0.125627,0.290131,0.092247,0.491995
ACATCGATCGTTTACC-1,0.000042,0.000083,0.006988,0.992887
ACATCGCAATATTCGG-1,0.957053,0.042614,0.000067,0.000266
ACATCGGTCAGCCGCG-1,0.00003,0.098987,0.038204,0.862779
ACATCGTATGCAATGG-1,0.24665,0.348228,0.108238,0.296884
ACATCGTTAACCTAGT-1,0.714903,0.21019,0.057272,0.017636
ACATCTCAACGCGTAA-1,0.011056,0.505906,0.119161,0.363877
ACATGCTTACGGCAGC-1,0.226651,0.772937,0.000082,0.00033
ACATGGCGCCAAAGTA-1,0.027962,0.145413,0.1088,0.717825
ACATGGCTCAATTTAG-1,0.068854,0.588606,0.005707,0.336832
ACATTAGTTTATATCC-1,0.077456,0.276477,0.028971,0.617096
ACATTCGCGCGGAATA-1,0.833134,0.148632,0.017956,0.000278
ACATTTGAAACCTAAC-1,0.111927,0.088769,0.086615,0.712689
ACCAAACACCCAGCGA-1,0.033414,0.179673,0.253716,0.533197
ACCAAACTAGAAATCC-1,0.060747,0.414892,0.048137,0.476224
ACCAACACCACACACT-1,0.001162,0.4681,0.104772,0.425966
ACCAACCGCACTCCAC-1,0.278354,0.537526,0.023715,0.160405
ACCAACGCTTATTTAT-1,0.081747,0.18836,0.239992,0.489901
ACCAAGAACGCGTGTC-1,0.003071,0.156785,0.043663,0.796481
ACCAAGTCATCGGCAG-1,0.121868,0.502383,0.024959,0.350791
ACCAATATGCAAGTTA-1,0.009172,0.087092,0.025456,0.87828
ACCACAACTCAGAACA-1,0.147211,0.752223,0.017947,0.082619
ACCACAAGTTTCTATC-1,0.024553,0.426395,0.331685,0.217367
ACCACACGGTTGATGG-1,0.167292,0.05852,0.036556,0.737631
ACCACCAATGTAACAA-1,0.07167,0.164604,0.05149,0.712236
ACCACCCTCTCTTCTA-1,0.088293,0.509177,0.043272,0.359258
ACCACGTGCAGCTATA-1,0.104626,0.297133,0.221987,0.376254
ACCACTGTTCAAGAAG-1,0.414997,0.066816,0.218453,0.299734
ACCAGACCATAACAAC-1,0.393693,0.588564,0.011738,0.006005
ACCAGCCCGGTCTTTG-1,0.03171,0.554768,0.05481,0.358712
ACCAGGAGTGTGATCT-1,0.241347,0.457517,0.062034,0.239102
ACCAGTGCCCGGTCAA-1,0.039857,0.497608,0.045158,0.417377
ACCAGTGCGGGAGACG-1,0.245194,0.241333,0.063316,0.450157
ACCATATCCGCAATAA-1,0.01276,0.230281,0.058532,0.698427
ACCATCCGCCAACTAG-1,0.069681,0.837741,0.006793,0.085785
ACCATCGTATATGGTA-1,0.170686,0.340995,0.091064,0.397255
ACCATTAAGGGTGTCA-1,0.694938,0.303613,0.00029,0.001159
ACCCAACGCCCGTGGC-1,0.040037,0.53772,0.075492,0.346751
ACCCACCTACATGCTC-1,0.012456,0.703169,0.03605,0.248324
ACCCATCTTGAGGGTA-1,0.124945,0.569484,0.091736,0.213835
ACCCATTTGTCCCTCT-1,0.137741,0.12358,0.0171,0.721579
ACCCGAGCGAAATTAC-1,0.999807,0.000055,0.000028,0.000111
ACCCGATTGGTTCCGA-1,0.299397,0.401893,0.126314,0.172396
ACCCGGAAACTCCCAG-1,0.03829,0.428457,0.258098,0.275155
ACCCGGAGCACCACAA-1,0.547715,0.122828,0.16726,0.162197
ACCCGGATGACGCATC-1,0.071656,0.26699,0.140077,0.521277
ACCCGGTTACACTTCC-1,0.044138,0.015301,0.189398,0.751163
ACCCGTAGCAGAGAAT-1,0.008096,0.002895,0.008327,0.980682
ACCCGTAGTCTAGTTG-1,0.091468,0.36718,0.037091,0.504261
ACCCGTGTCATCAGTA-1,0.000898,0.384197,0.138127,0.476777
ACCCTATAGGACTGAG-1,0.000092,0.561149,0.034243,0.404516
ACCCTATGCCATATCG-1,0.173747,0.208434,0.044099,0.57372
ACCCTCCCGTCAGGGC-1,0.374202,0.167502,0.004123,0.454173
ACCCTCCCTTGCTATT-1,0.067048,0.142541,0.52441,0.266002
ACCCTGGTAACGCCCT-1,0.072944,0.539556,0.126936,0.260564
ACCCTTCATCTGCGAA-1,0.000178,0.713819,0.047952,0.238051
ACCCTTGCCTGGGTCG-1,0.957542,0.027323,0.000055,0.01508
ACCCTTTAGTTCTCCA-1,0.084184,0.606838,0.193612,0.115366
ACCGAAAGGGCCCTGC-1,0.000085,0.647263,0.084448,0.268204
ACCGAAGAGTCTGGTT-1,0.000289,0.585605,0.068731,0.345374
ACCGACACATCTCCCA-1,0.208622,0.391777,0.01526,0.384341
ACCGACTGAGTCCCAC-1,0.025004,0.296622,0.05907,0.619304
ACCGAGTCTCCTTATT-1,0.196447,0.028433,0.078195,0.696925
ACCGATAGGCATAACC-1,0.089205,0.250111,0.097121,0.563562
ACCGATATTTAATCAT-1,0.163456,0.307138,0.065185,0.464221
ACCGATGGTAGCATCG-1,0.099356,0.543188,0.202111,0.155345
ACCGCAATAACTGCCT-1,0.002176,0.000039,0.000547,0.997238
ACCGCGGTGGAAGTCG-1,0.113265,0.163704,0.058375,0.664655
ACCGCTAGTCATTGGT-1,0.30104,0.534024,0.021681,0.143255
ACCGGGCCTTTGTTGA-1,0.092612,0.450866,0.080321,0.376201
ACCGGTCAGGTACACC-1,0.043382,0.253726,0.023582,0.67931
ACCGGTCTGAGTACGG-1,0.250018,0.646959,0.102785,0.000238
ACCGTCCACTGGGCCC-1,0.23752,0.443691,0.005721,0.313068
ACCGTGACCACGTGGG-1,0.007914,0.542382,0.013081,0.436624
ACCGTTCCCGCTCTGA-1,0.042249,0.537726,0.022933,0.397091
ACCTAAGTACCTTTCA-1,0.00004,0.336234,0.049778,0.613949
ACCTAATCGACTTCCT-1,0.000045,0.221305,0.005534,0.773116
ACCTACAGTATGTGGT-1,0.123191,0.063616,0.060285,0.752907
ACCTACTATAAATCTA-1,0.033947,0.339196,0.049299,0.577559
ACCTCAGCGAGGCGCA-1,0.097145,0.501117,0.01869,0.383047
ACCTCCGCCCTCGCTG-1,0.258326,0.398438,0.155601,0.187634
ACCTCCGTTATTCACC-1,0.049352,0.494436,0.100296,0.355916
ACCTCGAACTTATGCT-1,0.260606,0.323117,0.031528,0.384749
ACCTGCGTGTCATGTT-1,0.00003,0.035612,0.089391,0.874967
ACCTTTCCTTTAGAAG-1,0.060421,0.549062,0.033237,0.35728
ACGAAATGGGCGGCAC-1,0.000032,0.257971,0.122074,0.619923
ACGACCCATGAGTTGC-1,0.196501,0.277,0.275075,0.251424
ACGACTCTAGGGCCGA-1,0.087414,0.244471,0.053173,0.614942
ACGACTGGTCATACTC-1,0.04992,0.227153,0.290955,0.431973
ACGAGAACCCATCACG-1,0.128693,0.203217,0.019231,0.648859
ACGAGATATTTGCTTA-1,0.034421,0.661331,0.205319,0.098929
ACGAGGATACCACTCT-1,0.000868,0.24496,0.031082,0.72309
ACGAGGTTTACAACGT-1,0.028061,0.626701,0.030169,0.315069
ACGAGTACGGATGCCC-1,0.074493,0.069724,0.060068,0.795715
ACGAGTCGCCGGCGTT-1,0.301356,0.000409,0.187148,0.511087
ACGATACATAGAACTA-1,0.486478,0.265474,0.037598,0.210451
ACGATACCTATCCTGA-1,0.8187,0.007973,0.13119,0.042137
ACGATCATACATAGAG-1,0.09893,0.378431,0.363419,0.15922
ACGATCATCTTGTAAA-1,0.05739,0.447373,0.06835,0.426887
ACGATGCATATGTTAT-1,0.209954,0.489324,0.028205,0.272517
ACGATGGATCCGATGC-1,0.018846,0.482123,0.173538,0.325493
ACGCAAACTAATAGAT-1,0.019403,0.19176,0.061364,0.727473
ACGCAATCACTACAGC-1,0.048561,0.277663,0.171786,0.501989
ACGCATAAATGACATG-1,0.04719,0.407585,0.091025,0.454199
ACGCATACGTTTACTA-1,0.041289,0.020595,0.194011,0.744106
ACGCATTCGTGAGTAC-1,0.384772,0.214348,0.138729,0.262151
ACGCCACTCGAAACAG-1,0.489626,0.075097,0.127075,0.308202
ACGCCAGATGATTTCT-1,0.034624,0.317916,0.228467,0.418994
ACGCCAGTGCGTTTGC-1,0.167207,0.09696,0.016038,0.719794
ACGCCCAGCTGTCGAT-1,0.069626,0.304674,0.01073,0.61497
ACGCCGCTAGACGACC-1,0.178451,0.315206,0.287251,0.219092
ACGCCTGACACGCGCT-1,0.093436,0.005293,0.430047,0.471224
ACGCGAAGTCAGACGA-1,0.437131,0.331932,0.028322,0.202614
ACGCGCTACACAGGGT-1,0.015,0.678236,0.000084,0.306679
ACGCGGGCCAAGGACA-1,0.058638,0.155533,0.268109,0.51772
ACGCGTTTCTTAAGAG-1,0.443573,0.556128,0.00006,0.000239
ACGCTACTGAATGGGC-1,0.128807,0.043036,0.040225,0.787931
ACGCTAGTATCAGTGC-1,0.029386,0.564845,0.16983,0.23594
ACGCTAGTGATACACT-1,0.205801,0.085692,0.199495,0.509012
ACGCTGTGAGGCGTAG-1,0.006945,0.98257,0.000113,0.010372
ACGCTTAGTGTCTCTC-1,0.121036,0.529255,0.022584,0.327125
ACGGAACACGAGTGCC-1,0.082492,0.003187,0.013115,0.901206
ACGGAATTTAGCAAAT-1,0.030495,0.472827,0.064453,0.432225
ACGGACGCAGCGACAA-1,0.4188,0.507847,0.000064,0.073289
ACGGACTCTCAAAGCG-1,0.074837,0.120873,0.060376,0.743914
ACGGAGCGCAAATTAC-1,0.018518,0.460803,0.211441,0.309239
ACGGATGGTGCGGATA-1,0.75736,0.126226,0.006691,0.109723
ACGGCACTTGCTTGGG-1,0.039036,0.27486,0.073984,0.61212
ACGGCCAACATGGACT-1,0.003465,0.522161,0.052795,0.421579
ACGGCGACGATGGGAA-1,0.104462,0.359339,0.098618,0.437581
ACGGCGGGTTGCCCTG-1,0.06668,0.554637,0.027721,0.350962
ACGGCTGGATGTAGAA-1,0.252028,0.436762,0.023956,0.287255
ACGGGAGTGTCGGCCC-1,0.000026,0.030785,0.010918,0.958271
ACGGGCGTATGCGACA-1,0.065965,0.467507,0.17091,0.295618
ACGGGTCATGTGACTT-1,0.022273,0.971831,0.000063,0.005832
ACGGGTTGTGACCTGT-1,0.148375,0.147058,0.000645,0.703922
ACGGTACAGTTCAATG-1,0.023705,0.359756,0.125139,0.4914
ACGGTCACCGAGAACA-1,0.815466,0.18423,0.000058,0.000246
ACGTACAGATTTCTCT-1,0.0297,0.600165,0.048022,0.322114
ACGTACTTTGGCACGG-1,0.020196,0.509013,0.046959,0.423832
ACGTAGATTGCTGATG-1,0.135859,0.187865,0.173983,0.502293
ACGTAGGAGAGTCGCT-1,0.084643,0.223896,0.040174,0.651287
ACGTATTACTCCGATC-1,0.001605,0.136579,0.172888,0.688929
ACGTCCTAAACGAGAT-1,0.002746,0.432654,0.088974,0.475626
ACGTCGGGCAACTCGG-1,0.063101,0.914113,0.005768,0.017019
ACGTCTCGTTCCGGGA-1,0.037646,0.840701,0.032142,0.089511
ACGTGACAAAGTAAGT-1,0.236183,0.462948,0.000641,0.300228
ACGTGCGCCTCGTGCA-1,0.428901,0.244377,0.014074,0.312648
ACGTGGTCGAATGTGC-1,0.059056,0.887746,0.050887,0.002311
ACGTTAATGTCGAAGA-1,0.106804,0.177522,0.08232,0.633354
ACGTTAGATTTGCCCG-1,0.110235,0.62072,0.037572,0.231473
ACGTTATTGGTCACTC-1,0.113978,0.707571,0.096474,0.081977
ACGTTCACTATGCCGC-1,0.199701,0.437565,0.06772,0.295013
ACGTTCCGCGCTCCGT-1,0.000104,0.471682,0.062869,0.465345
ACGTTCGCAATCAATT-1,0.096565,0.435314,0.201739,0.266382
ACGTTCGTTCAGGAAA-1,0.009483,0.240479,0.041765,0.708274
ACGTTCTGTACAAGTC-1,0.369658,0.112756,0.023451,0.494135
ACGTTGTCGTTGAAAG-1,0.420686,0.026917,0.012244,0.540152
ACGTTTAGTTGTGATC-1,0.090551,0.35294,0.059692,0.496817
ACGTTTCGGTGCACTT-1,0.199622,0.292112,0.018373,0.489892
ACTAAGGACGCACACC-1,0.00293,0.496528,0.04088,0.459663
ACTAATACGTCAGGCG-1,0.108962,0.383085,0.11641,0.391543
ACTACAAAGAGAGGTG-1,0.142263,0.284224,0.165903,0.407609
ACTACATCCCGACAAG-1,0.999402,0.000171,0.000085,0.000341
ACTACCAGCTCTCTGG-1,0.000106,0.549796,0.043464,0.406634
ACTACCATCCGAGGGC-1,0.984436,0.015243,0.000064,0.000256
ACTACGCGTTAGAATT-1,0.061014,0.219263,0.25896,0.460764
ACTAGTTGCGATCGTC-1,0.18614,0.221534,0.056235,0.536091
ACTATATGCTGTGTTC-1,0.061915,0.10768,0.141897,0.688507
ACTATCCAGGGCATGG-1,0.302078,0.167325,0.069608,0.460989
ACTATCGCCGGCTAAA-1,0.16426,0.010682,0.273425,0.551633
ACTATCTGCCCGCGTA-1,0.216294,0.191858,0.061247,0.530601
ACTATGTCCAGCTGCC-1,0.060616,0.029955,0.037839,0.87159
ACTATTCGTCCGTGGT-1,0.13398,0.604186,0.258741,0.003092
ACTATTTCCGGGCCCA-1,0.140482,0.242926,0.021146,0.595446
ACTCAACGAATGTATT-1,0.101175,0.45352,0.017082,0.428223
ACTCAAGTGCAAGGCT-1,0.219322,0.224003,0.122065,0.43461
ACTCAATAAAGGCACG-1,0.03775,0.226385,0.227076,0.508789
ACTCAGACCTGCTTCT-1,0.363241,0.167018,0.003969,0.465771
ACTCATGGCAGCCTTC-1,0.313446,0.273802,0.019016,0.393735
ACTCCAATATCATCAT-1,0.078272,0.142095,0.016901,0.762731
ACTCCCATTCCTAAAG-1,0.003096,0.213797,0.093845,0.689261
ACTCCCGAATTCGTTT-1,0.046572,0.228725,0.28719,0.437513
ACTCCCGTAGACTAGG-1,0.127306,0.718465,0.091018,0.06321
ACTCCCTAATGCTAAA-1,0.301267,0.025999,0.087545,0.585189
ACTCCCTAGAATAGTA-1,0.1565,0.392435,0.086208,0.364856
ACTCCGGCCGACCACT-1,0.03119,0.300493,0.110185,0.558132
ACTCGATGTATTTCAT-1,0.461162,0.537672,0.000233,0.000933
ACTCGCCGTTCGATAA-1,0.114033,0.000078,0.005384,0.880505
ACTCGCGATCTGACGC-1,0.135923,0.313453,0.213909,0.336715
ACTCGTAACCCGTCCT-1,0.000063,0.478046,0.003138,0.518753
ACTCGTCAGTAATCCC-1,0.026677,0.214854,0.221238,0.537231
ACTCTAAACCTGGGAT-1,0.590788,0.172073,0.236732,0.000407
ACTCTCTGACTTAGGT-1,0.011546,0.056804,0.014719,0.916931
ACTCTCTTATACACGA-1,0.016711,0.368496,0.16924,0.445552
ACTCTGACCTAATAGA-1,0.129066,0.020589,0.033829,0.816516
ACTCTTCAGCTCCCGC-1,0.096391,0.091499,0.057426,0.754684
ACTCTTGTATAGTAAC-1,0.094819,0.060311,0.138419,0.706452
ACTGAAACGCCGTTAG-1,0.194715,0.129972,0.468456,0.206856
ACTGAATGGCGAAAGT-1,0.061405,0.163722,0.535088,0.239785
ACTGATTTAGTGATTC-1,0.02443,0.110556,0.067129,0.797885
ACTGCCCGCCATTCTC-1,0.077496,0.348029,0.083178,0.491297
ACTGCCGTCGTAACTC-1,0.02513,0.07236,0.35399,0.548519
ACTGCGGACACACCGT-1,0.022874,0.144835,0.036658,0.795632
ACTGCTCGGAAGGATG-1,0.021636,0.226855,0.052214,0.699296
ACTGGCGAACCTGCGT-1,0.063966,0.751114,0.03385,0.15107
ACTGGGATGCCAGTGC-1,0.074736,0.284438,0.093276,0.54755
ACTGTACGATACACAT-1,0.14501,0.497443,0.000094,0.357453
ACTGTAGCACTTTGGA-1,0.000084,0.590366,0.00997,0.39958
ACTGTATACGCGAGCA-1,0.315298,0.574137,0.032975,0.07759
ACTGTCCAGGATTATA-1,0.219949,0.292954,0.247815,0.239281
ACTGTCTTCTTTAGAA-1,0.007207,0.260942,0.158241,0.573609
ACTGTGCTAGTAGATC-1,0.038144,0.844303,0.072598,0.044955
ACTGTTTAGTGTAGGC-1,0.00015,0.638942,0.049299,0.311609
ACTTACCGGGCGCGCA-1,0.056311,0.501813,0.157243,0.284634
ACTTACGCATCCACGC-1,0.816096,0.096283,0.003468,0.084154
ACTTAGTACGACAAGA-1,0.001114,0.748671,0.022063,0.228151
ACTTATACTTACCCGG-1,0.03778,0.601983,0.159988,0.200249
ACTTATCTGATCTATA-1,0.602385,0.34189,0.016623,0.039102
ACTTATTAGGATCGGT-1,0.488725,0.009319,0.121321,0.380635
ACTTATTTATGTGCCA-1,0.189573,0.193033,0.091287,0.526107
ACTTCAGGCTGATCCC-1,0.036487,0.280086,0.08182,0.601607
ACTTCCAGTGGAAGCT-1,0.08805,0.54187,0.134136,0.235945
ACTTCCATGCGGGACA-1,0.028151,0.018536,0.076642,0.876671
ACTTCCTGTCGTGCGA-1,0.125982,0.618917,0.209225,0.045876
ACTTCGCCATACGCAC-1,0.042418,0.541894,0.150036,0.265652
ACTTCGCTAGCGAGTG-1,0.11355,0.113204,0.423886,0.34936
ACTTGACTCCCTCTTT-1,0.453294,0.02148,0.016609,0.508618
ACTTGCCATATTGTAC-1,0.000139,0.657552,0.241559,0.100749
ACTTGCTCTATCTACC-1,0.023105,0.415186,0.035692,0.526017
ACTTGGGACCCGGTGG-1,0.000106,0.291062,0.302502,0.406331
ACTTGGGCTTTCGCCA-1,0.13648,0.460941,0.073307,0.329272
ACTTGTAGTCCCTTCA-1,0.002855,0.946928,0.002861,0.047356
ACTTGTGGATGGAACG-1,0.258928,0.215841,0.313314,0.211917
ACTTGTTACCGGATCA-1,0.177242,0.610491,0.039792,0.172475
ACTTTACCCTCATGAA-1,0.000025,0.024099,0.027411,0.948465
ACTTTATACACCACTT-1,0.09893,0.633732,0.020735,0.246603
ACTTTCCTATAGCTTC-1,0.090529,0.602577,0.058433,0.24846
ACTTTGACTGCATCCT-1,0.018936,0.843958,0.000119,0.136987
ACTTTGGTCGTGCTCC-1,0.676185,0.046146,0.053276,0.224393
ACTTTGTCGACGCACT-1,0.58052,0.091884,0.041303,0.286292
AGAAATTATGACTCGC-1,0.337058,0.189418,0.064378,0.409146
AGAACACGGCGATGGT-1,0.222206,0.676166,0.006431,0.095196
AGAACCCAGCGTGACA-1,0.129094,0.178465,0.065362,0.627079
AGAACCCTCAATTGGG-1,0.342956,0.541376,0.005289,0.110378
AGAACGTGGTACATTC-1,0.031492,0.485436,0.159938,0.323134
AGAACTGTACTTTGTA-1,0.033858,0.138197,0.035968,0.791977
AGAAGAGCGCCGTTCC-1,0.391783,0.600189,0.001606,0.006423
AGAAGGTACACTTCAC-1,0.04524,0.412582,0.069401,0.472777
AGAAGGTTGCCGAATT-1,0.681391,0.120028,0.137645,0.060936
AGAAGGTTGTAGGTCG-1,0.172559,0.379184,0.135098,0.313159
AGAAGTGATTCGTGAT-1,0.022701,0.160035,0.017698,0.799566
AGAATAAATCTTCAGG-1,0.000048,0.571256,0.012598,0.416098
AGAATACAGGCTATCC-1,0.138494,0.288577,0.071994,0.500935
AGAATGCGGGTTCGGA-1,0.056017,0.45629,0.100815,0.386878
AGAATTATGGATTCGA-1,0.084756,0.228902,0.223874,0.462469
AGAATTGTTTGACATA-1,0.011623,0.977629,0.001473,0.009275
AGACAGCTCAGAATCC-1,0.149917,0.566024,0.137899,0.14616
AGACAGGCATCTCAGC-1,0.118912,0.519662,0.068962,0.292464
AGACATAGATCCTTCC-1,0.007326,0.617405,0.005835,0.369434
AGACCAAACCACACCT-1,0.00003,0.382136,0.0131,0.604734
AGACCATGGGATACAA-1,0.010979,0.783658,0.022743,0.182621
AGACCCACCGCTGATC-1,0.293614,0.301219,0.332037,0.07313
AGACCCGCCCTCCTCG-1,0.000036,0.059615,0.194594,0.745754
AGACCGCTCCGCGGTT-1,0.187473,0.556459,0.112835,0.143234
AGACCGGGAAACCCTG-1,0.335256,0.643261,0.013284,0.0082
AGACGAAGTGCCGGTC-1,0.272994,0.305183,0.061315,0.360507
AGACGACGATGCCGCT-1,0.009791,0.272756,0.106436,0.611017
AGACGCCCACTTCGCC-1,0.299715,0.32522,0.121199,0.253866
AGACGGGATTGGTATA-1,0.036626,0.212895,0.193138,0.557341
AGACGGGCCGATTTAA-1,0.896348,0.102446,0.001034,0.000172
AGACTAGCCTTCCAGA-1,0.024392,0.438202,0.199408,0.337998
AGACTGTTACCGGGTC-1,0.013241,0.154609,0.045605,0.786546
AGAGAAACACCAGAAA-1,0.006656,0.496772,0.120736,0.375837
AGAGAACCGTCTAGGA-1,0.373178,0.325323,0.0932,0.208299
AGAGAAGGAGTACAAT-1,0.052028,0.407542,0.026304,0.514126
AGAGATCTCTAAAGCG-1,0.02744,0.874364,0.000078,0.098118
AGAGCAGTTATGAGAC-1,0.212332,0.357174,0.025181,0.405313
AGAGCCGCCGAGATTT-1,0.077313,0.640409,0.01728,0.264998
AGAGCGCTTGTAACGG-1,0.093147,0.277217,0.244315,0.385322
AGAGCGGGCTAATCAT-1,0.140039,0.562327,0.064537,0.233097
AGAGCGTACAAGCTCG-1,0.002781,0.700915,0.025859,0.270444
AGAGCTACGAAAGCAT-1,0.095767,0.627294,0.046365,0.230575
AGAGGCTTCGGAAACC-1,0.137276,0.141891,0.065658,0.655175
AGAGGGACAATTGTCC-1,0.22648,0.448988,0.142893,0.181639
AGAGGTATCTCGGTCC-1,0.021502,0.564958,0.018953,0.394586
AGAGTAAACTTCACTA-1,0.146237,0.357275,0.136589,0.359899
AGAGTATAGTGTTACG-1,0.011545,0.08702,0.020372,0.881064
AGAGTCTTAATGAAAG-1,0.17747,0.021911,0.085222,0.715397
AGAGTGAACAGACACC-1,0.069021,0.514932,0.207133,0.208914
AGAGTTAGAGACCGAT-1,0.130988,0.586964,0.216682,0.065367
AGAGTTGCAGGCCTCC-1,0.069543,0.4955,0.018038,0.416919
AGATAACTTCAGGGCC-1,0.003238,0.608684,0.123416,0.264662
AGATAATCACACCTAT-1,0.018735,0.146126,0.005016,0.830124
AGATACCAATAGAACC-1,0.019822,0.000321,0.005053,0.974804
AGATACCAGCACTTCA-1,0.010888,0.663309,0.195619,0.130184
AGATACCGGTGTTCAC-1,0.000404,0.113967,0.038063,0.847567
AGATACGACTTCATAT-1,0.041268,0.478418,0.358446,0.121868
AGATACTCAAGATCGA-1,0.107029,0.00004,0.082391,0.810539
AGATATAATACGACTA-1,0.005857,0.007848,0.011149,0.975146
AGATCGTGCATAAGAT-1,0.144195,0.30514,0.297756,0.252909
AGATCTCAGGTGTGAT-1,0.173003,0.108409,0.101305,0.617283
AGATCTGGAGAGGATA-1,0.205884,0.382635,0.006919,0.404563
AGATGACTCGCCCACG-1,0.000043,0.070057,0.278607,0.651293
AGATGAGGGTTGCGAT-1,0.005311,0.090861,0.171228,0.7326
AGATGATGGAGTCTGG-1,0.066512,0.03759,0.099084,0.796815
AGATGCAAGACGTGCA-1,0.125846,0.205676,0.016187,0.652291
AGATGCATCCTGTGTC-1,0.408668,0.482549,0.018739,0.090044
AGATGCTATAACGAGC-1,0.848505,0.150188,0.000261,0.001046
AGATTATAGGACGTTT-1,0.257472,0.108217,0.235016,0.399295
AGATTCAAGCGGGTCG-1,0.057169,0.565991,0.30352,0.07332
AGATTCACAACCGATA-1,0.000025,0.32211,0.027074,0.650792
AGCAAAGGCCGCTAGT-1,0.15507,0.324858,0.121922,0.39815
AGCAACATATCTTATT-1,0.08463,0.213394,0.117937,0.584039
AGCAACCGAAAGTAAT-1,0.059677,0.170074,0.019126,0.751123
AGCACACGTTTAGACT-1,0.173164,0.392523,0.004831,0.429482
AGCACCAGTACTCACG-1,0.00325,0.178079,0.220749,0.597922
AGCACTACCGGCCTGT-1,0.000062,0.638366,0.046487,0.315085
AGCACTACCTCACCAG-1,0.02785,0.611371,0.073446,0.287333
AGCACTTAAGGACGCC-1,0.063699,0.083369,0.071072,0.78186
AGCAGAAGGAGAAAGA-1,0.404129,0.343929,0.045271,0.206671
AGCAGCCAGATGAATA-1,0.032134,0.167683,0.106397,0.693786
AGCAGTCGAAGCATGC-1,0.223655,0.204872,0.122063,0.44941
AGCATATCAATATGCT-1,0.071499,0.441607,0.028554,0.45834
AGCATCATTTCGAAAG-1,0.008213,0.2406,0.033365,0.717821
AGCATCGTCGATAATT-1,0.423516,0.062975,0.329937,0.183572
AGCATTACGAGGCAAG-1,0.28443,0.28997,0.077707,0.347892
AGCCAAGCTTTGTGTC-1,0.13733,0.070792,0.102078,0.689801
AGCCACAGGTTACCCG-1,0.143635,0.318385,0.131989,0.405991
AGCCACTCCCGTGCTT-1,0.575186,0.000074,0.005115,0.419626
AGCCATATAGTATGTG-1,0.049775,0.223891,0.159294,0.56704
AGCCCATACATGTAAG-1,0.053442,0.479636,0.002189,0.464734
AGCCCGCAACAAGCAG-1,0.041605,0.255313,0.087679,0.615403
AGCCCGCACTACAATG-1,0.277604,0.34755,0.014331,0.360515
AGCCCGGCATTAGAGG-1,0.116093,0.804039,0.021368,0.0585
AGCCCGGTAGCCTGTA-1,0.085417,0.610314,0.106172,0.198097
AGCCCTAAGCGAAGTT-1,0.068962,0.06823,0.17148,0.691328
AGCCCTCCCTGGTGGC-1,0.445756,0.228307,0.036568,0.289368
AGCCCTGTCGCACCGT-1,0.110559,0.482817,0.134248,0.272376
AGCCCTTCTAATCCGA-1,0.113695,0.393061,0.332709,0.160535
AGCCCTTGGACATCCC-1,0.031234,0.387265,0.080045,0.501456
AGCCGCAAATTCAAAT-1,0.909399,0.089948,0.000131,0.000522
AGCCGCTTGATTAGCG-1,0.132794,0.000042,0.154241,0.712923
AGCCGTGGCTAAATGT-1,0.010311,0.438144,0.019357,0.532188
AGCCTAATACCCACGT-1,0.004658,0.420135,0.126833,0.448374
AGCCTTAAAGCGGAAG-1,0.050988,0.781567,0.044617,0.122827
AGCCTTGTCACTGATA-1,0.076578,0.561308,0.007485,0.354629
AGCGACAGGAACGGTC-1,0.00002,0.031651,0.057121,0.911208
AGCGACATCCCATTCA-1,0.001398,0.238327,0.087223,0.673053
AGCGACCAACGATATT-1,0.131289,0.122726,0.172829,0.573156
AGCGACTTTGAAGACA-1,0.110802,0.339082,0.039454,0.510661
AGCGAGACGTGAAGGC-1,0.626183,0.315691,0.001538,0.056588
AGCGATGCGCCTAATA-1,0.237135,0.126741,0.063427,0.572697
AGCGCATAATGAATCG-1,0.013973,0.00889,0.034081,0.943056
AGCGCGGGTGCCAATG-1,0.150917,0.354189,0.147645,0.347249
