Barcode,Topic 1,Topic 2to3,Topic 4,Topic 5,Topic 6to7
AAACAACGAATAGTTC-1,0.089417,0.190456,0.096992,0.238875,0.38426
AAACAAGTATCTCCCA-1,0.088838,0.011288,0.044879,0.604878,0.250117
AAACAATCTACTAGCA-1,0.027249,0.112984,0.111485,0.396468,0.351814
AAACACCAATAACTGC-1,0.000049,0.003004,0.173326,0.633461,0.19016
AAACAGAGCGACTCCT-1,0.216528,0.382232,0.062559,0.071582,0.267098
AAACAGCTTTCAGAAG-1,0.042325,0.6332,0.124915,0.034563,0.164997
AAACAGGGTCTATATT-1,0.000597,0.529681,0.183881,0.051011,0.234831
AAACATTTCCCGGATT-1,0.09836,0.208427,0.103433,0.310901,0.278878
AAACCACTACACAGAT-1,0.499251,0.032943,0.010363,0.321642,0.135801
AAACCCGAACGAAATC-1,0.853826,0.030447,0.044155,0.03974,0.031832
AAACCGGAAATGTTAA-1,0.037115,0.528839,0.104933,0.107291,0.221822
AAACCGGGTAGGTACC-1,0.059979,0.406142,0.214706,0.119669,0.199504
AAACCGTTCGTCCAGG-1,0.000023,0.795908,0.119741,0.00593,0.078399
AAACCTAAGCAGCCGG-1,0.000021,0.29201,0.195975,0.137438,0.374556
AAACCTCATGAAGTTG-1,0.077256,0.130424,0.197813,0.181514,0.412994
AAACGAAGAACATACC-1,0.005299,0.086812,0.06518,0.445346,0.397363
AAACGACAGTCTTGCC-1,0.917715,0.000242,0.000121,0.047592,0.034329
AAACGAGACGGTTGAT-1,0.7545,0.000336,0.022477,0.124287,0.098401
AAACGCCCGAGATCGG-1,0.035783,0.016903,0.047846,0.664367,0.235101
AAACGCTGGGCACGAC-1,0.047614,0.498121,0.03011,0.125706,0.298449
AAACGGGCGTACGGGT-1,0.018663,0.317367,0.094798,0.119885,0.449287
AAACGGGTTGGTATCC-1,0.053779,0.145221,0.041462,0.500163,0.259375
AAACGGTTGCGAACTG-1,0.107765,0.161031,0.333862,0.210689,0.186654
AAACGTGTTCGCCCTA-1,0.117677,0.320444,0.046648,0.176895,0.338336
AAACTAACGTGGCGAC-1,0.21946,0.385721,0.056888,0.056146,0.281785
AAACTCGGTTCGCAAT-1,0.000909,0.092323,0.466494,0.179427,0.260847
AAACTCGTGATATAAG-1,0.076103,0.119118,0.081831,0.422158,0.30079
AAACTGCTGGCTCCAA-1,0.085926,0.026737,0.049747,0.638738,0.198852
AAACTTGCAAACGTAT-1,0.019523,0.124551,0.212521,0.38257,0.260836
AAAGAATGTGGACTAA-1,0.153998,0.000054,0.011411,0.698604,0.135932
AAAGACATGAAGTTTA-1,0.172083,0.013589,0.09156,0.417373,0.305396
AAAGACCCAAGTCGCG-1,0.101706,0.498345,0.13674,0.04483,0.218379
AAAGACTGGGCGCTTT-1,0.483292,0.08157,0.144836,0.093548,0.196754
AAAGCTTGCCTACATA-1,0.029264,0.841223,0.027497,0.021927,0.080089
AAAGGCCCTATAATAC-1,0.154006,0.013551,0.296726,0.3646,0.171117
AAAGGCTACGGACCAT-1,0.010227,0.777303,0.083386,0.012953,0.11613
AAAGGCTCTCGCGCCG-1,0.013375,0.542199,0.125342,0.061197,0.257887
AAAGGGATGTAGCAAG-1,0.79077,0.000234,0.000119,0.088957,0.11992
AAAGGGCAGCTTGAAT-1,0.107864,0.411806,0.131643,0.168184,0.180504
AAAGGTAAGCTGTACC-1,0.017553,0.079038,0.021649,0.320491,0.561269
AAAGGTCAACGACATG-1,0.016159,0.437616,0.097635,0.204482,0.244108
AAAGTAGCATTGCTCA-1,0.005873,0.413101,0.32402,0.090317,0.166689
AAAGTCACTGATGTAA-1,0.4153,0.008288,0.043739,0.376469,0.156204
AAAGTCGACCCTCAGT-1,0.088372,0.141555,0.331897,0.22251,0.215665
AAAGTGCCATCAATTA-1,0.042814,0.399843,0.039558,0.154901,0.362885
AAAGTGTGATTTATCT-1,0.039597,0.193665,0.065584,0.25324,0.447914
AAAGTTGACTCCCGTA-1,0.06496,0.819736,0.052924,0.013719,0.048661
AAATAACCATACGGGA-1,0.244834,0.207821,0.046372,0.205499,0.295475
AAATAAGGTAGTGCCC-1,0.121012,0.059327,0.045957,0.427982,0.345723
AAATACCTATAAGCAT-1,0.000722,0.006294,0.113337,0.637281,0.242366
AAATAGGGTGCTATTG-1,0.000045,0.489546,0.183706,0.060843,0.26586
AAATCCGATACACGCC-1,0.012917,0.033912,0.084976,0.534977,0.333218
AAATCGTGTACCACAA-1,0.022392,0.081545,0.103287,0.383225,0.409551
AAATCTAGCCCTGCTA-1,0.026202,0.165729,0.311446,0.300859,0.195764
AAATGCTCGTTACGTT-1,0.234947,0.064504,0.208595,0.271454,0.2205
AAATGGCATGTCTTGT-1,0.002069,0.390814,0.05586,0.165649,0.385608
AAATGGCCCGTGCCCT-1,0.004669,0.045391,0.211868,0.201798,0.536275
AAATGGTCAATGTGCC-1,0.000046,0.000091,0.004169,0.942928,0.052766
AAATGTATCTTATCCC-1,0.119458,0.150171,0.262488,0.274269,0.193614
AAATGTGGGTGCTCCT-1,0.231591,0.046191,0.096419,0.418273,0.207526
AAATTAACGGGTAGCT-1,0.143873,0.108359,0.184755,0.222427,0.340586
AAATTAATAAGCGCGA-1,0.144333,0.125723,0.14353,0.314227,0.272187
AAATTACACGACTCTG-1,0.046899,0.512432,0.117667,0.145519,0.177482
AAATTACCTATCGATG-1,0.050396,0.125721,0.022229,0.472828,0.328826
AAATTCCAGGTCCAAA-1,0.085213,0.23706,0.078388,0.30892,0.290418
AAATTGATAGTCCTTT-1,0.184603,0.00927,0.081826,0.556385,0.167916
AAATTGCGGCGGTTCT-1,0.398983,0.00016,0.058662,0.48443,0.057764
AAATTGGTGAGAAGCA-1,0.125775,0.228568,0.096367,0.372518,0.176772
AAATTTACCGAAATCC-1,0.841883,0.000632,0.000316,0.156537,0.000632
AAATTTGCGGGTGTGG-1,0.000024,0.700849,0.112535,0.017505,0.169087
AACAACTGGTAGTTGC-1,0.068461,0.691509,0.131992,0.012544,0.095495
AACAATACATTGTCGA-1,0.000041,0.151264,0.463044,0.127826,0.257826
AACAATTACTCTACGC-1,0.032859,0.211509,0.195849,0.341033,0.21875
AACACACGCTCGCCGC-1,0.026447,0.220147,0.093435,0.344779,0.315191
AACACGACTGTACTGA-1,0.058874,0.308942,0.115921,0.189738,0.326525
AACACGAGACGCGGCC-1,0.000038,0.07309,0.139417,0.368203,0.419253
AACACGCGGCCGCGAA-1,0.0593,0.001402,0.091575,0.638603,0.209119
AACAGCTGTGTGGCAA-1,0.002242,0.092691,0.208186,0.420536,0.276345
AACAGGAAATCGAATA-1,0.168041,0.132962,0.110006,0.390231,0.19876
AACAGGATGGGCCGCG-1,0.297802,0.327624,0.111327,0.118055,0.145192
AACAGGTAGTATGGAT-1,0.378328,0.084885,0.096777,0.173706,0.266303
AACATATCAACTGGTG-1,0.093717,0.247897,0.076254,0.28439,0.297742
AACATCGATACGTCTA-1,0.201834,0.158341,0.040292,0.388921,0.210613
AACATTGAAGTTGATC-1,0.242087,0.025172,0.09583,0.337536,0.299375
AACATTGGTCAGCCGT-1,0.156463,0.017423,0.163815,0.351301,0.310998
AACATTGTGACTCGAG-1,0.000024,0.508582,0.188218,0.046842,0.256333
AACCAAGACTTCTCTG-1,0.131938,0.091805,0.297748,0.145532,0.332976
AACCAGTATCACTCTT-1,0.252641,0.297177,0.251692,0.084624,0.113865
AACCATGGGATCGCTA-1,0.005388,0.65764,0.145323,0.039259,0.15239
AACCCAGAGACGGAGA-1,0.462424,0.000148,0.011925,0.420896,0.104607
AACCCATCCCATGATC-1,0.000034,0.001007,0.063527,0.693879,0.241553
AACCCGACAACCCGTG-1,0.038709,0.273465,0.294522,0.058678,0.334627
AACCCGAGCAGAATCG-1,0.109238,0.235998,0.262101,0.142453,0.25021
AACCCTACTGTCAATA-1,0.099476,0.005646,0.016732,0.534961,0.343184
AACCCTGGTGGAACCA-1,0.913685,0.000217,0.000108,0.07626,0.00973
AACCGAGCTTGGTCAT-1,0.03572,0.473299,0.075881,0.14286,0.27224
AACCGCTAAGGGATGC-1,0.035523,0.134216,0.055557,0.387123,0.387581
AACCGTTGTGTTTGCT-1,0.734197,0.000168,0.010267,0.225973,0.029396
AACCTAAAGCCGTCCG-1,0.071047,0.000081,0.012259,0.855791,0.060822
AACCTCGCTTTAGCCC-1,0.043447,0.327899,0.197769,0.117805,0.313079
AACCTGTCACGGAATT-1,0.107208,0.331442,0.067953,0.177887,0.315511
AACCTTTAAATACGGT-1,0.031275,0.184852,0.096923,0.292407,0.394543
AACCTTTACGACGTCT-1,0.000042,0.018213,0.024721,0.668272,0.288751
AACGACCTCCTAGCCG-1,0.044574,0.32706,0.032563,0.132922,0.46288
AACGATAATGCCGTAG-1,0.032068,0.736365,0.117936,0.008446,0.105184
AACGATAGAAGGGCCG-1,0.006499,0.961938,0.012929,0.000016,0.018618
AACGATATGTCAACTG-1,0.06375,0.226056,0.100188,0.23098,0.379026
AACGCATGATCTGGGT-1,0.275265,0.056614,0.018711,0.405579,0.243831
AACGCGAACGGCAACA-1,0.095234,0.153952,0.085811,0.320762,0.344241
AACGCGACCTTGGGCG-1,0.013464,0.629953,0.120459,0.07775,0.158374
AACGCGGTCTCCAGCC-1,0.414286,0.012371,0.106712,0.260885,0.205746
AACGCTGTTGCTGAAA-1,0.017589,0.22909,0.11293,0.274919,0.365472
AACGGACGTACGTATA-1,0.013853,0.113795,0.037255,0.482199,0.352898
AACGGCCATCTCCGGT-1,0.000032,0.33769,0.103505,0.21221,0.346563
AACGTACTGTGGGTAC-1,0.000038,0.33082,0.164215,0.096556,0.408371
AACGTAGTCTACCCAT-1,0.03184,0.061191,0.170357,0.449665,0.286947
AACGTCAGACTAGTGG-1,0.079125,0.403654,0.192811,0.151058,0.173351
AACGTCGCTGCACTTC-1,0.000052,0.006451,0.066568,0.417661,0.509268
AACGTGATGAAGGACA-1,0.041398,0.320733,0.056925,0.220657,0.360287
AACGTGCGAAAGTCTC-1,0.056243,0.000089,0.000982,0.799583,0.143103
AACGTTATCAGCACCT-1,0.175491,0.208202,0.317757,0.12609,0.17246
AACTACCCGTTTGTCA-1,0.128745,0.790475,0.057959,0.000245,0.022576
AACTAGCGTATCGCAC-1,0.573125,0.040664,0.025756,0.170912,0.189543
AACTAGGCTTGGGTGT-1,0.000054,0.013851,0.098481,0.472486,0.415127
AACTCAAGTTAATTGC-1,0.004798,0.709955,0.079866,0.035814,0.169568
AACTCCAGAGCGTGTT-1,0.000039,0.103118,0.202659,0.432259,0.261926
AACTCCTAATCCCATG-1,0.952015,0.000209,0.000105,0.047454,0.000217
AACTCGATAAACACGT-1,0.016502,0.374483,0.3292,0.126674,0.153141
AACTCGATGGCGCAGT-1,0.004531,0.968452,0.019731,0.000022,0.007264
AACTCTCAATAGAGCG-1,0.045143,0.580653,0.054603,0.074321,0.24528
AACTCTCAGTGTGCTC-1,0.00052,0.217811,0.204303,0.24296,0.334407
AACTGAGGTCAGCGTC-1,0.295316,0.000145,0.018109,0.650779,0.035651
AACTGAGTTATACTGA-1,0.019875,0.344621,0.044556,0.269073,0.321875
AACTGATATTAGGCCT-1,0.005173,0.166973,0.146533,0.412719,0.268602
AACTGGGTCCCGACGT-1,0.042827,0.025972,0.124369,0.514622,0.29221
AACTGGGTTCGAGCCG-1,0.040277,0.810055,0.033866,0.011974,0.103828
AACTGGTGTGGGCCTT-1,0.22919,0.284494,0.162098,0.138624,0.185594
AACTTCTGCGTCTATC-1,0.227639,0.000191,0.211835,0.48859,0.071745
AACTTGCCCGTATGCA-1,0.110421,0.000092,0.018277,0.787169,0.084041
AACTTGCGTTCTCGCG-1,0.078333,0.051204,0.160458,0.485208,0.224797
AACTTTACGGGAGCTT-1,0.190776,0.197956,0.143405,0.163087,0.304775
AACTTTAGCTGCTGAG-1,0.831789,0.047486,0.012886,0.024517,0.083322
AACTTTCTCGATCATG-1,0.080722,0.553852,0.04893,0.067549,0.248947
AAGAAATCACCAGATT-1,0.114395,0.107841,0.04694,0.488958,0.241866
AAGAAGGATCAGTTAG-1,0.198071,0.209893,0.115068,0.234041,0.242928
AAGACATACGTGGTTT-1,0.016567,0.038175,0.037406,0.63633,0.271523
AAGACCCAACTGAACA-1,0.002401,0.582731,0.183353,0.048404,0.18311
AAGACTAACCCGTTGT-1,0.054409,0.062988,0.108553,0.322338,0.451712
AAGACTCACGCCCACT-1,0.17147,0.473972,0.128468,0.050796,0.175294
AAGACTGCAAGCTACT-1,0.16186,0.202994,0.222413,0.190962,0.221771
AAGAGATGAATCGGTA-1,0.189267,0.03752,0.121366,0.489977,0.16187
AAGAGCTCTTTATCGG-1,0.319031,0.319361,0.029007,0.225536,0.107065
AAGAGGATGTACGCGA-1,0.078075,0.167886,0.243661,0.092693,0.417685
AAGAGGCATGGATCGC-1,0.997865,0.000712,0.000356,0.000356,0.000712
AAGAGGCCCTTTGGAA-1,0.070538,0.164242,0.161053,0.194233,0.409934
AAGATGGCACCGGACC-1,0.003347,0.0513,0.216495,0.318768,0.41009
AAGATTGGCGGAACGT-1,0.017109,0.904996,0.01048,0.004587,0.062828
AAGCACCCTGCGTATC-1,0.006456,0.118726,0.175644,0.392717,0.306457
AAGCATACTCTCCTGA-1,0.011419,0.372637,0.186896,0.114633,0.314415
AAGCCGAAGCGGTTTA-1,0.075707,0.64234,0.072124,0.028785,0.181044
AAGCCGCCGTGAAATC-1,0.000041,0.107237,0.237549,0.323269,0.331904
AAGCCGCTTTACCTTG-1,0.14268,0.160806,0.051532,0.324865,0.320117
AAGCCGGAGAGCAGGA-1,0.126071,0.416555,0.091184,0.076115,0.290075
AAGCGCAGGGCTTTGA-1,0.015764,0.405245,0.182851,0.134402,0.261738
AAGCGGAGTGCGCGCA-1,0.097053,0.162828,0.016522,0.491208,0.232389
AAGCGGCGTCATGGGT-1,0.250477,0.029333,0.026306,0.494987,0.198897
AAGCGTCCCTCATCGA-1,0.143557,0.007627,0.60342,0.080412,0.164983
AAGCTAGATCGAGTAA-1,0.000033,0.170893,0.228204,0.226222,0.374647
AAGCTCGTGCCAAGTC-1,0.341414,0.000618,0.010909,0.446143,0.200916
AAGCTCTTTCATGGTG-1,0.000944,0.203834,0.112901,0.202709,0.479613
AAGGAGAACTTATAAG-1,0.285123,0.043824,0.056997,0.332488,0.281569
AAGGAGCGGTTGGTGC-1,0.005157,0.000113,0.003296,0.933766,0.057669
AAGGATCGATCGCTTG-1,0.167318,0.196109,0.030896,0.348456,0.257221
AAGGATGAGGGACCTC-1,0.01167,0.0298,0.066442,0.57153,0.320558
AAGGCAGGCTGTCTCC-1,0.500877,0.175434,0.074613,0.128845,0.120232
AAGGCGCGTAAAGCTT-1,0.937142,0.000132,0.003535,0.035164,0.024026
AAGGCTGTGCTCATCG-1,0.091698,0.807506,0.022747,0.008723,0.069326
AAGGGAACGACTGGCT-1,0.000018,0.778275,0.11182,0.017891,0.091996
AAGGGACAGATTCTGT-1,0.024406,0.532577,0.055993,0.177962,0.209062
AAGGGACTATGCATTC-1,0.003007,0.313443,0.284526,0.069432,0.329592
AAGGTATCCTAATATA-1,0.033634,0.161151,0.025522,0.363429,0.416265
AAGGTGATAAACCAGC-1,0.025374,0.16834,0.051368,0.305888,0.449031
AAGTAAGCTTCCAAAC-1,0.090765,0.528243,0.119924,0.093117,0.167952
AAGTAGAAGACCGGGT-1,0.00175,0.000086,0.007249,0.933487,0.057429
AAGTAGTGACGCGAGG-1,0.016404,0.15976,0.142844,0.314252,0.36674
AAGTCAATTGTCGTCA-1,0.819089,0.180555,0.000089,0.000089,0.000178
AAGTCTAGTAGCTGCC-1,0.12682,0.105397,0.041071,0.47568,0.251032
AAGTCTTCTGTGGCCT-1,0.003008,0.560378,0.138608,0.055244,0.242761
AAGTGACGACCGAATT-1,0.165408,0.000105,0.113251,0.519024,0.202211
AAGTGAGTCGGGTTTA-1,0.002171,0.37702,0.11678,0.15119,0.352839
AAGTGCAAAGGTAGAC-1,0.399823,0.000196,0.123984,0.347548,0.128448
AAGTGCCTTGACTGTA-1,0.715567,0.126956,0.019641,0.020918,0.116918
AAGTGCGTTAGAATCT-1,0.002099,0.801578,0.126584,0.005845,0.063894
AAGTGCTTCTCTATTG-1,0.145467,0.009599,0.56496,0.15357,0.126405
AAGTGTTTGGAGACGG-1,0.015068,0.084443,0.090362,0.30961,0.500517
AAGTTCACTCCAAGCT-1,0.000036,0.035035,0.09484,0.517461,0.352628
AAGTTCAGTCTGCGTA-1,0.015171,0.567186,0.080023,0.151133,0.186487
AAGTTCGGCCAACAGG-1,0.00478,0.425844,0.142385,0.219351,0.20764
AAGTTGTGATGTTATA-1,0.000339,0.621401,0.10402,0.047135,0.227105
AAGTTTACTAATGGCA-1,0.031816,0.121874,0.134918,0.348953,0.362439
AAGTTTATGGGCCCAA-1,0.000604,0.41308,0.24714,0.104818,0.234358
AATAACAACGCTCGGC-1,0.000022,0.757484,0.108601,0.013199,0.120694
AATAACACTAGAACAA-1,0.008185,0.472399,0.126456,0.055522,0.337437
AATAAGTCCTCGAGAC-1,0.050521,0.343903,0.168027,0.095459,0.34209
AATAATCTTCGTATCG-1,0.097193,0.669364,0.062069,0.030068,0.141307
AATACAATGTTTCAGG-1,0.232418,0.044645,0.216485,0.249919,0.256532
AATACCGGAGGGCTGT-1,0.050187,0.002692,0.097346,0.713488,0.136287
AATACCTGATGTGAAC-1,0.000129,0.267329,0.229788,0.128156,0.374598
AATAGAACAGAGTGGC-1,0.04671,0.328015,0.172025,0.142053,0.311197
AATAGAATCTGTTTCA-1,0.030353,0.076383,0.024253,0.356291,0.51272
AATAGCAAGCCTCCTG-1,0.803017,0.000244,0.000122,0.196373,0.000244
AATAGCTACCGCGTGC-1,0.036522,0.098099,0.023082,0.516151,0.326146
AATAGTCCGTCCCGAC-1,0.048604,0.88186,0.051276,0.000097,0.018163
AATAGTCGCGAGTCGG-1,0.286774,0.002716,0.320111,0.228855,0.161544
AATATCAAGGTCGGAT-1,0.063863,0.325511,0.323825,0.100579,0.186222
AATATCCTAGCAAACT-1,0.006342,0.428258,0.147894,0.105834,0.311672
AATATCGAATCAATGC-1,0.114769,0.02793,0.068553,0.488683,0.300065
AATATCGAGGGTTCTC-1,0.111106,0.080374,0.139958,0.369268,0.299294
AATATTGGAGTATTGA-1,0.10832,0.092619,0.121007,0.347393,0.33066
AATCAGGTTTCATTTA-1,0.728963,0.016067,0.023884,0.162298,0.068787
AATCATGTAAAGACTC-1,0.012361,0.34051,0.257234,0.131448,0.258448
AATCCAAGGGCCTGAG-1,0.240014,0.078517,0.198705,0.35478,0.127984
AATCCATGCAAGGGTG-1,0.015948,0.146732,0.443974,0.151118,0.242229
AATCGCCTCAGCGCCA-1,0.004247,0.737971,0.114476,0.032586,0.110719
AATCGCGCAGAGGACT-1,0.11138,0.038299,0.097128,0.481421,0.271771
AATCGGGACACTACGA-1,0.047016,0.786191,0.019529,0.018506,0.128759
AATCGGTATAGCCCTC-1,0.001797,0.229296,0.034119,0.21113,0.523658
AATCGTGAGCCGAGCA-1,0.100795,0.113836,0.06916,0.318274,0.397936
AATCTAGGTTTACTTG-1,0.000075,0.063778,0.237543,0.308477,0.390126
AATCTATGCCGGAGCC-1,0.11506,0.000119,0.004785,0.733687,0.146349
AATCTCTACTGTGGTT-1,0.005131,0.052207,0.134907,0.624054,0.1837
AATCTGCGTTGGGACG-1,0.034002,0.000134,0.000067,0.963087,0.00271
AATCTGGCTTTCTAGT-1,0.000031,0.679203,0.133192,0.02082,0.166753
AATCTGGGTAGACCCT-1,0.290366,0.094413,0.070864,0.210279,0.334078
AATGACAGCAATGTCT-1,0.000038,0.371983,0.237489,0.098445,0.292045
AATGACGTAGGATGTC-1,0.00054,0.60338,0.128235,0.075196,0.192649
AATGACTGTCAGCCGG-1,0.030312,0.009309,0.050802,0.732238,0.17734
AATGAGTTCGCATATG-1,0.190853,0.377148,0.117458,0.100776,0.213765
AATGATGATACGCTAT-1,0.015326,0.447938,0.069349,0.140386,0.327001
AATGATGCGACTCCTG-1,0.000034,0.062961,0.046334,0.608346,0.282326
AATGCAACCGGGTACC-1,0.136752,0.081841,0.120157,0.347943,0.313307
AATGCACCAAGCAATG-1,0.000047,0.002817,0.016934,0.783725,0.196477
AATGGCCGCCAATGCG-1,0.771931,0.00044,0.00022,0.083876,0.143534
AATGGTCCACCGTTCA-1,0.662071,0.001305,0.119759,0.098801,0.118065
AATGGTTCTCACAAGC-1,0.229672,0.039691,0.289072,0.124875,0.31669
AATGTGCCCGAGGTGT-1,0.000039,0.614586,0.185906,0.029908,0.169562
AATGTTGTCGTGAGAC-1,0.01371,0.001556,0.030506,0.731029,0.223199
AATTAAAGGTCGGCGT-1,0.39511,0.000136,0.053036,0.43905,0.112668
AATTAACGGATTTCCA-1,0.01889,0.469249,0.177595,0.121035,0.21323
AATTACTCGTACGCTC-1,0.00004,0.148475,0.119921,0.330148,0.401415
AATTAGCGCTGCAGCG-1,0.032118,0.274861,0.156617,0.180752,0.355653
AATTCATAAGGGATCT-1,0.00006,0.101579,0.097035,0.180884,0.620443
AATTCCAACTTGGTGA-1,0.044859,0.158289,0.408615,0.14518,0.243056
AATTCCAAGCATGTAC-1,0.194157,0.318387,0.261216,0.067483,0.158757
AATTCGATTCGAGGAT-1,0.035783,0.62851,0.076352,0.079809,0.179545
AATTCTAGAGTTAGGC-1,0.002663,0.211334,0.178305,0.206329,0.401369
AATTGAACGCTCTGGT-1,0.004961,0.023539,0.044287,0.648942,0.278272
AATTGCAGCAATCGAC-1,0.020174,0.071243,0.136989,0.452352,0.319242
AATTGTGGTTGCCAAA-1,0.022555,0.848041,0.025501,0.008763,0.09514
AATTTGGGACATAGTA-1,0.48545,0.000141,0.008391,0.307114,0.198904
AATTTGGTTCCAAAGA-1,0.091123,0.000094,0.022563,0.799561,0.086659
ACAAAGAAGGTAGGCC-1,0.006918,0.213206,0.220036,0.243373,0.316467
ACAAAGCATGACCTAG-1,0.037455,0.177184,0.130814,0.344912,0.309636
ACAAATCGCACCGAAT-1,0.002883,0.014858,0.085546,0.668851,0.227862
ACAAATGGTAGTGTTT-1,0.07821,0.154009,0.063982,0.377423,0.326376
ACAAATTCAGATCTGA-1,0.100939,0.548587,0.058547,0.08805,0.203878
ACAACAGCATGAGCTA-1,0.91063,0.00035,0.000175,0.051331,0.037513
ACAACGGTCCCTGCGA-1,0.000461,0.283441,0.204417,0.184205,0.327476
ACAAGCAGTGCCTAGC-1,0.045079,0.063797,0.105534,0.452593,0.332998
ACAAGCTATATGGAAG-1,0.00541,0.388805,0.216405,0.130923,0.258457
ACAAGGAAATCCGCCC-1,0.398365,0.0278,0.147009,0.195413,0.231413
ACAAGGACAAGAGGTT-1,0.140642,0.242059,0.104857,0.140503,0.371939
ACAAGGATGCTTTAGG-1,0.000049,0.598682,0.125567,0.011266,0.264435
ACAAGGCCTACCAGCC-1,0.031402,0.198352,0.052176,0.299483,0.418587
ACAAGGGCAGGCTCTG-1,0.00005,0.000681,0.025233,0.737693,0.236342
ACAATAGTCGTACGTT-1,0.059446,0.793366,0.086497,0.010554,0.050137
ACAATCCATTTAAACC-1,0.001632,0.520364,0.236851,0.059614,0.18154
ACAATCGATCTTTATA-1,0.025551,0.46344,0.160829,0.074927,0.275253
ACAATGAATACGGAGA-1,0.00311,0.951771,0.028218,0.000015,0.016886
ACAATGATTCTTCTAC-1,0.686292,0.000244,0.000122,0.287217,0.026126
ACAATTGTGTCTCTTT-1,0.003551,0.123793,0.051048,0.458059,0.363548
ACAATTTAGGAGGCTC-1,0.147051,0.849385,0.0035,0.000021,0.000042
ACAATTTGAGCAGTGG-1,0.115545,0.370495,0.023109,0.215638,0.275213
ACAATTTGGCCATATT-1,0.208854,0.373452,0.027094,0.196096,0.194503
ACACAAAGACGGGTGG-1,0.211804,0.630749,0.053845,0.008846,0.094754
ACACAAATATTCCTAG-1,0.137426,0.09928,0.035917,0.42004,0.307338
ACACACCAGGACCAGT-1,0.017593,0.266908,0.071685,0.304733,0.33908
ACACACTTTCTACACG-1,0.26054,0.25459,0.121196,0.18885,0.174823
ACACATGATCAAATCT-1,0.030021,0.000195,0.312858,0.27146,0.385466
ACACATTGACGCAACA-1,0.07375,0.168588,0.122851,0.219588,0.415223
ACACATTTCCGTAGAC-1,0.131907,0.03312,0.2171,0.279604,0.338269
ACACCACATAATTAGC-1,0.055622,0.010696,0.015217,0.727112,0.191354
ACACCCAGCATGCAGC-1,0.02307,0.096227,0.172357,0.332216,0.37613
ACACCCGAGAAATCCG-1,0.187349,0.554404,0.068577,0.048968,0.140701
ACACCGAGCGCTCTTT-1,0.085788,0.12225,0.205741,0.261535,0.324685
ACACCGGTCTGACCGC-1,0.000096,0.203624,0.494463,0.147054,0.154763
ACACCTTAAGTAGGGC-1,0.000041,0.176905,0.224119,0.214133,0.384802
ACACCTTACTACTTGC-1,0.063772,0.106592,0.09475,0.241244,0.493642
ACACGAGACTCCTTCT-1,0.328723,0.000166,0.034888,0.527521,0.108703
ACACGGCACTATGCAT-1,0.157493,0.138615,0.271526,0.206858,0.225507
ACACGGGAACTTAGGG-1,0.860688,0.000244,0.014549,0.049602,0.074916
ACACTCCAATGTCACT-1,0.283201,0.002401,0.216474,0.36304,0.134884
ACACTGATCAAGGTGT-1,0.058716,0.443791,0.13913,0.117422,0.240941
ACACTGGGACAGTCGT-1,0.046497,0.53076,0.086156,0.108993,0.227594
ACAGAACTGAGAACAA-1,0.000057,0.013921,0.384064,0.194785,0.407173
ACAGATTAGGTTAGTG-1,0.130961,0.283007,0.125705,0.184112,0.276214
ACAGCATAGAGCCAGT-1,0.000049,0.000098,0.002369,0.953063,0.044421
ACAGCGACATTCTCAT-1,0.052153,0.352005,0.297834,0.059576,0.238431
ACAGCGCACCCGCAGC-1,0.020866,0.099175,0.057625,0.436991,0.385343
ACAGGAGGCGCAGCCG-1,0.062552,0.198161,0.171923,0.20001,0.367353
ACAGGCACGGATCCTT-1,0.024968,0.213489,0.059657,0.291579,0.410307
ACAGGCTTGCCCGACT-1,0.003036,0.143987,0.241681,0.292915,0.318382
ACAGGTGGAGGTGAGG-1,0.042942,0.140155,0.098364,0.364424,0.354115
ACAGGTGTGTTGTTGC-1,0.01438,0.200365,0.149298,0.323153,0.312805
ACAGTAATACAACTTG-1,0.000026,0.171272,0.180771,0.182172,0.465759
ACAGTATACCGTGGGA-1,0.322764,0.115573,0.079031,0.218516,0.264117
ACAGTGCAGCGCATTT-1,0.012634,0.067826,0.033414,0.325717,0.560409
ACATAAGTCGTGGTGA-1,0.000156,0.000311,0.034011,0.925454,0.040068
ACATAATAAGGCGGTG-1,0.163726,0.289712,0.145948,0.228659,0.171954
ACATCAGCTGGGACGC-1,0.0944,0.030927,0.157889,0.434556,0.282228
ACATCCCGGCCATACG-1,0.000032,0.467498,0.245775,0.111558,0.175137
ACATCCTGGTAACTGT-1,0.027238,0.392825,0.075531,0.124109,0.380296
ACATCGATCGTTTACC-1,0.005611,0.00476,0.132415,0.538268,0.318946
ACATCGGTCAGCCGCG-1,0.060261,0.234384,0.305068,0.103317,0.296971
ACATCGTATGCAATGG-1,0.037514,0.021919,0.08069,0.661852,0.198026
ACATCGTTAACCTAGT-1,0.080135,0.33576,0.080851,0.188871,0.314382
ACATCTCAACGCGTAA-1,0.999372,0.000209,0.000105,0.000105,0.000209
ACATGGCGCCAAAGTA-1,0.077073,0.241617,0.048504,0.339715,0.293091
ACATGGCTCAATTTAG-1,0.451383,0.000202,0.006847,0.466015,0.075553
ACATTAGTTTATATCC-1,0.015056,0.040025,0.102688,0.504016,0.338215
ACATTTGAAACCTAAC-1,0.000069,0.190578,0.19533,0.229137,0.384886
ACCAAACACCCAGCGA-1,0.205434,0.000071,0.000415,0.773442,0.020638
ACCAAACTAGAAATCC-1,0.069427,0.25214,0.167248,0.192003,0.319181
ACCAACCGCACTCCAC-1,0.058054,0.233591,0.067792,0.313317,0.327247
ACCAACGCTTATTTAT-1,0.029396,0.968441,0.002102,0.00002,0.000041
ACCAAGAACGCGTGTC-1,0.057237,0.03354,0.114099,0.317912,0.477212
ACCAAGTCATCGGCAG-1,0.011332,0.13145,0.089129,0.283215,0.484874
ACCAATATGCAAGTTA-1,0.041709,0.131347,0.269821,0.274168,0.282955
ACCACAACTCAGAACA-1,0.052683,0.220151,0.08398,0.458391,0.184795
ACCACAAGTTTCTATC-1,0.063079,0.000111,0.041767,0.827945,0.067098
ACCACCAATGTAACAA-1,0.036414,0.288243,0.089353,0.276951,0.309039
ACCACCCTCTCTTCTA-1,0.287553,0.344566,0.131616,0.076922,0.159343
ACCACGTGCAGCTATA-1,0.203849,0.604067,0.057875,0.009391,0.124818
ACCACTGTTCAAGAAG-1,0.013569,0.013943,0.263675,0.563431,0.145382
ACCAGACCATAACAAC-1,0.001206,0.006527,0.043641,0.664595,0.284032
ACCAGCCCGGTCTTTG-1,0.01559,0.310849,0.141395,0.273066,0.2591
ACCAGGAGTGTGATCT-1,0.443418,0.278199,0.104891,0.040104,0.133388
ACCAGTGCCCGGTCAA-1,0.037346,0.251964,0.150291,0.323471,0.236928
ACCAGTGCGGGAGACG-1,0.049356,0.352996,0.084933,0.127484,0.38523
ACCATATCCGCAATAA-1,0.110026,0.826951,0.021404,0.003814,0.037805
ACCATCCGCCAACTAG-1,0.13799,0.197529,0.074831,0.184193,0.405458
ACCATCGTATATGGTA-1,0.037083,0.936213,0.005849,0.000031,0.020825
ACCATTAAGGGTGTCA-1,0.05207,0.207304,0.2497,0.17855,0.312376
ACCCAACGCCCGTGGC-1,0.401789,0.109606,0.077216,0.307613,0.103776
ACCCACCTACATGCTC-1,0.117064,0.104084,0.271689,0.212526,0.294637
ACCCATCTTGAGGGTA-1,0.000059,0.07532,0.181051,0.477816,0.265753
ACCCATTTGTCCCTCT-1,0.112812,0.142632,0.102383,0.3144,0.327773
ACCCGAGCGAAATTAC-1,0.021577,0.249749,0.294502,0.139956,0.294216
ACCCGATTGGTTCCGA-1,0.425023,0.080829,0.082788,0.2638,0.147561
ACCCGGAAACTCCCAG-1,0.019515,0.463373,0.152673,0.10621,0.258228
ACCCGGAGCACCACAA-1,0.901502,0.097893,0.000151,0.000151,0.000302
ACCCGGATGACGCATC-1,0.162935,0.05676,0.203213,0.290768,0.286325
ACCCGGTTACACTTCC-1,0.01654,0.928613,0.040481,0.000085,0.014281
ACCCGTAGTCTAGTTG-1,0.000012,0.799143,0.018051,0.03086,0.151934
ACCCGTGTCATCAGTA-1,0.000024,0.735303,0.105989,0.017266,0.141418
ACCCTATAGGACTGAG-1,0.079084,0.005829,0.174639,0.606976,0.133472
ACCCTATGCCATATCG-1,0.020749,0.00997,0.109972,0.483949,0.37536
ACCCTCCCGTCAGGGC-1,0.12066,0.017323,0.018892,0.530188,0.312937
ACCCTCCCTTGCTATT-1,0.016166,0.000094,0.007547,0.903994,0.0722
ACCCTGGTAACGCCCT-1,0.091904,0.183421,0.121796,0.22644,0.376439
ACCCTTCATCTGCGAA-1,0.494032,0.000191,0.024234,0.215299,0.266244
ACCCTTGCCTGGGTCG-1,0.123436,0.154871,0.072672,0.4368,0.21222
ACCCTTTAGTTCTCCA-1,0.027821,0.047304,0.108123,0.613051,0.203701
ACCGAAAGGGCCCTGC-1,0.110437,0.160001,0.285258,0.191692,0.252611
ACCGACACATCTCCCA-1,0.000028,0.035896,0.163692,0.448305,0.352079
ACCGACTGAGTCCCAC-1,0.088242,0.750967,0.048462,0.015001,0.097328
ACCGAGTCTCCTTATT-1,0.000028,0.172743,0.128656,0.189727,0.508847
ACCGATAGGCATAACC-1,0.053547,0.108225,0.345926,0.155952,0.33635
ACCGATATTTAATCAT-1,0.048062,0.038524,0.082469,0.346773,0.484172
ACCGATGGTAGCATCG-1,0.064848,0.150767,0.036572,0.392068,0.355744
ACCGCAATAACTGCCT-1,0.000074,0.053141,0.321269,0.183874,0.441642
ACCGCGGTGGAAGTCG-1,0.225073,0.259479,0.035774,0.167801,0.311872
ACCGGGCCTTTGTTGA-1,0.059078,0.00109,0.042393,0.754175,0.143263
ACCGGTCAGGTACACC-1,0.000063,0.150821,0.487582,0.075293,0.286242
ACCGGTCTGAGTACGG-1,0.194763,0.281679,0.103547,0.166848,0.253162
ACCGTGACCACGTGGG-1,0.004973,0.017922,0.192035,0.486042,0.299028
ACCGTTCCCGCTCTGA-1,0.01241,0.690067,0.145639,0.027393,0.12449
ACCTAAGTACCTTTCA-1,0.000042,0.138561,0.243532,0.162464,0.455402
ACCTAATCGACTTCCT-1,0.023001,0.325025,0.172374,0.236543,0.243057
ACCTACAGTATGTGGT-1,0.019672,0.123668,0.07187,0.496861,0.287928
ACCTACTATAAATCTA-1,0.018701,0.976092,0.004234,0.000012,0.000962
ACCTCCGCCCTCGCTG-1,0.226983,0.043314,0.107228,0.361652,0.260823
ACCTCCGTTATTCACC-1,0.054702,0.56954,0.044135,0.087428,0.244194
ACCTGCGTGTCATGTT-1,0.057102,0.000126,0.091134,0.7241,0.127539
ACCTTTCCTTTAGAAG-1,0.215264,0.125322,0.147171,0.327414,0.184828
ACGAAATGGGCGGCAC-1,0.008503,0.124426,0.170018,0.371726,0.325327
ACGACCCATGAGTTGC-1,0.692096,0.00578,0.016511,0.180851,0.104762
ACGACTCTAGGGCCGA-1,0.000022,0.103169,0.091327,0.546568,0.258914
ACGACTGGTCATACTC-1,0.000029,0.392494,0.170863,0.147027,0.289586
ACGAGAACCCATCACG-1,0.084929,0.000073,0.006394,0.844138,0.064465
ACGAGATATTTGCTTA-1,0.241997,0.035333,0.033454,0.48806,0.201155
ACGAGGATACCACTCT-1,0.167134,0.15144,0.321502,0.102429,0.257495
ACGAGGTTTACAACGT-1,0.000029,0.329246,0.238541,0.131054,0.30113
ACGAGTACGGATGCCC-1,0.259293,0.237727,0.01507,0.274719,0.213191
ACGAGTCGCCGGCGTT-1,0.105512,0.117354,0.274382,0.361863,0.140889
ACGATACATAGAACTA-1,0.003277,0.281476,0.142502,0.255987,0.316757
ACGATACCTATCCTGA-1,0.053903,0.79856,0.044299,0.012538,0.090701
ACGATCATACATAGAG-1,0.415564,0.001693,0.097079,0.357031,0.128633
ACGATCATCTTGTAAA-1,0.030771,0.012952,0.003211,0.848539,0.104527
ACGATGCATATGTTAT-1,0.000037,0.284489,0.053842,0.27245,0.389183
ACGATGGATCCGATGC-1,0.07008,0.658808,0.057546,0.075221,0.138346
ACGCAAACTAATAGAT-1,0.011695,0.365627,0.247345,0.171807,0.203526
ACGCAATCACTACAGC-1,0.170567,0.028729,0.020346,0.576275,0.204083
ACGCATAAATGACATG-1,0.10778,0.323252,0.027122,0.292513,0.249333
ACGCATACGTTTACTA-1,0.026278,0.274581,0.24257,0.090088,0.366483
ACGCATTCGTGAGTAC-1,0.327796,0.046803,0.041526,0.234426,0.349449
ACGCCAGATGATTTCT-1,0.08989,0.651237,0.078872,0.021072,0.15893
ACGCCAGTGCGTTTGC-1,0.062103,0.787026,0.03878,0.017838,0.094253
ACGCCCAGCTGTCGAT-1,0.031335,0.891459,0.037679,0.001534,0.037993
ACGCCGCTAGACGACC-1,0.113861,0.513525,0.088577,0.076931,0.207106
ACGCCTGACACGCGCT-1,0.046437,0.468922,0.233772,0.107928,0.142942
ACGCGAAGTCAGACGA-1,0.000028,0.586512,0.181688,0.050319,0.181453
ACGCGCTACACAGGGT-1,0.007926,0.269013,0.168773,0.407886,0.146402
ACGCGGGCCAAGGACA-1,0.065962,0.73002,0.122057,0.018601,0.063361
ACGCGTTTCTTAAGAG-1,0.062509,0.654848,0.131174,0.018513,0.132955
ACGCTACTGAATGGGC-1,0.000183,0.169564,0.193121,0.363093,0.274039
ACGCTAGTGATACACT-1,0.042904,0.125549,0.063524,0.398206,0.369817
ACGCTGTGAGGCGTAG-1,0.015839,0.293839,0.446808,0.055551,0.187963
ACGCTTAGTGTCTCTC-1,0.062404,0.189179,0.272374,0.232755,0.243289
ACGGAACACGAGTGCC-1,0.004409,0.324399,0.150305,0.124602,0.396285
ACGGAATTTAGCAAAT-1,0.063654,0.04619,0.286746,0.347554,0.255856
ACGGACTCTCAAAGCG-1,0.010977,0.234741,0.221311,0.217997,0.314973
ACGGAGCGCAAATTAC-1,0.312466,0.188601,0.116503,0.125886,0.256545
ACGGATGGTGCGGATA-1,0.000966,0.208342,0.112795,0.343356,0.334541
ACGGCACTTGCTTGGG-1,0.039962,0.253007,0.340246,0.127533,0.239252
ACGGCCAACATGGACT-1,0.021914,0.729498,0.063881,0.027842,0.156865
ACGGCGACGATGGGAA-1,0.059029,0.119441,0.186946,0.285796,0.348788
ACGGCGGGTTGCCCTG-1,0.070541,0.403203,0.167418,0.07259,0.286248
ACGGGAGTGTCGGCCC-1,0.000055,0.091834,0.237671,0.144945,0.525495
ACGGGCGTATGCGACA-1,0.879047,0.000643,0.000322,0.055403,0.064585
ACGGGTCATGTGACTT-1,0.000038,0.367267,0.218946,0.13094,0.282809
ACGGTACAGTTCAATG-1,0.000028,0.353085,0.096395,0.223064,0.327428
ACGTACAGATTTCTCT-1,0.046173,0.037333,0.025421,0.714769,0.176304
ACGTACTTTGGCACGG-1,0.638875,0.056148,0.15582,0.096458,0.052699
ACGTAGATTGCTGATG-1,0.209043,0.221239,0.204415,0.189479,0.175824
ACGTAGGAGAGTCGCT-1,0.007257,0.078909,0.088501,0.203427,0.621905
ACGTATTACTCCGATC-1,0.521714,0.032962,0.013104,0.280541,0.151678
ACGTCCTAAACGAGAT-1,0.091822,0.067355,0.070333,0.485073,0.285418
ACGTCTCGTTCCGGGA-1,0.024375,0.537381,0.134797,0.055271,0.248176
ACGTGCGCCTCGTGCA-1,0.308714,0.027717,0.208259,0.273549,0.181761
ACGTGGTCGAATGTGC-1,0.000152,0.137085,0.150677,0.425315,0.286771
ACGTTAATGTCGAAGA-1,0.113958,0.047098,0.319283,0.28595,0.233711
ACGTTAGATTTGCCCG-1,0.00003,0.574809,0.068637,0.037734,0.31879
ACGTTCCGCGCTCCGT-1,0.107381,0.355422,0.152418,0.137774,0.247006
ACGTTCGCAATCAATT-1,0.157614,0.347876,0.064831,0.199316,0.230363
ACGTTCGTTCAGGAAA-1,0.003578,0.28062,0.128346,0.233296,0.35416
ACGTTCTGTACAAGTC-1,0.073075,0.755862,0.049779,0.01576,0.105523
ACGTTTAGTTGTGATC-1,0.00374,0.456424,0.068851,0.199343,0.271643
ACGTTTCGGTGCACTT-1,0.02816,0.085518,0.462375,0.093154,0.330793
ACTAATACGTCAGGCG-1,0.12043,0.076141,0.080415,0.450886,0.272128
ACTACAAAGAGAGGTG-1,0.998897,0.001032,0.000018,0.000018,0.000036
ACTACATCCCGACAAG-1,0.015864,0.149043,0.309789,0.222462,0.302842
ACTACCAGCTCTCTGG-1,0.04669,0.246052,0.081095,0.319219,0.306944
ACTACGCGTTAGAATT-1,0.000769,0.595376,0.077864,0.063033,0.262959
ACTAGTTGCGATCGTC-1,0.030751,0.015264,0.107198,0.387123,0.459664
ACTATATGCTGTGTTC-1,0.000034,0.138962,0.024699,0.497514,0.33879
ACTATCCAGGGCATGG-1,0.076434,0.475264,0.029017,0.108954,0.310331
ACTATCGCCGGCTAAA-1,0.106171,0.301954,0.140263,0.246561,0.205051
ACTATCTGCCCGCGTA-1,0.134366,0.486245,0.070313,0.168014,0.141062
ACTATGTCCAGCTGCC-1,0.000059,0.117804,0.265112,0.23304,0.383985
ACTATTCGTCCGTGGT-1,0.07825,0.013684,0.075333,0.589545,0.243188
ACTATTTCCGGGCCCA-1,0.054907,0.733645,0.063737,0.013141,0.134571
ACTCAACGAATGTATT-1,0.022262,0.569276,0.096808,0.052273,0.259381
ACTCAAGTGCAAGGCT-1,0.00025,0.077296,0.208954,0.342374,0.371126
ACTCAATAAAGGCACG-1,0.043341,0.807434,0.058897,0.01804,0.072289
ACTCAGACCTGCTTCT-1,0.101235,0.010789,0.068523,0.476488,0.342965
ACTCATGGCAGCCTTC-1,0.142558,0.30375,0.460253,0.022967,0.070472
ACTCCAATATCATCAT-1,0.008628,0.007107,0.050455,0.582718,0.351092
ACTCCCATTCCTAAAG-1,0.02703,0.000075,0.057341,0.753418,0.162136
ACTCCCGAATTCGTTT-1,0.392917,0.530489,0.013176,0.00578,0.057638
ACTCCCGTAGACTAGG-1,0.093622,0.125051,0.037205,0.431719,0.312403
ACTCCCTAATGCTAAA-1,0.183903,0.125257,0.064245,0.434631,0.191965
ACTCCCTAGAATAGTA-1,0.00373,0.602765,0.101481,0.04909,0.242934
ACTCCGGCCGACCACT-1,0.000017,0.604996,0.093835,0.063755,0.237396
ACTCGATGTATTTCAT-1,0.001274,0.161254,0.208534,0.265068,0.363871
ACTCGCCGTTCGATAA-1,0.014227,0.698557,0.063654,0.049191,0.174372
ACTCGCGATCTGACGC-1,0.125486,0.268175,0.022019,0.241128,0.343192
ACTCGTAACCCGTCCT-1,0.000053,0.014493,0.09725,0.724743,0.163461
ACTCGTCAGTAATCCC-1,0.920227,0.000396,0.000198,0.000198,0.078981
ACTCTAAACCTGGGAT-1,0.136532,0.066194,0.181674,0.404948,0.210652
ACTCTCTGACTTAGGT-1,0.02743,0.350851,0.089609,0.159006,0.373104
ACTCTCTTATACACGA-1,0.191112,0.333311,0.085658,0.137017,0.252902
ACTCTGACCTAATAGA-1,0.008195,0.114471,0.0789,0.411946,0.386488
ACTCTTCAGCTCCCGC-1,0.145121,0.02876,0.066442,0.524075,0.235602
ACTCTTGTATAGTAAC-1,0.188093,0.447307,0.094486,0.075481,0.194633
ACTGAAACGCCGTTAG-1,0.025107,0.068481,0.082403,0.472214,0.351795
ACTGAATGGCGAAAGT-1,0.001014,0.026343,0.170102,0.4973,0.305241
ACTGATTTAGTGATTC-1,0.022786,0.056489,0.130623,0.453745,0.336358
ACTGCCCGCCATTCTC-1,0.199704,0.326929,0.430716,0.006829,0.035822
ACTGCCGTCGTAACTC-1,0.000073,0.109037,0.131122,0.472097,0.287671
ACTGCGGACACACCGT-1,0.130295,0.0175,0.00871,0.689169,0.154326
ACTGCTCGGAAGGATG-1,0.000032,0.240839,0.189138,0.191087,0.378906
ACTGGCGAACCTGCGT-1,0.071463,0.169204,0.090299,0.402625,0.266408
ACTGTACGATACACAT-1,0.407299,0.00011,0.028548,0.396768,0.167275
ACTGTAGCACTTTGGA-1,0.388317,0.000175,0.01959,0.480421,0.111497
ACTGTATACGCGAGCA-1,0.108744,0.157659,0.193573,0.310932,0.229092
ACTGTCCAGGATTATA-1,0.01072,0.165704,0.235914,0.127942,0.45972
ACTGTCTTCTTTAGAA-1,0.084062,0.257924,0.159783,0.143607,0.354625
ACTGTGCTAGTAGATC-1,0.00387,0.503929,0.230416,0.018867,0.242918
ACTGTTTAGTGTAGGC-1,0.068474,0.074116,0.065086,0.415213,0.377112
ACTTACCGGGCGCGCA-1,0.17191,0.06066,0.169282,0.343437,0.254711
ACTTACGCATCCACGC-1,0.015711,0.21488,0.23079,0.302401,0.236218
ACTTAGTACGACAAGA-1,0.004834,0.349421,0.148461,0.215771,0.281513
ACTTATACTTACCCGG-1,0.065277,0.015021,0.038612,0.627809,0.253282
ACTTATCTGATCTATA-1,0.056828,0.272314,0.152205,0.262203,0.256451
ACTTATTAGGATCGGT-1,0.577538,0.076193,0.084443,0.125686,0.136141
ACTTATTTATGTGCCA-1,0.0096,0.157986,0.107133,0.326077,0.399203
ACTTCAGGCTGATCCC-1,0.003391,0.366309,0.150851,0.085894,0.393555
ACTTCCATGCGGGACA-1,0.003409,0.241124,0.132928,0.181902,0.440637
ACTTCCTGTCGTGCGA-1,0.001951,0.088186,0.036788,0.601795,0.27128
ACTTCGCCATACGCAC-1,0.024571,0.462804,0.133703,0.101816,0.277106
ACTTCGCTAGCGAGTG-1,0.172586,0.051419,0.031117,0.474874,0.270004
ACTTGACTCCCTCTTT-1,0.814705,0.000153,0.000493,0.068643,0.116006
ACTTGCCATATTGTAC-1,0.255917,0.003758,0.039688,0.54455,0.156087
ACTTGGGACCCGGTGG-1,0.020582,0.188302,0.08819,0.228854,0.474073
ACTTGTAGTCCCTTCA-1,0.002296,0.534126,0.163785,0.037096,0.262697
ACTTGTGGATGGAACG-1,0.068606,0.419029,0.143311,0.122002,0.247052
ACTTTACCCTCATGAA-1,0.803124,0.00079,0.000395,0.1949,0.000791
ACTTTCCTATAGCTTC-1,0.15202,0.211921,0.177419,0.159198,0.299442
ACTTTGACTGCATCCT-1,0.035208,0.002986,0.254235,0.489497,0.218075
ACTTTGTCGACGCACT-1,0.036657,0.340216,0.086286,0.180509,0.356332
AGAAATTATGACTCGC-1,0.084476,0.337311,0.094128,0.16027,0.323815
AGAACCCAGCGTGACA-1,0.081792,0.237031,0.051013,0.317388,0.312776
AGAACGTGGTACATTC-1,0.050128,0.7041,0.045872,0.034077,0.165822
AGAAGAGCGCCGTTCC-1,0.107922,0.001075,0.000537,0.014186,0.876279
AGAAGGTACACTTCAC-1,0.000039,0.047797,0.223129,0.387439,0.341596
AGAAGGTTGCCGAATT-1,0.000063,0.104197,0.15523,0.482184,0.258326
AGAAGGTTGTAGGTCG-1,0.000169,0.056822,0.190519,0.414024,0.338465
AGAAGTGATTCGTGAT-1,0.000035,0.331642,0.331144,0.121101,0.216079
AGAATAAATCTTCAGG-1,0.069042,0.28204,0.154681,0.238974,0.255263
AGAATGCGGGTTCGGA-1,0.00004,0.202062,0.064143,0.218489,0.515266
AGAATTATGGATTCGA-1,0.05646,0.00009,0.000045,0.856695,0.08671
AGAATTGTTTGACATA-1,0.529882,0.010277,0.128211,0.143823,0.187808
AGACAGCTCAGAATCC-1,0.119919,0.222472,0.22053,0.207049,0.23003
AGACAGGCATCTCAGC-1,0.044296,0.48798,0.030441,0.076532,0.360751
AGACATAGATCCTTCC-1,0.274817,0.249537,0.128207,0.177739,0.1697
AGACCAAACCACACCT-1,0.021093,0.767959,0.104535,0.010767,0.095645
AGACCATGGGATACAA-1,0.040616,0.423036,0.357022,0.049107,0.130219
AGACCCACCGCTGATC-1,0.004057,0.288085,0.14391,0.190879,0.37307
AGACCCGCCCTCCTCG-1,0.100081,0.169531,0.080666,0.338927,0.310795
AGACCGCTCCGCGGTT-1,0.196677,0.296939,0.061355,0.224297,0.220731
AGACCGGGAAACCCTG-1,0.061881,0.488903,0.082916,0.107534,0.258766
AGACGAAGTGCCGGTC-1,0.031272,0.168698,0.024792,0.477066,0.298172
AGACGACGATGCCGCT-1,0.000062,0.06203,0.145068,0.310136,0.482704
AGACGCCCACTTCGCC-1,0.162439,0.05644,0.012309,0.47346,0.295353
AGACGGGATTGGTATA-1,0.000041,0.005518,0.018568,0.802284,0.173589
AGACGGGCCGATTTAA-1,0.153566,0.761948,0.016528,0.007388,0.06057
AGACTAGCCTTCCAGA-1,0.097234,0.434487,0.043637,0.168913,0.255729
AGACTGTTACCGGGTC-1,0.015078,0.402754,0.256593,0.062009,0.263567
AGAGAAACACCAGAAA-1,0.240687,0.122939,0.131544,0.319603,0.185227
AGAGAACCGTCTAGGA-1,0.006023,0.17851,0.044565,0.37959,0.391311
AGAGAAGGAGTACAAT-1,0.124245,0.000744,0.152175,0.349815,0.373021
AGAGATCTCTAAAGCG-1,0.000827,0.058977,0.120574,0.452211,0.367412
AGAGCAGTTATGAGAC-1,0.17262,0.602989,0.17361,0.010334,0.040448
AGAGCCGCCGAGATTT-1,0.079376,0.076197,0.070217,0.297239,0.476971
AGAGCGCTTGTAACGG-1,0.13184,0.049585,0.305267,0.331876,0.181431
AGAGCGGGCTAATCAT-1,0.116984,0.667685,0.085366,0.031635,0.09833
AGAGCGTACAAGCTCG-1,0.106071,0.555042,0.245676,0.023852,0.069358
AGAGCTACGAAAGCAT-1,0.11251,0.013139,0.105208,0.586565,0.182578
AGAGGCTTCGGAAACC-1,0.072323,0.086629,0.26175,0.282171,0.297128
AGAGGGACAATTGTCC-1,0.782168,0.00254,0.00127,0.00127,0.212751
AGAGGTATCTCGGTCC-1,0.158197,0.117846,0.041423,0.455684,0.22685
AGAGTAAACTTCACTA-1,0.086467,0.120906,0.11462,0.230554,0.447453
AGAGTATAGTGTTACG-1,0.286125,0.435668,0.001962,0.023891,0.252353
AGAGTTAGAGACCGAT-1,0.424552,0.001307,0.037003,0.362195,0.174944
AGAGTTGCAGGCCTCC-1,0.10623,0.150014,0.054612,0.464675,0.22447
AGATAACTTCAGGGCC-1,0.08945,0.115945,0.203383,0.272782,0.31844
AGATACCAATAGAACC-1,0.029722,0.443117,0.114998,0.113097,0.299065
AGATACCAGCACTTCA-1,0.638895,0.235224,0.007647,0.006308,0.111926
AGATACCGGTGTTCAC-1,0.000092,0.470555,0.177909,0.055965,0.295478
AGATACGACTTCATAT-1,0.062704,0.217052,0.233005,0.151737,0.335502
AGATACTCAAGATCGA-1,0.033339,0.031841,0.042641,0.410483,0.481696
AGATATAATACGACTA-1,0.00006,0.710443,0.135619,0.028798,0.12508
AGATCGTGCATAAGAT-1,0.07167,0.164959,0.032814,0.245193,0.485365
AGATCTCAGGTGTGAT-1,0.153277,0.329932,0.121625,0.229925,0.165241
AGATGACTCGCCCACG-1,0.087977,0.561795,0.091987,0.063538,0.194703
AGATGAGGGTTGCGAT-1,0.010291,0.093971,0.050929,0.483547,0.361262
AGATGATGGAGTCTGG-1,0.021867,0.328746,0.053892,0.178814,0.416681
AGATGCAAGACGTGCA-1,0.11352,0.696411,0.129478,0.008418,0.052172
AGATGCATCCTGTGTC-1,0.019192,0.332486,0.247363,0.079913,0.321046
AGATGCTATAACGAGC-1,0.067508,0.116448,0.521609,0.148568,0.145866
AGATTATAGGACGTTT-1,0.078291,0.042991,0.054808,0.459772,0.364138
AGATTCAAGCGGGTCG-1,0.00004,0.085656,0.039539,0.519602,0.355164
AGATTCACAACCGATA-1,0.000037,0.025934,0.316003,0.303673,0.354353
AGCAAAGGCCGCTAGT-1,0.091742,0.184868,0.207016,0.16348,0.352894
AGCAACATATCTTATT-1,0.000439,0.791795,0.037046,0.012044,0.158676
AGCAACCGAAAGTAAT-1,0.46141,0.116128,0.098831,0.125968,0.197663
AGCACACGTTTAGACT-1,0.530967,0.041751,0.087464,0.212305,0.127514
AGCACCAGTACTCACG-1,0.062571,0.490923,0.135326,0.127101,0.184079
AGCACTACCGGCCTGT-1,0.041435,0.095897,0.118931,0.271477,0.47226
AGCACTACCTCACCAG-1,0.000368,0.676653,0.103928,0.039643,0.179408
AGCACTTAAGGACGCC-1,0.42932,0.035012,0.117471,0.208319,0.209879
AGCAGAAGGAGAAAGA-1,0.006824,0.365486,0.126734,0.243174,0.257782
AGCAGCCAGATGAATA-1,0.00003,0.401795,0.087927,0.141219,0.369029
AGCATATCAATATGCT-1,0.000028,0.227785,0.15116,0.178004,0.443023
AGCATCATTTCGAAAG-1,0.000049,0.004528,0.256277,0.637982,0.101164
AGCATCGTCGATAATT-1,0.012247,0.417825,0.210643,0.110298,0.248988
AGCATTACGAGGCAAG-1,0.002792,0.743886,0.099308,0.009447,0.144567
AGCCAAGCTTTGTGTC-1,0.053723,0.101263,0.123182,0.288635,0.433196
AGCCACAGGTTACCCG-1,0.097256,0.868195,0.013061,0.000018,0.021471
AGCCACTCCCGTGCTT-1,0.016843,0.243279,0.085369,0.300824,0.353685
AGCCATATAGTATGTG-1,0.024422,0.256319,0.331373,0.160413,0.227473
AGCCCATACATGTAAG-1,0.338582,0.650304,0.010998,0.000039,0.000078
AGCCCGCAACAAGCAG-1,0.089443,0.414964,0.195144,0.161542,0.138907
AGCCCGCACTACAATG-1,0.000032,0.237789,0.077185,0.317748,0.367246
AGCCCGGCATTAGAGG-1,0.003915,0.376742,0.343302,0.064556,0.211486
AGCCCGGTAGCCTGTA-1,0.033678,0.34398,0.154581,0.142776,0.324986
AGCCCTAAGCGAAGTT-1,0.099628,0.321081,0.119432,0.216495,0.243364
AGCCCTCCCTGGTGGC-1,0.14878,0.195803,0.208975,0.259325,0.187117
